BS26 2XP,51.3095160000,-2.9000390000
BS26 2XU,51.3155120000,-2.9044820000
BS24 9XD,51.3230590000,-2.9528360000
BS24 9XE,51.3238520000,-2.9537130000
BS24 9XF,51.3232210000,-2.9522440000
BS24 9XG,51.3231090000,-2.9511430000
BS24 9XH,51.3227280000,-2.9497660000
BS24 9XJ,51.3239570000,-2.9501210000
BS24 9XL,51.3243850000,-2.9479410000
BS24 9XN,51.3246710000,-2.9481330000
BS24 9XQ,51.3232050000,-2.9505090000
BS24 9XW,51.3234360000,-2.9489620000
BS24 8RJ,51.3351360000,-2.9274710000
BS24 8RL,51.3364350000,-2.9279840000
BS24 8RQ,51.3357770000,-2.9282440000
BS24 8RX,51.3397320000,-2.9460840000
BS24 8RY,51.3401360000,-2.9453450000
BS24 8RZ,51.3405230000,-2.9449280000
BS24 9AA,51.3321440000,-2.9557940000
BS24 9AD,51.3304580000,-2.9485390000
BS24 9AN,51.3325070000,-2.9557810000
BS24 9AT,51.3253320000,-2.9557320000
BS24 9AU,51.3261840000,-2.9555410000
BS24 9AX,51.3279610000,-2.9570280000
BS24 9AY,51.3267680000,-2.9578780000
BS24 9BA,51.3289520000,-2.9590580000
BS24 9BG,51.3262900000,-2.9529970000
BS24 9BH,51.3263730000,-2.9603610000
BS24 9BL,51.3257740000,-2.9577800000
BS24 9BN,51.3246040000,-2.9552640000
BS24 9BP,51.3252820000,-2.9526230000
BS24 9BQ,51.3284200000,-2.9519790000
BS24 9BS,51.3245940000,-2.9569370000
BS24 9BT,51.3240140000,-2.9569600000
BS24 9BU,51.3247640000,-2.9581600000
BS24 9BW,51.3247060000,-2.9559840000
BS24 9BX,51.3236960000,-2.9589700000
BS24 9BY,51.3247320000,-2.9594000000
BS24 9BZ,51.3246540000,-2.9589680000
BS24 9DA,51.3231890000,-2.9567560000
BS24 9DB,51.3238050000,-2.9550320000
BS24 9DD,51.3234520000,-2.9553550000
BS24 9DE,51.3236170000,-2.9576480000
BS24 9DF,51.3227980000,-2.9583270000
BS24 9DG,51.3220960000,-2.9578610000
BS24 9DH,51.3220300000,-2.9592940000
BS24 9DJ,51.3253750000,-2.9522520000
BS24 9DP,51.3221820000,-2.9605460000
BS24 9DQ,51.3231100000,-2.9598540000
BS24 9DR,51.3234180000,-2.9610600000
BS24 9DS,51.3223300000,-2.9617610000
BS24 9DT,51.3233370000,-2.9621630000
BS24 9DU,51.3221020000,-2.9621440000
BS24 9DX,51.3224790000,-2.9633000000
BS24 9DY,51.3223360000,-2.9642870000
BS24 9DZ,51.3230880000,-2.9635570000
BS24 9EA,51.3235110000,-2.9634790000
BS24 9EB,51.3244460000,-2.9613170000
BS24 9ED,51.3241500000,-2.9628120000
BS24 9EE,51.3249000000,-2.9623970000
BS24 9EF,51.3255230000,-2.9620940000
BS24 9EG,51.3253980000,-2.9614520000
BS24 9EH,51.3249240000,-2.9601360000
BS24 9EJ,51.3242540000,-2.9606960000
BS24 9EQ,51.3252140000,-2.9608600000
BS24 9ES,51.3269930000,-2.9523140000
BS24 9ET,51.3220010000,-2.9628380000
BS24 9EU,51.3214030000,-2.9611900000
BS24 9EX,51.3211270000,-2.9641260000
BS24 9EY,51.3211400000,-2.9615000000
BS24 9EZ,51.3211620000,-2.9626550000
BS24 9HA,51.3217840000,-2.9564190000
BS24 9HB,51.3216150000,-2.9546000000
BS24 9HD,51.3230280000,-2.9544570000
BS24 9HE,51.3218400000,-2.9534130000
BS24 9JA,51.3178960000,-2.9666560000
BS24 9JB,51.3172350000,-2.9672730000
BS24 9JD,51.3171330000,-2.9660430000
BS24 9JE,51.3166710000,-2.9636450000
BS24 9JF,51.3163360000,-2.9650160000
BS24 9JG,51.3153950000,-2.9620040000
BS24 9JH,51.3147530000,-2.9601970000
BS24 9JL,51.3154290000,-2.9600670000
BS24 9JN,51.3160250000,-2.9618730000
BS24 9JP,51.3161210000,-2.9589480000
BS24 9JQ,51.3156310000,-2.9643270000
BS24 9JR,51.3160730000,-2.9553820000
BS24 9JS,51.3160600000,-2.9537320000
BS24 9JT,51.3155810000,-2.9546470000
BS24 9JU,51.3169620000,-2.9544390000
BS24 9JW,51.3163450000,-2.9601290000
BS24 9JX,51.3147180000,-2.9529150000
BS24 9LE,51.3184440000,-2.9666810000
BS24 9LF,51.3179270000,-2.9656580000
BS24 9LG,51.3197020000,-2.9646850000
BS24 9LH,51.3203730000,-2.9650570000
BS24 9LJ,51.3192260000,-2.9646030000
BS24 9LL,51.3197220000,-2.9622600000
BS24 9LN,51.3183060000,-2.9635650000
BS24 9LP,51.3192520000,-2.9631030000
BS24 9LQ,51.3192790000,-2.9657810000
BS24 9LR,51.3198000000,-2.9636390000
BS24 9LU,51.3171040000,-2.9619250000
BS24 9LW,51.3186180000,-2.9641310000
BS24 9LX,51.3174120000,-2.9637960000
BS24 9LY,51.3175520000,-2.9625440000
BS24 9LZ,51.3172110000,-2.9603420000
BS24 9NA,51.3178400000,-2.9614310000
BS24 9NB,51.3179800000,-2.9607880000
BS24 9ND,51.3176980000,-2.9585360000
BS24 9NF,51.3187770000,-2.9601020000
BS24 9NG,51.3188420000,-2.9609930000
BS24 9NH,51.3200550000,-2.9599850000
BS24 9NJ,51.3201790000,-2.9580070000
BS24 9NL,51.3216920000,-2.9583180000
BS24 9NN,51.3206160000,-2.9584760000
BS24 9NP,51.3213470000,-2.9581180000
BS24 9NQ,51.3198420000,-2.9607270000
BS24 9NR,51.3213610000,-2.9564530000
BS24 9NS,51.3205160000,-2.9548060000
BS24 9NT,51.3207180000,-2.9559090000
BS24 9NU,51.3200760000,-2.9569500000
BS24 9NW,51.3212960000,-2.9588490000
BS24 9NX,51.3204130000,-2.9568790000
BS24 9NY,51.3212110000,-2.9605110000
BS24 9NZ,51.3206930000,-2.9595170000
BS24 9PA,51.3208120000,-2.9539040000
BS24 9PB,51.3208320000,-2.9524880000
BS24 9PD,51.3216510000,-2.9528290000
BS24 9PE,51.3219130000,-2.9522670000
BS24 9QA,51.3231700000,-2.9456430000
BS24 9QB,51.3239260000,-2.9378280000
BS24 9QD,51.3245540000,-2.9373890000
BS24 9QE,51.3253470000,-2.9361140000
BS24 9QF,51.3250060000,-2.9366440000
BS24 9QG,51.3241380000,-2.9355010000
BS24 9QH,51.3239380000,-2.9334590000
BS24 9QJ,51.3251300000,-2.9335040000
BS24 9QL,51.3265640000,-2.9346030000
BS24 9QN,51.3269870000,-2.9340150000
BS24 9QP,51.3257180000,-2.9346290000
BS24 9QQ,51.3245480000,-2.9347480000
BS24 9QR,51.3257430000,-2.9356110000
BS24 9QS,51.3251950000,-2.9354570000
BS24 9QT,51.3253170000,-2.9342760000
BS24 9QU,51.3263850000,-2.9351080000
BS24 9QW,51.3269950000,-2.9353210000
BS24 9QX,51.3247480000,-2.9357140000
BS24 9RE,51.3260850000,-2.9332360000
BS24 9RF,51.3261650000,-2.9316380000
BS24 9RG,51.3265180000,-2.9319240000
BS24 9RH,51.3254590000,-2.9322410000
BS24 9RJ,51.3254140000,-2.9310060000
BS24 7AR,51.3531230000,-2.9176000000
BS24 7AS,51.3510170000,-2.9201430000
BS24 7AX,51.3523000000,-2.9197470000
BS24 7AY,51.3528960000,-2.9136120000
BS24 7AZ,51.3529430000,-2.9187600000
BS24 7BA,51.3545020000,-2.9071110000
BS24 7BB,51.3544460000,-2.9132690000
BS24 7BD,51.3511800000,-2.9168240000
BS24 7BE,51.3369440000,-2.9194250000
BS24 7BG,51.3516290000,-2.9169190000
BS24 7BH,51.3396830000,-2.9217690000
BS24 7BJ,51.3503920000,-2.9153430000
BS24 7BL,51.3509280000,-2.9177280000
BS24 7BN,51.3514830000,-2.9217550000
BS24 7BP,51.3491450000,-2.9206740000
BS24 7BQ,51.3498010000,-2.9207590000
BS24 7BS,51.3485690000,-2.9219120000
BS24 7BT,51.3494090000,-2.9203210000
BS24 7BU,51.3485080000,-2.9228440000
BS24 7BW,51.3525470000,-2.9165690000
BS24 7BX,51.3503380000,-2.9199660000
BS24 7BY,51.3493970000,-2.9217420000
BS24 7BZ,51.3507340000,-2.9222000000
BS24 7DA,51.3403470000,-2.9127370000
BS24 7DB,51.3497280000,-2.9276500000
BS24 7DD,51.3508040000,-2.9211960000
BS24 7DE,51.3408320000,-2.9120090000
BS24 7DF,51.3409390000,-2.9129210000
BS24 7DG,51.3422900000,-2.9127470000
BS24 7DH,51.3433430000,-2.9106080000
BS24 7DJ,51.3555550000,-2.9082080000
BS24 7DL,51.3424270000,-2.9093560000
BS24 7DN,51.3426270000,-2.9098820000
BS24 7DP,51.3409010000,-2.9113210000
BS24 7DQ,51.3421200000,-2.9105700000
BS24 7DR,51.3416020000,-2.9110250000
BS24 7DS,51.3488800000,-2.9276670000
BS24 7DT,51.3513450000,-2.9210340000
BS24 7DW,51.3433770000,-2.9096470000
BS24 7DX,51.3525900000,-2.9147550000
BS24 7DY,51.3499520000,-2.9229160000
BS24 7DZ,51.3484660000,-2.9281420000
BS24 7EA,51.3497000000,-2.9244760000
BS24 7EB,51.3482240000,-2.9211440000
BS24 7ED,51.3508440000,-2.9230780000
BS24 7EE,51.3502670000,-2.9175090000
BS24 7EF,51.3494990000,-2.9168480000
BS24 7EG,51.3493870000,-2.9253890000
BS24 7EH,51.3551750000,-2.9092680000
BS24 7EJ,51.3488930000,-2.9264420000
BS24 9RQ,51.3265710000,-2.9315030000
BS24 9RR,51.3266930000,-2.9326460000
BS24 9RS,51.3271210000,-2.9330850000
BS24 9RT,51.3271600000,-2.9326120000
BS24 9RW,51.3276380000,-2.9317830000
BS24 9RX,51.3235970000,-2.9340320000
BS24 9RY,51.3235870000,-2.9330700000
BS24 9RZ,51.3232030000,-2.9343770000
BS24 9SD,51.3271510000,-2.9274670000
BS24 9SE,51.3271340000,-2.9296490000
BS24 9SF,51.3274840000,-2.9308040000
BS24 9SG,51.3234280000,-2.9354580000
BS24 9SH,51.3205410000,-2.9355280000
BS24 9SJ,51.3277880000,-2.9272570000
BS24 9SL,51.3228850000,-2.9331140000
BS24 9SN,51.3236830000,-2.9300590000
BS24 9SP,51.3245290000,-2.9316050000
BS24 9SQ,51.3275620000,-2.9289400000
BS24 9SR,51.3245770000,-2.9300270000
BS24 9SS,51.3249930000,-2.9297920000
BS24 9ST,51.3253300000,-2.9292250000
BS24 9SW,51.3251090000,-2.9309850000
BS24 9SX,51.3247210000,-2.9289400000
BS24 9SY,51.3251170000,-2.9265360000
BS24 9SZ,51.3256350000,-2.9281970000
BS24 9TB,51.3258690000,-2.9270110000
BS24 9TE,51.3257900000,-2.9256460000
BS24 9TF,51.3263170000,-2.9272070000
BS24 9TG,51.3261760000,-2.9252580000
BS24 9TH,51.3265190000,-2.9295990000
BS24 9TJ,51.3261050000,-2.9289680000
BS24 9TL,51.3268430000,-2.9295630000
BS24 9TQ,51.3268670000,-2.9247200000
BS24 9TU,51.3253770000,-2.9243460000
BS24 9TX,51.3262430000,-2.9236230000
BS24 9TZ,51.3270030000,-2.9218880000
BS24 9UB,51.3278110000,-2.9167310000
BS24 9UP,51.3225540000,-2.9140140000
BS24 9US,51.3195790000,-2.9150450000
BS24 9UT,51.3198590000,-2.9166650000
BS24 9UU,51.3242780000,-2.9200470000
BS24 9UW,51.3254490000,-2.9198700000
BS24 9XA,51.3224140000,-2.9511350000
BS24 9XB,51.3227420000,-2.9531020000
BS24 7EL,51.3488980000,-2.9189460000
BS24 7EN,51.3484780000,-2.9196850000
BS24 7EP,51.3564220000,-2.9085460000
BS24 7EQ,51.3498440000,-2.9176010000
BS24 7ER,51.3481750000,-2.9205260000
BS24 7ES,51.3474320000,-2.9224490000
BS24 7ET,51.3477410000,-2.9219390000
BS24 7EU,51.3535600000,-2.9137690000
BS24 7EW,51.3490640000,-2.9287140000
BS24 7EX,51.3483460000,-2.9239750000
BS24 7EY,51.3481070000,-2.9245590000
BS24 7EZ,51.3477370000,-2.9255340000
BS24 7FB,51.3472770000,-2.9306450000
BS24 7FD,51.3491310000,-2.9236610000
BS24 7FE,51.3463770000,-2.9318040000
BS24 7FG,51.3516060000,-2.9025150000
BS24 7FH,51.3514710000,-2.9002870000
BS24 7FJ,51.3527780000,-2.9032990000
BS24 7FL,51.3523030000,-2.9019830000
BS24 7FN,51.3539370000,-2.9127860000
BS24 7FR,51.3529220000,-2.9056720000
BS24 7FY,51.3563640000,-2.9116280000
BS24 7GZ,51.3463190000,-2.9256000000
BS24 7HA,51.3471780000,-2.9246610000
BS24 7HB,51.3473250000,-2.9233660000
BS24 7HD,51.3452590000,-2.9299290000
BS24 7HE,51.3462410000,-2.9285990000
BS24 7HF,51.3461670000,-2.9300340000
BS24 7HG,51.3469240000,-2.9275220000
BS24 7HH,51.3468400000,-2.9301190000
BS24 7HJ,51.3460220000,-2.9275530000
BS24 7HL,51.3474090000,-2.9264260000
BS24 7HP,51.3536010000,-2.9162880000
BS24 7HQ,51.3474670000,-2.9281930000
BS24 7HR,51.3456500000,-2.9294630000
BS24 7HS,51.3468590000,-2.9262910000
BS24 7HT,51.3461780000,-2.9271540000
BS24 7HU,51.3467480000,-2.9244660000
BS24 7HW,51.3478730000,-2.9279460000
BS24 7HX,51.3452690000,-2.9309780000
BS24 7HY,51.3485180000,-2.9260460000
BS24 7HZ,51.3485810000,-2.9249130000
BS24 7JB,51.3468970000,-2.9331360000
BS24 7JD,51.3464310000,-2.9329250000
BS24 7JE,51.3457510000,-2.9333770000
BS24 7JF,51.3493380000,-2.9229040000
BS24 7JG,51.3474890000,-2.9310660000
BS24 7JH,51.3480140000,-2.9306600000
BS24 7JJ,51.3481250000,-2.9309630000
BS24 7JL,51.3550930000,-2.9121200000
BS24 7JN,51.3549010000,-2.9125180000
BS24 7JR,51.3460940000,-2.9346560000
BS24 7JW,51.3541620000,-2.9150010000
BS24 7JX,51.3543360000,-2.9134980000
BS24 7JY,51.3544560000,-2.9130260000
BS24 7LA,51.3457330000,-2.9321990000
BS24 7LB,51.3452120000,-2.9335610000
BS24 7LH,51.3495180000,-2.9223620000
BS24 7LL,51.3508240000,-2.9195210000
BS24 7NA,51.3470630000,-2.9152680000
BS24 7RP,51.3547010000,-2.9112550000
BS24 7RQ,51.3538720000,-2.9106880000
BS24 7SB,51.3524070000,-2.9183320000
BS24 7SS,51.3518160000,-2.9183010000
BS24 7TD,51.3544870000,-2.9078850000
BS24 7TE,51.3537870000,-2.9077420000
BS24 7TF,51.3538050000,-2.9062830000
BS24 7TH,51.3511550000,-2.9035450000
BS24 7TJ,51.3549870000,-2.9065730000
BS24 7TL,51.3533510000,-2.9020800000
BS24 7WA,51.3438810000,-2.9570230000
BS24 7WE,51.3527800000,-2.9169130000
BS24 8AA,51.3342590000,-2.9208130000
BS24 8AB,51.3340620000,-2.9196470000
BS24 8AD,51.3329520000,-2.9200840000
BS24 8AE,51.3325780000,-2.9211030000
BS24 8AF,51.3330770000,-2.9194340000
BS24 8AG,51.3335380000,-2.9187170000
BS24 8AH,51.3339920000,-2.9173850000
BS24 8AJ,51.3339670000,-2.9156400000
BS24 8AP,51.3336770000,-2.9159780000
BS24 8AQ,51.3342610000,-2.9183730000
BS24 8AR,51.3332240000,-2.9151940000
BS24 8BA,51.3343060000,-2.9128980000
BS24 8BB,51.3344140000,-2.9114280000
BS24 8BD,51.3349920000,-2.9122870000
BS24 8BE,51.3332910000,-2.9123960000
BS24 8BG,51.3336590000,-2.9117080000
BS24 8BH,51.3338990000,-2.9106000000
BS24 8BJ,51.3351880000,-2.9128150000
BS24 8BP,51.3333070000,-2.9103010000
BS24 8BQ,51.3330850000,-2.9111000000
BS24 8BS,51.3325280000,-2.9122090000
BS24 8BT,51.3324930000,-2.9097820000
BS23 9SE,51.3455370000,-2.9775030000
BS23 9SF,51.3455370000,-2.9775030000
BS23 9SG,51.3455370000,-2.9775030000
BS23 9SH,51.3455370000,-2.9775030000
BS23 9SJ,51.3455370000,-2.9775030000
BS23 9SL,51.3455370000,-2.9775030000
BS23 9SN,51.3455370000,-2.9775030000
BS23 9SP,51.3455370000,-2.9775030000
BS23 9SQ,51.3455370000,-2.9775030000
BS23 9SR,51.3455370000,-2.9775030000
BS23 9SS,51.3455370000,-2.9775030000
BS23 9ST,51.3455370000,-2.9775030000
BS23 9SU,51.3455370000,-2.9775030000
BS23 9SW,51.3455370000,-2.9775030000
BS23 9SX,51.3455370000,-2.9775030000
BS23 9SY,51.3455370000,-2.9775030000
BS23 9SZ,51.3455370000,-2.9775030000
BS23 9TA,51.3455370000,-2.9775030000
BS23 9TB,51.3455370000,-2.9775030000
BS23 9TD,51.3455370000,-2.9775030000
BS23 9TE,51.3455370000,-2.9775030000
BS23 9TF,51.3455370000,-2.9775030000
BS23 9TG,51.3455370000,-2.9775030000
BS23 9TH,51.3455370000,-2.9775030000
BS23 9TJ,51.3455370000,-2.9775030000
BS23 9TL,51.3455370000,-2.9775030000
BS23 9TN,51.3455370000,-2.9775030000
BS23 9TP,51.3455370000,-2.9775030000
BS23 9TQ,51.3455370000,-2.9775030000
BS23 9TR,51.3455370000,-2.9775030000
BS23 9TS,51.3455370000,-2.9775030000
BS23 9TT,51.3455370000,-2.9775030000
BS23 9TU,51.3455370000,-2.9775030000
BS23 9TW,51.3455370000,-2.9775030000
BS23 9TX,51.3455370000,-2.9775030000
BS24 0AA,51.3143020000,-2.9498350000
BS24 0AB,51.3145490000,-2.9482050000
BS24 0AD,51.3146030000,-2.9358810000
BS24 0AG,51.3164440000,-2.9677800000
BS24 0AL,51.3108080000,-2.9614420000
BS24 0AN,51.3088290000,-2.9605890000
BS24 0AS,51.3063670000,-2.9476560000
BS24 0AU,51.3052780000,-2.9482580000
BS24 0AW,51.3084430000,-2.9598930000
BS24 0AX,51.3045600000,-2.9491320000
BS24 0BA,51.3039530000,-2.9475560000
BS24 0BD,51.3040430000,-2.9403640000
BS24 0BE,51.3033360000,-2.9460370000
BS24 0BG,51.3034600000,-2.9484070000
BS24 0BQ,51.3029870000,-2.9480240000
BS24 8BY,51.3317730000,-2.9138970000
BS24 8BZ,51.3315290000,-2.9150110000
BS24 8DA,51.3325820000,-2.9145070000
BS24 8DB,51.3330500000,-2.9133390000
BS24 8DD,51.3347610000,-2.9134100000
BS24 8DE,51.3325650000,-2.9159180000
BS24 8DG,51.3348750000,-2.9149480000
BS24 8DN,51.3347040000,-2.9156540000
BS24 8DP,51.3343570000,-2.9174990000
BS24 8DQ,51.3356600000,-2.9145900000
BS24 8DR,51.3349660000,-2.9171170000
BS24 8DS,51.3356540000,-2.9164710000
BS24 8DU,51.3355050000,-2.9190440000
BS24 8DW,51.3342350000,-2.9162990000
BS24 8DX,51.3353400000,-2.9198240000
BS24 8DY,51.3353610000,-2.9205420000
BS24 8DZ,51.3356850000,-2.9213440000
BS24 8EA,51.3363670000,-2.9206770000
BS24 8EB,51.3361160000,-2.9202190000
BS24 8ED,51.3360920000,-2.9191210000
BS24 8EH,51.3348190000,-2.9194180000
BS24 8EJ,51.3348000000,-2.9218430000
BS24 8EL,51.3367880000,-2.9229170000
BS24 8EN,51.3345730000,-2.9224490000
BS24 8PB,51.3281380000,-2.9078730000
BS24 8PD,51.3281910000,-2.9013660000
BS24 8PE,51.3279960000,-2.9009900000
BS24 8PH,51.3276280000,-2.9008670000
BS24 8PJ,51.3372750000,-2.9157480000
BS24 8PL,51.3283910000,-2.9034950000
BS24 8PN,51.3286400000,-2.9015040000
BS24 8PP,51.3395040000,-2.9300140000
BS24 8RA,51.3382140000,-2.9314950000
BS24 8RG,51.3359840000,-2.9294110000
BS24 8RH,51.3343570000,-2.9293640000
BS24 0NA,51.3116500000,-2.9485900000
BS24 0NB,51.3100490000,-2.9475810000
BS24 0NF,51.3088240000,-2.9477860000
BS24 0NG,51.3079710000,-2.9455300000
BS24 0NJ,51.3077050000,-2.9411700000
BS24 0NN,51.3072090000,-2.9413320000
BS24 0NP,51.3075320000,-2.9426150000
BS24 0NQ,51.3080930000,-2.9432150000
BS24 0NW,51.3071580000,-2.9425870000
BS24 0NX,51.3064270000,-2.9350690000
BS24 0NY,51.3026560000,-2.9271380000
BS24 0NZ,51.3029220000,-2.9137880000
BS24 0PA,51.3070050000,-2.9443840000
BS24 0PB,51.3064460000,-2.9439350000
BS24 0PD,51.3071200000,-2.9439770000
BS24 0PE,51.3077420000,-2.9481510000
BS24 0PF,51.3072350000,-2.9453280000
BS24 0PG,51.3076990000,-2.9474390000
BS24 0PH,51.3067680000,-2.9463230000
BS24 0PJ,51.3074890000,-2.9483610000
BS24 0PL,51.3081830000,-2.9481450000
BS24 0PN,51.3075040000,-2.9493720000
BS24 0PQ,51.3064940000,-2.9475150000
BS24 0PR,51.3078770000,-2.9515820000
BS24 0PS,51.3075320000,-2.9504270000
BS24 0PT,51.3078430000,-2.9507420000
BS24 0PU,51.3083940000,-2.9521090000
BS24 0PW,51.3079980000,-2.9499350000
BS24 0PX,51.3085710000,-2.9530240000
BS24 0PY,51.3088530000,-2.9542710000
BS24 0PZ,51.3085050000,-2.9578000000
BS24 0QD,51.3089910000,-2.9533770000
BS24 0QE,51.3098510000,-2.9560060000
BS24 0QF,51.3092760000,-2.9525930000
BS24 0QG,51.3097940000,-2.9541110000
BS24 0WY,51.3438810000,-2.9570230000
BS23 4LL,51.3311350000,-2.9680310000
BS23 4LN,51.3313770000,-2.9692850000
BS23 4LP,51.3300420000,-2.9719410000
BS23 4LQ,51.3351960000,-2.9706290000
BS23 4LR,51.3301840000,-2.9699350000
BS23 4LS,51.3311250000,-2.9703850000
BS23 4LT,51.3308870000,-2.9719010000
BS23 4LU,51.3317660000,-2.9711740000
BS23 4LW,51.3301470000,-2.9690580000
BS23 4LX,51.3328810000,-2.9711540000
BS23 4LY,51.3294720000,-2.9706160000
BS23 4NB,51.3323420000,-2.9811840000
BS23 4ND,51.3336770000,-2.9817440000
BS23 4NE,51.3330860000,-2.9814590000
BS23 4NG,51.3312320000,-2.9806410000
BS23 4NH,51.3339030000,-2.9838300000
BS23 4NJ,51.3340640000,-2.9827860000
BS23 4NN,51.3299500000,-2.9790950000
BS23 4NP,51.3286440000,-2.9761570000
BS23 4NQ,51.3332810000,-2.9839320000
BS23 4NS,51.3302440000,-2.9778590000
BS23 4NU,51.3314980000,-2.9731340000
BS23 4NW,51.3298020000,-2.9763360000
BS23 4NX,51.3312670000,-2.9738040000
BS23 4NY,51.3300260000,-2.9738210000
BS23 4NZ,51.3297530000,-2.9746840000
BS23 4PD,51.3277880000,-2.9752740000
BS23 4PE,51.3292170000,-2.9683640000
BS23 4PF,51.3285980000,-2.9703600000
BS23 4PH,51.3288060000,-2.9691020000
BS23 4PJ,51.3283390000,-2.9679870000
BS23 4PN,51.3275690000,-2.9676120000
BS23 4PP,51.3275270000,-2.9665710000
BS23 4PR,51.3287870000,-2.9671210000
BS23 4PS,51.3281010000,-2.9673500000
BS23 4PT,51.3293080000,-2.9675990000
BS23 4PW,51.3276610000,-2.9688990000
BS23 4QA,51.3274970000,-2.9701870000
BS23 4QB,51.3264640000,-2.9690460000
BS23 4QD,51.3281970000,-2.9704170000
BS23 4QG,51.3285910000,-2.9695500000
BS23 4QH,51.3285240000,-2.9699790000
BS23 4QN,51.3273990000,-2.9696170000
BS23 4QP,51.3257150000,-2.9682400000
BS23 4QQ,51.3275640000,-2.9692760000
BS23 4QR,51.3260950000,-2.9690810000
BS23 4QS,51.3262730000,-2.9682240000
BS23 4QU,51.3244230000,-2.9686880000
BS23 4QW,51.3266540000,-2.9684390000
BS23 4QX,51.3259610000,-2.9673910000
BS23 4QY,51.3264140000,-2.9663320000
BS23 4QZ,51.3260610000,-2.9655640000
BS23 4RB,51.3251150000,-2.9653360000
BS23 4RD,51.3249300000,-2.9664020000
BS23 4RE,51.3241940000,-2.9662430000
BS23 4RF,51.3236490000,-2.9657860000
BS23 4RG,51.3226340000,-2.9667120000
BS23 4RL,51.3254310000,-2.9684420000
BS23 4RN,51.3242210000,-2.9673630000
BS23 4RQ,51.3233320000,-2.9671570000
BS23 4RW,51.3230220000,-2.9677110000
BS23 4SD,51.3249760000,-2.9771380000
BS23 4SE,51.3243160000,-2.9774680000
BS23 4SF,51.3242740000,-2.9756650000
BS23 4SG,51.3235050000,-2.9766760000
BS23 4SH,51.3222160000,-2.9759170000
BS23 4SJ,51.3222870000,-2.9750430000
BS23 4SL,51.3224510000,-2.9764020000
BS24 7AE,51.3329100000,-2.9000440000
BS23 4SN,51.3231050000,-2.9761220000
BS23 4SQ,51.3229650000,-2.9777410000
BS23 4SS,51.3223030000,-2.9784010000
BS23 4ST,51.3221190000,-2.9768190000
BS23 4SU,51.3213800000,-2.9775840000
BS23 4SW,51.3234210000,-2.9748800000
BS23 4SX,51.3209490000,-2.9764850000
BS23 4TA,51.3200960000,-2.9752900000
BS23 4TD,51.3204640000,-2.9746600000
BS23 4TE,51.3203190000,-2.9726620000
BS23 4TG,51.3213290000,-2.9757960000
BS23 4TH,51.3206650000,-2.9775480000
BS23 4TJ,51.3194550000,-2.9755200000
BS23 4TL,51.3217200000,-2.9793500000
BS23 4TN,51.3211500000,-2.9803920000
BS23 4TQ,51.3223350000,-2.9713990000
BS23 4TT,51.3195030000,-2.9740720000
BS23 4TU,51.3197250000,-2.9733590000
BS23 4TW,51.3214560000,-2.9803840000
BS23 4TX,51.3187260000,-2.9739050000
BS23 4TY,51.3175470000,-2.9686860000
BS23 4TZ,51.3153110000,-2.9693710000
BS23 4UH,51.3252730000,-2.9803440000
BS23 4UJ,51.3246090000,-2.9800860000
BS23 4UL,51.3245010000,-2.9823230000
BS23 4UP,51.3243220000,-2.9811420000
BS23 4UR,51.3234680000,-2.9805850000
BS23 4UT,51.3238030000,-2.9825010000
BS23 4UU,51.3234480000,-2.9830390000
BS23 4UY,51.3239450000,-2.9799430000
BS23 4UZ,51.3240320000,-2.9802610000
BS23 4XE,51.3233400000,-2.9792410000
BS23 4XG,51.3226660000,-2.9813360000
BS23 4XH,51.3228650000,-2.9803800000
BS23 4XJ,51.3220540000,-2.9802610000
BS23 4XL,51.3221350000,-2.9813390000
BS23 4XN,51.3220280000,-2.9823270000
BS23 4XP,51.3215350000,-2.9831490000
BS23 4XQ,51.3225570000,-2.9793110000
BS23 4XR,51.3209330000,-2.9847930000
BS23 4XW,51.3218400000,-2.9828900000
BS23 4XX,51.3220240000,-2.9860300000
BS23 4XY,51.3231270000,-2.9880120000
BS23 4XZ,51.3232080000,-2.9870380000
BS23 4YA,51.3224890000,-2.9830980000
BS23 4YB,51.3227860000,-2.9868710000
BS23 4YD,51.3227080000,-2.9859440000
BS23 4YE,51.3234310000,-2.9854290000
BS23 4YF,51.3227190000,-2.9846380000
BS23 4YG,51.3235530000,-2.9844470000
BS23 4YH,51.3221520000,-2.9836220000
BS23 4YQ,51.3227510000,-2.9839790000
BS23 9AD,51.3438810000,-2.9570230000
BS23 9AJ,51.3438810000,-2.9570230000
BS23 9BE,51.3438810000,-2.9570230000
BS23 9BJ,51.3438810000,-2.9570230000
BS23 9ER,51.3438810000,-2.9570230000
BS23 9ES,51.3438810000,-2.9570230000
BS23 9EU,51.3438810000,-2.9570230000
BS23 9EX,51.3438810000,-2.9570230000
BS23 9FP,51.3438780000,-2.9570280000
BS23 3RB,51.3364680000,-2.9701240000
BS23 3RD,51.3364320000,-2.9684240000
BS23 3RE,51.3363180000,-2.9676090000
BS23 3RF,51.3358720000,-2.9683170000
BS23 3RG,51.3346540000,-2.9676600000
BS23 3RH,51.3349840000,-2.9673450000
BS23 3RJ,51.3350710000,-2.9683440000
BS23 3RL,51.3336800000,-2.9679560000
BS23 3RN,51.3351940000,-2.9691580000
BS23 3RQ,51.3344380000,-2.9676990000
BS23 3RR,51.3322510000,-2.9678970000
BS23 3RS,51.3309980000,-2.9671810000
BS23 3RT,51.3308120000,-2.9657280000
BS23 3RU,51.3333370000,-2.9671010000
BS23 3RW,51.3338450000,-2.9687340000
BS23 3RX,51.3321240000,-2.9670180000
BS23 3RY,51.3307760000,-2.9635450000
BS23 3RZ,51.3310940000,-2.9636460000
BS23 3SB,51.3342850000,-2.9616750000
BS23 3SE,51.3362030000,-2.9662430000
BS23 3SF,51.3348930000,-2.9659280000
BS23 3SG,51.3342710000,-2.9661740000
BS23 3SH,51.3313390000,-2.9644550000
BS23 3SJ,51.3312940000,-2.9651210000
BS23 3SN,51.3337470000,-2.9653300000
BS23 3SP,51.3351710000,-2.9670970000
BS23 3SQ,51.3330410000,-2.9652950000
BS23 3SR,51.3338890000,-2.9667110000
BS23 3SS,51.3327350000,-2.9649070000
BS23 3ST,51.3347090000,-2.9642590000
BS23 3SW,51.3341870000,-2.9643630000
BS23 3SX,51.3341050000,-2.9626900000
BS23 3SY,51.3347020000,-2.9611520000
BS23 3SZ,51.3341550000,-2.9609690000
BS23 3TA,51.3333640000,-2.9642250000
BS23 3TB,51.3332340000,-2.9647820000
BS23 3TD,51.3321190000,-2.9636960000
BS23 3TE,51.3330330000,-2.9630270000
BS23 3TF,51.3327450000,-2.9630060000
BS23 3TG,51.3336190000,-2.9616460000
BS23 3TH,51.3319790000,-2.9643540000
BS23 3TJ,51.3441540000,-2.9587940000
BS23 3TL,51.3323210000,-2.9631550000
BS23 3TN,51.3336130000,-2.9635550000
BS23 3TP,51.3435910000,-2.9567740000
BS23 3TQ,51.3326900000,-2.9620290000
BS23 3TR,51.3443860000,-2.9565460000
BS23 3TS,51.3443810000,-2.9575070000
BS23 3TT,51.3304970000,-2.9640360000
BS23 3TU,51.3303000000,-2.9629410000
BS23 3TW,51.3333870000,-2.9626030000
BS23 3TX,51.3307580000,-2.9618880000
BS23 3TY,51.3296800000,-2.9628410000
BS23 3TZ,51.3296160000,-2.9640740000
BS23 3UA,51.3294190000,-2.9617450000
BS23 3UB,51.3299890000,-2.9613120000
BS23 3UD,51.3304530000,-2.9606470000
BS23 3UE,51.3313420000,-2.9625520000
BS23 3UF,51.3309210000,-2.9623570000
BS23 3UG,51.3307420000,-2.9605240000
BS23 3UH,51.3336870000,-2.9566960000
BS23 3UJ,51.3324360000,-2.9579180000
BS23 3UL,51.3310520000,-2.9589520000
BS23 3UN,51.3299920000,-2.9598480000
BS23 3UP,51.3285660000,-2.9633840000
BS23 3UR,51.3286770000,-2.9645140000
BS23 3US,51.3343220000,-2.9559480000
BS23 3UU,51.3441090000,-2.9577310000
BS23 3UW,51.3290600000,-2.9617520000
BS23 3UX,51.3315420000,-2.9594790000
BS23 3UY,51.3317700000,-2.9612920000
BS23 3UZ,51.3413780000,-2.9581390000
BS23 3WG,51.3380200000,-2.9578770000
BS23 3WH,51.3374170000,-2.9590270000
BS23 3WL,51.3386870000,-2.9566270000
BS23 9HS,51.3438780000,-2.9570280000
BS23 9SA,51.3455370000,-2.9775030000
BS23 9SB,51.3455370000,-2.9775030000
BS23 9SD,51.3455370000,-2.9775030000
BS23 3WN,51.3369100000,-2.9580830000
BS23 3WP,51.3377760000,-2.9577410000
BS23 3XA,51.3312560000,-2.9603050000
BS23 3XB,51.3330070000,-2.9595810000
BS23 3XD,51.3334040000,-2.9582540000
BS23 3XE,51.3345590000,-2.9599580000
BS23 3XF,51.3336860000,-2.9579440000
BS23 3XG,51.3347520000,-2.9583690000
BS23 3XH,51.3342820000,-2.9575840000
BS23 3XL,51.3355770000,-2.9581770000
BS23 3XN,51.3364300000,-2.9572610000
BS23 3XP,51.3408200000,-2.9603100000
BS23 3XQ,51.3348900000,-2.9558020000
BS23 3XR,51.3369480000,-2.9610040000
BS23 3XS,51.3356300000,-2.9594120000
BS23 3XT,51.3350050000,-2.9593640000
BS23 3XU,51.3356150000,-2.9573100000
BS23 3XW,51.3362000000,-2.9590080000
BS23 3XX,51.3355180000,-2.9599120000
BS23 3XY,51.3353670000,-2.9611950000
BS23 3XZ,51.3360470000,-2.9611720000
BS23 3YB,51.3423010000,-2.9632930000
BS23 3YE,51.3412140000,-2.9616390000
BS23 3YF,51.3421350000,-2.9623190000
BS23 3YG,51.3401590000,-2.9613380000
BS23 3YH,51.3400260000,-2.9621570000
BS23 3YN,51.3412300000,-2.9546850000
BS23 3YS,51.3354510000,-2.9549440000
BS23 3YT,51.3358190000,-2.9560860000
BS23 3YU,51.3365830000,-2.9561590000
BS23 3YW,51.3373910000,-2.9556670000
BS23 3YX,51.3415560000,-2.9572240000
BS23 3YY,51.3393850000,-2.9620600000
BS23 3YZ,51.3393880000,-2.9616360000
BS23 4AB,51.3375780000,-2.9743910000
BS23 4AD,51.3374300000,-2.9723270000
BS23 4AE,51.3371560000,-2.9728810000
BS23 4AF,51.3371540000,-2.9741440000
BS23 4AG,51.3364220000,-2.9746020000
BS23 4AL,51.3381320000,-2.9813080000
BS23 4AN,51.3371140000,-2.9757220000
BS23 4AQ,51.3362230000,-2.9752090000
BS23 4AS,51.3376700000,-2.9773420000
BS23 4AT,51.3378710000,-2.9792060000
BS23 4AW,51.3375990000,-2.9762720000
BS23 4AY,51.3376680000,-2.9808820000
BS23 4AZ,51.3376640000,-2.9813550000
BS23 4BE,51.3373030000,-2.9814910000
BS23 4BG,51.3358530000,-2.9818480000
BS23 4BH,51.3351610000,-2.9764070000
BS23 4BJ,51.3353120000,-2.9788180000
BS23 4BL,51.3353710000,-2.9781200000
BS23 4BN,51.3351430000,-2.9806270000
BS23 4BP,51.3355560000,-2.9764010000
BS23 4BQ,51.3347990000,-2.9820550000
BS23 4BS,51.3360610000,-2.9763110000
BS23 4BT,51.3367820000,-2.9760820000
BS23 4BU,51.3350220000,-2.9811270000
BS23 4BW,51.3353960000,-2.9779250000
BS23 4BY,51.3380950000,-2.9804030000
BS23 4DA,51.3378640000,-2.9719910000
BS23 4DB,51.3362150000,-2.9713250000
BS23 4DD,51.3353670000,-2.9727570000
BS23 4DE,51.3362180000,-2.9721150000
BS23 4DF,51.3361790000,-2.9725160000
BS23 4DG,51.3361180000,-2.9733610000
BS23 4DH,51.3377790000,-2.9736690000
BS23 4DN,51.3353380000,-2.9745730000
BS23 4DP,51.3350610000,-2.9728370000
BS23 4DQ,51.3361770000,-2.9738220000
BS23 4DS,51.3350770000,-2.9778550000
BS23 4DT,51.3344810000,-2.9809490000
BS23 4DU,51.3346190000,-2.9794590000
BS23 4DW,51.3348530000,-2.9761630000
BS23 4EA,51.3348400000,-2.9712960000
BS23 4EB,51.3348040000,-2.9717480000
BS23 4ED,51.3342410000,-2.9708670000
BS23 4EE,51.3340000000,-2.9717660000
BS23 4EF,51.3337990000,-2.9725020000
BS23 4EG,51.3331780000,-2.9722370000
BS23 4EH,51.3342380000,-2.9716360000
BS23 4EJ,51.3334660000,-2.9710090000
BS23 4EL,51.3327580000,-2.9729460000
BS23 4EQ,51.3324280000,-2.9726370000
BS23 4HA,51.3325230000,-2.9810450000
BS23 4HB,51.3329020000,-2.9805280000
BS23 4HE,51.3323140000,-2.9802080000
BS23 4HF,51.3315760000,-2.9792440000
BS23 4HG,51.3331810000,-2.9776710000
BS23 4HJ,51.3331150000,-2.9791340000
BS23 4HL,51.3343280000,-2.9788070000
BS23 4HN,51.3334940000,-2.9806120000
BS23 4HP,51.3339400000,-2.9789140000
BS23 4HQ,51.3328190000,-2.9779790000
BS23 4HR,51.3336740000,-2.9789300000
BS23 4HS,51.3340800000,-2.9772510000
BS23 4HT,51.3338000000,-2.9774030000
BS23 4HU,51.3342980000,-2.9748440000
BS23 4HW,51.3337880000,-2.9803830000
BS23 2XD,51.3530730000,-2.9618870000
BS23 2XF,51.3539390000,-2.9593060000
BS23 2XG,51.3529990000,-2.9599610000
BS23 2XH,51.3539520000,-2.9613970000
BS23 2XL,51.3518630000,-2.9591620000
BS23 2XN,51.3528240000,-2.9582490000
BS23 2XP,51.3539970000,-2.9610740000
BS23 2XQ,51.3527530000,-2.9592530000
BS23 2XR,51.3535640000,-2.9600590000
BS23 2XS,51.3544780000,-2.9598140000
BS23 2XW,51.3526760000,-2.9576430000
BS23 2YA,51.3508260000,-2.9540000000
BS23 2YB,51.3506960000,-2.9534940000
BS23 2YD,51.3503550000,-2.9555410000
BS23 2YE,51.3524890000,-2.9562740000
BS23 2YF,51.3536740000,-2.9576200000
BS23 2YG,51.3516340000,-2.9546140000
BS23 2ZA,51.3508350000,-2.9544970000
BS23 3AA,51.3490320000,-2.9731470000
BS23 3AB,51.3487820000,-2.9733080000
BS23 3AD,51.3491870000,-2.9721960000
BS23 3AE,51.3489260000,-2.9722620000
BS23 3AF,51.3492010000,-2.9715930000
BS23 3AG,51.3492890000,-2.9703810000
BS23 3AH,51.3489830000,-2.9707700000
BS23 3AJ,51.3489670000,-2.9712350000
BS23 3AL,51.3494960000,-2.9707520000
BS23 3AN,51.3478940000,-2.9727350000
BS23 3AP,51.3495190000,-2.9719360000
BS23 3AQ,51.3491250000,-2.9695010000
BS23 3AR,51.3496230000,-2.9723550000
BS23 3AS,51.3477240000,-2.9714530000
BS23 3AT,51.3476580000,-2.9718680000
BS23 3AU,51.3466700000,-2.9706990000
BS23 3AW,51.3478270000,-2.9731500000
BS23 3AX,51.3474020000,-2.9706510000
BS23 3AY,51.3480910000,-2.9705710000
BS23 3AZ,51.3488020000,-2.9705000000
BS23 3BB,51.3487670000,-2.9697010000
BS23 3BD,51.3476240000,-2.9694550000
BS23 3BE,51.3471920000,-2.9695320000
BS23 3BG,51.3387430000,-2.9680050000
BS23 3BH,51.3466620000,-2.9694780000
BS23 3BJ,51.3439690000,-2.9638440000
BS23 3BN,51.3470130000,-2.9683220000
BS23 3BP,51.3482570000,-2.9689800000
BS23 3BS,51.3489970000,-2.9686510000
BS23 3BT,51.3451150000,-2.9633800000
BS23 3BU,51.3491020000,-2.9727540000
BS23 3BW,51.3472870000,-2.9678540000
BS23 3BX,51.3370300000,-2.9624070000
BS23 3BY,51.3465640000,-2.9725770000
BS23 3BZ,51.3464000000,-2.9710750000
BS23 3DE,51.3461080000,-2.9712320000
BS23 3DF,51.3459950000,-2.9695790000
BS23 3DG,51.3463380000,-2.9699250000
BS23 3DH,51.3468900000,-2.9722680000
BS23 3DJ,51.3466070000,-2.9710220000
BS23 3DN,51.3458160000,-2.9673350000
BS23 3DP,51.3455370000,-2.9667490000
BS23 3DQ,51.3462260000,-2.9688510000
BS23 3DR,51.3466490000,-2.9670310000
BS23 3DS,51.3467320000,-2.9664070000
BS23 3DT,51.3479590000,-2.9663260000
BS23 3DU,51.3492810000,-2.9658860000
BS23 3DW,51.3462290000,-2.9673730000
BS23 3DX,51.3492130000,-2.9654250000
BS23 3DY,51.3473300000,-2.9658020000
BS23 3DZ,51.3467240000,-2.9673830000
BS23 3EA,51.3474680000,-2.9666230000
BS23 3EB,51.3476150000,-2.9672870000
BS23 3ED,51.3469840000,-2.9674170000
BS23 3EE,51.3487110000,-2.9673960000
BS23 3EF,51.3484240000,-2.9673470000
BS23 3EH,51.3470180000,-2.9637220000
BS23 3EJ,51.3473220000,-2.9646390000
BS23 3EL,51.3466020000,-2.9647670000
BS23 3EN,51.3456600000,-2.9653300000
BS23 3ER,51.3459020000,-2.9634310000
BS23 3ES,51.3394440000,-2.9681570000
BS23 4HX,51.3340460000,-2.9747960000
BS23 4HY,51.3344860000,-2.9727810000
BS23 4HZ,51.3342040000,-2.9731490000
BS23 4JA,51.3342500000,-2.9724400000
BS23 4JG,51.3301900000,-2.9750520000
BS23 4JH,51.3306540000,-2.9788230000
BS23 4JL,51.3313940000,-2.9747250000
BS23 4JN,51.3317420000,-2.9772880000
BS23 4JP,51.3323960000,-2.9753780000
BS23 4JQ,51.3305250000,-2.9765590000
BS23 4JR,51.3326230000,-2.9745300000
BS23 4JW,51.3320870000,-2.9768930000
BS23 4JX,51.3333720000,-2.9764570000
BS23 4JY,51.3332400000,-2.9744630000
BS23 4JZ,51.3334830000,-2.9743970000
BS23 4LG,51.3356760000,-2.9706470000
BS23 4LH,51.3342830000,-2.9700930000
BS23 4LJ,51.3328940000,-2.9695470000
BS23 3ET,51.3455080000,-2.9621310000
BS23 3EU,51.3385770000,-2.9688990000
BS23 3EW,51.3460380000,-2.9655590000
BS23 3EX,51.3465320000,-2.9633440000
BS23 3EY,51.3462660000,-2.9629800000
BS23 3GZ,51.3455100000,-2.9634460000
BS23 3HA,51.3461980000,-2.9613410000
BS23 3HB,51.3471350000,-2.9622650000
BS23 3HD,51.3449840000,-2.9624210000
BS23 3HE,51.3457870000,-2.9599540000
BS23 3HF,51.3455180000,-2.9598910000
BS23 3HG,51.3460710000,-2.9582230000
BS23 3HH,51.3464790000,-2.9538610000
BS23 3HL,51.3465430000,-2.9565380000
BS23 3HN,51.3471600000,-2.9548280000
BS23 3HP,51.3451990000,-2.9614930000
BS23 3HQ,51.3457940000,-2.9580590000
BS23 3HR,51.3461250000,-2.9603780000
BS23 3HS,51.3463050000,-2.9592470000
BS23 3HT,51.3465800000,-2.9586930000
BS23 3HU,51.3470110000,-2.9565050000
BS23 3HW,51.3478110000,-2.9532620000
BS23 3HX,51.3474120000,-2.9558670000
BS23 3HY,51.3474540000,-2.9551930000
BS23 3JA,51.3452890000,-2.9592400000
BS23 3JB,51.3454550000,-2.9581320000
BS23 3JD,51.3474580000,-2.9579790000
BS23 3JE,51.3471510000,-2.9573780000
BS23 3JF,51.3482690000,-2.9577090000
BS23 3JG,51.3488750000,-2.9583960000
BS23 3JH,51.3483870000,-2.9631250000
BS23 3JJ,51.3481000000,-2.9629750000
BS23 3JL,51.3493230000,-2.9641350000
BS23 3JN,51.3484320000,-2.9598230000
BS23 3JP,51.3492720000,-2.9626690000
BS23 3JR,51.3486070000,-2.9615210000
BS23 3JS,51.3494630000,-2.9616340000
BS23 3JT,51.3489030000,-2.9604360000
BS23 3JU,51.3489560000,-2.9594460000
BS23 3JW,51.3481340000,-2.9599460000
BS23 3JX,51.3494410000,-2.9607060000
BS23 3JY,51.3493320000,-2.9596690000
BS23 3JZ,51.3492400000,-2.9588630000
BS23 3LB,51.3490150000,-2.9567190000
BS23 3LD,51.3494340000,-2.9537700000
BS23 3LE,51.3489190000,-2.9545860000
BS23 3LF,51.3487430000,-2.9558810000
BS23 3LG,51.3484640000,-2.9559030000
BS23 3LH,51.3489010000,-2.9529830000
BS23 3LJ,51.3499530000,-2.9530630000
BS23 3LL,51.3481080000,-2.9554800000
BS23 3LN,51.3477950000,-2.9563350000
BS23 3LQ,51.3484320000,-2.9532180000
BS23 3LR,51.3453620000,-2.9650190000
BS23 3LS,51.3449980000,-2.9655320000
BS23 3LU,51.3470770000,-2.9539220000
BS23 3LW,51.3477890000,-2.9549130000
BS23 3LX,51.3479850000,-2.9517150000
BS23 3LY,51.3485070000,-2.9516830000
BS23 3LZ,51.3471810000,-2.9522300000
BS23 3NA,51.3475050000,-2.9603580000
BS23 3NE,51.3441370000,-2.9652550000
BS23 3NG,51.3416460000,-2.9681230000
BS23 3NJ,51.3411120000,-2.9674660000
BS23 3NN,51.3409060000,-2.9684520000
BS23 3NP,51.3404170000,-2.9678100000
BS23 3NR,51.3398150000,-2.9677110000
BS23 3NT,51.3397460000,-2.9685140000
BS23 3NW,51.3414980000,-2.9685940000
BS23 3NX,51.3381260000,-2.9696710000
BS23 3NY,51.3383390000,-2.9700200000
BS23 3NZ,51.3394220000,-2.9695690000
BS23 3PA,51.3428350000,-2.9716310000
BS23 3PB,51.3433680000,-2.9669040000
BS23 3PD,51.3433720000,-2.9660060000
BS23 3PE,51.3431690000,-2.9633450000
BS23 3PF,51.3427900000,-2.9624330000
BS23 3PG,51.3426560000,-2.9616780000
BS23 3PH,51.3433680000,-2.9669040000
BS23 3PJ,51.3443100000,-2.9628040000
BS23 3PL,51.3440020000,-2.9626880000
BS23 3PN,51.3436180000,-2.9656380000
BS23 3PQ,51.3436970000,-2.9614610000
BS23 3PR,51.3438810000,-2.9570230000
BS23 3PT,51.3444840000,-2.9685850000
BS23 3PW,51.3434160000,-2.9629340000
BS23 3PX,51.3403940000,-2.9705950000
BS23 3PY,51.3401690000,-2.9706480000
BS23 3PZ,51.3416430000,-2.9728180000
BS23 3QA,51.3395400000,-2.9720350000
BS23 3QB,51.3392070000,-2.9717040000
BS23 3QD,51.3381330000,-2.9711070000
BS23 3QE,51.3371730000,-2.9708000000
BS23 3QF,51.3383240000,-2.9708380000
BS23 3QG,51.3397700000,-2.9710270000
BS23 3QH,51.3391000000,-2.9704380000
BS23 3QJ,51.3378390000,-2.9685170000
BS23 3QL,51.3376330000,-2.9684840000
BS23 2ER,51.3563310000,-2.9931430000
BS23 2ES,51.3583700000,-2.9898040000
BS23 2EW,51.3556710000,-2.9924540000
BS23 2EX,51.3549290000,-2.9916250000
BS23 2EY,51.3542950000,-2.9914760000
BS23 2HA,51.3554840000,-2.9919240000
BS23 2HB,51.3556920000,-2.9910610000
BS23 2HD,51.3562130000,-2.9875740000
BS23 2HE,51.3557640000,-2.9878600000
BS23 2HF,51.3555360000,-2.9900010000
BS23 2HG,51.3553380000,-2.9904220000
BS23 2HH,51.3551980000,-2.9910500000
BS23 2HJ,51.3557500000,-2.9902640000
BS23 2HL,51.3561250000,-2.9905740000
BS23 2HN,51.3557610000,-2.9882190000
BS23 2HP,51.3562370000,-2.9900740000
BS23 2HQ,51.3553380000,-2.9904220000
BS23 2HR,51.3561110000,-2.9911620000
BS23 2HW,51.3556530000,-2.9892940000
BS23 2HX,51.3531730000,-2.9815860000
BS23 2HY,51.3532080000,-2.9835460000
BS23 2HZ,51.3537820000,-2.9826390000
BS23 2JA,51.3535310000,-2.9846590000
BS23 2JB,51.3538010000,-2.9860370000
BS23 2JE,51.3540930000,-2.9841250000
BS23 2JF,51.3541350000,-2.9848090000
BS23 2JG,51.3542600000,-2.9850130000
BS23 2JH,51.3543280000,-2.9829050000
BS23 2JJ,51.3549900000,-2.9825730000
BS23 2JL,51.3438810000,-2.9570230000
BS23 2JP,51.3552010000,-2.9811130000
BS23 2JQ,51.3546580000,-2.9836000000
BS23 2JR,51.3549630000,-2.9837360000
BS23 2JS,51.3552390000,-2.9850910000
BS23 2JT,51.3556170000,-2.9829020000
BS23 2JU,51.3548940000,-2.9812500000
BS23 2JW,51.3555730000,-2.9860030000
BS23 2JX,51.3556240000,-2.9841660000
BS23 2JY,51.3556480000,-2.9852500000
BS23 2JZ,51.3549340000,-2.9857370000
BS23 2LA,51.3563460000,-2.9796580000
BS23 2LB,51.3563460000,-2.9796580000
BS23 2LE,51.3529360000,-2.9766560000
BS23 2LF,51.3527540000,-2.9779440000
BS23 2LG,51.3533660000,-2.9779280000
BS23 2LH,51.3548780000,-2.9784690000
BS23 2LJ,51.3539330000,-2.9785780000
BS23 2LN,51.3548690000,-2.9788080000
BS23 2LP,51.3541270000,-2.9811670000
BS23 2LQ,51.3546760000,-2.9778190000
BS23 2LR,51.3539370000,-2.9794630000
BS23 2LS,51.3560980000,-2.9788110000
BS23 2LT,51.3569420000,-2.9803600000
BS23 2LU,51.3561980000,-2.9822680000
BS23 2LW,51.3549270000,-2.9794120000
BS23 2LX,51.3564100000,-2.9851460000
BS23 2LY,51.3564800000,-2.9861790000
BS23 2LZ,51.3558990000,-2.9857510000
BS23 2NE,51.3553410000,-2.9768850000
BS23 2NF,51.3557210000,-2.9765050000
BS23 2NG,51.3557240000,-2.9736980000
BS23 2NH,51.3531540000,-2.9742040000
BS23 2NJ,51.3539070000,-2.9764180000
BS23 2NL,51.3528740000,-2.9771770000
BS23 2NN,51.3544550000,-2.9763350000
BS23 2NP,51.3540480000,-2.9755650000
BS23 2NQ,51.3551980000,-2.9749080000
BS23 2NR,51.3550670000,-2.9741070000
BS23 2NS,51.3548690000,-2.9752380000
BS23 2NT,51.3554280000,-2.9707400000
BS23 2NU,51.3557040000,-2.9720670000
BS23 2NW,51.3548910000,-2.9769040000
BS23 2NX,51.3554980000,-2.9701910000
BS23 2NY,51.3555260000,-2.9679360000
BS23 2NZ,51.3526930000,-2.9745250000
BS23 2PA,51.3565810000,-2.9708020000
BS23 2PB,51.3564820000,-2.9698090000
BS23 2PD,51.3550240000,-2.9721190000
BS23 2PE,51.3550660000,-2.9702960000
BS23 2PF,51.3551090000,-2.9705410000
BS23 2PG,51.3509290000,-2.9778760000
BS23 2PH,51.3509290000,-2.9778760000
BS23 2PJ,51.3510340000,-2.9782230000
BS23 2PL,51.3513410000,-2.9781720000
BS23 2PN,51.3511290000,-2.9776080000
BS23 2PP,51.3528900000,-2.9767410000
BS23 2PQ,51.3509290000,-2.9778760000
BS23 2PR,51.3533720000,-2.9761620000
BS23 2PS,51.3530690000,-2.9757680000
BS23 3QN,51.3379140000,-2.9671110000
BS23 3QP,51.3386350000,-2.9650960000
BS23 3QQ,51.3395030000,-2.9706910000
BS23 3QR,51.3370930000,-2.9685150000
BS23 3QS,51.3368630000,-2.9685190000
BS23 3QT,51.3367310000,-2.9699150000
BS23 3QW,51.3370470000,-2.9668430000
BS23 3QX,51.3398090000,-2.9707340000
BS23 3QY,51.3437870000,-2.9716940000
BS23 3QZ,51.3397930000,-2.9707340000
BS23 3RA,51.3372610000,-2.9699110000
BS23 2PT,51.3539720000,-2.9742360000
BS23 2PU,51.3542240000,-2.9727830000
BS23 2PW,51.3520980000,-2.9768960000
BS23 2PX,51.3546740000,-2.9731450000
BS23 2PY,51.3542280000,-2.9715270000
BS23 2QA,51.3515650000,-2.9781630000
BS23 2QB,51.3511840000,-2.9764890000
BS23 2QE,51.3531450000,-2.9726880000
BS23 2QF,51.3527690000,-2.9740670000
BS23 2QG,51.3532320000,-2.9724250000
BS23 2QH,51.3547070000,-2.9719740000
BS23 2QJ,51.3527840000,-2.9794300000
BS23 2QL,51.3525220000,-2.9777520000
BS23 2QN,51.3522350000,-2.9729420000
BS23 2QP,51.3526200000,-2.9753190000
BS23 2QQ,51.3527410000,-2.9720130000
BS23 2QR,51.3535060000,-2.9747350000
BS23 2QS,51.3521840000,-2.9762230000
BS23 2QT,51.3516300000,-2.9757950000
BS23 2QU,51.3521400000,-2.9739680000
BS23 2QW,51.3521110000,-2.9716030000
BS23 2QX,51.3516720000,-2.9739580000
BS23 2QY,51.3511020000,-2.9738610000
BS23 2QZ,51.3510420000,-2.9719480000
BS23 2RE,51.3497530000,-2.9697300000
BS23 2RF,51.3497990000,-2.9706640000
BS23 2RG,51.3501020000,-2.9688900000
BS23 2RH,51.3510530000,-2.9706130000
BS23 2RJ,51.3524960000,-2.9700690000
BS23 2RN,51.3536960000,-2.9706830000
BS23 2RP,51.3535590000,-2.9687990000
BS23 2RQ,51.3502400000,-2.9699640000
BS23 2RR,51.3527940000,-2.9694780000
BS23 2RS,51.3539080000,-2.9700420000
BS23 2RT,51.3514960000,-2.9699250000
BS23 2RU,51.3516740000,-2.9682850000
BS23 2RW,51.3533150000,-2.9699720000
BS23 2RX,51.3491640000,-2.9669890000
BS23 2RY,51.3502610000,-2.9681470000
BS23 2RZ,51.3513190000,-2.9684990000
BS23 2SA,51.3497120000,-2.9681210000
BS23 2SB,51.3493610000,-2.9682430000
BS23 2SD,51.3491530000,-2.9676440000
BS23 2SE,51.3513430000,-2.9616300000
BS23 2SF,51.3564070000,-2.9602710000
BS23 2SH,51.3501330000,-2.9661910000
BS23 2SJ,51.3504050000,-2.9670010000
BS23 2SL,51.3496380000,-2.9665770000
BS23 2SN,51.3505870000,-2.9645640000
BS23 2SP,51.3507800000,-2.9629740000
BS23 2SQ,51.3490920000,-2.9681510000
BS23 2SR,51.3512220000,-2.9638880000
BS23 2SS,51.3514500000,-2.9623420000
BS23 2ST,51.3522720000,-2.9630050000
BS23 2SU,51.3531250000,-2.9632380000
BS23 2SW,51.3503780000,-2.9637120000
BS23 2SX,51.3540810000,-2.9639480000
BS23 2SY,51.3544190000,-2.9622310000
BS23 2TA,51.3533430000,-2.9644000000
BS23 2TB,51.3521540000,-2.9642370000
BS23 2TD,51.3532630000,-2.9664380000
BS23 2TE,51.3528670000,-2.9643040000
BS23 2TF,51.3538250000,-2.9655360000
BS23 2TG,51.3549570000,-2.9667090000
BS23 2TH,51.3551500000,-2.9655580000
BS23 2TJ,51.3547680000,-2.9674030000
BS23 2TL,51.3544430000,-2.9672960000
BS23 2TN,51.3540970000,-2.9664040000
BS23 2TP,51.3543480000,-2.9646080000
BS23 2TQ,51.3556870000,-2.9669630000
BS23 2TR,51.3551260000,-2.9640640000
BS23 2TS,51.3550270000,-2.9634870000
BS23 2TT,51.3563880000,-2.9578490000
BS23 2TU,51.3562930000,-2.9567070000
BS23 2TW,51.3548140000,-2.9648910000
BS23 2TX,51.3552930000,-2.9619630000
BS23 2TY,51.3560510000,-2.9605280000
BS23 2TZ,51.3551050000,-2.9585980000
BS23 2UA,51.3560770000,-2.9617350000
BS23 2UB,51.3552710000,-2.9592330000
BS23 2UD,51.3555260000,-2.9598560000
BS23 2UE,51.3560350000,-2.9592210000
BS23 2UF,51.3556750000,-2.9570300000
BS23 2UG,51.3559570000,-2.9555710000
BS23 2UH,51.3501930000,-2.9625740000
BS23 2UJ,51.3506410000,-2.9612620000
BS23 2UL,51.3502350000,-2.9614540000
BS23 2UN,51.3509740000,-2.9616080000
BS23 2UP,51.3502730000,-2.9600910000
BS23 2UQ,51.3553070000,-2.9570220000
BS23 2UR,51.3501670000,-2.9587960000
BS23 2US,51.3511720000,-2.9579700000
BS23 2UT,51.3502220000,-2.9564140000
BS23 2UU,51.3512510000,-2.9592930000
BS23 2UW,51.3509350000,-2.9594440000
BS23 2UX,51.3514580000,-2.9580910000
BS23 2UY,51.3517150000,-2.9563880000
BS23 2UZ,51.3514120000,-2.9560220000
BS23 1LS,51.3508950000,-2.9773220000
BS23 1LT,51.3511270000,-2.9768320000
BS23 1LW,51.3500780000,-2.9771610000
BS23 1LY,51.3503250000,-2.9787740000
BS23 1LZ,51.3507790000,-2.9764950000
BS23 1NA,51.3500210000,-2.9764420000
BS23 1NF,51.3501390000,-2.9741750000
BS23 1NG,51.3495310000,-2.9730790000
BS23 1NJ,51.3448060000,-2.9800580000
BS23 1NN,51.3503970000,-2.9766070000
BS23 1NR,51.3504200000,-2.9760480000
BS23 1NX,51.3504970000,-2.9754030000
BS23 1NZ,51.3508880000,-2.9753200000
BS23 1PD,51.3506770000,-2.9746980000
BS23 1PE,51.3505900000,-2.9743080000
BS23 1PF,51.3506140000,-2.9732380000
BS23 1PG,51.3506910000,-2.9715020000
BS23 1PH,51.3499550000,-2.9740070000
BS23 1PP,51.3492580000,-2.9740850000
BS23 1PQ,51.3502410000,-2.9720170000
BS23 1PR,51.3492190000,-2.9744860000
BS23 1PS,51.3490120000,-2.9745390000
BS23 1PT,51.3494890000,-2.9744770000
BS23 1PU,51.3477940000,-2.9738670000
BS23 1PW,51.3483410000,-2.9733840000
BS23 1PX,51.3484550000,-2.9744410000
BS23 1PZ,51.3480260000,-2.9741590000
BS23 1QF,51.3492700000,-2.9780850000
BS23 1QG,51.3479040000,-2.9780190000
BS23 1QH,51.3482650000,-2.9767630000
BS23 1QJ,51.3483900000,-2.9762140000
BS23 1QL,51.3488150000,-2.9748300000
BS23 1QN,51.3485640000,-2.9753340000
BS23 1QP,51.3479580000,-2.9768720000
BS23 1QQ,51.3480080000,-2.9773900000
BS23 1QR,51.3479080000,-2.9764250000
BS23 1QS,51.3478090000,-2.9774710000
BS23 1QT,51.3476010000,-2.9765910000
BS23 1QW,51.3486170000,-2.9744300000
BS23 1QX,51.3473920000,-2.9757970000
BS23 1QZ,51.3471410000,-2.9745420000
BS23 1RB,51.3475870000,-2.9749540000
BS23 1RD,51.3482990000,-2.9748400000
BS23 1RE,51.3479790000,-2.9754070000
BS23 1RF,51.3481140000,-2.9753960000
BS23 1RG,51.3479560000,-2.9760960000
BS23 1RH,51.3488580000,-2.9756990000
BS23 1RJ,51.3494320000,-2.9759120000
BS23 1RL,51.3498580000,-2.9755330000
BS23 1RN,51.3495480000,-2.9752910000
BS23 1RP,51.3489430000,-2.9774380000
BS23 1RQ,51.3481200000,-2.9757980000
BS23 1RS,51.3491560000,-2.9766100000
BS23 1RT,51.3490800000,-2.9771540000
BS23 1RU,51.3497150000,-2.9775690000
BS23 1RW,51.3497920000,-2.9747420000
BS23 1RY,51.3497820000,-2.9764020000
BS23 1RZ,51.3498630000,-2.9760220000
BS23 1SE,51.3477380000,-2.9810110000
BS23 1SF,51.3478280000,-2.9799360000
BS23 1SH,51.3474490000,-2.9790090000
BS23 1SL,51.3473740000,-2.9780600000
BS23 1SP,51.3475650000,-2.9776100000
BS23 1SQ,51.3475290000,-2.9797490000
BS23 1SR,51.3470850000,-2.9769390000
BS23 1SS,51.3471910000,-2.9793680000
BS23 1ST,51.3464480000,-2.9789650000
BS23 1SW,51.3443660000,-2.9799770000
BS23 1SX,51.3470010000,-2.9795360000
BS23 1SY,51.3468570000,-2.9795050000
BS23 1TA,51.3463780000,-2.9797670000
BS23 1TD,51.3461850000,-2.9799150000
BS23 1TE,51.3461540000,-2.9796470000
BS23 1TF,51.3462080000,-2.9786290000
BS23 1TN,51.3462980000,-2.9774970000
BS23 1TR,51.3463300000,-2.9769090000
BS23 1UA,51.3449730000,-2.9790480000
BS23 1UF,51.3438810000,-2.9570230000
BS23 1UG,51.3465950000,-2.9764410000
BS23 1UJ,51.3455370000,-2.9775030000
BS23 1UL,51.3445970000,-2.9792060000
BS23 2XA,51.3513220000,-2.9604430000
BS23 2XB,51.3520690000,-2.9614500000
BS22 9SB,51.3621890000,-2.9587750000
BS22 9SD,51.3632060000,-2.9586810000
BS22 9SE,51.3616970000,-2.9607320000
BS23 1US,51.3459010000,-2.9758890000
BS23 1UT,51.3451820000,-2.9770360000
BS23 1UW,51.3462200000,-2.9760450000
BS23 1UY,51.3448800000,-2.9772370000
BS23 1XA,51.3441910000,-2.9778970000
BS23 1XB,51.3463660000,-2.9752240000
BS23 1XD,51.3443620000,-2.9772340000
BS23 1XE,51.3434110000,-2.9769550000
BS23 1XF,51.3434030000,-2.9775210000
BS23 1XG,51.3463660000,-2.9752240000
BS23 1XH,51.3429890000,-2.9789570000
BS23 1XJ,51.3431700000,-2.9752050000
BS23 1XL,51.3416460000,-2.9750520000
BS23 1XN,51.3413810000,-2.9766400000
BS23 1XQ,51.3428850000,-2.9764270000
BS23 1XU,51.3453490000,-2.9748350000
BS23 1XW,51.3414850000,-2.9789970000
BS23 1XY,51.3451190000,-2.9732930000
BS23 1YA,51.3446700000,-2.9743900000
BS23 1YB,51.3442230000,-2.9733260000
BS23 1YD,51.3434680000,-2.9761870000
BS23 1YE,51.3445520000,-2.9759890000
BS23 1YG,51.3435470000,-2.9746610000
BS23 1YH,51.3423690000,-2.9742120000
BS23 1YJ,51.3431400000,-2.9745010000
BS23 1YL,51.3409350000,-2.9747270000
BS23 1YN,51.3404080000,-2.9743140000
BS23 1YP,51.3394750000,-2.9740780000
BS23 1YQ,51.3435980000,-2.9738730000
BS23 1YR,51.3393590000,-2.9728840000
BS23 1YS,51.3407200000,-2.9750460000
BS23 1YW,51.3404590000,-2.9735250000
BS23 1ZZ,51.3438810000,-2.9570230000
BS23 2AA,51.3512520000,-2.9797710000
BS23 2AB,51.3540340000,-2.9883250000
BS23 2AD,51.3515510000,-2.9895640000
BS23 2AE,51.3524530000,-2.9803630000
BS23 2AF,51.3514540000,-2.9803640000
BS23 2AG,51.3510910000,-2.9807870000
BS23 2AH,51.3504430000,-2.9819070000
BS23 2AL,51.3509530000,-2.9815240000
BS23 2AN,51.3510370000,-2.9829540000
BS23 2AQ,51.3521370000,-2.9815130000
BS23 2AS,51.3515970000,-2.9826500000
BS23 2AT,51.3518170000,-2.9820660000
BS23 2AW,51.3517790000,-2.9837680000
BS23 2AX,51.3524100000,-2.9822080000
BS23 2BA,51.3528450000,-2.9836610000
BS23 2BB,51.3529200000,-2.9857080000
BS23 2BD,51.3523790000,-2.9862650000
BS23 2BE,51.3526730000,-2.9876640000
BS23 2BH,51.3528290000,-2.9872220000
BS23 2BN,51.3534920000,-2.9875670000
BS23 2BP,51.3534570000,-2.9874230000
BS23 2BQ,51.3530930000,-2.9878890000
BS23 2BS,51.3536760000,-2.9881600000
BS23 2BT,51.3537730000,-2.9889720000
BS23 2BU,51.3541110000,-2.9908980000
BS23 2BW,51.3534920000,-2.9876420000
BS23 2BX,51.3538760000,-2.9896060000
BS23 2DA,51.3543290000,-2.9906010000
BS23 2DB,51.3547520000,-2.9905670000
BS23 2DD,51.3552530000,-2.9909220000
BS23 2DE,51.3544270000,-2.9893310000
BS23 2DF,51.3548270000,-2.9877890000
BS23 2DG,51.3551300000,-2.9895120000
BS23 2DH,51.3548520000,-2.9882860000
BS23 2DJ,51.3552530000,-2.9876620000
BS23 2DL,51.3557310000,-2.9864810000
BS23 2DN,51.3549470000,-2.9862690000
BS23 2DP,51.3553290000,-2.9862140000
BS23 2DQ,51.3557460000,-2.9875210000
BS23 2DR,51.3539450000,-2.9870740000
BS23 2DT,51.3527980000,-2.9866330000
BS23 2DU,51.3531020000,-2.9857920000
BS23 2DW,51.3541300000,-2.9865610000
BS23 2DX,51.3533120000,-2.9860900000
BS23 2DY,51.3533560000,-2.9851000000
BS23 2ED,51.3540220000,-2.9925540000
BS23 2EE,51.3538760000,-2.9917320000
BS23 2EF,51.3547460000,-2.9934390000
BS23 2EN,51.3562830000,-2.9923950000
BS23 2EP,51.3546690000,-2.9926110000
BS22 9SF,51.3614150000,-2.9599650000
BS22 9SG,51.3599090000,-2.9594450000
BS22 9SH,51.3606290000,-2.9563810000
BS22 9SJ,51.3613330000,-2.9556690000
BS22 9SL,51.3622050000,-2.9546960000
BS22 9SN,51.3625180000,-2.9548170000
BS22 9SP,51.3605250000,-2.9547990000
BS22 9SQ,51.3600390000,-2.9560380000
BS22 9SR,51.3599510000,-2.9531840000
BS22 9ST,51.3613170000,-2.9536950000
BS22 9SU,51.3613040000,-2.9530910000
BS22 9SW,51.3614020000,-2.9542420000
BS22 9SX,51.3625150000,-2.9522550000
BS22 9SY,51.3615360000,-2.9510420000
BS22 9SZ,51.3619830000,-2.9514110000
BS22 9TA,51.3619930000,-2.9501610000
BS22 9TB,51.3753820000,-2.9139880000
BS22 9TD,51.3621170000,-2.9492160000
BS22 9TE,51.3614280000,-2.9551540000
BS22 9TF,51.3753660000,-2.9172060000
BS22 9TG,51.3628110000,-2.9479370000
BS22 9TH,51.3646830000,-2.9432930000
BS22 9TJ,51.3732830000,-2.9191330000
BS22 9TL,51.3643950000,-2.9399410000
BS22 9TN,51.3732830000,-2.9202680000
BS22 9TP,51.3651420000,-2.9353450000
BS22 9TQ,51.3643060000,-2.9451160000
BS22 9TR,51.3719980000,-2.9188630000
BS22 9TS,51.3728620000,-2.9176730000
BS22 9TT,51.3624540000,-2.9409930000
BS22 9TW,51.3749840000,-2.9131900000
BS22 9TX,51.3631570000,-2.9381540000
BS22 9UD,51.3862060000,-2.9613980000
BS22 9UE,51.3757320000,-2.9602010000
BS22 9UF,51.3792270000,-2.9594120000
BS22 9UG,51.3806070000,-2.9607400000
BS22 9UH,51.3761820000,-2.9589750000
BS22 9UJ,51.3759890000,-2.9569940000
BS22 9UL,51.3774430000,-2.9587720000
BS22 9UN,51.3774960000,-2.9577090000
BS22 9UP,51.3750290000,-2.9611550000
BS22 9UQ,51.3779310000,-2.9606780000
BS22 9UR,51.3746250000,-2.9591290000
BS22 9UT,51.3731320000,-2.9603050000
BS22 9UU,51.3709130000,-2.9619590000
BS22 9UW,51.3772300000,-2.9572580000
BS22 9UY,51.3684720000,-2.9616580000
BS22 9UZ,51.3658670000,-2.9642380000
BS22 9WA,51.3743740000,-2.9138010000
BS22 9WB,51.3740720000,-2.9147090000
BS22 9WD,51.3741830000,-2.9166650000
BS22 9WE,51.3740960000,-2.9174680000
BS22 9WF,51.3731570000,-2.9168320000
BS22 9WG,51.3734860000,-2.9161770000
BS22 9XB,51.3680260000,-2.9623380000
BS22 9XD,51.3706380000,-2.9226430000
BS22 9XE,51.3685180000,-2.9582260000
BS22 9XF,51.3669780000,-2.9563550000
BS22 9XH,51.3665820000,-2.9559790000
BS22 9XJ,51.3662040000,-2.9563820000
BS22 9XL,51.3660700000,-2.9560120000
BS22 9XP,51.3678850000,-2.9550010000
BS22 9XR,51.3675720000,-2.9548220000
BS22 9XS,51.3681240000,-2.9544020000
BS22 9XT,51.3673350000,-2.9544950000
BS22 9XU,51.3671190000,-2.9529880000
BS22 9XW,51.3676470000,-2.9555420000
BS22 9XY,51.3663940000,-2.9537200000
BS22 9YD,51.3644480000,-2.9590590000
BS22 9YE,51.3655790000,-2.9558950000
BS22 9YF,51.3661470000,-2.9523590000
BS22 9YH,51.3660710000,-2.9462090000
BS22 9YL,51.3668730000,-2.9404940000
BS22 9YP,51.3682030000,-2.9435150000
BS22 9YR,51.3695880000,-2.9434720000
BS22 9YT,51.3739060000,-2.9470030000
BS22 9YU,51.3907380000,-2.9448070000
BS22 9YX,51.3849950000,-2.9355920000
BS22 9ZD,51.3438810000,-2.9570230000
BS23 1AB,51.3491700000,-2.9796200000
BS23 1AF,51.3438810000,-2.9570230000
BS23 1AH,51.3486070000,-2.9809490000
BS23 1AJ,51.3478760000,-2.9813350000
BS23 1AL,51.3469650000,-2.9817040000
BS23 1AN,51.3484560000,-2.9813560000
BS23 1AP,51.3477560000,-2.9805860000
BS23 1AS,51.3473680000,-2.9801120000
BS23 1AT,51.3461800000,-2.9809120000
BS22 8UT,51.3552770000,-2.9260730000
BS22 8UX,51.3541190000,-2.9224590000
BS22 8UY,51.3538060000,-2.9233580000
BS22 8UZ,51.3540780000,-2.9230760000
BS22 8XA,51.3548330000,-2.9242120000
BS22 8XB,51.3545390000,-2.9250670000
BS22 8XD,51.3542630000,-2.9269140000
BS23 1AU,51.3466250000,-2.9803900000
BS23 1AW,51.3479270000,-2.9810000000
BS23 1AX,51.3462940000,-2.9801530000
BS23 1AY,51.3459330000,-2.9803180000
BS23 1AZ,51.3466930000,-2.9786680000
BS23 1BA,51.3433580000,-2.9800840000
BS23 1BD,51.3429890000,-2.9800480000
BS23 1BE,51.3442760000,-2.9816460000
BS23 1BG,51.3410250000,-2.9805370000
BS23 1BH,51.3393750000,-2.9810190000
BS23 1BJ,51.3397640000,-2.9796630000
BS23 1BL,51.3394900000,-2.9798070000
BS23 1BN,51.3392670000,-2.9774050000
BS23 1BP,51.3389480000,-2.9736510000
BS23 1BQ,51.3400960000,-2.9808470000
BS23 1BT,51.3432220000,-2.9801960000
BS23 1BU,51.3413050000,-2.9804140000
BS23 1BW,51.3390510000,-2.9753040000
BS23 1DA,51.3406710000,-2.9794440000
BS23 1DB,51.3403760000,-2.9770260000
BS23 1DD,51.3401730000,-2.9748480000
BS23 1DE,51.3399670000,-2.9732270000
BS23 1DF,51.3399250000,-2.9750640000
BS23 1DG,51.3403680000,-2.9795470000
BS23 1DH,51.3439090000,-2.9786000000
BS23 1DN,51.3386200000,-2.9799690000
BS23 1DP,51.3383770000,-2.9774430000
BS23 1DQ,51.3401550000,-2.9770440000
BS23 1DR,51.3384510000,-2.9754430000
BS23 1DS,51.3383490000,-2.9731650000
BS23 1DT,51.3381850000,-2.9756160000
BS23 1DU,51.3381070000,-2.9731310000
BS23 1DW,51.3388910000,-2.9797740000
BS23 1DY,51.3438810000,-2.9570230000
BS23 1EA,51.3409270000,-2.9782810000
BS23 1EB,51.3407880000,-2.9776320000
BS23 1ED,51.3399780000,-2.9777870000
BS23 1EE,51.3390860000,-2.9779980000
BS23 1EF,51.3382710000,-2.9786260000
BS23 1EH,51.3380190000,-2.9764960000
BS23 1EJ,51.3388130000,-2.9762830000
BS23 1EL,51.3438810000,-2.9570230000
BS23 1EN,51.3397280000,-2.9761080000
BS23 1EP,51.3405560000,-2.9759390000
BS23 1ER,51.3405280000,-2.9750770000
BS23 1ES,51.3406760000,-2.9767020000
BS23 1ET,51.3413300000,-2.9763080000
BS23 1EU,51.3410210000,-2.9762790000
BS23 1EW,51.3395080000,-2.9765770000
BS23 1EZ,51.3479400000,-2.9783440000
BS23 1FD,51.3437160000,-2.9780530000
BS23 1FE,51.3462510000,-2.9800160000
BS23 1FG,51.3388440000,-2.9757670000
BS23 1HA,51.3466970000,-2.9786620000
BS23 1HD,51.3480490000,-2.9789270000
BS23 1HE,51.3488730000,-2.9792890000
BS23 1HG,51.3475270000,-2.9746370000
BS23 1HJ,51.3491870000,-2.9793960000
BS23 1HL,51.3485890000,-2.9802660000
BS23 1HN,51.3509050000,-2.9793750000
BS23 1HP,51.3506640000,-2.9791550000
BS23 1HQ,51.3502770000,-2.9795430000
BS23 1HS,51.3493600000,-2.9791130000
BS23 1HU,51.3494230000,-2.9791280000
BS23 1HZ,51.3465950000,-2.9779130000
BS23 1JA,51.3481410000,-2.9786420000
BS23 1JB,51.3485900000,-2.9787090000
BS23 1JE,51.3477680000,-2.9784700000
BS23 1JF,51.3470920000,-2.9783460000
BS23 1JH,51.3468430000,-2.9779820000
BS23 1JL,51.3502770000,-2.9795430000
BS23 1JN,51.3502540000,-2.9801880000
BS23 1JP,51.3502990000,-2.9811950000
BS23 1JR,51.3503540000,-2.9799750000
BS23 1JT,51.3505140000,-2.9797980000
BS23 1JU,51.3505890000,-2.9805890000
BS23 1JY,51.3508910000,-2.9799500000
BS23 1JZ,51.3509330000,-2.9802810000
BS23 1LA,51.3502270000,-2.9787000000
BS23 1LF,51.3502790000,-2.9778540000
BS23 1LG,51.3499420000,-2.9783070000
BS23 1LN,51.3500560000,-2.9776200000
BS22 8XE,51.3539880000,-2.9264350000
BS22 8XF,51.3532790000,-2.9274260000
BS22 8XG,51.3532920000,-2.9257600000
BS22 8XH,51.3531390000,-2.9269920000
BS22 8XJ,51.3539900000,-2.9273250000
BS22 8XL,51.3528790000,-2.9279920000
BS22 8XN,51.3523360000,-2.9276170000
BS22 8XP,51.3518050000,-2.9273390000
BS22 8XQ,51.3525480000,-2.9259270000
BS22 8XR,51.3524280000,-2.9285950000
BS22 8XS,51.3517510000,-2.9285290000
BS22 8XT,51.3521120000,-2.9294270000
BS22 8XW,51.3524960000,-2.9267300000
BS22 8XX,51.3551560000,-2.9291820000
BS22 9AB,51.3594020000,-2.9454310000
BS22 9AD,51.3600860000,-2.9446930000
BS22 9AE,51.3595560000,-2.9442850000
BS22 9AF,51.3602530000,-2.9451990000
BS22 9AG,51.3597160000,-2.9433120000
BS22 9AH,51.3597130000,-2.9471040000
BS22 9AJ,51.3603520000,-2.9428880000
BS22 9AL,51.3602800000,-2.9413840000
BS22 9AN,51.3722760000,-2.9202330000
BS22 9AP,51.3584590000,-2.9457220000
BS22 9AQ,51.3597150000,-2.9411860000
BS22 9AR,51.3589500000,-2.9446460000
BS22 9AS,51.3581940000,-2.9446880000
BS22 9AT,51.3588760000,-2.9438400000
BS22 9AU,51.3592970000,-2.9439640000
BS22 9AW,51.3592030000,-2.9449330000
BS22 9AX,51.3585080000,-2.9426120000
BS22 9AY,51.3577660000,-2.9409880000
BS22 9AZ,51.3586820000,-2.9411080000
BS22 9BA,51.3583150000,-2.9397500000
BS22 9BB,51.3574890000,-2.9376880000
BS22 9BD,51.3570640000,-2.9380530000
BS22 9BG,51.3574540000,-2.9350220000
BS22 9BH,51.3579810000,-2.9365550000
BS22 9BJ,51.3578820000,-2.9376590000
BS22 9BL,51.3588220000,-2.9371460000
BS22 9BN,51.3595330000,-2.9358830000
BS22 9BP,51.3592050000,-2.9364500000
BS22 9BQ,51.3580920000,-2.9354890000
BS22 9BS,51.3589060000,-2.9404030000
BS22 9BT,51.3601030000,-2.9489070000
BS22 9BW,51.3587100000,-2.9342570000
BS22 9BX,51.3769760000,-2.9159600000
BS22 9BY,51.3761940000,-2.9158870000
BS22 9BZ,51.3603930000,-2.9396060000
BS22 9DA,51.3591500000,-2.9388620000
BS22 9DB,51.3594470000,-2.9390930000
BS22 9DD,51.3598480000,-2.9391920000
BS22 9DE,51.3602340000,-2.9359970000
BS22 9DF,51.3601880000,-2.9371460000
BS22 9DG,51.3603960000,-2.9382270000
BS22 9DH,51.3609350000,-2.9408470000
BS22 9DJ,51.3609430000,-2.9372330000
BS22 9DL,51.3614440000,-2.9353610000
BS22 9DN,51.3613280000,-2.9363500000
BS22 9DP,51.3609660000,-2.9347570000
BS22 9DQ,51.3612540000,-2.9399680000
BS22 9DW,51.3611180000,-2.9356130000
BS22 9DX,51.3716170000,-2.9216420000
BS22 9DY,51.3722340000,-2.9206110000
BS22 9DZ,51.3715240000,-2.9232500000
BS22 9EA,51.3608910000,-2.9335690000
BS22 9EB,51.3620450000,-2.9344260000
BS22 9ED,51.3621890000,-2.9366260000
BS22 9EE,51.3631140000,-2.9348150000
BS22 9EF,51.3626300000,-2.9335130000
BS22 9EG,51.3631730000,-2.9316480000
BS22 9EH,51.3617240000,-2.9328970000
BS22 9EJ,51.3615360000,-2.9316580000
BS22 9EL,51.3620550000,-2.9297000000
BS22 9EP,51.3621850000,-2.9280650000
BS22 9EQ,51.3628230000,-2.9315540000
BS22 9EZ,51.3627860000,-2.9361640000
BS22 9FJ,51.3706900000,-2.9206760000
BS22 9HA,51.3646700000,-2.9246770000
BS22 9HB,51.3606620000,-2.9319560000
BS22 9HD,51.3600360000,-2.9314690000
BS22 9HE,51.3597610000,-2.9309460000
BS22 9HF,51.3602070000,-2.9303520000
BS22 9HG,51.3665060000,-2.9275210000
BS22 9HH,51.3656700000,-2.9255160000
BS22 9HJ,51.3658160000,-2.9252320000
BS22 9HL,51.3662940000,-2.9261750000
BS22 9HQ,51.3654870000,-2.9259430000
BS22 9HS,51.3626950000,-2.9294980000
BS22 9HT,51.3619770000,-2.9315660000
BS22 9HU,51.3627100000,-2.9310210000
BS22 9HX,51.3635000000,-2.9293510000
BS22 9HY,51.3634180000,-2.9304120000
BS22 9HZ,51.3630920000,-2.9293340000
BS22 9JA,51.3623990000,-2.9271510000
BS22 9JB,51.3624340000,-2.9276490000
BS22 9JD,51.3624950000,-2.9263480000
BS22 8DH,51.3563830000,-2.9518460000
BS22 8DL,51.3579280000,-2.9487470000
BS22 8DN,51.3574070000,-2.9475590000
BS22 8DP,51.3573320000,-2.9471490000
BS22 8DQ,51.3486100000,-2.9333910000
BS22 8DR,51.3588490000,-2.9464630000
BS22 8DS,51.3561620000,-2.9491560000
BS22 8DT,51.3558740000,-2.9503130000
BS22 8DU,51.3562730000,-2.9487560000
BS22 8DW,51.3569690000,-2.9487790000
BS22 8DX,51.3543750000,-2.9476970000
BS22 8DY,51.3540180000,-2.9467220000
BS22 8DZ,51.3554390000,-2.9484800000
BS22 8EA,51.3552130000,-2.9497390000
BS22 8EB,51.3524000000,-2.9478090000
BS22 8ED,51.3524620000,-2.9474850000
BS22 8EE,51.3534050000,-2.9475910000
BS22 9JE,51.3627740000,-2.9256450000
BS22 9JF,51.3636440000,-2.9277500000
BS22 9JG,51.3629290000,-2.9283680000
BS22 9JH,51.3634340000,-2.9281480000
BS22 9JJ,51.3636120000,-2.9288210000
BS22 9JL,51.3715600000,-2.9341740000
BS22 9JN,51.3638570000,-2.9292920000
BS22 9JP,51.3641670000,-2.9286800000
BS22 9JQ,51.3663310000,-2.9305570000
BS22 9JR,51.3641750000,-2.9288530000
BS22 9JS,51.3641830000,-2.9290400000
BS22 9JT,51.3642000000,-2.9291260000
BS22 9JU,51.3642770000,-2.9295590000
BS22 9JW,51.3646230000,-2.9278710000
BS22 9JX,51.3646130000,-2.9303270000
BS22 9JY,51.3645720000,-2.9313550000
BS22 9LA,51.3686230000,-2.9353010000
BS22 9LB,51.3679140000,-2.9339650000
BS22 9LD,51.3653690000,-2.9305950000
BS22 9LF,51.3661980000,-2.9323270000
BS22 9LG,51.3668690000,-2.9319900000
BS22 9LH,51.3696230000,-2.9338560000
BS22 9LJ,51.3676460000,-2.9348360000
BS22 9LL,51.3668510000,-2.9330380000
BS22 9LN,51.3662380000,-2.9287740000
BS22 9LP,51.3691100000,-2.9316910000
BS22 9LR,51.3691000000,-2.9341180000
BS22 9LS,51.3690740000,-2.9324140000
BS22 9LT,51.3670220000,-2.9303760000
BS22 9LU,51.3676770000,-2.9309440000
BS22 9LW,51.3658340000,-2.9297710000
BS22 9LX,51.3677560000,-2.9300690000
BS22 9LY,51.3676520000,-2.9317910000
BS22 9LZ,51.3682830000,-2.9328380000
BS22 9NX,51.3695920000,-2.9299770000
BS22 9NY,51.3729750000,-2.9227620000
BS22 9NZ,51.3782220000,-2.9176080000
BS22 9PB,51.3678020000,-2.9266080000
BS22 9PD,51.3697200000,-2.9262300000
BS22 9PF,51.3684960000,-2.9275270000
BS22 9PG,51.3678420000,-2.9283320000
BS22 9PQ,51.3681950000,-2.9287330000
BS22 9PT,51.3691580000,-2.9302120000
BS22 9PZ,51.3687550000,-2.9276760000
BS22 9QA,51.3683720000,-2.9260450000
BS22 9QB,51.3695350000,-2.9268730000
BS22 9QD,51.3695800000,-2.9276260000
BS22 9QE,51.3688110000,-2.9285390000
BS22 9QF,51.3685410000,-2.9296830000
BS22 9QG,51.3691450000,-2.9306430000
BS22 9QJ,51.3764610000,-2.9151590000
BS22 9QL,51.3574710000,-2.9544480000
BS22 9QN,51.3583350000,-2.9554860000
BS22 9QP,51.3582560000,-2.9519370000
BS22 9QQ,51.3566270000,-2.9539340000
BS22 9QR,51.3581510000,-2.9537440000
BS22 9QS,51.3585950000,-2.9533510000
BS22 9QT,51.3589840000,-2.9519230000
BS22 9QU,51.3585980000,-2.9507230000
BS22 9QW,51.3590300000,-2.9551410000
BS22 9QX,51.3594660000,-2.9501230000
BS22 9QY,51.3587390000,-2.9488870000
BS22 9QZ,51.3593280000,-2.9494020000
BS22 9RA,51.3585240000,-2.9476340000
BS22 9RB,51.3583840000,-2.9479950000
BS22 9RD,51.3595250000,-2.9491250000
BS22 9RE,51.3605560000,-2.9510360000
BS22 9RF,51.3610700000,-2.9505210000
BS22 9RG,51.3621910000,-2.9531010000
BS22 9RH,51.3631430000,-2.9547250000
BS22 9RJ,51.3639180000,-2.9545250000
BS22 9RL,51.3643240000,-2.9543180000
BS22 9RN,51.3602330000,-2.9517250000
BS22 9RP,51.3634130000,-2.9554390000
BS22 9RQ,51.3633990000,-2.9537440000
BS22 9RR,51.3636360000,-2.9566500000
BS22 9RS,51.3632780000,-2.9564990000
BS22 9RT,51.3627010000,-2.9559360000
BS22 9RU,51.3628780000,-2.9569940000
BS22 9RX,51.3622510000,-2.9577990000
BS22 9RY,51.3615310000,-2.9567930000
BS22 9RZ,51.3610120000,-2.9575580000
BS22 9SA,51.3613470000,-2.9587660000
BS22 8EF,51.3538160000,-2.9457760000
BS22 8EG,51.3541080000,-2.9445270000
BS22 8EH,51.3546040000,-2.9461360000
BS22 8EJ,51.3549820000,-2.9460440000
BS22 8EL,51.3531710000,-2.9454030000
BS22 8EN,51.3538300000,-2.9440380000
BS22 8EP,51.3534570000,-2.9423220000
BS22 8EQ,51.3545220000,-2.9428890000
BS22 8ER,51.3508170000,-2.9275290000
BS22 8EU,51.3470510000,-2.9397290000
BS22 8EW,51.3531450000,-2.9441960000
BS22 8EX,51.3547710000,-2.9432390000
BS22 8EY,51.3549650000,-2.9448940000
BS22 8EZ,51.3552140000,-2.9444920000
BS22 8FD,51.3446780000,-2.9407310000
BS22 8GG,51.3498950000,-2.9327930000
BS22 8HA,51.3561010000,-2.9448120000
BS22 8HB,51.3568330000,-2.9466080000
BS22 8HE,51.3560510000,-2.9462670000
BS22 8HF,51.3568480000,-2.9476910000
BS22 8HG,51.3530440000,-2.9411640000
BS22 8HH,51.3557270000,-2.9417510000
BS22 8HJ,51.3553490000,-2.9429350000
BS22 8HL,51.3553320000,-2.9439110000
BS22 8HN,51.3561900000,-2.9438660000
BS22 8HP,51.3576720000,-2.9458980000
BS22 8HQ,51.3540770000,-2.9411850000
BS22 8HR,51.3565040000,-2.9447390000
BS22 8HS,51.3568230000,-2.9456020000
BS22 8HT,51.3576710000,-2.9449210000
BS22 8HU,51.3568910000,-2.9480080000
BS22 8HW,51.3569480000,-2.9442460000
BS22 8HX,51.3508160000,-2.9288500000
BS22 8JA,51.3550470000,-2.9413490000
BS22 8JB,51.3555890000,-2.9388470000
BS22 8JE,51.3563400000,-2.9382880000
BS22 8JF,51.3571960000,-2.9391960000
BS22 8JG,51.3566260000,-2.9396000000
BS22 8JH,51.3560310000,-2.9363710000
BS22 8JJ,51.3565400000,-2.9369130000
BS22 8JN,51.3556630000,-2.9363210000
BS22 8JP,51.3549720000,-2.9373410000
BS22 8JQ,51.3568980000,-2.9404100000
BS22 8JR,51.3543870000,-2.9385350000
BS22 8JS,51.3540150000,-2.9377230000
BS22 8JT,51.3561010000,-2.9392400000
BS22 8JU,51.3559040000,-2.9399300000
BS22 8JW,51.3552710000,-2.9381800000
BS22 8JX,51.3565630000,-2.9407620000
BS22 8JY,51.3573640000,-2.9417410000
BS22 8JZ,51.3574300000,-2.9435660000
BS22 8LA,51.3569270000,-2.9428320000
BS22 8LB,51.3564340000,-2.9422680000
BS22 8LD,51.3468840000,-2.9471350000
BS22 8LE,51.3465560000,-2.9450950000
BS22 8LF,51.3471310000,-2.9451500000
BS22 8LG,51.3459640000,-2.9449110000
BS22 8LH,51.3495230000,-2.9517330000
BS22 8LJ,51.3505820000,-2.9498160000
BS22 8LL,51.3502360000,-2.9502540000
BS22 8LN,51.3496440000,-2.9501120000
BS22 8LP,51.3500020000,-2.9514550000
BS22 8LQ,51.3474090000,-2.9374160000
BS22 8LR,51.3467990000,-2.9376130000
BS22 8LS,51.3479230000,-2.9505510000
BS22 8LT,51.3484560000,-2.9502890000
BS22 8LU,51.3481390000,-2.9494490000
BS22 8LW,51.3493830000,-2.9501640000
BS22 8LX,51.3485350000,-2.9493280000
BS22 8LY,51.3450590000,-2.9492650000
BS22 8LZ,51.3497910000,-2.9311120000
BS22 8NA,51.3439640000,-2.9442520000
BS22 8NB,51.3472460000,-2.9401210000
BS22 8ND,51.3491470000,-2.9471580000
BS22 8NE,51.3480560000,-2.9474660000
BS22 8NF,51.3486390000,-2.9465450000
BS22 8NG,51.3452100000,-2.9428790000
BS22 8NH,51.3490440000,-2.9497840000
BS22 8NL,51.3505820000,-2.9475330000
BS22 8NN,51.3493940000,-2.9335170000
BS22 8NP,51.3507500000,-2.9457410000
BS22 8NQ,51.3460930000,-2.9381590000
BS22 8NR,51.3513500000,-2.9437860000
BS22 8NS,51.3526130000,-2.9443430000
BS22 8NT,51.3519850000,-2.9441440000
BS22 8NU,51.3527660000,-2.9466160000
BS22 8NW,51.3502880000,-2.9449850000
BS22 8NX,51.3515160000,-2.9454410000
BS22 8NY,51.3507920000,-2.9441570000
BS22 8NZ,51.3496660000,-2.9340590000
BS22 8PA,51.3474650000,-2.9426730000
BS22 8PB,51.3478450000,-2.9417270000
BS22 8PD,51.3500070000,-2.9441460000
BS22 8PE,51.3494990000,-2.9425560000
BS22 8PF,51.3486030000,-2.9432420000
BS22 8PG,51.3492350000,-2.9439870000
BS22 8PL,51.3499830000,-2.9419430000
BS22 8PN,51.3510790000,-2.9417410000
BS22 8PP,51.3467730000,-2.9404190000
BS22 8PQ,51.3485280000,-2.9391330000
BS22 7PF,51.3658900000,-2.9188750000
BS22 7PG,51.3657450000,-2.9167890000
BS22 7PH,51.3665620000,-2.9191760000
BS22 7PJ,51.3667710000,-2.9200850000
BS22 7PL,51.3675970000,-2.9194070000
BS22 7PN,51.3670790000,-2.9213640000
BS22 7PP,51.3675510000,-2.9203450000
BS22 7PQ,51.3661620000,-2.9175020000
BS22 7PR,51.3682690000,-2.9220640000
BS22 7PS,51.3689610000,-2.9217240000
BS22 7PT,51.3689130000,-2.9233320000
BS22 7PU,51.3676920000,-2.9219660000
BS22 7PW,51.3640070000,-2.9194260000
BS22 7PX,51.3706230000,-2.9108620000
BS22 7PY,51.3706190000,-2.9089950000
BS22 7PZ,51.3697600000,-2.9199390000
BS22 7QB,51.3644600000,-2.9123780000
BS22 7QD,51.3649270000,-2.9113810000
BS22 7QE,51.3658560000,-2.9121320000
BS22 7QF,51.3658180000,-2.9112980000
BS22 7QG,51.3651330000,-2.9125630000
BS22 7QH,51.3661560000,-2.9105010000
BS22 7QJ,51.3665390000,-2.9110540000
BS22 8PR,51.3520700000,-2.9403830000
BS22 8PS,51.3525950000,-2.9387710000
BS22 8PT,51.3518320000,-2.9385830000
BS22 8PU,51.3511070000,-2.9404350000
BS22 8PW,51.3516650000,-2.9407570000
BS22 8PX,51.3516680000,-2.9366130000
BS22 8PY,51.3499380000,-2.9371230000
BS22 8PZ,51.3494450000,-2.9391810000
BS22 8QA,51.3504180000,-2.9388850000
BS22 8QB,51.3506170000,-2.9376390000
BS22 8QD,51.3511980000,-2.9380680000
BS22 8QE,51.3506330000,-2.9416840000
BS22 8QF,51.3497270000,-2.9410390000
BS22 8QG,51.3499780000,-2.9399380000
BS22 8QH,51.3472040000,-2.9386270000
BS22 8QJ,51.3476870000,-2.9389530000
BS22 8QN,51.3509270000,-2.9427000000
BS22 8QP,51.3523120000,-2.9426860000
BS22 8QQ,51.3494840000,-2.9413300000
BS22 8QR,51.3526080000,-2.9416290000
BS22 8QS,51.3482160000,-2.9376910000
BS22 8QT,51.3541390000,-2.9368930000
BS22 8QU,51.3553640000,-2.9354530000
BS22 8QW,51.3521790000,-2.9412760000
BS22 8QX,51.3538370000,-2.9363980000
BS22 8QY,51.3554700000,-2.9345930000
BS22 8QZ,51.3536890000,-2.9358500000
BS22 8RA,51.3543020000,-2.9344830000
BS22 8RB,51.3540830000,-2.9348380000
BS22 8RD,51.3549170000,-2.9340940000
BS22 8RE,51.3540690000,-2.9332870000
BS22 8RF,51.3538400000,-2.9338420000
BS22 8RG,51.3535160000,-2.9338360000
BS22 8RJ,51.3532430000,-2.9322880000
BS22 8RL,51.3530410000,-2.9329160000
BS22 8RN,51.3528370000,-2.9321850000
BS22 8RP,51.3532660000,-2.9340120000
BS22 8RQ,51.3535390000,-2.9323800000
BS22 8RR,51.3525840000,-2.9346210000
BS22 8RS,51.3516600000,-2.9343580000
BS22 8RT,51.3515150000,-2.9333640000
BS22 8RU,51.3504570000,-2.9344140000
BS22 8RW,51.3527200000,-2.9333020000
BS22 8RX,51.3510940000,-2.9330680000
BS22 8RY,51.3515120000,-2.9347570000
BS22 8RZ,51.3525070000,-2.9352220000
BS22 8SA,51.3530390000,-2.9361380000
BS22 8SB,51.3522610000,-2.9355620000
BS22 8SE,51.3519710000,-2.9359150000
BS22 8SF,51.3509420000,-2.9352480000
BS22 8SG,51.3517960000,-2.9319340000
BS22 8SH,51.3516510000,-2.9301450000
BS22 8SJ,51.3525400000,-2.9299810000
BS22 8SL,51.3529260000,-2.9300750000
BS22 8SN,51.3523330000,-2.9314080000
BS22 8SP,51.3524850000,-2.9323350000
BS22 8SQ,51.3513080000,-2.9310190000
BS22 8SR,51.3532680000,-2.9303500000
BS22 8SS,51.3537680000,-2.9296420000
BS22 8ST,51.3530430000,-2.9289290000
BS22 8SU,51.3530240000,-2.9293400000
BS22 8SW,51.3520610000,-2.9316750000
BS22 8SX,51.3541550000,-2.9284580000
BS22 8SY,51.3541860000,-2.9290620000
BS22 8SZ,51.3488190000,-2.9320310000
BS22 8TU,51.3528390000,-2.9228790000
BS22 8TX,51.3531380000,-2.9248240000
BS22 8TY,51.3535210000,-2.9241710000
BS22 8TZ,51.3530010000,-2.9231640000
BS22 8UH,51.3563940000,-2.9235250000
BS22 8UJ,51.3565990000,-2.9238020000
BS22 8UL,51.3571130000,-2.9247170000
BS22 8UP,51.3566080000,-2.9260140000
BS22 8UQ,51.3550470000,-2.9223160000
BS22 8UR,51.3558050000,-2.9252220000
BS22 8US,51.3550090000,-2.9258090000
BS22 7QL,51.3662520000,-2.9075150000
BS22 7QN,51.3652100000,-2.9084280000
BS22 7QP,51.3683640000,-2.9099270000
BS22 7QQ,51.3661180000,-2.9128320000
BS22 7QR,51.3682430000,-2.9092780000
BS22 7QS,51.3677010000,-2.9095400000
BS22 7QT,51.3700240000,-2.9092560000
BS22 7QU,51.3695440000,-2.9096770000
BS22 7QW,51.3655550000,-2.9092530000
BS22 7QX,51.3693700000,-2.9100190000
BS22 7QY,51.3688810000,-2.9104970000
BS22 7QZ,51.3670280000,-2.9101780000
BS22 7RA,51.3656440000,-2.9031980000
BS22 7RB,51.3658830000,-2.9027820000
BS22 7RD,51.3654230000,-2.9038690000
BS22 7RE,51.3645090000,-2.9002700000
BS22 7RH,51.3651120000,-2.9013420000
BS22 7RJ,51.3646780000,-2.9025330000
BS22 7RL,51.3651200000,-2.9034610000
BS22 7RN,51.3678090000,-2.9014980000
BS22 7RR,51.3847710000,-2.9134620000
BS22 7RU,51.3663950000,-2.9006230000
BS22 7RY,51.3667500000,-2.9011610000
BS22 7RZ,51.3658680000,-2.9000660000
BS22 7SA,51.3623440000,-2.9011610000
BS22 7SB,51.3620020000,-2.9008280000
BS22 7SH,51.3689670000,-2.9028850000
BS22 7SJ,51.3684160000,-2.9029080000
BS22 7SP,51.3705760000,-2.9157170000
BS22 7SR,51.3698730000,-2.9155070000
BS22 7SS,51.3693280000,-2.9151370000
BS22 7ST,51.3701470000,-2.9153350000
BS22 7SU,51.3694590000,-2.9148330000
BS22 7SW,51.3691630000,-2.9158760000
BS22 7SY,51.3705540000,-2.9115940000
BS22 7TA,51.3639420000,-2.9154270000
BS22 7TB,51.3637990000,-2.9172390000
BS22 7TD,51.3643110000,-2.9172920000
BS22 7TE,51.3641750000,-2.9132620000
BS22 7TF,51.3636920000,-2.9140280000
BS22 7TG,51.3643270000,-2.9156210000
BS22 7TH,51.3649370000,-2.9169400000
BS22 7TJ,51.3653170000,-2.9163360000
BS22 7TL,51.3653000000,-2.9153820000
BS22 7TN,51.3659400000,-2.9151360000
BS22 7TP,51.3649010000,-2.9135210000
BS22 7TQ,51.3648150000,-2.9161530000
BS22 7TR,51.3662200000,-2.9135670000
BS22 7TS,51.3672940000,-2.9133680000
BS22 7TT,51.3667570000,-2.9138360000
BS22 7TU,51.3662140000,-2.9158310000
BS22 7TW,51.3656590000,-2.9142970000
BS22 7TX,51.3669520000,-2.9156590000
BS22 7TY,51.3673650000,-2.9146470000
BS22 7UA,51.3684400000,-2.9125340000
BS22 7UB,51.3648320000,-2.9131460000
BS22 7UD,51.3644240000,-2.9135550000
BS22 7UE,51.3649620000,-2.9145190000
BS22 7UF,51.3650230000,-2.9138970000
BS22 7UG,51.3675000000,-2.9157710000
BS22 7UH,51.3679820000,-2.9158570000
BS22 7UJ,51.3676000000,-2.9164530000
BS22 7UL,51.3682840000,-2.9155710000
BS22 7UN,51.3690170000,-2.9150110000
BS22 7UP,51.3680280000,-2.9125920000
BS22 7UQ,51.3679790000,-2.9154350000
BS22 7UR,51.3685030000,-2.9140240000
BS22 7US,51.3692800000,-2.9124300000
BS22 7UT,51.3681540000,-2.9115170000
BS22 7UU,51.3684890000,-2.9111220000
BS22 7UW,51.3683110000,-2.9144510000
BS22 7UX,51.3675450000,-2.9111600000
BS22 7UY,51.3669600000,-2.9112490000
BS22 7UZ,51.3669970000,-2.9122410000
BS22 7WB,51.3648430000,-2.9001610000
BS22 7XB,51.3667700000,-2.9090620000
BS22 7XE,51.3600470000,-2.9017480000
BS22 7XJ,51.3607320000,-2.9003250000
BS22 6JA,51.3604560000,-2.9272410000
BS22 6JB,51.3612880000,-2.9270370000
BS22 6JD,51.3601190000,-2.9270560000
BS22 6JE,51.3603940000,-2.9260040000
BS22 6JG,51.3608880000,-2.9253340000
BS22 6JJ,51.3605000000,-2.9243490000
BS22 6JL,51.3601560000,-2.9235090000
BS22 6JN,51.3596420000,-2.9225510000
BS22 6JP,51.3587920000,-2.9197050000
BS22 6JQ,51.3609180000,-2.9249320000
BS22 6JR,51.3594550000,-2.9199760000
BS22 6JS,51.3607470000,-2.9261210000
BS22 6JT,51.3610390000,-2.9244610000
BS22 6JU,51.3588570000,-2.9206110000
BS22 6JW,51.3595310000,-2.9214340000
BS22 6JZ,51.3677740000,-2.9239840000
BS22 6LA,51.3607330000,-2.9218020000
BS22 6LB,51.3601860000,-2.9215900000
BS22 6LD,51.3607730000,-2.9201950000
BS22 6LE,51.3619290000,-2.9205910000
BS22 6LF,51.3614750000,-2.9192990000
BS22 6LG,51.3605020000,-2.9195520000
BS22 6LH,51.3595870000,-2.9192460000
BS22 6LJ,51.3592710000,-2.9178810000
BS22 6LL,51.3600780000,-2.9185240000
BS22 6LN,51.3603400000,-2.9183850000
BS22 6LP,51.3608900000,-2.9158400000
BS22 6LQ,51.3601380000,-2.9200190000
BS22 6LR,51.3600270000,-2.9167180000
BS22 6LS,51.3595870000,-2.9168910000
BS22 6LT,51.3614490000,-2.9180630000
BS22 7XP,51.3595020000,-2.9009230000
BS22 7XQ,51.3674770000,-2.9083290000
BS22 7XU,51.3653240000,-2.9006730000
BS22 7XY,51.3601750000,-2.9025400000
BS22 7XZ,51.3653120000,-2.9011330000
BS22 7YB,51.3698260000,-2.9228850000
BS22 7YE,51.3692420000,-2.9206610000
BS22 7YF,51.3703090000,-2.9222050000
BS22 7YH,51.3657160000,-2.9070300000
BS22 7YJ,51.3850830000,-2.9014350000
BS22 7YL,51.3853530000,-2.9080130000
BS22 7YN,51.3665310000,-2.9074340000
BS22 7YP,51.3841220000,-2.9114370000
BS22 7YR,51.3837820000,-2.9138400000
BS22 7YS,51.3936760000,-2.9165430000
BS22 7YT,51.3669280000,-2.9060630000
BS22 7YU,51.3797300000,-2.9157130000
BS22 7YW,51.3674670000,-2.9061600000
BS22 7YX,51.3670010000,-2.9071130000
BS22 7YZ,51.3704090000,-2.9083010000
BS22 7ZA,51.3605510000,-2.9016570000
BS22 8AA,51.3524210000,-2.9535880000
BS22 8AB,51.3520070000,-2.9536080000
BS22 8AD,51.3513610000,-2.9524460000
BS22 8AE,51.3523000000,-2.9519340000
BS22 8AF,51.3525490000,-2.9500290000
BS22 8AG,51.3526640000,-2.9491980000
BS22 8AH,51.3516990000,-2.9517060000
BS22 8AJ,51.3517890000,-2.9505730000
BS22 8AN,51.3521510000,-2.9481830000
BS22 8AP,51.3528990000,-2.9501080000
BS22 8AQ,51.3529990000,-2.9478410000
BS22 8AR,51.3531160000,-2.9488630000
BS22 8AS,51.3538200000,-2.9489440000
BS22 8AT,51.3508290000,-2.9503950000
BS22 8AU,51.3504060000,-2.9303120000
BS22 8AW,51.3518790000,-2.9494980000
BS22 8AX,51.3502270000,-2.9302360000
BS22 8AY,51.3491490000,-2.9312480000
BS22 8BA,51.3535930000,-2.9510410000
BS22 8BB,51.3536550000,-2.9500950000
BS22 8BD,51.3552750000,-2.9513720000
BS22 8BE,51.3552040000,-2.9519220000
BS22 8BG,51.3551580000,-2.9580330000
BS22 8BH,51.3472540000,-2.9346360000
BS22 8BJ,51.3497460000,-2.9299770000
BS22 8BL,51.3482250000,-2.9343740000
BS22 8BN,51.3478550000,-2.9348350000
BS22 8BP,51.3558290000,-2.9547640000
BS22 8BQ,51.3549210000,-2.9572530000
BS22 8BS,51.3565550000,-2.9549800000
BS22 8BT,51.3562720000,-2.9537050000
BS22 8BU,51.3567650000,-2.9528680000
BS22 8BX,51.3558050000,-2.9510010000
BS22 8BY,51.3566760000,-2.9526940000
BS22 8BZ,51.3569190000,-2.9504150000
BS22 8DA,51.3566390000,-2.9502570000
BS22 8DB,51.3580210000,-2.9497920000
BS22 8DD,51.3576140000,-2.9508520000
BS22 8DE,51.3572680000,-2.9502410000
BS22 8DF,51.3574100000,-2.9527000000
BS22 6LW,51.3609530000,-2.9171050000
BS22 6NA,51.3623180000,-2.9203840000
BS22 6NB,51.3628470000,-2.9193740000
BS22 6ND,51.3620210000,-2.9196110000
BS22 6NE,51.3623940000,-2.9190150000
BS22 6NF,51.3620020000,-2.9185620000
BS22 6NG,51.3625550000,-2.9188230000
BS22 6NH,51.3617120000,-2.9188870000
BS22 6NJ,51.3625370000,-2.9180270000
BS22 6NL,51.3628540000,-2.9185700000
BS22 6NN,51.3629330000,-2.9175660000
BS22 6NP,51.3626680000,-2.9169430000
BS22 6NQ,51.3632200000,-2.9200140000
BS22 6NR,51.3620220000,-2.9167870000
BS22 6NS,51.3627740000,-2.9161120000
BS22 6NT,51.3621580000,-2.9159370000
BS22 6NU,51.3621810000,-2.9148800000
BS22 6NW,51.3620940000,-2.9172000000
BS22 6NX,51.3629510000,-2.9153550000
BS22 6NY,51.3623830000,-2.9143520000
BS22 6PA,51.3674300000,-2.9254850000
BS22 6PE,51.3688410000,-2.9247470000
BS22 6PH,51.3610760000,-2.9227430000
BS22 6PJ,51.3618870000,-2.9228830000
BS22 6PL,51.3623910000,-2.9225250000
BS22 6PN,51.3612540000,-2.9222240000
BS22 6PP,51.3633030000,-2.9220700000
BS22 6PR,51.3630990000,-2.9219880000
BS22 6PS,51.3631920000,-2.9227370000
BS22 6PU,51.3637430000,-2.9220640000
BS22 6PW,51.3623730000,-2.9213610000
BS22 6PX,51.3640170000,-2.9215090000
BS22 6PY,51.3634560000,-2.9208950000
BS22 6QN,51.3615620000,-2.9249930000
BS22 6QP,51.3616810000,-2.9262260000
BS22 6QR,51.3613900000,-2.9265930000
BS22 6QW,51.3622120000,-2.9257820000
BS22 6RA,51.3552540000,-2.9210990000
BS22 6RB,51.3557960000,-2.9207410000
BS22 6RD,51.3553830000,-2.9205890000
BS22 6RE,51.3552910000,-2.9197260000
BS22 6RF,51.3547200000,-2.9203030000
BS22 6RG,51.3542310000,-2.9195900000
BS22 6RH,51.3547160000,-2.9185650000
BS22 6RJ,51.3539800000,-2.9206760000
BS22 6RL,51.3550890000,-2.9172320000
BS22 6RN,51.3559770000,-2.9159620000
BS22 6RP,51.3564730000,-2.9180400000
BS22 6RQ,51.3552770000,-2.9192660000
BS22 6RR,51.3554470000,-2.9182500000
BS22 6RS,51.3559430000,-2.9168950000
BS22 6RT,51.3578910000,-2.9164840000
BS22 6RU,51.3575610000,-2.9192970000
BS22 6RW,51.3568610000,-2.9171240000
BS22 6RX,51.3580460000,-2.9181440000
BS22 6RY,51.3571760000,-2.9182930000
BS22 6RZ,51.3569030000,-2.9148460000
BS22 6SA,51.3564150000,-2.9139890000
BS22 6SB,51.3566470000,-2.9131030000
BS22 6SD,51.3568740000,-2.9200110000
BS22 6SE,51.3571460000,-2.9205670000
BS22 6SF,51.3576030000,-2.9207060000
BS22 6SG,51.3577170000,-2.9223160000
BS22 6SH,51.3565280000,-2.9213450000
BS22 6SJ,51.3568200000,-2.9219970000
BS22 6SL,51.3560750000,-2.9195690000
BS22 6SN,51.3561650000,-2.9206620000
BS22 6SQ,51.3568790000,-2.9213660000
BS22 6TN,51.3604190000,-2.9288860000
BS22 6TR,51.3619360000,-2.9276870000
BS22 6TS,51.3615890000,-2.9284410000
BS22 6TU,51.3607210000,-2.9278780000
BS22 6TW,51.3615880000,-2.9278040000
BS22 6TX,51.3611770000,-2.9293090000
BS22 6UA,51.3608930000,-2.9235810000
BS22 6UB,51.3619030000,-2.9242480000
BS22 6UD,51.3631050000,-2.9231430000
BS22 6UE,51.3623480000,-2.9237970000
BS22 6UF,51.3625570000,-2.9245490000
BS22 6UG,51.3632840000,-2.9266370000
BS22 6UH,51.3637760000,-2.9258570000
BS22 6UJ,51.3641000000,-2.9247430000
BS22 6UL,51.3645630000,-2.9230000000
BS22 6UN,51.3643460000,-2.9242450000
BS22 6UP,51.3669660000,-2.9250160000
BS22 6UQ,51.3637900000,-2.9263890000
BS22 6UR,51.3669280000,-2.9241390000
BS22 6US,51.3667880000,-2.9236910000
BS22 6UT,51.3667090000,-2.9256580000
BS22 6UU,51.3679460000,-2.9254040000
BS22 6WA,51.3575850000,-2.9115560000
BS22 6WE,51.3587210000,-2.9112340000
BS22 6XG,51.3662430000,-2.9223960000
BS22 6XP,51.3659690000,-2.9228940000
BS22 6XQ,51.3438810000,-2.9570230000
BS22 6XR,51.3661200000,-2.9221070000
BS22 6XX,51.3652760000,-2.9215200000
BS22 6XY,51.3652900000,-2.9209030000
BS22 6XZ,51.3658160000,-2.9203250000
BS22 6YA,51.3574760000,-2.9231450000
BS22 6YB,51.3559060000,-2.9220020000
BS22 6YD,51.3545670000,-2.9214350000
BS22 6YG,51.3569820000,-2.9234450000
BS22 6YN,51.3560040000,-2.9228990000
BS22 6YU,51.3552940000,-2.9238910000
BS22 6YW,51.3555120000,-2.9224870000
BS22 7AB,51.3686250000,-2.9040710000
BS22 7AH,51.3681460000,-2.9032140000
BS22 7BB,51.3607130000,-2.9050790000
BS22 7BU,51.3631640000,-2.9029630000
BS22 7DG,51.3488040000,-2.9353710000
BS22 7DP,51.3679990000,-2.9067930000
BS22 7DR,51.3680800000,-2.9082550000
BS22 7DS,51.3688750000,-2.9086490000
BS22 7DT,51.3696510000,-2.9073810000
BS22 7DU,51.3687660000,-2.9079520000
BS22 7DW,51.3710030000,-2.9139590000
BS22 7DX,51.3704400000,-2.9135590000
BS22 7DY,51.3709540000,-2.9133970000
BS22 7DZ,51.3706340000,-2.9129170000
BS22 7EZ,51.3621770000,-2.9041160000
BS22 7FA,51.3668610000,-2.9028200000
BS22 7FB,51.3716500000,-2.9116590000
BS22 7FD,51.3716010000,-2.9110250000
BS22 7FE,51.3720380000,-2.9100050000
BS22 7FF,51.3674250000,-2.9022370000
BS22 7FG,51.3728450000,-2.9164660000
BS22 7FH,51.3727130000,-2.9122310000
BS22 7FL,51.3722210000,-2.9119190000
BS22 7FN,51.3728830000,-2.9150020000
BS22 7FP,51.3732470000,-2.9110440000
BS22 7FQ,51.3727230000,-2.9144870000
BS22 7FR,51.3731210000,-2.9132820000
BS22 7FT,51.3739670000,-2.9131840000
BS22 7FW,51.3732150000,-2.9139880000
BS22 7FX,51.3738770000,-2.9120760000
BS22 7FY,51.3743230000,-2.9125450000
BS22 7GB,51.3711240000,-2.9179830000
BS22 7GD,51.3703950000,-2.9188940000
BS22 7GF,51.3720430000,-2.9140850000
BS22 7GJ,51.3699730000,-2.9050790000
BS22 7GL,51.3690950000,-2.9036950000
BS22 7HH,51.3712160000,-2.9097680000
BS22 7HJ,51.3711270000,-2.9083870000
BS22 7HL,51.3715850000,-2.9177340000
BS22 7HP,51.3715670000,-2.9165700000
BS22 7JH,51.3670610000,-2.9016130000
BS22 7JX,51.3711820000,-2.9175820000
BS22 7JY,51.3704540000,-2.9174240000
BS22 7JZ,51.3700890000,-2.9135670000
BS22 7LU,51.3700100000,-2.9121290000
BS22 7LX,51.3700040000,-2.9128900000
BS22 7LY,51.3696280000,-2.9127820000
BS22 7LZ,51.3696700000,-2.9142190000
BS22 7NZ,51.3643270000,-2.9201890000
BS22 7PA,51.3647340000,-2.9207340000
BS22 7PB,51.3648360000,-2.9191840000
BS22 7PD,51.3654280000,-2.9197080000
BS22 7PE,51.3651150000,-2.9180120000
BS22 6AA,51.3552480000,-2.9331100000
BS22 6AB,51.3562120000,-2.9332820000
BS22 6AD,51.3567710000,-2.9331350000
BS22 6AE,51.3563680000,-2.9294790000
BS22 6AF,51.3590310000,-2.9237130000
BS22 6AG,51.3569800000,-2.9316460000
BS22 6AH,51.3586290000,-2.9233350000
BS22 6AJ,51.3577530000,-2.9256780000
BS22 6AL,51.3574660000,-2.9244510000
BS22 6AN,51.3583280000,-2.9238750000
BS22 6AP,51.3591670000,-2.9246240000
BS22 6AQ,51.3566720000,-2.9304670000
BS22 6AR,51.3595880000,-2.9244080000
BS22 6AS,51.3598740000,-2.9239060000
BS22 6AU,51.3603650000,-2.9254950000
BS22 6AX,51.3579250000,-2.9212810000
BS22 6AY,51.3584120000,-2.9184960000
BS22 6AZ,51.3587800000,-2.9189570000
BS22 6BA,51.3606060000,-2.9119850000
BS22 6BB,51.3583410000,-2.9164640000
BS22 6BD,51.3580910000,-2.9147550000
BS22 6BE,51.3568810000,-2.9134050000
BS22 6BG,51.3591420000,-2.9140960000
BS22 6BH,51.3582190000,-2.9144850000
BS22 6BJ,51.3599680000,-2.9106940000
BS22 6BL,51.3617250000,-2.9111500000
BS22 6BP,51.3638280000,-2.9101000000
BS22 6BQ,51.3596820000,-2.9128860000
BS22 6BT,51.3621510000,-2.9118050000
BS22 6BW,51.3593150000,-2.9099250000
BS22 6BX,51.3625680000,-2.9129290000
BS22 6BY,51.3581590000,-2.9121370000
BS22 6BZ,51.3586800000,-2.9130430000
BS22 6DA,51.3597840000,-2.9143430000
BS22 6DB,51.3530050000,-2.9077560000
BS22 6DD,51.3529120000,-2.9069930000
BS22 6DE,51.3600080000,-2.9156120000
BS22 6DF,51.3612090000,-2.9150330000
BS22 6DG,51.3603510000,-2.9146940000
BS22 6DH,51.3616660000,-2.9155110000
BS22 6DJ,51.3604600000,-2.9142130000
BS22 6DL,51.3604630000,-2.9129590000
BS22 6DN,51.3613700000,-2.9139300000
BS22 6DP,51.3524550000,-2.9079030000
BS22 6DQ,51.3611500000,-2.9133080000
BS22 6DR,51.3604120000,-2.9339040000
BS22 6DS,51.3598310000,-2.9346680000
BS22 6DT,51.3597430000,-2.9332300000
BS22 6DU,51.3589590000,-2.9335150000
BS22 6DW,51.3538630000,-2.9084190000
BS22 6EA,51.3565510000,-2.9347390000
BS22 6EB,51.3571370000,-2.9341390000
BS22 6ED,51.3572170000,-2.9335320000
BS22 6EE,51.3573700000,-2.9323860000
BS22 6EF,51.3581930000,-2.9337150000
BS22 6EG,51.3582710000,-2.9328840000
BS22 6EJ,51.3584710000,-2.9315760000
BS22 6EL,51.3594750000,-2.9319600000
BS22 6EN,51.3582490000,-2.9304360000
BS22 6EQ,51.3579340000,-2.9327280000
BS22 6ER,51.3579360000,-2.9309380000
BS22 6ES,51.3579910000,-2.9319020000
BS22 6ET,51.3592480000,-2.9310510000
BS22 6EU,51.3590000000,-2.9306290000
BS22 6EW,51.3574000000,-2.9305110000
BS22 6EX,51.3587750000,-2.9294610000
BS22 6FU,51.3602820000,-2.9109620000
BS22 6HA,51.3595340000,-2.9301810000
BS22 6HB,51.3598000000,-2.9298340000
BS22 6HD,51.3594350000,-2.9294410000
BS22 6HE,51.3597620000,-2.9286340000
BS22 6HG,51.3599630000,-2.9282070000
BS22 6HN,51.3592080000,-2.9282210000
BS22 6HQ,51.3601670000,-2.9285850000
BS22 6HR,51.3592870000,-2.9272600000
BS22 6HS,51.3595450000,-2.9265040000
BS22 6HT,51.3588390000,-2.9259440000
BS22 6HU,51.3592030000,-2.9254200000
BS22 6HW,51.3588280000,-2.9273510000
BS22 6HX,51.3582700000,-2.9262770000
BS22 6HY,51.3580440000,-2.9252960000
BS22 6HZ,51.3584980000,-2.9246730000
BS24 7GP,51.3557770000,-2.9027550000
BS22 6BF,51.3598370000,-2.9251260000
BS22 7AA,51.3607840000,-2.9029400000
BS22 7AF,51.3606400000,-2.9037460000
BS22 7ZR,51.3438780000,-2.9570280000
BS22 9FL,51.3708180000,-2.9614400000
BS22 9UB,51.3663830000,-2.9572970000
BS22 9US,51.3673920000,-2.9570160000
BS22 9UX,51.3671880000,-2.9577870000
BS22 9WN,51.3670610000,-2.9567790000
BS22 9WP,51.3668330000,-2.9576310000
BS22 9WQ,51.3667830000,-2.9567300000
BS22 9WR,51.3665580000,-2.9568120000
BS22 9WT,51.3676150000,-2.9572500000
BS22 9WU,51.3675370000,-2.9579670000
BS22 9WW,51.3679580000,-2.9582340000
BS22 9XQ,51.3680700000,-2.9577340000
BS23 1BS,51.3387410000,-2.9747810000
BS23 1WN,51.3438700000,-2.9768500000
BS23 1WP,51.3437280000,-2.9733870000
BS23 2EB,51.3560140000,-2.9773240000
BS23 3EZ,51.3370250000,-2.9530760000
BS23 3SA,51.3444650000,-2.9603520000
BS23 3SD,51.3446260000,-2.9593790000
BS23 4BZ,51.3259290000,-2.9652030000
BS23 4TS,51.3229120000,-2.9733190000
BS23 4XU,51.3204980000,-2.9916290000
BS23 9JN,51.3438780000,-2.9570280000
BS23 9LP,51.3438810000,-2.9570230000
BS24 7FU,51.3367080000,-2.9031900000
BS24 7FW,51.3522800000,-2.9003170000
BS24 7FZ,51.3540220000,-2.9028640000
BS24 7GA,51.3547240000,-2.9017290000
BS24 7GB,51.3364510000,-2.9018590000
BS24 7GF,51.3367050000,-2.9015190000
BS24 7GG,51.3355680000,-2.9017040000
BS24 7GH,51.3361290000,-2.9000920000
BS24 7GJ,51.3360400000,-2.9014630000
BS24 7GL,51.3554100000,-2.9037250000
BS24 7GN,51.3560010000,-2.9040520000
BS24 7GQ,51.3560300000,-2.9025160000
BS24 7GR,51.3555920000,-2.9057240000
BS24 7GS,51.3549010000,-2.9044180000
BS24 7GT,51.3544620000,-2.9041940000
BS24 7GU,51.3553990000,-2.9023790000
BS24 7GY,51.3508460000,-2.9247490000
BS24 7JP,51.3577450000,-2.9059870000
BS24 7JQ,51.3363060000,-2.9028380000
BS24 8AL,51.3345610000,-2.9487040000
BS24 8AS,51.3342670000,-2.9483820000
BS24 8AT,51.3336250000,-2.9455410000
BS24 8AU,51.3331590000,-2.9459680000
BS24 8AW,51.3341520000,-2.9499070000
BS24 8AX,51.3342690000,-2.9492720000
BS24 8AY,51.3335440000,-2.9462060000
BS24 8EE,51.3419010000,-2.9357830000
BS24 8EG,51.3361150000,-2.9507370000
BS24 8EP,51.3345130000,-2.9468800000
BS24 8EQ,51.3343950000,-2.9498840000
BS24 8ER,51.3339740000,-2.9474640000
BS24 8ES,51.3356700000,-2.9467950000
BS23 2BJ,51.3534650000,-2.9871710000
BS24 9AL,51.3262850000,-2.9553280000
BS24 9AP,51.3261920000,-2.9557140000
BS24 8BN,51.3331540000,-2.9499440000
BS24 8BU,51.3334220000,-2.9478680000
BS24 8DH,51.3365300000,-2.9449750000
BS24 8DJ,51.3361410000,-2.9442210000
BS24 8DL,51.3360410000,-2.9432430000
BS24 8BL,51.3356090000,-2.9509850000
BS24 8BW,51.3327510000,-2.9486440000
BS24 8BX,51.3331910000,-2.9486820000
BS23 9NZ,51.3438810000,-2.9570230000
BS23 9ZZ,51.3455370000,-2.9775030000
BS23 2EL,51.3551290000,-2.9914290000
BS22 6BU,51.3614180000,-2.9181820000
BS23 9PG,51.3438780000,-2.9570280000
BS24 7LP,51.3382940000,-2.9003640000
BS24 7LX,51.3374990000,-2.9019710000
BS24 7LZ,51.3353190000,-2.9071540000
BS24 7NB,51.3584760000,-2.9045360000
BS24 8DT,51.3326300000,-2.9513260000
BS24 8ET,51.3330580000,-2.9517650000
BS24 7LT,51.3375940000,-2.9013410000
BS23 9PJ,51.3438780000,-2.9570280000
BS23 9PL,51.3438780000,-2.9570280000
BS24 8EU,51.3325650000,-2.9527170000
BS24 8EW,51.3323680000,-2.9514210000
BS22 6DX,51.3577140000,-2.9112430000
BS23 1FF,51.3457050000,-2.9785180000
BS23 3FQ,51.3473360000,-2.9497200000
BS24 8EX,51.3340720000,-2.9509390000
BS24 8EY,51.3337710000,-2.9514210000
BS24 8EZ,51.3340630000,-2.9519870000
BS24 8FB,51.3343190000,-2.9525950000
BS24 7LU,51.3370790000,-2.9016470000
BS24 7LW,51.3371190000,-2.9011600000
BS24 7ND,51.3584620000,-2.9027840000
BS24 7LQ,51.3380890000,-2.9012650000
BS24 8EF,51.3436720000,-2.9347130000
BS24 8FF,51.3325580000,-2.9535490000
BS24 8FG,51.3333830000,-2.9538250000
BS24 8FH,51.3335240000,-2.9542150000
BS24 8FL,51.3412590000,-2.9428620000
BS22 8FB,51.3561840000,-2.9475760000
BS23 3FR,51.3469710000,-2.9668280000
BS24 7LY,51.3382170000,-2.9021860000
BS24 7NF,51.3580950000,-2.9061810000
BS24 8FD,51.3349560000,-2.9527520000
BS24 8FE,51.3340230000,-2.9524740000
BS24 8FJ,51.3322090000,-2.9543890000
BS23 1FH,51.3501690000,-2.9726970000
BS23 2EQ,51.3525300000,-2.9763660000
BS23 3FS,51.3500250000,-2.9727370000
BS24 7LR,51.3377720000,-2.9027370000
BS24 7NG,51.3353620000,-2.9027760000
BS24 8FN,51.3434760000,-2.9322680000
BS24 8FP,51.3372560000,-2.9430240000
BS24 8FQ,51.3370430000,-2.9427320000
BS24 8FR,51.3365010000,-2.9429790000
BS24 8FS,51.3365170000,-2.9422040000
BS24 7NH,51.3409110000,-2.9072640000
BS23 1FJ,51.3447060000,-2.9765150000
BS23 4DX,51.3348140000,-2.9700460000
BS23 9QH,51.3438780000,-2.9570280000
BS23 9QL,51.3438780000,-2.9570280000
BS23 9QN,51.3438780000,-2.9570280000
BS24 7NJ,51.3371250000,-2.9073620000
BS24 7NL,51.3368510000,-2.9079160000
BS24 7NT,51.3387440000,-2.9119440000
BS24 7NU,51.3392740000,-2.9120270000
BS24 7NX,51.3396730000,-2.9115750000
BS24 8FW,51.3342790000,-2.9442260000
BS24 8GA,51.3346540000,-2.9434870000
BS29 6AN,51.3455070000,-2.9001890000
BS22 6DY,51.3606240000,-2.9081980000
BS23 9QS,51.3438780000,-2.9570280000
BS23 9QX,51.3438780000,-2.9570280000
BS23 9QY,51.3438780000,-2.9570280000
BS23 9QZ,51.3438780000,-2.9570280000
BS23 9RB,51.3438780000,-2.9570280000
BS23 9RD,51.3438780000,-2.9570280000
BS23 9RE,51.3438780000,-2.9570280000
BS23 9RF,51.3438780000,-2.9570280000
BS24 0AF,51.3159670000,-2.9678990000
BS24 7NN,51.3373160000,-2.9081690000
BS24 7NP,51.3376650000,-2.9072290000
BS24 7NQ,51.3562130000,-2.9017630000
BS24 7NS,51.3380700000,-2.9118590000
BS24 7NY,51.3381580000,-2.9121770000
BS24 7PA,51.3535310000,-2.9009350000
BS24 7PD,51.3535310000,-2.9009350000
BS24 7PE,51.3529080000,-2.9012250000
BS24 7PH,51.3356650000,-2.9043330000
BS24 7PJ,51.3552140000,-2.9008100000
BS24 8GD,51.3346680000,-2.9428700000
BS24 9AQ,51.3240510000,-2.9480200000
BS29 6BR,51.3469100000,-2.9024860000
BS29 6BX,51.3468400000,-2.9010200000
BS29 6EB,51.3466450000,-2.9018200000
