45500,1995-01-10 00:00:00Z,TR16 4SS,Terraced,Established,Freehold,4,,HARMONY TERRACE,PAYNTERS LANE END,REDRUTH,KERRIER,CORNWALL,Standard,Addition,50.2457190000,-5.2664730000
51000,1995-04-13 00:00:00Z,TR15 3LX,Semi-Detached,Established,Freehold,18,,SUNNYSIDE PARC,ILLOGAN,REDRUTH,KERRIER,CORNWALL,Standard,Addition,50.2409720000,-5.2641500000
45000,1995-05-31 00:00:00Z,TR16 4DF,Detached,Established,Freehold,PINE LOGS,,MERRITTS HILL,ILLOGAN,REDRUTH,KERRIER,CORNWALL,Standard,Addition,50.2403250000,-5.2606130000
53000,1995-09-29 00:00:00Z,TR16 4RR,Semi-Detached,Established,Freehold,CHARNEL,,,PAYNTERS LANE END,REDRUTH,KERRIER,CORNWALL,Standard,Addition,50.2449210000,-5.2680110000
39500,1995-05-01 00:00:00Z,TR16 4RS,Detached,Established,Freehold,56,,ALEXANDRA CLOSE,ILLOGAN,REDRUTH,KERRIER,CORNWALL,Standard,Addition,50.2446550000,-5.2694440000
59950,1995-06-30 00:00:00Z,TR15 3LX,Detached,New Build,Freehold,19A,,SUNNYSIDE PARC,ILLOGAN,REDRUTH,KERRIER,CORNWALL,Standard,Addition,50.2409720000,-5.2641500000
39000,1995-04-28 00:00:00Z,TR16 4DH,Terraced,Established,Freehold,12,,BOSVEAN GARDENS,PAYNTERS LANE,REDRUTH,KERRIER,CORNWALL,Standard,Addition,50.2426260000,-5.2619760000
39000,1995-09-22 00:00:00Z,TR16 4RS,Detached,Established,Freehold,14,,ALEXANDRA CLOSE,ILLOGAN,REDRUTH,KERRIER,CORNWALL,Standard,Addition,50.2446550000,-5.2694440000
59950,1995-03-31 00:00:00Z,TR15 3LX,Semi-Detached,New Build,Freehold,43,,SUNNYSIDE PARC,ILLOGAN,REDRUTH,KERRIER,CORNWALL,Standard,Addition,50.2409720000,-5.2641500000
55500,1995-09-29 00:00:00Z,TR15 3LX,Semi-Detached,New Build,Freehold,46,,SUNNYSIDE PARC,ILLOGAN,REDRUTH,KERRIER,CORNWALL,Standard,Addition,50.2409720000,-5.2641500000
24000,1995-02-17 00:00:00Z,TR16 4DS,Flats/Maisonettes,Established,Leasehold,REGENCY,FLAT 1,PAYNTERS LANE,ILLOGAN,REDRUTH,KERRIER,CORNWALL,Standard,Addition,50.2448290000,-5.2664760000
38000,1995-07-28 00:00:00Z,TR16 4RX,Semi-Detached,Established,Freehold,14,,ROBARTES TERRACE,ILLOGAN,REDRUTH,KERRIER,CORNWALL,Standard,Addition,50.2466460000,-5.2670980000
50500,1995-02-10 00:00:00Z,TR15 3LY,Semi-Detached,Established,Freehold,86A,,SUNNYSIDE PARC,ILLOGAN,REDRUTH,KERRIER,CORNWALL,Standard,Addition,50.2404890000,-5.2646700000
49950,1995-12-18 00:00:00Z,TR15 3LX,Detached,Established,Freehold,9,,SUNNYSIDE PARC,ILLOGAN,REDRUTH,KERRIER,CORNWALL,Standard,Addition,50.2409720000,-5.2641500000
38000,1995-04-28 00:00:00Z,TR16 4DS,Semi-Detached,Established,Freehold,SLOOP COTTAGE,,PAYNTERS LANE,ILLOGAN,REDRUTH,KERRIER,CORNWALL,Standard,Addition,50.2448290000,-5.2664760000
35000,1995-04-07 00:00:00Z,TR16 4DL,Terraced,Established,Freehold,43,,POLDARK ROAD,ILLOGAN,REDRUTH,KERRIER,CORNWALL,Standard,Addition,50.2434850000,-5.2630870000
41000,1995-03-24 00:00:00Z,TR16 4SA,Semi-Detached,Established,Freehold,GLOROY,,BRIDGE ROAD,ILLOGAN,REDRUTH,CORNWALL,CORNWALL,Standard,Addition,50.2496960000,-5.2639180000
34950,1995-02-24 00:00:00Z,TR16 4DL,Terraced,Established,Freehold,42,,POLDARK ROAD,ILLOGAN,REDRUTH,KERRIER,CORNWALL,Standard,Addition,50.2434850000,-5.2630870000
51000,1995-03-30 00:00:00Z,TR16 4DH,Semi-Detached,Established,Freehold,25,,BOSVEAN GARDENS,PAYNTERS LANE,REDRUTH,KERRIER,CORNWALL,Standard,Addition,50.2426260000,-5.2619760000
30950,1995-10-27 00:00:00Z,TR16 4SG,Semi-Detached,Established,Freehold,65,,CORONATION ROAD,ILLOGAN,REDRUTH,KERRIER,CORNWALL,Standard,Addition,50.2499260000,-5.2643620000
55500,1995-08-25 00:00:00Z,TR15 3LY,Semi-Detached,New Build,Freehold,117,,SUNNYSIDE PARC,ILLOGAN,REDRUTH,KERRIER,CORNWALL,Standard,Addition,50.2404890000,-5.2646700000
53000,1995-12-01 00:00:00Z,TR16 4DQ,Semi-Detached,Established,Freehold,THE NOOK,,RICHARDS LANE,ILLOGAN,REDRUTH,KERRIER,CORNWALL,Standard,Addition,50.2420240000,-5.2616270000
54500,1995-02-10 00:00:00Z,TR15 3LY,Semi-Detached,Established,Freehold,110,,SUNNYSIDE PARC,ILLOGAN,REDRUTH,KERRIER,CORNWALL,Standard,Addition,50.2404890000,-5.2646700000
41250,1996-03-25 00:00:00Z,TR16 4DH,Semi-Detached,Established,Freehold,29,,BOSVEAN GARDENS,PAYNTERS LANE,REDRUTH,KERRIER,CORNWALL,Standard,Addition,50.2426260000,-5.2619760000
60000,1996-07-19 00:00:00Z,TR15 3LX,Detached,New Build,Freehold,19,,SUNNYSIDE PARC,ILLOGAN,REDRUTH,KERRIER,CORNWALL,Standard,Addition,50.2409720000,-5.2641500000
65000,1996-10-25 00:00:00Z,TR15 3LY,Detached,Established,Freehold,72,,SUNNYSIDE PARC,ILLOGAN,REDRUTH,KERRIER,CORNWALL,Standard,Addition,50.2404890000,-5.2646700000
57000,1996-12-20 00:00:00Z,TR15 3LY,Detached,New Build,Freehold,111,,SUNNYSIDE PARC,ILLOGAN,REDRUTH,KERRIER,CORNWALL,Standard,Addition,50.2404890000,-5.2646700000
47000,1996-02-02 00:00:00Z,TR16 4SS,Semi-Detached,Established,Freehold,7,,HARMONY TERRACE,PAYNTERS LANE END,REDRUTH,KERRIER,CORNWALL,Standard,Addition,50.2457190000,-5.2664730000
32000,1996-09-27 00:00:00Z,TR16 4DS,Terraced,Established,Freehold,AMBLESIDE,,,PAYNTERS LANE,REDRUTH,CORNWALL,CORNWALL,Standard,Addition,50.2448290000,-5.2664760000
74950,1996-11-25 00:00:00Z,TR16 4DH,Detached,Established,Freehold,9,,BOSVEAN GARDENS,PAYNTERS LANE,REDRUTH,KERRIER,CORNWALL,Standard,Addition,50.2426260000,-5.2619760000
40000,1996-10-31 00:00:00Z,TR16 4EZ,Detached,Established,Freehold,15,,LAMANVA ROAD,ILLOGAN,REDRUTH,KERRIER,CORNWALL,Standard,Addition,50.2446730000,-5.2614490000
52000,1996-06-14 00:00:00Z,TR15 3LX,Detached,Established,Freehold,65,,SUNNYSIDE PARC,ILLOGAN,REDRUTH,KERRIER,CORNWALL,Standard,Addition,50.2409720000,-5.2641500000
39000,1996-04-15 00:00:00Z,TR16 4SA,Detached,Established,Freehold,THE NOOK,,BRIDGE ROAD,ILLOGAN,REDRUTH,KERRIER,CORNWALL,Standard,Addition,50.2496960000,-5.2639180000
54950,1996-11-15 00:00:00Z,TR15 3LY,Semi-Detached,Established,Freehold,115,,SUNNYSIDE PARC,ILLOGAN,REDRUTH,KERRIER,CORNWALL,Standard,Addition,50.2404890000,-5.2646700000
34950,1996-10-31 00:00:00Z,TR16 4DH,Terraced,Established,Freehold,38,,BOSVEAN GARDENS,PAYNTERS LANE,REDRUTH,KERRIER,CORNWALL,Standard,Addition,50.2426260000,-5.2619760000
39000,1996-07-26 00:00:00Z,TR16 4RX,Semi-Detached,Established,Freehold,12,,ROBARTES TERRACE,ILLOGAN,REDRUTH,KERRIER,CORNWALL,Standard,Addition,50.2466460000,-5.2670980000
48000,1996-07-26 00:00:00Z,TR16 4DL,Terraced,Established,Freehold,34,,POLDARK ROAD,ILLOGAN,REDRUTH,KERRIER,CORNWALL,Standard,Addition,50.2434850000,-5.2630870000
31000,1996-01-26 00:00:00Z,TR16 4RZ,Terraced,Established,Freehold,2,,VENTONRAZE TERRACE,ILLOGAN,REDRUTH,KERRIER,CORNWALL,Standard,Addition,50.2481380000,-5.2655940000
40000,1996-04-18 00:00:00Z,TR16 4DL,Semi-Detached,Established,Freehold,38,,POLDARK ROAD,ILLOGAN,REDRUTH,KERRIER,CORNWALL,Standard,Addition,50.2434850000,-5.2630870000
76000,1996-05-21 00:00:00Z,TR16 4DF,Detached,Established,Freehold,THE GABLES,,MERRITTS HILL,ILLOGAN,REDRUTH,KERRIER,CORNWALL,Standard,Addition,50.2403250000,-5.2606130000
22000,1996-11-19 00:00:00Z,TR16 4DF,Terraced,Established,Freehold,LARGO,,MERRITTS HILL,ILLOGAN,REDRUTH,KERRIER,CORNWALL,Standard,Addition,50.2403250000,-5.2606130000
42000,1996-09-23 00:00:00Z,TR16 4DL,Terraced,Established,Freehold,33,,POLDARK ROAD,ILLOGAN,REDRUTH,KERRIER,CORNWALL,Standard,Addition,50.2434850000,-5.2630870000
54500,1996-10-29 00:00:00Z,TR15 3LY,Detached,Established,Freehold,83,,SUNNYSIDE PARC,ILLOGAN,REDRUTH,KERRIER,CORNWALL,Standard,Addition,50.2404890000,-5.2646700000
60000,1996-11-15 00:00:00Z,TR16 4DR,Detached,Established,Freehold,PORTH ENYS,,PAYNTERS LANE,ILLOGAN,REDRUTH,KERRIER,CORNWALL,Standard,Addition,50.2435630000,-5.2654490000
58000,1996-01-22 00:00:00Z,TR16 4RN,Detached,Established,Freehold,30,,TREFORTHLAN,ILLOGAN,REDRUTH,KERRIER,CORNWALL,Standard,Addition,50.2435160000,-5.2667570000
45500,1996-09-23 00:00:00Z,TR16 4RZ,Terraced,Established,Freehold,1,,VENTONRAZE TERRACE,ILLOGAN,REDRUTH,KERRIER,CORNWALL,Standard,Addition,50.2481380000,-5.2655940000
88000,1996-06-21 00:00:00Z,TR16 4DY,Detached,Established,Freehold,"WERRIBEE HOUSE, 6",,ALEXANDRA ROAD,ILLOGAN,REDRUTH,KERRIER,CORNWALL,Standard,Addition,50.2457800000,-5.2694590000
58000,1996-04-29 00:00:00Z,TR16 4DH,Detached,Established,Freehold,49,,BOSVEAN GARDENS,PAYNTERS LANE,REDRUTH,KERRIER,CORNWALL,Standard,Addition,50.2426260000,-5.2619760000
59950,1996-08-28 00:00:00Z,TR15 3LX,Detached,Established,Freehold,20,,SUNNYSIDE PARC,ILLOGAN,REDRUTH,KERRIER,CORNWALL,Standard,Addition,50.2409720000,-5.2641500000
61950,1996-12-06 00:00:00Z,TR15 3LY,Detached,Established,Freehold,75,,SUNNYSIDE PARC,ILLOGAN,REDRUTH,KERRIER,CORNWALL,Standard,Addition,50.2404890000,-5.2646700000
44000,1996-06-21 00:00:00Z,TR16 4ET,Semi-Detached,Established,Freehold,TRESAVEAN,FLAT 1,VOGUEBELOTH,ILLOGAN,REDRUTH,KERRIER,CORNWALL,Standard,Addition,50.2453270000,-5.2618870000
55000,1996-03-29 00:00:00Z,TR16 4RN,Detached,Established,Freehold,19,,TREFORTHLAN,ILLOGAN,REDRUTH,KERRIER,CORNWALL,Standard,Addition,50.2435160000,-5.2667570000
45000,1996-02-29 00:00:00Z,TR16 4RS,Detached,Established,Freehold,52,,ALEXANDRA CLOSE,ILLOGAN,REDRUTH,KERRIER,CORNWALL,Standard,Addition,50.2446550000,-5.2694440000
44950,1996-11-22 00:00:00Z,TR16 4DW,Semi-Detached,Established,Freehold,9,,PENCARROW ROAD,ILLOGAN,REDRUTH,KERRIER,CORNWALL,Standard,Addition,50.2442440000,-5.2636300000
46500,1996-11-15 00:00:00Z,TR15 3LY,Semi-Detached,Established,Freehold,79,,SUNNYSIDE PARC,ILLOGAN,REDRUTH,KERRIER,CORNWALL,Standard,Addition,50.2404890000,-5.2646700000
18000,1996-01-31 00:00:00Z,TR16 4DS,Terraced,Established,Freehold,AMBLESIDE,,,PAYNTERS LANE,REDRUTH,CORNWALL,CORNWALL,Standard,Addition,50.2448290000,-5.2664760000
42000,1996-04-12 00:00:00Z,TR16 4HA,Terraced,Established,Freehold,CLEVE COTTAGE,,RICHARDS LANE,HARRIS MILL,REDRUTH,KERRIER,CORNWALL,Standard,Addition,50.2439840000,-5.2603720000
55500,1996-10-25 00:00:00Z,TR15 3LY,Semi-Detached,New Build,Freehold,116,,SUNNYSIDE PARC,ILLOGAN,REDRUTH,KERRIER,CORNWALL,Standard,Addition,50.2404890000,-5.2646700000
37500,1996-08-09 00:00:00Z,TR16 4ST,Semi-Detached,Established,Leasehold,36,,PENWARTHA ROAD,ILLOGAN,REDRUTH,KERRIER,CORNWALL,Standard,Addition,50.2449460000,-5.2648770000
35000,1996-08-09 00:00:00Z,TR16 4ST,Semi-Detached,Established,Leasehold,3,,PENWARTHA ROAD,ILLOGAN,REDRUTH,KERRIER,CORNWALL,Standard,Addition,50.2449460000,-5.2648770000
48250,1996-11-11 00:00:00Z,TR16 4DH,Semi-Detached,Established,Freehold,70,,BOSVEAN GARDENS,PAYNTERS LANE,REDRUTH,KERRIER,CORNWALL,Standard,Addition,50.2426260000,-5.2619760000
37950,1996-11-04 00:00:00Z,TR16 4DL,Terraced,Established,Freehold,43,,POLDARK ROAD,ILLOGAN,REDRUTH,KERRIER,CORNWALL,Standard,Addition,50.2434850000,-5.2630870000
58000,1996-04-12 00:00:00Z,TR15 3LY,Semi-Detached,New Build,Freehold,106,,SUNNYSIDE PARC,ILLOGAN,REDRUTH,KERRIER,CORNWALL,Standard,Addition,50.2404890000,-5.2646700000
30500,1996-11-29 00:00:00Z,TR16 4EP,Semi-Detached,Established,Freehold,1,,HARRIS MILL COTTAGES,ILLOGAN,REDRUTH,KERRIER,CORNWALL,Standard,Addition,50.2450750000,-5.2631460000
43000,1996-04-29 00:00:00Z,TR16 4RS,Terraced,New Build,Freehold,47,,ALEXANDRA CLOSE,ILLOGAN,REDRUTH,KERRIER,CORNWALL,Standard,Addition,50.2446550000,-5.2694440000
47000,1996-02-16 00:00:00Z,TR16 4DR,Detached,Established,Freehold,CANTLOP,,,PAYNTERS LANE,REDRUTH,KERRIER,CORNWALL,Standard,Addition,50.2435630000,-5.2654490000
10000,1996-04-19 00:00:00Z,TR16 4DS,Terraced,Established,Freehold,ROSCOT,,PAYNTERS LANE,ILLOGAN,REDRUTH,KERRIER,CORNWALL,Standard,Addition,50.2448290000,-5.2664760000
46500,1996-07-19 00:00:00Z,TR16 4RS,Semi-Detached,Established,Freehold,31,,ALEXANDRA CLOSE,ILLOGAN,REDRUTH,KERRIER,CORNWALL,Standard,Addition,50.2446550000,-5.2694440000
55000,1997-10-21 00:00:00Z,TR16 4DS,Terraced,Established,Freehold,GLASGOW HOUSE,,,PAYNTERS LANE,REDRUTH,CORNWALL,CORNWALL,Standard,Addition,50.2448290000,-5.2664760000
85000,1997-12-15 00:00:00Z,TR16 4RG,Detached,Established,Freehold,PARK VIEW,,TREVELYAN ROAD,ILLOGAN,REDRUTH,KERRIER,CORNWALL,Standard,Addition,50.2424620000,-5.2678010000
42750,1997-06-27 00:00:00Z,TR16 4RJ,Semi-Detached,Established,Freehold,19,,PAYNTERS LANE END ESTATE,ILLOGAN,REDRUTH,KERRIER,CORNWALL,Standard,Addition,50.2432790000,-5.2691470000
69950,1997-10-31 00:00:00Z,TR15 3LX,Detached,Established,Freehold,19,,SUNNYSIDE PARC,ILLOGAN,REDRUTH,KERRIER,CORNWALL,Standard,Addition,50.2409720000,-5.2641500000
44500,1997-04-21 00:00:00Z,TR16 4ER,Semi-Detached,Established,Freehold,BRISTOW,,VOGUEBELOTH,ILLOGAN,REDRUTH,KERRIER,CORNWALL,Standard,Addition,50.2449800000,-5.2617440000
65500,1997-03-17 00:00:00Z,TR16 4RH,Detached,Established,Freehold,SUNNINGDALE,,,PAYNTERS LANE END,REDRUTH,KERRIER,CORNWALL,Standard,Addition,50.2422840000,-5.2680550000
57000,1997-04-18 00:00:00Z,TR15 3LX,Detached,Established,Freehold,52,,SUNNYSIDE PARC,ILLOGAN,REDRUTH,KERRIER,CORNWALL,Standard,Addition,50.2409720000,-5.2641500000
90000,1997-08-29 00:00:00Z,TR15 3UR,Semi-Detached,Established,Freehold,ROSE COTTAGE,,SPAR LANE,ILLOGAN,REDRUTH,KERRIER,CORNWALL,Standard,Addition,50.2410010000,-5.2698470000
56000,1997-02-28 00:00:00Z,TR15 3LX,Semi-Detached,Established,Freehold,25,,SUNNYSIDE PARC,ILLOGAN,REDRUTH,KERRIER,CORNWALL,Standard,Addition,50.2409720000,-5.2641500000
59950,1997-10-21 00:00:00Z,TR15 3LY,Semi-Detached,Established,Freehold,106,,SUNNYSIDE PARC,ILLOGAN,REDRUTH,KERRIER,CORNWALL,Standard,Addition,50.2404890000,-5.2646700000
74000,1997-05-23 00:00:00Z,TR16 4DQ,Semi-Detached,Established,Freehold,WILMER,,RICHARDS LANE,ILLOGAN,REDRUTH,KERRIER,CORNWALL,Standard,Addition,50.2420240000,-5.2616270000
46500,1997-11-24 00:00:00Z,TR16 4DW,Semi-Detached,Established,Freehold,10,,PENCARROW ROAD,ILLOGAN,REDRUTH,KERRIER,CORNWALL,Standard,Addition,50.2442440000,-5.2636300000
64950,1997-05-19 00:00:00Z,TR16 4RN,Detached,Established,Freehold,32,,TREFORTHLAN,ILLOGAN,REDRUTH,KERRIER,CORNWALL,Standard,Addition,50.2435160000,-5.2667570000
45000,1997-02-07 00:00:00Z,TR16 4DL,Terraced,Established,Freehold,13,,POLDARK ROAD,ILLOGAN,REDRUTH,KERRIER,CORNWALL,Standard,Addition,50.2434850000,-5.2630870000
56950,1997-05-23 00:00:00Z,TR15 3LY,Semi-Detached,Established,Freehold,118,,SUNNYSIDE PARC,ILLOGAN,REDRUTH,KERRIER,CORNWALL,Standard,Addition,50.2404890000,-5.2646700000
53750,1997-10-30 00:00:00Z,TR15 3LY,Semi-Detached,Established,Freehold,69,,SUNNYSIDE PARC,ILLOGAN,REDRUTH,KERRIER,CORNWALL,Standard,Addition,50.2404890000,-5.2646700000
42750,1997-06-24 00:00:00Z,TR16 4SS,Terraced,Established,Freehold,FIVE WAYS,,,PAYNTERS LANE END,REDRUTH,KERRIER,CORNWALL,Standard,Addition,50.2457190000,-5.2664730000
46500,1997-10-17 00:00:00Z,TR16 4RS,Terraced,Established,Freehold,21,,ALEXANDRA CLOSE,ILLOGAN,REDRUTH,KERRIER,CORNWALL,Standard,Addition,50.2446550000,-5.2694440000
34950,1997-10-21 00:00:00Z,TR16 4RX,Semi-Detached,Established,Freehold,11,,ROBARTES TERRACE,ILLOGAN,REDRUTH,KERRIER,CORNWALL,Standard,Addition,50.2466460000,-5.2670980000
20000,1997-02-05 00:00:00Z,TR16 4RY,Terraced,Established,Freehold,"CORNER COTTAGE, 1",,VENTONRAZE,ILLOGAN,REDRUTH,KERRIER,CORNWALL,Standard,Addition,50.2480210000,-5.2659230000
90000,1997-09-08 00:00:00Z,TR15 3UR,Semi-Detached,Established,Freehold,FLEUR COTTAGE,,SPAR LANE,ILLOGAN,REDRUTH,KERRIER,CORNWALL,Standard,Addition,50.2410010000,-5.2698470000
26250,1997-08-22 00:00:00Z,TR16 4DR,Terraced,Established,Freehold,PECKELTUMN,,PAYNTERS LANE,ILLOGAN,REDRUTH,KERRIER,CORNWALL,Standard,Addition,50.2435630000,-5.2654490000
38500,1997-04-18 00:00:00Z,TR16 4DH,Terraced,Established,Freehold,40,,BOSVEAN GARDENS,PAYNTERS LANE,REDRUTH,KERRIER,CORNWALL,Standard,Addition,50.2426260000,-5.2619760000
38500,1997-07-11 00:00:00Z,TR16 4DH,Terraced,Established,Freehold,22,,BOSVEAN GARDENS,PAYNTERS LANE,REDRUTH,KERRIER,CORNWALL,Standard,Addition,50.2426260000,-5.2619760000
55000,1997-07-02 00:00:00Z,TR15 3LY,Semi-Detached,New Build,Freehold,119,,SUNNYSIDE PARC,ILLOGAN,REDRUTH,KERRIER,CORNWALL,Standard,Addition,50.2404890000,-5.2646700000
51500,1997-01-24 00:00:00Z,TR15 3LY,Semi-Detached,Established,Freehold,103,,SUNNYSIDE PARC,ILLOGAN,REDRUTH,KERRIER,CORNWALL,Standard,Addition,50.2404890000,-5.2646700000
59500,1997-07-18 00:00:00Z,TR16 4DF,Detached,Established,Freehold,MARKETH,,MERRITTS HILL,ILLOGAN,REDRUTH,KERRIER,CORNWALL,Standard,Addition,50.2403250000,-5.2606130000
50000,1997-05-23 00:00:00Z,TR16 4DH,Semi-Detached,Established,Freehold,72,,BOSVEAN GARDENS,PAYNTERS LANE,REDRUTH,PENWITH,CORNWALL,Standard,Addition,50.2426260000,-5.2619760000
48000,1997-08-15 00:00:00Z,TR16 4RS,Detached,Established,Freehold,33,,ALEXANDRA CLOSE,ILLOGAN,REDRUTH,KERRIER,CORNWALL,Standard,Addition,50.2446550000,-5.2694440000
25000,1997-07-16 00:00:00Z,TR16 4DR,Semi-Detached,Established,Freehold,BROOKFIELD,,PAYNTERS LANE,ILLOGAN,REDRUTH,KERRIER,CORNWALL,Standard,Addition,50.2435630000,-5.2654490000
47250,1997-04-25 00:00:00Z,TR16 4DF,Semi-Detached,Established,Freehold,ROSE-VEAN,,MERRITTS HILL,ILLOGAN,REDRUTH,KERRIER,CORNWALL,Standard,Addition,50.2403250000,-5.2606130000
40000,1997-07-08 00:00:00Z,TR16 4DL,Semi-Detached,Established,Freehold,39,,POLDARK ROAD,ILLOGAN,REDRUTH,KERRIER,CORNWALL,Standard,Addition,50.2434850000,-5.2630870000
89950,1997-05-23 00:00:00Z,TR16 4DF,Detached,Established,Freehold,LAMORRAN,,MERRITTS HILL,ILLOGAN,REDRUTH,KERRIER,CORNWALL,Standard,Addition,50.2403250000,-5.2606130000
53500,1997-03-21 00:00:00Z,TR15 3LX,Semi-Detached,Established,Freehold,21,,SUNNYSIDE PARC,ILLOGAN,REDRUTH,KERRIER,CORNWALL,Standard,Addition,50.2409720000,-5.2641500000
37000,1997-01-31 00:00:00Z,TR16 4RX,Detached,Established,Freehold,20,,ROBARTES TERRACE,ILLOGAN,REDRUTH,KERRIER,CORNWALL,Standard,Addition,50.2466460000,-5.2670980000
87000,1997-12-15 00:00:00Z,TR16 4DH,Detached,Established,Freehold,"TREVEAN, 1",,BOSVEAN GARDENS,PAYNTERS LANE,REDRUTH,KERRIER,CORNWALL,Standard,Addition,50.2426260000,-5.2619760000
30000,1997-07-08 00:00:00Z,TR16 4DY,Semi-Detached,Established,Freehold,PEN-Y-COED,,ALEXANDRA ROAD,ILLOGAN,REDRUTH,KERRIER,CORNWALL,Standard,Addition,50.2457800000,-5.2694590000
49500,1997-07-18 00:00:00Z,TR15 3LX,Semi-Detached,Established,Freehold,55,,SUNNYSIDE PARC,ILLOGAN,REDRUTH,KERRIER,CORNWALL,Standard,Addition,50.2409720000,-5.2641500000
34000,1997-03-27 00:00:00Z,TR16 4DL,Terraced,Established,Freehold,6,,POLDARK ROAD,ILLOGAN,REDRUTH,PENWITH,CORNWALL,Standard,Addition,50.2434850000,-5.2630870000
50000,1997-09-18 00:00:00Z,TR15 3LX,Detached,Established,Freehold,7,,SUNNYSIDE PARC,ILLOGAN,REDRUTH,KERRIER,CORNWALL,Standard,Addition,50.2409720000,-5.2641500000
59950,1997-12-19 00:00:00Z,TR15 3LY,Detached,Established,Freehold,121,,SUNNYSIDE PARC,ILLOGAN,REDRUTH,KERRIER,CORNWALL,Standard,Addition,50.2404890000,-5.2646700000
50000,1997-03-12 00:00:00Z,TR15 3LY,Detached,Established,Freehold,114,,SUNNYSIDE PARC,ILLOGAN,REDRUTH,KERRIER,CORNWALL,Standard,Addition,50.2404890000,-5.2646700000
52500,1997-09-12 00:00:00Z,TR15 3LY,Semi-Detached,Established,Freehold,88A,,SUNNYSIDE PARC,ILLOGAN,REDRUTH,KERRIER,CORNWALL,Standard,Addition,50.2404890000,-5.2646700000
54500,1997-04-11 00:00:00Z,TR15 3LY,Semi-Detached,Established,Freehold,110,,SUNNYSIDE PARC,ILLOGAN,REDRUTH,KERRIER,CORNWALL,Standard,Addition,50.2404890000,-5.2646700000
46000,1997-01-30 00:00:00Z,TR16 4RX,Semi-Detached,Established,Freehold,14,,ROBARTES TERRACE,ILLOGAN,REDRUTH,KERRIER,CORNWALL,Standard,Addition,50.2466460000,-5.2670980000
105500,1997-06-16 00:00:00Z,TR16 4RX,Detached,Established,Freehold,21,,ROBARTES TERRACE,ILLOGAN,REDRUTH,KERRIER,CORNWALL,Standard,Addition,50.2466460000,-5.2670980000
60000,1997-12-09 00:00:00Z,TR16 4ER,Detached,Established,Freehold,LISHEEN,,VOGUEBELOTH,ILLOGAN,REDRUTH,KERRIER,CORNWALL,Standard,Addition,50.2449800000,-5.2617440000
55950,1997-07-25 00:00:00Z,TR15 3LY,Semi-Detached,Established,Freehold,120,,SUNNYSIDE PARC,ILLOGAN,REDRUTH,KERRIER,CORNWALL,Standard,Addition,50.2404890000,-5.2646700000
55000,1997-05-06 00:00:00Z,TR15 3LX,Detached,Established,Freehold,26,,SUNNYSIDE PARC,ILLOGAN,REDRUTH,KERRIER,CORNWALL,Standard,Addition,50.2409720000,-5.2641500000
55000,1997-07-11 00:00:00Z,TR16 4RS,Detached,Established,Freehold,64,,ALEXANDRA CLOSE,ILLOGAN,REDRUTH,KERRIER,CORNWALL,Standard,Addition,50.2446550000,-5.2694440000
32000,1997-10-23 00:00:00Z,TR16 4DH,Terraced,Established,Freehold,34,,BOSVEAN GARDENS,PAYNTERS LANE,REDRUTH,KERRIER,CORNWALL,Standard,Addition,50.2426260000,-5.2619760000
54950,1997-07-15 00:00:00Z,TR15 3LY,Semi-Detached,Established,Freehold,88,,SUNNYSIDE PARC,ILLOGAN,REDRUTH,KERRIER,CORNWALL,Standard,Addition,50.2404890000,-5.2646700000
32500,1997-02-28 00:00:00Z,TR16 4DL,Terraced,Established,Freehold,40,,POLDARK ROAD,ILLOGAN,REDRUTH,KERRIER,CORNWALL,Standard,Addition,50.2434850000,-5.2630870000
38000,1997-11-07 00:00:00Z,TR16 4EU,Terraced,Established,Freehold,4,,VOGUEBELOTH,ILLOGAN,REDRUTH,KERRIER,CORNWALL,Standard,Addition,50.2453610000,-5.2606550000
51500,1997-07-25 00:00:00Z,TR16 4EZ,Semi-Detached,Established,Freehold,19,,LAMANVA ROAD,ILLOGAN,REDRUTH,KERRIER,CORNWALL,Standard,Addition,50.2446730000,-5.2614490000
44500,1997-10-31 00:00:00Z,TR16 4ER,Semi-Detached,Established,Freehold,BRISTOW,,VOGUEBELOTH,ILLOGAN,REDRUTH,KERRIER,CORNWALL,Standard,Addition,50.2449800000,-5.2617440000
30000,1998-06-12 00:00:00Z,TR16 4DJ,Terraced,Established,Freehold,SWEETBRIAR,,PAYNTERS LANE,ILLOGAN,REDRUTH,KERRIER,CORNWALL,Standard,Addition,50.2422540000,-5.2633540000
57950,1998-11-13 00:00:00Z,TR15 3LY,Semi-Detached,New Build,Freehold,124,,SUNNYSIDE PARC,ILLOGAN,REDRUTH,KERRIER,CORNWALL,Standard,Addition,50.2404890000,-5.2646700000
59950,1998-04-09 00:00:00Z,TR15 3LY,Detached,New Build,Freehold,126,,SUNNYSIDE PARC,ILLOGAN,REDRUTH,KERRIER,CORNWALL,Standard,Addition,50.2404890000,-5.2646700000
73500,1998-03-25 00:00:00Z,TR16 4EZ,Detached,Established,Freehold,1,,LAMANVA ROAD,ILLOGAN,REDRUTH,KERRIER,CORNWALL,Standard,Addition,50.2446730000,-5.2614490000
32500,1998-07-31 00:00:00Z,TR16 4RY,Terraced,Established,Freehold,2,,VENTONRAZE,ILLOGAN,REDRUTH,KERRIER,CORNWALL,Standard,Addition,50.2480210000,-5.2659230000
30000,1998-05-22 00:00:00Z,TR16 4RX,Terraced,Established,Freehold,8,,ROBARTES TERRACE,ILLOGAN,REDRUTH,KERRIER,CORNWALL,Standard,Addition,50.2466460000,-5.2670980000
54950,1998-08-21 00:00:00Z,TR16 4DP,Detached,Established,Freehold,1,,ILLOGAN PARK,ILLOGAN,REDRUTH,KERRIER,CORNWALL,Standard,Addition,50.2424150000,-5.2646550000
67000,1998-06-15 00:00:00Z,TR16 4RP,Detached,Established,Freehold,1,,TREFORTHLAN CLOSE,ILLOGAN,REDRUTH,KERRIER,CORNWALL,Standard,Addition,50.2442990000,-5.2668460000
74000,1998-06-18 00:00:00Z,TR16 4DP,Detached,Established,Freehold,7,,ILLOGAN PARK,ILLOGAN,REDRUTH,KERRIER,CORNWALL,Standard,Addition,50.2424150000,-5.2646550000
37000,1998-12-11 00:00:00Z,TR16 4DL,Terraced,Established,Freehold,7,,POLDARK ROAD,ILLOGAN,REDRUTH,KERRIER,CORNWALL,Standard,Addition,50.2434850000,-5.2630870000
60000,1998-11-27 00:00:00Z,TR15 3LY,Semi-Detached,Established,Freehold,125,,SUNNYSIDE PARC,ILLOGAN,REDRUTH,KERRIER,CORNWALL,Standard,Addition,50.2404890000,-5.2646700000
57500,1998-10-30 00:00:00Z,TR16 4DP,Detached,Established,Freehold,5,,ILLOGAN PARK,ILLOGAN,REDRUTH,KERRIER,CORNWALL,Standard,Addition,50.2424150000,-5.2646550000
51000,1998-01-02 00:00:00Z,TR15 3LX,Semi-Detached,Established,Freehold,57,,SUNNYSIDE PARC,ILLOGAN,REDRUTH,KERRIER,CORNWALL,Standard,Addition,50.2409720000,-5.2641500000
23625,1998-09-25 00:00:00Z,TR15 3LY,Semi-Detached,Established,Freehold,86A,,SUNNYSIDE PARC,ILLOGAN,REDRUTH,KERRIER,CORNWALL,Standard,Addition,50.2404890000,-5.2646700000
57000,1998-01-02 00:00:00Z,TR16 4RX,Semi-Detached,Established,Freehold,9,,ROBARTES TERRACE,ILLOGAN,REDRUTH,KERRIER,CORNWALL,Standard,Addition,50.2466460000,-5.2670980000
157000,1998-04-24 00:00:00Z,TR16 4DF,Detached,Established,Freehold,LAMBOURNE,,MERRITTS HILL,ILLOGAN,REDRUTH,KERRIER,CORNWALL,Standard,Addition,50.2403250000,-5.2606130000
68000,1998-08-14 00:00:00Z,TR16 4DJ,Semi-Detached,Established,Freehold,AUBREY HOUSE,,PAYNTERS LANE,ILLOGAN,REDRUTH,KERRIER,CORNWALL,Standard,Addition,50.2422540000,-5.2633540000
77000,1998-10-12 00:00:00Z,TR16 4SA,Detached,Established,Freehold,CARMINOWE COTTAGE,,BRIDGE ROAD,ILLOGAN,REDRUTH,KERRIER,CORNWALL,Standard,Addition,50.2496960000,-5.2639180000
54500,1998-06-26 00:00:00Z,TR15 3LY,Semi-Detached,Established,Freehold,103,,SUNNYSIDE PARC,ILLOGAN,REDRUTH,KERRIER,CORNWALL,Standard,Addition,50.2404890000,-5.2646700000
19000,1998-11-13 00:00:00Z,TR16 4DS,Terraced,Established,Freehold,PHYLL-MAUR,,PAYNTERS LANE,ILLOGAN,REDRUTH,KERRIER,CORNWALL,Standard,Addition,50.2448290000,-5.2664760000
54000,1998-07-31 00:00:00Z,TR15 3LY,Semi-Detached,Established,Freehold,70,,SUNNYSIDE PARC,ILLOGAN,REDRUTH,KERRIER,CORNWALL,Standard,Addition,50.2404890000,-5.2646700000
88500,1998-06-19 00:00:00Z,TR16 4DY,Detached,Established,Freehold,4,,ALEXANDRA ROAD,ILLOGAN,REDRUTH,KERRIER,CORNWALL,Standard,Addition,50.2457800000,-5.2694590000
56500,1998-11-09 00:00:00Z,TR16 4RG,Semi-Detached,Established,Freehold,PRIMROSE FARM,,TREVELYAN ROAD,ILLOGAN,REDRUTH,KERRIER,CORNWALL,Standard,Addition,50.2424620000,-5.2678010000
56500,1998-12-04 00:00:00Z,TR15 3LY,Semi-Detached,Established,Freehold,107,,SUNNYSIDE PARC,ILLOGAN,REDRUTH,KERRIER,CORNWALL,Standard,Addition,50.2404890000,-5.2646700000
37950,1998-08-21 00:00:00Z,TR16 4DL,Terraced,Established,Freehold,29,,POLDARK ROAD,ILLOGAN,REDRUTH,KERRIER,CORNWALL,Standard,Addition,50.2434850000,-5.2630870000
58950,1998-04-09 00:00:00Z,TR15 3LX,Detached,Established,Freehold,9,,SUNNYSIDE PARC,ILLOGAN,REDRUTH,KERRIER,CORNWALL,Standard,Addition,50.2409720000,-5.2641500000
56950,1998-01-30 00:00:00Z,TR15 3LY,Semi-Detached,Established,Freehold,122,,SUNNYSIDE PARC,ILLOGAN,REDRUTH,KERRIER,CORNWALL,Standard,Addition,50.2404890000,-5.2646700000
39500,1998-01-30 00:00:00Z,TR16 4SR,Semi-Detached,Established,Freehold,27,,CHURCH ROAD,ILLOGAN,REDRUTH,KERRIER,CORNWALL,Standard,Addition,50.2493760000,-5.2669970000
55000,1998-07-31 00:00:00Z,TR15 3LY,Semi-Detached,Established,Freehold,80,,SUNNYSIDE PARC,ILLOGAN,REDRUTH,KERRIER,CORNWALL,Standard,Addition,50.2404890000,-5.2646700000
46500,1998-04-24 00:00:00Z,TR15 3UR,Detached,Established,Freehold,CROMWELLS,,SPAR LANE,ILLOGAN,REDRUTH,KERRIER,CORNWALL,Standard,Addition,50.2410010000,-5.2698470000
46000,1998-09-29 00:00:00Z,TR16 4RS,Terraced,Established,Freehold,21,,ALEXANDRA CLOSE,ILLOGAN,REDRUTH,KERRIER,CORNWALL,Standard,Addition,50.2446550000,-5.2694440000
55000,1998-03-30 00:00:00Z,TR15 3LX,Semi-Detached,Established,Freehold,66,,SUNNYSIDE PARC,ILLOGAN,REDRUTH,CORNWALL,CORNWALL,Standard,Addition,50.2409720000,-5.2641500000
57500,1998-12-15 00:00:00Z,TR15 3LY,Semi-Detached,Established,Freehold,102,,SUNNYSIDE PARC,ILLOGAN,REDRUTH,KERRIER,CORNWALL,Standard,Addition,50.2404890000,-5.2646700000
49950,1998-11-04 00:00:00Z,TR16 4SA,Semi-Detached,Established,Freehold,3,,BRIDGE ROAD,ILLOGAN,REDRUTH,KERRIER,CORNWALL,Standard,Addition,50.2496960000,-5.2639180000
41000,1998-06-12 00:00:00Z,TR16 4DH,Terraced,Established,Freehold,50,,BOSVEAN GARDENS,PAYNTERS LANE,REDRUTH,KERRIER,CORNWALL,Standard,Addition,50.2426260000,-5.2619760000
53950,1998-09-11 00:00:00Z,TR16 4DH,Detached,Established,Freehold,37,,BOSVEAN GARDENS,PAYNTERS LANE,REDRUTH,KERRIER,CORNWALL,Standard,Addition,50.2426260000,-5.2619760000
47000,1998-06-18 00:00:00Z,TR16 4DL,Terraced,Established,Freehold,14,,POLDARK ROAD,ILLOGAN,REDRUTH,KERRIER,CORNWALL,Standard,Addition,50.2434850000,-5.2630870000
63000,1998-11-20 00:00:00Z,TR16 4SA,Detached,Established,Freehold,1,,BRIDGE ROAD,ILLOGAN,REDRUTH,KERRIER,CORNWALL,Standard,Addition,50.2496960000,-5.2639180000
74500,1998-06-19 00:00:00Z,TR15 3LX,Detached,Established,Freehold,19,,SUNNYSIDE PARC,ILLOGAN,REDRUTH,KERRIER,CORNWALL,Standard,Addition,50.2409720000,-5.2641500000
59500,1998-12-15 00:00:00Z,TR15 3LX,Semi-Detached,Established,Freehold,4,,SUNNYSIDE PARC,ILLOGAN,REDRUTH,KERRIER,CORNWALL,Standard,Addition,50.2409720000,-5.2641500000
31500,1998-02-10 00:00:00Z,TR16 4DF,Semi-Detached,Established,Freehold,MERRITTS COTTAGE,,MERRITTS HILL,ILLOGAN,REDRUTH,KERRIER,CORNWALL,Standard,Addition,50.2403250000,-5.2606130000
52000,1998-04-27 00:00:00Z,TR16 4DH,Detached,Established,Freehold,3,,BOSVEAN GARDENS,PAYNTERS LANE,REDRUTH,KERRIER,CORNWALL,Standard,Addition,50.2426260000,-5.2619760000
55000,1998-08-20 00:00:00Z,TR16 4RS,Detached,Established,Freehold,59,,ALEXANDRA CLOSE,ILLOGAN,REDRUTH,KERRIER,CORNWALL,Standard,Addition,50.2446550000,-5.2694440000
52500,1998-03-02 00:00:00Z,TR16 4DH,Detached,Established,Freehold,43,,BOSVEAN GARDENS,PAYNTERS LANE,REDRUTH,KERRIER,CORNWALL,Standard,Addition,50.2426260000,-5.2619760000
43500,1998-07-10 00:00:00Z,TR16 4DH,Terraced,Established,Freehold,46,,BOSVEAN GARDENS,PAYNTERS LANE,REDRUTH,KERRIER,CORNWALL,Standard,Addition,50.2426260000,-5.2619760000
56950,1998-04-03 00:00:00Z,TR15 3LY,Semi-Detached,New Build,Freehold,123,,SUNNYSIDE PARC,ILLOGAN,REDRUTH,KERRIER,CORNWALL,Standard,Addition,50.2404890000,-5.2646700000
69950,1998-12-21 00:00:00Z,TR16 4DY,Detached,Established,Freehold,22,,ALEXANDRA ROAD,ILLOGAN,REDRUTH,KERRIER,CORNWALL,Standard,Addition,50.2457800000,-5.2694590000
54500,1998-11-13 00:00:00Z,TR15 3LY,Semi-Detached,Established,Freehold,82,,SUNNYSIDE PARC,ILLOGAN,REDRUTH,KERRIER,CORNWALL,Standard,Addition,50.2404890000,-5.2646700000
56500,1998-10-16 00:00:00Z,TR16 4DW,Semi-Detached,Established,Freehold,6,,PENCARROW ROAD,ILLOGAN,REDRUTH,KERRIER,CORNWALL,Standard,Addition,50.2442440000,-5.2636300000
54000,1998-05-14 00:00:00Z,TR16 4DH,Semi-Detached,Established,Freehold,25,,BOSVEAN GARDENS,PAYNTERS LANE,REDRUTH,KERRIER,CORNWALL,Standard,Addition,50.2426260000,-5.2619760000
37000,1998-07-31 00:00:00Z,TR16 4EU,Terraced,Established,Freehold,7,,VOGUEBELOTH,ILLOGAN,REDRUTH,KERRIER,CORNWALL,Standard,Addition,50.2453610000,-5.2606550000
55000,1998-10-14 00:00:00Z,TR15 3LY,Semi-Detached,Established,Freehold,97,,SUNNYSIDE PARC,ILLOGAN,REDRUTH,KERRIER,CORNWALL,Standard,Addition,50.2404890000,-5.2646700000
60000,1998-10-30 00:00:00Z,TR15 3LY,Detached,Established,Freehold,81,,SUNNYSIDE PARC,ILLOGAN,REDRUTH,KERRIER,CORNWALL,Standard,Addition,50.2404890000,-5.2646700000
74000,1998-05-29 00:00:00Z,TR16 4SA,Detached,Established,Freehold,THE NEW HOUSE,,BRIDGE ROAD,ILLOGAN,REDRUTH,KERRIER,CORNWALL,Standard,Addition,50.2496960000,-5.2639180000
48000,1998-03-12 00:00:00Z,TR16 4DH,Detached,Established,Freehold,8,,BOSVEAN GARDENS,PAYNTERS LANE,REDRUTH,KERRIER,CORNWALL,Standard,Addition,50.2426260000,-5.2619760000
92500,1999-11-05 00:00:00Z,TR16 4GA,Detached,New Build,Freehold,5,,PARK LEVEN,ILLOGAN,REDRUTH,KERRIER,CORNWALL,Standard,Addition,50.2402120000,-5.2620420000
41000,1999-12-17 00:00:00Z,TR16 4SQ,Semi-Detached,Established,Freehold,40,,CORONATION ROAD,ILLOGAN,REDRUTH,KERRIER,CORNWALL,Standard,Addition,50.2499080000,-5.2649920000
123000,1999-11-16 00:00:00Z,TR15 3UR,Detached,Established,Freehold,PENGWEDNA,,SPAR LANE,ILLOGAN,REDRUTH,KERRIER,CORNWALL,Standard,Addition,50.2410010000,-5.2698470000
95500,1999-11-16 00:00:00Z,TR16 4GA,Detached,New Build,Freehold,16,,PARK LEVEN,ILLOGAN,REDRUTH,KERRIER,CORNWALL,Standard,Addition,50.2402120000,-5.2620420000
72950,1999-09-03 00:00:00Z,TR16 4GA,Semi-Detached,New Build,Freehold,9,,PARK LEVEN,ILLOGAN,REDRUTH,KERRIER,CORNWALL,Standard,Addition,50.2402120000,-5.2620420000
63000,1999-10-08 00:00:00Z,TR16 4DN,Terraced,Established,Freehold,VARELLA,,KESTREL WAY,ILLOGAN,REDRUTH,KERRIER,CORNWALL,Standard,Addition,50.2413890000,-5.2636940000
60000,1999-11-19 00:00:00Z,TR16 4DH,Semi-Detached,Established,Freehold,70,,BOSVEAN GARDENS,PAYNTERS LANE,REDRUTH,KERRIER,CORNWALL,Standard,Addition,50.2426260000,-5.2619760000
73750,1999-07-23 00:00:00Z,TR15 3LY,Semi-Detached,Established,Freehold,116,,SUNNYSIDE PARC,ILLOGAN,REDRUTH,KERRIER,CORNWALL,Standard,Addition,50.2404890000,-5.2646700000
55000,1999-05-28 00:00:00Z,TR15 3LY,Semi-Detached,Established,Freehold,104,,SUNNYSIDE PARC,ILLOGAN,REDRUTH,KERRIER,CORNWALL,Standard,Addition,50.2404890000,-5.2646700000
47000,1999-01-15 00:00:00Z,TR16 4DL,Semi-Detached,Established,Freehold,36,,POLDARK ROAD,ILLOGAN,REDRUTH,KERRIER,CORNWALL,Standard,Addition,50.2434850000,-5.2630870000
79500,1999-11-05 00:00:00Z,TR16 4GA,Detached,New Build,Freehold,3,,PARK LEVEN,ILLOGAN,REDRUTH,KERRIER,CORNWALL,Standard,Addition,50.2402120000,-5.2620420000
63000,1999-03-19 00:00:00Z,TR15 3LX,Semi-Detached,Established,Freehold,25,,SUNNYSIDE PARC,ILLOGAN,REDRUTH,KERRIER,CORNWALL,Standard,Addition,50.2409720000,-5.2641500000
67950,1999-11-16 00:00:00Z,TR16 4DH,Semi-Detached,Established,Freehold,39,,BOSVEAN GARDENS,PAYNTERS LANE,REDRUTH,KERRIER,CORNWALL,Standard,Addition,50.2426260000,-5.2619760000
67500,1999-06-18 00:00:00Z,TR16 4DQ,Detached,Established,Freehold,ST KILDA,,RICHARDS LANE,ILLOGAN,REDRUTH,KERRIER,CORNWALL,Standard,Addition,50.2420240000,-5.2616270000
72000,1999-11-30 00:00:00Z,TR16 4DQ,Detached,Established,Freehold,NANKERROW,,RICHARDS LANE,ILLOGAN,REDRUTH,KERRIER,CORNWALL,Standard,Addition,50.2420240000,-5.2616270000
26500,1999-06-25 00:00:00Z,TR16 4SG,Semi-Detached,Established,Freehold,71,,CORONATION ROAD,ILLOGAN,REDRUTH,KERRIER,CORNWALL,Standard,Addition,50.2499260000,-5.2643620000
72950,1999-09-09 00:00:00Z,TR16 4GA,Semi-Detached,New Build,Freehold,7,,PARK LEVEN,ILLOGAN,REDRUTH,KERRIER,CORNWALL,Standard,Addition,50.2402120000,-5.2620420000
53500,1999-05-28 00:00:00Z,TR16 4DL,Terraced,Established,Freehold,22,,POLDARK ROAD,ILLOGAN,REDRUTH,KERRIER,CORNWALL,Standard,Addition,50.2434850000,-5.2630870000
46500,1999-11-19 00:00:00Z,TR16 4SQ,Semi-Detached,Established,Freehold,18,,CORONATION ROAD,ILLOGAN,REDRUTH,KERRIER,CORNWALL,Standard,Addition,50.2499080000,-5.2649920000
49950,1999-09-10 00:00:00Z,TR16 4DL,Terraced,Established,Freehold,27,,POLDARK ROAD,ILLOGAN,REDRUTH,KERRIER,CORNWALL,Standard,Addition,50.2434850000,-5.2630870000
66000,1999-10-15 00:00:00Z,TR15 3LX,Semi-Detached,Established,Freehold,4,,SUNNYSIDE PARC,ILLOGAN,REDRUTH,KERRIER,CORNWALL,Standard,Addition,50.2409720000,-5.2641500000
60000,1999-06-11 00:00:00Z,TR16 4RP,Detached,Established,Freehold,6,,TREFORTHLAN CLOSE,ILLOGAN,REDRUTH,KERRIER,CORNWALL,Standard,Addition,50.2442990000,-5.2668460000
69950,1999-09-27 00:00:00Z,TR15 3LY,Semi-Detached,Established,Freehold,112,,SUNNYSIDE PARC,ILLOGAN,REDRUTH,KERRIER,CORNWALL,Standard,Addition,50.2404890000,-5.2646700000
72500,1999-04-29 00:00:00Z,TR15 3LY,Detached,Established,Freehold,72,,SUNNYSIDE PARC,ILLOGAN,REDRUTH,KERRIER,CORNWALL,Standard,Addition,50.2404890000,-5.2646700000
56500,1999-03-26 00:00:00Z,TR15 3LX,Semi-Detached,Established,Freehold,12A,,SUNNYSIDE PARC,ILLOGAN,REDRUTH,KERRIER,CORNWALL,Standard,Addition,50.2409720000,-5.2641500000
69950,1999-03-26 00:00:00Z,TR15 3LX,Semi-Detached,Established,Freehold,50,,SUNNYSIDE PARC,ILLOGAN,REDRUTH,KERRIER,CORNWALL,Standard,Addition,50.2409720000,-5.2641500000
105000,1999-05-27 00:00:00Z,TR16 4RS,Detached,Established,Freehold,AVENUE HOUSE,TREMELLYN MILL,ALEXANDRA CLOSE,ILLOGAN,REDRUTH,CORNWALL,CORNWALL,Standard,Addition,50.2446550000,-5.2694440000
61950,1999-07-14 00:00:00Z,TR16 4RS,Detached,Established,Freehold,2,,ALEXANDRA CLOSE,ILLOGAN,REDRUTH,KERRIER,CORNWALL,Standard,Addition,50.2446550000,-5.2694440000
34000,1999-10-05 00:00:00Z,TR16 4RJ,Terraced,Established,Freehold,23,,PAYNTERS LANE END ESTATE,ILLOGAN,REDRUTH,KERRIER,CORNWALL,Standard,Addition,50.2432790000,-5.2691470000
68500,1999-11-22 00:00:00Z,TR16 4DP,Detached,Established,Freehold,11,,ILLOGAN PARK,ILLOGAN,REDRUTH,KERRIER,CORNWALL,Standard,Addition,50.2424150000,-5.2646550000
59950,1999-02-05 00:00:00Z,TR16 4DN,Terraced,Established,Freehold,LITTLE DENE,,KESTREL WAY,ILLOGAN,REDRUTH,KERRIER,CORNWALL,Standard,Addition,50.2413890000,-5.2636940000
58000,1999-11-05 00:00:00Z,TR16 4DH,Semi-Detached,Established,Freehold,29,,BOSVEAN GARDENS,PAYNTERS LANE,REDRUTH,KERRIER,CORNWALL,Standard,Addition,50.2426260000,-5.2619760000
79642,1999-11-05 00:00:00Z,TR16 4GA,Semi-Detached,New Build,Freehold,11,,PARK LEVEN,ILLOGAN,REDRUTH,KERRIER,CORNWALL,Standard,Addition,50.2402120000,-5.2620420000
42950,1999-07-29 00:00:00Z,TR16 4DS,Terraced,Established,Freehold,AMBLESIDE,,,PAYNTERS LANE,REDRUTH,CORNWALL,CORNWALL,Standard,Addition,50.2448290000,-5.2664760000
58500,1999-08-06 00:00:00Z,TR15 3LY,Semi-Detached,Established,Freehold,108,,SUNNYSIDE PARC,ILLOGAN,REDRUTH,KERRIER,CORNWALL,Standard,Addition,50.2404890000,-5.2646700000
58500,1999-12-17 00:00:00Z,TR16 4RS,Terraced,Established,Freehold,23,,ALEXANDRA CLOSE,ILLOGAN,REDRUTH,KERRIER,CORNWALL,Standard,Addition,50.2446550000,-5.2694440000
92500,1999-04-15 00:00:00Z,TR16 4GA,Detached,New Build,Freehold,4,,PARK LEVEN,ILLOGAN,REDRUTH,KERRIER,CORNWALL,Standard,Addition,50.2402120000,-5.2620420000
25000,1999-12-15 00:00:00Z,TR16 4SR,Detached,Established,Freehold,1,,CHURCH ROAD,ILLOGAN,REDRUTH,KERRIER,CORNWALL,Standard,Addition,50.2493760000,-5.2669970000
65950,1999-05-12 00:00:00Z,TR16 4EU,Terraced,Established,Freehold,4,,VOGUEBELOTH,ILLOGAN,REDRUTH,KERRIER,CORNWALL,Standard,Addition,50.2453610000,-5.2606550000
72000,1999-05-26 00:00:00Z,TR16 4RP,Detached,Established,Freehold,4,,TREFORTHLAN CLOSE,ILLOGAN,REDRUTH,KERRIER,CORNWALL,Standard,Addition,50.2442990000,-5.2668460000
72950,1999-06-25 00:00:00Z,TR16 4GA,Semi-Detached,New Build,Freehold,6,,PARK LEVEN,ILLOGAN,REDRUTH,KERRIER,CORNWALL,Standard,Addition,50.2402120000,-5.2620420000
102500,1999-10-29 00:00:00Z,TR16 4DY,Detached,Established,Freehold,"DORGAI HOUSE, 7",,ALEXANDRA ROAD,ILLOGAN,REDRUTH,CORNWALL,CORNWALL,Standard,Addition,50.2457800000,-5.2694590000
45000,1999-11-26 00:00:00Z,TR16 4DR,Terraced,Established,Freehold,BYGHAM ROS PENTY,,PAYNTERS LANE,ILLOGAN,REDRUTH,KERRIER,CORNWALL,Standard,Addition,50.2435630000,-5.2654490000
72950,1999-09-10 00:00:00Z,TR16 4GA,Semi-Detached,New Build,Freehold,8,,PARK LEVEN,ILLOGAN,REDRUTH,KERRIER,CORNWALL,Standard,Addition,50.2402120000,-5.2620420000
47000,1999-03-26 00:00:00Z,TR16 4ER,Detached,Established,Freehold,HYLAND,,VOGUEBELOTH,ILLOGAN,REDRUTH,KERRIER,CORNWALL,Standard,Addition,50.2449800000,-5.2617440000
58000,1999-08-04 00:00:00Z,TR15 3LX,Semi-Detached,Established,Freehold,13,,SUNNYSIDE PARC,ILLOGAN,REDRUTH,KERRIER,CORNWALL,Standard,Addition,50.2409720000,-5.2641500000
70500,1999-07-22 00:00:00Z,TR15 3LY,Detached,Established,Freehold,93,,SUNNYSIDE PARC,ILLOGAN,REDRUTH,KERRIER,CORNWALL,Standard,Addition,50.2404890000,-5.2646700000
144000,1999-09-16 00:00:00Z,TR16 4RX,Detached,Established,Freehold,21,,ROBARTES TERRACE,ILLOGAN,REDRUTH,KERRIER,CORNWALL,Standard,Addition,50.2466460000,-5.2670980000
39000,1999-04-14 00:00:00Z,TR16 4DR,Semi-Detached,Established,Freehold,BROOKFIELD,,PAYNTERS LANE,ILLOGAN,REDRUTH,KERRIER,CORNWALL,Standard,Addition,50.2435630000,-5.2654490000
69950,1999-08-16 00:00:00Z,TR16 4DH,Detached,Established,Freehold,45,,BOSVEAN GARDENS,PAYNTERS LANE,REDRUTH,KERRIER,CORNWALL,Standard,Addition,50.2426260000,-5.2619760000
44000,1999-04-23 00:00:00Z,TR16 4RX,Semi-Detached,Established,Freehold,17,,ROBARTES TERRACE,ILLOGAN,REDRUTH,KERRIER,CORNWALL,Standard,Addition,50.2466460000,-5.2670980000
50000,1999-08-09 00:00:00Z,TR16 4GA,Detached,New Build,Freehold,15,,PARK LEVEN,ILLOGAN,REDRUTH,KERRIER,CORNWALL,Standard,Addition,50.2402120000,-5.2620420000
66950,1999-11-15 00:00:00Z,TR16 4SR,Terraced,Established,Freehold,13,,CHURCH ROAD,ILLOGAN,REDRUTH,KERRIER,CORNWALL,Standard,Addition,50.2493760000,-5.2669970000
58000,1999-06-18 00:00:00Z,TR16 4DJ,Detached,Established,Freehold,THORNVILLE,,PAYNTERS LANE,ILLOGAN,REDRUTH,KERRIER,CORNWALL,Standard,Addition,50.2422540000,-5.2633540000
53000,1999-07-07 00:00:00Z,TR16 4SR,Detached,Established,Freehold,1,,CHURCH ROAD,ILLOGAN,REDRUTH,KERRIER,CORNWALL,Standard,Addition,50.2493760000,-5.2669970000
60000,1999-08-25 00:00:00Z,TR16 4DP,Semi-Detached,Established,Freehold,17,,ILLOGAN PARK,ILLOGAN,REDRUTH,KERRIER,CORNWALL,Standard,Addition,50.2424150000,-5.2646550000
73950,1999-10-15 00:00:00Z,TR16 4GA,Semi-Detached,New Build,Freehold,10,,PARK LEVEN,ILLOGAN,REDRUTH,KERRIER,CORNWALL,Standard,Addition,50.2402120000,-5.2620420000
58000,2000-01-21 00:00:00Z,TR16 4RS,Terraced,Established,Freehold,22,,ALEXANDRA CLOSE,ILLOGAN,REDRUTH,KERRIER,CORNWALL,Standard,Addition,50.2446550000,-5.2694440000
82500,2000-11-30 00:00:00Z,TR16 4SU,Detached,Established,Freehold,3,,PENWARTHA VEAN,ILLOGAN,REDRUTH,KERRIER,CORNWALL,Standard,Addition,50.2443600000,-5.2639750000
63500,2000-08-16 00:00:00Z,TR16 4RS,Detached,Established,Freehold,61,,ALEXANDRA CLOSE,ILLOGAN,REDRUTH,KERRIER,CORNWALL,Standard,Addition,50.2446550000,-5.2694440000
52000,2000-07-21 00:00:00Z,TR16 4DH,Terraced,Established,Freehold,46,,BOSVEAN GARDENS,PAYNTERS LANE,REDRUTH,KERRIER,CORNWALL,Standard,Addition,50.2426260000,-5.2619760000
82500,2000-06-02 00:00:00Z,TR16 4GA,Detached,New Build,Freehold,18,,PARK LEVEN,ILLOGAN,REDRUTH,KERRIER,CORNWALL,Standard,Addition,50.2402120000,-5.2620420000
78000,2000-03-24 00:00:00Z,TR15 3LX,Detached,Established,Freehold,6,,SUNNYSIDE PARC,ILLOGAN,REDRUTH,KERRIER,CORNWALL,Standard,Addition,50.2409720000,-5.2641500000
108000,2000-02-04 00:00:00Z,TR16 4DY,Detached,Established,Freehold,4,,ALEXANDRA ROAD,ILLOGAN,REDRUTH,KERRIER,CORNWALL,Standard,Addition,50.2457800000,-5.2694590000
53000,2000-12-12 00:00:00Z,TR16 4SA,Terraced,Established,Freehold,53,,BRIDGE ROAD,ILLOGAN,REDRUTH,KERRIER,CORNWALL,Standard,Addition,50.2496960000,-5.2639180000
85850,2000-09-18 00:00:00Z,TR15 3LX,Detached,Established,Freehold,60,,SUNNYSIDE PARC,ILLOGAN,REDRUTH,KERRIER,CORNWALL,Standard,Addition,50.2409720000,-5.2641500000
95000,2000-10-31 00:00:00Z,TR16 4EW,Semi-Detached,New Build,Freehold,1,,LAMANVA CLOSE,ILLOGAN,REDRUTH,KERRIER,CORNWALL,Standard,Addition,50.2441110000,-5.2622390000
88000,2000-07-14 00:00:00Z,TR16 4SA,Detached,Established,Freehold,THE NOOK,,BRIDGE ROAD,ILLOGAN,REDRUTH,KERRIER,CORNWALL,Standard,Addition,50.2496960000,-5.2639180000
82500,2000-08-07 00:00:00Z,TR16 4DF,Detached,Established,Freehold,PINE LOGS,,MERRITTS HILL,ILLOGAN,REDRUTH,KERRIER,CORNWALL,Standard,Addition,50.2403250000,-5.2606130000
94950,2000-06-02 00:00:00Z,TR16 4QY,Detached,Established,Freehold,1,,LANGWEDH ESTATE,ILLOGAN CHURCHTOWN,REDRUTH,KERRIER,CORNWALL,Standard,Addition,50.2498630000,-5.2691560000
98500,2000-01-14 00:00:00Z,TR16 4DJ,Detached,Established,Freehold,OGILVIE HOUSE,,PAYNTERS LANE,ILLOGAN,REDRUTH,KERRIER,CORNWALL,Standard,Addition,50.2422540000,-5.2633540000
69950,2000-03-30 00:00:00Z,TR16 4DN,Semi-Detached,Established,Freehold,1,,KESTRAL WAY,ILLOGAN,REDRUTH,CORNWALL,CORNWALL,Standard,Addition,50.2413890000,-5.2636940000
64500,2000-01-28 00:00:00Z,TR16 4DH,Semi-Detached,Established,Freehold,29,,BOSVEAN GARDENS,PAYNTERS LANE,REDRUTH,KERRIER,CORNWALL,Standard,Addition,50.2426260000,-5.2619760000
69500,2000-04-20 00:00:00Z,TR15 3LX,Detached,Established,Freehold,53,,SUNNYSIDE PARC,ILLOGAN,REDRUTH,KERRIER,CORNWALL,Standard,Addition,50.2409720000,-5.2641500000
73500,2000-04-14 00:00:00Z,TR15 3LX,Detached,Established,Freehold,8A,,SUNNYSIDE PARC,ILLOGAN,REDRUTH,KERRIER,CORNWALL,Standard,Addition,50.2409720000,-5.2641500000
82500,2000-08-31 00:00:00Z,TR16 4GA,Detached,New Build,Freehold,17,,PARK LEVEN,ILLOGAN,REDRUTH,KERRIER,CORNWALL,Standard,Addition,50.2402120000,-5.2620420000
140000,2000-06-23 00:00:00Z,TR16 4GA,Detached,New Build,Freehold,20,,PARK LEVEN,ILLOGAN,REDRUTH,KERRIER,CORNWALL,Standard,Addition,50.2402120000,-5.2620420000
60000,2000-08-25 00:00:00Z,TR16 4RX,Detached,New Build,Freehold,20,,ROBARTES TERRACE,ILLOGAN,REDRUTH,KERRIER,CORNWALL,Standard,Addition,50.2466460000,-5.2670980000
82500,2000-04-14 00:00:00Z,TR16 4GA,Detached,New Build,Freehold,19,,PARK LEVEN,ILLOGAN,REDRUTH,KERRIER,CORNWALL,Standard,Addition,50.2402120000,-5.2620420000
94950,2000-05-31 00:00:00Z,TR16 4SU,Detached,Established,Freehold,2,,PENWARTHA VEAN,ILLOGAN,REDRUTH,KERRIER,CORNWALL,Standard,Addition,50.2443600000,-5.2639750000
85000,2000-06-02 00:00:00Z,TR16 4GA,Semi-Detached,Established,Freehold,9,,PARK LEVEN,ILLOGAN,REDRUTH,KERRIER,CORNWALL,Standard,Addition,50.2402120000,-5.2620420000
45000,2000-04-20 00:00:00Z,TR16 4EU,Terraced,Established,Freehold,CHIRANE,,VOGUEBELOTH,ILLOGAN,REDRUTH,KERRIER,CORNWALL,Standard,Addition,50.2453610000,-5.2606550000
60000,2000-04-07 00:00:00Z,TR16 4RP,Detached,Established,Freehold,7,,TREFORTHLAN CLOSE,ILLOGAN,REDRUTH,KERRIER,CORNWALL,Standard,Addition,50.2442990000,-5.2668460000
96500,2000-06-30 00:00:00Z,TR16 4GA,Detached,New Build,Freehold,12,,PARK LEVEN,ILLOGAN,REDRUTH,KERRIER,CORNWALL,Standard,Addition,50.2402120000,-5.2620420000
64500,2000-02-18 00:00:00Z,TR16 4SS,Semi-Detached,Established,Freehold,7,,HARMONY TERRACE,PAYNTERS LANE END,REDRUTH,KERRIER,CORNWALL,Standard,Addition,50.2457190000,-5.2664730000
46500,2000-06-06 00:00:00Z,TR16 4EU,Terraced,Established,Freehold,RANVILLE,,VOGUEBELOTH,ILLOGAN,REDRUTH,KERRIER,CORNWALL,Standard,Addition,50.2453610000,-5.2606550000
125000,2000-05-26 00:00:00Z,TR16 4GA,Detached,New Build,Freehold,2,,PARK LEVEN,ILLOGAN,REDRUTH,KERRIER,CORNWALL,Standard,Addition,50.2402120000,-5.2620420000
48000,2000-03-10 00:00:00Z,TR16 4RX,Semi-Detached,Established,Freehold,11,,ROBARTES TERRACE,ILLOGAN,REDRUTH,KERRIER,CORNWALL,Standard,Addition,50.2466460000,-5.2670980000
60000,2000-11-30 00:00:00Z,TR16 4HA,Terraced,Established,Freehold,CLEVE COTTAGE,,RICHARDS LANE,HARRIS MILL,REDRUTH,KERRIER,CORNWALL,Standard,Addition,50.2439840000,-5.2603720000
97000,2000-02-28 00:00:00Z,TR16 4RS,Detached,Established,Freehold,13,,ALEXANDRA CLOSE,ILLOGAN,REDRUTH,KERRIER,CORNWALL,Standard,Addition,50.2446550000,-5.2694440000
60000,2000-11-10 00:00:00Z,TR16 4DF,Detached,Established,Freehold,PENNANCE,,MERRITTS HILL,ILLOGAN,REDRUTH,KERRIER,CORNWALL,Standard,Addition,50.2403250000,-5.2606130000
120000,2000-03-17 00:00:00Z,TR16 4DY,Detached,Established,Freehold,19,,ALEXANDRA ROAD,ILLOGAN,REDRUTH,KERRIER,CORNWALL,Standard,Addition,50.2457800000,-5.2694590000
139000,2000-12-15 00:00:00Z,TR15 3UR,Semi-Detached,Established,Freehold,ROSE COTTAGE,,SPAR LANE,ILLOGAN,REDRUTH,KERRIER,CORNWALL,Standard,Addition,50.2410010000,-5.2698470000
50500,2000-11-20 00:00:00Z,TR16 4DL,Terraced,Established,Freehold,7,,POLDARK ROAD,ILLOGAN,REDRUTH,KERRIER,CORNWALL,Standard,Addition,50.2434850000,-5.2630870000
41000,2000-05-05 00:00:00Z,TR16 4SA,Terraced,Established,Freehold,49,,BRIDGE ROAD,ILLOGAN,REDRUTH,KERRIER,CORNWALL,Standard,Addition,50.2496960000,-5.2639180000
70000,2000-02-24 00:00:00Z,TR15 3LY,Semi-Detached,Established,Freehold,97,,SUNNYSIDE PARC,ILLOGAN,REDRUTH,KERRIER,CORNWALL,Standard,Addition,50.2404890000,-5.2646700000
72950,2000-07-05 00:00:00Z,TR16 4RS,Semi-Detached,Established,Freehold,15,,ALEXANDRA CLOSE,ILLOGAN,REDRUTH,KERRIER,CORNWALL,Standard,Addition,50.2446550000,-5.2694440000
78500,2000-10-27 00:00:00Z,TR16 4DF,Semi-Detached,Established,Freehold,LYNWOOD,,MERRITTS HILL,ILLOGAN,REDRUTH,KERRIER,CORNWALL,Standard,Addition,50.2403250000,-5.2606130000
64950,2000-07-28 00:00:00Z,TR16 4RN,Semi-Detached,Established,Freehold,25,,TREFORTHLAN,ILLOGAN,REDRUTH,KERRIER,CORNWALL,Standard,Addition,50.2435160000,-5.2667570000
74500,2000-11-10 00:00:00Z,TR15 3LY,Semi-Detached,Established,Freehold,69,,SUNNYSIDE PARC,ILLOGAN,REDRUTH,KERRIER,CORNWALL,Standard,Addition,50.2404890000,-5.2646700000
85000,2000-10-26 00:00:00Z,TR15 3LX,Detached,Established,Freehold,49,,SUNNYSIDE PARC,ILLOGAN,REDRUTH,KERRIER,CORNWALL,Standard,Addition,50.2409720000,-5.2641500000
99500,2000-01-14 00:00:00Z,TR16 4GA,Detached,New Build,Freehold,14,,PARK LEVEN,ILLOGAN,REDRUTH,KERRIER,CORNWALL,Standard,Addition,50.2402120000,-5.2620420000
85000,2000-06-02 00:00:00Z,TR15 3LY,Semi-Detached,Established,Freehold,117,,SUNNYSIDE PARC,ILLOGAN,REDRUTH,KERRIER,CORNWALL,Standard,Addition,50.2404890000,-5.2646700000
48500,2000-11-03 00:00:00Z,TR16 4DL,Terraced,Established,Freehold,40,,POLDARK ROAD,ILLOGAN,REDRUTH,KERRIER,CORNWALL,Standard,Addition,50.2434850000,-5.2630870000
59950,2000-01-28 00:00:00Z,TR16 4RS,Terraced,Established,Freehold,20,,ALEXANDRA CLOSE,ILLOGAN,REDRUTH,KERRIER,CORNWALL,Standard,Addition,50.2446550000,-5.2694440000
47950,2000-02-01 00:00:00Z,TR16 4DL,Terraced,Established,Freehold,6,,POLDARK ROAD,ILLOGAN,REDRUTH,PENWITH,CORNWALL,Standard,Addition,50.2434850000,-5.2630870000
96500,2000-08-04 00:00:00Z,TR16 4SA,Detached,Established,Freehold,THE NEW HOUSE,,BRIDGE ROAD,ILLOGAN,REDRUTH,KERRIER,CORNWALL,Standard,Addition,50.2496960000,-5.2639180000
84950,2000-04-26 00:00:00Z,TR16 4DQ,Semi-Detached,Established,Freehold,TREYEW,,RICHARDS LANE,ILLOGAN,REDRUTH,PENWITH,CORNWALL,Standard,Addition,50.2420240000,-5.2616270000
32500,2000-05-31 00:00:00Z,TR16 4RX,Semi-Detached,Established,Freehold,16,,ROBARTES TERRACE,ILLOGAN,REDRUTH,KERRIER,CORNWALL,Standard,Addition,50.2466460000,-5.2670980000
64950,2000-02-04 00:00:00Z,TR16 4RZ,Terraced,Established,Freehold,5,,VENTONRAZE TERRACE,ILLOGAN,REDRUTH,KERRIER,CORNWALL,Standard,Addition,50.2481380000,-5.2655940000
59950,2000-08-01 00:00:00Z,TR16 4DL,Terraced,Established,Freehold,16,,POLDARK ROAD,ILLOGAN,REDRUTH,KERRIER,CORNWALL,Standard,Addition,50.2434850000,-5.2630870000
165000,2000-06-19 00:00:00Z,TR16 4DF,Detached,Established,Freehold,CAPRICORN,,MERRITTS HILL,ILLOGAN,REDRUTH,KERRIER,CORNWALL,Standard,Addition,50.2403250000,-5.2606130000
72800,2000-07-07 00:00:00Z,TR15 3LX,Semi-Detached,Established,Freehold,55,,SUNNYSIDE PARC,ILLOGAN,REDRUTH,KERRIER,CORNWALL,Standard,Addition,50.2409720000,-5.2641500000
55950,2000-03-31 00:00:00Z,TR16 4DL,Semi-Detached,Established,Freehold,36,,POLDARK ROAD,ILLOGAN,REDRUTH,KERRIER,CORNWALL,Standard,Addition,50.2434850000,-5.2630870000
80600,2000-02-18 00:00:00Z,TR16 4RS,Detached,Established,Freehold,52,,ALEXANDRA CLOSE,ILLOGAN,REDRUTH,KERRIER,CORNWALL,Standard,Addition,50.2446550000,-5.2694440000
94500,2000-05-26 00:00:00Z,TR16 4RY,Detached,Established,Freehold,WHEAL DREAM,,VENTONRAZE,ILLOGAN,REDRUTH,KERRIER,CORNWALL,Standard,Addition,50.2480210000,-5.2659230000
68000,2000-07-13 00:00:00Z,TR16 4DH,Semi-Detached,Established,Freehold,56,,BOSVEAN GARDENS,PAYNTERS LANE,REDRUTH,KERRIER,CORNWALL,Standard,Addition,50.2426260000,-5.2619760000
51000,2000-06-02 00:00:00Z,TR16 4RS,Semi-Detached,Established,Freehold,30,,ALEXANDRA CLOSE,ILLOGAN,REDRUTH,KERRIER,CORNWALL,Standard,Addition,50.2446550000,-5.2694440000
77500,2000-02-24 00:00:00Z,TR15 3LY,Detached,Established,Freehold,99,,SUNNYSIDE PARC,ILLOGAN,REDRUTH,KERRIER,CORNWALL,Standard,Addition,50.2404890000,-5.2646700000
75000,2000-07-21 00:00:00Z,TR15 3LY,Semi-Detached,Established,Freehold,88A,,SUNNYSIDE PARC,ILLOGAN,REDRUTH,KERRIER,CORNWALL,Standard,Addition,50.2404890000,-5.2646700000
85000,2001-08-17 00:00:00Z,TR15 3LX,Detached,Established,Freehold,33,,SUNNYSIDE PARC,ILLOGAN,REDRUTH,KERRIER,CORNWALL,Standard,Addition,50.2409720000,-5.2641500000
84500,2001-09-20 00:00:00Z,TR16 4DH,Semi-Detached,Established,Freehold,7,,BOSVEAN GARDENS,PAYNTERS LANE,REDRUTH,KERRIER,CORNWALL,Standard,Addition,50.2426260000,-5.2619760000
87500,2001-04-12 00:00:00Z,TR16 4RS,Detached,Established,Freehold,12,,ALEXANDRA CLOSE,ILLOGAN,REDRUTH,KERRIER,CORNWALL,Standard,Addition,50.2446550000,-5.2694440000
105000,2001-07-13 00:00:00Z,TR16 4EW,Detached,New Build,Freehold,8,,LAMANVA CLOSE,ILLOGAN,REDRUTH,KERRIER,CORNWALL,Standard,Addition,50.2441110000,-5.2622390000
92000,2001-10-18 00:00:00Z,TR16 4RX,Semi-Detached,Established,Freehold,14,,ROBARTES TERRACE,ILLOGAN,REDRUTH,KERRIER,CORNWALL,Standard,Addition,50.2466460000,-5.2670980000
77500,2001-12-07 00:00:00Z,TR16 4DL,Semi-Detached,Established,Freehold,36,,POLDARK ROAD,ILLOGAN,REDRUTH,KERRIER,CORNWALL,Standard,Addition,50.2434850000,-5.2630870000
141000,2001-08-21 00:00:00Z,TR16 4EW,Detached,Established,Freehold,9,,LAMANVA CLOSE,ILLOGAN,REDRUTH,KERRIER,CORNWALL,Standard,Addition,50.2441110000,-5.2622390000
68950,2001-10-26 00:00:00Z,TR15 3LX,Semi-Detached,Established,Freehold,17,,SUNNYSIDE PARC,ILLOGAN,REDRUTH,KERRIER,CORNWALL,Standard,Addition,50.2409720000,-5.2641500000
108000,2001-05-29 00:00:00Z,TR16 4RN,Detached,Established,Freehold,30,,TREFORTHLAN,ILLOGAN,REDRUTH,KERRIER,CORNWALL,Standard,Addition,50.2435160000,-5.2667570000
97950,2001-12-14 00:00:00Z,TR16 4SS,Semi-Detached,Established,Freehold,7,,HARMONY TERRACE,PAYNTERS LANE END,REDRUTH,KERRIER,CORNWALL,Standard,Addition,50.2457190000,-5.2664730000
40000,2001-03-23 00:00:00Z,TR16 4DL,Terraced,Established,Freehold,19,,POLDARK ROAD,ILLOGAN,REDRUTH,KERRIER,CORNWALL,Standard,Addition,50.2434850000,-5.2630870000
99950,2001-02-28 00:00:00Z,TR16 4EW,Semi-Detached,New Build,Freehold,2,,LAMANVA CLOSE,ILLOGAN,REDRUTH,KERRIER,CORNWALL,Standard,Addition,50.2441110000,-5.2622390000
108500,2001-02-09 00:00:00Z,TR15 3LX,Detached,Established,Freehold,31,,SUNNYSIDE PARC,ILLOGAN,REDRUTH,KERRIER,CORNWALL,Standard,Addition,50.2409720000,-5.2641500000
32295,2001-10-22 00:00:00Z,TR16 4DS,Flats/Maisonettes,Established,Leasehold,REGENCY,FLAT 1,PAYNTERS LANE,ILLOGAN,REDRUTH,KERRIER,CORNWALL,Standard,Addition,50.2448290000,-5.2664760000
78950,2001-07-17 00:00:00Z,TR15 3LY,Semi-Detached,Established,Freehold,117,,SUNNYSIDE PARC,ILLOGAN,REDRUTH,KERRIER,CORNWALL,Standard,Addition,50.2404890000,-5.2646700000
89950,2001-10-18 00:00:00Z,TR15 3LX,Detached,Established,Freehold,9,,SUNNYSIDE PARC,ILLOGAN,REDRUTH,KERRIER,CORNWALL,Standard,Addition,50.2409720000,-5.2641500000
122500,2001-04-17 00:00:00Z,TR16 4SA,Detached,New Build,Freehold,PLOT 1,,CHARLOCK MEADOW VIEW,ILLOGAN,REDRUTH,KERRIER,CORNWALL,Standard,Addition,50.2496960000,-5.2639180000
56000,2001-06-25 00:00:00Z,TR16 4RX,Semi-Detached,Established,Freehold,4,,ROBARTES TERRACE,ILLOGAN,REDRUTH,KERRIER,CORNWALL,Standard,Addition,50.2466460000,-5.2670980000
108000,2001-08-02 00:00:00Z,TR16 4EW,Detached,New Build,Freehold,7,,LAMANVA CLOSE,ILLOGAN,REDRUTH,KERRIER,CORNWALL,Standard,Addition,50.2441110000,-5.2622390000
78000,2001-05-29 00:00:00Z,TR16 4EU,Terraced,Established,Freehold,4,,VOGUEBELOTH,ILLOGAN,REDRUTH,KERRIER,CORNWALL,Standard,Addition,50.2453610000,-5.2606550000
110000,2001-09-14 00:00:00Z,TR16 4EW,Detached,New Build,Freehold,11,,LAMANVA CLOSE,ILLOGAN,REDRUTH,KERRIER,CORNWALL,Standard,Addition,50.2441110000,-5.2622390000
128500,2001-06-15 00:00:00Z,TR16 4EW,Detached,New Build,Freehold,3,,LAMANVA CLOSE,ILLOGAN,REDRUTH,KERRIER,CORNWALL,Standard,Addition,50.2441110000,-5.2622390000
84950,2001-12-10 00:00:00Z,TR16 4SS,Terraced,Established,Freehold,4,,HARMONY TERRACE,PAYNTERS LANE END,REDRUTH,KERRIER,CORNWALL,Standard,Addition,50.2457190000,-5.2664730000
110000,2001-08-23 00:00:00Z,TR16 4EW,Detached,New Build,Freehold,6,,LAMANVA CLOSE,ILLOGAN,REDRUTH,KERRIER,CORNWALL,Standard,Addition,50.2441110000,-5.2622390000
222500,2001-11-22 00:00:00Z,TR16 4DF,Detached,Established,Freehold,MAY TREES,,MERRITTS HILL,ILLOGAN,REDRUTH,CORNWALL,CORNWALL,Standard,Addition,50.2403250000,-5.2606130000
87950,2001-01-25 00:00:00Z,TR16 4ER,Detached,Established,Freehold,LISHEEN,,VOGUEBELOTH,ILLOGAN,REDRUTH,KERRIER,CORNWALL,Standard,Addition,50.2449800000,-5.2617440000
88950,2001-08-24 00:00:00Z,TR16 4DN,Semi-Detached,Established,Freehold,1,,KESTRAL WAY,ILLOGAN,REDRUTH,CORNWALL,CORNWALL,Standard,Addition,50.2413890000,-5.2636940000
77000,2001-07-26 00:00:00Z,TR15 3LY,Detached,Established,Freehold,96,,SUNNYSIDE PARC,ILLOGAN,REDRUTH,KERRIER,CORNWALL,Standard,Addition,50.2404890000,-5.2646700000
165000,2001-07-30 00:00:00Z,TR16 4DF,Detached,Established,Freehold,MORDENE,,MERRITTS HILL,ILLOGAN,REDRUTH,KERRIER,CORNWALL,Standard,Addition,50.2403250000,-5.2606130000
79950,2001-12-07 00:00:00Z,TR16 4EZ,Semi-Detached,Established,Freehold,5A,,LAMANVA ROAD,ILLOGAN,REDRUTH,KERRIER,CORNWALL,Standard,Addition,50.2446730000,-5.2614490000
159000,2001-11-30 00:00:00Z,TR16 4HA,Detached,Established,Freehold,TRELYN,,RICHARDS LANE,HARRIS MILL,REDRUTH,KERRIER,CORNWALL,Standard,Addition,50.2439840000,-5.2603720000
80000,2001-10-26 00:00:00Z,TR15 3LY,Semi-Detached,Established,Freehold,103,,SUNNYSIDE PARC,ILLOGAN,REDRUTH,KERRIER,CORNWALL,Standard,Addition,50.2404890000,-5.2646700000
79500,2001-03-23 00:00:00Z,TR16 4DP,Semi-Detached,Established,Freehold,8,,ILLOGAN PARK,ILLOGAN,REDRUTH,KERRIER,CORNWALL,Standard,Addition,50.2424150000,-5.2646550000
130000,2001-08-24 00:00:00Z,TR15 3UR,Semi-Detached,Established,Freehold,MEADOWSWEET,,SPAR LANE,ILLOGAN,REDRUTH,KERRIER,CORNWALL,Standard,Addition,50.2410010000,-5.2698470000
83500,2001-03-16 00:00:00Z,TR16 4DQ,Semi-Detached,Established,Freehold,THE NOOK,,RICHARDS LANE,ILLOGAN,REDRUTH,KERRIER,CORNWALL,Standard,Addition,50.2420240000,-5.2616270000
50000,2001-01-24 00:00:00Z,TR16 4EU,Terraced,Established,Freehold,CHIRANE,,VOGUEBELOTH,ILLOGAN,REDRUTH,KERRIER,CORNWALL,Standard,Addition,50.2453610000,-5.2606550000
82950,2001-01-30 00:00:00Z,TR16 4RS,Semi-Detached,Established,Freehold,7,,ALEXANDRA CLOSE,ILLOGAN,REDRUTH,KERRIER,CORNWALL,Standard,Addition,50.2446550000,-5.2694440000
81950,2001-08-03 00:00:00Z,TR16 4EW,Semi-Detached,New Build,Freehold,5,,LAMANVA CLOSE,ILLOGAN,REDRUTH,KERRIER,CORNWALL,Standard,Addition,50.2441110000,-5.2622390000
94950,2001-10-26 00:00:00Z,TR15 3LY,Detached,Established,Freehold,126,,SUNNYSIDE PARC,ILLOGAN,REDRUTH,KERRIER,CORNWALL,Standard,Addition,50.2404890000,-5.2646700000
88500,2001-08-31 00:00:00Z,TR16 4DW,Semi-Detached,Established,Freehold,1,,PENCARROW ROAD,ILLOGAN,REDRUTH,KERRIER,CORNWALL,Standard,Addition,50.2442440000,-5.2636300000
120000,2001-10-31 00:00:00Z,TR16 4EW,Detached,New Build,Freehold,4,,LAMANVA CLOSE,ILLOGAN,REDRUTH,KERRIER,CORNWALL,Standard,Addition,50.2441110000,-5.2622390000
95950,2001-08-24 00:00:00Z,TR16 4RS,Detached,Established,Freehold,43,,ALEXANDRA CLOSE,ILLOGAN,REDRUTH,KERRIER,CORNWALL,Standard,Addition,50.2446550000,-5.2694440000
80000,2001-12-14 00:00:00Z,TR15 3LY,Semi-Detached,Established,Freehold,86A,,SUNNYSIDE PARC,ILLOGAN,REDRUTH,KERRIER,CORNWALL,Standard,Addition,50.2404890000,-5.2646700000
110000,2001-10-26 00:00:00Z,TR16 4EW,Terraced,New Build,Freehold,10,,LAMANVA CLOSE,ILLOGAN,REDRUTH,KERRIER,CORNWALL,Standard,Addition,50.2441110000,-5.2622390000
77000,2001-03-09 00:00:00Z,TR15 3LY,Detached,Established,Freehold,84,,SUNNYSIDE PARC,ILLOGAN,REDRUTH,KERRIER,CORNWALL,Standard,Addition,50.2404890000,-5.2646700000
60000,2001-06-13 00:00:00Z,TR16 4RR,Detached,Established,Freehold,GLENCARN,,,PAYNTERS LANE END,REDRUTH,KERRIER,CORNWALL,Standard,Addition,50.2449210000,-5.2680110000
65000,2001-10-24 00:00:00Z,TR16 4SR,Semi-Detached,Established,Freehold,"ROSEBANK COTTAGE, 11",,CHURCH ROAD,ILLOGAN,REDRUTH,KERRIER,CORNWALL,Standard,Addition,50.2493760000,-5.2669970000
100000,2001-08-31 00:00:00Z,TR16 4DF,Detached,Established,Freehold,WHEAL CHANCE,,MERRITTS HILL,ILLOGAN,REDRUTH,KERRIER,CORNWALL,Standard,Addition,50.2403250000,-5.2606130000
79000,2001-01-11 00:00:00Z,TR16 4DH,Detached,Established,Freehold,3,,BOSVEAN GARDENS,PAYNTERS LANE,REDRUTH,KERRIER,CORNWALL,Standard,Addition,50.2426260000,-5.2619760000
84950,2002-01-03 00:00:00Z,TR16 4DH,Detached,Established,Freehold,37,,BOSVEAN GARDENS,PAYNTERS LANE,REDRUTH,KERRIER,CORNWALL,Standard,Addition,50.2426260000,-5.2619760000
159950,2002-06-14 00:00:00Z,TR16 4DF,Detached,Established,Freehold,THE GABLES,,MERRITTS HILL,ILLOGAN,REDRUTH,KERRIER,CORNWALL,Standard,Addition,50.2403250000,-5.2606130000
59950,2002-10-28 00:00:00Z,TR16 4DL,Terraced,Established,Freehold,34,,POLDARK ROAD,ILLOGAN,REDRUTH,KERRIER,CORNWALL,Standard,Addition,50.2434850000,-5.2630870000
121500,2002-06-28 00:00:00Z,TR15 3LY,Detached,Established,Freehold,121,,SUNNYSIDE PARC,ILLOGAN,REDRUTH,KERRIER,CORNWALL,Standard,Addition,50.2404890000,-5.2646700000
170000,2002-06-18 00:00:00Z,TR16 4EW,Detached,Established,Freehold,7,,LAMANVA CLOSE,ILLOGAN,REDRUTH,KERRIER,CORNWALL,Standard,Addition,50.2441110000,-5.2622390000
90000,2002-09-24 00:00:00Z,TR16 4DJ,Detached,Established,Freehold,EVERSLEIGH,,PAYNTERS LANE,ILLOGAN,REDRUTH,KERRIER,CORNWALL,Standard,Addition,50.2422540000,-5.2633540000
88500,2002-11-29 00:00:00Z,TR16 4DL,Terraced,Established,Freehold,43,,POLDARK ROAD,ILLOGAN,REDRUTH,KERRIER,CORNWALL,Standard,Addition,50.2434850000,-5.2630870000
99500,2002-12-13 00:00:00Z,TR16 4RJ,Semi-Detached,Established,Freehold,19,,PAYNTERS LANE END ESTATE,ILLOGAN,REDRUTH,KERRIER,CORNWALL,Standard,Addition,50.2432790000,-5.2691470000
165000,2002-12-06 00:00:00Z,TR16 4HA,Detached,Established,Freehold,SYLVAN LEA,,RICHARDS LANE,HARRIS MILL,REDRUTH,KERRIER,CORNWALL,Standard,Addition,50.2439840000,-5.2603720000
100500,2002-04-09 00:00:00Z,TR16 4RS,Detached,Established,Freehold,10,,ALEXANDRA CLOSE,ILLOGAN,REDRUTH,KERRIER,CORNWALL,Standard,Addition,50.2446550000,-5.2694440000
85500,2002-03-13 00:00:00Z,TR16 4DQ,Semi-Detached,Established,Freehold,ZENNOR COTTAGE,,RICHARDS LANE,ILLOGAN,REDRUTH,KERRIER,CORNWALL,Standard,Addition,50.2420240000,-5.2616270000
96750,2002-08-22 00:00:00Z,TR16 4ET,Semi-Detached,Established,Freehold,TRESAVEAN,FLAT 1,VOGUEBELOTH,ILLOGAN,REDRUTH,KERRIER,CORNWALL,Standard,Addition,50.2453270000,-5.2618870000
175000,2002-10-23 00:00:00Z,TR16 4DQ,Detached,Established,Freehold,GOLDEN MEADOW,1,RICHARDS LANE,ILLOGAN,REDRUTH,KERRIER,CORNWALL,Standard,Addition,50.2420240000,-5.2616270000
79950,2002-03-01 00:00:00Z,TR16 4RY,Detached,Established,Freehold,KERNOW,,VENTONRAZE,ILLOGAN,REDRUTH,KERRIER,CORNWALL,Standard,Addition,50.2480210000,-5.2659230000
94000,2002-01-29 00:00:00Z,TR16 4DF,Semi-Detached,Established,Freehold,ROSE-VEAN,,MERRITTS HILL,ILLOGAN,REDRUTH,KERRIER,CORNWALL,Standard,Addition,50.2403250000,-5.2606130000
125000,2002-07-07 00:00:00Z,TR16 4RX,Semi-Detached,Established,Freehold,9,,ROBARTES TERRACE,ILLOGAN,REDRUTH,KERRIER,CORNWALL,Standard,Addition,50.2466460000,-5.2670980000
106950,2002-08-09 00:00:00Z,TR16 4RN,Detached,Established,Freehold,14,,TREFORTHLAN,ILLOGAN,REDRUTH,KERRIER,CORNWALL,Standard,Addition,50.2435160000,-5.2667570000
62000,2002-07-19 00:00:00Z,TR16 4ER,Detached,Established,Freehold,BETHANY,,VOGUEBELOTH,ILLOGAN,REDRUTH,KERRIER,CORNWALL,Standard,Addition,50.2449800000,-5.2617440000
77950,2002-05-27 00:00:00Z,TR16 4SA,Detached,Established,Freehold,STANMAR,,BRIDGE ROAD,ILLOGAN,REDRUTH,KERRIER,CORNWALL,Standard,Addition,50.2496960000,-5.2639180000
172500,2002-04-30 00:00:00Z,TR15 3UR,Detached,Established,Freehold,PENGWEDNA,,SPAR LANE,ILLOGAN,REDRUTH,KERRIER,CORNWALL,Standard,Addition,50.2410010000,-5.2698470000
74950,2002-05-17 00:00:00Z,TR16 4RX,Terraced,Established,Freehold,8,,ROBARTES TERRACE,ILLOGAN,REDRUTH,KERRIER,CORNWALL,Standard,Addition,50.2466460000,-5.2670980000
110000,2002-10-18 00:00:00Z,TR15 3LX,Terraced,Established,Freehold,3,,SUNNYSIDE PARC,ILLOGAN,REDRUTH,KERRIER,CORNWALL,Standard,Addition,50.2409720000,-5.2641500000
128950,2002-11-01 00:00:00Z,TR16 4GA,Semi-Detached,Established,Freehold,10,,PARK LEVEN,ILLOGAN,REDRUTH,KERRIER,CORNWALL,Standard,Addition,50.2402120000,-5.2620420000
52000,2002-04-12 00:00:00Z,TR16 4ST,Semi-Detached,Established,Leasehold,36,,PENWARTHA ROAD,ILLOGAN,REDRUTH,KERRIER,CORNWALL,Standard,Addition,50.2449460000,-5.2648770000
93000,2002-04-25 00:00:00Z,TR15 3LX,Semi-Detached,Established,Freehold,22,,SUNNYSIDE PARC,ILLOGAN,REDRUTH,KERRIER,CORNWALL,Standard,Addition,50.2409720000,-5.2641500000
130000,2002-04-30 00:00:00Z,TR15 3UR,Detached,Established,Freehold,GREEN HEDGES,,SPAR LANE,ILLOGAN,REDRUTH,KERRIER,CORNWALL,Standard,Addition,50.2410010000,-5.2698470000
75500,2002-05-29 00:00:00Z,TR16 4RX,Semi-Detached,Established,Freehold,4,,ROBARTES TERRACE,ILLOGAN,REDRUTH,KERRIER,CORNWALL,Standard,Addition,50.2466460000,-5.2670980000
134000,2002-12-09 00:00:00Z,TR16 4DW,Semi-Detached,Established,Freehold,11,,PENCARROW ROAD,ILLOGAN,REDRUTH,KERRIER,CORNWALL,Standard,Addition,50.2442440000,-5.2636300000
99950,2002-06-07 00:00:00Z,TR15 3LY,Semi-Detached,Established,Freehold,107,,SUNNYSIDE PARC,ILLOGAN,REDRUTH,KERRIER,CORNWALL,Standard,Addition,50.2404890000,-5.2646700000
149950,2002-09-13 00:00:00Z,TR16 4DQ,Semi-Detached,Established,Freehold,WILMER,,RICHARDS LANE,ILLOGAN,REDRUTH,KERRIER,CORNWALL,Standard,Addition,50.2420240000,-5.2616270000
99950,2002-07-19 00:00:00Z,TR16 4DQ,Semi-Detached,Established,Freehold,THE NOOK,,RICHARDS LANE,ILLOGAN,REDRUTH,KERRIER,CORNWALL,Standard,Addition,50.2420240000,-5.2616270000
168000,2002-08-27 00:00:00Z,TR16 4EZ,Detached,Established,Freehold,22,,LAMANVA ROAD,ILLOGAN,REDRUTH,KERRIER,CORNWALL,Standard,Addition,50.2446730000,-5.2614490000
93000,2002-06-14 00:00:00Z,TR16 4RS,Detached,Established,Freehold,51,,ALEXANDRA CLOSE,ILLOGAN,REDRUTH,KERRIER,CORNWALL,Standard,Addition,50.2446550000,-5.2694440000
92500,2002-09-13 00:00:00Z,TR16 4RU,Terraced,Established,Freehold,2,,NETTLES ROW,PAYNTERS LANE END,REDRUTH,KERRIER,CORNWALL,Standard,Addition,50.2448350000,-5.2675420000
93000,2002-03-01 00:00:00Z,TR16 4RS,Detached,Established,Freehold,14,,ALEXANDRA CLOSE,ILLOGAN,REDRUTH,KERRIER,CORNWALL,Standard,Addition,50.2446550000,-5.2694440000
118000,2002-07-01 00:00:00Z,TR16 4GA,Semi-Detached,Established,Freehold,6,,PARK LEVEN,ILLOGAN,REDRUTH,KERRIER,CORNWALL,Standard,Addition,50.2402120000,-5.2620420000
95000,2002-12-06 00:00:00Z,TR16 4SA,Semi-Detached,Established,Freehold,ROSE COTTAGE,,BRIDGE ROAD,ILLOGAN,REDRUTH,KERRIER,CORNWALL,Standard,Addition,50.2496960000,-5.2639180000
119950,2002-02-11 00:00:00Z,TR16 4SA,Detached,Established,Freehold,THE NEW HOUSE,,BRIDGE ROAD,ILLOGAN,REDRUTH,KERRIER,CORNWALL,Standard,Addition,50.2496960000,-5.2639180000
125000,2002-10-11 00:00:00Z,TR16 4RX,Semi-Detached,Established,Freehold,14,,ROBARTES TERRACE,ILLOGAN,REDRUTH,KERRIER,CORNWALL,Standard,Addition,50.2466460000,-5.2670980000
129950,2002-04-05 00:00:00Z,TR16 4RP,Detached,Established,Freehold,7,,TREFORTHLAN CLOSE,ILLOGAN,REDRUTH,KERRIER,CORNWALL,Standard,Addition,50.2442990000,-5.2668460000
87000,2002-04-12 00:00:00Z,TR16 4DH,Semi-Detached,Established,Freehold,56,,BOSVEAN GARDENS,PAYNTERS LANE,REDRUTH,KERRIER,CORNWALL,Standard,Addition,50.2426260000,-5.2619760000
240000,2002-03-28 00:00:00Z,TR16 4DY,Detached,Established,Freehold,"DORGAI HOUSE, 7",,ALEXANDRA ROAD,ILLOGAN,REDRUTH,CORNWALL,CORNWALL,Standard,Addition,50.2457800000,-5.2694590000
129950,2002-12-06 00:00:00Z,TR16 4EZ,Semi-Detached,Established,Freehold,12A,,LAMANVA ROAD,ILLOGAN,REDRUTH,KERRIER,CORNWALL,Standard,Addition,50.2446730000,-5.2614490000
85950,2002-03-28 00:00:00Z,TR15 3LY,Semi-Detached,Established,Freehold,98,,SUNNYSIDE PARC,ILLOGAN,REDRUTH,KERRIER,CORNWALL,Standard,Addition,50.2404890000,-5.2646700000
94000,2002-04-12 00:00:00Z,TR16 4RS,Semi-Detached,Established,Freehold,40,,ALEXANDRA CLOSE,ILLOGAN,REDRUTH,KERRIER,CORNWALL,Standard,Addition,50.2446550000,-5.2694440000
84950,2002-03-27 00:00:00Z,TR16 4DH,Semi-Detached,Established,Freehold,31,,BOSVEAN GARDENS,PAYNTERS LANE,REDRUTH,KERRIER,CORNWALL,Standard,Addition,50.2426260000,-5.2619760000
93000,2002-04-26 00:00:00Z,TR16 4RX,Semi-Detached,Established,Freehold,10,,ROBARTES TERRACE,ILLOGAN,REDRUTH,KERRIER,CORNWALL,Standard,Addition,50.2466460000,-5.2670980000
115000,2002-08-16 00:00:00Z,TR15 3LY,Semi-Detached,Established,Freehold,112,,SUNNYSIDE PARC,ILLOGAN,REDRUTH,KERRIER,CORNWALL,Standard,Addition,50.2404890000,-5.2646700000
84000,2002-12-13 00:00:00Z,TR16 4DH,Terraced,Established,Freehold,14,,BOSVEAN GARDENS,PAYNTERS LANE,REDRUTH,KERRIER,CORNWALL,Standard,Addition,50.2426260000,-5.2619760000
119950,2002-08-29 00:00:00Z,TR16 4DH,Semi-Detached,Established,Freehold,7,,BOSVEAN GARDENS,PAYNTERS LANE,REDRUTH,KERRIER,CORNWALL,Standard,Addition,50.2426260000,-5.2619760000
111000,2003-08-08 00:00:00Z,TR16 4DT,Detached,Established,Freehold,CLEVELAND VILLAS,1,PAYNTERS LANE,ILLOGAN,REDRUTH,KERRIER,CORNWALL,Standard,Addition,50.2445880000,-5.2667400000
135000,2003-04-28 00:00:00Z,TR16 4DR,Semi-Detached,Established,Freehold,TOWANDA,,PAYNTERS LANE,ILLOGAN,REDRUTH,KERRIER,CORNWALL,Standard,Addition,50.2435630000,-5.2654490000
126000,2003-08-20 00:00:00Z,TR16 4RS,Detached,Established,Freehold,1,,ALEXANDRA CLOSE,ILLOGAN,REDRUTH,KERRIER,CORNWALL,Standard,Addition,50.2446550000,-5.2694440000
135000,2003-12-19 00:00:00Z,TR16 4SA,Semi-Detached,Established,Freehold,GLOROY,,BRIDGE ROAD,ILLOGAN,REDRUTH,CORNWALL,CORNWALL,Standard,Addition,50.2496960000,-5.2639180000
119000,2003-10-31 00:00:00Z,TR16 4EU,Terraced,Established,Freehold,4,,VOGUEBELOTH,ILLOGAN,REDRUTH,KERRIER,CORNWALL,Standard,Addition,50.2453610000,-5.2606550000
165000,2003-09-30 00:00:00Z,TR16 4DQ,Detached,Established,Freehold,CHYVOUNDER,,RICHARDS LANE,ILLOGAN,REDRUTH,KERRIER,CORNWALL,Standard,Addition,50.2420240000,-5.2616270000
89450,2003-01-31 00:00:00Z,TR16 4DH,Terraced,Established,Freehold,40,,BOSVEAN GARDENS,PAYNTERS LANE,REDRUTH,KERRIER,CORNWALL,Standard,Addition,50.2426260000,-5.2619760000
97000,2003-09-01 00:00:00Z,TR16 4DH,Terraced,Established,Freehold,44,,BOSVEAN GARDENS,PAYNTERS LANE,REDRUTH,KERRIER,CORNWALL,Standard,Addition,50.2426260000,-5.2619760000
98000,2003-08-15 00:00:00Z,TR16 4DH,Terraced,Established,Freehold,42,,BOSVEAN GARDENS,PAYNTERS LANE,REDRUTH,KERRIER,CORNWALL,Standard,Addition,50.2426260000,-5.2619760000
139950,2003-10-17 00:00:00Z,TR16 4DN,Terraced,Established,Freehold,LITTLE DENE,,KESTREL WAY,ILLOGAN,REDRUTH,KERRIER,CORNWALL,Standard,Addition,50.2413890000,-5.2636940000
141000,2003-09-08 00:00:00Z,TR15 3LY,Semi-Detached,Established,Freehold,123,,SUNNYSIDE PARC,ILLOGAN,REDRUTH,KERRIER,CORNWALL,Standard,Addition,50.2404890000,-5.2646700000
130000,2003-04-17 00:00:00Z,TR16 4EZ,Semi-Detached,Established,Freehold,11,,LAMANVA ROAD,ILLOGAN,REDRUTH,KERRIER,CORNWALL,Standard,Addition,50.2446730000,-5.2614490000
210000,2003-05-08 00:00:00Z,TR16 4DY,Detached,New Build,Freehold,"KESFORD HOUSE, 24",,ALEXANDRA ROAD,ILLOGAN,REDRUTH,KERRIER,CORNWALL,Standard,Addition,50.2457800000,-5.2694590000
141950,2003-10-03 00:00:00Z,TR16 4RN,Detached,Established,Freehold,16,,TREFORTHLAN,ILLOGAN,REDRUTH,KERRIER,CORNWALL,Standard,Addition,50.2435160000,-5.2667570000
164000,2003-04-11 00:00:00Z,TR15 3LX,Detached,Established,Freehold,48,,SUNNYSIDE PARC,ILLOGAN,REDRUTH,KERRIER,CORNWALL,Standard,Addition,50.2409720000,-5.2641500000
185000,2003-03-07 00:00:00Z,TR15 3UR,Detached,Established,Freehold,GREEN HEDGES,,SPAR LANE,ILLOGAN,REDRUTH,KERRIER,CORNWALL,Standard,Addition,50.2410010000,-5.2698470000
150000,2003-01-10 00:00:00Z,TR15 3UR,Detached,Established,Freehold,GREEN HEDGES,,SPAR LANE,ILLOGAN,REDRUTH,KERRIER,CORNWALL,Standard,Addition,50.2410010000,-5.2698470000
119000,2003-08-06 00:00:00Z,TR16 4HA,Terraced,Established,Freehold,BAY TREE COTTAGE,,RICHARDS LANE,HARRIS MILL,REDRUTH,KERRIER,CORNWALL,Standard,Addition,50.2439840000,-5.2603720000
120000,2003-10-21 00:00:00Z,TR16 4DR,Terraced,Established,Freehold,BYGHAM ROS PENTY,,PAYNTERS LANE,ILLOGAN,REDRUTH,KERRIER,CORNWALL,Standard,Addition,50.2435630000,-5.2654490000
127500,2003-10-15 00:00:00Z,TR16 4DL,Terraced,Established,Freehold,33,,POLDARK ROAD,ILLOGAN,REDRUTH,KERRIER,CORNWALL,Standard,Addition,50.2434850000,-5.2630870000
170000,2003-01-24 00:00:00Z,TR15 3UR,Semi-Detached,Established,Freehold,MEADOWSWEET,,SPAR LANE,ILLOGAN,REDRUTH,KERRIER,CORNWALL,Standard,Addition,50.2410010000,-5.2698470000
167500,2003-10-24 00:00:00Z,TR16 4RN,Detached,Established,Freehold,30,,TREFORTHLAN,ILLOGAN,REDRUTH,KERRIER,CORNWALL,Standard,Addition,50.2435160000,-5.2667570000
139500,2003-08-01 00:00:00Z,TR16 4SS,Semi-Detached,Established,Freehold,7,,HARMONY TERRACE,PAYNTERS LANE END,REDRUTH,KERRIER,CORNWALL,Standard,Addition,50.2457190000,-5.2664730000
85000,2003-04-10 00:00:00Z,TR16 4RJ,Detached,Established,Freehold,37,,PAYNTERS LANE END ESTATE,ILLOGAN,REDRUTH,KERRIER,CORNWALL,Standard,Addition,50.2432790000,-5.2691470000
126000,2003-10-21 00:00:00Z,TR16 4DQ,Semi-Detached,Established,Freehold,ZENNOR COTTAGE,,RICHARDS LANE,ILLOGAN,REDRUTH,KERRIER,CORNWALL,Standard,Addition,50.2420240000,-5.2616270000
138500,2003-10-22 00:00:00Z,TR15 3LX,Semi-Detached,Established,Freehold,55,,SUNNYSIDE PARC,ILLOGAN,REDRUTH,KERRIER,CORNWALL,Standard,Addition,50.2409720000,-5.2641500000
304000,2003-08-27 00:00:00Z,TR16 4RX,Detached,Established,Freehold,21,,ROBARTES TERRACE,ILLOGAN,REDRUTH,KERRIER,CORNWALL,Standard,Addition,50.2466460000,-5.2670980000
99000,2003-10-31 00:00:00Z,TR16 4DL,Semi-Detached,Established,Freehold,41,,POLDARK ROAD,ILLOGAN,REDRUTH,KERRIER,CORNWALL,Standard,Addition,50.2434850000,-5.2630870000
139995,2003-08-15 00:00:00Z,TR16 4RS,Semi-Detached,Established,Freehold,27,,ALEXANDRA CLOSE,ILLOGAN,REDRUTH,KERRIER,CORNWALL,Standard,Addition,50.2446550000,-5.2694440000
224500,2003-11-14 00:00:00Z,TR16 4DF,Detached,Established,Freehold,THE GABLES,,MERRITTS HILL,ILLOGAN,REDRUTH,KERRIER,CORNWALL,Standard,Addition,50.2403250000,-5.2606130000
138000,2003-03-05 00:00:00Z,TR16 4RR,Detached,Established,Freehold,DENMYR,,,PAYNTERS LANE END,REDRUTH,KERRIER,CORNWALL,Standard,Addition,50.2449210000,-5.2680110000
89950,2003-05-23 00:00:00Z,TR16 4RJ,Terraced,Established,Freehold,11,,PAYNTERS LANE END ESTATE,ILLOGAN,REDRUTH,KERRIER,CORNWALL,Standard,Addition,50.2432790000,-5.2691470000
149000,2004-02-20 00:00:00Z,TR16 4DJ,Semi-Detached,Established,Freehold,CHETNOLE,,PAYNTERS LANE,ILLOGAN,REDRUTH,KERRIER,CORNWALL,Standard,Addition,50.2422540000,-5.2633540000
83000,2004-03-24 00:00:00Z,TR16 4SA,Terraced,Established,Freehold,12,,BRIDGE ROAD,ILLOGAN,REDRUTH,KERRIER,CORNWALL,Standard,Addition,50.2496960000,-5.2639180000
149950,2004-01-28 00:00:00Z,TR15 3LY,Semi-Detached,Established,Freehold,80,,SUNNYSIDE PARC,ILLOGAN,REDRUTH,KERRIER,CORNWALL,Standard,Addition,50.2404890000,-5.2646700000
119000,2004-04-30 00:00:00Z,TR16 4DJ,Terraced,Established,Freehold,KERENSA,,PAYNTERS LANE,ILLOGAN,REDRUTH,KERRIER,CORNWALL,Standard,Addition,50.2422540000,-5.2633540000
149950,2004-05-21 00:00:00Z,TR16 4DH,Detached,Established,Freehold,47,,BOSVEAN GARDENS,PAYNTERS LANE,REDRUTH,KERRIER,CORNWALL,Standard,Addition,50.2426260000,-5.2619760000
202500,2004-12-15 00:00:00Z,TR16 4EZ,Detached,Established,Freehold,4,,LAMANVA ROAD,ILLOGAN,REDRUTH,KERRIER,CORNWALL,Standard,Addition,50.2446730000,-5.2614490000
199950,2004-07-28 00:00:00Z,TR16 4DY,Detached,Established,Freehold,"MEDWAY, 5",,ALEXANDRA ROAD,ILLOGAN,REDRUTH,KERRIER,CORNWALL,Standard,Addition,50.2457800000,-5.2694590000
119000,2004-01-30 00:00:00Z,TR16 4RJ,Terraced,Established,Freehold,2,,PAYNTERS LANE END ESTATE,ILLOGAN,REDRUTH,KERRIER,CORNWALL,Standard,Addition,50.2432790000,-5.2691470000
163000,2004-02-27 00:00:00Z,TR16 4EZ,Semi-Detached,Established,Freehold,5A,,LAMANVA ROAD,ILLOGAN,REDRUTH,KERRIER,CORNWALL,Standard,Addition,50.2446730000,-5.2614490000
128500,2004-11-22 00:00:00Z,TR16 4DH,Terraced,Established,Freehold,46,,BOSVEAN GARDENS,PAYNTERS LANE,REDRUTH,KERRIER,CORNWALL,Standard,Addition,50.2426260000,-5.2619760000
157500,2004-07-19 00:00:00Z,TR16 4RX,Semi-Detached,Established,Freehold,10,,ROBARTES TERRACE,ILLOGAN,REDRUTH,KERRIER,CORNWALL,Standard,Addition,50.2466460000,-5.2670980000
140990,2004-03-26 00:00:00Z,TR15 3LY,Semi-Detached,Established,Freehold,86,,SUNNYSIDE PARC,ILLOGAN,REDRUTH,KERRIER,CORNWALL,Standard,Addition,50.2404890000,-5.2646700000
150000,2004-03-31 00:00:00Z,TR15 3LX,Detached,Established,Freehold,9,,SUNNYSIDE PARC,ILLOGAN,REDRUTH,KERRIER,CORNWALL,Standard,Addition,50.2409720000,-5.2641500000
132500,2004-05-27 00:00:00Z,TR16 4DL,Semi-Detached,Established,Freehold,12,,POLDARK ROAD,ILLOGAN,REDRUTH,KERRIER,CORNWALL,Standard,Addition,50.2434850000,-5.2630870000
187950,2004-06-01 00:00:00Z,TR15 3LY,Detached,Established,Freehold,87,,SUNNYSIDE PARC,ILLOGAN,REDRUTH,KERRIER,CORNWALL,Standard,Addition,50.2404890000,-5.2646700000
159000,2004-07-28 00:00:00Z,TR16 4RS,Semi-Detached,Established,Freehold,40,,ALEXANDRA CLOSE,ILLOGAN,REDRUTH,KERRIER,CORNWALL,Standard,Addition,50.2446550000,-5.2694440000
239995,2004-04-21 00:00:00Z,TR16 4DS,Detached,Established,Freehold,REDENEK,,PAYNTERS LANE,ILLOGAN,REDRUTH,KERRIER,CORNWALL,Standard,Addition,50.2448290000,-5.2664760000
235000,2004-08-25 00:00:00Z,TR16 4DS,Detached,Established,Freehold,MORVILLA,,PAYNTERS LANE,ILLOGAN,REDRUTH,KERRIER,CORNWALL,Standard,Addition,50.2448290000,-5.2664760000
205000,2004-05-28 00:00:00Z,TR16 4DQ,Detached,Established,Freehold,BRAEMAR,,RICHARDS LANE,ILLOGAN,REDRUTH,KERRIER,CORNWALL,Standard,Addition,50.2420240000,-5.2616270000
210000,2004-01-08 00:00:00Z,TR16 4DY,Semi-Detached,Established,Freehold,26,,ALEXANDRA ROAD,ILLOGAN,REDRUTH,KERRIER,CORNWALL,Standard,Addition,50.2457800000,-5.2694590000
145000,2004-02-20 00:00:00Z,TR16 4SA,Terraced,Established,Freehold,8,,BRIDGE ROAD,ILLOGAN,REDRUTH,KERRIER,CORNWALL,Standard,Addition,50.2496960000,-5.2639180000
137000,2004-05-14 00:00:00Z,TR16 4DL,Semi-Detached,Established,Freehold,36,,POLDARK ROAD,ILLOGAN,REDRUTH,KERRIER,CORNWALL,Standard,Addition,50.2434850000,-5.2630870000
189000,2004-06-04 00:00:00Z,TR16 4HA,Semi-Detached,Established,Freehold,TREETOPS,,RICHARDS LANE,HARRIS MILL,REDRUTH,KERRIER,CORNWALL,Standard,Addition,50.2439840000,-5.2603720000
240000,2004-12-22 00:00:00Z,TR16 4RX,Semi-Detached,Established,Freehold,11,,ROBARTES TERRACE,ILLOGAN,REDRUTH,KERRIER,CORNWALL,Standard,Addition,50.2466460000,-5.2670980000
150000,2004-01-16 00:00:00Z,TR16 4RN,Semi-Detached,Established,Freehold,"LEVANTEE, 12",,TREFORTHLAN,ILLOGAN,REDRUTH,KERRIER,CORNWALL,Standard,Addition,50.2435160000,-5.2667570000
148000,2004-12-22 00:00:00Z,TR16 4RX,Semi-Detached,Established,Freehold,17,,ROBARTES TERRACE,ILLOGAN,REDRUTH,KERRIER,CORNWALL,Standard,Addition,50.2466460000,-5.2670980000
123000,2004-04-16 00:00:00Z,TR16 4ST,Terraced,Established,Freehold,36,,PENWARTHA ROAD,ILLOGAN,REDRUTH,KERRIER,CORNWALL,Standard,Addition,50.2449460000,-5.2648770000
150000,2004-01-15 00:00:00Z,TR16 4DF,Detached,Established,Freehold,CARTREF,,MERRITTS HILL,ILLOGAN,REDRUTH,KERRIER,CORNWALL,Standard,Addition,50.2403250000,-5.2606130000
150000,2004-12-20 00:00:00Z,TR16 4ER,Detached,Established,Freehold,OUTLANDS,,VOGUEBELOTH,ILLOGAN,REDRUTH,KERRIER,CORNWALL,Standard,Addition,50.2449800000,-5.2617440000
373000,2004-11-29 00:00:00Z,TR16 4DJ,Detached,Established,Freehold,MELROSE,,PAYNTERS LANE,ILLOGAN,REDRUTH,KERRIER,CORNWALL,Standard,Addition,50.2422540000,-5.2633540000
181500,2004-11-12 00:00:00Z,TR15 3LX,Detached,Established,Freehold,53,,SUNNYSIDE PARC,ILLOGAN,REDRUTH,KERRIER,CORNWALL,Standard,Addition,50.2409720000,-5.2641500000
145000,2004-03-31 00:00:00Z,TR16 4DH,Semi-Detached,Established,Freehold,68,,BOSVEAN GARDENS,PAYNTERS LANE,REDRUTH,KERRIER,CORNWALL,Standard,Addition,50.2426260000,-5.2619760000
55000,2004-03-26 00:00:00Z,TR16 4ER,Detached,Established,Freehold,BETHANY,,VOGUEBELOTH,ILLOGAN,REDRUTH,KERRIER,CORNWALL,Standard,Addition,50.2449800000,-5.2617440000
158500,2004-05-28 00:00:00Z,TR16 4DP,Semi-Detached,Established,Freehold,4,,ILLOGAN PARK,ILLOGAN,REDRUTH,KERRIER,CORNWALL,Standard,Addition,50.2424150000,-5.2646550000
164000,2004-05-14 00:00:00Z,TR16 4SA,Detached,Established,Freehold,THE COTTAGE,,BRIDGE ROAD,ILLOGAN,REDRUTH,KERRIER,CORNWALL,Standard,Addition,50.2496960000,-5.2639180000
189950,2004-09-06 00:00:00Z,TR16 4DH,Semi-Detached,Established,Freehold,7,,BOSVEAN GARDENS,PAYNTERS LANE,REDRUTH,KERRIER,CORNWALL,Standard,Addition,50.2426260000,-5.2619760000
174000,2004-07-14 00:00:00Z,TR15 3LX,Detached,Established,Freehold,52,,SUNNYSIDE PARC,ILLOGAN,REDRUTH,KERRIER,CORNWALL,Standard,Addition,50.2409720000,-5.2641500000
185500,2004-08-06 00:00:00Z,TR16 4DW,Semi-Detached,Established,Freehold,1,,PENCARROW ROAD,ILLOGAN,REDRUTH,KERRIER,CORNWALL,Standard,Addition,50.2442440000,-5.2636300000
183000,2004-06-08 00:00:00Z,TR15 3LY,Detached,Established,Freehold,83,,SUNNYSIDE PARC,ILLOGAN,REDRUTH,KERRIER,CORNWALL,Standard,Addition,50.2404890000,-5.2646700000
261000,2004-08-16 00:00:00Z,TR16 4DF,Detached,Established,Freehold,MEADOWSIDE,,MERRITTS HILL,ILLOGAN,REDRUTH,KERRIER,CORNWALL,Standard,Addition,50.2403250000,-5.2606130000
179950,2004-08-26 00:00:00Z,TR16 4ER,Detached,Established,Freehold,LYNTON,,VOGUEBELOTH,ILLOGAN,REDRUTH,KERRIER,CORNWALL,Standard,Addition,50.2449800000,-5.2617440000
136000,2004-07-30 00:00:00Z,TR16 4DH,Terraced,Established,Freehold,14,,BOSVEAN GARDENS,PAYNTERS LANE,REDRUTH,KERRIER,CORNWALL,Standard,Addition,50.2426260000,-5.2619760000
130000,2004-08-17 00:00:00Z,TR16 4DL,Terraced,Established,Freehold,7,,POLDARK ROAD,ILLOGAN,REDRUTH,KERRIER,CORNWALL,Standard,Addition,50.2434850000,-5.2630870000
167500,2004-07-26 00:00:00Z,TR15 3LY,Semi-Detached,Established,Freehold,102,,SUNNYSIDE PARC,ILLOGAN,REDRUTH,KERRIER,CORNWALL,Standard,Addition,50.2404890000,-5.2646700000
136950,2004-02-27 00:00:00Z,TR16 4ET,Semi-Detached,Established,Freehold,TRESAVEAN,FLAT 1,VOGUEBELOTH,ILLOGAN,REDRUTH,KERRIER,CORNWALL,Standard,Addition,50.2453270000,-5.2618870000
165000,2004-09-30 00:00:00Z,TR16 4RS,Semi-Detached,Established,Freehold,48,,ALEXANDRA CLOSE,ILLOGAN,REDRUTH,KERRIER,CORNWALL,Standard,Addition,50.2446550000,-5.2694440000
70000,2004-01-19 00:00:00Z,TR16 4DL,Semi-Detached,Established,Freehold,47,,POLDARK ROAD,ILLOGAN,REDRUTH,KERRIER,CORNWALL,Standard,Addition,50.2434850000,-5.2630870000
136950,2004-03-05 00:00:00Z,TR16 4SR,Terraced,Established,Freehold,"ROSEBANK COTTAGE, 11",,CHURCH ROAD,ILLOGAN,REDRUTH,KERRIER,CORNWALL,Standard,Addition,50.2493760000,-5.2669970000
275000,2005-06-17 00:00:00Z,TR16 4DF,Detached,Established,Freehold,MEADOWSIDE,,MERRITTS HILL,ILLOGAN,REDRUTH,KERRIER,CORNWALL,Standard,Addition,50.2403250000,-5.2606130000
137500,2005-11-18 00:00:00Z,TR16 4RN,Semi-Detached,Established,Freehold,18,,TREFORTHLAN,ILLOGAN,REDRUTH,KERRIER,CORNWALL,Standard,Addition,50.2435160000,-5.2667570000
186000,2005-05-06 00:00:00Z,TR16 4ET,Terraced,Established,Freehold,FARANDOLE,,VOGUEBELOTH,ILLOGAN,REDRUTH,KERRIER,CORNWALL,Standard,Addition,50.2453270000,-5.2618870000
200000,2005-06-17 00:00:00Z,TR16 4RS,Detached,Established,Freehold,10,,ALEXANDRA CLOSE,ILLOGAN,REDRUTH,KERRIER,CORNWALL,Standard,Addition,50.2446550000,-5.2694440000
177500,2005-08-03 00:00:00Z,TR15 3LX,Semi-Detached,Established,Freehold,50,,SUNNYSIDE PARC,ILLOGAN,REDRUTH,KERRIER,CORNWALL,Standard,Addition,50.2409720000,-5.2641500000
192000,2005-04-29 00:00:00Z,TR15 3LY,Detached,Established,Freehold,81,,SUNNYSIDE PARC,ILLOGAN,REDRUTH,KERRIER,CORNWALL,Standard,Addition,50.2404890000,-5.2646700000
199950,2005-10-25 00:00:00Z,TR16 4RS,Detached,Established,Freehold,12,,ALEXANDRA CLOSE,ILLOGAN,REDRUTH,KERRIER,CORNWALL,Standard,Addition,50.2446550000,-5.2694440000
225000,2005-12-06 00:00:00Z,TR16 4QY,Detached,Established,Freehold,5,,LANGWEDH ESTATE,ILLOGAN CHURCHTOWN,REDRUTH,KERRIER,CORNWALL,Standard,Addition,50.2498630000,-5.2691560000
199950,2005-04-15 00:00:00Z,TR16 4SU,Detached,Established,Freehold,2,,PENWARTHA VEAN,ILLOGAN,REDRUTH,KERRIER,CORNWALL,Standard,Addition,50.2443600000,-5.2639750000
176500,2005-04-22 00:00:00Z,TR15 3LY,Semi-Detached,Established,Freehold,116,,SUNNYSIDE PARC,ILLOGAN,REDRUTH,KERRIER,CORNWALL,Standard,Addition,50.2404890000,-5.2646700000
275000,2005-12-08 00:00:00Z,TR16 4RY,Detached,Established,Freehold,WHEAL DREAM,,VENTONRAZE,ILLOGAN,REDRUTH,KERRIER,CORNWALL,Standard,Addition,50.2480210000,-5.2659230000
152500,2005-06-30 00:00:00Z,TR16 4DH,Detached,Established,Freehold,35,,BOSVEAN GARDENS,PAYNTERS LANE,REDRUTH,KERRIER,CORNWALL,Standard,Addition,50.2426260000,-5.2619760000
165000,2005-09-26 00:00:00Z,TR16 4SA,Semi-Detached,Established,Freehold,3,,BRIDGE ROAD,ILLOGAN,REDRUTH,KERRIER,CORNWALL,Standard,Addition,50.2496960000,-5.2639180000
163000,2005-07-15 00:00:00Z,TR16 4DH,Semi-Detached,Established,Freehold,17,,BOSVEAN GARDENS,PAYNTERS LANE,REDRUTH,KERRIER,CORNWALL,Standard,Addition,50.2426260000,-5.2619760000
168000,2005-11-25 00:00:00Z,TR15 3LX,Semi-Detached,Established,Freehold,22,,SUNNYSIDE PARC,ILLOGAN,REDRUTH,KERRIER,CORNWALL,Standard,Addition,50.2409720000,-5.2641500000
155000,2005-05-13 00:00:00Z,TR16 4DH,Semi-Detached,Established,Freehold,72,,BOSVEAN GARDENS,PAYNTERS LANE,REDRUTH,PENWITH,CORNWALL,Standard,Addition,50.2426260000,-5.2619760000
160000,2005-01-28 00:00:00Z,TR16 4EU,Terraced,Established,Freehold,4,,VOGUEBELOTH,ILLOGAN,REDRUTH,KERRIER,CORNWALL,Standard,Addition,50.2453610000,-5.2606550000
170000,2005-01-14 00:00:00Z,TR16 4RX,Semi-Detached,Established,Freehold,14,,ROBARTES TERRACE,ILLOGAN,REDRUTH,KERRIER,CORNWALL,Standard,Addition,50.2466460000,-5.2670980000
207000,2005-11-02 00:00:00Z,TR16 4DY,Detached,Established,Freehold,"LITTLE ALEXANDRA, 20",,ALEXANDRA ROAD,ILLOGAN,REDRUTH,KERRIER,CORNWALL,Standard,Addition,50.2457800000,-5.2694590000
77500,2005-06-15 00:00:00Z,TR16 4DH,Detached,Established,Freehold,5,,BOSVEAN GARDENS,PAYNTERS LANE,REDRUTH,KERRIER,CORNWALL,Standard,Addition,50.2426260000,-5.2619760000
88000,2005-07-08 00:00:00Z,TR16 4SQ,Flats/Maisonettes,Established,Leasehold,44,,CORONATION ROAD,ILLOGAN,REDRUTH,KERRIER,CORNWALL,Standard,Addition,50.2499080000,-5.2649920000
158500,2005-09-13 00:00:00Z,TR16 4DH,Detached,Established,Freehold,43,,BOSVEAN GARDENS,PAYNTERS LANE,REDRUTH,KERRIER,CORNWALL,Standard,Addition,50.2426260000,-5.2619760000
185000,2005-08-19 00:00:00Z,TR16 4RS,Semi-Detached,Established,Freehold,27,,ALEXANDRA CLOSE,ILLOGAN,REDRUTH,KERRIER,CORNWALL,Standard,Addition,50.2446550000,-5.2694440000
169950,2005-07-21 00:00:00Z,TR16 4HA,Semi-Detached,Established,Freehold,DELPHINIUM COTTAGE,,RICHARDS LANE,HARRIS MILL,REDRUTH,KERRIER,CORNWALL,Standard,Addition,50.2439840000,-5.2603720000
205000,2005-01-28 00:00:00Z,TR16 4RR,Detached,Established,Freehold,DENMYR,,,PAYNTERS LANE END,REDRUTH,KERRIER,CORNWALL,Standard,Addition,50.2449210000,-5.2680110000
199950,2005-12-22 00:00:00Z,TR16 4DF,Detached,Established,Freehold,CARTREF,,MERRITTS HILL,ILLOGAN,REDRUTH,KERRIER,CORNWALL,Standard,Addition,50.2403250000,-5.2606130000
134000,2006-05-10 00:00:00Z,TR16 4EU,Terraced,Established,Freehold,CHIRANE,,VOGUEBELOTH,ILLOGAN,REDRUTH,KERRIER,CORNWALL,Standard,Addition,50.2453610000,-5.2606550000
143000,2006-09-08 00:00:00Z,TR16 4DH,Terraced,Established,Freehold,14,,BOSVEAN GARDENS,PAYNTERS LANE,REDRUTH,KERRIER,CORNWALL,Standard,Addition,50.2426260000,-5.2619760000
139950,2006-04-05 00:00:00Z,TR16 4DL,Terraced,Established,Freehold,40,,POLDARK ROAD,ILLOGAN,REDRUTH,KERRIER,CORNWALL,Standard,Addition,50.2434850000,-5.2630870000
151000,2006-09-28 00:00:00Z,TR16 4RS,Detached,Established,Freehold,17,,ALEXANDRA CLOSE,ILLOGAN,REDRUTH,KERRIER,CORNWALL,Standard,Addition,50.2446550000,-5.2694440000
249950,2006-06-23 00:00:00Z,TR16 4DJ,Detached,Established,Freehold,OGILVIE HOUSE,,PAYNTERS LANE,ILLOGAN,REDRUTH,KERRIER,CORNWALL,Standard,Addition,50.2422540000,-5.2633540000
158000,2006-02-28 00:00:00Z,TR16 4DL,Terraced,Established,Freehold,22,,POLDARK ROAD,ILLOGAN,REDRUTH,CORNWALL,CORNWALL,Standard,Addition,50.2434850000,-5.2630870000
100000,2006-03-24 00:00:00Z,TR16 4RR,Semi-Detached,Established,Freehold,CHARNEL,,,PAYNTERS LANE END,REDRUTH,KERRIER,CORNWALL,Standard,Addition,50.2449210000,-5.2680110000
210000,2006-11-03 00:00:00Z,TR16 4GA,Semi-Detached,Established,Freehold,11,,PARK LEVEN,ILLOGAN,REDRUTH,KERRIER,CORNWALL,Standard,Addition,50.2402120000,-5.2620420000
173500,2006-04-13 00:00:00Z,TR16 4DP,Detached,Established,Freehold,19,,ILLOGAN PARK,ILLOGAN,REDRUTH,KERRIER,CORNWALL,Standard,Addition,50.2424150000,-5.2646550000
199950,2006-11-03 00:00:00Z,TR16 4DT,Detached,Established,Freehold,AMBERLEY,,PAYNTERS LANE,ILLOGAN,REDRUTH,KERRIER,CORNWALL,Standard,Addition,50.2445880000,-5.2667400000
200000,2006-07-27 00:00:00Z,TR16 4SA,Terraced,Established,Freehold,10,,BRIDGE ROAD,ILLOGAN,REDRUTH,KERRIER,CORNWALL,Standard,Addition,50.2496960000,-5.2639180000
175000,2006-08-29 00:00:00Z,TR15 3LX,Detached,Established,Freehold,52,,SUNNYSIDE PARC,ILLOGAN,REDRUTH,KERRIER,CORNWALL,Standard,Addition,50.2409720000,-5.2641500000
147500,2006-05-25 00:00:00Z,TR16 4EU,Terraced,Established,Freehold,RANVILLE,,VOGUEBELOTH,ILLOGAN,REDRUTH,KERRIER,CORNWALL,Standard,Addition,50.2453610000,-5.2606550000
80000,2006-06-23 00:00:00Z,TR16 4RX,Terraced,Established,Freehold,7,,ROBARTES TERRACE,ILLOGAN,REDRUTH,KERRIER,CORNWALL,Standard,Addition,50.2466460000,-5.2670980000
187500,2006-11-08 00:00:00Z,TR16 4RS,Detached,Established,Freehold,3,,ALEXANDRA CLOSE,ILLOGAN,REDRUTH,KERRIER,CORNWALL,Standard,Addition,50.2446550000,-5.2694440000
184000,2006-09-08 00:00:00Z,TR16 4RS,Detached,Established,Freehold,51,,ALEXANDRA CLOSE,ILLOGAN,REDRUTH,KERRIER,CORNWALL,Standard,Addition,50.2446550000,-5.2694440000
197000,2006-08-17 00:00:00Z,TR16 4DW,Semi-Detached,Established,Freehold,11,,PENCARROW ROAD,ILLOGAN,REDRUTH,KERRIER,CORNWALL,Standard,Addition,50.2442440000,-5.2636300000
182000,2006-08-14 00:00:00Z,TR16 4DJ,Semi-Detached,Established,Freehold,CHETNOLE,,PAYNTERS LANE,ILLOGAN,REDRUTH,KERRIER,CORNWALL,Standard,Addition,50.2422540000,-5.2633540000
195000,2006-12-08 00:00:00Z,TR16 4RS,Detached,Established,Freehold,61,,ALEXANDRA CLOSE,ILLOGAN,REDRUTH,KERRIER,CORNWALL,Standard,Addition,50.2446550000,-5.2694440000
185000,2006-05-26 00:00:00Z,TR16 4GA,Detached,Established,Freehold,18,,PARK LEVEN,ILLOGAN,REDRUTH,KERRIER,CORNWALL,Standard,Addition,50.2402120000,-5.2620420000
239950,2006-10-27 00:00:00Z,TR16 4RR,Semi-Detached,Established,Freehold,CHARNEL,,,PAYNTERS LANE END,REDRUTH,KERRIER,CORNWALL,Standard,Addition,50.2449210000,-5.2680110000
149950,2006-12-08 00:00:00Z,TR16 4DF,Semi-Detached,Established,Freehold,MERRITTS COTTAGE,,MERRITTS HILL,ILLOGAN,REDRUTH,KERRIER,CORNWALL,Standard,Addition,50.2403250000,-5.2606130000
70000,2006-08-31 00:00:00Z,TR16 4RJ,Terraced,Established,Freehold,10,,PAYNTERS LANE END ESTATE,ILLOGAN,REDRUTH,KERRIER,CORNWALL,Standard,Addition,50.2432790000,-5.2691470000
166500,2006-06-14 00:00:00Z,TR16 4DH,Semi-Detached,Established,Freehold,31,,BOSVEAN GARDENS,PAYNTERS LANE,REDRUTH,KERRIER,CORNWALL,Standard,Addition,50.2426260000,-5.2619760000
138950,2006-09-05 00:00:00Z,TR16 4RJ,Detached,Established,Freehold,37,,PAYNTERS LANE END ESTATE,ILLOGAN,REDRUTH,KERRIER,CORNWALL,Standard,Addition,50.2432790000,-5.2691470000
231000,2006-10-27 00:00:00Z,TR16 4SA,Detached,New Build,Freehold,MEADOW VIEW,PLOT 2,BRIDGE ROAD,ILLOGAN,REDRUTH,KERRIER,CORNWALL,Standard,Addition,50.2496960000,-5.2639180000
188000,2006-10-27 00:00:00Z,TR16 4RS,Semi-Detached,Established,Freehold,40,,ALEXANDRA CLOSE,ILLOGAN,REDRUTH,KERRIER,CORNWALL,Standard,Addition,50.2446550000,-5.2694440000
206500,2006-07-14 00:00:00Z,TR16 4SR,Detached,Established,Freehold,THE QUOINS,,CHURCH ROAD,ILLOGAN,REDRUTH,KERRIER,CORNWALL,Standard,Addition,50.2493760000,-5.2669970000
169950,2006-05-19 00:00:00Z,TR15 3LY,Semi-Detached,Established,Freehold,69,,SUNNYSIDE PARC,ILLOGAN,REDRUTH,KERRIER,CORNWALL,Standard,Addition,50.2404890000,-5.2646700000
175000,2006-03-27 00:00:00Z,TR16 4RS,Detached,Established,Freehold,9,,ALEXANDRA CLOSE,ILLOGAN,REDRUTH,KERRIER,CORNWALL,Standard,Addition,50.2446550000,-5.2694440000
275000,2006-06-28 00:00:00Z,TR16 4DY,Detached,Established,Freehold,"WERRIBEE HOUSE, 6",,ALEXANDRA ROAD,ILLOGAN,REDRUTH,KERRIER,CORNWALL,Standard,Addition,50.2457800000,-5.2694590000
215000,2006-12-08 00:00:00Z,TR16 4GA,Detached,Established,Freehold,12,,PARK LEVEN,ILLOGAN,REDRUTH,KERRIER,CORNWALL,Standard,Addition,50.2402120000,-5.2620420000
255000,2006-10-27 00:00:00Z,TR16 4EZ,Detached,Established,Freehold,22,,LAMANVA ROAD,ILLOGAN,REDRUTH,KERRIER,CORNWALL,Standard,Addition,50.2446730000,-5.2614490000
236950,2006-02-24 00:00:00Z,TR15 3LY,Detached,Established,Freehold,99,,SUNNYSIDE PARC,ILLOGAN,REDRUTH,KERRIER,CORNWALL,Standard,Addition,50.2404890000,-5.2646700000
160000,2006-05-05 00:00:00Z,TR16 4DF,Semi-Detached,Established,Freehold,GODOLPHIN,,MERRITTS HILL,ILLOGAN,REDRUTH,KERRIER,CORNWALL,Standard,Addition,50.2403250000,-5.2606130000
205000,2006-12-08 00:00:00Z,TR16 4DS,Terraced,Established,Freehold,GLASGOW HOUSE,,,PAYNTERS LANE,REDRUTH,CORNWALL,CORNWALL,Standard,Addition,50.2448290000,-5.2664760000
215000,2006-06-23 00:00:00Z,TR16 4RS,Detached,Established,Freehold,10,,ALEXANDRA CLOSE,ILLOGAN,REDRUTH,KERRIER,CORNWALL,Standard,Addition,50.2446550000,-5.2694440000
160000,2006-06-30 00:00:00Z,TR16 4RS,Semi-Detached,Established,Freehold,53,,ALEXANDRA CLOSE,ILLOGAN,REDRUTH,KERRIER,CORNWALL,Standard,Addition,50.2446550000,-5.2694440000
168000,2006-04-27 00:00:00Z,TR16 4DP,Semi-Detached,Established,Freehold,8,,ILLOGAN PARK,ILLOGAN,REDRUTH,KERRIER,CORNWALL,Standard,Addition,50.2424150000,-5.2646550000
111000,2006-08-07 00:00:00Z,TR16 4RY,Terraced,Established,Freehold,"CORNER COTTAGE, 1",,VENTONRAZE,ILLOGAN,REDRUTH,KERRIER,CORNWALL,Standard,Addition,50.2480210000,-5.2659230000
131000,2006-03-28 00:00:00Z,TR15 3UR,Semi-Detached,Established,Freehold,THE COTTAGE,,SPAR LANE,ILLOGAN,REDRUTH,KERRIER,CORNWALL,Standard,Addition,50.2410010000,-5.2698470000
167500,2006-12-19 00:00:00Z,TR16 4RS,Semi-Detached,Established,Freehold,16,,ALEXANDRA CLOSE,ILLOGAN,REDRUTH,KERRIER,CORNWALL,Standard,Addition,50.2446550000,-5.2694440000
253000,2006-11-03 00:00:00Z,TR16 4QY,Detached,Established,Freehold,1,,LANGWEDH ESTATE,ILLOGAN CHURCHTOWN,REDRUTH,KERRIER,CORNWALL,Standard,Addition,50.2498630000,-5.2691560000
145000,2006-06-20 00:00:00Z,TR16 4DH,Semi-Detached,Established,Freehold,15,,BOSVEAN GARDENS,PAYNTERS LANE,REDRUTH,KERRIER,CORNWALL,Standard,Addition,50.2426260000,-5.2619760000
173000,2006-09-27 00:00:00Z,TR16 4RX,Detached,Established,Freehold,20,,ROBARTES TERRACE,ILLOGAN,REDRUTH,KERRIER,CORNWALL,Standard,Addition,50.2466460000,-5.2670980000
175000,2006-08-11 00:00:00Z,TR16 4RS,Detached,Established,Freehold,4,,ALEXANDRA CLOSE,ILLOGAN,REDRUTH,KERRIER,CORNWALL,Standard,Addition,50.2446550000,-5.2694440000
199950,2006-01-20 00:00:00Z,TR16 4RY,Semi-Detached,Established,Freehold,ROSELIND COTTAGE,,VENTONRAZE,ILLOGAN,REDRUTH,KERRIER,CORNWALL,Standard,Addition,50.2480210000,-5.2659230000
306000,2006-10-03 00:00:00Z,TR16 4DJ,Detached,Established,Freehold,MELROSE,,PAYNTERS LANE,ILLOGAN,REDRUTH,KERRIER,CORNWALL,Standard,Addition,50.2422540000,-5.2633540000
121000,2006-08-18 00:00:00Z,TR16 4DR,Terraced,Established,Freehold,THE COTTAGES,3,PAYNTERS LANE,ILLOGAN,REDRUTH,KERRIER,CORNWALL,Standard,Addition,50.2435630000,-5.2654490000
217500,2006-08-11 00:00:00Z,TR15 3LY,Semi-Detached,Established,Freehold,74,,SUNNYSIDE PARC,ILLOGAN,REDRUTH,KERRIER,CORNWALL,Standard,Addition,50.2404890000,-5.2646700000
210000,2006-07-07 00:00:00Z,TR15 3LY,Semi-Detached,Established,Freehold,95,,SUNNYSIDE PARC,ILLOGAN,REDRUTH,KERRIER,CORNWALL,Standard,Addition,50.2404890000,-5.2646700000
212000,2006-12-18 00:00:00Z,TR16 4SA,Detached,Established,Freehold,1,,BRIDGE ROAD,ILLOGAN,REDRUTH,KERRIER,CORNWALL,Standard,Addition,50.2496960000,-5.2639180000
137500,2006-09-08 00:00:00Z,TR16 4DH,Terraced,Established,Freehold,38,,BOSVEAN GARDENS,PAYNTERS LANE,REDRUTH,KERRIER,CORNWALL,Standard,Addition,50.2426260000,-5.2619760000
142500,2006-10-27 00:00:00Z,TR16 4SA,Terraced,Established,Freehold,13,,BRIDGE ROAD,ILLOGAN,REDRUTH,KERRIER,CORNWALL,Standard,Addition,50.2496960000,-5.2639180000
180000,2007-08-03 00:00:00Z,TR16 4DH,Detached,Established,Freehold,47,,BOSVEAN GARDENS,PAYNTERS LANE,REDRUTH,KERRIER,CORNWALL,Standard,Addition,50.2426260000,-5.2619760000
164950,2007-11-09 00:00:00Z,TR16 4DR,Terraced,Established,Freehold,BYGHAM ROS PENTY,,PAYNTERS LANE,ILLOGAN,REDRUTH,KERRIER,CORNWALL,Standard,Addition,50.2435630000,-5.2654490000
139950,2007-01-18 00:00:00Z,TR16 4SG,Semi-Detached,Established,Freehold,71,,CORONATION ROAD,ILLOGAN,REDRUTH,KERRIER,CORNWALL,Standard,Addition,50.2499260000,-5.2643620000
185000,2007-04-20 00:00:00Z,TR16 4EZ,Semi-Detached,Established,Freehold,14,,LAMANVA ROAD,ILLOGAN,REDRUTH,KERRIER,CORNWALL,Standard,Addition,50.2446730000,-5.2614490000
194950,2007-09-24 00:00:00Z,TR15 3LY,Semi-Detached,Established,Freehold,102,,SUNNYSIDE PARC,ILLOGAN,REDRUTH,KERRIER,CORNWALL,Standard,Addition,50.2404890000,-5.2646700000
189950,2007-08-03 00:00:00Z,TR15 3LY,Semi-Detached,Established,Freehold,101,,SUNNYSIDE PARC,ILLOGAN,REDRUTH,KERRIER,CORNWALL,Standard,Addition,50.2404890000,-5.2646700000
247750,2007-04-13 00:00:00Z,TR16 4DR,Detached,Established,Freehold,PORTH ENYS,,PAYNTERS LANE,ILLOGAN,REDRUTH,KERRIER,CORNWALL,Standard,Addition,50.2435630000,-5.2654490000
147000,2007-06-04 00:00:00Z,TR16 4DR,Semi-Detached,Established,Freehold,BROOKFIELD,,PAYNTERS LANE,ILLOGAN,REDRUTH,KERRIER,CORNWALL,Standard,Addition,50.2435630000,-5.2654490000
182000,2007-03-12 00:00:00Z,TR16 4DP,Semi-Detached,Established,Freehold,8,,ILLOGAN PARK,ILLOGAN,REDRUTH,KERRIER,CORNWALL,Standard,Addition,50.2424150000,-5.2646550000
162000,2007-04-03 00:00:00Z,TR16 4DL,Terraced,Established,Freehold,19,,POLDARK ROAD,ILLOGAN,REDRUTH,KERRIER,CORNWALL,Standard,Addition,50.2434850000,-5.2630870000
170000,2007-12-21 00:00:00Z,TR16 4RX,Semi-Detached,Established,Freehold,17,,ROBARTES TERRACE,ILLOGAN,REDRUTH,KERRIER,CORNWALL,Standard,Addition,50.2466460000,-5.2670980000
245000,2007-08-21 00:00:00Z,TR16 4RS,Semi-Detached,Established,Freehold,53,,ALEXANDRA CLOSE,ILLOGAN,REDRUTH,KERRIER,CORNWALL,Standard,Addition,50.2446550000,-5.2694440000
125000,2007-09-17 00:00:00Z,TR16 4RY,Terraced,Established,Freehold,"CORNER COTTAGE, 1",,VENTONRAZE,ILLOGAN,REDRUTH,KERRIER,CORNWALL,Standard,Addition,50.2480210000,-5.2659230000
270000,2007-12-14 00:00:00Z,TR16 4ET,Detached,Established,Freehold,TRESAVEAN,,VOGUEBELOTH,ILLOGAN,REDRUTH,KERRIER,CORNWALL,Standard,Addition,50.2453270000,-5.2618870000
350000,2007-08-03 00:00:00Z,TR16 4DF,Detached,Established,Freehold,MORDENE,,MERRITTS HILL,ILLOGAN,REDRUTH,KERRIER,CORNWALL,Standard,Addition,50.2403250000,-5.2606130000
185500,2007-11-22 00:00:00Z,TR16 4DP,Semi-Detached,Established,Freehold,13,,ILLOGAN PARK,ILLOGAN,REDRUTH,KERRIER,CORNWALL,Standard,Addition,50.2424150000,-5.2646550000
177500,2007-06-08 00:00:00Z,TR16 4DH,Semi-Detached,Established,Freehold,4,,BOSVEAN GARDENS,PAYNTERS LANE,REDRUTH,KERRIER,CORNWALL,Standard,Addition,50.2426260000,-5.2619760000
174000,2007-07-25 00:00:00Z,TR16 4DP,Semi-Detached,Established,Freehold,4,,ILLOGAN PARK,ILLOGAN,REDRUTH,KERRIER,CORNWALL,Standard,Addition,50.2424150000,-5.2646550000
123000,2007-01-19 00:00:00Z,TR16 4DS,Semi-Detached,Established,Freehold,WOODHOUSE,,PAYNTERS LANE,ILLOGAN,REDRUTH,KERRIER,CORNWALL,Standard,Addition,50.2448290000,-5.2664760000
230000,2007-07-16 00:00:00Z,TR15 3LX,Detached,Established,Freehold,48,,SUNNYSIDE PARC,ILLOGAN,REDRUTH,KERRIER,CORNWALL,Standard,Addition,50.2409720000,-5.2641500000
174000,2007-09-21 00:00:00Z,TR16 4DH,Semi-Detached,Established,Freehold,72,,BOSVEAN GARDENS,PAYNTERS LANE,REDRUTH,PENWITH,CORNWALL,Standard,Addition,50.2426260000,-5.2619760000
165000,2007-10-12 00:00:00Z,TR16 4DH,Detached,Established,Freehold,8,,BOSVEAN GARDENS,PAYNTERS LANE,REDRUTH,KERRIER,CORNWALL,Standard,Addition,50.2426260000,-5.2619760000
145000,2007-10-29 00:00:00Z,TR16 4DF,Terraced,Established,Freehold,LARGO,,MERRITTS HILL,ILLOGAN,REDRUTH,KERRIER,CORNWALL,Standard,Addition,50.2403250000,-5.2606130000
249950,2007-09-21 00:00:00Z,TR16 4DY,Detached,Established,Freehold,"CHY AN GWYTH, 2",,ALEXANDRA ROAD,ILLOGAN,REDRUTH,KERRIER,CORNWALL,Standard,Addition,50.2457800000,-5.2694590000
184950,2007-03-02 00:00:00Z,TR16 4DL,Semi-Detached,Established,Freehold,49,,POLDARK ROAD,ILLOGAN,REDRUTH,KERRIER,CORNWALL,Standard,Addition,50.2434850000,-5.2630870000
178000,2007-04-27 00:00:00Z,TR15 3LX,Semi-Detached,Established,Freehold,29,,SUNNYSIDE PARC,ILLOGAN,REDRUTH,KERRIER,CORNWALL,Standard,Addition,50.2409720000,-5.2641500000
199000,2007-05-01 00:00:00Z,TR16 4RX,Semi-Detached,Established,Freehold,16,,ROBARTES TERRACE,ILLOGAN,REDRUTH,KERRIER,CORNWALL,Standard,Addition,50.2466460000,-5.2670980000
135000,2007-06-29 00:00:00Z,TR16 4ST,Semi-Detached,Established,Leasehold,31,,PENWARTHA ROAD,ILLOGAN,REDRUTH,KERRIER,CORNWALL,Standard,Addition,50.2449460000,-5.2648770000
167000,2007-03-06 00:00:00Z,TR16 4DH,Semi-Detached,Established,Freehold,70,,BOSVEAN GARDENS,PAYNTERS LANE,REDRUTH,KERRIER,CORNWALL,Standard,Addition,50.2426260000,-5.2619760000
245000,2007-02-13 00:00:00Z,TR16 4DH,Detached,Established,Freehold,9,,BOSVEAN GARDENS,PAYNTERS LANE,REDRUTH,KERRIER,CORNWALL,Standard,Addition,50.2426260000,-5.2619760000
82500,2007-03-08 00:00:00Z,TR16 4SA,Detached,New Build,Freehold,10A,,BRIDGE ROAD,ILLOGAN,REDRUTH,KERRIER,CORNWALL,Standard,Addition,50.2496960000,-5.2639180000
70000,2007-01-26 00:00:00Z,TR16 4SA,Semi-Detached,Established,Freehold,63,,BRIDGE ROAD,ILLOGAN,REDRUTH,KERRIER,CORNWALL,Standard,Addition,50.2496960000,-5.2639180000
136000,2007-03-01 00:00:00Z,TR16 4DL,Terraced,Established,Freehold,27,,POLDARK ROAD,ILLOGAN,REDRUTH,KERRIER,CORNWALL,Standard,Addition,50.2434850000,-5.2630870000
295000,2007-11-30 00:00:00Z,TR16 4DS,Detached,Established,Freehold,REDENEK,,PAYNTERS LANE,ILLOGAN,REDRUTH,KERRIER,CORNWALL,Standard,Addition,50.2448290000,-5.2664760000
120000,2007-05-29 00:00:00Z,TR15 3LY,Semi-Detached,Established,Freehold,101,,SUNNYSIDE PARC,ILLOGAN,REDRUTH,KERRIER,CORNWALL,Standard,Addition,50.2404890000,-5.2646700000
223000,2007-06-04 00:00:00Z,TR15 3LX,Semi-Detached,Established,Freehold,43,,SUNNYSIDE PARC,ILLOGAN,REDRUTH,KERRIER,CORNWALL,Standard,Addition,50.2409720000,-5.2641500000
205000,2007-07-14 00:00:00Z,TR16 4DQ,Detached,Established,Freehold,11,,RICHARDS LANE,ILLOGAN,REDRUTH,KERRIER,CORNWALL,Standard,Addition,50.2420240000,-5.2616270000
192500,2007-03-16 00:00:00Z,TR16 4DH,Semi-Detached,Established,Freehold,52,,BOSVEAN GARDENS,PAYNTERS LANE,REDRUTH,KERRIER,CORNWALL,Standard,Addition,50.2426260000,-5.2619760000
170000,2007-08-10 00:00:00Z,TR16 4DP,Detached,Established,Freehold,3,,ILLOGAN PARK,ILLOGAN,REDRUTH,KERRIER,CORNWALL,Standard,Addition,50.2424150000,-5.2646550000
167950,2007-02-07 00:00:00Z,TR16 4DH,Detached,Established,Freehold,35,,BOSVEAN GARDENS,PAYNTERS LANE,REDRUTH,KERRIER,CORNWALL,Standard,Addition,50.2426260000,-5.2619760000
213000,2007-03-30 00:00:00Z,TR16 4SA,Detached,Established,Freehold,THE NEW HOUSE,,BRIDGE ROAD,ILLOGAN,REDRUTH,KERRIER,CORNWALL,Standard,Addition,50.2496960000,-5.2639180000
177000,2007-08-19 00:00:00Z,TR16 4RX,Semi-Detached,Established,Freehold,4,,ROBARTES TERRACE,ILLOGAN,REDRUTH,KERRIER,CORNWALL,Standard,Addition,50.2466460000,-5.2670980000
104000,2007-11-27 00:00:00Z,TR16 4ER,Detached,Established,Freehold,KYNANCE,,VOGUEBELOTH,ILLOGAN,REDRUTH,CORNWALL,CORNWALL,Standard,Addition,50.2449800000,-5.2617440000
173000,2007-10-12 00:00:00Z,TR16 4RX,Detached,Established,Freehold,20,,ROBARTES TERRACE,ILLOGAN,REDRUTH,KERRIER,CORNWALL,Standard,Addition,50.2466460000,-5.2670980000
270000,2007-08-30 00:00:00Z,TR16 4DF,Detached,Established,Freehold,THE GABLES,,MERRITTS HILL,ILLOGAN,REDRUTH,KERRIER,CORNWALL,Standard,Addition,50.2403250000,-5.2606130000
110000,2007-06-22 00:00:00Z,TR16 4EU,Terraced,Established,Freehold,8,,VOGUEBELOTH,ILLOGAN,REDRUTH,KERRIER,CORNWALL,Standard,Addition,50.2453610000,-5.2606550000
178000,2007-10-19 00:00:00Z,TR16 4RS,Terraced,Established,Freehold,21,,ALEXANDRA CLOSE,ILLOGAN,REDRUTH,KERRIER,CORNWALL,Standard,Addition,50.2446550000,-5.2694440000
236000,2007-11-16 00:00:00Z,TR16 4RS,Detached,Established,Freehold,59,,ALEXANDRA CLOSE,ILLOGAN,REDRUTH,KERRIER,CORNWALL,Standard,Addition,50.2446550000,-5.2694440000
130000,2007-02-23 00:00:00Z,TR16 4DL,Terraced,Established,Freehold,29,,POLDARK ROAD,ILLOGAN,REDRUTH,KERRIER,CORNWALL,Standard,Addition,50.2434850000,-5.2630870000
179950,2007-05-25 00:00:00Z,TR15 3LY,Semi-Detached,Established,Freehold,117,,SUNNYSIDE PARC,ILLOGAN,REDRUTH,KERRIER,CORNWALL,Standard,Addition,50.2404890000,-5.2646700000
128500,2007-03-23 00:00:00Z,TR16 4DH,Terraced,Established,Freehold,44,,BOSVEAN GARDENS,PAYNTERS LANE,REDRUTH,KERRIER,CORNWALL,Standard,Addition,50.2426260000,-5.2619760000
142500,2007-10-19 00:00:00Z,TR16 4DH,Terraced,Established,Freehold,34,,BOSVEAN GARDENS,PAYNTERS LANE,REDRUTH,KERRIER,CORNWALL,Standard,Addition,50.2426260000,-5.2619760000
160000,2008-02-29 00:00:00Z,TR16 4ST,Semi-Detached,Established,Leasehold,3,,PENWARTHA ROAD,ILLOGAN,REDRUTH,KERRIER,CORNWALL,Standard,Addition,50.2449460000,-5.2648770000
250000,2008-07-28 00:00:00Z,TR16 4SR,Detached,Established,Freehold,1,,CHURCH ROAD,ILLOGAN,REDRUTH,KERRIER,CORNWALL,Standard,Addition,50.2493760000,-5.2669970000
120000,2008-10-13 00:00:00Z,TR16 4SG,Semi-Detached,Established,Freehold,79,,CORONATION ROAD,ILLOGAN,REDRUTH,KERRIER,CORNWALL,Standard,Addition,50.2499260000,-5.2643620000
175000,2008-02-04 00:00:00Z,TR16 4RS,Detached,Established,Freehold,2,,ALEXANDRA CLOSE,ILLOGAN,REDRUTH,KERRIER,CORNWALL,Standard,Addition,50.2446550000,-5.2694440000
213000,2008-10-17 00:00:00Z,TR15 3LY,Semi-Detached,Established,Freehold,74,,SUNNYSIDE PARC,ILLOGAN,REDRUTH,KERRIER,CORNWALL,Standard,Addition,50.2404890000,-5.2646700000
167000,2008-10-01 00:00:00Z,TR16 4DL,Terraced,Established,Freehold,33,,POLDARK ROAD,ILLOGAN,REDRUTH,KERRIER,CORNWALL,Standard,Addition,50.2434850000,-5.2630870000
143000,2008-11-26 00:00:00Z,TR16 4DL,Terraced,Established,Freehold,8,,POLDARK ROAD,ILLOGAN,REDRUTH,KERRIER,CORNWALL,Standard,Addition,50.2434850000,-5.2630870000
175000,2008-09-01 00:00:00Z,TR16 4RS,Semi-Detached,Established,Freehold,49,,ALEXANDRA CLOSE,ILLOGAN,REDRUTH,KERRIER,CORNWALL,Standard,Addition,50.2446550000,-5.2694440000
205000,2008-09-30 00:00:00Z,TR15 3LX,Detached,Established,Freehold,49,,SUNNYSIDE PARC,ILLOGAN,REDRUTH,KERRIER,CORNWALL,Standard,Addition,50.2409720000,-5.2641500000
162500,2008-11-14 00:00:00Z,TR16 4ST,Semi-Detached,Established,Leasehold,14,,PENWARTHA ROAD,ILLOGAN,REDRUTH,KERRIER,CORNWALL,Standard,Addition,50.2449460000,-5.2648770000
275000,2008-01-09 00:00:00Z,TR16 4DY,Detached,Established,Freehold,AVENUE BUNGALOW,,ALEXANDRA ROAD,ILLOGAN,REDRUTH,KERRIER,CORNWALL,Standard,Addition,50.2457800000,-5.2694590000
138000,2008-07-28 00:00:00Z,TR16 4SA,Terraced,Established,Freehold,53,,BRIDGE ROAD,ILLOGAN,REDRUTH,KERRIER,CORNWALL,Standard,Addition,50.2496960000,-5.2639180000
207500,2008-03-19 00:00:00Z,TR15 3LX,Detached,Established,Freehold,65,,SUNNYSIDE PARC,ILLOGAN,REDRUTH,KERRIER,CORNWALL,Standard,Addition,50.2409720000,-5.2641500000
315000,2008-04-25 00:00:00Z,TR16 4SU,Detached,Established,Freehold,"SUNMEADOW, 1",,PENWARTHA VEAN,ILLOGAN,REDRUTH,KERRIER,CORNWALL,Standard,Addition,50.2443600000,-5.2639750000
158000,2009-11-20 00:00:00Z,TR15 3LY,Semi-Detached,Established,Freehold,90,,SUNNYSIDE PARC,ILLOGAN,REDRUTH,CORNWALL,CORNWALL,Standard,Addition,50.2404890000,-5.2646700000
160000,2009-07-17 00:00:00Z,TR16 4DH,Detached,Established,Freehold,43,,BOSVEAN GARDENS,PAYNTERS LANE,REDRUTH,CORNWALL,CORNWALL,Standard,Addition,50.2426260000,-5.2619760000
230000,2009-11-12 00:00:00Z,TR16 4RN,Detached,Established,Freehold,35,,TREFORTHLAN,ILLOGAN,REDRUTH,CORNWALL,CORNWALL,Standard,Addition,50.2435160000,-5.2667570000
180000,2009-10-12 00:00:00Z,TR16 4RX,Semi-Detached,Established,Freehold,9,,ROBARTES TERRACE,ILLOGAN,REDRUTH,CORNWALL,CORNWALL,Standard,Addition,50.2466460000,-5.2670980000
175000,2009-01-07 00:00:00Z,TR16 4SA,Semi-Detached,Established,Freehold,STANMAR,,BRIDGE ROAD,ILLOGAN,REDRUTH,KERRIER,CORNWALL,Standard,Addition,50.2496960000,-5.2639180000
160000,2009-01-23 00:00:00Z,TR16 4RS,Semi-Detached,Established,Freehold,48,,ALEXANDRA CLOSE,ILLOGAN,REDRUTH,KERRIER,CORNWALL,Standard,Addition,50.2446550000,-5.2694440000
198000,2009-08-28 00:00:00Z,TR15 3LX,Semi-Detached,Established,Freehold,12,,SUNNYSIDE PARC,ILLOGAN,REDRUTH,CORNWALL,CORNWALL,Standard,Addition,50.2409720000,-5.2641500000
132000,2009-11-11 00:00:00Z,TR16 4SR,Semi-Detached,Established,Freehold,27,,CHURCH ROAD,ILLOGAN,REDRUTH,CORNWALL,CORNWALL,Standard,Addition,50.2493760000,-5.2669970000
240000,2009-08-28 00:00:00Z,TR16 4GA,Detached,Established,Freehold,16,,PARK LEVEN,ILLOGAN,REDRUTH,CORNWALL,CORNWALL,Standard,Addition,50.2402120000,-5.2620420000
160000,2009-06-19 00:00:00Z,TR16 4RN,Semi-Detached,Established,Freehold,11,,TREFORTHLAN,ILLOGAN,REDRUTH,CORNWALL,CORNWALL,Standard,Addition,50.2435160000,-5.2667570000
136500,2009-10-12 00:00:00Z,TR16 4DL,Terraced,Established,Freehold,41,,POLDARK ROAD,ILLOGAN,REDRUTH,CORNWALL,CORNWALL,Standard,Addition,50.2434850000,-5.2630870000
117000,2009-12-11 00:00:00Z,TR16 4SG,Semi-Detached,Established,Freehold,77,,CORONATION ROAD,ILLOGAN,REDRUTH,CORNWALL,CORNWALL,Standard,Addition,50.2499260000,-5.2643620000
187000,2009-10-12 00:00:00Z,TR16 4DN,Terraced,Established,Freehold,6,,KESTRAL WAY,ILLOGAN,REDRUTH,CORNWALL,CORNWALL,Standard,Addition,50.2413890000,-5.2636940000
160000,2009-09-25 00:00:00Z,TR16 4DW,Semi-Detached,Established,Freehold,8,,PENCARROW ROAD,ILLOGAN,REDRUTH,CORNWALL,CORNWALL,Standard,Addition,50.2442440000,-5.2636300000
185000,2009-10-01 00:00:00Z,TR16 4DH,Detached,Established,Freehold,47,,BOSVEAN GARDENS,PAYNTERS LANE,REDRUTH,CORNWALL,CORNWALL,Standard,Addition,50.2426260000,-5.2619760000
235000,2009-11-19 00:00:00Z,TR16 4GA,Detached,Established,Freehold,14,,PARK LEVEN,ILLOGAN,REDRUTH,CORNWALL,CORNWALL,Standard,Addition,50.2402120000,-5.2620420000
197000,2009-11-26 00:00:00Z,TR15 3LY,Detached,Established,Freehold,84,,SUNNYSIDE PARC,ILLOGAN,REDRUTH,CORNWALL,CORNWALL,Standard,Addition,50.2404890000,-5.2646700000
179995,2009-06-05 00:00:00Z,TR16 4RS,Detached,Established,Freehold,3,,ALEXANDRA CLOSE,ILLOGAN,REDRUTH,CORNWALL,CORNWALL,Standard,Addition,50.2446550000,-5.2694440000
174950,2009-08-21 00:00:00Z,TR16 4DS,Detached,Established,Freehold,ANDY MAR,,PAYNTERS LANE,ILLOGAN,REDRUTH,CORNWALL,CORNWALL,Standard,Addition,50.2448290000,-5.2664760000
195000,2009-09-14 00:00:00Z,TR16 4RS,Detached,Established,Freehold,11,,ALEXANDRA CLOSE,ILLOGAN,REDRUTH,CORNWALL,CORNWALL,Standard,Addition,50.2446550000,-5.2694440000
153000,2010-01-29 00:00:00Z,TR16 4DL,Terraced,Established,Freehold,19,,POLDARK ROAD,ILLOGAN,REDRUTH,CORNWALL,CORNWALL,Standard,Addition,50.2434850000,-5.2630870000
170000,2010-04-01 00:00:00Z,TR16 4SA,Detached,Established,Freehold,10A,,BRIDGE ROAD,ILLOGAN,REDRUTH,CORNWALL,CORNWALL,Standard,Addition,50.2496960000,-5.2639180000
210000,2010-07-02 00:00:00Z,TR15 3LY,Detached,Established,Freehold,87,,SUNNYSIDE PARC,ILLOGAN,REDRUTH,CORNWALL,CORNWALL,Standard,Addition,50.2404890000,-5.2646700000
165000,2010-02-04 00:00:00Z,TR16 4DH,Detached,Established,Freehold,"TREVEAN, 1",,BOSVEAN GARDENS,PAYNTERS LANE,REDRUTH,CORNWALL,CORNWALL,Standard,Addition,50.2426260000,-5.2619760000
165000,2010-12-10 00:00:00Z,TR16 4SA,Detached,Established,Freehold,THE NOOK,,BRIDGE ROAD,ILLOGAN,REDRUTH,CORNWALL,CORNWALL,Standard,Addition,50.2496960000,-5.2639180000
174950,2010-07-23 00:00:00Z,TR16 4DH,Semi-Detached,Established,Freehold,30,,BOSVEAN GARDENS,PAYNTERS LANE,REDRUTH,CORNWALL,CORNWALL,Standard,Addition,50.2426260000,-5.2619760000
180000,2010-06-18 00:00:00Z,TR16 4RN,Semi-Detached,Established,Freehold,"LEVANTEE, 12",,TREFORTHLAN,ILLOGAN,REDRUTH,CORNWALL,CORNWALL,Standard,Addition,50.2435160000,-5.2667570000
178000,2010-12-03 00:00:00Z,TR15 3LX,Semi-Detached,Established,Freehold,4,,SUNNYSIDE PARC,ILLOGAN,REDRUTH,CORNWALL,CORNWALL,Standard,Addition,50.2409720000,-5.2641500000
220000,2010-06-23 00:00:00Z,TR16 4DF,Detached,Established,Freehold,SHIRLEY COTTAGES,3,MERRITTS HILL,ILLOGAN,REDRUTH,CORNWALL,CORNWALL,Standard,Addition,50.2403250000,-5.2606130000
187500,2010-11-10 00:00:00Z,TR15 3LY,Semi-Detached,Established,Freehold,112,,SUNNYSIDE PARC,ILLOGAN,REDRUTH,CORNWALL,CORNWALL,Standard,Addition,50.2404890000,-5.2646700000
175000,2010-10-08 00:00:00Z,TR15 3LY,Semi-Detached,Established,Freehold,101,,SUNNYSIDE PARC,ILLOGAN,REDRUTH,CORNWALL,CORNWALL,Standard,Addition,50.2404890000,-5.2646700000
153000,2010-06-23 00:00:00Z,TR16 4DH,Semi-Detached,Established,Freehold,21,,BOSVEAN GARDENS,PAYNTERS LANE,REDRUTH,CORNWALL,CORNWALL,Standard,Addition,50.2426260000,-5.2619760000
162000,2010-07-09 00:00:00Z,TR15 3LX,Detached,Established,Freehold,8A,,SUNNYSIDE PARC,ILLOGAN,REDRUTH,CORNWALL,CORNWALL,Standard,Addition,50.2409720000,-5.2641500000
205000,2010-07-19 00:00:00Z,TR16 4DS,Terraced,Established,Freehold,GLASGOW HOUSE,,,PAYNTERS LANE,REDRUTH,CORNWALL,CORNWALL,Standard,Addition,50.2448290000,-5.2664760000
182000,2010-08-02 00:00:00Z,TR15 3LY,Detached,Established,Freehold,121,,SUNNYSIDE PARC,ILLOGAN,REDRUTH,CORNWALL,CORNWALL,Standard,Addition,50.2404890000,-5.2646700000
190000,2010-07-09 00:00:00Z,TR15 3LY,Detached,Established,Freehold,84,,SUNNYSIDE PARC,ILLOGAN,REDRUTH,CORNWALL,CORNWALL,Standard,Addition,50.2404890000,-5.2646700000
175000,2010-09-30 00:00:00Z,TR16 4EZ,Semi-Detached,Established,Freehold,11,,LAMANVA ROAD,ILLOGAN,REDRUTH,CORNWALL,CORNWALL,Standard,Addition,50.2446730000,-5.2614490000
124000,2010-07-23 00:00:00Z,TR16 4DH,Semi-Detached,Established,Freehold,27,,BOSVEAN GARDENS,PAYNTERS LANE,REDRUTH,CORNWALL,CORNWALL,Standard,Addition,50.2426260000,-5.2619760000
137000,2010-10-21 00:00:00Z,TR16 4DH,Terraced,Established,Freehold,42,,BOSVEAN GARDENS,PAYNTERS LANE,REDRUTH,CORNWALL,CORNWALL,Standard,Addition,50.2426260000,-5.2619760000
168500,2010-11-01 00:00:00Z,TR16 4RS,Semi-Detached,Established,Freehold,37,,ALEXANDRA CLOSE,ILLOGAN,REDRUTH,CORNWALL,CORNWALL,Standard,Addition,50.2446550000,-5.2694440000
193000,2010-11-03 00:00:00Z,TR15 3LX,Semi-Detached,Established,Freehold,13,,SUNNYSIDE PARC,ILLOGAN,REDRUTH,CORNWALL,CORNWALL,Standard,Addition,50.2409720000,-5.2641500000
125000,2010-01-22 00:00:00Z,TR16 4SS,Terraced,Established,Freehold,BOSLOWENA,,,PAYNTERS LANE END,REDRUTH,CORNWALL,CORNWALL,Standard,Addition,50.2457190000,-5.2664730000
115000,2010-08-20 00:00:00Z,TR16 4DR,Semi-Detached,Established,Freehold,THE COTTAGES,3,PAYNTERS LANE,ILLOGAN,REDRUTH,CORNWALL,CORNWALL,Standard,Addition,50.2435630000,-5.2654490000
235000,2010-04-16 00:00:00Z,TR16 4RS,Detached,Established,Freehold,10,,ALEXANDRA CLOSE,ILLOGAN,REDRUTH,CORNWALL,CORNWALL,Standard,Addition,50.2446550000,-5.2694440000
154000,2010-08-12 00:00:00Z,TR16 4EU,Terraced,Established,Freehold,8,,VOGUEBELOTH,ILLOGAN,REDRUTH,CORNWALL,CORNWALL,Standard,Addition,50.2453610000,-5.2606550000
210000,2010-03-26 00:00:00Z,TR16 4RS,Detached,Established,Freehold,64,,ALEXANDRA CLOSE,ILLOGAN,REDRUTH,CORNWALL,CORNWALL,Standard,Addition,50.2446550000,-5.2694440000
145000,2010-12-15 00:00:00Z,TR16 4RX,Semi-Detached,Established,Freehold,8,,ROBARTES TERRACE,ILLOGAN,REDRUTH,CORNWALL,CORNWALL,Standard,Addition,50.2466460000,-5.2670980000
139950,2010-11-11 00:00:00Z,TR16 4DL,Terraced,Established,Freehold,29,,POLDARK ROAD,ILLOGAN,REDRUTH,CORNWALL,CORNWALL,Standard,Addition,50.2434850000,-5.2630870000
170000,2011-09-23 00:00:00Z,TR15 3LX,Semi-Detached,Established,Freehold,55,,SUNNYSIDE PARC,ILLOGAN,REDRUTH,CORNWALL,CORNWALL,Standard,Addition,50.2409720000,-5.2641500000
265000,2011-05-27 00:00:00Z,TR16 4HA,Detached,Established,Freehold,COSY NOOK,,RICHARDS LANE,HARRIS MILL,REDRUTH,CORNWALL,CORNWALL,Standard,Addition,50.2439840000,-5.2603720000
115000,2011-01-05 00:00:00Z,TR16 4SG,Terraced,Established,Freehold,125,,CORONATION ROAD,ILLOGAN,REDRUTH,CORNWALL,CORNWALL,Standard,Addition,50.2499260000,-5.2643620000
169000,2011-05-20 00:00:00Z,TR16 4SA,Terraced,Established,Freehold,8,,BRIDGE ROAD,ILLOGAN,REDRUTH,CORNWALL,CORNWALL,Standard,Addition,50.2496960000,-5.2639180000
185000,2011-03-22 00:00:00Z,TR16 4DY,Detached,Established,Freehold,AVENUE BUNGALOW,,ALEXANDRA ROAD,ILLOGAN,REDRUTH,CORNWALL,CORNWALL,Standard,Addition,50.2457800000,-5.2694590000
175000,2011-11-18 00:00:00Z,TR16 4RS,Semi-Detached,Established,Freehold,48,,ALEXANDRA CLOSE,ILLOGAN,REDRUTH,CORNWALL,CORNWALL,Standard,Addition,50.2446550000,-5.2694440000
200000,2011-09-30 00:00:00Z,TR16 4GA,Detached,Established,Freehold,17,,PARK LEVEN,ILLOGAN,REDRUTH,CORNWALL,CORNWALL,Standard,Addition,50.2402120000,-5.2620420000
124800,2011-08-31 00:00:00Z,TR16 4RJ,Terraced,Established,Freehold,19,,PAYNTERS LANE END ESTATE,ILLOGAN,REDRUTH,CORNWALL,CORNWALL,Standard,Addition,50.2432790000,-5.2691470000
250000,2011-07-22 00:00:00Z,TR16 4DY,Detached,Established,Freehold,19,,ALEXANDRA ROAD,ILLOGAN,REDRUTH,CORNWALL,CORNWALL,Standard,Addition,50.2457800000,-5.2694590000
168100,2011-12-02 00:00:00Z,TR15 3LY,Semi-Detached,Established,Freehold,90,,SUNNYSIDE PARC,ILLOGAN,REDRUTH,CORNWALL,CORNWALL,Standard,Addition,50.2404890000,-5.2646700000
82000,2011-11-01 00:00:00Z,TR16 4ER,Semi-Detached,Established,Freehold,2,,WINDSOR BUNGALOWS,ILLOGAN,REDRUTH,CORNWALL,CORNWALL,Standard,Addition,50.2449800000,-5.2617440000
185000,2011-07-29 00:00:00Z,TR16 4DY,Detached,Established,Freehold,"CHY AN GWYTH, 2",,ALEXANDRA ROAD,ILLOGAN,REDRUTH,CORNWALL,CORNWALL,Standard,Addition,50.2457800000,-5.2694590000
150000,2011-10-14 00:00:00Z,TR16 4DF,Semi-Detached,Established,Freehold,KARLYN,,MERRITTS HILL,ILLOGAN,REDRUTH,CORNWALL,CORNWALL,Standard,Addition,50.2403250000,-5.2606130000
279999,2011-03-09 00:00:00Z,TR16 4DF,Detached,Established,Freehold,RUSTIC HAVEN,,MERRITTS HILL,ILLOGAN,REDRUTH,CORNWALL,CORNWALL,Standard,Addition,50.2403250000,-5.2606130000
190000,2011-03-18 00:00:00Z,TR15 3LY,Detached,Established,Freehold,94,,SUNNYSIDE PARC,ILLOGAN,REDRUTH,CORNWALL,CORNWALL,Standard,Addition,50.2404890000,-5.2646700000
90000,2011-08-31 00:00:00Z,TR16 4SG,Semi-Detached,Established,Freehold,13,,CORONATION ROAD,ILLOGAN,REDRUTH,CORNWALL,CORNWALL,Standard,Addition,50.2499260000,-5.2643620000
282000,2011-06-24 00:00:00Z,TR16 4RX,Detached,Established,Freehold,21,,ROBARTES TERRACE,ILLOGAN,REDRUTH,CORNWALL,CORNWALL,Standard,Addition,50.2466460000,-5.2670980000
127000,2011-09-30 00:00:00Z,TR16 4SG,Semi-Detached,Established,Freehold,123,,CORONATION ROAD,ILLOGAN,REDRUTH,CORNWALL,CORNWALL,Standard,Addition,50.2499260000,-5.2643620000
172500,2011-06-22 00:00:00Z,TR16 4DL,Semi-Detached,Established,Freehold,23,,POLDARK ROAD,ILLOGAN,REDRUTH,CORNWALL,CORNWALL,Standard,Addition,50.2434850000,-5.2630870000
162000,2011-09-07 00:00:00Z,TR16 4DR,Detached,Established,Freehold,LITTLE GABLES,,PAYNTERS LANE,ILLOGAN,REDRUTH,CORNWALL,CORNWALL,Standard,Addition,50.2435630000,-5.2654490000
249995,2011-02-21 00:00:00Z,TR16 4DF,Detached,Established,Freehold,TRELAWN,,MERRITTS HILL,ILLOGAN,REDRUTH,CORNWALL,CORNWALL,Standard,Addition,50.2403250000,-5.2606130000
176000,2011-03-10 00:00:00Z,TR16 4DQ,Detached,Established,Freehold,NANKERROW,,RICHARDS LANE,ILLOGAN,REDRUTH,CORNWALL,CORNWALL,Standard,Addition,50.2420240000,-5.2616270000
245000,2011-11-18 00:00:00Z,TR16 4QY,Detached,Established,Freehold,2,,LANGWEDH,ILLOGAN CHURCHTOWN,REDRUTH,CORNWALL,CORNWALL,Standard,Addition,50.2498630000,-5.2691560000
172500,2012-06-29 00:00:00Z,TR15 3LY,Detached,Established,Freehold,81,,SUNNYSIDE PARC,ILLOGAN,REDRUTH,CORNWALL,CORNWALL,Standard,Addition,50.2404890000,-5.2646700000
195000,2012-08-07 00:00:00Z,TR16 4DF,Semi-Detached,Established,Freehold,GODOLPHIN,,MERRITTS HILL,ILLOGAN,REDRUTH,CORNWALL,CORNWALL,Standard,Addition,50.2403250000,-5.2606130000
184950,2012-10-31 00:00:00Z,TR16 4SA,Detached,Established,Freehold,1,,BRIDGE ROAD,ILLOGAN,REDRUTH,CORNWALL,CORNWALL,Standard,Addition,50.2496960000,-5.2639180000
153000,2012-10-19 00:00:00Z,TR16 4DL,Terraced,Established,Freehold,"KARENZA, 13",,POLDARK ROAD,ILLOGAN,REDRUTH,CORNWALL,CORNWALL,Standard,Addition,50.2434850000,-5.2630870000
144000,2012-12-19 00:00:00Z,TR16 4SS,Semi-Detached,Established,Freehold,3,,HARMONY TERRACE,PAYNTERS LANE END,REDRUTH,CORNWALL,CORNWALL,Standard,Addition,50.2457190000,-5.2664730000
175000,2012-10-30 00:00:00Z,TR16 4RS,Semi-Detached,Established,Freehold,50,,ALEXANDRA CLOSE,ILLOGAN,REDRUTH,CORNWALL,CORNWALL,Standard,Addition,50.2446550000,-5.2694440000
225000,2012-01-27 00:00:00Z,TR16 4RP,Detached,Established,Freehold,2,,TREFORTHLAN CLOSE,ILLOGAN,REDRUTH,CORNWALL,CORNWALL,Standard,Addition,50.2442990000,-5.2668460000
124500,2012-08-15 00:00:00Z,TR16 4RJ,Terraced,Established,Freehold,10,,PAYNTERS LANE END ESTATE,ILLOGAN,REDRUTH,CORNWALL,CORNWALL,Standard,Addition,50.2432790000,-5.2691470000
123000,2012-06-29 00:00:00Z,TR16 4SA,Semi-Detached,Established,Freehold,15,,BRIDGE ROAD,ILLOGAN,REDRUTH,CORNWALL,CORNWALL,Standard,Addition,50.2496960000,-5.2639180000
105000,2012-06-27 00:00:00Z,TR16 4DJ,Semi-Detached,Established,Freehold,WAYSIDE,,PAYNTERS LANE,ILLOGAN,REDRUTH,CORNWALL,CORNWALL,Standard,Addition,50.2422540000,-5.2633540000
124500,2012-08-15 00:00:00Z,TR16 4SA,Semi-Detached,Established,Freehold,ROSE COTTAGE,,BRIDGE ROAD,ILLOGAN,REDRUTH,CORNWALL,CORNWALL,Standard,Addition,50.2496960000,-5.2639180000
125000,2012-07-30 00:00:00Z,TR16 4ER,Detached,Established,Freehold,LYNTON,,VOGUEBELOTH,ILLOGAN,REDRUTH,CORNWALL,CORNWALL,Standard,Addition,50.2449800000,-5.2617440000
226000,2012-09-14 00:00:00Z,TR16 4DF,Detached,Established,Freehold,SHIRLEY COTTAGES,3,MERRITTS HILL,ILLOGAN,REDRUTH,CORNWALL,CORNWALL,Standard,Addition,50.2403250000,-5.2606130000
183000,2012-12-03 00:00:00Z,TR16 4DS,Terraced,Established,Freehold,GLASGOW HOUSE,,,PAYNTERS LANE,REDRUTH,CORNWALL,CORNWALL,Standard,Addition,50.2448290000,-5.2664760000
140000,2012-07-09 00:00:00Z,TR16 4SG,Semi-Detached,Established,Freehold,77,,CORONATION ROAD,ILLOGAN,REDRUTH,CORNWALL,CORNWALL,Standard,Addition,50.2499260000,-5.2643620000
185000,2012-10-11 00:00:00Z,TR16 4EW,Detached,Established,Freehold,6,,LAMANVA CLOSE,ILLOGAN,REDRUTH,CORNWALL,CORNWALL,Standard,Addition,50.2441110000,-5.2622390000
150000,2012-05-11 00:00:00Z,TR16 4EZ,Semi-Detached,Established,Freehold,9,,LAMANVA ROAD,ILLOGAN,REDRUTH,CORNWALL,CORNWALL,Standard,Addition,50.2446730000,-5.2614490000
188000,2012-03-30 00:00:00Z,TR15 3LX,Detached,Established,Freehold,52,,SUNNYSIDE PARC,ILLOGAN,REDRUTH,CORNWALL,CORNWALL,Standard,Addition,50.2409720000,-5.2641500000
242000,2012-06-20 00:00:00Z,TR15 3UR,Semi-Detached,Established,Freehold,ROSE COTTAGE,,SPAR LANE,ILLOGAN,REDRUTH,CORNWALL,CORNWALL,Standard,Addition,50.2410010000,-5.2698470000
165000,2012-11-16 00:00:00Z,TR15 3LY,Semi-Detached,Established,Freehold,77,,SUNNYSIDE PARC,ILLOGAN,REDRUTH,CORNWALL,CORNWALL,Standard,Addition,50.2404890000,-5.2646700000
169000,2012-01-20 00:00:00Z,TR15 3LY,Semi-Detached,Established,Freehold,73,,SUNNYSIDE PARC,ILLOGAN,REDRUTH,CORNWALL,CORNWALL,Standard,Addition,50.2404890000,-5.2646700000
160000,2012-10-31 00:00:00Z,TR16 4DF,Terraced,Established,Freehold,LARGO,,MERRITTS HILL,ILLOGAN,REDRUTH,CORNWALL,CORNWALL,Standard,Addition,50.2403250000,-5.2606130000
178000,2012-12-13 00:00:00Z,TR16 4EZ,Semi-Detached,Established,Freehold,5A,,LAMANVA ROAD,ILLOGAN,REDRUTH,CORNWALL,CORNWALL,Standard,Addition,50.2446730000,-5.2614490000
167500,2012-06-06 00:00:00Z,TR16 4RS,Detached,Established,Freehold,14,,ALEXANDRA CLOSE,ILLOGAN,REDRUTH,CORNWALL,CORNWALL,Standard,Addition,50.2446550000,-5.2694440000
167000,2012-08-31 00:00:00Z,TR16 4DN,Terraced,Established,Freehold,LITTLE DENE,,KESTREL WAY,ILLOGAN,REDRUTH,CORNWALL,CORNWALL,Standard,Addition,50.2413890000,-5.2636940000
175000,2012-04-16 00:00:00Z,TR16 4DP,Detached,Established,Freehold,16,,ILLOGAN PARK,ILLOGAN,REDRUTH,CORNWALL,CORNWALL,Standard,Addition,50.2424150000,-5.2646550000
210000,2012-02-24 00:00:00Z,TR16 4DQ,Semi-Detached,Established,Freehold,WILMER,,RICHARDS LANE,ILLOGAN,REDRUTH,CORNWALL,CORNWALL,Standard,Addition,50.2420240000,-5.2616270000
195000,2012-12-11 00:00:00Z,TR15 3LY,Detached,Established,Freehold,87,,SUNNYSIDE PARC,ILLOGAN,REDRUTH,CORNWALL,CORNWALL,Standard,Addition,50.2404890000,-5.2646700000
174000,2012-05-23 00:00:00Z,TR16 4RN,Detached,Established,Freehold,26,,TREFORTHLAN,ILLOGAN,REDRUTH,CORNWALL,CORNWALL,Standard,Addition,50.2435160000,-5.2667570000
465000,2012-01-23 00:00:00Z,TR16 4DF,Detached,Established,Freehold,CAPRICORN,,MERRITTS HILL,ILLOGAN,REDRUTH,CORNWALL,CORNWALL,Standard,Addition,50.2403250000,-5.2606130000
100000,2012-04-17 00:00:00Z,TR16 4DR,Terraced,Established,Freehold,THE COTTAGES,2,PAYNTERS LANE,ILLOGAN,REDRUTH,CORNWALL,CORNWALL,Standard,Addition,50.2435630000,-5.2654490000
250000,2012-10-12 00:00:00Z,TR16 4SA,Detached,Established,Freehold,MEADOW VIEW,PLOT 2,BRIDGE ROAD,ILLOGAN,REDRUTH,CORNWALL,CORNWALL,Standard,Addition,50.2496960000,-5.2639180000
149950,2012-12-14 00:00:00Z,TR16 4SS,Terraced,Established,Freehold,LAS PALMAS,,,PAYNTERS LANE END,REDRUTH,CORNWALL,CORNWALL,Standard,Addition,50.2457190000,-5.2664730000
69000,2012-04-30 00:00:00Z,TR16 4SG,Flats/Maisonettes,Established,Leasehold,111,,CORONATION ROAD,ILLOGAN,REDRUTH,CORNWALL,CORNWALL,Standard,Addition,50.2499260000,-5.2643620000
135000,2012-03-16 00:00:00Z,TR16 4EU,Terraced,Established,Freehold,WISTERIA COTTAGE,,VOGUEBELOTH,ILLOGAN,REDRUTH,CORNWALL,CORNWALL,Standard,Addition,50.2453610000,-5.2606550000
135500,2012-05-14 00:00:00Z,TR16 4DH,Terraced,Established,Freehold,16,,BOSVEAN GARDENS,PAYNTERS LANE,REDRUTH,CORNWALL,CORNWALL,Standard,Addition,50.2426260000,-5.2619760000
184950,2012-10-29 00:00:00Z,TR16 4RS,Detached,Established,Freehold,43,,ALEXANDRA CLOSE,ILLOGAN,REDRUTH,CORNWALL,CORNWALL,Standard,Addition,50.2446550000,-5.2694440000
205000,2013-03-22 00:00:00Z,TR16 4RS,Semi-Detached,Established,Freehold,53,,ALEXANDRA CLOSE,ILLOGAN,REDRUTH,CORNWALL,CORNWALL,Standard,Addition,50.2446550000,-5.2694440000
230000,2013-05-09 00:00:00Z,TR15 3UR,Detached,Established,Freehold,SIGMA,,SPAR LANE,ILLOGAN,REDRUTH,CORNWALL,CORNWALL,Standard,Addition,50.2410010000,-5.2698470000
223000,2013-04-16 00:00:00Z,TR15 3LX,Detached,Established,Freehold,65,,SUNNYSIDE PARC,ILLOGAN,REDRUTH,CORNWALL,CORNWALL,Standard,Addition,50.2409720000,-5.2641500000
218000,2013-06-07 00:00:00Z,TR16 4GA,Semi-Detached,Established,Freehold,6,,PARK LEVEN,ILLOGAN,REDRUTH,CORNWALL,CORNWALL,Standard,Addition,50.2402120000,-5.2620420000
209000,2013-05-09 00:00:00Z,TR16 4SA,Detached,Established,Freehold,THE COTTAGE,,BRIDGE ROAD,ILLOGAN,REDRUTH,CORNWALL,CORNWALL,Standard,Addition,50.2496960000,-5.2639180000
189000,2013-06-28 00:00:00Z,TR16 4RS,Detached,Established,Freehold,45,,ALEXANDRA CLOSE,ILLOGAN,REDRUTH,CORNWALL,CORNWALL,Standard,Addition,50.2446550000,-5.2694440000
192000,2013-04-19 00:00:00Z,TR16 4DF,Semi-Detached,Established,Freehold,PENTY GWYN,,MERRITTS HILL,ILLOGAN,REDRUTH,CORNWALL,CORNWALL,Standard,Addition,50.2403250000,-5.2606130000
170000,2013-12-16 00:00:00Z,TR15 3LY,Semi-Detached,Established,Freehold,117,,SUNNYSIDE PARC,ILLOGAN,REDRUTH,CORNWALL,CORNWALL,Standard,Addition,50.2404890000,-5.2646700000
150000,2013-06-28 00:00:00Z,TR15 3LX,Semi-Detached,Established,Freehold,8,,SUNNYSIDE PARC,ILLOGAN,REDRUTH,CORNWALL,CORNWALL,Standard,Addition,50.2409720000,-5.2641500000
153000,2013-08-30 00:00:00Z,TR16 4EZ,Semi-Detached,Established,Freehold,23,,LAMANVA ROAD,ILLOGAN,REDRUTH,CORNWALL,CORNWALL,Standard,Addition,50.2446730000,-5.2614490000
162000,2013-03-22 00:00:00Z,TR15 3LX,Semi-Detached,Established,Freehold,64,,SUNNYSIDE PARC,ILLOGAN,REDRUTH,CORNWALL,CORNWALL,Standard,Addition,50.2409720000,-5.2641500000
171000,2013-05-23 00:00:00Z,TR15 3LY,Semi-Detached,Established,Freehold,80,,SUNNYSIDE PARC,ILLOGAN,REDRUTH,CORNWALL,CORNWALL,Standard,Addition,50.2404890000,-5.2646700000
189950,2013-08-05 00:00:00Z,TR15 3LY,Semi-Detached,Established,Freehold,91,,SUNNYSIDE PARC,ILLOGAN,REDRUTH,CORNWALL,CORNWALL,Standard,Addition,50.2404890000,-5.2646700000
195000,2013-09-27 00:00:00Z,TR16 4DP,Detached,Established,Freehold,7,,ILLOGAN PARK,ILLOGAN,REDRUTH,CORNWALL,CORNWALL,Standard,Addition,50.2424150000,-5.2646550000
125000,2013-09-09 00:00:00Z,TR16 4DL,Terraced,Established,Freehold,30,,POLDARK ROAD,ILLOGAN,REDRUTH,CORNWALL,CORNWALL,Standard,Addition,50.2434850000,-5.2630870000
160000,2013-01-11 00:00:00Z,TR15 3LY,Semi-Detached,Established,Freehold,115,,SUNNYSIDE PARC,ILLOGAN,REDRUTH,CORNWALL,CORNWALL,Standard,Addition,50.2404890000,-5.2646700000
367000,2013-08-28 00:00:00Z,TR15 3UR,Detached,Established,Freehold,GREEN HEDGES,,SPAR LANE,ILLOGAN,REDRUTH,CORNWALL,CORNWALL,Standard,Addition,50.2410010000,-5.2698470000
235000,2013-02-22 00:00:00Z,TR16 4GA,Detached,Established,Freehold,5,,PARK LEVEN,ILLOGAN,REDRUTH,CORNWALL,CORNWALL,Standard,Addition,50.2402120000,-5.2620420000
168000,2013-08-06 00:00:00Z,TR16 4DH,Semi-Detached,Established,Freehold,31,,BOSVEAN GARDENS,PAYNTERS LANE,REDRUTH,CORNWALL,CORNWALL,Standard,Addition,50.2426260000,-5.2619760000
174000,2013-03-01 00:00:00Z,TR16 4DL,Semi-Detached,Established,Freehold,49,,POLDARK ROAD,ILLOGAN,REDRUTH,CORNWALL,CORNWALL,Standard,Addition,50.2434850000,-5.2630870000
150000,2013-07-15 00:00:00Z,TR16 4DH,Detached,Established,Freehold,37,,BOSVEAN GARDENS,PAYNTERS LANE,REDRUTH,CORNWALL,CORNWALL,Standard,Addition,50.2426260000,-5.2619760000
110000,2013-11-19 00:00:00Z,TR16 4RZ,Terraced,Established,Freehold,2,,VENTONRAZE TERRACE,ILLOGAN,REDRUTH,CORNWALL,CORNWALL,Standard,Addition,50.2481380000,-5.2655940000
182000,2013-05-23 00:00:00Z,TR16 4DH,Semi-Detached,Established,Freehold,7,,BOSVEAN GARDENS,PAYNTERS LANE,REDRUTH,CORNWALL,CORNWALL,Standard,Addition,50.2426260000,-5.2619760000
184950,2013-10-17 00:00:00Z,TR16 4RX,Semi-Detached,Established,Freehold,10,,ROBARTES TERRACE,ILLOGAN,REDRUTH,CORNWALL,CORNWALL,Standard,Addition,50.2466460000,-5.2670980000
155000,2013-04-19 00:00:00Z,TR16 4EZ,Semi-Detached,Established,Freehold,7,,LAMANVA ROAD,ILLOGAN,REDRUTH,CORNWALL,CORNWALL,Standard,Addition,50.2446730000,-5.2614490000
222500,2013-03-27 00:00:00Z,TR16 4RS,Detached,Established,Freehold,10,,ALEXANDRA CLOSE,ILLOGAN,REDRUTH,CORNWALL,CORNWALL,Standard,Addition,50.2446550000,-5.2694440000
155000,2014-02-21 00:00:00Z,TR16 4DT,Semi-Detached,Established,Freehold,THE NOOK,,PAYNTERS LANE,ILLOGAN,REDRUTH,CORNWALL,CORNWALL,Standard,Addition,50.2445880000,-5.2667400000
240000,2014-07-18 00:00:00Z,TR15 3UR,Semi-Detached,Established,Freehold,MEADOWSWEET,,SPAR LANE,ILLOGAN,REDRUTH,CORNWALL,CORNWALL,Standard,Addition,50.2410010000,-5.2698470000
197000,2014-07-25 00:00:00Z,TR15 3LY,Semi-Detached,Established,Freehold,95,,SUNNYSIDE PARC,ILLOGAN,REDRUTH,CORNWALL,CORNWALL,Standard,Addition,50.2404890000,-5.2646700000
165000,2014-04-30 00:00:00Z,TR16 4DL,Semi-Detached,Established,Freehold,38,,POLDARK ROAD,ILLOGAN,REDRUTH,CORNWALL,CORNWALL,Standard,Addition,50.2434850000,-5.2630870000
113000,2014-05-12 00:00:00Z,TR16 4RJ,Terraced,Established,Freehold,20,,PAYNTERS LANE END ESTATE,ILLOGAN,REDRUTH,CORNWALL,CORNWALL,Standard,Addition,50.2432790000,-5.2691470000
170000,2014-10-24 00:00:00Z,TR15 3LY,Semi-Detached,Established,Freehold,103,,SUNNYSIDE PARC,ILLOGAN,REDRUTH,CORNWALL,CORNWALL,Standard,Addition,50.2404890000,-5.2646700000
170000,2014-10-03 00:00:00Z,TR16 4RN,Semi-Detached,Established,Freehold,17,,TREFORTHLAN,ILLOGAN,REDRUTH,CORNWALL,CORNWALL,Standard,Addition,50.2435160000,-5.2667570000
225000,2014-10-31 00:00:00Z,TR16 4DQ,Detached,Established,Freehold,NANKERROW,,RICHARDS LANE,ILLOGAN,REDRUTH,CORNWALL,CORNWALL,Standard,Addition,50.2420240000,-5.2616270000
180000,2014-09-11 00:00:00Z,TR16 4RS,Detached,Established,Freehold,6,,ALEXANDRA CLOSE,ILLOGAN,REDRUTH,CORNWALL,CORNWALL,Standard,Addition,50.2446550000,-5.2694440000
125000,2014-12-18 00:00:00Z,TR16 4RY,Terraced,Established,Freehold,"CARNE VIEW COTTAGE, 2",,VENTONRAZE,ILLOGAN,REDRUTH,CORNWALL,CORNWALL,Standard,Addition,50.2480210000,-5.2659230000
129950,2014-07-18 00:00:00Z,TR16 4SR,Terraced,Established,Freehold,15,,CHURCH ROAD,ILLOGAN,REDRUTH,CORNWALL,CORNWALL,Standard,Addition,50.2493760000,-5.2669970000
185000,2014-03-07 00:00:00Z,TR16 4SA,Semi-Detached,Established,Freehold,STANMAR,,BRIDGE ROAD,ILLOGAN,REDRUTH,CORNWALL,CORNWALL,Standard,Addition,50.2496960000,-5.2639180000
185000,2014-07-04 00:00:00Z,TR16 4DJ,Other,Established,Freehold,SHOWROOMS,,PAYNTERS LANE,ILLOGAN,REDRUTH,CORNWALL,CORNWALL,Additional,Addition,50.2422540000,-5.2633540000
223500,2014-11-12 00:00:00Z,TR16 4RS,Detached,Established,Freehold,11,,ALEXANDRA CLOSE,ILLOGAN,REDRUTH,CORNWALL,CORNWALL,Standard,Addition,50.2446550000,-5.2694440000
150000,2014-11-07 00:00:00Z,TR16 4SG,Semi-Detached,Established,Freehold,65,,CORONATION ROAD,ILLOGAN,REDRUTH,CORNWALL,CORNWALL,Standard,Addition,50.2499260000,-5.2643620000
182000,2014-07-24 00:00:00Z,TR16 4DW,Semi-Detached,Established,Freehold,12,,PENCARROW ROAD,ILLOGAN,REDRUTH,CORNWALL,CORNWALL,Standard,Addition,50.2442440000,-5.2636300000
118000,2014-03-21 00:00:00Z,TR16 4DH,Terraced,Established,Freehold,10,,BOSVEAN GARDENS,PAYNTERS LANE,REDRUTH,CORNWALL,CORNWALL,Standard,Addition,50.2426260000,-5.2619760000
215500,2014-08-29 00:00:00Z,TR16 4EZ,Detached,Established,Freehold,4,,LAMANVA ROAD,ILLOGAN,REDRUTH,CORNWALL,CORNWALL,Standard,Addition,50.2446730000,-5.2614490000
202500,2014-09-01 00:00:00Z,TR16 4RN,Semi-Detached,Established,Freehold,6,,TREFORTHLAN,ILLOGAN,REDRUTH,CORNWALL,CORNWALL,Standard,Addition,50.2435160000,-5.2667570000
205000,2014-05-14 00:00:00Z,TR16 4RR,Detached,Established,Freehold,CARN VIEW,,,PAYNTERS LANE END,REDRUTH,CORNWALL,CORNWALL,Standard,Addition,50.2449210000,-5.2680110000
189950,2014-10-31 00:00:00Z,TR16 4DJ,Semi-Detached,Established,Freehold,CHETNOLE,,PAYNTERS LANE,ILLOGAN,REDRUTH,CORNWALL,CORNWALL,Standard,Addition,50.2422540000,-5.2633540000
190000,2014-09-30 00:00:00Z,TR15 3LX,Detached,Established,Freehold,27,,SUNNYSIDE PARC,ILLOGAN,REDRUTH,CORNWALL,CORNWALL,Standard,Addition,50.2409720000,-5.2641500000
200000,2014-10-31 00:00:00Z,TR15 3LY,Detached,Established,Freehold,80A,,SUNNYSIDE PARC,ILLOGAN,REDRUTH,CORNWALL,CORNWALL,Standard,Addition,50.2404890000,-5.2646700000
170000,2014-04-07 00:00:00Z,TR16 4RS,Semi-Detached,Established,Freehold,40,,ALEXANDRA CLOSE,ILLOGAN,REDRUTH,CORNWALL,CORNWALL,Standard,Addition,50.2446550000,-5.2694440000
195000,2014-04-15 00:00:00Z,TR16 4RS,Detached,Established,Freehold,52,,ALEXANDRA CLOSE,ILLOGAN,REDRUTH,CORNWALL,CORNWALL,Standard,Addition,50.2446550000,-5.2694440000
120000,2014-02-06 00:00:00Z,TR16 4EU,Terraced,Established,Freehold,ROSEMELLA,,VOGUEBELOTH,ILLOGAN,REDRUTH,CORNWALL,CORNWALL,Standard,Addition,50.2453610000,-5.2606550000
189000,2014-04-04 00:00:00Z,TR16 4RS,Semi-Detached,Established,Freehold,27,,ALEXANDRA CLOSE,ILLOGAN,REDRUTH,CORNWALL,CORNWALL,Standard,Addition,50.2446550000,-5.2694440000
140000,2014-07-16 00:00:00Z,TR16 4ST,Terraced,Established,Leasehold,12,,PENWARTHA ROAD,ILLOGAN,REDRUTH,CORNWALL,CORNWALL,Standard,Addition,50.2449460000,-5.2648770000
125000,2014-11-21 00:00:00Z,TR16 4EU,Terraced,Established,Freehold,WISTERIA COTTAGE,,VOGUEBELOTH,ILLOGAN,REDRUTH,CORNWALL,CORNWALL,Standard,Addition,50.2453610000,-5.2606550000
230000,2015-08-24 00:00:00Z,TR15 3LX,Detached,Established,Freehold,31,,SUNNYSIDE PARC,ILLOGAN,REDRUTH,CORNWALL,CORNWALL,Standard,Addition,50.2409720000,-5.2641500000
282500,2015-09-21 00:00:00Z,TR16 4GA,Detached,Established,Freehold,1,,PARK LEVEN,ILLOGAN,REDRUTH,CORNWALL,CORNWALL,Standard,Addition,50.2402120000,-5.2620420000
92000,2015-08-28 00:00:00Z,TR16 4ER,Detached,Established,Freehold,SMILIN THRU,,VOGUEBELOTH,ILLOGAN,REDRUTH,CORNWALL,CORNWALL,Standard,Addition,50.2449800000,-5.2617440000
135000,2015-09-11 00:00:00Z,TR16 4DL,Semi-Detached,Established,Freehold,43,,POLDARK ROAD,ILLOGAN,REDRUTH,CORNWALL,CORNWALL,Standard,Addition,50.2434850000,-5.2630870000
143500,2015-07-29 00:00:00Z,TR16 4RJ,Terraced,Established,Freehold,19,,PAYNTERS LANE END ESTATE,ILLOGAN,REDRUTH,CORNWALL,CORNWALL,Standard,Addition,50.2432790000,-5.2691470000
191000,2015-05-21 00:00:00Z,TR16 4DR,Detached,Established,Freehold,BEULAH,,PAYNTERS LANE,ILLOGAN,REDRUTH,CORNWALL,CORNWALL,Standard,Addition,50.2435630000,-5.2654490000
219500,2015-06-29 00:00:00Z,TR16 4DP,Detached,Established,Freehold,7,,ILLOGAN PARK,ILLOGAN,REDRUTH,CORNWALL,CORNWALL,Standard,Addition,50.2424150000,-5.2646550000
138000,2015-05-08 00:00:00Z,TR16 4RU,Terraced,Established,Freehold,3,,NETTLES ROW,PAYNTERS LANE END,REDRUTH,CORNWALL,CORNWALL,Standard,Addition,50.2448350000,-5.2675420000
184000,2015-09-15 00:00:00Z,TR16 4RR,Detached,Established,Freehold,DENMYR,,,PAYNTERS LANE END,REDRUTH,CORNWALL,CORNWALL,Standard,Addition,50.2449210000,-5.2680110000
145000,2015-07-17 00:00:00Z,TR16 4RJ,Terraced,Established,Freehold,29,,PAYNTERS LANE END ESTATE,ILLOGAN,REDRUTH,CORNWALL,CORNWALL,Standard,Addition,50.2432790000,-5.2691470000
150000,2015-09-18 00:00:00Z,TR16 4HA,Terraced,Established,Freehold,ORCHARD COTTAGE,,RICHARDS LANE,HARRIS MILL,REDRUTH,CORNWALL,CORNWALL,Standard,Addition,50.2439840000,-5.2603720000
166000,2015-11-27 00:00:00Z,TR16 4RX,Semi-Detached,Established,Freehold,8,,ROBARTES TERRACE,ILLOGAN,REDRUTH,CORNWALL,CORNWALL,Standard,Addition,50.2466460000,-5.2670980000
300000,2015-08-21 00:00:00Z,TR16 4DR,Detached,Established,Freehold,STONELEIGH,,PAYNTERS LANE,ILLOGAN,REDRUTH,CORNWALL,CORNWALL,Standard,Addition,50.2435630000,-5.2654490000
195000,2015-12-22 00:00:00Z,TR15 3LY,Detached,Established,Freehold,85,,SUNNYSIDE PARC,ILLOGAN,REDRUTH,CORNWALL,CORNWALL,Standard,Addition,50.2404890000,-5.2646700000
307000,2015-02-23 00:00:00Z,TR16 4HA,Detached,Established,Freehold,COSY NOOK,,RICHARDS LANE,HARRIS MILL,REDRUTH,CORNWALL,CORNWALL,Standard,Addition,50.2439840000,-5.2603720000
220000,2015-04-01 00:00:00Z,TR16 4SA,Detached,Established,Freehold,HERONGATE,,BRIDGE ROAD,ILLOGAN,REDRUTH,CORNWALL,CORNWALL,Standard,Addition,50.2496960000,-5.2639180000
97500,2015-07-16 00:00:00Z,TR16 4RX,Terraced,Established,Freehold,6,,ROBARTES TERRACE,ILLOGAN,REDRUTH,CORNWALL,CORNWALL,Standard,Addition,50.2466460000,-5.2670980000
125000,2015-06-08 00:00:00Z,TR16 4RH,Semi-Detached,Established,Freehold,3,,RAILWAY TERRACE,PAYNTERS LANE END,REDRUTH,CORNWALL,CORNWALL,Standard,Addition,50.2422840000,-5.2680550000
220000,2015-08-21 00:00:00Z,TR16 4DQ,Detached,Established,Freehold,ZENNOR COTTAGE,,RICHARDS LANE,PAYNTERS LANE,REDRUTH,CORNWALL,CORNWALL,Standard,Addition,50.2420240000,-5.2616270000
192000,2015-07-31 00:00:00Z,TR16 4ER,Detached,Established,Freehold,CLAREMONT,,VOGUEBELOTH,ILLOGAN,REDRUTH,CORNWALL,CORNWALL,Standard,Addition,50.2449800000,-5.2617440000
135000,2015-05-29 00:00:00Z,TR16 4DH,Terraced,Established,Freehold,40,,BOSVEAN GARDENS,PAYNTERS LANE,REDRUTH,CORNWALL,CORNWALL,Standard,Addition,50.2426260000,-5.2619760000
155000,2015-08-13 00:00:00Z,TR16 4DL,Terraced,Established,Freehold,40,,POLDARK ROAD,ILLOGAN,REDRUTH,CORNWALL,CORNWALL,Standard,Addition,50.2434850000,-5.2630870000
150000,2015-09-15 00:00:00Z,TR16 4DH,Terraced,Established,Freehold,14,,BOSVEAN GARDENS,PAYNTERS LANE,REDRUTH,CORNWALL,CORNWALL,Standard,Addition,50.2426260000,-5.2619760000
145000,2015-10-30 00:00:00Z,TR16 4DL,Semi-Detached,Established,Freehold,36,,POLDARK ROAD,ILLOGAN,REDRUTH,CORNWALL,CORNWALL,Standard,Addition,50.2434850000,-5.2630870000
225000,2015-10-30 00:00:00Z,TR16 4RX,Semi-Detached,Established,Freehold,17,,ROBARTES TERRACE,ILLOGAN,REDRUTH,CORNWALL,CORNWALL,Standard,Addition,50.2466460000,-5.2670980000
190000,2015-11-20 00:00:00Z,TR16 4DL,Semi-Detached,Established,Freehold,49,,POLDARK ROAD,ILLOGAN,REDRUTH,CORNWALL,CORNWALL,Standard,Addition,50.2434850000,-5.2630870000
165000,2015-02-24 00:00:00Z,TR16 4EZ,Detached,Established,Freehold,10,,LAMANVA ROAD,ILLOGAN,REDRUTH,CORNWALL,CORNWALL,Standard,Addition,50.2446730000,-5.2614490000
283500,2015-11-06 00:00:00Z,TR16 4RG,Detached,Established,Freehold,PARK VIEW,,TREVELYAN ROAD,ILLOGAN,REDRUTH,CORNWALL,CORNWALL,Standard,Addition,50.2424620000,-5.2678010000
249999,2015-09-24 00:00:00Z,TR16 4DJ,Other,Established,Freehold,SHOWROOMS,,PAYNTERS LANE,ILLOGAN,REDRUTH,CORNWALL,CORNWALL,Additional,Addition,50.2422540000,-5.2633540000
177500,2015-10-02 00:00:00Z,TR15 3LX,Semi-Detached,Established,Freehold,"WENGEN, 30",,SUNNYSIDE PARC,ILLOGAN,REDRUTH,CORNWALL,CORNWALL,Standard,Addition,50.2409720000,-5.2641500000
115000,2015-10-19 00:00:00Z,TR16 4SA,Semi-Detached,Established,Freehold,9,,BRIDGE ROAD,ILLOGAN,REDRUTH,CORNWALL,CORNWALL,Standard,Addition,50.2496960000,-5.2639180000
311000,2016-08-31 00:00:00Z,TR16 4DY,Detached,Established,Freehold,19A,,ALEXANDRA ROAD,ILLOGAN,REDRUTH,CORNWALL,CORNWALL,Standard,Addition,50.2457800000,-5.2694590000
266000,2016-08-08 00:00:00Z,TR16 4RY,Detached,Established,Freehold,WHEAL DREAM,,VENTONRAZE,ILLOGAN,REDRUTH,CORNWALL,CORNWALL,Standard,Addition,50.2480210000,-5.2659230000
182000,2016-12-16 00:00:00Z,TR16 4EZ,Semi-Detached,Established,Freehold,5,,LAMANVA ROAD,ILLOGAN,REDRUTH,CORNWALL,CORNWALL,Standard,Addition,50.2446730000,-5.2614490000
115000,2016-07-27 00:00:00Z,TR16 4DR,Detached,Established,Freehold,THE CROFT,,PAYNTERS LANE,ILLOGAN,REDRUTH,CORNWALL,CORNWALL,Additional,Addition,50.2435630000,-5.2654490000
184950,2016-02-26 00:00:00Z,TR15 3LY,Semi-Detached,Established,Freehold,97,,SUNNYSIDE PARC,ILLOGAN,REDRUTH,CORNWALL,CORNWALL,Standard,Addition,50.2404890000,-5.2646700000
225000,2016-03-04 00:00:00Z,TR15 3LX,Detached,Established,Freehold,"TRELAWNEY, 28A",,SUNNYSIDE PARC,ILLOGAN,REDRUTH,CORNWALL,CORNWALL,Standard,Addition,50.2409720000,-5.2641500000
199000,2016-06-30 00:00:00Z,TR16 4RN,Detached,Established,Freehold,23,,TREFORTHLAN,ILLOGAN,REDRUTH,CORNWALL,CORNWALL,Standard,Addition,50.2435160000,-5.2667570000
156000,2016-12-21 00:00:00Z,TR16 4EZ,Semi-Detached,Established,Freehold,11,,LAMANVA ROAD,ILLOGAN,REDRUTH,CORNWALL,CORNWALL,Standard,Addition,50.2446730000,-5.2614490000
185000,2016-12-16 00:00:00Z,TR16 4EU,Terraced,Established,Freehold,8,,VOGUEBELOTH,ILLOGAN,REDRUTH,CORNWALL,CORNWALL,Standard,Addition,50.2453610000,-5.2606550000
332500,2016-12-20 00:00:00Z,TR16 4DY,Detached,Established,Freehold,AVENUE BUNGALOW,,ALEXANDRA ROAD,ILLOGAN,REDRUTH,CORNWALL,CORNWALL,Standard,Addition,50.2457800000,-5.2694590000
105000,2016-11-03 00:00:00Z,TR16 4DS,Other,Established,Freehold,METHODIST CHURCH HALL,,PAYNTERS LANE,ILLOGAN,REDRUTH,CORNWALL,CORNWALL,Additional,Addition,50.2448290000,-5.2664760000
220000,2016-11-02 00:00:00Z,TR16 4DF,Semi-Detached,Established,Freehold,GODOLPHIN,,MERRITTS HILL,ILLOGAN,REDRUTH,CORNWALL,CORNWALL,Standard,Addition,50.2403250000,-5.2606130000
146500,2016-12-09 00:00:00Z,TR16 4DH,Terraced,Established,Freehold,42,,BOSVEAN GARDENS,PAYNTERS LANE,REDRUTH,CORNWALL,CORNWALL,Standard,Addition,50.2426260000,-5.2619760000
192000,2016-11-29 00:00:00Z,TR16 4DH,Detached,Established,Freehold,43,,BOSVEAN GARDENS,PAYNTERS LANE,REDRUTH,CORNWALL,CORNWALL,Standard,Addition,50.2426260000,-5.2619760000
152000,2016-12-20 00:00:00Z,TR16 4DJ,Detached,Established,Freehold,THORNVILLE,,PAYNTERS LANE,ILLOGAN,REDRUTH,CORNWALL,CORNWALL,Standard,Addition,50.2422540000,-5.2633540000
153000,2016-11-01 00:00:00Z,TR16 4RJ,Detached,Established,Freehold,37,,PAYNTERS LANE END ESTATE,ILLOGAN,REDRUTH,CORNWALL,CORNWALL,Standard,Addition,50.2432790000,-5.2691470000
350000,2016-03-29 00:00:00Z,TR16 4ET,Detached,Established,Freehold,PENNANCE HOUSE,,VOGUEBELOTH,ILLOGAN,REDRUTH,CORNWALL,CORNWALL,Standard,Addition,50.2453270000,-5.2618870000
179500,2016-03-31 00:00:00Z,TR16 4DR,Detached,Established,Freehold,LITTLE GABLES,,PAYNTERS LANE,ILLOGAN,REDRUTH,CORNWALL,CORNWALL,Standard,Addition,50.2435630000,-5.2654490000
106500,2016-11-10 00:00:00Z,TR16 4EU,Terraced,Established,Freehold,6,,VOGUEBELOTH,ILLOGAN,REDRUTH,CORNWALL,CORNWALL,Standard,Addition,50.2453610000,-5.2606550000
147500,2016-09-29 00:00:00Z,TR16 4DL,Terraced,Established,Freehold,8,,POLDARK ROAD,ILLOGAN,REDRUTH,CORNWALL,CORNWALL,Standard,Addition,50.2434850000,-5.2630870000
145000,2016-11-02 00:00:00Z,TR16 4ST,Semi-Detached,Established,Leasehold,31,,PENWARTHA ROAD,ILLOGAN,REDRUTH,CORNWALL,CORNWALL,Standard,Addition,50.2449460000,-5.2648770000
180000,2016-02-19 00:00:00Z,TR16 4RN,Detached,Established,Freehold,14,,TREFORTHLAN,ILLOGAN,REDRUTH,CORNWALL,CORNWALL,Standard,Addition,50.2435160000,-5.2667570000
169000,2016-10-14 00:00:00Z,TR16 4SA,Detached,Established,Freehold,21A,,BRIDGE ROAD,ILLOGAN,REDRUTH,CORNWALL,CORNWALL,Standard,Addition,50.2496960000,-5.2639180000
197500,2016-09-16 00:00:00Z,TR15 3LX,Semi-Detached,Established,Freehold,13,,SUNNYSIDE PARC,ILLOGAN,REDRUTH,CORNWALL,CORNWALL,Standard,Addition,50.2409720000,-5.2641500000
236500,2016-07-22 00:00:00Z,TR15 3LY,Detached,Established,Freehold,84,,SUNNYSIDE PARC,ILLOGAN,REDRUTH,CORNWALL,CORNWALL,Standard,Addition,50.2404890000,-5.2646700000
144000,2016-09-13 00:00:00Z,TR16 4DH,Terraced,Established,Freehold,46,,BOSVEAN GARDENS,PAYNTERS LANE,REDRUTH,CORNWALL,CORNWALL,Standard,Addition,50.2426260000,-5.2619760000
185000,2016-04-01 00:00:00Z,TR16 4DF,Detached,Established,Freehold,CORIORLAN,,MERRITTS HILL,ILLOGAN,REDRUTH,CORNWALL,CORNWALL,Standard,Addition,50.2403250000,-5.2606130000
167500,2016-04-28 00:00:00Z,TR16 4RX,Semi-Detached,Established,Freehold,8,,ROBARTES TERRACE,ILLOGAN,REDRUTH,CORNWALL,CORNWALL,Standard,Addition,50.2466460000,-5.2670980000
152000,2016-03-07 00:00:00Z,TR16 4ER,Detached,Established,Freehold,GLENROY,,VOGUEBELOTH,ILLOGAN,REDRUTH,CORNWALL,CORNWALL,Standard,Addition,50.2449800000,-5.2617440000
196000,2016-06-10 00:00:00Z,TR16 4DH,Detached,Established,Freehold,17,,BOSVEAN GARDENS,PAYNTERS LANE,REDRUTH,CORNWALL,CORNWALL,Standard,Addition,50.2426260000,-5.2619760000
265000,2016-09-16 00:00:00Z,TR16 4DR,Detached,Established,Freehold,AVALON,,,PAYNTERS LANE,REDRUTH,CORNWALL,CORNWALL,Standard,Addition,50.2435630000,-5.2654490000
220000,2016-07-22 00:00:00Z,TR15 3UR,Detached,Established,Freehold,FERN COTTAGE,,SPAR LANE,ILLOGAN,REDRUTH,CORNWALL,CORNWALL,Standard,Addition,50.2410010000,-5.2698470000
215000,2017-07-31 00:00:00Z,TR16 4ER,Detached,Established,Freehold,LINDEN LEA,,VOGUEBELOTH,ILLOGAN,REDRUTH,CORNWALL,CORNWALL,Standard,Addition,50.2449800000,-5.2617440000
181000,2017-07-27 00:00:00Z,TR16 4SS,Terraced,Established,Freehold,FIVE WAYS,,,PAYNTERS LANE END,REDRUTH,CORNWALL,CORNWALL,Standard,Addition,50.2457190000,-5.2664730000
235000,2017-07-28 00:00:00Z,TR16 4EW,Detached,Established,Freehold,7,,LAMANVA CLOSE,ILLOGAN,REDRUTH,CORNWALL,CORNWALL,Standard,Addition,50.2441110000,-5.2622390000
395000,2017-07-28 00:00:00Z,TR16 4DJ,Detached,Established,Freehold,HIGH WINDS,,PAYNTERS LANE,ILLOGAN,REDRUTH,CORNWALL,CORNWALL,Standard,Addition,50.2422540000,-5.2633540000
337000,2017-08-21 00:00:00Z,TR16 4DQ,Detached,Established,Freehold,CHYVOUNDER,,RICHARDS LANE,ILLOGAN,REDRUTH,CORNWALL,CORNWALL,Standard,Addition,50.2420240000,-5.2616270000
140000,2017-03-24 00:00:00Z,TR16 4DS,Semi-Detached,Established,Freehold,LANSCOMBE COTTAGE,,PAYNTERS LANE,ILLOGAN,REDRUTH,CORNWALL,CORNWALL,Standard,Addition,50.2448290000,-5.2664760000
185000,2017-05-15 00:00:00Z,TR16 4SS,Terraced,Established,Freehold,BOSLOWENA,,,PAYNTERS LANE END,REDRUTH,CORNWALL,CORNWALL,Standard,Addition,50.2457190000,-5.2664730000
145000,2017-09-29 00:00:00Z,TR16 4DH,Terraced,Established,Freehold,38,,BOSVEAN GARDENS,PAYNTERS LANE,REDRUTH,CORNWALL,CORNWALL,Standard,Addition,50.2426260000,-5.2619760000
275000,2017-10-16 00:00:00Z,TR16 4RX,Semi-Detached,Established,Freehold,11,,ROBARTES TERRACE,ILLOGAN,REDRUTH,CORNWALL,CORNWALL,Standard,Addition,50.2466460000,-5.2670980000
170000,2017-11-17 00:00:00Z,TR16 4RS,Detached,Established,Freehold,5,,ALEXANDRA CLOSE,ILLOGAN,REDRUTH,CORNWALL,CORNWALL,Standard,Addition,50.2446550000,-5.2694440000
198000,2017-11-28 00:00:00Z,TR16 4RS,Semi-Detached,Established,Freehold,37,,ALEXANDRA CLOSE,ILLOGAN,REDRUTH,CORNWALL,CORNWALL,Standard,Addition,50.2446550000,-5.2694440000
259950,2017-01-12 00:00:00Z,TR15 3LX,Detached,Established,Freehold,65,,SUNNYSIDE PARC,ILLOGAN,REDRUTH,CORNWALL,CORNWALL,Standard,Addition,50.2409720000,-5.2641500000
187000,2017-01-12 00:00:00Z,TR15 3LX,Semi-Detached,Established,Freehold,66,,SUNNYSIDE PARC,ILLOGAN,REDRUTH,CORNWALL,CORNWALL,Standard,Addition,50.2409720000,-5.2641500000
425000,2017-09-11 00:00:00Z,TR16 4RY,Other,Established,Freehold,WOODLANDS,,VENTONRAZE,ILLOGAN,REDRUTH,CORNWALL,CORNWALL,Additional,Addition,50.2480210000,-5.2659230000
235000,2017-01-26 00:00:00Z,TR16 4EW,Terraced,Established,Freehold,10,,LAMANVA CLOSE,ILLOGAN,REDRUTH,CORNWALL,CORNWALL,Standard,Addition,50.2441110000,-5.2622390000
148500,2017-03-31 00:00:00Z,TR15 3LX,Semi-Detached,Established,Freehold,21,,SUNNYSIDE PARC,ILLOGAN,REDRUTH,CORNWALL,CORNWALL,Standard,Addition,50.2409720000,-5.2641500000
271000,2017-10-31 00:00:00Z,TR16 4EZ,Semi-Detached,Established,Freehold,23,,LAMANVA ROAD,ILLOGAN,REDRUTH,CORNWALL,CORNWALL,Standard,Addition,50.2446730000,-5.2614490000
255000,2017-07-04 00:00:00Z,TR16 4ET,Semi-Detached,Established,Freehold,CONWYN,,VOGUEBELOTH,ILLOGAN,REDRUTH,CORNWALL,CORNWALL,Standard,Addition,50.2453270000,-5.2618870000
145000,2017-09-20 00:00:00Z,TR16 4RZ,Terraced,Established,Freehold,1A,,VENTONRAZE TERRACE,ILLOGAN,REDRUTH,CORNWALL,CORNWALL,Standard,Addition,50.2481380000,-5.2655940000
210000,2017-12-20 00:00:00Z,TR15 3LY,Detached,Established,Freehold,111,,SUNNYSIDE PARC,ILLOGAN,REDRUTH,CORNWALL,CORNWALL,Standard,Addition,50.2404890000,-5.2646700000
115000,2017-11-10 00:00:00Z,TR16 4RX,Terraced,Established,Freehold,5,,ROBARTES TERRACE,ILLOGAN,REDRUTH,CORNWALL,CORNWALL,Standard,Addition,50.2466460000,-5.2670980000
240000,2017-12-21 00:00:00Z,TR16 4SA,Semi-Detached,Established,Freehold,ROSE COTTAGE,,BRIDGE ROAD,ILLOGAN,REDRUTH,CORNWALL,CORNWALL,Standard,Addition,50.2496960000,-5.2639180000
240000,2017-12-11 00:00:00Z,TR16 4ET,Terraced,Established,Freehold,FARANDOLE,,VOGUEBELOTH,ILLOGAN,REDRUTH,CORNWALL,CORNWALL,Standard,Addition,50.2453270000,-5.2618870000
220000,2017-12-11 00:00:00Z,TR15 3LX,Detached,Established,Freehold,27,,SUNNYSIDE PARC,ILLOGAN,REDRUTH,CORNWALL,CORNWALL,Standard,Addition,50.2409720000,-5.2641500000
270000,2017-08-25 00:00:00Z,TR16 4DH,Detached,Established,Freehold,9,,BOSVEAN GARDENS,PAYNTERS LANE,REDRUTH,CORNWALL,CORNWALL,Standard,Addition,50.2426260000,-5.2619760000
245000,2017-05-04 00:00:00Z,TR16 4DF,Detached,Established,Freehold,SHIRLEY COTTAGES,3,MERRITTS HILL,ILLOGAN,REDRUTH,CORNWALL,CORNWALL,Standard,Addition,50.2403250000,-5.2606130000
232000,2017-04-26 00:00:00Z,TR16 4GA,Semi-Detached,Established,Freehold,6,,PARK LEVEN,ILLOGAN,REDRUTH,CORNWALL,CORNWALL,Standard,Addition,50.2402120000,-5.2620420000
248500,2017-10-06 00:00:00Z,TR16 4DQ,Detached,Established,Freehold,NANKERROW,,RICHARDS LANE,ILLOGAN,REDRUTH,CORNWALL,CORNWALL,Standard,Addition,50.2420240000,-5.2616270000
275000,2017-08-22 00:00:00Z,TR16 4DF,Detached,Established,Freehold,WHEAL CHANCE,,MERRITTS HILL,ILLOGAN,REDRUTH,CORNWALL,CORNWALL,Standard,Addition,50.2403250000,-5.2606130000
307500,2017-10-19 00:00:00Z,TR16 4SU,Detached,Established,Freehold,FOXFIELD,,PENWARTHA VEAN,PAYNTERS LANE END,REDRUTH,CORNWALL,CORNWALL,Standard,Addition,50.2443600000,-5.2639750000
240000,2017-10-26 00:00:00Z,TR15 3LY,Detached,Established,Freehold,92,,SUNNYSIDE PARC,ILLOGAN,REDRUTH,CORNWALL,CORNWALL,Standard,Addition,50.2404890000,-5.2646700000
169500,2017-11-10 00:00:00Z,TR16 4SG,Semi-Detached,Established,Freehold,71,,CORONATION ROAD,ILLOGAN,REDRUTH,CORNWALL,CORNWALL,Standard,Addition,50.2499260000,-5.2643620000
275000,2018-07-02 00:00:00Z,TR16 4DQ,Detached,Established,Freehold,MARYMONT,,RICHARDS LANE,PAYNTERS LANE,REDRUTH,CORNWALL,CORNWALL,Standard,Addition,50.2420240000,-5.2616270000
158000,2018-04-26 00:00:00Z,TR16 4DH,Terraced,Established,Freehold,40,,BOSVEAN GARDENS,PAYNTERS LANE,REDRUTH,CORNWALL,CORNWALL,Standard,Addition,50.2426260000,-5.2619760000
275000,2018-06-29 00:00:00Z,TR16 4QY,Detached,Established,Freehold,2,,LANGWEDH ESTATE,ILLOGAN CHURCHTOWN,REDRUTH,CORNWALL,CORNWALL,Standard,Addition,50.2498630000,-5.2691560000
165000,2018-08-24 00:00:00Z,TR16 4RY,Detached,Established,Freehold,CARNE VIEW COTTAGE,,VENTONRAZE,ILLOGAN,REDRUTH,CORNWALL,CORNWALL,Standard,Addition,50.2480210000,-5.2659230000
130000,2018-09-12 00:00:00Z,TR15 3LX,Semi-Detached,Established,Freehold,16A,,SUNNYSIDE PARC,ILLOGAN,REDRUTH,CORNWALL,CORNWALL,Additional,Addition,50.2409720000,-5.2641500000
185000,2018-01-29 00:00:00Z,TR16 4RP,Detached,Established,Freehold,4,,TREFORTHLAN CLOSE,PAYNTERS LANE END,REDRUTH,CORNWALL,CORNWALL,Standard,Addition,50.2442990000,-5.2668460000
148000,2018-07-27 00:00:00Z,TR16 4RJ,Terraced,Established,Freehold,3,,PAYNTERS LANE END ESTATE,ILLOGAN,REDRUTH,CORNWALL,CORNWALL,Standard,Addition,50.2432790000,-5.2691470000
210000,2018-08-17 00:00:00Z,TR16 4RP,Semi-Detached,Established,Freehold,5,,TREFORTHLAN CLOSE,PAYNTERS LANE END,REDRUTH,CORNWALL,CORNWALL,Standard,Addition,50.2442990000,-5.2668460000
170250,2018-01-09 00:00:00Z,TR16 4RY,Detached,Established,Freehold,KERNOW,,VENTONRAZE,ILLOGAN,REDRUTH,CORNWALL,CORNWALL,Standard,Addition,50.2480210000,-5.2659230000
192500,2018-03-09 00:00:00Z,TR16 4DH,Detached,Established,Freehold,49,,BOSVEAN GARDENS,PAYNTERS LANE,REDRUTH,CORNWALL,CORNWALL,Standard,Addition,50.2426260000,-5.2619760000
310000,2018-02-23 00:00:00Z,TR15 3LX,Detached,Established,Freehold,59,,SUNNYSIDE PARC,ILLOGAN,REDRUTH,CORNWALL,CORNWALL,Standard,Addition,50.2409720000,-5.2641500000
398000,2018-03-09 00:00:00Z,TR16 4GA,Detached,Established,Freehold,20,,PARK LEVEN,ILLOGAN,REDRUTH,CORNWALL,CORNWALL,Standard,Addition,50.2402120000,-5.2620420000
190000,2018-03-09 00:00:00Z,TR15 3LX,Detached,Established,Freehold,8A,,SUNNYSIDE PARC,ILLOGAN,REDRUTH,CORNWALL,CORNWALL,Standard,Addition,50.2409720000,-5.2641500000
210000,2018-02-14 00:00:00Z,TR16 4SA,Detached,Established,Freehold,ISCA,,BRIDGE ROAD,ILLOGAN,REDRUTH,CORNWALL,CORNWALL,Standard,Addition,50.2496960000,-5.2639180000
185000,2018-12-20 00:00:00Z,TR16 4RS,Terraced,Established,Freehold,21,,ALEXANDRA CLOSE,ILLOGAN,REDRUTH,CORNWALL,CORNWALL,Standard,Addition,50.2446550000,-5.2694440000
215000,2018-12-20 00:00:00Z,TR15 3LX,Detached,Established,Freehold,8A,,SUNNYSIDE PARC,ILLOGAN,REDRUTH,CORNWALL,CORNWALL,Standard,Addition,50.2409720000,-5.2641500000
210000,2018-12-20 00:00:00Z,TR16 4DQ,Detached,Established,Freehold,LULWORTH,,RICHARDS LANE,PAYNTERS LANE,REDRUTH,CORNWALL,CORNWALL,Standard,Addition,50.2420240000,-5.2616270000
200000,2018-12-20 00:00:00Z,TR16 4DH,Semi-Detached,Established,Freehold,15,,BOSVEAN GARDENS,PAYNTERS LANE,REDRUTH,CORNWALL,CORNWALL,Standard,Addition,50.2426260000,-5.2619760000
200000,2018-11-02 00:00:00Z,TR15 3LY,Semi-Detached,Established,Freehold,116,,SUNNYSIDE PARC,ILLOGAN,REDRUTH,CORNWALL,CORNWALL,Standard,Addition,50.2404890000,-5.2646700000
180000,2018-11-08 00:00:00Z,TR16 4SS,Detached,Established,Freehold,FAIR VIEW,,,PAYNTERS LANE END,REDRUTH,CORNWALL,CORNWALL,Standard,Addition,50.2457190000,-5.2664730000
246000,2018-03-08 00:00:00Z,TR16 4SA,Detached,Established,Freehold,THE COTTAGE,,BRIDGE ROAD,ILLOGAN,REDRUTH,CORNWALL,CORNWALL,Standard,Addition,50.2496960000,-5.2639180000
218000,2018-11-05 00:00:00Z,TR16 4SA,Terraced,Established,Freehold,6,,BRIDGE ROAD,ILLOGAN,REDRUTH,CORNWALL,CORNWALL,Standard,Addition,50.2496960000,-5.2639180000
135000,2018-03-23 00:00:00Z,TR16 4SA,Terraced,Established,Freehold,13,,BRIDGE ROAD,ILLOGAN,REDRUTH,CORNWALL,CORNWALL,Standard,Addition,50.2496960000,-5.2639180000
195000,2018-11-19 00:00:00Z,TR16 4DL,Terraced,Established,Freehold,33,,POLDARK ROAD,PAYNTERS LANE,REDRUTH,CORNWALL,CORNWALL,Standard,Addition,50.2434850000,-5.2630870000
245000,2018-09-28 00:00:00Z,TR16 4DF,Semi-Detached,Established,Freehold,1,,SHIRLEY COTTAGES,ILLOGAN,REDRUTH,CORNWALL,CORNWALL,Standard,Addition,50.2403250000,-5.2606130000
285000,2018-06-11 00:00:00Z,TR16 4HA,Detached,Established,Freehold,TRELYN,,RICHARDS LANE,HARRIS MILL,REDRUTH,CORNWALL,CORNWALL,Standard,Addition,50.2439840000,-5.2603720000
220000,2018-06-04 00:00:00Z,TR16 4SA,Terraced,Established,Freehold,12,,BRIDGE ROAD,ILLOGAN,REDRUTH,CORNWALL,CORNWALL,Standard,Addition,50.2496960000,-5.2639180000
200000,2018-05-24 00:00:00Z,TR16 4RX,Semi-Detached,Established,Freehold,15,,ROBARTES TERRACE,ILLOGAN,REDRUTH,CORNWALL,CORNWALL,Standard,Addition,50.2466460000,-5.2670980000
129950,2018-06-20 00:00:00Z,TR16 4EP,Terraced,Established,Freehold,HARRIS MILL COTTAGES,2,VOGUEBELOTH,ILLOGAN,REDRUTH,CORNWALL,CORNWALL,Standard,Addition,50.2450750000,-5.2631460000
155000,2018-05-23 00:00:00Z,TR16 4DL,Terraced,Established,Freehold,30,,POLDARK ROAD,PAYNTERS LANE,REDRUTH,CORNWALL,CORNWALL,Standard,Addition,50.2434850000,-5.2630870000
195000,2018-05-24 00:00:00Z,TR16 4EZ,Detached,Established,Freehold,10,,LAMANVA ROAD,ILLOGAN,REDRUTH,CORNWALL,CORNWALL,Standard,Addition,50.2446730000,-5.2614490000
370000,2018-04-24 00:00:00Z,TR16 4DQ,Detached,Established,Freehold,GOLDEN MEADOW,2,RICHARDS LANE,ILLOGAN,REDRUTH,CORNWALL,CORNWALL,Standard,Addition,50.2420240000,-5.2616270000
90000,2018-10-09 00:00:00Z,TR16 4RG,Other,Established,Freehold,CHY KENSA,,TREVELYAN ROAD,ILLOGAN,REDRUTH,CORNWALL,CORNWALL,Additional,Addition,50.2424620000,-5.2678010000
255950,2018-09-24 00:00:00Z,TR15 3UR,Detached,Established,Freehold,POINT THE HORSE COURT,1,SPAR LANE,ILLOGAN,REDRUTH,CORNWALL,CORNWALL,Standard,Addition,50.2410010000,-5.2698470000
167500,2018-09-28 00:00:00Z,TR16 4DH,Terraced,Established,Freehold,60,,BOSVEAN GARDENS,PAYNTERS LANE,REDRUTH,CORNWALL,CORNWALL,Standard,Addition,50.2426260000,-5.2619760000
178575,2018-10-26 00:00:00Z,TR16 4HA,Semi-Detached,Established,Freehold,FRANBETH,,RICHARDS LANE,HARRIS MILL,REDRUTH,CORNWALL,CORNWALL,Standard,Addition,50.2439840000,-5.2603720000
144000,2018-07-06 00:00:00Z,TR16 4SA,Terraced,Established,Freehold,69,,BRIDGE ROAD,ILLOGAN,REDRUTH,CORNWALL,CORNWALL,Standard,Addition,50.2496960000,-5.2639180000
102500,2018-09-28 00:00:00Z,TR16 4RZ,Terraced,Established,Freehold,3,,VENTONRAZE TERRACE,ILLOGAN,REDRUTH,CORNWALL,CORNWALL,Standard,Addition,50.2481380000,-5.2655940000
272500,2019-11-18 00:00:00Z,TR16 4DF,Semi-Detached,Established,Freehold,CHERRY COTTAGE,,MERRITTS HILL,ILLOGAN,REDRUTH,CORNWALL,CORNWALL,Standard,Addition,50.2403250000,-5.2606130000
250000,2019-12-19 00:00:00Z,TR16 4RP,Detached,Established,Freehold,1,,TREFORTHLAN CLOSE,PAYNTERS LANE END,REDRUTH,CORNWALL,CORNWALL,Standard,Addition,50.2442990000,-5.2668460000
140000,2019-03-18 00:00:00Z,TR16 4SQ,Semi-Detached,Established,Freehold,30,,CORONATION ROAD,ILLOGAN,REDRUTH,CORNWALL,CORNWALL,Standard,Addition,50.2499080000,-5.2649920000
188000,2019-02-21 00:00:00Z,TR16 4SA,Semi-Detached,Established,Freehold,GLOROY,,BRIDGE ROAD,ILLOGAN,REDRUTH,CORNWALL,CORNWALL,Standard,Addition,50.2496960000,-5.2639180000
175000,2019-06-28 00:00:00Z,TR16 4DH,Semi-Detached,Established,Freehold,54,,BOSVEAN GARDENS,PAYNTERS LANE,REDRUTH,CORNWALL,CORNWALL,Standard,Addition,50.2426260000,-5.2619760000
210000,2019-08-01 00:00:00Z,TR16 4RS,Detached,Established,Freehold,54,,ALEXANDRA CLOSE,ILLOGAN,REDRUTH,CORNWALL,CORNWALL,Standard,Addition,50.2446550000,-5.2694440000
225000,2019-08-12 00:00:00Z,TR15 3LX,Detached,Established,Freehold,49,,SUNNYSIDE PARC,ILLOGAN,REDRUTH,CORNWALL,CORNWALL,Standard,Addition,50.2409720000,-5.2641500000
235000,2019-12-11 00:00:00Z,TR16 4DF,Semi-Detached,Established,Freehold,GODOLPHIN,,MERRITTS HILL,ILLOGAN,REDRUTH,CORNWALL,CORNWALL,Standard,Addition,50.2403250000,-5.2606130000
225000,2019-10-16 00:00:00Z,TR16 4RS,Detached,Established,Freehold,17,,ALEXANDRA CLOSE,ILLOGAN,REDRUTH,CORNWALL,CORNWALL,Standard,Addition,50.2446550000,-5.2694440000
360000,2019-09-19 00:00:00Z,TR16 4DY,Detached,Established,Freehold,AVENUE BUNGALOW,,ALEXANDRA ROAD,ILLOGAN,REDRUTH,CORNWALL,CORNWALL,Standard,Addition,50.2457800000,-5.2694590000
350000,2019-10-04 00:00:00Z,TR15 3UR,Detached,Established,Freehold,SIGMA,,SPAR LANE,ILLOGAN,REDRUTH,CORNWALL,CORNWALL,Standard,Addition,50.2410010000,-5.2698470000
320000,2019-09-02 00:00:00Z,TR16 4DY,Detached,Established,Freehold,"BLANDINGS, 3",,ALEXANDRA ROAD,ILLOGAN,REDRUTH,CORNWALL,CORNWALL,Standard,Addition,50.2457800000,-5.2694590000
150000,2019-11-18 00:00:00Z,TR16 4RJ,Terraced,Established,Freehold,21,,PAYNTERS LANE END ESTATE,ILLOGAN,REDRUTH,CORNWALL,CORNWALL,Standard,Addition,50.2432790000,-5.2691470000
175000,2019-09-27 00:00:00Z,TR16 4RN,Detached,Established,Freehold,16,,TREFORTHLAN,PAYNTERS LANE END,REDRUTH,CORNWALL,CORNWALL,Standard,Addition,50.2435160000,-5.2667570000
222500,2019-11-18 00:00:00Z,TR15 3LX,Semi-Detached,Established,Freehold,25,,SUNNYSIDE PARC,ILLOGAN,REDRUTH,CORNWALL,CORNWALL,Standard,Addition,50.2409720000,-5.2641500000
158000,2019-08-23 00:00:00Z,TR16 4SR,Semi-Detached,Established,Freehold,7,,CHURCH ROAD,ILLOGAN,REDRUTH,CORNWALL,CORNWALL,Standard,Addition,50.2493760000,-5.2669970000
180000,2019-01-18 00:00:00Z,TR16 4RJ,Terraced,Established,Freehold,20,,PAYNTERS LANE END ESTATE,ILLOGAN,REDRUTH,CORNWALL,CORNWALL,Standard,Addition,50.2432790000,-5.2691470000
265000,2019-02-14 00:00:00Z,TR16 4RS,Detached,Established,Freehold,10,,ALEXANDRA CLOSE,ILLOGAN,REDRUTH,CORNWALL,CORNWALL,Standard,Addition,50.2446550000,-5.2694440000
475000,2019-08-02 00:00:00Z,TR16 4DF,Detached,Established,Freehold,SPRING LODGE,,MERRITTS HILL,ILLOGAN,REDRUTH,CORNWALL,CORNWALL,Standard,Addition,50.2403250000,-5.2606130000
202000,2019-12-18 00:00:00Z,TR16 4SA,Detached,Established,Freehold,21A,,BRIDGE ROAD,ILLOGAN,REDRUTH,CORNWALL,CORNWALL,Standard,Addition,50.2496960000,-5.2639180000
370000,2019-12-18 00:00:00Z,TR16 4SA,Detached,Established,Freehold,MEADOW VIEW,PLOT 2,BRIDGE ROAD,ILLOGAN,REDRUTH,CORNWALL,CORNWALL,Standard,Addition,50.2496960000,-5.2639180000
225000,2019-12-04 00:00:00Z,TR16 4DL,Semi-Detached,Established,Freehold,23,,POLDARK ROAD,PAYNTERS LANE,REDRUTH,CORNWALL,CORNWALL,Standard,Addition,50.2434850000,-5.2630870000
156000,2019-05-07 00:00:00Z,TR16 4RX,Semi-Detached,Established,Freehold,3,,ROBARTES TERRACE,ILLOGAN,REDRUTH,CORNWALL,CORNWALL,Standard,Addition,50.2466460000,-5.2670980000
195000,2019-06-21 00:00:00Z,TR15 3LY,Semi-Detached,Established,Freehold,119,,SUNNYSIDE PARC,ILLOGAN,REDRUTH,CORNWALL,CORNWALL,Standard,Addition,50.2404890000,-5.2646700000
250000,2019-12-18 00:00:00Z,TR15 3LX,Semi-Detached,Established,Freehold,43,,SUNNYSIDE PARC,ILLOGAN,REDRUTH,CORNWALL,CORNWALL,Standard,Addition,50.2409720000,-5.2641500000
244950,2019-05-17 00:00:00Z,TR16 4DN,Terraced,Established,Freehold,LITTLE DENE,,KESTRAL WAY,ILLOGAN,REDRUTH,CORNWALL,CORNWALL,Standard,Addition,50.2413890000,-5.2636940000
270000,2019-12-06 00:00:00Z,TR16 4RN,Semi-Detached,Established,Freehold,12,,TREFORTHLAN,PAYNTERS LANE END,REDRUTH,CORNWALL,CORNWALL,Standard,Addition,50.2435160000,-5.2667570000
350000,2019-08-29 00:00:00Z,TR16 4ER,Detached,Established,Freehold,SHARPS END,,VOGUEBELOTH,ILLOGAN,REDRUTH,CORNWALL,CORNWALL,Standard,Addition,50.2449800000,-5.2617440000
260000,2019-01-03 00:00:00Z,TR16 4DF,Detached,Established,Freehold,BOZANE,,MERRITTS HILL,ILLOGAN,REDRUTH,CORNWALL,CORNWALL,Standard,Addition,50.2403250000,-5.2606130000
185000,2019-01-14 00:00:00Z,TR16 4DY,Detached,Established,Freehold,15,,ALEXANDRA ROAD,ILLOGAN,REDRUTH,CORNWALL,CORNWALL,Standard,Addition,50.2457800000,-5.2694590000
247000,2019-03-08 00:00:00Z,TR16 4RX,Terraced,Established,Freehold,5,,ROBARTES TERRACE,ILLOGAN,REDRUTH,CORNWALL,CORNWALL,Standard,Addition,50.2466460000,-5.2670980000
191500,2019-12-05 00:00:00Z,TR15 3LX,Terraced,Established,Freehold,16,,SUNNYSIDE PARC,ILLOGAN,REDRUTH,CORNWALL,CORNWALL,Standard,Addition,50.2409720000,-5.2641500000
249000,2019-08-23 00:00:00Z,TR15 3LY,Semi-Detached,Established,Freehold,91,,SUNNYSIDE PARC,ILLOGAN,REDRUTH,CORNWALL,CORNWALL,Standard,Addition,50.2404890000,-5.2646700000
263000,2020-09-25 00:00:00Z,TR15 3LY,Detached,Established,Freehold,92,,SUNNYSIDE PARC,ILLOGAN,REDRUTH,CORNWALL,CORNWALL,Standard,Addition,50.2404890000,-5.2646700000
240000,2020-10-15 00:00:00Z,TR15 3LX,Semi-Detached,Established,Freehold,4,,SUNNYSIDE PARC,ILLOGAN,REDRUTH,CORNWALL,CORNWALL,Standard,Addition,50.2409720000,-5.2641500000
170000,2020-12-23 00:00:00Z,TR16 4DT,Semi-Detached,Established,Freehold,NOREAS,,,PAYNTERS LANE,REDRUTH,CORNWALL,CORNWALL,Standard,Addition,50.2445880000,-5.2667400000
120000,2020-08-21 00:00:00Z,TR16 4DT,Other,Established,Freehold,METHODIST CHURCH,,PAYNTERS LANE,ILLOGAN,REDRUTH,CORNWALL,CORNWALL,Additional,Addition,50.2445880000,-5.2667400000
270000,2020-07-30 00:00:00Z,TR16 4QY,Detached,Established,Freehold,4,,LANGWEDH ESTATE,ILLOGAN CHURCHTOWN,REDRUTH,CORNWALL,CORNWALL,Standard,Addition,50.2498630000,-5.2691560000
255000,2020-12-14 00:00:00Z,TR15 3LY,Semi-Detached,Established,Freehold,69,,SUNNYSIDE PARC,ILLOGAN,REDRUTH,CORNWALL,CORNWALL,Standard,Addition,50.2404890000,-5.2646700000
290000,2020-10-23 00:00:00Z,TR15 3LY,Detached,Established,Freehold,85,,SUNNYSIDE PARC,ILLOGAN,REDRUTH,CORNWALL,CORNWALL,Standard,Addition,50.2404890000,-5.2646700000
260000,2020-10-28 00:00:00Z,TR16 4HA,Detached,Established,Freehold,MAPLECREST,,RICHARDS LANE,ILLOGAN,REDRUTH,CORNWALL,CORNWALL,Standard,Addition,50.2439840000,-5.2603720000
173000,2020-10-14 00:00:00Z,TR16 4DJ,Semi-Detached,Established,Freehold,LOWER FREDENA,,PAYNTERS LANE,ILLOGAN,REDRUTH,CORNWALL,CORNWALL,Standard,Addition,50.2422540000,-5.2633540000
235000,2020-10-19 00:00:00Z,TR16 4RX,Semi-Detached,Established,Freehold,10,,ROBARTES TERRACE,ILLOGAN,REDRUTH,CORNWALL,CORNWALL,Standard,Addition,50.2466460000,-5.2670980000
380000,2020-10-19 00:00:00Z,TR16 4RX,Detached,Established,Freehold,21,,ROBARTES TERRACE,ILLOGAN,REDRUTH,CORNWALL,CORNWALL,Standard,Addition,50.2466460000,-5.2670980000
290000,2020-10-02 00:00:00Z,TR16 4DS,Detached,Established,Freehold,REDENEK,,PAYNTERS LANE,ILLOGAN,REDRUTH,CORNWALL,CORNWALL,Standard,Addition,50.2448290000,-5.2664760000
225000,2020-04-14 00:00:00Z,TR16 4DH,Terraced,Established,Freehold,60,,BOSVEAN GARDENS,PAYNTERS LANE,REDRUTH,CORNWALL,CORNWALL,Standard,Addition,50.2426260000,-5.2619760000
245000,2020-05-12 00:00:00Z,TR15 3LX,Semi-Detached,Established,Freehold,18,,SUNNYSIDE PARC,ILLOGAN,REDRUTH,CORNWALL,CORNWALL,Standard,Addition,50.2409720000,-5.2641500000
250000,2020-04-14 00:00:00Z,TR15 3LY,Detached,Established,Freehold,83,,SUNNYSIDE PARC,ILLOGAN,REDRUTH,CORNWALL,CORNWALL,Standard,Addition,50.2404890000,-5.2646700000
95000,2020-05-14 00:00:00Z,TR16 4SA,Terraced,Established,Freehold,53,,BRIDGE ROAD,ILLOGAN,REDRUTH,CORNWALL,CORNWALL,Standard,Addition,50.2496960000,-5.2639180000
95000,2020-03-05 00:00:00Z,TR16 4SA,Terraced,Established,Freehold,53,,BRIDGE ROAD,ILLOGAN,REDRUTH,CORNWALL,CORNWALL,Additional,Addition,50.2496960000,-5.2639180000
260000,2020-10-19 00:00:00Z,TR16 4RN,Detached,Established,Freehold,28,,TREFORTHLAN,PAYNTERS LANE END,REDRUTH,CORNWALL,CORNWALL,Standard,Addition,50.2435160000,-5.2667570000
275000,2020-11-13 00:00:00Z,TR16 4DS,Detached,Established,Freehold,ANDY MAR,,PAYNTERS LANE,ILLOGAN,REDRUTH,CORNWALL,CORNWALL,Standard,Addition,50.2448290000,-5.2664760000
243000,2020-12-02 00:00:00Z,TR16 4SA,Terraced,Established,Freehold,6,,BRIDGE ROAD,ILLOGAN,REDRUTH,CORNWALL,CORNWALL,Standard,Addition,50.2496960000,-5.2639180000
285000,2020-02-27 00:00:00Z,TR16 4DF,Detached,Established,Freehold,THE GABLES,,MERRITTS HILL,ILLOGAN,REDRUTH,CORNWALL,CORNWALL,Standard,Addition,50.2403250000,-5.2606130000
325000,2020-08-05 00:00:00Z,TR16 4SA,Detached,Established,Freehold,HERONGATE,,BRIDGE ROAD,ILLOGAN,REDRUTH,CORNWALL,CORNWALL,Standard,Addition,50.2496960000,-5.2639180000
257500,2020-07-24 00:00:00Z,TR16 4RG,Detached,Established,Freehold,CHY KENSA,,TREVELYAN ROAD,ILLOGAN,REDRUTH,CORNWALL,CORNWALL,Standard,Addition,50.2424620000,-5.2678010000
271500,2020-01-17 00:00:00Z,TR16 4DQ,Detached,Established,Freehold,SAN MICHEL,,RICHARDS LANE,ILLOGAN,REDRUTH,CORNWALL,CORNWALL,Standard,Addition,50.2420240000,-5.2616270000
230000,2020-02-14 00:00:00Z,TR16 4EZ,Semi-Detached,Established,Freehold,9,,LAMANVA ROAD,ILLOGAN,REDRUTH,CORNWALL,CORNWALL,Standard,Addition,50.2446730000,-5.2614490000
150000,2020-01-17 00:00:00Z,TR16 4DL,Semi-Detached,Established,Freehold,25,,POLDARK ROAD,PAYNTERS LANE,REDRUTH,CORNWALL,CORNWALL,Standard,Addition,50.2434850000,-5.2630870000
230000,2020-01-29 00:00:00Z,TR16 4SA,Detached,Established,Freehold,ST EIA,,BRIDGE ROAD,ILLOGAN,REDRUTH,CORNWALL,CORNWALL,Standard,Addition,50.2496960000,-5.2639180000
177000,2020-08-10 00:00:00Z,TR16 4DH,Semi-Detached,Established,Freehold,58,,BOSVEAN GARDENS,PAYNTERS LANE,REDRUTH,CORNWALL,CORNWALL,Additional,Addition,50.2426260000,-5.2619760000
210000,2021-03-26 00:00:00Z,TR15 3LY,Semi-Detached,Established,Freehold,88,,SUNNYSIDE PARC,ILLOGAN,REDRUTH,CORNWALL,CORNWALL,Standard,Addition,50.2404890000,-5.2646700000
245000,2021-06-25 00:00:00Z,TR16 4SA,Terraced,Established,Freehold,10,,BRIDGE ROAD,ILLOGAN,REDRUTH,CORNWALL,CORNWALL,Standard,Addition,50.2496960000,-5.2639180000
280000,2021-02-25 00:00:00Z,TR15 3LY,Semi-Detached,Established,Freehold,74,,SUNNYSIDE PARC,ILLOGAN,REDRUTH,CORNWALL,CORNWALL,Standard,Addition,50.2404890000,-5.2646700000
200000,2021-02-15 00:00:00Z,TR16 4RS,Detached,Established,Freehold,56,,ALEXANDRA CLOSE,ILLOGAN,REDRUTH,CORNWALL,CORNWALL,Standard,Addition,50.2446550000,-5.2694440000
305000,2021-12-20 00:00:00Z,TR16 4RN,Detached,Established,Freehold,28,,TREFORTHLAN,PAYNTERS LANE END,REDRUTH,CORNWALL,CORNWALL,Standard,Addition,50.2435160000,-5.2667570000
220000,2021-10-20 00:00:00Z,TR16 4DR,Terraced,Established,Freehold,PECKELTUMN,,PAYNTERS LANE,ILLOGAN,REDRUTH,CORNWALL,CORNWALL,Standard,Addition,50.2435630000,-5.2654490000
282000,2021-11-30 00:00:00Z,TR16 4RJ,Detached,Established,Freehold,37,,PAYNTERS LANE END ESTATE,ILLOGAN,REDRUTH,CORNWALL,CORNWALL,Standard,Addition,50.2432790000,-5.2691470000
190000,2021-09-07 00:00:00Z,TR15 3LX,Semi-Detached,Established,Freehold,16A,,SUNNYSIDE PARC,ILLOGAN,REDRUTH,CORNWALL,CORNWALL,Standard,Addition,50.2409720000,-5.2641500000
325000,2021-09-21 00:00:00Z,TR15 3LX,Semi-Detached,Established,Freehold,12,,SUNNYSIDE PARC,ILLOGAN,REDRUTH,CORNWALL,CORNWALL,Standard,Addition,50.2409720000,-5.2641500000
174000,2021-02-12 00:00:00Z,TR16 4SQ,Semi-Detached,Established,Freehold,36,,CORONATION ROAD,ILLOGAN,REDRUTH,CORNWALL,CORNWALL,Standard,Addition,50.2499080000,-5.2649920000
265000,2021-08-20 00:00:00Z,TR16 4RS,Semi-Detached,Established,Freehold,16,,ALEXANDRA CLOSE,ILLOGAN,REDRUTH,CORNWALL,CORNWALL,Standard,Addition,50.2446550000,-5.2694440000
307000,2021-08-27 00:00:00Z,TR15 3LY,Semi-Detached,Established,Freehold,107,,SUNNYSIDE PARC,ILLOGAN,REDRUTH,CORNWALL,CORNWALL,Standard,Addition,50.2404890000,-5.2646700000
250000,2021-05-19 00:00:00Z,TR16 4RS,Detached,Established,Freehold,41,,ALEXANDRA CLOSE,ILLOGAN,REDRUTH,CORNWALL,CORNWALL,Standard,Addition,50.2446550000,-5.2694440000
285000,2021-06-22 00:00:00Z,TR16 4DJ,Detached,Established,Freehold,CRISTEIGN,,,PAYNTERS LANE,REDRUTH,CORNWALL,CORNWALL,Standard,Addition,50.2422540000,-5.2633540000
395000,2021-08-23 00:00:00Z,TR16 4ER,Detached,Established,Freehold,SHARPS END,,VOGUEBELOTH,ILLOGAN,REDRUTH,CORNWALL,CORNWALL,Standard,Addition,50.2449800000,-5.2617440000
282500,2021-02-25 00:00:00Z,TR16 4RX,Semi-Detached,Established,Freehold,17,,ROBARTES TERRACE,ILLOGAN,REDRUTH,CORNWALL,CORNWALL,Standard,Addition,50.2466460000,-5.2670980000
250000,2021-04-29 00:00:00Z,TR16 4DF,Detached,Established,Freehold,MARKETH,,MERRITTS HILL,ILLOGAN,REDRUTH,CORNWALL,CORNWALL,Additional,Addition,50.2403250000,-5.2606130000
185000,2021-05-18 00:00:00Z,TR16 4SA,Terraced,Established,Freehold,47,,BRIDGE ROAD,ILLOGAN,REDRUTH,CORNWALL,CORNWALL,Standard,Addition,50.2496960000,-5.2639180000
315000,2021-10-28 00:00:00Z,TR16 4DQ,Detached,Established,Freehold,ZENNOR COTTAGE,,RICHARDS LANE,PAYNTERS LANE,REDRUTH,CORNWALL,CORNWALL,Standard,Addition,50.2420240000,-5.2616270000
235000,2021-06-29 00:00:00Z,TR16 4RX,Semi-Detached,Established,Freehold,16,,ROBARTES TERRACE,ILLOGAN,REDRUTH,CORNWALL,CORNWALL,Standard,Addition,50.2466460000,-5.2670980000
240000,2021-05-04 00:00:00Z,TR16 4HA,Terraced,Established,Freehold,ORCHARD COTTAGE,,RICHARDS LANE,HARRIS MILL,REDRUTH,CORNWALL,CORNWALL,Standard,Addition,50.2439840000,-5.2603720000
160000,2021-03-12 00:00:00Z,TR16 4RG,Semi-Detached,Established,Freehold,NANJETH,,TREVELYAN ROAD,ILLOGAN,REDRUTH,CORNWALL,CORNWALL,Standard,Addition,50.2424620000,-5.2678010000
160000,2021-06-15 00:00:00Z,TR16 4ER,Detached,Established,Freehold,LYNTON,,VOGUEBELOTH,ILLOGAN,REDRUTH,CORNWALL,CORNWALL,Standard,Addition,50.2449800000,-5.2617440000
280000,2021-07-30 00:00:00Z,TR16 4SU,Detached,Established,Freehold,3,,PENWARTHA VEAN,PAYNTERS LANE END,REDRUTH,CORNWALL,CORNWALL,Standard,Addition,50.2443600000,-5.2639750000
260000,2021-08-24 00:00:00Z,TR16 4DF,Semi-Detached,Established,Freehold,"ROSEVEAN, 7",,MERRITTS HILL,ILLOGAN,REDRUTH,CORNWALL,CORNWALL,Standard,Addition,50.2403250000,-5.2606130000
188000,2021-09-10 00:00:00Z,TR16 4DH,Terraced,Established,Freehold,14,,BOSVEAN GARDENS,PAYNTERS LANE,REDRUTH,CORNWALL,CORNWALL,Standard,Addition,50.2426260000,-5.2619760000
200000,2021-07-15 00:00:00Z,TR16 4RU,Terraced,Established,Freehold,2,,NETTLES ROW,PAYNTERS LANE END,REDRUTH,CORNWALL,CORNWALL,Standard,Addition,50.2448350000,-5.2675420000
350000,2021-11-10 00:00:00Z,TR16 4DF,Detached,Established,Freehold,THE GABLES,,MERRITTS HILL,ILLOGAN,REDRUTH,CORNWALL,CORNWALL,Standard,Addition,50.2403250000,-5.2606130000
300000,2021-10-18 00:00:00Z,TR16 4EZ,Detached,Established,Freehold,10,,LAMANVA ROAD,ILLOGAN,REDRUTH,CORNWALL,CORNWALL,Standard,Addition,50.2446730000,-5.2614490000
140000,2022-02-08 00:00:00Z,TR16 4SR,Semi-Detached,Established,Freehold,7,,CHURCH ROAD,ILLOGAN,REDRUTH,CORNWALL,CORNWALL,Standard,Addition,50.2493760000,-5.2669970000
320000,2022-02-11 00:00:00Z,TR16 4HA,Detached,Established,Freehold,MAPLECREST,,RICHARDS LANE,HARRIS MILL,REDRUTH,CORNWALL,CORNWALL,Standard,Addition,50.2439840000,-5.2603720000
260000,2022-02-04 00:00:00Z,TR16 4RX,Semi-Detached,Established,Freehold,8,,ROBARTES TERRACE,ILLOGAN,REDRUTH,CORNWALL,CORNWALL,Standard,Addition,50.2466460000,-5.2670980000
307000,2022-04-01 00:00:00Z,TR16 4DP,Detached,Established,Freehold,3,,ILLOGAN PARK,PAYNTERS LANE,REDRUTH,CORNWALL,CORNWALL,Standard,Addition,50.2424150000,-5.2646550000
