38500,1995-10-27 00:00:00Z,PO38 1JT,Flats/Maisonettes,Established,Leasehold,RIVIERA,1,ESPLANADE,VENTNOR,VENTNOR,ISLE OF WIGHT,ISLE OF WIGHT,Standard,Addition,50.5934370000,-1.2083590000
30850,1995-07-07 00:00:00Z,PO38 1TS,Flats/Maisonettes,Established,Leasehold,1,,CLARENDON VILLAS,VENTNOR,VENTNOR,ISLE OF WIGHT,ISLE OF WIGHT,Standard,Addition,50.5964690000,-1.2082340000
65500,1995-02-21 00:00:00Z,PO38 1PF,Semi-Detached,Established,Freehold,19,,SPRING HILL,VENTNOR,VENTNOR,SOUTH WIGHT,ISLE OF WIGHT,Standard,Addition,50.5967400000,-1.2030160000
45000,1995-09-07 00:00:00Z,PO38 1EH,Terraced,Established,Freehold,31,,DUDLEY ROAD,VENTNOR,VENTNOR,ISLE OF WIGHT,ISLE OF WIGHT,Standard,Addition,50.5942740000,-1.2031850000
11250,1995-03-07 00:00:00Z,PO38 1LT,Flats/Maisonettes,Established,Leasehold,50,FLAT 2,HIGH STREET,,VENTNOR,ISLE OF WIGHT,ISLE OF WIGHT,Standard,Addition,50.5954950000,-1.2038560000
44000,1995-07-20 00:00:00Z,PO38 1TN,Terraced,Established,Freehold,4A,,SOUTHGROVE TERRACE,VENTNOR,VENTNOR,SOUTH WIGHT,ISLE OF WIGHT,Standard,Addition,50.5965590000,-1.2057920000
43000,1995-01-03 00:00:00Z,PO38 1LZ,Flats/Maisonettes,Established,Leasehold,149A,,HIGH STREET,VENTNOR,VENTNOR,SOUTH WIGHT,ISLE OF WIGHT,Standard,Addition,50.5964670000,-1.2003110000
32500,1995-01-06 00:00:00Z,PO38 1JR,Flats/Maisonettes,Established,Leasehold,PIER VIEW,FLAT 1,ESPLANADE,VENTNOR,VENTNOR,SOUTH WIGHT,ISLE OF WIGHT,Standard,Addition,50.5932620000,-1.2063700000
17000,1995-02-03 00:00:00Z,PO38 1EZ,Semi-Detached,Established,Freehold,46,,ALBERT STREET,VENTNOR,VENTNOR,SOUTH WIGHT,ISLE OF WIGHT,Standard,Addition,50.5945480000,-1.2037910000
20950,1995-08-09 00:00:00Z,PO38 1DS,Flats/Maisonettes,Established,Leasehold,80,FLAT 5,MITCHELL AVENUE,VENTNOR,VENTNOR,SOUTH WIGHT,ISLE OF WIGHT,Standard,Addition,50.5976770000,-1.2033110000
43000,1995-11-10 00:00:00Z,PO38 1SQ,Detached,Established,Leasehold,ST ANDREWS,,HAMBROUGH ROAD,VENTNOR,VENTNOR,ISLE OF WIGHT,ISLE OF WIGHT,Standard,Addition,50.5939430000,-1.2057330000
27500,1995-06-16 00:00:00Z,PO38 1PD,Flats/Maisonettes,Established,Leasehold,6,,SPRING HILL COURT,VENTNOR,VENTNOR,ISLE OF WIGHT,ISLE OF WIGHT,Standard,Addition,50.5969080000,-1.2013740000
38550,1995-12-18 00:00:00Z,PO38 1SQ,Flats/Maisonettes,Established,Leasehold,PALMERSTON HOUSE,FLAT 6,HAMBROUGH ROAD,VENTNOR,VENTNOR,ISLE OF WIGHT,ISLE OF WIGHT,Standard,Addition,50.5939430000,-1.2057330000
40000,1995-12-12 00:00:00Z,PO38 1EQ,Terraced,Established,Leasehold,45,,DUDLEY ROAD,VENTNOR,VENTNOR,ISLE OF WIGHT,ISLE OF WIGHT,Standard,Addition,50.5943160000,-1.2023500000
20000,1995-07-07 00:00:00Z,PO38 1TG,Semi-Detached,Established,Freehold,TULSE HILL COTTAGES,1,TULSE HILL,VENTNOR,VENTNOR,ISLE OF WIGHT,ISLE OF WIGHT,Standard,Addition,50.5955270000,-1.2059180000
37000,1995-02-13 00:00:00Z,PO38 1ST,Terraced,Established,Leasehold,5,,PIER STREET,VENTNOR,VENTNOR,SOUTH WIGHT,ISLE OF WIGHT,Standard,Addition,50.5948020000,-1.2053830000
37500,1995-08-21 00:00:00Z,PO38 1DW,Terraced,Established,Freehold,22,,MITCHELL AVENUE,VENTNOR,VENTNOR,ISLE OF WIGHT,ISLE OF WIGHT,Standard,Addition,50.5973880000,-1.2071590000
90000,1995-07-26 00:00:00Z,PO38 1EG,Terraced,Established,Freehold,5,,DEVONSHIRE TERRACE,VENTNOR,VENTNOR,ISLE OF WIGHT,ISLE OF WIGHT,Standard,Addition,50.5940940000,-1.2018210000
90000,1995-10-30 00:00:00Z,PO38 1EG,Terraced,Established,Freehold,3,,DEVONSHIRE TERRACE,VENTNOR,VENTNOR,SOUTH WIGHT,ISLE OF WIGHT,Standard,Addition,50.5940940000,-1.2018210000
24450,1995-11-23 00:00:00Z,PO38 1JN,Flats/Maisonettes,Established,Leasehold,3,FLAT 3,MARINE PARADE,VENTNOR,VENTNOR,ISLE OF WIGHT,ISLE OF WIGHT,Standard,Addition,50.5938760000,-1.2080130000
110500,1995-09-08 00:00:00Z,PO38 1EB,Terraced,Established,Freehold,5,,MACROCARPA ROAD,VENTNOR,VENTNOR,ISLE OF WIGHT,ISLE OF WIGHT,Standard,Addition,50.5971930000,-1.2049440000
65000,1995-07-18 00:00:00Z,PO38 1DW,Semi-Detached,Established,Leasehold,14,,MITCHELL AVENUE,VENTNOR,VENTNOR,ISLE OF WIGHT,ISLE OF WIGHT,Standard,Addition,50.5973880000,-1.2071590000
26000,1995-12-08 00:00:00Z,PO38 1TF,Flats/Maisonettes,Established,Freehold,MARLBOROUGH VILLA,,MARLBOROUGH ROAD,,VENTNOR,ISLE OF WIGHT,ISLE OF WIGHT,Standard,Addition,50.5953220000,-1.2064630000
25000,1995-04-28 00:00:00Z,PO38 1PF,Detached,Established,Freehold,28,,SPRING HILL,VENTNOR,VENTNOR,ISLE OF WIGHT,ISLE OF WIGHT,Standard,Addition,50.5967400000,-1.2030160000
44000,1995-06-16 00:00:00Z,PO38 1EQ,Terraced,Established,Leasehold,45,,DUDLEY ROAD,VENTNOR,VENTNOR,ISLE OF WIGHT,ISLE OF WIGHT,Standard,Addition,50.5943160000,-1.2023500000
41000,1995-07-27 00:00:00Z,PO38 1DS,Detached,Established,Freehold,56B,,MITCHELL AVENUE,VENTNOR,VENTNOR,ISLE OF WIGHT,ISLE OF WIGHT,Standard,Addition,50.5976770000,-1.2033110000
31000,1995-02-28 00:00:00Z,PO38 1DP,Detached,Established,Freehold,44,,MITCHELL AVENUE,VENTNOR,VENTNOR,ISLE OF WIGHT,ISLE OF WIGHT,Standard,Addition,50.5974360000,-1.2062390000
29000,1995-11-30 00:00:00Z,PO38 1PL,Flats/Maisonettes,Established,Leasehold,MERTOUN,FLAT 2,ST BONIFACE ROAD,VENTNOR,VENTNOR,ISLE OF WIGHT,ISLE OF WIGHT,Standard,Addition,50.5973590000,-1.2002920000
28000,1995-11-24 00:00:00Z,PO38 1SQ,Flats/Maisonettes,Established,Leasehold,PALMERSTON HOUSE,FLAT 1,HAMBROUGH ROAD,VENTNOR,VENTNOR,ISLE OF WIGHT,ISLE OF WIGHT,Standard,Addition,50.5939430000,-1.2057330000
18000,1995-12-04 00:00:00Z,PO38 1RY,Flats/Maisonettes,Established,Leasehold,5,,HIGH STREET,,VENTNOR,SOUTH WIGHT,ISLE OF WIGHT,Standard,Addition,50.5950200000,-1.2057190000
15750,1995-12-21 00:00:00Z,PO38 1SQ,Flats/Maisonettes,Established,Leasehold,ELIZABETH HOUSE,FLAT 2,HAMBROUGH ROAD,VENTNOR,VENTNOR,ISLE OF WIGHT,ISLE OF WIGHT,Standard,Addition,50.5939430000,-1.2057330000
18000,1995-02-13 00:00:00Z,PO38 1JW,Flats/Maisonettes,Established,Leasehold,ESPLANADE HOUSE,FLAT 4,ESPLANADE ROAD,VENTNOR,VENTNOR,SOUTH WIGHT,ISLE OF WIGHT,Standard,Addition,50.5935260000,-1.2068460000
34000,1995-08-24 00:00:00Z,PO38 1EQ,Terraced,Established,Leasehold,39,,DUDLEY ROAD,VENTNOR,VENTNOR,ISLE OF WIGHT,ISLE OF WIGHT,Standard,Addition,50.5943160000,-1.2023500000
29000,1996-07-31 00:00:00Z,PO38 1BT,Flats/Maisonettes,Established,Leasehold,25B,,ALPINE ROAD,VENTNOR,VENTNOR,ISLE OF WIGHT,ISLE OF WIGHT,Standard,Addition,50.5946940000,-1.2089980000
30000,1996-05-10 00:00:00Z,PO38 1PD,Flats/Maisonettes,Established,Leasehold,10,,SPRING HILL COURT,VENTNOR,VENTNOR,ISLE OF WIGHT,ISLE OF WIGHT,Standard,Addition,50.5969080000,-1.2013740000
24500,1996-02-02 00:00:00Z,PO38 1JX,Detached,Established,Freehold,BALMORAL,,ESPLANADE,,VENTNOR,ISLE OF WIGHT,ISLE OF WIGHT,Standard,Addition,50.5933140000,-1.2098260000
25000,1996-07-18 00:00:00Z,PO38 1RZ,Terraced,Established,Leasehold,12,,HIGH STREET,,VENTNOR,ISLE OF WIGHT,ISLE OF WIGHT,Standard,Addition,50.5952750000,-1.2048100000
75000,1996-07-15 00:00:00Z,PO38 1RZ,Terraced,Established,Freehold,25,,HIGH STREET,,VENTNOR,ISLE OF WIGHT,ISLE OF WIGHT,Standard,Addition,50.5952750000,-1.2048100000
11000,1996-04-02 00:00:00Z,PO38 1SX,Flats/Maisonettes,New Build,Leasehold,31A,,PIER STREET,VENTNOR,VENTNOR,ISLE OF WIGHT,ISLE OF WIGHT,Standard,Addition,50.5943500000,-1.2047370000
68500,1996-05-17 00:00:00Z,PO38 1ES,Detached,Established,Freehold,CLIFTON,,VICTORIA STREET,VENTNOR,VENTNOR,ISLE OF WIGHT,ISLE OF WIGHT,Standard,Addition,50.5947050000,-1.2013830000
35000,1996-12-04 00:00:00Z,PO38 1ST,Flats/Maisonettes,Established,Leasehold,2A,,PIER STREET,VENTNOR,VENTNOR,ISLE OF WIGHT,ISLE OF WIGHT,Standard,Addition,50.5948020000,-1.2053830000
65000,1996-08-30 00:00:00Z,PO38 1EH,Terraced,Established,Freehold,17,,DUDLEY ROAD,VENTNOR,VENTNOR,ISLE OF WIGHT,ISLE OF WIGHT,Standard,Addition,50.5942740000,-1.2031850000
31000,1996-08-16 00:00:00Z,PO38 1LZ,Semi-Detached,Established,Freehold,144,,HIGH STREET,VENTNOR,VENTNOR,ISLE OF WIGHT,ISLE OF WIGHT,Standard,Addition,50.5964670000,-1.2003110000
93000,1996-05-14 00:00:00Z,PO38 1TW,Detached,Established,Freehold,MONTREES,,SOUTHGROVE ROAD,VENTNOR,VENTNOR,ISLE OF WIGHT,ISLE OF WIGHT,Standard,Addition,50.5969470000,-1.2070670000
18000,1996-04-12 00:00:00Z,PO38 1DS,Flats/Maisonettes,Established,Leasehold,46C,,MITCHELL AVENUE,VENTNOR,VENTNOR,ISLE OF WIGHT,ISLE OF WIGHT,Standard,Addition,50.5976770000,-1.2033110000
60000,1996-03-15 00:00:00Z,PO38 1LZ,Terraced,Established,Freehold,150A,,HIGH STREET,VENTNOR,VENTNOR,ISLE OF WIGHT,ISLE OF WIGHT,Standard,Addition,50.5964670000,-1.2003110000
4000,1996-03-01 00:00:00Z,PO38 1TH,Flats/Maisonettes,Established,Leasehold,KING CHARLES COURT,FLAT 11,GROVE ROAD,,VENTNOR,ISLE OF WIGHT,ISLE OF WIGHT,Standard,Addition,50.5960780000,-1.2048640000
102600,1996-02-23 00:00:00Z,PO38 1TN,Detached,Established,Freehold,HOMELANDS,,SOUTHGROVE ROAD,VENTNOR,VENTNOR,ISLE OF WIGHT,ISLE OF WIGHT,Standard,Addition,50.5965590000,-1.2057920000
25000,1996-10-04 00:00:00Z,PO38 1SQ,Terraced,Established,Freehold,SYDENHAM HOUSE,,HAMBROUGH ROAD,VENTNOR,VENTNOR,ISLE OF WIGHT,ISLE OF WIGHT,Standard,Addition,50.5939430000,-1.2057330000
46000,1996-01-31 00:00:00Z,PO38 1DW,Semi-Detached,Established,Freehold,10,,MITCHELL AVENUE,VENTNOR,VENTNOR,ISLE OF WIGHT,ISLE OF WIGHT,Standard,Addition,50.5973880000,-1.2071590000
7500,1996-03-01 00:00:00Z,PO38 1EE,Flats/Maisonettes,Established,Leasehold,1,FLAT 1,ALEXANDRA GARDENS,VENTNOR,VENTNOR,ISLE OF WIGHT,ISLE OF WIGHT,Standard,Addition,50.5941570000,-1.2041330000
21000,1996-12-17 00:00:00Z,PO38 1EZ,Semi-Detached,Established,Freehold,28,,ALBERT STREET,VENTNOR,VENTNOR,ISLE OF WIGHT,ISLE OF WIGHT,Standard,Addition,50.5945480000,-1.2037910000
137000,1996-01-26 00:00:00Z,PO38 1DP,Detached,Established,Freehold,44,,MITCHELL AVENUE,VENTNOR,VENTNOR,ISLE OF WIGHT,ISLE OF WIGHT,Standard,Addition,50.5974360000,-1.2062390000
26500,1996-10-03 00:00:00Z,PO38 1HD,Terraced,Established,Freehold,ALBERT COTTAGES,3,POUND LANE,VENTNOR,VENTNOR,ISLE OF WIGHT,ISLE OF WIGHT,Standard,Addition,50.5952520000,-1.2028330000
26000,1996-08-12 00:00:00Z,PO38 1EU,Flats/Maisonettes,Established,Leasehold,94,,ALBERT STREET,VENTNOR,VENTNOR,ISLE OF WIGHT,ISLE OF WIGHT,Standard,Addition,50.5949430000,-1.2023150000
60000,1996-02-29 00:00:00Z,PO38 1SQ,Detached,Established,Leasehold,THE CROWS NEST,,HAMBROUGH ROAD,VENTNOR,VENTNOR,ISLE OF WIGHT,ISLE OF WIGHT,Standard,Addition,50.5939430000,-1.2057330000
17000,1996-01-12 00:00:00Z,PO38 1LT,Flats/Maisonettes,Established,Leasehold,50,FLAT 1,HIGH STREET,,VENTNOR,ISLE OF WIGHT,ISLE OF WIGHT,Standard,Addition,50.5954950000,-1.2038560000
26000,1996-11-29 00:00:00Z,PO38 1ST,Flats/Maisonettes,New Build,Leasehold,11B,,PIER STREET,VENTNOR,VENTNOR,ISLE OF WIGHT,ISLE OF WIGHT,Standard,Addition,50.5948020000,-1.2053830000
36000,1996-03-22 00:00:00Z,PO38 1SQ,Flats/Maisonettes,Established,Leasehold,MARINE COURT,FLAT 1,HAMBROUGH ROAD,VENTNOR,VENTNOR,ISLE OF WIGHT,ISLE OF WIGHT,Standard,Addition,50.5939430000,-1.2057330000
28500,1996-05-19 00:00:00Z,PO38 1TG,Semi-Detached,Established,Freehold,TULSE HILL COTTAGES,1,TULSE HILL,VENTNOR,VENTNOR,ISLE OF WIGHT,ISLE OF WIGHT,Standard,Addition,50.5955270000,-1.2059180000
30000,1996-07-05 00:00:00Z,PO38 1PD,Flats/Maisonettes,Established,Leasehold,1,,SPRING HILL COURT,VENTNOR,VENTNOR,ISLE OF WIGHT,ISLE OF WIGHT,Standard,Addition,50.5969080000,-1.2013740000
13000,1996-01-10 00:00:00Z,PO38 1ES,Flats/Maisonettes,Established,Leasehold,36,FLAT 5,VICTORIA STREET,VENTNOR,VENTNOR,ISLE OF WIGHT,ISLE OF WIGHT,Standard,Addition,50.5947050000,-1.2013830000
16000,1996-02-09 00:00:00Z,PO38 1DT,Flats/Maisonettes,Established,Leasehold,7A,,ALTOFTS GARDENS,VENTNOR,VENTNOR,ISLE OF WIGHT,ISLE OF WIGHT,Standard,Addition,50.5972290000,-1.2036290000
45000,1996-02-12 00:00:00Z,PO38 1ER,Flats/Maisonettes,Established,Leasehold,"MADEIRA FLATS, 50",5,DUDLEY ROAD,VENTNOR,VENTNOR,ISLE OF WIGHT,ISLE OF WIGHT,Standard,Addition,50.5944410000,-1.2008500000
40000,1996-11-07 00:00:00Z,PO38 1TS,Flats/Maisonettes,Established,Leasehold,1,,CLARENDON VILLAS,VENTNOR,VENTNOR,ISLE OF WIGHT,ISLE OF WIGHT,Standard,Addition,50.5964690000,-1.2082340000
20000,1996-09-30 00:00:00Z,PO38 1ST,Terraced,Established,Freehold,6,,PIER STREET,VENTNOR,VENTNOR,ISLE OF WIGHT,ISLE OF WIGHT,Standard,Addition,50.5948020000,-1.2053830000
37500,1996-12-18 00:00:00Z,PO38 1BT,Semi-Detached,Established,Leasehold,15,,ALPINE ROAD,VENTNOR,VENTNOR,ISLE OF WIGHT,ISLE OF WIGHT,Standard,Addition,50.5946940000,-1.2089980000
35000,1996-10-25 00:00:00Z,PO38 1EY,Flats/Maisonettes,Established,Leasehold,58,,ALBERT STREET,VENTNOR,VENTNOR,ISLE OF WIGHT,ISLE OF WIGHT,Standard,Addition,50.5946160000,-1.2027830000
33500,1996-03-25 00:00:00Z,PO38 1NQ,Flats/Maisonettes,Established,Leasehold,24A,,WEST STREET,VENTNOR,VENTNOR,ISLE OF WIGHT,ISLE OF WIGHT,Standard,Addition,50.5955840000,-1.2009870000
30000,1996-11-11 00:00:00Z,PO38 1JU,Detached,Established,Freehold,MELBOURNE LODGE,STUDIO FLAT,ALMA ROAD,VENTNOR,VENTNOR,ISLE OF WIGHT,ISLE OF WIGHT,Standard,Addition,50.5936240000,-1.2091550000
24000,1996-11-29 00:00:00Z,PO38 1RY,Flats/Maisonettes,Established,Leasehold,5,,HIGH STREET,,VENTNOR,ISLE OF WIGHT,ISLE OF WIGHT,Standard,Addition,50.5950200000,-1.2057190000
18500,1996-06-13 00:00:00Z,PO38 1ES,Flats/Maisonettes,Established,Leasehold,36,FLAT 3,VICTORIA STREET,VENTNOR,VENTNOR,ISLE OF WIGHT,ISLE OF WIGHT,Standard,Addition,50.5947050000,-1.2013830000
37500,1996-08-27 00:00:00Z,PO38 1JR,Flats/Maisonettes,Established,Leasehold,PIER VIEW,FLAT 2,ESPLANADE,VENTNOR,VENTNOR,ISLE OF WIGHT,ISLE OF WIGHT,Standard,Addition,50.5932620000,-1.2063700000
30000,1996-08-15 00:00:00Z,PO38 1PD,Flats/Maisonettes,Established,Leasehold,9,,SPRING HILL COURT,VENTNOR,VENTNOR,ISLE OF WIGHT,ISLE OF WIGHT,Standard,Addition,50.5969080000,-1.2013740000
40500,1996-01-25 00:00:00Z,PO38 1NQ,Terraced,Established,Freehold,20,,WEST STREET,VENTNOR,VENTNOR,ISLE OF WIGHT,ISLE OF WIGHT,Standard,Addition,50.5955840000,-1.2009870000
46500,1996-09-23 00:00:00Z,PO38 1TB,Semi-Detached,Established,Freehold,EDGELEY,2,THE GROVE,VENTNOR,VENTNOR,ISLE OF WIGHT,ISLE OF WIGHT,Standard,Addition,50.5953300000,-1.2085920000
45000,1996-02-12 00:00:00Z,PO38 1ER,Flats/Maisonettes,Established,Leasehold,"MADEIRA FLATS, 50",6,DUDLEY ROAD,VENTNOR,VENTNOR,ISLE OF WIGHT,ISLE OF WIGHT,Standard,Addition,50.5944410000,-1.2008500000
35500,1996-05-13 00:00:00Z,PO38 1EY,Flats/Maisonettes,Established,Leasehold,62,,ALBERT STREET,VENTNOR,VENTNOR,ISLE OF WIGHT,ISLE OF WIGHT,Standard,Addition,50.5946160000,-1.2027830000
26000,1996-03-07 00:00:00Z,PO38 1RZ,Flats/Maisonettes,Established,Leasehold,23C,,HIGH STREET,VENTNOR,VENTNOR,ISLE OF WIGHT,ISLE OF WIGHT,Standard,Addition,50.5952750000,-1.2048100000
43000,1996-04-04 00:00:00Z,PO38 1PF,Detached,Established,Freehold,36,,SPRING HILL,VENTNOR,VENTNOR,ISLE OF WIGHT,ISLE OF WIGHT,Standard,Addition,50.5967400000,-1.2030160000
52000,1997-02-11 00:00:00Z,PO38 1TQ,Semi-Detached,Established,Freehold,BENTINCK,,TULSE HILL,VENTNOR,VENTNOR,ISLE OF WIGHT,ISLE OF WIGHT,Standard,Addition,50.5958200000,-1.2056490000
57500,1997-01-24 00:00:00Z,PO38 1TS,Detached,Established,Freehold,HILLCREST,,GROVE ROAD,VENTNOR,VENTNOR,ISLE OF WIGHT,ISLE OF WIGHT,Standard,Addition,50.5964690000,-1.2082340000
35500,1997-07-31 00:00:00Z,PO38 1EZ,Semi-Detached,Established,Freehold,46,,ALBERT STREET,VENTNOR,VENTNOR,ISLE OF WIGHT,ISLE OF WIGHT,Standard,Addition,50.5945480000,-1.2037910000
20000,1997-05-16 00:00:00Z,PO38 1DR,Terraced,Established,Leasehold,55,,MITCHELL AVENUE,VENTNOR,VENTNOR,ISLE OF WIGHT,ISLE OF WIGHT,Standard,Addition,50.5978430000,-1.2052150000
45000,1997-11-14 00:00:00Z,PO38 1TS,Flats/Maisonettes,Established,Leasehold,4,,CLARENDON VILLAS,VENTNOR,VENTNOR,ISLE OF WIGHT,ISLE OF WIGHT,Standard,Addition,50.5964690000,-1.2082340000
59950,1997-12-12 00:00:00Z,PO38 1TH,Flats/Maisonettes,Established,Leasehold,KING CHARLES COURT,FLAT 11,GROVE ROAD,VENTNOR,VENTNOR,ISLE OF WIGHT,ISLE OF WIGHT,Standard,Addition,50.5960780000,-1.2048640000
60000,1997-08-29 00:00:00Z,PO38 1EW,Terraced,Established,Freehold,77,,DUDLEY ROAD,VENTNOR,VENTNOR,ISLE OF WIGHT,ISLE OF WIGHT,Standard,Addition,50.5945080000,-1.2014430000
26500,1997-10-17 00:00:00Z,PO38 1TH,Flats/Maisonettes,New Build,Leasehold,KING CHARLES COURT,FLAT 3,GROVE ROAD,VENTNOR,VENTNOR,ISLE OF WIGHT,ISLE OF WIGHT,Standard,Addition,50.5960780000,-1.2048640000
55500,1997-08-29 00:00:00Z,PO38 1DL,Semi-Detached,Established,Freehold,29,,MITCHELL AVENUE,VENTNOR,VENTNOR,ISLE OF WIGHT,ISLE OF WIGHT,Standard,Addition,50.5976510000,-1.2073800000
30000,1997-02-14 00:00:00Z,PO38 1TS,Flats/Maisonettes,Established,Leasehold,6,,CLARENDON VILLAS,VENTNOR,VENTNOR,ISLE OF WIGHT,ISLE OF WIGHT,Standard,Addition,50.5964690000,-1.2082340000
75500,1997-12-10 00:00:00Z,PO38 1PF,Semi-Detached,Established,Freehold,21,,SPRING HILL,VENTNOR,VENTNOR,ISLE OF WIGHT,ISLE OF WIGHT,Standard,Addition,50.5967400000,-1.2030160000
12000,1997-07-24 00:00:00Z,PO38 1PL,Flats/Maisonettes,Established,Leasehold,OLDFIELD,FLAT 3,ST BONIFACE ROAD,VENTNOR,VENTNOR,ISLE OF WIGHT,ISLE OF WIGHT,Standard,Addition,50.5973590000,-1.2002920000
40000,1997-03-07 00:00:00Z,PO38 1TS,Flats/Maisonettes,Established,Leasehold,4,,CLARENDON VILLAS,VENTNOR,VENTNOR,ISLE OF WIGHT,ISLE OF WIGHT,Standard,Addition,50.5964690000,-1.2082340000
23000,1997-08-21 00:00:00Z,PO38 1JQ,Flats/Maisonettes,Established,Leasehold,VICTORIA HOUSE,FLAT 11,ALBERT STREET,VENTNOR,VENTNOR,ISLE OF WIGHT,ISLE OF WIGHT,Standard,Addition,50.5947850000,-1.2038260000
59950,1997-06-17 00:00:00Z,PO38 1TF,Semi-Detached,Established,Freehold,RAMILLIES,,,CHURCH WALK,VENTNOR,ISLE OF WIGHT,ISLE OF WIGHT,Standard,Addition,50.5953220000,-1.2064630000
77000,1997-07-31 00:00:00Z,PO38 1SQ,Terraced,Established,Freehold,VENTNOR HOUSE,,HAMBROUGH ROAD,VENTNOR,VENTNOR,ISLE OF WIGHT,ISLE OF WIGHT,Standard,Addition,50.5939430000,-1.2057330000
19000,1997-10-10 00:00:00Z,PO38 1RZ,Flats/Maisonettes,Established,Leasehold,23C,,HIGH STREET,VENTNOR,VENTNOR,ISLE OF WIGHT,ISLE OF WIGHT,Standard,Addition,50.5952750000,-1.2048100000
53500,1997-10-17 00:00:00Z,PO38 1TH,Terraced,Established,Freehold,KESWICK,,GROVE ROAD,VENTNOR,VENTNOR,ISLE OF WIGHT,ISLE OF WIGHT,Standard,Addition,50.5960780000,-1.2048640000
24700,1997-05-09 00:00:00Z,PO38 1TH,Flats/Maisonettes,New Build,Leasehold,KING CHARLES COURT,FLAT 1,GROVE ROAD,VENTNOR,VENTNOR,ISLE OF WIGHT,ISLE OF WIGHT,Standard,Addition,50.5960780000,-1.2048640000
36500,1997-01-24 00:00:00Z,PO38 1EN,Terraced,Established,Freehold,57,,DUDLEY ROAD,VENTNOR,VENTNOR,ISLE OF WIGHT,ISLE OF WIGHT,Standard,Addition,50.5944210000,-1.2018960000
44950,1997-08-15 00:00:00Z,PO38 1TH,Flats/Maisonettes,New Build,Leasehold,KING CHARLES COURT,FLAT 8,GROVE ROAD,VENTNOR,VENTNOR,ISLE OF WIGHT,ISLE OF WIGHT,Standard,Addition,50.5960780000,-1.2048640000
57000,1997-07-28 00:00:00Z,PO38 1EQ,Terraced,Established,Freehold,43,,DUDLEY ROAD,VENTNOR,VENTNOR,ISLE OF WIGHT,ISLE OF WIGHT,Standard,Addition,50.5943160000,-1.2023500000
40000,1997-04-25 00:00:00Z,PO38 1NQ,Semi-Detached,Established,Freehold,28,,WEST STREET,VENTNOR,VENTNOR,ISLE OF WIGHT,ISLE OF WIGHT,Standard,Addition,50.5955840000,-1.2009870000
49000,1997-09-12 00:00:00Z,PO38 1EF,Terraced,Established,Freehold,9,,DUDLEY ROAD,VENTNOR,VENTNOR,ISLE OF WIGHT,ISLE OF WIGHT,Standard,Addition,50.5944060000,-1.2036630000
29950,1997-07-11 00:00:00Z,PO38 1LZ,Flats/Maisonettes,Established,Leasehold,137C,,HIGH STREET,VENTNOR,VENTNOR,ISLE OF WIGHT,ISLE OF WIGHT,Standard,Addition,50.5964670000,-1.2003110000
30600,1997-04-01 00:00:00Z,PO38 1TG,Semi-Detached,Established,Freehold,TULSE HILL COTTAGES,1,TULSE HILL,VENTNOR,VENTNOR,ISLE OF WIGHT,ISLE OF WIGHT,Standard,Addition,50.5955270000,-1.2059180000
74000,1997-07-02 00:00:00Z,PO38 1DT,Semi-Detached,Established,Leasehold,6,,ALTOFTS GARDENS,VENTNOR,VENTNOR,ISLE OF WIGHT,ISLE OF WIGHT,Standard,Addition,50.5972290000,-1.2036290000
56500,1997-09-22 00:00:00Z,PO38 1EG,Flats/Maisonettes,Established,Leasehold,THE WIGHT HOUSE,FLAT 1,DUDLEY ROAD,VENTNOR,VENTNOR,ISLE OF WIGHT,ISLE OF WIGHT,Standard,Addition,50.5940940000,-1.2018210000
38000,1997-03-10 00:00:00Z,PO38 1NQ,Terraced,Established,Freehold,15,,WEST STREET,VENTNOR,VENTNOR,ISLE OF WIGHT,ISLE OF WIGHT,Standard,Addition,50.5955840000,-1.2009870000
58500,1997-09-24 00:00:00Z,PO38 1TP,Detached,New Build,Freehold,GLYNN HAVEN,,GROVE ROAD,VENTNOR,VENTNOR,ISLE OF WIGHT,ISLE OF WIGHT,Standard,Addition,50.5960820000,-1.2055560000
33500,1997-04-10 00:00:00Z,PO38 1SW,Flats/Maisonettes,Established,Leasehold,9A,,CHURCH STREET,VENTNOR,VENTNOR,ISLE OF WIGHT,ISLE OF WIGHT,Standard,Addition,50.5947190000,-1.2060870000
26000,1997-04-29 00:00:00Z,PO38 1TG,Terraced,Established,Freehold,PROSPECT COTTAGE,,TULSE HILL,VENTNOR,VENTNOR,ISLE OF WIGHT,ISLE OF WIGHT,Standard,Addition,50.5955270000,-1.2059180000
32000,1997-05-30 00:00:00Z,PO38 1RZ,Flats/Maisonettes,Established,Leasehold,26A,,HIGH STREET,VENTNOR,VENTNOR,ISLE OF WIGHT,ISLE OF WIGHT,Standard,Addition,50.5952750000,-1.2048100000
10000,1997-10-14 00:00:00Z,PO38 1EZ,Terraced,Established,Freehold,2,,ALBERT STREET,VENTNOR,VENTNOR,ISLE OF WIGHT,ISLE OF WIGHT,Standard,Addition,50.5945480000,-1.2037910000
44000,1997-12-10 00:00:00Z,PO38 1LZ,Terraced,Established,Freehold,141,,HIGH STREET,VENTNOR,VENTNOR,ISLE OF WIGHT,ISLE OF WIGHT,Standard,Addition,50.5964670000,-1.2003110000
57500,1997-12-10 00:00:00Z,PO38 1EG,Flats/Maisonettes,Established,Leasehold,THE WIGHT HOUSE,FLAT 2,DUDLEY ROAD,VENTNOR,VENTNOR,ISLE OF WIGHT,ISLE OF WIGHT,Standard,Addition,50.5940940000,-1.2018210000
18000,1997-11-19 00:00:00Z,PO38 1PE,Terraced,Established,Freehold,5,,SPRING HILL,,VENTNOR,ISLE OF WIGHT,ISLE OF WIGHT,Standard,Addition,50.5956960000,-1.2042620000
38000,1997-08-01 00:00:00Z,PO38 1ST,Terraced,Established,Freehold,21,,PIER STREET,,VENTNOR,ISLE OF WIGHT,ISLE OF WIGHT,Standard,Addition,50.5948020000,-1.2053830000
35000,1997-08-28 00:00:00Z,PO38 1LT,Terraced,Established,Freehold,46,,HIGH STREET,,VENTNOR,ISLE OF WIGHT,ISLE OF WIGHT,Standard,Addition,50.5954950000,-1.2038560000
13999,1997-08-07 00:00:00Z,PO38 1LT,Flats/Maisonettes,Established,Leasehold,50,,HIGH STREET,,VENTNOR,ISLE OF WIGHT,ISLE OF WIGHT,Standard,Addition,50.5954950000,-1.2038560000
17500,1997-11-19 00:00:00Z,PO38 1LT,Terraced,Established,Freehold,44,,HIGH STREET,,VENTNOR,ISLE OF WIGHT,ISLE OF WIGHT,Standard,Addition,50.5954950000,-1.2038560000
56000,1997-10-31 00:00:00Z,PO38 1EG,Flats/Maisonettes,Established,Leasehold,7 - 8,FLAT 3,DEVONSHIRE TERRACE,VENTNOR,VENTNOR,ISLE OF WIGHT,ISLE OF WIGHT,Standard,Addition,50.5940940000,-1.2018210000
68000,1997-12-01 00:00:00Z,PO38 1TN,Terraced,Established,Freehold,4A,,SOUTHGROVE TERRACE,VENTNOR,VENTNOR,ISLE OF WIGHT,ISLE OF WIGHT,Standard,Addition,50.5965590000,-1.2057920000
37000,1997-09-15 00:00:00Z,PO38 1EU,Semi-Detached,Established,Freehold,82,,ALBERT STREET,VENTNOR,VENTNOR,ISLE OF WIGHT,ISLE OF WIGHT,Standard,Addition,50.5949430000,-1.2023150000
30000,1997-06-09 00:00:00Z,PO38 1BT,Semi-Detached,Established,Freehold,13,,ALPINE ROAD,VENTNOR,VENTNOR,ISLE OF WIGHT,ISLE OF WIGHT,Standard,Addition,50.5946940000,-1.2089980000
42500,1997-09-19 00:00:00Z,PO38 1BT,Semi-Detached,Established,Leasehold,27C,,ALPINE ROAD,VENTNOR,VENTNOR,ISLE OF WIGHT,ISLE OF WIGHT,Standard,Addition,50.5946940000,-1.2089980000
59950,1997-07-07 00:00:00Z,PO38 1TP,Detached,New Build,Freehold,JULES COTTAGE,,GROVE ROAD,VENTNOR,VENTNOR,ISLE OF WIGHT,ISLE OF WIGHT,Standard,Addition,50.5960820000,-1.2055560000
45000,1997-10-24 00:00:00Z,PO38 1EY,Flats/Maisonettes,Established,Leasehold,58,,ALBERT STREET,VENTNOR,VENTNOR,ISLE OF WIGHT,ISLE OF WIGHT,Standard,Addition,50.5946160000,-1.2027830000
17500,1997-06-24 00:00:00Z,PO38 1DR,Terraced,Established,Leasehold,53,,MITCHELL AVENUE,VENTNOR,VENTNOR,ISLE OF WIGHT,ISLE OF WIGHT,Standard,Addition,50.5978430000,-1.2052150000
41000,1997-08-08 00:00:00Z,PO38 1TH,Flats/Maisonettes,New Build,Leasehold,KING CHARLES COURT,FLAT 10,GROVE ROAD,VENTNOR,VENTNOR,ISLE OF WIGHT,ISLE OF WIGHT,Standard,Addition,50.5960780000,-1.2048640000
51000,1997-12-02 00:00:00Z,PO38 1ST,Terraced,Established,Leasehold,5,,PIER STREET,VENTNOR,VENTNOR,ISLE OF WIGHT,ISLE OF WIGHT,Standard,Addition,50.5948020000,-1.2053830000
57500,1997-03-07 00:00:00Z,PO38 1DP,Semi-Detached,Established,Freehold,32,,MITCHELL AVENUE,VENTNOR,VENTNOR,ISLE OF WIGHT,ISLE OF WIGHT,Standard,Addition,50.5974360000,-1.2062390000
16000,1997-01-14 00:00:00Z,PO38 1SX,Terraced,Established,Leasehold,33,,PIER STREET,VENTNOR,VENTNOR,ISLE OF WIGHT,ISLE OF WIGHT,Standard,Addition,50.5943500000,-1.2047370000
50000,1997-04-25 00:00:00Z,PO38 1TF,Detached,Established,Freehold,MYRA VILLA,,MARLBOROUGH ROAD,VENTNOR,VENTNOR,ISLE OF WIGHT,ISLE OF WIGHT,Standard,Addition,50.5953220000,-1.2064630000
59500,1997-03-10 00:00:00Z,PO38 1DL,Semi-Detached,Established,Freehold,19,,MITCHELL AVENUE,VENTNOR,VENTNOR,ISLE OF WIGHT,ISLE OF WIGHT,Standard,Addition,50.5976510000,-1.2073800000
17000,1997-02-14 00:00:00Z,PO38 1SX,Flats/Maisonettes,Established,Leasehold,33B,,PIER STREET,VENTNOR,VENTNOR,ISLE OF WIGHT,ISLE OF WIGHT,Standard,Addition,50.5943500000,-1.2047370000
63000,1997-11-24 00:00:00Z,PO38 1DL,Semi-Detached,Established,Freehold,19,,MITCHELL AVENUE,VENTNOR,VENTNOR,ISLE OF WIGHT,ISLE OF WIGHT,Standard,Addition,50.5976510000,-1.2073800000
25326,1997-01-16 00:00:00Z,PO38 1NQ,Semi-Detached,Established,Freehold,7,,WEST STREET,VENTNOR,VENTNOR,ISLE OF WIGHT,ISLE OF WIGHT,Standard,Addition,50.5955840000,-1.2009870000
35500,1997-11-10 00:00:00Z,PO38 1TH,Flats/Maisonettes,New Build,Leasehold,KING CHARLES COURT,FLAT 5,GROVE ROAD,VENTNOR,VENTNOR,ISLE OF WIGHT,ISLE OF WIGHT,Standard,Addition,50.5960780000,-1.2048640000
59999,1997-12-19 00:00:00Z,PO38 1DT,Semi-Detached,Established,Freehold,4,,ALTOFTS GARDENS,VENTNOR,VENTNOR,ISLE OF WIGHT,ISLE OF WIGHT,Standard,Addition,50.5972290000,-1.2036290000
160000,1997-09-29 00:00:00Z,PO38 1TH,Detached,Established,Freehold,DOLPHIN LODGE,,GROVE ROAD,VENTNOR,VENTNOR,ISLE OF WIGHT,ISLE OF WIGHT,Standard,Addition,50.5960780000,-1.2048640000
46000,1997-12-05 00:00:00Z,PO38 1PF,Detached,Established,Freehold,33,,SPRING HILL,VENTNOR,VENTNOR,ISLE OF WIGHT,ISLE OF WIGHT,Standard,Addition,50.5967400000,-1.2030160000
110000,1997-12-22 00:00:00Z,PO38 1DU,Detached,Established,Freehold,"BONIFACE COURT, 84",FLAT 9,MITCHELL AVENUE,VENTNOR,VENTNOR,ISLE OF WIGHT,ISLE OF WIGHT,Standard,Addition,50.5977120000,-1.2021410000
29000,1998-02-06 00:00:00Z,PO38 1TH,Flats/Maisonettes,Established,Leasehold,KING CHARLES COURT,FLAT 2,GROVE ROAD,VENTNOR,VENTNOR,ISLE OF WIGHT,ISLE OF WIGHT,Standard,Addition,50.5960780000,-1.2048640000
40000,1998-06-05 00:00:00Z,PO38 1EZ,Terraced,Established,Freehold,26,,ALBERT STREET,VENTNOR,VENTNOR,ISLE OF WIGHT,ISLE OF WIGHT,Standard,Addition,50.5945480000,-1.2037910000
12500,1998-01-23 00:00:00Z,PO38 1SX,Flats/Maisonettes,Established,Leasehold,31A,,PIER STREET,VENTNOR,VENTNOR,ISLE OF WIGHT,ISLE OF WIGHT,Standard,Addition,50.5943500000,-1.2047370000
34000,1998-07-22 00:00:00Z,PO38 1SX,Flats/Maisonettes,Established,Leasehold,26A,,PIER STREET,VENTNOR,VENTNOR,ISLE OF WIGHT,ISLE OF WIGHT,Standard,Addition,50.5943500000,-1.2047370000
33000,1998-10-12 00:00:00Z,PO38 1SQ,Flats/Maisonettes,Established,Leasehold,ELIZABETH HOUSE,FLAT 2,HAMBROUGH ROAD,VENTNOR,VENTNOR,ISLE OF WIGHT,ISLE OF WIGHT,Standard,Addition,50.5939430000,-1.2057330000
55000,1998-02-23 00:00:00Z,PO38 1PL,Flats/Maisonettes,Established,Leasehold,MERTOUN,FLAT 1,ST BONIFACE ROAD,VENTNOR,VENTNOR,ISLE OF WIGHT,ISLE OF WIGHT,Standard,Addition,50.5973590000,-1.2002920000
81000,1998-04-06 00:00:00Z,PO38 1EG,Terraced,Established,Freehold,6,,DEVONSHIRE TERRACE,VENTNOR,VENTNOR,ISLE OF WIGHT,ISLE OF WIGHT,Standard,Addition,50.5940940000,-1.2018210000
41000,1998-05-29 00:00:00Z,PO38 1EU,Flats/Maisonettes,New Build,Leasehold,104,,ALBERT STREET,VENTNOR,VENTNOR,ISLE OF WIGHT,ISLE OF WIGHT,Standard,Addition,50.5949430000,-1.2023150000
57000,1998-11-13 00:00:00Z,PO38 1TQ,Semi-Detached,Established,Freehold,MYRTLE VILLA,,TULSE HILL,VENTNOR,VENTNOR,ISLE OF WIGHT,ISLE OF WIGHT,Standard,Addition,50.5958200000,-1.2056490000
44250,1998-04-23 00:00:00Z,PO38 1TS,Flats/Maisonettes,Established,Leasehold,1,,CLARENDON VILLAS,VENTNOR,VENTNOR,ISLE OF WIGHT,ISLE OF WIGHT,Standard,Addition,50.5964690000,-1.2082340000
33000,1998-04-14 00:00:00Z,PO38 1TH,Flats/Maisonettes,Established,Leasehold,ST DAVIDS LODGE,FLAT 4,GROVE ROAD,VENTNOR,VENTNOR,ISLE OF WIGHT,ISLE OF WIGHT,Standard,Addition,50.5960780000,-1.2048640000
34500,1998-06-15 00:00:00Z,PO38 1EU,Flats/Maisonettes,New Build,Leasehold,100,FLAT 2,ALBERT STREET,VENTNOR,VENTNOR,ISLE OF WIGHT,ISLE OF WIGHT,Standard,Addition,50.5949430000,-1.2023150000
185000,1998-09-23 00:00:00Z,PO38 1TS,Detached,Established,Freehold,THE GROVE,,GROVE ROAD,VENTNOR,VENTNOR,ISLE OF WIGHT,ISLE OF WIGHT,Standard,Addition,50.5964690000,-1.2082340000
30000,1998-11-06 00:00:00Z,PO38 1PD,Flats/Maisonettes,Established,Leasehold,10,,SPRING HILL COURT,VENTNOR,VENTNOR,ISLE OF WIGHT,ISLE OF WIGHT,Standard,Addition,50.5969080000,-1.2013740000
42000,1998-10-02 00:00:00Z,PO38 1DL,Semi-Detached,Established,Freehold,21,,MITCHELL AVENUE,VENTNOR,VENTNOR,ISLE OF WIGHT,ISLE OF WIGHT,Standard,Addition,50.5976510000,-1.2073800000
65000,1998-01-07 00:00:00Z,PO38 1TD,Semi-Detached,Established,Freehold,SPRING VALE,,THE GROVE,VENTNOR,VENTNOR,ISLE OF WIGHT,ISLE OF WIGHT,Standard,Addition,50.5954330000,-1.2078410000
50000,1998-09-02 00:00:00Z,PO38 1EG,Flats/Maisonettes,Established,Leasehold,9,FLAT 1,DEVONSHIRE TERRACE,VENTNOR,VENTNOR,ISLE OF WIGHT,ISLE OF WIGHT,Standard,Addition,50.5940940000,-1.2018210000
32000,1998-10-16 00:00:00Z,PO38 1DS,Flats/Maisonettes,Established,Leasehold,46,FLAT 2,MITCHELL AVENUE,VENTNOR,VENTNOR,ISLE OF WIGHT,ISLE OF WIGHT,Standard,Addition,50.5976770000,-1.2033110000
59950,1998-01-07 00:00:00Z,PO38 1TQ,Terraced,Established,Freehold,VALERIAN,,TULSE HILL,VENTNOR,VENTNOR,ISLE OF WIGHT,ISLE OF WIGHT,Standard,Addition,50.5958200000,-1.2056490000
75000,1998-08-12 00:00:00Z,PO38 1PJ,Terraced,Established,Freehold,8,CHESSINGHAM,ST BONIFACE TERRACE,VENTNOR,VENTNOR,ISLE OF WIGHT,ISLE OF WIGHT,Standard,Addition,50.5977280000,-1.2002300000
48500,1998-02-18 00:00:00Z,PO38 1EF,Terraced,Established,Freehold,7,,DUDLEY ROAD,,VENTNOR,ISLE OF WIGHT,ISLE OF WIGHT,Standard,Addition,50.5944060000,-1.2036630000
49000,1998-04-23 00:00:00Z,PO38 1EU,Flats/Maisonettes,Established,Leasehold,94,,ALBERT STREET,VENTNOR,VENTNOR,ISLE OF WIGHT,ISLE OF WIGHT,Standard,Addition,50.5949430000,-1.2023150000
57000,1998-03-06 00:00:00Z,PO38 1EU,Detached,Established,Leasehold,96,,ALBERT STREET,VENTNOR,VENTNOR,ISLE OF WIGHT,ISLE OF WIGHT,Standard,Addition,50.5949430000,-1.2023150000
21000,1998-11-30 00:00:00Z,PO38 1DS,Flats/Maisonettes,Established,Leasehold,46C,,MITCHELL AVENUE,VENTNOR,VENTNOR,ISLE OF WIGHT,ISLE OF WIGHT,Standard,Addition,50.5976770000,-1.2033110000
30000,1998-11-27 00:00:00Z,PO38 1HA,Terraced,Established,Freehold,ST REST,,POUND LANE,VENTNOR,VENTNOR,ISLE OF WIGHT,ISLE OF WIGHT,Standard,Addition,50.5950160000,-1.2034540000
48000,1998-05-22 00:00:00Z,PO38 1TE,Flats/Maisonettes,Established,Freehold,ST CATHERINES COTTAGE,1,MARLBOROUGH ROAD,VENTNOR,VENTNOR,ISLE OF WIGHT,ISLE OF WIGHT,Standard,Addition,50.5952840000,-1.2071520000
110000,1998-03-05 00:00:00Z,PO38 1BT,Detached,Established,Freehold,5,,ALPINE ROAD,VENTNOR,VENTNOR,ISLE OF WIGHT,ISLE OF WIGHT,Standard,Addition,50.5946940000,-1.2089980000
66000,1998-10-29 00:00:00Z,PO38 1DW,Semi-Detached,Established,Freehold,12,,MITCHELL AVENUE,VENTNOR,VENTNOR,ISLE OF WIGHT,ISLE OF WIGHT,Standard,Addition,50.5973880000,-1.2071590000
38500,1998-08-14 00:00:00Z,PO38 1DR,Terraced,Established,Leasehold,55,,MITCHELL AVENUE,VENTNOR,VENTNOR,ISLE OF WIGHT,ISLE OF WIGHT,Standard,Addition,50.5978430000,-1.2052150000
21000,1998-09-04 00:00:00Z,PO38 1RZ,Flats/Maisonettes,Established,Leasehold,18A,,HIGH STREET,,VENTNOR,ISLE OF WIGHT,ISLE OF WIGHT,Standard,Addition,50.5952750000,-1.2048100000
65000,1998-03-09 00:00:00Z,PO38 1JU,Flats/Maisonettes,Established,Leasehold,SILVERMERE COURT,FLAT 5,ALMA ROAD,VENTNOR,VENTNOR,ISLE OF WIGHT,ISLE OF WIGHT,Standard,Addition,50.5936240000,-1.2091550000
36500,1998-02-25 00:00:00Z,PO38 1ER,Flats/Maisonettes,Established,Leasehold,"MADEIRA FLATS, 50",2,DUDLEY ROAD,VENTNOR,VENTNOR,ISLE OF WIGHT,ISLE OF WIGHT,Standard,Addition,50.5944410000,-1.2008500000
65000,1998-08-06 00:00:00Z,PO38 1TH,Terraced,Established,Freehold,CRAB COTTAGE,,GROVE ROAD,VENTNOR,VENTNOR,ISLE OF WIGHT,ISLE OF WIGHT,Standard,Addition,50.5960780000,-1.2048640000
45000,1998-06-08 00:00:00Z,PO38 1ET,Flats/Maisonettes,Established,Freehold,4,,VICTORIA STREET,VENTNOR,VENTNOR,ISLE OF WIGHT,ISLE OF WIGHT,Standard,Addition,50.5955530000,-1.2020360000
59950,1998-03-12 00:00:00Z,PO38 1JU,Flats/Maisonettes,New Build,Leasehold,MELBOURNE,FLAT 3,ALMA ROAD,VENTNOR,VENTNOR,ISLE OF WIGHT,ISLE OF WIGHT,Standard,Addition,50.5936240000,-1.2091550000
44500,1998-01-16 00:00:00Z,PO38 1EG,Flats/Maisonettes,Established,Leasehold,THE WIGHT HOUSE,FLAT 6,DUDLEY ROAD,VENTNOR,VENTNOR,ISLE OF WIGHT,ISLE OF WIGHT,Standard,Addition,50.5940940000,-1.2018210000
34000,1998-05-08 00:00:00Z,PO38 1DR,Terraced,Established,Leasehold,53,,MITCHELL AVENUE,VENTNOR,VENTNOR,ISLE OF WIGHT,ISLE OF WIGHT,Standard,Addition,50.5978430000,-1.2052150000
35000,1998-01-05 00:00:00Z,PO38 1TP,Terraced,Established,Freehold,INDIA COTTAGE,,GROVE ROAD,VENTNOR,VENTNOR,ISLE OF WIGHT,ISLE OF WIGHT,Standard,Addition,50.5960820000,-1.2055560000
29000,1998-10-08 00:00:00Z,PO38 1EZ,Flats/Maisonettes,Established,Leasehold,34A,,ALBERT STREET,VENTNOR,VENTNOR,ISLE OF WIGHT,ISLE OF WIGHT,Standard,Addition,50.5945480000,-1.2037910000
32500,1998-07-07 00:00:00Z,PO38 1EU,Flats/Maisonettes,New Build,Leasehold,100,FLAT 1,ALBERT STREET,VENTNOR,VENTNOR,ISLE OF WIGHT,ISLE OF WIGHT,Standard,Addition,50.5949430000,-1.2023150000
57500,1998-07-15 00:00:00Z,PO38 1DL,Semi-Detached,Established,Freehold,29,,MITCHELL AVENUE,VENTNOR,VENTNOR,ISLE OF WIGHT,ISLE OF WIGHT,Standard,Addition,50.5976510000,-1.2073800000
44650,1998-06-01 00:00:00Z,PO38 1EU,Flats/Maisonettes,New Build,Leasehold,100,FLAT 3,ALBERT STREET,VENTNOR,VENTNOR,ISLE OF WIGHT,ISLE OF WIGHT,Standard,Addition,50.5949430000,-1.2023150000
14500,1998-01-02 00:00:00Z,PO38 1EE,Flats/Maisonettes,Established,Leasehold,1,FLAT 2,ALEXANDRA GARDENS,VENTNOR,VENTNOR,ISLE OF WIGHT,ISLE OF WIGHT,Standard,Addition,50.5941570000,-1.2041330000
143000,1998-11-19 00:00:00Z,PO38 1LZ,Semi-Detached,Established,Leasehold,ST. BONIFACE ARMS,,HIGH STREET,,VENTNOR,ISLE OF WIGHT,ISLE OF WIGHT,Standard,Addition,50.5964670000,-1.2003110000
35000,1998-01-23 00:00:00Z,PO38 1RY,Flats/Maisonettes,Established,Leasehold,5,FIRST FLOOR FLAT,HIGH STREET,,VENTNOR,ISLE OF WIGHT,ISLE OF WIGHT,Standard,Addition,50.5950200000,-1.2057190000
20000,1998-01-23 00:00:00Z,PO38 1ST,Flats/Maisonettes,Established,Leasehold,17,,PIER STREET,,VENTNOR,ISLE OF WIGHT,ISLE OF WIGHT,Standard,Addition,50.5948020000,-1.2053830000
36000,1998-06-30 00:00:00Z,PO38 1DR,Terraced,Established,Leasehold,65,,MITCHELL AVENUE,VENTNOR,VENTNOR,ISLE OF WIGHT,ISLE OF WIGHT,Standard,Addition,50.5978430000,-1.2052150000
40000,1998-10-02 00:00:00Z,PO38 1RZ,Terraced,Established,Freehold,24,,HIGH STREET,,VENTNOR,ISLE OF WIGHT,ISLE OF WIGHT,Standard,Addition,50.5952750000,-1.2048100000
30500,1998-07-27 00:00:00Z,PO38 1PF,Flats/Maisonettes,Established,Leasehold,"WOLLESCOTE HOUSE, 37",FLAT 1,SPRING HILL,VENTNOR,VENTNOR,ISLE OF WIGHT,ISLE OF WIGHT,Standard,Addition,50.5967400000,-1.2030160000
28800,1998-04-15 00:00:00Z,PO38 1RY,Flats/Maisonettes,Established,Leasehold,10,FLAT,HIGH STREET,VENTNOR,VENTNOR,ISLE OF WIGHT,ISLE OF WIGHT,Standard,Addition,50.5950200000,-1.2057190000
40000,1998-11-16 00:00:00Z,PO38 1EZ,Detached,Established,Freehold,34,,ALBERT STREET,VENTNOR,VENTNOR,ISLE OF WIGHT,ISLE OF WIGHT,Standard,Addition,50.5945480000,-1.2037910000
15000,1998-01-13 00:00:00Z,PO38 1RZ,Flats/Maisonettes,Established,Leasehold,20,UPPER MAISONETTE,HIGH STREET,VENTNOR,VENTNOR,ISLE OF WIGHT,ISLE OF WIGHT,Standard,Addition,50.5952750000,-1.2048100000
65500,1998-09-18 00:00:00Z,PO38 1TF,Detached,Established,Freehold,MYRA VILLA,,MARLBOROUGH ROAD,VENTNOR,VENTNOR,ISLE OF WIGHT,ISLE OF WIGHT,Standard,Addition,50.5953220000,-1.2064630000
45000,1998-02-13 00:00:00Z,PO38 1SQ,Flats/Maisonettes,Established,Leasehold,PALMERSTON HOUSE,FLAT 2,HAMBROUGH ROAD,VENTNOR,VENTNOR,ISLE OF WIGHT,ISLE OF WIGHT,Standard,Addition,50.5939430000,-1.2057330000
87000,1998-10-12 00:00:00Z,PO38 1PF,Semi-Detached,Established,Freehold,22,,SPRING HILL,VENTNOR,VENTNOR,ISLE OF WIGHT,ISLE OF WIGHT,Standard,Addition,50.5967400000,-1.2030160000
22000,1998-03-03 00:00:00Z,PO38 1TS,Semi-Detached,Established,Leasehold,THE HIDEAWAY,,GROVE ROAD,VENTNOR,VENTNOR,ISLE OF WIGHT,ISLE OF WIGHT,Standard,Addition,50.5964690000,-1.2082340000
20700,1998-03-30 00:00:00Z,PO38 1RZ,Terraced,Established,Leasehold,16A,,HIGH STREET,,VENTNOR,ISLE OF WIGHT,ISLE OF WIGHT,Standard,Addition,50.5952750000,-1.2048100000
27000,1998-07-02 00:00:00Z,PO38 1JW,Flats/Maisonettes,Established,Leasehold,ESPLANADE HOUSE,FLAT 4,ESPLANADE ROAD,VENTNOR,VENTNOR,ISLE OF WIGHT,ISLE OF WIGHT,Standard,Addition,50.5935260000,-1.2068460000
58000,1998-12-18 00:00:00Z,PO38 1DR,Terraced,Established,Leasehold,51,,MITCHELL AVENUE,VENTNOR,VENTNOR,ISLE OF WIGHT,ISLE OF WIGHT,Standard,Addition,50.5978430000,-1.2052150000
27500,1998-12-23 00:00:00Z,PO38 1ST,Flats/Maisonettes,Established,Leasehold,13A,FLAT,PIER STREET,VENTNOR,VENTNOR,ISLE OF WIGHT,ISLE OF WIGHT,Standard,Addition,50.5948020000,-1.2053830000
48500,1998-06-30 00:00:00Z,PO38 1TH,Flats/Maisonettes,Established,Leasehold,KING CHARLES COURT,FLAT 4,GROVE ROAD,VENTNOR,VENTNOR,ISLE OF WIGHT,ISLE OF WIGHT,Standard,Addition,50.5960780000,-1.2048640000
18500,1998-02-06 00:00:00Z,PO38 1PL,Flats/Maisonettes,Established,Leasehold,OLDFIELD,FLAT 4,ST BONIFACE ROAD,VENTNOR,VENTNOR,ISLE OF WIGHT,ISLE OF WIGHT,Standard,Addition,50.5973590000,-1.2002920000
29950,1998-03-13 00:00:00Z,PO38 1ST,Flats/Maisonettes,Established,Leasehold,11A,,PIER STREET,VENTNOR,VENTNOR,ISLE OF WIGHT,ISLE OF WIGHT,Standard,Addition,50.5948020000,-1.2053830000
47000,1998-02-05 00:00:00Z,PO38 1SW,Terraced,Established,Freehold,1,GROUND FLOOR SHOP,CHURCH STREET,VENTNOR,VENTNOR,ISLE OF WIGHT,ISLE OF WIGHT,Standard,Addition,50.5947190000,-1.2060870000
38500,1998-05-15 00:00:00Z,PO38 1NQ,Terraced,Established,Freehold,6,,WEST STREET,VENTNOR,VENTNOR,ISLE OF WIGHT,ISLE OF WIGHT,Standard,Addition,50.5955840000,-1.2009870000
23000,1998-09-18 00:00:00Z,PO38 1PL,Flats/Maisonettes,Established,Leasehold,OLDFIELD,FLAT 2,ST BONIFACE ROAD,VENTNOR,VENTNOR,ISLE OF WIGHT,ISLE OF WIGHT,Standard,Addition,50.5973590000,-1.2002920000
44000,1999-05-24 00:00:00Z,PO38 1NQ,Terraced,Established,Leasehold,25,,WEST STREET,,VENTNOR,ISLE OF WIGHT,ISLE OF WIGHT,Standard,Addition,50.5955840000,-1.2009870000
33000,1999-08-05 00:00:00Z,PO38 1SQ,Flats/Maisonettes,Established,Leasehold,MARINE COURT,FLAT 2,HAMBROUGH ROAD,,VENTNOR,ISLE OF WIGHT,ISLE OF WIGHT,Standard,Addition,50.5939430000,-1.2057330000
56000,1999-07-23 00:00:00Z,PO38 1TH,Terraced,Established,Freehold,ALBERTA,,GROVE ROAD,,VENTNOR,ISLE OF WIGHT,ISLE OF WIGHT,Standard,Addition,50.5960780000,-1.2048640000
51500,1999-09-10 00:00:00Z,PO38 1EG,Flats/Maisonettes,Established,Leasehold,THE WIGHT HOUSE,FLAT 5,DUDLEY ROAD,,VENTNOR,ISLE OF WIGHT,ISLE OF WIGHT,Standard,Addition,50.5940940000,-1.2018210000
38000,1999-07-12 00:00:00Z,PO38 1SW,Flats/Maisonettes,Established,Leasehold,9A,,CHURCH STREET,,VENTNOR,ISLE OF WIGHT,ISLE OF WIGHT,Standard,Addition,50.5947190000,-1.2060870000
45000,1999-08-12 00:00:00Z,PO38 1ET,Terraced,Established,Freehold,MONTEBELLO,FLAT 3,VICTORIA STREET,,VENTNOR,ISLE OF WIGHT,ISLE OF WIGHT,Standard,Addition,50.5955530000,-1.2020360000
74000,1999-01-28 00:00:00Z,PO38 1EH,Terraced,Established,Freehold,19,,DUDLEY ROAD,,VENTNOR,ISLE OF WIGHT,ISLE OF WIGHT,Standard,Addition,50.5942740000,-1.2031850000
32000,1999-10-15 00:00:00Z,PO38 1SQ,Flats/Maisonettes,Established,Leasehold,PALMERSTON HOUSE,FLAT 4,HAMBROUGH ROAD,,VENTNOR,ISLE OF WIGHT,ISLE OF WIGHT,Standard,Addition,50.5939430000,-1.2057330000
36000,1999-03-30 00:00:00Z,PO38 1DR,Terraced,Established,Freehold,63,,MITCHELL AVENUE,,VENTNOR,ISLE OF WIGHT,ISLE OF WIGHT,Standard,Addition,50.5978430000,-1.2052150000
90000,1999-12-17 00:00:00Z,PO38 1ET,Detached,Established,Freehold,BRUNSWICK GUEST HOUSE,,VICTORIA STREET,,VENTNOR,ISLE OF WIGHT,ISLE OF WIGHT,Standard,Addition,50.5955530000,-1.2020360000
40000,1999-09-20 00:00:00Z,PO38 1EU,Terraced,Established,Freehold,27,,ALBERT STREET,,VENTNOR,ISLE OF WIGHT,ISLE OF WIGHT,Standard,Addition,50.5949430000,-1.2023150000
53000,1999-11-09 00:00:00Z,PO38 1EZ,Detached,Established,Freehold,34,,ALBERT STREET,,VENTNOR,ISLE OF WIGHT,ISLE OF WIGHT,Standard,Addition,50.5945480000,-1.2037910000
32000,1999-06-25 00:00:00Z,PO38 1ES,Terraced,Established,Freehold,28,,VICTORIA STREET,,VENTNOR,ISLE OF WIGHT,ISLE OF WIGHT,Standard,Addition,50.5947050000,-1.2013830000
30000,1999-08-06 00:00:00Z,PO38 1ES,Flats/Maisonettes,Established,Leasehold,36,FLAT 1,VICTORIA STREET,,VENTNOR,ISLE OF WIGHT,ISLE OF WIGHT,Standard,Addition,50.5947050000,-1.2013830000
20000,1999-02-19 00:00:00Z,PO38 1TN,Flats/Maisonettes,Established,Leasehold,7,,SOUTHGROVE TERRACE,,VENTNOR,ISLE OF WIGHT,ISLE OF WIGHT,Standard,Addition,50.5965590000,-1.2057920000
145000,1999-09-02 00:00:00Z,PO38 1DT,Detached,Established,Freehold,11,,ALTOFTS GARDENS,,VENTNOR,ISLE OF WIGHT,ISLE OF WIGHT,Standard,Addition,50.5972290000,-1.2036290000
54500,1999-11-11 00:00:00Z,PO38 1TP,Terraced,Established,Freehold,INDIA COTTAGE,,GROVE ROAD,,VENTNOR,ISLE OF WIGHT,ISLE OF WIGHT,Standard,Addition,50.5960820000,-1.2055560000
38000,1999-01-28 00:00:00Z,PO38 1EX,Terraced,Established,Leasehold,66,,ALBERT STREET,,VENTNOR,ISLE OF WIGHT,ISLE OF WIGHT,Standard,Addition,50.5944370000,-1.2029560000
40000,1999-10-29 00:00:00Z,PO38 1TG,Semi-Detached,Established,Freehold,TULSE HILL COTTAGES,1,TULSE HILL,,VENTNOR,ISLE OF WIGHT,ISLE OF WIGHT,Standard,Addition,50.5955270000,-1.2059180000
31000,1999-11-11 00:00:00Z,PO38 1DS,Flats/Maisonettes,Established,Leasehold,78A,,MITCHELL AVENUE,,VENTNOR,ISLE OF WIGHT,ISLE OF WIGHT,Standard,Addition,50.5976770000,-1.2033110000
31000,1999-03-08 00:00:00Z,PO38 1SQ,Flats/Maisonettes,Established,Leasehold,PALMERSTON HOUSE,FLAT 5,HAMBROUGH ROAD,,VENTNOR,ISLE OF WIGHT,ISLE OF WIGHT,Standard,Addition,50.5939430000,-1.2057330000
56000,1999-09-17 00:00:00Z,PO38 1HA,Terraced,Established,Freehold,ST REST,,POUND LANE,,VENTNOR,ISLE OF WIGHT,ISLE OF WIGHT,Standard,Addition,50.5950160000,-1.2034540000
32000,1999-03-26 00:00:00Z,PO38 1SQ,Flats/Maisonettes,Established,Leasehold,MARINE COURT,FLAT 5,HAMBROUGH ROAD,,VENTNOR,ISLE OF WIGHT,ISLE OF WIGHT,Standard,Addition,50.5939430000,-1.2057330000
56000,1999-09-17 00:00:00Z,PO38 1JU,Flats/Maisonettes,Established,Leasehold,SILVERMERE COURT,FLAT 5,ALMA ROAD,,VENTNOR,ISLE OF WIGHT,ISLE OF WIGHT,Standard,Addition,50.5936240000,-1.2091550000
20000,1999-10-06 00:00:00Z,PO38 1PL,Flats/Maisonettes,Established,Leasehold,OLDFIELD,FLAT 3,ST BONIFACE ROAD,,VENTNOR,ISLE OF WIGHT,ISLE OF WIGHT,Standard,Addition,50.5973590000,-1.2002920000
109000,1999-09-15 00:00:00Z,PO38 1JD,Detached,Established,Freehold,BROADVIEW,,BELGRAVE ROAD,,VENTNOR,ISLE OF WIGHT,ISLE OF WIGHT,Standard,Addition,50.5943370000,-1.2081280000
32000,1999-03-16 00:00:00Z,PO38 1EX,Terraced,Established,Leasehold,76,,ALBERT STREET,,VENTNOR,ISLE OF WIGHT,ISLE OF WIGHT,Standard,Addition,50.5944370000,-1.2029560000
55000,1999-05-06 00:00:00Z,PO38 1SQ,Semi-Detached,Established,Leasehold,MARINE COURT,FLAT 4,HAMBROUGH ROAD,,VENTNOR,ISLE OF WIGHT,ISLE OF WIGHT,Standard,Addition,50.5939430000,-1.2057330000
43000,1999-12-16 00:00:00Z,PO38 1HD,Terraced,Established,Freehold,ALBERT COTTAGES,2,POUND LANE,,VENTNOR,ISLE OF WIGHT,ISLE OF WIGHT,Standard,Addition,50.5952520000,-1.2028330000
52400,1999-07-16 00:00:00Z,PO38 1JN,Terraced,Established,Freehold,5,,MARINE PARADE,,VENTNOR,ISLE OF WIGHT,ISLE OF WIGHT,Standard,Addition,50.5938760000,-1.2080130000
59750,1999-07-16 00:00:00Z,PO38 1EG,Flats/Maisonettes,New Build,Leasehold,7 - 8,FLAT 4,DEVONSHIRE TERRACE,,VENTNOR,ISLE OF WIGHT,ISLE OF WIGHT,Standard,Addition,50.5940940000,-1.2018210000
125000,1999-07-15 00:00:00Z,PO38 1PJ,Detached,Established,Freehold,DOWNSIDE HOUSE,,ST BONIFACE ROAD,,VENTNOR,ISLE OF WIGHT,ISLE OF WIGHT,Standard,Addition,50.5977280000,-1.2002300000
125000,1999-06-14 00:00:00Z,PO38 1RZ,Terraced,Established,Freehold,25,,HIGH STREET,,VENTNOR,ISLE OF WIGHT,ISLE OF WIGHT,Standard,Addition,50.5952750000,-1.2048100000
46750,1999-11-25 00:00:00Z,PO38 1PD,Terraced,Established,Leasehold,4,,SPRING HILL COURT,,VENTNOR,ISLE OF WIGHT,ISLE OF WIGHT,Standard,Addition,50.5969080000,-1.2013740000
46000,1999-09-16 00:00:00Z,PO38 1EU,Semi-Detached,Established,Freehold,80,,ALBERT STREET,,VENTNOR,ISLE OF WIGHT,ISLE OF WIGHT,Standard,Addition,50.5949430000,-1.2023150000
12000,1999-12-23 00:00:00Z,PO38 1TH,Flats/Maisonettes,Established,Leasehold,ST HELENS COURT,FLAT 4,GROVE ROAD,,VENTNOR,ISLE OF WIGHT,ISLE OF WIGHT,Standard,Addition,50.5960780000,-1.2048640000
53000,1999-07-23 00:00:00Z,PO38 1TF,Terraced,Established,Freehold,SANDMERE,,MARLBOROUGH ROAD,,VENTNOR,ISLE OF WIGHT,ISLE OF WIGHT,Standard,Addition,50.5953220000,-1.2064630000
55000,1999-07-07 00:00:00Z,PO38 1SQ,Terraced,Established,Freehold,SYDENHAM HOUSE,,HAMBROUGH ROAD,,VENTNOR,ISLE OF WIGHT,ISLE OF WIGHT,Standard,Addition,50.5939430000,-1.2057330000
57000,1999-09-08 00:00:00Z,PO38 1TF,Detached,Established,Freehold,NOAHS COTTAGE,,MARLBOROUGH ROAD,,VENTNOR,ISLE OF WIGHT,ISLE OF WIGHT,Standard,Addition,50.5953220000,-1.2064630000
20000,1999-05-28 00:00:00Z,PO38 1ST,Flats/Maisonettes,Established,Leasehold,7B,,PIER STREET,,VENTNOR,ISLE OF WIGHT,ISLE OF WIGHT,Standard,Addition,50.5948020000,-1.2053830000
54000,1999-08-17 00:00:00Z,PO38 1TS,Flats/Maisonettes,Established,Leasehold,4,,CLARENDON VILLAS,,VENTNOR,ISLE OF WIGHT,ISLE OF WIGHT,Standard,Addition,50.5964690000,-1.2082340000
77500,1999-03-31 00:00:00Z,PO38 1TF,Semi-Detached,Established,Freehold,RAMILLIES,,,CHURCH WALK,VENTNOR,ISLE OF WIGHT,ISLE OF WIGHT,Standard,Addition,50.5953220000,-1.2064630000
64000,1999-08-23 00:00:00Z,PO38 1EH,Terraced,Established,Freehold,33,,DUDLEY ROAD,,VENTNOR,ISLE OF WIGHT,ISLE OF WIGHT,Standard,Addition,50.5942740000,-1.2031850000
53000,1999-11-22 00:00:00Z,PO38 1SX,Terraced,Established,Leasehold,"THE WHITE HOUSE, 34",,PIER STREET,,VENTNOR,ISLE OF WIGHT,ISLE OF WIGHT,Standard,Addition,50.5943500000,-1.2047370000
59000,1999-03-01 00:00:00Z,PO38 1SW,Terraced,Established,Freehold,"NEW CHINA HOUSE, 7",,CHURCH STREET,,VENTNOR,ISLE OF WIGHT,ISLE OF WIGHT,Standard,Addition,50.5947190000,-1.2060870000
55000,1999-10-28 00:00:00Z,PO38 1JU,Flats/Maisonettes,Established,Leasehold,MELBOURNE,FLAT 3,ALMA ROAD,,VENTNOR,ISLE OF WIGHT,ISLE OF WIGHT,Standard,Addition,50.5936240000,-1.2091550000
57000,1999-05-28 00:00:00Z,PO38 1LZ,Semi-Detached,Established,Freehold,153,,HIGH STREET,,VENTNOR,ISLE OF WIGHT,ISLE OF WIGHT,Standard,Addition,50.5964670000,-1.2003110000
26500,1999-06-04 00:00:00Z,PO38 1RZ,Flats/Maisonettes,Established,Leasehold,18A,,HIGH STREET,,VENTNOR,ISLE OF WIGHT,ISLE OF WIGHT,Standard,Addition,50.5952750000,-1.2048100000
89500,1999-12-07 00:00:00Z,PO38 1BT,Detached,Established,Freehold,18,,ALPINE ROAD,,VENTNOR,ISLE OF WIGHT,ISLE OF WIGHT,Standard,Addition,50.5946940000,-1.2089980000
60000,1999-08-27 00:00:00Z,PO38 1TF,Semi-Detached,Established,Freehold,GROVE HURST,1,MARLBOROUGH ROAD,,VENTNOR,ISLE OF WIGHT,ISLE OF WIGHT,Standard,Addition,50.5953220000,-1.2064630000
40000,2000-03-06 00:00:00Z,PO38 1ST,Flats/Maisonettes,Established,Leasehold,13A,FLAT,PIER STREET,,VENTNOR,ISLE OF WIGHT,ISLE OF WIGHT,Standard,Addition,50.5948020000,-1.2053830000
88500,2000-04-07 00:00:00Z,PO38 1EU,Terraced,Established,Freehold,47,FLAT 3,ALBERT STREET,,VENTNOR,ISLE OF WIGHT,ISLE OF WIGHT,Standard,Addition,50.5949430000,-1.2023150000
57000,2000-07-28 00:00:00Z,PO38 1EU,Terraced,Established,Freehold,25,,ALBERT STREET,,VENTNOR,ISLE OF WIGHT,ISLE OF WIGHT,Standard,Addition,50.5949430000,-1.2023150000
45000,2000-08-18 00:00:00Z,PO38 1ET,Flats/Maisonettes,Established,Leasehold,MONTEBELLO,FLAT 1,VICTORIA STREET,,VENTNOR,ISLE OF WIGHT,ISLE OF WIGHT,Standard,Addition,50.5955530000,-1.2020360000
67500,2000-11-27 00:00:00Z,PO38 1TH,Flats/Maisonettes,Established,Leasehold,KING CHARLES COURT,FLAT 12,GROVE ROAD,,VENTNOR,ISLE OF WIGHT,ISLE OF WIGHT,Standard,Addition,50.5960780000,-1.2048640000
55000,2000-05-10 00:00:00Z,PO38 1JU,Flats/Maisonettes,Established,Leasehold,SILVERMERE COURT,FLAT 2,ALMA ROAD,,VENTNOR,ISLE OF WIGHT,ISLE OF WIGHT,Standard,Addition,50.5936240000,-1.2091550000
35000,2000-02-01 00:00:00Z,PO38 1RZ,Flats/Maisonettes,New Build,Leasehold,16A,,HIGH STREET,,VENTNOR,ISLE OF WIGHT,ISLE OF WIGHT,Standard,Addition,50.5952750000,-1.2048100000
34000,2000-05-23 00:00:00Z,PO38 1SW,Flats/Maisonettes,Established,Leasehold,17A,,CHURCH STREET,,VENTNOR,ISLE OF WIGHT,ISLE OF WIGHT,Standard,Addition,50.5947190000,-1.2060870000
50000,2000-01-12 00:00:00Z,PO38 1ST,Terraced,Established,Freehold,24A,,PIER STREET,,VENTNOR,ISLE OF WIGHT,ISLE OF WIGHT,Standard,Addition,50.5948020000,-1.2053830000
20000,2000-11-09 00:00:00Z,PO38 1EE,Flats/Maisonettes,Established,Leasehold,7,TOP FLAT,ALEXANDRA GARDENS,,VENTNOR,ISLE OF WIGHT,ISLE OF WIGHT,Standard,Addition,50.5941570000,-1.2041330000
93000,2000-06-02 00:00:00Z,PO38 1TQ,Semi-Detached,Established,Freehold,BENTINCK,,TULSE HILL,,VENTNOR,ISLE OF WIGHT,ISLE OF WIGHT,Standard,Addition,50.5958200000,-1.2056490000
39950,2000-04-14 00:00:00Z,PO38 1ST,Flats/Maisonettes,Established,Leasehold,11A,,PIER STREET,,VENTNOR,ISLE OF WIGHT,ISLE OF WIGHT,Standard,Addition,50.5948020000,-1.2053830000
50000,2000-06-30 00:00:00Z,PO38 1PD,Flats/Maisonettes,Established,Leasehold,7,,SPRING HILL COURT,,VENTNOR,ISLE OF WIGHT,ISLE OF WIGHT,Standard,Addition,50.5969080000,-1.2013740000
41750,2000-03-10 00:00:00Z,PO38 1EU,Flats/Maisonettes,Established,Leasehold,49A,,ALBERT STREET,,VENTNOR,ISLE OF WIGHT,ISLE OF WIGHT,Standard,Addition,50.5949430000,-1.2023150000
57000,2000-01-07 00:00:00Z,PO38 1EU,Terraced,Established,Freehold,31,,ALBERT STREET,,VENTNOR,ISLE OF WIGHT,ISLE OF WIGHT,Standard,Addition,50.5949430000,-1.2023150000
71000,2000-09-05 00:00:00Z,PO38 1DL,Semi-Detached,Established,Freehold,29,,MITCHELL AVENUE,,VENTNOR,ISLE OF WIGHT,ISLE OF WIGHT,Standard,Addition,50.5976510000,-1.2073800000
24000,2000-01-14 00:00:00Z,PO38 1EE,Flats/Maisonettes,Established,Leasehold,8,BASEMENT FLAT,ALEXANDRA GARDENS,,VENTNOR,ISLE OF WIGHT,ISLE OF WIGHT,Standard,Addition,50.5941570000,-1.2041330000
75000,2000-07-07 00:00:00Z,PO38 1TS,Flats/Maisonettes,Established,Leasehold,6,,CLARENDON VILLAS,,VENTNOR,ISLE OF WIGHT,ISLE OF WIGHT,Standard,Addition,50.5964690000,-1.2082340000
41000,2000-03-30 00:00:00Z,PO38 1SQ,Flats/Maisonettes,Established,Leasehold,ELIZABETH HOUSE,FLAT 2,HAMBROUGH ROAD,,VENTNOR,ISLE OF WIGHT,ISLE OF WIGHT,Standard,Addition,50.5939430000,-1.2057330000
28500,2000-02-24 00:00:00Z,PO38 1LT,Flats/Maisonettes,Established,Leasehold,50,FLAT 1,HIGH STREET,,VENTNOR,ISLE OF WIGHT,ISLE OF WIGHT,Standard,Addition,50.5954950000,-1.2038560000
45000,2000-06-26 00:00:00Z,PO38 1NQ,Semi-Detached,Established,Leasehold,19,,WEST STREET,,VENTNOR,ISLE OF WIGHT,ISLE OF WIGHT,Standard,Addition,50.5955840000,-1.2009870000
56000,2000-06-26 00:00:00Z,PO38 1DR,Terraced,Established,Leasehold,53,,MITCHELL AVENUE,,VENTNOR,ISLE OF WIGHT,ISLE OF WIGHT,Standard,Addition,50.5978430000,-1.2052150000
61500,2000-06-30 00:00:00Z,PO38 1EG,Flats/Maisonettes,Established,Leasehold,9,FLAT 2,DEVONSHIRE TERRACE,,VENTNOR,ISLE OF WIGHT,ISLE OF WIGHT,Standard,Addition,50.5940940000,-1.2018210000
45000,2000-12-01 00:00:00Z,PO38 1TG,Semi-Detached,Established,Freehold,TULSE HILL COTTAGES,2,TULSE HILL,,VENTNOR,ISLE OF WIGHT,ISLE OF WIGHT,Standard,Addition,50.5955270000,-1.2059180000
22500,2000-04-14 00:00:00Z,PO38 1EE,Flats/Maisonettes,Established,Leasehold,8,FLAT 3,ALEXANDRA GARDENS,,VENTNOR,ISLE OF WIGHT,ISLE OF WIGHT,Standard,Addition,50.5941570000,-1.2041330000
124000,2000-02-29 00:00:00Z,PO38 1PF,Detached,Established,Freehold,25,,SPRING HILL,,VENTNOR,ISLE OF WIGHT,ISLE OF WIGHT,Standard,Addition,50.5967400000,-1.2030160000
69500,2000-09-15 00:00:00Z,PO38 1ES,Terraced,Established,Freehold,32,,VICTORIA STREET,,VENTNOR,ISLE OF WIGHT,ISLE OF WIGHT,Standard,Addition,50.5947050000,-1.2013830000
55000,2000-09-15 00:00:00Z,PO38 1PD,Flats/Maisonettes,Established,Leasehold,10,,SPRING HILL COURT,,VENTNOR,ISLE OF WIGHT,ISLE OF WIGHT,Standard,Addition,50.5969080000,-1.2013740000
80500,2000-12-19 00:00:00Z,PO38 1RY,Terraced,Established,Freehold,1A,,HIGH STREET,,VENTNOR,ISLE OF WIGHT,ISLE OF WIGHT,Standard,Addition,50.5950200000,-1.2057190000
25000,2000-01-21 00:00:00Z,PO38 1TH,Flats/Maisonettes,Established,Leasehold,ST HELENS COURT,FLAT 1,GROVE ROAD,,VENTNOR,ISLE OF WIGHT,ISLE OF WIGHT,Standard,Addition,50.5960780000,-1.2048640000
52000,2000-08-30 00:00:00Z,PO38 1ST,Flats/Maisonettes,Established,Freehold,9 - 13,,PIER STREET,,VENTNOR,ISLE OF WIGHT,ISLE OF WIGHT,Standard,Addition,50.5948020000,-1.2053830000
26000,2000-04-28 00:00:00Z,PO38 1ES,Flats/Maisonettes,Established,Leasehold,36,FLAT 5,VICTORIA STREET,,VENTNOR,ISLE OF WIGHT,ISLE OF WIGHT,Standard,Addition,50.5947050000,-1.2013830000
59950,2000-07-05 00:00:00Z,PO38 1DP,Semi-Detached,Established,Leasehold,26,,MITCHELL AVENUE,,VENTNOR,ISLE OF WIGHT,ISLE OF WIGHT,Standard,Addition,50.5974360000,-1.2062390000
53500,2000-12-04 00:00:00Z,PO38 1EG,Flats/Maisonettes,Established,Leasehold,9,FLAT 3,DEVONSHIRE TERRACE,,VENTNOR,ISLE OF WIGHT,ISLE OF WIGHT,Standard,Addition,50.5940940000,-1.2018210000
25500,2000-05-03 00:00:00Z,PO38 1TH,Flats/Maisonettes,Established,Leasehold,ST HELENS COURT,FLAT 2,GROVE ROAD,,VENTNOR,ISLE OF WIGHT,ISLE OF WIGHT,Standard,Addition,50.5960780000,-1.2048640000
50000,2000-03-10 00:00:00Z,PO38 1TF,Terraced,Established,Freehold,ETCHINGS,,MARLBOROUGH ROAD,,VENTNOR,ISLE OF WIGHT,ISLE OF WIGHT,Standard,Addition,50.5953220000,-1.2064630000
50000,2000-02-14 00:00:00Z,PO38 1JT,Flats/Maisonettes,Established,Leasehold,GOLDEN SANDS CAFE,,ESPLANADE,,VENTNOR,ISLE OF WIGHT,ISLE OF WIGHT,Standard,Addition,50.5934370000,-1.2083590000
82500,2000-09-25 00:00:00Z,PO38 1TS,Flats/Maisonettes,Established,Leasehold,1,,CLARENDON VILLAS,,VENTNOR,ISLE OF WIGHT,ISLE OF WIGHT,Standard,Addition,50.5964690000,-1.2082340000
102000,2000-03-17 00:00:00Z,PO38 1PF,Semi-Detached,Established,Freehold,19,,SPRING HILL,,VENTNOR,ISLE OF WIGHT,ISLE OF WIGHT,Standard,Addition,50.5967400000,-1.2030160000
47000,2000-08-21 00:00:00Z,PO38 1ST,Flats/Maisonettes,Established,Leasehold,15A,,PIER STREET,,VENTNOR,ISLE OF WIGHT,ISLE OF WIGHT,Standard,Addition,50.5948020000,-1.2053830000
67500,2000-07-07 00:00:00Z,PO38 1NQ,Terraced,Established,Freehold,6,,WEST STREET,,VENTNOR,ISLE OF WIGHT,ISLE OF WIGHT,Standard,Addition,50.5955840000,-1.2009870000
33000,2000-04-19 00:00:00Z,PO38 1DS,Flats/Maisonettes,Established,Leasehold,80,FLAT 2,MITCHELL AVENUE,,VENTNOR,ISLE OF WIGHT,ISLE OF WIGHT,Standard,Addition,50.5976770000,-1.2033110000
63500,2000-05-19 00:00:00Z,PO38 1EU,Flats/Maisonettes,Established,Leasehold,100,FLAT 3,ALBERT STREET,,VENTNOR,ISLE OF WIGHT,ISLE OF WIGHT,Standard,Addition,50.5949430000,-1.2023150000
65000,2000-10-20 00:00:00Z,PO38 1SQ,Flats/Maisonettes,Established,Leasehold,ELIZABETH HOUSE,FLAT 1,HAMBROUGH ROAD,,VENTNOR,ISLE OF WIGHT,ISLE OF WIGHT,Standard,Addition,50.5939430000,-1.2057330000
39950,2000-06-08 00:00:00Z,PO38 1EZ,Flats/Maisonettes,Established,Leasehold,34A,,ALBERT STREET,,VENTNOR,ISLE OF WIGHT,ISLE OF WIGHT,Standard,Addition,50.5945480000,-1.2037910000
120000,2000-08-16 00:00:00Z,PO38 1TN,Terraced,Established,Freehold,5,,SOUTHGROVE TERRACE,,VENTNOR,ISLE OF WIGHT,ISLE OF WIGHT,Standard,Addition,50.5965590000,-1.2057920000
13500,2000-01-21 00:00:00Z,PO38 1TH,Flats/Maisonettes,Established,Leasehold,ST HELENS COURT,FLAT 3,GROVE ROAD,,VENTNOR,ISLE OF WIGHT,ISLE OF WIGHT,Standard,Addition,50.5960780000,-1.2048640000
95000,2000-12-13 00:00:00Z,PO38 1PF,Semi-Detached,Established,Freehold,21,,SPRING HILL,,VENTNOR,ISLE OF WIGHT,ISLE OF WIGHT,Standard,Addition,50.5967400000,-1.2030160000
49500,2000-07-28 00:00:00Z,PO38 1NQ,Terraced,Established,Leasehold,23,,WEST STREET,,VENTNOR,ISLE OF WIGHT,ISLE OF WIGHT,Standard,Addition,50.5955840000,-1.2009870000
77500,2000-06-12 00:00:00Z,PO38 1ES,Terraced,New Build,Freehold,22,,VICTORIA STREET,,VENTNOR,ISLE OF WIGHT,ISLE OF WIGHT,Standard,Addition,50.5947050000,-1.2013830000
123000,2000-03-03 00:00:00Z,PO38 1PL,Terraced,Established,Freehold,THE HAVEN,,ST BONIFACE ROAD,,VENTNOR,ISLE OF WIGHT,ISLE OF WIGHT,Standard,Addition,50.5973590000,-1.2002920000
53500,2000-04-05 00:00:00Z,PO38 1EZ,Semi-Detached,Established,Freehold,28,,ALBERT STREET,,VENTNOR,ISLE OF WIGHT,ISLE OF WIGHT,Standard,Addition,50.5945480000,-1.2037910000
34000,2000-02-07 00:00:00Z,PO38 1ET,Flats/Maisonettes,Established,Leasehold,MONTEBELLO,FLAT 2,VICTORIA STREET,,VENTNOR,ISLE OF WIGHT,ISLE OF WIGHT,Standard,Addition,50.5955530000,-1.2020360000
64000,2000-09-22 00:00:00Z,PO38 1DS,Semi-Detached,Established,Freehold,62,,MITCHELL AVENUE,,VENTNOR,ISLE OF WIGHT,ISLE OF WIGHT,Standard,Addition,50.5976770000,-1.2033110000
62000,2000-01-28 00:00:00Z,PO38 1DL,Semi-Detached,Established,Leasehold,17,,MITCHELL AVENUE,,VENTNOR,ISLE OF WIGHT,ISLE OF WIGHT,Standard,Addition,50.5976510000,-1.2073800000
119000,2000-04-14 00:00:00Z,PO38 1EH,Terraced,Established,Freehold,17,,DUDLEY ROAD,,VENTNOR,ISLE OF WIGHT,ISLE OF WIGHT,Standard,Addition,50.5942740000,-1.2031850000
45000,2000-07-03 00:00:00Z,PO38 1LT,Terraced,Established,Freehold,50A,,HIGH STREET,,VENTNOR,ISLE OF WIGHT,ISLE OF WIGHT,Standard,Addition,50.5954950000,-1.2038560000
22500,2000-04-14 00:00:00Z,PO38 1EE,Flats/Maisonettes,Established,Leasehold,8,FLAT 2,ALEXANDRA GARDENS,,VENTNOR,ISLE OF WIGHT,ISLE OF WIGHT,Standard,Addition,50.5941570000,-1.2041330000
42000,2000-01-28 00:00:00Z,PO38 1SX,Flats/Maisonettes,Established,Leasehold,26A,,PIER STREET,,VENTNOR,ISLE OF WIGHT,ISLE OF WIGHT,Standard,Addition,50.5943500000,-1.2047370000
95500,2000-12-22 00:00:00Z,PO38 1RZ,Terraced,Established,Freehold,15A,,HIGH STREET,,VENTNOR,ISLE OF WIGHT,ISLE OF WIGHT,Standard,Addition,50.5952750000,-1.2048100000
95000,2000-02-28 00:00:00Z,PO38 1DW,Semi-Detached,Established,Leasehold,16,,MITCHELL AVENUE,,VENTNOR,ISLE OF WIGHT,ISLE OF WIGHT,Standard,Addition,50.5973880000,-1.2071590000
68000,2000-12-11 00:00:00Z,PO38 1PF,Detached,Established,Freehold,33,,SPRING HILL,,VENTNOR,ISLE OF WIGHT,ISLE OF WIGHT,Standard,Addition,50.5967400000,-1.2030160000
77000,2000-06-30 00:00:00Z,PO38 1EU,Terraced,New Build,Freehold,108,,ALBERT STREET,,VENTNOR,ISLE OF WIGHT,ISLE OF WIGHT,Standard,Addition,50.5949430000,-1.2023150000
30000,2000-08-30 00:00:00Z,PO38 1SX,Terraced,Established,Leasehold,33,,PIER STREET,,VENTNOR,ISLE OF WIGHT,ISLE OF WIGHT,Standard,Addition,50.5943500000,-1.2047370000
72500,2000-10-20 00:00:00Z,PO38 1LZ,Semi-Detached,Established,Freehold,147A,,HIGH STREET,,VENTNOR,ISLE OF WIGHT,ISLE OF WIGHT,Standard,Addition,50.5964670000,-1.2003110000
25000,2000-03-24 00:00:00Z,PO38 1RZ,Flats/Maisonettes,Established,Leasehold,23C,,HIGH STREET,,VENTNOR,ISLE OF WIGHT,ISLE OF WIGHT,Standard,Addition,50.5952750000,-1.2048100000
42000,2000-11-28 00:00:00Z,PO38 1PD,Flats/Maisonettes,Established,Leasehold,6,,SPRING HILL COURT,,VENTNOR,ISLE OF WIGHT,ISLE OF WIGHT,Standard,Addition,50.5969080000,-1.2013740000
64000,2000-04-12 00:00:00Z,PO38 1TH,Flats/Maisonettes,Established,Leasehold,LITTLE CHELSEA,,GROVE ROAD,,VENTNOR,ISLE OF WIGHT,ISLE OF WIGHT,Standard,Addition,50.5960780000,-1.2048640000
138000,2000-10-06 00:00:00Z,PO38 1ES,Detached,Established,Freehold,VICTORIA MOUNT,,VICTORIA STREET,,VENTNOR,ISLE OF WIGHT,ISLE OF WIGHT,Standard,Addition,50.5947050000,-1.2013830000
39000,2000-03-16 00:00:00Z,PO38 1SQ,Flats/Maisonettes,Established,Leasehold,MARINE COURT,FLAT 11,HAMBROUGH ROAD,,VENTNOR,ISLE OF WIGHT,ISLE OF WIGHT,Standard,Addition,50.5939430000,-1.2057330000
160000,2000-03-21 00:00:00Z,PO38 1DP,Semi-Detached,Established,Freehold,36,,MITCHELL AVENUE,,VENTNOR,ISLE OF WIGHT,ISLE OF WIGHT,Standard,Addition,50.5974360000,-1.2062390000
45000,2000-03-31 00:00:00Z,PO38 1ST,Flats/Maisonettes,Established,Leasehold,11B,,PIER STREET,,VENTNOR,ISLE OF WIGHT,ISLE OF WIGHT,Standard,Addition,50.5948020000,-1.2053830000
40000,2000-10-31 00:00:00Z,PO38 1ES,Flats/Maisonettes,Established,Leasehold,36,FLAT 3,VICTORIA STREET,,VENTNOR,ISLE OF WIGHT,ISLE OF WIGHT,Standard,Addition,50.5947050000,-1.2013830000
125000,2000-04-20 00:00:00Z,PO38 1EB,Detached,Established,Freehold,1,,MACROCARPA ROAD,,VENTNOR,ISLE OF WIGHT,ISLE OF WIGHT,Standard,Addition,50.5971930000,-1.2049440000
45000,2000-02-18 00:00:00Z,PO38 1RZ,Terraced,Established,Leasehold,16A,,HIGH STREET,,VENTNOR,ISLE OF WIGHT,ISLE OF WIGHT,Standard,Addition,50.5952750000,-1.2048100000
77500,2000-07-06 00:00:00Z,PO38 1EU,Terraced,New Build,Leasehold,106,,ALBERT STREET,,VENTNOR,ISLE OF WIGHT,ISLE OF WIGHT,Standard,Addition,50.5949430000,-1.2023150000
41000,2000-09-22 00:00:00Z,PO38 1TH,Flats/Maisonettes,Established,Leasehold,KING CHARLES COURT,FLAT 3,GROVE ROAD,,VENTNOR,ISLE OF WIGHT,ISLE OF WIGHT,Standard,Addition,50.5960780000,-1.2048640000
34500,2000-06-28 00:00:00Z,PO38 1LU,Flats/Maisonettes,Established,Leasehold,68A,,HIGH STREET,,VENTNOR,ISLE OF WIGHT,ISLE OF WIGHT,Standard,Addition,50.5956590000,-1.2028640000
39000,2001-03-23 00:00:00Z,PO38 1ES,Flats/Maisonettes,Established,Leasehold,36,FLAT 4,VICTORIA STREET,VENTNOR,VENTNOR,ISLE OF WIGHT,ISLE OF WIGHT,Standard,Addition,50.5947050000,-1.2013830000
82000,2001-10-11 00:00:00Z,PO38 1EG,Flats/Maisonettes,Established,Leasehold,7 - 8,FLAT 4,DEVONSHIRE TERRACE,VENTNOR,VENTNOR,ISLE OF WIGHT,ISLE OF WIGHT,Standard,Addition,50.5940940000,-1.2018210000
62500,2001-12-10 00:00:00Z,PO38 1PD,Terraced,Established,Leasehold,4,,SPRING HILL COURT,VENTNOR,VENTNOR,ISLE OF WIGHT,ISLE OF WIGHT,Standard,Addition,50.5969080000,-1.2013740000
40000,2001-03-23 00:00:00Z,PO38 1ER,Flats/Maisonettes,Established,Leasehold,"MADEIRA FLATS, 50",5,DUDLEY ROAD,VENTNOR,VENTNOR,ISLE OF WIGHT,ISLE OF WIGHT,Standard,Addition,50.5944410000,-1.2008500000
45500,2001-03-08 00:00:00Z,PO38 1TH,Flats/Maisonettes,Established,Leasehold,KING CHARLES COURT,FLAT 2,GROVE ROAD,VENTNOR,VENTNOR,ISLE OF WIGHT,ISLE OF WIGHT,Standard,Addition,50.5960780000,-1.2048640000
60000,2001-08-21 00:00:00Z,PO38 1EX,Terraced,Established,Freehold,68,,ALBERT STREET,VENTNOR,VENTNOR,ISLE OF WIGHT,ISLE OF WIGHT,Standard,Addition,50.5944370000,-1.2029560000
81000,2001-06-01 00:00:00Z,PO38 1EG,Flats/Maisonettes,Established,Leasehold,7 - 8,FLAT 3,DEVONSHIRE TERRACE,VENTNOR,VENTNOR,ISLE OF WIGHT,ISLE OF WIGHT,Standard,Addition,50.5940940000,-1.2018210000
134950,2001-06-01 00:00:00Z,PO38 1EH,Terraced,Established,Freehold,17,,DUDLEY ROAD,VENTNOR,VENTNOR,ISLE OF WIGHT,ISLE OF WIGHT,Standard,Addition,50.5942740000,-1.2031850000
55000,2001-10-05 00:00:00Z,PO38 1RZ,Terraced,Established,Freehold,27A,,HIGH STREET,VENTNOR,VENTNOR,ISLE OF WIGHT,ISLE OF WIGHT,Standard,Addition,50.5952750000,-1.2048100000
58000,2001-07-13 00:00:00Z,PO38 1RZ,Terraced,Established,Leasehold,16A,,HIGH STREET,,VENTNOR,ISLE OF WIGHT,ISLE OF WIGHT,Standard,Addition,50.5952750000,-1.2048100000
35000,2001-05-03 00:00:00Z,PO38 1EE,Flats/Maisonettes,Established,Leasehold,8,FLAT 4,ALEXANDRA GARDENS,VENTNOR,VENTNOR,ISLE OF WIGHT,ISLE OF WIGHT,Standard,Addition,50.5941570000,-1.2041330000
95000,2001-11-23 00:00:00Z,PO38 1EU,Terraced,Established,Freehold,108,,ALBERT STREET,VENTNOR,VENTNOR,ISLE OF WIGHT,ISLE OF WIGHT,Standard,Addition,50.5949430000,-1.2023150000
36500,2001-11-23 00:00:00Z,PO38 1EZ,Terraced,Established,Freehold,44,,ALBERT STREET,VENTNOR,VENTNOR,ISLE OF WIGHT,ISLE OF WIGHT,Standard,Addition,50.5945480000,-1.2037910000
28000,2001-08-07 00:00:00Z,PO38 1SX,Flats/Maisonettes,Established,Leasehold,33B,,PIER STREET,VENTNOR,VENTNOR,ISLE OF WIGHT,ISLE OF WIGHT,Standard,Addition,50.5943500000,-1.2047370000
82500,2001-01-30 00:00:00Z,PO38 1EG,Flats/Maisonettes,Established,Leasehold,THE WIGHT HOUSE,FLAT 1,DUDLEY ROAD,VENTNOR,VENTNOR,ISLE OF WIGHT,ISLE OF WIGHT,Standard,Addition,50.5940940000,-1.2018210000
58000,2001-11-22 00:00:00Z,PO38 1EE,Flats/Maisonettes,Established,Freehold,8,FLAT 2,ALEXANDRA GARDENS,VENTNOR,VENTNOR,ISLE OF WIGHT,ISLE OF WIGHT,Standard,Addition,50.5941570000,-1.2041330000
102000,2001-11-12 00:00:00Z,PO38 1EW,Terraced,Established,Freehold,77,,DUDLEY ROAD,VENTNOR,VENTNOR,ISLE OF WIGHT,ISLE OF WIGHT,Standard,Addition,50.5945080000,-1.2014430000
80000,2001-02-02 00:00:00Z,PO38 1EU,Detached,Established,Leasehold,96,,ALBERT STREET,VENTNOR,VENTNOR,ISLE OF WIGHT,ISLE OF WIGHT,Standard,Addition,50.5949430000,-1.2023150000
40000,2001-08-31 00:00:00Z,PO38 1PE,Flats/Maisonettes,Established,Leasehold,7A,,SPRING HILL,VENTNOR,VENTNOR,ISLE OF WIGHT,ISLE OF WIGHT,Standard,Addition,50.5956960000,-1.2042620000
53500,2001-11-16 00:00:00Z,PO38 1ET,Flats/Maisonettes,Established,Leasehold,MONTEBELLO,FLAT 2,VICTORIA STREET,VENTNOR,VENTNOR,ISLE OF WIGHT,ISLE OF WIGHT,Standard,Addition,50.5955530000,-1.2020360000
55000,2001-05-04 00:00:00Z,PO38 1EU,Semi-Detached,Established,Freehold,29,,ALBERT STREET,VENTNOR,VENTNOR,ISLE OF WIGHT,ISLE OF WIGHT,Standard,Addition,50.5949430000,-1.2023150000
42500,2001-08-03 00:00:00Z,PO38 1RZ,Flats/Maisonettes,Established,Leasehold,23C,,HIGH STREET,VENTNOR,VENTNOR,ISLE OF WIGHT,ISLE OF WIGHT,Standard,Addition,50.5952750000,-1.2048100000
34000,2001-11-02 00:00:00Z,PO38 1SW,Flats/Maisonettes,Established,Freehold,17B,,CHURCH STREET,VENTNOR,VENTNOR,ISLE OF WIGHT,ISLE OF WIGHT,Standard,Addition,50.5947190000,-1.2060870000
59995,2001-05-01 00:00:00Z,PO38 1TH,Flats/Maisonettes,Established,Leasehold,KING CHARLES COURT,FLAT 6,GROVE ROAD,VENTNOR,VENTNOR,ISLE OF WIGHT,ISLE OF WIGHT,Standard,Addition,50.5960780000,-1.2048640000
20000,2001-02-09 00:00:00Z,PO38 1SX,Flats/Maisonettes,Established,Leasehold,33B,,PIER STREET,VENTNOR,VENTNOR,ISLE OF WIGHT,ISLE OF WIGHT,Standard,Addition,50.5943500000,-1.2047370000
187500,2001-05-21 00:00:00Z,PO38 1PJ,Terraced,Established,Freehold,8,CHESSINGHAM,ST BONIFACE TERRACE,VENTNOR,VENTNOR,ISLE OF WIGHT,ISLE OF WIGHT,Standard,Addition,50.5977280000,-1.2002300000
40000,2001-03-23 00:00:00Z,PO38 1ER,Flats/Maisonettes,Established,Leasehold,"MADEIRA FLATS, 50",6,DUDLEY ROAD,VENTNOR,VENTNOR,ISLE OF WIGHT,ISLE OF WIGHT,Standard,Addition,50.5944410000,-1.2008500000
57000,2001-04-19 00:00:00Z,PO38 1ST,Terraced,Established,Freehold,24A,,PIER STREET,VENTNOR,VENTNOR,ISLE OF WIGHT,ISLE OF WIGHT,Standard,Addition,50.5948020000,-1.2053830000
133000,2001-08-03 00:00:00Z,PO38 1DT,Semi-Detached,Established,Freehold,2,,ALTOFTS GARDENS,VENTNOR,VENTNOR,ISLE OF WIGHT,ISLE OF WIGHT,Standard,Addition,50.5972290000,-1.2036290000
44000,2001-06-21 00:00:00Z,PO38 1LY,Flats/Maisonettes,Established,Leasehold,95B,,HIGH STREET,VENTNOR,VENTNOR,ISLE OF WIGHT,ISLE OF WIGHT,Standard,Addition,50.5960570000,-1.2021130000
33000,2001-09-25 00:00:00Z,PO38 1JU,Flats/Maisonettes,Established,Leasehold,SILVERMERE COURT,FLAT 3,ALMA ROAD,VENTNOR,VENTNOR,ISLE OF WIGHT,ISLE OF WIGHT,Standard,Addition,50.5936240000,-1.2091550000
125000,2001-08-02 00:00:00Z,PO38 1JU,Detached,Established,Freehold,STELLA MARIS,,ALMA ROAD,VENTNOR,VENTNOR,ISLE OF WIGHT,ISLE OF WIGHT,Standard,Addition,50.5936240000,-1.2091550000
60000,2001-07-16 00:00:00Z,PO38 1DJ,Terraced,Established,Leasehold,2A,,MITCHELL AVENUE,VENTNOR,VENTNOR,ISLE OF WIGHT,ISLE OF WIGHT,Standard,Addition,50.5973130000,-1.2080360000
47000,2001-10-19 00:00:00Z,PO38 1ES,Terraced,Established,Freehold,40,,VICTORIA STREET,VENTNOR,VENTNOR,ISLE OF WIGHT,ISLE OF WIGHT,Standard,Addition,50.5947050000,-1.2013830000
52000,2001-11-28 00:00:00Z,PO38 1JN,Flats/Maisonettes,Established,Leasehold,3,FLAT 2,MARINE PARADE,VENTNOR,VENTNOR,ISLE OF WIGHT,ISLE OF WIGHT,Standard,Addition,50.5938760000,-1.2080130000
69950,2001-05-16 00:00:00Z,PO38 1SQ,Flats/Maisonettes,Established,Leasehold,MARINE COURT,FLAT 10,HAMBROUGH ROAD,VENTNOR,VENTNOR,ISLE OF WIGHT,ISLE OF WIGHT,Standard,Addition,50.5939430000,-1.2057330000
45000,2001-08-23 00:00:00Z,PO38 1DS,Semi-Detached,Established,Freehold,58,,MITCHELL AVENUE,VENTNOR,VENTNOR,ISLE OF WIGHT,ISLE OF WIGHT,Standard,Addition,50.5976770000,-1.2033110000
125000,2001-09-05 00:00:00Z,PO38 1TD,Semi-Detached,Established,Freehold,MERWOOD,,THE GROVE,VENTNOR,VENTNOR,ISLE OF WIGHT,ISLE OF WIGHT,Standard,Addition,50.5954330000,-1.2078410000
87000,2001-02-06 00:00:00Z,PO38 1TQ,Semi-Detached,Established,Freehold,MYRTLE VILLA,,TULSE HILL,VENTNOR,VENTNOR,ISLE OF WIGHT,ISLE OF WIGHT,Standard,Addition,50.5958200000,-1.2056490000
95000,2001-12-14 00:00:00Z,PO38 1DL,Semi-Detached,Established,Freehold,29,,MITCHELL AVENUE,VENTNOR,VENTNOR,ISLE OF WIGHT,ISLE OF WIGHT,Standard,Addition,50.5976510000,-1.2073800000
38000,2001-05-01 00:00:00Z,PO38 1EX,Terraced,Established,Leasehold,68,,ALBERT STREET,VENTNOR,VENTNOR,ISLE OF WIGHT,ISLE OF WIGHT,Standard,Addition,50.5944370000,-1.2029560000
48000,2001-08-24 00:00:00Z,PO38 1SQ,Flats/Maisonettes,Established,Leasehold,MARINE COURT,FLAT 5,HAMBROUGH ROAD,VENTNOR,VENTNOR,ISLE OF WIGHT,ISLE OF WIGHT,Standard,Addition,50.5939430000,-1.2057330000
89000,2001-09-13 00:00:00Z,PO38 1DS,Detached,Established,Freehold,82,,MITCHELL AVENUE,VENTNOR,VENTNOR,ISLE OF WIGHT,ISLE OF WIGHT,Standard,Addition,50.5976770000,-1.2033110000
66000,2001-09-28 00:00:00Z,PO38 1DS,Flats/Maisonettes,Established,Leasehold,78C,,MITCHELL AVENUE,VENTNOR,VENTNOR,ISLE OF WIGHT,ISLE OF WIGHT,Standard,Addition,50.5976770000,-1.2033110000
78000,2001-01-22 00:00:00Z,PO38 1ES,Semi-Detached,New Build,Freehold,24,,VICTORIA STREET,,VENTNOR,ISLE OF WIGHT,ISLE OF WIGHT,Standard,Addition,50.5947050000,-1.2013830000
45000,2001-03-16 00:00:00Z,PO38 1SW,Flats/Maisonettes,Established,Leasehold,17B,,CHURCH STREET,VENTNOR,VENTNOR,ISLE OF WIGHT,ISLE OF WIGHT,Standard,Addition,50.5947190000,-1.2060870000
42000,2001-03-09 00:00:00Z,PO38 1RZ,Flats/Maisonettes,Established,Leasehold,41A,,HIGH STREET,VENTNOR,VENTNOR,ISLE OF WIGHT,ISLE OF WIGHT,Standard,Addition,50.5952750000,-1.2048100000
66000,2001-10-12 00:00:00Z,PO38 1DS,Flats/Maisonettes,Established,Leasehold,78B,,MITCHELL AVENUE,,VENTNOR,ISLE OF WIGHT,ISLE OF WIGHT,Standard,Addition,50.5976770000,-1.2033110000
89000,2001-09-27 00:00:00Z,PO38 1DP,Semi-Detached,Established,Leasehold,26,,MITCHELL AVENUE,VENTNOR,VENTNOR,ISLE OF WIGHT,ISLE OF WIGHT,Standard,Addition,50.5974360000,-1.2062390000
50500,2001-06-27 00:00:00Z,PO38 1DS,Flats/Maisonettes,Established,Leasehold,46,FLAT 2,MITCHELL AVENUE,VENTNOR,VENTNOR,ISLE OF WIGHT,ISLE OF WIGHT,Standard,Addition,50.5976770000,-1.2033110000
60000,2001-07-06 00:00:00Z,PO38 1EE,Flats/Maisonettes,Established,Leasehold,7,TOP FLAT,ALEXANDRA GARDENS,VENTNOR,VENTNOR,ISLE OF WIGHT,ISLE OF WIGHT,Standard,Addition,50.5941570000,-1.2041330000
49500,2001-07-03 00:00:00Z,PO38 1ES,Flats/Maisonettes,Established,Leasehold,SILVER MIST,WEST FLAT,VICTORIA STREET,VENTNOR,VENTNOR,ISLE OF WIGHT,ISLE OF WIGHT,Standard,Addition,50.5947050000,-1.2013830000
97500,2001-01-19 00:00:00Z,PO38 1JT,Flats/Maisonettes,Established,Leasehold,THE DECK,FIRST FLOOR FLAT,ESPLANADE,VENTNOR,VENTNOR,ISLE OF WIGHT,ISLE OF WIGHT,Standard,Addition,50.5934370000,-1.2083590000
46500,2001-01-19 00:00:00Z,PO38 1ET,Flats/Maisonettes,Established,Leasehold,MONTEBELLO,FLAT 3,VICTORIA STREET,VENTNOR,VENTNOR,ISLE OF WIGHT,ISLE OF WIGHT,Standard,Addition,50.5955530000,-1.2020360000
39500,2001-09-24 00:00:00Z,PO38 1EU,Flats/Maisonettes,Established,Leasehold,51B,,ALBERT STREET,VENTNOR,VENTNOR,ISLE OF WIGHT,ISLE OF WIGHT,Standard,Addition,50.5949430000,-1.2023150000
93000,2001-06-08 00:00:00Z,PO38 1EQ,Terraced,Established,Leasehold,45,,DUDLEY ROAD,VENTNOR,VENTNOR,ISLE OF WIGHT,ISLE OF WIGHT,Standard,Addition,50.5943160000,-1.2023500000
100000,2001-03-09 00:00:00Z,PO38 1ET,Semi-Detached,Established,Freehold,10,,VICTORIA STREET,VENTNOR,VENTNOR,ISLE OF WIGHT,ISLE OF WIGHT,Standard,Addition,50.5955530000,-1.2020360000
68000,2001-11-23 00:00:00Z,PO38 1PD,Flats/Maisonettes,Established,Leasehold,5,,SPRING HILL COURT,VENTNOR,VENTNOR,ISLE OF WIGHT,ISLE OF WIGHT,Standard,Addition,50.5969080000,-1.2013740000
20000,2001-08-30 00:00:00Z,PO38 1SQ,Flats/Maisonettes,Established,Leasehold,ARDMORE HOUSE,FLAT 2,HAMBROUGH ROAD,VENTNOR,VENTNOR,ISLE OF WIGHT,ISLE OF WIGHT,Standard,Addition,50.5939430000,-1.2057330000
61000,2001-10-30 00:00:00Z,PO38 1EZ,Terraced,Established,Freehold,4,,ALBERT STREET,VENTNOR,VENTNOR,ISLE OF WIGHT,ISLE OF WIGHT,Standard,Addition,50.5945480000,-1.2037910000
29000,2001-04-26 00:00:00Z,PO38 1ST,Flats/Maisonettes,Established,Leasehold,7B,,PIER STREET,VENTNOR,VENTNOR,ISLE OF WIGHT,ISLE OF WIGHT,Standard,Addition,50.5948020000,-1.2053830000
39500,2001-03-23 00:00:00Z,PO38 1JF,Flats/Maisonettes,Established,Leasehold,SAUNDERS HOUSE,FLAT 4,ALBERT STREET,VENTNOR,VENTNOR,ISLE OF WIGHT,ISLE OF WIGHT,Standard,Addition,50.5947600000,-1.2043630000
80000,2001-03-08 00:00:00Z,PO38 1JN,Flats/Maisonettes,Established,Leasehold,3,FLAT 3,MARINE PARADE,VENTNOR,VENTNOR,ISLE OF WIGHT,ISLE OF WIGHT,Standard,Addition,50.5938760000,-1.2080130000
60000,2001-07-05 00:00:00Z,PO38 1TH,Flats/Maisonettes,Established,Leasehold,ST DAVIDS LODGE,FLAT 4,GROVE ROAD,VENTNOR,VENTNOR,ISLE OF WIGHT,ISLE OF WIGHT,Standard,Addition,50.5960780000,-1.2048640000
37000,2001-08-17 00:00:00Z,PO38 1LU,Flats/Maisonettes,Established,Leasehold,66A,,HIGH STREET,VENTNOR,VENTNOR,ISLE OF WIGHT,ISLE OF WIGHT,Standard,Addition,50.5956590000,-1.2028640000
57000,2001-09-26 00:00:00Z,PO38 1EU,Terraced,Established,Freehold,33,,ALBERT STREET,VENTNOR,VENTNOR,ISLE OF WIGHT,ISLE OF WIGHT,Standard,Addition,50.5949430000,-1.2023150000
45000,2001-08-21 00:00:00Z,PO38 1PF,Semi-Detached,Established,Freehold,27,,SPRING HILL,VENTNOR,VENTNOR,ISLE OF WIGHT,ISLE OF WIGHT,Standard,Addition,50.5967400000,-1.2030160000
58000,2002-03-08 00:00:00Z,PO38 1EG,Flats/Maisonettes,Established,Leasehold,9,FLAT 3,DEVONSHIRE TERRACE,VENTNOR,VENTNOR,ISLE OF WIGHT,ISLE OF WIGHT,Standard,Addition,50.5940940000,-1.2018210000
72500,2002-08-22 00:00:00Z,PO38 1ST,Terraced,Established,Leasehold,23A,,PIER STREET,VENTNOR,VENTNOR,ISLE OF WIGHT,ISLE OF WIGHT,Standard,Addition,50.5948020000,-1.2053830000
84000,2002-08-05 00:00:00Z,PO38 1JR,Flats/Maisonettes,Established,Leasehold,PIER VIEW,FLAT 2,ESPLANADE,VENTNOR,VENTNOR,ISLE OF WIGHT,ISLE OF WIGHT,Standard,Addition,50.5932620000,-1.2063700000
60000,2002-06-24 00:00:00Z,PO38 1EW,Flats/Maisonettes,Established,Leasehold,69,,DUDLEY ROAD,VENTNOR,VENTNOR,ISLE OF WIGHT,ISLE OF WIGHT,Standard,Addition,50.5945080000,-1.2014430000
110000,2002-12-09 00:00:00Z,PO38 1DW,Semi-Detached,Established,Freehold,12,,MITCHELL AVENUE,VENTNOR,VENTNOR,ISLE OF WIGHT,ISLE OF WIGHT,Standard,Addition,50.5973880000,-1.2071590000
180000,2002-10-04 00:00:00Z,PO38 1TB,Detached,Established,Freehold,ST CATHERINES HOUSE,,THE GROVE,VENTNOR,VENTNOR,ISLE OF WIGHT,ISLE OF WIGHT,Standard,Addition,50.5953300000,-1.2085920000
55500,2002-06-14 00:00:00Z,PO38 1SQ,Flats/Maisonettes,Established,Leasehold,PALMERSTON HOUSE,FLAT 3,HAMBROUGH ROAD,VENTNOR,VENTNOR,ISLE OF WIGHT,ISLE OF WIGHT,Standard,Addition,50.5939430000,-1.2057330000
124000,2002-12-20 00:00:00Z,PO38 1ES,Terraced,Established,Freehold,22,,VICTORIA STREET,VENTNOR,VENTNOR,ISLE OF WIGHT,ISLE OF WIGHT,Standard,Addition,50.5947050000,-1.2013830000
63000,2002-02-04 00:00:00Z,PO38 1SW,Flats/Maisonettes,Established,Leasehold,17B,,CHURCH STREET,VENTNOR,VENTNOR,ISLE OF WIGHT,ISLE OF WIGHT,Standard,Addition,50.5947190000,-1.2060870000
56000,2002-08-22 00:00:00Z,PO38 1TG,Semi-Detached,Established,Freehold,PROSPECT COTTAGE,,TULSE HILL,VENTNOR,VENTNOR,ISLE OF WIGHT,ISLE OF WIGHT,Standard,Addition,50.5955270000,-1.2059180000
46000,2002-09-06 00:00:00Z,PO38 1LZ,Flats/Maisonettes,Established,Leasehold,152,FLAT 1,HIGH STREET,VENTNOR,VENTNOR,ISLE OF WIGHT,ISLE OF WIGHT,Standard,Addition,50.5964670000,-1.2003110000
290000,2002-12-20 00:00:00Z,PO38 1EG,Terraced,Established,Freehold,1,,DEVONSHIRE TERRACE,VENTNOR,VENTNOR,ISLE OF WIGHT,ISLE OF WIGHT,Standard,Addition,50.5940940000,-1.2018210000
149000,2002-04-05 00:00:00Z,PO38 1EH,Terraced,Established,Freehold,19,,DUDLEY ROAD,VENTNOR,VENTNOR,ISLE OF WIGHT,ISLE OF WIGHT,Standard,Addition,50.5942740000,-1.2031850000
91250,2002-10-07 00:00:00Z,PO38 1EZ,Terraced,Established,Freehold,6,,ALBERT STREET,VENTNOR,VENTNOR,ISLE OF WIGHT,ISLE OF WIGHT,Standard,Addition,50.5945480000,-1.2037910000
38000,2002-04-08 00:00:00Z,PO38 1LY,Flats/Maisonettes,New Build,Leasehold,95A,,HIGH STREET,VENTNOR,VENTNOR,ISLE OF WIGHT,ISLE OF WIGHT,Standard,Addition,50.5960570000,-1.2021130000
76500,2002-11-22 00:00:00Z,PO38 1RZ,Flats/Maisonettes,Established,Leasehold,17B,,HIGH STREET,VENTNOR,VENTNOR,ISLE OF WIGHT,ISLE OF WIGHT,Standard,Addition,50.5952750000,-1.2048100000
99000,2002-04-12 00:00:00Z,PO38 1TF,Detached,Established,Freehold,NOAHS COTTAGE,,MARLBOROUGH ROAD,VENTNOR,VENTNOR,ISLE OF WIGHT,ISLE OF WIGHT,Standard,Addition,50.5953220000,-1.2064630000
90000,2002-06-21 00:00:00Z,PO38 1DS,Semi-Detached,Established,Freehold,52,,MITCHELL AVENUE,VENTNOR,VENTNOR,ISLE OF WIGHT,ISLE OF WIGHT,Standard,Addition,50.5976770000,-1.2033110000
78500,2002-06-12 00:00:00Z,PO38 1EE,Flats/Maisonettes,Established,Leasehold,8,FLAT 3,ALEXANDRA GARDENS,VENTNOR,VENTNOR,ISLE OF WIGHT,ISLE OF WIGHT,Standard,Addition,50.5941570000,-1.2041330000
99000,2002-04-29 00:00:00Z,PO38 1TF,Detached,Established,Freehold,MYRA VILLA,,MARLBOROUGH ROAD,VENTNOR,VENTNOR,ISLE OF WIGHT,ISLE OF WIGHT,Standard,Addition,50.5953220000,-1.2064630000
190000,2002-07-16 00:00:00Z,PO38 1PJ,Semi-Detached,Established,Freehold,PILGRIM LODGE,,ST BONIFACE ROAD,VENTNOR,VENTNOR,ISLE OF WIGHT,ISLE OF WIGHT,Standard,Addition,50.5977280000,-1.2002300000
81000,2002-10-22 00:00:00Z,PO38 1EZ,Terraced,Established,Freehold,2,,ALBERT STREET,VENTNOR,VENTNOR,ISLE OF WIGHT,ISLE OF WIGHT,Standard,Addition,50.5945480000,-1.2037910000
60000,2002-03-15 00:00:00Z,PO38 1TP,Terraced,Established,Freehold,INDIA COTTAGE,,GROVE ROAD,VENTNOR,VENTNOR,ISLE OF WIGHT,ISLE OF WIGHT,Standard,Addition,50.5960820000,-1.2055560000
60000,2002-11-20 00:00:00Z,PO38 1LU,Terraced,Established,Freehold,74A,,HIGH STREET,,VENTNOR,ISLE OF WIGHT,ISLE OF WIGHT,Standard,Addition,50.5956590000,-1.2028640000
89000,2002-09-11 00:00:00Z,PO38 1PL,Flats/Maisonettes,Established,Leasehold,MERTOUN,FLAT 2,ST BONIFACE ROAD,VENTNOR,VENTNOR,ISLE OF WIGHT,ISLE OF WIGHT,Standard,Addition,50.5973590000,-1.2002920000
92000,2002-07-19 00:00:00Z,PO38 1DR,Terraced,Established,Leasehold,51,,MITCHELL AVENUE,VENTNOR,VENTNOR,ISLE OF WIGHT,ISLE OF WIGHT,Standard,Addition,50.5978430000,-1.2052150000
60000,2002-09-13 00:00:00Z,PO38 1LU,Flats/Maisonettes,Established,Leasehold,93A,,HIGH STREET,VENTNOR,VENTNOR,ISLE OF WIGHT,ISLE OF WIGHT,Standard,Addition,50.5956590000,-1.2028640000
154000,2002-02-08 00:00:00Z,PO38 1DT,Detached,Established,Freehold,14,,ALTOFTS GARDENS,VENTNOR,VENTNOR,ISLE OF WIGHT,ISLE OF WIGHT,Standard,Addition,50.5972290000,-1.2036290000
63000,2002-02-07 00:00:00Z,PO38 1SW,Flats/Maisonettes,Established,Leasehold,11,FLAT 1,CHURCH STREET,VENTNOR,VENTNOR,ISLE OF WIGHT,ISLE OF WIGHT,Standard,Addition,50.5947190000,-1.2060870000
120000,2002-12-23 00:00:00Z,PO38 1EU,Terraced,Established,Freehold,31,,ALBERT STREET,VENTNOR,VENTNOR,ISLE OF WIGHT,ISLE OF WIGHT,Standard,Addition,50.5949430000,-1.2023150000
110000,2002-07-22 00:00:00Z,PO38 1EN,Terraced,Established,Freehold,53,,DUDLEY ROAD,VENTNOR,VENTNOR,ISLE OF WIGHT,ISLE OF WIGHT,Standard,Addition,50.5944210000,-1.2018960000
37950,2002-10-09 00:00:00Z,PO38 1EU,Flats/Maisonettes,Established,Leasehold,47,FLAT 3,ALBERT STREET,VENTNOR,VENTNOR,ISLE OF WIGHT,ISLE OF WIGHT,Standard,Addition,50.5949430000,-1.2023150000
110000,2002-06-20 00:00:00Z,PO38 1EG,Flats/Maisonettes,Established,Leasehold,7 - 8,FLAT 3,DEVONSHIRE TERRACE,VENTNOR,VENTNOR,ISLE OF WIGHT,ISLE OF WIGHT,Standard,Addition,50.5940940000,-1.2018210000
20000,2002-11-05 00:00:00Z,PO38 1EG,Flats/Maisonettes,Established,Freehold,1,,DEVONSHIRE TERRACE,,VENTNOR,ISLE OF WIGHT,ISLE OF WIGHT,Standard,Addition,50.5940940000,-1.2018210000
70000,2002-09-30 00:00:00Z,PO38 1LZ,Flats/Maisonettes,Established,Leasehold,137C,,HIGH STREET,VENTNOR,VENTNOR,ISLE OF WIGHT,ISLE OF WIGHT,Standard,Addition,50.5964670000,-1.2003110000
75000,2002-10-21 00:00:00Z,PO38 1EZ,Flats/Maisonettes,Established,Leasehold,34A,,ALBERT STREET,VENTNOR,VENTNOR,ISLE OF WIGHT,ISLE OF WIGHT,Standard,Addition,50.5945480000,-1.2037910000
65000,2002-07-04 00:00:00Z,PO38 1EE,Flats/Maisonettes,Established,Leasehold,8,FLAT 2,ALEXANDRA GARDENS,VENTNOR,VENTNOR,ISLE OF WIGHT,ISLE OF WIGHT,Standard,Addition,50.5941570000,-1.2041330000
72500,2002-05-29 00:00:00Z,PO38 1EZ,Semi-Detached,Established,Freehold,23A,,ALBERT STREET,VENTNOR,VENTNOR,ISLE OF WIGHT,ISLE OF WIGHT,Standard,Addition,50.5945480000,-1.2037910000
197000,2002-12-17 00:00:00Z,PO38 1TH,Semi-Detached,Established,Freehold,BROADHURST,,GROVE ROAD,VENTNOR,VENTNOR,ISLE OF WIGHT,ISLE OF WIGHT,Standard,Addition,50.5960780000,-1.2048640000
30000,2002-04-10 00:00:00Z,PO38 1RZ,Flats/Maisonettes,Established,Leasehold,16,,HIGH STREET,,VENTNOR,ISLE OF WIGHT,ISLE OF WIGHT,Standard,Addition,50.5952750000,-1.2048100000
56500,2002-05-22 00:00:00Z,PO38 1DR,Terraced,Established,Leasehold,65,,MITCHELL AVENUE,VENTNOR,VENTNOR,ISLE OF WIGHT,ISLE OF WIGHT,Standard,Addition,50.5978430000,-1.2052150000
90000,2002-06-21 00:00:00Z,PO38 1SW,Flats/Maisonettes,Established,Leasehold,6,,CHURCH STREET,,VENTNOR,ISLE OF WIGHT,ISLE OF WIGHT,Standard,Addition,50.5947190000,-1.2060870000
42000,2002-05-10 00:00:00Z,PO38 1ST,Terraced,Established,Leasehold,15,,PIER STREET,,VENTNOR,ISLE OF WIGHT,ISLE OF WIGHT,Standard,Addition,50.5948020000,-1.2053830000
33000,2002-11-05 00:00:00Z,PO38 1EG,Semi-Detached,Established,Freehold,2A,,DEVONSHIRE TERRACE,VENTNOR,VENTNOR,ISLE OF WIGHT,ISLE OF WIGHT,Standard,Addition,50.5940940000,-1.2018210000
75000,2002-08-30 00:00:00Z,PO38 1ST,Flats/Maisonettes,Established,Freehold,9 - 13,,PIER STREET,,VENTNOR,ISLE OF WIGHT,ISLE OF WIGHT,Standard,Addition,50.5948020000,-1.2053830000
92000,2002-10-22 00:00:00Z,PO38 1ST,Terraced,Established,Freehold,21,,PIER STREET,,VENTNOR,ISLE OF WIGHT,ISLE OF WIGHT,Standard,Addition,50.5948020000,-1.2053830000
90000,2002-06-21 00:00:00Z,PO38 1SW,Semi-Detached,Established,Freehold,6,,CHURCH STREET,,VENTNOR,ISLE OF WIGHT,ISLE OF WIGHT,Standard,Addition,50.5947190000,-1.2060870000
175000,2002-07-15 00:00:00Z,PO38 1SN,Semi-Detached,Established,Freehold,21C,,CHURCH STREET,VENTNOR,VENTNOR,ISLE OF WIGHT,ISLE OF WIGHT,Standard,Addition,50.5943640000,-1.2067860000
46500,2002-09-06 00:00:00Z,PO38 1LZ,Flats/Maisonettes,Established,Leasehold,152,FLAT 2,HIGH STREET,VENTNOR,VENTNOR,ISLE OF WIGHT,ISLE OF WIGHT,Standard,Addition,50.5964670000,-1.2003110000
58000,2002-04-24 00:00:00Z,PO38 1RZ,Flats/Maisonettes,Established,Leasehold,17B,,HIGH STREET,VENTNOR,VENTNOR,ISLE OF WIGHT,ISLE OF WIGHT,Standard,Addition,50.5952750000,-1.2048100000
60000,2002-11-12 00:00:00Z,PO38 1SW,Flats/Maisonettes,Established,Freehold,17B,,CHURCH STREET,VENTNOR,VENTNOR,ISLE OF WIGHT,ISLE OF WIGHT,Standard,Addition,50.5947190000,-1.2060870000
84000,2002-08-05 00:00:00Z,PO38 1JR,Flats/Maisonettes,Established,Leasehold,PIER VIEW,FLAT 1,ESPLANADE,VENTNOR,VENTNOR,ISLE OF WIGHT,ISLE OF WIGHT,Standard,Addition,50.5932620000,-1.2063700000
86000,2002-04-19 00:00:00Z,PO38 1PL,Terraced,Established,Freehold,MERTOUN,,ST BONIFACE ROAD,VENTNOR,VENTNOR,ISLE OF WIGHT,ISLE OF WIGHT,Standard,Addition,50.5973590000,-1.2002920000
70000,2002-10-22 00:00:00Z,PO38 1RZ,Flats/Maisonettes,Established,Leasehold,17A,,HIGH STREET,VENTNOR,VENTNOR,ISLE OF WIGHT,ISLE OF WIGHT,Standard,Addition,50.5952750000,-1.2048100000
65000,2002-09-06 00:00:00Z,PO38 1PF,Flats/Maisonettes,Established,Leasehold,"WOLLESCOTE HOUSE, 37",FLAT 1,SPRING HILL,VENTNOR,VENTNOR,ISLE OF WIGHT,ISLE OF WIGHT,Standard,Addition,50.5967400000,-1.2030160000
65000,2002-09-27 00:00:00Z,PO38 1ET,Flats/Maisonettes,Established,Leasehold,MONTEBELLO,FLAT 1,VICTORIA STREET,VENTNOR,VENTNOR,ISLE OF WIGHT,ISLE OF WIGHT,Standard,Addition,50.5955530000,-1.2020360000
83000,2002-04-24 00:00:00Z,PO38 1ST,Flats/Maisonettes,Established,Leasehold,15A,,PIER STREET,VENTNOR,VENTNOR,ISLE OF WIGHT,ISLE OF WIGHT,Standard,Addition,50.5948020000,-1.2053830000
64000,2002-11-28 00:00:00Z,PO38 1EG,Semi-Detached,Established,Freehold,2A,,DEVONSHIRE TERRACE,VENTNOR,VENTNOR,ISLE OF WIGHT,ISLE OF WIGHT,Standard,Addition,50.5940940000,-1.2018210000
93500,2002-10-18 00:00:00Z,PO38 1DR,Terraced,Established,Leasehold,57,,MITCHELL AVENUE,VENTNOR,VENTNOR,ISLE OF WIGHT,ISLE OF WIGHT,Standard,Addition,50.5978430000,-1.2052150000
270000,2002-07-01 00:00:00Z,PO38 1EG,Terraced,Established,Freehold,4,,DEVONSHIRE TERRACE,VENTNOR,VENTNOR,ISLE OF WIGHT,ISLE OF WIGHT,Standard,Addition,50.5940940000,-1.2018210000
49950,2002-04-24 00:00:00Z,PO38 1JU,Flats/Maisonettes,Established,Leasehold,MELBOURNE,FLAT 2,ALMA ROAD,VENTNOR,VENTNOR,ISLE OF WIGHT,ISLE OF WIGHT,Standard,Addition,50.5936240000,-1.2091550000
86000,2002-10-28 00:00:00Z,PO38 1BT,Flats/Maisonettes,Established,Leasehold,25B,,ALPINE ROAD,VENTNOR,VENTNOR,ISLE OF WIGHT,ISLE OF WIGHT,Standard,Addition,50.5946940000,-1.2089980000
141000,2002-05-16 00:00:00Z,PO38 1EQ,Terraced,Established,Leasehold,39,,DUDLEY ROAD,VENTNOR,VENTNOR,ISLE OF WIGHT,ISLE OF WIGHT,Standard,Addition,50.5943160000,-1.2023500000
145000,2002-05-03 00:00:00Z,PO38 1ER,Terraced,Established,Freehold,42,,DUDLEY ROAD,VENTNOR,VENTNOR,ISLE OF WIGHT,ISLE OF WIGHT,Standard,Addition,50.5944410000,-1.2008500000
60000,2002-04-16 00:00:00Z,PO38 1TH,Flats/Maisonettes,Established,Leasehold,ST DAVIDS LODGE,FLAT 3,GROVE ROAD,VENTNOR,VENTNOR,ISLE OF WIGHT,ISLE OF WIGHT,Standard,Addition,50.5960780000,-1.2048640000
122000,2002-10-16 00:00:00Z,PO38 1EG,Flats/Maisonettes,Established,Leasehold,THE WIGHT HOUSE,FLAT 2,DUDLEY ROAD,VENTNOR,VENTNOR,ISLE OF WIGHT,ISLE OF WIGHT,Standard,Addition,50.5940940000,-1.2018210000
295000,2002-09-12 00:00:00Z,PO38 1EG,Detached,Established,Freehold,2,,DEVONSHIRE TERRACE,VENTNOR,VENTNOR,ISLE OF WIGHT,ISLE OF WIGHT,Standard,Addition,50.5940940000,-1.2018210000
165000,2002-03-01 00:00:00Z,PO38 1JD,Semi-Detached,Established,Freehold,SEA CLIFF,FLAT 3,BELGRAVE ROAD,VENTNOR,VENTNOR,ISLE OF WIGHT,ISLE OF WIGHT,Standard,Addition,50.5943370000,-1.2081280000
145000,2002-11-18 00:00:00Z,PO38 1EG,Semi-Detached,Established,Freehold,1,,DEVONSHIRE TERRACE,VENTNOR,VENTNOR,ISLE OF WIGHT,ISLE OF WIGHT,Standard,Addition,50.5940940000,-1.2018210000
170000,2002-12-12 00:00:00Z,PO38 1LZ,Semi-Detached,Established,Leasehold,ST. BONIFACE ARMS,,HIGH STREET,,VENTNOR,ISLE OF WIGHT,ISLE OF WIGHT,Standard,Addition,50.5964670000,-1.2003110000
146000,2002-10-04 00:00:00Z,PO38 1BT,Semi-Detached,Established,Freehold,13,,ALPINE ROAD,VENTNOR,VENTNOR,ISLE OF WIGHT,ISLE OF WIGHT,Standard,Addition,50.5946940000,-1.2089980000
45000,2002-07-12 00:00:00Z,PO38 1LZ,Flats/Maisonettes,New Build,Leasehold,152,FLAT 3,HIGH STREET,VENTNOR,VENTNOR,ISLE OF WIGHT,ISLE OF WIGHT,Standard,Addition,50.5964670000,-1.2003110000
63000,2002-02-22 00:00:00Z,PO38 1SW,Flats/Maisonettes,Established,Leasehold,11,FLAT 2,CHURCH STREET,VENTNOR,VENTNOR,ISLE OF WIGHT,ISLE OF WIGHT,Standard,Addition,50.5947190000,-1.2060870000
63000,2002-06-21 00:00:00Z,PO38 1EU,Flats/Maisonettes,Established,Leasehold,49B,,ALBERT STREET,VENTNOR,VENTNOR,ISLE OF WIGHT,ISLE OF WIGHT,Standard,Addition,50.5949430000,-1.2023150000
169000,2002-08-01 00:00:00Z,PO38 1EB,Detached,Established,Freehold,1,,MACROCARPA ROAD,VENTNOR,VENTNOR,ISLE OF WIGHT,ISLE OF WIGHT,Standard,Addition,50.5971930000,-1.2049440000
92500,2002-12-12 00:00:00Z,PO38 1TS,Flats/Maisonettes,Established,Leasehold,4,,CLARENDON VILLAS,VENTNOR,VENTNOR,ISLE OF WIGHT,ISLE OF WIGHT,Standard,Addition,50.5964690000,-1.2082340000
43000,2002-09-04 00:00:00Z,PO38 1TS,Semi-Detached,Established,Leasehold,THE HIDEAWAY,,GROVE ROAD,VENTNOR,VENTNOR,ISLE OF WIGHT,ISLE OF WIGHT,Standard,Addition,50.5964690000,-1.2082340000
92500,2002-07-12 00:00:00Z,PO38 1EZ,Terraced,Established,Freehold,44,,ALBERT STREET,VENTNOR,VENTNOR,ISLE OF WIGHT,ISLE OF WIGHT,Standard,Addition,50.5945480000,-1.2037910000
40000,2002-10-21 00:00:00Z,PO38 1JN,Flats/Maisonettes,Established,Leasehold,3,FLAT 2,MARINE PARADE,VENTNOR,VENTNOR,ISLE OF WIGHT,ISLE OF WIGHT,Standard,Addition,50.5938760000,-1.2080130000
71500,2003-02-21 00:00:00Z,PO38 1LU,Flats/Maisonettes,Established,Leasehold,68A,,HIGH STREET,VENTNOR,VENTNOR,ISLE OF WIGHT,ISLE OF WIGHT,Standard,Addition,50.5956590000,-1.2028640000
85000,2003-10-21 00:00:00Z,PO38 1NQ,Semi-Detached,Established,Leasehold,19,,WEST STREET,VENTNOR,VENTNOR,ISLE OF WIGHT,ISLE OF WIGHT,Standard,Addition,50.5955840000,-1.2009870000
223000,2003-12-10 00:00:00Z,PO38 1JX,Semi-Detached,Established,Freehold,ST. MARTINS,,ESPLANADE,,VENTNOR,ISLE OF WIGHT,ISLE OF WIGHT,Standard,Addition,50.5933140000,-1.2098260000
168300,2003-08-29 00:00:00Z,PO38 1SX,Terraced,Established,Freehold,30,,PIER STREET,,VENTNOR,ISLE OF WIGHT,ISLE OF WIGHT,Standard,Addition,50.5943500000,-1.2047370000
45000,2003-07-18 00:00:00Z,PO38 1SW,Flats/Maisonettes,Established,Leasehold,2 - 4,,CHURCH STREET,,VENTNOR,ISLE OF WIGHT,ISLE OF WIGHT,Standard,Addition,50.5947190000,-1.2060870000
46800,2003-07-16 00:00:00Z,PO38 1ST,Terraced,Established,Leasehold,15,,PIER STREET,,VENTNOR,ISLE OF WIGHT,ISLE OF WIGHT,Standard,Addition,50.5948020000,-1.2053830000
55000,2003-05-16 00:00:00Z,PO38 1RZ,Terraced,Established,Freehold,34,,HIGH STREET,,VENTNOR,ISLE OF WIGHT,ISLE OF WIGHT,Standard,Addition,50.5952750000,-1.2048100000
199997,2003-04-01 00:00:00Z,PO38 1PJ,Detached,Established,Freehold,DOWNSIDE HOUSE,,ST BONIFACE ROAD,,VENTNOR,ISLE OF WIGHT,ISLE OF WIGHT,Standard,Addition,50.5977280000,-1.2002300000
90000,2003-06-06 00:00:00Z,PO38 1RZ,Terraced,Established,Freehold,36,,HIGH STREET,,VENTNOR,ISLE OF WIGHT,ISLE OF WIGHT,Standard,Addition,50.5952750000,-1.2048100000
65000,2003-08-15 00:00:00Z,PO38 1SX,Terraced,Established,Freehold,28,,PIER STREET,,VENTNOR,ISLE OF WIGHT,ISLE OF WIGHT,Standard,Addition,50.5943500000,-1.2047370000
240000,2003-06-30 00:00:00Z,PO38 1PJ,Detached,Established,Freehold,7,SWISS COTTAGE,ST BONIFACE TERRACE,VENTNOR,VENTNOR,ISLE OF WIGHT,ISLE OF WIGHT,Standard,Addition,50.5977280000,-1.2002300000
65000,2003-03-27 00:00:00Z,PO38 1RZ,Flats/Maisonettes,Established,Leasehold,33,FLAT 2,HIGH STREET,VENTNOR,VENTNOR,ISLE OF WIGHT,ISLE OF WIGHT,Standard,Addition,50.5952750000,-1.2048100000
45000,2003-04-04 00:00:00Z,PO38 1SQ,Flats/Maisonettes,Established,Leasehold,MARINE COURT,FLAT 2,HAMBROUGH ROAD,VENTNOR,VENTNOR,ISLE OF WIGHT,ISLE OF WIGHT,Standard,Addition,50.5939430000,-1.2057330000
250000,2003-02-03 00:00:00Z,PO38 1EE,Terraced,Established,Freehold,3,,ALEXANDRA GARDENS,VENTNOR,VENTNOR,ISLE OF WIGHT,ISLE OF WIGHT,Standard,Addition,50.5941570000,-1.2041330000
174000,2003-12-08 00:00:00Z,PO38 1SQ,Flats/Maisonettes,Established,Leasehold,CLIFF VIEW,2,HAMBROUGH ROAD,VENTNOR,VENTNOR,ISLE OF WIGHT,ISLE OF WIGHT,Standard,Addition,50.5939430000,-1.2057330000
20000,2003-12-10 00:00:00Z,PO38 1JU,Flats/Maisonettes,Established,Leasehold,MELBOURNE LODGE,STUDIO FLAT,ALMA ROAD,VENTNOR,VENTNOR,ISLE OF WIGHT,ISLE OF WIGHT,Standard,Addition,50.5936240000,-1.2091550000
380000,2003-09-05 00:00:00Z,PO38 1EB,Detached,Established,Freehold,7,,MACROCARPA ROAD,VENTNOR,VENTNOR,ISLE OF WIGHT,ISLE OF WIGHT,Standard,Addition,50.5971930000,-1.2049440000
67500,2003-12-22 00:00:00Z,PO38 1HF,Terraced,Established,Freehold,6,,MARKET STREET,VENTNOR,VENTNOR,ISLE OF WIGHT,ISLE OF WIGHT,Standard,Addition,50.5950320000,-1.2031290000
105000,2003-09-26 00:00:00Z,PO38 1DW,Terraced,Established,Freehold,20,,MITCHELL AVENUE,VENTNOR,VENTNOR,ISLE OF WIGHT,ISLE OF WIGHT,Standard,Addition,50.5973880000,-1.2071590000
69000,2003-12-10 00:00:00Z,PO38 1JU,Flats/Maisonettes,Established,Leasehold,SILVERMERE COURT,FLAT 4,ALMA ROAD,VENTNOR,VENTNOR,ISLE OF WIGHT,ISLE OF WIGHT,Standard,Addition,50.5936240000,-1.2091550000
85000,2003-07-04 00:00:00Z,PO38 1TQ,Terraced,Established,Freehold,ENDICOTT,,TULSE HILL,VENTNOR,VENTNOR,ISLE OF WIGHT,ISLE OF WIGHT,Standard,Addition,50.5958200000,-1.2056490000
130000,2003-05-13 00:00:00Z,PO38 1DP,Flats/Maisonettes,Established,Leasehold,30,,MITCHELL AVENUE,VENTNOR,VENTNOR,ISLE OF WIGHT,ISLE OF WIGHT,Standard,Addition,50.5974360000,-1.2062390000
80000,2003-08-21 00:00:00Z,PO38 1EZ,Semi-Detached,Established,Freehold,28,,ALBERT STREET,VENTNOR,VENTNOR,ISLE OF WIGHT,ISLE OF WIGHT,Standard,Addition,50.5945480000,-1.2037910000
87500,2003-01-03 00:00:00Z,PO38 1EU,Terraced,Established,Freehold,27,,ALBERT STREET,VENTNOR,VENTNOR,ISLE OF WIGHT,ISLE OF WIGHT,Standard,Addition,50.5949430000,-1.2023150000
210000,2003-09-03 00:00:00Z,PO38 1TW,Detached,Established,Freehold,TANALI,,SOUTHGROVE ROAD,VENTNOR,VENTNOR,ISLE OF WIGHT,ISLE OF WIGHT,Standard,Addition,50.5969470000,-1.2070670000
170000,2003-09-22 00:00:00Z,PO38 1ST,Terraced,Established,Freehold,24A,,PIER STREET,VENTNOR,VENTNOR,ISLE OF WIGHT,ISLE OF WIGHT,Standard,Addition,50.5948020000,-1.2053830000
24995,2003-11-11 00:00:00Z,PO38 1RZ,Flats/Maisonettes,Established,Leasehold,31B,,HIGH STREET,VENTNOR,VENTNOR,ISLE OF WIGHT,ISLE OF WIGHT,Standard,Addition,50.5952750000,-1.2048100000
245000,2003-03-19 00:00:00Z,PO38 1EE,Terraced,Established,Leasehold,5,,ALEXANDRA GARDENS,VENTNOR,VENTNOR,ISLE OF WIGHT,ISLE OF WIGHT,Standard,Addition,50.5941570000,-1.2041330000
88000,2003-02-28 00:00:00Z,PO38 1EG,Flats/Maisonettes,Established,Leasehold,9,FLAT 3,DEVONSHIRE TERRACE,VENTNOR,VENTNOR,ISLE OF WIGHT,ISLE OF WIGHT,Standard,Addition,50.5940940000,-1.2018210000
50000,2003-01-30 00:00:00Z,PO38 1ES,Flats/Maisonettes,Established,Leasehold,36,FLAT 6,VICTORIA STREET,VENTNOR,VENTNOR,ISLE OF WIGHT,ISLE OF WIGHT,Standard,Addition,50.5947050000,-1.2013830000
130000,2003-05-13 00:00:00Z,PO38 1SQ,Flats/Maisonettes,Established,Leasehold,MARINE COURT,FLAT 10,HAMBROUGH ROAD,VENTNOR,VENTNOR,ISLE OF WIGHT,ISLE OF WIGHT,Standard,Addition,50.5939430000,-1.2057330000
375000,2003-10-23 00:00:00Z,PO38 1EG,Terraced,Established,Freehold,3,,DEVONSHIRE TERRACE,VENTNOR,VENTNOR,ISLE OF WIGHT,ISLE OF WIGHT,Standard,Addition,50.5940940000,-1.2018210000
77000,2003-04-17 00:00:00Z,PO38 1LT,Flats/Maisonettes,Established,Leasehold,50,FLAT 1,HIGH STREET,,VENTNOR,ISLE OF WIGHT,ISLE OF WIGHT,Standard,Addition,50.5954950000,-1.2038560000
75000,2003-06-25 00:00:00Z,PO38 1LZ,Terraced,Established,Freehold,152,WILLOW COTTAGE,HIGH STREET,VENTNOR,VENTNOR,ISLE OF WIGHT,ISLE OF WIGHT,Standard,Addition,50.5964670000,-1.2003110000
57000,2003-10-30 00:00:00Z,PO38 1ES,Flats/Maisonettes,Established,Leasehold,36,FLAT 5,VICTORIA STREET,VENTNOR,VENTNOR,ISLE OF WIGHT,ISLE OF WIGHT,Standard,Addition,50.5947050000,-1.2013830000
95000,2003-05-13 00:00:00Z,PO38 1PF,Flats/Maisonettes,Established,Leasehold,"WOLLESCOTE HOUSE, 37",FLAT 2,SPRING HILL,VENTNOR,VENTNOR,ISLE OF WIGHT,ISLE OF WIGHT,Standard,Addition,50.5967400000,-1.2030160000
340000,2003-04-29 00:00:00Z,PO38 1DT,Detached,Established,Freehold,11,,ALTOFTS GARDENS,VENTNOR,VENTNOR,ISLE OF WIGHT,ISLE OF WIGHT,Standard,Addition,50.5972290000,-1.2036290000
95000,2003-11-04 00:00:00Z,PO38 1PD,Terraced,Established,Leasehold,4,,SPRING HILL COURT,VENTNOR,VENTNOR,ISLE OF WIGHT,ISLE OF WIGHT,Standard,Addition,50.5969080000,-1.2013740000
45000,2003-02-18 00:00:00Z,PO38 1RZ,Flats/Maisonettes,Established,Leasehold,31E,,HIGH STREET,,VENTNOR,ISLE OF WIGHT,ISLE OF WIGHT,Standard,Addition,50.5952750000,-1.2048100000
67000,2003-04-30 00:00:00Z,PO38 1EE,Flats/Maisonettes,Established,Leasehold,7,TOP FLAT,ALEXANDRA GARDENS,VENTNOR,VENTNOR,ISLE OF WIGHT,ISLE OF WIGHT,Standard,Addition,50.5941570000,-1.2041330000
170000,2003-05-21 00:00:00Z,PO38 1JN,Flats/Maisonettes,Established,Leasehold,1,FLAT 1,MARINE PARADE,VENTNOR,VENTNOR,ISLE OF WIGHT,ISLE OF WIGHT,Standard,Addition,50.5938760000,-1.2080130000
80000,2003-11-28 00:00:00Z,PO38 1EU,Terraced,Established,Leasehold,53,,ALBERT STREET,VENTNOR,VENTNOR,ISLE OF WIGHT,ISLE OF WIGHT,Standard,Addition,50.5949430000,-1.2023150000
107500,2003-05-28 00:00:00Z,PO38 1JU,Flats/Maisonettes,Established,Leasehold,MELBOURNE,FLAT 3,ALMA ROAD,VENTNOR,VENTNOR,ISLE OF WIGHT,ISLE OF WIGHT,Standard,Addition,50.5936240000,-1.2091550000
78000,2003-04-28 00:00:00Z,PO38 1EZ,Flats/Maisonettes,Established,Leasehold,34A,,ALBERT STREET,VENTNOR,VENTNOR,ISLE OF WIGHT,ISLE OF WIGHT,Standard,Addition,50.5945480000,-1.2037910000
85000,2003-03-14 00:00:00Z,PO38 1EE,Flats/Maisonettes,Established,Leasehold,1,FLAT 3,ALEXANDRA GARDENS,VENTNOR,VENTNOR,ISLE OF WIGHT,ISLE OF WIGHT,Standard,Addition,50.5941570000,-1.2041330000
82000,2003-02-17 00:00:00Z,PO38 1NQ,Semi-Detached,Established,Freehold,9,,WEST STREET,VENTNOR,VENTNOR,ISLE OF WIGHT,ISLE OF WIGHT,Standard,Addition,50.5955840000,-1.2009870000
103000,2003-05-23 00:00:00Z,PO38 1TH,Flats/Maisonettes,Established,Leasehold,KING CHARLES COURT,FLAT 8,GROVE ROAD,VENTNOR,VENTNOR,ISLE OF WIGHT,ISLE OF WIGHT,Standard,Addition,50.5960780000,-1.2048640000
49000,2003-08-29 00:00:00Z,PO38 1RZ,Flats/Maisonettes,Established,Leasehold,31D,,HIGH STREET,VENTNOR,VENTNOR,ISLE OF WIGHT,ISLE OF WIGHT,Standard,Addition,50.5952750000,-1.2048100000
62500,2003-02-11 00:00:00Z,PO38 1RZ,Flats/Maisonettes,Established,Leasehold,23B,,HIGH STREET,VENTNOR,VENTNOR,ISLE OF WIGHT,ISLE OF WIGHT,Standard,Addition,50.5952750000,-1.2048100000
102500,2003-09-29 00:00:00Z,PO38 1SQ,Flats/Maisonettes,Established,Leasehold,MARINE COURT,FLAT 11,HAMBROUGH ROAD,VENTNOR,VENTNOR,ISLE OF WIGHT,ISLE OF WIGHT,Standard,Addition,50.5939430000,-1.2057330000
67500,2003-12-22 00:00:00Z,PO38 1HF,Semi-Detached,Established,Freehold,5,,MARKET STREET,VENTNOR,VENTNOR,ISLE OF WIGHT,ISLE OF WIGHT,Standard,Addition,50.5950320000,-1.2031290000
89000,2003-07-25 00:00:00Z,PO38 1DR,Terraced,Established,Leasehold,53,,MITCHELL AVENUE,VENTNOR,VENTNOR,ISLE OF WIGHT,ISLE OF WIGHT,Standard,Addition,50.5978430000,-1.2052150000
128000,2003-07-11 00:00:00Z,PO38 1RZ,Terraced,Established,Freehold,15A,,HIGH STREET,,VENTNOR,ISLE OF WIGHT,ISLE OF WIGHT,Standard,Addition,50.5952750000,-1.2048100000
77000,2003-12-04 00:00:00Z,PO38 1ET,Flats/Maisonettes,Established,Leasehold,10A,,VICTORIA STREET,VENTNOR,VENTNOR,ISLE OF WIGHT,ISLE OF WIGHT,Standard,Addition,50.5955530000,-1.2020360000
120000,2003-08-15 00:00:00Z,PO38 1TG,Semi-Detached,Established,Freehold,PROSPECT COTTAGE,,TULSE HILL,VENTNOR,VENTNOR,ISLE OF WIGHT,ISLE OF WIGHT,Standard,Addition,50.5955270000,-1.2059180000
192000,2003-03-13 00:00:00Z,PO38 1EB,Detached,Established,Freehold,1,,MACROCARPA ROAD,VENTNOR,VENTNOR,ISLE OF WIGHT,ISLE OF WIGHT,Standard,Addition,50.5971930000,-1.2049440000
113500,2003-11-14 00:00:00Z,PO38 1LZ,Terraced,Established,Freehold,152,WILLOW COTTAGE,HIGH STREET,VENTNOR,VENTNOR,ISLE OF WIGHT,ISLE OF WIGHT,Standard,Addition,50.5964670000,-1.2003110000
120000,2003-01-22 00:00:00Z,PO38 1JX,Detached,Established,Freehold,BRITANNIAS,,ESPLANADE,VENTNOR,VENTNOR,ISLE OF WIGHT,ISLE OF WIGHT,Standard,Addition,50.5933140000,-1.2098260000
70000,2003-09-12 00:00:00Z,PO38 1RZ,Flats/Maisonettes,Established,Leasehold,33,FLAT 3,HIGH STREET,VENTNOR,VENTNOR,ISLE OF WIGHT,ISLE OF WIGHT,Standard,Addition,50.5952750000,-1.2048100000
85000,2004-08-24 00:00:00Z,PO38 1RZ,Flats/Maisonettes,Established,Leasehold,41A,,HIGH STREET,VENTNOR,VENTNOR,ISLE OF WIGHT,ISLE OF WIGHT,Standard,Addition,50.5952750000,-1.2048100000
104000,2004-03-19 00:00:00Z,PO38 1BT,Flats/Maisonettes,Established,Leasehold,27A,,ALPINE ROAD,VENTNOR,VENTNOR,ISLE OF WIGHT,ISLE OF WIGHT,Standard,Addition,50.5946940000,-1.2089980000
125000,2004-11-15 00:00:00Z,PO38 1DR,Terraced,Established,Leasehold,57,,MITCHELL AVENUE,VENTNOR,VENTNOR,ISLE OF WIGHT,ISLE OF WIGHT,Standard,Addition,50.5978430000,-1.2052150000
95000,2004-01-19 00:00:00Z,PO38 1EU,Flats/Maisonettes,Established,Leasehold,51B,,ALBERT STREET,VENTNOR,VENTNOR,ISLE OF WIGHT,ISLE OF WIGHT,Standard,Addition,50.5949430000,-1.2023150000
74000,2004-06-04 00:00:00Z,PO38 1ES,Flats/Maisonettes,Established,Leasehold,36,FLAT 1,VICTORIA STREET,VENTNOR,VENTNOR,ISLE OF WIGHT,ISLE OF WIGHT,Standard,Addition,50.5947050000,-1.2013830000
150000,2004-06-18 00:00:00Z,PO38 1NQ,Semi-Detached,Established,Freehold,36,,WEST STREET,VENTNOR,VENTNOR,ISLE OF WIGHT,ISLE OF WIGHT,Standard,Addition,50.5955840000,-1.2009870000
112500,2004-12-22 00:00:00Z,PO38 1SQ,Flats/Maisonettes,Established,Leasehold,MARINE COURT,FLAT 3,HAMBROUGH ROAD,VENTNOR,VENTNOR,ISLE OF WIGHT,ISLE OF WIGHT,Standard,Addition,50.5939430000,-1.2057330000
169000,2004-05-14 00:00:00Z,PO38 1ED,Flats/Maisonettes,Established,Leasehold,KINGSVIEW,13,CHURCH STREET,VENTNOR,VENTNOR,ISLE OF WIGHT,ISLE OF WIGHT,Standard,Addition,50.5941310000,-1.2069430000
72500,2004-03-26 00:00:00Z,PO38 1LT,Flats/Maisonettes,Established,Leasehold,50,FLAT 2,HIGH STREET,,VENTNOR,ISLE OF WIGHT,ISLE OF WIGHT,Standard,Addition,50.5954950000,-1.2038560000
220000,2004-06-01 00:00:00Z,PO38 1LU,Terraced,Established,Freehold,72,,HIGH STREET,VENTNOR,VENTNOR,ISLE OF WIGHT,ISLE OF WIGHT,Standard,Addition,50.5956590000,-1.2028640000
175000,2004-12-09 00:00:00Z,PO38 1TW,Semi-Detached,Established,Leasehold,KILMURRY,,SOUTHGROVE ROAD,VENTNOR,VENTNOR,ISLE OF WIGHT,ISLE OF WIGHT,Standard,Addition,50.5969470000,-1.2070670000
295000,2004-02-02 00:00:00Z,PO38 1SQ,Detached,Established,Freehold,CHANNEL VIEW HOTEL,,HAMBROUGH ROAD,VENTNOR,VENTNOR,ISLE OF WIGHT,ISLE OF WIGHT,Standard,Addition,50.5939430000,-1.2057330000
65000,2004-11-02 00:00:00Z,PO38 1LZ,Flats/Maisonettes,Established,Leasehold,152,FLAT 1,HIGH STREET,VENTNOR,VENTNOR,ISLE OF WIGHT,ISLE OF WIGHT,Standard,Addition,50.5964670000,-1.2003110000
53000,2004-03-04 00:00:00Z,PO38 1RZ,Flats/Maisonettes,Established,Leasehold,27A,,HIGH STREET,VENTNOR,VENTNOR,ISLE OF WIGHT,ISLE OF WIGHT,Standard,Addition,50.5952750000,-1.2048100000
146500,2004-05-17 00:00:00Z,PO38 1EQ,Terraced,Established,Leasehold,45,,DUDLEY ROAD,VENTNOR,VENTNOR,ISLE OF WIGHT,ISLE OF WIGHT,Standard,Addition,50.5943160000,-1.2023500000
195000,2004-02-27 00:00:00Z,PO38 1ED,Flats/Maisonettes,Established,Leasehold,KINGSVIEW,2,CHURCH STREET,VENTNOR,VENTNOR,ISLE OF WIGHT,ISLE OF WIGHT,Standard,Addition,50.5941310000,-1.2069430000
96000,2004-02-17 00:00:00Z,PO38 1NH,Terraced,Established,Leasehold,4,,KENT ROAD,VENTNOR,VENTNOR,ISLE OF WIGHT,ISLE OF WIGHT,Standard,Addition,50.5958750000,-1.2015330000
235000,2004-02-27 00:00:00Z,PO38 1ED,Flats/Maisonettes,New Build,Leasehold,KINGSVIEW,1,CHURCH STREET,VENTNOR,VENTNOR,ISLE OF WIGHT,ISLE OF WIGHT,Standard,Addition,50.5941310000,-1.2069430000
85000,2004-07-01 00:00:00Z,PO38 1EL,Flats/Maisonettes,New Build,Leasehold,TUDOR HOUSE,4,VICTORIA STREET,VENTNOR,VENTNOR,ISLE OF WIGHT,ISLE OF WIGHT,Standard,Addition,50.5954110000,-1.2019780000
54500,2004-05-14 00:00:00Z,PO38 1ST,Flats/Maisonettes,Established,Leasehold,7B,,PIER STREET,VENTNOR,VENTNOR,ISLE OF WIGHT,ISLE OF WIGHT,Standard,Addition,50.5948020000,-1.2053830000
100000,2004-05-26 00:00:00Z,PO38 1EL,Flats/Maisonettes,New Build,Leasehold,TUDOR HOUSE,3,VICTORIA STREET,VENTNOR,VENTNOR,ISLE OF WIGHT,ISLE OF WIGHT,Standard,Addition,50.5954110000,-1.2019780000
38750,2004-06-15 00:00:00Z,PO38 1RZ,Flats/Maisonettes,Established,Leasehold,31A,,HIGH STREET,,VENTNOR,ISLE OF WIGHT,ISLE OF WIGHT,Standard,Addition,50.5952750000,-1.2048100000
300000,2004-01-05 00:00:00Z,PO38 1BT,Detached,Established,Freehold,"ALGERNON HOUSE, 17",FLAT 11,ALPINE ROAD,VENTNOR,VENTNOR,ISLE OF WIGHT,ISLE OF WIGHT,Standard,Addition,50.5946940000,-1.2089980000
50000,2004-10-15 00:00:00Z,PO38 1EE,Flats/Maisonettes,Established,Leasehold,7,BASEMENT FLAT,ALEXANDRA GARDENS,VENTNOR,VENTNOR,ISLE OF WIGHT,ISLE OF WIGHT,Standard,Addition,50.5941570000,-1.2041330000
66000,2004-11-05 00:00:00Z,PO38 1EE,Flats/Maisonettes,Established,Leasehold,7,TOP FLAT,ALEXANDRA GARDENS,VENTNOR,VENTNOR,ISLE OF WIGHT,ISLE OF WIGHT,Standard,Addition,50.5941570000,-1.2041330000
153000,2004-08-05 00:00:00Z,PO38 1TS,Flats/Maisonettes,Established,Leasehold,1,,CLARENDON VILLAS,VENTNOR,VENTNOR,ISLE OF WIGHT,ISLE OF WIGHT,Standard,Addition,50.5964690000,-1.2082340000
125000,2004-12-20 00:00:00Z,PO38 1SQ,Flats/Maisonettes,New Build,Leasehold,MIRAMARE COURT,FLAT 5,HAMBROUGH ROAD,VENTNOR,VENTNOR,ISLE OF WIGHT,ISLE OF WIGHT,Standard,Addition,50.5939430000,-1.2057330000
79000,2004-12-20 00:00:00Z,PO38 1LZ,Flats/Maisonettes,Established,Leasehold,137B,,HIGH STREET,VENTNOR,VENTNOR,ISLE OF WIGHT,ISLE OF WIGHT,Standard,Addition,50.5964670000,-1.2003110000
142000,2004-10-29 00:00:00Z,PO38 1SQ,Flats/Maisonettes,Established,Leasehold,MIRAMARE COURT,FLAT 6,HAMBROUGH ROAD,VENTNOR,VENTNOR,ISLE OF WIGHT,ISLE OF WIGHT,Standard,Addition,50.5939430000,-1.2057330000
60000,2004-07-27 00:00:00Z,PO38 1LU,Terraced,Established,Freehold,91C,,HIGH STREET,VENTNOR,VENTNOR,ISLE OF WIGHT,ISLE OF WIGHT,Standard,Addition,50.5956590000,-1.2028640000
313500,2004-09-10 00:00:00Z,PO38 1ED,Flats/Maisonettes,Established,Leasehold,KINGSVIEW,9,CHURCH STREET,VENTNOR,VENTNOR,ISLE OF WIGHT,ISLE OF WIGHT,Standard,Addition,50.5941310000,-1.2069430000
115000,2004-08-13 00:00:00Z,PO38 1EX,Terraced,Established,Leasehold,76,,ALBERT STREET,VENTNOR,VENTNOR,ISLE OF WIGHT,ISLE OF WIGHT,Standard,Addition,50.5944370000,-1.2029560000
130000,2004-03-26 00:00:00Z,PO38 1DJ,Terraced,Established,Freehold,TAVERN COTTAGES,2,MITCHELL AVENUE,VENTNOR,VENTNOR,ISLE OF WIGHT,ISLE OF WIGHT,Standard,Addition,50.5973130000,-1.2080360000
245000,2004-02-13 00:00:00Z,PO38 1ED,Flats/Maisonettes,New Build,Leasehold,KINGSVIEW,6,CHURCH STREET,VENTNOR,VENTNOR,ISLE OF WIGHT,ISLE OF WIGHT,Standard,Addition,50.5941310000,-1.2069430000
144000,2004-03-05 00:00:00Z,PO38 1SQ,Flats/Maisonettes,Established,Leasehold,MIRAMARE COURT,FLAT 3,HAMBROUGH ROAD,VENTNOR,VENTNOR,ISLE OF WIGHT,ISLE OF WIGHT,Standard,Addition,50.5939430000,-1.2057330000
58000,2004-10-15 00:00:00Z,PO38 1ES,Flats/Maisonettes,Established,Leasehold,36,FLAT 4,VICTORIA STREET,VENTNOR,VENTNOR,ISLE OF WIGHT,ISLE OF WIGHT,Standard,Addition,50.5947050000,-1.2013830000
185000,2004-02-16 00:00:00Z,PO38 1SQ,Flats/Maisonettes,Established,Leasehold,CLIFF VIEW,3,HAMBROUGH ROAD,VENTNOR,VENTNOR,ISLE OF WIGHT,ISLE OF WIGHT,Standard,Addition,50.5939430000,-1.2057330000
95000,2004-10-13 00:00:00Z,PO38 1SQ,Flats/Maisonettes,Established,Leasehold,CLIFF VIEW,4,HAMBROUGH ROAD,VENTNOR,VENTNOR,ISLE OF WIGHT,ISLE OF WIGHT,Standard,Addition,50.5939430000,-1.2057330000
83000,2004-05-21 00:00:00Z,PO38 1DS,Flats/Maisonettes,Established,Leasehold,46,FLAT 1,MITCHELL AVENUE,VENTNOR,VENTNOR,ISLE OF WIGHT,ISLE OF WIGHT,Standard,Addition,50.5976770000,-1.2033110000
190000,2004-01-14 00:00:00Z,PO38 1TF,Terraced,Established,Freehold,ETCHINGS,,MARLBOROUGH ROAD,VENTNOR,VENTNOR,ISLE OF WIGHT,ISLE OF WIGHT,Standard,Addition,50.5953220000,-1.2064630000
187500,2004-02-13 00:00:00Z,PO38 1ED,Flats/Maisonettes,Established,Leasehold,KINGSVIEW,7,CHURCH STREET,VENTNOR,VENTNOR,ISLE OF WIGHT,ISLE OF WIGHT,Standard,Addition,50.5941310000,-1.2069430000
240000,2004-08-13 00:00:00Z,PO38 1RZ,Terraced,Established,Freehold,24,,HIGH STREET,,VENTNOR,ISLE OF WIGHT,ISLE OF WIGHT,Standard,Addition,50.5952750000,-1.2048100000
35000,2004-04-13 00:00:00Z,PO38 1RZ,Flats/Maisonettes,Established,Leasehold,16,,HIGH STREET,,VENTNOR,ISLE OF WIGHT,ISLE OF WIGHT,Standard,Addition,50.5952750000,-1.2048100000
290000,2004-08-27 00:00:00Z,PO38 1LZ,Semi-Detached,Established,Leasehold,ST. BONIFACE ARMS,,HIGH STREET,,VENTNOR,ISLE OF WIGHT,ISLE OF WIGHT,Standard,Addition,50.5964670000,-1.2003110000
59000,2004-02-25 00:00:00Z,PO38 1RZ,Flats/Maisonettes,Established,Leasehold,37,,HIGH STREET,VENTNOR,VENTNOR,ISLE OF WIGHT,ISLE OF WIGHT,Standard,Addition,50.5952750000,-1.2048100000
115000,2004-05-26 00:00:00Z,PO38 1EL,Flats/Maisonettes,New Build,Leasehold,TUDOR HOUSE,6,VICTORIA STREET,VENTNOR,VENTNOR,ISLE OF WIGHT,ISLE OF WIGHT,Standard,Addition,50.5954110000,-1.2019780000
45000,2004-07-29 00:00:00Z,PO38 1ST,Flats/Maisonettes,Established,Leasehold,8A,,PIER STREET,VENTNOR,VENTNOR,ISLE OF WIGHT,ISLE OF WIGHT,Standard,Addition,50.5948020000,-1.2053830000
129950,2004-11-12 00:00:00Z,PO38 1EZ,Flats/Maisonettes,Established,Leasehold,34A,,ALBERT STREET,VENTNOR,VENTNOR,ISLE OF WIGHT,ISLE OF WIGHT,Standard,Addition,50.5945480000,-1.2037910000
50000,2004-10-15 00:00:00Z,PO38 1EE,Flats/Maisonettes,Established,Leasehold,7,FLAT 1,ALEXANDRA GARDENS,VENTNOR,VENTNOR,ISLE OF WIGHT,ISLE OF WIGHT,Standard,Addition,50.5941570000,-1.2041330000
85000,2004-07-12 00:00:00Z,PO38 1EU,Flats/Maisonettes,Established,Leasehold,49A,,ALBERT STREET,VENTNOR,VENTNOR,ISLE OF WIGHT,ISLE OF WIGHT,Standard,Addition,50.5949430000,-1.2023150000
50000,2004-10-15 00:00:00Z,PO38 1EE,Flats/Maisonettes,Established,Leasehold,7,FLAT 2,ALEXANDRA GARDENS,VENTNOR,VENTNOR,ISLE OF WIGHT,ISLE OF WIGHT,Standard,Addition,50.5941570000,-1.2041330000
60000,2004-04-16 00:00:00Z,PO38 1ES,Flats/Maisonettes,Established,Leasehold,SILVER MIST,WEST FLAT,VICTORIA STREET,VENTNOR,VENTNOR,ISLE OF WIGHT,ISLE OF WIGHT,Standard,Addition,50.5947050000,-1.2013830000
124000,2004-10-08 00:00:00Z,PO38 1DS,Semi-Detached,Established,Freehold,62,,MITCHELL AVENUE,VENTNOR,VENTNOR,ISLE OF WIGHT,ISLE OF WIGHT,Standard,Addition,50.5976770000,-1.2033110000
192500,2004-12-17 00:00:00Z,PO38 1TF,Semi-Detached,Established,Freehold,GROVE HURST,1,MARLBOROUGH ROAD,VENTNOR,VENTNOR,ISLE OF WIGHT,ISLE OF WIGHT,Standard,Addition,50.5953220000,-1.2064630000
178000,2004-07-06 00:00:00Z,PO38 1SQ,Flats/Maisonettes,Established,Leasehold,MIRAMARE COURT,FLAT 7,HAMBROUGH ROAD,VENTNOR,VENTNOR,ISLE OF WIGHT,ISLE OF WIGHT,Standard,Addition,50.5939430000,-1.2057330000
135000,2004-11-01 00:00:00Z,PO38 1JR,Flats/Maisonettes,Established,Leasehold,PIER VIEW,FLAT 3,ESPLANADE,VENTNOR,VENTNOR,ISLE OF WIGHT,ISLE OF WIGHT,Standard,Addition,50.5932620000,-1.2063700000
143750,2004-06-28 00:00:00Z,PO38 1DJ,Semi-Detached,New Build,Freehold,TAVERN COTTAGES,1,MITCHELL AVENUE,VENTNOR,VENTNOR,ISLE OF WIGHT,ISLE OF WIGHT,Standard,Addition,50.5973130000,-1.2080360000
199000,2004-02-16 00:00:00Z,PO38 1ED,Flats/Maisonettes,New Build,Leasehold,KINGSVIEW,5,CHURCH STREET,VENTNOR,VENTNOR,ISLE OF WIGHT,ISLE OF WIGHT,Standard,Addition,50.5941310000,-1.2069430000
148000,2004-03-18 00:00:00Z,PO38 1LZ,Semi-Detached,Established,Freehold,144,,HIGH STREET,VENTNOR,VENTNOR,ISLE OF WIGHT,ISLE OF WIGHT,Standard,Addition,50.5964670000,-1.2003110000
163500,2004-05-12 00:00:00Z,PO38 1NQ,Terraced,Established,Freehold,20,,WEST STREET,VENTNOR,VENTNOR,ISLE OF WIGHT,ISLE OF WIGHT,Standard,Addition,50.5955840000,-1.2009870000
69950,2004-05-07 00:00:00Z,PO38 1RZ,Flats/Maisonettes,Established,Leasehold,33,FLAT 1,HIGH STREET,VENTNOR,VENTNOR,ISLE OF WIGHT,ISLE OF WIGHT,Standard,Addition,50.5952750000,-1.2048100000
170000,2004-03-12 00:00:00Z,PO38 1ED,Flats/Maisonettes,Established,Leasehold,KINGSVIEW,3,CHURCH STREET,VENTNOR,VENTNOR,ISLE OF WIGHT,ISLE OF WIGHT,Standard,Addition,50.5941310000,-1.2069430000
230000,2004-06-29 00:00:00Z,PO38 1PF,Semi-Detached,Established,Freehold,24,,SPRING HILL,VENTNOR,VENTNOR,ISLE OF WIGHT,ISLE OF WIGHT,Standard,Addition,50.5967400000,-1.2030160000
75500,2004-02-19 00:00:00Z,PO38 1TH,Flats/Maisonettes,Established,Leasehold,KING CHARLES COURT,FLAT 1,GROVE ROAD,VENTNOR,VENTNOR,ISLE OF WIGHT,ISLE OF WIGHT,Standard,Addition,50.5960780000,-1.2048640000
140000,2004-05-28 00:00:00Z,PO38 1JT,Flats/Maisonettes,Established,Leasehold,THE DECK,FIRST FLOOR FLAT,ESPLANADE,VENTNOR,VENTNOR,ISLE OF WIGHT,ISLE OF WIGHT,Standard,Addition,50.5934370000,-1.2083590000
190855,2004-06-18 00:00:00Z,PO38 1SQ,Flats/Maisonettes,Established,Leasehold,MIRAMARE COURT,FLAT 8,HAMBROUGH ROAD,VENTNOR,VENTNOR,ISLE OF WIGHT,ISLE OF WIGHT,Standard,Addition,50.5939430000,-1.2057330000
130000,2004-03-29 00:00:00Z,PO38 1TG,Semi-Detached,Established,Freehold,TULSE HILL COTTAGES,2,TULSE HILL,VENTNOR,VENTNOR,ISLE OF WIGHT,ISLE OF WIGHT,Standard,Addition,50.5955270000,-1.2059180000
230000,2004-06-29 00:00:00Z,PO38 1PF,Semi-Detached,Established,Freehold,22,,SPRING HILL,VENTNOR,VENTNOR,ISLE OF WIGHT,ISLE OF WIGHT,Standard,Addition,50.5967400000,-1.2030160000
38000,2004-03-15 00:00:00Z,PO38 1RZ,Flats/Maisonettes,Established,Leasehold,31C,,HIGH STREET,VENTNOR,VENTNOR,ISLE OF WIGHT,ISLE OF WIGHT,Standard,Addition,50.5952750000,-1.2048100000
135000,2004-04-07 00:00:00Z,PO38 1ED,Flats/Maisonettes,Established,Leasehold,KINGSVIEW,10,CHURCH STREET,VENTNOR,VENTNOR,ISLE OF WIGHT,ISLE OF WIGHT,Standard,Addition,50.5941310000,-1.2069430000
85000,2004-11-05 00:00:00Z,PO38 1LZ,Flats/Maisonettes,Established,Leasehold,139B,,HIGH STREET,VENTNOR,VENTNOR,ISLE OF WIGHT,ISLE OF WIGHT,Standard,Addition,50.5964670000,-1.2003110000
73750,2004-01-07 00:00:00Z,PO38 1SQ,Flats/Maisonettes,Established,Leasehold,CLIFF VIEW,4,HAMBROUGH ROAD,VENTNOR,VENTNOR,ISLE OF WIGHT,ISLE OF WIGHT,Standard,Addition,50.5939430000,-1.2057330000
142500,2004-10-22 00:00:00Z,PO38 1DJ,Flats/Maisonettes,Established,Freehold,TAVERN COTTAGES,3,MITCHELL AVENUE,VENTNOR,VENTNOR,ISLE OF WIGHT,ISLE OF WIGHT,Standard,Addition,50.5973130000,-1.2080360000
135000,2004-10-01 00:00:00Z,PO38 1LU,Flats/Maisonettes,Established,Freehold,66A,,HIGH STREET,VENTNOR,VENTNOR,ISLE OF WIGHT,ISLE OF WIGHT,Standard,Addition,50.5956590000,-1.2028640000
120000,2004-05-26 00:00:00Z,PO38 1EL,Flats/Maisonettes,New Build,Leasehold,TUDOR HOUSE,5,VICTORIA STREET,VENTNOR,VENTNOR,ISLE OF WIGHT,ISLE OF WIGHT,Standard,Addition,50.5954110000,-1.2019780000
120000,2004-01-21 00:00:00Z,PO38 1SQ,Flats/Maisonettes,Established,Leasehold,MIRAMARE COURT,FLAT 2,HAMBROUGH ROAD,VENTNOR,VENTNOR,ISLE OF WIGHT,ISLE OF WIGHT,Standard,Addition,50.5939430000,-1.2057330000
159000,2004-10-12 00:00:00Z,PO38 1JB,Terraced,Established,Freehold,1,,ALPINE ROAD,VENTNOR,VENTNOR,ISLE OF WIGHT,ISLE OF WIGHT,Standard,Addition,50.5943690000,-1.2074210000
310000,2004-08-06 00:00:00Z,PO38 1ED,Flats/Maisonettes,New Build,Leasehold,KINGSVIEW,14,CHURCH STREET,VENTNOR,VENTNOR,ISLE OF WIGHT,ISLE OF WIGHT,Standard,Addition,50.5941310000,-1.2069430000
225000,2004-10-19 00:00:00Z,PO38 1NQ,Terraced,Established,Freehold,24,,WEST STREET,VENTNOR,VENTNOR,ISLE OF WIGHT,ISLE OF WIGHT,Standard,Addition,50.5955840000,-1.2009870000
78000,2004-09-17 00:00:00Z,PO38 1ET,Flats/Maisonettes,Established,Leasehold,10B,,VICTORIA STREET,VENTNOR,VENTNOR,ISLE OF WIGHT,ISLE OF WIGHT,Standard,Addition,50.5955530000,-1.2020360000
110000,2004-03-29 00:00:00Z,PO38 1EZ,Semi-Detached,Established,Freehold,46,,ALBERT STREET,VENTNOR,VENTNOR,ISLE OF WIGHT,ISLE OF WIGHT,Standard,Addition,50.5945480000,-1.2037910000
175000,2004-06-16 00:00:00Z,PO38 1SQ,Flats/Maisonettes,New Build,Leasehold,MIRAMARE COURT,FLAT 4,HAMBROUGH ROAD,VENTNOR,VENTNOR,ISLE OF WIGHT,ISLE OF WIGHT,Standard,Addition,50.5939430000,-1.2057330000
125000,2005-12-16 00:00:00Z,PO38 1EZ,Semi-Detached,Established,Freehold,28,,ALBERT STREET,VENTNOR,VENTNOR,ISLE OF WIGHT,ISLE OF WIGHT,Standard,Addition,50.5945480000,-1.2037910000
164650,2005-09-16 00:00:00Z,PO38 1SD,Semi-Detached,New Build,Freehold,SPRING COURT,2,HIGH STREET,VENTNOR,VENTNOR,ISLE OF WIGHT,ISLE OF WIGHT,Standard,Addition,50.5951000000,-1.2065330000
98000,2005-02-25 00:00:00Z,PO38 1HD,Terraced,Established,Freehold,HORNE COTTAGE,,POUND LANE,VENTNOR,VENTNOR,ISLE OF WIGHT,ISLE OF WIGHT,Standard,Addition,50.5952520000,-1.2028330000
118000,2005-05-16 00:00:00Z,PO38 1PD,Flats/Maisonettes,Established,Leasehold,7,,SPRING HILL COURT,VENTNOR,VENTNOR,ISLE OF WIGHT,ISLE OF WIGHT,Standard,Addition,50.5969080000,-1.2013740000
150000,2005-07-29 00:00:00Z,PO38 1TW,Flats/Maisonettes,Established,Leasehold,1,GROUND FLOOR FLAT,SOUTHGROVE TERRACE,,VENTNOR,ISLE OF WIGHT,ISLE OF WIGHT,Standard,Addition,50.5969470000,-1.2070670000
220000,2005-09-30 00:00:00Z,PO38 1ED,Flats/Maisonettes,New Build,Leasehold,KINGSVIEW,8,CHURCH STREET,VENTNOR,VENTNOR,ISLE OF WIGHT,ISLE OF WIGHT,Standard,Addition,50.5941310000,-1.2069430000
125000,2005-03-11 00:00:00Z,PO38 1ST,Terraced,Established,Freehold,2,,PIER STREET,,VENTNOR,ISLE OF WIGHT,ISLE OF WIGHT,Standard,Addition,50.5948020000,-1.2053830000
149950,2005-12-08 00:00:00Z,PO38 1DJ,Flats/Maisonettes,Established,Freehold,TAVERN COTTAGES,3,MITCHELL AVENUE,VENTNOR,VENTNOR,ISLE OF WIGHT,ISLE OF WIGHT,Standard,Addition,50.5973130000,-1.2080360000
225000,2005-08-02 00:00:00Z,PO38 1RZ,Terraced,Established,Freehold,24,,HIGH STREET,,VENTNOR,ISLE OF WIGHT,ISLE OF WIGHT,Standard,Addition,50.5952750000,-1.2048100000
576000,2005-10-28 00:00:00Z,PO38 1TE,Detached,Established,Freehold,MANOR COTTAGE,,MARLBOROUGH ROAD,,VENTNOR,ISLE OF WIGHT,ISLE OF WIGHT,Standard,Addition,50.5952840000,-1.2071520000
130000,2005-03-24 00:00:00Z,PO38 1ST,Flats/Maisonettes,Established,Leasehold,15A,,PIER STREET,VENTNOR,VENTNOR,ISLE OF WIGHT,ISLE OF WIGHT,Standard,Addition,50.5948020000,-1.2053830000
137000,2005-06-03 00:00:00Z,PO38 1EU,Semi-Detached,Established,Freehold,"OXFORD COTTAGE, 98",,ALBERT STREET,VENTNOR,VENTNOR,ISLE OF WIGHT,ISLE OF WIGHT,Standard,Addition,50.5949430000,-1.2023150000
119000,2005-12-09 00:00:00Z,PO38 1DR,Terraced,Established,Leasehold,67,,MITCHELL AVENUE,VENTNOR,VENTNOR,ISLE OF WIGHT,ISLE OF WIGHT,Standard,Addition,50.5978430000,-1.2052150000
42000,2005-05-05 00:00:00Z,PO38 1DU,Flats/Maisonettes,New Build,Leasehold,"BONIFACE COURT, 84",FLAT 1,MITCHELL AVENUE,VENTNOR,VENTNOR,ISLE OF WIGHT,ISLE OF WIGHT,Standard,Addition,50.5977120000,-1.2021410000
225000,2005-02-25 00:00:00Z,PO38 1BT,Flats/Maisonettes,New Build,Leasehold,"ALGERNON HOUSE, 17",FLAT 6,ALPINE ROAD,VENTNOR,VENTNOR,ISLE OF WIGHT,ISLE OF WIGHT,Standard,Addition,50.5946940000,-1.2089980000
205000,2005-10-10 00:00:00Z,PO38 1SW,Terraced,Established,Freehold,1,GROUND FLOOR SHOP,CHURCH STREET,VENTNOR,VENTNOR,ISLE OF WIGHT,ISLE OF WIGHT,Standard,Addition,50.5947190000,-1.2060870000
399950,2005-04-13 00:00:00Z,PO38 1BT,Flats/Maisonettes,New Build,Leasehold,"ALGERNON HOUSE, 17",FLAT 9,ALPINE ROAD,VENTNOR,VENTNOR,ISLE OF WIGHT,ISLE OF WIGHT,Standard,Addition,50.5946940000,-1.2089980000
41500,2005-02-04 00:00:00Z,PO38 1EU,Flats/Maisonettes,Established,Leasehold,47,FLAT 3,ALBERT STREET,VENTNOR,VENTNOR,ISLE OF WIGHT,ISLE OF WIGHT,Standard,Addition,50.5949430000,-1.2023150000
155000,2005-10-28 00:00:00Z,PO38 1SQ,Flats/Maisonettes,Established,Leasehold,ELIZABETH HOUSE,FLAT 4,HAMBROUGH ROAD,VENTNOR,VENTNOR,ISLE OF WIGHT,ISLE OF WIGHT,Standard,Addition,50.5939430000,-1.2057330000
145000,2005-12-08 00:00:00Z,PO38 1SD,Semi-Detached,New Build,Freehold,SPRING COURT,3,HIGH STREET,,VENTNOR,ISLE OF WIGHT,ISLE OF WIGHT,Standard,Addition,50.5951000000,-1.2065330000
450000,2005-05-25 00:00:00Z,PO38 1TS,Detached,Established,Freehold,PRIMROSE BANK,,GROVE ROAD,VENTNOR,VENTNOR,ISLE OF WIGHT,ISLE OF WIGHT,Standard,Addition,50.5964690000,-1.2082340000
100000,2005-12-22 00:00:00Z,PO38 1LZ,Terraced,Established,Freehold,147,,HIGH STREET,VENTNOR,VENTNOR,ISLE OF WIGHT,ISLE OF WIGHT,Standard,Addition,50.5964670000,-1.2003110000
50000,2005-08-30 00:00:00Z,PO38 1DU,Flats/Maisonettes,New Build,Leasehold,"BONIFACE COURT, 84",FLAT 9,MITCHELL AVENUE,VENTNOR,VENTNOR,ISLE OF WIGHT,ISLE OF WIGHT,Standard,Addition,50.5977120000,-1.2021410000
244995,2005-12-16 00:00:00Z,PO38 1LZ,Terraced,Established,Freehold,140,,HIGH STREET,VENTNOR,VENTNOR,ISLE OF WIGHT,ISLE OF WIGHT,Standard,Addition,50.5964670000,-1.2003110000
115000,2005-07-15 00:00:00Z,PO38 1PD,Flats/Maisonettes,Established,Leasehold,8,,SPRING HILL COURT,VENTNOR,VENTNOR,ISLE OF WIGHT,ISLE OF WIGHT,Standard,Addition,50.5969080000,-1.2013740000
50000,2005-06-16 00:00:00Z,PO38 1DU,Flats/Maisonettes,New Build,Leasehold,"BONIFACE COURT, 84",FLAT 5,MITCHELL AVENUE,VENTNOR,VENTNOR,ISLE OF WIGHT,ISLE OF WIGHT,Standard,Addition,50.5977120000,-1.2021410000
85000,2005-06-01 00:00:00Z,PO38 1LT,Flats/Maisonettes,Established,Leasehold,50,FLAT 1,HIGH STREET,,VENTNOR,ISLE OF WIGHT,ISLE OF WIGHT,Standard,Addition,50.5954950000,-1.2038560000
270000,2005-06-27 00:00:00Z,PO38 1TN,Terraced,Established,Freehold,5,,SOUTHGROVE TERRACE,VENTNOR,VENTNOR,ISLE OF WIGHT,ISLE OF WIGHT,Standard,Addition,50.5965590000,-1.2057920000
42000,2005-05-04 00:00:00Z,PO38 1DU,Flats/Maisonettes,New Build,Leasehold,"BONIFACE COURT, 84",FLAT 10,MITCHELL AVENUE,VENTNOR,VENTNOR,ISLE OF WIGHT,ISLE OF WIGHT,Standard,Addition,50.5977120000,-1.2021410000
112500,2005-04-22 00:00:00Z,PO38 1EU,Terraced,Established,Freehold,25,,ALBERT STREET,VENTNOR,VENTNOR,ISLE OF WIGHT,ISLE OF WIGHT,Standard,Addition,50.5949430000,-1.2023150000
177500,2005-12-22 00:00:00Z,PO38 1JW,Flats/Maisonettes,Established,Leasehold,ESPLANADE HOUSE,FLAT 4,ESPLANADE ROAD,VENTNOR,VENTNOR,ISLE OF WIGHT,ISLE OF WIGHT,Standard,Addition,50.5935260000,-1.2068460000
145000,2005-12-16 00:00:00Z,PO38 1BT,Flats/Maisonettes,New Build,Leasehold,"ALGERNON HOUSE, 17",FLAT 1,ALPINE ROAD,VENTNOR,VENTNOR,ISLE OF WIGHT,ISLE OF WIGHT,Standard,Addition,50.5946940000,-1.2089980000
157950,2005-11-29 00:00:00Z,PO38 1SD,Detached,Established,Freehold,SPRING COURT,7,HIGH STREET,VENTNOR,VENTNOR,ISLE OF WIGHT,ISLE OF WIGHT,Standard,Addition,50.5951000000,-1.2065330000
150000,2005-09-02 00:00:00Z,PO38 1JD,Flats/Maisonettes,Established,Leasehold,SEA CLIFF,FLAT 2,BELGRAVE ROAD,VENTNOR,VENTNOR,ISLE OF WIGHT,ISLE OF WIGHT,Standard,Addition,50.5943370000,-1.2081280000
70000,2005-12-16 00:00:00Z,PO38 1EE,Flats/Maisonettes,Established,Leasehold,8,FLAT 4,ALEXANDRA GARDENS,VENTNOR,VENTNOR,ISLE OF WIGHT,ISLE OF WIGHT,Standard,Addition,50.5941570000,-1.2041330000
174000,2005-03-11 00:00:00Z,PO38 1DP,Semi-Detached,Established,Leasehold,26,,MITCHELL AVENUE,VENTNOR,VENTNOR,ISLE OF WIGHT,ISLE OF WIGHT,Standard,Addition,50.5974360000,-1.2062390000
165000,2005-12-09 00:00:00Z,PO38 1ED,Flats/Maisonettes,Established,Leasehold,KINGSVIEW,4,CHURCH STREET,VENTNOR,VENTNOR,ISLE OF WIGHT,ISLE OF WIGHT,Standard,Addition,50.5941310000,-1.2069430000
105000,2005-11-24 00:00:00Z,PO38 1HF,Flats/Maisonettes,New Build,Leasehold,CLARENDON PRESS,FLAT 2,MARKET STREET,VENTNOR,VENTNOR,ISLE OF WIGHT,ISLE OF WIGHT,Standard,Addition,50.5950320000,-1.2031290000
180000,2005-06-13 00:00:00Z,PO38 1TB,Detached,Established,Freehold,THE LODGE,,THE GROVE,VENTNOR,VENTNOR,ISLE OF WIGHT,ISLE OF WIGHT,Standard,Addition,50.5953300000,-1.2085920000
105000,2005-12-14 00:00:00Z,PO38 1PD,Flats/Maisonettes,Established,Leasehold,1,,SPRING HILL COURT,VENTNOR,VENTNOR,ISLE OF WIGHT,ISLE OF WIGHT,Standard,Addition,50.5969080000,-1.2013740000
95000,2005-08-17 00:00:00Z,PO38 1PF,Flats/Maisonettes,Established,Leasehold,"WOLLESCOTE HOUSE, 37",FLAT 1A,SPRING HILL,VENTNOR,VENTNOR,ISLE OF WIGHT,ISLE OF WIGHT,Standard,Addition,50.5967400000,-1.2030160000
145000,2005-12-16 00:00:00Z,PO38 1SD,Semi-Detached,New Build,Freehold,SPRING COURT,4,HIGH STREET,VENTNOR,VENTNOR,ISLE OF WIGHT,ISLE OF WIGHT,Standard,Addition,50.5951000000,-1.2065330000
122500,2005-10-14 00:00:00Z,PO38 1SQ,Flats/Maisonettes,New Build,Leasehold,MIRAMARE COURT,FLAT 1,HAMBROUGH ROAD,VENTNOR,VENTNOR,ISLE OF WIGHT,ISLE OF WIGHT,Standard,Addition,50.5939430000,-1.2057330000
203000,2005-02-21 00:00:00Z,PO38 1PJ,Semi-Detached,Established,Freehold,5,,ST BONIFACE TERRACE,VENTNOR,VENTNOR,ISLE OF WIGHT,ISLE OF WIGHT,Standard,Addition,50.5977280000,-1.2002300000
115000,2005-11-25 00:00:00Z,PO38 1HF,Flats/Maisonettes,New Build,Leasehold,CLARENDON PRESS,FLAT 9,MARKET STREET,VENTNOR,VENTNOR,ISLE OF WIGHT,ISLE OF WIGHT,Standard,Addition,50.5950320000,-1.2031290000
52000,2005-10-14 00:00:00Z,PO38 1DU,Flats/Maisonettes,Established,Leasehold,"BONIFACE COURT, 84",FLAT 2,MITCHELL AVENUE,VENTNOR,VENTNOR,ISLE OF WIGHT,ISLE OF WIGHT,Standard,Addition,50.5977120000,-1.2021410000
55000,2005-08-05 00:00:00Z,PO38 1DU,Flats/Maisonettes,New Build,Leasehold,"BONIFACE COURT, 84",FLAT 4,MITCHELL AVENUE,VENTNOR,VENTNOR,ISLE OF WIGHT,ISLE OF WIGHT,Standard,Addition,50.5977120000,-1.2021410000
135000,2005-12-16 00:00:00Z,PO38 1EU,Flats/Maisonettes,Established,Leasehold,100,FLAT 3,ALBERT STREET,VENTNOR,VENTNOR,ISLE OF WIGHT,ISLE OF WIGHT,Standard,Addition,50.5949430000,-1.2023150000
94500,2005-03-10 00:00:00Z,PO38 1RZ,Terraced,Established,Leasehold,16A,,HIGH STREET,,VENTNOR,ISLE OF WIGHT,ISLE OF WIGHT,Standard,Addition,50.5952750000,-1.2048100000
235000,2005-09-05 00:00:00Z,PO38 1TS,Detached,Established,Freehold,WOODLANDS,,GROVE ROAD,VENTNOR,VENTNOR,ISLE OF WIGHT,ISLE OF WIGHT,Standard,Addition,50.5964690000,-1.2082340000
150000,2005-12-02 00:00:00Z,PO38 1SD,Semi-Detached,New Build,Freehold,SPRING COURT,6,HIGH STREET,VENTNOR,VENTNOR,ISLE OF WIGHT,ISLE OF WIGHT,Standard,Addition,50.5951000000,-1.2065330000
124500,2005-11-24 00:00:00Z,PO38 1HF,Flats/Maisonettes,New Build,Leasehold,CLARENDON PRESS,FLAT 7,MARKET STREET,VENTNOR,VENTNOR,ISLE OF WIGHT,ISLE OF WIGHT,Standard,Addition,50.5950320000,-1.2031290000
192000,2005-11-03 00:00:00Z,PO38 1ED,Flats/Maisonettes,New Build,Leasehold,KINGSVIEW,12,CHURCH STREET,VENTNOR,VENTNOR,ISLE OF WIGHT,ISLE OF WIGHT,Standard,Addition,50.5941310000,-1.2069430000
225000,2005-02-25 00:00:00Z,PO38 1BT,Flats/Maisonettes,New Build,Leasehold,"ALGERNON HOUSE, 17",FLAT 3,ALPINE ROAD,VENTNOR,VENTNOR,ISLE OF WIGHT,ISLE OF WIGHT,Standard,Addition,50.5946940000,-1.2089980000
165000,2005-07-22 00:00:00Z,PO38 1SD,Semi-Detached,New Build,Freehold,SPRING COURT,1,HIGH STREET,VENTNOR,VENTNOR,ISLE OF WIGHT,ISLE OF WIGHT,Standard,Addition,50.5951000000,-1.2065330000
185000,2005-01-06 00:00:00Z,PO38 1ED,Flats/Maisonettes,Established,Leasehold,KINGSVIEW,3,CHURCH STREET,VENTNOR,VENTNOR,ISLE OF WIGHT,ISLE OF WIGHT,Standard,Addition,50.5941310000,-1.2069430000
74000,2005-06-30 00:00:00Z,PO38 1RZ,Flats/Maisonettes,Established,Leasehold,27A,,HIGH STREET,VENTNOR,VENTNOR,ISLE OF WIGHT,ISLE OF WIGHT,Standard,Addition,50.5952750000,-1.2048100000
127000,2005-05-13 00:00:00Z,PO38 1EL,Flats/Maisonettes,Established,Leasehold,TUDOR HOUSE,2,VICTORIA STREET,VENTNOR,VENTNOR,ISLE OF WIGHT,ISLE OF WIGHT,Standard,Addition,50.5954110000,-1.2019780000
102500,2005-11-25 00:00:00Z,PO38 1HF,Flats/Maisonettes,New Build,Leasehold,CLARENDON PRESS,FLAT 4,MARKET STREET,VENTNOR,VENTNOR,ISLE OF WIGHT,ISLE OF WIGHT,Standard,Addition,50.5950320000,-1.2031290000
145000,2005-12-08 00:00:00Z,PO38 1SD,Semi-Detached,New Build,Freehold,SPRING COURT,5,HIGH STREET,VENTNOR,VENTNOR,ISLE OF WIGHT,ISLE OF WIGHT,Standard,Addition,50.5951000000,-1.2065330000
187000,2005-04-28 00:00:00Z,PO38 1EU,Detached,Established,Leasehold,96,,ALBERT STREET,VENTNOR,VENTNOR,ISLE OF WIGHT,ISLE OF WIGHT,Standard,Addition,50.5949430000,-1.2023150000
205000,2005-06-24 00:00:00Z,PO38 1PF,Flats/Maisonettes,Established,Leasehold,"WOLLESCOTE HOUSE, 37",FLAT 3,SPRING HILL,VENTNOR,VENTNOR,ISLE OF WIGHT,ISLE OF WIGHT,Standard,Addition,50.5967400000,-1.2030160000
170000,2005-02-25 00:00:00Z,PO38 1BT,Flats/Maisonettes,New Build,Leasehold,"ALGERNON HOUSE, 17",FLAT 4,ALPINE ROAD,VENTNOR,VENTNOR,ISLE OF WIGHT,ISLE OF WIGHT,Standard,Addition,50.5946940000,-1.2089980000
110000,2005-10-17 00:00:00Z,PO38 1EZ,Terraced,Established,Freehold,26,,ALBERT STREET,VENTNOR,VENTNOR,ISLE OF WIGHT,ISLE OF WIGHT,Standard,Addition,50.5945480000,-1.2037910000
120000,2005-06-21 00:00:00Z,PO38 1EE,Semi-Detached,Established,Freehold,2,,ALEXANDRA GARDENS,VENTNOR,VENTNOR,ISLE OF WIGHT,ISLE OF WIGHT,Standard,Addition,50.5941570000,-1.2041330000
221000,2005-06-10 00:00:00Z,PO38 1BT,Flats/Maisonettes,New Build,Leasehold,"ALGERNON HOUSE, 17",FLAT 5,ALPINE ROAD,VENTNOR,VENTNOR,ISLE OF WIGHT,ISLE OF WIGHT,Standard,Addition,50.5946940000,-1.2089980000
187500,2005-05-03 00:00:00Z,PO38 1BT,Flats/Maisonettes,New Build,Leasehold,"ALGERNON HOUSE, 17",FLAT 2,ALPINE ROAD,VENTNOR,VENTNOR,ISLE OF WIGHT,ISLE OF WIGHT,Standard,Addition,50.5946940000,-1.2089980000
93000,2005-04-15 00:00:00Z,PO38 1EU,Flats/Maisonettes,Established,Leasehold,49A,,ALBERT STREET,VENTNOR,VENTNOR,ISLE OF WIGHT,ISLE OF WIGHT,Standard,Addition,50.5949430000,-1.2023150000
220000,2005-04-07 00:00:00Z,PO38 1ED,Flats/Maisonettes,Established,Leasehold,KINGSVIEW,16,CHURCH STREET,VENTNOR,VENTNOR,ISLE OF WIGHT,ISLE OF WIGHT,Standard,Addition,50.5941310000,-1.2069430000
137500,2005-11-18 00:00:00Z,PO38 1JD,Flats/Maisonettes,Established,Leasehold,SEA CLIFF,FLAT 3,BELGRAVE ROAD,VENTNOR,VENTNOR,ISLE OF WIGHT,ISLE OF WIGHT,Standard,Addition,50.5943370000,-1.2081280000
129950,2005-09-26 00:00:00Z,PO38 1EL,Flats/Maisonettes,New Build,Leasehold,TUDOR HOUSE,1,VICTORIA STREET,VENTNOR,VENTNOR,ISLE OF WIGHT,ISLE OF WIGHT,Standard,Addition,50.5954110000,-1.2019780000
95000,2005-12-16 00:00:00Z,PO38 1EU,Flats/Maisonettes,Established,Leasehold,100,FLAT 1,ALBERT STREET,VENTNOR,VENTNOR,ISLE OF WIGHT,ISLE OF WIGHT,Standard,Addition,50.5949430000,-1.2023150000
118000,2005-11-25 00:00:00Z,PO38 1HF,Flats/Maisonettes,New Build,Leasehold,CLARENDON PRESS,FLAT 11,MARKET STREET,VENTNOR,VENTNOR,ISLE OF WIGHT,ISLE OF WIGHT,Standard,Addition,50.5950320000,-1.2031290000
88950,2005-08-22 00:00:00Z,PO38 1EE,Flats/Maisonettes,Established,Leasehold,8,FLAT 2,ALEXANDRA GARDENS,VENTNOR,VENTNOR,ISLE OF WIGHT,ISLE OF WIGHT,Standard,Addition,50.5941570000,-1.2041330000
395000,2005-10-14 00:00:00Z,PO38 1ED,Flats/Maisonettes,New Build,Leasehold,KINGSVIEW,18,CHURCH STREET,VENTNOR,VENTNOR,ISLE OF WIGHT,ISLE OF WIGHT,Standard,Addition,50.5941310000,-1.2069430000
76000,2005-11-25 00:00:00Z,PO38 1RZ,Flats/Maisonettes,Established,Leasehold,23B,,HIGH STREET,VENTNOR,VENTNOR,ISLE OF WIGHT,ISLE OF WIGHT,Standard,Addition,50.5952750000,-1.2048100000
190000,2006-10-18 00:00:00Z,PO38 1TY,Terraced,New Build,Freehold,SPRING COTTAGES,1,MARLBOROUGH ROAD,VENTNOR,VENTNOR,ISLE OF WIGHT,ISLE OF WIGHT,Standard,Addition,50.5953260000,-1.2066850000
172500,2006-12-08 00:00:00Z,PO38 1DL,Semi-Detached,Established,Leasehold,25,,MITCHELL AVENUE,VENTNOR,VENTNOR,ISLE OF WIGHT,ISLE OF WIGHT,Standard,Addition,50.5976510000,-1.2073800000
330000,2006-06-08 00:00:00Z,PO38 1PJ,Semi-Detached,Established,Freehold,PILGRIM LODGE,,ST BONIFACE ROAD,VENTNOR,VENTNOR,ISLE OF WIGHT,ISLE OF WIGHT,Standard,Addition,50.5977280000,-1.2002300000
99000,2006-11-16 00:00:00Z,PO38 1JX,Flats/Maisonettes,Established,Leasehold,RICHMOND HOTEL,FLAT 3,ESPLANADE,VENTNOR,VENTNOR,ISLE OF WIGHT,ISLE OF WIGHT,Standard,Addition,50.5933140000,-1.2098260000
145000,2006-04-28 00:00:00Z,PO38 1BT,Flats/Maisonettes,New Build,Leasehold,"ALGERNON HOUSE, 17",FLAT 8,ALPINE ROAD,VENTNOR,VENTNOR,ISLE OF WIGHT,ISLE OF WIGHT,Standard,Addition,50.5946940000,-1.2089980000
120000,2006-09-15 00:00:00Z,PO38 1SQ,Flats/Maisonettes,Established,Leasehold,PALMERSTON HOUSE,FLAT 3,HAMBROUGH ROAD,VENTNOR,VENTNOR,ISLE OF WIGHT,ISLE OF WIGHT,Standard,Addition,50.5939430000,-1.2057330000
405000,2006-08-10 00:00:00Z,PO38 1TB,Detached,Established,Freehold,ST CATHERINES HOUSE,,THE GROVE,VENTNOR,VENTNOR,ISLE OF WIGHT,ISLE OF WIGHT,Standard,Addition,50.5953300000,-1.2085920000
82950,2006-02-15 00:00:00Z,PO38 1ET,Flats/Maisonettes,Established,Leasehold,10B,,VICTORIA STREET,VENTNOR,VENTNOR,ISLE OF WIGHT,ISLE OF WIGHT,Standard,Addition,50.5955530000,-1.2020360000
175000,2006-05-19 00:00:00Z,PO38 1EZ,Terraced,New Build,Freehold,36,,ALBERT STREET,VENTNOR,VENTNOR,ISLE OF WIGHT,ISLE OF WIGHT,Standard,Addition,50.5945480000,-1.2037910000
215000,2006-05-30 00:00:00Z,PO38 1TF,Semi-Detached,Established,Freehold,GROVE HURST,1,MARLBOROUGH ROAD,VENTNOR,VENTNOR,ISLE OF WIGHT,ISLE OF WIGHT,Standard,Addition,50.5953220000,-1.2064630000
148000,2006-07-21 00:00:00Z,PO38 1ST,Terraced,Established,Freehold,2,,PIER STREET,,VENTNOR,ISLE OF WIGHT,ISLE OF WIGHT,Standard,Addition,50.5948020000,-1.2053830000
168000,2006-09-29 00:00:00Z,PO38 1LT,Terraced,Established,Freehold,46,,HIGH STREET,,VENTNOR,ISLE OF WIGHT,ISLE OF WIGHT,Standard,Addition,50.5954950000,-1.2038560000
230000,2006-02-01 00:00:00Z,PO38 1RZ,Terraced,Established,Freehold,25,,HIGH STREET,,VENTNOR,ISLE OF WIGHT,ISLE OF WIGHT,Standard,Addition,50.5952750000,-1.2048100000
310400,2006-05-04 00:00:00Z,PO38 1JP,Flats/Maisonettes,New Build,Leasehold,METROPOLE,5,ESPLANADE,,VENTNOR,ISLE OF WIGHT,ISLE OF WIGHT,Standard,Addition,50.5933870000,-1.2071690000
155000,2006-11-17 00:00:00Z,PO38 1BT,Flats/Maisonettes,Established,Leasehold,"ALGERNON HOUSE, 17",FLAT 4,ALPINE ROAD,VENTNOR,VENTNOR,ISLE OF WIGHT,ISLE OF WIGHT,Standard,Addition,50.5946940000,-1.2089980000
88500,2006-05-12 00:00:00Z,PO38 1ST,Terraced,Established,Leasehold,23A,,PIER STREET,VENTNOR,VENTNOR,ISLE OF WIGHT,ISLE OF WIGHT,Standard,Addition,50.5948020000,-1.2053830000
127750,2006-07-27 00:00:00Z,PO38 1HF,Flats/Maisonettes,New Build,Leasehold,CLARENDON PRESS,FLAT 14,MARKET STREET,VENTNOR,VENTNOR,ISLE OF WIGHT,ISLE OF WIGHT,Standard,Addition,50.5950320000,-1.2031290000
97000,2006-03-20 00:00:00Z,PO38 1LZ,Flats/Maisonettes,Established,Leasehold,139B,,HIGH STREET,VENTNOR,VENTNOR,ISLE OF WIGHT,ISLE OF WIGHT,Standard,Addition,50.5964670000,-1.2003110000
250000,2006-07-05 00:00:00Z,PO38 1SN,Semi-Detached,Established,Freehold,21C,,CHURCH STREET,VENTNOR,VENTNOR,ISLE OF WIGHT,ISLE OF WIGHT,Standard,Addition,50.5943640000,-1.2067860000
125000,2006-04-21 00:00:00Z,PO38 1BT,Flats/Maisonettes,New Build,Leasehold,"ALGERNON HOUSE, 17",FLAT 7,ALPINE ROAD,VENTNOR,VENTNOR,ISLE OF WIGHT,ISLE OF WIGHT,Standard,Addition,50.5946940000,-1.2089980000
295000,2006-02-28 00:00:00Z,PO38 1EE,Semi-Detached,Established,Freehold,2,,ALEXANDRA GARDENS,VENTNOR,VENTNOR,ISLE OF WIGHT,ISLE OF WIGHT,Standard,Addition,50.5941570000,-1.2041330000
170000,2006-10-20 00:00:00Z,PO38 1TF,Semi-Detached,Established,Freehold,2,,GROVE HURST,VENTNOR,VENTNOR,ISLE OF WIGHT,ISLE OF WIGHT,Standard,Addition,50.5953220000,-1.2064630000
60000,2006-01-06 00:00:00Z,PO38 1ET,Semi-Detached,Established,Leasehold,2,,VICTORIA STREET,VENTNOR,VENTNOR,ISLE OF WIGHT,ISLE OF WIGHT,Standard,Addition,50.5955530000,-1.2020360000
135000,2006-07-07 00:00:00Z,PO38 1TH,Flats/Maisonettes,Established,Leasehold,ST DAVIDS LODGE,FLAT 1,GROVE ROAD,VENTNOR,VENTNOR,ISLE OF WIGHT,ISLE OF WIGHT,Standard,Addition,50.5960780000,-1.2048640000
246000,2006-05-04 00:00:00Z,PO38 1ED,Flats/Maisonettes,Established,Leasehold,KINGSVIEW,11,CHURCH STREET,VENTNOR,VENTNOR,ISLE OF WIGHT,ISLE OF WIGHT,Standard,Addition,50.5941310000,-1.2069430000
197500,2006-03-28 00:00:00Z,PO38 1TY,Terraced,New Build,Freehold,SPRING COTTAGES,3,MARLBOROUGH ROAD,,VENTNOR,ISLE OF WIGHT,ISLE OF WIGHT,Standard,Addition,50.5953260000,-1.2066850000
55000,2006-02-16 00:00:00Z,PO38 1LZ,Flats/Maisonettes,New Build,Leasehold,150A,,HIGH STREET,VENTNOR,VENTNOR,ISLE OF WIGHT,ISLE OF WIGHT,Standard,Addition,50.5964670000,-1.2003110000
100000,2006-08-25 00:00:00Z,PO38 1JN,Terraced,Established,Freehold,THE LODGE,,MARINE PARADE,VENTNOR,VENTNOR,ISLE OF WIGHT,ISLE OF WIGHT,Standard,Addition,50.5938760000,-1.2080130000
275000,2006-10-18 00:00:00Z,PO38 1PF,Detached,Established,Freehold,25,,SPRING HILL,VENTNOR,VENTNOR,ISLE OF WIGHT,ISLE OF WIGHT,Standard,Addition,50.5967400000,-1.2030160000
135000,2006-05-23 00:00:00Z,PO38 1SQ,Flats/Maisonettes,Established,Leasehold,ROSELYN HOUSE,FLAT 4,HAMBROUGH ROAD,VENTNOR,VENTNOR,ISLE OF WIGHT,ISLE OF WIGHT,Standard,Addition,50.5939430000,-1.2057330000
165000,2006-05-19 00:00:00Z,PO38 1SQ,Flats/Maisonettes,Established,Leasehold,ELIZABETH HOUSE,FLAT 3,HAMBROUGH ROAD,VENTNOR,VENTNOR,ISLE OF WIGHT,ISLE OF WIGHT,Standard,Addition,50.5939430000,-1.2057330000
90000,2006-08-25 00:00:00Z,PO38 1JF,Flats/Maisonettes,Established,Leasehold,SAUNDERS HOUSE,FLAT 4,ALBERT STREET,VENTNOR,VENTNOR,ISLE OF WIGHT,ISLE OF WIGHT,Standard,Addition,50.5947600000,-1.2043630000
123950,2006-01-06 00:00:00Z,PO38 1EL,Flats/Maisonettes,Established,Leasehold,TUDOR HOUSE,3,VICTORIA STREET,VENTNOR,VENTNOR,ISLE OF WIGHT,ISLE OF WIGHT,Standard,Addition,50.5954110000,-1.2019780000
152500,2006-07-14 00:00:00Z,PO38 1TH,Flats/Maisonettes,Established,Leasehold,KING CHARLES COURT,FLAT 8,GROVE ROAD,VENTNOR,VENTNOR,ISLE OF WIGHT,ISLE OF WIGHT,Standard,Addition,50.5960780000,-1.2048640000
185000,2006-07-14 00:00:00Z,PO38 1PF,Semi-Detached,Established,Freehold,56,,SPRING HILL,VENTNOR,VENTNOR,ISLE OF WIGHT,ISLE OF WIGHT,Standard,Addition,50.5967400000,-1.2030160000
179000,2006-05-18 00:00:00Z,PO38 1DW,Semi-Detached,Established,Freehold,12,,MITCHELL AVENUE,VENTNOR,VENTNOR,ISLE OF WIGHT,ISLE OF WIGHT,Standard,Addition,50.5973880000,-1.2071590000
152500,2006-03-15 00:00:00Z,PO38 1TH,Flats/Maisonettes,Established,Leasehold,KING CHARLES COURT,FLAT 11,GROVE ROAD,VENTNOR,VENTNOR,ISLE OF WIGHT,ISLE OF WIGHT,Standard,Addition,50.5960780000,-1.2048640000
340000,2006-07-13 00:00:00Z,PO38 1JT,Flats/Maisonettes,Established,Leasehold,RIVIERA,3,ESPLANADE,VENTNOR,VENTNOR,ISLE OF WIGHT,ISLE OF WIGHT,Standard,Addition,50.5934370000,-1.2083590000
349000,2006-11-17 00:00:00Z,PO38 1EE,Terraced,Established,Freehold,3,,ALEXANDRA GARDENS,VENTNOR,VENTNOR,ISLE OF WIGHT,ISLE OF WIGHT,Standard,Addition,50.5941570000,-1.2041330000
325000,2006-05-16 00:00:00Z,PO38 1JP,Flats/Maisonettes,New Build,Leasehold,THE METROPOLE,2,ESPLANADE,VENTNOR,VENTNOR,ISLE OF WIGHT,ISLE OF WIGHT,Standard,Addition,50.5933870000,-1.2071690000
135000,2006-11-30 00:00:00Z,PO38 1BT,Flats/Maisonettes,Established,Leasehold,27B,,ALPINE ROAD,VENTNOR,VENTNOR,ISLE OF WIGHT,ISLE OF WIGHT,Standard,Addition,50.5946940000,-1.2089980000
224500,2006-09-12 00:00:00Z,PO38 1LZ,Semi-Detached,Established,Freehold,151,,HIGH STREET,VENTNOR,VENTNOR,ISLE OF WIGHT,ISLE OF WIGHT,Standard,Addition,50.5964670000,-1.2003110000
385000,2006-12-12 00:00:00Z,PO38 1EB,Detached,Established,Freehold,5,,MACROCARPA ROAD,VENTNOR,VENTNOR,ISLE OF WIGHT,ISLE OF WIGHT,Standard,Addition,50.5971930000,-1.2049440000
90000,2006-02-28 00:00:00Z,PO38 1HD,Terraced,Established,Freehold,ALBERT COTTAGES,3,POUND LANE,VENTNOR,VENTNOR,ISLE OF WIGHT,ISLE OF WIGHT,Standard,Addition,50.5952520000,-1.2028330000
140000,2006-09-22 00:00:00Z,PO38 1JW,Flats/Maisonettes,Established,Leasehold,ESPLANADE HOUSE,FLAT 1,ESPLANADE ROAD,VENTNOR,VENTNOR,ISLE OF WIGHT,ISLE OF WIGHT,Standard,Addition,50.5935260000,-1.2068460000
365000,2006-08-17 00:00:00Z,PO38 1JP,Flats/Maisonettes,New Build,Leasehold,THE METROPOLE,8,ESPLANADE,VENTNOR,VENTNOR,ISLE OF WIGHT,ISLE OF WIGHT,Standard,Addition,50.5933870000,-1.2071690000
355000,2006-11-15 00:00:00Z,PO38 1JP,Flats/Maisonettes,New Build,Leasehold,THE METROPOLE,7,ESPLANADE,VENTNOR,VENTNOR,ISLE OF WIGHT,ISLE OF WIGHT,Standard,Addition,50.5933870000,-1.2071690000
375000,2006-01-12 00:00:00Z,PO38 1BT,Flats/Maisonettes,New Build,Leasehold,"ALGERNON HOUSE, 17",FLAT 10,ALPINE ROAD,VENTNOR,VENTNOR,ISLE OF WIGHT,ISLE OF WIGHT,Standard,Addition,50.5946940000,-1.2089980000
331000,2006-06-29 00:00:00Z,PO38 1JU,Detached,Established,Freehold,ALMA HOUSE,,ALMA ROAD,VENTNOR,VENTNOR,ISLE OF WIGHT,ISLE OF WIGHT,Standard,Addition,50.5936240000,-1.2091550000
102000,2006-02-03 00:00:00Z,PO38 1LU,Flats/Maisonettes,Established,Leasehold,91B,,HIGH STREET,VENTNOR,VENTNOR,ISLE OF WIGHT,ISLE OF WIGHT,Standard,Addition,50.5956590000,-1.2028640000
150000,2006-04-27 00:00:00Z,PO38 1TH,Flats/Maisonettes,Established,Leasehold,KING CHARLES COURT,FLAT 5,GROVE ROAD,VENTNOR,VENTNOR,ISLE OF WIGHT,ISLE OF WIGHT,Standard,Addition,50.5960780000,-1.2048640000
125000,2006-05-12 00:00:00Z,PO38 1BT,Flats/Maisonettes,New Build,Leasehold,"ALGERNON HOUSE, 17",FLAT 11,ALPINE ROAD,VENTNOR,VENTNOR,ISLE OF WIGHT,ISLE OF WIGHT,Standard,Addition,50.5946940000,-1.2089980000
105000,2006-10-26 00:00:00Z,PO38 1ET,Flats/Maisonettes,Established,Leasehold,10C,,VICTORIA STREET,VENTNOR,VENTNOR,ISLE OF WIGHT,ISLE OF WIGHT,Standard,Addition,50.5955530000,-1.2020360000
147500,2006-01-27 00:00:00Z,PO38 1DW,Terraced,Established,Freehold,20,,MITCHELL AVENUE,VENTNOR,VENTNOR,ISLE OF WIGHT,ISLE OF WIGHT,Standard,Addition,50.5973880000,-1.2071590000
197500,2006-07-13 00:00:00Z,PO38 1TY,Terraced,New Build,Freehold,SPRING COTTAGES,4,MARLBOROUGH ROAD,VENTNOR,VENTNOR,ISLE OF WIGHT,ISLE OF WIGHT,Standard,Addition,50.5953260000,-1.2066850000
83500,2006-10-19 00:00:00Z,PO38 1LY,Flats/Maisonettes,Established,Leasehold,95,,HIGH STREET,VENTNOR,VENTNOR,ISLE OF WIGHT,ISLE OF WIGHT,Standard,Addition,50.5960570000,-1.2021130000
135000,2006-02-27 00:00:00Z,PO38 1EE,Flats/Maisonettes,Established,Leasehold,1,FLAT 2,ALEXANDRA GARDENS,VENTNOR,VENTNOR,ISLE OF WIGHT,ISLE OF WIGHT,Standard,Addition,50.5941570000,-1.2041330000
138000,2006-03-31 00:00:00Z,PO38 1EZ,Terraced,Established,Freehold,42,,ALBERT STREET,VENTNOR,VENTNOR,ISLE OF WIGHT,ISLE OF WIGHT,Standard,Addition,50.5945480000,-1.2037910000
185000,2006-12-21 00:00:00Z,PO38 1SN,Flats/Maisonettes,Established,Leasehold,21B,,CHURCH STREET,VENTNOR,VENTNOR,ISLE OF WIGHT,ISLE OF WIGHT,Standard,Addition,50.5943640000,-1.2067860000
108750,2006-03-07 00:00:00Z,PO38 1HF,Flats/Maisonettes,New Build,Leasehold,CLARENDON PRESS,FLAT 1,MARKET STREET,VENTNOR,VENTNOR,ISLE OF WIGHT,ISLE OF WIGHT,Standard,Addition,50.5950320000,-1.2031290000
335000,2006-06-16 00:00:00Z,PO38 1PJ,Semi-Detached,Established,Freehold,5,,ST BONIFACE TERRACE,VENTNOR,VENTNOR,ISLE OF WIGHT,ISLE OF WIGHT,Standard,Addition,50.5977280000,-1.2002300000
148000,2006-11-24 00:00:00Z,PO38 1DS,Flats/Maisonettes,Established,Leasehold,78C,,MITCHELL AVENUE,VENTNOR,VENTNOR,ISLE OF WIGHT,ISLE OF WIGHT,Standard,Addition,50.5976770000,-1.2033110000
244000,2006-02-01 00:00:00Z,PO38 1DT,Semi-Detached,Established,Freehold,2,,ALTOFTS GARDENS,VENTNOR,VENTNOR,ISLE OF WIGHT,ISLE OF WIGHT,Standard,Addition,50.5972290000,-1.2036290000
185000,2006-12-18 00:00:00Z,PO38 1NQ,Semi-Detached,Established,Freehold,36,,WEST STREET,VENTNOR,VENTNOR,ISLE OF WIGHT,ISLE OF WIGHT,Standard,Addition,50.5955840000,-1.2009870000
115000,2006-10-20 00:00:00Z,PO38 1HF,Flats/Maisonettes,New Build,Leasehold,CLARENDON PRESS,FLAT 8,MARKET STREET,VENTNOR,VENTNOR,ISLE OF WIGHT,ISLE OF WIGHT,Standard,Addition,50.5950320000,-1.2031290000
182000,2006-11-21 00:00:00Z,PO38 1EZ,Terraced,Established,Freehold,38,,ALBERT STREET,VENTNOR,VENTNOR,ISLE OF WIGHT,ISLE OF WIGHT,Standard,Addition,50.5945480000,-1.2037910000
217500,2006-12-20 00:00:00Z,PO38 1BT,Flats/Maisonettes,Established,Leasehold,"ALGERNON HOUSE, 17",FLAT 2,ALPINE ROAD,VENTNOR,VENTNOR,ISLE OF WIGHT,ISLE OF WIGHT,Standard,Addition,50.5946940000,-1.2089980000
335000,2006-04-24 00:00:00Z,PO38 1JP,Flats/Maisonettes,New Build,Leasehold,THE METROPOLE,6,ESPLANADE,VENTNOR,VENTNOR,ISLE OF WIGHT,ISLE OF WIGHT,Standard,Addition,50.5933870000,-1.2071690000
75000,2006-11-10 00:00:00Z,PO38 1EE,Flats/Maisonettes,Established,Leasehold,2,FLAT 4,ALEXANDRA GARDENS,VENTNOR,VENTNOR,ISLE OF WIGHT,ISLE OF WIGHT,Standard,Addition,50.5941570000,-1.2041330000
138000,2006-08-09 00:00:00Z,PO38 1LU,Flats/Maisonettes,Established,Leasehold,93A,,HIGH STREET,VENTNOR,VENTNOR,ISLE OF WIGHT,ISLE OF WIGHT,Standard,Addition,50.5956590000,-1.2028640000
155000,2006-10-02 00:00:00Z,PO38 1SQ,Flats/Maisonettes,Established,Leasehold,MARINE COURT,FLAT 6,HAMBROUGH ROAD,VENTNOR,VENTNOR,ISLE OF WIGHT,ISLE OF WIGHT,Standard,Addition,50.5939430000,-1.2057330000
108750,2006-03-07 00:00:00Z,PO38 1HF,Flats/Maisonettes,New Build,Leasehold,CLARENDON PRESS,FLAT 3,MARKET STREET,VENTNOR,VENTNOR,ISLE OF WIGHT,ISLE OF WIGHT,Standard,Addition,50.5950320000,-1.2031290000
225000,2006-03-30 00:00:00Z,PO38 1DL,Semi-Detached,Established,Freehold,29,,MITCHELL AVENUE,VENTNOR,VENTNOR,ISLE OF WIGHT,ISLE OF WIGHT,Standard,Addition,50.5976510000,-1.2073800000
187000,2006-11-28 00:00:00Z,PO38 1JN,Flats/Maisonettes,Established,Leasehold,3,FLAT 3,MARINE PARADE,VENTNOR,VENTNOR,ISLE OF WIGHT,ISLE OF WIGHT,Standard,Addition,50.5938760000,-1.2080130000
75000,2006-11-10 00:00:00Z,PO38 1EE,Flats/Maisonettes,Established,Leasehold,2,FLAT 3,ALEXANDRA GARDENS,VENTNOR,VENTNOR,ISLE OF WIGHT,ISLE OF WIGHT,Standard,Addition,50.5941570000,-1.2041330000
237500,2006-11-08 00:00:00Z,PO38 1DP,Detached,Established,Freehold,34,,MITCHELL AVENUE,VENTNOR,VENTNOR,ISLE OF WIGHT,ISLE OF WIGHT,Standard,Addition,50.5974360000,-1.2062390000
80000,2006-01-31 00:00:00Z,PO38 1DS,Flats/Maisonettes,Established,Leasehold,46,FLAT 1,MITCHELL AVENUE,VENTNOR,VENTNOR,ISLE OF WIGHT,ISLE OF WIGHT,Standard,Addition,50.5976770000,-1.2033110000
500000,2006-05-08 00:00:00Z,PO38 1JP,Flats/Maisonettes,New Build,Leasehold,THE METROPOLE,10,ESPLANADE,,VENTNOR,ISLE OF WIGHT,ISLE OF WIGHT,Standard,Addition,50.5933870000,-1.2071690000
65000,2006-10-23 00:00:00Z,PO38 1EE,Flats/Maisonettes,Established,Leasehold,8,BASEMENT FLAT,ALEXANDRA GARDENS,VENTNOR,VENTNOR,ISLE OF WIGHT,ISLE OF WIGHT,Standard,Addition,50.5941570000,-1.2041330000
93500,2006-09-29 00:00:00Z,PO38 1LZ,Flats/Maisonettes,Established,Leasehold,152,FLAT 1,HIGH STREET,VENTNOR,VENTNOR,ISLE OF WIGHT,ISLE OF WIGHT,Standard,Addition,50.5964670000,-1.2003110000
320000,2006-12-20 00:00:00Z,PO38 1JP,Flats/Maisonettes,New Build,Leasehold,THE METROPOLE,3,ESPLANADE,VENTNOR,VENTNOR,ISLE OF WIGHT,ISLE OF WIGHT,Standard,Addition,50.5933870000,-1.2071690000
125000,2006-01-18 00:00:00Z,PO38 1HF,Flats/Maisonettes,New Build,Leasehold,CLARENDON PRESS,FLAT 6,MARKET STREET,VENTNOR,VENTNOR,ISLE OF WIGHT,ISLE OF WIGHT,Standard,Addition,50.5950320000,-1.2031290000
90000,2006-09-29 00:00:00Z,PO38 1ET,Flats/Maisonettes,New Build,Leasehold,"COSTURA LODGE, 4",FLAT 1,VICTORIA STREET,VENTNOR,VENTNOR,ISLE OF WIGHT,ISLE OF WIGHT,Standard,Addition,50.5955530000,-1.2020360000
50000,2006-06-06 00:00:00Z,PO38 1RZ,Terraced,Established,Freehold,27A,,HIGH STREET,VENTNOR,VENTNOR,ISLE OF WIGHT,ISLE OF WIGHT,Standard,Addition,50.5952750000,-1.2048100000
87000,2006-08-16 00:00:00Z,PO38 1NH,Terraced,Established,Leasehold,4,,KENT ROAD,VENTNOR,VENTNOR,ISLE OF WIGHT,ISLE OF WIGHT,Standard,Addition,50.5958750000,-1.2015330000
220000,2006-08-09 00:00:00Z,PO38 1TF,Terraced,Established,Freehold,ETCHINGS,,MARLBOROUGH ROAD,VENTNOR,VENTNOR,ISLE OF WIGHT,ISLE OF WIGHT,Standard,Addition,50.5953220000,-1.2064630000
191000,2006-04-11 00:00:00Z,PO38 1TY,Terraced,New Build,Freehold,SPRING COTTAGES,5,MARLBOROUGH ROAD,VENTNOR,VENTNOR,ISLE OF WIGHT,ISLE OF WIGHT,Standard,Addition,50.5953260000,-1.2066850000
375000,2006-05-04 00:00:00Z,PO38 1JP,Flats/Maisonettes,New Build,Leasehold,THE METROPOLE,9,ESPLANADE,VENTNOR,VENTNOR,ISLE OF WIGHT,ISLE OF WIGHT,Standard,Addition,50.5933870000,-1.2071690000
330000,2006-08-22 00:00:00Z,PO38 1TQ,Detached,Established,Freehold,ST JOHNS,,TULSE HILL,VENTNOR,VENTNOR,ISLE OF WIGHT,ISLE OF WIGHT,Standard,Addition,50.5958200000,-1.2056490000
79500,2006-11-24 00:00:00Z,PO38 1DU,Flats/Maisonettes,Established,Leasehold,"BONIFACE COURT, 84",FLAT 5,MITCHELL AVENUE,VENTNOR,VENTNOR,ISLE OF WIGHT,ISLE OF WIGHT,Standard,Addition,50.5977120000,-1.2021410000
370000,2006-10-09 00:00:00Z,PO38 1ED,Flats/Maisonettes,New Build,Leasehold,KINGSVIEW,17,CHURCH STREET,VENTNOR,VENTNOR,ISLE OF WIGHT,ISLE OF WIGHT,Standard,Addition,50.5941310000,-1.2069430000
145000,2006-12-08 00:00:00Z,PO38 1SQ,Flats/Maisonettes,Established,Leasehold,ROSELYN HOUSE,FLAT 3,HAMBROUGH ROAD,VENTNOR,VENTNOR,ISLE OF WIGHT,ISLE OF WIGHT,Standard,Addition,50.5939430000,-1.2057330000
247500,2006-08-24 00:00:00Z,PO38 1ED,Flats/Maisonettes,Established,Leasehold,KINGSVIEW,8,CHURCH STREET,VENTNOR,VENTNOR,ISLE OF WIGHT,ISLE OF WIGHT,Standard,Addition,50.5941310000,-1.2069430000
227500,2007-05-14 00:00:00Z,PO38 1SQ,Flats/Maisonettes,Established,Leasehold,CLIFF VIEW,3,HAMBROUGH ROAD,VENTNOR,VENTNOR,ISLE OF WIGHT,ISLE OF WIGHT,Standard,Addition,50.5939430000,-1.2057330000
60000,2007-02-05 00:00:00Z,PO38 1EE,Flats/Maisonettes,Established,Leasehold,8,BASEMENT FLAT,ALEXANDRA GARDENS,VENTNOR,VENTNOR,ISLE OF WIGHT,ISLE OF WIGHT,Standard,Addition,50.5941570000,-1.2041330000
177500,2007-01-05 00:00:00Z,PO38 1EN,Terraced,Established,Freehold,53,,DUDLEY ROAD,VENTNOR,VENTNOR,ISLE OF WIGHT,ISLE OF WIGHT,Standard,Addition,50.5944210000,-1.2018960000
190000,2007-07-27 00:00:00Z,PO38 1SN,Flats/Maisonettes,Established,Leasehold,21C,,CHURCH STREET,VENTNOR,VENTNOR,ISLE OF WIGHT,ISLE OF WIGHT,Standard,Addition,50.5943640000,-1.2067860000
95000,2007-04-02 00:00:00Z,PO38 1RZ,Flats/Maisonettes,Established,Leasehold,23B,,HIGH STREET,VENTNOR,VENTNOR,ISLE OF WIGHT,ISLE OF WIGHT,Standard,Addition,50.5952750000,-1.2048100000
198000,2007-12-14 00:00:00Z,PO38 1SQ,Flats/Maisonettes,Established,Leasehold,MIRAMARE COURT,FLAT 4,HAMBROUGH ROAD,VENTNOR,VENTNOR,ISLE OF WIGHT,ISLE OF WIGHT,Standard,Addition,50.5939430000,-1.2057330000
150000,2007-06-21 00:00:00Z,PO38 1EU,Terraced,Established,Freehold,27,,ALBERT STREET,VENTNOR,VENTNOR,ISLE OF WIGHT,ISLE OF WIGHT,Standard,Addition,50.5949430000,-1.2023150000
315000,2007-08-31 00:00:00Z,PO38 1JP,Flats/Maisonettes,Established,Leasehold,METROPOLE,1,ESPLANADE,,VENTNOR,ISLE OF WIGHT,ISLE OF WIGHT,Standard,Addition,50.5933870000,-1.2071690000
148000,2007-10-26 00:00:00Z,PO38 1EE,Flats/Maisonettes,Established,Leasehold,8,FLAT 3,ALEXANDRA GARDENS,VENTNOR,VENTNOR,ISLE OF WIGHT,ISLE OF WIGHT,Standard,Addition,50.5941570000,-1.2041330000
80000,2007-05-11 00:00:00Z,PO38 1ET,Terraced,Established,Freehold,2,,VICTORIA STREET,VENTNOR,VENTNOR,ISLE OF WIGHT,ISLE OF WIGHT,Standard,Addition,50.5955530000,-1.2020360000
149950,2007-06-08 00:00:00Z,PO38 1LZ,Flats/Maisonettes,Established,Leasehold,150A,,HIGH STREET,VENTNOR,VENTNOR,ISLE OF WIGHT,ISLE OF WIGHT,Standard,Addition,50.5964670000,-1.2003110000
146750,2007-11-29 00:00:00Z,PO38 1TN,Flats/Maisonettes,Established,Leasehold,3,,SOUTHGROVE TERRACE,VENTNOR,VENTNOR,ISLE OF WIGHT,ISLE OF WIGHT,Standard,Addition,50.5965590000,-1.2057920000
125000,2007-07-31 00:00:00Z,PO38 1LT,Flats/Maisonettes,Established,Leasehold,50C,,HIGH STREET,,VENTNOR,ISLE OF WIGHT,ISLE OF WIGHT,Standard,Addition,50.5954950000,-1.2038560000
185000,2007-06-01 00:00:00Z,PO38 1TY,Terraced,New Build,Freehold,SPRING COTTAGES,2,MARLBOROUGH ROAD,VENTNOR,VENTNOR,ISLE OF WIGHT,ISLE OF WIGHT,Standard,Addition,50.5953260000,-1.2066850000
220000,2007-01-12 00:00:00Z,PO38 1EU,Semi-Detached,Established,Freehold,"OXFORD COTTAGE, 98",,ALBERT STREET,VENTNOR,VENTNOR,ISLE OF WIGHT,ISLE OF WIGHT,Standard,Addition,50.5949430000,-1.2023150000
225000,2007-03-29 00:00:00Z,PO38 1PF,Detached,Established,Freehold,38,,SPRING HILL,VENTNOR,VENTNOR,ISLE OF WIGHT,ISLE OF WIGHT,Standard,Addition,50.5967400000,-1.2030160000
235000,2007-09-21 00:00:00Z,PO38 1TF,Semi-Detached,Established,Freehold,2,,GROVE HURST,VENTNOR,VENTNOR,ISLE OF WIGHT,ISLE OF WIGHT,Standard,Addition,50.5953220000,-1.2064630000
125000,2007-12-21 00:00:00Z,PO38 1EE,Flats/Maisonettes,Established,Leasehold,2,FLAT 2,ALEXANDRA GARDENS,VENTNOR,VENTNOR,ISLE OF WIGHT,ISLE OF WIGHT,Standard,Addition,50.5941570000,-1.2041330000
124999,2007-03-09 00:00:00Z,PO38 1ES,Flats/Maisonettes,Established,Leasehold,42A,,VICTORIA STREET,VENTNOR,VENTNOR,ISLE OF WIGHT,ISLE OF WIGHT,Standard,Addition,50.5947050000,-1.2013830000
250000,2007-02-13 00:00:00Z,PO38 1ET,Detached,Established,Freehold,BRUNSWICK GUEST HOUSE,,VICTORIA STREET,VENTNOR,VENTNOR,ISLE OF WIGHT,ISLE OF WIGHT,Standard,Addition,50.5955530000,-1.2020360000
105000,2007-02-14 00:00:00Z,PO38 1HF,Flats/Maisonettes,Established,Leasehold,CLARENDON PRESS,FLAT 12,MARKET STREET,VENTNOR,VENTNOR,ISLE OF WIGHT,ISLE OF WIGHT,Standard,Addition,50.5950320000,-1.2031290000
74000,2007-08-31 00:00:00Z,PO38 1DU,Flats/Maisonettes,Established,Leasehold,"BONIFACE COURT, 84",FLAT 8,MITCHELL AVENUE,VENTNOR,VENTNOR,ISLE OF WIGHT,ISLE OF WIGHT,Standard,Addition,50.5977120000,-1.2021410000
125000,2007-02-23 00:00:00Z,PO38 1HY,Flats/Maisonettes,Established,Leasehold,CLARENDON COURT,4,POUND LANE,VENTNOR,VENTNOR,ISLE OF WIGHT,ISLE OF WIGHT,Standard,Addition,50.5951340000,-1.2035510000
96500,2007-01-29 00:00:00Z,PO38 1EU,Flats/Maisonettes,Established,Leasehold,100,FLAT 1,ALBERT STREET,VENTNOR,VENTNOR,ISLE OF WIGHT,ISLE OF WIGHT,Standard,Addition,50.5949430000,-1.2023150000
130000,2007-07-24 00:00:00Z,PO38 1HY,Flats/Maisonettes,Established,Leasehold,CLARENDON COURT,11,POUND LANE,VENTNOR,VENTNOR,ISLE OF WIGHT,ISLE OF WIGHT,Standard,Addition,50.5951340000,-1.2035510000
196000,2007-08-03 00:00:00Z,PO38 1TQ,Semi-Detached,Established,Freehold,MYRTLE VILLA,,TULSE HILL,VENTNOR,VENTNOR,ISLE OF WIGHT,ISLE OF WIGHT,Standard,Addition,50.5958200000,-1.2056490000
350000,2007-04-12 00:00:00Z,PO38 1ED,Flats/Maisonettes,Established,Leasehold,KINGSVIEW,14,CHURCH STREET,VENTNOR,VENTNOR,ISLE OF WIGHT,ISLE OF WIGHT,Standard,Addition,50.5941310000,-1.2069430000
235000,2007-07-25 00:00:00Z,PO38 1PF,Detached,Established,Freehold,34,,SPRING HILL,VENTNOR,VENTNOR,ISLE OF WIGHT,ISLE OF WIGHT,Standard,Addition,50.5967400000,-1.2030160000
230000,2007-08-15 00:00:00Z,PO38 1JN,Terraced,Established,Freehold,6,,MARINE PARADE,VENTNOR,VENTNOR,ISLE OF WIGHT,ISLE OF WIGHT,Standard,Addition,50.5938760000,-1.2080130000
179950,2007-06-22 00:00:00Z,PO38 1JR,Flats/Maisonettes,Established,Leasehold,PIER VIEW,FLAT 1,ESPLANADE,VENTNOR,VENTNOR,ISLE OF WIGHT,ISLE OF WIGHT,Standard,Addition,50.5932620000,-1.2063700000
140000,2007-08-03 00:00:00Z,PO38 1LY,Flats/Maisonettes,Established,Leasehold,95B,,HIGH STREET,VENTNOR,VENTNOR,ISLE OF WIGHT,ISLE OF WIGHT,Standard,Addition,50.5960570000,-1.2021130000
85000,2007-01-19 00:00:00Z,PO38 1RZ,Terraced,Established,Leasehold,18A,,HIGH STREET,,VENTNOR,ISLE OF WIGHT,ISLE OF WIGHT,Standard,Addition,50.5952750000,-1.2048100000
290000,2007-11-14 00:00:00Z,PO38 1PF,Semi-Detached,Established,Freehold,21,,SPRING HILL,VENTNOR,VENTNOR,ISLE OF WIGHT,ISLE OF WIGHT,Standard,Addition,50.5967400000,-1.2030160000
150000,2007-11-30 00:00:00Z,PO38 1NQ,Terraced,Established,Freehold,6,,WEST STREET,VENTNOR,VENTNOR,ISLE OF WIGHT,ISLE OF WIGHT,Standard,Addition,50.5955840000,-1.2009870000
189950,2007-03-02 00:00:00Z,PO38 1PF,Detached,Established,Freehold,36,,SPRING HILL,VENTNOR,VENTNOR,ISLE OF WIGHT,ISLE OF WIGHT,Standard,Addition,50.5967400000,-1.2030160000
235000,2007-08-07 00:00:00Z,PO38 1SQ,Flats/Maisonettes,Established,Leasehold,CLIFF VIEW,1,HAMBROUGH ROAD,VENTNOR,VENTNOR,ISLE OF WIGHT,ISLE OF WIGHT,Standard,Addition,50.5939430000,-1.2057330000
343500,2007-03-30 00:00:00Z,PO38 1JP,Flats/Maisonettes,New Build,Leasehold,THE METROPOLE,4,ESPLANADE,VENTNOR,VENTNOR,ISLE OF WIGHT,ISLE OF WIGHT,Standard,Addition,50.5933870000,-1.2071690000
115000,2007-07-04 00:00:00Z,PO38 1SW,Flats/Maisonettes,Established,Leasehold,17B,,CHURCH STREET,VENTNOR,VENTNOR,ISLE OF WIGHT,ISLE OF WIGHT,Standard,Addition,50.5947190000,-1.2060870000
61200,2007-11-29 00:00:00Z,PO38 1DU,Flats/Maisonettes,Established,Leasehold,"BONIFACE COURT, 84",FLAT 10,MITCHELL AVENUE,VENTNOR,VENTNOR,ISLE OF WIGHT,ISLE OF WIGHT,Standard,Addition,50.5977120000,-1.2021410000
128950,2007-08-28 00:00:00Z,PO38 1HY,Flats/Maisonettes,Established,Leasehold,CLARENDON COURT,2,POUND LANE,VENTNOR,VENTNOR,ISLE OF WIGHT,ISLE OF WIGHT,Standard,Addition,50.5951340000,-1.2035510000
100000,2007-04-19 00:00:00Z,PO38 1JX,Flats/Maisonettes,Established,Leasehold,RICHMOND HOTEL,FLAT 4,ESPLANADE,VENTNOR,VENTNOR,ISLE OF WIGHT,ISLE OF WIGHT,Standard,Addition,50.5933140000,-1.2098260000
80000,2007-01-18 00:00:00Z,PO38 1EE,Flats/Maisonettes,Established,Leasehold,1,FLAT 1,ALEXANDRA GARDENS,VENTNOR,VENTNOR,ISLE OF WIGHT,ISLE OF WIGHT,Standard,Addition,50.5941570000,-1.2041330000
230000,2007-06-25 00:00:00Z,PO38 1NQ,Semi-Detached,Established,Freehold,14,,WEST STREET,VENTNOR,VENTNOR,ISLE OF WIGHT,ISLE OF WIGHT,Standard,Addition,50.5955840000,-1.2009870000
179950,2007-02-12 00:00:00Z,PO38 1NQ,Terraced,Established,Freehold,16,,WEST STREET,VENTNOR,VENTNOR,ISLE OF WIGHT,ISLE OF WIGHT,Standard,Addition,50.5955840000,-1.2009870000
154500,2007-01-26 00:00:00Z,PO38 1EF,Terraced,Established,Freehold,9,,DUDLEY ROAD,VENTNOR,VENTNOR,ISLE OF WIGHT,ISLE OF WIGHT,Standard,Addition,50.5944060000,-1.2036630000
235000,2007-04-03 00:00:00Z,PO38 1EH,Terraced,Established,Freehold,31,,DUDLEY ROAD,VENTNOR,VENTNOR,ISLE OF WIGHT,ISLE OF WIGHT,Standard,Addition,50.5942740000,-1.2031850000
145000,2007-08-16 00:00:00Z,PO38 1HF,Terraced,Established,Freehold,6,,MARKET STREET,VENTNOR,VENTNOR,ISLE OF WIGHT,ISLE OF WIGHT,Standard,Addition,50.5950320000,-1.2031290000
240000,2007-10-26 00:00:00Z,PO38 1SQ,Flats/Maisonettes,Established,Leasehold,CLIFF VIEW,2,HAMBROUGH ROAD,VENTNOR,VENTNOR,ISLE OF WIGHT,ISLE OF WIGHT,Standard,Addition,50.5939430000,-1.2057330000
60000,2007-07-18 00:00:00Z,PO38 1EU,Flats/Maisonettes,Established,Leasehold,47,GARDEN FLAT,ALBERT STREET,VENTNOR,VENTNOR,ISLE OF WIGHT,ISLE OF WIGHT,Standard,Addition,50.5949430000,-1.2023150000
150000,2007-04-04 00:00:00Z,PO38 1TW,Flats/Maisonettes,Established,Leasehold,AVONMORE COURT,APARTMENT 4,SOUTHGROVE ROAD,VENTNOR,VENTNOR,ISLE OF WIGHT,ISLE OF WIGHT,Standard,Addition,50.5969470000,-1.2070670000
165000,2007-10-25 00:00:00Z,PO38 1TW,Flats/Maisonettes,Established,Leasehold,AVONMORE COURT,FLAT 2,SOUTHGROVE ROAD,VENTNOR,VENTNOR,ISLE OF WIGHT,ISLE OF WIGHT,Standard,Addition,50.5969470000,-1.2070670000
140000,2007-06-22 00:00:00Z,PO38 1NQ,Terraced,Established,Freehold,8,,WEST STREET,VENTNOR,VENTNOR,ISLE OF WIGHT,ISLE OF WIGHT,Standard,Addition,50.5955840000,-1.2009870000
125000,2007-02-09 00:00:00Z,PO38 1EU,Semi-Detached,Established,Freehold,29,,ALBERT STREET,VENTNOR,VENTNOR,ISLE OF WIGHT,ISLE OF WIGHT,Standard,Addition,50.5949430000,-1.2023150000
280000,2007-08-03 00:00:00Z,PO38 1NQ,Detached,Established,Freehold,38,,WEST STREET,VENTNOR,VENTNOR,ISLE OF WIGHT,ISLE OF WIGHT,Standard,Addition,50.5955840000,-1.2009870000
123000,2007-01-16 00:00:00Z,PO38 1SW,Terraced,Established,Freehold,3,,CHURCH STREET,,VENTNOR,ISLE OF WIGHT,ISLE OF WIGHT,Standard,Addition,50.5947190000,-1.2060870000
349000,2007-10-30 00:00:00Z,PO38 1PJ,Semi-Detached,Established,Freehold,6,,ST BONIFACE TERRACE,,VENTNOR,ISLE OF WIGHT,ISLE OF WIGHT,Standard,Addition,50.5977280000,-1.2002300000
110000,2007-11-02 00:00:00Z,PO38 1RY,Flats/Maisonettes,Established,Leasehold,5,FIRST FLOOR FLAT,HIGH STREET,,VENTNOR,ISLE OF WIGHT,ISLE OF WIGHT,Standard,Addition,50.5950200000,-1.2057190000
158000,2007-07-03 00:00:00Z,PO38 1LT,Terraced,Established,Freehold,48,,HIGH STREET,,VENTNOR,ISLE OF WIGHT,ISLE OF WIGHT,Standard,Addition,50.5954950000,-1.2038560000
265000,2007-02-09 00:00:00Z,PO38 1SW,Semi-Detached,Established,Freehold,6,,CHURCH STREET,,VENTNOR,ISLE OF WIGHT,ISLE OF WIGHT,Standard,Addition,50.5947190000,-1.2060870000
126000,2007-10-24 00:00:00Z,PO38 1HY,Flats/Maisonettes,New Build,Leasehold,CLARENDON COURT,9,POUND LANE,VENTNOR,VENTNOR,ISLE OF WIGHT,ISLE OF WIGHT,Standard,Addition,50.5951340000,-1.2035510000
105000,2007-02-14 00:00:00Z,PO38 1HF,Flats/Maisonettes,New Build,Leasehold,CLARENDON PRESS,FLAT 10,MARKET STREET,VENTNOR,VENTNOR,ISLE OF WIGHT,ISLE OF WIGHT,Standard,Addition,50.5950320000,-1.2031290000
180000,2007-01-05 00:00:00Z,PO38 1TQ,Terraced,Established,Freehold,VALERIAN,,TULSE HILL,VENTNOR,VENTNOR,ISLE OF WIGHT,ISLE OF WIGHT,Standard,Addition,50.5958200000,-1.2056490000
585000,2007-03-05 00:00:00Z,PO38 1JP,Flats/Maisonettes,Established,Leasehold,THE METROPOLE,11,ESPLANADE,,VENTNOR,ISLE OF WIGHT,ISLE OF WIGHT,Standard,Addition,50.5933870000,-1.2071690000
165000,2007-01-12 00:00:00Z,PO38 1JT,Semi-Detached,Established,Freehold,SEASPRAY,,ESPLANADE,VENTNOR,VENTNOR,ISLE OF WIGHT,ISLE OF WIGHT,Standard,Addition,50.5934370000,-1.2083590000
110000,2007-08-08 00:00:00Z,PO38 1LZ,Flats/Maisonettes,Established,Leasehold,137B,,HIGH STREET,VENTNOR,VENTNOR,ISLE OF WIGHT,ISLE OF WIGHT,Standard,Addition,50.5964670000,-1.2003110000
165000,2007-09-14 00:00:00Z,PO38 1TQ,Terraced,Established,Freehold,FANDANGO,,TULSE HILL,VENTNOR,VENTNOR,ISLE OF WIGHT,ISLE OF WIGHT,Standard,Addition,50.5958200000,-1.2056490000
72500,2007-07-25 00:00:00Z,PO38 1DU,Flats/Maisonettes,Established,Leasehold,"BONIFACE COURT, 84",FLAT 2,MITCHELL AVENUE,VENTNOR,VENTNOR,ISLE OF WIGHT,ISLE OF WIGHT,Standard,Addition,50.5977120000,-1.2021410000
110000,2007-06-15 00:00:00Z,PO38 1LZ,Terraced,Established,Leasehold,131,,HIGH STREET,VENTNOR,VENTNOR,ISLE OF WIGHT,ISLE OF WIGHT,Standard,Addition,50.5964670000,-1.2003110000
75000,2007-05-01 00:00:00Z,PO38 1EE,Semi-Detached,Established,Leasehold,1,BASEMENT FLAT,ALEXANDRA GARDENS,VENTNOR,VENTNOR,ISLE OF WIGHT,ISLE OF WIGHT,Standard,Addition,50.5941570000,-1.2041330000
235000,2007-06-22 00:00:00Z,PO38 1TD,Semi-Detached,Established,Freehold,MERWOOD,,THE GROVE,VENTNOR,VENTNOR,ISLE OF WIGHT,ISLE OF WIGHT,Standard,Addition,50.5954330000,-1.2078410000
199950,2007-06-12 00:00:00Z,PO38 1JT,Flats/Maisonettes,Established,Leasehold,THE DECK,FIRST FLOOR FLAT,ESPLANADE,VENTNOR,VENTNOR,ISLE OF WIGHT,ISLE OF WIGHT,Standard,Addition,50.5934370000,-1.2083590000
79400,2007-02-23 00:00:00Z,PO38 1EU,Flats/Maisonettes,Established,Leasehold,47,FLAT 3,ALBERT STREET,VENTNOR,VENTNOR,ISLE OF WIGHT,ISLE OF WIGHT,Standard,Addition,50.5949430000,-1.2023150000
72500,2007-05-30 00:00:00Z,PO38 1SN,Flats/Maisonettes,Established,Leasehold,19,FLAT 2,CHURCH STREET,VENTNOR,VENTNOR,ISLE OF WIGHT,ISLE OF WIGHT,Standard,Addition,50.5943640000,-1.2067860000
130000,2007-09-03 00:00:00Z,PO38 1EU,Flats/Maisonettes,Established,Leasehold,25,GROUND FLOOR FLAT,ALBERT STREET,VENTNOR,VENTNOR,ISLE OF WIGHT,ISLE OF WIGHT,Standard,Addition,50.5949430000,-1.2023150000
125000,2007-06-29 00:00:00Z,PO38 1HY,Flats/Maisonettes,New Build,Leasehold,CLARENDON COURT,6,POUND LANE,VENTNOR,VENTNOR,ISLE OF WIGHT,ISLE OF WIGHT,Standard,Addition,50.5951340000,-1.2035510000
125000,2007-06-29 00:00:00Z,PO38 1DU,Flats/Maisonettes,Established,Leasehold,"BONIFACE COURT, 84",FLAT 1,MITCHELL AVENUE,VENTNOR,VENTNOR,ISLE OF WIGHT,ISLE OF WIGHT,Standard,Addition,50.5977120000,-1.2021410000
130000,2007-07-19 00:00:00Z,PO38 1TS,Flats/Maisonettes,Established,Leasehold,5,,CLARENDON VILLAS,VENTNOR,VENTNOR,ISLE OF WIGHT,ISLE OF WIGHT,Standard,Addition,50.5964690000,-1.2082340000
179950,2007-10-26 00:00:00Z,PO38 1SQ,Flats/Maisonettes,Established,Leasehold,MARINE COURT,FLAT 9,HAMBROUGH ROAD,VENTNOR,VENTNOR,ISLE OF WIGHT,ISLE OF WIGHT,Standard,Addition,50.5939430000,-1.2057330000
67000,2007-07-13 00:00:00Z,PO38 1RZ,Terraced,Established,Freehold,26A,,HIGH STREET,VENTNOR,VENTNOR,ISLE OF WIGHT,ISLE OF WIGHT,Standard,Addition,50.5952750000,-1.2048100000
128000,2007-04-02 00:00:00Z,PO38 1HF,Flats/Maisonettes,New Build,Leasehold,CLARENDON PRESS,FLAT 15,MARKET STREET,VENTNOR,VENTNOR,ISLE OF WIGHT,ISLE OF WIGHT,Standard,Addition,50.5950320000,-1.2031290000
180500,2007-07-25 00:00:00Z,PO38 1TH,Flats/Maisonettes,Established,Leasehold,KING CHARLES COURT,FLAT 6,GROVE ROAD,VENTNOR,VENTNOR,ISLE OF WIGHT,ISLE OF WIGHT,Standard,Addition,50.5960780000,-1.2048640000
128000,2007-05-18 00:00:00Z,PO38 1ET,Flats/Maisonettes,Established,Leasehold,"COSTURA LODGE, 4",FLAT 1,VICTORIA STREET,VENTNOR,VENTNOR,ISLE OF WIGHT,ISLE OF WIGHT,Standard,Addition,50.5955530000,-1.2020360000
85000,2007-03-09 00:00:00Z,PO38 1RZ,Flats/Maisonettes,Established,Leasehold,33,FLAT 2,HIGH STREET,VENTNOR,VENTNOR,ISLE OF WIGHT,ISLE OF WIGHT,Standard,Addition,50.5952750000,-1.2048100000
160000,2007-03-02 00:00:00Z,PO38 1PF,Semi-Detached,Established,Freehold,30,,SPRING HILL,VENTNOR,VENTNOR,ISLE OF WIGHT,ISLE OF WIGHT,Standard,Addition,50.5967400000,-1.2030160000
276000,2007-10-25 00:00:00Z,PO38 1TW,Detached,Established,Freehold,THE GLEN,,SOUTHGROVE ROAD,VENTNOR,VENTNOR,ISLE OF WIGHT,ISLE OF WIGHT,Standard,Addition,50.5969470000,-1.2070670000
119000,2007-07-23 00:00:00Z,PO38 1TH,Flats/Maisonettes,Established,Leasehold,ST DAVIDS LODGE,FLAT 2,GROVE ROAD,VENTNOR,VENTNOR,ISLE OF WIGHT,ISLE OF WIGHT,Standard,Addition,50.5960780000,-1.2048640000
129950,2007-04-26 00:00:00Z,PO38 1HY,Flats/Maisonettes,New Build,Leasehold,CLARENDON COURT,7,POUND LANE,VENTNOR,VENTNOR,ISLE OF WIGHT,ISLE OF WIGHT,Standard,Addition,50.5951340000,-1.2035510000
105000,2007-02-14 00:00:00Z,PO38 1HF,Flats/Maisonettes,New Build,Leasehold,CLARENDON PRESS,FLAT 5,MARKET STREET,VENTNOR,VENTNOR,ISLE OF WIGHT,ISLE OF WIGHT,Standard,Addition,50.5950320000,-1.2031290000
185000,2007-11-16 00:00:00Z,PO38 1TH,Semi-Detached,Established,Freehold,PORTSIDE HOUSE,,GROVE ROAD,VENTNOR,VENTNOR,ISLE OF WIGHT,ISLE OF WIGHT,Standard,Addition,50.5960780000,-1.2048640000
225000,2007-11-30 00:00:00Z,PO38 1TQ,Terraced,Established,Freehold,JASMINE,,TULSE HILL,VENTNOR,VENTNOR,ISLE OF WIGHT,ISLE OF WIGHT,Standard,Addition,50.5958200000,-1.2056490000
165000,2007-07-16 00:00:00Z,PO38 1SQ,Flats/Maisonettes,Established,Leasehold,MARINE COURT,FLAT 8,HAMBROUGH ROAD,VENTNOR,VENTNOR,ISLE OF WIGHT,ISLE OF WIGHT,Standard,Addition,50.5939430000,-1.2057330000
101750,2007-11-29 00:00:00Z,PO38 1TN,Flats/Maisonettes,Established,Leasehold,3A,,SOUTHGROVE TERRACE,VENTNOR,VENTNOR,ISLE OF WIGHT,ISLE OF WIGHT,Standard,Addition,50.5965590000,-1.2057920000
150000,2007-05-01 00:00:00Z,PO38 1SQ,Flats/Maisonettes,Established,Leasehold,ARDMORE HOUSE,FLAT 2,HAMBROUGH ROAD,VENTNOR,VENTNOR,ISLE OF WIGHT,ISLE OF WIGHT,Standard,Addition,50.5939430000,-1.2057330000
95000,2008-10-10 00:00:00Z,PO38 1JU,Flats/Maisonettes,Established,Leasehold,SILVERMERE COURT,FLAT 5,ALMA ROAD,VENTNOR,VENTNOR,ISLE OF WIGHT,ISLE OF WIGHT,Standard,Addition,50.5936240000,-1.2091550000
73800,2008-07-04 00:00:00Z,PO38 1EU,Flats/Maisonettes,Established,Leasehold,47,FLAT 2,ALBERT STREET,VENTNOR,VENTNOR,ISLE OF WIGHT,ISLE OF WIGHT,Standard,Addition,50.5949430000,-1.2023150000
187000,2008-07-28 00:00:00Z,PO38 1NH,Detached,Established,Leasehold,6,,KENT ROAD,VENTNOR,VENTNOR,ISLE OF WIGHT,ISLE OF WIGHT,Standard,Addition,50.5958750000,-1.2015330000
250000,2008-11-10 00:00:00Z,PO38 1TE,Semi-Detached,New Build,Freehold,MANOR HOUSE,1,MARLBOROUGH ROAD,VENTNOR,VENTNOR,ISLE OF WIGHT,ISLE OF WIGHT,Standard,Addition,50.5952840000,-1.2071520000
143000,2008-02-29 00:00:00Z,PO38 1EE,Flats/Maisonettes,Established,Leasehold,7,TOP FLAT,ALEXANDRA GARDENS,VENTNOR,VENTNOR,ISLE OF WIGHT,ISLE OF WIGHT,Standard,Addition,50.5941570000,-1.2041330000
105000,2008-05-21 00:00:00Z,PO38 1SN,Flats/Maisonettes,Established,Leasehold,19,FLAT 2,CHURCH STREET,VENTNOR,VENTNOR,ISLE OF WIGHT,ISLE OF WIGHT,Standard,Addition,50.5943640000,-1.2067860000
52250,2008-06-23 00:00:00Z,PO38 1RZ,Flats/Maisonettes,Established,Leasehold,37,,HIGH STREET,VENTNOR,VENTNOR,ISLE OF WIGHT,ISLE OF WIGHT,Standard,Addition,50.5952750000,-1.2048100000
325000,2008-01-17 00:00:00Z,PO38 1PF,Detached,Established,Freehold,38,,SPRING HILL,VENTNOR,VENTNOR,ISLE OF WIGHT,ISLE OF WIGHT,Standard,Addition,50.5967400000,-1.2030160000
156250,2008-07-15 00:00:00Z,PO38 1ER,Flats/Maisonettes,Established,Leasehold,"MADEIRA FLATS, 50",6,DUDLEY ROAD,VENTNOR,VENTNOR,ISLE OF WIGHT,ISLE OF WIGHT,Standard,Addition,50.5944410000,-1.2008500000
115000,2008-04-30 00:00:00Z,PO38 1EE,Flats/Maisonettes,Established,Leasehold,2,FLAT 1,ALEXANDRA GARDENS,VENTNOR,VENTNOR,ISLE OF WIGHT,ISLE OF WIGHT,Standard,Addition,50.5941570000,-1.2041330000
138000,2008-11-12 00:00:00Z,PO38 1LZ,Terraced,Established,Freehold,141,,HIGH STREET,VENTNOR,VENTNOR,ISLE OF WIGHT,ISLE OF WIGHT,Standard,Addition,50.5964670000,-1.2003110000
155000,2008-10-10 00:00:00Z,PO38 1TS,Flats/Maisonettes,Established,Leasehold,6,,CLARENDON VILLAS,VENTNOR,VENTNOR,ISLE OF WIGHT,ISLE OF WIGHT,Standard,Addition,50.5964690000,-1.2082340000
80000,2008-10-09 00:00:00Z,PO38 1DS,Flats/Maisonettes,Established,Leasehold,46,FLAT 2,MITCHELL AVENUE,VENTNOR,VENTNOR,ISLE OF WIGHT,ISLE OF WIGHT,Standard,Addition,50.5976770000,-1.2033110000
382000,2008-05-09 00:00:00Z,PO38 1ED,Flats/Maisonettes,Established,Leasehold,KINGSVIEW,14,CHURCH STREET,VENTNOR,VENTNOR,ISLE OF WIGHT,ISLE OF WIGHT,Standard,Addition,50.5941310000,-1.2069430000
92000,2008-01-30 00:00:00Z,PO38 1DS,Semi-Detached,Established,Freehold,66,,MITCHELL AVENUE,VENTNOR,VENTNOR,ISLE OF WIGHT,ISLE OF WIGHT,Standard,Addition,50.5976770000,-1.2033110000
45000,2008-12-23 00:00:00Z,PO38 1SX,Flats/Maisonettes,Established,Freehold,26A,,PIER STREET,VENTNOR,VENTNOR,ISLE OF WIGHT,ISLE OF WIGHT,Standard,Addition,50.5943500000,-1.2047370000
105000,2008-05-16 00:00:00Z,PO38 1EU,Flats/Maisonettes,Established,Leasehold,100,FLAT 1,ALBERT STREET,VENTNOR,VENTNOR,ISLE OF WIGHT,ISLE OF WIGHT,Standard,Addition,50.5949430000,-1.2023150000
175000,2008-07-18 00:00:00Z,PO38 1JT,Semi-Detached,Established,Freehold,SEASPRAY,,ESPLANADE,VENTNOR,VENTNOR,ISLE OF WIGHT,ISLE OF WIGHT,Standard,Addition,50.5934370000,-1.2083590000
225000,2008-02-19 00:00:00Z,PO38 1BT,Terraced,Established,Freehold,"CHAPEL HOUSE, 2",2,ALPINE ROAD,,VENTNOR,ISLE OF WIGHT,ISLE OF WIGHT,Standard,Addition,50.5946940000,-1.2089980000
135000,2008-12-17 00:00:00Z,PO38 1NQ,Terraced,Established,Freehold,17,,WEST STREET,VENTNOR,VENTNOR,ISLE OF WIGHT,ISLE OF WIGHT,Standard,Addition,50.5955840000,-1.2009870000
125000,2008-03-28 00:00:00Z,PO38 1EU,Terraced,Established,Freehold,45,,ALBERT STREET,VENTNOR,VENTNOR,ISLE OF WIGHT,ISLE OF WIGHT,Standard,Addition,50.5949430000,-1.2023150000
160000,2008-01-25 00:00:00Z,PO38 1EE,Flats/Maisonettes,Established,Leasehold,8,FLAT 4,ALEXANDRA GARDENS,VENTNOR,VENTNOR,ISLE OF WIGHT,ISLE OF WIGHT,Standard,Addition,50.5941570000,-1.2041330000
168500,2008-06-06 00:00:00Z,PO38 1SN,Flats/Maisonettes,Established,Leasehold,21,FLAT 1 REX HOUSE,CHURCH STREET,VENTNOR,VENTNOR,ISLE OF WIGHT,ISLE OF WIGHT,Standard,Addition,50.5943640000,-1.2067860000
132500,2008-02-01 00:00:00Z,PO38 1HE,Terraced,Established,Freehold,1,,MARKET STREET,VENTNOR,VENTNOR,ISLE OF WIGHT,ISLE OF WIGHT,Standard,Addition,50.5954440000,-1.2032220000
235000,2008-03-20 00:00:00Z,PO38 1ER,Terraced,Established,Freehold,44,,DUDLEY ROAD,VENTNOR,VENTNOR,ISLE OF WIGHT,ISLE OF WIGHT,Standard,Addition,50.5944410000,-1.2008500000
125000,2008-05-30 00:00:00Z,PO38 1LZ,Flats/Maisonettes,Established,Leasehold,137C,,HIGH STREET,VENTNOR,VENTNOR,ISLE OF WIGHT,ISLE OF WIGHT,Standard,Addition,50.5964670000,-1.2003110000
250000,2008-12-01 00:00:00Z,PO38 1TE,Semi-Detached,Established,Freehold,MANOR HOUSE,2,MARLBOROUGH ROAD,VENTNOR,VENTNOR,ISLE OF WIGHT,ISLE OF WIGHT,Standard,Addition,50.5952840000,-1.2071520000
93000,2008-04-11 00:00:00Z,PO38 1ES,Flats/Maisonettes,Established,Leasehold,36,FLAT 5,VICTORIA STREET,VENTNOR,VENTNOR,ISLE OF WIGHT,ISLE OF WIGHT,Standard,Addition,50.5947050000,-1.2013830000
192500,2008-04-08 00:00:00Z,PO38 1JD,Flats/Maisonettes,Established,Leasehold,SEA CLIFF,FLAT 3,BELGRAVE ROAD,VENTNOR,VENTNOR,ISLE OF WIGHT,ISLE OF WIGHT,Standard,Addition,50.5943370000,-1.2081280000
147000,2008-06-06 00:00:00Z,PO38 1EE,Flats/Maisonettes,Established,Leasehold,7,FLAT 2,ALEXANDRA GARDENS,VENTNOR,VENTNOR,ISLE OF WIGHT,ISLE OF WIGHT,Standard,Addition,50.5941570000,-1.2041330000
290000,2008-01-11 00:00:00Z,PO38 1EE,Terraced,Established,Leasehold,4,,ALEXANDRA GARDENS,VENTNOR,VENTNOR,ISLE OF WIGHT,ISLE OF WIGHT,Standard,Addition,50.5941570000,-1.2041330000
115000,2008-05-16 00:00:00Z,PO38 1SW,Flats/Maisonettes,Established,Leasehold,9A,,CHURCH STREET,VENTNOR,VENTNOR,ISLE OF WIGHT,ISLE OF WIGHT,Standard,Addition,50.5947190000,-1.2060870000
175000,2008-05-13 00:00:00Z,PO38 1TH,Flats/Maisonettes,Established,Leasehold,ST DAVIDS LODGE,FLAT 1,GROVE ROAD,VENTNOR,VENTNOR,ISLE OF WIGHT,ISLE OF WIGHT,Standard,Addition,50.5960780000,-1.2048640000
116000,2008-09-30 00:00:00Z,PO38 1TQ,Semi-Detached,Established,Freehold,2,,SUSSEX VILLAS,VENTNOR,VENTNOR,ISLE OF WIGHT,ISLE OF WIGHT,Standard,Addition,50.5958200000,-1.2056490000
140000,2008-01-29 00:00:00Z,PO38 1LU,Flats/Maisonettes,Established,Leasehold,68A,,HIGH STREET,VENTNOR,VENTNOR,ISLE OF WIGHT,ISLE OF WIGHT,Standard,Addition,50.5956590000,-1.2028640000
280000,2008-05-23 00:00:00Z,PO38 1ED,Flats/Maisonettes,Established,Leasehold,KINGSVIEW,11,CHURCH STREET,VENTNOR,VENTNOR,ISLE OF WIGHT,ISLE OF WIGHT,Standard,Addition,50.5941310000,-1.2069430000
245000,2008-04-30 00:00:00Z,PO38 1JL,Terraced,Established,Freehold,SEAVIEW,,ESPLANADE ROAD,VENTNOR,VENTNOR,ISLE OF WIGHT,ISLE OF WIGHT,Standard,Addition,50.5939610000,-1.2087040000
55000,2008-12-16 00:00:00Z,PO38 1SX,Flats/Maisonettes,Established,Leasehold,31,,PIER STREET,,VENTNOR,ISLE OF WIGHT,ISLE OF WIGHT,Standard,Addition,50.5943500000,-1.2047370000
165000,2008-04-18 00:00:00Z,PO38 1EQ,Terraced,Established,Freehold,49,,DUDLEY ROAD,VENTNOR,VENTNOR,ISLE OF WIGHT,ISLE OF WIGHT,Standard,Addition,50.5943160000,-1.2023500000
170000,2008-09-11 00:00:00Z,PO38 1DS,Semi-Detached,Established,Freehold,50,,MITCHELL AVENUE,VENTNOR,VENTNOR,ISLE OF WIGHT,ISLE OF WIGHT,Standard,Addition,50.5976770000,-1.2033110000
137500,2008-03-14 00:00:00Z,PO38 1PL,Terraced,Established,Freehold,MERTOUN,FLAT 2,ST BONIFACE ROAD,VENTNOR,VENTNOR,ISLE OF WIGHT,ISLE OF WIGHT,Standard,Addition,50.5973590000,-1.2002920000
47000,2008-09-16 00:00:00Z,PO38 1DU,Flats/Maisonettes,Established,Leasehold,"BONIFACE COURT, 84",FLAT 3,MITCHELL AVENUE,VENTNOR,VENTNOR,ISLE OF WIGHT,ISLE OF WIGHT,Standard,Addition,50.5977120000,-1.2021410000
149000,2008-10-24 00:00:00Z,PO38 1EN,Terraced,Established,Freehold,55,,DUDLEY ROAD,VENTNOR,VENTNOR,ISLE OF WIGHT,ISLE OF WIGHT,Standard,Addition,50.5944210000,-1.2018960000
108000,2008-05-06 00:00:00Z,PO38 1TG,Semi-Detached,Established,Freehold,PROSPECT COTTAGE,,TULSE HILL,VENTNOR,VENTNOR,ISLE OF WIGHT,ISLE OF WIGHT,Standard,Addition,50.5955270000,-1.2059180000
120000,2009-12-01 00:00:00Z,PO38 1SQ,Flats/Maisonettes,New Build,Leasehold,HAMBROUGH HOUSE,FLAT 2,HAMBROUGH ROAD,,VENTNOR,ISLE OF WIGHT,ISLE OF WIGHT,Standard,Addition,50.5939430000,-1.2057330000
195000,2009-06-12 00:00:00Z,PO38 1EH,Terraced,Established,Freehold,25,,DUDLEY ROAD,,VENTNOR,ISLE OF WIGHT,ISLE OF WIGHT,Standard,Addition,50.5942740000,-1.2031850000
147500,2009-05-01 00:00:00Z,PO38 1TH,Semi-Detached,Established,Freehold,PORTSIDE HOUSE,,GROVE ROAD,,VENTNOR,ISLE OF WIGHT,ISLE OF WIGHT,Standard,Addition,50.5960780000,-1.2048640000
110000,2009-10-14 00:00:00Z,PO38 1SQ,Flats/Maisonettes,New Build,Leasehold,HAMBROUGH HOUSE,FLAT 1,HAMBROUGH ROAD,,VENTNOR,ISLE OF WIGHT,ISLE OF WIGHT,Standard,Addition,50.5939430000,-1.2057330000
86500,2009-03-02 00:00:00Z,PO38 1RZ,Flats/Maisonettes,Established,Leasehold,41A,,HIGH STREET,,VENTNOR,ISLE OF WIGHT,ISLE OF WIGHT,Standard,Addition,50.5952750000,-1.2048100000
270000,2009-10-16 00:00:00Z,PO38 1SQ,Flats/Maisonettes,New Build,Leasehold,HAMBROUGH HOUSE,FLAT 6,HAMBROUGH ROAD,,VENTNOR,ISLE OF WIGHT,ISLE OF WIGHT,Standard,Addition,50.5939430000,-1.2057330000
123000,2009-08-11 00:00:00Z,PO38 1SQ,Flats/Maisonettes,Established,Leasehold,MARINE COURT,FLAT 11,HAMBROUGH ROAD,,VENTNOR,ISLE OF WIGHT,ISLE OF WIGHT,Standard,Addition,50.5939430000,-1.2057330000
160000,2009-12-22 00:00:00Z,PO38 1RZ,Terraced,Established,Freehold,38,,HIGH STREET,,VENTNOR,ISLE OF WIGHT,ISLE OF WIGHT,Standard,Addition,50.5952750000,-1.2048100000
180000,2009-08-28 00:00:00Z,PO38 1TW,Detached,Established,Freehold,AILSA CRAIG,,SOUTHGROVE ROAD,,VENTNOR,ISLE OF WIGHT,ISLE OF WIGHT,Standard,Addition,50.5969470000,-1.2070670000
205000,2009-09-14 00:00:00Z,PO38 1SQ,Flats/Maisonettes,New Build,Leasehold,HAMBROUGH HOUSE,FLAT 14,HAMBROUGH ROAD,,VENTNOR,ISLE OF WIGHT,ISLE OF WIGHT,Standard,Addition,50.5939430000,-1.2057330000
245000,2009-04-16 00:00:00Z,PO38 1DT,Semi-Detached,Established,Freehold,2,,ALTOFTS GARDENS,,VENTNOR,ISLE OF WIGHT,ISLE OF WIGHT,Standard,Addition,50.5972290000,-1.2036290000
135000,2009-02-25 00:00:00Z,PO38 1DW,Terraced,Established,Freehold,18,,MITCHELL AVENUE,VENTNOR,VENTNOR,ISLE OF WIGHT,ISLE OF WIGHT,Standard,Addition,50.5973880000,-1.2071590000
285000,2009-10-19 00:00:00Z,PO38 1SQ,Flats/Maisonettes,New Build,Leasehold,HAMBROUGH HOUSE,FLAT 10,HAMBROUGH ROAD,,VENTNOR,ISLE OF WIGHT,ISLE OF WIGHT,Standard,Addition,50.5939430000,-1.2057330000
560000,2009-03-06 00:00:00Z,PO38 1JP,Flats/Maisonettes,Established,Leasehold,THE METROPOLE,10,ESPLANADE,,VENTNOR,ISLE OF WIGHT,ISLE OF WIGHT,Standard,Addition,50.5933870000,-1.2071690000
117500,2009-03-12 00:00:00Z,PO38 1EZ,Terraced,Established,Freehold,26,,ALBERT STREET,VENTNOR,VENTNOR,ISLE OF WIGHT,ISLE OF WIGHT,Standard,Addition,50.5945480000,-1.2037910000
194000,2009-10-23 00:00:00Z,PO38 1TP,Terraced,Established,Freehold,INDIA COTTAGE,,GROVE ROAD,,VENTNOR,ISLE OF WIGHT,ISLE OF WIGHT,Standard,Addition,50.5960820000,-1.2055560000
131000,2009-08-17 00:00:00Z,PO38 1EZ,Terraced,Established,Freehold,22,,ALBERT STREET,,VENTNOR,ISLE OF WIGHT,ISLE OF WIGHT,Standard,Addition,50.5945480000,-1.2037910000
200000,2009-07-07 00:00:00Z,PO38 1PL,Semi-Detached,Established,Freehold,MULBERRY COTTAGE,,ST BONIFACE ROAD,,VENTNOR,ISLE OF WIGHT,ISLE OF WIGHT,Standard,Addition,50.5973590000,-1.2002920000
175000,2009-12-02 00:00:00Z,PO38 1SQ,Flats/Maisonettes,New Build,Leasehold,HAMBROUGH HOUSE,FLAT 5,HAMBROUGH ROAD,,VENTNOR,ISLE OF WIGHT,ISLE OF WIGHT,Standard,Addition,50.5939430000,-1.2057330000
110000,2009-04-29 00:00:00Z,PO38 1SN,Flats/Maisonettes,Established,Leasehold,19,FLAT 3,CHURCH STREET,,VENTNOR,ISLE OF WIGHT,ISLE OF WIGHT,Standard,Addition,50.5943640000,-1.2067860000
110000,2009-01-16 00:00:00Z,PO38 1SQ,Flats/Maisonettes,Established,Leasehold,MARINE COURT,FLAT 5,HAMBROUGH ROAD,VENTNOR,VENTNOR,ISLE OF WIGHT,ISLE OF WIGHT,Standard,Addition,50.5939430000,-1.2057330000
300000,2009-11-10 00:00:00Z,PO38 1TS,Detached,Established,Freehold,WOODLANDS,,GROVE ROAD,,VENTNOR,ISLE OF WIGHT,ISLE OF WIGHT,Standard,Addition,50.5964690000,-1.2082340000
139000,2009-03-12 00:00:00Z,PO38 1EZ,Semi-Detached,Established,Freehold,46,,ALBERT STREET,,VENTNOR,ISLE OF WIGHT,ISLE OF WIGHT,Standard,Addition,50.5945480000,-1.2037910000
190000,2009-03-24 00:00:00Z,PO38 1SQ,Flats/Maisonettes,Established,Leasehold,MIRAMARE COURT,FLAT 8,HAMBROUGH ROAD,,VENTNOR,ISLE OF WIGHT,ISLE OF WIGHT,Standard,Addition,50.5939430000,-1.2057330000
143000,2009-10-23 00:00:00Z,PO38 1TH,Semi-Detached,Established,Freehold,STARBOARD HOUSE,,GROVE ROAD,,VENTNOR,ISLE OF WIGHT,ISLE OF WIGHT,Standard,Addition,50.5960780000,-1.2048640000
160000,2009-01-19 00:00:00Z,PO38 1EQ,Terraced,Established,Freehold,43,,DUDLEY ROAD,VENTNOR,VENTNOR,ISLE OF WIGHT,ISLE OF WIGHT,Standard,Addition,50.5943160000,-1.2023500000
155000,2009-01-30 00:00:00Z,PO38 1SQ,Flats/Maisonettes,Established,Leasehold,MIRAMARE COURT,FLAT 7,HAMBROUGH ROAD,VENTNOR,VENTNOR,ISLE OF WIGHT,ISLE OF WIGHT,Standard,Addition,50.5939430000,-1.2057330000
175000,2009-10-08 00:00:00Z,PO38 1SQ,Flats/Maisonettes,New Build,Leasehold,HAMBROUGH HOUSE,FLAT 8,HAMBROUGH ROAD,,VENTNOR,ISLE OF WIGHT,ISLE OF WIGHT,Standard,Addition,50.5939430000,-1.2057330000
105500,2009-07-13 00:00:00Z,PO38 1LZ,Flats/Maisonettes,Established,Leasehold,139B,,HIGH STREET,,VENTNOR,ISLE OF WIGHT,ISLE OF WIGHT,Standard,Addition,50.5964670000,-1.2003110000
90000,2009-02-27 00:00:00Z,PO38 1SQ,Flats/Maisonettes,Established,Leasehold,PALMERSTON HOUSE,FLAT 1,HAMBROUGH ROAD,VENTNOR,VENTNOR,ISLE OF WIGHT,ISLE OF WIGHT,Standard,Addition,50.5939430000,-1.2057330000
85000,2009-11-18 00:00:00Z,PO38 1PE,Flats/Maisonettes,Established,Leasehold,SPRING HILL VIEW,,GROVE ROAD,,VENTNOR,ISLE OF WIGHT,ISLE OF WIGHT,Standard,Addition,50.5956960000,-1.2042620000
170000,2010-06-09 00:00:00Z,PO38 1PE,Flats/Maisonettes,Established,Leasehold,SPRING HILL VIEW,,GROVE ROAD,,VENTNOR,ISLE OF WIGHT,ISLE OF WIGHT,Standard,Addition,50.5956960000,-1.2042620000
175000,2010-05-07 00:00:00Z,PO38 1NH,Terraced,Established,Leasehold,4,,KENT ROAD,,VENTNOR,ISLE OF WIGHT,ISLE OF WIGHT,Standard,Addition,50.5958750000,-1.2015330000
200000,2010-05-28 00:00:00Z,PO38 1TF,Semi-Detached,Established,Freehold,GROVE HURST,1,MARLBOROUGH ROAD,,VENTNOR,ISLE OF WIGHT,ISLE OF WIGHT,Standard,Addition,50.5953220000,-1.2064630000
124600,2010-04-13 00:00:00Z,PO38 1LZ,Flats/Maisonettes,Established,Leasehold,150A,,HIGH STREET,,VENTNOR,ISLE OF WIGHT,ISLE OF WIGHT,Standard,Addition,50.5964670000,-1.2003110000
571000,2010-12-10 00:00:00Z,PO38 1PP,Detached,Established,Freehold,MULBERRY GRANGE,,ST BONIFACE ROAD,,VENTNOR,ISLE OF WIGHT,ISLE OF WIGHT,Standard,Addition,50.5971100000,-1.2006790000
195000,2010-02-11 00:00:00Z,PO38 1NQ,Terraced,Established,Freehold,18,,WEST STREET,,VENTNOR,ISLE OF WIGHT,ISLE OF WIGHT,Standard,Addition,50.5955840000,-1.2009870000
178000,2010-05-21 00:00:00Z,PO38 1SQ,Flats/Maisonettes,Established,Leasehold,MIRAMARE COURT,FLAT 7,HAMBROUGH ROAD,,VENTNOR,ISLE OF WIGHT,ISLE OF WIGHT,Standard,Addition,50.5939430000,-1.2057330000
110000,2010-11-04 00:00:00Z,PO38 1ST,Terraced,Established,Freehold,16,,PIER STREET,,VENTNOR,ISLE OF WIGHT,ISLE OF WIGHT,Standard,Addition,50.5948020000,-1.2053830000
140500,2010-09-17 00:00:00Z,PO38 1TF,Terraced,Established,Freehold,MONTELLA,,MARLBOROUGH ROAD,,VENTNOR,ISLE OF WIGHT,ISLE OF WIGHT,Standard,Addition,50.5953220000,-1.2064630000
124000,2010-07-16 00:00:00Z,PO38 1SQ,Flats/Maisonettes,Established,Leasehold,MARINE COURT,FLAT 5,HAMBROUGH ROAD,,VENTNOR,ISLE OF WIGHT,ISLE OF WIGHT,Standard,Addition,50.5939430000,-1.2057330000
200000,2010-07-23 00:00:00Z,PO38 1TQ,Semi-Detached,Established,Freehold,MYRTLE VILLA,,TULSE HILL,,VENTNOR,ISLE OF WIGHT,ISLE OF WIGHT,Standard,Addition,50.5958200000,-1.2056490000
89000,2010-02-26 00:00:00Z,PO38 1EG,Flats/Maisonettes,Established,Leasehold,9,FLAT 3,DEVONSHIRE TERRACE,,VENTNOR,ISLE OF WIGHT,ISLE OF WIGHT,Standard,Addition,50.5940940000,-1.2018210000
125000,2010-05-18 00:00:00Z,PO38 1JU,Flats/Maisonettes,Established,Leasehold,SILVERMERE COURT,FLAT 2,ALMA ROAD,,VENTNOR,ISLE OF WIGHT,ISLE OF WIGHT,Standard,Addition,50.5936240000,-1.2091550000
215000,2010-10-07 00:00:00Z,PO38 1JD,Flats/Maisonettes,Established,Leasehold,SEA CLIFF,FLAT 1,BELGRAVE ROAD,,VENTNOR,ISLE OF WIGHT,ISLE OF WIGHT,Standard,Addition,50.5943370000,-1.2081280000
130000,2010-10-22 00:00:00Z,PO38 1TW,Flats/Maisonettes,Established,Leasehold,AVONMORE COURT,FLAT 2,SOUTHGROVE ROAD,,VENTNOR,ISLE OF WIGHT,ISLE OF WIGHT,Standard,Addition,50.5969470000,-1.2070670000
291000,2010-07-30 00:00:00Z,PO38 1SQ,Flats/Maisonettes,New Build,Leasehold,HAMBROUGH HOUSE,FLAT 13,HAMBROUGH ROAD,,VENTNOR,ISLE OF WIGHT,ISLE OF WIGHT,Standard,Addition,50.5939430000,-1.2057330000
195000,2010-04-15 00:00:00Z,PO38 1BT,Flats/Maisonettes,Established,Freehold,"CHAPEL HOUSE, 2",1,ALPINE ROAD,,VENTNOR,ISLE OF WIGHT,ISLE OF WIGHT,Standard,Addition,50.5946940000,-1.2089980000
130000,2010-11-12 00:00:00Z,PO38 1DR,Terraced,Established,Leasehold,57,,MITCHELL AVENUE,,VENTNOR,ISLE OF WIGHT,ISLE OF WIGHT,Standard,Addition,50.5978430000,-1.2052150000
210000,2010-01-08 00:00:00Z,PO38 1JN,Terraced,Established,Freehold,5,,MARINE PARADE,,VENTNOR,ISLE OF WIGHT,ISLE OF WIGHT,Standard,Addition,50.5938760000,-1.2080130000
119000,2010-01-29 00:00:00Z,PO38 1RZ,Flats/Maisonettes,Established,Leasehold,23B,,HIGH STREET,,VENTNOR,ISLE OF WIGHT,ISLE OF WIGHT,Standard,Addition,50.5952750000,-1.2048100000
142500,2010-04-30 00:00:00Z,PO38 1TS,Semi-Detached,Established,Leasehold,2,,CLARENDON VILLAS,,VENTNOR,ISLE OF WIGHT,ISLE OF WIGHT,Standard,Addition,50.5964690000,-1.2082340000
87000,2010-04-30 00:00:00Z,PO38 1HY,Flats/Maisonettes,Established,Leasehold,CLARENDON COURT,7,POUND LANE,,VENTNOR,ISLE OF WIGHT,ISLE OF WIGHT,Standard,Addition,50.5951340000,-1.2035510000
132500,2010-08-06 00:00:00Z,PO38 1TH,Flats/Maisonettes,Established,Leasehold,KING CHARLES COURT,FLAT 9,GROVE ROAD,,VENTNOR,ISLE OF WIGHT,ISLE OF WIGHT,Standard,Addition,50.5960780000,-1.2048640000
157000,2010-07-16 00:00:00Z,PO38 1TH,Flats/Maisonettes,Established,Leasehold,KING CHARLES COURT,FLAT 8,GROVE ROAD,,VENTNOR,ISLE OF WIGHT,ISLE OF WIGHT,Standard,Addition,50.5960780000,-1.2048640000
72000,2010-06-04 00:00:00Z,PO38 1PE,Terraced,Established,Freehold,5,,SPRING HILL,,VENTNOR,ISLE OF WIGHT,ISLE OF WIGHT,Standard,Addition,50.5956960000,-1.2042620000
289950,2010-01-13 00:00:00Z,PO38 1SQ,Flats/Maisonettes,New Build,Leasehold,HAMBROUGH HOUSE,FLAT 9,HAMBROUGH ROAD,,VENTNOR,ISLE OF WIGHT,ISLE OF WIGHT,Standard,Addition,50.5939430000,-1.2057330000
115000,2010-04-16 00:00:00Z,PO38 1SX,Terraced,Established,Freehold,28,,PIER STREET,,VENTNOR,ISLE OF WIGHT,ISLE OF WIGHT,Standard,Addition,50.5943500000,-1.2047370000
120000,2010-07-30 00:00:00Z,PO38 1ES,Terraced,Established,Freehold,40,,VICTORIA STREET,,VENTNOR,ISLE OF WIGHT,ISLE OF WIGHT,Standard,Addition,50.5947050000,-1.2013830000
249950,2010-11-29 00:00:00Z,PO38 1EH,Terraced,Established,Freehold,33,,DUDLEY ROAD,,VENTNOR,ISLE OF WIGHT,ISLE OF WIGHT,Standard,Addition,50.5942740000,-1.2031850000
79950,2010-06-08 00:00:00Z,PO38 1EE,Flats/Maisonettes,Established,Leasehold,8,BASEMENT FLAT,ALEXANDRA GARDENS,,VENTNOR,ISLE OF WIGHT,ISLE OF WIGHT,Standard,Addition,50.5941570000,-1.2041330000
125000,2010-06-21 00:00:00Z,PO38 1ER,Flats/Maisonettes,Established,Leasehold,"MADEIRA FLATS, 50",5,DUDLEY ROAD,,VENTNOR,ISLE OF WIGHT,ISLE OF WIGHT,Standard,Addition,50.5944410000,-1.2008500000
48975,2010-08-10 00:00:00Z,PO38 1DU,Flats/Maisonettes,Established,Leasehold,"BONIFACE COURT, 84",FLAT 7,MITCHELL AVENUE,,VENTNOR,ISLE OF WIGHT,ISLE OF WIGHT,Standard,Addition,50.5977120000,-1.2021410000
135000,2010-06-24 00:00:00Z,PO38 1TW,Flats/Maisonettes,Established,Leasehold,BELMONT HOUSE,FLAT 5,SOUTHGROVE ROAD,,VENTNOR,ISLE OF WIGHT,ISLE OF WIGHT,Standard,Addition,50.5969470000,-1.2070670000
249950,2010-05-07 00:00:00Z,PO38 1JD,Flats/Maisonettes,Established,Leasehold,SEA CLIFF,FLAT 2,BELGRAVE ROAD,,VENTNOR,ISLE OF WIGHT,ISLE OF WIGHT,Standard,Addition,50.5943370000,-1.2081280000
156000,2010-08-26 00:00:00Z,PO38 1SQ,Flats/Maisonettes,Established,Leasehold,MIRAMARE COURT,FLAT 6,HAMBROUGH ROAD,,VENTNOR,ISLE OF WIGHT,ISLE OF WIGHT,Standard,Addition,50.5939430000,-1.2057330000
147000,2010-10-01 00:00:00Z,PO38 1SQ,Flats/Maisonettes,Established,Leasehold,MARINE COURT,FLAT 7,HAMBROUGH ROAD,,VENTNOR,ISLE OF WIGHT,ISLE OF WIGHT,Standard,Addition,50.5939430000,-1.2057330000
216000,2010-01-20 00:00:00Z,PO38 1ED,Flats/Maisonettes,Established,Leasehold,KINGSVIEW,8,CHURCH STREET,,VENTNOR,ISLE OF WIGHT,ISLE OF WIGHT,Standard,Addition,50.5941310000,-1.2069430000
500000,2010-04-01 00:00:00Z,PO38 1JP,Flats/Maisonettes,Established,Leasehold,THE METROPOLE,10,ESPLANADE,,VENTNOR,ISLE OF WIGHT,ISLE OF WIGHT,Standard,Addition,50.5933870000,-1.2071690000
125000,2010-10-22 00:00:00Z,PO38 1SQ,Flats/Maisonettes,Established,Leasehold,MARINE COURT,FLAT 11,HAMBROUGH ROAD,,VENTNOR,ISLE OF WIGHT,ISLE OF WIGHT,Standard,Addition,50.5939430000,-1.2057330000
148000,2010-10-28 00:00:00Z,PO38 1TS,Flats/Maisonettes,Established,Leasehold,6,,CLARENDON VILLAS,,VENTNOR,ISLE OF WIGHT,ISLE OF WIGHT,Standard,Addition,50.5964690000,-1.2082340000
145000,2010-08-06 00:00:00Z,PO38 1JW,Flats/Maisonettes,Established,Leasehold,ESPLANADE HOUSE,FLAT 3,ESPLANADE ROAD,,VENTNOR,ISLE OF WIGHT,ISLE OF WIGHT,Standard,Addition,50.5935260000,-1.2068460000
155000,2010-12-31 00:00:00Z,PO38 1EZ,Terraced,Established,Freehold,38,,ALBERT STREET,,VENTNOR,ISLE OF WIGHT,ISLE OF WIGHT,Standard,Addition,50.5945480000,-1.2037910000
192500,2010-08-27 00:00:00Z,PO38 1PF,Semi-Detached,Established,Freehold,23A,,SPRING HILL,,VENTNOR,ISLE OF WIGHT,ISLE OF WIGHT,Standard,Addition,50.5967400000,-1.2030160000
345000,2010-02-26 00:00:00Z,PO38 1SQ,Detached,Established,Leasehold,THE CROWS NEST,,HAMBROUGH ROAD,,VENTNOR,ISLE OF WIGHT,ISLE OF WIGHT,Standard,Addition,50.5939430000,-1.2057330000
125000,2011-03-14 00:00:00Z,PO38 1NQ,Terraced,Established,Leasehold,25,,WEST STREET,,VENTNOR,ISLE OF WIGHT,ISLE OF WIGHT,Standard,Addition,50.5955840000,-1.2009870000
500000,2011-01-12 00:00:00Z,PO38 1JN,Terraced,Established,Freehold,2,TOP FLAT,MARINE PARADE,,VENTNOR,ISLE OF WIGHT,ISLE OF WIGHT,Standard,Addition,50.5938760000,-1.2080130000
274950,2011-10-21 00:00:00Z,PO38 1DT,Semi-Detached,Established,Freehold,2,,ALTOFTS GARDENS,,VENTNOR,ISLE OF WIGHT,ISLE OF WIGHT,Standard,Addition,50.5972290000,-1.2036290000
145000,2011-06-03 00:00:00Z,PO38 1DL,Semi-Detached,Established,Leasehold,17,,MITCHELL AVENUE,,VENTNOR,ISLE OF WIGHT,ISLE OF WIGHT,Standard,Addition,50.5976510000,-1.2073800000
316000,2011-06-30 00:00:00Z,PO38 1PJ,Semi-Detached,Established,Freehold,"CRESSINGHAM, 8",,ST BONIFACE TERRACE,,VENTNOR,ISLE OF WIGHT,ISLE OF WIGHT,Standard,Addition,50.5977280000,-1.2002300000
240000,2011-05-27 00:00:00Z,PO38 1TW,Detached,Established,Freehold,KILMURRY,,SOUTHGROVE ROAD,,VENTNOR,ISLE OF WIGHT,ISLE OF WIGHT,Standard,Addition,50.5969470000,-1.2070670000
234000,2011-02-14 00:00:00Z,PO38 1NH,Terraced,Established,Leasehold,5,,KENT ROAD,,VENTNOR,ISLE OF WIGHT,ISLE OF WIGHT,Standard,Addition,50.5958750000,-1.2015330000
230000,2011-03-28 00:00:00Z,PO38 1TQ,Semi-Detached,Established,Freehold,BENTINCK,,TULSE HILL,,VENTNOR,ISLE OF WIGHT,ISLE OF WIGHT,Standard,Addition,50.5958200000,-1.2056490000
150000,2011-12-19 00:00:00Z,PO38 1BT,Flats/Maisonettes,Established,Leasehold,25C,,ALPINE ROAD,,VENTNOR,ISLE OF WIGHT,ISLE OF WIGHT,Standard,Addition,50.5946940000,-1.2089980000
47000,2011-08-12 00:00:00Z,PO38 1SX,Flats/Maisonettes,Established,Leasehold,33A,,PIER STREET,,VENTNOR,ISLE OF WIGHT,ISLE OF WIGHT,Standard,Addition,50.5943500000,-1.2047370000
115000,2011-08-26 00:00:00Z,PO38 1TE,Terraced,Established,Freehold,ST. CATHERINES COTTAGES,3,MARLBOROUGH ROAD,,VENTNOR,ISLE OF WIGHT,ISLE OF WIGHT,Standard,Addition,50.5952840000,-1.2071520000
188000,2011-01-19 00:00:00Z,PO38 1JR,Flats/Maisonettes,Established,Leasehold,PIER VIEW,FLAT 2,ESPLANADE,,VENTNOR,ISLE OF WIGHT,ISLE OF WIGHT,Standard,Addition,50.5932620000,-1.2063700000
136500,2011-11-18 00:00:00Z,PO38 1DR,Terraced,Established,Leasehold,65,,MITCHELL AVENUE,,VENTNOR,ISLE OF WIGHT,ISLE OF WIGHT,Standard,Addition,50.5978430000,-1.2052150000
135000,2011-11-11 00:00:00Z,PO38 1EZ,Terraced,Established,Freehold,28,,ALBERT STREET,,VENTNOR,ISLE OF WIGHT,ISLE OF WIGHT,Standard,Addition,50.5945480000,-1.2037910000
99000,2011-04-28 00:00:00Z,PO38 1PD,Flats/Maisonettes,Established,Leasehold,2,,SPRING HILL COURT,,VENTNOR,ISLE OF WIGHT,ISLE OF WIGHT,Standard,Addition,50.5969080000,-1.2013740000
207000,2011-04-21 00:00:00Z,PO38 1JW,Flats/Maisonettes,Established,Leasehold,ESPLANADE HOUSE,FLAT 4,ESPLANADE ROAD,,VENTNOR,ISLE OF WIGHT,ISLE OF WIGHT,Standard,Addition,50.5935260000,-1.2068460000
195000,2011-04-28 00:00:00Z,PO38 1EW,Terraced,Established,Freehold,77,,DUDLEY ROAD,,VENTNOR,ISLE OF WIGHT,ISLE OF WIGHT,Standard,Addition,50.5945080000,-1.2014430000
144000,2011-07-22 00:00:00Z,PO38 1JW,Flats/Maisonettes,Established,Leasehold,ESPLANADE HOUSE,FLAT 1,ESPLANADE ROAD,,VENTNOR,ISLE OF WIGHT,ISLE OF WIGHT,Standard,Addition,50.5935260000,-1.2068460000
73500,2011-12-09 00:00:00Z,PO38 1DU,Flats/Maisonettes,Established,Leasehold,"BONIFACE COURT, 84",FLAT 3,MITCHELL AVENUE,,VENTNOR,ISLE OF WIGHT,ISLE OF WIGHT,Standard,Addition,50.5977120000,-1.2021410000
55000,2011-09-23 00:00:00Z,PO38 1LY,Flats/Maisonettes,Established,Leasehold,95A,,HIGH STREET,,VENTNOR,ISLE OF WIGHT,ISLE OF WIGHT,Standard,Addition,50.5960570000,-1.2021130000
275000,2011-11-25 00:00:00Z,PO38 1PL,Terraced,Established,Freehold,THE HAVEN,,ST BONIFACE ROAD,,VENTNOR,ISLE OF WIGHT,ISLE OF WIGHT,Standard,Addition,50.5973590000,-1.2002920000
250000,2011-01-14 00:00:00Z,PO38 1DT,Detached,Established,Freehold,14,,ALTOFTS GARDENS,,VENTNOR,ISLE OF WIGHT,ISLE OF WIGHT,Standard,Addition,50.5972290000,-1.2036290000
120000,2011-07-11 00:00:00Z,PO38 1SQ,Flats/Maisonettes,Established,Leasehold,HAMBROUGH HOUSE,FLAT 1,HAMBROUGH ROAD,,VENTNOR,ISLE OF WIGHT,ISLE OF WIGHT,Standard,Addition,50.5939430000,-1.2057330000
234000,2011-02-14 00:00:00Z,PO38 1NH,Terraced,Established,Freehold,5,,KENT ROAD,,VENTNOR,ISLE OF WIGHT,ISLE OF WIGHT,Standard,Addition,50.5958750000,-1.2015330000
325000,2011-07-22 00:00:00Z,PO38 1JP,Flats/Maisonettes,Established,Leasehold,THE METROPOLE,9,ESPLANADE,,VENTNOR,ISLE OF WIGHT,ISLE OF WIGHT,Standard,Addition,50.5933870000,-1.2071690000
30000,2011-09-05 00:00:00Z,PO38 1RZ,Flats/Maisonettes,Established,Leasehold,31C,,HIGH STREET,,VENTNOR,ISLE OF WIGHT,ISLE OF WIGHT,Standard,Addition,50.5952750000,-1.2048100000
54000,2011-07-15 00:00:00Z,PO38 1ST,Flats/Maisonettes,Established,Leasehold,1 - 3,FLAT 1,PIER STREET,,VENTNOR,ISLE OF WIGHT,ISLE OF WIGHT,Standard,Addition,50.5948020000,-1.2053830000
154000,2011-02-04 00:00:00Z,PO38 1EZ,Terraced,Established,Freehold,38,,ALBERT STREET,,VENTNOR,ISLE OF WIGHT,ISLE OF WIGHT,Standard,Addition,50.5945480000,-1.2037910000
68000,2011-06-17 00:00:00Z,PO38 1ST,Flats/Maisonettes,Established,Leasehold,17A,,PIER STREET,,VENTNOR,ISLE OF WIGHT,ISLE OF WIGHT,Standard,Addition,50.5948020000,-1.2053830000
80000,2011-11-04 00:00:00Z,PO38 1SQ,Flats/Maisonettes,Established,Leasehold,ROSLYN HOUSE,FLAT 1,HAMBROUGH ROAD,,VENTNOR,ISLE OF WIGHT,ISLE OF WIGHT,Standard,Addition,50.5939430000,-1.2057330000
80000,2011-01-17 00:00:00Z,PO38 1BT,Flats/Maisonettes,Established,Freehold,15,,ALPINE ROAD,,VENTNOR,ISLE OF WIGHT,ISLE OF WIGHT,Standard,Addition,50.5946940000,-1.2089980000
145000,2011-06-24 00:00:00Z,PO38 1JU,Flats/Maisonettes,Established,Leasehold,SILVERMERE COURT,FLAT 5,ALMA ROAD,,VENTNOR,ISLE OF WIGHT,ISLE OF WIGHT,Standard,Addition,50.5936240000,-1.2091550000
500000,2011-12-19 00:00:00Z,PO38 1EB,Detached,Established,Freehold,5,,MACROCARPA ROAD,,VENTNOR,ISLE OF WIGHT,ISLE OF WIGHT,Standard,Addition,50.5971930000,-1.2049440000
122000,2011-11-04 00:00:00Z,PO38 1EZ,Terraced,Established,Freehold,44,,ALBERT STREET,,VENTNOR,ISLE OF WIGHT,ISLE OF WIGHT,Standard,Addition,50.5945480000,-1.2037910000
138000,2011-05-17 00:00:00Z,PO38 1DR,Terraced,Established,Leasehold,67,,MITCHELL AVENUE,,VENTNOR,ISLE OF WIGHT,ISLE OF WIGHT,Standard,Addition,50.5978430000,-1.2052150000
200000,2011-09-06 00:00:00Z,PO38 1BT,Flats/Maisonettes,Established,Leasehold,"ALGERNON HOUSE, 17",FLAT 2,ALPINE ROAD,,VENTNOR,ISLE OF WIGHT,ISLE OF WIGHT,Standard,Addition,50.5946940000,-1.2089980000
100000,2012-12-12 00:00:00Z,PO38 1EY,Terraced,Established,Leasehold,60,,ALBERT STREET,,VENTNOR,ISLE OF WIGHT,ISLE OF WIGHT,Standard,Addition,50.5946160000,-1.2027830000
189950,2012-07-09 00:00:00Z,PO38 1TY,Terraced,Established,Freehold,SPRING COTTAGES,5,MARLBOROUGH ROAD,,VENTNOR,ISLE OF WIGHT,ISLE OF WIGHT,Standard,Addition,50.5953260000,-1.2066850000
130000,2012-08-22 00:00:00Z,PO38 1RZ,Flats/Maisonettes,Established,Leasehold,26A,,HIGH STREET,,VENTNOR,ISLE OF WIGHT,ISLE OF WIGHT,Standard,Addition,50.5952750000,-1.2048100000
195000,2012-07-23 00:00:00Z,PO38 1TW,Flats/Maisonettes,Established,Leasehold,"FLAT, 1B",,SOUTHGROVE TERRACE,,VENTNOR,ISLE OF WIGHT,ISLE OF WIGHT,Standard,Addition,50.5969470000,-1.2070670000
350000,2012-10-29 00:00:00Z,PO38 1PJ,Semi-Detached,Established,Freehold,"CRESSINGHAM, 8",,ST BONIFACE TERRACE,,VENTNOR,ISLE OF WIGHT,ISLE OF WIGHT,Standard,Addition,50.5977280000,-1.2002300000
129950,2012-02-29 00:00:00Z,PO38 1NQ,Terraced,Established,Freehold,8,,WEST STREET,,VENTNOR,ISLE OF WIGHT,ISLE OF WIGHT,Standard,Addition,50.5955840000,-1.2009870000
85000,2012-09-07 00:00:00Z,PO38 1PF,Flats/Maisonettes,Established,Leasehold,"WOLLESCOTE HOUSE, 37",FLAT 1,SPRING HILL,,VENTNOR,ISLE OF WIGHT,ISLE OF WIGHT,Standard,Addition,50.5967400000,-1.2030160000
170000,2012-11-29 00:00:00Z,PO38 1LZ,Terraced,Established,Freehold,147,,HIGH STREET,,VENTNOR,ISLE OF WIGHT,ISLE OF WIGHT,Standard,Addition,50.5964670000,-1.2003110000
137500,2012-05-30 00:00:00Z,PO38 1LU,Flats/Maisonettes,Established,Leasehold,93A,,HIGH STREET,,VENTNOR,ISLE OF WIGHT,ISLE OF WIGHT,Standard,Addition,50.5956590000,-1.2028640000
432500,2012-03-01 00:00:00Z,PO38 1JT,Flats/Maisonettes,Established,Leasehold,RIVIERA,3,ESPLANADE,,VENTNOR,ISLE OF WIGHT,ISLE OF WIGHT,Standard,Addition,50.5934370000,-1.2083590000
247500,2012-11-01 00:00:00Z,PO38 1JR,Detached,Established,Freehold,BAY LODGE,,ESPLANADE,,VENTNOR,ISLE OF WIGHT,ISLE OF WIGHT,Standard,Addition,50.5932620000,-1.2063700000
67500,2012-02-29 00:00:00Z,PO38 1DU,Flats/Maisonettes,Established,Leasehold,"ST BONIFACE COURT, 84",FLAT 9,MITCHELL AVENUE,,VENTNOR,ISLE OF WIGHT,ISLE OF WIGHT,Standard,Addition,50.5977120000,-1.2021410000
178750,2012-03-16 00:00:00Z,PO38 1JW,Semi-Detached,Established,Leasehold,ALDERFORD,,ESPLANADE ROAD,,VENTNOR,ISLE OF WIGHT,ISLE OF WIGHT,Standard,Addition,50.5935260000,-1.2068460000
173000,2012-01-12 00:00:00Z,PO38 1TQ,Semi-Detached,Established,Freehold,2,,SUSSEX VILLAS,,VENTNOR,ISLE OF WIGHT,ISLE OF WIGHT,Standard,Addition,50.5958200000,-1.2056490000
71500,2012-06-01 00:00:00Z,PO38 1DU,Flats/Maisonettes,Established,Leasehold,"ST BONIFACE COURT, 84",FLAT 8,MITCHELL AVENUE,,VENTNOR,ISLE OF WIGHT,ISLE OF WIGHT,Standard,Addition,50.5977120000,-1.2021410000
172000,2012-04-05 00:00:00Z,PO38 1DW,Terraced,Established,Freehold,20,,MITCHELL AVENUE,,VENTNOR,ISLE OF WIGHT,ISLE OF WIGHT,Standard,Addition,50.5973880000,-1.2071590000
250000,2012-07-24 00:00:00Z,PO38 1DT,Detached,Established,Freehold,14,,ALTOFTS GARDENS,,VENTNOR,ISLE OF WIGHT,ISLE OF WIGHT,Standard,Addition,50.5972290000,-1.2036290000
60000,2012-11-05 00:00:00Z,PO38 1RZ,Flats/Maisonettes,Established,Leasehold,40B,,HIGH STREET,,VENTNOR,ISLE OF WIGHT,ISLE OF WIGHT,Standard,Addition,50.5952750000,-1.2048100000
146000,2012-06-01 00:00:00Z,PO38 1DR,Terraced,Established,Freehold,63,,MITCHELL AVENUE,,VENTNOR,ISLE OF WIGHT,ISLE OF WIGHT,Standard,Addition,50.5978430000,-1.2052150000
85000,2012-11-05 00:00:00Z,PO38 1PD,Flats/Maisonettes,Established,Leasehold,9,,SPRING HILL COURT,,VENTNOR,ISLE OF WIGHT,ISLE OF WIGHT,Standard,Addition,50.5969080000,-1.2013740000
90000,2012-02-03 00:00:00Z,PO38 1SN,Flats/Maisonettes,Established,Leasehold,19,FLAT 1,CHURCH STREET,,VENTNOR,ISLE OF WIGHT,ISLE OF WIGHT,Standard,Addition,50.5943640000,-1.2067860000
54200,2012-05-31 00:00:00Z,PO38 1EU,Flats/Maisonettes,Established,Leasehold,47,FLAT 1,ALBERT STREET,,VENTNOR,ISLE OF WIGHT,ISLE OF WIGHT,Standard,Addition,50.5949430000,-1.2023150000
156000,2012-11-29 00:00:00Z,PO38 1SX,Terraced,Established,Freehold,32,,PIER STREET,,VENTNOR,ISLE OF WIGHT,ISLE OF WIGHT,Standard,Addition,50.5943500000,-1.2047370000
85000,2012-08-17 00:00:00Z,PO38 1RZ,Flats/Maisonettes,Established,Leasehold,"FLAT 2, 15",,HIGH STREET,,VENTNOR,ISLE OF WIGHT,ISLE OF WIGHT,Standard,Addition,50.5952750000,-1.2048100000
465000,2012-03-23 00:00:00Z,PO38 1EG,Terraced,Established,Freehold,5,,DEVONSHIRE TERRACE,,VENTNOR,ISLE OF WIGHT,ISLE OF WIGHT,Standard,Addition,50.5940940000,-1.2018210000
87500,2012-03-30 00:00:00Z,PO38 1RZ,Flats/Maisonettes,Established,Leasehold,15,FLAT 1,HIGH STREET,,VENTNOR,ISLE OF WIGHT,ISLE OF WIGHT,Standard,Addition,50.5952750000,-1.2048100000
270000,2012-12-03 00:00:00Z,PO38 1DT,Semi-Detached,Established,Freehold,10,,ALTOFTS GARDENS,,VENTNOR,ISLE OF WIGHT,ISLE OF WIGHT,Standard,Addition,50.5972290000,-1.2036290000
135100,2012-04-27 00:00:00Z,PO38 1ES,Terraced,Established,Freehold,34,,VICTORIA STREET,,VENTNOR,ISLE OF WIGHT,ISLE OF WIGHT,Standard,Addition,50.5947050000,-1.2013830000
134000,2012-01-27 00:00:00Z,PO38 1TG,Semi-Detached,Established,Freehold,TULSE HILL COTTAGES,1,TULSE HILL,,VENTNOR,ISLE OF WIGHT,ISLE OF WIGHT,Standard,Addition,50.5955270000,-1.2059180000
156000,2012-10-23 00:00:00Z,PO38 1SD,Detached,Established,Freehold,SPRING COURT,7,HIGH STREET,,VENTNOR,ISLE OF WIGHT,ISLE OF WIGHT,Standard,Addition,50.5951000000,-1.2065330000
119000,2012-03-02 00:00:00Z,PO38 1ES,Terraced,Established,Freehold,32,,VICTORIA STREET,,VENTNOR,ISLE OF WIGHT,ISLE OF WIGHT,Standard,Addition,50.5947050000,-1.2013830000
185000,2012-03-30 00:00:00Z,PO38 1EQ,Terraced,Established,Leasehold,41,,DUDLEY ROAD,,VENTNOR,ISLE OF WIGHT,ISLE OF WIGHT,Standard,Addition,50.5943160000,-1.2023500000
139950,2012-04-11 00:00:00Z,PO38 1PF,Flats/Maisonettes,Established,Leasehold,"WOLLESCOTE HOUSE, 37",FLAT 2,SPRING HILL,,VENTNOR,ISLE OF WIGHT,ISLE OF WIGHT,Standard,Addition,50.5967400000,-1.2030160000
499950,2013-06-07 00:00:00Z,PO38 1JP,Flats/Maisonettes,Established,Leasehold,THE METROPOLE,11,ESPLANADE,,VENTNOR,ISLE OF WIGHT,ISLE OF WIGHT,Standard,Addition,50.5933870000,-1.2071690000
272500,2013-09-12 00:00:00Z,PO38 1TF,Terraced,Established,Freehold,ETCHINGS,,MARLBOROUGH ROAD,,VENTNOR,ISLE OF WIGHT,ISLE OF WIGHT,Standard,Addition,50.5953220000,-1.2064630000
73500,2013-11-15 00:00:00Z,PO38 1RZ,Flats/Maisonettes,Established,Leasehold,16A,,HIGH STREET,,VENTNOR,ISLE OF WIGHT,ISLE OF WIGHT,Standard,Addition,50.5952750000,-1.2048100000
195000,2013-10-18 00:00:00Z,PO38 1EG,Flats/Maisonettes,Established,Leasehold,THE WIGHT HOUSE,FLAT 3,DUDLEY ROAD,,VENTNOR,ISLE OF WIGHT,ISLE OF WIGHT,Standard,Addition,50.5940940000,-1.2018210000
105000,2013-08-23 00:00:00Z,PO38 1TS,Flats/Maisonettes,Established,Leasehold,4,,CLARENDON VILLAS,,VENTNOR,ISLE OF WIGHT,ISLE OF WIGHT,Standard,Addition,50.5964690000,-1.2082340000
150000,2013-02-18 00:00:00Z,PO38 1NQ,Terraced,Established,Freehold,6,,WEST STREET,,VENTNOR,ISLE OF WIGHT,ISLE OF WIGHT,Standard,Addition,50.5955840000,-1.2009870000
185000,2013-06-07 00:00:00Z,PO38 1TY,Terraced,Established,Freehold,SPRING COTTAGES,2,MARLBOROUGH ROAD,,VENTNOR,ISLE OF WIGHT,ISLE OF WIGHT,Standard,Addition,50.5953260000,-1.2066850000
170000,2013-08-28 00:00:00Z,PO38 1LZ,Semi-Detached,Established,Freehold,151,,HIGH STREET,,VENTNOR,ISLE OF WIGHT,ISLE OF WIGHT,Standard,Addition,50.5964670000,-1.2003110000
59000,2013-01-20 00:00:00Z,PO38 1ST,Flats/Maisonettes,Established,Leasehold,1 - 3,FLAT 1,PIER STREET,,VENTNOR,ISLE OF WIGHT,ISLE OF WIGHT,Standard,Addition,50.5948020000,-1.2053830000
58000,2013-09-25 00:00:00Z,PO38 1ED,Other,Established,Leasehold,THE REX APARTMENT KINGSVIEW,,CHURCH STREET,,VENTNOR,ISLE OF WIGHT,ISLE OF WIGHT,Additional,Addition,50.5941310000,-1.2069430000
120000,2013-05-31 00:00:00Z,PO38 1EX,Terraced,Established,Leasehold,70,,ALBERT STREET,,VENTNOR,ISLE OF WIGHT,ISLE OF WIGHT,Standard,Addition,50.5944370000,-1.2029560000
125000,2013-11-22 00:00:00Z,PO38 1JU,Flats/Maisonettes,Established,Leasehold,SILVERMERE COURT,FLAT 2,ALMA ROAD,,VENTNOR,ISLE OF WIGHT,ISLE OF WIGHT,Standard,Addition,50.5936240000,-1.2091550000
157000,2013-08-29 00:00:00Z,PO38 1DJ,Terraced,Established,Leasehold,2A,,MITCHELL AVENUE,,VENTNOR,ISLE OF WIGHT,ISLE OF WIGHT,Standard,Addition,50.5973130000,-1.2080360000
59950,2013-01-03 00:00:00Z,PO38 1RZ,Flats/Maisonettes,Established,Leasehold,34A,,HIGH STREET,,VENTNOR,ISLE OF WIGHT,ISLE OF WIGHT,Standard,Addition,50.5952750000,-1.2048100000
125000,2013-11-01 00:00:00Z,PO38 1PD,Flats/Maisonettes,Established,Leasehold,5,,SPRING HILL COURT,,VENTNOR,ISLE OF WIGHT,ISLE OF WIGHT,Standard,Addition,50.5969080000,-1.2013740000
120000,2013-03-22 00:00:00Z,PO38 1SQ,Flats/Maisonettes,Established,Leasehold,MIRAMARE COURT,FLAT 5,HAMBROUGH ROAD,,VENTNOR,ISLE OF WIGHT,ISLE OF WIGHT,Standard,Addition,50.5939430000,-1.2057330000
65000,2013-05-17 00:00:00Z,PO38 1DS,Flats/Maisonettes,Established,Leasehold,46,FLAT 2,MITCHELL AVENUE,,VENTNOR,ISLE OF WIGHT,ISLE OF WIGHT,Standard,Addition,50.5976770000,-1.2033110000
270000,2013-02-21 00:00:00Z,PO38 1PJ,Semi-Detached,Established,Freehold,7,SWISS COTTAGE,ST BONIFACE TERRACE,,VENTNOR,ISLE OF WIGHT,ISLE OF WIGHT,Standard,Addition,50.5977280000,-1.2002300000
135000,2013-10-18 00:00:00Z,PO38 1EU,Flats/Maisonettes,Established,Leasehold,104,,ALBERT STREET,,VENTNOR,ISLE OF WIGHT,ISLE OF WIGHT,Standard,Addition,50.5949430000,-1.2023150000
189000,2013-07-11 00:00:00Z,PO38 1TQ,Terraced,Established,Freehold,VALERIAN,,TULSE HILL,,VENTNOR,ISLE OF WIGHT,ISLE OF WIGHT,Standard,Addition,50.5958200000,-1.2056490000
275000,2013-06-27 00:00:00Z,PO38 1TW,Detached,Established,Freehold,AILSA CRAIG,,SOUTHGROVE ROAD,,VENTNOR,ISLE OF WIGHT,ISLE OF WIGHT,Standard,Addition,50.5969470000,-1.2070670000
125000,2013-10-25 00:00:00Z,PO38 1SQ,Flats/Maisonettes,Established,Leasehold,MARINE COURT,FLAT 5,HAMBROUGH ROAD,,VENTNOR,ISLE OF WIGHT,ISLE OF WIGHT,Standard,Addition,50.5939430000,-1.2057330000
247500,2013-07-22 00:00:00Z,PO38 1TD,Semi-Detached,Established,Freehold,MERWOOD,,THE GROVE,,VENTNOR,ISLE OF WIGHT,ISLE OF WIGHT,Standard,Addition,50.5954330000,-1.2078410000
185000,2013-11-29 00:00:00Z,PO38 1PF,Detached,Established,Freehold,28,,SPRING HILL,,VENTNOR,ISLE OF WIGHT,ISLE OF WIGHT,Standard,Addition,50.5967400000,-1.2030160000
106500,2013-06-05 00:00:00Z,PO38 1HD,Terraced,Established,Freehold,BADGER COTTAGE,,POUND LANE,,VENTNOR,ISLE OF WIGHT,ISLE OF WIGHT,Standard,Addition,50.5952520000,-1.2028330000
94000,2013-12-03 00:00:00Z,PO38 1EU,Semi-Detached,Established,Freehold,80,,ALBERT STREET,,VENTNOR,ISLE OF WIGHT,ISLE OF WIGHT,Standard,Addition,50.5949430000,-1.2023150000
125000,2013-07-24 00:00:00Z,PO38 1PF,Semi-Detached,Established,Freehold,29,,SPRING HILL,,VENTNOR,ISLE OF WIGHT,ISLE OF WIGHT,Standard,Addition,50.5967400000,-1.2030160000
140000,2013-05-10 00:00:00Z,PO38 1TE,Terraced,Established,Freehold,ST. CATHERINES COTTAGES,2,MARLBOROUGH ROAD,,VENTNOR,ISLE OF WIGHT,ISLE OF WIGHT,Standard,Addition,50.5952840000,-1.2071520000
120000,2013-05-31 00:00:00Z,PO38 1EX,Terraced,Established,Freehold,70,,ALBERT STREET,,VENTNOR,ISLE OF WIGHT,ISLE OF WIGHT,Standard,Addition,50.5944370000,-1.2029560000
110000,2013-02-01 00:00:00Z,PO38 1TE,Terraced,Established,Freehold,ST. CATHERINES COTTAGES,3,MARLBOROUGH ROAD,,VENTNOR,ISLE OF WIGHT,ISLE OF WIGHT,Standard,Addition,50.5952840000,-1.2071520000
255000,2013-09-12 00:00:00Z,PO38 1JR,Detached,Established,Freehold,BAY LODGE,,ESPLANADE,,VENTNOR,ISLE OF WIGHT,ISLE OF WIGHT,Standard,Addition,50.5932620000,-1.2063700000
210000,2013-10-04 00:00:00Z,PO38 1NQ,Semi-Detached,Established,Leasehold,30,,WEST STREET,,VENTNOR,ISLE OF WIGHT,ISLE OF WIGHT,Standard,Addition,50.5955840000,-1.2009870000
155950,2013-02-01 00:00:00Z,PO38 1EU,Terraced,Established,Freehold,27,,ALBERT STREET,,VENTNOR,ISLE OF WIGHT,ISLE OF WIGHT,Standard,Addition,50.5949430000,-1.2023150000
72000,2013-11-06 00:00:00Z,PO38 1HD,Terraced,Established,Freehold,ALBERT COTTAGES,1,POUND LANE,,VENTNOR,ISLE OF WIGHT,ISLE OF WIGHT,Standard,Addition,50.5952520000,-1.2028330000
85000,2013-05-20 00:00:00Z,PO38 1TW,Flats/Maisonettes,Established,Leasehold,BELMONT HOUSE,FLAT 3,SOUTHGROVE ROAD,,VENTNOR,ISLE OF WIGHT,ISLE OF WIGHT,Standard,Addition,50.5969470000,-1.2070670000
155000,2014-10-27 00:00:00Z,PO38 1TH,Semi-Detached,Established,Freehold,STARBOARD HOUSE,,GROVE ROAD,,VENTNOR,ISLE OF WIGHT,ISLE OF WIGHT,Standard,Addition,50.5960780000,-1.2048640000
169950,2014-04-07 00:00:00Z,PO38 1EU,Flats/Maisonettes,Established,Leasehold,53,FLAT,ALBERT STREET,,VENTNOR,ISLE OF WIGHT,ISLE OF WIGHT,Standard,Addition,50.5949430000,-1.2023150000
85000,2014-05-23 00:00:00Z,PO38 1DR,Flats/Maisonettes,Established,Leasehold,61,,MITCHELL AVENUE,,VENTNOR,ISLE OF WIGHT,ISLE OF WIGHT,Standard,Addition,50.5978430000,-1.2052150000
165000,2014-07-25 00:00:00Z,PO38 1JX,Flats/Maisonettes,Established,Leasehold,RICHMOND HOTEL,FLAT 1,ESPLANADE,,VENTNOR,ISLE OF WIGHT,ISLE OF WIGHT,Standard,Addition,50.5933140000,-1.2098260000
152500,2014-08-22 00:00:00Z,PO38 1EN,Terraced,Established,Freehold,59,,DUDLEY ROAD,,VENTNOR,ISLE OF WIGHT,ISLE OF WIGHT,Standard,Addition,50.5944210000,-1.2018960000
175000,2014-04-17 00:00:00Z,PO38 1DP,Terraced,Established,Leasehold,26,,MITCHELL AVENUE,,VENTNOR,ISLE OF WIGHT,ISLE OF WIGHT,Standard,Addition,50.5974360000,-1.2062390000
88000,2014-08-15 00:00:00Z,PO38 1SN,Flats/Maisonettes,Established,Leasehold,19,TOP FLAT,CHURCH STREET,,VENTNOR,ISLE OF WIGHT,ISLE OF WIGHT,Standard,Addition,50.5943640000,-1.2067860000
125000,2014-11-17 00:00:00Z,PO38 1EG,Flats/Maisonettes,Established,Leasehold,THE WIGHT HOUSE,FLAT 5,DUDLEY ROAD,,VENTNOR,ISLE OF WIGHT,ISLE OF WIGHT,Standard,Addition,50.5940940000,-1.2018210000
159950,2014-12-12 00:00:00Z,PO38 1TH,Flats/Maisonettes,Established,Leasehold,ST DAVIDS LODGE,FLAT 2,GROVE ROAD,,VENTNOR,ISLE OF WIGHT,ISLE OF WIGHT,Standard,Addition,50.5960780000,-1.2048640000
42000,2014-03-07 00:00:00Z,PO38 1SX,Flats/Maisonettes,Established,Leasehold,33A,,PIER STREET,,VENTNOR,ISLE OF WIGHT,ISLE OF WIGHT,Standard,Addition,50.5943500000,-1.2047370000
287500,2014-06-20 00:00:00Z,PO38 1TS,Detached,Established,Freehold,HILLCREST,,GROVE ROAD,,VENTNOR,ISLE OF WIGHT,ISLE OF WIGHT,Standard,Addition,50.5964690000,-1.2082340000
245000,2014-07-30 00:00:00Z,PO38 1JN,Flats/Maisonettes,Established,Leasehold,1,FLAT 1,MARINE PARADE,,VENTNOR,ISLE OF WIGHT,ISLE OF WIGHT,Standard,Addition,50.5938760000,-1.2080130000
490000,2014-01-14 00:00:00Z,PO38 1EG,Terraced,Established,Freehold,3,,DEVONSHIRE TERRACE,,VENTNOR,ISLE OF WIGHT,ISLE OF WIGHT,Standard,Addition,50.5940940000,-1.2018210000
148750,2014-03-28 00:00:00Z,PO38 1DS,Semi-Detached,Established,Freehold,68,,MITCHELL AVENUE,,VENTNOR,ISLE OF WIGHT,ISLE OF WIGHT,Standard,Addition,50.5976770000,-1.2033110000
230500,2014-04-17 00:00:00Z,PO38 1ED,Flats/Maisonettes,Established,Leasehold,KINGSVIEW,2,CHURCH STREET,,VENTNOR,ISLE OF WIGHT,ISLE OF WIGHT,Standard,Addition,50.5941310000,-1.2069430000
242500,2014-01-24 00:00:00Z,PO38 1JW,Flats/Maisonettes,New Build,Leasehold,BAYSIDE,,ESPLANADE ROAD,,VENTNOR,ISLE OF WIGHT,ISLE OF WIGHT,Standard,Addition,50.5935260000,-1.2068460000
64950,2014-10-29 00:00:00Z,PO38 1DU,Flats/Maisonettes,Established,Leasehold,"ST BONIFACE COURT, 84",FLAT 2,MITCHELL AVENUE,,VENTNOR,ISLE OF WIGHT,ISLE OF WIGHT,Additional,Addition,50.5977120000,-1.2021410000
315000,2014-06-20 00:00:00Z,PO38 1JD,Detached,Established,Freehold,ROCK LEDGE,,BELGRAVE ROAD,,VENTNOR,ISLE OF WIGHT,ISLE OF WIGHT,Standard,Addition,50.5943370000,-1.2081280000
116000,2014-01-10 00:00:00Z,PO38 1RZ,Flats/Maisonettes,Established,Leasehold,18A,,HIGH STREET,,VENTNOR,ISLE OF WIGHT,ISLE OF WIGHT,Additional,Addition,50.5952750000,-1.2048100000
71500,2014-05-10 00:00:00Z,PO38 1ST,Terraced,Established,Leasehold,17,,PIER STREET,,VENTNOR,ISLE OF WIGHT,ISLE OF WIGHT,Additional,Addition,50.5948020000,-1.2053830000
240000,2014-04-01 00:00:00Z,PO38 1EZ,Other,Established,Freehold,12 - 20,,ALBERT STREET,,VENTNOR,ISLE OF WIGHT,ISLE OF WIGHT,Additional,Addition,50.5945480000,-1.2037910000
80000,2014-10-07 00:00:00Z,PO38 1PF,Flats/Maisonettes,Established,Leasehold,"WOLLESCOTE HOUSE, 37",FLAT 1A,SPRING HILL,,VENTNOR,ISLE OF WIGHT,ISLE OF WIGHT,Standard,Addition,50.5967400000,-1.2030160000
143000,2014-07-18 00:00:00Z,PO38 1TS,Flats/Maisonettes,Established,Leasehold,6,,CLARENDON VILLAS,,VENTNOR,ISLE OF WIGHT,ISLE OF WIGHT,Standard,Addition,50.5964690000,-1.2082340000
205000,2014-06-02 00:00:00Z,PO38 1LZ,Semi-Detached,Established,Freehold,153,,HIGH STREET,,VENTNOR,ISLE OF WIGHT,ISLE OF WIGHT,Standard,Addition,50.5964670000,-1.2003110000
200000,2014-08-05 00:00:00Z,PO38 1NQ,Terraced,Established,Freehold,20,,WEST STREET,,VENTNOR,ISLE OF WIGHT,ISLE OF WIGHT,Standard,Addition,50.5955840000,-1.2009870000
170000,2014-12-12 00:00:00Z,PO38 1DW,Semi-Detached,Established,Freehold,10,,MITCHELL AVENUE,,VENTNOR,ISLE OF WIGHT,ISLE OF WIGHT,Standard,Addition,50.5973880000,-1.2071590000
160000,2014-10-16 00:00:00Z,PO38 1BT,Semi-Detached,Established,Freehold,25C,,ALPINE ROAD,,VENTNOR,ISLE OF WIGHT,ISLE OF WIGHT,Standard,Addition,50.5946940000,-1.2089980000
240000,2014-04-16 00:00:00Z,PO38 1PF,Detached,Established,Freehold,60,,SPRING HILL,,VENTNOR,ISLE OF WIGHT,ISLE OF WIGHT,Standard,Addition,50.5967400000,-1.2030160000
105000,2014-04-08 00:00:00Z,PO38 1DU,Flats/Maisonettes,Established,Leasehold,"ST BONIFACE COURT, 84",FLAT 1,MITCHELL AVENUE,,VENTNOR,ISLE OF WIGHT,ISLE OF WIGHT,Standard,Addition,50.5977120000,-1.2021410000
325000,2014-12-04 00:00:00Z,PO38 1TQ,Detached,Established,Freehold,ST JOHNS,,TULSE HILL,,VENTNOR,ISLE OF WIGHT,ISLE OF WIGHT,Standard,Addition,50.5958200000,-1.2056490000
295000,2014-03-04 00:00:00Z,PO38 1SQ,Flats/Maisonettes,Established,Leasehold,HAMBROUGH HOUSE,FLAT 9,HAMBROUGH ROAD,,VENTNOR,ISLE OF WIGHT,ISLE OF WIGHT,Standard,Addition,50.5939430000,-1.2057330000
170000,2014-06-27 00:00:00Z,PO38 1SD,Semi-Detached,Established,Freehold,SPRING COURT,6,HIGH STREET,,VENTNOR,ISLE OF WIGHT,ISLE OF WIGHT,Standard,Addition,50.5951000000,-1.2065330000
272000,2014-05-23 00:00:00Z,PO38 1EU,Terraced,Established,Freehold,59,,ALBERT STREET,,VENTNOR,ISLE OF WIGHT,ISLE OF WIGHT,Additional,Addition,50.5949430000,-1.2023150000
123000,2014-02-10 00:00:00Z,PO38 1EX,Terraced,Established,Leasehold,66,,ALBERT STREET,,VENTNOR,ISLE OF WIGHT,ISLE OF WIGHT,Additional,Addition,50.5944370000,-1.2029560000
74000,2014-01-17 00:00:00Z,PO38 1DS,Flats/Maisonettes,Established,Leasehold,46,FLAT 1,MITCHELL AVENUE,,VENTNOR,ISLE OF WIGHT,ISLE OF WIGHT,Standard,Addition,50.5976770000,-1.2033110000
340000,2014-01-02 00:00:00Z,PO38 1TS,Detached,Established,Freehold,ST ALPHAGE,,GROVE ROAD,,VENTNOR,ISLE OF WIGHT,ISLE OF WIGHT,Standard,Addition,50.5964690000,-1.2082340000
116000,2014-07-11 00:00:00Z,PO38 1EU,Flats/Maisonettes,Established,Leasehold,51B,,ALBERT STREET,,VENTNOR,ISLE OF WIGHT,ISLE OF WIGHT,Standard,Addition,50.5949430000,-1.2023150000
153000,2014-06-23 00:00:00Z,PO38 1JN,Flats/Maisonettes,Established,Leasehold,3,FLAT 3,MARINE PARADE,,VENTNOR,ISLE OF WIGHT,ISLE OF WIGHT,Standard,Addition,50.5938760000,-1.2080130000
183500,2014-07-25 00:00:00Z,PO38 1SQ,Flats/Maisonettes,Established,Leasehold,ELIZABETH HOUSE,FLAT 1,HAMBROUGH ROAD,,VENTNOR,ISLE OF WIGHT,ISLE OF WIGHT,Standard,Addition,50.5939430000,-1.2057330000
87000,2014-12-03 00:00:00Z,PO38 1RZ,Flats/Maisonettes,Established,Leasehold,17B,,HIGH STREET,,VENTNOR,ISLE OF WIGHT,ISLE OF WIGHT,Standard,Addition,50.5952750000,-1.2048100000
117500,2014-11-10 00:00:00Z,PO38 1LZ,Flats/Maisonettes,Established,Leasehold,149A,,HIGH STREET,,VENTNOR,ISLE OF WIGHT,ISLE OF WIGHT,Standard,Addition,50.5964670000,-1.2003110000
157500,2014-12-22 00:00:00Z,PO38 1ER,Flats/Maisonettes,Established,Leasehold,"MADEIRA FLATS, 50",6,DUDLEY ROAD,,VENTNOR,ISLE OF WIGHT,ISLE OF WIGHT,Standard,Addition,50.5944410000,-1.2008500000
175500,2014-04-30 00:00:00Z,PO38 1SQ,Flats/Maisonettes,Established,Leasehold,HAMBROUGH HOUSE,FLAT 8,HAMBROUGH ROAD,,VENTNOR,ISLE OF WIGHT,ISLE OF WIGHT,Standard,Addition,50.5939430000,-1.2057330000
175000,2014-08-04 00:00:00Z,PO38 1NQ,Terraced,Established,Freehold,16,,WEST STREET,,VENTNOR,ISLE OF WIGHT,ISLE OF WIGHT,Standard,Addition,50.5955840000,-1.2009870000
61500,2014-07-24 00:00:00Z,PO38 1EU,Flats/Maisonettes,Established,Leasehold,47,FLAT 3,ALBERT STREET,,VENTNOR,ISLE OF WIGHT,ISLE OF WIGHT,Standard,Addition,50.5949430000,-1.2023150000
210000,2014-10-02 00:00:00Z,PO38 1EH,Terraced,Established,Freehold,35,,DUDLEY ROAD,,VENTNOR,ISLE OF WIGHT,ISLE OF WIGHT,Standard,Addition,50.5942740000,-1.2031850000
175000,2014-04-02 00:00:00Z,PO38 1JT,Terraced,Established,Freehold,CANUTE COTTAGE,,ESPLANADE,,VENTNOR,ISLE OF WIGHT,ISLE OF WIGHT,Standard,Addition,50.5934370000,-1.2083590000
100000,2014-08-15 00:00:00Z,PO38 1EE,Flats/Maisonettes,Established,Leasehold,8,FLAT 2,ALEXANDRA GARDENS,,VENTNOR,ISLE OF WIGHT,ISLE OF WIGHT,Standard,Addition,50.5941570000,-1.2041330000
90000,2014-12-15 00:00:00Z,PO38 1EX,Terraced,Established,Freehold,72,,ALBERT STREET,,VENTNOR,ISLE OF WIGHT,ISLE OF WIGHT,Standard,Addition,50.5944370000,-1.2029560000
160000,2014-08-05 00:00:00Z,PO38 1TE,Terraced,Established,Freehold,1 ST CATHERINES COTTAGES,,MARLBOROUGH ROAD,,VENTNOR,ISLE OF WIGHT,ISLE OF WIGHT,Standard,Addition,50.5952840000,-1.2071520000
165000,2014-12-12 00:00:00Z,PO38 1TS,Flats/Maisonettes,Established,Leasehold,2,,CLARENDON VILLAS,,VENTNOR,ISLE OF WIGHT,ISLE OF WIGHT,Standard,Addition,50.5964690000,-1.2082340000
268500,2014-09-30 00:00:00Z,PO38 1JD,Flats/Maisonettes,Established,Leasehold,SEA CLIFF,FLAT 2,BELGRAVE ROAD,,VENTNOR,ISLE OF WIGHT,ISLE OF WIGHT,Standard,Addition,50.5943370000,-1.2081280000
205000,2014-09-25 00:00:00Z,PO38 1LT,Flats/Maisonettes,New Build,Leasehold,"JELLICOE HOUSE, 52",FLAT 9,HIGH STREET,,VENTNOR,ISLE OF WIGHT,ISLE OF WIGHT,Standard,Addition,50.5954950000,-1.2038560000
193500,2014-08-06 00:00:00Z,PO38 1JD,Flats/Maisonettes,Established,Leasehold,SEA CLIFF,FLAT 1,BELGRAVE ROAD,,VENTNOR,ISLE OF WIGHT,ISLE OF WIGHT,Standard,Addition,50.5943370000,-1.2081280000
267000,2014-06-27 00:00:00Z,PO38 1TN,Terraced,Established,Freehold,4,,SOUTHGROVE TERRACE,,VENTNOR,ISLE OF WIGHT,ISLE OF WIGHT,Standard,Addition,50.5965590000,-1.2057920000
147000,2014-03-31 00:00:00Z,PO38 1EZ,Terraced,Established,Freehold,26,,ALBERT STREET,,VENTNOR,ISLE OF WIGHT,ISLE OF WIGHT,Standard,Addition,50.5945480000,-1.2037910000
120000,2014-08-29 00:00:00Z,PO38 1HF,Flats/Maisonettes,Established,Leasehold,CLARENDON PRESS,FLAT 7,MARKET STREET,,VENTNOR,ISLE OF WIGHT,ISLE OF WIGHT,Additional,Addition,50.5950320000,-1.2031290000
130000,2014-10-27 00:00:00Z,PO38 1DR,Terraced,Established,Leasehold,57,,MITCHELL AVENUE,,VENTNOR,ISLE OF WIGHT,ISLE OF WIGHT,Additional,Addition,50.5978430000,-1.2052150000
196000,2014-11-13 00:00:00Z,PO38 1ER,Terraced,Established,Freehold,46,,DUDLEY ROAD,,VENTNOR,ISLE OF WIGHT,ISLE OF WIGHT,Standard,Addition,50.5944410000,-1.2008500000
79000,2015-06-11 00:00:00Z,PO38 1RZ,Other,Established,Leasehold,20,,HIGH STREET,,VENTNOR,ISLE OF WIGHT,ISLE OF WIGHT,Additional,Addition,50.5952750000,-1.2048100000
108000,2015-04-24 00:00:00Z,PO38 1BT,Flats/Maisonettes,Established,Leasehold,25C,,ALPINE ROAD,,VENTNOR,ISLE OF WIGHT,ISLE OF WIGHT,Additional,Addition,50.5946940000,-1.2089980000
132000,2015-04-01 00:00:00Z,PO38 1RZ,Terraced,Established,Leasehold,42,,HIGH STREET,,VENTNOR,ISLE OF WIGHT,ISLE OF WIGHT,Additional,Addition,50.5952750000,-1.2048100000
90000,2015-07-17 00:00:00Z,PO38 1RZ,Flats/Maisonettes,Established,Leasehold,15,,HIGH STREET,,VENTNOR,ISLE OF WIGHT,ISLE OF WIGHT,Additional,Addition,50.5952750000,-1.2048100000
200000,2015-12-16 00:00:00Z,PO38 1JX,Flats/Maisonettes,Established,Leasehold,MARI LAETARE,FLAT 1,ESPLANADE,,VENTNOR,ISLE OF WIGHT,ISLE OF WIGHT,Standard,Addition,50.5933140000,-1.2098260000
185000,2015-11-25 00:00:00Z,PO38 1SQ,Flats/Maisonettes,Established,Leasehold,ROSLYN HOUSE,FLAT 4,HAMBROUGH ROAD,,VENTNOR,ISLE OF WIGHT,ISLE OF WIGHT,Standard,Addition,50.5939430000,-1.2057330000
223000,2015-10-29 00:00:00Z,PO38 1PF,Detached,Established,Freehold,36,,SPRING HILL,,VENTNOR,ISLE OF WIGHT,ISLE OF WIGHT,Standard,Addition,50.5967400000,-1.2030160000
224000,2015-09-28 00:00:00Z,PO38 1DL,Semi-Detached,Established,Leasehold,25,,MITCHELL AVENUE,,VENTNOR,ISLE OF WIGHT,ISLE OF WIGHT,Additional,Addition,50.5976510000,-1.2073800000
43000,2015-05-12 00:00:00Z,PO38 1JU,Flats/Maisonettes,Established,Leasehold,MELBOURNE LODGE,STUDIO FLAT,ALMA ROAD,,VENTNOR,ISLE OF WIGHT,ISLE OF WIGHT,Standard,Addition,50.5936240000,-1.2091550000
67500,2015-05-21 00:00:00Z,PO38 1TS,Semi-Detached,Established,Leasehold,THE HIDEAWAY,,GROVE ROAD,,VENTNOR,ISLE OF WIGHT,ISLE OF WIGHT,Standard,Addition,50.5964690000,-1.2082340000
475000,2015-08-17 00:00:00Z,PO38 1TS,Detached,Established,Freehold,PRIMROSE BANK,,GROVE ROAD,,VENTNOR,ISLE OF WIGHT,ISLE OF WIGHT,Standard,Addition,50.5964690000,-1.2082340000
80000,2015-03-16 00:00:00Z,PO38 1DU,Flats/Maisonettes,Established,Leasehold,"ST BONIFACE COURT, 84",FLAT 5,MITCHELL AVENUE,,VENTNOR,ISLE OF WIGHT,ISLE OF WIGHT,Standard,Addition,50.5977120000,-1.2021410000
148000,2015-06-24 00:00:00Z,PO38 1TS,Flats/Maisonettes,Established,Leasehold,1,,CLARENDON VILLAS,,VENTNOR,ISLE OF WIGHT,ISLE OF WIGHT,Standard,Addition,50.5964690000,-1.2082340000
178000,2015-09-28 00:00:00Z,PO38 1TS,Flats/Maisonettes,Established,Leasehold,6,,CLARENDON VILLAS,,VENTNOR,ISLE OF WIGHT,ISLE OF WIGHT,Standard,Addition,50.5964690000,-1.2082340000
53000,2015-10-16 00:00:00Z,PO38 1ST,Flats/Maisonettes,Established,Leasehold,7B,FLAT 1,PIER STREET,,VENTNOR,ISLE OF WIGHT,ISLE OF WIGHT,Standard,Addition,50.5948020000,-1.2053830000
147000,2015-09-16 00:00:00Z,PO38 1EZ,Terraced,Established,Freehold,28,,ALBERT STREET,,VENTNOR,ISLE OF WIGHT,ISLE OF WIGHT,Standard,Addition,50.5945480000,-1.2037910000
238000,2015-09-25 00:00:00Z,PO38 1JW,Semi-Detached,Established,Freehold,ALDERFORD,,ESPLANADE ROAD,,VENTNOR,ISLE OF WIGHT,ISLE OF WIGHT,Standard,Addition,50.5935260000,-1.2068460000
120000,2015-03-09 00:00:00Z,PO38 1DR,Terraced,Established,Leasehold,55,,MITCHELL AVENUE,,VENTNOR,ISLE OF WIGHT,ISLE OF WIGHT,Standard,Addition,50.5978430000,-1.2052150000
82000,2015-07-08 00:00:00Z,PO38 1LU,Flats/Maisonettes,New Build,Leasehold,94,FLAT 1,HIGH STREET,,VENTNOR,ISLE OF WIGHT,ISLE OF WIGHT,Additional,Addition,50.5956590000,-1.2028640000
64950,2015-08-11 00:00:00Z,PO38 1EU,Flats/Maisonettes,Established,Leasehold,47,FLAT 3,ALBERT STREET,,VENTNOR,ISLE OF WIGHT,ISLE OF WIGHT,Standard,Addition,50.5949430000,-1.2023150000
89500,2015-10-30 00:00:00Z,PO38 1HY,Flats/Maisonettes,New Build,Leasehold,CLARENDON COURT,5,POUND LANE,,VENTNOR,ISLE OF WIGHT,ISLE OF WIGHT,Standard,Addition,50.5951340000,-1.2035510000
65000,2015-04-27 00:00:00Z,PO38 1HA,Terraced,Established,Freehold,VICTORIA COTTAGE,,POUND LANE,,VENTNOR,ISLE OF WIGHT,ISLE OF WIGHT,Standard,Addition,50.5950160000,-1.2034540000
105000,2015-05-15 00:00:00Z,PO38 1RZ,Flats/Maisonettes,Established,Leasehold,"FLAT 2, 15",,HIGH STREET,,VENTNOR,ISLE OF WIGHT,ISLE OF WIGHT,Standard,Addition,50.5952750000,-1.2048100000
92500,2015-10-27 00:00:00Z,PO38 1HY,Flats/Maisonettes,New Build,Leasehold,CLARENDON COURT,8,POUND LANE,,VENTNOR,ISLE OF WIGHT,ISLE OF WIGHT,Standard,Addition,50.5951340000,-1.2035510000
92500,2015-10-27 00:00:00Z,PO38 1HY,Flats/Maisonettes,New Build,Leasehold,CLARENDON COURT,3,POUND LANE,,VENTNOR,ISLE OF WIGHT,ISLE OF WIGHT,Standard,Addition,50.5951340000,-1.2035510000
89500,2015-10-27 00:00:00Z,PO38 1HY,Flats/Maisonettes,New Build,Leasehold,CLARENDON COURT,1,POUND LANE,,VENTNOR,ISLE OF WIGHT,ISLE OF WIGHT,Standard,Addition,50.5951340000,-1.2035510000
110000,2015-12-21 00:00:00Z,PO38 1EE,Flats/Maisonettes,Established,Leasehold,1,FLAT 1,ALEXANDRA GARDENS,,VENTNOR,ISLE OF WIGHT,ISLE OF WIGHT,Standard,Addition,50.5941570000,-1.2041330000
108000,2015-01-23 00:00:00Z,PO38 1EZ,Terraced,Established,Freehold,40,,ALBERT STREET,,VENTNOR,ISLE OF WIGHT,ISLE OF WIGHT,Standard,Addition,50.5945480000,-1.2037910000
82500,2015-03-31 00:00:00Z,PO38 1LU,Flats/Maisonettes,Established,Leasehold,94,FLAT 2,HIGH STREET,,VENTNOR,ISLE OF WIGHT,ISLE OF WIGHT,Standard,Addition,50.5956590000,-1.2028640000
178000,2015-07-03 00:00:00Z,PO38 1BT,Flats/Maisonettes,Established,Leasehold,27B,,ALPINE ROAD,,VENTNOR,ISLE OF WIGHT,ISLE OF WIGHT,Standard,Addition,50.5946940000,-1.2089980000
222500,2015-01-29 00:00:00Z,PO38 1TN,Flats/Maisonettes,Established,Leasehold,7,,SOUTHGROVE TERRACE,,VENTNOR,ISLE OF WIGHT,ISLE OF WIGHT,Standard,Addition,50.5965590000,-1.2057920000
170000,2015-04-30 00:00:00Z,PO38 1SW,Semi-Detached,Established,Freehold,6,,CHURCH STREET,,VENTNOR,ISLE OF WIGHT,ISLE OF WIGHT,Standard,Addition,50.5947190000,-1.2060870000
146000,2015-03-31 00:00:00Z,PO38 1DR,Terraced,Established,Freehold,63,,MITCHELL AVENUE,,VENTNOR,ISLE OF WIGHT,ISLE OF WIGHT,Standard,Addition,50.5978430000,-1.2052150000
114000,2015-08-04 00:00:00Z,PO38 1TW,Flats/Maisonettes,Established,Leasehold,BELMONT HOUSE,FLAT 3,SOUTHGROVE ROAD,,VENTNOR,ISLE OF WIGHT,ISLE OF WIGHT,Standard,Addition,50.5969470000,-1.2070670000
230000,2015-03-30 00:00:00Z,PO38 1PF,Detached,Established,Freehold,64,,SPRING HILL,,VENTNOR,ISLE OF WIGHT,ISLE OF WIGHT,Standard,Addition,50.5967400000,-1.2030160000
93000,2015-12-18 00:00:00Z,PO38 1SW,Flats/Maisonettes,Established,Leasehold,17B,,CHURCH STREET,,VENTNOR,ISLE OF WIGHT,ISLE OF WIGHT,Standard,Addition,50.5947190000,-1.2060870000
159950,2015-12-21 00:00:00Z,PO38 1PE,Flats/Maisonettes,Established,Leasehold,7A,,SPRING HILL,,VENTNOR,ISLE OF WIGHT,ISLE OF WIGHT,Standard,Addition,50.5956960000,-1.2042620000
105000,2015-12-09 00:00:00Z,PO38 1LU,Flats/Maisonettes,Established,Leasehold,91B,,HIGH STREET,,VENTNOR,ISLE OF WIGHT,ISLE OF WIGHT,Standard,Addition,50.5956590000,-1.2028640000
125000,2015-12-21 00:00:00Z,PO38 1TH,Flats/Maisonettes,Established,Leasehold,KING CHARLES COURT,FLAT 4,GROVE ROAD,,VENTNOR,ISLE OF WIGHT,ISLE OF WIGHT,Standard,Addition,50.5960780000,-1.2048640000
73000,2015-01-13 00:00:00Z,PO38 1DS,Flats/Maisonettes,Established,Leasehold,80,FLAT 4,MITCHELL AVENUE,,VENTNOR,ISLE OF WIGHT,ISLE OF WIGHT,Standard,Addition,50.5976770000,-1.2033110000
155000,2015-05-01 00:00:00Z,PO38 1EU,Detached,Established,Leasehold,94,,ALBERT STREET,,VENTNOR,ISLE OF WIGHT,ISLE OF WIGHT,Standard,Addition,50.5949430000,-1.2023150000
190000,2015-04-13 00:00:00Z,PO38 1BT,Terraced,Established,Freehold,"CHAPEL HOUSE, 2",3,ALPINE ROAD,,VENTNOR,ISLE OF WIGHT,ISLE OF WIGHT,Standard,Addition,50.5946940000,-1.2089980000
168000,2015-12-18 00:00:00Z,PO38 1TS,Flats/Maisonettes,Established,Leasehold,5,,CLARENDON VILLAS,,VENTNOR,ISLE OF WIGHT,ISLE OF WIGHT,Additional,Addition,50.5964690000,-1.2082340000
85000,2015-12-04 00:00:00Z,PO38 1TH,Flats/Maisonettes,Established,Leasehold,KING CHARLES COURT,FLAT 3,GROVE ROAD,,VENTNOR,ISLE OF WIGHT,ISLE OF WIGHT,Additional,Addition,50.5960780000,-1.2048640000
103000,2015-02-12 00:00:00Z,PO38 1EU,Flats/Maisonettes,Established,Leasehold,100,FLAT 1,ALBERT STREET,,VENTNOR,ISLE OF WIGHT,ISLE OF WIGHT,Standard,Addition,50.5949430000,-1.2023150000
217000,2015-09-08 00:00:00Z,PO38 1TQ,Semi-Detached,Established,Freehold,2,,SUSSEX VILLAS,,VENTNOR,ISLE OF WIGHT,ISLE OF WIGHT,Standard,Addition,50.5958200000,-1.2056490000
129000,2015-10-16 00:00:00Z,PO38 1SQ,Flats/Maisonettes,Established,Leasehold,HAMBROUGH HOUSE,FLAT 2,HAMBROUGH ROAD,,VENTNOR,ISLE OF WIGHT,ISLE OF WIGHT,Standard,Addition,50.5939430000,-1.2057330000
100000,2015-06-29 00:00:00Z,PO38 1LT,Flats/Maisonettes,New Build,Leasehold,"JELLICOE HOUSE, 52",FLAT 8,HIGH STREET,,VENTNOR,ISLE OF WIGHT,ISLE OF WIGHT,Standard,Addition,50.5954950000,-1.2038560000
59000,2015-07-15 00:00:00Z,PO38 1RZ,Flats/Maisonettes,Established,Leasehold,34B,,HIGH STREET,,VENTNOR,ISLE OF WIGHT,ISLE OF WIGHT,Standard,Addition,50.5952750000,-1.2048100000
125000,2015-07-10 00:00:00Z,PO38 1LT,Flats/Maisonettes,New Build,Leasehold,"JELLICOE HOUSE, 52",FLAT 6,HIGH STREET,,VENTNOR,ISLE OF WIGHT,ISLE OF WIGHT,Standard,Addition,50.5954950000,-1.2038560000
93800,2015-07-28 00:00:00Z,PO38 1HY,Flats/Maisonettes,Established,Leasehold,CLARENDON COURT,10,POUND LANE,,VENTNOR,ISLE OF WIGHT,ISLE OF WIGHT,Standard,Addition,50.5951340000,-1.2035510000
153000,2015-11-19 00:00:00Z,PO38 1TS,Flats/Maisonettes,Established,Leasehold,3,,CLARENDON VILLAS,,VENTNOR,ISLE OF WIGHT,ISLE OF WIGHT,Standard,Addition,50.5964690000,-1.2082340000
205000,2015-10-01 00:00:00Z,PO38 1DW,Semi-Detached,Established,Freehold,10,,MITCHELL AVENUE,,VENTNOR,ISLE OF WIGHT,ISLE OF WIGHT,Standard,Addition,50.5973880000,-1.2071590000
145000,2015-07-08 00:00:00Z,PO38 1BT,Flats/Maisonettes,Established,Leasehold,25B,,ALPINE ROAD,,VENTNOR,ISLE OF WIGHT,ISLE OF WIGHT,Standard,Addition,50.5946940000,-1.2089980000
135000,2015-10-23 00:00:00Z,PO38 1TN,Flats/Maisonettes,Established,Leasehold,9,,SOUTHGROVE TERRACE,,VENTNOR,ISLE OF WIGHT,ISLE OF WIGHT,Standard,Addition,50.5965590000,-1.2057920000
57000,2015-04-30 00:00:00Z,PO38 1DS,Flats/Maisonettes,Established,Leasehold,80,FLAT 1,MITCHELL AVENUE,,VENTNOR,ISLE OF WIGHT,ISLE OF WIGHT,Standard,Addition,50.5976770000,-1.2033110000
290000,2015-09-18 00:00:00Z,PO38 1PF,Terraced,Established,Freehold,23A,,SPRING HILL,,VENTNOR,ISLE OF WIGHT,ISLE OF WIGHT,Standard,Addition,50.5967400000,-1.2030160000
346000,2015-05-01 00:00:00Z,PO38 1TN,Terraced,Established,Freehold,5,,SOUTHGROVE TERRACE,,VENTNOR,ISLE OF WIGHT,ISLE OF WIGHT,Standard,Addition,50.5965590000,-1.2057920000
117500,2015-04-30 00:00:00Z,PO38 1EL,Flats/Maisonettes,Established,Leasehold,TUDOR HOUSE,3,VICTORIA STREET,,VENTNOR,ISLE OF WIGHT,ISLE OF WIGHT,Standard,Addition,50.5954110000,-1.2019780000
125000,2015-01-26 00:00:00Z,PO38 1EE,Flats/Maisonettes,Established,Leasehold,8,BASEMENT FLAT,ALEXANDRA GARDENS,,VENTNOR,ISLE OF WIGHT,ISLE OF WIGHT,Standard,Addition,50.5941570000,-1.2041330000
110000,2015-03-12 00:00:00Z,PO38 1LU,Flats/Maisonettes,Established,Leasehold,93A,,HIGH STREET,,VENTNOR,ISLE OF WIGHT,ISLE OF WIGHT,Standard,Addition,50.5956590000,-1.2028640000
100000,2015-01-28 00:00:00Z,PO38 1EE,Flats/Maisonettes,Established,Leasehold,1,FLAT 4,ALEXANDRA GARDENS,,VENTNOR,ISLE OF WIGHT,ISLE OF WIGHT,Standard,Addition,50.5941570000,-1.2041330000
267000,2015-05-29 00:00:00Z,PO38 1PF,Terraced,Established,Freehold,21,,SPRING HILL,,VENTNOR,ISLE OF WIGHT,ISLE OF WIGHT,Standard,Addition,50.5967400000,-1.2030160000
126000,2015-01-05 00:00:00Z,PO38 1DS,Semi-Detached,Established,Freehold,60,,MITCHELL AVENUE,,VENTNOR,ISLE OF WIGHT,ISLE OF WIGHT,Standard,Addition,50.5976770000,-1.2033110000
83000,2016-06-03 00:00:00Z,PO38 1RZ,Other,Established,Leasehold,15,,HIGH STREET,,VENTNOR,ISLE OF WIGHT,ISLE OF WIGHT,Additional,Addition,50.5952750000,-1.2048100000
152000,2016-06-29 00:00:00Z,PO38 1LY,Other,Established,Freehold,99,,HIGH STREET,,VENTNOR,ISLE OF WIGHT,ISLE OF WIGHT,Additional,Addition,50.5960570000,-1.2021130000
117500,2016-03-24 00:00:00Z,PO38 1SQ,Flats/Maisonettes,Established,Leasehold,CLIFF VIEW,4,HAMBROUGH ROAD,,VENTNOR,ISLE OF WIGHT,ISLE OF WIGHT,Standard,Addition,50.5939430000,-1.2057330000
195000,2016-03-30 00:00:00Z,PO38 1SQ,Flats/Maisonettes,Established,Leasehold,MIRAMARE COURT,FLAT 8,HAMBROUGH ROAD,,VENTNOR,ISLE OF WIGHT,ISLE OF WIGHT,Standard,Addition,50.5939430000,-1.2057330000
310000,2016-03-30 00:00:00Z,PO38 1ED,Flats/Maisonettes,Established,Leasehold,KINGSVIEW,FLAT 9,CHURCH STREET,,VENTNOR,ISLE OF WIGHT,ISLE OF WIGHT,Standard,Addition,50.5941310000,-1.2069430000
365000,2016-03-08 00:00:00Z,PO38 1PF,Detached,Established,Freehold,30,,SPRING HILL,,VENTNOR,ISLE OF WIGHT,ISLE OF WIGHT,Standard,Addition,50.5967400000,-1.2030160000
215000,2016-10-14 00:00:00Z,PO38 1EW,Terraced,Established,Freehold,75,,DUDLEY ROAD,,VENTNOR,ISLE OF WIGHT,ISLE OF WIGHT,Standard,Addition,50.5945080000,-1.2014430000
175000,2016-10-11 00:00:00Z,PO38 1SQ,Flats/Maisonettes,Established,Leasehold,MARINE COURT,FLAT 10,HAMBROUGH ROAD,,VENTNOR,ISLE OF WIGHT,ISLE OF WIGHT,Standard,Addition,50.5939430000,-1.2057330000
144500,2016-09-23 00:00:00Z,PO38 1NQ,Terraced,Established,Leasehold,23,,WEST STREET,,VENTNOR,ISLE OF WIGHT,ISLE OF WIGHT,Standard,Addition,50.5955840000,-1.2009870000
164000,2016-09-19 00:00:00Z,PO38 1EZ,Terraced,Established,Freehold,40,,ALBERT STREET,,VENTNOR,ISLE OF WIGHT,ISLE OF WIGHT,Standard,Addition,50.5945480000,-1.2037910000
95000,2016-10-14 00:00:00Z,PO38 1ET,Flats/Maisonettes,Established,Leasehold,"COSTURA LODGE, 4",FLAT 1,VICTORIA STREET,,VENTNOR,ISLE OF WIGHT,ISLE OF WIGHT,Standard,Addition,50.5955530000,-1.2020360000
125000,2016-03-24 00:00:00Z,PO38 1TH,Flats/Maisonettes,Established,Leasehold,ST DAVIDS LODGE,FLAT 3,GROVE ROAD,,VENTNOR,ISLE OF WIGHT,ISLE OF WIGHT,Standard,Addition,50.5960780000,-1.2048640000
225000,2016-03-30 00:00:00Z,PO38 1TQ,Semi-Detached,Established,Freehold,BENTINCK,,TULSE HILL,,VENTNOR,ISLE OF WIGHT,ISLE OF WIGHT,Standard,Addition,50.5958200000,-1.2056490000
100000,2016-04-14 00:00:00Z,PO38 1NQ,Semi-Detached,Established,Freehold,7,,WEST STREET,,VENTNOR,ISLE OF WIGHT,ISLE OF WIGHT,Standard,Addition,50.5955840000,-1.2009870000
145000,2016-03-31 00:00:00Z,PO38 1NQ,Terraced,Established,Freehold,17,,WEST STREET,,VENTNOR,ISLE OF WIGHT,ISLE OF WIGHT,Standard,Addition,50.5955840000,-1.2009870000
158500,2016-03-29 00:00:00Z,PO38 1EU,Terraced,Established,Freehold,29,,ALBERT STREET,,VENTNOR,ISLE OF WIGHT,ISLE OF WIGHT,Standard,Addition,50.5949430000,-1.2023150000
205000,2016-03-31 00:00:00Z,PO38 1NQ,Terraced,Established,Freehold,18,,WEST STREET,,VENTNOR,ISLE OF WIGHT,ISLE OF WIGHT,Standard,Addition,50.5955840000,-1.2009870000
128000,2016-03-29 00:00:00Z,PO38 1JN,Flats/Maisonettes,Established,Leasehold,3,FLAT 2,MARINE PARADE,,VENTNOR,ISLE OF WIGHT,ISLE OF WIGHT,Standard,Addition,50.5938760000,-1.2080130000
105000,2016-03-24 00:00:00Z,PO38 1HY,Flats/Maisonettes,Established,Leasehold,CLARENDON COURT,2,POUND LANE,,VENTNOR,ISLE OF WIGHT,ISLE OF WIGHT,Standard,Addition,50.5951340000,-1.2035510000
310000,2016-03-31 00:00:00Z,PO38 1SQ,Flats/Maisonettes,Established,Leasehold,HAMBROUGH HOUSE,FLAT 13,HAMBROUGH ROAD,,VENTNOR,ISLE OF WIGHT,ISLE OF WIGHT,Standard,Addition,50.5939430000,-1.2057330000
130000,2016-03-30 00:00:00Z,PO38 1JX,Flats/Maisonettes,Established,Leasehold,RICHMOND HOTEL,FLAT 2,ESPLANADE,,VENTNOR,ISLE OF WIGHT,ISLE OF WIGHT,Standard,Addition,50.5933140000,-1.2098260000
200000,2016-03-31 00:00:00Z,PO38 1TP,Terraced,Established,Freehold,INDIA COTTAGE,,GROVE ROAD,,VENTNOR,ISLE OF WIGHT,ISLE OF WIGHT,Standard,Addition,50.5960820000,-1.2055560000
162500,2016-03-31 00:00:00Z,PO38 1DR,Terraced,Established,Leasehold,51,,MITCHELL AVENUE,,VENTNOR,ISLE OF WIGHT,ISLE OF WIGHT,Standard,Addition,50.5978430000,-1.2052150000
74000,2016-09-30 00:00:00Z,PO38 1LU,Flats/Maisonettes,Established,Leasehold,94,FLAT 3,HIGH STREET,,VENTNOR,ISLE OF WIGHT,ISLE OF WIGHT,Additional,Addition,50.5956590000,-1.2028640000
145000,2016-08-23 00:00:00Z,PO38 1TF,Terraced,Established,Freehold,5,,MARLBOROUGH TERRACE,,VENTNOR,ISLE OF WIGHT,ISLE OF WIGHT,Standard,Addition,50.5953220000,-1.2064630000
220000,2016-08-16 00:00:00Z,PO38 1DT,Semi-Detached,Established,Freehold,5,,ALTOFTS GARDENS,,VENTNOR,ISLE OF WIGHT,ISLE OF WIGHT,Additional,Addition,50.5972290000,-1.2036290000
240000,2016-08-19 00:00:00Z,PO38 1RZ,Other,Established,Freehold,38,,HIGH STREET,,VENTNOR,ISLE OF WIGHT,ISLE OF WIGHT,Additional,Addition,50.5952750000,-1.2048100000
154000,2016-01-29 00:00:00Z,PO38 1TH,Flats/Maisonettes,Established,Leasehold,KING CHARLES COURT,FLAT 8,GROVE ROAD,,VENTNOR,ISLE OF WIGHT,ISLE OF WIGHT,Standard,Addition,50.5960780000,-1.2048640000
180000,2016-01-15 00:00:00Z,PO38 1LZ,Terraced,Established,Freehold,145,,HIGH STREET,,VENTNOR,ISLE OF WIGHT,ISLE OF WIGHT,Standard,Addition,50.5964670000,-1.2003110000
552500,2016-02-15 00:00:00Z,PO38 1TW,Detached,Established,Freehold,THE OVERLOOK,,SOUTHGROVE ROAD,,VENTNOR,ISLE OF WIGHT,ISLE OF WIGHT,Standard,Addition,50.5969470000,-1.2070670000
175000,2016-10-28 00:00:00Z,PO38 1JT,Terraced,Established,Freehold,CANUTE COTTAGE,,ESPLANADE,,VENTNOR,ISLE OF WIGHT,ISLE OF WIGHT,Standard,Addition,50.5934370000,-1.2083590000
150000,2016-06-30 00:00:00Z,PO38 1EE,Flats/Maisonettes,Established,Leasehold,1,FLAT 3,ALEXANDRA GARDENS,,VENTNOR,ISLE OF WIGHT,ISLE OF WIGHT,Standard,Addition,50.5941570000,-1.2041330000
106000,2016-09-21 00:00:00Z,PO38 1TH,Terraced,Established,Freehold,ROSE MOUNT,,GROVE ROAD,,VENTNOR,ISLE OF WIGHT,ISLE OF WIGHT,Standard,Addition,50.5960780000,-1.2048640000
1117800,2016-02-19 00:00:00Z,PO38 1JT,Other,Established,Freehold,GAIETY AMUSEMENTS,,ESPLANADE,,VENTNOR,ISLE OF WIGHT,ISLE OF WIGHT,Additional,Addition,50.5934370000,-1.2083590000
155000,2016-02-22 00:00:00Z,PO38 1TF,Detached,Established,Freehold,MYRA VILLA,,MARLBOROUGH ROAD,,VENTNOR,ISLE OF WIGHT,ISLE OF WIGHT,Standard,Addition,50.5953220000,-1.2064630000
210000,2016-02-29 00:00:00Z,PO38 1TW,Flats/Maisonettes,Established,Leasehold,"FLAT, 1B",,SOUTHGROVE TERRACE,,VENTNOR,ISLE OF WIGHT,ISLE OF WIGHT,Standard,Addition,50.5969470000,-1.2070670000
170000,2016-06-06 00:00:00Z,PO38 1ES,Flats/Maisonettes,Established,Leasehold,42A,,VICTORIA STREET,,VENTNOR,ISLE OF WIGHT,ISLE OF WIGHT,Standard,Addition,50.5947050000,-1.2013830000
180000,2016-05-27 00:00:00Z,PO38 1BT,Flats/Maisonettes,Established,Leasehold,25C,,ALPINE ROAD,,VENTNOR,ISLE OF WIGHT,ISLE OF WIGHT,Standard,Addition,50.5946940000,-1.2089980000
55000,2016-12-16 00:00:00Z,PO38 1DU,Flats/Maisonettes,Established,Leasehold,"ST BONIFACE COURT, 84",FLAT 2,MITCHELL AVENUE,,VENTNOR,ISLE OF WIGHT,ISLE OF WIGHT,Additional,Addition,50.5977120000,-1.2021410000
96000,2016-03-31 00:00:00Z,PO38 1SQ,Flats/Maisonettes,Established,Leasehold,CLIFF VIEW,FLAT 5,HAMBROUGH ROAD,,VENTNOR,ISLE OF WIGHT,ISLE OF WIGHT,Additional,Addition,50.5939430000,-1.2057330000
362000,2016-12-16 00:00:00Z,PO38 1JX,Flats/Maisonettes,Established,Freehold,MARI LAETARE,FLAT 1,ESPLANADE,,VENTNOR,ISLE OF WIGHT,ISLE OF WIGHT,Standard,Addition,50.5933140000,-1.2098260000
119000,2016-12-15 00:00:00Z,PO38 1LT,Flats/Maisonettes,Established,Leasehold,"JELLICOE HOUSE, 52",FLAT 6,HIGH STREET,,VENTNOR,ISLE OF WIGHT,ISLE OF WIGHT,Standard,Addition,50.5954950000,-1.2038560000
210000,2016-07-26 00:00:00Z,PO38 1TF,Terraced,Established,Freehold,4,,MARLBOROUGH TERRACE,,VENTNOR,ISLE OF WIGHT,ISLE OF WIGHT,Standard,Addition,50.5953220000,-1.2064630000
210000,2016-07-29 00:00:00Z,PO38 1TF,Terraced,Established,Freehold,3,,MARLBOROUGH TERRACE,,VENTNOR,ISLE OF WIGHT,ISLE OF WIGHT,Standard,Addition,50.5953220000,-1.2064630000
175000,2016-09-28 00:00:00Z,PO38 1PL,Flats/Maisonettes,Established,Leasehold,CAITHNESS,FLAT 1,ST BONIFACE ROAD,,VENTNOR,ISLE OF WIGHT,ISLE OF WIGHT,Standard,Addition,50.5973590000,-1.2002920000
97500,2016-03-31 00:00:00Z,PO38 1EU,Semi-Detached,Established,Freehold,82,,ALBERT STREET,,VENTNOR,ISLE OF WIGHT,ISLE OF WIGHT,Additional,Addition,50.5949430000,-1.2023150000
205000,2016-04-27 00:00:00Z,PO38 1SQ,Flats/Maisonettes,Established,Leasehold,ROSLYN HOUSE,FLAT 2,HAMBROUGH ROAD,,VENTNOR,ISLE OF WIGHT,ISLE OF WIGHT,Standard,Addition,50.5939430000,-1.2057330000
250000,2016-11-08 00:00:00Z,PO38 1TH,Semi-Detached,Established,Freehold,AUCKLAND HOUSE,,GROVE ROAD,,VENTNOR,ISLE OF WIGHT,ISLE OF WIGHT,Standard,Addition,50.5960780000,-1.2048640000
200000,2016-12-20 00:00:00Z,PO38 1TF,Terraced,Established,Freehold,1,,MARLBOROUGH TERRACE,,VENTNOR,ISLE OF WIGHT,ISLE OF WIGHT,Standard,Addition,50.5953220000,-1.2064630000
130000,2016-12-19 00:00:00Z,PO38 1EX,Terraced,Established,Leasehold,66,,ALBERT STREET,,VENTNOR,ISLE OF WIGHT,ISLE OF WIGHT,Standard,Addition,50.5944370000,-1.2029560000
125000,2016-12-19 00:00:00Z,PO38 1EL,Flats/Maisonettes,Established,Leasehold,TUDOR HOUSE,2,VICTORIA STREET,,VENTNOR,ISLE OF WIGHT,ISLE OF WIGHT,Standard,Addition,50.5954110000,-1.2019780000
166000,2016-12-14 00:00:00Z,PO38 1SD,Semi-Detached,Established,Freehold,SPRING COURT,4,HIGH STREET,,VENTNOR,ISLE OF WIGHT,ISLE OF WIGHT,Standard,Addition,50.5951000000,-1.2065330000
220000,2016-06-17 00:00:00Z,PO38 1JW,Flats/Maisonettes,Established,Leasehold,ESPLANADE HOUSE,FLAT 3,ESPLANADE ROAD,,VENTNOR,ISLE OF WIGHT,ISLE OF WIGHT,Standard,Addition,50.5935260000,-1.2068460000
480000,2016-06-07 00:00:00Z,PO38 1TB,Detached,Established,Freehold,ST CATHERINES HOUSE,,THE GROVE,,VENTNOR,ISLE OF WIGHT,ISLE OF WIGHT,Standard,Addition,50.5953300000,-1.2085920000
350000,2016-06-15 00:00:00Z,PO38 1EB,Detached,Established,Freehold,1,,MACROCARPA ROAD,,VENTNOR,ISLE OF WIGHT,ISLE OF WIGHT,Standard,Addition,50.5971930000,-1.2049440000
205000,2016-05-27 00:00:00Z,PO38 1PF,Detached,Established,Freehold,33,,SPRING HILL,,VENTNOR,ISLE OF WIGHT,ISLE OF WIGHT,Standard,Addition,50.5967400000,-1.2030160000
291000,2016-08-31 00:00:00Z,PO38 1TF,Semi-Detached,Established,Freehold,GRESFORD,,MARLBOROUGH ROAD,,VENTNOR,ISLE OF WIGHT,ISLE OF WIGHT,Standard,Addition,50.5953220000,-1.2064630000
69950,2016-09-01 00:00:00Z,PO38 1DU,Flats/Maisonettes,Established,Leasehold,"ST BONIFACE COURT, 84",FLAT 8,MITCHELL AVENUE,,VENTNOR,ISLE OF WIGHT,ISLE OF WIGHT,Standard,Addition,50.5977120000,-1.2021410000
160000,2016-03-31 00:00:00Z,PO38 1TW,Flats/Maisonettes,Established,Leasehold,AVONMORE COURT,"LOWER GROUNDFLOOR FLAT, 1",SOUTHGROVE ROAD,,VENTNOR,ISLE OF WIGHT,ISLE OF WIGHT,Standard,Addition,50.5969470000,-1.2070670000
130000,2016-10-21 00:00:00Z,PO38 1LT,Flats/Maisonettes,New Build,Leasehold,"JELLICOE HOUSE, 52",FLAT 7,HIGH STREET,,VENTNOR,ISLE OF WIGHT,ISLE OF WIGHT,Standard,Addition,50.5954950000,-1.2038560000
128000,2016-07-08 00:00:00Z,PO38 1EL,Flats/Maisonettes,Established,Leasehold,TUDOR HOUSE,5,VICTORIA STREET,,VENTNOR,ISLE OF WIGHT,ISLE OF WIGHT,Standard,Addition,50.5954110000,-1.2019780000
177000,2016-07-01 00:00:00Z,PO38 1PL,Flats/Maisonettes,Established,Leasehold,MERTOUN,FLAT 2,ST BONIFACE ROAD,,VENTNOR,ISLE OF WIGHT,ISLE OF WIGHT,Standard,Addition,50.5973590000,-1.2002920000
122500,2016-01-21 00:00:00Z,PO38 1EX,Terraced,Established,Leasehold,74,,ALBERT STREET,,VENTNOR,ISLE OF WIGHT,ISLE OF WIGHT,Standard,Addition,50.5944370000,-1.2029560000
150000,2016-11-09 00:00:00Z,PO38 1ST,Other,Established,Freehold,9 - 13,,PIER STREET,,VENTNOR,ISLE OF WIGHT,ISLE OF WIGHT,Additional,Addition,50.5948020000,-1.2053830000
350000,2016-10-18 00:00:00Z,PO38 1JP,Other,Established,Leasehold,THE METROPOLE,3,ESPLANADE,,VENTNOR,ISLE OF WIGHT,ISLE OF WIGHT,Additional,Addition,50.5933870000,-1.2071690000
335000,2017-12-21 00:00:00Z,PO38 1JW,Flats/Maisonettes,Established,Leasehold,BEACH COURT,FLAT 4,ESPLANADE ROAD,,VENTNOR,ISLE OF WIGHT,ISLE OF WIGHT,Standard,Addition,50.5935260000,-1.2068460000
103000,2017-12-06 00:00:00Z,PO38 1RZ,Other,Established,Freehold,27,,HIGH STREET,,VENTNOR,ISLE OF WIGHT,ISLE OF WIGHT,Additional,Addition,50.5952750000,-1.2048100000
82000,2017-11-30 00:00:00Z,PO38 1RZ,Other,Established,Leasehold,17 - 21,,HIGH STREET,,VENTNOR,ISLE OF WIGHT,ISLE OF WIGHT,Additional,Addition,50.5952750000,-1.2048100000
70000,2017-09-22 00:00:00Z,PO38 1RZ,Other,Established,Leasehold,14,GROUND FLOOR SHOP,HIGH STREET,,VENTNOR,ISLE OF WIGHT,ISLE OF WIGHT,Additional,Addition,50.5952750000,-1.2048100000
84150,2017-09-01 00:00:00Z,PO38 1DR,Other,Established,Leasehold,67,,MITCHELL AVENUE,,VENTNOR,ISLE OF WIGHT,ISLE OF WIGHT,Additional,Addition,50.5978430000,-1.2052150000
168700,2017-10-10 00:00:00Z,PO38 1SQ,Flats/Maisonettes,Established,Leasehold,PALMERSTON HOUSE,FLAT 6,HAMBROUGH ROAD,,VENTNOR,ISLE OF WIGHT,ISLE OF WIGHT,Standard,Addition,50.5939430000,-1.2057330000
160000,2017-10-11 00:00:00Z,PO38 1TQ,Semi-Detached,Established,Freehold,1,,SUSSEX VILLAS,,VENTNOR,ISLE OF WIGHT,ISLE OF WIGHT,Standard,Addition,50.5958200000,-1.2056490000
350000,2017-10-13 00:00:00Z,PO38 1TF,Terraced,Established,Freehold,ETCHINGS,,MARLBOROUGH ROAD,,VENTNOR,ISLE OF WIGHT,ISLE OF WIGHT,Standard,Addition,50.5953220000,-1.2064630000
74000,2017-09-22 00:00:00Z,PO38 1DR,Flats/Maisonettes,Established,Leasehold,61,,MITCHELL AVENUE,,VENTNOR,ISLE OF WIGHT,ISLE OF WIGHT,Standard,Addition,50.5978430000,-1.2052150000
120000,2017-09-27 00:00:00Z,PO38 1EL,Flats/Maisonettes,Established,Leasehold,TUDOR HOUSE,6,VICTORIA STREET,,VENTNOR,ISLE OF WIGHT,ISLE OF WIGHT,Standard,Addition,50.5954110000,-1.2019780000
50000,2017-09-22 00:00:00Z,PO38 1DU,Flats/Maisonettes,Established,Leasehold,"ST BONIFACE COURT, 84",FLAT 7,MITCHELL AVENUE,,VENTNOR,ISLE OF WIGHT,ISLE OF WIGHT,Standard,Addition,50.5977120000,-1.2021410000
160000,2017-04-18 00:00:00Z,PO38 1TH,Flats/Maisonettes,Established,Leasehold,KING CHARLES COURT,FLAT 10,GROVE ROAD,,VENTNOR,ISLE OF WIGHT,ISLE OF WIGHT,Standard,Addition,50.5960780000,-1.2048640000
119500,2017-05-12 00:00:00Z,PO38 1BT,Flats/Maisonettes,Established,Leasehold,"ALGERNON HOUSE, 17",FLAT 11,ALPINE ROAD,,VENTNOR,ISLE OF WIGHT,ISLE OF WIGHT,Additional,Addition,50.5946940000,-1.2089980000
235000,2017-07-18 00:00:00Z,PO38 1DW,Terraced,Established,Freehold,20,,MITCHELL AVENUE,,VENTNOR,ISLE OF WIGHT,ISLE OF WIGHT,Standard,Addition,50.5973880000,-1.2071590000
165000,2017-07-11 00:00:00Z,PO38 1EE,Flats/Maisonettes,Established,Leasehold,8,FLAT 4,ALEXANDRA GARDENS,,VENTNOR,ISLE OF WIGHT,ISLE OF WIGHT,Standard,Addition,50.5941570000,-1.2041330000
76500,2017-06-28 00:00:00Z,PO38 1ED,Flats/Maisonettes,Established,Leasehold,THE REX APARTMENT KINGSVIEW,,CHURCH STREET,,VENTNOR,ISLE OF WIGHT,ISLE OF WIGHT,Standard,Addition,50.5941310000,-1.2069430000
105000,2017-06-16 00:00:00Z,PO38 1LU,Flats/Maisonettes,Established,Leasehold,94,FLAT 1,HIGH STREET,,VENTNOR,ISLE OF WIGHT,ISLE OF WIGHT,Standard,Addition,50.5956590000,-1.2028640000
125000,2017-07-21 00:00:00Z,PO38 1JT,Flats/Maisonettes,Established,Freehold,THE BEACH SHOP,,ESPLANADE,,VENTNOR,ISLE OF WIGHT,ISLE OF WIGHT,Standard,Addition,50.5934370000,-1.2083590000
242000,2017-06-09 00:00:00Z,PO38 1TF,Terraced,Established,Freehold,SANDMERE,,MARLBOROUGH ROAD,,VENTNOR,ISLE OF WIGHT,ISLE OF WIGHT,Standard,Addition,50.5953220000,-1.2064630000
130000,2017-08-03 00:00:00Z,PO38 1LT,Flats/Maisonettes,Established,Leasehold,"JELLICOE HOUSE, 52",FLAT 7,HIGH STREET,,VENTNOR,ISLE OF WIGHT,ISLE OF WIGHT,Standard,Addition,50.5954950000,-1.2038560000
320000,2017-09-05 00:00:00Z,PO38 1DP,Detached,Established,Freehold,38,,MITCHELL AVENUE,,VENTNOR,ISLE OF WIGHT,ISLE OF WIGHT,Standard,Addition,50.5974360000,-1.2062390000
24000,2017-01-04 00:00:00Z,PO38 1SW,Other,Established,Freehold,"THE COURTYARD, 5",,CHURCH STREET,,VENTNOR,ISLE OF WIGHT,ISLE OF WIGHT,Additional,Addition,50.5947190000,-1.2060870000
187000,2017-10-23 00:00:00Z,PO38 1NQ,Terraced,Established,Freehold,8,,WEST STREET,,VENTNOR,ISLE OF WIGHT,ISLE OF WIGHT,Standard,Addition,50.5955840000,-1.2009870000
390000,2017-04-10 00:00:00Z,PO38 1TW,Other,Established,Freehold,SEAGRASS,,SOUTHGROVE ROAD,,VENTNOR,ISLE OF WIGHT,ISLE OF WIGHT,Additional,Addition,50.5969470000,-1.2070670000
155500,2017-03-10 00:00:00Z,PO38 1TS,Flats/Maisonettes,Established,Leasehold,1,,CLARENDON VILLAS,,VENTNOR,ISLE OF WIGHT,ISLE OF WIGHT,Standard,Addition,50.5964690000,-1.2082340000
86000,2017-03-07 00:00:00Z,PO38 1SW,Flats/Maisonettes,Established,Freehold,9A,,CHURCH STREET,,VENTNOR,ISLE OF WIGHT,ISLE OF WIGHT,Standard,Addition,50.5947190000,-1.2060870000
132500,2017-02-03 00:00:00Z,PO38 1EX,Terraced,Established,Leasehold,70,,ALBERT STREET,,VENTNOR,ISLE OF WIGHT,ISLE OF WIGHT,Standard,Addition,50.5944370000,-1.2029560000
410000,2017-12-11 00:00:00Z,PO38 1TN,Terraced,Established,Freehold,2,,SOUTHGROVE TERRACE,,VENTNOR,ISLE OF WIGHT,ISLE OF WIGHT,Standard,Addition,50.5965590000,-1.2057920000
277500,2017-12-19 00:00:00Z,PO38 1PF,Semi-Detached,Established,Freehold,22,,SPRING HILL,,VENTNOR,ISLE OF WIGHT,ISLE OF WIGHT,Standard,Addition,50.5967400000,-1.2030160000
108000,2017-12-01 00:00:00Z,PO38 1ET,Flats/Maisonettes,Established,Leasehold,10B,,VICTORIA STREET,,VENTNOR,ISLE OF WIGHT,ISLE OF WIGHT,Standard,Addition,50.5955530000,-1.2020360000
113850,2017-09-01 00:00:00Z,PO38 1DR,Terraced,Established,Leasehold,67,,MITCHELL AVENUE,,VENTNOR,ISLE OF WIGHT,ISLE OF WIGHT,Standard,Addition,50.5978430000,-1.2052150000
140000,2017-08-03 00:00:00Z,PO38 1NQ,Terraced,Established,Leasehold,25,,WEST STREET,,VENTNOR,ISLE OF WIGHT,ISLE OF WIGHT,Standard,Addition,50.5955840000,-1.2009870000
135000,2017-07-07 00:00:00Z,PO38 1EZ,Terraced,Established,Freehold,44,,ALBERT STREET,,VENTNOR,ISLE OF WIGHT,ISLE OF WIGHT,Standard,Addition,50.5945480000,-1.2037910000
136000,2017-08-03 00:00:00Z,PO38 1TG,Semi-Detached,Established,Freehold,PROSPECT COTTAGE,,TULSE HILL,,VENTNOR,ISLE OF WIGHT,ISLE OF WIGHT,Standard,Addition,50.5955270000,-1.2059180000
85000,2017-07-17 00:00:00Z,PO38 1EL,Flats/Maisonettes,Established,Leasehold,TUDOR HOUSE,4,VICTORIA STREET,,VENTNOR,ISLE OF WIGHT,ISLE OF WIGHT,Standard,Addition,50.5954110000,-1.2019780000
140000,2017-07-21 00:00:00Z,PO38 1EU,Flats/Maisonettes,Established,Leasehold,25,GROUND FLOOR FLAT,ALBERT STREET,,VENTNOR,ISLE OF WIGHT,ISLE OF WIGHT,Standard,Addition,50.5949430000,-1.2023150000
150000,2017-04-13 00:00:00Z,PO38 1EE,Flats/Maisonettes,Established,Leasehold,1,FLAT 2,ALEXANDRA GARDENS,,VENTNOR,ISLE OF WIGHT,ISLE OF WIGHT,Additional,Addition,50.5941570000,-1.2041330000
100000,2017-06-14 00:00:00Z,PO38 1EU,Flats/Maisonettes,Established,Leasehold,51A,,ALBERT STREET,,VENTNOR,ISLE OF WIGHT,ISLE OF WIGHT,Standard,Addition,50.5949430000,-1.2023150000
155000,2017-05-26 00:00:00Z,PO38 1NQ,Terraced,Established,Freehold,15,,WEST STREET,,VENTNOR,ISLE OF WIGHT,ISLE OF WIGHT,Standard,Addition,50.5955840000,-1.2009870000
130000,2017-04-24 00:00:00Z,PO38 1EZ,Terraced,Established,Freehold,2,,ALBERT STREET,,VENTNOR,ISLE OF WIGHT,ISLE OF WIGHT,Standard,Addition,50.5945480000,-1.2037910000
225000,2017-05-22 00:00:00Z,PO38 1SQ,Flats/Maisonettes,Established,Leasehold,MIRAMARE COURT,FLAT 7,HAMBROUGH ROAD,,VENTNOR,ISLE OF WIGHT,ISLE OF WIGHT,Standard,Addition,50.5939430000,-1.2057330000
250500,2017-05-26 00:00:00Z,PO38 1DS,Semi-Detached,Established,Freehold,68,,MITCHELL AVENUE,,VENTNOR,ISLE OF WIGHT,ISLE OF WIGHT,Standard,Addition,50.5976770000,-1.2033110000
105000,2017-06-07 00:00:00Z,PO38 1HY,Flats/Maisonettes,Established,Leasehold,CLARENDON COURT,3,POUND LANE,,VENTNOR,ISLE OF WIGHT,ISLE OF WIGHT,Standard,Addition,50.5951340000,-1.2035510000
60000,2017-06-02 00:00:00Z,PO38 1ES,Flats/Maisonettes,Established,Leasehold,36,FLAT 2,VICTORIA STREET,,VENTNOR,ISLE OF WIGHT,ISLE OF WIGHT,Standard,Addition,50.5947050000,-1.2013830000
286001,2017-01-23 00:00:00Z,PO38 1SW,Other,Established,Freehold,13,,CHURCH STREET,,VENTNOR,ISLE OF WIGHT,ISLE OF WIGHT,Additional,Addition,50.5947190000,-1.2060870000
165000,2017-09-01 00:00:00Z,PO38 1DR,Terraced,Established,Leasehold,67,,MITCHELL AVENUE,,VENTNOR,ISLE OF WIGHT,ISLE OF WIGHT,Additional,Addition,50.5978430000,-1.2052150000
160000,2017-07-10 00:00:00Z,PO38 1ST,Terraced,Established,Freehold,21,,PIER STREET,,VENTNOR,ISLE OF WIGHT,ISLE OF WIGHT,Additional,Addition,50.5948020000,-1.2053830000
160000,2017-04-18 00:00:00Z,PO38 1EN,Terraced,Established,Freehold,59,,DUDLEY ROAD,,VENTNOR,ISLE OF WIGHT,ISLE OF WIGHT,Standard,Addition,50.5944210000,-1.2018960000
125000,2017-02-24 00:00:00Z,PO38 1HF,Semi-Detached,Established,Freehold,5,,MARKET STREET,,VENTNOR,ISLE OF WIGHT,ISLE OF WIGHT,Standard,Addition,50.5950320000,-1.2031290000
178998,2017-08-29 00:00:00Z,PO38 1ES,Other,Established,Freehold,"THE VOLUNTEER, 30",,VICTORIA STREET,,VENTNOR,ISLE OF WIGHT,ISLE OF WIGHT,Additional,Addition,50.5947050000,-1.2013830000
250000,2017-11-29 00:00:00Z,PO38 1TW,Flats/Maisonettes,Established,Leasehold,1,GROUND FLOOR FLAT,SOUTHGROVE TERRACE,,VENTNOR,ISLE OF WIGHT,ISLE OF WIGHT,Standard,Addition,50.5969470000,-1.2070670000
205000,2017-11-29 00:00:00Z,PO38 1EN,Terraced,Established,Freehold,59,,DUDLEY ROAD,,VENTNOR,ISLE OF WIGHT,ISLE OF WIGHT,Standard,Addition,50.5944210000,-1.2018960000
115000,2017-07-28 00:00:00Z,PO38 1ET,Flats/Maisonettes,Established,Leasehold,10C,,VICTORIA STREET,,VENTNOR,ISLE OF WIGHT,ISLE OF WIGHT,Standard,Addition,50.5955530000,-1.2020360000
305000,2017-07-19 00:00:00Z,PO38 1SQ,Flats/Maisonettes,Established,Leasehold,HAMBROUGH HOUSE,FLAT 10,HAMBROUGH ROAD,,VENTNOR,ISLE OF WIGHT,ISLE OF WIGHT,Standard,Addition,50.5939430000,-1.2057330000
108000,2017-02-03 00:00:00Z,PO38 1HF,Terraced,Established,Freehold,6,,MARKET STREET,,VENTNOR,ISLE OF WIGHT,ISLE OF WIGHT,Standard,Addition,50.5950320000,-1.2031290000
150000,2017-02-01 00:00:00Z,PO38 1EZ,Terraced,Established,Freehold,22,,ALBERT STREET,,VENTNOR,ISLE OF WIGHT,ISLE OF WIGHT,Standard,Addition,50.5945480000,-1.2037910000
136000,2017-07-21 00:00:00Z,PO38 1ST,Terraced,Established,Leasehold,5,,PIER STREET,,VENTNOR,ISLE OF WIGHT,ISLE OF WIGHT,Additional,Addition,50.5948020000,-1.2053830000
175000,2018-09-28 00:00:00Z,PO38 1JN,Flats/Maisonettes,Established,Leasehold,"KAIA, 5",APARTMENT 1,MARINE PARADE,,VENTNOR,ISLE OF WIGHT,ISLE OF WIGHT,Standard,Addition,50.5938760000,-1.2080130000
188000,2018-08-13 00:00:00Z,PO38 1RZ,Other,Established,Freehold,11,,HIGH STREET,,VENTNOR,ISLE OF WIGHT,ISLE OF WIGHT,Additional,Addition,50.5952750000,-1.2048100000
100000,2018-12-18 00:00:00Z,PO38 1RZ,Flats/Maisonettes,Established,Leasehold,"FLAT 2, 14",,HIGH STREET,,VENTNOR,ISLE OF WIGHT,ISLE OF WIGHT,Standard,Addition,50.5952750000,-1.2048100000
230500,2018-09-03 00:00:00Z,PO38 1TF,Terraced,Established,Freehold,BLENHEIM VILLA,,MARLBOROUGH ROAD,,VENTNOR,ISLE OF WIGHT,ISLE OF WIGHT,Standard,Addition,50.5953220000,-1.2064630000
154500,2018-09-12 00:00:00Z,PO38 1EZ,Semi-Detached,Established,Freehold,48,,ALBERT STREET,,VENTNOR,ISLE OF WIGHT,ISLE OF WIGHT,Standard,Addition,50.5945480000,-1.2037910000
325000,2018-08-09 00:00:00Z,PO38 1TD,Semi-Detached,Established,Freehold,MERWOOD,,THE GROVE,,VENTNOR,ISLE OF WIGHT,ISLE OF WIGHT,Standard,Addition,50.5954330000,-1.2078410000
293000,2018-08-22 00:00:00Z,PO38 1PF,Terraced,Established,Freehold,23,,SPRING HILL,,VENTNOR,ISLE OF WIGHT,ISLE OF WIGHT,Standard,Addition,50.5967400000,-1.2030160000
200000,2018-08-31 00:00:00Z,PO38 1TE,Terraced,Established,Freehold,ST. CATHERINES COTTAGES,2,MARLBOROUGH ROAD,,VENTNOR,ISLE OF WIGHT,ISLE OF WIGHT,Standard,Addition,50.5952840000,-1.2071520000
420000,2018-08-23 00:00:00Z,PO38 1ES,Detached,Established,Freehold,VICTORIA MOUNT,,VICTORIA STREET,,VENTNOR,ISLE OF WIGHT,ISLE OF WIGHT,Standard,Addition,50.5947050000,-1.2013830000
137000,2018-08-17 00:00:00Z,PO38 1RZ,Flats/Maisonettes,Established,Leasehold,18A,,HIGH STREET,,VENTNOR,ISLE OF WIGHT,ISLE OF WIGHT,Standard,Addition,50.5952750000,-1.2048100000
180000,2018-04-13 00:00:00Z,PO38 1JN,Flats/Maisonettes,Established,Leasehold,"KAIA, 5",APARTMENT 3,MARINE PARADE,,VENTNOR,ISLE OF WIGHT,ISLE OF WIGHT,Standard,Addition,50.5938760000,-1.2080130000
272000,2018-08-17 00:00:00Z,PO38 1BT,Flats/Maisonettes,Established,Freehold,15,,ALPINE ROAD,,VENTNOR,ISLE OF WIGHT,ISLE OF WIGHT,Standard,Addition,50.5946940000,-1.2089980000
101500,2018-07-11 00:00:00Z,PO38 1HY,Flats/Maisonettes,Established,Leasehold,CLARENDON COURT,5,POUND LANE,,VENTNOR,ISLE OF WIGHT,ISLE OF WIGHT,Standard,Addition,50.5951340000,-1.2035510000
175000,2018-04-20 00:00:00Z,PO38 1TW,Flats/Maisonettes,Established,Leasehold,FLAT 5 AVONMORE COURT,,SOUTHGROVE ROAD,,VENTNOR,ISLE OF WIGHT,ISLE OF WIGHT,Standard,Addition,50.5969470000,-1.2070670000
380000,2018-12-13 00:00:00Z,PO38 1TS,Detached,Established,Freehold,THE OLD COACH HOUSE,,GROVE ROAD,,VENTNOR,ISLE OF WIGHT,ISLE OF WIGHT,Standard,Addition,50.5964690000,-1.2082340000
260000,2018-04-26 00:00:00Z,PO38 1EQ,Terraced,Established,Leasehold,37,,DUDLEY ROAD,,VENTNOR,ISLE OF WIGHT,ISLE OF WIGHT,Standard,Addition,50.5943160000,-1.2023500000
75000,2018-05-04 00:00:00Z,PO38 1JF,Flats/Maisonettes,Established,Leasehold,SAUNDERS HOUSE,FLAT 4,ALBERT STREET,,VENTNOR,ISLE OF WIGHT,ISLE OF WIGHT,Standard,Addition,50.5947600000,-1.2043630000
670000,2018-06-05 00:00:00Z,PO38 1JX,Other,Established,Freehold,BALMORAL,,ESPLANADE,,VENTNOR,ISLE OF WIGHT,ISLE OF WIGHT,Additional,Addition,50.5933140000,-1.2098260000
220000,2018-02-15 00:00:00Z,PO38 1TE,Detached,Established,Freehold,MANOR COACH HOUSE,,MARLBOROUGH ROAD,,VENTNOR,ISLE OF WIGHT,ISLE OF WIGHT,Additional,Addition,50.5952840000,-1.2071520000
220000,2018-03-15 00:00:00Z,PO38 1TE,Detached,Established,Freehold,MANOR COTTAGE,,MARLBOROUGH ROAD,,VENTNOR,ISLE OF WIGHT,ISLE OF WIGHT,Additional,Addition,50.5952840000,-1.2071520000
64000,2018-08-22 00:00:00Z,PO38 1TW,Flats/Maisonettes,Established,Leasehold,BELMONT HOUSE,FLAT 4,SOUTHGROVE ROAD,,VENTNOR,ISLE OF WIGHT,ISLE OF WIGHT,Standard,Addition,50.5969470000,-1.2070670000
180000,2018-11-23 00:00:00Z,PO38 1DJ,Terraced,Established,Leasehold,2A,,MITCHELL AVENUE,,VENTNOR,ISLE OF WIGHT,ISLE OF WIGHT,Standard,Addition,50.5973130000,-1.2080360000
200000,2018-03-02 00:00:00Z,PO38 1TQ,Terraced,Established,Freehold,ENDICOTT,,TULSE HILL,,VENTNOR,ISLE OF WIGHT,ISLE OF WIGHT,Standard,Addition,50.5958200000,-1.2056490000
165000,2018-02-13 00:00:00Z,PO38 1DP,Detached,Established,Freehold,40,,MITCHELL AVENUE,,VENTNOR,ISLE OF WIGHT,ISLE OF WIGHT,Standard,Addition,50.5974360000,-1.2062390000
153000,2018-12-20 00:00:00Z,PO38 1TW,Flats/Maisonettes,Established,Leasehold,BELMONT HOUSE,FLAT 5,SOUTHGROVE ROAD,,VENTNOR,ISLE OF WIGHT,ISLE OF WIGHT,Standard,Addition,50.5969470000,-1.2070670000
100000,2018-12-18 00:00:00Z,PO38 1EU,Flats/Maisonettes,Established,Leasehold,53,FLAT,ALBERT STREET,,VENTNOR,ISLE OF WIGHT,ISLE OF WIGHT,Standard,Addition,50.5949430000,-1.2023150000
44000,2018-12-07 00:00:00Z,PO38 1DX,Other,Established,Leasehold,VENTNOR INDUSTRIAL ESTATE,CAVE AT PLOT 3,OLD STATION ROAD,,VENTNOR,ISLE OF WIGHT,ISLE OF WIGHT,Additional,Addition,50.5981160000,-1.2086620000
142000,2018-01-09 00:00:00Z,PO38 1SQ,Flats/Maisonettes,Established,Leasehold,MIRAMARE COURT,FLAT 6,HAMBROUGH ROAD,,VENTNOR,ISLE OF WIGHT,ISLE OF WIGHT,Standard,Addition,50.5939430000,-1.2057330000
280000,2018-01-05 00:00:00Z,PO38 1PJ,Semi-Detached,Established,Freehold,2,,ST BONIFACE TERRACE,,VENTNOR,ISLE OF WIGHT,ISLE OF WIGHT,Standard,Addition,50.5977280000,-1.2002300000
73000,2018-05-30 00:00:00Z,PO38 1DS,Flats/Maisonettes,Established,Leasehold,80,FLAT 5,MITCHELL AVENUE,,VENTNOR,ISLE OF WIGHT,ISLE OF WIGHT,Standard,Addition,50.5976770000,-1.2033110000
135000,2018-06-15 00:00:00Z,PO38 1NQ,Semi-Detached,Established,Freehold,1,,WEST STREET,,VENTNOR,ISLE OF WIGHT,ISLE OF WIGHT,Standard,Addition,50.5955840000,-1.2009870000
250000,2018-06-05 00:00:00Z,PO38 1TW,Detached,Established,Freehold,MONTREES,,SOUTHGROVE ROAD,,VENTNOR,ISLE OF WIGHT,ISLE OF WIGHT,Standard,Addition,50.5969470000,-1.2070670000
142000,2018-04-06 00:00:00Z,PO38 1BT,Flats/Maisonettes,Established,Leasehold,"ALGERNON HOUSE, 17",FLAT 4,ALPINE ROAD,,VENTNOR,ISLE OF WIGHT,ISLE OF WIGHT,Standard,Addition,50.5946940000,-1.2089980000
50000,2018-07-13 00:00:00Z,PO38 1DL,Other,Established,Freehold,ARTIC HOUSE,,MITCHELL AVENUE,,VENTNOR,ISLE OF WIGHT,ISLE OF WIGHT,Additional,Addition,50.5976510000,-1.2073800000
300000,2018-08-23 00:00:00Z,PO38 1JP,Flats/Maisonettes,Established,Leasehold,THE METROPOLE,3,ESPLANADE,,VENTNOR,ISLE OF WIGHT,ISLE OF WIGHT,Additional,Addition,50.5933870000,-1.2071690000
68000,2018-08-24 00:00:00Z,PO38 1ES,Flats/Maisonettes,Established,Leasehold,36,FLAT 2,VICTORIA STREET,,VENTNOR,ISLE OF WIGHT,ISLE OF WIGHT,Additional,Addition,50.5947050000,-1.2013830000
125000,2018-07-02 00:00:00Z,PO38 1TW,Terraced,Established,Freehold,ALDBURY COTTAGES,1,SOUTHGROVE ROAD,,VENTNOR,ISLE OF WIGHT,ISLE OF WIGHT,Standard,Addition,50.5969470000,-1.2070670000
125000,2018-05-25 00:00:00Z,PO38 1EL,Flats/Maisonettes,Established,Leasehold,TUDOR HOUSE,3,VICTORIA STREET,,VENTNOR,ISLE OF WIGHT,ISLE OF WIGHT,Standard,Addition,50.5954110000,-1.2019780000
50000,2018-06-13 00:00:00Z,PO38 1DU,Flats/Maisonettes,Established,Leasehold,"ST BONIFACE COURT, 84",FLAT 7,MITCHELL AVENUE,,VENTNOR,ISLE OF WIGHT,ISLE OF WIGHT,Standard,Addition,50.5977120000,-1.2021410000
160000,2018-04-24 00:00:00Z,PO38 1EZ,Terraced,Established,Freehold,28,,ALBERT STREET,,VENTNOR,ISLE OF WIGHT,ISLE OF WIGHT,Standard,Addition,50.5945480000,-1.2037910000
90000,2018-04-12 00:00:00Z,PO38 1RZ,Flats/Maisonettes,Established,Leasehold,16A,,HIGH STREET,,VENTNOR,ISLE OF WIGHT,ISLE OF WIGHT,Standard,Addition,50.5952750000,-1.2048100000
205000,2018-04-06 00:00:00Z,PO38 1EN,Terraced,Established,Freehold,55,,DUDLEY ROAD,,VENTNOR,ISLE OF WIGHT,ISLE OF WIGHT,Standard,Addition,50.5944210000,-1.2018960000
315000,2018-01-24 00:00:00Z,PO38 1JW,Flats/Maisonettes,Established,Leasehold,BEACH COURT,FLAT 2,ESPLANADE ROAD,,VENTNOR,ISLE OF WIGHT,ISLE OF WIGHT,Standard,Addition,50.5935260000,-1.2068460000
200000,2018-02-15 00:00:00Z,PO38 1TE,Detached,Established,Freehold,MANOR COACH HOUSE,,MARLBOROUGH ROAD,,VENTNOR,ISLE OF WIGHT,ISLE OF WIGHT,Additional,Addition,50.5952840000,-1.2071520000
265000,2018-03-16 00:00:00Z,PO38 1SQ,Flats/Maisonettes,Established,Leasehold,CLIFF VIEW,2,HAMBROUGH ROAD,,VENTNOR,ISLE OF WIGHT,ISLE OF WIGHT,Standard,Addition,50.5939430000,-1.2057330000
312500,2018-03-29 00:00:00Z,PO38 1ED,Flats/Maisonettes,Established,Leasehold,KINGSVIEW,FLAT 1,CHURCH STREET,,VENTNOR,ISLE OF WIGHT,ISLE OF WIGHT,Standard,Addition,50.5941310000,-1.2069430000
265000,2018-07-27 00:00:00Z,PO38 1TH,Semi-Detached,Established,Freehold,BROADHURST,,GROVE ROAD,,VENTNOR,ISLE OF WIGHT,ISLE OF WIGHT,Standard,Addition,50.5960780000,-1.2048640000
25000,2018-04-30 00:00:00Z,PO38 1RY,Other,Established,Leasehold,5,UNIT 1,HIGH STREET,,VENTNOR,ISLE OF WIGHT,ISLE OF WIGHT,Additional,Addition,50.5950200000,-1.2057190000
177500,2018-07-06 00:00:00Z,PO38 1JN,Flats/Maisonettes,Established,Leasehold,"KAIA, 5",APARTMENT 4,MARINE PARADE,,VENTNOR,ISLE OF WIGHT,ISLE OF WIGHT,Standard,Addition,50.5938760000,-1.2080130000
85000,2018-09-28 00:00:00Z,PO38 1SX,Flats/Maisonettes,Established,Leasehold,33A,,PIER STREET,,VENTNOR,ISLE OF WIGHT,ISLE OF WIGHT,Standard,Addition,50.5943500000,-1.2047370000
175000,2018-09-20 00:00:00Z,PO38 1ST,Flats/Maisonettes,Established,Leasehold,5A,,PIER STREET,,VENTNOR,ISLE OF WIGHT,ISLE OF WIGHT,Standard,Addition,50.5948020000,-1.2053830000
335000,2018-09-21 00:00:00Z,PO38 1DP,Detached,Established,Freehold,34,,MITCHELL AVENUE,,VENTNOR,ISLE OF WIGHT,ISLE OF WIGHT,Standard,Addition,50.5974360000,-1.2062390000
129000,2018-10-04 00:00:00Z,PO38 1SQ,Flats/Maisonettes,Established,Leasehold,MARINE COURT,FLAT 3,HAMBROUGH ROAD,,VENTNOR,ISLE OF WIGHT,ISLE OF WIGHT,Standard,Addition,50.5939430000,-1.2057330000
157000,2019-12-06 00:00:00Z,PO38 1NQ,Semi-Detached,Established,Freehold,7,,WEST STREET,,VENTNOR,ISLE OF WIGHT,ISLE OF WIGHT,Standard,Addition,50.5955840000,-1.2009870000
225000,2019-12-06 00:00:00Z,PO38 1SQ,Flats/Maisonettes,Established,Leasehold,ROSELYN HOUSE,FLAT 2,HAMBROUGH ROAD,,VENTNOR,ISLE OF WIGHT,ISLE OF WIGHT,Standard,Addition,50.5939430000,-1.2057330000
240000,2019-03-29 00:00:00Z,PO38 1TW,Other,Established,Freehold,VICTORIA LODGE,,SOUTHGROVE ROAD,,VENTNOR,ISLE OF WIGHT,ISLE OF WIGHT,Additional,Addition,50.5969470000,-1.2070670000
290000,2019-03-07 00:00:00Z,PO38 1JT,Other,Established,Freehold,BLAKE & SPENCER,,ESPLANADE,,VENTNOR,ISLE OF WIGHT,ISLE OF WIGHT,Additional,Addition,50.5934370000,-1.2083590000
365000,2019-11-29 00:00:00Z,PO38 1TS,Detached,Established,Freehold,THE BUNGALOW,,GROVE ROAD,,VENTNOR,ISLE OF WIGHT,ISLE OF WIGHT,Standard,Addition,50.5964690000,-1.2082340000
392000,2019-04-26 00:00:00Z,PO38 1PF,Terraced,Established,Freehold,23A,,SPRING HILL,,VENTNOR,ISLE OF WIGHT,ISLE OF WIGHT,Standard,Addition,50.5967400000,-1.2030160000
210000,2019-05-17 00:00:00Z,PO38 1TF,Detached,Established,Freehold,NOAHS COTTAGE,,MARLBOROUGH ROAD,,VENTNOR,ISLE OF WIGHT,ISLE OF WIGHT,Standard,Addition,50.5953220000,-1.2064630000
86000,2019-05-10 00:00:00Z,PO38 1LT,Flats/Maisonettes,New Build,Leasehold,"JELLICOE HOUSE, 52",FLAT 2,HIGH STREET,,VENTNOR,ISLE OF WIGHT,ISLE OF WIGHT,Standard,Addition,50.5954950000,-1.2038560000
87000,2019-05-10 00:00:00Z,PO38 1LT,Flats/Maisonettes,New Build,Leasehold,"JELLICOE HOUSE, 52",FLAT 1,HIGH STREET,,VENTNOR,ISLE OF WIGHT,ISLE OF WIGHT,Standard,Addition,50.5954950000,-1.2038560000
85000,2019-05-10 00:00:00Z,PO38 1LT,Flats/Maisonettes,New Build,Leasehold,"JELLICOE HOUSE, 52",FLAT 3,HIGH STREET,,VENTNOR,ISLE OF WIGHT,ISLE OF WIGHT,Standard,Addition,50.5954950000,-1.2038560000
82500,2019-01-24 00:00:00Z,PO38 1RY,Other,Established,Freehold,5,,HIGH STREET,,VENTNOR,ISLE OF WIGHT,ISLE OF WIGHT,Additional,Addition,50.5950200000,-1.2057190000
214000,2019-10-28 00:00:00Z,PO38 1TH,Flats/Maisonettes,Established,Leasehold,ST DAVIDS LODGE,FLAT 3,GROVE ROAD,,VENTNOR,ISLE OF WIGHT,ISLE OF WIGHT,Standard,Addition,50.5960780000,-1.2048640000
177500,2019-11-08 00:00:00Z,PO38 1DW,Semi-Detached,Established,Freehold,12,,MITCHELL AVENUE,,VENTNOR,ISLE OF WIGHT,ISLE OF WIGHT,Standard,Addition,50.5973880000,-1.2071590000
140000,2019-11-15 00:00:00Z,PO38 1SQ,Flats/Maisonettes,Established,Leasehold,PALMERSTON HOUSE,FLAT 3,HAMBROUGH ROAD,,VENTNOR,ISLE OF WIGHT,ISLE OF WIGHT,Standard,Addition,50.5939430000,-1.2057330000
195000,2019-10-15 00:00:00Z,PO38 1TQ,Terraced,Established,Freehold,FANDANGO,,TULSE HILL,,VENTNOR,ISLE OF WIGHT,ISLE OF WIGHT,Additional,Addition,50.5958200000,-1.2056490000
259000,2019-10-28 00:00:00Z,PO38 1PL,Flats/Maisonettes,Established,Leasehold,MERTOUN,FLAT 1,ST BONIFACE ROAD,,VENTNOR,ISLE OF WIGHT,ISLE OF WIGHT,Additional,Addition,50.5973590000,-1.2002920000
72500,2019-11-14 00:00:00Z,PO38 1ST,Flats/Maisonettes,Established,Leasehold,7B,FLAT 1,PIER STREET,,VENTNOR,ISLE OF WIGHT,ISLE OF WIGHT,Standard,Addition,50.5948020000,-1.2053830000
130000,2019-10-18 00:00:00Z,PO38 1TW,Flats/Maisonettes,Established,Leasehold,BELMONT HOUSE,FLAT 3,SOUTHGROVE ROAD,,VENTNOR,ISLE OF WIGHT,ISLE OF WIGHT,Standard,Addition,50.5969470000,-1.2070670000
192000,2019-10-18 00:00:00Z,PO38 1DS,Semi-Detached,Established,Freehold,66,,MITCHELL AVENUE,,VENTNOR,ISLE OF WIGHT,ISLE OF WIGHT,Standard,Addition,50.5976770000,-1.2033110000
85000,2019-05-22 00:00:00Z,PO38 1ET,Flats/Maisonettes,Established,Leasehold,MONTEBELLO,FLAT 3,VICTORIA STREET,,VENTNOR,ISLE OF WIGHT,ISLE OF WIGHT,Standard,Addition,50.5955530000,-1.2020360000
86000,2019-05-10 00:00:00Z,PO38 1LT,Flats/Maisonettes,New Build,Leasehold,"JELLICOE HOUSE, 52",FLAT 5,HIGH STREET,,VENTNOR,ISLE OF WIGHT,ISLE OF WIGHT,Standard,Addition,50.5954950000,-1.2038560000
245000,2019-07-17 00:00:00Z,PO38 1BT,Semi-Detached,Established,Freehold,13,,ALPINE ROAD,,VENTNOR,ISLE OF WIGHT,ISLE OF WIGHT,Standard,Addition,50.5946940000,-1.2089980000
205000,2019-08-29 00:00:00Z,PO38 1JX,Flats/Maisonettes,Established,Leasehold,RICHMOND HOTEL,FLAT 2,ESPLANADE,,VENTNOR,ISLE OF WIGHT,ISLE OF WIGHT,Standard,Addition,50.5933140000,-1.2098260000
167500,2019-09-09 00:00:00Z,PO38 1EF,Terraced,Established,Freehold,9,,DUDLEY ROAD,,VENTNOR,ISLE OF WIGHT,ISLE OF WIGHT,Standard,Addition,50.5944060000,-1.2036630000
165000,2019-02-21 00:00:00Z,PO38 1TW,Flats/Maisonettes,Established,Leasehold,AVONMORE COURT,FLAT 3,SOUTHGROVE ROAD,,VENTNOR,ISLE OF WIGHT,ISLE OF WIGHT,Standard,Addition,50.5969470000,-1.2070670000
250000,2019-12-20 00:00:00Z,PO38 1DW,Terraced,Established,Freehold,18,,MITCHELL AVENUE,,VENTNOR,ISLE OF WIGHT,ISLE OF WIGHT,Standard,Addition,50.5973880000,-1.2071590000
140000,2019-11-15 00:00:00Z,PO38 1NQ,Terraced,Established,Leasehold,23,,WEST STREET,,VENTNOR,ISLE OF WIGHT,ISLE OF WIGHT,Standard,Addition,50.5955840000,-1.2009870000
115000,2019-12-19 00:00:00Z,PO38 1RZ,Flats/Maisonettes,Established,Leasehold,23B,,HIGH STREET,,VENTNOR,ISLE OF WIGHT,ISLE OF WIGHT,Standard,Addition,50.5952750000,-1.2048100000
335000,2019-04-05 00:00:00Z,PO38 1JW,Flats/Maisonettes,Established,Leasehold,BEACH COURT,FLAT 3,ESPLANADE ROAD,,VENTNOR,ISLE OF WIGHT,ISLE OF WIGHT,Standard,Addition,50.5935260000,-1.2068460000
95000,2019-11-29 00:00:00Z,PO38 1NQ,Semi-Detached,Established,Leasehold,10,,WEST STREET,,VENTNOR,ISLE OF WIGHT,ISLE OF WIGHT,Additional,Addition,50.5955840000,-1.2009870000
102000,2019-01-21 00:00:00Z,PO38 1EZ,Terraced,Established,Freehold,8,,ALBERT STREET,,VENTNOR,ISLE OF WIGHT,ISLE OF WIGHT,Standard,Addition,50.5945480000,-1.2037910000
183000,2019-02-15 00:00:00Z,PO38 1TH,Semi-Detached,Established,Freehold,STARBOARD HOUSE,,GROVE ROAD,,VENTNOR,ISLE OF WIGHT,ISLE OF WIGHT,Additional,Addition,50.5960780000,-1.2048640000
261000,2019-02-14 00:00:00Z,PO38 1SQ,Flats/Maisonettes,Established,Leasehold,CLIFF VIEW,3,HAMBROUGH ROAD,,VENTNOR,ISLE OF WIGHT,ISLE OF WIGHT,Standard,Addition,50.5939430000,-1.2057330000
150000,2019-01-18 00:00:00Z,PO38 1EE,Flats/Maisonettes,Established,Leasehold,2,FLAT 1,ALEXANDRA GARDENS,,VENTNOR,ISLE OF WIGHT,ISLE OF WIGHT,Standard,Addition,50.5941570000,-1.2041330000
159000,2019-02-07 00:00:00Z,PO38 1NQ,Terraced,Established,Freehold,13,,WEST STREET,,VENTNOR,ISLE OF WIGHT,ISLE OF WIGHT,Standard,Addition,50.5955840000,-1.2009870000
287500,2019-05-03 00:00:00Z,PO38 1JN,Flats/Maisonettes,Established,Leasehold,1,FLAT 1,MARINE PARADE,,VENTNOR,ISLE OF WIGHT,ISLE OF WIGHT,Standard,Addition,50.5938760000,-1.2080130000
163000,2019-04-17 00:00:00Z,PO38 1SN,Flats/Maisonettes,Established,Leasehold,21,FLAT 1,CHURCH STREET,,VENTNOR,ISLE OF WIGHT,ISLE OF WIGHT,Standard,Addition,50.5943640000,-1.2067860000
135000,2019-02-19 00:00:00Z,PO38 1PD,Flats/Maisonettes,Established,Leasehold,5,,SPRING HILL COURT,,VENTNOR,ISLE OF WIGHT,ISLE OF WIGHT,Standard,Addition,50.5969080000,-1.2013740000
423500,2019-10-11 00:00:00Z,PO38 1PJ,Semi-Detached,Established,Freehold,5,,ST BONIFACE TERRACE,,VENTNOR,ISLE OF WIGHT,ISLE OF WIGHT,Standard,Addition,50.5977280000,-1.2002300000
85000,2019-09-30 00:00:00Z,PO38 1ET,Flats/Maisonettes,Established,Leasehold,COSTURA LODGE,FLAT 3,VICTORIA STREET,,VENTNOR,ISLE OF WIGHT,ISLE OF WIGHT,Standard,Addition,50.5955530000,-1.2020360000
189000,2019-04-11 00:00:00Z,PO38 1PL,Flats/Maisonettes,Established,Leasehold,MERTOUN,FLAT 3,ST BONIFACE ROAD,,VENTNOR,ISLE OF WIGHT,ISLE OF WIGHT,Standard,Addition,50.5973590000,-1.2002920000
635000,2019-04-10 00:00:00Z,PO38 1EG,Detached,Established,Freehold,2,,DEVONSHIRE TERRACE,,VENTNOR,ISLE OF WIGHT,ISLE OF WIGHT,Standard,Addition,50.5940940000,-1.2018210000
72000,2019-03-29 00:00:00Z,PO38 1EU,Flats/Maisonettes,Established,Leasehold,47,FLAT 2,ALBERT STREET,,VENTNOR,ISLE OF WIGHT,ISLE OF WIGHT,Standard,Addition,50.5949430000,-1.2023150000
134000,2019-01-16 00:00:00Z,PO38 1SX,Other,Established,Freehold,28,,PIER STREET,,VENTNOR,ISLE OF WIGHT,ISLE OF WIGHT,Additional,Addition,50.5943500000,-1.2047370000
245000,2019-06-07 00:00:00Z,PO38 1JD,Flats/Maisonettes,Established,Leasehold,WEST HILL,FLAT 3,BELGRAVE ROAD,,VENTNOR,ISLE OF WIGHT,ISLE OF WIGHT,Standard,Addition,50.5943370000,-1.2081280000
190000,2019-07-04 00:00:00Z,PO38 1JX,Other,Established,Freehold,RICHMOND HOTEL,,ESPLANADE,,VENTNOR,ISLE OF WIGHT,ISLE OF WIGHT,Additional,Addition,50.5933140000,-1.2098260000
325000,2019-02-28 00:00:00Z,PO38 1ED,Flats/Maisonettes,Established,Leasehold,KINGSVIEW,FLAT 6,CHURCH STREET,,VENTNOR,ISLE OF WIGHT,ISLE OF WIGHT,Standard,Addition,50.5941310000,-1.2069430000
160000,2019-01-07 00:00:00Z,PO38 1JD,Flats/Maisonettes,Established,Leasehold,WEST HILL,FLAT 3,BELGRAVE ROAD,,VENTNOR,ISLE OF WIGHT,ISLE OF WIGHT,Standard,Addition,50.5943370000,-1.2081280000
160000,2019-02-22 00:00:00Z,PO38 1EU,Semi-Detached,Established,Freehold,80,,ALBERT STREET,,VENTNOR,ISLE OF WIGHT,ISLE OF WIGHT,Standard,Addition,50.5949430000,-1.2023150000
155000,2019-05-29 00:00:00Z,PO38 1LZ,Terraced,Established,Freehold,152,WILLOW COTTAGE,HIGH STREET,,VENTNOR,ISLE OF WIGHT,ISLE OF WIGHT,Standard,Addition,50.5964670000,-1.2003110000
188000,2019-06-13 00:00:00Z,PO38 1EE,Flats/Maisonettes,Established,Leasehold,2,FLAT 4,ALEXANDRA GARDENS,,VENTNOR,ISLE OF WIGHT,ISLE OF WIGHT,Standard,Addition,50.5941570000,-1.2041330000
190000,2019-05-14 00:00:00Z,PO38 1EE,Flats/Maisonettes,Established,Leasehold,2,FLAT 3,ALEXANDRA GARDENS,,VENTNOR,ISLE OF WIGHT,ISLE OF WIGHT,Standard,Addition,50.5941570000,-1.2041330000
100000,2019-03-01 00:00:00Z,PO38 1ES,Flats/Maisonettes,Established,Leasehold,SILVER MIST,EAST FLAT,VICTORIA STREET,,VENTNOR,ISLE OF WIGHT,ISLE OF WIGHT,Standard,Addition,50.5947050000,-1.2013830000
70000,2019-12-13 00:00:00Z,PO38 1LT,Flats/Maisonettes,New Build,Leasehold,"JELLICOE HOUSE, 52",FLAT 4,HIGH STREET,,VENTNOR,ISLE OF WIGHT,ISLE OF WIGHT,Standard,Addition,50.5954950000,-1.2038560000
165000,2019-06-07 00:00:00Z,PO38 1DJ,Flats/Maisonettes,Established,Freehold,TAVERN COTTAGES,3,MITCHELL AVENUE,,VENTNOR,ISLE OF WIGHT,ISLE OF WIGHT,Standard,Addition,50.5973130000,-1.2080360000
99000,2019-05-20 00:00:00Z,PO38 1HY,Flats/Maisonettes,Established,Leasehold,CLARENDON COURT,1,POUND LANE,,VENTNOR,ISLE OF WIGHT,ISLE OF WIGHT,Additional,Addition,50.5951340000,-1.2035510000
170000,2019-05-31 00:00:00Z,PO38 1TW,Flats/Maisonettes,Established,Leasehold,AVONMORE COURT,"LOWER GROUNDFLOOR FLAT, 1",SOUTHGROVE ROAD,,VENTNOR,ISLE OF WIGHT,ISLE OF WIGHT,Standard,Addition,50.5969470000,-1.2070670000
325000,2020-12-11 00:00:00Z,PO38 1PL,Flats/Maisonettes,Established,Leasehold,CAITHNESS,FLAT 1,ST BONIFACE ROAD,,VENTNOR,ISLE OF WIGHT,ISLE OF WIGHT,Standard,Addition,50.5973590000,-1.2002920000
300000,2020-12-11 00:00:00Z,PO38 1NQ,Semi-Detached,Established,Freehold,28,,WEST STREET,,VENTNOR,ISLE OF WIGHT,ISLE OF WIGHT,Standard,Addition,50.5955840000,-1.2009870000
199000,2020-12-07 00:00:00Z,PO38 1EQ,Terraced,Established,Freehold,43,,DUDLEY ROAD,,VENTNOR,ISLE OF WIGHT,ISLE OF WIGHT,Standard,Addition,50.5943160000,-1.2023500000
655000,2020-08-07 00:00:00Z,PO38 1EG,Terraced,Established,Freehold,6,,DEVONSHIRE TERRACE,,VENTNOR,ISLE OF WIGHT,ISLE OF WIGHT,Standard,Addition,50.5940940000,-1.2018210000
232000,2020-12-09 00:00:00Z,PO38 1EH,Terraced,Established,Freehold,35,,DUDLEY ROAD,,VENTNOR,ISLE OF WIGHT,ISLE OF WIGHT,Standard,Addition,50.5942740000,-1.2031850000
130000,2020-12-18 00:00:00Z,PO38 1LY,Flats/Maisonettes,Established,Leasehold,95B,,HIGH STREET,,VENTNOR,ISLE OF WIGHT,ISLE OF WIGHT,Standard,Addition,50.5960570000,-1.2021130000
220000,2020-09-04 00:00:00Z,PO38 1JX,Other,Established,Leasehold,RICHMOND APARTMENTS,FLAT 3,ESPLANADE,,VENTNOR,ISLE OF WIGHT,ISLE OF WIGHT,Additional,Addition,50.5933140000,-1.2098260000
200000,2020-08-07 00:00:00Z,PO38 1JX,Flats/Maisonettes,Established,Leasehold,RICHMOND APARTMENTS,FLAT 4,ESPLANADE,,VENTNOR,ISLE OF WIGHT,ISLE OF WIGHT,Additional,Addition,50.5933140000,-1.2098260000
210000,2020-05-29 00:00:00Z,PO38 1TP,Terraced,Established,Freehold,INDIA COTTAGE,,GROVE ROAD,,VENTNOR,ISLE OF WIGHT,ISLE OF WIGHT,Standard,Addition,50.5960820000,-1.2055560000
572000,2020-12-16 00:00:00Z,PO38 1TN,Terraced,Established,Freehold,5,,SOUTHGROVE TERRACE,,VENTNOR,ISLE OF WIGHT,ISLE OF WIGHT,Additional,Addition,50.5965590000,-1.2057920000
1500,2020-04-01 00:00:00Z,PO38 1TH,Other,Established,Freehold,ST HELENS COURT,FLAT 1,GROVE ROAD,,VENTNOR,ISLE OF WIGHT,ISLE OF WIGHT,Additional,Addition,50.5960780000,-1.2048640000
359000,2020-03-18 00:00:00Z,PO38 1DX,Other,Established,Freehold,VENTNOR INDUSTRIAL ESTATE,UNIT 10,OLD STATION ROAD,,VENTNOR,ISLE OF WIGHT,ISLE OF WIGHT,Additional,Addition,50.5981160000,-1.2086620000
2098919,2020-04-24 00:00:00Z,PO38 1JT,Other,Established,Freehold,GAIETY AMUSEMENTS,,ESPLANADE,,VENTNOR,ISLE OF WIGHT,ISLE OF WIGHT,Additional,Addition,50.5934370000,-1.2083590000
279950,2020-08-28 00:00:00Z,PO38 1NQ,Semi-Detached,Established,Leasehold,10,,WEST STREET,,VENTNOR,ISLE OF WIGHT,ISLE OF WIGHT,Standard,Addition,50.5955840000,-1.2009870000
139000,2020-08-21 00:00:00Z,PO38 1EE,Flats/Maisonettes,Established,Leasehold,2,FLAT 2,ALEXANDRA GARDENS,,VENTNOR,ISLE OF WIGHT,ISLE OF WIGHT,Standard,Addition,50.5941570000,-1.2041330000
289000,2020-08-07 00:00:00Z,PO38 1TF,Semi-Detached,Established,Freehold,2,,GROVE HURST,,VENTNOR,ISLE OF WIGHT,ISLE OF WIGHT,Standard,Addition,50.5953220000,-1.2064630000
120000,2020-09-01 00:00:00Z,PO38 1ET,Detached,Established,Freehold,6,,VICTORIA STREET,,VENTNOR,ISLE OF WIGHT,ISLE OF WIGHT,Standard,Addition,50.5955530000,-1.2020360000
144205,2020-09-30 00:00:00Z,PO38 1LZ,Terraced,Established,Freehold,"PORTLAND HOUSE, 143",,HIGH STREET,,VENTNOR,ISLE OF WIGHT,ISLE OF WIGHT,Standard,Addition,50.5964670000,-1.2003110000
125065,2020-04-24 00:00:00Z,PO38 1JU,Flats/Maisonettes,Established,Leasehold,MELBOURNE,FLAT 2,ALMA ROAD,,VENTNOR,ISLE OF WIGHT,ISLE OF WIGHT,Standard,Addition,50.5936240000,-1.2091550000
170000,2020-04-30 00:00:00Z,PO38 1EU,Terraced,Established,Freehold,27,,ALBERT STREET,,VENTNOR,ISLE OF WIGHT,ISLE OF WIGHT,Standard,Addition,50.5949430000,-1.2023150000
350000,2020-03-19 00:00:00Z,PO38 1ED,Flats/Maisonettes,Established,Leasehold,KINGSVIEW,FLAT 2,CHURCH STREET,,VENTNOR,ISLE OF WIGHT,ISLE OF WIGHT,Standard,Addition,50.5941310000,-1.2069430000
220000,2020-03-20 00:00:00Z,PO38 1BT,Terraced,Established,Freehold,"CHAPEL HOUSE, 2",2,ALPINE ROAD,,VENTNOR,ISLE OF WIGHT,ISLE OF WIGHT,Standard,Addition,50.5946940000,-1.2089980000
167000,2020-10-16 00:00:00Z,PO38 1EZ,Semi-Detached,Established,Freehold,48,,ALBERT STREET,,VENTNOR,ISLE OF WIGHT,ISLE OF WIGHT,Standard,Addition,50.5945480000,-1.2037910000
307000,2020-10-12 00:00:00Z,PO38 1TW,Detached,Established,Freehold,KILMURRY,,SOUTHGROVE ROAD,,VENTNOR,ISLE OF WIGHT,ISLE OF WIGHT,Standard,Addition,50.5969470000,-1.2070670000
467000,2020-10-12 00:00:00Z,PO38 1TW,Detached,Established,Freehold,THE GLEN,,SOUTHGROVE ROAD,,VENTNOR,ISLE OF WIGHT,ISLE OF WIGHT,Standard,Addition,50.5969470000,-1.2070670000
295000,2020-09-18 00:00:00Z,PO38 1TS,Detached,Established,Freehold,THE ORCHARD,,GROVE ROAD,,VENTNOR,ISLE OF WIGHT,ISLE OF WIGHT,Standard,Addition,50.5964690000,-1.2082340000
160000,2020-03-30 00:00:00Z,PO38 1NQ,Terraced,Established,Freehold,17,,WEST STREET,,VENTNOR,ISLE OF WIGHT,ISLE OF WIGHT,Standard,Addition,50.5955840000,-1.2009870000
200000,2020-03-12 00:00:00Z,PO38 1TF,Terraced,Established,Freehold,3,,MARLBOROUGH TERRACE,,VENTNOR,ISLE OF WIGHT,ISLE OF WIGHT,Standard,Addition,50.5953220000,-1.2064630000
160000,2020-02-14 00:00:00Z,PO38 1ES,Flats/Maisonettes,Established,Leasehold,36,FLAT 3,VICTORIA STREET,,VENTNOR,ISLE OF WIGHT,ISLE OF WIGHT,Standard,Addition,50.5947050000,-1.2013830000
115000,2020-02-27 00:00:00Z,PO38 1EU,Flats/Maisonettes,Established,Leasehold,100,FLAT 2,ALBERT STREET,,VENTNOR,ISLE OF WIGHT,ISLE OF WIGHT,Additional,Addition,50.5949430000,-1.2023150000
1200000,2020-02-28 00:00:00Z,PO38 1EB,Other,Established,Freehold,4,,MACROCARPA ROAD,,VENTNOR,ISLE OF WIGHT,ISLE OF WIGHT,Additional,Addition,50.5971930000,-1.2049440000
45000,2020-06-05 00:00:00Z,PO38 1LY,Other,Established,Freehold,OLD BREWERY SITE,UNIT 3,HIGH STREET,,VENTNOR,ISLE OF WIGHT,ISLE OF WIGHT,Additional,Addition,50.5960570000,-1.2021130000
360000,2020-10-08 00:00:00Z,PO38 1TS,Detached,Established,Freehold,THE BUNGALOW,,GROVE ROAD,,VENTNOR,ISLE OF WIGHT,ISLE OF WIGHT,Standard,Addition,50.5964690000,-1.2082340000
472920,2020-10-30 00:00:00Z,PO38 1ER,Terraced,Established,Freehold,42,,DUDLEY ROAD,,VENTNOR,ISLE OF WIGHT,ISLE OF WIGHT,Standard,Addition,50.5944410000,-1.2008500000
350000,2020-02-27 00:00:00Z,PO38 1TW,Detached,Established,Freehold,HIGH TREES,,SOUTHGROVE ROAD,,VENTNOR,ISLE OF WIGHT,ISLE OF WIGHT,Standard,Addition,50.5969470000,-1.2070670000
138750,2020-10-23 00:00:00Z,PO38 1SQ,Flats/Maisonettes,Established,Leasehold,MARINE COURT,FLAT 8,HAMBROUGH ROAD,,VENTNOR,ISLE OF WIGHT,ISLE OF WIGHT,Standard,Addition,50.5939430000,-1.2057330000
240000,2020-10-02 00:00:00Z,PO38 1JN,Flats/Maisonettes,Established,Leasehold,3,FLAT 3,MARINE PARADE,,VENTNOR,ISLE OF WIGHT,ISLE OF WIGHT,Standard,Addition,50.5938760000,-1.2080130000
275000,2020-09-24 00:00:00Z,PO38 1ST,Other,Established,Freehold,"THE ROSE INN, 18",,PIER STREET,,VENTNOR,ISLE OF WIGHT,ISLE OF WIGHT,Additional,Addition,50.5948020000,-1.2053830000
141000,2020-11-06 00:00:00Z,PO38 1TH,Flats/Maisonettes,Established,Leasehold,KING CHARLES COURT,FLAT 12,GROVE ROAD,,VENTNOR,ISLE OF WIGHT,ISLE OF WIGHT,Standard,Addition,50.5960780000,-1.2048640000
77000,2020-06-30 00:00:00Z,PO38 1DS,Flats/Maisonettes,Established,Leasehold,80,BASEMENT FLAT,MITCHELL AVENUE,,VENTNOR,ISLE OF WIGHT,ISLE OF WIGHT,Standard,Addition,50.5976770000,-1.2033110000
160000,2020-10-09 00:00:00Z,PO38 1JN,Flats/Maisonettes,Established,Leasehold,"KAIA, 5",APARTMENT 2,MARINE PARADE,,VENTNOR,ISLE OF WIGHT,ISLE OF WIGHT,Standard,Addition,50.5938760000,-1.2080130000
350000,2020-11-27 00:00:00Z,PO38 1ED,Flats/Maisonettes,Established,Leasehold,KINGSVIEW,FLAT 5,CHURCH STREET,,VENTNOR,ISLE OF WIGHT,ISLE OF WIGHT,Standard,Addition,50.5941310000,-1.2069430000
145000,2020-12-04 00:00:00Z,PO38 1EU,Flats/Maisonettes,Established,Leasehold,49B,,ALBERT STREET,,VENTNOR,ISLE OF WIGHT,ISLE OF WIGHT,Additional,Addition,50.5949430000,-1.2023150000
105000,2020-11-03 00:00:00Z,PO38 1HY,Flats/Maisonettes,Established,Leasehold,CLARENDON COURT,9,POUND LANE,,VENTNOR,ISLE OF WIGHT,ISLE OF WIGHT,Additional,Addition,50.5951340000,-1.2035510000
185000,2020-07-14 00:00:00Z,PO38 1TW,Flats/Maisonettes,Established,Leasehold,AVONMORE COURT,FLAT 3,SOUTHGROVE ROAD,,VENTNOR,ISLE OF WIGHT,ISLE OF WIGHT,Additional,Addition,50.5969470000,-1.2070670000
190000,2020-11-26 00:00:00Z,PO38 1DS,Semi-Detached,Established,Freehold,66,,MITCHELL AVENUE,,VENTNOR,ISLE OF WIGHT,ISLE OF WIGHT,Standard,Addition,50.5976770000,-1.2033110000
500000,2021-10-18 00:00:00Z,PO38 1ET,Other,Established,Freehold,BRUNSWICK GUEST HOUSE,,VICTORIA STREET,,VENTNOR,ISLE OF WIGHT,ISLE OF WIGHT,Additional,Addition,50.5955530000,-1.2020360000
225000,2021-08-03 00:00:00Z,PO38 1ST,Other,Established,Freehold,"THE ROSE INN, 18",,PIER STREET,,VENTNOR,ISLE OF WIGHT,ISLE OF WIGHT,Additional,Addition,50.5948020000,-1.2053830000
202000,2021-01-12 00:00:00Z,PO38 1TS,Flats/Maisonettes,Established,Leasehold,5,,CLARENDON VILLAS,,VENTNOR,ISLE OF WIGHT,ISLE OF WIGHT,Standard,Addition,50.5964690000,-1.2082340000
180500,2021-01-08 00:00:00Z,PO38 1DR,Terraced,Established,Leasehold,69,,MITCHELL AVENUE,,VENTNOR,ISLE OF WIGHT,ISLE OF WIGHT,Standard,Addition,50.5978430000,-1.2052150000
520000,2021-01-15 00:00:00Z,PO38 1ES,Detached,Established,Freehold,VICTORIA MOUNT,,VICTORIA STREET,,VENTNOR,ISLE OF WIGHT,ISLE OF WIGHT,Standard,Addition,50.5947050000,-1.2013830000
168000,2021-01-05 00:00:00Z,PO38 1DS,Semi-Detached,Established,Freehold,60,,MITCHELL AVENUE,,VENTNOR,ISLE OF WIGHT,ISLE OF WIGHT,Standard,Addition,50.5976770000,-1.2033110000
234500,2021-01-22 00:00:00Z,PO38 1PL,Flats/Maisonettes,Established,Leasehold,MERTOUN,FLAT 2,ST BONIFACE ROAD,,VENTNOR,ISLE OF WIGHT,ISLE OF WIGHT,Standard,Addition,50.5973590000,-1.2002920000
218000,2021-09-07 00:00:00Z,PO38 1TH,Flats/Maisonettes,Established,Leasehold,ST DAVIDS LODGE,FLAT 1,GROVE ROAD,,VENTNOR,ISLE OF WIGHT,ISLE OF WIGHT,Standard,Addition,50.5960780000,-1.2048640000
250000,2021-11-26 00:00:00Z,PO38 1JD,Flats/Maisonettes,Established,Leasehold,SEACLIFF,FLAT 4,BELGRAVE ROAD,,VENTNOR,ISLE OF WIGHT,ISLE OF WIGHT,Standard,Addition,50.5943370000,-1.2081280000
242000,2021-07-28 00:00:00Z,PO38 1LT,Flats/Maisonettes,Established,Leasehold,"JELLICOE HOUSE, 52",FLAT 9,HIGH STREET,,VENTNOR,ISLE OF WIGHT,ISLE OF WIGHT,Standard,Addition,50.5954950000,-1.2038560000
95000,2021-10-15 00:00:00Z,PO38 1DU,Flats/Maisonettes,Established,Leasehold,"BONIFACE COURT, 84",FLAT 2,MITCHELL AVENUE,,VENTNOR,ISLE OF WIGHT,ISLE OF WIGHT,Standard,Addition,50.5977120000,-1.2021410000
241000,2021-06-03 00:00:00Z,PO38 1TE,Other,Established,Freehold,ROOKLEY,,MARLBOROUGH ROAD,,VENTNOR,ISLE OF WIGHT,ISLE OF WIGHT,Additional,Addition,50.5952840000,-1.2071520000
287500,2021-05-10 00:00:00Z,PO38 1RZ,Terraced,Established,Freehold,11,,HIGH STREET,,VENTNOR,ISLE OF WIGHT,ISLE OF WIGHT,Standard,Addition,50.5952750000,-1.2048100000
262500,2021-03-31 00:00:00Z,PO38 1BT,Detached,Established,Freehold,18,,ALPINE ROAD,,VENTNOR,ISLE OF WIGHT,ISLE OF WIGHT,Standard,Addition,50.5946940000,-1.2089980000
200000,2021-04-27 00:00:00Z,PO38 1JU,Flats/Maisonettes,Established,Leasehold,THE PELHAM,FLAT 2,ALMA ROAD,,VENTNOR,ISLE OF WIGHT,ISLE OF WIGHT,Standard,Addition,50.5936240000,-1.2091550000
370000,2021-02-19 00:00:00Z,PO38 1JP,Flats/Maisonettes,Established,Leasehold,METROPOLE,5,ESPLANADE,,VENTNOR,ISLE OF WIGHT,ISLE OF WIGHT,Standard,Addition,50.5933870000,-1.2071690000
77000,2021-03-17 00:00:00Z,PO38 1EU,Flats/Maisonettes,Established,Leasehold,47,FLAT 2,ALBERT STREET,,VENTNOR,ISLE OF WIGHT,ISLE OF WIGHT,Standard,Addition,50.5949430000,-1.2023150000
195000,2021-03-31 00:00:00Z,PO38 1NQ,Terraced,Established,Freehold,13,,WEST STREET,,VENTNOR,ISLE OF WIGHT,ISLE OF WIGHT,Standard,Addition,50.5955840000,-1.2009870000
125000,2021-03-31 00:00:00Z,PO38 1LT,Flats/Maisonettes,Established,Leasehold,"JELLICOE HOUSE, 52",FLAT 3,HIGH STREET,,VENTNOR,ISLE OF WIGHT,ISLE OF WIGHT,Standard,Addition,50.5954950000,-1.2038560000
435000,2021-12-22 00:00:00Z,PO38 1PF,Semi-Detached,Established,Freehold,19,,SPRING HILL,,VENTNOR,ISLE OF WIGHT,ISLE OF WIGHT,Standard,Addition,50.5967400000,-1.2030160000
295000,2021-03-19 00:00:00Z,PO38 1JR,Flats/Maisonettes,Established,Leasehold,BEACH COURT,FLAT 1,ESPLANADE,,VENTNOR,ISLE OF WIGHT,ISLE OF WIGHT,Standard,Addition,50.5932620000,-1.2063700000
235000,2021-02-15 00:00:00Z,PO38 1EZ,Terraced,Established,Freehold,38,,ALBERT STREET,,VENTNOR,ISLE OF WIGHT,ISLE OF WIGHT,Standard,Addition,50.5945480000,-1.2037910000
172000,2021-01-08 00:00:00Z,PO38 1EX,Terraced,Established,Leasehold,66,,ALBERT STREET,,VENTNOR,ISLE OF WIGHT,ISLE OF WIGHT,Standard,Addition,50.5944370000,-1.2029560000
145000,2021-02-19 00:00:00Z,PO38 1TW,Detached,Established,Leasehold,AVONMORE COURT,THE BUNGALOW,SOUTHGROVE ROAD,,VENTNOR,ISLE OF WIGHT,ISLE OF WIGHT,Standard,Addition,50.5969470000,-1.2070670000
305000,2021-06-14 00:00:00Z,PO38 1JL,Terraced,Established,Freehold,MARYMOUNT,,ESPLANADE ROAD,,VENTNOR,ISLE OF WIGHT,ISLE OF WIGHT,Standard,Addition,50.5939610000,-1.2087040000
189150,2021-06-25 00:00:00Z,PO38 1TS,Flats/Maisonettes,Established,Leasehold,3,,CLARENDON VILLAS,,VENTNOR,ISLE OF WIGHT,ISLE OF WIGHT,Standard,Addition,50.5964690000,-1.2082340000
150000,2021-08-13 00:00:00Z,PO38 1LU,Terraced,Established,Freehold,91,,HIGH STREET,,VENTNOR,ISLE OF WIGHT,ISLE OF WIGHT,Standard,Addition,50.5956590000,-1.2028640000
250000,2021-12-20 00:00:00Z,PO38 1TS,Flats/Maisonettes,Established,Leasehold,2,,CLARENDON VILLAS,,VENTNOR,ISLE OF WIGHT,ISLE OF WIGHT,Standard,Addition,50.5964690000,-1.2082340000
212000,2021-02-11 00:00:00Z,PO38 1BT,Flats/Maisonettes,Established,Leasehold,27B,,ALPINE ROAD,,VENTNOR,ISLE OF WIGHT,ISLE OF WIGHT,Standard,Addition,50.5946940000,-1.2089980000
335000,2021-12-17 00:00:00Z,PO38 1PL,Flats/Maisonettes,Established,Leasehold,CAITHNESS,FLAT 2,ST BONIFACE ROAD,,VENTNOR,ISLE OF WIGHT,ISLE OF WIGHT,Standard,Addition,50.5973590000,-1.2002920000
180000,2021-09-10 00:00:00Z,PO38 1EU,Semi-Detached,Established,Freehold,82,,ALBERT STREET,,VENTNOR,ISLE OF WIGHT,ISLE OF WIGHT,Standard,Addition,50.5949430000,-1.2023150000
121000,2021-07-02 00:00:00Z,PO38 1ET,Flats/Maisonettes,Established,Leasehold,COSTURA LODGE,FLAT 3,VICTORIA STREET,,VENTNOR,ISLE OF WIGHT,ISLE OF WIGHT,Standard,Addition,50.5955530000,-1.2020360000
210000,2021-12-06 00:00:00Z,PO38 1DL,Semi-Detached,Established,Leasehold,27,,MITCHELL AVENUE,,VENTNOR,ISLE OF WIGHT,ISLE OF WIGHT,Standard,Addition,50.5976510000,-1.2073800000
160000,2021-03-10 00:00:00Z,PO38 1PD,Flats/Maisonettes,Established,Leasehold,5,,SPRING HILL COURT,,VENTNOR,ISLE OF WIGHT,ISLE OF WIGHT,Standard,Addition,50.5969080000,-1.2013740000
770000,2021-03-05 00:00:00Z,PO38 1DP,Detached,Established,Freehold,44,,MITCHELL AVENUE,,VENTNOR,ISLE OF WIGHT,ISLE OF WIGHT,Standard,Addition,50.5974360000,-1.2062390000
585000,2021-03-18 00:00:00Z,PO38 1PJ,Semi-Detached,Established,Freehold,7,SWISS COTTAGE,ST BONIFACE TERRACE,,VENTNOR,ISLE OF WIGHT,ISLE OF WIGHT,Standard,Addition,50.5977280000,-1.2002300000
146500,2021-02-15 00:00:00Z,PO38 1BT,Flats/Maisonettes,Established,Leasehold,"ALGERNON HOUSE, 17",FLAT 7,ALPINE ROAD,,VENTNOR,ISLE OF WIGHT,ISLE OF WIGHT,Standard,Addition,50.5946940000,-1.2089980000
212000,2021-05-11 00:00:00Z,PO38 1RZ,Other,Established,Freehold,25,,HIGH STREET,,VENTNOR,ISLE OF WIGHT,ISLE OF WIGHT,Additional,Addition,50.5952750000,-1.2048100000
50000,2021-03-26 00:00:00Z,PO38 1ST,Other,Established,Leasehold,15,,PIER STREET,,VENTNOR,ISLE OF WIGHT,ISLE OF WIGHT,Additional,Addition,50.5948020000,-1.2053830000
415000,2021-07-22 00:00:00Z,PO38 1ST,Other,Established,Freehold,22,,PIER STREET,,VENTNOR,ISLE OF WIGHT,ISLE OF WIGHT,Additional,Addition,50.5948020000,-1.2053830000
225000,2021-10-28 00:00:00Z,PO38 1TE,Detached,Established,Freehold,MANOR COTTAGE,,MARLBOROUGH ROAD,,VENTNOR,ISLE OF WIGHT,ISLE OF WIGHT,Additional,Addition,50.5952840000,-1.2071520000
3000,2021-03-24 00:00:00Z,PO38 1ST,Other,Established,Leasehold,7B,,PIER STREET,,VENTNOR,ISLE OF WIGHT,ISLE OF WIGHT,Additional,Addition,50.5948020000,-1.2053830000
245000,2021-06-16 00:00:00Z,PO38 1PL,Flats/Maisonettes,Established,Leasehold,MERTOUN,FLAT 3,ST BONIFACE ROAD,,VENTNOR,ISLE OF WIGHT,ISLE OF WIGHT,Standard,Addition,50.5973590000,-1.2002920000
340000,2021-11-01 00:00:00Z,PO38 1TF,Detached,Established,Freehold,CRANFORD VILLA,,MARLBOROUGH ROAD,,VENTNOR,ISLE OF WIGHT,ISLE OF WIGHT,Standard,Addition,50.5953220000,-1.2064630000
675000,2021-06-29 00:00:00Z,PO38 1JW,Detached,Established,Freehold,BEACH HOUSE,,ESPLANADE ROAD,,VENTNOR,ISLE OF WIGHT,ISLE OF WIGHT,Standard,Addition,50.5935260000,-1.2068460000
160000,2021-08-06 00:00:00Z,PO38 1SJ,Semi-Detached,Established,Freehold,CORONATION COTTAGES,2,CHURCH STREET,,VENTNOR,ISLE OF WIGHT,ISLE OF WIGHT,Standard,Addition,50.5941540000,-1.2052810000
225000,2021-06-25 00:00:00Z,PO38 1LZ,Semi-Detached,Established,Freehold,144,,HIGH STREET,,VENTNOR,ISLE OF WIGHT,ISLE OF WIGHT,Standard,Addition,50.5964670000,-1.2003110000
104000,2021-09-29 00:00:00Z,PO38 1TW,Flats/Maisonettes,Established,Leasehold,BELMONT HOUSE,FLAT 2,SOUTHGROVE ROAD,,VENTNOR,ISLE OF WIGHT,ISLE OF WIGHT,Standard,Addition,50.5969470000,-1.2070670000
220000,2021-09-02 00:00:00Z,PO38 1TN,Flats/Maisonettes,Established,Leasehold,9,,SOUTHGROVE TERRACE,,VENTNOR,ISLE OF WIGHT,ISLE OF WIGHT,Standard,Addition,50.5965590000,-1.2057920000
902500,2021-09-02 00:00:00Z,PO38 1EG,Flats/Maisonettes,Established,Freehold,1,,DEVONSHIRE TERRACE,,VENTNOR,ISLE OF WIGHT,ISLE OF WIGHT,Standard,Addition,50.5940940000,-1.2018210000
245000,2021-06-25 00:00:00Z,PO38 1SQ,Flats/Maisonettes,Established,Leasehold,HAMBROUGH HOUSE,FLAT 14,HAMBROUGH ROAD,,VENTNOR,ISLE OF WIGHT,ISLE OF WIGHT,Standard,Addition,50.5939430000,-1.2057330000
130000,2021-11-12 00:00:00Z,PO38 1SQ,Flats/Maisonettes,Established,Leasehold,CLIFF VIEW,FLAT 5,HAMBROUGH ROAD,,VENTNOR,ISLE OF WIGHT,ISLE OF WIGHT,Standard,Addition,50.5939430000,-1.2057330000
650000,2021-07-19 00:00:00Z,PO38 1SQ,Detached,Established,Freehold,THE EYRIE,,HAMBROUGH ROAD,,VENTNOR,ISLE OF WIGHT,ISLE OF WIGHT,Standard,Addition,50.5939430000,-1.2057330000
244500,2021-09-06 00:00:00Z,PO38 1TE,Detached,Established,Freehold,MANOR COACH HOUSE,,MARLBOROUGH ROAD,,VENTNOR,ISLE OF WIGHT,ISLE OF WIGHT,Standard,Addition,50.5952840000,-1.2071520000
64700,2021-04-07 00:00:00Z,PO38 1PE,Other,Established,Leasehold,3,,SPRING HILL,,VENTNOR,ISLE OF WIGHT,ISLE OF WIGHT,Additional,Addition,50.5956960000,-1.2042620000
402500,2021-04-19 00:00:00Z,PO38 1JU,Other,Established,Leasehold,SILVERMERE COURT,FLAT 5,ALMA ROAD,,VENTNOR,ISLE OF WIGHT,ISLE OF WIGHT,Additional,Addition,50.5936240000,-1.2091550000
400000,2021-03-31 00:00:00Z,PO38 1SG,Other,Established,Freehold,POLICE COTTAGE,,HAMBROUGH ROAD,,VENTNOR,ISLE OF WIGHT,ISLE OF WIGHT,Additional,Addition,50.5942220000,-1.2060430000
74000,2021-06-30 00:00:00Z,PO38 1ET,Flats/Maisonettes,Established,Leasehold,"COSTURA LODGE, 4",FLAT 2,VICTORIA STREET,,VENTNOR,ISLE OF WIGHT,ISLE OF WIGHT,Additional,Addition,50.5955530000,-1.2020360000
74000,2021-06-30 00:00:00Z,PO38 1ET,Flats/Maisonettes,Established,Leasehold,"COSTURA LODGE, 4",FLAT 4,VICTORIA STREET,,VENTNOR,ISLE OF WIGHT,ISLE OF WIGHT,Additional,Addition,50.5955530000,-1.2020360000
218000,2021-08-11 00:00:00Z,PO38 1TS,Flats/Maisonettes,Established,Leasehold,1,,CLARENDON VILLAS,,VENTNOR,ISLE OF WIGHT,ISLE OF WIGHT,Standard,Addition,50.5964690000,-1.2082340000
590000,2021-04-23 00:00:00Z,PO38 1DT,Detached,Established,Freehold,11,,ALTOFTS GARDENS,,VENTNOR,ISLE OF WIGHT,ISLE OF WIGHT,Standard,Addition,50.5972290000,-1.2036290000
146000,2021-07-23 00:00:00Z,PO38 1BT,Flats/Maisonettes,Established,Leasehold,"ALGERNON HOUSE, 17",FLAT 8,ALPINE ROAD,,VENTNOR,ISLE OF WIGHT,ISLE OF WIGHT,Standard,Addition,50.5946940000,-1.2089980000
147500,2021-05-14 00:00:00Z,PO38 1SQ,Flats/Maisonettes,Established,Leasehold,ELIZABETH HOUSE,FLAT 4,HAMBROUGH ROAD,,VENTNOR,ISLE OF WIGHT,ISLE OF WIGHT,Standard,Addition,50.5939430000,-1.2057330000
180000,2021-04-01 00:00:00Z,PO38 1NQ,Terraced,Established,Freehold,17,,WEST STREET,,VENTNOR,ISLE OF WIGHT,ISLE OF WIGHT,Standard,Addition,50.5955840000,-1.2009870000
510000,2021-03-11 00:00:00Z,PO38 1JX,Semi-Detached,Established,Freehold,SUNSET,,ESPLANADE,,VENTNOR,ISLE OF WIGHT,ISLE OF WIGHT,Standard,Addition,50.5933140000,-1.2098260000
612500,2021-06-11 00:00:00Z,PO38 1PL,Terraced,Established,Freehold,THE HAVEN,,ST BONIFACE ROAD,,VENTNOR,ISLE OF WIGHT,ISLE OF WIGHT,Standard,Addition,50.5973590000,-1.2002920000
330000,2021-03-31 00:00:00Z,PO38 1JP,Flats/Maisonettes,Established,Leasehold,THE METROPOLE,3,ESPLANADE,,VENTNOR,ISLE OF WIGHT,ISLE OF WIGHT,Standard,Addition,50.5933870000,-1.2071690000
210000,2021-03-05 00:00:00Z,PO38 1TF,Terraced,Established,Freehold,5,,MARLBOROUGH TERRACE,,VENTNOR,ISLE OF WIGHT,ISLE OF WIGHT,Standard,Addition,50.5953220000,-1.2064630000
170000,2021-06-16 00:00:00Z,PO38 1SQ,Flats/Maisonettes,Established,Leasehold,MARINE COURT,FLAT 3,HAMBROUGH ROAD,,VENTNOR,ISLE OF WIGHT,ISLE OF WIGHT,Standard,Addition,50.5939430000,-1.2057330000
325000,2021-06-04 00:00:00Z,PO38 1ED,Flats/Maisonettes,Established,Leasehold,KINGSVIEW,FLAT 8,CHURCH STREET,,VENTNOR,ISLE OF WIGHT,ISLE OF WIGHT,Standard,Addition,50.5941310000,-1.2069430000
150000,2021-06-18 00:00:00Z,PO38 1EE,Flats/Maisonettes,Established,Leasehold,8,BASEMENT FLAT,ALEXANDRA GARDENS,,VENTNOR,ISLE OF WIGHT,ISLE OF WIGHT,Standard,Addition,50.5941570000,-1.2041330000
235000,2022-01-26 00:00:00Z,PO38 1LZ,Semi-Detached,Established,Freehold,147A,,HIGH STREET,,VENTNOR,ISLE OF WIGHT,ISLE OF WIGHT,Standard,Addition,50.5964670000,-1.2003110000
120000,2022-01-13 00:00:00Z,PO38 1LT,Flats/Maisonettes,Established,Leasehold,"GARDEN FLAT, 50A",,HIGH STREET,,VENTNOR,ISLE OF WIGHT,ISLE OF WIGHT,Standard,Addition,50.5954950000,-1.2038560000
142000,2022-03-14 00:00:00Z,PO38 1ES,Other,Established,Freehold,42,,VICTORIA STREET,,VENTNOR,ISLE OF WIGHT,ISLE OF WIGHT,Additional,Addition,50.5947050000,-1.2013830000
425000,2022-01-21 00:00:00Z,PO38 1TF,Terraced,Established,Freehold,ETCHINGS,,MARLBOROUGH ROAD,,VENTNOR,ISLE OF WIGHT,ISLE OF WIGHT,Standard,Addition,50.5953220000,-1.2064630000
250000,2022-03-24 00:00:00Z,PO38 1EZ,Terraced,Established,Freehold,36,,ALBERT STREET,,VENTNOR,ISLE OF WIGHT,ISLE OF WIGHT,Standard,Addition,50.5945480000,-1.2037910000
195000,2022-01-07 00:00:00Z,PO38 1EZ,Terraced,Established,Freehold,24,,ALBERT STREET,,VENTNOR,ISLE OF WIGHT,ISLE OF WIGHT,Standard,Addition,50.5945480000,-1.2037910000
