50000,1995-07-31 00:00:00Z,BH10 7LF,Flats/Maisonettes,New Build,Leasehold,"FAIRVIEW, 11",FLAT 2,MANOR FARM ROAD,BOURNEMOUTH,BOURNEMOUTH,BOURNEMOUTH,BOURNEMOUTH,Standard,Addition,50.7722530000,-1.9011170000
39490,1995-11-17 00:00:00Z,BH10 7LQ,Flats/Maisonettes,Established,Leasehold,12,FLAT 2,MILLHAMS ROAD,BOURNEMOUTH,BOURNEMOUTH,BOURNEMOUTH,BOURNEMOUTH,Standard,Addition,50.7700510000,-1.9018590000
50000,1995-07-31 00:00:00Z,BH10 7LF,Flats/Maisonettes,New Build,Leasehold,"FAIRVIEW, 11",FLAT 1,MANOR FARM ROAD,BOURNEMOUTH,BOURNEMOUTH,BOURNEMOUTH,BOURNEMOUTH,Standard,Addition,50.7722530000,-1.9011170000
1649000,1995-06-30 00:00:00Z,BH22 9AN,Detached,Established,Freehold,2,,RINGWOOD ROAD,,FERNDOWN,EAST DORSET,DORSET,Standard,Addition,50.7776810000,-1.9079910000
63000,1995-08-18 00:00:00Z,BH22 9AA,Terraced,Established,Freehold,83,,RINGWOOD ROAD,FERNDOWN,FERNDOWN,EAST DORSET,DORSET,Standard,Addition,50.7787530000,-1.9092030000
51500,1995-03-28 00:00:00Z,BH11 9BS,Semi-Detached,Established,Freehold,29,,ROOSEVELT CRESCENT,BOURNEMOUTH,BOURNEMOUTH,BOURNEMOUTH,BOURNEMOUTH,Standard,Addition,50.7703590000,-1.9051350000
48000,1996-08-23 00:00:00Z,BH11 9BT,Semi-Detached,Established,Freehold,21,,BERRANS AVENUE,BOURNEMOUTH,BOURNEMOUTH,BOURNEMOUTH,BOURNEMOUTH,Standard,Addition,50.7701370000,-1.9080420000
48500,1996-08-30 00:00:00Z,BH10 7LJ,Terraced,Established,Freehold,59,,MILLHAMS ROAD,BOURNEMOUTH,BOURNEMOUTH,BOURNEMOUTH,BOURNEMOUTH,Standard,Addition,50.7714910000,-1.9032600000
50000,1996-11-21 00:00:00Z,BH22 9AA,Terraced,Established,Freehold,107,,RINGWOOD ROAD,FERNDOWN,FERNDOWN,EAST DORSET,DORSET,Standard,Addition,50.7787530000,-1.9092030000
42000,1996-09-11 00:00:00Z,BH10 7LQ,Flats/Maisonettes,Established,Leasehold,12,FLAT 1,MILLHAMS ROAD,BOURNEMOUTH,BOURNEMOUTH,BOURNEMOUTH,BOURNEMOUTH,Standard,Addition,50.7700510000,-1.9018590000
165000,1996-10-23 00:00:00Z,BH22 9AN,Detached,Established,Freehold,12,,RINGWOOD ROAD,FERNDOWN,FERNDOWN,EAST DORSET,DORSET,Standard,Addition,50.7776810000,-1.9079910000
46500,1996-12-12 00:00:00Z,BH11 9BS,Semi-Detached,Established,Freehold,19,,ROOSEVELT CRESCENT,BOURNEMOUTH,BOURNEMOUTH,BOURNEMOUTH,BOURNEMOUTH,Standard,Addition,50.7703590000,-1.9051350000
49000,1996-04-29 00:00:00Z,BH10 7LJ,Semi-Detached,Established,Freehold,57,,MILLHAMS ROAD,BOURNEMOUTH,BOURNEMOUTH,BOURNEMOUTH,BOURNEMOUTH,Standard,Addition,50.7714910000,-1.9032600000
89950,1997-01-03 00:00:00Z,BH10 7LP,Detached,Established,Freehold,2,,MILLHAMS DRIVE,BOURNEMOUTH,BOURNEMOUTH,BOURNEMOUTH,BOURNEMOUTH,Standard,Addition,50.7718420000,-1.9036430000
68000,1997-09-25 00:00:00Z,BH22 9AA,Terraced,Established,Freehold,107,,RINGWOOD ROAD,FERNDOWN,FERNDOWN,EAST DORSET,DORSET,Standard,Addition,50.7787530000,-1.9092030000
110220,1997-11-17 00:00:00Z,BH10 7LF,Semi-Detached,Established,Freehold,"KINSON MANOR FARM COTTAGE, 102",102,MANOR FARM ROAD,BOURNEMOUTH,BOURNEMOUTH,BOURNEMOUTH,BOURNEMOUTH,Standard,Addition,50.7722530000,-1.9011170000
58500,1997-09-22 00:00:00Z,BH11 9BT,Semi-Detached,Established,Freehold,3,,BERRANS AVENUE,BOURNEMOUTH,BOURNEMOUTH,BOURNEMOUTH,BOURNEMOUTH,Standard,Addition,50.7701370000,-1.9080420000
59950,1997-10-24 00:00:00Z,BH11 9BS,Semi-Detached,Established,Freehold,14,,ROOSEVELT CRESCENT,BOURNEMOUTH,BOURNEMOUTH,BOURNEMOUTH,BOURNEMOUTH,Standard,Addition,50.7703590000,-1.9051350000
84500,1997-07-01 00:00:00Z,BH10 7LW,Detached,Established,Freehold,2,,MILLHAMS CLOSE,BOURNEMOUTH,BOURNEMOUTH,BOURNEMOUTH,BOURNEMOUTH,Standard,Addition,50.7710510000,-1.9046230000
60000,1997-01-27 00:00:00Z,BH10 7LW,Detached,Established,Freehold,2,,MILLHAMS CLOSE,BOURNEMOUTH,BOURNEMOUTH,BOURNEMOUTH,BOURNEMOUTH,Standard,Addition,50.7710510000,-1.9046230000
55000,1998-08-10 00:00:00Z,BH11 9BP,Flats/Maisonettes,Established,Leasehold,11B,,TRUMAN ROAD,BOURNEMOUTH,BOURNEMOUTH,BOURNEMOUTH,BOURNEMOUTH,Standard,Addition,50.7707090000,-1.9039990000
140000,1998-04-03 00:00:00Z,BH22 9AA,Detached,Established,Freehold,55,,RINGWOOD ROAD,FERNDOWN,FERNDOWN,EAST DORSET,DORSET,Standard,Addition,50.7787530000,-1.9092030000
67000,1998-09-18 00:00:00Z,BH11 9BT,Semi-Detached,Established,Freehold,22,,BERRANS AVENUE,BOURNEMOUTH,BOURNEMOUTH,BOURNEMOUTH,BOURNEMOUTH,Standard,Addition,50.7701370000,-1.9080420000
68000,1998-04-02 00:00:00Z,BH11 9BS,Semi-Detached,Established,Freehold,15,,ROOSEVELT CRESCENT,BOURNEMOUTH,BOURNEMOUTH,BOURNEMOUTH,BOURNEMOUTH,Standard,Addition,50.7703590000,-1.9051350000
147500,1998-11-04 00:00:00Z,BH22 9AA,Detached,Established,Freehold,17,,RINGWOOD ROAD,FERNDOWN,FERNDOWN,EAST DORSET,DORSET,Standard,Addition,50.7787530000,-1.9092030000
87000,1998-09-30 00:00:00Z,BH10 7LF,Semi-Detached,Established,Freehold,2,,PELHAMS COTTAGES,BOURNEMOUTH,BOURNEMOUTH,BOURNEMOUTH,BOURNEMOUTH,Standard,Addition,50.7722530000,-1.9011170000
66950,1998-08-28 00:00:00Z,BH11 9BS,Semi-Detached,Established,Freehold,39,,ROOSEVELT CRESCENT,BOURNEMOUTH,BOURNEMOUTH,BOURNEMOUTH,BOURNEMOUTH,Standard,Addition,50.7703590000,-1.9051350000
66750,1998-03-31 00:00:00Z,BH10 7LJ,Semi-Detached,Established,Freehold,57,,MILLHAMS ROAD,BOURNEMOUTH,BOURNEMOUTH,BOURNEMOUTH,BOURNEMOUTH,Standard,Addition,50.7714910000,-1.9032600000
67500,1998-09-25 00:00:00Z,BH11 9BS,Semi-Detached,Established,Freehold,12,,ROOSEVELT CRESCENT,BOURNEMOUTH,BOURNEMOUTH,BOURNEMOUTH,BOURNEMOUTH,Standard,Addition,50.7703590000,-1.9051350000
99950,1998-10-16 00:00:00Z,BH10 7LW,Detached,Established,Freehold,3,,MILLHAMS CLOSE,BOURNEMOUTH,BOURNEMOUTH,BOURNEMOUTH,BOURNEMOUTH,Standard,Addition,50.7710510000,-1.9046230000
150000,1999-11-26 00:00:00Z,BH10 7LP,Detached,Established,Freehold,2,,MILLHAMS DRIVE,,BOURNEMOUTH,BOURNEMOUTH,BOURNEMOUTH,Standard,Addition,50.7718420000,-1.9036430000
229500,1999-12-17 00:00:00Z,BH22 9AA,Detached,Established,Freehold,43,,RINGWOOD ROAD,,FERNDOWN,EAST DORSET,DORSET,Standard,Addition,50.7787530000,-1.9092030000
136500,1999-12-09 00:00:00Z,BH22 9AA,Detached,Established,Freehold,101,,RINGWOOD ROAD,,FERNDOWN,EAST DORSET,DORSET,Standard,Addition,50.7787530000,-1.9092030000
72000,1999-08-05 00:00:00Z,BH11 9BS,Semi-Detached,Established,Freehold,5,,ROOSEVELT CRESCENT,,BOURNEMOUTH,BOURNEMOUTH,BOURNEMOUTH,Standard,Addition,50.7703590000,-1.9051350000
41800,1999-05-07 00:00:00Z,BH11 9BS,Semi-Detached,Established,Freehold,9,,ROOSEVELT CRESCENT,,BOURNEMOUTH,BOURNEMOUTH,BOURNEMOUTH,Standard,Addition,50.7703590000,-1.9051350000
69000,1999-02-26 00:00:00Z,BH10 7LJ,Terraced,Established,Freehold,59,,MILLHAMS ROAD,,BOURNEMOUTH,BOURNEMOUTH,BOURNEMOUTH,Standard,Addition,50.7714910000,-1.9032600000
96000,1999-04-30 00:00:00Z,BH22 9AA,Detached,Established,Freehold,23,,RINGWOOD ROAD,,FERNDOWN,BOURNEMOUTH,BOURNEMOUTH,Standard,Addition,50.7787530000,-1.9092030000
118950,2000-06-12 00:00:00Z,BH22 9AA,Semi-Detached,Established,Freehold,91,,RINGWOOD ROAD,,FERNDOWN,EAST DORSET,DORSET,Standard,Addition,50.7787530000,-1.9092030000
76000,2000-05-16 00:00:00Z,BH11 9BP,Flats/Maisonettes,Established,Freehold,11B,,TRUMAN ROAD,,BOURNEMOUTH,BOURNEMOUTH,BOURNEMOUTH,Standard,Addition,50.7707090000,-1.9039990000
101000,2000-12-01 00:00:00Z,BH22 9AA,Terraced,Established,Freehold,83,,RINGWOOD ROAD,,FERNDOWN,EAST DORSET,DORSET,Standard,Addition,50.7787530000,-1.9092030000
124500,2000-03-24 00:00:00Z,BH22 9AA,Detached,Established,Freehold,23,,RINGWOOD ROAD,,FERNDOWN,BOURNEMOUTH,BOURNEMOUTH,Standard,Addition,50.7787530000,-1.9092030000
360000,2000-09-18 00:00:00Z,BH22 9AN,Detached,Established,Freehold,"AMTEC HOUSE, 10",,RINGWOOD ROAD,,FERNDOWN,EAST DORSET,DORSET,Standard,Addition,50.7776810000,-1.9079910000
74500,2000-04-13 00:00:00Z,BH11 9BT,Semi-Detached,Established,Freehold,27,,BERRANS AVENUE,,BOURNEMOUTH,BOURNEMOUTH,BOURNEMOUTH,Standard,Addition,50.7701370000,-1.9080420000
75500,2000-02-28 00:00:00Z,BH11 9BT,Semi-Detached,Established,Freehold,48,,BERRANS AVENUE,,BOURNEMOUTH,BOURNEMOUTH,BOURNEMOUTH,Standard,Addition,50.7701370000,-1.9080420000
130000,2000-07-06 00:00:00Z,BH10 7LW,Detached,Established,Freehold,2,,MILLHAMS CLOSE,,BOURNEMOUTH,BOURNEMOUTH,BOURNEMOUTH,Standard,Addition,50.7710510000,-1.9046230000
210000,2000-05-26 00:00:00Z,BH22 9AN,Detached,Established,Freehold,12,,RINGWOOD ROAD,,FERNDOWN,EAST DORSET,DORSET,Standard,Addition,50.7776810000,-1.9079910000
76000,2001-11-08 00:00:00Z,BH10 7LJ,Detached,Established,Freehold,61,,MILLHAMS ROAD,BOURNEMOUTH,BOURNEMOUTH,BOURNEMOUTH,BOURNEMOUTH,Standard,Addition,50.7714910000,-1.9032600000
114950,2001-11-16 00:00:00Z,BH11 9BT,Semi-Detached,Established,Freehold,33,,BERRANS AVENUE,BOURNEMOUTH,BOURNEMOUTH,BOURNEMOUTH,BOURNEMOUTH,Standard,Addition,50.7701370000,-1.9080420000
200000,2001-05-04 00:00:00Z,BH22 9AN,Semi-Detached,Established,Freehold,26,,RINGWOOD ROAD,FERNDOWN,FERNDOWN,EAST DORSET,DORSET,Standard,Addition,50.7776810000,-1.9079910000
66000,2001-01-31 00:00:00Z,BH11 9BT,Semi-Detached,Established,Freehold,49,,BERRANS AVENUE,BOURNEMOUTH,BOURNEMOUTH,BOURNEMOUTH,BOURNEMOUTH,Standard,Addition,50.7701370000,-1.9080420000
230000,2001-11-21 00:00:00Z,BH22 9AA,Detached,Established,Freehold,99,,RINGWOOD ROAD,FERNDOWN,FERNDOWN,EAST DORSET,DORSET,Standard,Addition,50.7787530000,-1.9092030000
34287,2001-09-12 00:00:00Z,BH11 9BS,Semi-Detached,Established,Freehold,12,,ROOSEVELT CRESCENT,BOURNEMOUTH,BOURNEMOUTH,BOURNEMOUTH,BOURNEMOUTH,Standard,Addition,50.7703590000,-1.9051350000
64000,2001-10-01 00:00:00Z,BH10 7LQ,Flats/Maisonettes,Established,Leasehold,12,FLAT 1,MILLHAMS ROAD,BOURNEMOUTH,BOURNEMOUTH,BOURNEMOUTH,BOURNEMOUTH,Standard,Addition,50.7700510000,-1.9018590000
83500,2001-07-26 00:00:00Z,BH11 9BT,Semi-Detached,Established,Freehold,47,,BERRANS AVENUE,BOURNEMOUTH,BOURNEMOUTH,BOURNEMOUTH,BOURNEMOUTH,Standard,Addition,50.7701370000,-1.9080420000
295000,2001-01-29 00:00:00Z,BH22 9AN,Detached,Established,Freehold,12,,RINGWOOD ROAD,FERNDOWN,FERNDOWN,EAST DORSET,DORSET,Standard,Addition,50.7776810000,-1.9079910000
86000,2001-06-15 00:00:00Z,BH11 9BT,Semi-Detached,Established,Freehold,49,,BERRANS AVENUE,BOURNEMOUTH,BOURNEMOUTH,BOURNEMOUTH,BOURNEMOUTH,Standard,Addition,50.7701370000,-1.9080420000
290000,2001-04-12 00:00:00Z,BH22 9AN,Detached,Established,Freehold,14,,RINGWOOD ROAD,FERNDOWN,FERNDOWN,EAST DORSET,DORSET,Standard,Addition,50.7776810000,-1.9079910000
34000,2002-02-22 00:00:00Z,BH10 7LJ,Detached,Established,Freehold,63,,MILLHAMS ROAD,BOURNEMOUTH,BOURNEMOUTH,BOURNEMOUTH,BOURNEMOUTH,Standard,Addition,50.7714910000,-1.9032600000
202350,2002-09-04 00:00:00Z,BH10 7LL,Detached,Established,Freehold,30,,MILLHAMS ROAD,BOURNEMOUTH,BOURNEMOUTH,BOURNEMOUTH,BOURNEMOUTH,Standard,Addition,50.7708610000,-1.9029780000
118000,2002-05-31 00:00:00Z,BH22 9AA,Terraced,Established,Freehold,83,,RINGWOOD ROAD,FERNDOWN,FERNDOWN,EAST DORSET,DORSET,Standard,Addition,50.7787530000,-1.9092030000
44000,2002-11-19 00:00:00Z,BH11 9BT,Semi-Detached,Established,Freehold,41,,BERRANS AVENUE,BOURNEMOUTH,BOURNEMOUTH,BOURNEMOUTH,BOURNEMOUTH,Standard,Addition,50.7701370000,-1.9080420000
184950,2003-09-08 00:00:00Z,BH22 9AA,Semi-Detached,Established,Freehold,97,,RINGWOOD ROAD,FERNDOWN,FERNDOWN,EAST DORSET,DORSET,Standard,Addition,50.7787530000,-1.9092030000
120000,2003-10-31 00:00:00Z,BH11 9BP,Flats/Maisonettes,Established,Leasehold,11A,,TRUMAN ROAD,BOURNEMOUTH,BOURNEMOUTH,BOURNEMOUTH,BOURNEMOUTH,Standard,Addition,50.7707090000,-1.9039990000
162500,2003-04-01 00:00:00Z,BH10 7LJ,Terraced,Established,Freehold,67,,MILLHAMS ROAD,BOURNEMOUTH,BOURNEMOUTH,BOURNEMOUTH,BOURNEMOUTH,Standard,Addition,50.7714910000,-1.9032600000
180000,2003-11-18 00:00:00Z,BH10 7LW,Detached,Established,Freehold,7,,MILLHAMS CLOSE,BOURNEMOUTH,BOURNEMOUTH,BOURNEMOUTH,BOURNEMOUTH,Standard,Addition,50.7710510000,-1.9046230000
222000,2003-09-19 00:00:00Z,BH10 7LJ,Terraced,Established,Freehold,67,,MILLHAMS ROAD,BOURNEMOUTH,BOURNEMOUTH,BOURNEMOUTH,BOURNEMOUTH,Standard,Addition,50.7714910000,-1.9032600000
124995,2003-03-14 00:00:00Z,BH10 7LJ,Semi-Detached,Established,Freehold,57,,MILLHAMS ROAD,BOURNEMOUTH,BOURNEMOUTH,BOURNEMOUTH,BOURNEMOUTH,Standard,Addition,50.7714910000,-1.9032600000
145000,2003-11-14 00:00:00Z,BH11 9BT,Semi-Detached,Established,Freehold,30,,BERRANS AVENUE,BOURNEMOUTH,BOURNEMOUTH,BOURNEMOUTH,BOURNEMOUTH,Standard,Addition,50.7701370000,-1.9080420000
70000,2003-07-14 00:00:00Z,BH11 9BT,Semi-Detached,Established,Freehold,35,,BERRANS AVENUE,BOURNEMOUTH,BOURNEMOUTH,BOURNEMOUTH,BOURNEMOUTH,Standard,Addition,50.7701370000,-1.9080420000
245000,2004-12-10 00:00:00Z,BH10 7LN,Detached,Established,Freehold,42,,MILLHAMS ROAD,BOURNEMOUTH,BOURNEMOUTH,BOURNEMOUTH,BOURNEMOUTH,Standard,Addition,50.7711950000,-1.9038570000
150000,2004-04-23 00:00:00Z,BH11 9BT,Semi-Detached,Established,Freehold,41,,BERRANS AVENUE,BOURNEMOUTH,BOURNEMOUTH,BOURNEMOUTH,BOURNEMOUTH,Standard,Addition,50.7701370000,-1.9080420000
70000,2004-01-26 00:00:00Z,BH11 9BS,Detached,Established,Freehold,23,,ROOSEVELT CRESCENT,BOURNEMOUTH,BOURNEMOUTH,BOURNEMOUTH,BOURNEMOUTH,Standard,Addition,50.7703590000,-1.9051350000
160000,2004-06-11 00:00:00Z,BH11 9BS,Semi-Detached,Established,Freehold,9,,ROOSEVELT CRESCENT,BOURNEMOUTH,BOURNEMOUTH,BOURNEMOUTH,BOURNEMOUTH,Standard,Addition,50.7703590000,-1.9051350000
299000,2004-03-09 00:00:00Z,BH10 7LJ,Detached,Established,Freehold,55,,MILLHAMS ROAD,BOURNEMOUTH,BOURNEMOUTH,BOURNEMOUTH,BOURNEMOUTH,Standard,Addition,50.7714910000,-1.9032600000
158000,2005-08-05 00:00:00Z,BH10 7LJ,Detached,Established,Freehold,63,,MILLHAMS ROAD,BOURNEMOUTH,BOURNEMOUTH,BOURNEMOUTH,BOURNEMOUTH,Standard,Addition,50.7714910000,-1.9032600000
162000,2005-01-31 00:00:00Z,BH11 9BT,Semi-Detached,Established,Freehold,35,,BERRANS AVENUE,BOURNEMOUTH,BOURNEMOUTH,BOURNEMOUTH,BOURNEMOUTH,Standard,Addition,50.7701370000,-1.9080420000
169000,2005-11-25 00:00:00Z,BH11 9BS,Semi-Detached,Established,Freehold,13,,ROOSEVELT CRESCENT,BOURNEMOUTH,BOURNEMOUTH,BOURNEMOUTH,BOURNEMOUTH,Standard,Addition,50.7703590000,-1.9051350000
135000,2005-06-24 00:00:00Z,BH10 7LQ,Semi-Detached,Established,Freehold,19,,MILLHAMS ROAD,BOURNEMOUTH,BOURNEMOUTH,BOURNEMOUTH,BOURNEMOUTH,Standard,Addition,50.7700510000,-1.9018590000
171500,2005-04-22 00:00:00Z,BH11 9BT,Semi-Detached,Established,Freehold,33,,BERRANS AVENUE,BOURNEMOUTH,BOURNEMOUTH,BOURNEMOUTH,BOURNEMOUTH,Standard,Addition,50.7701370000,-1.9080420000
210000,2005-01-18 00:00:00Z,BH11 9BP,Detached,Established,Freehold,15,,TRUMAN ROAD,BOURNEMOUTH,BOURNEMOUTH,BOURNEMOUTH,BOURNEMOUTH,Standard,Addition,50.7707090000,-1.9039990000
155000,2005-10-28 00:00:00Z,BH11 9BP,Semi-Detached,Established,Freehold,22,,TRUMAN ROAD,BOURNEMOUTH,BOURNEMOUTH,BOURNEMOUTH,BOURNEMOUTH,Standard,Addition,50.7707090000,-1.9039990000
235000,2005-02-14 00:00:00Z,BH10 7LP,Detached,Established,Freehold,6,,MILLHAMS DRIVE,BOURNEMOUTH,BOURNEMOUTH,BOURNEMOUTH,BOURNEMOUTH,Standard,Addition,50.7718420000,-1.9036430000
183000,2006-08-24 00:00:00Z,BH10 7LW,Detached,Established,Freehold,5,,MILLHAMS CLOSE,BOURNEMOUTH,BOURNEMOUTH,BOURNEMOUTH,BOURNEMOUTH,Standard,Addition,50.7710510000,-1.9046230000
199950,2006-12-15 00:00:00Z,BH11 9BT,Semi-Detached,Established,Freehold,21,,BERRANS AVENUE,BOURNEMOUTH,BOURNEMOUTH,BOURNEMOUTH,BOURNEMOUTH,Standard,Addition,50.7701370000,-1.9080420000
140000,2006-04-03 00:00:00Z,BH22 9AA,Terraced,Established,Freehold,103,,RINGWOOD ROAD,FERNDOWN,FERNDOWN,EAST DORSET,DORSET,Standard,Addition,50.7787530000,-1.9092030000
192000,2006-08-04 00:00:00Z,BH22 9AA,Terraced,Established,Freehold,83,,RINGWOOD ROAD,FERNDOWN,FERNDOWN,EAST DORSET,DORSET,Standard,Addition,50.7787530000,-1.9092030000
227000,2006-08-18 00:00:00Z,BH11 9BP,Detached,Established,Freehold,15,,TRUMAN ROAD,BOURNEMOUTH,BOURNEMOUTH,BOURNEMOUTH,BOURNEMOUTH,Standard,Addition,50.7707090000,-1.9039990000
185000,2006-08-01 00:00:00Z,BH10 7LW,Detached,Established,Freehold,6,,MILLHAMS CLOSE,BOURNEMOUTH,BOURNEMOUTH,BOURNEMOUTH,BOURNEMOUTH,Standard,Addition,50.7710510000,-1.9046230000
164000,2006-10-05 00:00:00Z,BH10 7LJ,Semi-Detached,Established,Freehold,57,,MILLHAMS ROAD,BOURNEMOUTH,BOURNEMOUTH,BOURNEMOUTH,BOURNEMOUTH,Standard,Addition,50.7714910000,-1.9032600000
152000,2006-01-30 00:00:00Z,BH11 9BS,Semi-Detached,Established,Freehold,8,,ROOSEVELT CRESCENT,BOURNEMOUTH,BOURNEMOUTH,BOURNEMOUTH,BOURNEMOUTH,Standard,Addition,50.7703590000,-1.9051350000
190000,2006-11-30 00:00:00Z,BH10 7LQ,Semi-Detached,Established,Freehold,21,,MILLHAMS ROAD,BOURNEMOUTH,BOURNEMOUTH,BOURNEMOUTH,BOURNEMOUTH,Standard,Addition,50.7700510000,-1.9018590000
300000,2006-06-16 00:00:00Z,BH10 7LP,Detached,Established,Freehold,8,,MILLHAMS DRIVE,BOURNEMOUTH,BOURNEMOUTH,BOURNEMOUTH,BOURNEMOUTH,Standard,Addition,50.7718420000,-1.9036430000
172000,2006-06-30 00:00:00Z,BH11 9BT,Semi-Detached,Established,Freehold,3,,BERRANS AVENUE,BOURNEMOUTH,BOURNEMOUTH,BOURNEMOUTH,BOURNEMOUTH,Standard,Addition,50.7701370000,-1.9080420000
380000,2007-04-05 00:00:00Z,BH10 7LJ,Detached,Established,Freehold,55,,MILLHAMS ROAD,BOURNEMOUTH,BOURNEMOUTH,BOURNEMOUTH,BOURNEMOUTH,Standard,Addition,50.7714910000,-1.9032600000
195000,2007-12-07 00:00:00Z,BH11 9BT,Semi-Detached,Established,Freehold,18,,BERRANS AVENUE,BOURNEMOUTH,BOURNEMOUTH,BOURNEMOUTH,BOURNEMOUTH,Standard,Addition,50.7701370000,-1.9080420000
180000,2007-06-08 00:00:00Z,BH11 9BS,Semi-Detached,Established,Freehold,31,,ROOSEVELT CRESCENT,BOURNEMOUTH,BOURNEMOUTH,BOURNEMOUTH,BOURNEMOUTH,Standard,Addition,50.7703590000,-1.9051350000
330000,2007-11-26 00:00:00Z,BH22 9AA,Detached,Established,Freehold,55,,RINGWOOD ROAD,FERNDOWN,FERNDOWN,EAST DORSET,DORSET,Standard,Addition,50.7787530000,-1.9092030000
184950,2007-02-05 00:00:00Z,BH11 9BT,Semi-Detached,Established,Freehold,27,,BERRANS AVENUE,BOURNEMOUTH,BOURNEMOUTH,BOURNEMOUTH,BOURNEMOUTH,Standard,Addition,50.7701370000,-1.9080420000
240000,2007-10-19 00:00:00Z,BH10 7LQ,Semi-Detached,Established,Freehold,21,,MILLHAMS ROAD,BOURNEMOUTH,BOURNEMOUTH,BOURNEMOUTH,BOURNEMOUTH,Standard,Addition,50.7700510000,-1.9018590000
175000,2007-09-06 00:00:00Z,BH11 9BT,Semi-Detached,Established,Freehold,30,,BERRANS AVENUE,BOURNEMOUTH,BOURNEMOUTH,BOURNEMOUTH,BOURNEMOUTH,Standard,Addition,50.7701370000,-1.9080420000
230000,2007-02-09 00:00:00Z,BH10 7LW,Detached,Established,Freehold,6,,MILLHAMS CLOSE,BOURNEMOUTH,BOURNEMOUTH,BOURNEMOUTH,BOURNEMOUTH,Standard,Addition,50.7710510000,-1.9046230000
179950,2007-11-23 00:00:00Z,BH11 9BT,Semi-Detached,Established,Freehold,15,,BERRANS AVENUE,BOURNEMOUTH,BOURNEMOUTH,BOURNEMOUTH,BOURNEMOUTH,Standard,Addition,50.7701370000,-1.9080420000
200000,2008-01-24 00:00:00Z,BH10 7LJ,Detached,Established,Freehold,67,,MILLHAMS ROAD,BOURNEMOUTH,BOURNEMOUTH,BOURNEMOUTH,BOURNEMOUTH,Standard,Addition,50.7714910000,-1.9032600000
340000,2008-02-07 00:00:00Z,BH10 7LN,Detached,Established,Freehold,42,,MILLHAMS ROAD,BOURNEMOUTH,BOURNEMOUTH,BOURNEMOUTH,BOURNEMOUTH,Standard,Addition,50.7711950000,-1.9038570000
335000,2008-03-19 00:00:00Z,BH10 7LP,Detached,Established,Freehold,6,,MILLHAMS DRIVE,BOURNEMOUTH,BOURNEMOUTH,BOURNEMOUTH,BOURNEMOUTH,Standard,Addition,50.7718420000,-1.9036430000
412500,2009-08-07 00:00:00Z,BH22 9AN,Detached,Established,Freehold,12,,RINGWOOD ROAD,,FERNDOWN,EAST DORSET,DORSET,Standard,Addition,50.7776810000,-1.9079910000
155000,2009-08-06 00:00:00Z,BH11 9BT,Semi-Detached,Established,Freehold,12,,BERRANS AVENUE,,BOURNEMOUTH,BOURNEMOUTH,BOURNEMOUTH,Standard,Addition,50.7701370000,-1.9080420000
215000,2009-07-27 00:00:00Z,BH10 7LW,Detached,Established,Freehold,6,,MILLHAMS CLOSE,,BOURNEMOUTH,BOURNEMOUTH,BOURNEMOUTH,Standard,Addition,50.7710510000,-1.9046230000
149000,2009-08-21 00:00:00Z,BH11 9BT,Semi-Detached,Established,Freehold,4,,BERRANS AVENUE,,BOURNEMOUTH,BOURNEMOUTH,BOURNEMOUTH,Standard,Addition,50.7701370000,-1.9080420000
300000,2010-01-20 00:00:00Z,BH22 9AN,Semi-Detached,Established,Freehold,26,,RINGWOOD ROAD,,FERNDOWN,EAST DORSET,DORSET,Standard,Addition,50.7776810000,-1.9079910000
234000,2010-04-14 00:00:00Z,BH22 9AN,Semi-Detached,Established,Freehold,24,,RINGWOOD ROAD,,FERNDOWN,EAST DORSET,DORSET,Standard,Addition,50.7776810000,-1.9079910000
142000,2010-04-23 00:00:00Z,BH10 7LQ,Flats/Maisonettes,Established,Leasehold,12,FLAT 1,MILLHAMS ROAD,,BOURNEMOUTH,BOURNEMOUTH,BOURNEMOUTH,Standard,Addition,50.7700510000,-1.9018590000
220000,2010-10-08 00:00:00Z,BH10 7LJ,Detached,Established,Freehold,65A,,MILLHAMS ROAD,KINSON,BOURNEMOUTH,BOURNEMOUTH,BOURNEMOUTH,Standard,Addition,50.7714910000,-1.9032600000
217000,2010-11-25 00:00:00Z,BH10 7LL,Detached,Established,Freehold,22,,MILLHAMS ROAD,KINSON,BOURNEMOUTH,BOURNEMOUTH,BOURNEMOUTH,Standard,Addition,50.7708610000,-1.9029780000
235000,2010-11-12 00:00:00Z,BH10 7LW,Detached,Established,Freehold,4,,MILLHAMS CLOSE,,BOURNEMOUTH,BOURNEMOUTH,BOURNEMOUTH,Standard,Addition,50.7710510000,-1.9046230000
197000,2010-01-06 00:00:00Z,BH10 7LF,Semi-Detached,Established,Freehold,2,,PELHAMS COTTAGES,,BOURNEMOUTH,BOURNEMOUTH,BOURNEMOUTH,Standard,Addition,50.7722530000,-1.9011170000
182666,2011-02-15 00:00:00Z,BH10 7LP,Detached,Established,Freehold,7,,MILLHAMS DRIVE,,BOURNEMOUTH,BOURNEMOUTH,BOURNEMOUTH,Standard,Addition,50.7718420000,-1.9036430000
232000,2011-12-16 00:00:00Z,BH10 7LW,Detached,Established,Freehold,5,,MILLHAMS CLOSE,,BOURNEMOUTH,BOURNEMOUTH,BOURNEMOUTH,Standard,Addition,50.7710510000,-1.9046230000
225000,2011-08-25 00:00:00Z,BH10 7LL,Detached,Established,Freehold,28,,MILLHAMS ROAD,KINSON,BOURNEMOUTH,BOURNEMOUTH,BOURNEMOUTH,Standard,Addition,50.7708610000,-1.9029780000
210000,2012-01-16 00:00:00Z,BH10 7LF,Semi-Detached,Established,Freehold,5,,MANOR FARM ROAD,,BOURNEMOUTH,BOURNEMOUTH,BOURNEMOUTH,Standard,Addition,50.7722530000,-1.9011170000
167000,2012-02-22 00:00:00Z,BH10 7LJ,Semi-Detached,Established,Freehold,57,,MILLHAMS ROAD,KINSON,BOURNEMOUTH,BOURNEMOUTH,BOURNEMOUTH,Standard,Addition,50.7714910000,-1.9032600000
161000,2012-11-05 00:00:00Z,BH11 9BS,Semi-Detached,Established,Freehold,9,,ROOSEVELT CRESCENT,,BOURNEMOUTH,BOURNEMOUTH,BOURNEMOUTH,Standard,Addition,50.7703590000,-1.9051350000
232500,2012-11-02 00:00:00Z,BH10 7LL,Detached,Established,Freehold,32,,MILLHAMS ROAD,KINSON,BOURNEMOUTH,BOURNEMOUTH,BOURNEMOUTH,Standard,Addition,50.7708610000,-1.9029780000
250000,2012-11-16 00:00:00Z,BH10 7LF,Detached,Established,Freehold,3,,MANOR FARM ROAD,,BOURNEMOUTH,BOURNEMOUTH,BOURNEMOUTH,Standard,Addition,50.7722530000,-1.9011170000
176000,2012-01-05 00:00:00Z,BH11 9BS,Semi-Detached,Established,Freehold,5,,ROOSEVELT CRESCENT,,BOURNEMOUTH,BOURNEMOUTH,BOURNEMOUTH,Standard,Addition,50.7703590000,-1.9051350000
236000,2012-11-08 00:00:00Z,BH22 9AA,Semi-Detached,Established,Freehold,87,,RINGWOOD ROAD,,FERNDOWN,EAST DORSET,DORSET,Standard,Addition,50.7787530000,-1.9092030000
195000,2013-10-04 00:00:00Z,BH22 9AA,Semi-Detached,Established,Freehold,91,,RINGWOOD ROAD,,FERNDOWN,EAST DORSET,DORSET,Standard,Addition,50.7787530000,-1.9092030000
163500,2013-11-15 00:00:00Z,BH11 9BS,Semi-Detached,Established,Freehold,8,,ROOSEVELT CRESCENT,,BOURNEMOUTH,BOURNEMOUTH,BOURNEMOUTH,Standard,Addition,50.7703590000,-1.9051350000
309500,2013-09-30 00:00:00Z,BH10 7LF,Semi-Detached,Established,Freehold,"KINSON MANOR FARM COTTAGE, 102",102,MANOR FARM ROAD,,BOURNEMOUTH,BOURNEMOUTH,BOURNEMOUTH,Standard,Addition,50.7722530000,-1.9011170000
210000,2013-07-29 00:00:00Z,BH10 7LL,Detached,Established,Freehold,26,,MILLHAMS ROAD,KINSON,BOURNEMOUTH,BOURNEMOUTH,BOURNEMOUTH,Standard,Addition,50.7708610000,-1.9029780000
155000,2013-02-22 00:00:00Z,BH10 7LJ,Terraced,Established,Freehold,59,,MILLHAMS ROAD,KINSON,BOURNEMOUTH,BOURNEMOUTH,BOURNEMOUTH,Standard,Addition,50.7714910000,-1.9032600000
195000,2014-11-19 00:00:00Z,BH11 9BT,Semi-Detached,Established,Freehold,35,,BERRANS AVENUE,,BOURNEMOUTH,BOURNEMOUTH,BOURNEMOUTH,Standard,Addition,50.7701370000,-1.9080420000
184000,2014-09-12 00:00:00Z,BH11 9BS,Semi-Detached,Established,Freehold,35,,ROOSEVELT CRESCENT,,BOURNEMOUTH,BOURNEMOUTH,BOURNEMOUTH,Standard,Addition,50.7703590000,-1.9051350000
160000,2014-03-11 00:00:00Z,BH10 7LF,Flats/Maisonettes,Established,Leasehold,"FAIRVIEW, 11",FLAT 2,MANOR FARM ROAD,,BOURNEMOUTH,BOURNEMOUTH,BOURNEMOUTH,Standard,Addition,50.7722530000,-1.9011170000
217000,2014-04-23 00:00:00Z,BH22 9AA,Semi-Detached,Established,Freehold,97,,RINGWOOD ROAD,,FERNDOWN,EAST DORSET,DORSET,Standard,Addition,50.7787530000,-1.9092030000
180000,2014-04-17 00:00:00Z,BH11 9BT,Semi-Detached,Established,Freehold,49,,BERRANS AVENUE,,BOURNEMOUTH,BOURNEMOUTH,BOURNEMOUTH,Standard,Addition,50.7701370000,-1.9080420000
249999,2014-09-12 00:00:00Z,BH10 7LF,Semi-Detached,Established,Freehold,103,,MANOR FARM ROAD,,BOURNEMOUTH,BOURNEMOUTH,BOURNEMOUTH,Standard,Addition,50.7722530000,-1.9011170000
155000,2015-06-26 00:00:00Z,BH11 9BT,Terraced,Established,Freehold,45,,BERRANS AVENUE,,BOURNEMOUTH,BOURNEMOUTH,BOURNEMOUTH,Additional,Addition,50.7701370000,-1.9080420000
307500,2015-06-19 00:00:00Z,BH22 9AA,Detached,Established,Freehold,57,,RINGWOOD ROAD,,FERNDOWN,EAST DORSET,DORSET,Standard,Addition,50.7787530000,-1.9092030000
574950,2015-06-12 00:00:00Z,BH22 9AA,Detached,Established,Freehold,23,,RINGWOOD ROAD,,FERNDOWN,EAST DORSET,DORSET,Standard,Addition,50.7787530000,-1.9092030000
265000,2015-05-11 00:00:00Z,BH10 7LW,Detached,Established,Freehold,3,,MILLHAMS CLOSE,,BOURNEMOUTH,BOURNEMOUTH,BOURNEMOUTH,Standard,Addition,50.7710510000,-1.9046230000
230000,2016-10-28 00:00:00Z,BH11 9BS,Semi-Detached,Established,Freehold,29,,ROOSEVELT CRESCENT,,BOURNEMOUTH,BOURNEMOUTH,BOURNEMOUTH,Standard,Addition,50.7703590000,-1.9051350000
215000,2016-07-25 00:00:00Z,BH22 9AA,Terraced,Established,Freehold,103,,RINGWOOD ROAD,,FERNDOWN,EAST DORSET,DORSET,Standard,Addition,50.7787530000,-1.9092030000
195000,2016-01-08 00:00:00Z,BH22 9AA,Terraced,Established,Freehold,79,,RINGWOOD ROAD,,FERNDOWN,EAST DORSET,DORSET,Standard,Addition,50.7787530000,-1.9092030000
342500,2017-11-24 00:00:00Z,BH11 9BP,Detached,Established,Freehold,15,,TRUMAN ROAD,,BOURNEMOUTH,BOURNEMOUTH,BOURNEMOUTH,Standard,Addition,50.7707090000,-1.9039990000
255000,2017-08-02 00:00:00Z,BH11 9BS,Semi-Detached,Established,Freehold,19,,ROOSEVELT CRESCENT,,BOURNEMOUTH,BOURNEMOUTH,BOURNEMOUTH,Standard,Addition,50.7703590000,-1.9051350000
330000,2017-07-07 00:00:00Z,BH10 7LN,Detached,Established,Freehold,36,,MILLHAMS ROAD,KINSON,BOURNEMOUTH,BOURNEMOUTH,BOURNEMOUTH,Standard,Addition,50.7711950000,-1.9038570000
367500,2017-11-17 00:00:00Z,BH10 7LF,Detached,Established,Freehold,3,,MANOR FARM ROAD,,BOURNEMOUTH,BOURNEMOUTH,BOURNEMOUTH,Standard,Addition,50.7722530000,-1.9011170000
600000,2017-07-04 00:00:00Z,BH22 9AN,Other,Established,Freehold,"AMTEC HOUSE, 10",,RINGWOOD ROAD,,FERNDOWN,EAST DORSET,DORSET,Additional,Addition,50.7776810000,-1.9079910000
300000,2017-07-04 00:00:00Z,BH22 9AN,Other,Established,Freehold,"AMTEC HOUSE, 10",,RINGWOOD ROAD,,FERNDOWN,EAST DORSET,DORSET,Additional,Addition,50.7776810000,-1.9079910000
1000,2018-07-16 00:00:00Z,BH11 9BT,Other,Established,Freehold,13,,BERRANS AVENUE,,BOURNEMOUTH,BOURNEMOUTH,BOURNEMOUTH,Additional,Addition,50.7701370000,-1.9080420000
385000,2018-10-01 00:00:00Z,BH22 9AN,Detached,Established,Freehold,16,,RINGWOOD ROAD,,FERNDOWN,EAST DORSET,DORSET,Additional,Addition,50.7776810000,-1.9079910000
143000,2018-11-21 00:00:00Z,BH10 7LQ,Flats/Maisonettes,Established,Leasehold,12,FLAT 2,MILLHAMS ROAD,KINSON,BOURNEMOUTH,"BOURNEMOUTH, CHRISTCHURCH AND POOLE","BOURNEMOUTH, CHRISTCHURCH AND POOLE",Standard,Addition,50.7700510000,-1.9018590000
507000,2018-11-02 00:00:00Z,BH10 7LF,Other,Established,Freehold,KINSON MANOR FARM STABLES,,MANOR FARM ROAD,,BOURNEMOUTH,"BOURNEMOUTH, CHRISTCHURCH AND POOLE","BOURNEMOUTH, CHRISTCHURCH AND POOLE",Additional,Addition,50.7722530000,-1.9011170000
471000,2018-11-23 00:00:00Z,BH10 7LP,Detached,Established,Freehold,3,,MILLHAMS DRIVE,,BOURNEMOUTH,BOURNEMOUTH,BOURNEMOUTH,Standard,Addition,50.7718420000,-1.9036430000
674000,2018-05-25 00:00:00Z,BH22 9AN,Detached,Established,Freehold,14,,RINGWOOD ROAD,,FERNDOWN,EAST DORSET,DORSET,Standard,Addition,50.7776810000,-1.9079910000
330000,2018-02-19 00:00:00Z,BH10 7LL,Detached,Established,Freehold,30,,MILLHAMS ROAD,KINSON,BOURNEMOUTH,BOURNEMOUTH,BOURNEMOUTH,Standard,Addition,50.7708610000,-1.9029780000
331500,2018-02-09 00:00:00Z,BH22 9AA,Detached,Established,Freehold,3,,RINGWOOD ROAD,,FERNDOWN,EAST DORSET,DORSET,Standard,Addition,50.7787530000,-1.9092030000
270000,2019-07-26 00:00:00Z,BH11 9BT,Semi-Detached,Established,Freehold,49,,BERRANS AVENUE,,BOURNEMOUTH,"BOURNEMOUTH, CHRISTCHURCH AND POOLE","BOURNEMOUTH, CHRISTCHURCH AND POOLE",Standard,Addition,50.7701370000,-1.9080420000
465000,2019-01-31 00:00:00Z,BH11 9BP,Detached,Established,Freehold,17B,,TRUMAN ROAD,,BOURNEMOUTH,"BOURNEMOUTH, CHRISTCHURCH AND POOLE","BOURNEMOUTH, CHRISTCHURCH AND POOLE",Additional,Addition,50.7707090000,-1.9039990000
240000,2019-04-05 00:00:00Z,BH11 9BT,Terraced,Established,Freehold,20,,BERRANS AVENUE,,BOURNEMOUTH,"BOURNEMOUTH, CHRISTCHURCH AND POOLE","BOURNEMOUTH, CHRISTCHURCH AND POOLE",Standard,Addition,50.7701370000,-1.9080420000
225000,2019-04-26 00:00:00Z,BH11 9BT,Semi-Detached,Established,Freehold,27,,BERRANS AVENUE,,BOURNEMOUTH,"BOURNEMOUTH, CHRISTCHURCH AND POOLE","BOURNEMOUTH, CHRISTCHURCH AND POOLE",Standard,Addition,50.7701370000,-1.9080420000
238000,2019-10-30 00:00:00Z,BH11 9BT,Semi-Detached,Established,Freehold,5,,BERRANS AVENUE,,BOURNEMOUTH,"BOURNEMOUTH, CHRISTCHURCH AND POOLE","BOURNEMOUTH, CHRISTCHURCH AND POOLE",Standard,Addition,50.7701370000,-1.9080420000
270000,2019-06-24 00:00:00Z,BH22 9AA,Terraced,Established,Freehold,83,,RINGWOOD ROAD,,FERNDOWN,DORSET,DORSET,Standard,Addition,50.7787530000,-1.9092030000
799270,2019-03-14 00:00:00Z,BH22 9AA,Other,Established,Freehold,"THE KINGS ARMS, 77",,RINGWOOD ROAD,,FERNDOWN,DORSET,DORSET,Additional,Addition,50.7787530000,-1.9092030000
265000,2019-12-17 00:00:00Z,BH11 9BP,Flats/Maisonettes,Established,Leasehold,17D,,TRUMAN ROAD,,BOURNEMOUTH,"BOURNEMOUTH, CHRISTCHURCH AND POOLE","BOURNEMOUTH, CHRISTCHURCH AND POOLE",Standard,Addition,50.7707090000,-1.9039990000
385000,2019-05-23 00:00:00Z,BH10 7LW,Detached,Established,Freehold,1,,MILLHAMS CLOSE,,BOURNEMOUTH,"BOURNEMOUTH, CHRISTCHURCH AND POOLE","BOURNEMOUTH, CHRISTCHURCH AND POOLE",Standard,Addition,50.7710510000,-1.9046230000
220000,2019-11-29 00:00:00Z,BH11 9BP,Flats/Maisonettes,Established,Leasehold,17B,,TRUMAN ROAD,,BOURNEMOUTH,"BOURNEMOUTH, CHRISTCHURCH AND POOLE","BOURNEMOUTH, CHRISTCHURCH AND POOLE",Standard,Addition,50.7707090000,-1.9039990000
325000,2020-06-05 00:00:00Z,BH22 9AN,Detached,Established,Freehold,16,,RINGWOOD ROAD,,FERNDOWN,DORSET,DORSET,Standard,Addition,50.7776810000,-1.9079910000
200000,2020-03-31 00:00:00Z,BH11 9BP,Flats/Maisonettes,Established,Leasehold,17C,,TRUMAN ROAD,,BOURNEMOUTH,"BOURNEMOUTH, CHRISTCHURCH AND POOLE","BOURNEMOUTH, CHRISTCHURCH AND POOLE",Standard,Addition,50.7707090000,-1.9039990000
305000,2020-08-05 00:00:00Z,BH10 7LN,Detached,Established,Freehold,40,,MILLHAMS ROAD,KINSON,BOURNEMOUTH,"BOURNEMOUTH, CHRISTCHURCH AND POOLE","BOURNEMOUTH, CHRISTCHURCH AND POOLE",Standard,Addition,50.7711950000,-1.9038570000
275000,2020-01-10 00:00:00Z,BH11 9BP,Terraced,Established,Leasehold,17A,,TRUMAN ROAD,,BOURNEMOUTH,"BOURNEMOUTH, CHRISTCHURCH AND POOLE","BOURNEMOUTH, CHRISTCHURCH AND POOLE",Standard,Addition,50.7707090000,-1.9039990000
360000,2020-01-24 00:00:00Z,BH10 7LL,Detached,Established,Freehold,32,,MILLHAMS ROAD,KINSON,BOURNEMOUTH,"BOURNEMOUTH, CHRISTCHURCH AND POOLE","BOURNEMOUTH, CHRISTCHURCH AND POOLE",Standard,Addition,50.7708610000,-1.9029780000
418000,2021-04-07 00:00:00Z,BH22 9AN,Semi-Detached,Established,Freehold,26,,RINGWOOD ROAD,,FERNDOWN,DORSET,DORSET,Standard,Addition,50.7776810000,-1.9079910000
410000,2021-11-30 00:00:00Z,BH10 7LN,Detached,Established,Freehold,36,,MILLHAMS ROAD,KINSON,BOURNEMOUTH,"BOURNEMOUTH, CHRISTCHURCH AND POOLE","BOURNEMOUTH, CHRISTCHURCH AND POOLE",Standard,Addition,50.7711950000,-1.9038570000
510000,2021-06-04 00:00:00Z,BH22 9AA,Detached,Established,Freehold,19,,RINGWOOD ROAD,,FERNDOWN,DORSET,DORSET,Standard,Addition,50.7787530000,-1.9092030000
340000,2021-01-08 00:00:00Z,BH10 7LJ,Detached,Established,Freehold,69,,MILLHAMS ROAD,KINSON,BOURNEMOUTH,"BOURNEMOUTH, CHRISTCHURCH AND POOLE","BOURNEMOUTH, CHRISTCHURCH AND POOLE",Standard,Addition,50.7714910000,-1.9032600000
340000,2021-12-03 00:00:00Z,BH11 9BS,Semi-Detached,Established,Freehold,39,,ROOSEVELT CRESCENT,,BOURNEMOUTH,"BOURNEMOUTH, CHRISTCHURCH AND POOLE","BOURNEMOUTH, CHRISTCHURCH AND POOLE",Standard,Addition,50.7703590000,-1.9051350000
475000,2021-09-21 00:00:00Z,BH10 7LP,Detached,Established,Freehold,5,,MILLHAMS DRIVE,,BOURNEMOUTH,"BOURNEMOUTH, CHRISTCHURCH AND POOLE","BOURNEMOUTH, CHRISTCHURCH AND POOLE",Standard,Addition,50.7718420000,-1.9036430000
288080,2021-03-05 00:00:00Z,BH11 9BS,Semi-Detached,Established,Freehold,8,,ROOSEVELT CRESCENT,,BOURNEMOUTH,"BOURNEMOUTH, CHRISTCHURCH AND POOLE","BOURNEMOUTH, CHRISTCHURCH AND POOLE",Standard,Addition,50.7703590000,-1.9051350000
294000,2021-08-27 00:00:00Z,BH22 9AA,Terraced,Established,Freehold,103,,RINGWOOD ROAD,,FERNDOWN,DORSET,DORSET,Standard,Addition,50.7787530000,-1.9092030000
380000,2022-02-04 00:00:00Z,BH22 9AA,Semi-Detached,Established,Freehold,97,,RINGWOOD ROAD,,FERNDOWN,DORSET,DORSET,Standard,Addition,50.7787530000,-1.9092030000
