82000,1995-09-20 00:00:00Z,BN3 7LT,Semi-Detached,Established,Freehold,186,,HANGLETON ROAD,HOVE,HOVE,HOVE,EAST SUSSEX,Standard,Addition,50.8445380000,-0.1959200000
82000,1995-07-14 00:00:00Z,BN3 8PQ,Semi-Detached,Established,Freehold,14,,NORTHEASE DRIVE,HOVE,HOVE,HOVE,EAST SUSSEX,Standard,Addition,50.8493070000,-0.1937900000
56000,1995-06-09 00:00:00Z,BN3 7JA,Terraced,Established,Freehold,153,,ELM DRIVE,HOVE,HOVE,HOVE,EAST SUSSEX,Standard,Addition,50.8406940000,-0.1939370000
75500,1995-07-14 00:00:00Z,BN3 8PQ,Semi-Detached,Established,Freehold,22,,NORTHEASE DRIVE,HOVE,HOVE,HOVE,EAST SUSSEX,Standard,Addition,50.8493070000,-0.1937900000
52000,1995-08-18 00:00:00Z,BN3 7JG,Semi-Detached,Established,Freehold,22,,ROWAN AVENUE,HOVE,HOVE,HOVE,EAST SUSSEX,Standard,Addition,50.8409770000,-0.1959430000
57000,1995-02-24 00:00:00Z,BN3 8LN,Semi-Detached,Established,Freehold,33,,GLETON AVENUE,HOVE,HOVE,HOVE,EAST SUSSEX,Standard,Addition,50.8467620000,-0.1984480000
54500,1995-03-31 00:00:00Z,BN3 8LB,Semi-Detached,Established,Freehold,64,,DALE VIEW,HOVE,HOVE,HOVE,EAST SUSSEX,Standard,Addition,50.8445470000,-0.1988460000
73200,1995-06-27 00:00:00Z,BN3 8PS,Semi-Detached,Established,Freehold,76,,POPLAR AVENUE,HOVE,HOVE,HOVE,EAST SUSSEX,Standard,Addition,50.8481560000,-0.1949560000
68000,1995-06-09 00:00:00Z,BN3 8PQ,Semi-Detached,Established,Freehold,26,,NORTHEASE DRIVE,HOVE,HOVE,HOVE,EAST SUSSEX,Standard,Addition,50.8493070000,-0.1937900000
52000,1995-02-17 00:00:00Z,BN3 7JH,Semi-Detached,Established,Freehold,69,,ROWAN AVENUE,HOVE,HOVE,HOVE,EAST SUSSEX,Standard,Addition,50.8430630000,-0.1965310000
59000,1995-03-31 00:00:00Z,BN3 8BB,Semi-Detached,Established,Freehold,16,,SHERBOURNE ROAD,HOVE,HOVE,HOVE,EAST SUSSEX,Standard,Addition,50.8496460000,-0.1999700000
56500,1995-12-21 00:00:00Z,BN3 8LF,Semi-Detached,Established,Freehold,96,,DALE VIEW,HOVE,HOVE,HOVE,EAST SUSSEX,Standard,Addition,50.8466780000,-0.1959220000
59000,1995-09-11 00:00:00Z,BN3 8JS,Semi-Detached,Established,Freehold,2,,AMBERLEY DRIVE,HOVE,HOVE,HOVE,EAST SUSSEX,Standard,Addition,50.8477480000,-0.1918330000
53000,1995-03-21 00:00:00Z,BN3 8PQ,Semi-Detached,Established,Freehold,22,,NORTHEASE DRIVE,HOVE,HOVE,HOVE,EAST SUSSEX,Standard,Addition,50.8493070000,-0.1937900000
72500,1995-09-15 00:00:00Z,BN3 8LG,Semi-Detached,Established,Freehold,22,,SUMMERDALE ROAD,HOVE,HOVE,HOVE,EAST SUSSEX,Standard,Addition,50.8476110000,-0.1974630000
50000,1995-07-05 00:00:00Z,BN3 7JE,Semi-Detached,Established,Freehold,156,,ELM DRIVE,HOVE,HOVE,HOVE,EAST SUSSEX,Standard,Addition,50.8432400000,-0.1945780000
60000,1995-11-17 00:00:00Z,BN3 7JD,Semi-Detached,Established,Freehold,199,,ELM DRIVE,HOVE,HOVE,HOVE,EAST SUSSEX,Standard,Addition,50.8433220000,-0.1940630000
76000,1995-01-24 00:00:00Z,BN3 7NG,Semi-Detached,Established,Freehold,181,,NEVILL AVENUE,HOVE,HOVE,HOVE,EAST SUSSEX,Standard,Addition,50.8440280000,-0.1916620000
57500,1995-11-03 00:00:00Z,BN3 8PB,Semi-Detached,Established,Freehold,29,,LARK HILL,HOVE,HOVE,HOVE,EAST SUSSEX,Standard,Addition,50.8498470000,-0.1926180000
52000,1995-12-15 00:00:00Z,BN3 7JL,Terraced,Established,Freehold,104,,ELM DRIVE,HOVE,HOVE,HOVE,EAST SUSSEX,Standard,Addition,50.8412030000,-0.1946710000
36950,1995-08-04 00:00:00Z,BN3 8BA,Flats/Maisonettes,Established,Leasehold,23,,SHERBOURNE ROAD,HOVE,HOVE,HOVE,EAST SUSSEX,Standard,Addition,50.8493060000,-0.1995430000
37500,1995-03-23 00:00:00Z,BN3 8BA,Flats/Maisonettes,Established,Leasehold,35,,SHERBOURNE ROAD,HOVE,HOVE,HOVE,EAST SUSSEX,Standard,Addition,50.8493060000,-0.1995430000
79000,1995-11-17 00:00:00Z,BN3 7LS,Semi-Detached,Established,Freehold,187,,HANGLETON ROAD,HOVE,HOVE,HOVE,EAST SUSSEX,Standard,Addition,50.8441990000,-0.1949670000
65000,1995-11-29 00:00:00Z,BN3 8LF,Semi-Detached,Established,Freehold,55,,DALE VIEW,HOVE,HOVE,HOVE,EAST SUSSEX,Standard,Addition,50.8466780000,-0.1959220000
72750,1995-09-15 00:00:00Z,BN3 7LR,Semi-Detached,Established,Freehold,253,,HANGLETON ROAD,HOVE,HOVE,HOVE,EAST SUSSEX,Standard,Addition,50.8459640000,-0.1902260000
20000,1995-09-08 00:00:00Z,BN3 8LE,Flats/Maisonettes,Established,Leasehold,33,,KINGSTON CLOSE,HOVE,HOVE,HOVE,EAST SUSSEX,Standard,Addition,50.8461490000,-0.1953890000
56000,1995-04-21 00:00:00Z,BN3 8JP,Semi-Detached,Established,Freehold,44,,AMBERLEY DRIVE,HOVE,HOVE,HOVE,EAST SUSSEX,Standard,Addition,50.8497310000,-0.1909600000
71750,1995-07-28 00:00:00Z,BN3 8JH,Semi-Detached,Established,Freehold,4,,ASHLINGS WAY,HOVE,HOVE,HOVE,EAST SUSSEX,Standard,Addition,50.8468510000,-0.1937140000
53000,1995-12-15 00:00:00Z,BN3 8LL,Semi-Detached,Established,Freehold,4,,GLETON AVENUE,HOVE,HOVE,HOVE,EAST SUSSEX,Standard,Addition,50.8469820000,-0.1980840000
57750,1995-05-12 00:00:00Z,BN3 7JF,Terraced,Established,Freehold,5,,ROWAN AVENUE,HOVE,HOVE,HOVE,EAST SUSSEX,Standard,Addition,50.8413420000,-0.1957310000
52000,1995-10-27 00:00:00Z,BN3 8GG,Semi-Detached,Established,Freehold,83,,CLARKE AVENUE,HOVE,HOVE,HOVE,EAST SUSSEX,Standard,Addition,50.8479560000,-0.1901200000
21000,1995-07-14 00:00:00Z,BN3 8LE,Flats/Maisonettes,Established,Leasehold,58,,KINGSTON CLOSE,HOVE,HOVE,HOVE,EAST SUSSEX,Standard,Addition,50.8461490000,-0.1953890000
56000,1995-01-25 00:00:00Z,BN3 7NG,Semi-Detached,Established,Freehold,181,,NEVILL AVENUE,HOVE,HOVE,HOVE,EAST SUSSEX,Standard,Addition,50.8440280000,-0.1916620000
70500,1995-11-30 00:00:00Z,BN3 8PT,Semi-Detached,Established,Freehold,63,,POPLAR AVENUE,HOVE,HOVE,HOVE,EAST SUSSEX,Standard,Addition,50.8479490000,-0.1943530000
53500,1995-11-29 00:00:00Z,BN3 7FH,Semi-Detached,Established,Freehold,9,,MARTIN ROAD,HOVE,HOVE,HOVE,EAST SUSSEX,Standard,Addition,50.8421880000,-0.1998170000
59500,1995-04-24 00:00:00Z,BN3 8JS,Semi-Detached,Established,Freehold,6,,AMBERLEY DRIVE,HOVE,HOVE,HOVE,EAST SUSSEX,Standard,Addition,50.8477480000,-0.1918330000
70000,1995-12-08 00:00:00Z,BN3 8LB,Semi-Detached,Established,Freehold,78,,DALE VIEW,HOVE,HOVE,HOVE,EAST SUSSEX,Standard,Addition,50.8445470000,-0.1988460000
56000,1995-03-20 00:00:00Z,BN3 8LA,Semi-Detached,Established,Freehold,29,,DALE VIEW,HOVE,HOVE,HOVE,EAST SUSSEX,Standard,Addition,50.8449120000,-0.1986180000
60000,1995-07-14 00:00:00Z,BN3 7JH,Terraced,Established,Freehold,75,,ROWAN AVENUE,HOVE,HOVE,HOVE,EAST SUSSEX,Standard,Addition,50.8430630000,-0.1965310000
76500,1995-07-31 00:00:00Z,BN3 8BB,Semi-Detached,Established,Freehold,6,,SHERBOURNE ROAD,HOVE,HOVE,HOVE,EAST SUSSEX,Standard,Addition,50.8496460000,-0.1999700000
70000,1995-11-30 00:00:00Z,BN3 8LL,Semi-Detached,Established,Freehold,50,,GLETON AVENUE,HOVE,HOVE,HOVE,EAST SUSSEX,Standard,Addition,50.8469820000,-0.1980840000
73500,1995-04-27 00:00:00Z,BN3 8JH,Semi-Detached,Established,Freehold,7,,ASHLINGS WAY,HOVE,HOVE,HOVE,EAST SUSSEX,Standard,Addition,50.8468510000,-0.1937140000
78500,1995-06-30 00:00:00Z,BN3 8PX,Semi-Detached,Established,Freehold,31,,POPLAR AVENUE,HOVE,HOVE,HOVE,EAST SUSSEX,Standard,Addition,50.8459510000,-0.1948420000
71000,1995-09-28 00:00:00Z,BN3 8LF,Semi-Detached,Established,Freehold,92,,DALE VIEW,HOVE,HOVE,HOVE,EAST SUSSEX,Standard,Addition,50.8466780000,-0.1959220000
65000,1995-04-12 00:00:00Z,BN3 8BA,Detached,Established,Freehold,5,,SHERBOURNE ROAD,HOVE,HOVE,HOVE,EAST SUSSEX,Standard,Addition,50.8493060000,-0.1995430000
67000,1995-04-11 00:00:00Z,BN3 8LQ,Semi-Detached,Established,Freehold,56,,WEST WAY,HOVE,HOVE,HOVE,EAST SUSSEX,Standard,Addition,50.8457630000,-0.1984010000
86000,1995-01-18 00:00:00Z,BN3 8JJ,Semi-Detached,Established,Freehold,75,,APPLESHAM AVENUE,HOVE,HOVE,HOVE,EAST SUSSEX,Standard,Addition,50.8473290000,-0.1926580000
80000,1995-02-14 00:00:00Z,BN3 8PS,Semi-Detached,Established,Freehold,54,,POPLAR AVENUE,HOVE,HOVE,HOVE,EAST SUSSEX,Standard,Addition,50.8481560000,-0.1949560000
93000,1995-03-31 00:00:00Z,BN3 7NG,Semi-Detached,Established,Freehold,182,,NEVILL AVENUE,HOVE,HOVE,HOVE,EAST SUSSEX,Standard,Addition,50.8440280000,-0.1916620000
52500,1995-08-10 00:00:00Z,BN3 8PX,Detached,Established,Freehold,1,,POPLAR AVENUE,HOVE,HOVE,HOVE,EAST SUSSEX,Standard,Addition,50.8459510000,-0.1948420000
65000,1995-07-28 00:00:00Z,BN3 8PB,Terraced,Established,Freehold,14,,LARK HILL,HOVE,HOVE,HOVE,EAST SUSSEX,Standard,Addition,50.8498470000,-0.1926180000
78000,1996-09-20 00:00:00Z,BN3 8JJ,Semi-Detached,Established,Freehold,60,,APPLESHAM AVENUE,HOVE,HOVE,HOVE,EAST SUSSEX,Standard,Addition,50.8473290000,-0.1926580000
60000,1996-10-28 00:00:00Z,BN3 8PB,Semi-Detached,Established,Freehold,10,,LARK HILL,HOVE,HOVE,HOVE,EAST SUSSEX,Standard,Addition,50.8498470000,-0.1926180000
64000,1996-07-11 00:00:00Z,BN3 8LG,Semi-Detached,Established,Freehold,3,,SUMMERDALE ROAD,HOVE,HOVE,HOVE,EAST SUSSEX,Standard,Addition,50.8476110000,-0.1974630000
93000,1996-12-20 00:00:00Z,BN3 7NG,Semi-Detached,Established,Freehold,207,,NEVILL AVENUE,HOVE,HOVE,HOVE,EAST SUSSEX,Standard,Addition,50.8440280000,-0.1916620000
64000,1996-03-28 00:00:00Z,BN3 8PX,Semi-Detached,Established,Freehold,10,,POPLAR AVENUE,HOVE,HOVE,HOVE,EAST SUSSEX,Standard,Addition,50.8459510000,-0.1948420000
69950,1996-03-13 00:00:00Z,BN3 7NG,Semi-Detached,Established,Freehold,199,,NEVILL AVENUE,HOVE,HOVE,HOVE,EAST SUSSEX,Standard,Addition,50.8440280000,-0.1916620000
65000,1996-12-31 00:00:00Z,BN3 7JG,Semi-Detached,Established,Freehold,76,,ROWAN AVENUE,HOVE,HOVE,HOVE,EAST SUSSEX,Standard,Addition,50.8409770000,-0.1959430000
55000,1996-05-15 00:00:00Z,BN3 7JG,Terraced,Established,Freehold,34,,ROWAN AVENUE,HOVE,HOVE,HOVE,EAST SUSSEX,Standard,Addition,50.8409770000,-0.1959430000
66500,1996-06-24 00:00:00Z,BN3 8JP,Semi-Detached,Established,Freehold,39,,AMBERLEY DRIVE,HOVE,HOVE,BRIGHTON AND HOVE,BRIGHTON AND HOVE,Standard,Addition,50.8497310000,-0.1909600000
58500,1996-12-11 00:00:00Z,BN3 7JD,Semi-Detached,Established,Freehold,209,,ELM DRIVE,HOVE,HOVE,BRIGHTON AND HOVE,BRIGHTON AND HOVE,Standard,Addition,50.8433220000,-0.1940630000
56000,1996-02-09 00:00:00Z,BN3 8LF,Semi-Detached,Established,Freehold,110,,DALE VIEW,HOVE,HOVE,HOVE,EAST SUSSEX,Standard,Addition,50.8466780000,-0.1959220000
77000,1996-07-22 00:00:00Z,BN3 8JD,Semi-Detached,Established,Freehold,43,,SUNNINGHILL CLOSE,HOVE,HOVE,HOVE,EAST SUSSEX,Standard,Addition,50.8457210000,-0.1921670000
80000,1996-09-05 00:00:00Z,BN3 7LP,Detached,Established,Freehold,236,,HANGLETON ROAD,HOVE,HOVE,HOVE,EAST SUSSEX,Standard,Addition,50.8461290000,-0.1910290000
55000,1996-07-12 00:00:00Z,BN3 7FU,Semi-Detached,Established,Freehold,2,,KNOLL CLOSE,HOVE,HOVE,HOVE,EAST SUSSEX,Standard,Addition,50.8425770000,-0.1994190000
67250,1996-04-26 00:00:00Z,BN3 8JJ,Semi-Detached,Established,Freehold,67,,APPLESHAM AVENUE,HOVE,HOVE,HOVE,EAST SUSSEX,Standard,Addition,50.8473290000,-0.1926580000
70000,1996-08-29 00:00:00Z,BN3 8PQ,Semi-Detached,Established,Freehold,27,,NORTHEASE DRIVE,HOVE,HOVE,HOVE,EAST SUSSEX,Standard,Addition,50.8493070000,-0.1937900000
38995,1996-02-07 00:00:00Z,BN3 8BB,Terraced,Established,Leasehold,70,,SHERBOURNE ROAD,HOVE,HOVE,HOVE,EAST SUSSEX,Standard,Addition,50.8496460000,-0.1999700000
69500,1996-04-19 00:00:00Z,BN3 8PX,Semi-Detached,Established,Freehold,14,,POPLAR AVENUE,HOVE,HOVE,HOVE,EAST SUSSEX,Standard,Addition,50.8459510000,-0.1948420000
57000,1996-05-31 00:00:00Z,BN3 8LN,Semi-Detached,Established,Freehold,25,,GLETON AVENUE,HOVE,HOVE,HOVE,EAST SUSSEX,Standard,Addition,50.8467620000,-0.1984480000
50000,1996-11-21 00:00:00Z,BN3 7JE,Terraced,Established,Freehold,142,,ELM DRIVE,HOVE,HOVE,HOVE,EAST SUSSEX,Standard,Addition,50.8432400000,-0.1945780000
27000,1996-08-29 00:00:00Z,BN3 8LE,Flats/Maisonettes,Established,Leasehold,33,,KINGSTON CLOSE,HOVE,HOVE,HOVE,EAST SUSSEX,Standard,Addition,50.8461490000,-0.1953890000
75500,1996-12-06 00:00:00Z,BN3 8LG,Semi-Detached,Established,Freehold,30,,SUMMERDALE ROAD,HOVE,HOVE,HOVE,EAST SUSSEX,Standard,Addition,50.8476110000,-0.1974630000
38500,1996-10-21 00:00:00Z,BN3 8PB,Semi-Detached,Established,Freehold,24,,LARK HILL,HOVE,HOVE,HOVE,EAST SUSSEX,Standard,Addition,50.8498470000,-0.1926180000
61500,1996-01-30 00:00:00Z,BN3 7JB,Semi-Detached,Established,Freehold,3,,MAYTREE WALK,HOVE,HOVE,HOVE,EAST SUSSEX,Standard,Addition,50.8423400000,-0.1956780000
49500,1996-03-29 00:00:00Z,BN3 8PX,Flats/Maisonettes,Established,Leasehold,1A,,POPLAR AVENUE,HOVE,HOVE,HOVE,EAST SUSSEX,Standard,Addition,50.8459510000,-0.1948420000
45000,1996-08-30 00:00:00Z,BN3 7FF,Semi-Detached,Established,Freehold,111,,STAPLEY ROAD,HOVE,HOVE,HOVE,EAST SUSSEX,Standard,Addition,50.8414060000,-0.1979160000
74000,1996-11-05 00:00:00Z,BN3 8LB,Semi-Detached,Established,Freehold,30,,DALE VIEW,HOVE,HOVE,HOVE,EAST SUSSEX,Standard,Addition,50.8445470000,-0.1988460000
39000,1996-06-14 00:00:00Z,BN3 8JD,Flats/Maisonettes,Established,Leasehold,26,,SUNNINGHILL CLOSE,HOVE,HOVE,HOVE,EAST SUSSEX,Standard,Addition,50.8457210000,-0.1921670000
62000,1996-02-29 00:00:00Z,BN3 8LN,Semi-Detached,Established,Freehold,55,,GLETON AVENUE,HOVE,HOVE,HOVE,EAST SUSSEX,Standard,Addition,50.8467620000,-0.1984480000
65000,1996-06-13 00:00:00Z,BN3 7JB,Semi-Detached,Established,Freehold,4,,MAYTREE WALK,HOVE,HOVE,HOVE,EAST SUSSEX,Standard,Addition,50.8423400000,-0.1956780000
53000,1996-06-28 00:00:00Z,BN3 8LL,Semi-Detached,Established,Freehold,26,,GLETON AVENUE,HOVE,HOVE,HOVE,EAST SUSSEX,Standard,Addition,50.8469820000,-0.1980840000
86000,1996-09-30 00:00:00Z,BN3 7LR,Semi-Detached,Established,Freehold,247,,HANGLETON ROAD,HOVE,HOVE,HOVE,EAST SUSSEX,Standard,Addition,50.8459640000,-0.1902260000
73750,1996-08-09 00:00:00Z,BN3 8JH,Detached,Established,Freehold,6,,ASHLINGS WAY,HOVE,HOVE,HOVE,EAST SUSSEX,Standard,Addition,50.8468510000,-0.1937140000
69950,1996-07-11 00:00:00Z,BN3 8LA,Semi-Detached,Established,Freehold,5,,DALE VIEW,HOVE,HOVE,HOVE,EAST SUSSEX,Standard,Addition,50.8449120000,-0.1986180000
56000,1996-07-18 00:00:00Z,BN3 7FG,Semi-Detached,Established,Freehold,133,,STAPLEY ROAD,HOVE,HOVE,HOVE,EAST SUSSEX,Standard,Addition,50.8426450000,-0.1979670000
69000,1996-08-19 00:00:00Z,BN3 8JJ,Semi-Detached,Established,Freehold,42,,APPLESHAM AVENUE,HOVE,HOVE,HOVE,EAST SUSSEX,Standard,Addition,50.8473290000,-0.1926580000
37000,1996-09-26 00:00:00Z,BN3 8BE,Flats/Maisonettes,Established,Leasehold,33,,SHERBOURNE CLOSE,HOVE,HOVE,HOVE,EAST SUSSEX,Standard,Addition,50.8499730000,-0.1984380000
47000,1996-06-28 00:00:00Z,BN3 8JL,Semi-Detached,Established,Freehold,7,,THORNHILL CLOSE,HOVE,HOVE,HOVE,EAST SUSSEX,Standard,Addition,50.8484100000,-0.1939240000
62760,1996-06-06 00:00:00Z,BN3 7JB,Terraced,Established,Freehold,13,,MAYTREE WALK,HOVE,HOVE,HOVE,EAST SUSSEX,Standard,Addition,50.8423400000,-0.1956780000
71500,1996-10-07 00:00:00Z,BN3 8PQ,Semi-Detached,Established,Freehold,35,,NORTHEASE DRIVE,HOVE,HOVE,HOVE,EAST SUSSEX,Standard,Addition,50.8493070000,-0.1937900000
59000,1996-12-23 00:00:00Z,BN3 7JL,Terraced,Established,Freehold,98,,ELM DRIVE,HOVE,HOVE,HOVE,EAST SUSSEX,Standard,Addition,50.8412030000,-0.1946710000
83000,1996-11-29 00:00:00Z,BN3 7JD,Semi-Detached,Established,Freehold,179,,ELM DRIVE,HOVE,HOVE,HOVE,EAST SUSSEX,Standard,Addition,50.8433220000,-0.1940630000
53000,1996-04-02 00:00:00Z,BN3 7JE,Terraced,Established,Freehold,140,,ELM DRIVE,HOVE,HOVE,HOVE,EAST SUSSEX,Standard,Addition,50.8432400000,-0.1945780000
66250,1996-07-05 00:00:00Z,BN3 8JF,Semi-Detached,Established,Freehold,28,,APPLESHAM AVENUE,HOVE,HOVE,BRIGHTON,EAST SUSSEX,Standard,Addition,50.8457820000,-0.1938120000
123000,1996-08-08 00:00:00Z,BN3 7LR,Semi-Detached,Established,Freehold,275,,HANGLETON ROAD,HOVE,HOVE,HOVE,EAST SUSSEX,Standard,Addition,50.8459640000,-0.1902260000
58000,1996-09-30 00:00:00Z,BN3 7JB,Semi-Detached,Established,Freehold,23,,MAYTREE WALK,HOVE,HOVE,HOVE,EAST SUSSEX,Standard,Addition,50.8423400000,-0.1956780000
64000,1996-06-14 00:00:00Z,BN3 8PQ,Semi-Detached,Established,Freehold,20,,NORTHEASE DRIVE,HOVE,HOVE,HOVE,EAST SUSSEX,Standard,Addition,50.8493070000,-0.1937900000
94500,1996-10-01 00:00:00Z,BN3 8LT,Detached,Established,Freehold,27,,HANGLETON CLOSE,HOVE,HOVE,HOVE,EAST SUSSEX,Standard,Addition,50.8452720000,-0.1997980000
59995,1996-10-18 00:00:00Z,BN3 8LB,Semi-Detached,Established,Freehold,52,,DALE VIEW,HOVE,HOVE,HOVE,EAST SUSSEX,Standard,Addition,50.8445470000,-0.1988460000
51000,1996-12-31 00:00:00Z,BN3 8LT,Semi-Detached,Established,Freehold,9,,HANGLETON CLOSE,HOVE,HOVE,HOVE,EAST SUSSEX,Standard,Addition,50.8452720000,-0.1997980000
78500,1996-06-20 00:00:00Z,BN3 8PP,Semi-Detached,Established,Freehold,46,,NORTHEASE DRIVE,HOVE,HOVE,HOVE,EAST SUSSEX,Standard,Addition,50.8486400000,-0.1977930000
71500,1996-07-19 00:00:00Z,BN3 8PS,Semi-Detached,Established,Freehold,118,,POPLAR AVENUE,HOVE,HOVE,HOVE,EAST SUSSEX,Standard,Addition,50.8481560000,-0.1949560000
38500,1996-04-04 00:00:00Z,BN3 8BE,Flats/Maisonettes,Established,Leasehold,35,,SHERBOURNE CLOSE,HOVE,HOVE,HOVE,EAST SUSSEX,Standard,Addition,50.8499730000,-0.1984380000
75000,1996-03-21 00:00:00Z,BN3 8PS,Semi-Detached,Established,Freehold,90,,POPLAR AVENUE,HOVE,HOVE,HOVE,EAST SUSSEX,Standard,Addition,50.8481560000,-0.1949560000
44000,1996-12-04 00:00:00Z,BN3 7FL,Terraced,Established,Freehold,32,,WILFRID ROAD,HOVE,HOVE,HOVE,EAST SUSSEX,Standard,Addition,50.8407790000,-0.1994310000
57000,1996-08-23 00:00:00Z,BN3 8PB,Terraced,Established,Freehold,23,,LARK HILL,HOVE,HOVE,HOVE,EAST SUSSEX,Standard,Addition,50.8498470000,-0.1926180000
56000,1996-01-01 00:00:00Z,BN3 7FS,Semi-Detached,Established,Freehold,139,,GODWIN ROAD,HOVE,HOVE,HOVE,EAST SUSSEX,Standard,Addition,50.8429990000,-0.1999560000
37800,1996-02-29 00:00:00Z,BN3 7LP,Semi-Detached,Established,Freehold,246,,HANGLETON ROAD,HOVE,HOVE,HOVE,EAST SUSSEX,Standard,Addition,50.8461290000,-0.1910290000
57400,1996-06-25 00:00:00Z,BN3 7JD,Semi-Detached,Established,Freehold,203,,ELM DRIVE,HOVE,HOVE,HOVE,EAST SUSSEX,Standard,Addition,50.8433220000,-0.1940630000
98000,1997-10-15 00:00:00Z,BN3 8PT,Semi-Detached,Established,Freehold,87,,POPLAR AVENUE,HOVE,HOVE,BRIGHTON AND HOVE,BRIGHTON AND HOVE,Standard,Addition,50.8479490000,-0.1943530000
70000,1997-11-28 00:00:00Z,BN3 8LD,Semi-Detached,Established,Freehold,19,,WEST WAY,HOVE,HOVE,BRIGHTON AND HOVE,BRIGHTON AND HOVE,Standard,Addition,50.8450240000,-0.1953900000
84950,1997-06-27 00:00:00Z,BN3 8JF,Semi-Detached,Established,Freehold,1,,APPLESHAM AVENUE,HOVE,HOVE,BRIGHTON AND HOVE,BRIGHTON AND HOVE,Standard,Addition,50.8457820000,-0.1938120000
95000,1997-06-17 00:00:00Z,BN3 7NG,Semi-Detached,Established,Freehold,187,,NEVILL AVENUE,HOVE,HOVE,BRIGHTON AND HOVE,BRIGHTON AND HOVE,Standard,Addition,50.8440280000,-0.1916620000
45000,1997-12-12 00:00:00Z,BN3 8LE,Flats/Maisonettes,Established,Leasehold,26,,KINGSTON CLOSE,HOVE,HOVE,BRIGHTON AND HOVE,BRIGHTON AND HOVE,Standard,Addition,50.8461490000,-0.1953890000
119000,1997-09-19 00:00:00Z,BN3 7LR,Semi-Detached,Established,Freehold,273,,HANGLETON ROAD,HOVE,HOVE,BRIGHTON AND HOVE,BRIGHTON AND HOVE,Standard,Addition,50.8459640000,-0.1902260000
45000,1997-11-03 00:00:00Z,BN3 8BB,Flats/Maisonettes,Established,Leasehold,94,,SHERBOURNE ROAD,HOVE,HOVE,BRIGHTON AND HOVE,BRIGHTON AND HOVE,Standard,Addition,50.8496460000,-0.1999700000
72500,1997-12-23 00:00:00Z,BN3 8PP,Semi-Detached,Established,Freehold,70,,NORTHEASE DRIVE,HOVE,HOVE,BRIGHTON AND HOVE,BRIGHTON AND HOVE,Standard,Addition,50.8486400000,-0.1977930000
66500,1997-11-07 00:00:00Z,BN3 7JG,Terraced,Established,Freehold,86,,ROWAN AVENUE,HOVE,HOVE,BRIGHTON AND HOVE,BRIGHTON AND HOVE,Standard,Addition,50.8409770000,-0.1959430000
75000,1997-03-27 00:00:00Z,BN3 8PT,Semi-Detached,Established,Freehold,51,,POPLAR AVENUE,HOVE,HOVE,BRIGHTON AND HOVE,BRIGHTON AND HOVE,Standard,Addition,50.8479490000,-0.1943530000
97500,1997-06-20 00:00:00Z,BN3 7JD,Semi-Detached,Established,Freehold,169,,ELM DRIVE,HOVE,HOVE,BRIGHTON AND HOVE,BRIGHTON AND HOVE,Standard,Addition,50.8433220000,-0.1940630000
90000,1997-10-28 00:00:00Z,BN3 8PS,Semi-Detached,Established,Freehold,112,,POPLAR AVENUE,HOVE,HOVE,BRIGHTON AND HOVE,BRIGHTON AND HOVE,Standard,Addition,50.8481560000,-0.1949560000
79950,1997-12-15 00:00:00Z,BN3 8LT,Semi-Detached,Established,Freehold,18,,HANGLETON CLOSE,HOVE,HOVE,BRIGHTON AND HOVE,BRIGHTON AND HOVE,Standard,Addition,50.8452720000,-0.1997980000
51500,1997-06-24 00:00:00Z,BN3 8LD,Terraced,Established,Freehold,5A,,WEST WAY,HOVE,HOVE,BRIGHTON AND HOVE,BRIGHTON AND HOVE,Standard,Addition,50.8450240000,-0.1953900000
69500,1997-07-03 00:00:00Z,BN3 8LG,Detached,Established,Freehold,35,,SUMMERDALE ROAD,HOVE,HOVE,BRIGHTON AND HOVE,BRIGHTON AND HOVE,Standard,Addition,50.8476110000,-0.1974630000
59450,1997-05-21 00:00:00Z,BN3 8LL,Semi-Detached,Established,Freehold,18,,GLETON AVENUE,HOVE,HOVE,BRIGHTON AND HOVE,BRIGHTON AND HOVE,Standard,Addition,50.8469820000,-0.1980840000
71500,1997-03-06 00:00:00Z,BN3 7LS,Semi-Detached,Established,Freehold,217,,HANGLETON ROAD,HOVE,HOVE,BRIGHTON AND HOVE,BRIGHTON AND HOVE,Standard,Addition,50.8441990000,-0.1949670000
75000,1997-05-30 00:00:00Z,BN3 8LN,Semi-Detached,Established,Freehold,13,,GLETON AVENUE,HOVE,HOVE,BRIGHTON AND HOVE,BRIGHTON AND HOVE,Standard,Addition,50.8467620000,-0.1984480000
84950,1997-01-16 00:00:00Z,BN3 8JL,Semi-Detached,Established,Freehold,7,,THORNHILL CLOSE,HOVE,HOVE,HOVE,EAST SUSSEX,Standard,Addition,50.8484100000,-0.1939240000
72000,1997-03-27 00:00:00Z,BN3 7JG,Terraced,Established,Freehold,28,,ROWAN AVENUE,HOVE,HOVE,BRIGHTON AND HOVE,BRIGHTON AND HOVE,Standard,Addition,50.8409770000,-0.1959430000
84000,1997-01-17 00:00:00Z,BN3 8PX,Semi-Detached,Established,Freehold,33,,POPLAR AVENUE,HOVE,HOVE,HOVE,EAST SUSSEX,Standard,Addition,50.8459510000,-0.1948420000
72950,1997-06-03 00:00:00Z,BN3 7JF,Terraced,Established,Freehold,13,,ROWAN AVENUE,HOVE,HOVE,BRIGHTON AND HOVE,BRIGHTON AND HOVE,Standard,Addition,50.8413420000,-0.1957310000
73950,1997-07-04 00:00:00Z,BN3 8LT,Semi-Detached,Established,Freehold,9,,HANGLETON CLOSE,HOVE,HOVE,BRIGHTON AND HOVE,BRIGHTON AND HOVE,Standard,Addition,50.8452720000,-0.1997980000
42500,1997-03-14 00:00:00Z,BN3 8BE,Flats/Maisonettes,Established,Leasehold,35,,SHERBOURNE CLOSE,HOVE,HOVE,BRIGHTON AND HOVE,BRIGHTON AND HOVE,Standard,Addition,50.8499730000,-0.1984380000
72500,1997-10-03 00:00:00Z,BN3 8BA,Semi-Detached,Established,Freehold,17,,SHERBOURNE ROAD,HOVE,HOVE,BRIGHTON AND HOVE,BRIGHTON AND HOVE,Standard,Addition,50.8493060000,-0.1995430000
77500,1997-04-25 00:00:00Z,BN3 8PP,Semi-Detached,Established,Freehold,44,,NORTHEASE DRIVE,HOVE,HOVE,BRIGHTON AND HOVE,BRIGHTON AND HOVE,Standard,Addition,50.8486400000,-0.1977930000
56000,1997-05-20 00:00:00Z,BN3 7FL,Terraced,Established,Freehold,76,,WILFRID ROAD,HOVE,HOVE,BRIGHTON AND HOVE,BRIGHTON AND HOVE,Standard,Addition,50.8407790000,-0.1994310000
91000,1997-11-14 00:00:00Z,BN3 8JJ,Semi-Detached,Established,Freehold,40,,APPLESHAM AVENUE,HOVE,HOVE,BRIGHTON AND HOVE,BRIGHTON AND HOVE,Standard,Addition,50.8473290000,-0.1926580000
64000,1997-10-20 00:00:00Z,BN3 7FL,Semi-Detached,Established,Freehold,16,,WILFRID ROAD,HOVE,HOVE,BRIGHTON AND HOVE,BRIGHTON AND HOVE,Standard,Addition,50.8407790000,-0.1994310000
80500,1997-06-26 00:00:00Z,BN3 8JJ,Semi-Detached,Established,Freehold,54,,APPLESHAM AVENUE,HOVE,HOVE,BRIGHTON AND HOVE,BRIGHTON AND HOVE,Standard,Addition,50.8473290000,-0.1926580000
75000,1997-09-06 00:00:00Z,BN3 8LG,Semi-Detached,Established,Freehold,41,,SUMMERDALE ROAD,HOVE,HOVE,BRIGHTON AND HOVE,BRIGHTON AND HOVE,Standard,Addition,50.8476110000,-0.1974630000
79950,1997-11-03 00:00:00Z,BN3 7JL,Terraced,Established,Freehold,132,,ELM DRIVE,HOVE,HOVE,BRIGHTON AND HOVE,BRIGHTON AND HOVE,Standard,Addition,50.8412030000,-0.1946710000
96800,1997-09-03 00:00:00Z,BN3 8JN,Semi-Detached,Established,Freehold,83,,APPLESHAM AVENUE,HOVE,HOVE,BRIGHTON AND HOVE,BRIGHTON AND HOVE,Standard,Addition,50.8486070000,-0.1927230000
96000,1997-03-27 00:00:00Z,BN3 7LR,Semi-Detached,Established,Freehold,257,,HANGLETON ROAD,HOVE,HOVE,BRIGHTON AND HOVE,BRIGHTON AND HOVE,Standard,Addition,50.8459640000,-0.1902260000
89500,1997-05-22 00:00:00Z,BN3 8PU,Semi-Detached,Established,Freehold,44,,POPLAR AVENUE,HOVE,HOVE,BRIGHTON AND HOVE,BRIGHTON AND HOVE,Standard,Addition,50.8466770000,-0.1946580000
83000,1997-11-25 00:00:00Z,BN3 7JA,Terraced,Established,Freehold,107,,ELM DRIVE,HOVE,HOVE,BRIGHTON AND HOVE,BRIGHTON AND HOVE,Standard,Addition,50.8406940000,-0.1939370000
85000,1997-09-15 00:00:00Z,BN3 8LB,Detached,Established,Freehold,14,,DALE VIEW,HOVE,HOVE,BRIGHTON AND HOVE,BRIGHTON AND HOVE,Standard,Addition,50.8445470000,-0.1988460000
39950,1997-09-10 00:00:00Z,BN3 8BB,Flats/Maisonettes,Established,Leasehold,82,FIRST FLOOR FLAT,SHERBOURNE ROAD,HOVE,HOVE,BRIGHTON AND HOVE,BRIGHTON AND HOVE,Standard,Addition,50.8496460000,-0.1999700000
85000,1997-03-27 00:00:00Z,BN3 8LL,Semi-Detached,Established,Freehold,30,,GLETON AVENUE,HOVE,HOVE,BRIGHTON AND HOVE,BRIGHTON AND HOVE,Standard,Addition,50.8469820000,-0.1980840000
110000,1997-11-14 00:00:00Z,BN3 7LT,Semi-Detached,Established,Freehold,176,,HANGLETON ROAD,HOVE,HOVE,BRIGHTON AND HOVE,BRIGHTON AND HOVE,Standard,Addition,50.8445380000,-0.1959200000
77000,1997-08-14 00:00:00Z,BN3 8PQ,Semi-Detached,Established,Freehold,25,,NORTHEASE DRIVE,HOVE,HOVE,BRIGHTON AND HOVE,BRIGHTON AND HOVE,Standard,Addition,50.8493070000,-0.1937900000
82000,1997-08-22 00:00:00Z,BN3 8PS,Semi-Detached,Established,Freehold,74,,POPLAR AVENUE,HOVE,HOVE,BRIGHTON AND HOVE,BRIGHTON AND HOVE,Standard,Addition,50.8481560000,-0.1949560000
73165,1997-10-24 00:00:00Z,BN3 8LF,Semi-Detached,Established,Freehold,124,,DALE VIEW,HOVE,HOVE,BRIGHTON AND HOVE,BRIGHTON AND HOVE,Standard,Addition,50.8466780000,-0.1959220000
79950,1997-06-03 00:00:00Z,BN3 7JG,Semi-Detached,Established,Freehold,4,,ROWAN AVENUE,HOVE,HOVE,BRIGHTON AND HOVE,BRIGHTON AND HOVE,Standard,Addition,50.8409770000,-0.1959430000
38500,1997-07-07 00:00:00Z,BN3 8BD,Flats/Maisonettes,Established,Leasehold,11,,SHERBOURNE CLOSE,HOVE,HOVE,BRIGHTON AND HOVE,BRIGHTON AND HOVE,Standard,Addition,50.8493080000,-0.1990880000
84950,1997-10-31 00:00:00Z,BN3 8LG,Semi-Detached,Established,Freehold,37,,SUMMERDALE ROAD,HOVE,HOVE,BRIGHTON AND HOVE,BRIGHTON AND HOVE,Standard,Addition,50.8476110000,-0.1974630000
59225,1997-02-12 00:00:00Z,BN3 7NG,Semi-Detached,Established,Freehold,187,,NEVILL AVENUE,HOVE,HOVE,HOVE,EAST SUSSEX,Standard,Addition,50.8440280000,-0.1916620000
81000,1997-03-27 00:00:00Z,BN3 8JL,Semi-Detached,Established,Freehold,5,,THORNHILL CLOSE,HOVE,HOVE,BRIGHTON AND HOVE,BRIGHTON AND HOVE,Standard,Addition,50.8484100000,-0.1939240000
67000,1997-09-30 00:00:00Z,BN3 8LA,Semi-Detached,Established,Freehold,35,,DALE VIEW,HOVE,HOVE,BRIGHTON AND HOVE,BRIGHTON AND HOVE,Standard,Addition,50.8449120000,-0.1986180000
114000,1997-06-26 00:00:00Z,BN3 7LR,Semi-Detached,Established,Freehold,267,,HANGLETON ROAD,HOVE,HOVE,BRIGHTON AND HOVE,BRIGHTON AND HOVE,Standard,Addition,50.8459640000,-0.1902260000
58500,1997-08-29 00:00:00Z,BN3 7FF,Terraced,Established,Freehold,98,,STAPLEY ROAD,HOVE,HOVE,BRIGHTON AND HOVE,BRIGHTON AND HOVE,Standard,Addition,50.8414060000,-0.1979160000
31000,1997-12-18 00:00:00Z,BN3 7RE,Terraced,New Build,Freehold,4,,WAYFIELD CLOSE,,HOVE,BRIGHTON AND HOVE,BRIGHTON AND HOVE,Standard,Addition,50.8413320000,-0.1903900000
79000,1997-12-05 00:00:00Z,BN3 7JB,Semi-Detached,Established,Freehold,27,,MAYTREE WALK,HOVE,HOVE,BRIGHTON AND HOVE,BRIGHTON AND HOVE,Standard,Addition,50.8423400000,-0.1956780000
79000,1997-08-08 00:00:00Z,BN3 8LL,Semi-Detached,Established,Freehold,40,,GLETON AVENUE,HOVE,HOVE,BRIGHTON AND HOVE,BRIGHTON AND HOVE,Standard,Addition,50.8469820000,-0.1980840000
89995,1997-10-08 00:00:00Z,BN3 8LL,Semi-Detached,Established,Freehold,38,,GLETON AVENUE,HOVE,HOVE,BRIGHTON AND HOVE,BRIGHTON AND HOVE,Standard,Addition,50.8469820000,-0.1980840000
46500,1997-05-30 00:00:00Z,BN3 8BA,Flats/Maisonettes,Established,Leasehold,21,,SHERBOURNE ROAD,HOVE,HOVE,BRIGHTON AND HOVE,BRIGHTON AND HOVE,Standard,Addition,50.8493060000,-0.1995430000
120000,1997-09-09 00:00:00Z,BN3 7JA,Semi-Detached,Established,Freehold,51,,ELM DRIVE,HOVE,HOVE,BRIGHTON AND HOVE,BRIGHTON AND HOVE,Standard,Addition,50.8406940000,-0.1939370000
84025,1997-09-01 00:00:00Z,BN3 8JJ,Semi-Detached,Established,Freehold,73,,APPLESHAM AVENUE,HOVE,HOVE,BRIGHTON AND HOVE,BRIGHTON AND HOVE,Standard,Addition,50.8473290000,-0.1926580000
74200,1997-05-20 00:00:00Z,BN3 8PB,Semi-Detached,Established,Freehold,7,,LARK HILL,HOVE,HOVE,BRIGHTON AND HOVE,BRIGHTON AND HOVE,Standard,Addition,50.8498470000,-0.1926180000
82000,1997-11-26 00:00:00Z,BN3 8JS,Semi-Detached,Established,Freehold,14,,AMBERLEY DRIVE,HOVE,HOVE,BRIGHTON AND HOVE,BRIGHTON AND HOVE,Standard,Addition,50.8477480000,-0.1918330000
56500,1997-09-10 00:00:00Z,BN3 8LL,Semi-Detached,Established,Freehold,44,,GLETON AVENUE,HOVE,HOVE,BRIGHTON AND HOVE,BRIGHTON AND HOVE,Standard,Addition,50.8469820000,-0.1980840000
78500,1997-01-31 00:00:00Z,BN3 8PS,Semi-Detached,Established,Freehold,84,,POPLAR AVENUE,HOVE,HOVE,HOVE,EAST SUSSEX,Standard,Addition,50.8481560000,-0.1949560000
82000,1997-07-16 00:00:00Z,BN3 8JJ,Semi-Detached,Established,Freehold,53,,APPLESHAM AVENUE,HOVE,HOVE,BRIGHTON AND HOVE,BRIGHTON AND HOVE,Standard,Addition,50.8473290000,-0.1926580000
31500,1997-09-26 00:00:00Z,BN3 8LE,Flats/Maisonettes,Established,Leasehold,58,,KINGSTON CLOSE,HOVE,HOVE,BRIGHTON AND HOVE,BRIGHTON AND HOVE,Standard,Addition,50.8461490000,-0.1953890000
90000,1997-03-14 00:00:00Z,BN3 8LN,Semi-Detached,Established,Freehold,41,,GLETON AVENUE,HOVE,HOVE,BRIGHTON AND HOVE,BRIGHTON AND HOVE,Standard,Addition,50.8467620000,-0.1984480000
72000,1997-07-16 00:00:00Z,BN3 7JA,Terraced,Established,Freehold,91,,ELM DRIVE,HOVE,HOVE,BRIGHTON AND HOVE,BRIGHTON AND HOVE,Standard,Addition,50.8406940000,-0.1939370000
79450,1997-07-11 00:00:00Z,BN3 8PX,Semi-Detached,Established,Freehold,22,,POPLAR AVENUE,HOVE,HOVE,BRIGHTON AND HOVE,BRIGHTON AND HOVE,Standard,Addition,50.8459510000,-0.1948420000
58000,1997-11-25 00:00:00Z,BN3 7FF,Terraced,Established,Freehold,74,,STAPLEY ROAD,HOVE,HOVE,BRIGHTON AND HOVE,BRIGHTON AND HOVE,Standard,Addition,50.8414060000,-0.1979160000
72000,1997-07-31 00:00:00Z,BN3 8LB,Semi-Detached,Established,Freehold,24,,DALE VIEW,HOVE,HOVE,BRIGHTON AND HOVE,BRIGHTON AND HOVE,Standard,Addition,50.8445470000,-0.1988460000
90650,1997-12-05 00:00:00Z,BN3 8PT,Semi-Detached,Established,Freehold,49,,POPLAR AVENUE,HOVE,HOVE,BRIGHTON AND HOVE,BRIGHTON AND HOVE,Standard,Addition,50.8479490000,-0.1943530000
83500,1997-11-28 00:00:00Z,BN3 8LL,Semi-Detached,Established,Freehold,44,,GLETON AVENUE,HOVE,HOVE,BRIGHTON AND HOVE,BRIGHTON AND HOVE,Standard,Addition,50.8469820000,-0.1980840000
60000,1997-06-25 00:00:00Z,BN3 8JP,Semi-Detached,Established,Freehold,96,,AMBERLEY DRIVE,HOVE,HOVE,BRIGHTON AND HOVE,BRIGHTON AND HOVE,Standard,Addition,50.8497310000,-0.1909600000
139000,1997-12-17 00:00:00Z,BN3 7NG,Semi-Detached,Established,Freehold,190,,NEVILL AVENUE,HOVE,HOVE,BRIGHTON AND HOVE,BRIGHTON AND HOVE,Standard,Addition,50.8440280000,-0.1916620000
35000,1997-01-17 00:00:00Z,BN3 7FL,Terraced,Established,Freehold,76,,WILFRID ROAD,HOVE,HOVE,HOVE,EAST SUSSEX,Standard,Addition,50.8407790000,-0.1994310000
81000,1997-11-10 00:00:00Z,BN3 8LG,Semi-Detached,Established,Freehold,8,,SUMMERDALE ROAD,HOVE,HOVE,BRIGHTON AND HOVE,BRIGHTON AND HOVE,Standard,Addition,50.8476110000,-0.1974630000
90000,1997-11-20 00:00:00Z,BN3 8PX,Semi-Detached,Established,Freehold,10,,POPLAR AVENUE,HOVE,HOVE,BRIGHTON AND HOVE,BRIGHTON AND HOVE,Standard,Addition,50.8459510000,-0.1948420000
96950,1997-07-18 00:00:00Z,BN3 8PQ,Semi-Detached,Established,Freehold,2,,NORTHEASE DRIVE,HOVE,HOVE,BRIGHTON AND HOVE,BRIGHTON AND HOVE,Standard,Addition,50.8493070000,-0.1937900000
90000,1997-09-12 00:00:00Z,BN3 8JJ,Semi-Detached,Established,Freehold,29,,APPLESHAM AVENUE,HOVE,HOVE,BRIGHTON AND HOVE,BRIGHTON AND HOVE,Standard,Addition,50.8473290000,-0.1926580000
69500,1997-07-25 00:00:00Z,BN3 8LG,Terraced,Established,Freehold,33,,SUMMERDALE ROAD,HOVE,HOVE,BRIGHTON AND HOVE,BRIGHTON AND HOVE,Standard,Addition,50.8476110000,-0.1974630000
87000,1997-12-22 00:00:00Z,BN3 8PQ,Semi-Detached,Established,Freehold,35,,NORTHEASE DRIVE,HOVE,HOVE,BRIGHTON AND HOVE,BRIGHTON AND HOVE,Standard,Addition,50.8493070000,-0.1937900000
92000,1997-08-05 00:00:00Z,BN3 7JA,Semi-Detached,Established,Freehold,47,,ELM DRIVE,HOVE,HOVE,BRIGHTON AND HOVE,BRIGHTON AND HOVE,Standard,Addition,50.8406940000,-0.1939370000
70000,1997-02-28 00:00:00Z,BN3 8PB,Semi-Detached,Established,Freehold,24,,LARK HILL,HOVE,HOVE,BRIGHTON AND HOVE,BRIGHTON AND HOVE,Standard,Addition,50.8498470000,-0.1926180000
60000,1997-11-06 00:00:00Z,BN3 8JN,Semi-Detached,Established,Freehold,82,,APPLESHAM AVENUE,HOVE,HOVE,BRIGHTON AND HOVE,BRIGHTON AND HOVE,Standard,Addition,50.8486070000,-0.1927230000
74000,1997-04-25 00:00:00Z,BN3 8PX,Terraced,Established,Freehold,35,,POPLAR AVENUE,HOVE,HOVE,BRIGHTON AND HOVE,BRIGHTON AND HOVE,Standard,Addition,50.8459510000,-0.1948420000
50000,1997-05-22 00:00:00Z,BN3 7JL,Semi-Detached,Established,Freehold,84A,,ELM DRIVE,,HOVE,BRIGHTON AND HOVE,BRIGHTON AND HOVE,Standard,Addition,50.8412030000,-0.1946710000
90000,1997-07-09 00:00:00Z,BN3 8PT,Semi-Detached,Established,Freehold,53,,POPLAR AVENUE,HOVE,HOVE,BRIGHTON AND HOVE,BRIGHTON AND HOVE,Standard,Addition,50.8479490000,-0.1943530000
65000,1997-07-18 00:00:00Z,BN3 8LN,Semi-Detached,Established,Freehold,31,,GLETON AVENUE,HOVE,HOVE,BRIGHTON AND HOVE,BRIGHTON AND HOVE,Standard,Addition,50.8467620000,-0.1984480000
75000,1997-10-24 00:00:00Z,BN3 8LN,Semi-Detached,Established,Freehold,19,,GLETON AVENUE,HOVE,HOVE,BRIGHTON AND HOVE,BRIGHTON AND HOVE,Standard,Addition,50.8467620000,-0.1984480000
30000,1997-03-18 00:00:00Z,BN3 8BB,Detached,Established,Freehold,10,,SHERBOURNE ROAD,HOVE,HOVE,BRIGHTON AND HOVE,BRIGHTON AND HOVE,Standard,Addition,50.8496460000,-0.1999700000
63000,1997-05-30 00:00:00Z,BN3 8LG,Semi-Detached,Established,Freehold,11,,SUMMERDALE ROAD,HOVE,HOVE,BRIGHTON AND HOVE,BRIGHTON AND HOVE,Standard,Addition,50.8476110000,-0.1974630000
105000,1997-06-09 00:00:00Z,BN3 7LR,Semi-Detached,Established,Freehold,323,,HANGLETON ROAD,HOVE,HOVE,BRIGHTON AND HOVE,BRIGHTON AND HOVE,Standard,Addition,50.8459640000,-0.1902260000
71000,1997-03-14 00:00:00Z,BN3 8LB,Semi-Detached,Established,Freehold,6,,DALE VIEW,HOVE,HOVE,BRIGHTON AND HOVE,BRIGHTON AND HOVE,Standard,Addition,50.8445470000,-0.1988460000
39950,1997-04-24 00:00:00Z,BN3 8BB,Flats/Maisonettes,Established,Leasehold,74,,SHERBOURNE ROAD,HOVE,HOVE,BRIGHTON AND HOVE,BRIGHTON AND HOVE,Standard,Addition,50.8496460000,-0.1999700000
76750,1997-06-16 00:00:00Z,BN3 8LA,Semi-Detached,Established,Freehold,33,,DALE VIEW,HOVE,HOVE,BRIGHTON AND HOVE,BRIGHTON AND HOVE,Standard,Addition,50.8449120000,-0.1986180000
72500,1997-07-18 00:00:00Z,BN3 8LT,Semi-Detached,Established,Freehold,39,,HANGLETON CLOSE,HOVE,HOVE,BRIGHTON AND HOVE,BRIGHTON AND HOVE,Standard,Addition,50.8452720000,-0.1997980000
43000,1997-12-19 00:00:00Z,BN3 8BD,Flats/Maisonettes,Established,Leasehold,19,,SHERBOURNE CLOSE,HOVE,HOVE,BRIGHTON AND HOVE,BRIGHTON AND HOVE,Standard,Addition,50.8493080000,-0.1990880000
38500,1997-08-22 00:00:00Z,BN3 8LA,Flats/Maisonettes,Established,Leasehold,1,FLAT 2,DALE VIEW,HOVE,HOVE,BRIGHTON AND HOVE,BRIGHTON AND HOVE,Standard,Addition,50.8449120000,-0.1986180000
64500,1997-05-23 00:00:00Z,BN3 8LT,Semi-Detached,Established,Freehold,33,,HANGLETON CLOSE,HOVE,HOVE,BRIGHTON AND HOVE,BRIGHTON AND HOVE,Standard,Addition,50.8452720000,-0.1997980000
45000,1997-07-18 00:00:00Z,BN3 7FH,Flats/Maisonettes,Established,Leasehold,18A,,MARTIN ROAD,HOVE,HOVE,BRIGHTON AND HOVE,BRIGHTON AND HOVE,Standard,Addition,50.8421880000,-0.1998170000
131000,1998-06-03 00:00:00Z,BN3 7LR,Detached,Established,Freehold,289,,HANGLETON ROAD,HOVE,HOVE,BRIGHTON AND HOVE,BRIGHTON AND HOVE,Standard,Addition,50.8459640000,-0.1902260000
75000,1998-01-16 00:00:00Z,BN3 8GG,Semi-Detached,Established,Freehold,70,,CLARKE AVENUE,HOVE,HOVE,BRIGHTON AND HOVE,BRIGHTON AND HOVE,Standard,Addition,50.8479560000,-0.1901200000
83950,1998-06-25 00:00:00Z,BN3 8PP,Semi-Detached,Established,Freehold,68,,NORTHEASE DRIVE,HOVE,HOVE,BRIGHTON AND HOVE,BRIGHTON AND HOVE,Standard,Addition,50.8486400000,-0.1977930000
84500,1998-04-28 00:00:00Z,BN3 7RE,Terraced,New Build,Freehold,14,,WAYFIELD CLOSE,HOVE,HOVE,BRIGHTON AND HOVE,BRIGHTON AND HOVE,Standard,Addition,50.8413320000,-0.1903900000
56500,1998-11-24 00:00:00Z,BN3 7FH,Flats/Maisonettes,Established,Leasehold,19,GROUND FLOOR FLAT,MARTIN ROAD,HOVE,HOVE,BRIGHTON AND HOVE,BRIGHTON AND HOVE,Standard,Addition,50.8421880000,-0.1998170000
78000,1998-03-13 00:00:00Z,BN3 8LG,Terraced,Established,Freehold,33,,SUMMERDALE ROAD,HOVE,HOVE,BRIGHTON AND HOVE,BRIGHTON AND HOVE,Standard,Addition,50.8476110000,-0.1974630000
78000,1998-05-07 00:00:00Z,BN3 7JD,Terraced,Established,Freehold,185,,ELM DRIVE,HOVE,HOVE,BRIGHTON AND HOVE,BRIGHTON AND HOVE,Standard,Addition,50.8433220000,-0.1940630000
104450,1998-10-22 00:00:00Z,BN3 7JA,Semi-Detached,Established,Freehold,75,,ELM DRIVE,HOVE,HOVE,BRIGHTON AND HOVE,BRIGHTON AND HOVE,Standard,Addition,50.8406940000,-0.1939370000
93000,1998-12-23 00:00:00Z,BN3 7LW,Terraced,New Build,Freehold,40,,WAYFIELD AVENUE,HOVE,HOVE,BRIGHTON AND HOVE,BRIGHTON AND HOVE,Standard,Addition,50.8407330000,-0.1906690000
96000,1998-06-17 00:00:00Z,BN3 8JN,Semi-Detached,Established,Freehold,82,,APPLESHAM AVENUE,HOVE,HOVE,BRIGHTON AND HOVE,BRIGHTON AND HOVE,Standard,Addition,50.8486070000,-0.1927230000
87000,1998-05-22 00:00:00Z,BN3 7JB,Terraced,Established,Freehold,5,,MAYTREE WALK,HOVE,HOVE,BRIGHTON AND HOVE,BRIGHTON AND HOVE,Standard,Addition,50.8423400000,-0.1956780000
86950,1998-06-30 00:00:00Z,BN3 7LW,Terraced,New Build,Freehold,16,,WAYFIELD AVENUE,HOVE,HOVE,BRIGHTON AND HOVE,BRIGHTON AND HOVE,Standard,Addition,50.8407330000,-0.1906690000
99950,1998-08-14 00:00:00Z,BN3 8PP,Semi-Detached,Established,Freehold,48,,NORTHEASE DRIVE,HOVE,HOVE,BRIGHTON AND HOVE,BRIGHTON AND HOVE,Standard,Addition,50.8486400000,-0.1977930000
83500,1998-05-05 00:00:00Z,BN3 7RE,Terraced,New Build,Freehold,16,,WAYFIELD CLOSE,HOVE,HOVE,BRIGHTON AND HOVE,BRIGHTON AND HOVE,Standard,Addition,50.8413320000,-0.1903900000
95000,1998-05-14 00:00:00Z,BN3 8JN,Semi-Detached,Established,Freehold,88,,APPLESHAM AVENUE,HOVE,HOVE,BRIGHTON AND HOVE,BRIGHTON AND HOVE,Standard,Addition,50.8486070000,-0.1927230000
67250,1998-03-30 00:00:00Z,BN3 8PT,Semi-Detached,Established,Freehold,55,,POPLAR AVENUE,HOVE,HOVE,BRIGHTON AND HOVE,BRIGHTON AND HOVE,Standard,Addition,50.8479490000,-0.1943530000
89950,1998-03-27 00:00:00Z,BN3 7LW,Terraced,New Build,Freehold,1,,WAYFIELD AVENUE,HOVE,HOVE,BRIGHTON AND HOVE,BRIGHTON AND HOVE,Standard,Addition,50.8407330000,-0.1906690000
92500,1998-07-13 00:00:00Z,BN3 8LQ,Semi-Detached,Established,Freehold,30,,WEST WAY,HOVE,HOVE,BRIGHTON AND HOVE,BRIGHTON AND HOVE,Standard,Addition,50.8457630000,-0.1984010000
48950,1998-08-25 00:00:00Z,BN3 8LT,Flats/Maisonettes,Established,Leasehold,1A,,HANGLETON CLOSE,HOVE,HOVE,BRIGHTON AND HOVE,BRIGHTON AND HOVE,Standard,Addition,50.8452720000,-0.1997980000
74995,1998-07-22 00:00:00Z,BN3 7JD,Semi-Detached,Established,Freehold,195,,ELM DRIVE,HOVE,HOVE,BRIGHTON AND HOVE,BRIGHTON AND HOVE,Standard,Addition,50.8433220000,-0.1940630000
64500,1998-07-10 00:00:00Z,BN3 7FF,Terraced,Established,Freehold,74,,STAPLEY ROAD,HOVE,HOVE,BRIGHTON AND HOVE,BRIGHTON AND HOVE,Standard,Addition,50.8414060000,-0.1979160000
92950,1998-12-21 00:00:00Z,BN3 7RE,Semi-Detached,New Build,Freehold,2,,WAYFIELD CLOSE,HOVE,HOVE,BRIGHTON AND HOVE,BRIGHTON AND HOVE,Standard,Addition,50.8413320000,-0.1903900000
70000,1998-10-30 00:00:00Z,BN3 8PQ,Semi-Detached,Established,Freehold,15,,NORTHEASE DRIVE,HOVE,HOVE,BRIGHTON AND HOVE,BRIGHTON AND HOVE,Standard,Addition,50.8493070000,-0.1937900000
70000,1998-03-02 00:00:00Z,BN3 8JP,Semi-Detached,Established,Freehold,72,,AMBERLEY DRIVE,HOVE,HOVE,BRIGHTON AND HOVE,BRIGHTON AND HOVE,Standard,Addition,50.8497310000,-0.1909600000
109950,1998-07-24 00:00:00Z,BN3 8LG,Semi-Detached,Established,Freehold,2,,SUMMERDALE ROAD,HOVE,HOVE,BRIGHTON AND HOVE,BRIGHTON AND HOVE,Standard,Addition,50.8476110000,-0.1974630000
58000,1998-11-09 00:00:00Z,BN3 8LL,Semi-Detached,Established,Freehold,24,,GLETON AVENUE,HOVE,HOVE,BRIGHTON AND HOVE,BRIGHTON AND HOVE,Standard,Addition,50.8469820000,-0.1980840000
99950,1998-07-03 00:00:00Z,BN3 7LW,Terraced,New Build,Freehold,24,,WAYFIELD AVENUE,HOVE,HOVE,BRIGHTON AND HOVE,BRIGHTON AND HOVE,Standard,Addition,50.8407330000,-0.1906690000
88950,1998-11-26 00:00:00Z,BN3 7LW,Terraced,New Build,Freehold,22,,WAYFIELD AVENUE,HOVE,HOVE,BRIGHTON AND HOVE,BRIGHTON AND HOVE,Standard,Addition,50.8407330000,-0.1906690000
80250,1998-06-26 00:00:00Z,BN3 7JA,Terraced,Established,Freehold,149,,ELM DRIVE,HOVE,HOVE,BRIGHTON AND HOVE,BRIGHTON AND HOVE,Standard,Addition,50.8406940000,-0.1939370000
83750,1998-06-05 00:00:00Z,BN3 7LW,Semi-Detached,New Build,Freehold,12,,WAYFIELD AVENUE,HOVE,HOVE,BRIGHTON AND HOVE,BRIGHTON AND HOVE,Standard,Addition,50.8407330000,-0.1906690000
91500,1998-09-25 00:00:00Z,BN3 8LL,Semi-Detached,Established,Freehold,8,,GLETON AVENUE,HOVE,HOVE,BRIGHTON AND HOVE,BRIGHTON AND HOVE,Standard,Addition,50.8469820000,-0.1980840000
88950,1998-10-22 00:00:00Z,BN3 7LW,Semi-Detached,New Build,Freehold,44,,WAYFIELD AVENUE,HOVE,HOVE,BRIGHTON AND HOVE,BRIGHTON AND HOVE,Standard,Addition,50.8407330000,-0.1906690000
14500,1998-05-15 00:00:00Z,BN3 7JL,Terraced,Established,Freehold,98,,ELM DRIVE,HOVE,HOVE,BRIGHTON AND HOVE,BRIGHTON AND HOVE,Standard,Addition,50.8412030000,-0.1946710000
99000,1998-04-17 00:00:00Z,BN3 8PX,Semi-Detached,Established,Freehold,22,,POPLAR AVENUE,HOVE,HOVE,BRIGHTON AND HOVE,BRIGHTON AND HOVE,Standard,Addition,50.8459510000,-0.1948420000
84500,1998-12-11 00:00:00Z,BN3 7JH,Terraced,Established,Freehold,106,,ROWAN AVENUE,HOVE,HOVE,BRIGHTON AND HOVE,BRIGHTON AND HOVE,Standard,Addition,50.8430630000,-0.1965310000
96000,1998-01-08 00:00:00Z,BN3 8PS,Semi-Detached,Established,Freehold,78,,POPLAR AVENUE,HOVE,HOVE,BRIGHTON AND HOVE,BRIGHTON AND HOVE,Standard,Addition,50.8481560000,-0.1949560000
75000,1998-11-02 00:00:00Z,BN3 7JG,Terraced,Established,Freehold,18,,ROWAN AVENUE,HOVE,HOVE,BRIGHTON AND HOVE,BRIGHTON AND HOVE,Standard,Addition,50.8409770000,-0.1959430000
112950,1998-10-12 00:00:00Z,BN3 7JA,Semi-Detached,Established,Freehold,63,,ELM DRIVE,HOVE,HOVE,BRIGHTON AND HOVE,BRIGHTON AND HOVE,Standard,Addition,50.8406940000,-0.1939370000
104500,1998-02-27 00:00:00Z,BN3 8LS,Semi-Detached,Established,Freehold,51,,WEST WAY,HOVE,HOVE,BRIGHTON AND HOVE,BRIGHTON AND HOVE,Standard,Addition,50.8462370000,-0.1981980000
87500,1998-07-31 00:00:00Z,BN3 7SH,Semi-Detached,Established,Freehold,146,,HANGLETON ROAD,HOVE,HOVE,BRIGHTON AND HOVE,BRIGHTON AND HOVE,Standard,Addition,50.8441060000,-0.1988060000
130500,1998-10-22 00:00:00Z,BN3 7NG,Terraced,Established,Freehold,189,,NEVILL AVENUE,HOVE,HOVE,BRIGHTON AND HOVE,BRIGHTON AND HOVE,Standard,Addition,50.8440280000,-0.1916620000
69750,1998-05-22 00:00:00Z,BN3 8LN,Semi-Detached,Established,Freehold,9,,GLETON AVENUE,HOVE,HOVE,BRIGHTON AND HOVE,BRIGHTON AND HOVE,Standard,Addition,50.8467620000,-0.1984480000
119500,1998-10-30 00:00:00Z,BN3 7LW,Semi-Detached,New Build,Freehold,19,,WAYFIELD AVENUE,HOVE,HOVE,BRIGHTON AND HOVE,BRIGHTON AND HOVE,Standard,Addition,50.8407330000,-0.1906690000
15000,1998-03-15 00:00:00Z,BN3 7JA,Semi-Detached,Established,Freehold,53,,ELM DRIVE,HOVE,HOVE,BRIGHTON AND HOVE,BRIGHTON AND HOVE,Standard,Addition,50.8406940000,-0.1939370000
64950,1998-10-19 00:00:00Z,BN3 7FF,Semi-Detached,Established,Freehold,111,,STAPLEY ROAD,HOVE,HOVE,BRIGHTON AND HOVE,BRIGHTON AND HOVE,Standard,Addition,50.8414060000,-0.1979160000
96750,1998-09-25 00:00:00Z,BN3 7LW,Terraced,New Build,Freehold,32,,WAYFIELD AVENUE,HOVE,HOVE,BRIGHTON AND HOVE,BRIGHTON AND HOVE,Standard,Addition,50.8407330000,-0.1906690000
84950,1998-11-24 00:00:00Z,BN3 7JF,Terraced,Established,Freehold,31,,ROWAN AVENUE,HOVE,HOVE,BRIGHTON AND HOVE,BRIGHTON AND HOVE,Standard,Addition,50.8413420000,-0.1957310000
75000,1998-05-27 00:00:00Z,BN3 7JA,Semi-Detached,Established,Freehold,97,,ELM DRIVE,HOVE,HOVE,BRIGHTON AND HOVE,BRIGHTON AND HOVE,Standard,Addition,50.8406940000,-0.1939370000
119950,1998-11-11 00:00:00Z,BN3 7RE,Semi-Detached,New Build,Freehold,17,,WAYFIELD CLOSE,HOVE,HOVE,BRIGHTON AND HOVE,BRIGHTON AND HOVE,Standard,Addition,50.8413320000,-0.1903900000
98750,1998-08-28 00:00:00Z,BN3 7LW,Semi-Detached,New Build,Freehold,34,,WAYFIELD AVENUE,HOVE,HOVE,BRIGHTON AND HOVE,BRIGHTON AND HOVE,Standard,Addition,50.8407330000,-0.1906690000
88000,1998-08-27 00:00:00Z,BN3 7JL,Semi-Detached,Established,Freehold,94,,ELM DRIVE,HOVE,HOVE,BRIGHTON AND HOVE,BRIGHTON AND HOVE,Standard,Addition,50.8412030000,-0.1946710000
94000,1998-08-14 00:00:00Z,BN3 8LN,Semi-Detached,Established,Freehold,47,,GLETON AVENUE,HOVE,HOVE,BRIGHTON AND HOVE,BRIGHTON AND HOVE,Standard,Addition,50.8467620000,-0.1984480000
77600,1998-03-09 00:00:00Z,BN3 8PX,Semi-Detached,Established,Freehold,7,,POPLAR AVENUE,HOVE,HOVE,BRIGHTON AND HOVE,BRIGHTON AND HOVE,Standard,Addition,50.8459510000,-0.1948420000
92500,1998-06-05 00:00:00Z,BN3 8JJ,Terraced,Established,Freehold,46,,APPLESHAM AVENUE,HOVE,HOVE,BRIGHTON AND HOVE,BRIGHTON AND HOVE,Standard,Addition,50.8473290000,-0.1926580000
84950,1998-06-30 00:00:00Z,BN3 7LW,Semi-Detached,New Build,Freehold,8,,WAYFIELD AVENUE,HOVE,HOVE,BRIGHTON AND HOVE,BRIGHTON AND HOVE,Standard,Addition,50.8407330000,-0.1906690000
158950,1998-12-21 00:00:00Z,BN3 7LW,Detached,New Build,Freehold,33,,WAYFIELD AVENUE,HOVE,HOVE,BRIGHTON AND HOVE,BRIGHTON AND HOVE,Standard,Addition,50.8407330000,-0.1906690000
89950,1998-05-27 00:00:00Z,BN3 7JH,Terraced,Established,Freehold,126,,ROWAN AVENUE,HOVE,HOVE,BRIGHTON AND HOVE,BRIGHTON AND HOVE,Standard,Addition,50.8430630000,-0.1965310000
96500,1998-10-30 00:00:00Z,BN3 8LN,Semi-Detached,Established,Freehold,49,,GLETON AVENUE,HOVE,HOVE,BRIGHTON AND HOVE,BRIGHTON AND HOVE,Standard,Addition,50.8467620000,-0.1984480000
165000,1998-12-18 00:00:00Z,BN3 7LW,Detached,New Build,Freehold,27,,WAYFIELD AVENUE,HOVE,HOVE,BRIGHTON AND HOVE,BRIGHTON AND HOVE,Standard,Addition,50.8407330000,-0.1906690000
98000,1998-06-30 00:00:00Z,BN3 8PS,Semi-Detached,Established,Freehold,80,,POPLAR AVENUE,HOVE,HOVE,BRIGHTON AND HOVE,BRIGHTON AND HOVE,Standard,Addition,50.8481560000,-0.1949560000
91950,1998-09-30 00:00:00Z,BN3 7LW,Detached,New Build,Freehold,42,,WAYFIELD AVENUE,HOVE,HOVE,BRIGHTON AND HOVE,BRIGHTON AND HOVE,Standard,Addition,50.8407330000,-0.1906690000
99950,1998-08-28 00:00:00Z,BN3 7LW,Terraced,New Build,Freehold,26,,WAYFIELD AVENUE,HOVE,HOVE,BRIGHTON AND HOVE,BRIGHTON AND HOVE,Standard,Addition,50.8407330000,-0.1906690000
110000,1998-10-14 00:00:00Z,BN3 8LN,Semi-Detached,Established,Freehold,41,,GLETON AVENUE,HOVE,HOVE,BRIGHTON AND HOVE,BRIGHTON AND HOVE,Standard,Addition,50.8467620000,-0.1984480000
78000,1998-11-20 00:00:00Z,BN3 7JF,Terraced,Established,Freehold,23,,ROWAN AVENUE,HOVE,HOVE,BRIGHTON AND HOVE,BRIGHTON AND HOVE,Standard,Addition,50.8413420000,-0.1957310000
83950,1998-06-19 00:00:00Z,BN3 7LW,Semi-Detached,New Build,Freehold,10,,WAYFIELD AVENUE,HOVE,HOVE,BRIGHTON AND HOVE,BRIGHTON AND HOVE,Standard,Addition,50.8407330000,-0.1906690000
88000,1998-04-03 00:00:00Z,BN3 8LN,Semi-Detached,Established,Freehold,45,,GLETON AVENUE,HOVE,HOVE,BRIGHTON AND HOVE,BRIGHTON AND HOVE,Standard,Addition,50.8467620000,-0.1984480000
90000,1998-04-17 00:00:00Z,BN3 8LQ,Semi-Detached,Established,Freehold,54,,WEST WAY,HOVE,HOVE,BRIGHTON AND HOVE,BRIGHTON AND HOVE,Standard,Addition,50.8457630000,-0.1984010000
79700,1998-04-03 00:00:00Z,BN3 8LQ,Semi-Detached,Established,Freehold,52,,WEST WAY,HOVE,HOVE,BRIGHTON AND HOVE,BRIGHTON AND HOVE,Standard,Addition,50.8457630000,-0.1984010000
70000,1998-05-29 00:00:00Z,BN3 8LB,Semi-Detached,Established,Freehold,58,,DALE VIEW,HOVE,HOVE,BRIGHTON AND HOVE,BRIGHTON AND HOVE,Standard,Addition,50.8445470000,-0.1988460000
47500,1998-11-12 00:00:00Z,BN3 8LE,Flats/Maisonettes,Established,Leasehold,16,,KINGSTON CLOSE,HOVE,HOVE,BRIGHTON AND HOVE,BRIGHTON AND HOVE,Standard,Addition,50.8461490000,-0.1953890000
94500,1998-06-04 00:00:00Z,BN3 7RE,Terraced,New Build,Freehold,15,,WAYFIELD CLOSE,HOVE,HOVE,BRIGHTON AND HOVE,BRIGHTON AND HOVE,Standard,Addition,50.8413320000,-0.1903900000
88000,1998-06-26 00:00:00Z,BN3 7JF,Terraced,Established,Freehold,37,,ROWAN AVENUE,HOVE,HOVE,BRIGHTON AND HOVE,BRIGHTON AND HOVE,Standard,Addition,50.8413420000,-0.1957310000
95950,1998-03-31 00:00:00Z,BN3 7RE,Terraced,New Build,Freehold,5,,WAYFIELD CLOSE,HOVE,HOVE,BRIGHTON AND HOVE,BRIGHTON AND HOVE,Standard,Addition,50.8413320000,-0.1903900000
146500,1998-12-31 00:00:00Z,BN3 7LW,Detached,New Build,Freehold,35,,WAYFIELD AVENUE,HOVE,HOVE,BRIGHTON AND HOVE,BRIGHTON AND HOVE,Standard,Addition,50.8407330000,-0.1906690000
98000,1998-10-16 00:00:00Z,BN3 7LW,Semi-Detached,New Build,Freehold,11,,WAYFIELD AVENUE,HOVE,HOVE,BRIGHTON AND HOVE,BRIGHTON AND HOVE,Standard,Addition,50.8407330000,-0.1906690000
135500,1998-12-15 00:00:00Z,BN3 8JL,Terraced,Established,Freehold,16,,THORNHILL CLOSE,HOVE,HOVE,BRIGHTON AND HOVE,BRIGHTON AND HOVE,Standard,Addition,50.8484100000,-0.1939240000
99950,1998-09-18 00:00:00Z,BN3 7LW,Terraced,New Build,Freehold,36,,WAYFIELD AVENUE,HOVE,HOVE,BRIGHTON AND HOVE,BRIGHTON AND HOVE,Standard,Addition,50.8407330000,-0.1906690000
119950,1998-10-30 00:00:00Z,BN3 7LW,Semi-Detached,New Build,Freehold,17,,WAYFIELD AVENUE,HOVE,HOVE,BRIGHTON AND HOVE,BRIGHTON AND HOVE,Standard,Addition,50.8407330000,-0.1906690000
137000,1998-09-14 00:00:00Z,BN3 7LR,Semi-Detached,Established,Freehold,301,,HANGLETON ROAD,HOVE,HOVE,BRIGHTON AND HOVE,BRIGHTON AND HOVE,Standard,Addition,50.8459640000,-0.1902260000
149950,1998-06-30 00:00:00Z,BN3 7LW,Detached,New Build,Freehold,9,,WAYFIELD AVENUE,HOVE,HOVE,BRIGHTON AND HOVE,BRIGHTON AND HOVE,Standard,Addition,50.8407330000,-0.1906690000
84750,1998-06-16 00:00:00Z,BN3 7LW,Terraced,New Build,Freehold,14,,WAYFIELD AVENUE,HOVE,HOVE,BRIGHTON AND HOVE,BRIGHTON AND HOVE,Standard,Addition,50.8407330000,-0.1906690000
45000,1998-10-12 00:00:00Z,BN3 8BB,Terraced,Established,Leasehold,70,,SHERBOURNE ROAD,HOVE,HOVE,BRIGHTON AND HOVE,BRIGHTON AND HOVE,Standard,Addition,50.8496460000,-0.1999700000
115000,1998-12-18 00:00:00Z,BN3 8PP,Semi-Detached,Established,Leasehold,81,,NORTHEASE DRIVE,HOVE,HOVE,BRIGHTON AND HOVE,BRIGHTON AND HOVE,Standard,Addition,50.8486400000,-0.1977930000
88450,1998-09-11 00:00:00Z,BN3 7LW,Semi-Detached,New Build,Freehold,30,,WAYFIELD AVENUE,HOVE,HOVE,BRIGHTON AND HOVE,BRIGHTON AND HOVE,Standard,Addition,50.8407330000,-0.1906690000
54000,1998-09-16 00:00:00Z,BN3 8LA,Flats/Maisonettes,Established,Leasehold,1A,,DALE VIEW,HOVE,HOVE,BRIGHTON AND HOVE,BRIGHTON AND HOVE,Standard,Addition,50.8449120000,-0.1986180000
75000,1998-12-15 00:00:00Z,BN3 8LQ,Terraced,Established,Freehold,24,,WEST WAY,HOVE,HOVE,BRIGHTON AND HOVE,BRIGHTON AND HOVE,Standard,Addition,50.8457630000,-0.1984010000
96750,1998-09-30 00:00:00Z,BN3 7LW,Semi-Detached,New Build,Freehold,38,,WAYFIELD AVENUE,HOVE,HOVE,BRIGHTON AND HOVE,BRIGHTON AND HOVE,Standard,Addition,50.8407330000,-0.1906690000
46600,1998-06-12 00:00:00Z,BN3 8BA,Flats/Maisonettes,Established,Leasehold,35,,SHERBOURNE ROAD,HOVE,HOVE,BRIGHTON AND HOVE,BRIGHTON AND HOVE,Standard,Addition,50.8493060000,-0.1995430000
68000,1998-06-08 00:00:00Z,BN3 8LL,Semi-Detached,Established,Freehold,8,,GLETON AVENUE,HOVE,HOVE,BRIGHTON AND HOVE,BRIGHTON AND HOVE,Standard,Addition,50.8469820000,-0.1980840000
167950,1998-12-18 00:00:00Z,BN3 7LW,Detached,New Build,Freehold,48,,WAYFIELD AVENUE,HOVE,HOVE,BRIGHTON AND HOVE,BRIGHTON AND HOVE,Standard,Addition,50.8407330000,-0.1906690000
95950,1998-12-23 00:00:00Z,BN3 7LW,Semi-Detached,New Build,Freehold,15,,WAYFIELD AVENUE,HOVE,HOVE,BRIGHTON AND HOVE,BRIGHTON AND HOVE,Standard,Addition,50.8407330000,-0.1906690000
82000,1998-07-03 00:00:00Z,BN3 8LG,Semi-Detached,Established,Freehold,5,,SUMMERDALE ROAD,HOVE,HOVE,BRIGHTON AND HOVE,BRIGHTON AND HOVE,Standard,Addition,50.8476110000,-0.1974630000
79950,1998-02-12 00:00:00Z,BN3 7RE,Terraced,New Build,Freehold,3,,WAYFIELD CLOSE,HOVE,HOVE,BRIGHTON AND HOVE,BRIGHTON AND HOVE,Standard,Addition,50.8413320000,-0.1903900000
48500,1998-08-21 00:00:00Z,BN3 8BE,Terraced,Established,Leasehold,37,,SHERBOURNE CLOSE,HOVE,HOVE,BRIGHTON AND HOVE,BRIGHTON AND HOVE,Standard,Addition,50.8499730000,-0.1984380000
38000,1998-02-27 00:00:00Z,BN3 7LS,Semi-Detached,Established,Freehold,221,,HANGLETON ROAD,HOVE,HOVE,BRIGHTON AND HOVE,BRIGHTON AND HOVE,Standard,Addition,50.8441990000,-0.1949670000
71000,1998-10-16 00:00:00Z,BN3 7JG,Terraced,Established,Freehold,42,,ROWAN AVENUE,HOVE,HOVE,BRIGHTON AND HOVE,BRIGHTON AND HOVE,Standard,Addition,50.8409770000,-0.1959430000
76000,1998-12-11 00:00:00Z,BN3 8PQ,Semi-Detached,Established,Freehold,6,,NORTHEASE DRIVE,HOVE,HOVE,BRIGHTON AND HOVE,BRIGHTON AND HOVE,Standard,Addition,50.8493070000,-0.1937900000
91500,1998-09-11 00:00:00Z,BN3 8JN,Semi-Detached,Established,Freehold,81,,APPLESHAM AVENUE,HOVE,HOVE,BRIGHTON AND HOVE,BRIGHTON AND HOVE,Standard,Addition,50.8486070000,-0.1927230000
79950,1998-04-09 00:00:00Z,BN3 8LT,Semi-Detached,Established,Freehold,16,,HANGLETON CLOSE,HOVE,HOVE,BRIGHTON AND HOVE,BRIGHTON AND HOVE,Standard,Addition,50.8452720000,-0.1997980000
74900,1998-09-25 00:00:00Z,BN3 7FT,Semi-Detached,Established,Freehold,110,,GODWIN ROAD,HOVE,HOVE,BRIGHTON AND HOVE,BRIGHTON AND HOVE,Standard,Addition,50.8427970000,-0.1996800000
47500,1998-08-28 00:00:00Z,BN3 8PQ,Semi-Detached,Established,Freehold,37,,NORTHEASE DRIVE,HOVE,HOVE,BRIGHTON AND HOVE,BRIGHTON AND HOVE,Standard,Addition,50.8493070000,-0.1937900000
85500,1998-07-30 00:00:00Z,BN3 8BY,Semi-Detached,Established,Freehold,4,,THE DENE,HOVE,HOVE,BRIGHTON AND HOVE,BRIGHTON AND HOVE,Standard,Addition,50.8493270000,-0.1979370000
103000,1998-12-04 00:00:00Z,BN3 8LL,Semi-Detached,Established,Freehold,28,,GLETON AVENUE,HOVE,HOVE,BRIGHTON AND HOVE,BRIGHTON AND HOVE,Standard,Addition,50.8469820000,-0.1980840000
64000,1998-05-29 00:00:00Z,BN3 7FG,Semi-Detached,Established,Freehold,118,,STAPLEY ROAD,HOVE,HOVE,BRIGHTON AND HOVE,BRIGHTON AND HOVE,Standard,Addition,50.8426450000,-0.1979670000
76000,1998-06-18 00:00:00Z,BN3 7JD,Semi-Detached,Established,Freehold,215,,ELM DRIVE,HOVE,HOVE,BRIGHTON AND HOVE,BRIGHTON AND HOVE,Standard,Addition,50.8433220000,-0.1940630000
96950,1998-08-25 00:00:00Z,BN3 7LW,Flats/Maisonettes,Established,Freehold,28,,WAYFIELD AVENUE,HOVE,HOVE,BRIGHTON AND HOVE,BRIGHTON AND HOVE,Standard,Addition,50.8407330000,-0.1906690000
63000,1998-02-18 00:00:00Z,BN3 8LB,Terraced,Established,Freehold,40,,DALE VIEW,HOVE,HOVE,BRIGHTON AND HOVE,BRIGHTON AND HOVE,Standard,Addition,50.8445470000,-0.1988460000
142500,1998-10-30 00:00:00Z,BN3 7LW,Detached,New Build,Freehold,21,,WAYFIELD AVENUE,HOVE,HOVE,BRIGHTON AND HOVE,BRIGHTON AND HOVE,Standard,Addition,50.8407330000,-0.1906690000
102000,1998-09-04 00:00:00Z,BN3 7LW,Terraced,New Build,Freehold,5,,WAYFIELD AVENUE,HOVE,HOVE,BRIGHTON AND HOVE,BRIGHTON AND HOVE,Standard,Addition,50.8407330000,-0.1906690000
102000,1998-09-25 00:00:00Z,BN3 8JN,Semi-Detached,Established,Freehold,72,,APPLESHAM AVENUE,HOVE,HOVE,BRIGHTON AND HOVE,BRIGHTON AND HOVE,Standard,Addition,50.8486070000,-0.1927230000
92950,1998-03-30 00:00:00Z,BN3 7RE,Terraced,New Build,Freehold,9,,WAYFIELD CLOSE,HOVE,HOVE,BRIGHTON AND HOVE,BRIGHTON AND HOVE,Standard,Addition,50.8413320000,-0.1903900000
70000,1998-03-09 00:00:00Z,BN3 8PX,Detached,Established,Freehold,1,,POPLAR AVENUE,HOVE,HOVE,BRIGHTON AND HOVE,BRIGHTON AND HOVE,Standard,Addition,50.8459510000,-0.1948420000
116000,1998-10-23 00:00:00Z,BN3 7NG,Semi-Detached,Established,Freehold,201,,NEVILL AVENUE,HOVE,HOVE,BRIGHTON AND HOVE,BRIGHTON AND HOVE,Standard,Addition,50.8440280000,-0.1916620000
77000,1998-06-30 00:00:00Z,BN3 7JH,Terraced,Established,Freehold,94,,ROWAN AVENUE,HOVE,HOVE,BRIGHTON AND HOVE,BRIGHTON AND HOVE,Standard,Addition,50.8430630000,-0.1965310000
152000,1999-06-07 00:00:00Z,BN3 7LW,Detached,New Build,Freehold,56,,WAYFIELD AVENUE,,HOVE,BRIGHTON AND HOVE,BRIGHTON AND HOVE,Standard,Addition,50.8407330000,-0.1906690000
176000,1999-06-25 00:00:00Z,BN3 7RE,Detached,New Build,Freehold,1,,WAYFIELD CLOSE,,HOVE,BRIGHTON AND HOVE,BRIGHTON AND HOVE,Standard,Addition,50.8413320000,-0.1903900000
51000,1999-06-11 00:00:00Z,BN3 8LT,Flats/Maisonettes,Established,Leasehold,1B,,HANGLETON CLOSE,,HOVE,BRIGHTON AND HOVE,BRIGHTON AND HOVE,Standard,Addition,50.8452720000,-0.1997980000
126500,1999-07-15 00:00:00Z,BN3 7LR,Semi-Detached,Established,Freehold,311,,HANGLETON ROAD,,HOVE,BRIGHTON AND HOVE,BRIGHTON AND HOVE,Standard,Addition,50.8459640000,-0.1902260000
95000,1999-08-02 00:00:00Z,BN3 8PP,Detached,Established,Freehold,71,,NORTHEASE DRIVE,,HOVE,BRIGHTON AND HOVE,BRIGHTON AND HOVE,Standard,Addition,50.8486400000,-0.1977930000
87000,1999-03-29 00:00:00Z,BN3 7JG,Semi-Detached,Established,Freehold,20,,ROWAN AVENUE,,HOVE,BRIGHTON AND HOVE,BRIGHTON AND HOVE,Standard,Addition,50.8409770000,-0.1959430000
89000,1999-09-10 00:00:00Z,BN3 7JE,Terraced,Established,Freehold,198,,ELM DRIVE,,HOVE,BRIGHTON AND HOVE,BRIGHTON AND HOVE,Standard,Addition,50.8432400000,-0.1945780000
129000,1999-07-29 00:00:00Z,BN3 8JL,Terraced,Established,Freehold,15,,THORNHILL CLOSE,,HOVE,BRIGHTON AND HOVE,BRIGHTON AND HOVE,Standard,Addition,50.8484100000,-0.1939240000
91500,1999-05-28 00:00:00Z,BN3 7JH,Terraced,Established,Freehold,65,,ROWAN AVENUE,,HOVE,BRIGHTON AND HOVE,BRIGHTON AND HOVE,Standard,Addition,50.8430630000,-0.1965310000
69500,1999-01-25 00:00:00Z,BN3 8LF,Semi-Detached,Established,Freehold,88,,DALE VIEW,,HOVE,BRIGHTON AND HOVE,BRIGHTON AND HOVE,Standard,Addition,50.8466780000,-0.1959220000
91500,1999-07-14 00:00:00Z,BN3 8LB,Semi-Detached,Established,Freehold,24,,DALE VIEW,,HOVE,BRIGHTON AND HOVE,BRIGHTON AND HOVE,Standard,Addition,50.8445470000,-0.1988460000
129000,1999-04-16 00:00:00Z,BN3 7LR,Semi-Detached,Established,Freehold,269,,HANGLETON ROAD,,HOVE,BRIGHTON AND HOVE,BRIGHTON AND HOVE,Standard,Addition,50.8459640000,-0.1902260000
134950,1999-12-01 00:00:00Z,BN3 8PS,Semi-Detached,Established,Freehold,96,,POPLAR AVENUE,,HOVE,BRIGHTON AND HOVE,BRIGHTON AND HOVE,Standard,Addition,50.8481560000,-0.1949560000
152000,1999-01-15 00:00:00Z,BN3 7LP,Detached,Established,Freehold,232,,HANGLETON ROAD,,HOVE,BRIGHTON AND HOVE,BRIGHTON AND HOVE,Standard,Addition,50.8461290000,-0.1910290000
151500,1999-06-24 00:00:00Z,BN3 7LW,Detached,New Build,Freehold,4,,WAYFIELD AVENUE,,HOVE,BRIGHTON AND HOVE,BRIGHTON AND HOVE,Standard,Addition,50.8407330000,-0.1906690000
81000,1999-10-29 00:00:00Z,BN3 7JD,Terraced,Established,Freehold,189,,ELM DRIVE,,HOVE,BRIGHTON AND HOVE,BRIGHTON AND HOVE,Standard,Addition,50.8433220000,-0.1940630000
168500,1999-04-23 00:00:00Z,BN3 7LW,Detached,New Build,Freehold,43,,WAYFIELD AVENUE,,HOVE,BRIGHTON AND HOVE,BRIGHTON AND HOVE,Standard,Addition,50.8407330000,-0.1906690000
126000,1999-05-28 00:00:00Z,BN3 7LR,Semi-Detached,Established,Freehold,257,,HANGLETON ROAD,,HOVE,BRIGHTON AND HOVE,BRIGHTON AND HOVE,Standard,Addition,50.8459640000,-0.1902260000
107500,1999-02-25 00:00:00Z,BN3 8PU,Semi-Detached,Established,Freehold,44,,POPLAR AVENUE,,HOVE,BRIGHTON AND HOVE,BRIGHTON AND HOVE,Standard,Addition,50.8466770000,-0.1946580000
110000,1999-10-22 00:00:00Z,BN3 7JD,Semi-Detached,Established,Freehold,193,,ELM DRIVE,,HOVE,BRIGHTON AND HOVE,BRIGHTON AND HOVE,Standard,Addition,50.8433220000,-0.1940630000
94000,1999-06-01 00:00:00Z,BN3 7JG,Terraced,Established,Freehold,24,,ROWAN AVENUE,,HOVE,BRIGHTON AND HOVE,BRIGHTON AND HOVE,Standard,Addition,50.8409770000,-0.1959430000
172950,1999-05-21 00:00:00Z,BN3 7LW,Detached,New Build,Freehold,37,,WAYFIELD AVENUE,,HOVE,BRIGHTON AND HOVE,BRIGHTON AND HOVE,Standard,Addition,50.8407330000,-0.1906690000
72000,1999-01-28 00:00:00Z,BN3 7JG,Terraced,Established,Freehold,72,,ROWAN AVENUE,,HOVE,BRIGHTON AND HOVE,BRIGHTON AND HOVE,Standard,Addition,50.8409770000,-0.1959430000
80000,1999-11-01 00:00:00Z,BN3 7FL,Terraced,Established,Freehold,40,,WILFRID ROAD,,HOVE,BRIGHTON AND HOVE,BRIGHTON AND HOVE,Standard,Addition,50.8407790000,-0.1994310000
112000,1999-12-15 00:00:00Z,BN3 7JH,Terraced,Established,Freehold,92,,ROWAN AVENUE,,HOVE,BRIGHTON AND HOVE,BRIGHTON AND HOVE,Standard,Addition,50.8430630000,-0.1965310000
57000,1999-09-03 00:00:00Z,BN3 8JF,Flats/Maisonettes,Established,Freehold,4A,,APPLESHAM AVENUE,,HOVE,BRIGHTON AND HOVE,BRIGHTON AND HOVE,Standard,Addition,50.8457820000,-0.1938120000
151000,1999-06-30 00:00:00Z,BN3 7LW,Detached,New Build,Freehold,6,,WAYFIELD AVENUE,,HOVE,BRIGHTON AND HOVE,BRIGHTON AND HOVE,Standard,Addition,50.8407330000,-0.1906690000
84950,1999-05-07 00:00:00Z,BN3 7FG,Semi-Detached,Established,Freehold,131,,STAPLEY ROAD,,HOVE,BRIGHTON AND HOVE,BRIGHTON AND HOVE,Standard,Addition,50.8426450000,-0.1979670000
93500,1999-03-19 00:00:00Z,BN3 8LL,Semi-Detached,Established,Freehold,24,,GLETON AVENUE,,HOVE,BRIGHTON AND HOVE,BRIGHTON AND HOVE,Standard,Addition,50.8469820000,-0.1980840000
105000,1999-03-08 00:00:00Z,BN3 8PU,Semi-Detached,Established,Freehold,40,,POPLAR AVENUE,,HOVE,BRIGHTON AND HOVE,BRIGHTON AND HOVE,Standard,Addition,50.8466770000,-0.1946580000
109000,1999-03-18 00:00:00Z,BN3 8BA,Detached,Established,Freehold,3,,SHERBOURNE ROAD,,HOVE,BRIGHTON AND HOVE,BRIGHTON AND HOVE,Standard,Addition,50.8493060000,-0.1995430000
104000,1999-05-28 00:00:00Z,BN3 8PB,Semi-Detached,Established,Freehold,29,,LARK HILL,,HOVE,BRIGHTON AND HOVE,BRIGHTON AND HOVE,Standard,Addition,50.8498470000,-0.1926180000
92000,1999-06-07 00:00:00Z,BN3 8JN,Semi-Detached,Established,Freehold,84,,APPLESHAM AVENUE,,HOVE,BRIGHTON AND HOVE,BRIGHTON AND HOVE,Standard,Addition,50.8486070000,-0.1927230000
117000,1999-01-15 00:00:00Z,BN3 8LN,Detached,Established,Freehold,61,,GLETON AVENUE,,HOVE,BRIGHTON AND HOVE,BRIGHTON AND HOVE,Standard,Addition,50.8467620000,-0.1984480000
116000,1999-07-02 00:00:00Z,BN3 8LN,Semi-Detached,Established,Freehold,59,,GLETON AVENUE,,HOVE,BRIGHTON AND HOVE,BRIGHTON AND HOVE,Standard,Addition,50.8467620000,-0.1984480000
68000,1999-12-22 00:00:00Z,BN3 8BB,Flats/Maisonettes,Established,Leasehold,80,,SHERBOURNE ROAD,,HOVE,BRIGHTON AND HOVE,BRIGHTON AND HOVE,Standard,Addition,50.8496460000,-0.1999700000
56000,1999-12-02 00:00:00Z,BN3 7JL,Terraced,Established,Freehold,92A,,ELM DRIVE,,HOVE,BRIGHTON AND HOVE,BRIGHTON AND HOVE,Standard,Addition,50.8412030000,-0.1946710000
107500,1999-08-19 00:00:00Z,BN3 7RE,Semi-Detached,Established,Freehold,2,,WAYFIELD CLOSE,,HOVE,BRIGHTON AND HOVE,BRIGHTON AND HOVE,Standard,Addition,50.8413320000,-0.1903900000
149950,1999-03-18 00:00:00Z,BN3 7LW,Detached,New Build,Freehold,52,,WAYFIELD AVENUE,,HOVE,BRIGHTON AND HOVE,BRIGHTON AND HOVE,Standard,Addition,50.8407330000,-0.1906690000
120000,1999-01-15 00:00:00Z,BN3 7JD,Semi-Detached,Established,Freehold,169,,ELM DRIVE,,HOVE,BRIGHTON AND HOVE,BRIGHTON AND HOVE,Standard,Addition,50.8433220000,-0.1940630000
130000,1999-03-10 00:00:00Z,BN3 7LR,Semi-Detached,Established,Freehold,309,,HANGLETON ROAD,,HOVE,BRIGHTON AND HOVE,BRIGHTON AND HOVE,Standard,Addition,50.8459640000,-0.1902260000
96000,1999-08-27 00:00:00Z,BN3 7LW,Semi-Detached,Established,Freehold,12,,WAYFIELD AVENUE,,HOVE,BRIGHTON AND HOVE,BRIGHTON AND HOVE,Standard,Addition,50.8407330000,-0.1906690000
148000,1999-03-31 00:00:00Z,BN3 7LW,Detached,New Build,Freehold,29,,WAYFIELD AVENUE,,HOVE,BRIGHTON AND HOVE,BRIGHTON AND HOVE,Standard,Addition,50.8407330000,-0.1906690000
91000,1999-09-30 00:00:00Z,BN3 8LG,Semi-Detached,Established,Freehold,26,,SUMMERDALE ROAD,,HOVE,BRIGHTON AND HOVE,BRIGHTON AND HOVE,Standard,Addition,50.8476110000,-0.1974630000
123000,1999-12-10 00:00:00Z,BN3 8PB,Terraced,Established,Freehold,14,,LARK HILL,,HOVE,BRIGHTON AND HOVE,BRIGHTON AND HOVE,Standard,Addition,50.8498470000,-0.1926180000
94000,1999-10-15 00:00:00Z,BN3 8LB,Semi-Detached,Established,Freehold,46,,DALE VIEW,,HOVE,BRIGHTON AND HOVE,BRIGHTON AND HOVE,Standard,Addition,50.8445470000,-0.1988460000
77000,1999-05-07 00:00:00Z,BN3 7JA,Terraced,Established,Freehold,127,,ELM DRIVE,,HOVE,PORTSMOUTH,PORTSMOUTH,Standard,Addition,50.8406940000,-0.1939370000
102200,1999-10-25 00:00:00Z,BN3 7JA,Terraced,Established,Freehold,161,,ELM DRIVE,,HOVE,BRIGHTON AND HOVE,BRIGHTON AND HOVE,Standard,Addition,50.8406940000,-0.1939370000
167950,1999-03-31 00:00:00Z,BN3 7LW,Detached,New Build,Freehold,58,,WAYFIELD AVENUE,,HOVE,BRIGHTON AND HOVE,BRIGHTON AND HOVE,Standard,Addition,50.8407330000,-0.1906690000
94000,1999-08-20 00:00:00Z,BN3 8LB,Semi-Detached,Established,Freehold,30,,DALE VIEW,,HOVE,BRIGHTON AND HOVE,BRIGHTON AND HOVE,Standard,Addition,50.8445470000,-0.1988460000
98650,1999-10-07 00:00:00Z,BN3 8LT,Semi-Detached,Established,Freehold,34,,HANGLETON CLOSE,,HOVE,BRIGHTON AND HOVE,BRIGHTON AND HOVE,Standard,Addition,50.8452720000,-0.1997980000
109000,1999-06-29 00:00:00Z,BN3 8LF,Semi-Detached,Established,Freehold,132,,DALE VIEW,,HOVE,BRIGHTON AND HOVE,BRIGHTON AND HOVE,Standard,Addition,50.8466780000,-0.1959220000
94950,1999-12-01 00:00:00Z,BN3 7LW,Semi-Detached,Established,Freehold,30,,WAYFIELD AVENUE,,HOVE,BRIGHTON AND HOVE,BRIGHTON AND HOVE,Standard,Addition,50.8407330000,-0.1906690000
96000,1999-04-16 00:00:00Z,BN3 8PS,Semi-Detached,Established,Freehold,98,,POPLAR AVENUE,,HOVE,BRIGHTON AND HOVE,BRIGHTON AND HOVE,Standard,Addition,50.8481560000,-0.1949560000
130000,1999-04-16 00:00:00Z,BN3 8JL,Semi-Detached,Established,Freehold,1,,THORNHILL CLOSE,,HOVE,BRIGHTON AND HOVE,BRIGHTON AND HOVE,Standard,Addition,50.8484100000,-0.1939240000
89500,1999-06-25 00:00:00Z,BN3 8JS,Semi-Detached,Established,Freehold,13,,AMBERLEY DRIVE,,HOVE,BRIGHTON AND HOVE,BRIGHTON AND HOVE,Standard,Addition,50.8477480000,-0.1918330000
84000,1999-06-25 00:00:00Z,BN3 8JS,Semi-Detached,Established,Freehold,34,,AMBERLEY DRIVE,,HOVE,BRIGHTON AND HOVE,BRIGHTON AND HOVE,Standard,Addition,50.8477480000,-0.1918330000
99000,1999-07-15 00:00:00Z,BN3 7JL,Terraced,Established,Freehold,98,,ELM DRIVE,,HOVE,BRIGHTON AND HOVE,BRIGHTON AND HOVE,Standard,Addition,50.8412030000,-0.1946710000
130000,1999-08-02 00:00:00Z,BN3 8PP,Semi-Detached,Established,Freehold,66,,NORTHEASE DRIVE,,HOVE,BRIGHTON AND HOVE,BRIGHTON AND HOVE,Standard,Addition,50.8486400000,-0.1977930000
130000,1999-12-15 00:00:00Z,BN3 8PP,Semi-Detached,Established,Freehold,46,,NORTHEASE DRIVE,,HOVE,BRIGHTON AND HOVE,BRIGHTON AND HOVE,Standard,Addition,50.8486400000,-0.1977930000
145000,1999-08-26 00:00:00Z,BN3 8JS,Detached,Established,Freehold,22,,AMBERLEY DRIVE,,HOVE,BRIGHTON AND HOVE,BRIGHTON AND HOVE,Standard,Addition,50.8477480000,-0.1918330000
60000,1999-07-26 00:00:00Z,BN3 8LF,Semi-Detached,Established,Freehold,88,,DALE VIEW,,HOVE,BRIGHTON AND HOVE,BRIGHTON AND HOVE,Standard,Addition,50.8466780000,-0.1959220000
109950,1999-12-03 00:00:00Z,BN3 7JL,Terraced,Established,Freehold,128,,ELM DRIVE,,HOVE,BRIGHTON AND HOVE,BRIGHTON AND HOVE,Standard,Addition,50.8412030000,-0.1946710000
174950,1999-06-15 00:00:00Z,BN3 7LW,Detached,New Build,Freehold,47,,WAYFIELD AVENUE,,HOVE,BRIGHTON AND HOVE,BRIGHTON AND HOVE,Standard,Addition,50.8407330000,-0.1906690000
72000,1999-06-07 00:00:00Z,BN3 7JL,Semi-Detached,Established,Freehold,84A,,ELM DRIVE,,HOVE,BRIGHTON AND HOVE,BRIGHTON AND HOVE,Standard,Addition,50.8412030000,-0.1946710000
145950,1999-02-26 00:00:00Z,BN3 7LW,Detached,New Build,Freehold,50,,WAYFIELD AVENUE,,HOVE,BRIGHTON AND HOVE,BRIGHTON AND HOVE,Standard,Addition,50.8407330000,-0.1906690000
67950,1999-08-27 00:00:00Z,BN3 7FH,Semi-Detached,Established,Freehold,9,,MARTIN ROAD,,HOVE,BRIGHTON AND HOVE,BRIGHTON AND HOVE,Standard,Addition,50.8421880000,-0.1998170000
148000,1999-03-31 00:00:00Z,BN3 7LW,Detached,New Build,Freehold,46,,WAYFIELD AVENUE,,HOVE,BRIGHTON AND HOVE,BRIGHTON AND HOVE,Standard,Addition,50.8407330000,-0.1906690000
68000,1999-10-18 00:00:00Z,BN3 8LD,Semi-Detached,Established,Freehold,9,,WEST WAY,,HOVE,BRIGHTON AND HOVE,BRIGHTON AND HOVE,Standard,Addition,50.8450240000,-0.1953900000
66750,1999-12-07 00:00:00Z,BN3 8BE,Flats/Maisonettes,Established,Leasehold,33,,SHERBOURNE CLOSE,,HOVE,BRIGHTON AND HOVE,BRIGHTON AND HOVE,Standard,Addition,50.8499730000,-0.1984380000
95000,1999-09-29 00:00:00Z,BN3 8LD,Detached,Established,Freehold,1,,WEST WAY,,HOVE,BRIGHTON AND HOVE,BRIGHTON AND HOVE,Standard,Addition,50.8450240000,-0.1953900000
76000,1999-02-26 00:00:00Z,BN3 7JG,Terraced,Established,Freehold,8,,ROWAN AVENUE,,HOVE,BRIGHTON AND HOVE,BRIGHTON AND HOVE,Standard,Addition,50.8409770000,-0.1959430000
124000,1999-01-13 00:00:00Z,BN3 7LR,Semi-Detached,Established,Freehold,253,,HANGLETON ROAD,,HOVE,BRIGHTON AND HOVE,BRIGHTON AND HOVE,Standard,Addition,50.8459640000,-0.1902260000
86500,1999-05-14 00:00:00Z,BN3 8LG,Semi-Detached,Established,Freehold,25,,SUMMERDALE ROAD,,HOVE,BRIGHTON AND HOVE,BRIGHTON AND HOVE,Standard,Addition,50.8476110000,-0.1974630000
99950,1999-12-22 00:00:00Z,BN3 7JA,Semi-Detached,Established,Freehold,103,,ELM DRIVE,,HOVE,BRIGHTON AND HOVE,BRIGHTON AND HOVE,Standard,Addition,50.8406940000,-0.1939370000
169950,1999-04-27 00:00:00Z,BN3 7LW,Detached,New Build,Freehold,60,,WAYFIELD AVENUE,,HOVE,BRIGHTON AND HOVE,BRIGHTON AND HOVE,Standard,Addition,50.8407330000,-0.1906690000
172950,1999-06-24 00:00:00Z,BN3 7LW,Detached,New Build,Freehold,31,,WAYFIELD AVENUE,,HOVE,BRIGHTON AND HOVE,BRIGHTON AND HOVE,Standard,Addition,50.8407330000,-0.1906690000
109500,1999-05-07 00:00:00Z,BN3 8PT,Flats/Maisonettes,Established,Freehold,43,,POPLAR AVENUE,,HOVE,BRIGHTON AND HOVE,BRIGHTON AND HOVE,Standard,Addition,50.8479490000,-0.1943530000
95000,1999-01-05 00:00:00Z,BN3 8LF,Semi-Detached,Established,Freehold,120,,DALE VIEW,,HOVE,BRIGHTON AND HOVE,BRIGHTON AND HOVE,Standard,Addition,50.8466780000,-0.1959220000
80950,1999-04-06 00:00:00Z,BN3 7JA,Terraced,Established,Freehold,153,,ELM DRIVE,,HOVE,BRIGHTON AND HOVE,BRIGHTON AND HOVE,Standard,Addition,50.8406940000,-0.1939370000
87950,1999-06-14 00:00:00Z,BN3 7JH,Terraced,Established,Freehold,59,,ROWAN AVENUE,,HOVE,BRIGHTON AND HOVE,BRIGHTON AND HOVE,Standard,Addition,50.8430630000,-0.1965310000
58000,1999-03-12 00:00:00Z,BN3 7FF,Terraced,Established,Freehold,92,,STAPLEY ROAD,,HOVE,BRIGHTON AND HOVE,BRIGHTON AND HOVE,Standard,Addition,50.8414060000,-0.1979160000
49500,1999-04-09 00:00:00Z,BN3 8LA,Flats/Maisonettes,Established,Leasehold,1,FLAT 2,DALE VIEW,,HOVE,BRIGHTON AND HOVE,BRIGHTON AND HOVE,Standard,Addition,50.8449120000,-0.1986180000
100000,1999-11-30 00:00:00Z,BN3 7JD,Semi-Detached,Established,Freehold,203,,ELM DRIVE,,HOVE,BRIGHTON AND HOVE,BRIGHTON AND HOVE,Standard,Addition,50.8433220000,-0.1940630000
55500,1999-09-20 00:00:00Z,BN3 8JD,Flats/Maisonettes,Established,Leasehold,26,,SUNNINGHILL CLOSE,,HOVE,BRIGHTON AND HOVE,BRIGHTON AND HOVE,Standard,Addition,50.8457210000,-0.1921670000
89950,1999-05-27 00:00:00Z,BN3 7JF,Terraced,Established,Freehold,23,,ROWAN AVENUE,,HOVE,BRIGHTON AND HOVE,BRIGHTON AND HOVE,Standard,Addition,50.8413420000,-0.1957310000
74750,1999-02-25 00:00:00Z,BN3 8GG,Semi-Detached,Established,Freehold,53,,CLARKE AVENUE,,HOVE,BRIGHTON AND HOVE,BRIGHTON AND HOVE,Standard,Addition,50.8479560000,-0.1901200000
48000,1999-07-27 00:00:00Z,BN3 8BE,Flats/Maisonettes,Established,Leasehold,33,,SHERBOURNE CLOSE,,HOVE,BRIGHTON AND HOVE,BRIGHTON AND HOVE,Standard,Addition,50.8499730000,-0.1984380000
54500,1999-06-09 00:00:00Z,BN3 8BA,Flats/Maisonettes,Established,Leasehold,21,,SHERBOURNE ROAD,,HOVE,BRIGHTON AND HOVE,BRIGHTON AND HOVE,Standard,Addition,50.8493060000,-0.1995430000
42950,1999-07-23 00:00:00Z,BN3 8LE,Flats/Maisonettes,Established,Leasehold,58,,KINGSTON CLOSE,,HOVE,BRIGHTON AND HOVE,BRIGHTON AND HOVE,Standard,Addition,50.8461490000,-0.1953890000
62500,1999-11-22 00:00:00Z,BN3 8BB,Flats/Maisonettes,Established,Leasehold,78,,SHERBOURNE ROAD,,HOVE,BRIGHTON AND HOVE,BRIGHTON AND HOVE,Standard,Addition,50.8496460000,-0.1999700000
165000,1999-06-30 00:00:00Z,BN3 7LW,Detached,New Build,Freehold,39,,WAYFIELD AVENUE,,HOVE,BRIGHTON AND HOVE,BRIGHTON AND HOVE,Standard,Addition,50.8407330000,-0.1906690000
67000,1999-08-06 00:00:00Z,BN3 8LF,Detached,Established,Freehold,51,,DALE VIEW,,HOVE,BRIGHTON AND HOVE,BRIGHTON AND HOVE,Standard,Addition,50.8466780000,-0.1959220000
86000,1999-08-20 00:00:00Z,BN3 8LF,Semi-Detached,Established,Freehold,130,,DALE VIEW,,HOVE,BRIGHTON AND HOVE,BRIGHTON AND HOVE,Standard,Addition,50.8466780000,-0.1959220000
57950,1999-10-18 00:00:00Z,BN3 8LE,Flats/Maisonettes,Established,Leasehold,13,,KINGSTON CLOSE,,HOVE,BRIGHTON AND HOVE,BRIGHTON AND HOVE,Standard,Addition,50.8461490000,-0.1953890000
95000,1999-05-07 00:00:00Z,BN3 8PT,Semi-Detached,Established,Freehold,59,,POPLAR AVENUE,,HOVE,BRIGHTON AND HOVE,BRIGHTON AND HOVE,Standard,Addition,50.8479490000,-0.1943530000
169950,1999-06-04 00:00:00Z,BN3 7LW,Detached,New Build,Freehold,25,,WAYFIELD AVENUE,,HOVE,BRIGHTON AND HOVE,BRIGHTON AND HOVE,Standard,Addition,50.8407330000,-0.1906690000
173500,1999-04-23 00:00:00Z,BN3 7LW,Detached,New Build,Freehold,54,,WAYFIELD AVENUE,,HOVE,BRIGHTON AND HOVE,BRIGHTON AND HOVE,Standard,Addition,50.8407330000,-0.1906690000
93250,1999-12-03 00:00:00Z,BN3 7JG,Semi-Detached,Established,Freehold,22,,ROWAN AVENUE,,HOVE,BRIGHTON AND HOVE,BRIGHTON AND HOVE,Standard,Addition,50.8409770000,-0.1959430000
91000,1999-06-11 00:00:00Z,BN3 8LB,Semi-Detached,Established,Freehold,64,,DALE VIEW,,HOVE,BRIGHTON AND HOVE,BRIGHTON AND HOVE,Standard,Addition,50.8445470000,-0.1988460000
129000,1999-12-22 00:00:00Z,BN3 8BB,Semi-Detached,Established,Freehold,6,,SHERBOURNE ROAD,,HOVE,BRIGHTON AND HOVE,BRIGHTON AND HOVE,Standard,Addition,50.8496460000,-0.1999700000
59995,1999-03-05 00:00:00Z,BN3 7FG,Semi-Detached,Established,Freehold,116,,STAPLEY ROAD,,HOVE,BRIGHTON AND HOVE,BRIGHTON AND HOVE,Standard,Addition,50.8426450000,-0.1979670000
136500,1999-03-05 00:00:00Z,BN3 7SH,Detached,Established,Freehold,140,,HANGLETON ROAD,,HOVE,BRIGHTON AND HOVE,BRIGHTON AND HOVE,Standard,Addition,50.8441060000,-0.1988060000
148000,1999-05-24 00:00:00Z,BN3 7LW,Detached,New Build,Freehold,45,,WAYFIELD AVENUE,,HOVE,BRIGHTON AND HOVE,BRIGHTON AND HOVE,Standard,Addition,50.8407330000,-0.1906690000
98500,1999-04-14 00:00:00Z,BN3 7JL,Terraced,Established,Freehold,110,,ELM DRIVE,,HOVE,BRIGHTON AND HOVE,BRIGHTON AND HOVE,Standard,Addition,50.8412030000,-0.1946710000
119000,1999-10-08 00:00:00Z,BN3 8PP,Semi-Detached,Established,Freehold,70,,NORTHEASE DRIVE,,HOVE,BRIGHTON AND HOVE,BRIGHTON AND HOVE,Standard,Addition,50.8486400000,-0.1977930000
129950,2000-02-21 00:00:00Z,BN3 7JL,Terraced,Established,Freehold,122,,ELM DRIVE,,HOVE,BRIGHTON AND HOVE,BRIGHTON AND HOVE,Standard,Addition,50.8412030000,-0.1946710000
113500,2000-10-26 00:00:00Z,BN3 8LN,Semi-Detached,Established,Freehold,1,,GLETON AVENUE,,HOVE,BRIGHTON AND HOVE,BRIGHTON AND HOVE,Standard,Addition,50.8467620000,-0.1984480000
65000,2000-02-11 00:00:00Z,BN3 8BE,Flats/Maisonettes,Established,Leasehold,57,,SHERBOURNE CLOSE,,HOVE,BRIGHTON AND HOVE,BRIGHTON AND HOVE,Standard,Addition,50.8499730000,-0.1984380000
72500,2000-06-09 00:00:00Z,BN3 8BE,Flats/Maisonettes,Established,Leasehold,35,,SHERBOURNE CLOSE,,HOVE,BRIGHTON AND HOVE,BRIGHTON AND HOVE,Standard,Addition,50.8499730000,-0.1984380000
159950,2000-07-28 00:00:00Z,BN3 8LT,Semi-Detached,Established,Freehold,14,,HANGLETON CLOSE,,HOVE,BRIGHTON AND HOVE,BRIGHTON AND HOVE,Standard,Addition,50.8452720000,-0.1997980000
100000,2000-03-31 00:00:00Z,BN3 7JH,Semi-Detached,Established,Freehold,112,,ROWAN AVENUE,,HOVE,BRIGHTON AND HOVE,BRIGHTON AND HOVE,Standard,Addition,50.8430630000,-0.1965310000
127500,2000-10-12 00:00:00Z,BN3 7JB,Semi-Detached,Established,Freehold,27,,MAYTREE WALK,,HOVE,BRIGHTON AND HOVE,BRIGHTON AND HOVE,Standard,Addition,50.8423400000,-0.1956780000
136000,2000-09-07 00:00:00Z,BN3 7JD,Semi-Detached,Established,Freehold,171,,ELM DRIVE,,HOVE,BRIGHTON AND HOVE,BRIGHTON AND HOVE,Standard,Addition,50.8433220000,-0.1940630000
98000,2000-01-21 00:00:00Z,BN3 8LT,Semi-Detached,Established,Freehold,12,,HANGLETON CLOSE,,HOVE,BRIGHTON AND HOVE,BRIGHTON AND HOVE,Standard,Addition,50.8452720000,-0.1997980000
148000,2000-04-19 00:00:00Z,BN3 8PP,Semi-Detached,Established,Leasehold,81,,NORTHEASE DRIVE,,HOVE,BRIGHTON AND HOVE,BRIGHTON AND HOVE,Standard,Addition,50.8486400000,-0.1977930000
110000,2000-08-30 00:00:00Z,BN3 7JH,Semi-Detached,Established,Freehold,95,,ROWAN AVENUE,,HOVE,BRIGHTON AND HOVE,BRIGHTON AND HOVE,Standard,Addition,50.8430630000,-0.1965310000
104000,2000-09-01 00:00:00Z,BN3 8LN,Semi-Detached,Established,Freehold,21,,GLETON AVENUE,,HOVE,BRIGHTON AND HOVE,BRIGHTON AND HOVE,Standard,Addition,50.8467620000,-0.1984480000
120750,2000-07-03 00:00:00Z,BN3 7JA,Semi-Detached,Established,Freehold,103,,ELM DRIVE,,HOVE,BRIGHTON AND HOVE,BRIGHTON AND HOVE,Standard,Addition,50.8406940000,-0.1939370000
68000,2000-04-11 00:00:00Z,BN3 7JE,Terraced,Established,Freehold,140,,ELM DRIVE,,HOVE,BRIGHTON AND HOVE,BRIGHTON AND HOVE,Standard,Addition,50.8432400000,-0.1945780000
129000,2000-10-03 00:00:00Z,BN3 8PS,Semi-Detached,Established,Freehold,72,,POPLAR AVENUE,,HOVE,BRIGHTON AND HOVE,BRIGHTON AND HOVE,Standard,Addition,50.8481560000,-0.1949560000
80000,2000-11-20 00:00:00Z,BN3 8BB,Semi-Detached,Established,Leasehold,32,,SHERBOURNE ROAD,,HOVE,BRIGHTON AND HOVE,BRIGHTON AND HOVE,Standard,Addition,50.8496460000,-0.1999700000
130000,2000-09-22 00:00:00Z,BN3 7LW,Terraced,Established,Freehold,16,,WAYFIELD AVENUE,,HOVE,BRIGHTON AND HOVE,BRIGHTON AND HOVE,Standard,Addition,50.8407330000,-0.1906690000
94000,2000-07-31 00:00:00Z,BN3 7FF,Semi-Detached,Established,Freehold,111,,STAPLEY ROAD,,HOVE,BRIGHTON AND HOVE,BRIGHTON AND HOVE,Standard,Addition,50.8414060000,-0.1979160000
119500,2000-12-20 00:00:00Z,BN3 7JH,Terraced,Established,Freehold,59,,ROWAN AVENUE,,HOVE,BRIGHTON AND HOVE,BRIGHTON AND HOVE,Standard,Addition,50.8430630000,-0.1965310000
179995,2000-05-02 00:00:00Z,BN3 7LR,Semi-Detached,Established,Freehold,311,,HANGLETON ROAD,,HOVE,BRIGHTON AND HOVE,BRIGHTON AND HOVE,Standard,Addition,50.8459640000,-0.1902260000
133500,2000-12-11 00:00:00Z,BN3 8BB,Semi-Detached,Established,Freehold,6,,SHERBOURNE ROAD,,HOVE,BRIGHTON AND HOVE,BRIGHTON AND HOVE,Standard,Addition,50.8496460000,-0.1999700000
60000,2000-09-15 00:00:00Z,BN3 8BD,Flats/Maisonettes,Established,Leasehold,24,,SHERBOURNE CLOSE,,HOVE,BRIGHTON AND HOVE,BRIGHTON AND HOVE,Standard,Addition,50.8493080000,-0.1990880000
127000,2000-07-28 00:00:00Z,BN3 8LG,Semi-Detached,Established,Freehold,10,,SUMMERDALE ROAD,,HOVE,BRIGHTON AND HOVE,BRIGHTON AND HOVE,Standard,Addition,50.8476110000,-0.1974630000
133500,2000-07-13 00:00:00Z,BN3 8JJ,Semi-Detached,Established,Freehold,36,,APPLESHAM AVENUE,,HOVE,BRIGHTON AND HOVE,BRIGHTON AND HOVE,Standard,Addition,50.8473290000,-0.1926580000
108000,2000-03-15 00:00:00Z,BN3 7JF,Terraced,Established,Freehold,25,,ROWAN AVENUE,,HOVE,BRIGHTON AND HOVE,BRIGHTON AND HOVE,Standard,Addition,50.8413420000,-0.1957310000
119000,2000-01-25 00:00:00Z,BN3 7JF,Terraced,Established,Freehold,39,,ROWAN AVENUE,,HOVE,BRIGHTON AND HOVE,BRIGHTON AND HOVE,Standard,Addition,50.8413420000,-0.1957310000
72000,2000-04-07 00:00:00Z,BN3 8BD,Flats/Maisonettes,Established,Leasehold,21,,SHERBOURNE CLOSE,,HOVE,BRIGHTON AND HOVE,BRIGHTON AND HOVE,Standard,Addition,50.8493080000,-0.1990880000
115000,2000-01-28 00:00:00Z,BN3 7LW,Terraced,Established,Freehold,18,,WAYFIELD AVENUE,,HOVE,BRIGHTON AND HOVE,BRIGHTON AND HOVE,Standard,Addition,50.8407330000,-0.1906690000
154000,2000-07-31 00:00:00Z,BN3 7LW,Semi-Detached,Established,Freehold,19,,WAYFIELD AVENUE,,HOVE,BRIGHTON AND HOVE,BRIGHTON AND HOVE,Standard,Addition,50.8407330000,-0.1906690000
94000,2000-05-08 00:00:00Z,BN3 7FT,Semi-Detached,Established,Freehold,116,,GODWIN ROAD,,HOVE,BRIGHTON AND HOVE,BRIGHTON AND HOVE,Standard,Addition,50.8427970000,-0.1996800000
96000,2000-01-21 00:00:00Z,BN3 7JG,Terraced,Established,Freehold,68,,ROWAN AVENUE,,HOVE,BRIGHTON AND HOVE,BRIGHTON AND HOVE,Standard,Addition,50.8409770000,-0.1959430000
114000,2000-02-25 00:00:00Z,BN3 8LF,Detached,Established,Freehold,51,,DALE VIEW,,HOVE,BRIGHTON AND HOVE,BRIGHTON AND HOVE,Standard,Addition,50.8466780000,-0.1959220000
95000,2000-03-10 00:00:00Z,BN3 8LF,Semi-Detached,Established,Freehold,126,,DALE VIEW,,HOVE,BRIGHTON AND HOVE,BRIGHTON AND HOVE,Standard,Addition,50.8466780000,-0.1959220000
119500,2000-04-28 00:00:00Z,BN3 8LF,Semi-Detached,Established,Freehold,122,,DALE VIEW,,HOVE,BRIGHTON AND HOVE,BRIGHTON AND HOVE,Standard,Addition,50.8466780000,-0.1959220000
129000,2000-09-08 00:00:00Z,BN3 8LB,Semi-Detached,Established,Freehold,64,,DALE VIEW,,HOVE,BRIGHTON AND HOVE,BRIGHTON AND HOVE,Standard,Addition,50.8445470000,-0.1988460000
85000,2000-01-14 00:00:00Z,BN3 8PB,Semi-Detached,Established,Freehold,16,,LARK HILL,,HOVE,BRIGHTON AND HOVE,BRIGHTON AND HOVE,Standard,Addition,50.8498470000,-0.1926180000
73500,2000-04-14 00:00:00Z,BN3 8BD,Flats/Maisonettes,Established,Leasehold,26,,SHERBOURNE CLOSE,,HOVE,BRIGHTON AND HOVE,BRIGHTON AND HOVE,Standard,Addition,50.8493080000,-0.1990880000
128575,2000-10-31 00:00:00Z,BN3 8PT,Semi-Detached,Established,Freehold,57,,POPLAR AVENUE,,HOVE,BRIGHTON AND HOVE,BRIGHTON AND HOVE,Standard,Addition,50.8479490000,-0.1943530000
121000,2000-04-10 00:00:00Z,BN3 7LW,Semi-Detached,Established,Freehold,8,,WAYFIELD AVENUE,,HOVE,BRIGHTON AND HOVE,BRIGHTON AND HOVE,Standard,Addition,50.8407330000,-0.1906690000
118000,2000-05-19 00:00:00Z,BN3 7JA,Semi-Detached,Established,Freehold,105,,ELM DRIVE,,HOVE,BRIGHTON AND HOVE,BRIGHTON AND HOVE,Standard,Addition,50.8406940000,-0.1939370000
91950,2000-01-07 00:00:00Z,BN3 8PQ,Semi-Detached,Established,Freehold,15,,NORTHEASE DRIVE,,HOVE,BRIGHTON AND HOVE,BRIGHTON AND HOVE,Standard,Addition,50.8493070000,-0.1937900000
57000,2000-03-03 00:00:00Z,BN3 8LE,Flats/Maisonettes,Established,Leasehold,27,,KINGSTON CLOSE,,HOVE,BRIGHTON AND HOVE,BRIGHTON AND HOVE,Standard,Addition,50.8461490000,-0.1953890000
124000,2000-06-14 00:00:00Z,BN3 8PX,Semi-Detached,Established,Freehold,21,,POPLAR AVENUE,,HOVE,BRIGHTON AND HOVE,BRIGHTON AND HOVE,Standard,Addition,50.8459510000,-0.1948420000
144950,2000-01-24 00:00:00Z,BN3 8JD,Semi-Detached,Established,Freehold,43,,SUNNINGHILL CLOSE,,HOVE,BRIGHTON AND HOVE,BRIGHTON AND HOVE,Standard,Addition,50.8457210000,-0.1921670000
122500,2000-05-26 00:00:00Z,BN3 7JD,Semi-Detached,Established,Freehold,195,,ELM DRIVE,,HOVE,BRIGHTON AND HOVE,BRIGHTON AND HOVE,Standard,Addition,50.8433220000,-0.1940630000
145000,2000-04-14 00:00:00Z,BN3 7JD,Semi-Detached,Established,Freehold,179,,ELM DRIVE,,HOVE,BRIGHTON AND HOVE,BRIGHTON AND HOVE,Standard,Addition,50.8433220000,-0.1940630000
156000,2000-11-22 00:00:00Z,BN3 7LW,Terraced,Established,Freehold,36,,WAYFIELD AVENUE,,HOVE,BRIGHTON AND HOVE,BRIGHTON AND HOVE,Standard,Addition,50.8407330000,-0.1906690000
95000,2000-07-19 00:00:00Z,BN3 8LL,Terraced,Established,Freehold,14,,GLETON AVENUE,,HOVE,BRIGHTON AND HOVE,BRIGHTON AND HOVE,Standard,Addition,50.8469820000,-0.1980840000
103000,2000-12-20 00:00:00Z,BN3 7JH,Semi-Detached,Established,Freehold,116,,ROWAN AVENUE,,HOVE,BRIGHTON AND HOVE,BRIGHTON AND HOVE,Standard,Addition,50.8430630000,-0.1965310000
59000,2000-03-24 00:00:00Z,BN3 8LE,Flats/Maisonettes,Established,Leasehold,12,,KINGSTON CLOSE,,HOVE,BRIGHTON AND HOVE,BRIGHTON AND HOVE,Standard,Addition,50.8461490000,-0.1953890000
120000,2000-02-25 00:00:00Z,BN3 8PT,Semi-Detached,Established,Freehold,61,,POPLAR AVENUE,,HOVE,BRIGHTON AND HOVE,BRIGHTON AND HOVE,Standard,Addition,50.8479490000,-0.1943530000
69500,2000-02-24 00:00:00Z,BN3 8BD,Flats/Maisonettes,Established,Leasehold,10,,SHERBOURNE CLOSE,,HOVE,BRIGHTON AND HOVE,BRIGHTON AND HOVE,Standard,Addition,50.8493080000,-0.1990880000
159500,2000-10-30 00:00:00Z,BN3 7JD,Semi-Detached,Established,Freehold,177,,ELM DRIVE,,HOVE,BRIGHTON AND HOVE,BRIGHTON AND HOVE,Standard,Addition,50.8433220000,-0.1940630000
165000,2000-08-14 00:00:00Z,BN3 7LT,Semi-Detached,Established,Freehold,176,,HANGLETON ROAD,,HOVE,BRIGHTON AND HOVE,BRIGHTON AND HOVE,Standard,Addition,50.8445380000,-0.1959200000
125000,2000-05-26 00:00:00Z,BN3 7JD,Terraced,Established,Freehold,189,,ELM DRIVE,,HOVE,BRIGHTON AND HOVE,BRIGHTON AND HOVE,Standard,Addition,50.8433220000,-0.1940630000
26000,2000-03-20 00:00:00Z,BN3 8LE,Flats/Maisonettes,Established,Leasehold,30,,KINGSTON CLOSE,,HOVE,BRIGHTON AND HOVE,BRIGHTON AND HOVE,Standard,Addition,50.8461490000,-0.1953890000
105000,2000-10-12 00:00:00Z,BN3 8LT,Semi-Detached,Established,Freehold,11,,HANGLETON CLOSE,,HOVE,BRIGHTON AND HOVE,BRIGHTON AND HOVE,Standard,Addition,50.8452720000,-0.1997980000
133500,2000-06-16 00:00:00Z,BN3 7LR,Semi-Detached,Established,Freehold,259,,HANGLETON ROAD,,HOVE,BRIGHTON AND HOVE,BRIGHTON AND HOVE,Standard,Addition,50.8459640000,-0.1902260000
66000,2000-07-28 00:00:00Z,BN3 7FH,Flats/Maisonettes,Established,Leasehold,19A,,MARTIN ROAD,,HOVE,BRIGHTON AND HOVE,BRIGHTON AND HOVE,Standard,Addition,50.8421880000,-0.1998170000
120000,2000-04-28 00:00:00Z,BN3 7JH,Terraced,Established,Freehold,98,,ROWAN AVENUE,,HOVE,BRIGHTON AND HOVE,BRIGHTON AND HOVE,Standard,Addition,50.8430630000,-0.1965310000
158000,2000-11-17 00:00:00Z,BN3 8LS,Detached,Established,Freehold,53,,WEST WAY,,HOVE,BRIGHTON AND HOVE,BRIGHTON AND HOVE,Standard,Addition,50.8462370000,-0.1981980000
115000,2000-07-28 00:00:00Z,BN3 7JF,Terraced,Established,Freehold,45,,ROWAN AVENUE,,HOVE,BRIGHTON AND HOVE,BRIGHTON AND HOVE,Standard,Addition,50.8413420000,-0.1957310000
123500,2000-10-27 00:00:00Z,BN3 8PB,Semi-Detached,Established,Freehold,25,,LARK HILL,,HOVE,BRIGHTON AND HOVE,BRIGHTON AND HOVE,Standard,Addition,50.8498470000,-0.1926180000
122000,2000-12-01 00:00:00Z,BN3 7JF,Terraced,Established,Freehold,39,,ROWAN AVENUE,,HOVE,BRIGHTON AND HOVE,BRIGHTON AND HOVE,Standard,Addition,50.8413420000,-0.1957310000
113000,2000-06-08 00:00:00Z,BN3 8PQ,Semi-Detached,Established,Freehold,25,,NORTHEASE DRIVE,,HOVE,BRIGHTON AND HOVE,BRIGHTON AND HOVE,Standard,Addition,50.8493070000,-0.1937900000
126500,2000-08-15 00:00:00Z,BN3 8JP,Semi-Detached,Established,Freehold,59,,AMBERLEY DRIVE,,HOVE,BRIGHTON AND HOVE,BRIGHTON AND HOVE,Standard,Addition,50.8497310000,-0.1909600000
115000,2000-03-31 00:00:00Z,BN3 7LW,Terraced,Established,Freehold,22,,WAYFIELD AVENUE,,HOVE,BRIGHTON AND HOVE,BRIGHTON AND HOVE,Standard,Addition,50.8407330000,-0.1906690000
95000,2000-12-19 00:00:00Z,BN3 8LF,Semi-Detached,Established,Freehold,59,,DALE VIEW,,HOVE,BRIGHTON AND HOVE,BRIGHTON AND HOVE,Standard,Addition,50.8466780000,-0.1959220000
104950,2000-02-25 00:00:00Z,BN3 7RE,Terraced,Established,Freehold,3,,WAYFIELD CLOSE,,HOVE,BRIGHTON AND HOVE,BRIGHTON AND HOVE,Standard,Addition,50.8413320000,-0.1903900000
75000,2000-08-30 00:00:00Z,BN3 8BD,Flats/Maisonettes,Established,Leasehold,20,FIRST FLOOR FLAT,SHERBOURNE CLOSE,,HOVE,BRIGHTON AND HOVE,BRIGHTON AND HOVE,Standard,Addition,50.8493080000,-0.1990880000
122000,2000-12-18 00:00:00Z,BN3 8LN,Semi-Detached,Established,Freehold,31,,GLETON AVENUE,,HOVE,BRIGHTON AND HOVE,BRIGHTON AND HOVE,Standard,Addition,50.8467620000,-0.1984480000
81000,2001-04-17 00:00:00Z,BN3 7RE,Flats/Maisonettes,Established,Leasehold,12,,WAYFIELD CLOSE,HOVE,HOVE,BRIGHTON AND HOVE,BRIGHTON AND HOVE,Standard,Addition,50.8413320000,-0.1903900000
93000,2001-11-08 00:00:00Z,BN3 8BA,Flats/Maisonettes,Established,Leasehold,49,,SHERBOURNE ROAD,HOVE,HOVE,BRIGHTON AND HOVE,BRIGHTON AND HOVE,Standard,Addition,50.8493060000,-0.1995430000
123000,2001-02-02 00:00:00Z,BN3 8LG,Terraced,Established,Freehold,29,,SUMMERDALE ROAD,HOVE,HOVE,BRIGHTON AND HOVE,BRIGHTON AND HOVE,Standard,Addition,50.8476110000,-0.1974630000
138000,2001-02-23 00:00:00Z,BN3 8PB,Semi-Detached,Established,Freehold,7,,LARK HILL,HOVE,HOVE,BRIGHTON AND HOVE,BRIGHTON AND HOVE,Standard,Addition,50.8498470000,-0.1926180000
151000,2001-10-31 00:00:00Z,BN3 7JH,Terraced,Established,Freehold,57,,ROWAN AVENUE,HOVE,HOVE,BRIGHTON AND HOVE,BRIGHTON AND HOVE,Standard,Addition,50.8430630000,-0.1965310000
166950,2001-09-28 00:00:00Z,BN3 7SH,Semi-Detached,Established,Freehold,146,,HANGLETON ROAD,HOVE,HOVE,BRIGHTON AND HOVE,BRIGHTON AND HOVE,Standard,Addition,50.8441060000,-0.1988060000
90000,2001-10-24 00:00:00Z,BN3 7JE,Terraced,Established,Freehold,142,,ELM DRIVE,HOVE,HOVE,BRIGHTON AND HOVE,BRIGHTON AND HOVE,Standard,Addition,50.8432400000,-0.1945780000
174950,2001-12-19 00:00:00Z,BN3 8PS,Semi-Detached,Established,Freehold,76,,POPLAR AVENUE,HOVE,HOVE,BRIGHTON AND HOVE,BRIGHTON AND HOVE,Standard,Addition,50.8481560000,-0.1949560000
199000,2001-05-04 00:00:00Z,BN3 8LN,Detached,Established,Freehold,63,,GLETON AVENUE,HOVE,HOVE,BRIGHTON AND HOVE,BRIGHTON AND HOVE,Standard,Addition,50.8467620000,-0.1984480000
140000,2001-07-27 00:00:00Z,BN3 7LW,Semi-Detached,Established,Freehold,44,,WAYFIELD AVENUE,HOVE,HOVE,BRIGHTON AND HOVE,BRIGHTON AND HOVE,Standard,Addition,50.8407330000,-0.1906690000
73000,2001-08-22 00:00:00Z,BN3 8BB,Terraced,Established,Leasehold,70,,SHERBOURNE ROAD,HOVE,HOVE,BRIGHTON AND HOVE,BRIGHTON AND HOVE,Standard,Addition,50.8496460000,-0.1999700000
144950,2001-01-15 00:00:00Z,BN3 8JS,Semi-Detached,Established,Freehold,1,,AMBERLEY DRIVE,HOVE,HOVE,BRIGHTON AND HOVE,BRIGHTON AND HOVE,Standard,Addition,50.8477480000,-0.1918330000
157000,2001-12-18 00:00:00Z,BN3 7JA,Semi-Detached,Established,Freehold,49,,ELM DRIVE,HOVE,HOVE,BRIGHTON AND HOVE,BRIGHTON AND HOVE,Standard,Addition,50.8406940000,-0.1939370000
170000,2001-05-04 00:00:00Z,BN3 7JA,Semi-Detached,Established,Freehold,47,,ELM DRIVE,HOVE,HOVE,BRIGHTON AND HOVE,BRIGHTON AND HOVE,Standard,Addition,50.8406940000,-0.1939370000
153000,2001-06-15 00:00:00Z,BN3 8LL,Terraced,Established,Freehold,34,,GLETON AVENUE,HOVE,HOVE,BRIGHTON AND HOVE,BRIGHTON AND HOVE,Standard,Addition,50.8469820000,-0.1980840000
160000,2001-06-04 00:00:00Z,BN3 8PS,Semi-Detached,Established,Freehold,98,,POPLAR AVENUE,HOVE,HOVE,BRIGHTON AND HOVE,BRIGHTON AND HOVE,Standard,Addition,50.8481560000,-0.1949560000
38000,2001-03-19 00:00:00Z,BN3 8BD,Flats/Maisonettes,New Build,Leasehold,30,,SHERBOURNE CLOSE,HOVE,HOVE,BRIGHTON AND HOVE,BRIGHTON AND HOVE,Standard,Addition,50.8493080000,-0.1990880000
140950,2001-05-18 00:00:00Z,BN3 7JH,Terraced,Established,Freehold,98,,ROWAN AVENUE,HOVE,HOVE,BRIGHTON AND HOVE,BRIGHTON AND HOVE,Standard,Addition,50.8430630000,-0.1965310000
60000,2001-09-11 00:00:00Z,BN3 7RE,Terraced,Established,Freehold,8,,WAYFIELD CLOSE,HOVE,HOVE,BRIGHTON AND HOVE,BRIGHTON AND HOVE,Standard,Addition,50.8413320000,-0.1903900000
150000,2001-11-12 00:00:00Z,BN3 8PB,Semi-Detached,Established,Freehold,21,,LARK HILL,HOVE,HOVE,BRIGHTON AND HOVE,BRIGHTON AND HOVE,Standard,Addition,50.8498470000,-0.1926180000
94950,2001-07-17 00:00:00Z,BN3 8BB,Semi-Detached,Established,Leasehold,50,,SHERBOURNE ROAD,HOVE,HOVE,BRIGHTON AND HOVE,BRIGHTON AND HOVE,Standard,Addition,50.8496460000,-0.1999700000
124000,2001-06-14 00:00:00Z,BN3 7JF,Terraced,Established,Freehold,11,,ROWAN AVENUE,HOVE,HOVE,BRIGHTON AND HOVE,BRIGHTON AND HOVE,Standard,Addition,50.8413420000,-0.1957310000
60060,2001-12-17 00:00:00Z,BN3 7FF,Terraced,Established,Freehold,85,,STAPLEY ROAD,HOVE,HOVE,BRIGHTON AND HOVE,BRIGHTON AND HOVE,Standard,Addition,50.8414060000,-0.1979160000
131950,2001-08-17 00:00:00Z,BN3 8JP,Semi-Detached,Established,Freehold,41,,AMBERLEY DRIVE,HOVE,HOVE,BRIGHTON AND HOVE,BRIGHTON AND HOVE,Standard,Addition,50.8497310000,-0.1909600000
156000,2001-05-25 00:00:00Z,BN3 7JL,Terraced,Established,Freehold,114,,ELM DRIVE,HOVE,HOVE,BRIGHTON AND HOVE,BRIGHTON AND HOVE,Standard,Addition,50.8412030000,-0.1946710000
140000,2001-11-01 00:00:00Z,BN3 7RE,Terraced,Established,Freehold,16,,WAYFIELD CLOSE,HOVE,HOVE,BRIGHTON AND HOVE,BRIGHTON AND HOVE,Standard,Addition,50.8413320000,-0.1903900000
183000,2001-09-07 00:00:00Z,BN3 7NG,Semi-Detached,Established,Freehold,180,,NEVILL AVENUE,HOVE,HOVE,BRIGHTON AND HOVE,BRIGHTON AND HOVE,Standard,Addition,50.8440280000,-0.1916620000
129995,2001-01-26 00:00:00Z,BN3 7LW,Semi-Detached,Established,Freehold,10,,WAYFIELD AVENUE,HOVE,HOVE,BRIGHTON AND HOVE,BRIGHTON AND HOVE,Standard,Addition,50.8407330000,-0.1906690000
147500,2001-07-05 00:00:00Z,BN3 8JJ,Semi-Detached,Established,Freehold,65,,APPLESHAM AVENUE,HOVE,HOVE,BRIGHTON AND HOVE,BRIGHTON AND HOVE,Standard,Addition,50.8473290000,-0.1926580000
150000,2001-07-13 00:00:00Z,BN3 8PS,Semi-Detached,Established,Freehold,88,,POPLAR AVENUE,HOVE,HOVE,BRIGHTON AND HOVE,BRIGHTON AND HOVE,Standard,Addition,50.8481560000,-0.1949560000
119000,2001-04-12 00:00:00Z,BN3 7JD,Terraced,Established,Freehold,211,,ELM DRIVE,HOVE,HOVE,BRIGHTON AND HOVE,BRIGHTON AND HOVE,Standard,Addition,50.8433220000,-0.1940630000
237500,2001-11-22 00:00:00Z,BN3 7LW,Detached,Established,Freehold,35,,WAYFIELD AVENUE,HOVE,HOVE,BRIGHTON AND HOVE,BRIGHTON AND HOVE,Standard,Addition,50.8407330000,-0.1906690000
127000,2001-04-12 00:00:00Z,BN3 8BB,Flats/Maisonettes,Established,Freehold,18,,SHERBOURNE ROAD,HOVE,HOVE,BRIGHTON AND HOVE,BRIGHTON AND HOVE,Standard,Addition,50.8496460000,-0.1999700000
161500,2001-03-14 00:00:00Z,BN3 7NG,Semi-Detached,Established,Freehold,181,,NEVILL AVENUE,HOVE,HOVE,BRIGHTON AND HOVE,BRIGHTON AND HOVE,Standard,Addition,50.8440280000,-0.1916620000
137000,2001-05-03 00:00:00Z,BN3 8LG,Semi-Detached,Established,Freehold,8,,SUMMERDALE ROAD,HOVE,HOVE,BRIGHTON AND HOVE,BRIGHTON AND HOVE,Standard,Addition,50.8476110000,-0.1974630000
172000,2001-08-23 00:00:00Z,BN3 7SH,Semi-Detached,Established,Freehold,144,,HANGLETON ROAD,HOVE,HOVE,BRIGHTON AND HOVE,BRIGHTON AND HOVE,Standard,Addition,50.8441060000,-0.1988060000
129000,2001-06-14 00:00:00Z,BN3 7JG,Semi-Detached,Established,Freehold,22,,ROWAN AVENUE,HOVE,HOVE,BRIGHTON AND HOVE,BRIGHTON AND HOVE,Standard,Addition,50.8409770000,-0.1959430000
133000,2001-10-18 00:00:00Z,BN3 7JA,Terraced,Established,Freehold,143,,ELM DRIVE,HOVE,HOVE,BRIGHTON AND HOVE,BRIGHTON AND HOVE,Standard,Addition,50.8406940000,-0.1939370000
129950,2001-06-29 00:00:00Z,BN3 7JB,Terraced,Established,Freehold,17,,MAYTREE WALK,HOVE,HOVE,BRIGHTON AND HOVE,BRIGHTON AND HOVE,Standard,Addition,50.8423400000,-0.1956780000
156500,2001-06-04 00:00:00Z,BN3 8JF,Semi-Detached,Established,Freehold,16,,APPLESHAM AVENUE,HOVE,HOVE,BRIGHTON AND HOVE,BRIGHTON AND HOVE,Standard,Addition,50.8457820000,-0.1938120000
199000,2001-09-24 00:00:00Z,BN3 8LN,Detached,Established,Freehold,61,,GLETON AVENUE,HOVE,HOVE,BRIGHTON AND HOVE,BRIGHTON AND HOVE,Standard,Addition,50.8467620000,-0.1984480000
53680,2001-03-19 00:00:00Z,BN3 7FL,Terraced,Established,Freehold,60,,WILFRID ROAD,HOVE,HOVE,BRIGHTON AND HOVE,BRIGHTON AND HOVE,Standard,Addition,50.8407790000,-0.1994310000
115000,2001-04-27 00:00:00Z,BN3 7JG,Semi-Detached,Established,Freehold,76,,ROWAN AVENUE,HOVE,HOVE,BRIGHTON AND HOVE,BRIGHTON AND HOVE,Standard,Addition,50.8409770000,-0.1959430000
120000,2001-07-10 00:00:00Z,BN3 8LA,Semi-Detached,Established,Freehold,21,,DALE VIEW,HOVE,HOVE,BRIGHTON AND HOVE,BRIGHTON AND HOVE,Standard,Addition,50.8449120000,-0.1986180000
144000,2001-10-22 00:00:00Z,BN3 7FS,Semi-Detached,Established,Freehold,125,,GODWIN ROAD,HOVE,HOVE,BRIGHTON AND HOVE,BRIGHTON AND HOVE,Standard,Addition,50.8429990000,-0.1999560000
124950,2001-05-08 00:00:00Z,BN3 8LT,Semi-Detached,Established,Freehold,11,,HANGLETON CLOSE,HOVE,HOVE,BRIGHTON AND HOVE,BRIGHTON AND HOVE,Standard,Addition,50.8452720000,-0.1997980000
132950,2001-07-18 00:00:00Z,BN3 7JB,Semi-Detached,Established,Freehold,15,,MAYTREE WALK,HOVE,HOVE,BRIGHTON AND HOVE,BRIGHTON AND HOVE,Standard,Addition,50.8423400000,-0.1956780000
154500,2001-07-27 00:00:00Z,BN3 8LS,Semi-Detached,Established,Freehold,59,,WEST WAY,HOVE,HOVE,BRIGHTON AND HOVE,BRIGHTON AND HOVE,Standard,Addition,50.8462370000,-0.1981980000
175000,2001-08-17 00:00:00Z,BN3 8LT,Semi-Detached,Established,Freehold,33,,HANGLETON CLOSE,HOVE,HOVE,BRIGHTON AND HOVE,BRIGHTON AND HOVE,Standard,Addition,50.8452720000,-0.1997980000
134500,2001-01-31 00:00:00Z,BN3 8JJ,Semi-Detached,Established,Freehold,55,,APPLESHAM AVENUE,HOVE,HOVE,BRIGHTON AND HOVE,BRIGHTON AND HOVE,Standard,Addition,50.8473290000,-0.1926580000
118000,2001-01-31 00:00:00Z,BN3 7JG,Terraced,Established,Freehold,82,,ROWAN AVENUE,HOVE,HOVE,BRIGHTON AND HOVE,BRIGHTON AND HOVE,Standard,Addition,50.8409770000,-0.1959430000
214000,2001-03-01 00:00:00Z,BN3 7LW,Detached,Established,Freehold,21,,WAYFIELD AVENUE,HOVE,HOVE,BRIGHTON AND HOVE,BRIGHTON AND HOVE,Standard,Addition,50.8407330000,-0.1906690000
118000,2001-04-19 00:00:00Z,BN3 7JD,Semi-Detached,Established,Freehold,209,,ELM DRIVE,HOVE,HOVE,BRIGHTON AND HOVE,BRIGHTON AND HOVE,Standard,Addition,50.8433220000,-0.1940630000
199950,2001-08-23 00:00:00Z,BN3 7NG,Terraced,Established,Freehold,178,,NEVILL AVENUE,HOVE,HOVE,BRIGHTON AND HOVE,BRIGHTON AND HOVE,Standard,Addition,50.8440280000,-0.1916620000
105000,2001-01-31 00:00:00Z,BN3 7FH,Semi-Detached,Established,Freehold,4,,MARTIN ROAD,HOVE,HOVE,BRIGHTON AND HOVE,BRIGHTON AND HOVE,Standard,Addition,50.8421880000,-0.1998170000
210500,2001-05-30 00:00:00Z,BN3 7LR,Semi-Detached,Established,Freehold,285,,HANGLETON ROAD,HOVE,HOVE,BRIGHTON AND HOVE,BRIGHTON AND HOVE,Standard,Addition,50.8459640000,-0.1902260000
230000,2001-12-03 00:00:00Z,BN3 7LW,Detached,Established,Freehold,4,,WAYFIELD AVENUE,HOVE,HOVE,BRIGHTON AND HOVE,BRIGHTON AND HOVE,Standard,Addition,50.8407330000,-0.1906690000
173500,2001-12-13 00:00:00Z,BN3 8BB,Semi-Detached,Established,Freehold,6,,SHERBOURNE ROAD,HOVE,HOVE,BRIGHTON AND HOVE,BRIGHTON AND HOVE,Standard,Addition,50.8496460000,-0.1999700000
123000,2001-01-31 00:00:00Z,BN3 8JP,Semi-Detached,Established,Freehold,37,,AMBERLEY DRIVE,HOVE,HOVE,BRIGHTON AND HOVE,BRIGHTON AND HOVE,Standard,Addition,50.8497310000,-0.1909600000
179500,2001-04-10 00:00:00Z,BN3 7LP,Terraced,Established,Freehold,242,,HANGLETON ROAD,HOVE,HOVE,BRIGHTON AND HOVE,BRIGHTON AND HOVE,Standard,Addition,50.8461290000,-0.1910290000
127500,2001-05-08 00:00:00Z,BN3 8PT,Semi-Detached,Established,Freehold,85,,POPLAR AVENUE,HOVE,HOVE,BRIGHTON AND HOVE,BRIGHTON AND HOVE,Standard,Addition,50.8479490000,-0.1943530000
75000,2001-09-03 00:00:00Z,BN3 8LE,Flats/Maisonettes,Established,Leasehold,26,,KINGSTON CLOSE,HOVE,HOVE,BRIGHTON AND HOVE,BRIGHTON AND HOVE,Standard,Addition,50.8461490000,-0.1953890000
145000,2001-01-03 00:00:00Z,BN3 8LQ,Semi-Detached,Established,Freehold,30,,WEST WAY,HOVE,HOVE,BRIGHTON AND HOVE,BRIGHTON AND HOVE,Standard,Addition,50.8457630000,-0.1984010000
144000,2001-08-10 00:00:00Z,BN3 7JL,Terraced,Established,Freehold,96,,ELM DRIVE,HOVE,HOVE,BRIGHTON AND HOVE,BRIGHTON AND HOVE,Standard,Addition,50.8412030000,-0.1946710000
130000,2001-07-27 00:00:00Z,BN3 8JP,Semi-Detached,Established,Freehold,70,,AMBERLEY DRIVE,HOVE,HOVE,BRIGHTON AND HOVE,BRIGHTON AND HOVE,Standard,Addition,50.8497310000,-0.1909600000
163000,2001-06-04 00:00:00Z,BN3 8LF,Semi-Detached,Established,Freehold,108,,DALE VIEW,HOVE,HOVE,BRIGHTON AND HOVE,BRIGHTON AND HOVE,Standard,Addition,50.8466780000,-0.1959220000
137500,2001-06-01 00:00:00Z,BN3 7JB,Terraced,Established,Freehold,2,,MAYTREE WALK,HOVE,HOVE,BRIGHTON AND HOVE,BRIGHTON AND HOVE,Standard,Addition,50.8423400000,-0.1956780000
234950,2001-08-30 00:00:00Z,BN3 7LW,Detached,Established,Freehold,33,,WAYFIELD AVENUE,HOVE,HOVE,BRIGHTON AND HOVE,BRIGHTON AND HOVE,Standard,Addition,50.8407330000,-0.1906690000
147000,2001-12-06 00:00:00Z,BN3 8LF,Semi-Detached,Established,Freehold,57,,DALE VIEW,HOVE,HOVE,BRIGHTON AND HOVE,BRIGHTON AND HOVE,Standard,Addition,50.8466780000,-0.1959220000
142000,2001-07-13 00:00:00Z,BN3 8JJ,Semi-Detached,Established,Freehold,36,,APPLESHAM AVENUE,HOVE,HOVE,BRIGHTON AND HOVE,BRIGHTON AND HOVE,Standard,Addition,50.8473290000,-0.1926580000
137900,2001-12-14 00:00:00Z,BN3 7JH,Semi-Detached,Established,Freehold,144,,ROWAN AVENUE,HOVE,HOVE,BRIGHTON AND HOVE,BRIGHTON AND HOVE,Standard,Addition,50.8430630000,-0.1965310000
183000,2001-09-05 00:00:00Z,BN3 8LL,Semi-Detached,Established,Freehold,54,,GLETON AVENUE,HOVE,HOVE,BRIGHTON AND HOVE,BRIGHTON AND HOVE,Standard,Addition,50.8469820000,-0.1980840000
88500,2001-12-14 00:00:00Z,BN3 7FH,Flats/Maisonettes,Established,Leasehold,19,GROUND FLOOR FLAT,MARTIN ROAD,HOVE,HOVE,BRIGHTON AND HOVE,BRIGHTON AND HOVE,Standard,Addition,50.8421880000,-0.1998170000
83050,2001-04-12 00:00:00Z,BN3 8BA,Flats/Maisonettes,Established,Leasehold,31,FLAT,SHERBOURNE ROAD,HOVE,HOVE,BRIGHTON AND HOVE,BRIGHTON AND HOVE,Standard,Addition,50.8493060000,-0.1995430000
115000,2001-08-14 00:00:00Z,BN3 7FT,Semi-Detached,Established,Freehold,110,,GODWIN ROAD,HOVE,HOVE,BRIGHTON AND HOVE,BRIGHTON AND HOVE,Standard,Addition,50.8427970000,-0.1996800000
194950,2001-03-30 00:00:00Z,BN3 7NG,Semi-Detached,Established,Freehold,182,,NEVILL AVENUE,HOVE,HOVE,BRIGHTON AND HOVE,BRIGHTON AND HOVE,Standard,Addition,50.8440280000,-0.1916620000
99950,2001-02-02 00:00:00Z,BN3 7FL,Semi-Detached,Established,Freehold,16,,WILFRID ROAD,HOVE,HOVE,BRIGHTON AND HOVE,BRIGHTON AND HOVE,Standard,Addition,50.8407790000,-0.1994310000
90000,2001-03-19 00:00:00Z,BN3 7FL,Terraced,Established,Freehold,70,,WILFRID ROAD,HOVE,HOVE,BRIGHTON AND HOVE,BRIGHTON AND HOVE,Standard,Addition,50.8407790000,-0.1994310000
102500,2001-01-26 00:00:00Z,BN3 7FJ,Semi-Detached,Established,Freehold,41,,WILFRID ROAD,HOVE,HOVE,BRIGHTON AND HOVE,BRIGHTON AND HOVE,Standard,Addition,50.8406650000,-0.1990090000
114950,2001-05-25 00:00:00Z,BN3 8LL,Terraced,Established,Freehold,6,,GLETON AVENUE,HOVE,HOVE,BRIGHTON AND HOVE,BRIGHTON AND HOVE,Standard,Addition,50.8469820000,-0.1980840000
130000,2001-04-26 00:00:00Z,BN3 7JD,Semi-Detached,Established,Freehold,203,,ELM DRIVE,HOVE,HOVE,BRIGHTON AND HOVE,BRIGHTON AND HOVE,Standard,Addition,50.8433220000,-0.1940630000
110000,2001-03-23 00:00:00Z,BN3 8BB,Semi-Detached,Established,Freehold,22,,SHERBOURNE ROAD,HOVE,HOVE,BRIGHTON AND HOVE,BRIGHTON AND HOVE,Standard,Addition,50.8496460000,-0.1999700000
102000,2001-10-30 00:00:00Z,BN3 8BA,Detached,Established,Freehold,7,,SHERBOURNE ROAD,HOVE,HOVE,BRIGHTON AND HOVE,BRIGHTON AND HOVE,Standard,Addition,50.8493060000,-0.1995430000
130000,2001-07-20 00:00:00Z,BN3 7JF,Terraced,Established,Freehold,23,,ROWAN AVENUE,HOVE,HOVE,BRIGHTON AND HOVE,BRIGHTON AND HOVE,Standard,Addition,50.8413420000,-0.1957310000
124100,2001-04-17 00:00:00Z,BN3 8LL,Terraced,Established,Freehold,14,,GLETON AVENUE,HOVE,HOVE,BRIGHTON AND HOVE,BRIGHTON AND HOVE,Standard,Addition,50.8469820000,-0.1980840000
145000,2001-07-13 00:00:00Z,BN3 8LT,Semi-Detached,Established,Freehold,12,,HANGLETON CLOSE,HOVE,HOVE,BRIGHTON AND HOVE,BRIGHTON AND HOVE,Standard,Addition,50.8452720000,-0.1997980000
188000,2001-09-28 00:00:00Z,BN3 8BA,Detached,Established,Freehold,3,,SHERBOURNE ROAD,HOVE,HOVE,BRIGHTON AND HOVE,BRIGHTON AND HOVE,Standard,Addition,50.8493060000,-0.1995430000
165000,2001-09-21 00:00:00Z,BN3 8JF,Semi-Detached,Established,Freehold,27,,APPLESHAM AVENUE,HOVE,HOVE,BRIGHTON AND HOVE,BRIGHTON AND HOVE,Standard,Addition,50.8457820000,-0.1938120000
77000,2001-07-04 00:00:00Z,BN3 8BE,Terraced,Established,Leasehold,37,,SHERBOURNE CLOSE,HOVE,HOVE,BRIGHTON AND HOVE,BRIGHTON AND HOVE,Standard,Addition,50.8499730000,-0.1984380000
125000,2001-04-06 00:00:00Z,BN3 8GG,Semi-Detached,Established,Freehold,79,,CLARKE AVENUE,HOVE,HOVE,BRIGHTON AND HOVE,BRIGHTON AND HOVE,Standard,Addition,50.8479560000,-0.1901200000
180000,2001-09-06 00:00:00Z,BN3 8LN,Semi-Detached,Established,Freehold,41,,GLETON AVENUE,HOVE,HOVE,BRIGHTON AND HOVE,BRIGHTON AND HOVE,Standard,Addition,50.8467620000,-0.1984480000
125000,2001-02-14 00:00:00Z,BN3 8JF,Semi-Detached,Established,Freehold,7,,APPLESHAM AVENUE,HOVE,HOVE,BRIGHTON AND HOVE,BRIGHTON AND HOVE,Standard,Addition,50.8457820000,-0.1938120000
162000,2001-05-21 00:00:00Z,BN3 8PP,Semi-Detached,Established,Freehold,54,,NORTHEASE DRIVE,HOVE,HOVE,BRIGHTON AND HOVE,BRIGHTON AND HOVE,Standard,Addition,50.8486400000,-0.1977930000
164000,2001-08-17 00:00:00Z,BN3 8LA,Semi-Detached,Established,Freehold,27,,DALE VIEW,HOVE,HOVE,BRIGHTON AND HOVE,BRIGHTON AND HOVE,Standard,Addition,50.8449120000,-0.1986180000
320000,2002-11-08 00:00:00Z,BN3 7LW,Detached,Established,Freehold,37,,WAYFIELD AVENUE,HOVE,HOVE,BRIGHTON AND HOVE,BRIGHTON AND HOVE,Standard,Addition,50.8407330000,-0.1906690000
95000,2002-05-22 00:00:00Z,BN3 8LE,Flats/Maisonettes,Established,Leasehold,21,,KINGSTON CLOSE,HOVE,HOVE,BRIGHTON AND HOVE,BRIGHTON AND HOVE,Standard,Addition,50.8461490000,-0.1953890000
230000,2002-08-29 00:00:00Z,BN3 7LR,Semi-Detached,Established,Freehold,285,,HANGLETON ROAD,HOVE,HOVE,BRIGHTON AND HOVE,BRIGHTON AND HOVE,Standard,Addition,50.8459640000,-0.1902260000
212500,2002-10-28 00:00:00Z,BN3 7LR,Semi-Detached,Established,Freehold,321,,HANGLETON ROAD,HOVE,HOVE,BRIGHTON AND HOVE,BRIGHTON AND HOVE,Standard,Addition,50.8459640000,-0.1902260000
153000,2002-06-06 00:00:00Z,BN3 7LW,Terraced,Established,Freehold,14,,WAYFIELD AVENUE,HOVE,HOVE,BRIGHTON AND HOVE,BRIGHTON AND HOVE,Standard,Addition,50.8407330000,-0.1906690000
142000,2002-09-20 00:00:00Z,BN3 8LT,Semi-Detached,Established,Freehold,37,,HANGLETON CLOSE,HOVE,HOVE,BRIGHTON AND HOVE,BRIGHTON AND HOVE,Standard,Addition,50.8452720000,-0.1997980000
142500,2002-04-30 00:00:00Z,BN3 8JS,Semi-Detached,Established,Freehold,16,,AMBERLEY DRIVE,HOVE,HOVE,BRIGHTON AND HOVE,BRIGHTON AND HOVE,Standard,Addition,50.8477480000,-0.1918330000
102500,2002-01-08 00:00:00Z,BN3 8BB,Terraced,Established,Leasehold,70,,SHERBOURNE ROAD,HOVE,HOVE,BRIGHTON AND HOVE,BRIGHTON AND HOVE,Standard,Addition,50.8496460000,-0.1999700000
225000,2002-05-24 00:00:00Z,BN3 8BB,Detached,Established,Freehold,10,,SHERBOURNE ROAD,HOVE,HOVE,BRIGHTON AND HOVE,BRIGHTON AND HOVE,Standard,Addition,50.8496460000,-0.1999700000
100000,2002-12-06 00:00:00Z,BN3 8JD,Flats/Maisonettes,Established,Leasehold,22,,SUNNINGHILL CLOSE,HOVE,HOVE,BRIGHTON AND HOVE,BRIGHTON AND HOVE,Standard,Addition,50.8457210000,-0.1921670000
249950,2002-12-20 00:00:00Z,BN3 7LS,Semi-Detached,Established,Freehold,189,,HANGLETON ROAD,HOVE,HOVE,BRIGHTON AND HOVE,BRIGHTON AND HOVE,Standard,Addition,50.8441990000,-0.1949670000
240000,2002-01-11 00:00:00Z,BN3 7LW,Detached,Established,Freehold,31,,WAYFIELD AVENUE,HOVE,HOVE,BRIGHTON AND HOVE,BRIGHTON AND HOVE,Standard,Addition,50.8407330000,-0.1906690000
183000,2002-05-21 00:00:00Z,BN3 8PS,Semi-Detached,Established,Freehold,48,,POPLAR AVENUE,HOVE,HOVE,BRIGHTON AND HOVE,BRIGHTON AND HOVE,Standard,Addition,50.8481560000,-0.1949560000
157000,2002-02-11 00:00:00Z,BN3 8PT,Semi-Detached,Established,Freehold,57,,POPLAR AVENUE,HOVE,HOVE,BRIGHTON AND HOVE,BRIGHTON AND HOVE,Standard,Addition,50.8479490000,-0.1943530000
167000,2002-11-22 00:00:00Z,BN3 8LB,Semi-Detached,Established,Freehold,24,,DALE VIEW,HOVE,HOVE,BRIGHTON AND HOVE,BRIGHTON AND HOVE,Standard,Addition,50.8445470000,-0.1988460000
285000,2002-11-07 00:00:00Z,BN3 7LW,Detached,Established,Freehold,41,,WAYFIELD AVENUE,HOVE,HOVE,BRIGHTON AND HOVE,BRIGHTON AND HOVE,Standard,Addition,50.8407330000,-0.1906690000
165000,2002-12-16 00:00:00Z,BN3 7JE,Terraced,Established,Freehold,142,,ELM DRIVE,HOVE,HOVE,BRIGHTON AND HOVE,BRIGHTON AND HOVE,Standard,Addition,50.8432400000,-0.1945780000
145000,2002-03-08 00:00:00Z,BN3 7JH,Terraced,Established,Freehold,92,,ROWAN AVENUE,HOVE,HOVE,BRIGHTON AND HOVE,BRIGHTON AND HOVE,Standard,Addition,50.8430630000,-0.1965310000
158000,2002-09-16 00:00:00Z,BN3 7JA,Terraced,Established,Freehold,89,,ELM DRIVE,HOVE,HOVE,BRIGHTON AND HOVE,BRIGHTON AND HOVE,Standard,Addition,50.8406940000,-0.1939370000
187000,2002-09-10 00:00:00Z,BN3 8JN,Semi-Detached,Established,Freehold,78,,APPLESHAM AVENUE,HOVE,HOVE,BRIGHTON AND HOVE,BRIGHTON AND HOVE,Standard,Addition,50.8486070000,-0.1927230000
199950,2002-05-31 00:00:00Z,BN3 7LP,Semi-Detached,Established,Freehold,264,,HANGLETON ROAD,HOVE,HOVE,BRIGHTON AND HOVE,BRIGHTON AND HOVE,Standard,Addition,50.8461290000,-0.1910290000
200000,2002-08-14 00:00:00Z,BN3 7LS,Semi-Detached,Established,Freehold,207,,HANGLETON ROAD,HOVE,HOVE,BRIGHTON AND HOVE,BRIGHTON AND HOVE,Standard,Addition,50.8441990000,-0.1949670000
131000,2002-01-07 00:00:00Z,BN3 8JP,Semi-Detached,Established,Freehold,76,,AMBERLEY DRIVE,HOVE,HOVE,BRIGHTON AND HOVE,BRIGHTON AND HOVE,Standard,Addition,50.8497310000,-0.1909600000
145000,2002-01-17 00:00:00Z,BN3 7LW,Terraced,Established,Freehold,18,,WAYFIELD AVENUE,HOVE,HOVE,BRIGHTON AND HOVE,BRIGHTON AND HOVE,Standard,Addition,50.8407330000,-0.1906690000
116950,2002-10-30 00:00:00Z,BN3 8BB,Flats/Maisonettes,Established,Leasehold,48,,SHERBOURNE ROAD,HOVE,HOVE,BRIGHTON AND HOVE,BRIGHTON AND HOVE,Standard,Addition,50.8496460000,-0.1999700000
163000,2002-09-16 00:00:00Z,BN3 8JS,Semi-Detached,Established,Freehold,18,,AMBERLEY DRIVE,HOVE,HOVE,BRIGHTON AND HOVE,BRIGHTON AND HOVE,Standard,Addition,50.8477480000,-0.1918330000
163000,2002-03-08 00:00:00Z,BN3 8LT,Semi-Detached,Established,Freehold,20,,HANGLETON CLOSE,HOVE,HOVE,BRIGHTON AND HOVE,BRIGHTON AND HOVE,Standard,Addition,50.8452720000,-0.1997980000
145000,2002-05-17 00:00:00Z,BN3 7JE,Semi-Detached,Established,Freehold,154,,ELM DRIVE,HOVE,HOVE,BRIGHTON AND HOVE,BRIGHTON AND HOVE,Standard,Addition,50.8432400000,-0.1945780000
169000,2002-11-29 00:00:00Z,BN3 7JE,Semi-Detached,Established,Freehold,156,,ELM DRIVE,HOVE,HOVE,BRIGHTON AND HOVE,BRIGHTON AND HOVE,Standard,Addition,50.8432400000,-0.1945780000
180000,2002-05-08 00:00:00Z,BN3 7LT,Detached,Established,Freehold,174,,HANGLETON ROAD,HOVE,HOVE,BRIGHTON AND HOVE,BRIGHTON AND HOVE,Standard,Addition,50.8445380000,-0.1959200000
185000,2002-05-31 00:00:00Z,BN3 7LW,Terraced,Established,Freehold,32,,WAYFIELD AVENUE,HOVE,HOVE,BRIGHTON AND HOVE,BRIGHTON AND HOVE,Standard,Addition,50.8407330000,-0.1906690000
164950,2002-04-17 00:00:00Z,BN3 7JG,Terraced,Established,Freehold,72,,ROWAN AVENUE,HOVE,HOVE,BRIGHTON AND HOVE,BRIGHTON AND HOVE,Standard,Addition,50.8409770000,-0.1959430000
179950,2002-06-28 00:00:00Z,BN3 8PQ,Semi-Detached,Established,Freehold,27,,NORTHEASE DRIVE,HOVE,HOVE,BRIGHTON AND HOVE,BRIGHTON AND HOVE,Standard,Addition,50.8493070000,-0.1937900000
157000,2002-04-19 00:00:00Z,BN3 8LG,Semi-Detached,Established,Freehold,31,,SUMMERDALE ROAD,HOVE,HOVE,BRIGHTON AND HOVE,BRIGHTON AND HOVE,Standard,Addition,50.8476110000,-0.1974630000
155000,2002-10-31 00:00:00Z,BN3 7JB,Semi-Detached,Established,Freehold,20,,MAYTREE WALK,HOVE,HOVE,BRIGHTON AND HOVE,BRIGHTON AND HOVE,Standard,Addition,50.8423400000,-0.1956780000
219500,2002-09-30 00:00:00Z,BN3 8JJ,Semi-Detached,Established,Freehold,43,,APPLESHAM AVENUE,HOVE,HOVE,BRIGHTON AND HOVE,BRIGHTON AND HOVE,Standard,Addition,50.8473290000,-0.1926580000
186000,2002-10-28 00:00:00Z,BN3 8LQ,Semi-Detached,Established,Freehold,28,,WEST WAY,HOVE,HOVE,BRIGHTON AND HOVE,BRIGHTON AND HOVE,Standard,Addition,50.8457630000,-0.1984010000
165500,2002-12-13 00:00:00Z,BN3 7FU,Semi-Detached,Established,Freehold,2,,KNOLL CLOSE,HOVE,HOVE,BRIGHTON AND HOVE,BRIGHTON AND HOVE,Standard,Addition,50.8425770000,-0.1994190000
105000,2002-12-20 00:00:00Z,BN3 7FH,Flats/Maisonettes,Established,Leasehold,18A,,MARTIN ROAD,HOVE,HOVE,BRIGHTON AND HOVE,BRIGHTON AND HOVE,Standard,Addition,50.8421880000,-0.1998170000
195000,2002-03-22 00:00:00Z,BN3 7LP,Detached,Established,Freehold,258,,HANGLETON ROAD,HOVE,HOVE,BRIGHTON AND HOVE,BRIGHTON AND HOVE,Standard,Addition,50.8461290000,-0.1910290000
190000,2002-12-17 00:00:00Z,BN3 7LW,Terraced,Established,Freehold,16,,WAYFIELD AVENUE,HOVE,HOVE,BRIGHTON AND HOVE,BRIGHTON AND HOVE,Standard,Addition,50.8407330000,-0.1906690000
178000,2002-05-03 00:00:00Z,BN3 8PS,Semi-Detached,Established,Freehold,70,,POPLAR AVENUE,HOVE,HOVE,BRIGHTON AND HOVE,BRIGHTON AND HOVE,Standard,Addition,50.8481560000,-0.1949560000
168000,2002-03-04 00:00:00Z,BN3 8PT,Semi-Detached,Established,Freehold,85,,POPLAR AVENUE,HOVE,HOVE,BRIGHTON AND HOVE,BRIGHTON AND HOVE,Standard,Addition,50.8479490000,-0.1943530000
162500,2002-07-24 00:00:00Z,BN3 7FU,Semi-Detached,Established,Freehold,3,,KNOLL CLOSE,HOVE,HOVE,BRIGHTON AND HOVE,BRIGHTON AND HOVE,Standard,Addition,50.8425770000,-0.1994190000
180000,2002-05-30 00:00:00Z,BN3 8PX,Semi-Detached,Established,Freehold,6,,POPLAR AVENUE,HOVE,HOVE,BRIGHTON AND HOVE,BRIGHTON AND HOVE,Standard,Addition,50.8459510000,-0.1948420000
179000,2002-01-11 00:00:00Z,BN3 7JA,Semi-Detached,Established,Freehold,77,,ELM DRIVE,HOVE,HOVE,BRIGHTON AND HOVE,BRIGHTON AND HOVE,Standard,Addition,50.8406940000,-0.1939370000
147000,2002-05-17 00:00:00Z,BN3 8LL,Terraced,Established,Freehold,14,,GLETON AVENUE,HOVE,HOVE,BRIGHTON AND HOVE,BRIGHTON AND HOVE,Standard,Addition,50.8469820000,-0.1980840000
280000,2002-10-04 00:00:00Z,BN3 7LS,Semi-Detached,Established,Freehold,215,,HANGLETON ROAD,HOVE,HOVE,BRIGHTON AND HOVE,BRIGHTON AND HOVE,Standard,Addition,50.8441990000,-0.1949670000
137000,2002-02-07 00:00:00Z,BN3 8JP,Semi-Detached,Established,Freehold,44,,AMBERLEY DRIVE,HOVE,HOVE,BRIGHTON AND HOVE,BRIGHTON AND HOVE,Standard,Addition,50.8497310000,-0.1909600000
162000,2002-09-10 00:00:00Z,BN3 7JH,Semi-Detached,Established,Freehold,73,,ROWAN AVENUE,HOVE,HOVE,BRIGHTON AND HOVE,BRIGHTON AND HOVE,Standard,Addition,50.8430630000,-0.1965310000
133000,2002-03-28 00:00:00Z,BN3 7JA,Semi-Detached,Established,Freehold,87,,ELM DRIVE,HOVE,HOVE,BRIGHTON AND HOVE,BRIGHTON AND HOVE,Standard,Addition,50.8406940000,-0.1939370000
131000,2002-05-04 00:00:00Z,BN3 7JH,Terraced,Established,Freehold,106,,ROWAN AVENUE,HOVE,HOVE,BRIGHTON AND HOVE,BRIGHTON AND HOVE,Standard,Addition,50.8430630000,-0.1965310000
172000,2002-01-18 00:00:00Z,BN3 8LB,Semi-Detached,Established,Freehold,10,,DALE VIEW,HOVE,HOVE,BRIGHTON AND HOVE,BRIGHTON AND HOVE,Standard,Addition,50.8445470000,-0.1988460000
41000,2002-04-08 00:00:00Z,BN3 8BB,Flats/Maisonettes,Established,Leasehold,36,,SHERBOURNE ROAD,HOVE,HOVE,BRIGHTON AND HOVE,BRIGHTON AND HOVE,Standard,Addition,50.8496460000,-0.1999700000
179950,2002-12-17 00:00:00Z,BN3 7JF,Terraced,Established,Freehold,25,,ROWAN AVENUE,HOVE,HOVE,BRIGHTON AND HOVE,BRIGHTON AND HOVE,Standard,Addition,50.8413420000,-0.1957310000
157000,2002-09-27 00:00:00Z,BN3 7JD,Terraced,Established,Freehold,185,,ELM DRIVE,HOVE,HOVE,BRIGHTON AND HOVE,BRIGHTON AND HOVE,Standard,Addition,50.8433220000,-0.1940630000
150000,2002-02-25 00:00:00Z,BN3 8PP,Semi-Detached,Established,Freehold,30,,NORTHEASE DRIVE,HOVE,HOVE,BRIGHTON AND HOVE,BRIGHTON AND HOVE,Standard,Addition,50.8486400000,-0.1977930000
98950,2002-01-25 00:00:00Z,BN3 8BD,Flats/Maisonettes,Established,Leasehold,21,,SHERBOURNE CLOSE,HOVE,HOVE,BRIGHTON AND HOVE,BRIGHTON AND HOVE,Standard,Addition,50.8493080000,-0.1990880000
199000,2002-01-25 00:00:00Z,BN3 7LW,Semi-Detached,Established,Freehold,17,,WAYFIELD AVENUE,HOVE,HOVE,BRIGHTON AND HOVE,BRIGHTON AND HOVE,Standard,Addition,50.8407330000,-0.1906690000
160000,2002-11-01 00:00:00Z,BN3 7JH,Terraced,Established,Freehold,118,,ROWAN AVENUE,HOVE,HOVE,BRIGHTON AND HOVE,BRIGHTON AND HOVE,Standard,Addition,50.8430630000,-0.1965310000
68000,2002-12-10 00:00:00Z,BN3 7RE,Terraced,Established,Freehold,4,,WAYFIELD CLOSE,,HOVE,BRIGHTON AND HOVE,BRIGHTON AND HOVE,Standard,Addition,50.8413320000,-0.1903900000
240000,2002-09-24 00:00:00Z,BN3 7LS,Semi-Detached,Established,Freehold,187,,HANGLETON ROAD,HOVE,HOVE,BRIGHTON AND HOVE,BRIGHTON AND HOVE,Standard,Addition,50.8441990000,-0.1949670000
150000,2002-01-24 00:00:00Z,BN3 7JF,Terraced,Established,Freehold,15,,ROWAN AVENUE,HOVE,HOVE,BRIGHTON AND HOVE,BRIGHTON AND HOVE,Standard,Addition,50.8413420000,-0.1957310000
108000,2002-12-09 00:00:00Z,BN3 8JD,Flats/Maisonettes,Established,Leasehold,6,,SUNNINGHILL CLOSE,HOVE,HOVE,BRIGHTON AND HOVE,BRIGHTON AND HOVE,Standard,Addition,50.8457210000,-0.1921670000
167200,2002-01-25 00:00:00Z,BN3 8PX,Semi-Detached,Established,Freehold,18,,POPLAR AVENUE,HOVE,HOVE,BRIGHTON AND HOVE,BRIGHTON AND HOVE,Standard,Addition,50.8459510000,-0.1948420000
115000,2002-04-05 00:00:00Z,BN3 8LQ,Semi-Detached,Established,Freehold,28,,WEST WAY,HOVE,HOVE,BRIGHTON AND HOVE,BRIGHTON AND HOVE,Standard,Addition,50.8457630000,-0.1984010000
195000,2002-12-13 00:00:00Z,BN3 7JA,Terraced,Established,Freehold,115,,ELM DRIVE,HOVE,HOVE,BRIGHTON AND HOVE,BRIGHTON AND HOVE,Standard,Addition,50.8406940000,-0.1939370000
155000,2002-11-22 00:00:00Z,BN3 7JD,Terraced,Established,Freehold,201,,ELM DRIVE,HOVE,HOVE,BRIGHTON AND HOVE,BRIGHTON AND HOVE,Standard,Addition,50.8433220000,-0.1940630000
169950,2002-03-22 00:00:00Z,BN3 8LF,Semi-Detached,Established,Freehold,110,,DALE VIEW,HOVE,HOVE,BRIGHTON AND HOVE,BRIGHTON AND HOVE,Standard,Addition,50.8466780000,-0.1959220000
135500,2002-06-14 00:00:00Z,BN3 7FT,Semi-Detached,Established,Freehold,86,,GODWIN ROAD,HOVE,HOVE,BRIGHTON AND HOVE,BRIGHTON AND HOVE,Standard,Addition,50.8427970000,-0.1996800000
156000,2002-07-19 00:00:00Z,BN3 8JP,Semi-Detached,Established,Freehold,59,,AMBERLEY DRIVE,HOVE,HOVE,BRIGHTON AND HOVE,BRIGHTON AND HOVE,Standard,Addition,50.8497310000,-0.1909600000
165000,2002-01-31 00:00:00Z,BN3 8PR,Detached,Established,Freehold,7,,NORTHEASE GARDENS,HOVE,HOVE,BRIGHTON AND HOVE,BRIGHTON AND HOVE,Standard,Addition,50.8491400000,-0.1945630000
178000,2002-09-12 00:00:00Z,BN3 7JL,Terraced,Established,Freehold,122,,ELM DRIVE,HOVE,HOVE,BRIGHTON AND HOVE,BRIGHTON AND HOVE,Standard,Addition,50.8412030000,-0.1946710000
43000,2002-06-10 00:00:00Z,BN3 8BD,Flats/Maisonettes,Established,Leasehold,7,,SHERBOURNE CLOSE,HOVE,HOVE,BRIGHTON AND HOVE,BRIGHTON AND HOVE,Standard,Addition,50.8493080000,-0.1990880000
185000,2002-07-12 00:00:00Z,BN3 8PU,Semi-Detached,Established,Freehold,44,,POPLAR AVENUE,HOVE,HOVE,BRIGHTON AND HOVE,BRIGHTON AND HOVE,Standard,Addition,50.8466770000,-0.1946580000
185000,2002-05-31 00:00:00Z,BN3 7NG,Semi-Detached,Established,Freehold,209,,NEVILL AVENUE,HOVE,HOVE,BRIGHTON AND HOVE,BRIGHTON AND HOVE,Standard,Addition,50.8440280000,-0.1916620000
192000,2002-05-08 00:00:00Z,BN3 8JD,Terraced,Established,Freehold,2,,SUNNINGHILL CLOSE,HOVE,HOVE,BRIGHTON AND HOVE,BRIGHTON AND HOVE,Standard,Addition,50.8457210000,-0.1921670000
178000,2002-10-18 00:00:00Z,BN3 7JL,Terraced,Established,Freehold,128,,ELM DRIVE,HOVE,HOVE,BRIGHTON AND HOVE,BRIGHTON AND HOVE,Standard,Addition,50.8412030000,-0.1946710000
220000,2002-12-18 00:00:00Z,BN3 7LS,Semi-Detached,Established,Freehold,197,,HANGLETON ROAD,HOVE,HOVE,BRIGHTON AND HOVE,BRIGHTON AND HOVE,Standard,Addition,50.8441990000,-0.1949670000
154950,2002-05-10 00:00:00Z,BN3 7JG,Terraced,Established,Freehold,16,,ROWAN AVENUE,HOVE,HOVE,BRIGHTON AND HOVE,BRIGHTON AND HOVE,Standard,Addition,50.8409770000,-0.1959430000
270000,2002-09-25 00:00:00Z,BN3 8JL,Terraced,Established,Freehold,16,,THORNHILL CLOSE,HOVE,HOVE,BRIGHTON AND HOVE,BRIGHTON AND HOVE,Standard,Addition,50.8484100000,-0.1939240000
177000,2002-03-08 00:00:00Z,BN3 8PS,Semi-Detached,Established,Freehold,56,,POPLAR AVENUE,HOVE,HOVE,BRIGHTON AND HOVE,BRIGHTON AND HOVE,Standard,Addition,50.8481560000,-0.1949560000
120000,2002-03-18 00:00:00Z,BN3 8GG,Semi-Detached,Established,Freehold,74,,CLARKE AVENUE,HOVE,HOVE,BRIGHTON AND HOVE,BRIGHTON AND HOVE,Standard,Addition,50.8479560000,-0.1901200000
180000,2002-10-15 00:00:00Z,BN3 7JB,Semi-Detached,Established,Freehold,1,,MAYTREE WALK,HOVE,HOVE,BRIGHTON AND HOVE,BRIGHTON AND HOVE,Standard,Addition,50.8423400000,-0.1956780000
117500,2002-08-28 00:00:00Z,BN3 8BB,Terraced,Established,Leasehold,70,,SHERBOURNE ROAD,HOVE,HOVE,BRIGHTON AND HOVE,BRIGHTON AND HOVE,Standard,Addition,50.8496460000,-0.1999700000
183000,2002-05-17 00:00:00Z,BN3 8JF,Semi-Detached,Established,Freehold,10,,APPLESHAM AVENUE,HOVE,HOVE,BRIGHTON AND HOVE,BRIGHTON AND HOVE,Standard,Addition,50.8457820000,-0.1938120000
125000,2002-08-05 00:00:00Z,BN3 7LW,Flats/Maisonettes,Established,Leasehold,THE TUDORS,FLAT 3,WAYFIELD AVENUE,HOVE,HOVE,BRIGHTON AND HOVE,BRIGHTON AND HOVE,Standard,Addition,50.8407330000,-0.1906690000
195000,2002-10-11 00:00:00Z,BN3 7NG,Semi-Detached,Established,Freehold,204,,NEVILL AVENUE,HOVE,HOVE,BRIGHTON AND HOVE,BRIGHTON AND HOVE,Standard,Addition,50.8440280000,-0.1916620000
174500,2002-05-22 00:00:00Z,BN3 8JH,Semi-Detached,Established,Freehold,7,,ASHLINGS WAY,HOVE,HOVE,BRIGHTON AND HOVE,BRIGHTON AND HOVE,Standard,Addition,50.8468510000,-0.1937140000
129600,2002-04-25 00:00:00Z,BN3 7FG,Semi-Detached,Established,Freehold,116,,STAPLEY ROAD,HOVE,HOVE,BRIGHTON AND HOVE,BRIGHTON AND HOVE,Standard,Addition,50.8426450000,-0.1979670000
150000,2002-03-05 00:00:00Z,BN3 7LU,Terraced,Established,Freehold,2A,,THE PARADE,HOVE,HOVE,BRIGHTON AND HOVE,BRIGHTON AND HOVE,Standard,Addition,50.8446430000,-0.1951490000
156000,2002-10-24 00:00:00Z,BN3 7JE,Terraced,Established,Freehold,188,,ELM DRIVE,HOVE,HOVE,BRIGHTON AND HOVE,BRIGHTON AND HOVE,Standard,Addition,50.8432400000,-0.1945780000
180000,2002-02-08 00:00:00Z,BN3 8PR,Semi-Detached,Established,Freehold,17,,NORTHEASE GARDENS,HOVE,HOVE,BRIGHTON AND HOVE,BRIGHTON AND HOVE,Standard,Addition,50.8491400000,-0.1945630000
225000,2002-11-15 00:00:00Z,BN3 8BA,Detached,Established,Freehold,3,,SHERBOURNE ROAD,HOVE,HOVE,BRIGHTON AND HOVE,BRIGHTON AND HOVE,Standard,Addition,50.8493060000,-0.1995430000
139950,2002-09-03 00:00:00Z,BN3 7FT,Semi-Detached,Established,Freehold,84,,GODWIN ROAD,HOVE,HOVE,BRIGHTON AND HOVE,BRIGHTON AND HOVE,Standard,Addition,50.8427970000,-0.1996800000
190000,2002-09-06 00:00:00Z,BN3 7LP,Semi-Detached,Established,Freehold,254,,HANGLETON ROAD,HOVE,HOVE,BRIGHTON AND HOVE,BRIGHTON AND HOVE,Standard,Addition,50.8461290000,-0.1910290000
59950,2002-11-26 00:00:00Z,BN3 8LE,Flats/Maisonettes,Established,Leasehold,16,,KINGSTON CLOSE,HOVE,HOVE,BRIGHTON AND HOVE,BRIGHTON AND HOVE,Standard,Addition,50.8461490000,-0.1953890000
191000,2002-03-14 00:00:00Z,BN3 8PB,Semi-Detached,Established,Freehold,6,,LARK HILL,HOVE,HOVE,BRIGHTON AND HOVE,BRIGHTON AND HOVE,Standard,Addition,50.8498470000,-0.1926180000
195000,2003-12-19 00:00:00Z,BN3 7LW,Semi-Detached,Established,Freehold,38,,WAYFIELD AVENUE,HOVE,HOVE,BRIGHTON AND HOVE,BRIGHTON AND HOVE,Standard,Addition,50.8407330000,-0.1906690000
235000,2003-07-02 00:00:00Z,BN3 8LN,Detached,Established,Freehold,61,,GLETON AVENUE,HOVE,HOVE,BRIGHTON AND HOVE,BRIGHTON AND HOVE,Standard,Addition,50.8467620000,-0.1984480000
170000,2003-07-08 00:00:00Z,BN3 7LR,Detached,Established,Freehold,239,,HANGLETON ROAD,HOVE,HOVE,BRIGHTON AND HOVE,BRIGHTON AND HOVE,Standard,Addition,50.8459640000,-0.1902260000
224000,2003-07-02 00:00:00Z,BN3 7JA,Semi-Detached,Established,Freehold,77,,ELM DRIVE,HOVE,HOVE,BRIGHTON AND HOVE,BRIGHTON AND HOVE,Standard,Addition,50.8406940000,-0.1939370000
260000,2003-05-06 00:00:00Z,BN3 8JL,Semi-Detached,Established,Freehold,7,,THORNHILL CLOSE,HOVE,HOVE,BRIGHTON AND HOVE,BRIGHTON AND HOVE,Standard,Addition,50.8484100000,-0.1939240000
109000,2003-10-02 00:00:00Z,BN3 7FS,Terraced,Established,Freehold,115,,GODWIN ROAD,HOVE,HOVE,BRIGHTON AND HOVE,BRIGHTON AND HOVE,Standard,Addition,50.8429990000,-0.1999560000
160000,2003-08-15 00:00:00Z,BN3 8PB,Semi-Detached,Established,Freehold,16,,LARK HILL,HOVE,HOVE,BRIGHTON AND HOVE,BRIGHTON AND HOVE,Standard,Addition,50.8498470000,-0.1926180000
245000,2003-08-22 00:00:00Z,BN3 7JA,Semi-Detached,Established,Freehold,75,,ELM DRIVE,HOVE,HOVE,BRIGHTON AND HOVE,BRIGHTON AND HOVE,Standard,Addition,50.8406940000,-0.1939370000
196000,2003-07-18 00:00:00Z,BN3 8PP,Semi-Detached,Established,Freehold,42,,NORTHEASE DRIVE,HOVE,HOVE,BRIGHTON AND HOVE,BRIGHTON AND HOVE,Standard,Addition,50.8486400000,-0.1977930000
164950,2003-02-18 00:00:00Z,BN3 8LN,Semi-Detached,Established,Freehold,13,,GLETON AVENUE,HOVE,HOVE,BRIGHTON AND HOVE,BRIGHTON AND HOVE,Standard,Addition,50.8467620000,-0.1984480000
195000,2003-04-23 00:00:00Z,BN3 8LT,Detached,Established,Freehold,26,,HANGLETON CLOSE,HOVE,HOVE,BRIGHTON AND HOVE,BRIGHTON AND HOVE,Standard,Addition,50.8452720000,-0.1997980000
103000,2003-04-30 00:00:00Z,BN3 8LE,Flats/Maisonettes,Established,Leasehold,8,,KINGSTON CLOSE,HOVE,HOVE,BRIGHTON AND HOVE,BRIGHTON AND HOVE,Standard,Addition,50.8461490000,-0.1953890000
185000,2003-07-11 00:00:00Z,BN3 7JE,Terraced,Established,Freehold,174,,ELM DRIVE,HOVE,HOVE,BRIGHTON AND HOVE,BRIGHTON AND HOVE,Standard,Addition,50.8432400000,-0.1945780000
114000,2003-02-21 00:00:00Z,BN3 8BD,Flats/Maisonettes,Established,Leasehold,8,,SHERBOURNE CLOSE,HOVE,HOVE,BRIGHTON AND HOVE,BRIGHTON AND HOVE,Standard,Addition,50.8493080000,-0.1990880000
228000,2003-07-23 00:00:00Z,BN3 7JA,Terraced,Established,Freehold,139,,ELM DRIVE,HOVE,HOVE,BRIGHTON AND HOVE,BRIGHTON AND HOVE,Standard,Addition,50.8406940000,-0.1939370000
127000,2003-12-19 00:00:00Z,BN3 8BD,Flats/Maisonettes,Established,Leasehold,11,,SHERBOURNE CLOSE,HOVE,HOVE,BRIGHTON AND HOVE,BRIGHTON AND HOVE,Standard,Addition,50.8493080000,-0.1990880000
213000,2003-09-05 00:00:00Z,BN3 8JF,Semi-Detached,Established,Freehold,23,,APPLESHAM AVENUE,HOVE,HOVE,BRIGHTON AND HOVE,BRIGHTON AND HOVE,Standard,Addition,50.8457820000,-0.1938120000
168000,2003-08-27 00:00:00Z,BN3 8LB,Semi-Detached,Established,Freehold,52,,DALE VIEW,HOVE,HOVE,BRIGHTON AND HOVE,BRIGHTON AND HOVE,Standard,Addition,50.8445470000,-0.1988460000
155000,2003-10-03 00:00:00Z,BN3 7FT,Semi-Detached,Established,Freehold,104,,GODWIN ROAD,HOVE,HOVE,BRIGHTON AND HOVE,BRIGHTON AND HOVE,Standard,Addition,50.8427970000,-0.1996800000
205000,2003-12-08 00:00:00Z,BN3 7JH,Terraced,Established,Freehold,75,,ROWAN AVENUE,HOVE,HOVE,BRIGHTON AND HOVE,BRIGHTON AND HOVE,Standard,Addition,50.8430630000,-0.1965310000
172000,2003-01-27 00:00:00Z,BN3 7JA,Terraced,Established,Freehold,107,,ELM DRIVE,HOVE,HOVE,BRIGHTON AND HOVE,BRIGHTON AND HOVE,Standard,Addition,50.8406940000,-0.1939370000
126500,2003-05-30 00:00:00Z,BN3 8JD,Flats/Maisonettes,Established,Leasehold,26,,SUNNINGHILL CLOSE,HOVE,HOVE,BRIGHTON AND HOVE,BRIGHTON AND HOVE,Standard,Addition,50.8457210000,-0.1921670000
150000,2003-01-10 00:00:00Z,BN3 7FG,Semi-Detached,Established,Freehold,139,,STAPLEY ROAD,HOVE,HOVE,BRIGHTON AND HOVE,BRIGHTON AND HOVE,Standard,Addition,50.8426450000,-0.1979670000
230000,2003-08-29 00:00:00Z,BN3 7JA,Semi-Detached,Established,Freehold,47,,ELM DRIVE,HOVE,HOVE,BRIGHTON AND HOVE,BRIGHTON AND HOVE,Standard,Addition,50.8406940000,-0.1939370000
245000,2003-05-02 00:00:00Z,BN3 8JL,Semi-Detached,Established,Freehold,3,,THORNHILL CLOSE,HOVE,HOVE,BRIGHTON AND HOVE,BRIGHTON AND HOVE,Standard,Addition,50.8484100000,-0.1939240000
182000,2003-10-24 00:00:00Z,BN3 7JH,Terraced,Established,Freehold,132,,ROWAN AVENUE,HOVE,HOVE,BRIGHTON AND HOVE,BRIGHTON AND HOVE,Standard,Addition,50.8430630000,-0.1965310000
176000,2003-03-17 00:00:00Z,BN3 8LL,Semi-Detached,Established,Freehold,24,,GLETON AVENUE,HOVE,HOVE,BRIGHTON AND HOVE,BRIGHTON AND HOVE,Standard,Addition,50.8469820000,-0.1980840000
28160,2003-01-27 00:00:00Z,BN3 8LE,Flats/Maisonettes,Established,Leasehold,31,,KINGSTON CLOSE,HOVE,HOVE,BRIGHTON AND HOVE,BRIGHTON AND HOVE,Standard,Addition,50.8461490000,-0.1953890000
198000,2003-07-04 00:00:00Z,BN3 8PX,Semi-Detached,Established,Freehold,10,,POPLAR AVENUE,HOVE,HOVE,BRIGHTON AND HOVE,BRIGHTON AND HOVE,Standard,Addition,50.8459510000,-0.1948420000
122000,2003-09-24 00:00:00Z,BN3 8BB,Flats/Maisonettes,Established,Leasehold,80,,SHERBOURNE ROAD,HOVE,HOVE,BRIGHTON AND HOVE,BRIGHTON AND HOVE,Standard,Addition,50.8496460000,-0.1999700000
165000,2003-07-10 00:00:00Z,BN3 8PP,Detached,Established,Freehold,61,,NORTHEASE DRIVE,HOVE,HOVE,BRIGHTON AND HOVE,BRIGHTON AND HOVE,Standard,Addition,50.8486400000,-0.1977930000
89950,2003-01-31 00:00:00Z,BN3 8LE,Flats/Maisonettes,Established,Leasehold,58,,KINGSTON CLOSE,HOVE,HOVE,BRIGHTON AND HOVE,BRIGHTON AND HOVE,Standard,Addition,50.8461490000,-0.1953890000
97500,2003-01-30 00:00:00Z,BN3 8BD,Flats/Maisonettes,Established,Leasehold,19,,SHERBOURNE CLOSE,HOVE,HOVE,BRIGHTON AND HOVE,BRIGHTON AND HOVE,Standard,Addition,50.8493080000,-0.1990880000
120000,2003-03-10 00:00:00Z,BN3 8LG,Semi-Detached,Established,Freehold,6,,SUMMERDALE ROAD,HOVE,HOVE,BRIGHTON AND HOVE,BRIGHTON AND HOVE,Standard,Addition,50.8476110000,-0.1974630000
165000,2003-11-07 00:00:00Z,BN3 8LN,Terraced,Established,Freehold,17,,GLETON AVENUE,HOVE,HOVE,BRIGHTON AND HOVE,BRIGHTON AND HOVE,Standard,Addition,50.8467620000,-0.1984480000
210000,2003-07-29 00:00:00Z,BN3 8PQ,Semi-Detached,Established,Freehold,22,,NORTHEASE DRIVE,HOVE,HOVE,BRIGHTON AND HOVE,BRIGHTON AND HOVE,Standard,Addition,50.8493070000,-0.1937900000
275500,2003-04-16 00:00:00Z,BN3 7NG,Semi-Detached,Established,Freehold,180,,NEVILL AVENUE,HOVE,HOVE,BRIGHTON AND HOVE,BRIGHTON AND HOVE,Standard,Addition,50.8440280000,-0.1916620000
283000,2003-10-24 00:00:00Z,BN3 7LR,Terraced,Established,Freehold,277,,HANGLETON ROAD,HOVE,HOVE,BRIGHTON AND HOVE,BRIGHTON AND HOVE,Standard,Addition,50.8459640000,-0.1902260000
199995,2003-12-22 00:00:00Z,BN3 7JA,Terraced,Established,Freehold,129,,ELM DRIVE,HOVE,HOVE,BRIGHTON AND HOVE,BRIGHTON AND HOVE,Standard,Addition,50.8406940000,-0.1939370000
176000,2003-09-03 00:00:00Z,BN3 8LF,Terraced,Established,Freehold,94,,DALE VIEW,HOVE,HOVE,BRIGHTON AND HOVE,BRIGHTON AND HOVE,Standard,Addition,50.8466780000,-0.1959220000
223000,2003-05-08 00:00:00Z,BN3 8PX,Semi-Detached,Established,Freehold,13,,POPLAR AVENUE,HOVE,HOVE,BRIGHTON AND HOVE,BRIGHTON AND HOVE,Standard,Addition,50.8459510000,-0.1948420000
211500,2003-05-29 00:00:00Z,BN3 8LN,Semi-Detached,Established,Freehold,21,,GLETON AVENUE,HOVE,HOVE,BRIGHTON AND HOVE,BRIGHTON AND HOVE,Standard,Addition,50.8467620000,-0.1984480000
206500,2003-01-17 00:00:00Z,BN3 7LW,Semi-Detached,Established,Freehold,10,,WAYFIELD AVENUE,HOVE,HOVE,BRIGHTON AND HOVE,BRIGHTON AND HOVE,Standard,Addition,50.8407330000,-0.1906690000
100000,2003-03-27 00:00:00Z,BN3 8JS,Semi-Detached,Established,Freehold,6,,AMBERLEY DRIVE,HOVE,HOVE,BRIGHTON AND HOVE,BRIGHTON AND HOVE,Standard,Addition,50.8477480000,-0.1918330000
199950,2003-02-20 00:00:00Z,BN3 7JE,Terraced,Established,Freehold,186,,ELM DRIVE,HOVE,HOVE,BRIGHTON AND HOVE,BRIGHTON AND HOVE,Standard,Addition,50.8432400000,-0.1945780000
167000,2003-08-29 00:00:00Z,BN3 7FH,Terraced,Established,Freehold,8,,MARTIN ROAD,HOVE,HOVE,BRIGHTON AND HOVE,BRIGHTON AND HOVE,Standard,Addition,50.8421880000,-0.1998170000
192500,2003-12-19 00:00:00Z,BN3 8LS,Semi-Detached,Established,Freehold,49,,WEST WAY,HOVE,HOVE,BRIGHTON AND HOVE,BRIGHTON AND HOVE,Standard,Addition,50.8462370000,-0.1981980000
210000,2003-01-13 00:00:00Z,BN3 8PS,Semi-Detached,Established,Freehold,64,,POPLAR AVENUE,HOVE,HOVE,BRIGHTON AND HOVE,BRIGHTON AND HOVE,Standard,Addition,50.8481560000,-0.1949560000
295000,2003-08-08 00:00:00Z,BN3 7LW,Detached,Established,Freehold,23,,WAYFIELD AVENUE,HOVE,HOVE,BRIGHTON AND HOVE,BRIGHTON AND HOVE,Standard,Addition,50.8407330000,-0.1906690000
183000,2003-05-15 00:00:00Z,BN3 7JH,Terraced,Established,Freehold,59,,ROWAN AVENUE,HOVE,HOVE,BRIGHTON AND HOVE,BRIGHTON AND HOVE,Standard,Addition,50.8430630000,-0.1965310000
190000,2003-08-15 00:00:00Z,BN3 8JF,Terraced,Established,Freehold,22,,APPLESHAM AVENUE,HOVE,HOVE,BRIGHTON AND HOVE,BRIGHTON AND HOVE,Standard,Addition,50.8457820000,-0.1938120000
185250,2003-11-14 00:00:00Z,BN3 7JH,Semi-Detached,Established,Freehold,81,,ROWAN AVENUE,HOVE,HOVE,BRIGHTON AND HOVE,BRIGHTON AND HOVE,Standard,Addition,50.8430630000,-0.1965310000
242500,2003-02-14 00:00:00Z,BN3 7LT,Semi-Detached,Established,Freehold,188,,HANGLETON ROAD,HOVE,HOVE,BRIGHTON AND HOVE,BRIGHTON AND HOVE,Standard,Addition,50.8445380000,-0.1959200000
87000,2003-04-28 00:00:00Z,BN3 7FS,Semi-Detached,Established,Freehold,123,,GODWIN ROAD,HOVE,HOVE,BRIGHTON AND HOVE,BRIGHTON AND HOVE,Standard,Addition,50.8429990000,-0.1999560000
155500,2003-02-04 00:00:00Z,BN3 7JG,Terraced,Established,Freehold,56,,ROWAN AVENUE,HOVE,HOVE,BRIGHTON AND HOVE,BRIGHTON AND HOVE,Standard,Addition,50.8409770000,-0.1959430000
137000,2003-02-28 00:00:00Z,BN3 7FF,Semi-Detached,Established,Freehold,109,,STAPLEY ROAD,HOVE,HOVE,BRIGHTON AND HOVE,BRIGHTON AND HOVE,Standard,Addition,50.8414060000,-0.1979160000
219000,2003-09-29 00:00:00Z,BN3 8PU,Semi-Detached,Established,Freehold,38,,POPLAR AVENUE,HOVE,HOVE,BRIGHTON AND HOVE,BRIGHTON AND HOVE,Standard,Addition,50.8466770000,-0.1946580000
193000,2003-02-14 00:00:00Z,BN3 7FS,Semi-Detached,Established,Freehold,97,,GODWIN ROAD,HOVE,HOVE,BRIGHTON AND HOVE,BRIGHTON AND HOVE,Standard,Addition,50.8429990000,-0.1999560000
190000,2003-04-11 00:00:00Z,BN3 8LT,Semi-Detached,Established,Freehold,1,,HANGLETON CLOSE,,HOVE,BRIGHTON AND HOVE,BRIGHTON AND HOVE,Standard,Addition,50.8452720000,-0.1997980000
192000,2003-06-20 00:00:00Z,BN3 7JG,Semi-Detached,Established,Freehold,22,,ROWAN AVENUE,HOVE,HOVE,BRIGHTON AND HOVE,BRIGHTON AND HOVE,Standard,Addition,50.8409770000,-0.1959430000
240000,2003-11-17 00:00:00Z,BN3 7NG,Terraced,Established,Freehold,197,,NEVILL AVENUE,HOVE,HOVE,BRIGHTON AND HOVE,BRIGHTON AND HOVE,Standard,Addition,50.8440280000,-0.1916620000
179668,2003-07-08 00:00:00Z,BN3 8LL,Semi-Detached,Established,Freehold,52,,GLETON AVENUE,HOVE,HOVE,BRIGHTON AND HOVE,BRIGHTON AND HOVE,Standard,Addition,50.8469820000,-0.1980840000
130000,2003-12-19 00:00:00Z,BN3 8BB,Terraced,Established,Leasehold,50,,SHERBOURNE ROAD,HOVE,HOVE,BRIGHTON AND HOVE,BRIGHTON AND HOVE,Standard,Addition,50.8496460000,-0.1999700000
297000,2003-10-09 00:00:00Z,BN3 7LW,Detached,Established,Freehold,43,,WAYFIELD AVENUE,HOVE,HOVE,BRIGHTON AND HOVE,BRIGHTON AND HOVE,Standard,Addition,50.8407330000,-0.1906690000
247500,2003-08-29 00:00:00Z,BN3 7RE,Semi-Detached,Established,Freehold,17,,WAYFIELD CLOSE,HOVE,HOVE,BRIGHTON AND HOVE,BRIGHTON AND HOVE,Standard,Addition,50.8413320000,-0.1903900000
190000,2003-10-17 00:00:00Z,BN3 8LL,Terraced,Established,Freehold,14,,GLETON AVENUE,HOVE,HOVE,BRIGHTON AND HOVE,BRIGHTON AND HOVE,Standard,Addition,50.8469820000,-0.1980840000
158000,2003-11-07 00:00:00Z,BN3 8LG,Semi-Detached,Established,Freehold,17,,SUMMERDALE ROAD,HOVE,HOVE,BRIGHTON AND HOVE,BRIGHTON AND HOVE,Standard,Addition,50.8476110000,-0.1974630000
143000,2003-12-09 00:00:00Z,BN3 7FL,Terraced,Established,Freehold,70,,WILFRID ROAD,HOVE,HOVE,BRIGHTON AND HOVE,BRIGHTON AND HOVE,Standard,Addition,50.8407790000,-0.1994310000
179000,2003-09-15 00:00:00Z,BN3 8LN,Semi-Detached,Established,Freehold,1,,GLETON AVENUE,HOVE,HOVE,BRIGHTON AND HOVE,BRIGHTON AND HOVE,Standard,Addition,50.8467620000,-0.1984480000
165000,2003-11-21 00:00:00Z,BN3 8LB,Semi-Detached,Established,Freehold,38,,DALE VIEW,HOVE,HOVE,BRIGHTON AND HOVE,BRIGHTON AND HOVE,Standard,Addition,50.8445470000,-0.1988460000
192000,2003-10-17 00:00:00Z,BN3 7JL,Terraced,Established,Freehold,98,,ELM DRIVE,HOVE,HOVE,BRIGHTON AND HOVE,BRIGHTON AND HOVE,Standard,Addition,50.8412030000,-0.1946710000
294000,2003-12-19 00:00:00Z,BN3 8LG,Semi-Detached,Established,Freehold,2,,SUMMERDALE ROAD,HOVE,HOVE,BRIGHTON AND HOVE,BRIGHTON AND HOVE,Standard,Addition,50.8476110000,-0.1974630000
495000,2003-02-28 00:00:00Z,BN3 7JH,Semi-Detached,Established,Freehold,95,,ROWAN AVENUE,HOVE,HOVE,BRIGHTON AND HOVE,BRIGHTON AND HOVE,Standard,Addition,50.8430630000,-0.1965310000
215000,2003-05-23 00:00:00Z,BN3 7JA,Terraced,Established,Freehold,153,,ELM DRIVE,HOVE,HOVE,BRIGHTON AND HOVE,BRIGHTON AND HOVE,Standard,Addition,50.8406940000,-0.1939370000
185000,2003-11-11 00:00:00Z,BN3 7JL,Terraced,Established,Freehold,128,,ELM DRIVE,HOVE,HOVE,BRIGHTON AND HOVE,BRIGHTON AND HOVE,Standard,Addition,50.8412030000,-0.1946710000
233625,2003-10-20 00:00:00Z,BN3 7LR,Semi-Detached,Established,Freehold,261,,HANGLETON ROAD,HOVE,HOVE,BRIGHTON AND HOVE,BRIGHTON AND HOVE,Standard,Addition,50.8459640000,-0.1902260000
169000,2003-05-15 00:00:00Z,BN3 7JG,Terraced,Established,Freehold,86,,ROWAN AVENUE,HOVE,HOVE,BRIGHTON AND HOVE,BRIGHTON AND HOVE,Standard,Addition,50.8409770000,-0.1959430000
104000,2003-02-27 00:00:00Z,BN3 8BB,Flats/Maisonettes,Established,Leasehold,84,GROUND FLOOR FLAT,SHERBOURNE ROAD,HOVE,HOVE,BRIGHTON AND HOVE,BRIGHTON AND HOVE,Standard,Addition,50.8496460000,-0.1999700000
102000,2003-05-12 00:00:00Z,BN3 8GG,Semi-Detached,Established,Freehold,89,,CLARKE AVENUE,HOVE,HOVE,BRIGHTON AND HOVE,BRIGHTON AND HOVE,Standard,Addition,50.8479560000,-0.1901200000
219000,2003-11-04 00:00:00Z,BN3 8LB,Semi-Detached,Established,Freehold,30,,DALE VIEW,HOVE,HOVE,BRIGHTON AND HOVE,BRIGHTON AND HOVE,Standard,Addition,50.8445470000,-0.1988460000
167000,2003-07-01 00:00:00Z,BN3 7JF,Terraced,Established,Freehold,53,,ROWAN AVENUE,HOVE,HOVE,BRIGHTON AND HOVE,BRIGHTON AND HOVE,Standard,Addition,50.8413420000,-0.1957310000
136000,2003-10-16 00:00:00Z,BN3 7FF,Terraced,Established,Freehold,94,,STAPLEY ROAD,HOVE,HOVE,BRIGHTON AND HOVE,BRIGHTON AND HOVE,Standard,Addition,50.8414060000,-0.1979160000
184000,2003-03-14 00:00:00Z,BN3 7JH,Terraced,Established,Freehold,65,,ROWAN AVENUE,HOVE,HOVE,BRIGHTON AND HOVE,BRIGHTON AND HOVE,Standard,Addition,50.8430630000,-0.1965310000
210000,2003-08-26 00:00:00Z,BN3 8PA,Detached,Established,Freehold,11,,NORTHEASE DRIVE,HOVE,HOVE,BRIGHTON AND HOVE,BRIGHTON AND HOVE,Standard,Addition,50.8490630000,-0.1919380000
179711,2003-05-23 00:00:00Z,BN3 8JL,Semi-Detached,Established,Freehold,12,,THORNHILL CLOSE,HOVE,HOVE,BRIGHTON AND HOVE,BRIGHTON AND HOVE,Standard,Addition,50.8484100000,-0.1939240000
225000,2004-11-08 00:00:00Z,BN3 7LW,Semi-Detached,Established,Freehold,12,,WAYFIELD AVENUE,HOVE,HOVE,BRIGHTON AND HOVE,BRIGHTON AND HOVE,Standard,Addition,50.8407330000,-0.1906690000
235000,2004-04-30 00:00:00Z,BN3 7LW,Terraced,Established,Freehold,5,,WAYFIELD AVENUE,HOVE,HOVE,BRIGHTON AND HOVE,BRIGHTON AND HOVE,Standard,Addition,50.8407330000,-0.1906690000
235000,2004-07-26 00:00:00Z,BN3 7JF,Terraced,Established,Freehold,17,,ROWAN AVENUE,HOVE,HOVE,BRIGHTON AND HOVE,BRIGHTON AND HOVE,Standard,Addition,50.8413420000,-0.1957310000
219950,2004-02-02 00:00:00Z,BN3 8LL,Semi-Detached,Established,Freehold,30,,GLETON AVENUE,HOVE,HOVE,BRIGHTON AND HOVE,BRIGHTON AND HOVE,Standard,Addition,50.8469820000,-0.1980840000
163000,2004-04-30 00:00:00Z,BN3 7FH,Semi-Detached,Established,Freehold,9,,MARTIN ROAD,HOVE,HOVE,BRIGHTON AND HOVE,BRIGHTON AND HOVE,Standard,Addition,50.8421880000,-0.1998170000
141000,2004-06-30 00:00:00Z,BN3 7FF,Terraced,Established,Freehold,100,,STAPLEY ROAD,HOVE,HOVE,BRIGHTON AND HOVE,BRIGHTON AND HOVE,Standard,Addition,50.8414060000,-0.1979160000
245000,2004-06-07 00:00:00Z,BN3 8PB,Semi-Detached,Established,Freehold,11,,LARK HILL,HOVE,HOVE,BRIGHTON AND HOVE,BRIGHTON AND HOVE,Standard,Addition,50.8498470000,-0.1926180000
182000,2004-03-30 00:00:00Z,BN3 8LA,Semi-Detached,Established,Freehold,11,,DALE VIEW,HOVE,HOVE,BRIGHTON AND HOVE,BRIGHTON AND HOVE,Standard,Addition,50.8449120000,-0.1986180000
95979,2004-11-17 00:00:00Z,BN3 7JH,Semi-Detached,Established,Freehold,100,,ROWAN AVENUE,HOVE,HOVE,BRIGHTON AND HOVE,BRIGHTON AND HOVE,Standard,Addition,50.8430630000,-0.1965310000
231000,2004-04-07 00:00:00Z,BN3 8PQ,Semi-Detached,Established,Freehold,25,,NORTHEASE DRIVE,HOVE,HOVE,BRIGHTON AND HOVE,BRIGHTON AND HOVE,Standard,Addition,50.8493070000,-0.1937900000
177500,2004-04-22 00:00:00Z,BN3 8LF,Semi-Detached,Established,Freehold,128,,DALE VIEW,HOVE,HOVE,BRIGHTON AND HOVE,BRIGHTON AND HOVE,Standard,Addition,50.8466780000,-0.1959220000
232500,2004-11-05 00:00:00Z,BN3 7LT,Semi-Detached,Established,Freehold,172,,HANGLETON ROAD,HOVE,HOVE,BRIGHTON AND HOVE,BRIGHTON AND HOVE,Standard,Addition,50.8445380000,-0.1959200000
295000,2004-01-09 00:00:00Z,BN3 7LP,Detached,Established,Freehold,232,,HANGLETON ROAD,HOVE,HOVE,BRIGHTON AND HOVE,BRIGHTON AND HOVE,Standard,Addition,50.8461290000,-0.1910290000
286500,2004-05-20 00:00:00Z,BN3 7LT,Semi-Detached,Established,Freehold,186,,HANGLETON ROAD,HOVE,HOVE,BRIGHTON AND HOVE,BRIGHTON AND HOVE,Standard,Addition,50.8445380000,-0.1959200000
329950,2004-09-20 00:00:00Z,BN3 7LW,Detached,Established,Freehold,27,,WAYFIELD AVENUE,HOVE,HOVE,BRIGHTON AND HOVE,BRIGHTON AND HOVE,Standard,Addition,50.8407330000,-0.1906690000
250000,2004-02-23 00:00:00Z,BN3 8JL,Semi-Detached,Established,Freehold,12,,THORNHILL CLOSE,HOVE,HOVE,BRIGHTON AND HOVE,BRIGHTON AND HOVE,Standard,Addition,50.8484100000,-0.1939240000
157000,2004-01-15 00:00:00Z,BN3 8JP,Semi-Detached,Established,Freehold,51,,AMBERLEY DRIVE,HOVE,HOVE,BRIGHTON AND HOVE,BRIGHTON AND HOVE,Standard,Addition,50.8497310000,-0.1909600000
225000,2004-06-16 00:00:00Z,BN3 8LF,Semi-Detached,Established,Freehold,59,,DALE VIEW,HOVE,HOVE,BRIGHTON AND HOVE,BRIGHTON AND HOVE,Standard,Addition,50.8466780000,-0.1959220000
280000,2004-01-21 00:00:00Z,BN3 7LR,Detached,Established,Freehold,289,,HANGLETON ROAD,HOVE,HOVE,BRIGHTON AND HOVE,BRIGHTON AND HOVE,Standard,Addition,50.8459640000,-0.1902260000
220000,2004-08-13 00:00:00Z,BN3 8LL,Semi-Detached,Established,Freehold,40,,GLETON AVENUE,HOVE,HOVE,BRIGHTON AND HOVE,BRIGHTON AND HOVE,Standard,Addition,50.8469820000,-0.1980840000
171000,2004-05-26 00:00:00Z,BN3 8LA,Semi-Detached,Established,Freehold,15,,DALE VIEW,HOVE,HOVE,BRIGHTON AND HOVE,BRIGHTON AND HOVE,Standard,Addition,50.8449120000,-0.1986180000
178500,2004-09-20 00:00:00Z,BN3 7FG,Semi-Detached,Established,Freehold,139,,STAPLEY ROAD,HOVE,HOVE,BRIGHTON AND HOVE,BRIGHTON AND HOVE,Standard,Addition,50.8426450000,-0.1979670000
235000,2004-04-28 00:00:00Z,BN3 8LS,Semi-Detached,Established,Freehold,49,,WEST WAY,HOVE,HOVE,BRIGHTON AND HOVE,BRIGHTON AND HOVE,Standard,Addition,50.8462370000,-0.1981980000
157000,2004-07-30 00:00:00Z,BN3 7JG,Terraced,Established,Freehold,50,,ROWAN AVENUE,HOVE,HOVE,BRIGHTON AND HOVE,BRIGHTON AND HOVE,Standard,Addition,50.8409770000,-0.1959430000
115000,2004-01-15 00:00:00Z,BN3 8LA,Flats/Maisonettes,Established,Leasehold,1,FLAT 2,DALE VIEW,HOVE,HOVE,BRIGHTON AND HOVE,BRIGHTON AND HOVE,Standard,Addition,50.8449120000,-0.1986180000
220000,2004-03-09 00:00:00Z,BN3 8LD,Terraced,Established,Freehold,5A,,WEST WAY,HOVE,HOVE,BRIGHTON AND HOVE,BRIGHTON AND HOVE,Standard,Addition,50.8450240000,-0.1953900000
107000,2004-01-12 00:00:00Z,BN3 7FJ,Detached,Established,Freehold,1,,WILFRID ROAD,HOVE,HOVE,BRIGHTON AND HOVE,BRIGHTON AND HOVE,Standard,Addition,50.8406650000,-0.1990090000
187500,2004-05-28 00:00:00Z,BN3 7LU,Terraced,Established,Freehold,2A,,THE PARADE,HOVE,HOVE,BRIGHTON AND HOVE,BRIGHTON AND HOVE,Standard,Addition,50.8446430000,-0.1951490000
222500,2004-01-30 00:00:00Z,BN3 8PA,Semi-Detached,Established,Freehold,3,,NORTHEASE DRIVE,HOVE,HOVE,BRIGHTON AND HOVE,BRIGHTON AND HOVE,Standard,Addition,50.8490630000,-0.1919380000
180000,2004-12-22 00:00:00Z,BN3 8PQ,Semi-Detached,Established,Freehold,15,,NORTHEASE DRIVE,HOVE,HOVE,BRIGHTON AND HOVE,BRIGHTON AND HOVE,Standard,Addition,50.8493070000,-0.1937900000
275000,2004-02-13 00:00:00Z,BN3 7JD,Semi-Detached,Established,Freehold,171,,ELM DRIVE,HOVE,HOVE,BRIGHTON AND HOVE,BRIGHTON AND HOVE,Standard,Addition,50.8433220000,-0.1940630000
175500,2004-03-10 00:00:00Z,BN3 8JP,Terraced,Established,Freehold,45,,AMBERLEY DRIVE,HOVE,HOVE,BRIGHTON AND HOVE,BRIGHTON AND HOVE,Standard,Addition,50.8497310000,-0.1909600000
132000,2004-01-29 00:00:00Z,BN3 8BD,Flats/Maisonettes,Established,Leasehold,2,,SHERBOURNE CLOSE,HOVE,HOVE,BRIGHTON AND HOVE,BRIGHTON AND HOVE,Standard,Addition,50.8493080000,-0.1990880000
220000,2004-03-29 00:00:00Z,BN3 7JA,Semi-Detached,Established,Freehold,103,,ELM DRIVE,HOVE,HOVE,BRIGHTON AND HOVE,BRIGHTON AND HOVE,Standard,Addition,50.8406940000,-0.1939370000
260000,2004-07-28 00:00:00Z,BN3 7NG,Semi-Detached,Established,Freehold,187,,NEVILL AVENUE,HOVE,HOVE,BRIGHTON AND HOVE,BRIGHTON AND HOVE,Standard,Addition,50.8440280000,-0.1916620000
217000,2004-02-16 00:00:00Z,BN3 8JJ,Semi-Detached,Established,Freehold,55,,APPLESHAM AVENUE,HOVE,HOVE,BRIGHTON AND HOVE,BRIGHTON AND HOVE,Standard,Addition,50.8473290000,-0.1926580000
190000,2004-06-11 00:00:00Z,BN3 7JL,Semi-Detached,Established,Freehold,84A,,ELM DRIVE,,HOVE,BRIGHTON AND HOVE,BRIGHTON AND HOVE,Standard,Addition,50.8412030000,-0.1946710000
206000,2004-11-15 00:00:00Z,BN3 7FS,Semi-Detached,Established,Freehold,125,,GODWIN ROAD,HOVE,HOVE,BRIGHTON AND HOVE,BRIGHTON AND HOVE,Standard,Addition,50.8429990000,-0.1999560000
218500,2004-08-17 00:00:00Z,BN3 7JB,Semi-Detached,Established,Freehold,23,,MAYTREE WALK,HOVE,HOVE,BRIGHTON AND HOVE,BRIGHTON AND HOVE,Standard,Addition,50.8423400000,-0.1956780000
206000,2004-07-09 00:00:00Z,BN3 8JD,Detached,Established,Freehold,42,,SUNNINGHILL CLOSE,HOVE,HOVE,BRIGHTON AND HOVE,BRIGHTON AND HOVE,Standard,Addition,50.8457210000,-0.1921670000
245000,2004-04-02 00:00:00Z,BN3 8PA,Detached,Established,Freehold,11,,NORTHEASE DRIVE,HOVE,HOVE,BRIGHTON AND HOVE,BRIGHTON AND HOVE,Standard,Addition,50.8490630000,-0.1919380000
245000,2004-06-11 00:00:00Z,BN3 8PT,Semi-Detached,Established,Freehold,85,,POPLAR AVENUE,HOVE,HOVE,BRIGHTON AND HOVE,BRIGHTON AND HOVE,Standard,Addition,50.8479490000,-0.1943530000
110000,2004-08-17 00:00:00Z,BN3 7LU,Flats/Maisonettes,Established,Leasehold,2A,,THE PARADE,HOVE,HOVE,BRIGHTON AND HOVE,BRIGHTON AND HOVE,Standard,Addition,50.8446430000,-0.1951490000
197000,2004-04-22 00:00:00Z,BN3 8LA,Semi-Detached,Established,Freehold,21,,DALE VIEW,HOVE,HOVE,BRIGHTON AND HOVE,BRIGHTON AND HOVE,Standard,Addition,50.8449120000,-0.1986180000
222500,2004-07-14 00:00:00Z,BN3 8JJ,Semi-Detached,Established,Freehold,71,,APPLESHAM AVENUE,HOVE,HOVE,BRIGHTON AND HOVE,BRIGHTON AND HOVE,Standard,Addition,50.8473290000,-0.1926580000
167000,2004-09-12 00:00:00Z,BN3 8JP,Semi-Detached,Established,Freehold,47,,AMBERLEY DRIVE,HOVE,HOVE,BRIGHTON AND HOVE,BRIGHTON AND HOVE,Standard,Addition,50.8497310000,-0.1909600000
235000,2004-06-14 00:00:00Z,BN3 8JJ,Semi-Detached,Established,Freehold,67,,APPLESHAM AVENUE,HOVE,HOVE,BRIGHTON AND HOVE,BRIGHTON AND HOVE,Standard,Addition,50.8473290000,-0.1926580000
109000,2004-11-23 00:00:00Z,BN3 7LP,Flats/Maisonettes,Established,Leasehold,220A,,HANGLETON ROAD,HOVE,HOVE,BRIGHTON AND HOVE,BRIGHTON AND HOVE,Standard,Addition,50.8461290000,-0.1910290000
130000,2004-02-12 00:00:00Z,BN3 8LE,Flats/Maisonettes,Established,Leasehold,8,,KINGSTON CLOSE,HOVE,HOVE,BRIGHTON AND HOVE,BRIGHTON AND HOVE,Standard,Addition,50.8461490000,-0.1953890000
204995,2004-01-30 00:00:00Z,BN3 7JF,Semi-Detached,Established,Freehold,47,,ROWAN AVENUE,HOVE,HOVE,BRIGHTON AND HOVE,BRIGHTON AND HOVE,Standard,Addition,50.8413420000,-0.1957310000
125000,2004-01-30 00:00:00Z,BN3 8LE,Flats/Maisonettes,Established,Leasehold,30,,KINGSTON CLOSE,HOVE,HOVE,BRIGHTON AND HOVE,BRIGHTON AND HOVE,Standard,Addition,50.8461490000,-0.1953890000
250000,2004-08-20 00:00:00Z,BN3 8JH,Semi-Detached,Established,Freehold,7,,ASHLINGS WAY,HOVE,HOVE,BRIGHTON AND HOVE,BRIGHTON AND HOVE,Standard,Addition,50.8468510000,-0.1937140000
130500,2004-11-05 00:00:00Z,BN3 8LE,Flats/Maisonettes,Established,Leasehold,15,,KINGSTON CLOSE,HOVE,HOVE,BRIGHTON AND HOVE,BRIGHTON AND HOVE,Standard,Addition,50.8461490000,-0.1953890000
190500,2004-07-14 00:00:00Z,BN3 8LN,Semi-Detached,Established,Freehold,31,,GLETON AVENUE,HOVE,HOVE,BRIGHTON AND HOVE,BRIGHTON AND HOVE,Standard,Addition,50.8467620000,-0.1984480000
305000,2004-02-04 00:00:00Z,BN3 7LW,Detached,Established,Freehold,7,,WAYFIELD AVENUE,HOVE,HOVE,BRIGHTON AND HOVE,BRIGHTON AND HOVE,Standard,Addition,50.8407330000,-0.1906690000
140000,2004-01-23 00:00:00Z,BN3 7FS,Terraced,Established,Freehold,115,,GODWIN ROAD,HOVE,HOVE,BRIGHTON AND HOVE,BRIGHTON AND HOVE,Standard,Addition,50.8429990000,-0.1999560000
86000,2004-11-23 00:00:00Z,BN3 7LP,Flats/Maisonettes,Established,Leasehold,218A,,HANGLETON ROAD,HOVE,HOVE,BRIGHTON AND HOVE,BRIGHTON AND HOVE,Standard,Addition,50.8461290000,-0.1910290000
249950,2004-08-16 00:00:00Z,BN3 8JJ,Semi-Detached,Established,Freehold,68,,APPLESHAM AVENUE,HOVE,HOVE,BRIGHTON AND HOVE,BRIGHTON AND HOVE,Standard,Addition,50.8473290000,-0.1926580000
227500,2004-04-02 00:00:00Z,BN3 7RE,Terraced,Established,Freehold,15,,WAYFIELD CLOSE,HOVE,HOVE,BRIGHTON AND HOVE,BRIGHTON AND HOVE,Standard,Addition,50.8413320000,-0.1903900000
234000,2004-04-22 00:00:00Z,BN3 8LT,Semi-Detached,Established,Freehold,30,,HANGLETON CLOSE,HOVE,HOVE,BRIGHTON AND HOVE,BRIGHTON AND HOVE,Standard,Addition,50.8452720000,-0.1997980000
300000,2004-03-26 00:00:00Z,BN3 7LW,Detached,Established,Freehold,33,,WAYFIELD AVENUE,HOVE,HOVE,BRIGHTON AND HOVE,BRIGHTON AND HOVE,Standard,Addition,50.8407330000,-0.1906690000
220000,2004-08-27 00:00:00Z,BN3 7JL,Terraced,Established,Freehold,98,,ELM DRIVE,HOVE,HOVE,BRIGHTON AND HOVE,BRIGHTON AND HOVE,Standard,Addition,50.8412030000,-0.1946710000
240000,2004-05-07 00:00:00Z,BN3 8PS,Semi-Detached,Established,Freehold,118,,POPLAR AVENUE,HOVE,HOVE,BRIGHTON AND HOVE,BRIGHTON AND HOVE,Standard,Addition,50.8481560000,-0.1949560000
143000,2004-08-20 00:00:00Z,BN3 8BB,Flats/Maisonettes,Established,Leasehold,94,,SHERBOURNE ROAD,HOVE,HOVE,BRIGHTON AND HOVE,BRIGHTON AND HOVE,Standard,Addition,50.8496460000,-0.1999700000
221000,2004-10-28 00:00:00Z,BN3 7LW,Terraced,Established,Freehold,44,,WAYFIELD AVENUE,HOVE,HOVE,BRIGHTON AND HOVE,BRIGHTON AND HOVE,Standard,Addition,50.8407330000,-0.1906690000
219000,2004-01-15 00:00:00Z,BN3 8BB,Semi-Detached,Established,Freehold,6,,SHERBOURNE ROAD,HOVE,HOVE,BRIGHTON AND HOVE,BRIGHTON AND HOVE,Standard,Addition,50.8496460000,-0.1999700000
235000,2004-05-14 00:00:00Z,BN3 8PS,Semi-Detached,Established,Freehold,72,,POPLAR AVENUE,HOVE,HOVE,BRIGHTON AND HOVE,BRIGHTON AND HOVE,Standard,Addition,50.8481560000,-0.1949560000
180000,2004-05-11 00:00:00Z,BN3 8LG,Semi-Detached,Established,Freehold,27,,SUMMERDALE ROAD,HOVE,HOVE,BRIGHTON AND HOVE,BRIGHTON AND HOVE,Standard,Addition,50.8476110000,-0.1974630000
324492,2004-11-12 00:00:00Z,BN3 7LP,Detached,Established,Freehold,236,,HANGLETON ROAD,HOVE,HOVE,BRIGHTON AND HOVE,BRIGHTON AND HOVE,Standard,Addition,50.8461290000,-0.1910290000
240000,2004-07-30 00:00:00Z,BN3 8PA,Semi-Detached,Established,Freehold,5,,NORTHEASE DRIVE,HOVE,HOVE,BRIGHTON AND HOVE,BRIGHTON AND HOVE,Standard,Addition,50.8490630000,-0.1919380000
129500,2004-03-02 00:00:00Z,BN3 8LE,Flats/Maisonettes,Established,Leasehold,23,,KINGSTON CLOSE,HOVE,HOVE,BRIGHTON AND HOVE,BRIGHTON AND HOVE,Standard,Addition,50.8461490000,-0.1953890000
237000,2004-07-30 00:00:00Z,BN3 8PQ,Semi-Detached,Established,Freehold,22,,NORTHEASE DRIVE,HOVE,HOVE,BRIGHTON AND HOVE,BRIGHTON AND HOVE,Standard,Addition,50.8493070000,-0.1937900000
187000,2004-08-20 00:00:00Z,BN3 8LG,Semi-Detached,Established,Freehold,27,,SUMMERDALE ROAD,HOVE,HOVE,BRIGHTON AND HOVE,BRIGHTON AND HOVE,Standard,Addition,50.8476110000,-0.1974630000
129000,2004-01-16 00:00:00Z,BN3 7RE,Terraced,Established,Leasehold,6,,WAYFIELD CLOSE,HOVE,HOVE,BRIGHTON AND HOVE,BRIGHTON AND HOVE,Standard,Addition,50.8413320000,-0.1903900000
128000,2004-07-30 00:00:00Z,BN3 8BE,Flats/Maisonettes,Established,Leasehold,35,,SHERBOURNE CLOSE,HOVE,HOVE,BRIGHTON AND HOVE,BRIGHTON AND HOVE,Standard,Addition,50.8499730000,-0.1984380000
242000,2004-08-17 00:00:00Z,BN3 7LS,Semi-Detached,Established,Freehold,191,,HANGLETON ROAD,HOVE,HOVE,BRIGHTON AND HOVE,BRIGHTON AND HOVE,Standard,Addition,50.8441990000,-0.1949670000
185000,2004-03-18 00:00:00Z,BN3 8LF,Detached,Established,Freehold,51,,DALE VIEW,HOVE,HOVE,BRIGHTON AND HOVE,BRIGHTON AND HOVE,Standard,Addition,50.8466780000,-0.1959220000
285000,2004-01-30 00:00:00Z,BN3 7LW,Detached,Established,Freehold,21,,WAYFIELD AVENUE,HOVE,HOVE,BRIGHTON AND HOVE,BRIGHTON AND HOVE,Standard,Addition,50.8407330000,-0.1906690000
220000,2004-10-29 00:00:00Z,BN3 7JF,Terraced,Established,Freehold,15,,ROWAN AVENUE,HOVE,HOVE,BRIGHTON AND HOVE,BRIGHTON AND HOVE,Standard,Addition,50.8413420000,-0.1957310000
232500,2004-08-04 00:00:00Z,BN3 7JF,Terraced,Established,Freehold,7,,ROWAN AVENUE,HOVE,HOVE,BRIGHTON AND HOVE,BRIGHTON AND HOVE,Standard,Addition,50.8413420000,-0.1957310000
230000,2004-05-27 00:00:00Z,BN3 8LT,Detached,Established,Freehold,25,,HANGLETON CLOSE,HOVE,HOVE,BRIGHTON AND HOVE,BRIGHTON AND HOVE,Standard,Addition,50.8452720000,-0.1997980000
272000,2004-03-30 00:00:00Z,BN3 7LR,Semi-Detached,Established,Freehold,307,,HANGLETON ROAD,HOVE,HOVE,BRIGHTON AND HOVE,BRIGHTON AND HOVE,Standard,Addition,50.8459640000,-0.1902260000
233000,2005-03-15 00:00:00Z,BN3 7JH,Terraced,Established,Freehold,126,,ROWAN AVENUE,HOVE,HOVE,BRIGHTON AND HOVE,BRIGHTON AND HOVE,Standard,Addition,50.8430630000,-0.1965310000
124000,2005-04-29 00:00:00Z,BN3 8LE,Terraced,Established,Leasehold,1,,KINGSTON CLOSE,HOVE,HOVE,BRIGHTON AND HOVE,BRIGHTON AND HOVE,Standard,Addition,50.8461490000,-0.1953890000
240000,2005-03-10 00:00:00Z,BN3 7JA,Semi-Detached,Established,Freehold,81,,ELM DRIVE,HOVE,HOVE,BRIGHTON AND HOVE,BRIGHTON AND HOVE,Standard,Addition,50.8406940000,-0.1939370000
239500,2005-09-13 00:00:00Z,BN3 8PS,Semi-Detached,Established,Freehold,54,,POPLAR AVENUE,HOVE,HOVE,BRIGHTON AND HOVE,BRIGHTON AND HOVE,Standard,Addition,50.8481560000,-0.1949560000
200000,2005-05-24 00:00:00Z,BN3 7JF,Terraced,Established,Freehold,23,,ROWAN AVENUE,HOVE,HOVE,BRIGHTON AND HOVE,BRIGHTON AND HOVE,Standard,Addition,50.8413420000,-0.1957310000
249995,2005-04-29 00:00:00Z,BN3 8PT,Semi-Detached,Established,Freehold,87,,POPLAR AVENUE,HOVE,HOVE,BRIGHTON AND HOVE,BRIGHTON AND HOVE,Standard,Addition,50.8479490000,-0.1943530000
215000,2005-10-03 00:00:00Z,BN3 7JE,Terraced,Established,Freehold,140,,ELM DRIVE,HOVE,HOVE,BRIGHTON AND HOVE,BRIGHTON AND HOVE,Standard,Addition,50.8432400000,-0.1945780000
250000,2005-10-14 00:00:00Z,BN3 7FY,Terraced,New Build,Freehold,20,,OLD SCHOOL PLACE,HOVE,HOVE,BRIGHTON AND HOVE,BRIGHTON AND HOVE,Standard,Addition,50.8436170000,-0.1974470000
239000,2005-10-07 00:00:00Z,BN3 8JS,Semi-Detached,Established,Freehold,5,,AMBERLEY DRIVE,HOVE,HOVE,BRIGHTON AND HOVE,BRIGHTON AND HOVE,Standard,Addition,50.8477480000,-0.1918330000
240000,2005-06-16 00:00:00Z,BN3 8LF,Semi-Detached,Established,Freehold,132,,DALE VIEW,HOVE,HOVE,BRIGHTON AND HOVE,BRIGHTON AND HOVE,Standard,Addition,50.8466780000,-0.1959220000
233500,2005-02-24 00:00:00Z,BN3 8JP,Semi-Detached,Established,Freehold,94,,AMBERLEY DRIVE,HOVE,HOVE,BRIGHTON AND HOVE,BRIGHTON AND HOVE,Standard,Addition,50.8497310000,-0.1909600000
155000,2005-10-10 00:00:00Z,BN3 7FF,Terraced,Established,Freehold,87,,STAPLEY ROAD,HOVE,HOVE,BRIGHTON AND HOVE,BRIGHTON AND HOVE,Standard,Addition,50.8414060000,-0.1979160000
290000,2005-04-29 00:00:00Z,BN3 7NG,Detached,Established,Freehold,196,,NEVILL AVENUE,HOVE,HOVE,BRIGHTON AND HOVE,BRIGHTON AND HOVE,Standard,Addition,50.8440280000,-0.1916620000
250000,2005-12-16 00:00:00Z,BN3 7FY,Semi-Detached,New Build,Freehold,17,,OLD SCHOOL PLACE,HOVE,HOVE,BRIGHTON AND HOVE,BRIGHTON AND HOVE,Standard,Addition,50.8436170000,-0.1974470000
305000,2005-09-15 00:00:00Z,BN3 7LP,Detached,Established,Freehold,240,,HANGLETON ROAD,HOVE,HOVE,BRIGHTON AND HOVE,BRIGHTON AND HOVE,Standard,Addition,50.8461290000,-0.1910290000
218000,2005-09-02 00:00:00Z,BN3 8JJ,Semi-Detached,Established,Freehold,47,,APPLESHAM AVENUE,HOVE,HOVE,BRIGHTON AND HOVE,BRIGHTON AND HOVE,Standard,Addition,50.8473290000,-0.1926580000
217500,2005-10-07 00:00:00Z,BN3 7JD,Semi-Detached,Established,Freehold,167,,ELM DRIVE,HOVE,HOVE,BRIGHTON AND HOVE,BRIGHTON AND HOVE,Standard,Addition,50.8433220000,-0.1940630000
246500,2005-02-01 00:00:00Z,BN3 8PB,Semi-Detached,Established,Freehold,6,,LARK HILL,HOVE,HOVE,BRIGHTON AND HOVE,BRIGHTON AND HOVE,Standard,Addition,50.8498470000,-0.1926180000
230000,2005-04-21 00:00:00Z,BN3 8JS,Semi-Detached,Established,Freehold,5,,AMBERLEY DRIVE,,HOVE,BRIGHTON AND HOVE,BRIGHTON AND HOVE,Standard,Addition,50.8477480000,-0.1918330000
249950,2005-01-17 00:00:00Z,BN3 7RE,Semi-Detached,Established,Freehold,17,,WAYFIELD CLOSE,HOVE,HOVE,BRIGHTON AND HOVE,BRIGHTON AND HOVE,Standard,Addition,50.8413320000,-0.1903900000
245000,2005-05-10 00:00:00Z,BN3 8JN,Semi-Detached,Established,Freehold,74,,APPLESHAM AVENUE,HOVE,HOVE,BRIGHTON AND HOVE,BRIGHTON AND HOVE,Standard,Addition,50.8486070000,-0.1927230000
217500,2005-04-28 00:00:00Z,BN3 8LG,Semi-Detached,Established,Freehold,36,,SUMMERDALE ROAD,HOVE,HOVE,BRIGHTON AND HOVE,BRIGHTON AND HOVE,Standard,Addition,50.8476110000,-0.1974630000
143000,2005-05-19 00:00:00Z,BN3 8BD,Flats/Maisonettes,Established,Leasehold,26,,SHERBOURNE CLOSE,HOVE,HOVE,BRIGHTON AND HOVE,BRIGHTON AND HOVE,Standard,Addition,50.8493080000,-0.1990880000
250000,2005-11-14 00:00:00Z,BN3 7FY,Terraced,New Build,Freehold,22,,OLD SCHOOL PLACE,HOVE,HOVE,BRIGHTON AND HOVE,BRIGHTON AND HOVE,Standard,Addition,50.8436170000,-0.1974470000
250000,2005-10-28 00:00:00Z,BN3 7FY,Terraced,New Build,Freehold,23,,OLD SCHOOL PLACE,HOVE,HOVE,BRIGHTON AND HOVE,BRIGHTON AND HOVE,Standard,Addition,50.8436170000,-0.1974470000
285000,2005-12-20 00:00:00Z,BN3 7FY,Semi-Detached,New Build,Freehold,16,,OLD SCHOOL PLACE,HOVE,HOVE,BRIGHTON AND HOVE,BRIGHTON AND HOVE,Standard,Addition,50.8436170000,-0.1974470000
205000,2005-06-17 00:00:00Z,BN3 7JH,Semi-Detached,Established,Freehold,130,,ROWAN AVENUE,HOVE,HOVE,BRIGHTON AND HOVE,BRIGHTON AND HOVE,Standard,Addition,50.8430630000,-0.1965310000
285000,2005-06-02 00:00:00Z,BN3 8LT,Semi-Detached,Established,Freehold,14,,HANGLETON CLOSE,HOVE,HOVE,BRIGHTON AND HOVE,BRIGHTON AND HOVE,Standard,Addition,50.8452720000,-0.1997980000
210000,2005-11-10 00:00:00Z,BN3 7FY,Terraced,Established,Leasehold,4,,OLD SCHOOL PLACE,HOVE,HOVE,BRIGHTON AND HOVE,BRIGHTON AND HOVE,Standard,Addition,50.8436170000,-0.1974470000
182000,2005-09-09 00:00:00Z,BN3 7JH,Terraced,Established,Freehold,85,,ROWAN AVENUE,HOVE,HOVE,BRIGHTON AND HOVE,BRIGHTON AND HOVE,Standard,Addition,50.8430630000,-0.1965310000
266250,2005-03-04 00:00:00Z,BN3 7JA,Semi-Detached,Established,Freehold,55,,ELM DRIVE,,HOVE,BRIGHTON AND HOVE,BRIGHTON AND HOVE,Standard,Addition,50.8406940000,-0.1939370000
210000,2005-07-01 00:00:00Z,BN3 8LL,Terraced,Established,Freehold,34,,GLETON AVENUE,,HOVE,BRIGHTON AND HOVE,BRIGHTON AND HOVE,Standard,Addition,50.8469820000,-0.1980840000
189000,2005-08-30 00:00:00Z,BN3 8LG,Semi-Detached,Established,Freehold,24,,SUMMERDALE ROAD,HOVE,HOVE,BRIGHTON AND HOVE,BRIGHTON AND HOVE,Standard,Addition,50.8476110000,-0.1974630000
272500,2005-04-22 00:00:00Z,BN3 7LR,Semi-Detached,Established,Freehold,247,,HANGLETON ROAD,HOVE,HOVE,BRIGHTON AND HOVE,BRIGHTON AND HOVE,Standard,Addition,50.8459640000,-0.1902260000
143000,2005-05-27 00:00:00Z,BN3 8BB,Semi-Detached,Established,Leasehold,50,,SHERBOURNE ROAD,HOVE,HOVE,BRIGHTON AND HOVE,BRIGHTON AND HOVE,Standard,Addition,50.8496460000,-0.1999700000
234000,2005-09-23 00:00:00Z,BN3 8JJ,Semi-Detached,Established,Freehold,67,,APPLESHAM AVENUE,HOVE,HOVE,BRIGHTON AND HOVE,BRIGHTON AND HOVE,Standard,Addition,50.8473290000,-0.1926580000
200000,2005-01-27 00:00:00Z,BN3 8LN,Semi-Detached,Established,Freehold,15,,GLETON AVENUE,HOVE,HOVE,BRIGHTON AND HOVE,BRIGHTON AND HOVE,Standard,Addition,50.8467620000,-0.1984480000
364000,2005-09-13 00:00:00Z,BN3 7NG,Semi-Detached,Established,Freehold,190,,NEVILL AVENUE,HOVE,HOVE,BRIGHTON AND HOVE,BRIGHTON AND HOVE,Standard,Addition,50.8440280000,-0.1916620000
183000,2005-05-18 00:00:00Z,BN3 8JP,Semi-Detached,Established,Freehold,76,,AMBERLEY DRIVE,HOVE,HOVE,BRIGHTON AND HOVE,BRIGHTON AND HOVE,Standard,Addition,50.8497310000,-0.1909600000
134000,2005-06-13 00:00:00Z,BN3 7FH,Flats/Maisonettes,Established,Leasehold,18A,,MARTIN ROAD,HOVE,HOVE,BRIGHTON AND HOVE,BRIGHTON AND HOVE,Standard,Addition,50.8421880000,-0.1998170000
190000,2005-07-22 00:00:00Z,BN3 7FG,Semi-Detached,Established,Freehold,137,,STAPLEY ROAD,HOVE,HOVE,BRIGHTON AND HOVE,BRIGHTON AND HOVE,Standard,Addition,50.8426450000,-0.1979670000
275000,2005-06-24 00:00:00Z,BN3 8LA,Semi-Detached,Established,Freehold,15,,DALE VIEW,HOVE,HOVE,BRIGHTON AND HOVE,BRIGHTON AND HOVE,Standard,Addition,50.8449120000,-0.1986180000
185000,2005-04-27 00:00:00Z,BN3 7JG,Terraced,Established,Freehold,50,,ROWAN AVENUE,HOVE,HOVE,BRIGHTON AND HOVE,BRIGHTON AND HOVE,Standard,Addition,50.8409770000,-0.1959430000
137000,2005-06-16 00:00:00Z,BN3 8BB,Flats/Maisonettes,Established,Leasehold,42,FIRST FLOOR FLAT,SHERBOURNE ROAD,HOVE,HOVE,BRIGHTON AND HOVE,BRIGHTON AND HOVE,Standard,Addition,50.8496460000,-0.1999700000
105000,2005-12-06 00:00:00Z,BN3 7FY,Semi-Detached,New Build,Leasehold,31,,OLD SCHOOL PLACE,HOVE,HOVE,BRIGHTON AND HOVE,BRIGHTON AND HOVE,Standard,Addition,50.8436170000,-0.1974470000
180000,2005-12-05 00:00:00Z,BN3 8LG,Semi-Detached,Established,Freehold,9,,SUMMERDALE ROAD,HOVE,HOVE,BRIGHTON AND HOVE,BRIGHTON AND HOVE,Standard,Addition,50.8476110000,-0.1974630000
225500,2005-12-08 00:00:00Z,BN3 7JF,Terraced,Established,Freehold,1,,ROWAN AVENUE,HOVE,HOVE,BRIGHTON AND HOVE,BRIGHTON AND HOVE,Standard,Addition,50.8413420000,-0.1957310000
250000,2005-05-20 00:00:00Z,BN3 7LT,Semi-Detached,Established,Freehold,172,,HANGLETON ROAD,HOVE,HOVE,BRIGHTON AND HOVE,BRIGHTON AND HOVE,Standard,Addition,50.8445380000,-0.1959200000
143000,2005-10-24 00:00:00Z,BN3 8BD,Flats/Maisonettes,Established,Leasehold,2,,SHERBOURNE CLOSE,HOVE,HOVE,BRIGHTON AND HOVE,BRIGHTON AND HOVE,Standard,Addition,50.8493080000,-0.1990880000
230000,2005-08-30 00:00:00Z,BN3 8JN,Semi-Detached,Established,Freehold,86,,APPLESHAM AVENUE,HOVE,HOVE,BRIGHTON AND HOVE,BRIGHTON AND HOVE,Standard,Addition,50.8486070000,-0.1927230000
245000,2005-11-25 00:00:00Z,BN3 7JD,Semi-Detached,Established,Freehold,197,,ELM DRIVE,HOVE,HOVE,BRIGHTON AND HOVE,BRIGHTON AND HOVE,Standard,Addition,50.8433220000,-0.1940630000
215000,2005-09-20 00:00:00Z,BN3 7LW,Terraced,Established,Freehold,40,,WAYFIELD AVENUE,HOVE,HOVE,BRIGHTON AND HOVE,BRIGHTON AND HOVE,Standard,Addition,50.8407330000,-0.1906690000
282000,2005-08-09 00:00:00Z,BN3 8PP,Detached,Established,Freehold,67,,NORTHEASE DRIVE,HOVE,HOVE,BRIGHTON AND HOVE,BRIGHTON AND HOVE,Standard,Addition,50.8486400000,-0.1977930000
226000,2005-12-16 00:00:00Z,BN3 8PQ,Semi-Detached,Established,Freehold,24,,NORTHEASE DRIVE,HOVE,HOVE,BRIGHTON AND HOVE,BRIGHTON AND HOVE,Standard,Addition,50.8493070000,-0.1937900000
279950,2005-03-30 00:00:00Z,BN3 8JL,Terraced,Established,Freehold,16,,THORNHILL CLOSE,HOVE,HOVE,BRIGHTON AND HOVE,BRIGHTON AND HOVE,Standard,Addition,50.8484100000,-0.1939240000
250000,2005-10-21 00:00:00Z,BN3 7FY,Terraced,New Build,Freehold,21,,OLD SCHOOL PLACE,HOVE,HOVE,BRIGHTON AND HOVE,BRIGHTON AND HOVE,Standard,Addition,50.8436170000,-0.1974470000
184436,2005-07-01 00:00:00Z,BN3 8PP,Semi-Detached,Established,Freehold,76,,NORTHEASE DRIVE,HOVE,HOVE,BRIGHTON AND HOVE,BRIGHTON AND HOVE,Standard,Addition,50.8486400000,-0.1977930000
245000,2005-07-20 00:00:00Z,BN3 8JD,Detached,Established,Freehold,42,,SUNNINGHILL CLOSE,HOVE,HOVE,BRIGHTON AND HOVE,BRIGHTON AND HOVE,Standard,Addition,50.8457210000,-0.1921670000
155000,2005-06-30 00:00:00Z,BN3 7FF,Terraced,Established,Freehold,85,,STAPLEY ROAD,HOVE,HOVE,BRIGHTON AND HOVE,BRIGHTON AND HOVE,Standard,Addition,50.8414060000,-0.1979160000
180000,2005-12-02 00:00:00Z,BN3 8JF,Semi-Detached,Established,Freehold,18,,APPLESHAM AVENUE,HOVE,HOVE,BRIGHTON AND HOVE,BRIGHTON AND HOVE,Standard,Addition,50.8457820000,-0.1938120000
305000,2005-07-29 00:00:00Z,BN3 7LR,Semi-Detached,Established,Freehold,257,,HANGLETON ROAD,HOVE,HOVE,BRIGHTON AND HOVE,BRIGHTON AND HOVE,Standard,Addition,50.8459640000,-0.1902260000
210000,2005-07-07 00:00:00Z,BN3 7JG,Terraced,Established,Freehold,60,,ROWAN AVENUE,HOVE,HOVE,BRIGHTON AND HOVE,BRIGHTON AND HOVE,Standard,Addition,50.8409770000,-0.1959430000
299950,2005-12-21 00:00:00Z,BN3 7FY,Terraced,New Build,Freehold,25,,OLD SCHOOL PLACE,HOVE,HOVE,BRIGHTON AND HOVE,BRIGHTON AND HOVE,Standard,Addition,50.8436170000,-0.1974470000
260000,2005-10-19 00:00:00Z,BN3 8JL,Semi-Detached,Established,Freehold,10,,THORNHILL CLOSE,HOVE,HOVE,BRIGHTON AND HOVE,BRIGHTON AND HOVE,Standard,Addition,50.8484100000,-0.1939240000
133250,2005-09-30 00:00:00Z,BN3 8LE,Flats/Maisonettes,Established,Leasehold,12,,KINGSTON CLOSE,HOVE,HOVE,BRIGHTON AND HOVE,BRIGHTON AND HOVE,Standard,Addition,50.8461490000,-0.1953890000
210000,2005-03-07 00:00:00Z,BN3 8BB,Semi-Detached,Established,Freehold,8,,SHERBOURNE ROAD,HOVE,HOVE,BRIGHTON AND HOVE,BRIGHTON AND HOVE,Standard,Addition,50.8496460000,-0.1999700000
230000,2005-09-30 00:00:00Z,BN3 7SH,Semi-Detached,Established,Freehold,154,,HANGLETON ROAD,HOVE,HOVE,BRIGHTON AND HOVE,BRIGHTON AND HOVE,Standard,Addition,50.8441060000,-0.1988060000
190000,2005-03-30 00:00:00Z,BN3 8PT,Semi-Detached,Established,Freehold,71,,POPLAR AVENUE,HOVE,HOVE,BRIGHTON AND HOVE,BRIGHTON AND HOVE,Standard,Addition,50.8479490000,-0.1943530000
206000,2005-10-07 00:00:00Z,BN3 8LQ,Semi-Detached,Established,Freehold,48,,WEST WAY,HOVE,HOVE,BRIGHTON AND HOVE,BRIGHTON AND HOVE,Standard,Addition,50.8457630000,-0.1984010000
250000,2005-09-30 00:00:00Z,BN3 7FY,Terraced,New Build,Freehold,19,,OLD SCHOOL PLACE,HOVE,HOVE,BRIGHTON AND HOVE,BRIGHTON AND HOVE,Standard,Addition,50.8436170000,-0.1974470000
300000,2005-05-26 00:00:00Z,BN3 7LP,Detached,Established,Freehold,228,,HANGLETON ROAD,HOVE,HOVE,BRIGHTON AND HOVE,BRIGHTON AND HOVE,Standard,Addition,50.8461290000,-0.1910290000
235000,2005-05-03 00:00:00Z,BN3 8LF,Terraced,Established,Freehold,94,,DALE VIEW,HOVE,HOVE,BRIGHTON AND HOVE,BRIGHTON AND HOVE,Standard,Addition,50.8466780000,-0.1959220000
220000,2005-11-03 00:00:00Z,BN3 8PT,Semi-Detached,Established,Freehold,71,,POPLAR AVENUE,HOVE,HOVE,BRIGHTON AND HOVE,BRIGHTON AND HOVE,Standard,Addition,50.8479490000,-0.1943530000
139500,2005-11-03 00:00:00Z,BN3 8BA,Terraced,Established,Leasehold,27,,SHERBOURNE ROAD,HOVE,HOVE,BRIGHTON AND HOVE,BRIGHTON AND HOVE,Standard,Addition,50.8493060000,-0.1995430000
235000,2005-12-21 00:00:00Z,BN3 7FY,Terraced,New Build,Freehold,18,,OLD SCHOOL PLACE,HOVE,HOVE,BRIGHTON AND HOVE,BRIGHTON AND HOVE,Standard,Addition,50.8436170000,-0.1974470000
267500,2005-07-01 00:00:00Z,BN3 8LG,Detached,Established,Freehold,35,,SUMMERDALE ROAD,HOVE,HOVE,BRIGHTON AND HOVE,BRIGHTON AND HOVE,Standard,Addition,50.8476110000,-0.1974630000
200000,2005-10-14 00:00:00Z,BN3 8LG,Semi-Detached,Established,Freehold,23,,SUMMERDALE ROAD,HOVE,HOVE,BRIGHTON AND HOVE,BRIGHTON AND HOVE,Standard,Addition,50.8476110000,-0.1974630000
202000,2005-02-17 00:00:00Z,BN3 7LW,Semi-Detached,Established,Freehold,8,,WAYFIELD AVENUE,HOVE,HOVE,BRIGHTON AND HOVE,BRIGHTON AND HOVE,Standard,Addition,50.8407330000,-0.1906690000
212500,2005-03-17 00:00:00Z,BN3 7LW,Semi-Detached,Established,Freehold,19,,WAYFIELD AVENUE,HOVE,HOVE,BRIGHTON AND HOVE,BRIGHTON AND HOVE,Standard,Addition,50.8407330000,-0.1906690000
233750,2005-12-22 00:00:00Z,BN3 7FY,Semi-Detached,New Build,Freehold,12,,OLD SCHOOL PLACE,HOVE,HOVE,BRIGHTON AND HOVE,BRIGHTON AND HOVE,Standard,Addition,50.8436170000,-0.1974470000
208000,2005-03-24 00:00:00Z,BN3 7JG,Terraced,Established,Freehold,86,,ROWAN AVENUE,HOVE,HOVE,BRIGHTON AND HOVE,BRIGHTON AND HOVE,Standard,Addition,50.8409770000,-0.1959430000
152000,2005-08-10 00:00:00Z,BN3 7FT,Semi-Detached,Established,Freehold,84,,GODWIN ROAD,HOVE,HOVE,BRIGHTON AND HOVE,BRIGHTON AND HOVE,Standard,Addition,50.8427970000,-0.1996800000
143000,2005-09-12 00:00:00Z,BN3 7FH,Flats/Maisonettes,Established,Leasehold,19,GROUND FLOOR FLAT,MARTIN ROAD,HOVE,HOVE,BRIGHTON AND HOVE,BRIGHTON AND HOVE,Standard,Addition,50.8421880000,-0.1998170000
245000,2005-09-30 00:00:00Z,BN3 8JJ,Semi-Detached,Established,Freehold,36,,APPLESHAM AVENUE,HOVE,HOVE,BRIGHTON AND HOVE,BRIGHTON AND HOVE,Standard,Addition,50.8473290000,-0.1926580000
167000,2005-11-01 00:00:00Z,BN3 7FH,Semi-Detached,Established,Freehold,5,,MARTIN ROAD,HOVE,HOVE,BRIGHTON AND HOVE,BRIGHTON AND HOVE,Standard,Addition,50.8421880000,-0.1998170000
230000,2005-12-21 00:00:00Z,BN3 8LS,Semi-Detached,Established,Freehold,47,,WEST WAY,HOVE,HOVE,BRIGHTON AND HOVE,BRIGHTON AND HOVE,Standard,Addition,50.8462370000,-0.1981980000
170000,2005-09-30 00:00:00Z,BN3 7FT,Semi-Detached,Established,Freehold,84,,GODWIN ROAD,HOVE,HOVE,BRIGHTON AND HOVE,BRIGHTON AND HOVE,Standard,Addition,50.8427970000,-0.1996800000
242000,2005-05-09 00:00:00Z,BN3 8LB,Semi-Detached,Established,Freehold,28,,DALE VIEW,HOVE,HOVE,BRIGHTON AND HOVE,BRIGHTON AND HOVE,Standard,Addition,50.8445470000,-0.1988460000
205000,2005-01-27 00:00:00Z,BN3 8JN,Semi-Detached,Established,Freehold,81,,APPLESHAM AVENUE,HOVE,HOVE,BRIGHTON AND HOVE,BRIGHTON AND HOVE,Standard,Addition,50.8486070000,-0.1927230000
200000,2005-04-27 00:00:00Z,BN3 8JP,Semi-Detached,Established,Freehold,55,,AMBERLEY DRIVE,HOVE,HOVE,BRIGHTON AND HOVE,BRIGHTON AND HOVE,Standard,Addition,50.8497310000,-0.1909600000
190000,2005-04-04 00:00:00Z,BN3 8LT,Semi-Detached,Established,Freehold,7,,HANGLETON CLOSE,HOVE,HOVE,BRIGHTON AND HOVE,BRIGHTON AND HOVE,Standard,Addition,50.8452720000,-0.1997980000
139000,2005-02-01 00:00:00Z,BN3 8BE,Flats/Maisonettes,Established,Leasehold,36,,SHERBOURNE CLOSE,HOVE,HOVE,BRIGHTON AND HOVE,BRIGHTON AND HOVE,Standard,Addition,50.8499730000,-0.1984380000
243000,2006-06-22 00:00:00Z,BN3 8PP,Semi-Detached,Established,Freehold,76,,NORTHEASE DRIVE,HOVE,HOVE,BRIGHTON AND HOVE,BRIGHTON AND HOVE,Standard,Addition,50.8486400000,-0.1977930000
237000,2006-05-26 00:00:00Z,BN3 8PP,Semi-Detached,Established,Freehold,58,,NORTHEASE DRIVE,HOVE,HOVE,BRIGHTON AND HOVE,BRIGHTON AND HOVE,Standard,Addition,50.8486400000,-0.1977930000
264500,2006-09-07 00:00:00Z,BN3 8LN,Detached,Established,Freehold,61,,GLETON AVENUE,HOVE,HOVE,BRIGHTON AND HOVE,BRIGHTON AND HOVE,Standard,Addition,50.8467620000,-0.1984480000
227000,2006-12-07 00:00:00Z,BN3 7JL,Terraced,Established,Freehold,126,,ELM DRIVE,HOVE,HOVE,BRIGHTON AND HOVE,BRIGHTON AND HOVE,Standard,Addition,50.8412030000,-0.1946710000
315000,2006-05-02 00:00:00Z,BN3 7LS,Detached,Established,Freehold,231,,HANGLETON ROAD,HOVE,HOVE,BRIGHTON AND HOVE,BRIGHTON AND HOVE,Standard,Addition,50.8441990000,-0.1949670000
164000,2006-10-02 00:00:00Z,BN3 7FF,Terraced,Established,Freehold,106,,STAPLEY ROAD,HOVE,HOVE,BRIGHTON AND HOVE,BRIGHTON AND HOVE,Standard,Addition,50.8414060000,-0.1979160000
206500,2006-01-19 00:00:00Z,BN3 8JP,Terraced,Established,Freehold,19,,AMBERLEY DRIVE,HOVE,HOVE,BRIGHTON AND HOVE,BRIGHTON AND HOVE,Standard,Addition,50.8497310000,-0.1909600000
105000,2006-01-26 00:00:00Z,BN3 7FY,Terraced,New Build,Leasehold,3,,OLD SCHOOL PLACE,HOVE,HOVE,BRIGHTON AND HOVE,BRIGHTON AND HOVE,Standard,Addition,50.8436170000,-0.1974470000
185000,2006-09-29 00:00:00Z,BN3 8JP,Terraced,Established,Freehold,45,,AMBERLEY DRIVE,HOVE,HOVE,BRIGHTON AND HOVE,BRIGHTON AND HOVE,Standard,Addition,50.8497310000,-0.1909600000
249950,2006-10-19 00:00:00Z,BN3 7JH,Semi-Detached,Established,Freehold,90,,ROWAN AVENUE,HOVE,HOVE,BRIGHTON AND HOVE,BRIGHTON AND HOVE,Standard,Addition,50.8430630000,-0.1965310000
212000,2006-10-31 00:00:00Z,BN3 8JS,Semi-Detached,Established,Freehold,13,,AMBERLEY DRIVE,HOVE,HOVE,BRIGHTON AND HOVE,BRIGHTON AND HOVE,Standard,Addition,50.8477480000,-0.1918330000
225000,2006-01-16 00:00:00Z,BN3 7JL,Terraced,Established,Freehold,136,,ELM DRIVE,HOVE,HOVE,BRIGHTON AND HOVE,BRIGHTON AND HOVE,Standard,Addition,50.8412030000,-0.1946710000
170000,2006-03-07 00:00:00Z,BN3 8LB,Semi-Detached,Established,Freehold,40,,DALE VIEW,HOVE,HOVE,BRIGHTON AND HOVE,BRIGHTON AND HOVE,Standard,Addition,50.8445470000,-0.1988460000
264950,2006-08-18 00:00:00Z,BN3 8PU,Semi-Detached,Established,Freehold,40,,POPLAR AVENUE,HOVE,HOVE,BRIGHTON AND HOVE,BRIGHTON AND HOVE,Standard,Addition,50.8466770000,-0.1946580000
250000,2006-11-29 00:00:00Z,BN3 7LW,Terraced,Established,Freehold,5,,WAYFIELD AVENUE,HOVE,HOVE,BRIGHTON AND HOVE,BRIGHTON AND HOVE,Standard,Addition,50.8407330000,-0.1906690000
174950,2006-05-09 00:00:00Z,BN3 7FF,Terraced,Established,Freehold,77,,STAPLEY ROAD,HOVE,HOVE,BRIGHTON AND HOVE,BRIGHTON AND HOVE,Standard,Addition,50.8414060000,-0.1979160000
163000,2006-07-07 00:00:00Z,BN3 7FL,Terraced,Established,Freehold,66,,WILFRID ROAD,HOVE,HOVE,BRIGHTON AND HOVE,BRIGHTON AND HOVE,Standard,Addition,50.8407790000,-0.1994310000
250000,2006-02-06 00:00:00Z,BN3 8PP,Semi-Detached,Established,Freehold,51,,NORTHEASE DRIVE,HOVE,HOVE,BRIGHTON AND HOVE,BRIGHTON AND HOVE,Standard,Addition,50.8486400000,-0.1977930000
250000,2006-10-17 00:00:00Z,BN3 8LN,Semi-Detached,Established,Freehold,45,,GLETON AVENUE,HOVE,HOVE,BRIGHTON AND HOVE,BRIGHTON AND HOVE,Standard,Addition,50.8467620000,-0.1984480000
175500,2006-03-10 00:00:00Z,BN3 8LG,Semi-Detached,Established,Freehold,28,,SUMMERDALE ROAD,HOVE,HOVE,BRIGHTON AND HOVE,BRIGHTON AND HOVE,Standard,Addition,50.8476110000,-0.1974630000
235000,2006-05-26 00:00:00Z,BN3 7JE,Semi-Detached,Established,Freehold,158,,ELM DRIVE,HOVE,HOVE,BRIGHTON AND HOVE,BRIGHTON AND HOVE,Standard,Addition,50.8432400000,-0.1945780000
228500,2006-01-06 00:00:00Z,BN3 7JG,Terraced,Established,Freehold,50,,ROWAN AVENUE,HOVE,HOVE,BRIGHTON AND HOVE,BRIGHTON AND HOVE,Standard,Addition,50.8409770000,-0.1959430000
220000,2006-07-28 00:00:00Z,BN3 7RE,Terraced,Established,Freehold,16,,WAYFIELD CLOSE,HOVE,HOVE,BRIGHTON AND HOVE,BRIGHTON AND HOVE,Standard,Addition,50.8413320000,-0.1903900000
250000,2006-11-24 00:00:00Z,BN3 7JA,Semi-Detached,Established,Freehold,47,,ELM DRIVE,HOVE,HOVE,BRIGHTON AND HOVE,BRIGHTON AND HOVE,Standard,Addition,50.8406940000,-0.1939370000
160000,2006-05-12 00:00:00Z,BN3 7FL,Terraced,Established,Freehold,48,,WILFRID ROAD,HOVE,HOVE,BRIGHTON AND HOVE,BRIGHTON AND HOVE,Standard,Addition,50.8407790000,-0.1994310000
175000,2006-08-28 00:00:00Z,BN3 7FT,Semi-Detached,Established,Freehold,96,,GODWIN ROAD,HOVE,HOVE,BRIGHTON AND HOVE,BRIGHTON AND HOVE,Standard,Addition,50.8427970000,-0.1996800000
147500,2006-06-30 00:00:00Z,BN3 8BB,Flats/Maisonettes,Established,Leasehold,84,GROUND FLOOR FLAT,SHERBOURNE ROAD,HOVE,HOVE,BRIGHTON AND HOVE,BRIGHTON AND HOVE,Standard,Addition,50.8496460000,-0.1999700000
227500,2006-08-21 00:00:00Z,BN3 7JA,Semi-Detached,Established,Freehold,105,,ELM DRIVE,HOVE,HOVE,BRIGHTON AND HOVE,BRIGHTON AND HOVE,Standard,Addition,50.8406940000,-0.1939370000
240000,2006-05-31 00:00:00Z,BN3 7LW,Terraced,Established,Freehold,24,,WAYFIELD AVENUE,HOVE,HOVE,BRIGHTON AND HOVE,BRIGHTON AND HOVE,Standard,Addition,50.8407330000,-0.1906690000
249950,2006-03-23 00:00:00Z,BN3 7FY,Semi-Detached,New Build,Freehold,14,,OLD SCHOOL PLACE,HOVE,HOVE,BRIGHTON AND HOVE,BRIGHTON AND HOVE,Standard,Addition,50.8436170000,-0.1974470000
236500,2006-05-23 00:00:00Z,BN3 7JL,Terraced,Established,Freehold,82A,FLAT 1,ELM DRIVE,,HOVE,BRIGHTON AND HOVE,BRIGHTON AND HOVE,Standard,Addition,50.8412030000,-0.1946710000
134950,2006-05-05 00:00:00Z,BN3 8JD,Flats/Maisonettes,Established,Leasehold,26,,SUNNINGHILL CLOSE,HOVE,HOVE,BRIGHTON AND HOVE,BRIGHTON AND HOVE,Standard,Addition,50.8457210000,-0.1921670000
225000,2006-10-27 00:00:00Z,BN3 8LS,Semi-Detached,Established,Freehold,27,,WEST WAY,HOVE,HOVE,BRIGHTON AND HOVE,BRIGHTON AND HOVE,Standard,Addition,50.8462370000,-0.1981980000
231000,2006-03-23 00:00:00Z,BN3 7JL,Semi-Detached,Established,Freehold,120,,ELM DRIVE,HOVE,HOVE,BRIGHTON AND HOVE,BRIGHTON AND HOVE,Standard,Addition,50.8412030000,-0.1946710000
230000,2006-05-25 00:00:00Z,BN3 7LP,Semi-Detached,Established,Freehold,248,,HANGLETON ROAD,HOVE,HOVE,BRIGHTON AND HOVE,BRIGHTON AND HOVE,Standard,Addition,50.8461290000,-0.1910290000
280000,2006-01-18 00:00:00Z,BN3 7FY,Terraced,New Build,Freehold,27,,OLD SCHOOL PLACE,HOVE,HOVE,BRIGHTON AND HOVE,BRIGHTON AND HOVE,Standard,Addition,50.8436170000,-0.1974470000
149500,2006-06-30 00:00:00Z,BN3 8LE,Flats/Maisonettes,Established,Leasehold,21,,KINGSTON CLOSE,HOVE,HOVE,BRIGHTON AND HOVE,BRIGHTON AND HOVE,Standard,Addition,50.8461490000,-0.1953890000
250000,2006-10-23 00:00:00Z,BN3 8PU,Semi-Detached,Established,Freehold,36,,POPLAR AVENUE,HOVE,HOVE,BRIGHTON AND HOVE,BRIGHTON AND HOVE,Standard,Addition,50.8466770000,-0.1946580000
249250,2006-11-03 00:00:00Z,BN3 8JJ,Terraced,Established,Freehold,35,,APPLESHAM AVENUE,HOVE,HOVE,BRIGHTON AND HOVE,BRIGHTON AND HOVE,Standard,Addition,50.8473290000,-0.1926580000
130000,2006-03-10 00:00:00Z,BN3 8BE,Flats/Maisonettes,Established,Leasehold,57,,SHERBOURNE CLOSE,HOVE,HOVE,BRIGHTON AND HOVE,BRIGHTON AND HOVE,Standard,Addition,50.8499730000,-0.1984380000
290000,2006-10-19 00:00:00Z,BN3 7NG,Semi-Detached,Established,Freehold,201,,NEVILL AVENUE,HOVE,HOVE,BRIGHTON AND HOVE,BRIGHTON AND HOVE,Standard,Addition,50.8440280000,-0.1916620000
215000,2006-04-21 00:00:00Z,BN3 8JD,Semi-Detached,Established,Freehold,4,,SUNNINGHILL CLOSE,HOVE,HOVE,BRIGHTON AND HOVE,BRIGHTON AND HOVE,Standard,Addition,50.8457210000,-0.1921670000
190000,2006-04-28 00:00:00Z,BN3 8LA,Semi-Detached,Established,Freehold,19,,DALE VIEW,,HOVE,BRIGHTON AND HOVE,BRIGHTON AND HOVE,Standard,Addition,50.8449120000,-0.1986180000
267000,2006-05-24 00:00:00Z,BN3 8LF,Semi-Detached,Established,Freehold,108,,DALE VIEW,HOVE,HOVE,BRIGHTON AND HOVE,BRIGHTON AND HOVE,Standard,Addition,50.8466780000,-0.1959220000
232000,2006-02-15 00:00:00Z,BN3 7RE,Terraced,Established,Freehold,9,,WAYFIELD CLOSE,HOVE,HOVE,BRIGHTON AND HOVE,BRIGHTON AND HOVE,Standard,Addition,50.8413320000,-0.1903900000
190000,2006-01-20 00:00:00Z,BN3 8LD,Detached,Established,Freehold,14,,WEST WAY,HOVE,HOVE,BRIGHTON AND HOVE,BRIGHTON AND HOVE,Standard,Addition,50.8450240000,-0.1953900000
245000,2006-07-14 00:00:00Z,BN3 7JH,Semi-Detached,Established,Freehold,120,,ROWAN AVENUE,HOVE,HOVE,BRIGHTON AND HOVE,BRIGHTON AND HOVE,Standard,Addition,50.8430630000,-0.1965310000
290000,2006-10-06 00:00:00Z,BN3 7NG,Semi-Detached,Established,Freehold,207,,NEVILL AVENUE,HOVE,HOVE,BRIGHTON AND HOVE,BRIGHTON AND HOVE,Standard,Addition,50.8440280000,-0.1916620000
118500,2006-09-13 00:00:00Z,BN3 8LE,Flats/Maisonettes,Established,Leasehold,31,,KINGSTON CLOSE,HOVE,HOVE,BRIGHTON AND HOVE,BRIGHTON AND HOVE,Standard,Addition,50.8461490000,-0.1953890000
220000,2006-09-15 00:00:00Z,BN3 8LF,Semi-Detached,Established,Freehold,96,,DALE VIEW,HOVE,HOVE,BRIGHTON AND HOVE,BRIGHTON AND HOVE,Standard,Addition,50.8466780000,-0.1959220000
325000,2006-11-02 00:00:00Z,BN3 7LR,Semi-Detached,Established,Freehold,317,,HANGLETON ROAD,HOVE,HOVE,BRIGHTON AND HOVE,BRIGHTON AND HOVE,Standard,Addition,50.8459640000,-0.1902260000
180000,2006-07-11 00:00:00Z,BN3 8LF,Semi-Detached,Established,Freehold,49,,DALE VIEW,HOVE,HOVE,BRIGHTON AND HOVE,BRIGHTON AND HOVE,Standard,Addition,50.8466780000,-0.1959220000
245000,2006-03-17 00:00:00Z,BN3 8PS,Semi-Detached,Established,Freehold,76,,POPLAR AVENUE,HOVE,HOVE,BRIGHTON AND HOVE,BRIGHTON AND HOVE,Standard,Addition,50.8481560000,-0.1949560000
226950,2006-09-08 00:00:00Z,BN3 8LG,Semi-Detached,Established,Freehold,10,,SUMMERDALE ROAD,HOVE,HOVE,BRIGHTON AND HOVE,BRIGHTON AND HOVE,Standard,Addition,50.8476110000,-0.1974630000
138000,2006-01-23 00:00:00Z,BN3 8BB,Flats/Maisonettes,Established,Leasehold,80,,SHERBOURNE ROAD,HOVE,HOVE,BRIGHTON AND HOVE,BRIGHTON AND HOVE,Standard,Addition,50.8496460000,-0.1999700000
250000,2006-08-03 00:00:00Z,BN3 8LF,Semi-Detached,Established,Freehold,80,,DALE VIEW,HOVE,HOVE,BRIGHTON AND HOVE,BRIGHTON AND HOVE,Standard,Addition,50.8466780000,-0.1959220000
245000,2006-10-27 00:00:00Z,BN3 8JD,Semi-Detached,Established,Freehold,4,,SUNNINGHILL CLOSE,HOVE,HOVE,BRIGHTON AND HOVE,BRIGHTON AND HOVE,Standard,Addition,50.8457210000,-0.1921670000
244950,2006-03-31 00:00:00Z,BN3 7FY,Terraced,New Build,Freehold,28,,OLD SCHOOL PLACE,HOVE,HOVE,BRIGHTON AND HOVE,BRIGHTON AND HOVE,Standard,Addition,50.8436170000,-0.1974470000
210000,2006-05-25 00:00:00Z,BN3 7JG,Terraced,Established,Freehold,18,,ROWAN AVENUE,HOVE,HOVE,BRIGHTON AND HOVE,BRIGHTON AND HOVE,Standard,Addition,50.8409770000,-0.1959430000
193000,2006-10-06 00:00:00Z,BN3 7JB,Semi-Detached,Established,Freehold,18,,MAYTREE WALK,HOVE,HOVE,BRIGHTON AND HOVE,BRIGHTON AND HOVE,Standard,Addition,50.8423400000,-0.1956780000
146950,2006-06-30 00:00:00Z,BN3 8BB,Flats/Maisonettes,Established,Leasehold,36,,SHERBOURNE ROAD,HOVE,HOVE,BRIGHTON AND HOVE,BRIGHTON AND HOVE,Standard,Addition,50.8496460000,-0.1999700000
225000,2006-04-04 00:00:00Z,BN3 7JA,Semi-Detached,Established,Freehold,67,,ELM DRIVE,HOVE,HOVE,BRIGHTON AND HOVE,BRIGHTON AND HOVE,Standard,Addition,50.8406940000,-0.1939370000
155000,2006-08-11 00:00:00Z,BN3 7FL,Terraced,Established,Freehold,78,,WILFRID ROAD,HOVE,HOVE,BRIGHTON AND HOVE,BRIGHTON AND HOVE,Standard,Addition,50.8407790000,-0.1994310000
235000,2006-03-30 00:00:00Z,BN3 8JF,Semi-Detached,Established,Freehold,18,,APPLESHAM AVENUE,HOVE,HOVE,BRIGHTON AND HOVE,BRIGHTON AND HOVE,Standard,Addition,50.8457820000,-0.1938120000
232000,2006-11-30 00:00:00Z,BN3 7JE,Terraced,Established,Freehold,190,,ELM DRIVE,HOVE,HOVE,BRIGHTON AND HOVE,BRIGHTON AND HOVE,Standard,Addition,50.8432400000,-0.1945780000
238950,2006-06-26 00:00:00Z,BN3 8LF,Semi-Detached,Established,Freehold,59,,DALE VIEW,HOVE,HOVE,BRIGHTON AND HOVE,BRIGHTON AND HOVE,Standard,Addition,50.8466780000,-0.1959220000
140950,2006-05-05 00:00:00Z,BN3 8BA,Flats/Maisonettes,Established,Leasehold,43,,SHERBOURNE ROAD,HOVE,HOVE,BRIGHTON AND HOVE,BRIGHTON AND HOVE,Standard,Addition,50.8493060000,-0.1995430000
185500,2006-01-20 00:00:00Z,BN3 8LG,Semi-Detached,Established,Freehold,7,,SUMMERDALE ROAD,HOVE,HOVE,BRIGHTON AND HOVE,BRIGHTON AND HOVE,Standard,Addition,50.8476110000,-0.1974630000
249000,2006-11-28 00:00:00Z,BN3 8LD,Semi-Detached,Established,Freehold,6,,WEST WAY,HOVE,HOVE,BRIGHTON AND HOVE,BRIGHTON AND HOVE,Standard,Addition,50.8450240000,-0.1953900000
150000,2006-09-26 00:00:00Z,BN3 8LE,Flats/Maisonettes,Established,Leasehold,28,,KINGSTON CLOSE,HOVE,HOVE,BRIGHTON AND HOVE,BRIGHTON AND HOVE,Standard,Addition,50.8461490000,-0.1953890000
250000,2006-03-30 00:00:00Z,BN3 7FY,Semi-Detached,New Build,Freehold,15,,OLD SCHOOL PLACE,HOVE,HOVE,BRIGHTON AND HOVE,BRIGHTON AND HOVE,Standard,Addition,50.8436170000,-0.1974470000
250000,2006-10-27 00:00:00Z,BN3 8PP,Semi-Detached,Established,Freehold,55,,NORTHEASE DRIVE,HOVE,HOVE,BRIGHTON AND HOVE,BRIGHTON AND HOVE,Standard,Addition,50.8486400000,-0.1977930000
134000,2006-03-31 00:00:00Z,BN3 8LE,Flats/Maisonettes,Established,Leasehold,25,,KINGSTON CLOSE,HOVE,HOVE,BRIGHTON AND HOVE,BRIGHTON AND HOVE,Standard,Addition,50.8461490000,-0.1953890000
146500,2006-12-05 00:00:00Z,BN3 8LE,Flats/Maisonettes,Established,Leasehold,27,,KINGSTON CLOSE,HOVE,HOVE,BRIGHTON AND HOVE,BRIGHTON AND HOVE,Standard,Addition,50.8461490000,-0.1953890000
130000,2006-10-13 00:00:00Z,BN3 7LP,Flats/Maisonettes,Established,Leasehold,220A,,HANGLETON ROAD,HOVE,HOVE,BRIGHTON AND HOVE,BRIGHTON AND HOVE,Standard,Addition,50.8461290000,-0.1910290000
130000,2006-04-28 00:00:00Z,BN3 8JE,Terraced,Established,Leasehold,32,,STORRINGTON CLOSE,HOVE,HOVE,BRIGHTON AND HOVE,BRIGHTON AND HOVE,Standard,Addition,50.8466880000,-0.1919020000
237500,2006-10-09 00:00:00Z,BN3 7JH,Semi-Detached,Established,Freehold,116,,ROWAN AVENUE,HOVE,HOVE,BRIGHTON AND HOVE,BRIGHTON AND HOVE,Standard,Addition,50.8430630000,-0.1965310000
217500,2006-03-24 00:00:00Z,BN3 7JE,Terraced,Established,Freehold,176,,ELM DRIVE,HOVE,HOVE,BRIGHTON AND HOVE,BRIGHTON AND HOVE,Standard,Addition,50.8432400000,-0.1945780000
215500,2006-02-16 00:00:00Z,BN3 7JF,Terraced,Established,Freehold,39,,ROWAN AVENUE,HOVE,HOVE,BRIGHTON AND HOVE,BRIGHTON AND HOVE,Standard,Addition,50.8413420000,-0.1957310000
249950,2006-08-29 00:00:00Z,BN3 7JH,Terraced,New Build,Freehold,93,,ROWAN AVENUE,HOVE,HOVE,BRIGHTON AND HOVE,BRIGHTON AND HOVE,Standard,Addition,50.8430630000,-0.1965310000
197950,2006-05-12 00:00:00Z,BN3 7FS,Semi-Detached,Established,Freehold,105,,GODWIN ROAD,HOVE,HOVE,BRIGHTON AND HOVE,BRIGHTON AND HOVE,Standard,Addition,50.8429990000,-0.1999560000
239950,2006-08-31 00:00:00Z,BN3 8LQ,Semi-Detached,Established,Freehold,48,,WEST WAY,HOVE,HOVE,BRIGHTON AND HOVE,BRIGHTON AND HOVE,Standard,Addition,50.8457630000,-0.1984010000
217500,2006-12-20 00:00:00Z,BN3 7FG,Semi-Detached,Established,Freehold,126,,STAPLEY ROAD,HOVE,HOVE,BRIGHTON AND HOVE,BRIGHTON AND HOVE,Standard,Addition,50.8426450000,-0.1979670000
235000,2006-11-14 00:00:00Z,BN3 8PB,Semi-Detached,Established,Freehold,22,,LARK HILL,HOVE,HOVE,BRIGHTON AND HOVE,BRIGHTON AND HOVE,Standard,Addition,50.8498470000,-0.1926180000
249995,2006-03-21 00:00:00Z,BN3 7FY,Semi-Detached,New Build,Freehold,11,,OLD SCHOOL PLACE,HOVE,HOVE,BRIGHTON AND HOVE,BRIGHTON AND HOVE,Standard,Addition,50.8436170000,-0.1974470000
223000,2006-01-06 00:00:00Z,BN3 7JE,Semi-Detached,Established,Freehold,158,,ELM DRIVE,HOVE,HOVE,BRIGHTON AND HOVE,BRIGHTON AND HOVE,Standard,Addition,50.8432400000,-0.1945780000
317500,2006-07-21 00:00:00Z,BN3 7JA,Semi-Detached,Established,Freehold,67,,ELM DRIVE,HOVE,HOVE,BRIGHTON AND HOVE,BRIGHTON AND HOVE,Standard,Addition,50.8406940000,-0.1939370000
215000,2006-05-25 00:00:00Z,BN3 8LG,Semi-Detached,Established,Freehold,11,,SUMMERDALE ROAD,HOVE,HOVE,BRIGHTON AND HOVE,BRIGHTON AND HOVE,Standard,Addition,50.8476110000,-0.1974630000
199950,2006-05-12 00:00:00Z,BN3 8LT,Semi-Detached,Established,Freehold,40,,HANGLETON CLOSE,HOVE,HOVE,BRIGHTON AND HOVE,BRIGHTON AND HOVE,Standard,Addition,50.8452720000,-0.1997980000
260000,2006-12-14 00:00:00Z,BN3 8PS,Semi-Detached,Established,Freehold,84,,POPLAR AVENUE,HOVE,HOVE,BRIGHTON AND HOVE,BRIGHTON AND HOVE,Standard,Addition,50.8481560000,-0.1949560000
352000,2006-11-10 00:00:00Z,BN3 7LW,Detached,Established,Freehold,58,,WAYFIELD AVENUE,HOVE,HOVE,BRIGHTON AND HOVE,BRIGHTON AND HOVE,Standard,Addition,50.8407330000,-0.1906690000
217500,2006-06-15 00:00:00Z,BN3 8PP,Semi-Detached,Established,Freehold,68,,NORTHEASE DRIVE,HOVE,HOVE,BRIGHTON AND HOVE,BRIGHTON AND HOVE,Standard,Addition,50.8486400000,-0.1977930000
271250,2007-04-30 00:00:00Z,BN3 8LB,Semi-Detached,Established,Freehold,30,,DALE VIEW,HOVE,HOVE,BRIGHTON AND HOVE,BRIGHTON AND HOVE,Standard,Addition,50.8445470000,-0.1988460000
206000,2007-11-08 00:00:00Z,BN3 8LL,Semi-Detached,Established,Freehold,46,,GLETON AVENUE,HOVE,HOVE,BRIGHTON AND HOVE,BRIGHTON AND HOVE,Standard,Addition,50.8469820000,-0.1980840000
289950,2007-06-29 00:00:00Z,BN3 7JL,Terraced,Established,Freehold,96,,ELM DRIVE,HOVE,HOVE,BRIGHTON AND HOVE,BRIGHTON AND HOVE,Standard,Addition,50.8412030000,-0.1946710000
264950,2007-12-11 00:00:00Z,BN3 7JE,Terraced,Established,Freehold,196,,ELM DRIVE,HOVE,HOVE,BRIGHTON AND HOVE,BRIGHTON AND HOVE,Standard,Addition,50.8432400000,-0.1945780000
279950,2007-12-14 00:00:00Z,BN3 7LW,Semi-Detached,Established,Freehold,15,,WAYFIELD AVENUE,HOVE,HOVE,BRIGHTON AND HOVE,BRIGHTON AND HOVE,Standard,Addition,50.8407330000,-0.1906690000
297500,2007-06-01 00:00:00Z,BN3 8LN,Semi-Detached,Established,Freehold,59,,GLETON AVENUE,HOVE,HOVE,BRIGHTON AND HOVE,BRIGHTON AND HOVE,Standard,Addition,50.8467620000,-0.1984480000
220000,2007-02-23 00:00:00Z,BN3 7FG,Semi-Detached,Established,Freehold,118,,STAPLEY ROAD,HOVE,HOVE,BRIGHTON AND HOVE,BRIGHTON AND HOVE,Standard,Addition,50.8426450000,-0.1979670000
173500,2007-08-28 00:00:00Z,BN3 8BB,Flats/Maisonettes,Established,Leasehold,52,,SHERBOURNE ROAD,HOVE,HOVE,BRIGHTON AND HOVE,BRIGHTON AND HOVE,Standard,Addition,50.8496460000,-0.1999700000
330000,2007-05-31 00:00:00Z,BN3 7LS,Semi-Detached,Established,Freehold,211,,HANGLETON ROAD,HOVE,HOVE,BRIGHTON AND HOVE,BRIGHTON AND HOVE,Standard,Addition,50.8441990000,-0.1949670000
225000,2007-02-09 00:00:00Z,BN3 8LL,Semi-Detached,Established,Freehold,12,,GLETON AVENUE,HOVE,HOVE,BRIGHTON AND HOVE,BRIGHTON AND HOVE,Standard,Addition,50.8469820000,-0.1980840000
144500,2007-05-25 00:00:00Z,BN3 8JE,Flats/Maisonettes,Established,Leasehold,14,,STORRINGTON CLOSE,HOVE,HOVE,BRIGHTON AND HOVE,BRIGHTON AND HOVE,Standard,Addition,50.8466880000,-0.1919020000
225000,2007-02-07 00:00:00Z,BN3 8BB,Semi-Detached,Established,Freehold,4,,SHERBOURNE ROAD,HOVE,HOVE,BRIGHTON AND HOVE,BRIGHTON AND HOVE,Standard,Addition,50.8496460000,-0.1999700000
265000,2007-02-26 00:00:00Z,BN3 7JA,Semi-Detached,Established,Freehold,59,,ELM DRIVE,,HOVE,BRIGHTON AND HOVE,BRIGHTON AND HOVE,Standard,Addition,50.8406940000,-0.1939370000
305000,2007-05-18 00:00:00Z,BN3 7JA,Semi-Detached,Established,Freehold,57,,ELM DRIVE,HOVE,HOVE,BRIGHTON AND HOVE,BRIGHTON AND HOVE,Standard,Addition,50.8406940000,-0.1939370000
205000,2007-01-25 00:00:00Z,BN3 8LG,Semi-Detached,Established,Freehold,13,,SUMMERDALE ROAD,HOVE,HOVE,BRIGHTON AND HOVE,BRIGHTON AND HOVE,Standard,Addition,50.8476110000,-0.1974630000
249950,2007-06-08 00:00:00Z,BN3 8LG,Semi-Detached,Established,Freehold,11,,SUMMERDALE ROAD,HOVE,HOVE,BRIGHTON AND HOVE,BRIGHTON AND HOVE,Standard,Addition,50.8476110000,-0.1974630000
178000,2007-11-30 00:00:00Z,BN3 8BA,Flats/Maisonettes,Established,Leasehold,43,,SHERBOURNE ROAD,HOVE,HOVE,BRIGHTON AND HOVE,BRIGHTON AND HOVE,Standard,Addition,50.8493060000,-0.1995430000
235000,2007-06-01 00:00:00Z,BN3 7JD,Terraced,Established,Freehold,191,,ELM DRIVE,HOVE,HOVE,BRIGHTON AND HOVE,BRIGHTON AND HOVE,Standard,Addition,50.8433220000,-0.1940630000
205000,2007-01-15 00:00:00Z,BN3 8JP,Terraced,Established,Freehold,54,,AMBERLEY DRIVE,HOVE,HOVE,BRIGHTON AND HOVE,BRIGHTON AND HOVE,Standard,Addition,50.8497310000,-0.1909600000
238000,2007-10-17 00:00:00Z,BN3 7FT,Semi-Detached,Established,Freehold,110,,GODWIN ROAD,HOVE,HOVE,BRIGHTON AND HOVE,BRIGHTON AND HOVE,Standard,Addition,50.8427970000,-0.1996800000
197000,2007-12-07 00:00:00Z,BN3 7FL,Terraced,Established,Freehold,52,,WILFRID ROAD,HOVE,HOVE,BRIGHTON AND HOVE,BRIGHTON AND HOVE,Standard,Addition,50.8407790000,-0.1994310000
174700,2007-11-02 00:00:00Z,BN3 8BD,Flats/Maisonettes,Established,Leasehold,1,,SHERBOURNE CLOSE,HOVE,HOVE,BRIGHTON AND HOVE,BRIGHTON AND HOVE,Standard,Addition,50.8493080000,-0.1990880000
170000,2007-07-04 00:00:00Z,BN3 7FT,Semi-Detached,Established,Freehold,104,,GODWIN ROAD,HOVE,HOVE,BRIGHTON AND HOVE,BRIGHTON AND HOVE,Standard,Addition,50.8427970000,-0.1996800000
260000,2007-12-07 00:00:00Z,BN3 8JH,Semi-Detached,Established,Freehold,3,,ASHLINGS WAY,HOVE,HOVE,BRIGHTON AND HOVE,BRIGHTON AND HOVE,Standard,Addition,50.8468510000,-0.1937140000
296000,2007-09-07 00:00:00Z,BN3 7FY,Semi-Detached,Established,Freehold,14,,OLD SCHOOL PLACE,HOVE,HOVE,BRIGHTON AND HOVE,BRIGHTON AND HOVE,Standard,Addition,50.8436170000,-0.1974470000
235000,2007-02-16 00:00:00Z,BN3 7FS,Semi-Detached,Established,Freehold,129,,GODWIN ROAD,HOVE,HOVE,BRIGHTON AND HOVE,BRIGHTON AND HOVE,Standard,Addition,50.8429990000,-0.1999560000
273000,2007-09-13 00:00:00Z,BN3 7JG,Terraced,Established,Freehold,60,,ROWAN AVENUE,HOVE,HOVE,BRIGHTON AND HOVE,BRIGHTON AND HOVE,Standard,Addition,50.8409770000,-0.1959430000
278000,2007-03-07 00:00:00Z,BN3 8LF,Semi-Detached,Established,Freehold,120,,DALE VIEW,,HOVE,BRIGHTON AND HOVE,BRIGHTON AND HOVE,Standard,Addition,50.8466780000,-0.1959220000
171500,2007-06-01 00:00:00Z,BN3 8LE,Flats/Maisonettes,Established,Leasehold,15,,KINGSTON CLOSE,HOVE,HOVE,BRIGHTON AND HOVE,BRIGHTON AND HOVE,Standard,Addition,50.8461490000,-0.1953890000
283000,2007-09-13 00:00:00Z,BN3 8LF,Semi-Detached,Established,Freehold,49,,DALE VIEW,HOVE,HOVE,BRIGHTON AND HOVE,BRIGHTON AND HOVE,Standard,Addition,50.8466780000,-0.1959220000
289950,2007-05-08 00:00:00Z,BN3 8PA,Semi-Detached,Established,Freehold,3,,NORTHEASE DRIVE,HOVE,HOVE,BRIGHTON AND HOVE,BRIGHTON AND HOVE,Standard,Addition,50.8490630000,-0.1919380000
250000,2007-10-26 00:00:00Z,BN3 8LG,Detached,Established,Freehold,4,,SUMMERDALE ROAD,HOVE,HOVE,BRIGHTON AND HOVE,BRIGHTON AND HOVE,Standard,Addition,50.8476110000,-0.1974630000
363943,2007-03-29 00:00:00Z,BN3 7NG,Semi-Detached,Established,Freehold,201,,NEVILL AVENUE,HOVE,HOVE,BRIGHTON AND HOVE,BRIGHTON AND HOVE,Standard,Addition,50.8440280000,-0.1916620000
228750,2007-09-07 00:00:00Z,BN3 7JG,Semi-Detached,Established,Freehold,30,,ROWAN AVENUE,HOVE,HOVE,BRIGHTON AND HOVE,BRIGHTON AND HOVE,Standard,Addition,50.8409770000,-0.1959430000
285000,2007-09-24 00:00:00Z,BN3 8LL,Semi-Detached,Established,Freehold,22,,GLETON AVENUE,HOVE,HOVE,BRIGHTON AND HOVE,BRIGHTON AND HOVE,Standard,Addition,50.8469820000,-0.1980840000
280000,2007-08-22 00:00:00Z,BN3 8JS,Semi-Detached,Established,Freehold,5,,AMBERLEY DRIVE,HOVE,HOVE,BRIGHTON AND HOVE,BRIGHTON AND HOVE,Standard,Addition,50.8477480000,-0.1918330000
238000,2007-01-04 00:00:00Z,BN3 8LF,Semi-Detached,Established,Freehold,92,,DALE VIEW,HOVE,HOVE,BRIGHTON AND HOVE,BRIGHTON AND HOVE,Standard,Addition,50.8466780000,-0.1959220000
270000,2007-09-20 00:00:00Z,BN3 8LQ,Detached,Established,Freehold,40,,WEST WAY,HOVE,HOVE,BRIGHTON AND HOVE,BRIGHTON AND HOVE,Standard,Addition,50.8457630000,-0.1984010000
247000,2007-06-08 00:00:00Z,BN3 7JD,Semi-Detached,Established,Freehold,213,,ELM DRIVE,HOVE,HOVE,BRIGHTON AND HOVE,BRIGHTON AND HOVE,Standard,Addition,50.8433220000,-0.1940630000
425000,2007-05-04 00:00:00Z,BN3 7LP,Detached,Established,Freehold,240,,HANGLETON ROAD,HOVE,HOVE,BRIGHTON AND HOVE,BRIGHTON AND HOVE,Standard,Addition,50.8461290000,-0.1910290000
154000,2007-05-03 00:00:00Z,BN3 8JD,Flats/Maisonettes,Established,Leasehold,22,,SUNNINGHILL CLOSE,HOVE,HOVE,BRIGHTON AND HOVE,BRIGHTON AND HOVE,Standard,Addition,50.8457210000,-0.1921670000
339950,2007-07-20 00:00:00Z,BN3 8LS,Semi-Detached,Established,Freehold,27,,WEST WAY,HOVE,HOVE,BRIGHTON AND HOVE,BRIGHTON AND HOVE,Standard,Addition,50.8462370000,-0.1981980000
245000,2007-10-23 00:00:00Z,BN3 8PQ,Semi-Detached,Established,Freehold,17,,NORTHEASE DRIVE,HOVE,HOVE,BRIGHTON AND HOVE,BRIGHTON AND HOVE,Standard,Addition,50.8493070000,-0.1937900000
269950,2007-03-26 00:00:00Z,BN3 8PT,Semi-Detached,Established,Freehold,53,,POPLAR AVENUE,HOVE,HOVE,BRIGHTON AND HOVE,BRIGHTON AND HOVE,Standard,Addition,50.8479490000,-0.1943530000
320000,2007-08-31 00:00:00Z,BN3 7NG,Semi-Detached,Established,Freehold,187,,NEVILL AVENUE,HOVE,HOVE,BRIGHTON AND HOVE,BRIGHTON AND HOVE,Standard,Addition,50.8440280000,-0.1916620000
296500,2007-04-02 00:00:00Z,BN3 8JP,Semi-Detached,Established,Freehold,94,,AMBERLEY DRIVE,HOVE,HOVE,BRIGHTON AND HOVE,BRIGHTON AND HOVE,Standard,Addition,50.8497310000,-0.1909600000
290000,2007-10-26 00:00:00Z,BN3 7JH,Terraced,Established,Freehold,75,,ROWAN AVENUE,HOVE,HOVE,BRIGHTON AND HOVE,BRIGHTON AND HOVE,Standard,Addition,50.8430630000,-0.1965310000
208250,2007-05-31 00:00:00Z,BN3 8PR,Semi-Detached,Established,Freehold,3,,NORTHEASE GARDENS,HOVE,HOVE,BRIGHTON AND HOVE,BRIGHTON AND HOVE,Standard,Addition,50.8491400000,-0.1945630000
318000,2007-01-04 00:00:00Z,BN3 8JJ,Semi-Detached,Established,Freehold,40,,APPLESHAM AVENUE,HOVE,HOVE,BRIGHTON AND HOVE,BRIGHTON AND HOVE,Standard,Addition,50.8473290000,-0.1926580000
372500,2007-11-30 00:00:00Z,BN3 7JA,Semi-Detached,Established,Freehold,67,,ELM DRIVE,HOVE,HOVE,BRIGHTON AND HOVE,BRIGHTON AND HOVE,Standard,Addition,50.8406940000,-0.1939370000
287500,2007-11-13 00:00:00Z,BN3 8JJ,Semi-Detached,Established,Freehold,66,,APPLESHAM AVENUE,HOVE,HOVE,BRIGHTON AND HOVE,BRIGHTON AND HOVE,Standard,Addition,50.8473290000,-0.1926580000
163500,2007-01-30 00:00:00Z,BN3 8LE,Flats/Maisonettes,Established,Leasehold,16,,KINGSTON CLOSE,HOVE,HOVE,BRIGHTON AND HOVE,BRIGHTON AND HOVE,Standard,Addition,50.8461490000,-0.1953890000
250000,2007-04-20 00:00:00Z,BN3 8PR,Detached,Established,Freehold,4,,NORTHEASE GARDENS,HOVE,HOVE,BRIGHTON AND HOVE,BRIGHTON AND HOVE,Standard,Addition,50.8491400000,-0.1945630000
246000,2007-09-17 00:00:00Z,BN3 7JB,Terraced,Established,Freehold,11,,MAYTREE WALK,HOVE,HOVE,BRIGHTON AND HOVE,BRIGHTON AND HOVE,Standard,Addition,50.8423400000,-0.1956780000
220000,2007-02-13 00:00:00Z,BN3 8JF,Terraced,Established,Freehold,2A,,APPLESHAM AVENUE,,HOVE,BRIGHTON AND HOVE,BRIGHTON AND HOVE,Standard,Addition,50.8457820000,-0.1938120000
250000,2007-02-23 00:00:00Z,BN3 7JF,Terraced,Established,Freehold,1,,ROWAN AVENUE,HOVE,HOVE,BRIGHTON AND HOVE,BRIGHTON AND HOVE,Standard,Addition,50.8413420000,-0.1957310000
135200,2007-02-12 00:00:00Z,BN3 8JD,Flats/Maisonettes,Established,Leasehold,21,,SUNNINGHILL CLOSE,HOVE,HOVE,BRIGHTON AND HOVE,BRIGHTON AND HOVE,Standard,Addition,50.8457210000,-0.1921670000
250000,2007-08-29 00:00:00Z,BN3 8PP,Semi-Detached,Established,Freehold,72,,NORTHEASE DRIVE,HOVE,HOVE,BRIGHTON AND HOVE,BRIGHTON AND HOVE,Standard,Addition,50.8486400000,-0.1977930000
240500,2007-09-28 00:00:00Z,BN3 7JF,Terraced,Established,Freehold,23,,ROWAN AVENUE,HOVE,HOVE,BRIGHTON AND HOVE,BRIGHTON AND HOVE,Standard,Addition,50.8413420000,-0.1957310000
197000,2007-02-28 00:00:00Z,BN3 8PX,Semi-Detached,Established,Freehold,34,,POPLAR AVENUE,HOVE,HOVE,BRIGHTON AND HOVE,BRIGHTON AND HOVE,Standard,Addition,50.8459510000,-0.1948420000
278750,2007-10-26 00:00:00Z,BN3 8JJ,Semi-Detached,Established,Freehold,55,,APPLESHAM AVENUE,HOVE,HOVE,BRIGHTON AND HOVE,BRIGHTON AND HOVE,Standard,Addition,50.8473290000,-0.1926580000
175000,2007-12-07 00:00:00Z,BN3 8LE,Flats/Maisonettes,Established,Leasehold,8,,KINGSTON CLOSE,HOVE,HOVE,BRIGHTON AND HOVE,BRIGHTON AND HOVE,Standard,Addition,50.8461490000,-0.1953890000
369950,2007-12-04 00:00:00Z,BN3 8LA,Semi-Detached,Established,Freehold,7,,DALE VIEW,HOVE,HOVE,BRIGHTON AND HOVE,BRIGHTON AND HOVE,Standard,Addition,50.8449120000,-0.1986180000
233000,2007-03-23 00:00:00Z,BN3 8LB,Semi-Detached,Established,Freehold,40,,DALE VIEW,HOVE,HOVE,BRIGHTON AND HOVE,BRIGHTON AND HOVE,Standard,Addition,50.8445470000,-0.1988460000
232500,2007-05-25 00:00:00Z,BN3 7RE,Terraced,Established,Freehold,3,,WAYFIELD CLOSE,HOVE,HOVE,BRIGHTON AND HOVE,BRIGHTON AND HOVE,Standard,Addition,50.8413320000,-0.1903900000
225000,2007-01-26 00:00:00Z,BN3 8JJ,Semi-Detached,Established,Freehold,75,,APPLESHAM AVENUE,HOVE,HOVE,BRIGHTON AND HOVE,BRIGHTON AND HOVE,Standard,Addition,50.8473290000,-0.1926580000
270000,2007-06-04 00:00:00Z,BN3 7JL,Terraced,Established,Freehold,114,,ELM DRIVE,HOVE,HOVE,BRIGHTON AND HOVE,BRIGHTON AND HOVE,Standard,Addition,50.8412030000,-0.1946710000
167000,2007-04-11 00:00:00Z,BN3 8BB,Semi-Detached,Established,Leasehold,50,,SHERBOURNE ROAD,HOVE,HOVE,BRIGHTON AND HOVE,BRIGHTON AND HOVE,Standard,Addition,50.8496460000,-0.1999700000
365000,2007-01-25 00:00:00Z,BN3 8BA,Semi-Detached,Established,Freehold,9,,SHERBOURNE ROAD,HOVE,HOVE,BRIGHTON AND HOVE,BRIGHTON AND HOVE,Standard,Addition,50.8493060000,-0.1995430000
339950,2007-02-23 00:00:00Z,BN3 7JD,Semi-Detached,Established,Freehold,171,,ELM DRIVE,HOVE,HOVE,BRIGHTON AND HOVE,BRIGHTON AND HOVE,Standard,Addition,50.8433220000,-0.1940630000
275000,2007-11-02 00:00:00Z,BN3 8LB,Detached,Established,Freehold,18,,DALE VIEW,HOVE,HOVE,BRIGHTON AND HOVE,BRIGHTON AND HOVE,Standard,Addition,50.8445470000,-0.1988460000
269000,2007-09-28 00:00:00Z,BN3 8LQ,Terraced,Established,Freehold,44,,WEST WAY,HOVE,HOVE,BRIGHTON AND HOVE,BRIGHTON AND HOVE,Standard,Addition,50.8457630000,-0.1984010000
257000,2007-05-21 00:00:00Z,BN3 7LW,Semi-Detached,Established,Freehold,12,,WAYFIELD AVENUE,HOVE,HOVE,BRIGHTON AND HOVE,BRIGHTON AND HOVE,Standard,Addition,50.8407330000,-0.1906690000
274000,2007-10-05 00:00:00Z,BN3 7JD,Semi-Detached,Established,Freehold,163,,ELM DRIVE,HOVE,HOVE,BRIGHTON AND HOVE,BRIGHTON AND HOVE,Standard,Addition,50.8433220000,-0.1940630000
250000,2007-05-30 00:00:00Z,BN3 8LF,Semi-Detached,Established,Freehold,132,,DALE VIEW,HOVE,HOVE,BRIGHTON AND HOVE,BRIGHTON AND HOVE,Standard,Addition,50.8466780000,-0.1959220000
345000,2007-11-21 00:00:00Z,BN3 7JA,Semi-Detached,Established,Freehold,59,,ELM DRIVE,HOVE,HOVE,BRIGHTON AND HOVE,BRIGHTON AND HOVE,Standard,Addition,50.8406940000,-0.1939370000
339950,2007-09-03 00:00:00Z,BN3 8LA,Semi-Detached,Established,Freehold,15,,DALE VIEW,HOVE,HOVE,BRIGHTON AND HOVE,BRIGHTON AND HOVE,Standard,Addition,50.8449120000,-0.1986180000
172000,2007-11-20 00:00:00Z,BN3 8BD,Flats/Maisonettes,Established,Leasehold,30,,SHERBOURNE CLOSE,HOVE,HOVE,BRIGHTON AND HOVE,BRIGHTON AND HOVE,Standard,Addition,50.8493080000,-0.1990880000
250000,2007-11-07 00:00:00Z,BN3 8LF,Semi-Detached,Established,Freehold,53,,DALE VIEW,HOVE,HOVE,BRIGHTON AND HOVE,BRIGHTON AND HOVE,Standard,Addition,50.8466780000,-0.1959220000
310000,2007-08-08 00:00:00Z,BN3 8PR,Detached,Established,Freehold,2,,NORTHEASE GARDENS,HOVE,HOVE,BRIGHTON AND HOVE,BRIGHTON AND HOVE,Standard,Addition,50.8491400000,-0.1945630000
284000,2007-10-19 00:00:00Z,BN3 8PS,Semi-Detached,Established,Freehold,70,,POPLAR AVENUE,HOVE,HOVE,BRIGHTON AND HOVE,BRIGHTON AND HOVE,Standard,Addition,50.8481560000,-0.1949560000
274000,2007-08-31 00:00:00Z,BN3 8JS,Semi-Detached,Established,Freehold,16,,AMBERLEY DRIVE,HOVE,HOVE,BRIGHTON AND HOVE,BRIGHTON AND HOVE,Standard,Addition,50.8477480000,-0.1918330000
192000,2007-01-22 00:00:00Z,BN3 7FH,Semi-Detached,Established,Freehold,4,,MARTIN ROAD,HOVE,HOVE,BRIGHTON AND HOVE,BRIGHTON AND HOVE,Standard,Addition,50.8421880000,-0.1998170000
349000,2007-12-11 00:00:00Z,BN3 7LW,Detached,Established,Freehold,6,,WAYFIELD AVENUE,HOVE,HOVE,BRIGHTON AND HOVE,BRIGHTON AND HOVE,Standard,Addition,50.8407330000,-0.1906690000
225000,2007-04-30 00:00:00Z,BN3 8LG,Semi-Detached,Established,Freehold,13,,SUMMERDALE ROAD,HOVE,HOVE,BRIGHTON AND HOVE,BRIGHTON AND HOVE,Standard,Addition,50.8476110000,-0.1974630000
270000,2007-04-12 00:00:00Z,BN3 8JJ,Semi-Detached,Established,Freehold,75,,APPLESHAM AVENUE,HOVE,HOVE,BRIGHTON AND HOVE,BRIGHTON AND HOVE,Standard,Addition,50.8473290000,-0.1926580000
260000,2007-10-16 00:00:00Z,BN3 8LB,Semi-Detached,Established,Freehold,24,,DALE VIEW,HOVE,HOVE,BRIGHTON AND HOVE,BRIGHTON AND HOVE,Standard,Addition,50.8445470000,-0.1988460000
228500,2007-05-23 00:00:00Z,BN3 7JF,Terraced,Established,Freehold,51,,ROWAN AVENUE,HOVE,HOVE,BRIGHTON AND HOVE,BRIGHTON AND HOVE,Standard,Addition,50.8413420000,-0.1957310000
225000,2007-05-02 00:00:00Z,BN3 7FH,Semi-Detached,Established,Freehold,9,,MARTIN ROAD,HOVE,HOVE,BRIGHTON AND HOVE,BRIGHTON AND HOVE,Standard,Addition,50.8421880000,-0.1998170000
350000,2007-03-09 00:00:00Z,BN3 8PS,Semi-Detached,Established,Freehold,52,,POPLAR AVENUE,HOVE,HOVE,BRIGHTON AND HOVE,BRIGHTON AND HOVE,Standard,Addition,50.8481560000,-0.1949560000
242500,2007-05-30 00:00:00Z,BN3 7JF,Terraced,Established,Freehold,45,,ROWAN AVENUE,HOVE,HOVE,BRIGHTON AND HOVE,BRIGHTON AND HOVE,Standard,Addition,50.8413420000,-0.1957310000
365950,2007-09-03 00:00:00Z,BN3 7JD,Semi-Detached,Established,Freehold,177,,ELM DRIVE,HOVE,HOVE,BRIGHTON AND HOVE,BRIGHTON AND HOVE,Standard,Addition,50.8433220000,-0.1940630000
290000,2007-05-24 00:00:00Z,BN3 8PP,Semi-Detached,Established,Freehold,42,,NORTHEASE DRIVE,HOVE,HOVE,BRIGHTON AND HOVE,BRIGHTON AND HOVE,Standard,Addition,50.8486400000,-0.1977930000
195000,2007-06-18 00:00:00Z,BN3 7FF,Semi-Detached,Established,Freehold,111,,STAPLEY ROAD,HOVE,HOVE,BRIGHTON AND HOVE,BRIGHTON AND HOVE,Standard,Addition,50.8414060000,-0.1979160000
237000,2007-03-26 00:00:00Z,BN3 7JL,Flats/Maisonettes,Established,Freehold,118,,ELM DRIVE,HOVE,HOVE,BRIGHTON AND HOVE,BRIGHTON AND HOVE,Standard,Addition,50.8412030000,-0.1946710000
178500,2007-02-28 00:00:00Z,BN3 7FL,Terraced,Established,Freehold,60,,WILFRID ROAD,HOVE,HOVE,BRIGHTON AND HOVE,BRIGHTON AND HOVE,Standard,Addition,50.8407790000,-0.1994310000
249000,2008-04-18 00:00:00Z,BN3 8LS,Semi-Detached,Established,Freehold,59,,WEST WAY,HOVE,HOVE,BRIGHTON AND HOVE,BRIGHTON AND HOVE,Standard,Addition,50.8462370000,-0.1981980000
215000,2008-07-24 00:00:00Z,BN3 7FG,Semi-Detached,Established,Freehold,124,,STAPLEY ROAD,HOVE,HOVE,BRIGHTON AND HOVE,BRIGHTON AND HOVE,Standard,Addition,50.8426450000,-0.1979670000
165000,2008-07-31 00:00:00Z,BN3 8GG,Semi-Detached,Established,Freehold,74,,CLARKE AVENUE,HOVE,HOVE,BRIGHTON AND HOVE,BRIGHTON AND HOVE,Standard,Addition,50.8479560000,-0.1901200000
230000,2008-08-01 00:00:00Z,BN3 7FG,Semi-Detached,Established,Freehold,116,,STAPLEY ROAD,HOVE,HOVE,BRIGHTON AND HOVE,BRIGHTON AND HOVE,Standard,Addition,50.8426450000,-0.1979670000
307000,2008-02-14 00:00:00Z,BN3 8JN,Semi-Detached,Established,Freehold,77,,APPLESHAM AVENUE,HOVE,HOVE,BRIGHTON AND HOVE,BRIGHTON AND HOVE,Standard,Addition,50.8486070000,-0.1927230000
220000,2008-10-10 00:00:00Z,BN3 7JH,Terraced,Established,Freehold,55B,,ROWAN AVENUE,HOVE,HOVE,BRIGHTON AND HOVE,BRIGHTON AND HOVE,Standard,Addition,50.8430630000,-0.1965310000
220000,2008-10-10 00:00:00Z,BN3 7JH,Terraced,New Build,Freehold,55B,,ROWAN AVENUE,HOVE,HOVE,BRIGHTON AND HOVE,BRIGHTON AND HOVE,Standard,Addition,50.8430630000,-0.1965310000
210000,2008-09-05 00:00:00Z,BN3 7JG,Semi-Detached,Established,Freehold,36,,ROWAN AVENUE,HOVE,HOVE,BRIGHTON AND HOVE,BRIGHTON AND HOVE,Standard,Addition,50.8409770000,-0.1959430000
291000,2008-03-20 00:00:00Z,BN3 8PS,Detached,Established,Freehold,122,,POPLAR AVENUE,HOVE,HOVE,BRIGHTON AND HOVE,BRIGHTON AND HOVE,Standard,Addition,50.8481560000,-0.1949560000
248000,2008-04-30 00:00:00Z,BN3 8JH,Semi-Detached,Established,Freehold,5,,ASHLINGS WAY,HOVE,HOVE,BRIGHTON AND HOVE,BRIGHTON AND HOVE,Standard,Addition,50.8468510000,-0.1937140000
224950,2008-06-02 00:00:00Z,BN3 7FH,Semi-Detached,Established,Freehold,3,,MARTIN ROAD,HOVE,HOVE,BRIGHTON AND HOVE,BRIGHTON AND HOVE,Standard,Addition,50.8421880000,-0.1998170000
235000,2008-05-30 00:00:00Z,BN3 7JG,Terraced,Established,Freehold,84,,ROWAN AVENUE,HOVE,HOVE,BRIGHTON AND HOVE,BRIGHTON AND HOVE,Standard,Addition,50.8409770000,-0.1959430000
245000,2008-01-18 00:00:00Z,BN3 7JH,Terraced,Established,Freehold,59,,ROWAN AVENUE,HOVE,HOVE,BRIGHTON AND HOVE,BRIGHTON AND HOVE,Standard,Addition,50.8430630000,-0.1965310000
340000,2008-03-05 00:00:00Z,BN3 8JS,Detached,Established,Freehold,22,,AMBERLEY DRIVE,HOVE,HOVE,BRIGHTON AND HOVE,BRIGHTON AND HOVE,Standard,Addition,50.8477480000,-0.1918330000
116250,2008-04-29 00:00:00Z,BN3 8JP,Flats/Maisonettes,Established,Freehold,82,,AMBERLEY DRIVE,HOVE,HOVE,BRIGHTON AND HOVE,BRIGHTON AND HOVE,Standard,Addition,50.8497310000,-0.1909600000
247500,2008-10-22 00:00:00Z,BN3 8PQ,Semi-Detached,Established,Freehold,4,,NORTHEASE DRIVE,HOVE,HOVE,BRIGHTON AND HOVE,BRIGHTON AND HOVE,Standard,Addition,50.8493070000,-0.1937900000
243000,2008-07-28 00:00:00Z,BN3 7JB,Semi-Detached,Established,Freehold,18,,MAYTREE WALK,HOVE,HOVE,BRIGHTON AND HOVE,BRIGHTON AND HOVE,Standard,Addition,50.8423400000,-0.1956780000
205000,2008-09-03 00:00:00Z,BN3 8LS,Semi-Detached,Established,Freehold,43,,WEST WAY,HOVE,HOVE,BRIGHTON AND HOVE,BRIGHTON AND HOVE,Standard,Addition,50.8462370000,-0.1981980000
145000,2008-01-18 00:00:00Z,BN3 7FH,Flats/Maisonettes,Established,Leasehold,19A,,MARTIN ROAD,HOVE,HOVE,BRIGHTON AND HOVE,BRIGHTON AND HOVE,Standard,Addition,50.8421880000,-0.1998170000
275000,2008-03-20 00:00:00Z,BN3 8PX,Semi-Detached,Established,Freehold,7,,POPLAR AVENUE,HOVE,HOVE,BRIGHTON AND HOVE,BRIGHTON AND HOVE,Standard,Addition,50.8459510000,-0.1948420000
110000,2008-06-02 00:00:00Z,BN3 8PS,Semi-Detached,Established,Freehold,72,,POPLAR AVENUE,HOVE,HOVE,BRIGHTON AND HOVE,BRIGHTON AND HOVE,Standard,Addition,50.8481560000,-0.1949560000
237000,2008-11-28 00:00:00Z,BN3 8LT,Detached,Established,Freehold,24,,HANGLETON CLOSE,HOVE,HOVE,BRIGHTON AND HOVE,BRIGHTON AND HOVE,Standard,Addition,50.8452720000,-0.1997980000
223000,2008-06-06 00:00:00Z,BN3 8LA,Semi-Detached,Established,Freehold,29,,DALE VIEW,HOVE,HOVE,BRIGHTON AND HOVE,BRIGHTON AND HOVE,Standard,Addition,50.8449120000,-0.1986180000
360000,2008-01-21 00:00:00Z,BN3 7LR,Semi-Detached,Established,Freehold,291,,HANGLETON ROAD,HOVE,HOVE,BRIGHTON AND HOVE,BRIGHTON AND HOVE,Standard,Addition,50.8459640000,-0.1902260000
230000,2008-12-03 00:00:00Z,BN3 8LN,Semi-Detached,Established,Freehold,1,,GLETON AVENUE,HOVE,HOVE,BRIGHTON AND HOVE,BRIGHTON AND HOVE,Standard,Addition,50.8467620000,-0.1984480000
228000,2008-05-30 00:00:00Z,BN3 8JP,Terraced,Established,Freehold,19,,AMBERLEY DRIVE,HOVE,HOVE,BRIGHTON AND HOVE,BRIGHTON AND HOVE,Standard,Addition,50.8497310000,-0.1909600000
270500,2008-04-07 00:00:00Z,BN3 7FY,Terraced,Established,Freehold,23,,OLD SCHOOL PLACE,HOVE,HOVE,BRIGHTON AND HOVE,BRIGHTON AND HOVE,Standard,Addition,50.8436170000,-0.1974470000
283500,2008-07-07 00:00:00Z,BN3 8LT,Semi-Detached,Established,Freehold,9,,HANGLETON CLOSE,HOVE,HOVE,BRIGHTON AND HOVE,BRIGHTON AND HOVE,Standard,Addition,50.8452720000,-0.1997980000
248000,2008-08-22 00:00:00Z,BN3 8PS,Terraced,Established,Freehold,92,,POPLAR AVENUE,HOVE,HOVE,BRIGHTON AND HOVE,BRIGHTON AND HOVE,Standard,Addition,50.8481560000,-0.1949560000
245000,2008-06-04 00:00:00Z,BN3 8LF,Semi-Detached,Established,Freehold,55,,DALE VIEW,HOVE,HOVE,BRIGHTON AND HOVE,BRIGHTON AND HOVE,Standard,Addition,50.8466780000,-0.1959220000
155000,2008-05-22 00:00:00Z,BN3 8JD,Flats/Maisonettes,Established,Leasehold,26,,SUNNINGHILL CLOSE,HOVE,HOVE,BRIGHTON AND HOVE,BRIGHTON AND HOVE,Standard,Addition,50.8457210000,-0.1921670000
283000,2008-02-15 00:00:00Z,BN3 7JB,Semi-Detached,Established,Freehold,1,,MAYTREE WALK,HOVE,HOVE,BRIGHTON AND HOVE,BRIGHTON AND HOVE,Standard,Addition,50.8423400000,-0.1956780000
232000,2008-05-23 00:00:00Z,BN3 8LF,Semi-Detached,Established,Freehold,61,,DALE VIEW,HOVE,HOVE,BRIGHTON AND HOVE,BRIGHTON AND HOVE,Standard,Addition,50.8466780000,-0.1959220000
287000,2008-10-29 00:00:00Z,BN3 8PR,Semi-Detached,Established,Freehold,11,,NORTHEASE GARDENS,HOVE,HOVE,BRIGHTON AND HOVE,BRIGHTON AND HOVE,Standard,Addition,50.8491400000,-0.1945630000
245000,2008-07-28 00:00:00Z,BN3 8LL,Semi-Detached,Established,Freehold,36,,GLETON AVENUE,HOVE,HOVE,BRIGHTON AND HOVE,BRIGHTON AND HOVE,Standard,Addition,50.8469820000,-0.1980840000
92000,2008-05-12 00:00:00Z,BN3 8PW,Flats/Maisonettes,Established,Leasehold,11,,POPLAR CLOSE,HOVE,HOVE,BRIGHTON AND HOVE,BRIGHTON AND HOVE,Standard,Addition,50.8496640000,-0.1965180000
360000,2008-05-30 00:00:00Z,BN3 7LW,Detached,Established,Freehold,27,,WAYFIELD AVENUE,HOVE,HOVE,BRIGHTON AND HOVE,BRIGHTON AND HOVE,Standard,Addition,50.8407330000,-0.1906690000
245000,2008-08-21 00:00:00Z,BN3 7LW,Terraced,Established,Freehold,22,,WAYFIELD AVENUE,HOVE,HOVE,BRIGHTON AND HOVE,BRIGHTON AND HOVE,Standard,Addition,50.8407330000,-0.1906690000
332000,2008-06-30 00:00:00Z,BN3 7LW,Detached,Established,Freehold,9,,WAYFIELD AVENUE,HOVE,HOVE,BRIGHTON AND HOVE,BRIGHTON AND HOVE,Standard,Addition,50.8407330000,-0.1906690000
300000,2009-08-07 00:00:00Z,BN3 7LR,Semi-Detached,Established,Freehold,321,,HANGLETON ROAD,,HOVE,BRIGHTON AND HOVE,BRIGHTON AND HOVE,Standard,Addition,50.8459640000,-0.1902260000
272000,2009-10-16 00:00:00Z,BN3 8JF,Semi-Detached,Established,Freehold,8,,APPLESHAM AVENUE,,HOVE,BRIGHTON AND HOVE,BRIGHTON AND HOVE,Standard,Addition,50.8457820000,-0.1938120000
285000,2009-10-30 00:00:00Z,BN3 8LD,Detached,Established,Freehold,10,,WEST WAY,,HOVE,BRIGHTON AND HOVE,BRIGHTON AND HOVE,Standard,Addition,50.8450240000,-0.1953900000
147000,2009-09-11 00:00:00Z,BN3 8BB,Semi-Detached,Established,Leasehold,62,FIRST FLOOR FLAT,SHERBOURNE ROAD,,HOVE,BRIGHTON AND HOVE,BRIGHTON AND HOVE,Standard,Addition,50.8496460000,-0.1999700000
275000,2009-01-12 00:00:00Z,BN3 8LF,Semi-Detached,Established,Freehold,108,,DALE VIEW,HOVE,HOVE,BRIGHTON AND HOVE,BRIGHTON AND HOVE,Standard,Addition,50.8466780000,-0.1959220000
235000,2009-12-18 00:00:00Z,BN3 8GG,Semi-Detached,Established,Freehold,79,,CLARKE AVENUE,,HOVE,BRIGHTON AND HOVE,BRIGHTON AND HOVE,Standard,Addition,50.8479560000,-0.1901200000
198000,2009-01-19 00:00:00Z,BN3 8LF,Semi-Detached,Established,Freehold,98,,DALE VIEW,HOVE,HOVE,BRIGHTON AND HOVE,BRIGHTON AND HOVE,Standard,Addition,50.8466780000,-0.1959220000
240000,2009-04-23 00:00:00Z,BN3 8JN,Semi-Detached,Established,Freehold,91,,APPLESHAM AVENUE,,HOVE,BRIGHTON AND HOVE,BRIGHTON AND HOVE,Standard,Addition,50.8486070000,-0.1927230000
224000,2009-10-30 00:00:00Z,BN3 7JA,Semi-Detached,Established,Freehold,87,,ELM DRIVE,,HOVE,BRIGHTON AND HOVE,BRIGHTON AND HOVE,Standard,Addition,50.8406940000,-0.1939370000
180000,2009-07-31 00:00:00Z,BN3 7FG,Semi-Detached,Established,Freehold,145,,STAPLEY ROAD,,HOVE,BRIGHTON AND HOVE,BRIGHTON AND HOVE,Standard,Addition,50.8426450000,-0.1979670000
149950,2009-12-22 00:00:00Z,BN3 8BD,Flats/Maisonettes,Established,Leasehold,8,,SHERBOURNE CLOSE,,HOVE,BRIGHTON AND HOVE,BRIGHTON AND HOVE,Standard,Addition,50.8493080000,-0.1990880000
155000,2009-01-30 00:00:00Z,BN3 7JH,Terraced,Established,Freehold,89,,ROWAN AVENUE,HOVE,HOVE,BRIGHTON AND HOVE,BRIGHTON AND HOVE,Standard,Addition,50.8430630000,-0.1965310000
215000,2009-02-16 00:00:00Z,BN3 8LS,Semi-Detached,Established,Freehold,45,,WEST WAY,HOVE,HOVE,BRIGHTON AND HOVE,BRIGHTON AND HOVE,Standard,Addition,50.8462370000,-0.1981980000
200000,2009-09-25 00:00:00Z,BN3 8LA,Semi-Detached,Established,Freehold,39,,DALE VIEW,,HOVE,BRIGHTON AND HOVE,BRIGHTON AND HOVE,Standard,Addition,50.8449120000,-0.1986180000
205000,2009-10-15 00:00:00Z,BN3 8PP,Detached,Established,Freehold,53,,NORTHEASE DRIVE,,HOVE,BRIGHTON AND HOVE,BRIGHTON AND HOVE,Standard,Addition,50.8486400000,-0.1977930000
145000,2009-04-16 00:00:00Z,BN3 8JE,Flats/Maisonettes,Established,Leasehold,14,,STORRINGTON CLOSE,,HOVE,BRIGHTON AND HOVE,BRIGHTON AND HOVE,Standard,Addition,50.8466880000,-0.1919020000
268500,2009-11-26 00:00:00Z,BN3 8JF,Semi-Detached,Established,Freehold,5,,APPLESHAM AVENUE,,HOVE,BRIGHTON AND HOVE,BRIGHTON AND HOVE,Standard,Addition,50.8457820000,-0.1938120000
128000,2009-07-24 00:00:00Z,BN3 8JD,Flats/Maisonettes,Established,Leasehold,6,,SUNNINGHILL CLOSE,,HOVE,BRIGHTON AND HOVE,BRIGHTON AND HOVE,Standard,Addition,50.8457210000,-0.1921670000
145000,2009-03-26 00:00:00Z,BN3 8LB,Semi-Detached,Established,Freehold,78,,DALE VIEW,,HOVE,BRIGHTON AND HOVE,BRIGHTON AND HOVE,Standard,Addition,50.8445470000,-0.1988460000
205000,2009-07-31 00:00:00Z,BN3 7JA,Terraced,Established,Freehold,89,,ELM DRIVE,,HOVE,BRIGHTON AND HOVE,BRIGHTON AND HOVE,Standard,Addition,50.8406940000,-0.1939370000
237000,2009-08-19 00:00:00Z,BN3 7FS,Terraced,Established,Freehold,149,,GODWIN ROAD,,HOVE,BRIGHTON AND HOVE,BRIGHTON AND HOVE,Standard,Addition,50.8429990000,-0.1999560000
250000,2009-04-30 00:00:00Z,BN3 8LG,Terraced,Established,Freehold,33,,SUMMERDALE ROAD,,HOVE,BRIGHTON AND HOVE,BRIGHTON AND HOVE,Standard,Addition,50.8476110000,-0.1974630000
287500,2009-03-06 00:00:00Z,BN3 7LW,Detached,Established,Freehold,4,,WAYFIELD AVENUE,HOVE,HOVE,BRIGHTON AND HOVE,BRIGHTON AND HOVE,Standard,Addition,50.8407330000,-0.1906690000
250000,2009-12-09 00:00:00Z,BN3 8LL,Semi-Detached,Established,Freehold,36,,GLETON AVENUE,,HOVE,BRIGHTON AND HOVE,BRIGHTON AND HOVE,Standard,Addition,50.8469820000,-0.1980840000
160000,2009-04-24 00:00:00Z,BN3 7JA,Terraced,Established,Freehold,109,,ELM DRIVE,,HOVE,BRIGHTON AND HOVE,BRIGHTON AND HOVE,Standard,Addition,50.8406940000,-0.1939370000
174000,2009-04-28 00:00:00Z,BN3 7JG,Terraced,Established,Freehold,58,,ROWAN AVENUE,,HOVE,BRIGHTON AND HOVE,BRIGHTON AND HOVE,Standard,Addition,50.8409770000,-0.1959430000
365000,2009-10-30 00:00:00Z,BN3 7RE,Detached,Established,Freehold,1,,WAYFIELD CLOSE,,HOVE,BRIGHTON AND HOVE,BRIGHTON AND HOVE,Standard,Addition,50.8413320000,-0.1903900000
206500,2009-07-17 00:00:00Z,BN3 8LL,Terraced,Established,Freehold,14,,GLETON AVENUE,,HOVE,BRIGHTON AND HOVE,BRIGHTON AND HOVE,Standard,Addition,50.8469820000,-0.1980840000
275000,2009-07-31 00:00:00Z,BN3 7JB,Terraced,Established,Freehold,17,,MAYTREE WALK,,HOVE,BRIGHTON AND HOVE,BRIGHTON AND HOVE,Standard,Addition,50.8423400000,-0.1956780000
250000,2009-02-17 00:00:00Z,BN3 7LT,Detached,Established,Freehold,174,,HANGLETON ROAD,HOVE,HOVE,BRIGHTON AND HOVE,BRIGHTON AND HOVE,Standard,Addition,50.8445380000,-0.1959200000
249950,2009-09-09 00:00:00Z,BN3 8PX,Semi-Detached,Established,Freehold,27,,POPLAR AVENUE,,HOVE,BRIGHTON AND HOVE,BRIGHTON AND HOVE,Standard,Addition,50.8459510000,-0.1948420000
148000,2009-10-15 00:00:00Z,BN3 8LE,Flats/Maisonettes,Established,Leasehold,25,,KINGSTON CLOSE,,HOVE,BRIGHTON AND HOVE,BRIGHTON AND HOVE,Standard,Addition,50.8461490000,-0.1953890000
289950,2009-10-01 00:00:00Z,BN3 8LF,Semi-Detached,Established,Freehold,112,,DALE VIEW,,HOVE,BRIGHTON AND HOVE,BRIGHTON AND HOVE,Standard,Addition,50.8466780000,-0.1959220000
195000,2009-06-25 00:00:00Z,BN3 8LF,Semi-Detached,Established,Freehold,90,,DALE VIEW,,HOVE,BRIGHTON AND HOVE,BRIGHTON AND HOVE,Standard,Addition,50.8466780000,-0.1959220000
250000,2009-11-27 00:00:00Z,BN3 8LB,Semi-Detached,Established,Freehold,10,,DALE VIEW,,HOVE,BRIGHTON AND HOVE,BRIGHTON AND HOVE,Standard,Addition,50.8445470000,-0.1988460000
232500,2009-11-04 00:00:00Z,BN3 7FS,Semi-Detached,Established,Freehold,147,,GODWIN ROAD,,HOVE,BRIGHTON AND HOVE,BRIGHTON AND HOVE,Standard,Addition,50.8429990000,-0.1999560000
195000,2009-07-28 00:00:00Z,BN3 8LL,Semi-Detached,Established,Freehold,16,,GLETON AVENUE,,HOVE,BRIGHTON AND HOVE,BRIGHTON AND HOVE,Standard,Addition,50.8469820000,-0.1980840000
130000,2009-07-08 00:00:00Z,BN3 8LE,Flats/Maisonettes,Established,Leasehold,6,,KINGSTON CLOSE,,HOVE,BRIGHTON AND HOVE,BRIGHTON AND HOVE,Standard,Addition,50.8461490000,-0.1953890000
220000,2009-10-05 00:00:00Z,BN3 7JB,Semi-Detached,Established,Freehold,10,,MAYTREE WALK,,HOVE,BRIGHTON AND HOVE,BRIGHTON AND HOVE,Standard,Addition,50.8423400000,-0.1956780000
160000,2009-12-23 00:00:00Z,BN3 7FH,Flats/Maisonettes,Established,Leasehold,19,GROUND FLOOR FLAT,MARTIN ROAD,,HOVE,BRIGHTON AND HOVE,BRIGHTON AND HOVE,Standard,Addition,50.8421880000,-0.1998170000
250000,2009-01-15 00:00:00Z,BN3 7JF,Terraced,Established,Freehold,15,,ROWAN AVENUE,HOVE,HOVE,BRIGHTON AND HOVE,BRIGHTON AND HOVE,Standard,Addition,50.8413420000,-0.1957310000
126500,2009-06-26 00:00:00Z,BN3 8LE,Flats/Maisonettes,Established,Leasehold,22,FIRST FLOOR FLAT,KINGSTON CLOSE,,HOVE,BRIGHTON AND HOVE,BRIGHTON AND HOVE,Standard,Addition,50.8461490000,-0.1953890000
190000,2009-01-14 00:00:00Z,BN3 7JH,Terraced,Established,Freehold,85,,ROWAN AVENUE,HOVE,HOVE,BRIGHTON AND HOVE,BRIGHTON AND HOVE,Standard,Addition,50.8430630000,-0.1965310000
185000,2009-10-02 00:00:00Z,BN3 7JE,Terraced,Established,Freehold,164,,ELM DRIVE,,HOVE,BRIGHTON AND HOVE,BRIGHTON AND HOVE,Standard,Addition,50.8432400000,-0.1945780000
195000,2009-01-09 00:00:00Z,BN3 8LT,Semi-Detached,Established,Freehold,16,,HANGLETON CLOSE,HOVE,HOVE,BRIGHTON AND HOVE,BRIGHTON AND HOVE,Standard,Addition,50.8452720000,-0.1997980000
250000,2010-12-02 00:00:00Z,BN3 8LT,Detached,Established,Freehold,23,,HANGLETON CLOSE,,HOVE,BRIGHTON AND HOVE,BRIGHTON AND HOVE,Standard,Addition,50.8452720000,-0.1997980000
299950,2010-07-09 00:00:00Z,BN3 7JA,Terraced,Established,Freehold,153,,ELM DRIVE,,HOVE,BRIGHTON AND HOVE,BRIGHTON AND HOVE,Standard,Addition,50.8406940000,-0.1939370000
215000,2010-11-19 00:00:00Z,BN3 8LF,Semi-Detached,Established,Freehold,86,,DALE VIEW,,HOVE,BRIGHTON AND HOVE,BRIGHTON AND HOVE,Standard,Addition,50.8466780000,-0.1959220000
280000,2010-06-02 00:00:00Z,BN3 7JE,Terraced,Established,Freehold,186,,ELM DRIVE,,HOVE,BRIGHTON AND HOVE,BRIGHTON AND HOVE,Standard,Addition,50.8432400000,-0.1945780000
155000,2010-07-08 00:00:00Z,BN3 8BA,Terraced,Established,Leasehold,27,,SHERBOURNE ROAD,,HOVE,BRIGHTON AND HOVE,BRIGHTON AND HOVE,Standard,Addition,50.8493060000,-0.1995430000
225000,2010-06-03 00:00:00Z,BN3 7JG,Terraced,Established,Freehold,72,,ROWAN AVENUE,,HOVE,BRIGHTON AND HOVE,BRIGHTON AND HOVE,Standard,Addition,50.8409770000,-0.1959430000
210000,2010-08-10 00:00:00Z,BN3 8BB,Semi-Detached,Established,Freehold,14,,SHERBOURNE ROAD,,HOVE,BRIGHTON AND HOVE,BRIGHTON AND HOVE,Standard,Addition,50.8496460000,-0.1999700000
320000,2010-01-07 00:00:00Z,BN3 8PB,Semi-Detached,Established,Freehold,3,,LARK HILL,,HOVE,BRIGHTON AND HOVE,BRIGHTON AND HOVE,Standard,Addition,50.8498470000,-0.1926180000
274950,2010-09-16 00:00:00Z,BN3 8PX,Semi-Detached,Established,Freehold,17,,POPLAR AVENUE,,HOVE,BRIGHTON AND HOVE,BRIGHTON AND HOVE,Standard,Addition,50.8459510000,-0.1948420000
250000,2010-08-23 00:00:00Z,BN3 7JH,Semi-Detached,Established,Freehold,73,,ROWAN AVENUE,,HOVE,BRIGHTON AND HOVE,BRIGHTON AND HOVE,Standard,Addition,50.8430630000,-0.1965310000
360000,2010-03-26 00:00:00Z,BN3 7LR,Semi-Detached,Established,Freehold,257,,HANGLETON ROAD,,HOVE,BRIGHTON AND HOVE,BRIGHTON AND HOVE,Standard,Addition,50.8459640000,-0.1902260000
210000,2010-07-01 00:00:00Z,BN3 7FH,Terraced,Established,Freehold,8,,MARTIN ROAD,,HOVE,BRIGHTON AND HOVE,BRIGHTON AND HOVE,Standard,Addition,50.8421880000,-0.1998170000
360000,2010-01-29 00:00:00Z,BN3 7LP,Detached,Established,Freehold,228,,HANGLETON ROAD,,HOVE,BRIGHTON AND HOVE,BRIGHTON AND HOVE,Standard,Addition,50.8461290000,-0.1910290000
460000,2010-07-09 00:00:00Z,BN3 7JH,Detached,Established,Freehold,97,,ROWAN AVENUE,,HOVE,BRIGHTON AND HOVE,BRIGHTON AND HOVE,Standard,Addition,50.8430630000,-0.1965310000
121000,2010-05-28 00:00:00Z,BN3 8LE,Flats/Maisonettes,Established,Leasehold,14,,KINGSTON CLOSE,,HOVE,BRIGHTON AND HOVE,BRIGHTON AND HOVE,Standard,Addition,50.8461490000,-0.1953890000
379950,2010-06-25 00:00:00Z,BN3 7LW,Detached,Established,Freehold,7,,WAYFIELD AVENUE,,HOVE,BRIGHTON AND HOVE,BRIGHTON AND HOVE,Standard,Addition,50.8407330000,-0.1906690000
227500,2010-10-08 00:00:00Z,BN3 7JE,Terraced,Established,Freehold,142,,ELM DRIVE,,HOVE,BRIGHTON AND HOVE,BRIGHTON AND HOVE,Standard,Addition,50.8432400000,-0.1945780000
267000,2010-06-30 00:00:00Z,BN3 7JB,Semi-Detached,Established,Freehold,18,,MAYTREE WALK,,HOVE,BRIGHTON AND HOVE,BRIGHTON AND HOVE,Standard,Addition,50.8423400000,-0.1956780000
289000,2010-11-30 00:00:00Z,BN3 7JB,Semi-Detached,Established,Freehold,1,,MAYTREE WALK,,HOVE,BRIGHTON AND HOVE,BRIGHTON AND HOVE,Standard,Addition,50.8423400000,-0.1956780000
148000,2010-03-19 00:00:00Z,BN3 7FH,Flats/Maisonettes,Established,Leasehold,18A,,MARTIN ROAD,,HOVE,BRIGHTON AND HOVE,BRIGHTON AND HOVE,Standard,Addition,50.8421880000,-0.1998170000
250000,2010-06-17 00:00:00Z,BN3 7FT,Semi-Detached,Established,Freehold,92,,GODWIN ROAD,,HOVE,BRIGHTON AND HOVE,BRIGHTON AND HOVE,Standard,Addition,50.8427970000,-0.1996800000
248000,2010-06-01 00:00:00Z,BN3 8LA,Semi-Detached,Established,Freehold,27,,DALE VIEW,,HOVE,BRIGHTON AND HOVE,BRIGHTON AND HOVE,Standard,Addition,50.8449120000,-0.1986180000
330000,2010-03-12 00:00:00Z,BN3 7NG,Semi-Detached,Established,Freehold,185,,NEVILL AVENUE,,HOVE,BRIGHTON AND HOVE,BRIGHTON AND HOVE,Standard,Addition,50.8440280000,-0.1916620000
216450,2010-02-05 00:00:00Z,BN3 7JH,Terraced,Established,Freehold,104,,ROWAN AVENUE,,HOVE,BRIGHTON AND HOVE,BRIGHTON AND HOVE,Standard,Addition,50.8430630000,-0.1965310000
272000,2010-08-20 00:00:00Z,BN3 7RE,Terraced,Established,Freehold,15,,WAYFIELD CLOSE,,HOVE,BRIGHTON AND HOVE,BRIGHTON AND HOVE,Standard,Addition,50.8413320000,-0.1903900000
250000,2010-12-03 00:00:00Z,BN3 7LW,Terraced,Established,Freehold,5,,WAYFIELD AVENUE,,HOVE,BRIGHTON AND HOVE,BRIGHTON AND HOVE,Standard,Addition,50.8407330000,-0.1906690000
375000,2010-01-07 00:00:00Z,BN3 7LW,Detached,Established,Freehold,23,,WAYFIELD AVENUE,,HOVE,BRIGHTON AND HOVE,BRIGHTON AND HOVE,Standard,Addition,50.8407330000,-0.1906690000
215000,2010-04-23 00:00:00Z,BN3 8LS,Semi-Detached,Established,Freehold,39,,WEST WAY,,HOVE,BRIGHTON AND HOVE,BRIGHTON AND HOVE,Standard,Addition,50.8462370000,-0.1981980000
380000,2010-06-08 00:00:00Z,BN3 8LT,Detached,Established,Freehold,27,,HANGLETON CLOSE,,HOVE,BRIGHTON AND HOVE,BRIGHTON AND HOVE,Standard,Addition,50.8452720000,-0.1997980000
175000,2010-03-02 00:00:00Z,BN3 7FT,Semi-Detached,Established,Freehold,92,,GODWIN ROAD,,HOVE,BRIGHTON AND HOVE,BRIGHTON AND HOVE,Standard,Addition,50.8427970000,-0.1996800000
247000,2010-06-01 00:00:00Z,BN3 7JA,Terraced,Established,Freehold,121,,ELM DRIVE,,HOVE,BRIGHTON AND HOVE,BRIGHTON AND HOVE,Standard,Addition,50.8406940000,-0.1939370000
262500,2010-08-12 00:00:00Z,BN3 7JL,Semi-Detached,Established,Freehold,94,,ELM DRIVE,,HOVE,BRIGHTON AND HOVE,BRIGHTON AND HOVE,Standard,Addition,50.8412030000,-0.1946710000
280000,2010-09-10 00:00:00Z,BN3 8JS,Semi-Detached,Established,Freehold,16,,AMBERLEY DRIVE,,HOVE,BRIGHTON AND HOVE,BRIGHTON AND HOVE,Standard,Addition,50.8477480000,-0.1918330000
220000,2010-03-04 00:00:00Z,BN3 8LF,Semi-Detached,Established,Freehold,104,,DALE VIEW,,HOVE,BRIGHTON AND HOVE,BRIGHTON AND HOVE,Standard,Addition,50.8466780000,-0.1959220000
210000,2010-03-22 00:00:00Z,BN3 8LB,Semi-Detached,Established,Freehold,26,,DALE VIEW,,HOVE,BRIGHTON AND HOVE,BRIGHTON AND HOVE,Standard,Addition,50.8445470000,-0.1988460000
275000,2010-10-29 00:00:00Z,BN3 7JH,Semi-Detached,Established,Freehold,81,,ROWAN AVENUE,,HOVE,BRIGHTON AND HOVE,BRIGHTON AND HOVE,Standard,Addition,50.8430630000,-0.1965310000
325000,2010-10-25 00:00:00Z,BN3 8PX,Semi-Detached,Established,Freehold,21,,POPLAR AVENUE,,HOVE,BRIGHTON AND HOVE,BRIGHTON AND HOVE,Standard,Addition,50.8459510000,-0.1948420000
280000,2010-07-06 00:00:00Z,BN3 7JD,Semi-Detached,Established,Freehold,163,,ELM DRIVE,,HOVE,BRIGHTON AND HOVE,BRIGHTON AND HOVE,Standard,Addition,50.8433220000,-0.1940630000
247000,2010-12-08 00:00:00Z,BN3 7JE,Terraced,Established,Freehold,140,,ELM DRIVE,,HOVE,BRIGHTON AND HOVE,BRIGHTON AND HOVE,Standard,Addition,50.8432400000,-0.1945780000
170000,2010-04-22 00:00:00Z,BN3 7JA,Terraced,Established,Freehold,161,,ELM DRIVE,,HOVE,BRIGHTON AND HOVE,BRIGHTON AND HOVE,Standard,Addition,50.8406940000,-0.1939370000
240000,2010-09-15 00:00:00Z,BN3 8JP,Semi-Detached,Established,Freehold,66,,AMBERLEY DRIVE,,HOVE,BRIGHTON AND HOVE,BRIGHTON AND HOVE,Standard,Addition,50.8497310000,-0.1909600000
205000,2010-10-29 00:00:00Z,BN3 8JF,Semi-Detached,Established,Freehold,3,,APPLESHAM AVENUE,,HOVE,BRIGHTON AND HOVE,BRIGHTON AND HOVE,Standard,Addition,50.8457820000,-0.1938120000
160000,2010-07-16 00:00:00Z,BN3 8BA,Flats/Maisonettes,Established,Leasehold,31,FLAT,SHERBOURNE ROAD,,HOVE,BRIGHTON AND HOVE,BRIGHTON AND HOVE,Standard,Addition,50.8493060000,-0.1995430000
320000,2010-09-20 00:00:00Z,BN3 8LD,Semi-Detached,Established,Freehold,6,,WEST WAY,,HOVE,BRIGHTON AND HOVE,BRIGHTON AND HOVE,Standard,Addition,50.8450240000,-0.1953900000
341250,2010-02-05 00:00:00Z,BN3 8JJ,Semi-Detached,Established,Freehold,47,,APPLESHAM AVENUE,,HOVE,BRIGHTON AND HOVE,BRIGHTON AND HOVE,Standard,Addition,50.8473290000,-0.1926580000
210000,2010-08-13 00:00:00Z,BN3 8PP,Semi-Detached,Established,Freehold,30,,NORTHEASE DRIVE,,HOVE,BRIGHTON AND HOVE,BRIGHTON AND HOVE,Standard,Addition,50.8486400000,-0.1977930000
229000,2010-12-10 00:00:00Z,BN3 8JP,Semi-Detached,Established,Freehold,63,,AMBERLEY DRIVE,,HOVE,BRIGHTON AND HOVE,BRIGHTON AND HOVE,Standard,Addition,50.8497310000,-0.1909600000
230000,2011-10-14 00:00:00Z,BN3 8LG,Semi-Detached,Established,Freehold,39,,SUMMERDALE ROAD,,HOVE,BRIGHTON AND HOVE,BRIGHTON AND HOVE,Standard,Addition,50.8476110000,-0.1974630000
268000,2011-09-02 00:00:00Z,BN3 8LT,Detached,Established,Freehold,4,,HANGLETON CLOSE,,HOVE,BRIGHTON AND HOVE,BRIGHTON AND HOVE,Standard,Addition,50.8452720000,-0.1997980000
170000,2011-04-14 00:00:00Z,BN3 8LD,Flats/Maisonettes,Established,Leasehold,3A,,WEST WAY,,HOVE,BRIGHTON AND HOVE,BRIGHTON AND HOVE,Standard,Addition,50.8450240000,-0.1953900000
242500,2011-02-25 00:00:00Z,BN3 7JG,Terraced,Established,Freehold,86,,ROWAN AVENUE,,HOVE,BRIGHTON AND HOVE,BRIGHTON AND HOVE,Standard,Addition,50.8409770000,-0.1959430000
150000,2011-12-21 00:00:00Z,BN3 8LE,Flats/Maisonettes,Established,Leasehold,16,,KINGSTON CLOSE,,HOVE,BRIGHTON AND HOVE,BRIGHTON AND HOVE,Standard,Addition,50.8461490000,-0.1953890000
380000,2011-09-30 00:00:00Z,BN3 7LP,Detached,Established,Freehold,242,,HANGLETON ROAD,,HOVE,BRIGHTON AND HOVE,BRIGHTON AND HOVE,Standard,Addition,50.8461290000,-0.1910290000
219000,2011-11-17 00:00:00Z,BN3 8LB,Semi-Detached,Established,Freehold,26,,DALE VIEW,,HOVE,BRIGHTON AND HOVE,BRIGHTON AND HOVE,Standard,Addition,50.8445470000,-0.1988460000
250000,2011-05-10 00:00:00Z,BN3 7FY,Semi-Detached,Established,Freehold,16,,OLD SCHOOL PLACE,,HOVE,BRIGHTON AND HOVE,BRIGHTON AND HOVE,Standard,Addition,50.8436170000,-0.1974470000
212500,2011-09-05 00:00:00Z,BN3 8LF,Semi-Detached,Established,Freehold,88,,DALE VIEW,,HOVE,BRIGHTON AND HOVE,BRIGHTON AND HOVE,Standard,Addition,50.8466780000,-0.1959220000
260000,2011-08-30 00:00:00Z,BN3 7JF,Semi-Detached,Established,Freehold,33,,ROWAN AVENUE,,HOVE,BRIGHTON AND HOVE,BRIGHTON AND HOVE,Standard,Addition,50.8413420000,-0.1957310000
175000,2011-05-18 00:00:00Z,BN3 8LD,Semi-Detached,Established,Freehold,7,,WEST WAY,,HOVE,BRIGHTON AND HOVE,BRIGHTON AND HOVE,Standard,Addition,50.8450240000,-0.1953900000
152000,2011-08-12 00:00:00Z,BN3 8LE,Flats/Maisonettes,Established,Leasehold,12,,KINGSTON CLOSE,,HOVE,BRIGHTON AND HOVE,BRIGHTON AND HOVE,Standard,Addition,50.8461490000,-0.1953890000
335000,2011-08-09 00:00:00Z,BN3 7LR,Semi-Detached,Established,Freehold,311,,HANGLETON ROAD,,HOVE,BRIGHTON AND HOVE,BRIGHTON AND HOVE,Standard,Addition,50.8459640000,-0.1902260000
295000,2011-02-11 00:00:00Z,BN3 7LR,Semi-Detached,Established,Freehold,251,,HANGLETON ROAD,,HOVE,BRIGHTON AND HOVE,BRIGHTON AND HOVE,Standard,Addition,50.8459640000,-0.1902260000
267500,2011-05-06 00:00:00Z,BN3 8LA,Semi-Detached,Established,Freehold,15,,DALE VIEW,,HOVE,BRIGHTON AND HOVE,BRIGHTON AND HOVE,Standard,Addition,50.8449120000,-0.1986180000
245000,2011-11-01 00:00:00Z,BN3 8LG,Semi-Detached,Established,Freehold,38,,SUMMERDALE ROAD,,HOVE,BRIGHTON AND HOVE,BRIGHTON AND HOVE,Standard,Addition,50.8476110000,-0.1974630000
270000,2011-10-17 00:00:00Z,BN3 8PX,Semi-Detached,Established,Freehold,33,,POPLAR AVENUE,,HOVE,BRIGHTON AND HOVE,BRIGHTON AND HOVE,Standard,Addition,50.8459510000,-0.1948420000
258000,2011-10-27 00:00:00Z,BN3 8PT,Semi-Detached,Established,Freehold,73,,POPLAR AVENUE,,HOVE,BRIGHTON AND HOVE,BRIGHTON AND HOVE,Standard,Addition,50.8479490000,-0.1943530000
267500,2011-08-05 00:00:00Z,BN3 7LW,Terraced,Established,Freehold,26,,WAYFIELD AVENUE,,HOVE,BRIGHTON AND HOVE,BRIGHTON AND HOVE,Standard,Addition,50.8407330000,-0.1906690000
239000,2011-12-16 00:00:00Z,BN3 8PB,Semi-Detached,Established,Freehold,18,,LARK HILL,,HOVE,BRIGHTON AND HOVE,BRIGHTON AND HOVE,Standard,Addition,50.8498470000,-0.1926180000
215000,2011-11-17 00:00:00Z,BN3 8PB,Semi-Detached,Established,Freehold,19,,LARK HILL,,HOVE,BRIGHTON AND HOVE,BRIGHTON AND HOVE,Standard,Addition,50.8498470000,-0.1926180000
243000,2011-04-19 00:00:00Z,BN3 8PP,Semi-Detached,Established,Freehold,62,,NORTHEASE DRIVE,,HOVE,BRIGHTON AND HOVE,BRIGHTON AND HOVE,Standard,Addition,50.8486400000,-0.1977930000
231500,2011-05-27 00:00:00Z,BN3 7FL,Terraced,Established,Freehold,40,,WILFRID ROAD,,HOVE,BRIGHTON AND HOVE,BRIGHTON AND HOVE,Standard,Addition,50.8407790000,-0.1994310000
125000,2011-04-28 00:00:00Z,BN3 8LD,Flats/Maisonettes,Established,Leasehold,3B,,WEST WAY,,HOVE,BRIGHTON AND HOVE,BRIGHTON AND HOVE,Standard,Addition,50.8450240000,-0.1953900000
397500,2011-03-07 00:00:00Z,BN3 7NG,Semi-Detached,Established,Freehold,187,,NEVILL AVENUE,,HOVE,BRIGHTON AND HOVE,BRIGHTON AND HOVE,Standard,Addition,50.8440280000,-0.1916620000
275000,2011-08-16 00:00:00Z,BN3 8JF,Semi-Detached,Established,Freehold,21,,APPLESHAM AVENUE,,HOVE,BRIGHTON AND HOVE,BRIGHTON AND HOVE,Standard,Addition,50.8457820000,-0.1938120000
150000,2011-09-02 00:00:00Z,BN3 8LE,Flats/Maisonettes,Established,Leasehold,1,,KINGSTON CLOSE,,HOVE,BRIGHTON AND HOVE,BRIGHTON AND HOVE,Standard,Addition,50.8461490000,-0.1953890000
260000,2011-12-16 00:00:00Z,BN3 8LT,Semi-Detached,Established,Freehold,30,,HANGLETON CLOSE,,HOVE,BRIGHTON AND HOVE,BRIGHTON AND HOVE,Standard,Addition,50.8452720000,-0.1997980000
277500,2011-07-04 00:00:00Z,BN3 8LT,Semi-Detached,Established,Freehold,15,,HANGLETON CLOSE,,HOVE,BRIGHTON AND HOVE,BRIGHTON AND HOVE,Standard,Addition,50.8452720000,-0.1997980000
250000,2011-06-23 00:00:00Z,BN3 8PS,Semi-Detached,Established,Freehold,62,,POPLAR AVENUE,,HOVE,BRIGHTON AND HOVE,BRIGHTON AND HOVE,Standard,Addition,50.8481560000,-0.1949560000
132000,2011-11-14 00:00:00Z,BN3 7FF,Terraced,Established,Freehold,83,,STAPLEY ROAD,,HOVE,BRIGHTON AND HOVE,BRIGHTON AND HOVE,Standard,Addition,50.8414060000,-0.1979160000
220000,2011-09-09 00:00:00Z,BN3 8LB,Semi-Detached,Established,Freehold,42,,DALE VIEW,,HOVE,BRIGHTON AND HOVE,BRIGHTON AND HOVE,Standard,Addition,50.8445470000,-0.1988460000
205000,2011-09-02 00:00:00Z,BN3 7FG,Terraced,Established,Freehold,121,,STAPLEY ROAD,,HOVE,BRIGHTON AND HOVE,BRIGHTON AND HOVE,Standard,Addition,50.8426450000,-0.1979670000
270000,2011-09-30 00:00:00Z,BN3 8PU,Semi-Detached,Established,Freehold,38,,POPLAR AVENUE,,HOVE,BRIGHTON AND HOVE,BRIGHTON AND HOVE,Standard,Addition,50.8466770000,-0.1946580000
245000,2011-08-05 00:00:00Z,BN3 8LS,Semi-Detached,Established,Freehold,57,,WEST WAY,,HOVE,BRIGHTON AND HOVE,BRIGHTON AND HOVE,Standard,Addition,50.8462370000,-0.1981980000
231000,2011-12-01 00:00:00Z,BN3 8BB,Semi-Detached,Established,Freehold,12,,SHERBOURNE ROAD,,HOVE,BRIGHTON AND HOVE,BRIGHTON AND HOVE,Standard,Addition,50.8496460000,-0.1999700000
215000,2011-02-24 00:00:00Z,BN3 7RE,Terraced,Established,Freehold,8,,WAYFIELD CLOSE,,HOVE,BRIGHTON AND HOVE,BRIGHTON AND HOVE,Standard,Addition,50.8413320000,-0.1903900000
248750,2011-08-12 00:00:00Z,BN3 8LN,Semi-Detached,Established,Freehold,19,,GLETON AVENUE,,HOVE,BRIGHTON AND HOVE,BRIGHTON AND HOVE,Standard,Addition,50.8467620000,-0.1984480000
127000,2011-01-17 00:00:00Z,BN3 8JD,Flats/Maisonettes,Established,Leasehold,37,,SUNNINGHILL CLOSE,,HOVE,BRIGHTON AND HOVE,BRIGHTON AND HOVE,Standard,Addition,50.8457210000,-0.1921670000
240000,2011-03-14 00:00:00Z,BN3 7JB,Semi-Detached,Established,Freehold,27,,MAYTREE WALK,,HOVE,BRIGHTON AND HOVE,BRIGHTON AND HOVE,Standard,Addition,50.8423400000,-0.1956780000
225000,2011-09-02 00:00:00Z,BN3 8BA,Detached,Established,Freehold,5,,SHERBOURNE ROAD,,HOVE,BRIGHTON AND HOVE,BRIGHTON AND HOVE,Standard,Addition,50.8493060000,-0.1995430000
385000,2011-08-12 00:00:00Z,BN3 7LP,Detached,Established,Freehold,256,,HANGLETON ROAD,,HOVE,BRIGHTON AND HOVE,BRIGHTON AND HOVE,Standard,Addition,50.8461290000,-0.1910290000
205000,2011-06-10 00:00:00Z,BN3 8LF,Semi-Detached,Established,Freehold,84,,DALE VIEW,,HOVE,BRIGHTON AND HOVE,BRIGHTON AND HOVE,Standard,Addition,50.8466780000,-0.1959220000
250000,2011-08-26 00:00:00Z,BN3 7JH,Terraced,Established,Freehold,89,,ROWAN AVENUE,,HOVE,BRIGHTON AND HOVE,BRIGHTON AND HOVE,Standard,Addition,50.8430630000,-0.1965310000
328000,2011-06-01 00:00:00Z,BN3 7LR,Semi-Detached,Established,Freehold,279,,HANGLETON ROAD,,HOVE,BRIGHTON AND HOVE,BRIGHTON AND HOVE,Standard,Addition,50.8459640000,-0.1902260000
273000,2011-11-17 00:00:00Z,BN3 8PS,Semi-Detached,Established,Freehold,110,,POPLAR AVENUE,,HOVE,BRIGHTON AND HOVE,BRIGHTON AND HOVE,Standard,Addition,50.8481560000,-0.1949560000
295000,2011-07-15 00:00:00Z,BN3 8JJ,Semi-Detached,Established,Freehold,31,,APPLESHAM AVENUE,,HOVE,BRIGHTON AND HOVE,BRIGHTON AND HOVE,Standard,Addition,50.8473290000,-0.1926580000
217500,2011-11-02 00:00:00Z,BN3 7JG,Terraced,Established,Freehold,54,,ROWAN AVENUE,,HOVE,BRIGHTON AND HOVE,BRIGHTON AND HOVE,Standard,Addition,50.8409770000,-0.1959430000
340000,2011-09-30 00:00:00Z,BN3 7LW,Detached,Established,Freehold,52,,WAYFIELD AVENUE,,HOVE,BRIGHTON AND HOVE,BRIGHTON AND HOVE,Standard,Addition,50.8407330000,-0.1906690000
265500,2011-12-02 00:00:00Z,BN3 8PS,Semi-Detached,Established,Freehold,120,,POPLAR AVENUE,,HOVE,BRIGHTON AND HOVE,BRIGHTON AND HOVE,Standard,Addition,50.8481560000,-0.1949560000
380000,2011-12-16 00:00:00Z,BN3 8LA,Semi-Detached,Established,Freehold,7,,DALE VIEW,,HOVE,BRIGHTON AND HOVE,BRIGHTON AND HOVE,Standard,Addition,50.8449120000,-0.1986180000
305000,2011-07-29 00:00:00Z,BN3 7LR,Semi-Detached,Established,Freehold,263,,HANGLETON ROAD,,HOVE,BRIGHTON AND HOVE,BRIGHTON AND HOVE,Standard,Addition,50.8459640000,-0.1902260000
213000,2011-12-13 00:00:00Z,BN3 8LN,Terraced,Established,Freehold,17,,GLETON AVENUE,,HOVE,BRIGHTON AND HOVE,BRIGHTON AND HOVE,Standard,Addition,50.8467620000,-0.1984480000
270000,2011-03-24 00:00:00Z,BN3 7LS,Detached,Established,Freehold,233,,HANGLETON ROAD,,HOVE,BRIGHTON AND HOVE,BRIGHTON AND HOVE,Standard,Addition,50.8441990000,-0.1949670000
250000,2011-03-21 00:00:00Z,BN3 7JL,Terraced,Established,Freehold,98,,ELM DRIVE,,HOVE,BRIGHTON AND HOVE,BRIGHTON AND HOVE,Standard,Addition,50.8412030000,-0.1946710000
405000,2011-05-17 00:00:00Z,BN3 7NG,Semi-Detached,Established,Freehold,176,,NEVILL AVENUE,,HOVE,BRIGHTON AND HOVE,BRIGHTON AND HOVE,Standard,Addition,50.8440280000,-0.1916620000
260000,2011-11-18 00:00:00Z,BN3 7JL,Terraced,Established,Freehold,110,,ELM DRIVE,,HOVE,BRIGHTON AND HOVE,BRIGHTON AND HOVE,Standard,Addition,50.8412030000,-0.1946710000
280000,2012-08-31 00:00:00Z,BN3 8PX,Semi-Detached,Established,Freehold,6,,POPLAR AVENUE,,HOVE,BRIGHTON AND HOVE,BRIGHTON AND HOVE,Standard,Addition,50.8459510000,-0.1948420000
181000,2012-11-02 00:00:00Z,BN3 8LF,Semi-Detached,Established,Freehold,63,,DALE VIEW,,HOVE,BRIGHTON AND HOVE,BRIGHTON AND HOVE,Standard,Addition,50.8466780000,-0.1959220000
160500,2012-08-22 00:00:00Z,BN3 8BB,Flats/Maisonettes,Established,Leasehold,52,,SHERBOURNE ROAD,,HOVE,BRIGHTON AND HOVE,BRIGHTON AND HOVE,Standard,Addition,50.8496460000,-0.1999700000
248000,2012-12-14 00:00:00Z,BN3 8LQ,Detached,Established,Freehold,40,,WEST WAY,,HOVE,BRIGHTON AND HOVE,BRIGHTON AND HOVE,Standard,Addition,50.8457630000,-0.1984010000
243000,2012-03-23 00:00:00Z,BN3 8LQ,Semi-Detached,Established,Freehold,46,,WEST WAY,,HOVE,BRIGHTON AND HOVE,BRIGHTON AND HOVE,Standard,Addition,50.8457630000,-0.1984010000
250000,2012-10-18 00:00:00Z,BN3 7LR,Semi-Detached,Established,Freehold,303,,HANGLETON ROAD,,HOVE,BRIGHTON AND HOVE,BRIGHTON AND HOVE,Standard,Addition,50.8459640000,-0.1902260000
146000,2012-05-29 00:00:00Z,BN3 8LE,Flats/Maisonettes,Established,Leasehold,19,,KINGSTON CLOSE,,HOVE,BRIGHTON AND HOVE,BRIGHTON AND HOVE,Standard,Addition,50.8461490000,-0.1953890000
342500,2012-11-02 00:00:00Z,BN3 7JA,Semi-Detached,Established,Freehold,51,,ELM DRIVE,,HOVE,BRIGHTON AND HOVE,BRIGHTON AND HOVE,Standard,Addition,50.8406940000,-0.1939370000
283000,2012-12-10 00:00:00Z,BN3 7LW,Semi-Detached,Established,Freehold,8,,WAYFIELD AVENUE,,HOVE,BRIGHTON AND HOVE,BRIGHTON AND HOVE,Standard,Addition,50.8407330000,-0.1906690000
148500,2012-08-20 00:00:00Z,BN3 8BB,Flats/Maisonettes,Established,Leasehold,54,,SHERBOURNE ROAD,,HOVE,BRIGHTON AND HOVE,BRIGHTON AND HOVE,Standard,Addition,50.8496460000,-0.1999700000
152000,2012-11-28 00:00:00Z,BN3 8BE,Terraced,Established,Leasehold,32,,SHERBOURNE CLOSE,,HOVE,BRIGHTON AND HOVE,BRIGHTON AND HOVE,Standard,Addition,50.8499730000,-0.1984380000
230000,2012-10-05 00:00:00Z,BN3 7JG,Terraced,Established,Freehold,68,,ROWAN AVENUE,,HOVE,BRIGHTON AND HOVE,BRIGHTON AND HOVE,Standard,Addition,50.8409770000,-0.1959430000
212000,2012-10-16 00:00:00Z,BN3 7JG,Terraced,Established,Freehold,62,,ROWAN AVENUE,,HOVE,BRIGHTON AND HOVE,BRIGHTON AND HOVE,Standard,Addition,50.8409770000,-0.1959430000
245000,2012-01-04 00:00:00Z,BN3 7FL,Semi-Detached,Established,Freehold,16,,WILFRID ROAD,,HOVE,BRIGHTON AND HOVE,BRIGHTON AND HOVE,Standard,Addition,50.8407790000,-0.1994310000
320000,2012-08-24 00:00:00Z,BN3 7LW,Detached,Established,Freehold,21,,WAYFIELD AVENUE,,HOVE,BRIGHTON AND HOVE,BRIGHTON AND HOVE,Standard,Addition,50.8407330000,-0.1906690000
228000,2012-06-26 00:00:00Z,BN3 8LN,Semi-Detached,Established,Freehold,7,,GLETON AVENUE,,HOVE,BRIGHTON AND HOVE,BRIGHTON AND HOVE,Standard,Addition,50.8467620000,-0.1984480000
145000,2012-01-20 00:00:00Z,BN3 8JE,Flats/Maisonettes,Established,Leasehold,14,,STORRINGTON CLOSE,,HOVE,BRIGHTON AND HOVE,BRIGHTON AND HOVE,Standard,Addition,50.8466880000,-0.1919020000
250000,2012-11-07 00:00:00Z,BN3 8PQ,Semi-Detached,Established,Freehold,12,,NORTHEASE DRIVE,,HOVE,BRIGHTON AND HOVE,BRIGHTON AND HOVE,Standard,Addition,50.8493070000,-0.1937900000
310000,2012-01-31 00:00:00Z,BN3 7LP,Flats/Maisonettes,Established,Freehold,218A,,HANGLETON ROAD,,HOVE,BRIGHTON AND HOVE,BRIGHTON AND HOVE,Standard,Addition,50.8461290000,-0.1910290000
312500,2012-04-23 00:00:00Z,BN3 8LA,Semi-Detached,Established,Freehold,39,,DALE VIEW,,HOVE,BRIGHTON AND HOVE,BRIGHTON AND HOVE,Standard,Addition,50.8449120000,-0.1986180000
370000,2012-10-26 00:00:00Z,BN3 7LR,Semi-Detached,Established,Freehold,305,,HANGLETON ROAD,,HOVE,BRIGHTON AND HOVE,BRIGHTON AND HOVE,Standard,Addition,50.8459640000,-0.1902260000
270000,2012-12-20 00:00:00Z,BN3 7JG,Terraced,Established,Freehold,88,,ROWAN AVENUE,,HOVE,BRIGHTON AND HOVE,BRIGHTON AND HOVE,Standard,Addition,50.8409770000,-0.1959430000
235000,2012-09-14 00:00:00Z,BN3 7JH,Terraced,Established,Freehold,55C,,ROWAN AVENUE,,HOVE,BRIGHTON AND HOVE,BRIGHTON AND HOVE,Standard,Addition,50.8430630000,-0.1965310000
350000,2012-12-06 00:00:00Z,BN3 8JF,Semi-Detached,Established,Freehold,16,,APPLESHAM AVENUE,,HOVE,BRIGHTON AND HOVE,BRIGHTON AND HOVE,Standard,Addition,50.8457820000,-0.1938120000
260000,2012-01-27 00:00:00Z,BN3 8LB,Detached,Established,Freehold,18,,DALE VIEW,,HOVE,BRIGHTON AND HOVE,BRIGHTON AND HOVE,Standard,Addition,50.8445470000,-0.1988460000
218500,2012-05-04 00:00:00Z,BN3 8JS,Semi-Detached,Established,Freehold,20A,,AMBERLEY DRIVE,,HOVE,BRIGHTON AND HOVE,BRIGHTON AND HOVE,Standard,Addition,50.8477480000,-0.1918330000
265000,2012-11-08 00:00:00Z,BN3 8JJ,Semi-Detached,Established,Freehold,65,,APPLESHAM AVENUE,,HOVE,BRIGHTON AND HOVE,BRIGHTON AND HOVE,Standard,Addition,50.8473290000,-0.1926580000
188000,2012-07-12 00:00:00Z,BN3 7FL,Terraced,Established,Freehold,60,,WILFRID ROAD,,HOVE,BRIGHTON AND HOVE,BRIGHTON AND HOVE,Standard,Addition,50.8407790000,-0.1994310000
245000,2012-01-20 00:00:00Z,BN3 8JS,Semi-Detached,Established,Freehold,30,,AMBERLEY DRIVE,,HOVE,BRIGHTON AND HOVE,BRIGHTON AND HOVE,Standard,Addition,50.8477480000,-0.1918330000
335260,2012-05-15 00:00:00Z,BN3 8JL,Semi-Detached,Established,Freehold,16,,THORNHILL CLOSE,,HOVE,BRIGHTON AND HOVE,BRIGHTON AND HOVE,Standard,Addition,50.8484100000,-0.1939240000
240000,2012-09-20 00:00:00Z,BN3 8LT,Semi-Detached,Established,Freehold,44,,HANGLETON CLOSE,,HOVE,BRIGHTON AND HOVE,BRIGHTON AND HOVE,Standard,Addition,50.8452720000,-0.1997980000
355000,2012-08-16 00:00:00Z,BN3 8LG,Semi-Detached,Established,Freehold,2,,SUMMERDALE ROAD,,HOVE,BRIGHTON AND HOVE,BRIGHTON AND HOVE,Standard,Addition,50.8476110000,-0.1974630000
250000,2012-05-31 00:00:00Z,BN3 8LL,Semi-Detached,Established,Freehold,12,,GLETON AVENUE,,HOVE,BRIGHTON AND HOVE,BRIGHTON AND HOVE,Standard,Addition,50.8469820000,-0.1980840000
234300,2012-06-15 00:00:00Z,BN3 8JS,Semi-Detached,Established,Freehold,38,,AMBERLEY DRIVE,,HOVE,BRIGHTON AND HOVE,BRIGHTON AND HOVE,Standard,Addition,50.8477480000,-0.1918330000
300000,2012-02-10 00:00:00Z,BN3 7RE,Terraced,Established,Freehold,17,,WAYFIELD CLOSE,,HOVE,BRIGHTON AND HOVE,BRIGHTON AND HOVE,Standard,Addition,50.8413320000,-0.1903900000
170000,2012-03-23 00:00:00Z,BN3 7FS,Terraced,Established,Freehold,115,,GODWIN ROAD,,HOVE,BRIGHTON AND HOVE,BRIGHTON AND HOVE,Standard,Addition,50.8429990000,-0.1999560000
275000,2012-09-14 00:00:00Z,BN3 8LF,Semi-Detached,Established,Freehold,94,,DALE VIEW,,HOVE,BRIGHTON AND HOVE,BRIGHTON AND HOVE,Standard,Addition,50.8466780000,-0.1959220000
233000,2012-04-27 00:00:00Z,BN3 7FT,Semi-Detached,Established,Freehold,92,,GODWIN ROAD,,HOVE,BRIGHTON AND HOVE,BRIGHTON AND HOVE,Standard,Addition,50.8427970000,-0.1996800000
392500,2012-11-30 00:00:00Z,BN3 7JD,Semi-Detached,Established,Freehold,171,,ELM DRIVE,,HOVE,BRIGHTON AND HOVE,BRIGHTON AND HOVE,Standard,Addition,50.8433220000,-0.1940630000
281950,2012-11-20 00:00:00Z,BN3 7LR,Semi-Detached,Established,Freehold,243,,HANGLETON ROAD,,HOVE,BRIGHTON AND HOVE,BRIGHTON AND HOVE,Standard,Addition,50.8459640000,-0.1902260000
250000,2012-04-24 00:00:00Z,BN3 8PX,Terraced,Established,Freehold,11,,POPLAR AVENUE,,HOVE,BRIGHTON AND HOVE,BRIGHTON AND HOVE,Standard,Addition,50.8459510000,-0.1948420000
240000,2012-05-14 00:00:00Z,BN3 8GG,Semi-Detached,Established,Freehold,55,,CLARKE AVENUE,,HOVE,BRIGHTON AND HOVE,BRIGHTON AND HOVE,Standard,Addition,50.8479560000,-0.1901200000
285000,2012-03-09 00:00:00Z,BN3 8PS,Semi-Detached,Established,Freehold,118,,POPLAR AVENUE,,HOVE,BRIGHTON AND HOVE,BRIGHTON AND HOVE,Standard,Addition,50.8481560000,-0.1949560000
290000,2012-12-06 00:00:00Z,BN3 7LT,Semi-Detached,Established,Freehold,174,,HANGLETON ROAD,,HOVE,BRIGHTON AND HOVE,BRIGHTON AND HOVE,Standard,Addition,50.8445380000,-0.1959200000
240000,2012-12-19 00:00:00Z,BN3 7JH,Terraced,Established,Freehold,55A,,ROWAN AVENUE,,HOVE,BRIGHTON AND HOVE,BRIGHTON AND HOVE,Standard,Addition,50.8430630000,-0.1965310000
164000,2012-12-12 00:00:00Z,BN3 8BB,Flats/Maisonettes,Established,Leasehold,92,,SHERBOURNE ROAD,,HOVE,BRIGHTON AND HOVE,BRIGHTON AND HOVE,Standard,Addition,50.8496460000,-0.1999700000
315000,2013-08-20 00:00:00Z,BN3 8PA,Semi-Detached,Established,Freehold,9,,NORTHEASE DRIVE,,HOVE,BRIGHTON AND HOVE,BRIGHTON AND HOVE,Standard,Addition,50.8490630000,-0.1919380000
360000,2013-07-15 00:00:00Z,BN3 8LN,Detached,Established,Freehold,63,,GLETON AVENUE,,HOVE,BRIGHTON AND HOVE,BRIGHTON AND HOVE,Standard,Addition,50.8467620000,-0.1984480000
435000,2013-07-08 00:00:00Z,BN3 7LP,Detached,Established,Freehold,240,,HANGLETON ROAD,,HOVE,BRIGHTON AND HOVE,BRIGHTON AND HOVE,Standard,Addition,50.8461290000,-0.1910290000
324000,2013-07-14 00:00:00Z,BN3 8LA,Semi-Detached,Established,Freehold,3,,DALE VIEW,,HOVE,BRIGHTON AND HOVE,BRIGHTON AND HOVE,Standard,Addition,50.8449120000,-0.1986180000
317500,2013-06-24 00:00:00Z,BN3 7LR,Semi-Detached,Established,Freehold,249,,HANGLETON ROAD,,HOVE,BRIGHTON AND HOVE,BRIGHTON AND HOVE,Standard,Addition,50.8459640000,-0.1902260000
320000,2013-09-19 00:00:00Z,BN3 8JD,Semi-Detached,Established,Freehold,3,,SUNNINGHILL CLOSE,,HOVE,BRIGHTON AND HOVE,BRIGHTON AND HOVE,Standard,Addition,50.8457210000,-0.1921670000
235000,2013-08-30 00:00:00Z,BN3 7FT,Semi-Detached,Established,Freehold,94,,GODWIN ROAD,,HOVE,BRIGHTON AND HOVE,BRIGHTON AND HOVE,Standard,Addition,50.8427970000,-0.1996800000
235000,2013-03-05 00:00:00Z,BN3 8LG,Semi-Detached,Established,Freehold,43,,SUMMERDALE ROAD,,HOVE,BRIGHTON AND HOVE,BRIGHTON AND HOVE,Standard,Addition,50.8476110000,-0.1974630000
342500,2013-11-08 00:00:00Z,BN3 8JJ,Semi-Detached,Established,Freehold,53,,APPLESHAM AVENUE,,HOVE,BRIGHTON AND HOVE,BRIGHTON AND HOVE,Standard,Addition,50.8473290000,-0.1926580000
215000,2013-07-05 00:00:00Z,BN3 7FF,Semi-Detached,Established,Freehold,111,,STAPLEY ROAD,,HOVE,BRIGHTON AND HOVE,BRIGHTON AND HOVE,Standard,Addition,50.8414060000,-0.1979160000
275000,2013-10-11 00:00:00Z,BN3 7JH,Terraced,Established,Freehold,79,,ROWAN AVENUE,,HOVE,BRIGHTON AND HOVE,BRIGHTON AND HOVE,Standard,Addition,50.8430630000,-0.1965310000
258500,2013-08-12 00:00:00Z,BN3 8LN,Semi-Detached,Established,Freehold,37,,GLETON AVENUE,,HOVE,BRIGHTON AND HOVE,BRIGHTON AND HOVE,Standard,Addition,50.8467620000,-0.1984480000
142000,2013-05-31 00:00:00Z,BN3 8BB,Terraced,Established,Leasehold,58,,SHERBOURNE ROAD,,HOVE,BRIGHTON AND HOVE,BRIGHTON AND HOVE,Standard,Addition,50.8496460000,-0.1999700000
222000,2013-06-27 00:00:00Z,BN3 8PP,Semi-Detached,Established,Freehold,30,,NORTHEASE DRIVE,,HOVE,BRIGHTON AND HOVE,BRIGHTON AND HOVE,Standard,Addition,50.8486400000,-0.1977930000
320000,2013-06-21 00:00:00Z,BN3 8JJ,Semi-Detached,Established,Freehold,42,,APPLESHAM AVENUE,,HOVE,BRIGHTON AND HOVE,BRIGHTON AND HOVE,Standard,Addition,50.8473290000,-0.1926580000
151250,2013-12-18 00:00:00Z,BN3 8BD,Flats/Maisonettes,Established,Leasehold,10,,SHERBOURNE CLOSE,,HOVE,BRIGHTON AND HOVE,BRIGHTON AND HOVE,Additional,Addition,50.8493080000,-0.1990880000
242000,2013-06-14 00:00:00Z,BN3 8JP,Semi-Detached,Established,Freehold,86,,AMBERLEY DRIVE,,HOVE,BRIGHTON AND HOVE,BRIGHTON AND HOVE,Standard,Addition,50.8497310000,-0.1909600000
250000,2013-03-28 00:00:00Z,BN3 8LT,Detached,Established,Freehold,46,,HANGLETON CLOSE,,HOVE,BRIGHTON AND HOVE,BRIGHTON AND HOVE,Standard,Addition,50.8452720000,-0.1997980000
203000,2013-05-10 00:00:00Z,BN3 7FJ,Semi-Detached,Established,Freehold,1,,WILFRID ROAD,,HOVE,BRIGHTON AND HOVE,BRIGHTON AND HOVE,Standard,Addition,50.8406650000,-0.1990090000
243000,2013-06-17 00:00:00Z,BN3 7LW,Terraced,Established,Freehold,20,,WAYFIELD AVENUE,,HOVE,BRIGHTON AND HOVE,BRIGHTON AND HOVE,Standard,Addition,50.8407330000,-0.1906690000
330000,2013-05-20 00:00:00Z,BN3 8JF,Semi-Detached,Established,Freehold,22,,APPLESHAM AVENUE,,HOVE,BRIGHTON AND HOVE,BRIGHTON AND HOVE,Standard,Addition,50.8457820000,-0.1938120000
262500,2013-06-20 00:00:00Z,BN3 8LB,Semi-Detached,Established,Freehold,20,,DALE VIEW,,HOVE,BRIGHTON AND HOVE,BRIGHTON AND HOVE,Standard,Addition,50.8445470000,-0.1988460000
320000,2013-06-07 00:00:00Z,BN3 8BY,Semi-Detached,Established,Freehold,3,,THE DENE,,HOVE,BRIGHTON AND HOVE,BRIGHTON AND HOVE,Standard,Addition,50.8493270000,-0.1979370000
265000,2013-09-26 00:00:00Z,BN3 8LB,Semi-Detached,Established,Freehold,40,,DALE VIEW,,HOVE,BRIGHTON AND HOVE,BRIGHTON AND HOVE,Standard,Addition,50.8445470000,-0.1988460000
249500,2013-11-15 00:00:00Z,BN3 8LN,Semi-Detached,Established,Freehold,5,,GLETON AVENUE,,HOVE,BRIGHTON AND HOVE,BRIGHTON AND HOVE,Standard,Addition,50.8467620000,-0.1984480000
210000,2013-12-02 00:00:00Z,BN3 7FF,Terraced,Established,Freehold,98,,STAPLEY ROAD,,HOVE,BRIGHTON AND HOVE,BRIGHTON AND HOVE,Standard,Addition,50.8414060000,-0.1979160000
310000,2013-07-08 00:00:00Z,BN3 8LN,Semi-Detached,Established,Freehold,57,,GLETON AVENUE,,HOVE,BRIGHTON AND HOVE,BRIGHTON AND HOVE,Standard,Addition,50.8467620000,-0.1984480000
295000,2013-11-29 00:00:00Z,BN3 8LN,Semi-Detached,Established,Freehold,13,,GLETON AVENUE,,HOVE,BRIGHTON AND HOVE,BRIGHTON AND HOVE,Standard,Addition,50.8467620000,-0.1984480000
275000,2013-08-30 00:00:00Z,BN3 8PP,Semi-Detached,Established,Freehold,55,,NORTHEASE DRIVE,,HOVE,BRIGHTON AND HOVE,BRIGHTON AND HOVE,Standard,Addition,50.8486400000,-0.1977930000
121500,2013-04-19 00:00:00Z,BN3 8LE,Flats/Maisonettes,Established,Leasehold,51,,KINGSTON CLOSE,,HOVE,BRIGHTON AND HOVE,BRIGHTON AND HOVE,Standard,Addition,50.8461490000,-0.1953890000
120000,2013-09-12 00:00:00Z,BN3 8BE,Flats/Maisonettes,Established,Leasehold,31,GROUND FLOOR FLAT,SHERBOURNE CLOSE,,HOVE,BRIGHTON AND HOVE,BRIGHTON AND HOVE,Standard,Addition,50.8499730000,-0.1984380000
312500,2013-11-15 00:00:00Z,BN3 8PS,Semi-Detached,Established,Freehold,54,,POPLAR AVENUE,,HOVE,BRIGHTON AND HOVE,BRIGHTON AND HOVE,Standard,Addition,50.8481560000,-0.1949560000
168500,2013-05-16 00:00:00Z,BN3 8BB,Flats/Maisonettes,Established,Leasehold,62,FIRST FLOOR FLAT,SHERBOURNE ROAD,,HOVE,BRIGHTON AND HOVE,BRIGHTON AND HOVE,Standard,Addition,50.8496460000,-0.1999700000
178000,2013-11-21 00:00:00Z,BN3 8BA,Flats/Maisonettes,Established,Leasehold,23,,SHERBOURNE ROAD,,HOVE,BRIGHTON AND HOVE,BRIGHTON AND HOVE,Standard,Addition,50.8493060000,-0.1995430000
250000,2013-05-13 00:00:00Z,BN3 7FY,Semi-Detached,Established,Freehold,15,,OLD SCHOOL PLACE,,HOVE,BRIGHTON AND HOVE,BRIGHTON AND HOVE,Standard,Addition,50.8436170000,-0.1974470000
337500,2013-09-20 00:00:00Z,BN3 7LR,Semi-Detached,Established,Freehold,273,,HANGLETON ROAD,,HOVE,BRIGHTON AND HOVE,BRIGHTON AND HOVE,Standard,Addition,50.8459640000,-0.1902260000
193000,2013-08-30 00:00:00Z,BN3 7FF,Terraced,Established,Freehold,87,,STAPLEY ROAD,,HOVE,BRIGHTON AND HOVE,BRIGHTON AND HOVE,Standard,Addition,50.8414060000,-0.1979160000
275000,2013-06-07 00:00:00Z,BN3 7LP,Semi-Detached,Established,Freehold,226,,HANGLETON ROAD,,HOVE,BRIGHTON AND HOVE,BRIGHTON AND HOVE,Standard,Addition,50.8461290000,-0.1910290000
355000,2013-12-12 00:00:00Z,BN3 8PR,Semi-Detached,Established,Freehold,5,,NORTHEASE GARDENS,,HOVE,BRIGHTON AND HOVE,BRIGHTON AND HOVE,Standard,Addition,50.8491400000,-0.1945630000
375000,2013-04-02 00:00:00Z,BN3 7LP,Detached,Established,Freehold,258,,HANGLETON ROAD,,HOVE,BRIGHTON AND HOVE,BRIGHTON AND HOVE,Standard,Addition,50.8461290000,-0.1910290000
260000,2013-05-13 00:00:00Z,BN3 7JL,Terraced,Established,Freehold,126,,ELM DRIVE,,HOVE,BRIGHTON AND HOVE,BRIGHTON AND HOVE,Standard,Addition,50.8412030000,-0.1946710000
295000,2013-08-12 00:00:00Z,BN3 8JF,Semi-Detached,Established,Freehold,28,,APPLESHAM AVENUE,,HOVE,BRIGHTON AND HOVE,BRIGHTON AND HOVE,Standard,Addition,50.8457820000,-0.1938120000
265000,2013-04-12 00:00:00Z,BN3 7JD,Terraced,Established,Freehold,191,,ELM DRIVE,,HOVE,BRIGHTON AND HOVE,BRIGHTON AND HOVE,Standard,Addition,50.8433220000,-0.1940630000
265000,2013-08-12 00:00:00Z,BN3 8LG,Semi-Detached,Established,Freehold,22,,SUMMERDALE ROAD,,HOVE,BRIGHTON AND HOVE,BRIGHTON AND HOVE,Standard,Addition,50.8476110000,-0.1974630000
225000,2013-11-25 00:00:00Z,BN3 7FJ,Semi-Detached,Established,Freehold,13,,WILFRID ROAD,,HOVE,BRIGHTON AND HOVE,BRIGHTON AND HOVE,Standard,Addition,50.8406650000,-0.1990090000
220000,2013-05-31 00:00:00Z,BN3 8JP,Semi-Detached,Established,Freehold,84,,AMBERLEY DRIVE,,HOVE,BRIGHTON AND HOVE,BRIGHTON AND HOVE,Standard,Addition,50.8497310000,-0.1909600000
115000,2013-10-22 00:00:00Z,BN3 8LE,Flats/Maisonettes,Established,Leasehold,33,,KINGSTON CLOSE,,HOVE,BRIGHTON AND HOVE,BRIGHTON AND HOVE,Standard,Addition,50.8461490000,-0.1953890000
220000,2013-06-14 00:00:00Z,BN3 8JP,Semi-Detached,Established,Freehold,68,,AMBERLEY DRIVE,,HOVE,BRIGHTON AND HOVE,BRIGHTON AND HOVE,Standard,Addition,50.8497310000,-0.1909600000
267500,2013-11-22 00:00:00Z,BN3 7JG,Terraced,Established,Freehold,50,,ROWAN AVENUE,,HOVE,BRIGHTON AND HOVE,BRIGHTON AND HOVE,Standard,Addition,50.8409770000,-0.1959430000
277000,2013-02-15 00:00:00Z,BN3 7JA,Semi-Detached,Established,Freehold,97,,ELM DRIVE,,HOVE,BRIGHTON AND HOVE,BRIGHTON AND HOVE,Standard,Addition,50.8406940000,-0.1939370000
255000,2013-06-28 00:00:00Z,BN3 8PQ,Semi-Detached,Established,Freehold,28,,NORTHEASE DRIVE,,HOVE,BRIGHTON AND HOVE,BRIGHTON AND HOVE,Standard,Addition,50.8493070000,-0.1937900000
249500,2013-01-07 00:00:00Z,BN3 8JS,Detached,Established,Freehold,9,,AMBERLEY DRIVE,,HOVE,BRIGHTON AND HOVE,BRIGHTON AND HOVE,Standard,Addition,50.8477480000,-0.1918330000
235000,2013-09-20 00:00:00Z,BN3 8BB,Semi-Detached,Established,Freehold,14,,SHERBOURNE ROAD,,HOVE,BRIGHTON AND HOVE,BRIGHTON AND HOVE,Standard,Addition,50.8496460000,-0.1999700000
415000,2013-11-19 00:00:00Z,BN3 7LR,Semi-Detached,Established,Freehold,301,,HANGLETON ROAD,,HOVE,BRIGHTON AND HOVE,BRIGHTON AND HOVE,Standard,Addition,50.8459640000,-0.1902260000
305000,2013-03-28 00:00:00Z,BN3 8JJ,Terraced,Established,Freehold,41,,APPLESHAM AVENUE,,HOVE,BRIGHTON AND HOVE,BRIGHTON AND HOVE,Standard,Addition,50.8473290000,-0.1926580000
461000,2013-11-11 00:00:00Z,BN3 7LR,Detached,Established,Freehold,285,,HANGLETON ROAD,,HOVE,BRIGHTON AND HOVE,BRIGHTON AND HOVE,Standard,Addition,50.8459640000,-0.1902260000
336500,2013-03-15 00:00:00Z,BN3 7LR,Semi-Detached,Established,Freehold,259,,HANGLETON ROAD,,HOVE,BRIGHTON AND HOVE,BRIGHTON AND HOVE,Standard,Addition,50.8459640000,-0.1902260000
306000,2013-11-22 00:00:00Z,BN3 8JJ,Semi-Detached,Established,Freehold,33,,APPLESHAM AVENUE,,HOVE,BRIGHTON AND HOVE,BRIGHTON AND HOVE,Standard,Addition,50.8473290000,-0.1926580000
287000,2014-01-24 00:00:00Z,BN3 8LN,Semi-Detached,Established,Freehold,43,,GLETON AVENUE,,HOVE,BRIGHTON AND HOVE,BRIGHTON AND HOVE,Standard,Addition,50.8467620000,-0.1984480000
284950,2014-06-09 00:00:00Z,BN3 8PT,Semi-Detached,Established,Freehold,71,,POPLAR AVENUE,,HOVE,BRIGHTON AND HOVE,BRIGHTON AND HOVE,Standard,Addition,50.8479490000,-0.1943530000
334500,2014-08-07 00:00:00Z,BN3 8PS,Semi-Detached,Established,Freehold,84,,POPLAR AVENUE,,HOVE,BRIGHTON AND HOVE,BRIGHTON AND HOVE,Standard,Addition,50.8481560000,-0.1949560000
140000,2014-04-07 00:00:00Z,BN3 8JP,Terraced,Established,Freehold,27,,AMBERLEY DRIVE,,HOVE,BRIGHTON AND HOVE,BRIGHTON AND HOVE,Standard,Addition,50.8497310000,-0.1909600000
302000,2014-11-17 00:00:00Z,BN3 7JA,Semi-Detached,Established,Freehold,101,,ELM DRIVE,,HOVE,BRIGHTON AND HOVE,BRIGHTON AND HOVE,Standard,Addition,50.8406940000,-0.1939370000
435000,2014-07-25 00:00:00Z,BN3 7NG,Detached,Established,Freehold,205,,NEVILL AVENUE,,HOVE,BRIGHTON AND HOVE,BRIGHTON AND HOVE,Standard,Addition,50.8440280000,-0.1916620000
315000,2014-12-19 00:00:00Z,BN3 8PS,Semi-Detached,Established,Freehold,70,,POPLAR AVENUE,,HOVE,BRIGHTON AND HOVE,BRIGHTON AND HOVE,Standard,Addition,50.8481560000,-0.1949560000
190000,2014-05-16 00:00:00Z,BN3 8BB,Flats/Maisonettes,Established,Leasehold,70,,SHERBOURNE ROAD,,HOVE,BRIGHTON AND HOVE,BRIGHTON AND HOVE,Standard,Addition,50.8496460000,-0.1999700000
333000,2014-06-30 00:00:00Z,BN3 8JP,Semi-Detached,Established,Freehold,66,,AMBERLEY DRIVE,,HOVE,BRIGHTON AND HOVE,BRIGHTON AND HOVE,Standard,Addition,50.8497310000,-0.1909600000
236000,2014-11-26 00:00:00Z,BN3 8PB,Semi-Detached,Established,Freehold,4,,LARK HILL,,HOVE,BRIGHTON AND HOVE,BRIGHTON AND HOVE,Standard,Addition,50.8498470000,-0.1926180000
284950,2014-07-09 00:00:00Z,BN3 8LF,Semi-Detached,Established,Freehold,59,,DALE VIEW,,HOVE,BRIGHTON AND HOVE,BRIGHTON AND HOVE,Standard,Addition,50.8466780000,-0.1959220000
306000,2014-05-30 00:00:00Z,BN3 7LW,Terraced,Established,Freehold,8,,WAYFIELD AVENUE,,HOVE,BRIGHTON AND HOVE,BRIGHTON AND HOVE,Standard,Addition,50.8407330000,-0.1906690000
272500,2014-01-23 00:00:00Z,BN3 7JF,Terraced,Established,Freehold,37,,ROWAN AVENUE,,HOVE,BRIGHTON AND HOVE,BRIGHTON AND HOVE,Standard,Addition,50.8413420000,-0.1957310000
289250,2014-10-17 00:00:00Z,BN3 7JE,Terraced,Established,Freehold,164,,ELM DRIVE,,HOVE,BRIGHTON AND HOVE,BRIGHTON AND HOVE,Standard,Addition,50.8432400000,-0.1945780000
475000,2014-09-15 00:00:00Z,BN3 7NG,Semi-Detached,Established,Freehold,182,,NEVILL AVENUE,,HOVE,BRIGHTON AND HOVE,BRIGHTON AND HOVE,Standard,Addition,50.8440280000,-0.1916620000
429950,2014-11-07 00:00:00Z,BN3 7LP,Semi-Detached,Established,Freehold,268,,HANGLETON ROAD,,HOVE,BRIGHTON AND HOVE,BRIGHTON AND HOVE,Standard,Addition,50.8461290000,-0.1910290000
355000,2014-10-10 00:00:00Z,BN3 7JB,Semi-Detached,Established,Freehold,1,,MAYTREE WALK,,HOVE,BRIGHTON AND HOVE,BRIGHTON AND HOVE,Standard,Addition,50.8423400000,-0.1956780000
317000,2014-12-12 00:00:00Z,BN3 7JG,Semi-Detached,Established,Freehold,36,,ROWAN AVENUE,,HOVE,BRIGHTON AND HOVE,BRIGHTON AND HOVE,Standard,Addition,50.8409770000,-0.1959430000
250000,2014-08-06 00:00:00Z,BN3 8LT,Semi-Detached,Established,Freehold,31,,HANGLETON CLOSE,,HOVE,BRIGHTON AND HOVE,BRIGHTON AND HOVE,Standard,Addition,50.8452720000,-0.1997980000
199000,2014-07-31 00:00:00Z,BN3 8LE,Flats/Maisonettes,Established,Leasehold,27,,KINGSTON CLOSE,,HOVE,BRIGHTON AND HOVE,BRIGHTON AND HOVE,Standard,Addition,50.8461490000,-0.1953890000
265000,2014-05-30 00:00:00Z,BN3 8JP,Semi-Detached,Established,Freehold,63,,AMBERLEY DRIVE,,HOVE,BRIGHTON AND HOVE,BRIGHTON AND HOVE,Standard,Addition,50.8497310000,-0.1909600000
375000,2014-09-22 00:00:00Z,BN3 7LT,Semi-Detached,Established,Freehold,176,,HANGLETON ROAD,,HOVE,BRIGHTON AND HOVE,BRIGHTON AND HOVE,Standard,Addition,50.8445380000,-0.1959200000
280000,2014-02-07 00:00:00Z,BN3 8LT,Semi-Detached,Established,Freehold,20,,HANGLETON CLOSE,,HOVE,BRIGHTON AND HOVE,BRIGHTON AND HOVE,Standard,Addition,50.8452720000,-0.1997980000
430000,2014-12-11 00:00:00Z,BN3 8JJ,Semi-Detached,Established,Freehold,35,,APPLESHAM AVENUE,,HOVE,BRIGHTON AND HOVE,BRIGHTON AND HOVE,Standard,Addition,50.8473290000,-0.1926580000
255000,2014-05-01 00:00:00Z,BN3 8LF,Semi-Detached,Established,Freehold,55,,DALE VIEW,,HOVE,BRIGHTON AND HOVE,BRIGHTON AND HOVE,Additional,Addition,50.8466780000,-0.1959220000
350000,2014-07-04 00:00:00Z,BN3 8LL,Semi-Detached,Established,Freehold,52,,GLETON AVENUE,,HOVE,BRIGHTON AND HOVE,BRIGHTON AND HOVE,Standard,Addition,50.8469820000,-0.1980840000
275000,2014-11-07 00:00:00Z,BN3 7FH,Semi-Detached,Established,Freehold,3,,MARTIN ROAD,,HOVE,BRIGHTON AND HOVE,BRIGHTON AND HOVE,Standard,Addition,50.8421880000,-0.1998170000
300000,2014-04-30 00:00:00Z,BN3 8JS,Semi-Detached,Established,Freehold,18,,AMBERLEY DRIVE,,HOVE,BRIGHTON AND HOVE,BRIGHTON AND HOVE,Standard,Addition,50.8477480000,-0.1918330000
279950,2014-03-28 00:00:00Z,BN3 8LA,Semi-Detached,Established,Freehold,37,,DALE VIEW,,HOVE,BRIGHTON AND HOVE,BRIGHTON AND HOVE,Standard,Addition,50.8449120000,-0.1986180000
550000,2014-08-28 00:00:00Z,BN3 7NG,Detached,Established,Freehold,196,,NEVILL AVENUE,,HOVE,BRIGHTON AND HOVE,BRIGHTON AND HOVE,Standard,Addition,50.8440280000,-0.1916620000
377500,2014-12-12 00:00:00Z,BN3 7LT,Semi-Detached,Established,Freehold,180,,HANGLETON ROAD,,HOVE,BRIGHTON AND HOVE,BRIGHTON AND HOVE,Standard,Addition,50.8445380000,-0.1959200000
350000,2014-09-24 00:00:00Z,BN3 8PP,Semi-Detached,Established,Freehold,76,,NORTHEASE DRIVE,,HOVE,BRIGHTON AND HOVE,BRIGHTON AND HOVE,Standard,Addition,50.8486400000,-0.1977930000
241500,2014-12-19 00:00:00Z,BN3 7FF,Terraced,Established,Freehold,77,,STAPLEY ROAD,,HOVE,BRIGHTON AND HOVE,BRIGHTON AND HOVE,Standard,Addition,50.8414060000,-0.1979160000
357500,2014-08-11 00:00:00Z,BN3 8LL,Semi-Detached,Established,Freehold,46,,GLETON AVENUE,,HOVE,BRIGHTON AND HOVE,BRIGHTON AND HOVE,Standard,Addition,50.8469820000,-0.1980840000
360000,2014-09-12 00:00:00Z,BN3 7LS,Semi-Detached,Established,Freehold,221,,HANGLETON ROAD,,HOVE,BRIGHTON AND HOVE,BRIGHTON AND HOVE,Standard,Addition,50.8441990000,-0.1949670000
282000,2014-01-21 00:00:00Z,BN3 8PT,Semi-Detached,Established,Freehold,55,,POPLAR AVENUE,,HOVE,BRIGHTON AND HOVE,BRIGHTON AND HOVE,Standard,Addition,50.8479490000,-0.1943530000
315000,2014-01-17 00:00:00Z,BN3 8JJ,Semi-Detached,Established,Freehold,73,,APPLESHAM AVENUE,,HOVE,BRIGHTON AND HOVE,BRIGHTON AND HOVE,Standard,Addition,50.8473290000,-0.1926580000
275000,2014-04-04 00:00:00Z,BN3 8LQ,Detached,Established,Freehold,42,,WEST WAY,,HOVE,BRIGHTON AND HOVE,BRIGHTON AND HOVE,Standard,Addition,50.8457630000,-0.1984010000
328000,2014-04-15 00:00:00Z,BN3 8PQ,Semi-Detached,Established,Freehold,18,,NORTHEASE DRIVE,,HOVE,BRIGHTON AND HOVE,BRIGHTON AND HOVE,Standard,Addition,50.8493070000,-0.1937900000
325000,2014-11-28 00:00:00Z,BN3 7FS,Semi-Detached,Established,Freehold,149,,GODWIN ROAD,,HOVE,BRIGHTON AND HOVE,BRIGHTON AND HOVE,Standard,Addition,50.8429990000,-0.1999560000
305000,2014-02-10 00:00:00Z,BN3 7JD,Semi-Detached,Established,Freehold,215,,ELM DRIVE,,HOVE,BRIGHTON AND HOVE,BRIGHTON AND HOVE,Standard,Addition,50.8433220000,-0.1940630000
392000,2014-07-31 00:00:00Z,BN3 7JD,Semi-Detached,Established,Freehold,169,,ELM DRIVE,,HOVE,BRIGHTON AND HOVE,BRIGHTON AND HOVE,Standard,Addition,50.8433220000,-0.1940630000
285000,2014-07-08 00:00:00Z,BN3 7JL,Terraced,Established,Freehold,134,,ELM DRIVE,,HOVE,BRIGHTON AND HOVE,BRIGHTON AND HOVE,Standard,Addition,50.8412030000,-0.1946710000
271000,2014-05-27 00:00:00Z,BN3 8GG,Semi-Detached,Established,Freehold,85,,CLARKE AVENUE,,HOVE,BRIGHTON AND HOVE,BRIGHTON AND HOVE,Standard,Addition,50.8479560000,-0.1901200000
417000,2014-02-25 00:00:00Z,BN3 7LW,Detached,Established,Freehold,7,,WAYFIELD AVENUE,,HOVE,BRIGHTON AND HOVE,BRIGHTON AND HOVE,Standard,Addition,50.8407330000,-0.1906690000
262050,2014-09-26 00:00:00Z,BN3 8PB,Semi-Detached,Established,Freehold,8,,LARK HILL,,HOVE,BRIGHTON AND HOVE,BRIGHTON AND HOVE,Standard,Addition,50.8498470000,-0.1926180000
266500,2014-10-27 00:00:00Z,BN3 8GG,Semi-Detached,Established,Freehold,55,,CLARKE AVENUE,,HOVE,BRIGHTON AND HOVE,BRIGHTON AND HOVE,Standard,Addition,50.8479560000,-0.1901200000
304000,2014-11-13 00:00:00Z,BN3 7JB,Terraced,Established,Freehold,23,,MAYTREE WALK,,HOVE,BRIGHTON AND HOVE,BRIGHTON AND HOVE,Standard,Addition,50.8423400000,-0.1956780000
327000,2014-08-22 00:00:00Z,BN3 8LL,Semi-Detached,Established,Freehold,28,,GLETON AVENUE,,HOVE,BRIGHTON AND HOVE,BRIGHTON AND HOVE,Standard,Addition,50.8469820000,-0.1980840000
399950,2014-10-17 00:00:00Z,BN3 8JJ,Semi-Detached,Established,Freehold,44,,APPLESHAM AVENUE,,HOVE,BRIGHTON AND HOVE,BRIGHTON AND HOVE,Standard,Addition,50.8473290000,-0.1926580000
233000,2014-03-14 00:00:00Z,BN3 7FG,Terraced,Established,Freehold,121,,STAPLEY ROAD,,HOVE,BRIGHTON AND HOVE,BRIGHTON AND HOVE,Standard,Addition,50.8426450000,-0.1979670000
213254,2014-12-30 00:00:00Z,BN3 7FL,Semi-Detached,Established,Freehold,8,,WILFRID ROAD,,HOVE,BRIGHTON AND HOVE,BRIGHTON AND HOVE,Standard,Addition,50.8407790000,-0.1994310000
343000,2014-09-12 00:00:00Z,BN3 7JH,Terraced,Established,Freehold,65,,ROWAN AVENUE,,HOVE,BRIGHTON AND HOVE,BRIGHTON AND HOVE,Standard,Addition,50.8430630000,-0.1965310000
161000,2014-05-29 00:00:00Z,BN3 7JH,Terraced,Established,Freehold,118,,ROWAN AVENUE,,HOVE,BRIGHTON AND HOVE,BRIGHTON AND HOVE,Standard,Addition,50.8430630000,-0.1965310000
275000,2015-07-17 00:00:00Z,BN3 7FG,Semi-Detached,Established,Freehold,122,,STAPLEY ROAD,,HOVE,BRIGHTON AND HOVE,BRIGHTON AND HOVE,Standard,Addition,50.8426450000,-0.1979670000
417500,2015-06-12 00:00:00Z,BN3 7LR,Semi-Detached,Established,Freehold,249,,HANGLETON ROAD,,HOVE,BRIGHTON AND HOVE,BRIGHTON AND HOVE,Standard,Addition,50.8459640000,-0.1902260000
374000,2015-09-25 00:00:00Z,BN3 8PS,Semi-Detached,Established,Freehold,92,,POPLAR AVENUE,,HOVE,BRIGHTON AND HOVE,BRIGHTON AND HOVE,Standard,Addition,50.8481560000,-0.1949560000
348000,2015-08-26 00:00:00Z,BN3 8PQ,Semi-Detached,Established,Freehold,17,,NORTHEASE DRIVE,,HOVE,BRIGHTON AND HOVE,BRIGHTON AND HOVE,Standard,Addition,50.8493070000,-0.1937900000
385000,2015-10-26 00:00:00Z,BN3 8PR,Semi-Detached,Established,Freehold,9,,NORTHEASE GARDENS,,HOVE,BRIGHTON AND HOVE,BRIGHTON AND HOVE,Standard,Addition,50.8491400000,-0.1945630000
460000,2015-09-17 00:00:00Z,BN3 7LR,Semi-Detached,Established,Freehold,305,,HANGLETON ROAD,,HOVE,BRIGHTON AND HOVE,BRIGHTON AND HOVE,Standard,Addition,50.8459640000,-0.1902260000
312000,2015-10-16 00:00:00Z,BN3 7JL,Terraced,Established,Freehold,116,,ELM DRIVE,,HOVE,BRIGHTON AND HOVE,BRIGHTON AND HOVE,Standard,Addition,50.8412030000,-0.1946710000
365000,2015-09-30 00:00:00Z,BN3 7JH,Terraced,Established,Freehold,116,,ROWAN AVENUE,,HOVE,BRIGHTON AND HOVE,BRIGHTON AND HOVE,Standard,Addition,50.8430630000,-0.1965310000
155000,2015-10-16 00:00:00Z,BN3 8BE,Flats/Maisonettes,Established,Leasehold,44,,SHERBOURNE CLOSE,,HOVE,BRIGHTON AND HOVE,BRIGHTON AND HOVE,Standard,Addition,50.8499730000,-0.1984380000
255000,2015-12-11 00:00:00Z,BN3 7FF,Terraced,Established,Freehold,96,,STAPLEY ROAD,,HOVE,BRIGHTON AND HOVE,BRIGHTON AND HOVE,Standard,Addition,50.8414060000,-0.1979160000
219950,2015-11-05 00:00:00Z,BN3 8BB,Flats/Maisonettes,Established,Leasehold,86,,SHERBOURNE ROAD,,HOVE,BRIGHTON AND HOVE,BRIGHTON AND HOVE,Standard,Addition,50.8496460000,-0.1999700000
355000,2015-01-23 00:00:00Z,BN3 8PS,Semi-Detached,Established,Freehold,68,,POPLAR AVENUE,,HOVE,BRIGHTON AND HOVE,BRIGHTON AND HOVE,Standard,Addition,50.8481560000,-0.1949560000
315000,2015-12-07 00:00:00Z,BN3 7JG,Terraced,Established,Freehold,44,,ROWAN AVENUE,,HOVE,BRIGHTON AND HOVE,BRIGHTON AND HOVE,Standard,Addition,50.8409770000,-0.1959430000
280000,2015-11-06 00:00:00Z,BN3 7LP,Other,Established,Freehold,222,,HANGLETON ROAD,,HOVE,BRIGHTON AND HOVE,BRIGHTON AND HOVE,Additional,Addition,50.8461290000,-0.1910290000
280000,2015-05-22 00:00:00Z,BN3 8LB,Semi-Detached,Established,Freehold,50,,DALE VIEW,,HOVE,BRIGHTON AND HOVE,BRIGHTON AND HOVE,Standard,Addition,50.8445470000,-0.1988460000
300000,2015-07-24 00:00:00Z,BN3 7FL,Terraced,Established,Freehold,72,,WILFRID ROAD,,HOVE,BRIGHTON AND HOVE,BRIGHTON AND HOVE,Additional,Addition,50.8407790000,-0.1994310000
232500,2015-12-18 00:00:00Z,BN3 8BB,Flats/Maisonettes,Established,Leasehold,58,,SHERBOURNE ROAD,,HOVE,BRIGHTON AND HOVE,BRIGHTON AND HOVE,Standard,Addition,50.8496460000,-0.1999700000
367500,2015-12-17 00:00:00Z,BN3 8PS,Semi-Detached,Established,Freehold,102,,POPLAR AVENUE,,HOVE,BRIGHTON AND HOVE,BRIGHTON AND HOVE,Standard,Addition,50.8481560000,-0.1949560000
360000,2015-12-11 00:00:00Z,BN3 7JH,Terraced,Established,Freehold,85,,ROWAN AVENUE,,HOVE,BRIGHTON AND HOVE,BRIGHTON AND HOVE,Standard,Addition,50.8430630000,-0.1965310000
320000,2015-03-23 00:00:00Z,BN3 7FY,Terraced,Established,Freehold,26,,OLD SCHOOL PLACE,,HOVE,BRIGHTON AND HOVE,BRIGHTON AND HOVE,Standard,Addition,50.8436170000,-0.1974470000
325000,2015-07-14 00:00:00Z,BN3 8PQ,Semi-Detached,Established,Freehold,15,,NORTHEASE DRIVE,,HOVE,BRIGHTON AND HOVE,BRIGHTON AND HOVE,Standard,Addition,50.8493070000,-0.1937900000
120000,2015-01-16 00:00:00Z,BN3 7JF,Terraced,Established,Freehold,35,,ROWAN AVENUE,,HOVE,BRIGHTON AND HOVE,BRIGHTON AND HOVE,Standard,Addition,50.8413420000,-0.1957310000
367500,2015-08-25 00:00:00Z,BN3 8PS,Semi-Detached,Established,Freehold,110,,POPLAR AVENUE,,HOVE,BRIGHTON AND HOVE,BRIGHTON AND HOVE,Standard,Addition,50.8481560000,-0.1949560000
610000,2015-03-09 00:00:00Z,BN3 7NU,Other,Established,Freehold,5,,SILVER BIRCH CLOSE,,HOVE,BRIGHTON AND HOVE,BRIGHTON AND HOVE,Additional,Addition,50.8428870000,-0.1959700000
378000,2015-12-18 00:00:00Z,BN3 8JJ,Semi-Detached,Established,Freehold,58,,APPLESHAM AVENUE,,HOVE,BRIGHTON AND HOVE,BRIGHTON AND HOVE,Standard,Addition,50.8473290000,-0.1926580000
435000,2015-08-12 00:00:00Z,BN3 8JJ,Semi-Detached,Established,Freehold,47,,APPLESHAM AVENUE,,HOVE,BRIGHTON AND HOVE,BRIGHTON AND HOVE,Standard,Addition,50.8473290000,-0.1926580000
290000,2015-05-13 00:00:00Z,BN3 7JF,Terraced,Established,Freehold,43,,ROWAN AVENUE,,HOVE,BRIGHTON AND HOVE,BRIGHTON AND HOVE,Standard,Addition,50.8413420000,-0.1957310000
323500,2015-07-03 00:00:00Z,BN3 7LW,Semi-Detached,Established,Freehold,15,,WAYFIELD AVENUE,,HOVE,BRIGHTON AND HOVE,BRIGHTON AND HOVE,Standard,Addition,50.8407330000,-0.1906690000
425000,2015-08-24 00:00:00Z,BN3 8LG,Semi-Detached,Established,Freehold,27,,SUMMERDALE ROAD,,HOVE,BRIGHTON AND HOVE,BRIGHTON AND HOVE,Standard,Addition,50.8476110000,-0.1974630000
395500,2015-04-22 00:00:00Z,BN3 8PB,Semi-Detached,Established,Freehold,13,,LARK HILL,,HOVE,BRIGHTON AND HOVE,BRIGHTON AND HOVE,Standard,Addition,50.8498470000,-0.1926180000
385000,2015-02-27 00:00:00Z,BN3 7LT,Semi-Detached,Established,Freehold,188,,HANGLETON ROAD,,HOVE,BRIGHTON AND HOVE,BRIGHTON AND HOVE,Standard,Addition,50.8445380000,-0.1959200000
310000,2015-04-10 00:00:00Z,BN3 8LG,Semi-Detached,Established,Freehold,16,,SUMMERDALE ROAD,,HOVE,BRIGHTON AND HOVE,BRIGHTON AND HOVE,Standard,Addition,50.8476110000,-0.1974630000
467300,2015-07-07 00:00:00Z,BN3 7LP,Detached,Established,Freehold,270,,HANGLETON ROAD,,HOVE,BRIGHTON AND HOVE,BRIGHTON AND HOVE,Standard,Addition,50.8461290000,-0.1910290000
389950,2015-08-21 00:00:00Z,BN3 8PT,Semi-Detached,Established,Freehold,49,,POPLAR AVENUE,,HOVE,BRIGHTON AND HOVE,BRIGHTON AND HOVE,Standard,Addition,50.8479490000,-0.1943530000
457500,2015-01-26 00:00:00Z,BN3 7NG,Semi-Detached,Established,Freehold,195,,NEVILL AVENUE,,HOVE,BRIGHTON AND HOVE,BRIGHTON AND HOVE,Standard,Addition,50.8440280000,-0.1916620000
305000,2015-01-09 00:00:00Z,BN3 7JE,Terraced,Established,Freehold,144,,ELM DRIVE,,HOVE,BRIGHTON AND HOVE,BRIGHTON AND HOVE,Standard,Addition,50.8432400000,-0.1945780000
450000,2015-01-16 00:00:00Z,BN3 7LR,Semi-Detached,Established,Freehold,307,,HANGLETON ROAD,,HOVE,BRIGHTON AND HOVE,BRIGHTON AND HOVE,Standard,Addition,50.8459640000,-0.1902260000
312000,2015-05-08 00:00:00Z,BN3 8LL,Semi-Detached,Established,Freehold,12,,GLETON AVENUE,,HOVE,BRIGHTON AND HOVE,BRIGHTON AND HOVE,Standard,Addition,50.8469820000,-0.1980840000
413000,2015-01-23 00:00:00Z,BN3 8LB,Detached,Established,Freehold,56,,DALE VIEW,,HOVE,BRIGHTON AND HOVE,BRIGHTON AND HOVE,Standard,Addition,50.8445470000,-0.1988460000
315000,2015-07-24 00:00:00Z,BN3 7JG,Terraced,Established,Freehold,28,,ROWAN AVENUE,,HOVE,BRIGHTON AND HOVE,BRIGHTON AND HOVE,Standard,Addition,50.8409770000,-0.1959430000
389950,2015-07-07 00:00:00Z,BN3 8PT,Semi-Detached,Established,Freehold,53,,POPLAR AVENUE,,HOVE,BRIGHTON AND HOVE,BRIGHTON AND HOVE,Standard,Addition,50.8479490000,-0.1943530000
353000,2015-08-14 00:00:00Z,BN3 7LW,Terraced,Established,Freehold,36,,WAYFIELD AVENUE,,HOVE,BRIGHTON AND HOVE,BRIGHTON AND HOVE,Standard,Addition,50.8407330000,-0.1906690000
290000,2015-10-28 00:00:00Z,BN3 7JA,Terraced,Established,Freehold,143,,ELM DRIVE,,HOVE,BRIGHTON AND HOVE,BRIGHTON AND HOVE,Standard,Addition,50.8406940000,-0.1939370000
320000,2015-11-20 00:00:00Z,BN3 7JH,Terraced,Established,Freehold,61,,ROWAN AVENUE,,HOVE,BRIGHTON AND HOVE,BRIGHTON AND HOVE,Standard,Addition,50.8430630000,-0.1965310000
297000,2015-04-27 00:00:00Z,BN3 8LF,Semi-Detached,Established,Freehold,63,,DALE VIEW,,HOVE,BRIGHTON AND HOVE,BRIGHTON AND HOVE,Standard,Addition,50.8466780000,-0.1959220000
325000,2015-09-03 00:00:00Z,BN3 7JB,Terraced,Established,Freehold,7,,MAYTREE WALK,,HOVE,BRIGHTON AND HOVE,BRIGHTON AND HOVE,Standard,Addition,50.8423400000,-0.1956780000
414000,2015-09-04 00:00:00Z,BN3 7JA,Semi-Detached,Established,Freehold,65,,ELM DRIVE,,HOVE,BRIGHTON AND HOVE,BRIGHTON AND HOVE,Standard,Addition,50.8406940000,-0.1939370000
310000,2015-01-05 00:00:00Z,BN3 8LF,Semi-Detached,Established,Freehold,80,,DALE VIEW,,HOVE,BRIGHTON AND HOVE,BRIGHTON AND HOVE,Standard,Addition,50.8466780000,-0.1959220000
319000,2015-04-10 00:00:00Z,BN3 8PP,Semi-Detached,Established,Freehold,52,,NORTHEASE DRIVE,,HOVE,BRIGHTON AND HOVE,BRIGHTON AND HOVE,Standard,Addition,50.8486400000,-0.1977930000
510000,2015-10-28 00:00:00Z,BN3 8LT,Semi-Detached,Established,Freehold,1,,HANGLETON CLOSE,,HOVE,BRIGHTON AND HOVE,BRIGHTON AND HOVE,Standard,Addition,50.8452720000,-0.1997980000
417800,2015-11-13 00:00:00Z,BN3 7LS,Semi-Detached,Established,Freehold,219,,HANGLETON ROAD,,HOVE,BRIGHTON AND HOVE,BRIGHTON AND HOVE,Standard,Addition,50.8441990000,-0.1949670000
502500,2015-10-26 00:00:00Z,BN3 7LW,Detached,Established,Freehold,41,,WAYFIELD AVENUE,,HOVE,BRIGHTON AND HOVE,BRIGHTON AND HOVE,Standard,Addition,50.8407330000,-0.1906690000
360000,2016-12-14 00:00:00Z,BN3 8LT,Semi-Detached,Established,Freehold,22,,HANGLETON CLOSE,,HOVE,BRIGHTON AND HOVE,BRIGHTON AND HOVE,Standard,Addition,50.8452720000,-0.1997980000
347500,2016-06-24 00:00:00Z,BN3 8PB,Semi-Detached,Established,Freehold,26,,LARK HILL,,HOVE,BRIGHTON AND HOVE,BRIGHTON AND HOVE,Standard,Addition,50.8498470000,-0.1926180000
350000,2016-07-13 00:00:00Z,BN3 7JG,Terraced,Established,Freehold,48,,ROWAN AVENUE,,HOVE,BRIGHTON AND HOVE,BRIGHTON AND HOVE,Standard,Addition,50.8409770000,-0.1959430000
542500,2016-07-01 00:00:00Z,BN3 8JJ,Semi-Detached,Established,Freehold,35,,APPLESHAM AVENUE,,HOVE,BRIGHTON AND HOVE,BRIGHTON AND HOVE,Standard,Addition,50.8473290000,-0.1926580000
370000,2016-04-15 00:00:00Z,BN3 8PP,Semi-Detached,Established,Freehold,70,,NORTHEASE DRIVE,,HOVE,BRIGHTON AND HOVE,BRIGHTON AND HOVE,Standard,Addition,50.8486400000,-0.1977930000
250000,2016-08-09 00:00:00Z,BN3 8LT,Semi-Detached,Established,Freehold,22,,HANGLETON CLOSE,,HOVE,BRIGHTON AND HOVE,BRIGHTON AND HOVE,Additional,Addition,50.8452720000,-0.1997980000
368000,2016-07-27 00:00:00Z,BN3 8LS,Semi-Detached,Established,Freehold,43,,WEST WAY,,HOVE,BRIGHTON AND HOVE,BRIGHTON AND HOVE,Standard,Addition,50.8462370000,-0.1981980000
421600,2016-08-05 00:00:00Z,BN3 7JB,Terraced,Established,Freehold,8,,MAYTREE WALK,,HOVE,BRIGHTON AND HOVE,BRIGHTON AND HOVE,Standard,Addition,50.8423400000,-0.1956780000
348450,2016-07-22 00:00:00Z,BN3 7JH,Terraced,Established,Freehold,77,,ROWAN AVENUE,,HOVE,BRIGHTON AND HOVE,BRIGHTON AND HOVE,Standard,Addition,50.8430630000,-0.1965310000
340000,2016-06-08 00:00:00Z,BN3 8LG,Semi-Detached,Established,Freehold,3,,SUMMERDALE ROAD,,HOVE,BRIGHTON AND HOVE,BRIGHTON AND HOVE,Standard,Addition,50.8476110000,-0.1974630000
170000,2016-02-19 00:00:00Z,BN3 8LT,Semi-Detached,Established,Leasehold,1A,,HANGLETON CLOSE,,HOVE,BRIGHTON AND HOVE,BRIGHTON AND HOVE,Standard,Addition,50.8452720000,-0.1997980000
379000,2016-03-24 00:00:00Z,BN3 7LW,Terraced,Established,Freehold,18,,WAYFIELD AVENUE,,HOVE,BRIGHTON AND HOVE,BRIGHTON AND HOVE,Standard,Addition,50.8407330000,-0.1906690000
270000,2016-09-06 00:00:00Z,BN3 8LB,Semi-Detached,Established,Freehold,48,,DALE VIEW,,HOVE,BRIGHTON AND HOVE,BRIGHTON AND HOVE,Additional,Addition,50.8445470000,-0.1988460000
343000,2016-12-15 00:00:00Z,BN3 7FH,Semi-Detached,Established,Freehold,3,,MARTIN ROAD,,HOVE,BRIGHTON AND HOVE,BRIGHTON AND HOVE,Standard,Addition,50.8421880000,-0.1998170000
135000,2016-10-28 00:00:00Z,BN3 8LD,Other,Established,Leasehold,5,,WEST WAY,,HOVE,BRIGHTON AND HOVE,BRIGHTON AND HOVE,Additional,Addition,50.8450240000,-0.1953900000
510000,2016-03-08 00:00:00Z,BN3 7NG,Detached,Established,Freehold,203,,NEVILL AVENUE,,HOVE,BRIGHTON AND HOVE,BRIGHTON AND HOVE,Standard,Addition,50.8440280000,-0.1916620000
215000,2016-04-22 00:00:00Z,BN3 8BB,Flats/Maisonettes,Established,Leasehold,34,,SHERBOURNE ROAD,,HOVE,BRIGHTON AND HOVE,BRIGHTON AND HOVE,Standard,Addition,50.8496460000,-0.1999700000
375000,2016-04-05 00:00:00Z,BN3 7FL,Terraced,Established,Freehold,52,,WILFRID ROAD,,HOVE,BRIGHTON AND HOVE,BRIGHTON AND HOVE,Standard,Addition,50.8407790000,-0.1994310000
224950,2016-03-22 00:00:00Z,BN3 8BB,Flats/Maisonettes,Established,Leasehold,52,,SHERBOURNE ROAD,,HOVE,BRIGHTON AND HOVE,BRIGHTON AND HOVE,Standard,Addition,50.8496460000,-0.1999700000
370000,2016-04-19 00:00:00Z,BN3 8LT,Semi-Detached,Established,Freehold,7,,HANGLETON CLOSE,,HOVE,BRIGHTON AND HOVE,BRIGHTON AND HOVE,Standard,Addition,50.8452720000,-0.1997980000
189950,2016-03-10 00:00:00Z,BN3 7LP,Flats/Maisonettes,Established,Leasehold,218A,,HANGLETON ROAD,,HOVE,BRIGHTON AND HOVE,BRIGHTON AND HOVE,Standard,Addition,50.8461290000,-0.1910290000
394000,2016-03-24 00:00:00Z,BN3 7FY,Semi-Detached,Established,Freehold,11,,OLD SCHOOL PLACE,,HOVE,BRIGHTON AND HOVE,BRIGHTON AND HOVE,Standard,Addition,50.8436170000,-0.1974470000
400000,2016-03-31 00:00:00Z,BN3 7JA,Terraced,Established,Freehold,115,,ELM DRIVE,,HOVE,BRIGHTON AND HOVE,BRIGHTON AND HOVE,Standard,Addition,50.8406940000,-0.1939370000
475500,2016-03-31 00:00:00Z,BN3 8LG,Semi-Detached,Established,Freehold,12,,SUMMERDALE ROAD,,HOVE,BRIGHTON AND HOVE,BRIGHTON AND HOVE,Standard,Addition,50.8476110000,-0.1974630000
298000,2016-02-26 00:00:00Z,BN3 7JW,Terraced,Established,Freehold,19,,LABURNUM AVENUE,,HOVE,BRIGHTON AND HOVE,BRIGHTON AND HOVE,Standard,Addition,50.8415660000,-0.1921850000
370000,2016-03-18 00:00:00Z,BN3 7JD,Semi-Detached,Established,Freehold,215,,ELM DRIVE,,HOVE,BRIGHTON AND HOVE,BRIGHTON AND HOVE,Standard,Addition,50.8433220000,-0.1940630000
317000,2016-02-19 00:00:00Z,BN3 7RE,Terraced,Established,Freehold,5,,WAYFIELD CLOSE,,HOVE,BRIGHTON AND HOVE,BRIGHTON AND HOVE,Standard,Addition,50.8413320000,-0.1903900000
350000,2016-01-15 00:00:00Z,BN3 8LT,Detached,Established,Freehold,28,,HANGLETON CLOSE,,HOVE,BRIGHTON AND HOVE,BRIGHTON AND HOVE,Standard,Addition,50.8452720000,-0.1997980000
346950,2016-02-12 00:00:00Z,BN3 8PB,Detached,Established,Freehold,1,,LARK HILL,,HOVE,BRIGHTON AND HOVE,BRIGHTON AND HOVE,Standard,Addition,50.8498470000,-0.1926180000
347500,2016-02-12 00:00:00Z,BN3 7JA,Terraced,Established,Freehold,161,,ELM DRIVE,,HOVE,BRIGHTON AND HOVE,BRIGHTON AND HOVE,Standard,Addition,50.8406940000,-0.1939370000
329950,2016-02-29 00:00:00Z,BN3 7JL,Terraced,Established,Freehold,100,,ELM DRIVE,,HOVE,BRIGHTON AND HOVE,BRIGHTON AND HOVE,Standard,Addition,50.8412030000,-0.1946710000
236000,2016-11-01 00:00:00Z,BN3 8BB,Flats/Maisonettes,Established,Leasehold,28,GROUND FLOOR FLAT,SHERBOURNE ROAD,,HOVE,BRIGHTON AND HOVE,BRIGHTON AND HOVE,Standard,Addition,50.8496460000,-0.1999700000
299950,2016-11-14 00:00:00Z,BN3 7FF,Terraced,Established,Freehold,90,,STAPLEY ROAD,,HOVE,BRIGHTON AND HOVE,BRIGHTON AND HOVE,Standard,Addition,50.8414060000,-0.1979160000
266000,2016-10-21 00:00:00Z,BN3 7FF,Terraced,Established,Freehold,94,,STAPLEY ROAD,,HOVE,BRIGHTON AND HOVE,BRIGHTON AND HOVE,Standard,Addition,50.8414060000,-0.1979160000
242500,2016-06-01 00:00:00Z,BN3 8LA,Flats/Maisonettes,Established,Leasehold,1A,,DALE VIEW,,HOVE,BRIGHTON AND HOVE,BRIGHTON AND HOVE,Standard,Addition,50.8449120000,-0.1986180000
550000,2016-10-19 00:00:00Z,BN3 7LW,Detached,Established,Freehold,9,,WAYFIELD AVENUE,,HOVE,BRIGHTON AND HOVE,BRIGHTON AND HOVE,Standard,Addition,50.8407330000,-0.1906690000
432000,2016-11-07 00:00:00Z,BN3 7JA,Semi-Detached,Established,Freehold,103,,ELM DRIVE,,HOVE,BRIGHTON AND HOVE,BRIGHTON AND HOVE,Standard,Addition,50.8406940000,-0.1939370000
424950,2016-11-04 00:00:00Z,BN3 8JJ,Semi-Detached,Established,Freehold,38,,APPLESHAM AVENUE,,HOVE,BRIGHTON AND HOVE,BRIGHTON AND HOVE,Standard,Addition,50.8473290000,-0.1926580000
410000,2016-10-26 00:00:00Z,BN3 8LB,Detached,Established,Freehold,16,,DALE VIEW,,HOVE,BRIGHTON AND HOVE,BRIGHTON AND HOVE,Standard,Addition,50.8445470000,-0.1988460000
380000,2016-12-02 00:00:00Z,BN3 7JB,Semi-Detached,Established,Freehold,3,,MAYTREE WALK,,HOVE,BRIGHTON AND HOVE,BRIGHTON AND HOVE,Standard,Addition,50.8423400000,-0.1956780000
340000,2016-12-21 00:00:00Z,BN3 8LF,Semi-Detached,Established,Freehold,53,,DALE VIEW,,HOVE,BRIGHTON AND HOVE,BRIGHTON AND HOVE,Standard,Addition,50.8466780000,-0.1959220000
330000,2016-07-27 00:00:00Z,BN3 8LL,Semi-Detached,Established,Freehold,44,,GLETON AVENUE,,HOVE,BRIGHTON AND HOVE,BRIGHTON AND HOVE,Standard,Addition,50.8469820000,-0.1980840000
197500,2016-06-03 00:00:00Z,BN3 8LA,Flats/Maisonettes,Established,Leasehold,1,FLAT 2,DALE VIEW,,HOVE,BRIGHTON AND HOVE,BRIGHTON AND HOVE,Standard,Addition,50.8449120000,-0.1986180000
340000,2016-07-08 00:00:00Z,BN3 7JE,Terraced,Established,Freehold,152,,ELM DRIVE,,HOVE,BRIGHTON AND HOVE,BRIGHTON AND HOVE,Standard,Addition,50.8432400000,-0.1945780000
417000,2016-07-20 00:00:00Z,BN3 8JL,Semi-Detached,Established,Freehold,9,,THORNHILL CLOSE,,HOVE,BRIGHTON AND HOVE,BRIGHTON AND HOVE,Standard,Addition,50.8484100000,-0.1939240000
247500,2016-10-03 00:00:00Z,BN3 8BD,Flats/Maisonettes,Established,Leasehold,2,,SHERBOURNE CLOSE,,HOVE,BRIGHTON AND HOVE,BRIGHTON AND HOVE,Standard,Addition,50.8493080000,-0.1990880000
202000,2016-07-29 00:00:00Z,BN3 8JD,Flats/Maisonettes,Established,Leasehold,24,,SUNNINGHILL CLOSE,,HOVE,BRIGHTON AND HOVE,BRIGHTON AND HOVE,Standard,Addition,50.8457210000,-0.1921670000
383000,2016-07-15 00:00:00Z,BN3 7FY,Terraced,Established,Freehold,23,,OLD SCHOOL PLACE,,HOVE,BRIGHTON AND HOVE,BRIGHTON AND HOVE,Standard,Addition,50.8436170000,-0.1974470000
415000,2016-04-08 00:00:00Z,BN3 7LT,Semi-Detached,Established,Freehold,178,,HANGLETON ROAD,,HOVE,BRIGHTON AND HOVE,BRIGHTON AND HOVE,Standard,Addition,50.8445380000,-0.1959200000
310000,2016-09-26 00:00:00Z,BN3 8LN,Semi-Detached,Established,Freehold,27,,GLETON AVENUE,,HOVE,BRIGHTON AND HOVE,BRIGHTON AND HOVE,Standard,Addition,50.8467620000,-0.1984480000
445000,2016-04-11 00:00:00Z,BN3 8LG,Semi-Detached,Established,Freehold,7,,SUMMERDALE ROAD,,HOVE,BRIGHTON AND HOVE,BRIGHTON AND HOVE,Standard,Addition,50.8476110000,-0.1974630000
370000,2016-03-21 00:00:00Z,BN3 7JD,Terraced,Established,Freehold,195,,ELM DRIVE,,HOVE,BRIGHTON AND HOVE,BRIGHTON AND HOVE,Standard,Addition,50.8433220000,-0.1940630000
249950,2016-08-02 00:00:00Z,BN3 8BA,Flats/Maisonettes,Established,Leasehold,23,,SHERBOURNE ROAD,,HOVE,BRIGHTON AND HOVE,BRIGHTON AND HOVE,Standard,Addition,50.8493060000,-0.1995430000
422000,2016-09-27 00:00:00Z,BN3 7JA,Semi-Detached,Established,Freehold,63,,ELM DRIVE,,HOVE,BRIGHTON AND HOVE,BRIGHTON AND HOVE,Standard,Addition,50.8406940000,-0.1939370000
305000,2016-10-28 00:00:00Z,BN3 8LD,Other,Established,Freehold,5A,,WEST WAY,,HOVE,BRIGHTON AND HOVE,BRIGHTON AND HOVE,Additional,Addition,50.8450240000,-0.1953900000
199950,2016-09-30 00:00:00Z,BN3 8BE,Flats/Maisonettes,Established,Leasehold,57,,SHERBOURNE CLOSE,,HOVE,BRIGHTON AND HOVE,BRIGHTON AND HOVE,Standard,Addition,50.8499730000,-0.1984380000
330125,2016-05-06 00:00:00Z,BN3 7FG,Semi-Detached,Established,Freehold,124,,STAPLEY ROAD,,HOVE,BRIGHTON AND HOVE,BRIGHTON AND HOVE,Standard,Addition,50.8426450000,-0.1979670000
234950,2016-04-19 00:00:00Z,BN3 8BB,Flats/Maisonettes,Established,Leasehold,36,,SHERBOURNE ROAD,,HOVE,BRIGHTON AND HOVE,BRIGHTON AND HOVE,Standard,Addition,50.8496460000,-0.1999700000
386000,2016-03-30 00:00:00Z,BN3 7FY,Semi-Detached,Established,Freehold,14,,OLD SCHOOL PLACE,,HOVE,BRIGHTON AND HOVE,BRIGHTON AND HOVE,Standard,Addition,50.8436170000,-0.1974470000
297000,2016-01-11 00:00:00Z,BN3 7FL,Semi-Detached,Established,Freehold,40,,WILFRID ROAD,,HOVE,BRIGHTON AND HOVE,BRIGHTON AND HOVE,Standard,Addition,50.8407790000,-0.1994310000
300000,2016-01-15 00:00:00Z,BN3 8LT,Semi-Detached,Established,Freehold,29,,HANGLETON CLOSE,,HOVE,BRIGHTON AND HOVE,BRIGHTON AND HOVE,Standard,Addition,50.8452720000,-0.1997980000
460000,2016-01-05 00:00:00Z,BN3 7LS,Semi-Detached,Established,Freehold,201,,HANGLETON ROAD,,HOVE,BRIGHTON AND HOVE,BRIGHTON AND HOVE,Standard,Addition,50.8441990000,-0.1949670000
337500,2016-09-01 00:00:00Z,BN3 7JD,Terraced,Established,Freehold,199,,ELM DRIVE,,HOVE,BRIGHTON AND HOVE,BRIGHTON AND HOVE,Standard,Addition,50.8433220000,-0.1940630000
370000,2016-06-10 00:00:00Z,BN3 8PP,Semi-Detached,Established,Freehold,72,,NORTHEASE DRIVE,,HOVE,BRIGHTON AND HOVE,BRIGHTON AND HOVE,Standard,Addition,50.8486400000,-0.1977930000
400000,2016-02-05 00:00:00Z,BN3 7JA,Terraced,Established,Freehold,153,,ELM DRIVE,,HOVE,BRIGHTON AND HOVE,BRIGHTON AND HOVE,Standard,Addition,50.8406940000,-0.1939370000
360000,2016-12-16 00:00:00Z,BN3 7JH,Terraced,Established,Freehold,87,,ROWAN AVENUE,,HOVE,BRIGHTON AND HOVE,BRIGHTON AND HOVE,Standard,Addition,50.8430630000,-0.1965310000
485000,2016-11-30 00:00:00Z,BN3 7LS,Semi-Detached,Established,Freehold,215,,HANGLETON ROAD,,HOVE,BRIGHTON AND HOVE,BRIGHTON AND HOVE,Standard,Addition,50.8441990000,-0.1949670000
460000,2016-08-25 00:00:00Z,BN3 8JL,Semi-Detached,Established,Freehold,14,,THORNHILL CLOSE,,HOVE,BRIGHTON AND HOVE,BRIGHTON AND HOVE,Standard,Addition,50.8484100000,-0.1939240000
475000,2016-08-26 00:00:00Z,BN3 8JF,Semi-Detached,Established,Freehold,21,,APPLESHAM AVENUE,,HOVE,BRIGHTON AND HOVE,BRIGHTON AND HOVE,Standard,Addition,50.8457820000,-0.1938120000
235000,2016-08-12 00:00:00Z,BN3 8BD,Flats/Maisonettes,Established,Leasehold,23,,SHERBOURNE CLOSE,,HOVE,BRIGHTON AND HOVE,BRIGHTON AND HOVE,Standard,Addition,50.8493080000,-0.1990880000
335000,2016-01-08 00:00:00Z,BN3 8BA,Detached,Established,Freehold,5,,SHERBOURNE ROAD,,HOVE,BRIGHTON AND HOVE,BRIGHTON AND HOVE,Standard,Addition,50.8493060000,-0.1995430000
425000,2017-07-21 00:00:00Z,BN3 7LR,Semi-Detached,Established,Freehold,297,,HANGLETON ROAD,,HOVE,BRIGHTON AND HOVE,BRIGHTON AND HOVE,Standard,Addition,50.8459640000,-0.1902260000
696000,2017-07-17 00:00:00Z,BN3 7NG,Detached,Established,Freehold,184,,NEVILL AVENUE,,HOVE,BRIGHTON AND HOVE,BRIGHTON AND HOVE,Standard,Addition,50.8440280000,-0.1916620000
495000,2017-05-03 00:00:00Z,BN3 7NU,Terraced,Established,Freehold,1,,SILVER BIRCH CLOSE,,HOVE,BRIGHTON AND HOVE,BRIGHTON AND HOVE,Standard,Addition,50.8428870000,-0.1959700000
8000,2017-10-09 00:00:00Z,BN3 8LF,Other,Established,Freehold,59,,DALE VIEW,,HOVE,BRIGHTON AND HOVE,BRIGHTON AND HOVE,Additional,Addition,50.8466780000,-0.1959220000
220000,2017-03-14 00:00:00Z,BN3 8JE,Terraced,Established,Leasehold,32,,STORRINGTON CLOSE,,HOVE,BRIGHTON AND HOVE,BRIGHTON AND HOVE,Standard,Addition,50.8466880000,-0.1919020000
445000,2017-04-24 00:00:00Z,BN3 8PP,Semi-Detached,Established,Freehold,56,,NORTHEASE DRIVE,,HOVE,BRIGHTON AND HOVE,BRIGHTON AND HOVE,Standard,Addition,50.8486400000,-0.1977930000
450000,2017-06-16 00:00:00Z,BN3 8LT,Semi-Detached,Established,Freehold,2,,HANGLETON CLOSE,,HOVE,BRIGHTON AND HOVE,BRIGHTON AND HOVE,Standard,Addition,50.8452720000,-0.1997980000
217500,2017-07-04 00:00:00Z,BN3 7FH,Flats/Maisonettes,Established,Leasehold,18A,,MARTIN ROAD,,HOVE,BRIGHTON AND HOVE,BRIGHTON AND HOVE,Standard,Addition,50.8421880000,-0.1998170000
442500,2017-03-24 00:00:00Z,BN3 8JJ,Semi-Detached,Established,Freehold,36,,APPLESHAM AVENUE,,HOVE,BRIGHTON AND HOVE,BRIGHTON AND HOVE,Standard,Addition,50.8473290000,-0.1926580000
240000,2017-05-19 00:00:00Z,BN3 8BA,Terraced,Established,Leasehold,27,,SHERBOURNE ROAD,,HOVE,BRIGHTON AND HOVE,BRIGHTON AND HOVE,Standard,Addition,50.8493060000,-0.1995430000
305000,2017-05-25 00:00:00Z,BN3 8LQ,Semi-Detached,Established,Freehold,50,,WEST WAY,,HOVE,BRIGHTON AND HOVE,BRIGHTON AND HOVE,Standard,Addition,50.8457630000,-0.1984010000
365000,2017-06-09 00:00:00Z,BN3 7FS,Semi-Detached,Established,Freehold,97,,GODWIN ROAD,,HOVE,BRIGHTON AND HOVE,BRIGHTON AND HOVE,Standard,Addition,50.8429990000,-0.1999560000
377000,2017-06-16 00:00:00Z,BN3 7JF,Terraced,Established,Freehold,29,,ROWAN AVENUE,,HOVE,BRIGHTON AND HOVE,BRIGHTON AND HOVE,Standard,Addition,50.8413420000,-0.1957310000
490000,2017-12-18 00:00:00Z,BN3 8PT,Semi-Detached,Established,Freehold,87,,POPLAR AVENUE,,HOVE,BRIGHTON AND HOVE,BRIGHTON AND HOVE,Standard,Addition,50.8479490000,-0.1943530000
295000,2017-06-16 00:00:00Z,BN3 7FJ,Semi-Detached,Established,Freehold,23,,WILFRID ROAD,,HOVE,BRIGHTON AND HOVE,BRIGHTON AND HOVE,Additional,Addition,50.8406650000,-0.1990090000
467000,2017-10-20 00:00:00Z,BN3 8LA,Semi-Detached,Established,Freehold,5,,DALE VIEW,,HOVE,BRIGHTON AND HOVE,BRIGHTON AND HOVE,Standard,Addition,50.8449120000,-0.1986180000
374000,2017-11-15 00:00:00Z,BN3 8LG,Semi-Detached,Established,Freehold,30,,SUMMERDALE ROAD,,HOVE,BRIGHTON AND HOVE,BRIGHTON AND HOVE,Standard,Addition,50.8476110000,-0.1974630000
337000,2017-10-20 00:00:00Z,BN3 7FT,Semi-Detached,Established,Freehold,112,,GODWIN ROAD,,HOVE,BRIGHTON AND HOVE,BRIGHTON AND HOVE,Standard,Addition,50.8427970000,-0.1996800000
345000,2017-10-27 00:00:00Z,BN3 8LT,Detached,Established,Freehold,26,,HANGLETON CLOSE,,HOVE,BRIGHTON AND HOVE,BRIGHTON AND HOVE,Standard,Addition,50.8452720000,-0.1997980000
436000,2017-05-11 00:00:00Z,BN3 7JA,Semi-Detached,Established,Freehold,95,,ELM DRIVE,,HOVE,BRIGHTON AND HOVE,BRIGHTON AND HOVE,Standard,Addition,50.8406940000,-0.1939370000
2000,2017-10-05 00:00:00Z,BN3 7JL,Other,Established,Leasehold,82,GROUND FLOOR,ELM DRIVE,,HOVE,BRIGHTON AND HOVE,BRIGHTON AND HOVE,Additional,Addition,50.8412030000,-0.1946710000
332500,2017-10-25 00:00:00Z,BN3 8LB,Detached,Established,Freehold,12,,DALE VIEW,,HOVE,BRIGHTON AND HOVE,BRIGHTON AND HOVE,Additional,Addition,50.8445470000,-0.1988460000
525000,2017-10-27 00:00:00Z,BN3 7SH,Semi-Detached,Established,Freehold,154,,HANGLETON ROAD,,HOVE,BRIGHTON AND HOVE,BRIGHTON AND HOVE,Additional,Addition,50.8441060000,-0.1988060000
480000,2017-10-09 00:00:00Z,BN3 7NU,Terraced,Established,Freehold,5,,SILVER BIRCH CLOSE,,HOVE,HASTINGS,EAST SUSSEX,Standard,Addition,50.8428870000,-0.1959700000
387475,2017-02-24 00:00:00Z,BN3 8PX,Semi-Detached,Established,Freehold,10,,POPLAR AVENUE,,HOVE,BRIGHTON AND HOVE,BRIGHTON AND HOVE,Standard,Addition,50.8459510000,-0.1948420000
490000,2017-02-10 00:00:00Z,BN3 7LR,Semi-Detached,Established,Freehold,247,,HANGLETON ROAD,,HOVE,BRIGHTON AND HOVE,BRIGHTON AND HOVE,Standard,Addition,50.8459640000,-0.1902260000
305000,2017-03-06 00:00:00Z,BN3 8LT,Semi-Detached,Established,Freehold,12,,HANGLETON CLOSE,,HOVE,BRIGHTON AND HOVE,BRIGHTON AND HOVE,Standard,Addition,50.8452720000,-0.1997980000
400000,2017-06-02 00:00:00Z,BN3 8JJ,Semi-Detached,Established,Freehold,48,,APPLESHAM AVENUE,,HOVE,BRIGHTON AND HOVE,BRIGHTON AND HOVE,Standard,Addition,50.8473290000,-0.1926580000
515000,2017-09-29 00:00:00Z,BN3 7JD,Semi-Detached,Established,Freehold,177,,ELM DRIVE,,HOVE,BRIGHTON AND HOVE,BRIGHTON AND HOVE,Standard,Addition,50.8433220000,-0.1940630000
252500,2017-08-25 00:00:00Z,BN3 8BD,Flats/Maisonettes,Established,Leasehold,30,,SHERBOURNE CLOSE,,HOVE,BRIGHTON AND HOVE,BRIGHTON AND HOVE,Standard,Addition,50.8493080000,-0.1990880000
430000,2017-12-19 00:00:00Z,BN3 8PP,Detached,Established,Freehold,75,,NORTHEASE DRIVE,,HOVE,BRIGHTON AND HOVE,BRIGHTON AND HOVE,Standard,Addition,50.8486400000,-0.1977930000
330000,2017-12-19 00:00:00Z,BN3 7JE,Terraced,Established,Freehold,194,,ELM DRIVE,,HOVE,BRIGHTON AND HOVE,BRIGHTON AND HOVE,Standard,Addition,50.8432400000,-0.1945780000
349950,2017-12-20 00:00:00Z,BN3 8LL,Semi-Detached,Established,Freehold,50,,GLETON AVENUE,,HOVE,BRIGHTON AND HOVE,BRIGHTON AND HOVE,Standard,Addition,50.8469820000,-0.1980840000
180000,2017-12-08 00:00:00Z,BN3 8PW,Flats/Maisonettes,Established,Leasehold,12,,POPLAR CLOSE,,HOVE,BRIGHTON AND HOVE,BRIGHTON AND HOVE,Standard,Addition,50.8496640000,-0.1965180000
390000,2017-02-13 00:00:00Z,BN3 7JG,Terraced,Established,Freehold,62,,ROWAN AVENUE,,HOVE,BRIGHTON AND HOVE,BRIGHTON AND HOVE,Standard,Addition,50.8409770000,-0.1959430000
415000,2017-02-23 00:00:00Z,BN3 7LP,Detached,Established,Freehold,252,,HANGLETON ROAD,,HOVE,BRIGHTON AND HOVE,BRIGHTON AND HOVE,Standard,Addition,50.8461290000,-0.1910290000
262500,2017-01-09 00:00:00Z,BN3 7FF,Terraced,Established,Freehold,81,,STAPLEY ROAD,,HOVE,BRIGHTON AND HOVE,BRIGHTON AND HOVE,Standard,Addition,50.8414060000,-0.1979160000
367500,2017-01-13 00:00:00Z,BN3 7JH,Terraced,Established,Freehold,138,,ROWAN AVENUE,,HOVE,BRIGHTON AND HOVE,BRIGHTON AND HOVE,Standard,Addition,50.8430630000,-0.1965310000
460000,2017-01-13 00:00:00Z,BN3 8JN,Semi-Detached,Established,Freehold,88,,APPLESHAM AVENUE,,HOVE,BRIGHTON AND HOVE,BRIGHTON AND HOVE,Standard,Addition,50.8486070000,-0.1927230000
364000,2017-01-05 00:00:00Z,BN3 8LF,Semi-Detached,Established,Freehold,49,,DALE VIEW,,HOVE,BRIGHTON AND HOVE,BRIGHTON AND HOVE,Standard,Addition,50.8466780000,-0.1959220000
385000,2017-06-08 00:00:00Z,BN3 8BA,Detached,Established,Freehold,3,,SHERBOURNE ROAD,,HOVE,BRIGHTON AND HOVE,BRIGHTON AND HOVE,Standard,Addition,50.8493060000,-0.1995430000
380000,2017-08-18 00:00:00Z,BN3 7JL,Semi-Detached,Established,Freehold,94,,ELM DRIVE,,HOVE,BRIGHTON AND HOVE,BRIGHTON AND HOVE,Standard,Addition,50.8412030000,-0.1946710000
337500,2017-08-25 00:00:00Z,BN3 8JP,Semi-Detached,Established,Freehold,53,,AMBERLEY DRIVE,,HOVE,BRIGHTON AND HOVE,BRIGHTON AND HOVE,Standard,Addition,50.8497310000,-0.1909600000
375000,2017-05-16 00:00:00Z,BN3 8LG,Semi-Detached,Established,Freehold,13,,SUMMERDALE ROAD,,HOVE,BRIGHTON AND HOVE,BRIGHTON AND HOVE,Standard,Addition,50.8476110000,-0.1974630000
367500,2017-11-13 00:00:00Z,BN3 7JF,Terraced,Established,Freehold,13,,ROWAN AVENUE,,HOVE,BRIGHTON AND HOVE,BRIGHTON AND HOVE,Additional,Addition,50.8413420000,-0.1957310000
505000,2017-08-18 00:00:00Z,BN3 8LT,Semi-Detached,Established,Freehold,15,,HANGLETON CLOSE,,HOVE,BRIGHTON AND HOVE,BRIGHTON AND HOVE,Standard,Addition,50.8452720000,-0.1997980000
502500,2017-07-17 00:00:00Z,BN3 8LB,Detached,Established,Freehold,18,,DALE VIEW,,HOVE,BRIGHTON AND HOVE,BRIGHTON AND HOVE,Standard,Addition,50.8445470000,-0.1988460000
445000,2017-07-14 00:00:00Z,BN3 8PT,Semi-Detached,Established,Freehold,45,,POPLAR AVENUE,,HOVE,BRIGHTON AND HOVE,BRIGHTON AND HOVE,Standard,Addition,50.8479490000,-0.1943530000
327000,2017-06-26 00:00:00Z,BN3 8GG,Semi-Detached,Established,Freehold,53,,CLARKE AVENUE,,HOVE,BRIGHTON AND HOVE,BRIGHTON AND HOVE,Standard,Addition,50.8479560000,-0.1901200000
480000,2017-07-10 00:00:00Z,BN3 7NU,Terraced,Established,Freehold,3,,SILVER BIRCH CLOSE,,HOVE,BRIGHTON AND HOVE,BRIGHTON AND HOVE,Standard,Addition,50.8428870000,-0.1959700000
297000,2017-12-04 00:00:00Z,BN3 8LT,Semi-Detached,Established,Freehold,3,,HANGLETON CLOSE,,HOVE,BRIGHTON AND HOVE,BRIGHTON AND HOVE,Standard,Addition,50.8452720000,-0.1997980000
445000,2017-08-25 00:00:00Z,BN3 8BB,Detached,Established,Freehold,10,,SHERBOURNE ROAD,,HOVE,BRIGHTON AND HOVE,BRIGHTON AND HOVE,Standard,Addition,50.8496460000,-0.1999700000
295000,2017-09-11 00:00:00Z,BN3 8LD,Semi-Detached,Established,Freehold,21,,WEST WAY,,HOVE,BRIGHTON AND HOVE,BRIGHTON AND HOVE,Additional,Addition,50.8450240000,-0.1953900000
423000,2017-10-10 00:00:00Z,BN3 8PB,Semi-Detached,Established,Freehold,5,,LARK HILL,,HOVE,BRIGHTON AND HOVE,BRIGHTON AND HOVE,Standard,Addition,50.8498470000,-0.1926180000
405000,2017-10-03 00:00:00Z,BN3 8PR,Semi-Detached,Established,Freehold,3,,NORTHEASE GARDENS,,HOVE,BRIGHTON AND HOVE,BRIGHTON AND HOVE,Standard,Addition,50.8491400000,-0.1945630000
402500,2017-12-20 00:00:00Z,BN3 7LW,Semi-Detached,Established,Freehold,38,,WAYFIELD AVENUE,,HOVE,BRIGHTON AND HOVE,BRIGHTON AND HOVE,Standard,Addition,50.8407330000,-0.1906690000
360000,2017-09-12 00:00:00Z,BN3 7JH,Semi-Detached,Established,Freehold,69,,ROWAN AVENUE,,HOVE,BRIGHTON AND HOVE,BRIGHTON AND HOVE,Standard,Addition,50.8430630000,-0.1965310000
515000,2017-05-26 00:00:00Z,BN3 7NU,Semi-Detached,Established,Freehold,2,,SILVER BIRCH CLOSE,,HOVE,BRIGHTON AND HOVE,BRIGHTON AND HOVE,Standard,Addition,50.8428870000,-0.1959700000
453000,2018-11-02 00:00:00Z,BN3 7LT,Semi-Detached,Established,Freehold,182,,HANGLETON ROAD,,HOVE,BRIGHTON AND HOVE,BRIGHTON AND HOVE,Additional,Addition,50.8445380000,-0.1959200000
475000,2018-11-28 00:00:00Z,BN3 7JA,Semi-Detached,Established,Freehold,53,,ELM DRIVE,,HOVE,BRIGHTON AND HOVE,BRIGHTON AND HOVE,Standard,Addition,50.8406940000,-0.1939370000
376000,2018-01-05 00:00:00Z,BN3 7JG,Terraced,Established,Freehold,72,,ROWAN AVENUE,,HOVE,BRIGHTON AND HOVE,BRIGHTON AND HOVE,Standard,Addition,50.8409770000,-0.1959430000
395000,2018-05-08 00:00:00Z,BN3 7JB,Terraced,Established,Freehold,11,,MAYTREE WALK,,HOVE,BRIGHTON AND HOVE,BRIGHTON AND HOVE,Standard,Addition,50.8423400000,-0.1956780000
300000,2018-04-06 00:00:00Z,BN3 8LD,Other,Established,Freehold,1,,WEST WAY,,HOVE,BRIGHTON AND HOVE,BRIGHTON AND HOVE,Additional,Addition,50.8450240000,-0.1953900000
202000,2018-07-20 00:00:00Z,BN3 8LE,Flats/Maisonettes,Established,Leasehold,19,,KINGSTON CLOSE,,HOVE,BRIGHTON AND HOVE,BRIGHTON AND HOVE,Standard,Addition,50.8461490000,-0.1953890000
285000,2018-07-10 00:00:00Z,BN3 7FF,Terraced,Established,Freehold,98,,STAPLEY ROAD,,HOVE,BRIGHTON AND HOVE,BRIGHTON AND HOVE,Standard,Addition,50.8414060000,-0.1979160000
485000,2018-06-25 00:00:00Z,BN3 7LW,Detached,Established,Freehold,39,,WAYFIELD AVENUE,,HOVE,BRIGHTON AND HOVE,BRIGHTON AND HOVE,Standard,Addition,50.8407330000,-0.1906690000
427500,2018-08-17 00:00:00Z,BN3 7JA,Semi-Detached,Established,Freehold,83,,ELM DRIVE,,HOVE,BRIGHTON AND HOVE,BRIGHTON AND HOVE,Standard,Addition,50.8406940000,-0.1939370000
365000,2018-08-17 00:00:00Z,BN3 8PP,Detached,Established,Freehold,69,,NORTHEASE DRIVE,,HOVE,BRIGHTON AND HOVE,BRIGHTON AND HOVE,Standard,Addition,50.8486400000,-0.1977930000
440000,2018-07-31 00:00:00Z,BN3 8PT,Semi-Detached,Established,Freehold,67,,POPLAR AVENUE,,HOVE,BRIGHTON AND HOVE,BRIGHTON AND HOVE,Standard,Addition,50.8479490000,-0.1943530000
387000,2018-09-21 00:00:00Z,BN3 7NG,Semi-Detached,Established,Freehold,202,,NEVILL AVENUE,,HOVE,BRIGHTON AND HOVE,BRIGHTON AND HOVE,Standard,Addition,50.8440280000,-0.1916620000
390000,2018-10-09 00:00:00Z,BN3 7JG,Semi-Detached,Established,Freehold,66,,ROWAN AVENUE,,HOVE,BRIGHTON AND HOVE,BRIGHTON AND HOVE,Standard,Addition,50.8409770000,-0.1959430000
425000,2018-02-15 00:00:00Z,BN3 8PS,Semi-Detached,Established,Freehold,64,,POPLAR AVENUE,,HOVE,BRIGHTON AND HOVE,BRIGHTON AND HOVE,Standard,Addition,50.8481560000,-0.1949560000
514500,2018-10-12 00:00:00Z,BN3 7LP,Semi-Detached,Established,Freehold,268,,HANGLETON ROAD,,HOVE,BRIGHTON AND HOVE,BRIGHTON AND HOVE,Standard,Addition,50.8461290000,-0.1910290000
425000,2018-06-28 00:00:00Z,BN3 8PT,Semi-Detached,Established,Freehold,67,,POPLAR AVENUE,,HOVE,BRIGHTON AND HOVE,BRIGHTON AND HOVE,Additional,Addition,50.8479490000,-0.1943530000
380000,2018-02-20 00:00:00Z,BN3 8PP,Semi-Detached,Established,Freehold,50,,NORTHEASE DRIVE,,HOVE,BRIGHTON AND HOVE,BRIGHTON AND HOVE,Standard,Addition,50.8486400000,-0.1977930000
495000,2018-12-20 00:00:00Z,BN3 7LR,Detached,Established,Freehold,287,,HANGLETON ROAD,,HOVE,BRIGHTON AND HOVE,BRIGHTON AND HOVE,Additional,Addition,50.8459640000,-0.1902260000
385000,2018-09-21 00:00:00Z,BN3 8PS,Semi-Detached,Established,Freehold,58,,POPLAR AVENUE,,HOVE,BRIGHTON AND HOVE,BRIGHTON AND HOVE,Standard,Addition,50.8481560000,-0.1949560000
335000,2018-01-04 00:00:00Z,BN3 8GG,Semi-Detached,Established,Freehold,93,,CLARKE AVENUE,,HOVE,BRIGHTON AND HOVE,BRIGHTON AND HOVE,Additional,Addition,50.8479560000,-0.1901200000
390000,2018-10-05 00:00:00Z,BN3 8PX,Semi-Detached,Established,Freehold,16,,POPLAR AVENUE,,HOVE,BRIGHTON AND HOVE,BRIGHTON AND HOVE,Standard,Addition,50.8459510000,-0.1948420000
375000,2018-09-17 00:00:00Z,BN3 7FG,Semi-Detached,Established,Freehold,131,,STAPLEY ROAD,,HOVE,BRIGHTON AND HOVE,BRIGHTON AND HOVE,Standard,Addition,50.8426450000,-0.1979670000
500000,2018-06-15 00:00:00Z,BN3 8PS,Semi-Detached,Established,Freehold,52,,POPLAR AVENUE,,HOVE,BRIGHTON AND HOVE,BRIGHTON AND HOVE,Standard,Addition,50.8481560000,-0.1949560000
402000,2018-06-11 00:00:00Z,BN3 8JJ,Semi-Detached,Established,Freehold,49,,APPLESHAM AVENUE,,HOVE,BRIGHTON AND HOVE,BRIGHTON AND HOVE,Standard,Addition,50.8473290000,-0.1926580000
400000,2018-06-06 00:00:00Z,BN3 8PP,Semi-Detached,Established,Freehold,68,,NORTHEASE DRIVE,,HOVE,BRIGHTON AND HOVE,BRIGHTON AND HOVE,Standard,Addition,50.8486400000,-0.1977930000
432000,2018-07-10 00:00:00Z,BN3 8PS,Semi-Detached,Established,Freehold,68,,POPLAR AVENUE,,HOVE,BRIGHTON AND HOVE,BRIGHTON AND HOVE,Standard,Addition,50.8481560000,-0.1949560000
226000,2018-08-14 00:00:00Z,BN3 8BB,Flats/Maisonettes,Established,Leasehold,84,GROUND FLOOR FLAT,SHERBOURNE ROAD,,HOVE,BRIGHTON AND HOVE,BRIGHTON AND HOVE,Standard,Addition,50.8496460000,-0.1999700000
245000,2018-11-13 00:00:00Z,BN3 8BB,Semi-Detached,Established,Leasehold,50,,SHERBOURNE ROAD,,HOVE,BRIGHTON AND HOVE,BRIGHTON AND HOVE,Standard,Addition,50.8496460000,-0.1999700000
450000,2018-11-09 00:00:00Z,BN3 8PP,Semi-Detached,Established,Freehold,58,,NORTHEASE DRIVE,,HOVE,BRIGHTON AND HOVE,BRIGHTON AND HOVE,Standard,Addition,50.8486400000,-0.1977930000
452500,2018-10-12 00:00:00Z,BN3 7JH,Terraced,Established,Freehold,79,,ROWAN AVENUE,,HOVE,BRIGHTON AND HOVE,BRIGHTON AND HOVE,Standard,Addition,50.8430630000,-0.1965310000
332500,2018-11-21 00:00:00Z,BN3 8LQ,Semi-Detached,Established,Freehold,32,,WEST WAY,,HOVE,BRIGHTON AND HOVE,BRIGHTON AND HOVE,Standard,Addition,50.8457630000,-0.1984010000
415000,2018-06-15 00:00:00Z,BN3 7FY,Semi-Detached,Established,Freehold,30,,OLD SCHOOL PLACE,,HOVE,BRIGHTON AND HOVE,BRIGHTON AND HOVE,Standard,Addition,50.8436170000,-0.1974470000
342500,2018-12-18 00:00:00Z,BN3 7JL,Terraced,Established,Freehold,112,,ELM DRIVE,,HOVE,BRIGHTON AND HOVE,BRIGHTON AND HOVE,Standard,Addition,50.8412030000,-0.1946710000
550000,2018-11-08 00:00:00Z,BN3 7LW,Detached,Established,Freehold,27,,WAYFIELD AVENUE,,HOVE,BRIGHTON AND HOVE,BRIGHTON AND HOVE,Standard,Addition,50.8407330000,-0.1906690000
500000,2018-07-09 00:00:00Z,BN3 7LP,Detached,Established,Freehold,238,,HANGLETON ROAD,,HOVE,BRIGHTON AND HOVE,BRIGHTON AND HOVE,Standard,Addition,50.8461290000,-0.1910290000
488500,2018-05-25 00:00:00Z,BN3 8JJ,Semi-Detached,Established,Freehold,75,,APPLESHAM AVENUE,,HOVE,BRIGHTON AND HOVE,BRIGHTON AND HOVE,Standard,Addition,50.8473290000,-0.1926580000
5000,2018-08-03 00:00:00Z,BN3 8JG,Other,Established,Leasehold,5,,QUEENS PARADE,,HOVE,BRIGHTON AND HOVE,BRIGHTON AND HOVE,Additional,Addition,50.8449890000,-0.1934740000
415000,2018-11-30 00:00:00Z,BN3 8JS,Semi-Detached,Established,Freehold,14,,AMBERLEY DRIVE,,HOVE,BRIGHTON AND HOVE,BRIGHTON AND HOVE,Standard,Addition,50.8477480000,-0.1918330000
387500,2018-12-14 00:00:00Z,BN3 8GG,Semi-Detached,Established,Freehold,70,,CLARKE AVENUE,,HOVE,BRIGHTON AND HOVE,BRIGHTON AND HOVE,Standard,Addition,50.8479560000,-0.1901200000
360000,2018-04-05 00:00:00Z,BN3 8JD,Semi-Detached,Established,Freehold,43,,SUNNINGHILL CLOSE,,HOVE,BRIGHTON AND HOVE,BRIGHTON AND HOVE,Standard,Addition,50.8457210000,-0.1921670000
350000,2018-04-16 00:00:00Z,BN3 7RE,Terraced,Established,Freehold,16,,WAYFIELD CLOSE,,HOVE,BRIGHTON AND HOVE,BRIGHTON AND HOVE,Standard,Addition,50.8413320000,-0.1903900000
350000,2018-04-10 00:00:00Z,BN3 7FS,Semi-Detached,Established,Freehold,147,,GODWIN ROAD,,HOVE,BRIGHTON AND HOVE,BRIGHTON AND HOVE,Standard,Addition,50.8429990000,-0.1999560000
295000,2018-02-28 00:00:00Z,BN3 8LD,Other,Established,Freehold,7,,WEST WAY,,HOVE,BRIGHTON AND HOVE,BRIGHTON AND HOVE,Additional,Addition,50.8450240000,-0.1953900000
533000,2018-02-23 00:00:00Z,BN3 7LR,Semi-Detached,Established,Freehold,303,,HANGLETON ROAD,,HOVE,BRIGHTON AND HOVE,BRIGHTON AND HOVE,Standard,Addition,50.8459640000,-0.1902260000
187000,2018-02-14 00:00:00Z,BN3 8LE,Flats/Maisonettes,Established,Leasehold,7,,KINGSTON CLOSE,,HOVE,BRIGHTON AND HOVE,BRIGHTON AND HOVE,Standard,Addition,50.8461490000,-0.1953890000
387500,2018-08-14 00:00:00Z,BN3 8PX,Semi-Detached,Established,Freehold,22,,POPLAR AVENUE,,HOVE,BRIGHTON AND HOVE,BRIGHTON AND HOVE,Standard,Addition,50.8459510000,-0.1948420000
418000,2018-08-31 00:00:00Z,BN3 7LT,Semi-Detached,Established,Freehold,174,,HANGLETON ROAD,,HOVE,BRIGHTON AND HOVE,BRIGHTON AND HOVE,Standard,Addition,50.8445380000,-0.1959200000
475000,2018-02-09 00:00:00Z,BN3 7JH,Terraced,Established,Freehold,93,,ROWAN AVENUE,,HOVE,BRIGHTON AND HOVE,BRIGHTON AND HOVE,Standard,Addition,50.8430630000,-0.1965310000
455000,2018-02-12 00:00:00Z,BN3 8PQ,Semi-Detached,Established,Freehold,12,,NORTHEASE DRIVE,,HOVE,BRIGHTON AND HOVE,BRIGHTON AND HOVE,Standard,Addition,50.8493070000,-0.1937900000
477000,2018-08-07 00:00:00Z,BN3 8LF,Semi-Detached,Established,Freehold,61,,DALE VIEW,,HOVE,BRIGHTON AND HOVE,BRIGHTON AND HOVE,Standard,Addition,50.8466780000,-0.1959220000
515000,2018-06-22 00:00:00Z,BN3 7NU,Semi-Detached,Established,Freehold,4,,SILVER BIRCH CLOSE,,HOVE,BRIGHTON AND HOVE,BRIGHTON AND HOVE,Standard,Addition,50.8428870000,-0.1959700000
405000,2018-09-21 00:00:00Z,BN3 7RE,Terraced,Established,Freehold,9,,WAYFIELD CLOSE,,HOVE,BRIGHTON AND HOVE,BRIGHTON AND HOVE,Standard,Addition,50.8413320000,-0.1903900000
450000,2018-09-03 00:00:00Z,BN3 7LS,Semi-Detached,Established,Freehold,199,,HANGLETON ROAD,,HOVE,BRIGHTON AND HOVE,BRIGHTON AND HOVE,Standard,Addition,50.8441990000,-0.1949670000
360000,2019-05-10 00:00:00Z,BN3 8LT,Detached,Established,Freehold,25,,HANGLETON CLOSE,,HOVE,BRIGHTON AND HOVE,BRIGHTON AND HOVE,Standard,Addition,50.8452720000,-0.1997980000
370000,2019-09-25 00:00:00Z,BN3 8LG,Semi-Detached,Established,Freehold,11,,SUMMERDALE ROAD,,HOVE,BRIGHTON AND HOVE,BRIGHTON AND HOVE,Standard,Addition,50.8476110000,-0.1974630000
410000,2019-09-23 00:00:00Z,BN3 8PS,Semi-Detached,Established,Freehold,80,,POPLAR AVENUE,,HOVE,BRIGHTON AND HOVE,BRIGHTON AND HOVE,Standard,Addition,50.8481560000,-0.1949560000
535000,2019-03-22 00:00:00Z,BN3 7NU,Semi-Detached,Established,Freehold,9,,SILVER BIRCH CLOSE,,HOVE,BRIGHTON AND HOVE,BRIGHTON AND HOVE,Standard,Addition,50.8428870000,-0.1959700000
520000,2019-04-18 00:00:00Z,BN3 7NU,Semi-Detached,Established,Freehold,6,,SILVER BIRCH CLOSE,,HOVE,BRIGHTON AND HOVE,BRIGHTON AND HOVE,Standard,Addition,50.8428870000,-0.1959700000
353000,2019-07-26 00:00:00Z,BN3 8GG,Semi-Detached,Established,Freehold,76,,CLARKE AVENUE,,HOVE,BRIGHTON AND HOVE,BRIGHTON AND HOVE,Standard,Addition,50.8479560000,-0.1901200000
5000,2019-01-31 00:00:00Z,BN3 8LD,Other,Established,Leasehold,"HANGLETON CLINIC, 8",,WEST WAY,,HOVE,BRIGHTON AND HOVE,BRIGHTON AND HOVE,Additional,Addition,50.8450240000,-0.1953900000
375000,2019-02-20 00:00:00Z,BN3 8PP,Semi-Detached,Established,Freehold,57,,NORTHEASE DRIVE,,HOVE,BRIGHTON AND HOVE,BRIGHTON AND HOVE,Additional,Addition,50.8486400000,-0.1977930000
350000,2019-08-01 00:00:00Z,BN3 7FS,Semi-Detached,Established,Freehold,139,,GODWIN ROAD,,HOVE,BRIGHTON AND HOVE,BRIGHTON AND HOVE,Standard,Addition,50.8429990000,-0.1999560000
335000,2019-08-07 00:00:00Z,BN3 8LL,Semi-Detached,Established,Freehold,4,,GLETON AVENUE,,HOVE,BRIGHTON AND HOVE,BRIGHTON AND HOVE,Standard,Addition,50.8469820000,-0.1980840000
650000,2019-07-25 00:00:00Z,BN3 8LD,Detached,Established,Freehold,10,,WEST WAY,,HOVE,BRIGHTON AND HOVE,BRIGHTON AND HOVE,Standard,Addition,50.8450240000,-0.1953900000
427500,2019-09-24 00:00:00Z,BN3 7JD,Semi-Detached,Established,Freehold,175,,ELM DRIVE,,HOVE,BRIGHTON AND HOVE,BRIGHTON AND HOVE,Standard,Addition,50.8433220000,-0.1940630000
345000,2019-11-15 00:00:00Z,BN3 8LB,Semi-Detached,Established,Freehold,22,,DALE VIEW,,HOVE,BRIGHTON AND HOVE,BRIGHTON AND HOVE,Standard,Addition,50.8445470000,-0.1988460000
390000,2019-11-22 00:00:00Z,BN3 8LN,Semi-Detached,Established,Freehold,5,,GLETON AVENUE,,HOVE,BRIGHTON AND HOVE,BRIGHTON AND HOVE,Standard,Addition,50.8467620000,-0.1984480000
425000,2019-11-25 00:00:00Z,BN3 7JL,Semi-Detached,Established,Freehold,120,,ELM DRIVE,,HOVE,BRIGHTON AND HOVE,BRIGHTON AND HOVE,Standard,Addition,50.8412030000,-0.1946710000
565000,2019-11-29 00:00:00Z,BN3 7LS,Semi-Detached,Established,Freehold,197,,HANGLETON ROAD,,HOVE,BRIGHTON AND HOVE,BRIGHTON AND HOVE,Standard,Addition,50.8441990000,-0.1949670000
450000,2019-09-09 00:00:00Z,BN3 7JA,Semi-Detached,Established,Freehold,97,,ELM DRIVE,,HOVE,BRIGHTON AND HOVE,BRIGHTON AND HOVE,Standard,Addition,50.8406940000,-0.1939370000
235000,2019-12-06 00:00:00Z,BN3 8JD,Flats/Maisonettes,Established,Leasehold,26,,SUNNINGHILL CLOSE,,HOVE,BRIGHTON AND HOVE,BRIGHTON AND HOVE,Standard,Addition,50.8457210000,-0.1921670000
435000,2019-11-22 00:00:00Z,BN3 8PQ,Semi-Detached,Established,Freehold,35,,NORTHEASE DRIVE,,HOVE,BRIGHTON AND HOVE,BRIGHTON AND HOVE,Standard,Addition,50.8493070000,-0.1937900000
445000,2019-09-16 00:00:00Z,BN3 7LP,Detached,Established,Freehold,230,,HANGLETON ROAD,,HOVE,BRIGHTON AND HOVE,BRIGHTON AND HOVE,Additional,Addition,50.8461290000,-0.1910290000
435000,2019-02-14 00:00:00Z,BN3 8LQ,Semi-Detached,Established,Freehold,46,,WEST WAY,,HOVE,BRIGHTON AND HOVE,BRIGHTON AND HOVE,Standard,Addition,50.8457630000,-0.1984010000
342500,2019-10-24 00:00:00Z,BN3 8PX,Detached,Established,Freehold,3,,POPLAR AVENUE,,HOVE,BRIGHTON AND HOVE,BRIGHTON AND HOVE,Standard,Addition,50.8459510000,-0.1948420000
390000,2019-02-15 00:00:00Z,BN3 7LW,Semi-Detached,Established,Freehold,34,,WAYFIELD AVENUE,,HOVE,BRIGHTON AND HOVE,BRIGHTON AND HOVE,Standard,Addition,50.8407330000,-0.1906690000
465000,2019-12-09 00:00:00Z,BN3 7SH,Semi-Detached,Established,Freehold,144,,HANGLETON ROAD,,HOVE,BRIGHTON AND HOVE,BRIGHTON AND HOVE,Standard,Addition,50.8441060000,-0.1988060000
335000,2019-12-20 00:00:00Z,BN3 7RE,Terraced,Established,Freehold,14,,WAYFIELD CLOSE,,HOVE,BRIGHTON AND HOVE,BRIGHTON AND HOVE,Standard,Addition,50.8413320000,-0.1903900000
352000,2019-04-11 00:00:00Z,BN3 8LT,Detached,Established,Freehold,6,,HANGLETON CLOSE,,HOVE,BRIGHTON AND HOVE,BRIGHTON AND HOVE,Standard,Addition,50.8452720000,-0.1997980000
423500,2019-10-25 00:00:00Z,BN3 8BB,Semi-Detached,Established,Freehold,4,,SHERBOURNE ROAD,,HOVE,BRIGHTON AND HOVE,BRIGHTON AND HOVE,Standard,Addition,50.8496460000,-0.1999700000
375000,2019-12-04 00:00:00Z,BN3 7FY,Semi-Detached,Established,Freehold,14,,OLD SCHOOL PLACE,,HOVE,BRIGHTON AND HOVE,BRIGHTON AND HOVE,Standard,Addition,50.8436170000,-0.1974470000
257000,2019-01-15 00:00:00Z,BN3 8BE,Flats/Maisonettes,Established,Leasehold,44,,SHERBOURNE CLOSE,,HOVE,BRIGHTON AND HOVE,BRIGHTON AND HOVE,Standard,Addition,50.8499730000,-0.1984380000
342500,2019-12-19 00:00:00Z,BN3 7JG,Terraced,Established,Freehold,10,,ROWAN AVENUE,,HOVE,BRIGHTON AND HOVE,BRIGHTON AND HOVE,Standard,Addition,50.8409770000,-0.1959430000
270000,2019-06-21 00:00:00Z,BN3 8BD,Flats/Maisonettes,Established,Leasehold,1,,SHERBOURNE CLOSE,,HOVE,BRIGHTON AND HOVE,BRIGHTON AND HOVE,Standard,Addition,50.8493080000,-0.1990880000
525000,2019-07-19 00:00:00Z,BN3 7LW,Detached,Established,Freehold,41,,WAYFIELD AVENUE,,HOVE,BRIGHTON AND HOVE,BRIGHTON AND HOVE,Standard,Addition,50.8407330000,-0.1906690000
425824,2019-07-12 00:00:00Z,BN3 7JH,Terraced,Established,Freehold,106,,ROWAN AVENUE,,HOVE,BRIGHTON AND HOVE,BRIGHTON AND HOVE,Standard,Addition,50.8430630000,-0.1965310000
355000,2019-07-04 00:00:00Z,BN3 8LT,Semi-Detached,Established,Freehold,11,,HANGLETON CLOSE,,HOVE,BRIGHTON AND HOVE,BRIGHTON AND HOVE,Standard,Addition,50.8452720000,-0.1997980000
425000,2019-08-29 00:00:00Z,BN3 8LG,Semi-Detached,Established,Freehold,17,,SUMMERDALE ROAD,,HOVE,BRIGHTON AND HOVE,BRIGHTON AND HOVE,Standard,Addition,50.8476110000,-0.1974630000
462500,2019-08-14 00:00:00Z,BN3 8JN,Semi-Detached,Established,Freehold,74,,APPLESHAM AVENUE,,HOVE,BRIGHTON AND HOVE,BRIGHTON AND HOVE,Standard,Addition,50.8486070000,-0.1927230000
520000,2019-05-09 00:00:00Z,BN3 7NU,Semi-Detached,Established,Freehold,8,,SILVER BIRCH CLOSE,,HOVE,BRIGHTON AND HOVE,BRIGHTON AND HOVE,Standard,Addition,50.8428870000,-0.1959700000
535000,2019-03-22 00:00:00Z,BN3 7NU,Semi-Detached,Established,Freehold,7,,SILVER BIRCH CLOSE,,HOVE,BRIGHTON AND HOVE,BRIGHTON AND HOVE,Standard,Addition,50.8428870000,-0.1959700000
340000,2019-03-08 00:00:00Z,BN3 7JH,Terraced,Established,Freehold,83,,ROWAN AVENUE,,HOVE,BRIGHTON AND HOVE,BRIGHTON AND HOVE,Standard,Addition,50.8430630000,-0.1965310000
410000,2019-04-12 00:00:00Z,BN3 8PX,Semi-Detached,Established,Freehold,4,,POPLAR AVENUE,,HOVE,BRIGHTON AND HOVE,BRIGHTON AND HOVE,Standard,Addition,50.8459510000,-0.1948420000
367500,2019-05-07 00:00:00Z,BN3 8LS,Semi-Detached,Established,Freehold,29,,WEST WAY,,HOVE,BRIGHTON AND HOVE,BRIGHTON AND HOVE,Standard,Addition,50.8462370000,-0.1981980000
225000,2019-05-17 00:00:00Z,BN3 8BD,Other,Established,Leasehold,11,,SHERBOURNE CLOSE,,HOVE,BRIGHTON AND HOVE,BRIGHTON AND HOVE,Additional,Addition,50.8493080000,-0.1990880000
405000,2019-08-20 00:00:00Z,BN3 7JB,Terraced,Established,Freehold,11,,MAYTREE WALK,,HOVE,BRIGHTON AND HOVE,BRIGHTON AND HOVE,Standard,Addition,50.8423400000,-0.1956780000
245000,2019-03-29 00:00:00Z,BN3 8LB,Semi-Detached,Established,Freehold,22,,DALE VIEW,,HOVE,BRIGHTON AND HOVE,BRIGHTON AND HOVE,Standard,Addition,50.8445470000,-0.1988460000
417000,2019-06-04 00:00:00Z,BN3 8JJ,Semi-Detached,Established,Freehold,69,,APPLESHAM AVENUE,,HOVE,BRIGHTON AND HOVE,BRIGHTON AND HOVE,Standard,Addition,50.8473290000,-0.1926580000
438000,2019-11-13 00:00:00Z,BN3 7JG,Terraced,Established,Freehold,58,,ROWAN AVENUE,,HOVE,BRIGHTON AND HOVE,BRIGHTON AND HOVE,Standard,Addition,50.8409770000,-0.1959430000
390500,2019-02-20 00:00:00Z,BN3 8LB,Semi-Detached,Established,Freehold,48,,DALE VIEW,,HOVE,BRIGHTON AND HOVE,BRIGHTON AND HOVE,Standard,Addition,50.8445470000,-0.1988460000
400000,2019-06-21 00:00:00Z,BN3 8LS,Semi-Detached,Established,Freehold,39,,WEST WAY,,HOVE,BRIGHTON AND HOVE,BRIGHTON AND HOVE,Standard,Addition,50.8462370000,-0.1981980000
290000,2019-06-25 00:00:00Z,BN3 8LG,Semi-Detached,Established,Freehold,11,,SUMMERDALE ROAD,,HOVE,BRIGHTON AND HOVE,BRIGHTON AND HOVE,Additional,Addition,50.8476110000,-0.1974630000
345000,2019-01-11 00:00:00Z,BN3 7FJ,Semi-Detached,Established,Freehold,1,,WILFRID ROAD,,HOVE,BRIGHTON AND HOVE,BRIGHTON AND HOVE,Standard,Addition,50.8406650000,-0.1990090000
335000,2019-03-08 00:00:00Z,BN3 8PR,Semi-Detached,Established,Freehold,8,,NORTHEASE GARDENS,,HOVE,BRIGHTON AND HOVE,BRIGHTON AND HOVE,Standard,Addition,50.8491400000,-0.1945630000
460000,2019-01-11 00:00:00Z,BN3 8LA,Semi-Detached,Established,Freehold,39,,DALE VIEW,,HOVE,BRIGHTON AND HOVE,BRIGHTON AND HOVE,Standard,Addition,50.8449120000,-0.1986180000
217500,2019-02-20 00:00:00Z,BN3 8LE,Flats/Maisonettes,Established,Leasehold,29,,KINGSTON CLOSE,,HOVE,BRIGHTON AND HOVE,BRIGHTON AND HOVE,Standard,Addition,50.8461490000,-0.1953890000
320000,2019-01-21 00:00:00Z,BN3 7JA,Terraced,Established,Freehold,111,,ELM DRIVE,,HOVE,BRIGHTON AND HOVE,BRIGHTON AND HOVE,Standard,Addition,50.8406940000,-0.1939370000
418000,2019-03-01 00:00:00Z,BN3 8PQ,Semi-Detached,Established,Freehold,6,,NORTHEASE DRIVE,,HOVE,BRIGHTON AND HOVE,BRIGHTON AND HOVE,Standard,Addition,50.8493070000,-0.1937900000
265750,2019-03-01 00:00:00Z,BN3 8PX,Flats/Maisonettes,Established,Leasehold,1A,,POPLAR AVENUE,,HOVE,BRIGHTON AND HOVE,BRIGHTON AND HOVE,Standard,Addition,50.8459510000,-0.1948420000
440000,2019-07-25 00:00:00Z,BN3 8PS,Semi-Detached,Established,Freehold,64,,POPLAR AVENUE,,HOVE,BRIGHTON AND HOVE,BRIGHTON AND HOVE,Standard,Addition,50.8481560000,-0.1949560000
280000,2020-02-03 00:00:00Z,BN3 7FG,Terraced,Established,Freehold,125,,STAPLEY ROAD,,HOVE,BRIGHTON AND HOVE,BRIGHTON AND HOVE,Additional,Addition,50.8426450000,-0.1979670000
550000,2020-06-15 00:00:00Z,BN3 7LP,Detached,Established,Freehold,236,,HANGLETON ROAD,,HOVE,BRIGHTON AND HOVE,BRIGHTON AND HOVE,Standard,Addition,50.8461290000,-0.1910290000
347700,2020-05-22 00:00:00Z,BN3 8PQ,Semi-Detached,Established,Freehold,19,,NORTHEASE DRIVE,,HOVE,BRIGHTON AND HOVE,BRIGHTON AND HOVE,Standard,Addition,50.8493070000,-0.1937900000
595000,2020-12-11 00:00:00Z,BN3 8JJ,Semi-Detached,Established,Freehold,68,,APPLESHAM AVENUE,,HOVE,BRIGHTON AND HOVE,BRIGHTON AND HOVE,Standard,Addition,50.8473290000,-0.1926580000
362500,2020-12-11 00:00:00Z,BN3 8PB,Semi-Detached,Established,Freehold,16,,LARK HILL,,HOVE,BRIGHTON AND HOVE,BRIGHTON AND HOVE,Standard,Addition,50.8498470000,-0.1926180000
405000,2020-01-31 00:00:00Z,BN3 8PS,Semi-Detached,Established,Freehold,100,,POPLAR AVENUE,,HOVE,BRIGHTON AND HOVE,BRIGHTON AND HOVE,Standard,Addition,50.8481560000,-0.1949560000
300000,2020-11-02 00:00:00Z,BN3 7JH,Terraced,Established,Freehold,102,,ROWAN AVENUE,,HOVE,BRIGHTON AND HOVE,BRIGHTON AND HOVE,Standard,Addition,50.8430630000,-0.1965310000
7000,2020-02-17 00:00:00Z,BN3 8JG,Other,Established,Leasehold,15A,,QUEENS PARADE,,HOVE,BRIGHTON AND HOVE,BRIGHTON AND HOVE,Additional,Addition,50.8449890000,-0.1934740000
445000,2020-12-21 00:00:00Z,BN3 7JE,Semi-Detached,Established,Freehold,154,,ELM DRIVE,,HOVE,BRIGHTON AND HOVE,BRIGHTON AND HOVE,Standard,Addition,50.8432400000,-0.1945780000
460000,2020-08-27 00:00:00Z,BN3 8LN,Semi-Detached,Established,Freehold,43,,GLETON AVENUE,,HOVE,BRIGHTON AND HOVE,BRIGHTON AND HOVE,Standard,Addition,50.8467620000,-0.1984480000
385000,2020-11-05 00:00:00Z,BN3 8LN,Semi-Detached,Established,Freehold,7,,GLETON AVENUE,,HOVE,BRIGHTON AND HOVE,BRIGHTON AND HOVE,Standard,Addition,50.8467620000,-0.1984480000
370000,2020-11-17 00:00:00Z,BN3 8LA,Semi-Detached,Established,Freehold,19,,DALE VIEW,,HOVE,BRIGHTON AND HOVE,BRIGHTON AND HOVE,Standard,Addition,50.8449120000,-0.1986180000
489950,2020-10-23 00:00:00Z,BN3 7JA,Semi-Detached,Established,Freehold,101,,ELM DRIVE,,HOVE,BRIGHTON AND HOVE,BRIGHTON AND HOVE,Standard,Addition,50.8406940000,-0.1939370000
485000,2020-10-09 00:00:00Z,BN3 8LG,Semi-Detached,Established,Freehold,18,,SUMMERDALE ROAD,,HOVE,BRIGHTON AND HOVE,BRIGHTON AND HOVE,Standard,Addition,50.8476110000,-0.1974630000
290000,2020-07-29 00:00:00Z,BN3 7FG,Semi-Detached,Established,Freehold,143,,STAPLEY ROAD,,HOVE,BRIGHTON AND HOVE,BRIGHTON AND HOVE,Standard,Addition,50.8426450000,-0.1979670000
400000,2020-11-13 00:00:00Z,BN3 8JH,Semi-Detached,Established,Freehold,1,,ASHLINGS WAY,,HOVE,BRIGHTON AND HOVE,BRIGHTON AND HOVE,Standard,Addition,50.8468510000,-0.1937140000
365000,2020-03-20 00:00:00Z,BN3 8BB,Semi-Detached,Established,Freehold,6,,SHERBOURNE ROAD,,HOVE,BRIGHTON AND HOVE,BRIGHTON AND HOVE,Standard,Addition,50.8496460000,-0.1999700000
455000,2020-06-05 00:00:00Z,BN3 8PS,Semi-Detached,Established,Freehold,56,,POPLAR AVENUE,,HOVE,BRIGHTON AND HOVE,BRIGHTON AND HOVE,Standard,Addition,50.8481560000,-0.1949560000
337500,2020-04-29 00:00:00Z,BN3 8LB,Semi-Detached,Established,Freehold,68,,DALE VIEW,,HOVE,BRIGHTON AND HOVE,BRIGHTON AND HOVE,Standard,Addition,50.8445470000,-0.1988460000
195000,2020-11-27 00:00:00Z,BN3 8BA,Flats/Maisonettes,Established,Leasehold,21,,SHERBOURNE ROAD,,HOVE,BRIGHTON AND HOVE,BRIGHTON AND HOVE,Standard,Addition,50.8493060000,-0.1995430000
382000,2020-09-29 00:00:00Z,BN3 7JG,Terraced,Established,Freehold,42,,ROWAN AVENUE,,HOVE,BRIGHTON AND HOVE,BRIGHTON AND HOVE,Standard,Addition,50.8409770000,-0.1959430000
405000,2020-04-24 00:00:00Z,BN3 7LS,Semi-Detached,Established,Freehold,227,,HANGLETON ROAD,,HOVE,BRIGHTON AND HOVE,BRIGHTON AND HOVE,Standard,Addition,50.8441990000,-0.1949670000
365000,2020-10-09 00:00:00Z,BN3 8PP,Detached,Established,Freehold,79,,NORTHEASE DRIVE,,HOVE,BRIGHTON AND HOVE,BRIGHTON AND HOVE,Standard,Addition,50.8486400000,-0.1977930000
489950,2020-03-20 00:00:00Z,BN3 8LG,Semi-Detached,Established,Freehold,26,,SUMMERDALE ROAD,,HOVE,BRIGHTON AND HOVE,BRIGHTON AND HOVE,Standard,Addition,50.8476110000,-0.1974630000
298000,2020-05-14 00:00:00Z,BN3 7LW,Semi-Detached,Established,Freehold,12,,WAYFIELD AVENUE,,HOVE,BRIGHTON AND HOVE,BRIGHTON AND HOVE,Standard,Addition,50.8407330000,-0.1906690000
470000,2020-03-27 00:00:00Z,BN3 7JG,Terraced,Established,Freehold,54,,ROWAN AVENUE,,HOVE,BRIGHTON AND HOVE,BRIGHTON AND HOVE,Standard,Addition,50.8409770000,-0.1959430000
400000,2020-08-26 00:00:00Z,BN3 8JN,Semi-Detached,Established,Freehold,91,,APPLESHAM AVENUE,,HOVE,BRIGHTON AND HOVE,BRIGHTON AND HOVE,Standard,Addition,50.8486070000,-0.1927230000
375000,2020-09-09 00:00:00Z,BN3 7FG,Semi-Detached,Established,Freehold,137,,STAPLEY ROAD,,HOVE,BRIGHTON AND HOVE,BRIGHTON AND HOVE,Standard,Addition,50.8426450000,-0.1979670000
315000,2020-05-29 00:00:00Z,BN3 7LP,Other,Established,Freehold,216,,HANGLETON ROAD,,HOVE,BRIGHTON AND HOVE,BRIGHTON AND HOVE,Additional,Addition,50.8461290000,-0.1910290000
383500,2020-01-21 00:00:00Z,BN3 7FY,Terraced,Established,Freehold,28,,OLD SCHOOL PLACE,,HOVE,BRIGHTON AND HOVE,BRIGHTON AND HOVE,Additional,Addition,50.8436170000,-0.1974470000
385000,2020-01-06 00:00:00Z,BN3 7JH,Semi-Detached,Established,Freehold,100,,ROWAN AVENUE,,HOVE,BRIGHTON AND HOVE,BRIGHTON AND HOVE,Standard,Addition,50.8430630000,-0.1965310000
421000,2020-08-12 00:00:00Z,BN3 8JF,Semi-Detached,Established,Freehold,28,,APPLESHAM AVENUE,,HOVE,BRIGHTON AND HOVE,BRIGHTON AND HOVE,Standard,Addition,50.8457820000,-0.1938120000
465000,2020-12-16 00:00:00Z,BN3 8PT,Semi-Detached,Established,Freehold,73,,POPLAR AVENUE,,HOVE,BRIGHTON AND HOVE,BRIGHTON AND HOVE,Standard,Addition,50.8479490000,-0.1943530000
380000,2020-10-22 00:00:00Z,BN3 8LL,Semi-Detached,Established,Freehold,20,,GLETON AVENUE,,HOVE,BRIGHTON AND HOVE,BRIGHTON AND HOVE,Standard,Addition,50.8469820000,-0.1980840000
507000,2020-10-02 00:00:00Z,BN3 7LW,Detached,Established,Freehold,46,,WAYFIELD AVENUE,,HOVE,BRIGHTON AND HOVE,BRIGHTON AND HOVE,Standard,Addition,50.8407330000,-0.1906690000
550000,2020-11-27 00:00:00Z,BN3 7NU,Semi-Detached,Established,Freehold,8,,SILVER BIRCH CLOSE,,HOVE,BRIGHTON AND HOVE,BRIGHTON AND HOVE,Standard,Addition,50.8428870000,-0.1959700000
272500,2020-12-04 00:00:00Z,BN3 8BB,Flats/Maisonettes,Established,Leasehold,92,,SHERBOURNE ROAD,,HOVE,BRIGHTON AND HOVE,BRIGHTON AND HOVE,Standard,Addition,50.8496460000,-0.1999700000
300000,2020-12-18 00:00:00Z,BN3 7FF,Semi-Detached,Established,Freehold,111,,STAPLEY ROAD,,HOVE,BRIGHTON AND HOVE,BRIGHTON AND HOVE,Standard,Addition,50.8414060000,-0.1979160000
220000,2020-11-25 00:00:00Z,BN3 8BD,Flats/Maisonettes,Established,Leasehold,24,,SHERBOURNE CLOSE,,HOVE,BRIGHTON AND HOVE,BRIGHTON AND HOVE,Standard,Addition,50.8493080000,-0.1990880000
372000,2020-07-10 00:00:00Z,BN3 8JP,Semi-Detached,Established,Freehold,78,,AMBERLEY DRIVE,,HOVE,BRIGHTON AND HOVE,BRIGHTON AND HOVE,Standard,Addition,50.8497310000,-0.1909600000
355000,2020-04-17 00:00:00Z,BN3 7JG,Terraced,Established,Freehold,26,,ROWAN AVENUE,,HOVE,BRIGHTON AND HOVE,BRIGHTON AND HOVE,Standard,Addition,50.8409770000,-0.1959430000
400000,2020-02-03 00:00:00Z,BN3 8JF,Semi-Detached,Established,Freehold,26,,APPLESHAM AVENUE,,HOVE,BRIGHTON AND HOVE,BRIGHTON AND HOVE,Standard,Addition,50.8457820000,-0.1938120000
300000,2020-07-06 00:00:00Z,BN3 8LL,Semi-Detached,Established,Freehold,42,,GLETON AVENUE,,HOVE,BRIGHTON AND HOVE,BRIGHTON AND HOVE,Standard,Addition,50.8469820000,-0.1980840000
476500,2020-08-21 00:00:00Z,BN3 7JH,Terraced,Established,Freehold,83,,ROWAN AVENUE,,HOVE,BRIGHTON AND HOVE,BRIGHTON AND HOVE,Standard,Addition,50.8430630000,-0.1965310000
507500,2020-07-30 00:00:00Z,BN3 8PS,Semi-Detached,Established,Freehold,76,,POPLAR AVENUE,,HOVE,BRIGHTON AND HOVE,BRIGHTON AND HOVE,Standard,Addition,50.8481560000,-0.1949560000
370000,2020-07-23 00:00:00Z,BN3 8LG,Semi-Detached,Established,Freehold,37,,SUMMERDALE ROAD,,HOVE,BRIGHTON AND HOVE,BRIGHTON AND HOVE,Standard,Addition,50.8476110000,-0.1974630000
297500,2020-08-12 00:00:00Z,BN3 7FF,Terraced,Established,Freehold,77,,STAPLEY ROAD,,HOVE,BRIGHTON AND HOVE,BRIGHTON AND HOVE,Standard,Addition,50.8414060000,-0.1979160000
207000,2020-03-31 00:00:00Z,BN3 8LE,Flats/Maisonettes,Established,Leasehold,8,,KINGSTON CLOSE,,HOVE,BRIGHTON AND HOVE,BRIGHTON AND HOVE,Additional,Addition,50.8461490000,-0.1953890000
485000,2021-12-07 00:00:00Z,BN3 8LB,Semi-Detached,Established,Freehold,74,,DALE VIEW,,HOVE,BRIGHTON AND HOVE,BRIGHTON AND HOVE,Standard,Addition,50.8445470000,-0.1988460000
540000,2021-11-19 00:00:00Z,BN3 8PQ,Semi-Detached,Established,Freehold,39,,NORTHEASE DRIVE,,HOVE,BRIGHTON AND HOVE,BRIGHTON AND HOVE,Standard,Addition,50.8493070000,-0.1937900000
425000,2021-01-22 00:00:00Z,BN3 7JA,Semi-Detached,Established,Freehold,81,,ELM DRIVE,,HOVE,BRIGHTON AND HOVE,BRIGHTON AND HOVE,Standard,Addition,50.8406940000,-0.1939370000
455000,2021-03-19 00:00:00Z,BN3 8PS,Semi-Detached,Established,Freehold,110,,POPLAR AVENUE,,HOVE,BRIGHTON AND HOVE,BRIGHTON AND HOVE,Standard,Addition,50.8481560000,-0.1949560000
350000,2021-02-05 00:00:00Z,BN3 7JG,Terraced,Established,Freehold,34,,ROWAN AVENUE,,HOVE,BRIGHTON AND HOVE,BRIGHTON AND HOVE,Standard,Addition,50.8409770000,-0.1959430000
490000,2021-03-05 00:00:00Z,BN3 7JA,Semi-Detached,Established,Freehold,69,,ELM DRIVE,,HOVE,BRIGHTON AND HOVE,BRIGHTON AND HOVE,Standard,Addition,50.8406940000,-0.1939370000
385000,2021-03-05 00:00:00Z,BN3 8JP,Semi-Detached,Established,Freehold,67,,AMBERLEY DRIVE,,HOVE,BRIGHTON AND HOVE,BRIGHTON AND HOVE,Standard,Addition,50.8497310000,-0.1909600000
426000,2021-02-23 00:00:00Z,BN3 7JH,Semi-Detached,Established,Freehold,71,,ROWAN AVENUE,,HOVE,BRIGHTON AND HOVE,BRIGHTON AND HOVE,Standard,Addition,50.8430630000,-0.1965310000
460000,2021-06-07 00:00:00Z,BN3 8LA,Semi-Detached,Established,Freehold,29,,DALE VIEW,,HOVE,BRIGHTON AND HOVE,BRIGHTON AND HOVE,Standard,Addition,50.8449120000,-0.1986180000
415000,2021-04-08 00:00:00Z,BN3 7JH,Terraced,Established,Freehold,140,,ROWAN AVENUE,,HOVE,BRIGHTON AND HOVE,BRIGHTON AND HOVE,Standard,Addition,50.8430630000,-0.1965310000
475000,2021-02-26 00:00:00Z,BN3 8LT,Semi-Detached,Established,Freehold,14,,HANGLETON CLOSE,,HOVE,BRIGHTON AND HOVE,BRIGHTON AND HOVE,Standard,Addition,50.8452720000,-0.1997980000
540000,2021-02-26 00:00:00Z,BN3 7LW,Detached,Established,Freehold,56,,WAYFIELD AVENUE,,HOVE,BRIGHTON AND HOVE,BRIGHTON AND HOVE,Standard,Addition,50.8407330000,-0.1906690000
445000,2021-03-03 00:00:00Z,BN3 7JA,Terraced,Established,Freehold,149,,ELM DRIVE,,HOVE,BRIGHTON AND HOVE,BRIGHTON AND HOVE,Standard,Addition,50.8406940000,-0.1939370000
380000,2021-03-26 00:00:00Z,BN3 7JH,Terraced,Established,Freehold,104,,ROWAN AVENUE,,HOVE,BRIGHTON AND HOVE,BRIGHTON AND HOVE,Standard,Addition,50.8430630000,-0.1965310000
377500,2021-03-05 00:00:00Z,BN3 8LG,Semi-Detached,Established,Freehold,28,,SUMMERDALE ROAD,,HOVE,BRIGHTON AND HOVE,BRIGHTON AND HOVE,Standard,Addition,50.8476110000,-0.1974630000
489950,2021-01-15 00:00:00Z,BN3 7JH,Terraced,Established,Freehold,118,,ROWAN AVENUE,,HOVE,BRIGHTON AND HOVE,BRIGHTON AND HOVE,Standard,Addition,50.8430630000,-0.1965310000
510000,2021-01-22 00:00:00Z,BN3 8PX,Semi-Detached,Established,Freehold,17,,POPLAR AVENUE,,HOVE,BRIGHTON AND HOVE,BRIGHTON AND HOVE,Standard,Addition,50.8459510000,-0.1948420000
517500,2021-10-13 00:00:00Z,BN3 7JF,Terraced,Established,Freehold,7,,ROWAN AVENUE,,HOVE,BRIGHTON AND HOVE,BRIGHTON AND HOVE,Standard,Addition,50.8413420000,-0.1957310000
433000,2021-01-22 00:00:00Z,BN3 8JF,Semi-Detached,Established,Freehold,20,,APPLESHAM AVENUE,,HOVE,BRIGHTON AND HOVE,BRIGHTON AND HOVE,Standard,Addition,50.8457820000,-0.1938120000
285000,2021-07-29 00:00:00Z,BN3 8BB,Flats/Maisonettes,Established,Leasehold,94,,SHERBOURNE ROAD,,HOVE,BRIGHTON AND HOVE,BRIGHTON AND HOVE,Standard,Addition,50.8496460000,-0.1999700000
487500,2021-10-13 00:00:00Z,BN3 8PQ,Semi-Detached,Established,Freehold,23,,NORTHEASE DRIVE,,HOVE,BRIGHTON AND HOVE,BRIGHTON AND HOVE,Standard,Addition,50.8493070000,-0.1937900000
587000,2021-08-31 00:00:00Z,BN3 7LP,Semi-Detached,Established,Freehold,246,,HANGLETON ROAD,,HOVE,BRIGHTON AND HOVE,BRIGHTON AND HOVE,Standard,Addition,50.8461290000,-0.1910290000
380000,2021-09-24 00:00:00Z,BN3 8LN,Semi-Detached,Established,Freehold,11,,GLETON AVENUE,,HOVE,BRIGHTON AND HOVE,BRIGHTON AND HOVE,Standard,Addition,50.8467620000,-0.1984480000
470000,2021-11-19 00:00:00Z,BN3 8LQ,Semi-Detached,Established,Freehold,54,,WEST WAY,,HOVE,BRIGHTON AND HOVE,BRIGHTON AND HOVE,Standard,Addition,50.8457630000,-0.1984010000
480000,2021-05-21 00:00:00Z,BN3 8JN,Semi-Detached,Established,Freehold,85,,APPLESHAM AVENUE,,HOVE,BRIGHTON AND HOVE,BRIGHTON AND HOVE,Standard,Addition,50.8486070000,-0.1927230000
670000,2021-11-30 00:00:00Z,BN3 8LB,Semi-Detached,Established,Freehold,68,,DALE VIEW,,HOVE,BRIGHTON AND HOVE,BRIGHTON AND HOVE,Standard,Addition,50.8445470000,-0.1988460000
385000,2021-05-19 00:00:00Z,BN3 7FS,Terraced,Established,Freehold,111,,GODWIN ROAD,,HOVE,BRIGHTON AND HOVE,BRIGHTON AND HOVE,Standard,Addition,50.8429990000,-0.1999560000
571225,2021-06-18 00:00:00Z,BN3 7JF,Terraced,Established,Freehold,1,,ROWAN AVENUE,,HOVE,BRIGHTON AND HOVE,BRIGHTON AND HOVE,Standard,Addition,50.8413420000,-0.1957310000
450000,2021-06-25 00:00:00Z,BN3 7FS,Semi-Detached,Established,Freehold,97,,GODWIN ROAD,,HOVE,BRIGHTON AND HOVE,BRIGHTON AND HOVE,Additional,Addition,50.8429990000,-0.1999560000
315000,2021-03-05 00:00:00Z,BN3 7FJ,Semi-Detached,Established,Freehold,3,,WILFRID ROAD,,HOVE,BRIGHTON AND HOVE,BRIGHTON AND HOVE,Additional,Addition,50.8406650000,-0.1990090000
430000,2021-03-09 00:00:00Z,BN3 7LT,Semi-Detached,Established,Freehold,172,,HANGLETON ROAD,,HOVE,BRIGHTON AND HOVE,BRIGHTON AND HOVE,Additional,Addition,50.8445380000,-0.1959200000
399000,2021-09-29 00:00:00Z,BN3 7LR,Detached,Established,Freehold,239,,HANGLETON ROAD,,HOVE,BRIGHTON AND HOVE,BRIGHTON AND HOVE,Additional,Addition,50.8459640000,-0.1902260000
475000,2021-12-01 00:00:00Z,BN3 8LL,Semi-Detached,Established,Freehold,52,,GLETON AVENUE,,HOVE,BRIGHTON AND HOVE,BRIGHTON AND HOVE,Standard,Addition,50.8469820000,-0.1980840000
270000,2021-06-30 00:00:00Z,BN3 8PU,Flats/Maisonettes,Established,Leasehold,1,GROUND FLOOR FLAT,POPLAR AVENUE,,HOVE,BRIGHTON AND HOVE,BRIGHTON AND HOVE,Standard,Addition,50.8466770000,-0.1946580000
485000,2021-06-24 00:00:00Z,BN3 7LW,Terraced,Established,Freehold,26,,WAYFIELD AVENUE,,HOVE,BRIGHTON AND HOVE,BRIGHTON AND HOVE,Standard,Addition,50.8407330000,-0.1906690000
595000,2021-07-19 00:00:00Z,BN3 7NG,Detached,Established,Freehold,203,,NEVILL AVENUE,,HOVE,BRIGHTON AND HOVE,BRIGHTON AND HOVE,Standard,Addition,50.8440280000,-0.1916620000
605000,2021-06-30 00:00:00Z,BN3 7LW,Detached,Established,Freehold,54,,WAYFIELD AVENUE,,HOVE,BRIGHTON AND HOVE,BRIGHTON AND HOVE,Standard,Addition,50.8407330000,-0.1906690000
430000,2021-11-18 00:00:00Z,BN3 8LS,Semi-Detached,Established,Freehold,47,,WEST WAY,,HOVE,BRIGHTON AND HOVE,BRIGHTON AND HOVE,Standard,Addition,50.8462370000,-0.1981980000
291500,2021-11-18 00:00:00Z,BN3 8BD,Flats/Maisonettes,Established,Leasehold,1,,SHERBOURNE CLOSE,,HOVE,BRIGHTON AND HOVE,BRIGHTON AND HOVE,Standard,Addition,50.8493080000,-0.1990880000
463500,2021-06-28 00:00:00Z,BN3 8PQ,Semi-Detached,Established,Freehold,37,,NORTHEASE DRIVE,,HOVE,BRIGHTON AND HOVE,BRIGHTON AND HOVE,Standard,Addition,50.8493070000,-0.1937900000
475000,2021-09-13 00:00:00Z,BN3 8JN,Semi-Detached,Established,Freehold,93,,APPLESHAM AVENUE,,HOVE,BRIGHTON AND HOVE,BRIGHTON AND HOVE,Standard,Addition,50.8486070000,-0.1927230000
323908,2021-07-23 00:00:00Z,BN3 7FF,Terraced,Established,Freehold,94,,STAPLEY ROAD,,HOVE,BRIGHTON AND HOVE,BRIGHTON AND HOVE,Standard,Addition,50.8414060000,-0.1979160000
221800,2021-06-21 00:00:00Z,BN3 7JG,Semi-Detached,Established,Freehold,30,,ROWAN AVENUE,,HOVE,BRIGHTON AND HOVE,BRIGHTON AND HOVE,Standard,Addition,50.8409770000,-0.1959430000
430000,2021-01-15 00:00:00Z,BN3 8LN,Semi-Detached,Established,Freehold,53,,GLETON AVENUE,,HOVE,BRIGHTON AND HOVE,BRIGHTON AND HOVE,Standard,Addition,50.8467620000,-0.1984480000
450000,2021-05-07 00:00:00Z,BN3 7JA,Semi-Detached,Established,Freehold,99,,ELM DRIVE,,HOVE,BRIGHTON AND HOVE,BRIGHTON AND HOVE,Standard,Addition,50.8406940000,-0.1939370000
544000,2021-03-29 00:00:00Z,BN3 7NU,Semi-Detached,Established,Freehold,2,,SILVER BIRCH CLOSE,,HOVE,BRIGHTON AND HOVE,BRIGHTON AND HOVE,Standard,Addition,50.8428870000,-0.1959700000
475000,2021-06-25 00:00:00Z,BN3 7JD,Semi-Detached,Established,Freehold,197,,ELM DRIVE,,HOVE,BRIGHTON AND HOVE,BRIGHTON AND HOVE,Standard,Addition,50.8433220000,-0.1940630000
550000,2021-08-04 00:00:00Z,BN3 8JJ,Semi-Detached,Established,Freehold,31,,APPLESHAM AVENUE,,HOVE,BRIGHTON AND HOVE,BRIGHTON AND HOVE,Additional,Addition,50.8473290000,-0.1926580000
410000,2021-03-19 00:00:00Z,BN3 8GG,Semi-Detached,Established,Freehold,63,,CLARKE AVENUE,,HOVE,BRIGHTON AND HOVE,BRIGHTON AND HOVE,Standard,Addition,50.8479560000,-0.1901200000
530000,2021-06-29 00:00:00Z,BN3 8LA,Semi-Detached,Established,Freehold,39,,DALE VIEW,,HOVE,BRIGHTON AND HOVE,BRIGHTON AND HOVE,Standard,Addition,50.8449120000,-0.1986180000
472000,2021-11-30 00:00:00Z,BN3 8LF,Semi-Detached,Established,Freehold,49,,DALE VIEW,,HOVE,BRIGHTON AND HOVE,BRIGHTON AND HOVE,Standard,Addition,50.8466780000,-0.1959220000
510000,2021-08-11 00:00:00Z,BN3 8LF,Semi-Detached,Established,Freehold,130,,DALE VIEW,,HOVE,BRIGHTON AND HOVE,BRIGHTON AND HOVE,Standard,Addition,50.8466780000,-0.1959220000
587500,2021-02-24 00:00:00Z,BN3 7JD,Semi-Detached,Established,Freehold,177,,ELM DRIVE,,HOVE,BRIGHTON AND HOVE,BRIGHTON AND HOVE,Standard,Addition,50.8433220000,-0.1940630000
510000,2022-03-10 00:00:00Z,BN3 8BA,Detached,Established,Freehold,5,,SHERBOURNE ROAD,,HOVE,BRIGHTON AND HOVE,BRIGHTON AND HOVE,Standard,Addition,50.8493060000,-0.1995430000
625000,2022-02-07 00:00:00Z,BN3 8LB,Semi-Detached,Established,Freehold,70,,DALE VIEW,,HOVE,BRIGHTON AND HOVE,BRIGHTON AND HOVE,Standard,Addition,50.8445470000,-0.1988460000
390000,2022-01-07 00:00:00Z,BN3 7JF,Terraced,Established,Freehold,45,,ROWAN AVENUE,,HOVE,BRIGHTON AND HOVE,BRIGHTON AND HOVE,Standard,Addition,50.8413420000,-0.1957310000
273000,2022-01-05 00:00:00Z,BN3 8BB,Flats/Maisonettes,Established,Leasehold,54,,SHERBOURNE ROAD,,HOVE,BRIGHTON AND HOVE,BRIGHTON AND HOVE,Standard,Addition,50.8496460000,-0.1999700000
280000,2022-02-09 00:00:00Z,BN3 8PX,Flats/Maisonettes,Established,Leasehold,1A,,POPLAR AVENUE,,HOVE,BRIGHTON AND HOVE,BRIGHTON AND HOVE,Additional,Addition,50.8459510000,-0.1948420000
415000,2022-01-12 00:00:00Z,BN3 8LL,Semi-Detached,Established,Freehold,56,,GLETON AVENUE,,HOVE,BRIGHTON AND HOVE,BRIGHTON AND HOVE,Standard,Addition,50.8469820000,-0.1980840000
343000,2022-01-14 00:00:00Z,BN3 7FF,Terraced,Established,Freehold,98,,STAPLEY ROAD,,HOVE,BRIGHTON AND HOVE,BRIGHTON AND HOVE,Standard,Addition,50.8414060000,-0.1979160000
