53500,1995-03-24 00:00:00Z,SO23 7HF,Flats/Maisonettes,Established,Leasehold,15,,GROSVENOR DRIVE,WINCHESTER,WINCHESTER,WINCHESTER,HAMPSHIRE,Standard,Addition,51.0758750000,-1.3070120000
48000,1995-09-15 00:00:00Z,SO23 7HT,Flats/Maisonettes,Established,Leasehold,14,,CHARLES CLOSE,WINCHESTER,WINCHESTER,WINCHESTER,HAMPSHIRE,Standard,Addition,51.0752260000,-1.3083200000
93500,1996-07-29 00:00:00Z,SO23 7HF,Semi-Detached,Established,Freehold,4,,GROSVENOR DRIVE,WINCHESTER,WINCHESTER,WINCHESTER,HAMPSHIRE,Standard,Addition,51.0758750000,-1.3070120000
59950,1996-09-27 00:00:00Z,SO23 7HF,Flats/Maisonettes,Established,Leasehold,15,,GROSVENOR DRIVE,WINCHESTER,WINCHESTER,WINCHESTER,HAMPSHIRE,Standard,Addition,51.0758750000,-1.3070120000
91000,1996-07-05 00:00:00Z,SO23 7HG,Semi-Detached,Established,Freehold,4,,GREEN PARK CLOSE,WINCHESTER,WINCHESTER,WINCHESTER,HAMPSHIRE,Standard,Addition,51.0757320000,-1.3071140000
92000,1996-09-10 00:00:00Z,SO23 7HD,Semi-Detached,Established,Freehold,47,,FRANCIS GARDENS,WINCHESTER,WINCHESTER,WINCHESTER,HAMPSHIRE,Standard,Addition,51.0768170000,-1.3082390000
63000,1996-09-02 00:00:00Z,SO23 7HT,Terraced,Established,Freehold,3,,CHARLES CLOSE,WINCHESTER,WINCHESTER,WINCHESTER,HAMPSHIRE,Standard,Addition,51.0752260000,-1.3083200000
84995,1996-07-05 00:00:00Z,SO23 7HG,Semi-Detached,Established,Freehold,14,,GREEN PARK CLOSE,WINCHESTER,WINCHESTER,WINCHESTER,HAMPSHIRE,Standard,Addition,51.0757320000,-1.3071140000
89500,1996-03-12 00:00:00Z,SO23 7HG,Semi-Detached,Established,Freehold,7,,GREEN PARK CLOSE,WINCHESTER,WINCHESTER,WINCHESTER,HAMPSHIRE,Standard,Addition,51.0757320000,-1.3071140000
93500,1996-10-02 00:00:00Z,SO23 7HG,Semi-Detached,Established,Freehold,5,,GREEN PARK CLOSE,WINCHESTER,WINCHESTER,WINCHESTER,HAMPSHIRE,Standard,Addition,51.0757320000,-1.3071140000
95000,1996-11-29 00:00:00Z,SO23 7HQ,Semi-Detached,Established,Freehold,12,,CAVENDISH GROVE,WINCHESTER,WINCHESTER,WINCHESTER,HAMPSHIRE,Standard,Addition,51.0765220000,-1.3069730000
88000,1996-11-07 00:00:00Z,SO23 7HG,Terraced,Established,Freehold,3,,GREEN PARK CLOSE,WINCHESTER,WINCHESTER,WINCHESTER,HAMPSHIRE,Standard,Addition,51.0757320000,-1.3071140000
89950,1996-04-11 00:00:00Z,SO23 7HD,Semi-Detached,Established,Freehold,49,,FRANCIS GARDENS,WINCHESTER,WINCHESTER,WINCHESTER,HAMPSHIRE,Standard,Addition,51.0768170000,-1.3082390000
35000,1996-11-01 00:00:00Z,SO23 7HF,Semi-Detached,Established,Freehold,1,,GROSVENOR DRIVE,WINCHESTER,WINCHESTER,WINCHESTER,HAMPSHIRE,Standard,Addition,51.0758750000,-1.3070120000
47000,1996-07-25 00:00:00Z,SO23 7HT,Flats/Maisonettes,Established,Leasehold,27,,CHARLES CLOSE,WINCHESTER,WINCHESTER,WINCHESTER,HAMPSHIRE,Standard,Addition,51.0752260000,-1.3083200000
79000,1997-01-23 00:00:00Z,SO23 7HD,Semi-Detached,Established,Freehold,8,,FRANCIS GARDENS,WINCHESTER,WINCHESTER,WINCHESTER,HAMPSHIRE,Standard,Addition,51.0768170000,-1.3082390000
94000,1997-04-18 00:00:00Z,SO23 7HD,Semi-Detached,Established,Freehold,29,,FRANCIS GARDENS,WINCHESTER,WINCHESTER,WINCHESTER,HAMPSHIRE,Standard,Addition,51.0768170000,-1.3082390000
58995,1997-01-24 00:00:00Z,SO23 7HG,Flats/Maisonettes,Established,Leasehold,15,,GREEN PARK CLOSE,WINCHESTER,WINCHESTER,WINCHESTER,HAMPSHIRE,Standard,Addition,51.0757320000,-1.3071140000
62000,1997-09-19 00:00:00Z,SO23 7HQ,Flats/Maisonettes,Established,Leasehold,18,,CAVENDISH GROVE,WINCHESTER,WINCHESTER,WINCHESTER,HAMPSHIRE,Standard,Addition,51.0765220000,-1.3069730000
23500,1997-04-15 00:00:00Z,SO23 7HQ,Flats/Maisonettes,Established,Leasehold,18,,CAVENDISH GROVE,WINCHESTER,WINCHESTER,WINCHESTER,HAMPSHIRE,Standard,Addition,51.0765220000,-1.3069730000
58500,1997-02-14 00:00:00Z,SO23 7HF,Flats/Maisonettes,Established,Leasehold,11,,GROSVENOR DRIVE,WINCHESTER,WINCHESTER,WINCHESTER,HAMPSHIRE,Standard,Addition,51.0758750000,-1.3070120000
94000,1997-06-05 00:00:00Z,SO23 7HD,Semi-Detached,Established,Freehold,4,,FRANCIS GARDENS,WINCHESTER,WINCHESTER,WINCHESTER,HAMPSHIRE,Standard,Addition,51.0768170000,-1.3082390000
68000,1997-10-16 00:00:00Z,SO23 7HN,Terraced,Established,Freehold,4,,DYSON DRIVE,WINCHESTER,WINCHESTER,WINCHESTER,HAMPSHIRE,Standard,Addition,51.0758730000,-1.3098090000
175000,1997-07-31 00:00:00Z,SO23 7HD,Detached,Established,Freehold,39,,FRANCIS GARDENS,WINCHESTER,WINCHESTER,WINCHESTER,HAMPSHIRE,Standard,Addition,51.0768170000,-1.3082390000
59950,1997-03-21 00:00:00Z,SO23 7HQ,Flats/Maisonettes,Established,Leasehold,16,,CAVENDISH GROVE,WINCHESTER,WINCHESTER,WINCHESTER,HAMPSHIRE,Standard,Addition,51.0765220000,-1.3069730000
133000,1998-10-09 00:00:00Z,SO23 7HF,Semi-Detached,Established,Freehold,2,,GROSVENOR DRIVE,WINCHESTER,WINCHESTER,WINCHESTER,HAMPSHIRE,Standard,Addition,51.0758750000,-1.3070120000
107000,1998-12-04 00:00:00Z,SO23 7HQ,Semi-Detached,Established,Freehold,10,,CAVENDISH GROVE,WINCHESTER,WINCHESTER,WINCHESTER,HAMPSHIRE,Standard,Addition,51.0765220000,-1.3069730000
400000,1998-06-19 00:00:00Z,SO23 7HF,Detached,Established,Freehold,CHALKDELL HOUSE,,GROSVENOR DRIVE,WINCHESTER,WINCHESTER,WINCHESTER,HAMPSHIRE,Standard,Addition,51.0758750000,-1.3070120000
42500,1998-06-26 00:00:00Z,SO23 7HT,Flats/Maisonettes,Established,Leasehold,7,,CHARLES CLOSE,WINCHESTER,WINCHESTER,WINCHESTER,HAMPSHIRE,Standard,Addition,51.0752260000,-1.3083200000
71500,1999-05-18 00:00:00Z,SO23 7HT,Flats/Maisonettes,Established,Leasehold,14,,CHARLES CLOSE,,WINCHESTER,WINCHESTER,HAMPSHIRE,Standard,Addition,51.0752260000,-1.3083200000
142500,1999-05-07 00:00:00Z,SO23 7HG,Semi-Detached,Established,Freehold,1,,GREEN PARK CLOSE,,WINCHESTER,WINCHESTER,HAMPSHIRE,Standard,Addition,51.0757320000,-1.3071140000
69500,1999-06-02 00:00:00Z,SO23 7HQ,Flats/Maisonettes,Established,Leasehold,20,,CAVENDISH GROVE,,WINCHESTER,WINCHESTER,HAMPSHIRE,Standard,Addition,51.0765220000,-1.3069730000
130000,1999-10-08 00:00:00Z,SO23 7HD,Semi-Detached,Established,Freehold,10,,FRANCIS GARDENS,,WINCHESTER,WINCHESTER,HAMPSHIRE,Standard,Addition,51.0768170000,-1.3082390000
150000,1999-08-27 00:00:00Z,SO23 7HQ,Semi-Detached,Established,Freehold,12,,CAVENDISH GROVE,,WINCHESTER,WINCHESTER,HAMPSHIRE,Standard,Addition,51.0765220000,-1.3069730000
145000,1999-08-13 00:00:00Z,SO23 7HF,Semi-Detached,Established,Freehold,8,,GROSVENOR DRIVE,,WINCHESTER,WINCHESTER,HAMPSHIRE,Standard,Addition,51.0758750000,-1.3070120000
128000,1999-07-09 00:00:00Z,SO23 7HG,Semi-Detached,Established,Freehold,6,,GREEN PARK CLOSE,,WINCHESTER,WINCHESTER,HAMPSHIRE,Standard,Addition,51.0757320000,-1.3071140000
129950,1999-07-07 00:00:00Z,SO23 7HD,Semi-Detached,Established,Freehold,26,,FRANCIS GARDENS,,WINCHESTER,WINCHESTER,HAMPSHIRE,Standard,Addition,51.0768170000,-1.3082390000
139000,1999-06-04 00:00:00Z,SO23 7HD,Semi-Detached,Established,Freehold,16,,FRANCIS GARDENS,,WINCHESTER,WINCHESTER,HAMPSHIRE,Standard,Addition,51.0768170000,-1.3082390000
95000,2000-03-31 00:00:00Z,SO23 7HQ,Flats/Maisonettes,Established,Leasehold,16,,CAVENDISH GROVE,,WINCHESTER,WINCHESTER,HAMPSHIRE,Standard,Addition,51.0765220000,-1.3069730000
163500,2000-09-29 00:00:00Z,SO23 7HD,Semi-Detached,Established,Freehold,25,,FRANCIS GARDENS,,WINCHESTER,WINCHESTER,HAMPSHIRE,Standard,Addition,51.0768170000,-1.3082390000
176500,2000-11-29 00:00:00Z,SO23 7HG,Semi-Detached,Established,Freehold,4,,GREEN PARK CLOSE,,WINCHESTER,WINCHESTER,HAMPSHIRE,Standard,Addition,51.0757320000,-1.3071140000
108000,2000-11-10 00:00:00Z,SO23 7HD,Semi-Detached,Established,Freehold,8,,FRANCIS GARDENS,,WINCHESTER,WINCHESTER,HAMPSHIRE,Standard,Addition,51.0768170000,-1.3082390000
108000,2000-09-12 00:00:00Z,SO23 7HG,Flats/Maisonettes,Established,Leasehold,9,,GREEN PARK CLOSE,,WINCHESTER,WINCHESTER,HAMPSHIRE,Standard,Addition,51.0757320000,-1.3071140000
185000,2001-07-30 00:00:00Z,SO23 7HG,Semi-Detached,Established,Freehold,1,,GREEN PARK CLOSE,WINCHESTER,WINCHESTER,WINCHESTER,HAMPSHIRE,Standard,Addition,51.0757320000,-1.3071140000
108000,2001-03-23 00:00:00Z,SO23 7HQ,Flats/Maisonettes,Established,Leasehold,20,,CAVENDISH GROVE,WINCHESTER,WINCHESTER,WINCHESTER,HAMPSHIRE,Standard,Addition,51.0765220000,-1.3069730000
173000,2001-12-14 00:00:00Z,SO23 7HF,Semi-Detached,Established,Freehold,5,,GROSVENOR DRIVE,WINCHESTER,WINCHESTER,WINCHESTER,HAMPSHIRE,Standard,Addition,51.0758750000,-1.3070120000
155000,2001-05-18 00:00:00Z,SO23 7HD,Semi-Detached,Established,Freehold,26,,FRANCIS GARDENS,WINCHESTER,WINCHESTER,WINCHESTER,HAMPSHIRE,Standard,Addition,51.0768170000,-1.3082390000
206000,2001-11-09 00:00:00Z,SO23 7HQ,Detached,Established,Freehold,8,,CAVENDISH GROVE,WINCHESTER,WINCHESTER,WINCHESTER,HAMPSHIRE,Standard,Addition,51.0765220000,-1.3069730000
118950,2001-12-17 00:00:00Z,SO23 7HQ,Flats/Maisonettes,Established,Leasehold,18,,CAVENDISH GROVE,WINCHESTER,WINCHESTER,WINCHESTER,HAMPSHIRE,Standard,Addition,51.0765220000,-1.3069730000
119950,2001-08-24 00:00:00Z,SO23 7HN,Terraced,Established,Freehold,4,,DYSON DRIVE,WINCHESTER,WINCHESTER,WINCHESTER,HAMPSHIRE,Standard,Addition,51.0758730000,-1.3098090000
186000,2001-12-12 00:00:00Z,SO23 7HQ,Semi-Detached,Established,Freehold,4,,CAVENDISH GROVE,WINCHESTER,WINCHESTER,WINCHESTER,HAMPSHIRE,Standard,Addition,51.0765220000,-1.3069730000
110000,2001-05-04 00:00:00Z,SO23 7HQ,Flats/Maisonettes,Established,Leasehold,18,,CAVENDISH GROVE,WINCHESTER,WINCHESTER,WINCHESTER,HAMPSHIRE,Standard,Addition,51.0765220000,-1.3069730000
180000,2002-01-03 00:00:00Z,SO23 7HD,Semi-Detached,Established,Freehold,6,,FRANCIS GARDENS,WINCHESTER,WINCHESTER,WINCHESTER,HAMPSHIRE,Standard,Addition,51.0768170000,-1.3082390000
169950,2002-03-15 00:00:00Z,SO23 7HD,Semi-Detached,Established,Freehold,55,,FRANCIS GARDENS,WINCHESTER,WINCHESTER,WINCHESTER,HAMPSHIRE,Standard,Addition,51.0768170000,-1.3082390000
345000,2002-11-22 00:00:00Z,SO23 7HB,Detached,New Build,Freehold,THE LODGE,,WORTHY ROAD,WINCHESTER,WINCHESTER,WINCHESTER,HAMPSHIRE,Standard,Addition,51.0767250000,-1.3093260000
242500,2002-03-14 00:00:00Z,SO23 7HE,Semi-Detached,Established,Leasehold,DAIRY COTTAGE,,,ABBOTTS BARTON,WINCHESTER,WINCHESTER,HAMPSHIRE,Standard,Addition,51.0768510000,-1.3063550000
195000,2002-03-25 00:00:00Z,SO23 7HB,Terraced,New Build,Freehold,ABBOTTS LEA COTTAGES,1,WORTHY ROAD,,WINCHESTER,WINCHESTER,HAMPSHIRE,Standard,Addition,51.0767250000,-1.3093260000
325000,2002-08-30 00:00:00Z,SO23 7HB,Semi-Detached,New Build,Freehold,ABBOTTS LEA COTTAGES,8,WORTHY ROAD,,WINCHESTER,WINCHESTER,HAMPSHIRE,Standard,Addition,51.0767250000,-1.3093260000
295000,2002-08-15 00:00:00Z,SO23 7HB,Semi-Detached,New Build,Freehold,ABBOTTS LEA COTTAGES,9,WORTHY ROAD,,WINCHESTER,WINCHESTER,HAMPSHIRE,Standard,Addition,51.0767250000,-1.3093260000
163000,2002-04-02 00:00:00Z,SO23 7HF,Terraced,Established,Freehold,12,,GROSVENOR DRIVE,WINCHESTER,WINCHESTER,WINCHESTER,HAMPSHIRE,Standard,Addition,51.0758750000,-1.3070120000
195000,2002-03-22 00:00:00Z,SO23 7HD,Semi-Detached,Established,Freehold,16,,FRANCIS GARDENS,WINCHESTER,WINCHESTER,WINCHESTER,HAMPSHIRE,Standard,Addition,51.0768170000,-1.3082390000
138000,2002-04-29 00:00:00Z,SO23 7HF,Flats/Maisonettes,Established,Leasehold,11,,GROSVENOR DRIVE,WINCHESTER,WINCHESTER,WINCHESTER,HAMPSHIRE,Standard,Addition,51.0758750000,-1.3070120000
215000,2002-07-19 00:00:00Z,SO23 7HF,Semi-Detached,Established,Freehold,2,,GROSVENOR DRIVE,WINCHESTER,WINCHESTER,WINCHESTER,HAMPSHIRE,Standard,Addition,51.0758750000,-1.3070120000
280000,2003-07-30 00:00:00Z,SO23 7HB,Terraced,New Build,Freehold,ABBOTTS LEA COTTAGES,5,WORTHY ROAD,WINCHESTER,WINCHESTER,WINCHESTER,HAMPSHIRE,Standard,Addition,51.0767250000,-1.3093260000
135000,2003-08-15 00:00:00Z,SO23 7HQ,Flats/Maisonettes,Established,Leasehold,16,,CAVENDISH GROVE,WINCHESTER,WINCHESTER,WINCHESTER,HAMPSHIRE,Standard,Addition,51.0765220000,-1.3069730000
330000,2003-03-03 00:00:00Z,SO23 7HB,Detached,New Build,Freehold,ABBOTTS LEA COTTAGES,7,WORTHY ROAD,,WINCHESTER,WINCHESTER,HAMPSHIRE,Standard,Addition,51.0767250000,-1.3093260000
280000,2003-07-25 00:00:00Z,SO23 7HB,Terraced,New Build,Freehold,ABBOTTS LEA COTTAGES,6,WORTHY ROAD,WINCHESTER,WINCHESTER,WINCHESTER,HAMPSHIRE,Standard,Addition,51.0767250000,-1.3093260000
285000,2003-03-12 00:00:00Z,SO23 7HB,Terraced,New Build,Freehold,ABBOTTS LEA COTTAGES,2,WORTHY ROAD,,WINCHESTER,WINCHESTER,HAMPSHIRE,Standard,Addition,51.0767250000,-1.3093260000
273500,2003-04-30 00:00:00Z,SO23 7HB,Semi-Detached,New Build,Freehold,ABBOTTS LEA COTTAGES,4,WORTHY ROAD,,WINCHESTER,WINCHESTER,HAMPSHIRE,Standard,Addition,51.0767250000,-1.3093260000
120000,2003-11-14 00:00:00Z,SO23 7HT,Flats/Maisonettes,Established,Leasehold,7,,CHARLES CLOSE,WINCHESTER,WINCHESTER,WINCHESTER,HAMPSHIRE,Standard,Addition,51.0752260000,-1.3083200000
335000,2003-03-03 00:00:00Z,SO23 7HB,Detached,New Build,Freehold,ABBOTTS LEA COTTAGES,12,WORTHY ROAD,,WINCHESTER,WINCHESTER,HAMPSHIRE,Standard,Addition,51.0767250000,-1.3093260000
320000,2003-06-20 00:00:00Z,SO23 7HB,Terraced,New Build,Freehold,ABBOTTS LEA COTTAGES,11,WORTHY ROAD,,WINCHESTER,WINCHESTER,HAMPSHIRE,Standard,Addition,51.0767250000,-1.3093260000
325000,2003-11-28 00:00:00Z,SO23 7HB,Terraced,New Build,Freehold,ABBOTTS LEA COTTAGES,10,WORTHY ROAD,WINCHESTER,WINCHESTER,WINCHESTER,HAMPSHIRE,Standard,Addition,51.0767250000,-1.3093260000
152000,2003-09-15 00:00:00Z,SO23 7HG,Flats/Maisonettes,Established,Leasehold,13,,GREEN PARK CLOSE,WINCHESTER,WINCHESTER,WINCHESTER,HAMPSHIRE,Standard,Addition,51.0757320000,-1.3071140000
230000,2003-02-27 00:00:00Z,SO23 7HF,Semi-Detached,Established,Freehold,4,,GROSVENOR DRIVE,WINCHESTER,WINCHESTER,WINCHESTER,HAMPSHIRE,Standard,Addition,51.0758750000,-1.3070120000
305000,2003-10-28 00:00:00Z,SO23 7HB,Terraced,New Build,Freehold,ABBOTTS LEA COTTAGES,3,WORTHY ROAD,,WINCHESTER,WINCHESTER,HAMPSHIRE,Standard,Addition,51.0767250000,-1.3093260000
299950,2004-12-17 00:00:00Z,SO23 7HB,Terraced,Established,Freehold,ABBOTTS LEA COTTAGES,5,WORTHY ROAD,WINCHESTER,WINCHESTER,WINCHESTER,HAMPSHIRE,Standard,Addition,51.0767250000,-1.3093260000
230000,2004-06-16 00:00:00Z,SO23 7HF,Semi-Detached,Established,Freehold,7,,GROSVENOR DRIVE,WINCHESTER,WINCHESTER,WINCHESTER,HAMPSHIRE,Standard,Addition,51.0758750000,-1.3070120000
247000,2004-01-16 00:00:00Z,SO23 7HG,Semi-Detached,Established,Freehold,1,,GREEN PARK CLOSE,WINCHESTER,WINCHESTER,WINCHESTER,HAMPSHIRE,Standard,Addition,51.0757320000,-1.3071140000
157500,2004-07-07 00:00:00Z,SO23 7HT,Flats/Maisonettes,Established,Leasehold,14,,CHARLES CLOSE,WINCHESTER,WINCHESTER,WINCHESTER,HAMPSHIRE,Standard,Addition,51.0752260000,-1.3083200000
300000,2004-03-26 00:00:00Z,SO23 7HD,Semi-Detached,New Build,Freehold,"PEARTREES, 18",,FRANCIS GARDENS,WINCHESTER,WINCHESTER,WINCHESTER,HAMPSHIRE,Standard,Addition,51.0768170000,-1.3082390000
340000,2005-06-29 00:00:00Z,SO23 7HD,Detached,Established,Freehold,43,,FRANCIS GARDENS,WINCHESTER,WINCHESTER,WINCHESTER,HAMPSHIRE,Standard,Addition,51.0768170000,-1.3082390000
250000,2005-06-27 00:00:00Z,SO23 7HF,Semi-Detached,Established,Freehold,5,,GROSVENOR DRIVE,WINCHESTER,WINCHESTER,WINCHESTER,HAMPSHIRE,Standard,Addition,51.0758750000,-1.3070120000
245000,2005-05-31 00:00:00Z,SO23 7HD,Semi-Detached,Established,Freehold,6,,FRANCIS GARDENS,WINCHESTER,WINCHESTER,WINCHESTER,HAMPSHIRE,Standard,Addition,51.0768170000,-1.3082390000
167500,2005-04-28 00:00:00Z,SO23 7HF,Flats/Maisonettes,Established,Leasehold,11,,GROSVENOR DRIVE,WINCHESTER,WINCHESTER,WINCHESTER,HAMPSHIRE,Standard,Addition,51.0758750000,-1.3070120000
235000,2005-07-28 00:00:00Z,SO23 7HD,Semi-Detached,Established,Freehold,4,,FRANCIS GARDENS,WINCHESTER,WINCHESTER,WINCHESTER,HAMPSHIRE,Standard,Addition,51.0768170000,-1.3082390000
295000,2005-01-14 00:00:00Z,SO23 7HB,Semi-Detached,Established,Freehold,ABBOTTS LEA COTTAGES,9,WORTHY ROAD,,WINCHESTER,WINCHESTER,HAMPSHIRE,Standard,Addition,51.0767250000,-1.3093260000
165000,2005-02-28 00:00:00Z,SO23 7HG,Flats/Maisonettes,Established,Leasehold,11,,GREEN PARK CLOSE,WINCHESTER,WINCHESTER,WINCHESTER,HAMPSHIRE,Standard,Addition,51.0757320000,-1.3071140000
195000,2006-07-24 00:00:00Z,SO23 7HB,Terraced,Established,Freehold,ABBOTTS LEA COTTAGES,1,WORTHY ROAD,,WINCHESTER,WINCHESTER,HAMPSHIRE,Standard,Addition,51.0767250000,-1.3093260000
335000,2006-09-27 00:00:00Z,SO23 7HB,Detached,Established,Freehold,THE LODGE,,WORTHY ROAD,WINCHESTER,WINCHESTER,WINCHESTER,HAMPSHIRE,Standard,Addition,51.0767250000,-1.3093260000
290000,2006-04-19 00:00:00Z,SO23 7HE,Semi-Detached,Established,Leasehold,DAIRY COTTAGE,,,ABBOTTS BARTON,WINCHESTER,WINCHESTER,HAMPSHIRE,Standard,Addition,51.0768510000,-1.3063550000
275000,2006-11-01 00:00:00Z,SO23 7HQ,Semi-Detached,Established,Freehold,12,,CAVENDISH GROVE,WINCHESTER,WINCHESTER,WINCHESTER,HAMPSHIRE,Standard,Addition,51.0765220000,-1.3069730000
160000,2006-04-13 00:00:00Z,SO23 7HT,Flats/Maisonettes,Established,Leasehold,37,,CHARLES CLOSE,WINCHESTER,WINCHESTER,WINCHESTER,HAMPSHIRE,Standard,Addition,51.0752260000,-1.3083200000
249995,2006-11-06 00:00:00Z,SO23 7HD,Detached,Established,Freehold,12,,FRANCIS GARDENS,WINCHESTER,WINCHESTER,WINCHESTER,HAMPSHIRE,Standard,Addition,51.0768170000,-1.3082390000
250000,2006-06-15 00:00:00Z,SO23 7HF,Semi-Detached,Established,Freehold,4,,GROSVENOR DRIVE,WINCHESTER,WINCHESTER,WINCHESTER,HAMPSHIRE,Standard,Addition,51.0758750000,-1.3070120000
132000,2006-04-28 00:00:00Z,SO23 7HT,Flats/Maisonettes,Established,Leasehold,9,,CHARLES CLOSE,,WINCHESTER,WINCHESTER,HAMPSHIRE,Standard,Addition,51.0752260000,-1.3083200000
312000,2006-06-09 00:00:00Z,SO23 7HB,Semi-Detached,Established,Freehold,ABBOTTS LEA COTTAGES,4,WORTHY ROAD,,WINCHESTER,WINCHESTER,HAMPSHIRE,Standard,Addition,51.0767250000,-1.3093260000
233000,2007-07-18 00:00:00Z,SO23 7HT,Terraced,Established,Freehold,3,,CHARLES CLOSE,WINCHESTER,WINCHESTER,WINCHESTER,HAMPSHIRE,Standard,Addition,51.0752260000,-1.3083200000
248000,2007-03-16 00:00:00Z,SO23 7HD,Semi-Detached,Established,Freehold,53,,FRANCIS GARDENS,WINCHESTER,WINCHESTER,WINCHESTER,HAMPSHIRE,Standard,Addition,51.0768170000,-1.3082390000
184000,2007-02-09 00:00:00Z,SO23 7HQ,Flats/Maisonettes,Established,Leasehold,20,,CAVENDISH GROVE,WINCHESTER,WINCHESTER,WINCHESTER,HAMPSHIRE,Standard,Addition,51.0765220000,-1.3069730000
345000,2007-03-20 00:00:00Z,SO23 7HB,Terraced,Established,Freehold,ABBOTTS LEA COTTAGES,1,WORTHY ROAD,,WINCHESTER,WINCHESTER,HAMPSHIRE,Standard,Addition,51.0767250000,-1.3093260000
285000,2007-09-14 00:00:00Z,SO23 7HG,Semi-Detached,Established,Freehold,6,,GREEN PARK CLOSE,WINCHESTER,WINCHESTER,WINCHESTER,HAMPSHIRE,Standard,Addition,51.0757320000,-1.3071140000
169000,2008-12-14 00:00:00Z,SO23 7HQ,Flats/Maisonettes,Established,Leasehold,18,,CAVENDISH GROVE,WINCHESTER,WINCHESTER,WINCHESTER,HAMPSHIRE,Standard,Addition,51.0765220000,-1.3069730000
208000,2008-12-19 00:00:00Z,SO23 7HN,Terraced,Established,Freehold,4,,DYSON DRIVE,WINCHESTER,WINCHESTER,WINCHESTER,HAMPSHIRE,Standard,Addition,51.0758730000,-1.3098090000
248500,2008-09-25 00:00:00Z,SO23 7HD,Semi-Detached,Established,Freehold,14,,FRANCIS GARDENS,WINCHESTER,WINCHESTER,WINCHESTER,HAMPSHIRE,Standard,Addition,51.0768170000,-1.3082390000
172500,2008-11-21 00:00:00Z,SO23 7HQ,Flats/Maisonettes,Established,Leasehold,14,,CAVENDISH GROVE,WINCHESTER,WINCHESTER,WINCHESTER,HAMPSHIRE,Standard,Addition,51.0765220000,-1.3069730000
312000,2008-02-15 00:00:00Z,SO23 7HQ,Detached,Established,Freehold,1,,CAVENDISH GROVE,WINCHESTER,WINCHESTER,WINCHESTER,HAMPSHIRE,Standard,Addition,51.0765220000,-1.3069730000
340000,2008-06-13 00:00:00Z,SO23 7HD,Detached,Established,Freehold,45,,FRANCIS GARDENS,WINCHESTER,WINCHESTER,WINCHESTER,HAMPSHIRE,Standard,Addition,51.0768170000,-1.3082390000
275000,2008-02-14 00:00:00Z,SO23 7HF,Semi-Detached,Established,Freehold,3,,GROSVENOR DRIVE,WINCHESTER,WINCHESTER,WINCHESTER,HAMPSHIRE,Standard,Addition,51.0758750000,-1.3070120000
190000,2009-03-27 00:00:00Z,SO23 7HG,Semi-Detached,Established,Leasehold,13,,GREEN PARK CLOSE,,WINCHESTER,WINCHESTER,HAMPSHIRE,Standard,Addition,51.0757320000,-1.3071140000
245000,2009-08-19 00:00:00Z,SO23 7HB,Terraced,Established,Freehold,ABBOTTS LEA COTTAGES,8,WORTHY ROAD,,WINCHESTER,WINCHESTER,HAMPSHIRE,Standard,Addition,51.0767250000,-1.3093260000
139000,2009-12-18 00:00:00Z,SO23 7HT,Flats/Maisonettes,Established,Leasehold,9,,CHARLES CLOSE,,WINCHESTER,WINCHESTER,HAMPSHIRE,Standard,Addition,51.0752260000,-1.3083200000
160000,2009-08-21 00:00:00Z,SO23 7HT,Flats/Maisonettes,Established,Leasehold,14,,CHARLES CLOSE,,WINCHESTER,WINCHESTER,HAMPSHIRE,Standard,Addition,51.0752260000,-1.3083200000
267200,2009-09-18 00:00:00Z,SO23 7HF,Semi-Detached,Established,Freehold,5,,GROSVENOR DRIVE,,WINCHESTER,WINCHESTER,HAMPSHIRE,Standard,Addition,51.0758750000,-1.3070120000
268500,2009-05-22 00:00:00Z,SO23 7HD,Semi-Detached,Established,Freehold,26,,FRANCIS GARDENS,,WINCHESTER,WINCHESTER,HAMPSHIRE,Standard,Addition,51.0768170000,-1.3082390000
281767,2010-02-04 00:00:00Z,SO23 7HG,Semi-Detached,Established,Freehold,4,,GREEN PARK CLOSE,,WINCHESTER,WINCHESTER,HAMPSHIRE,Standard,Addition,51.0757320000,-1.3071140000
317500,2010-09-01 00:00:00Z,SO23 7HB,Detached,Established,Freehold,ABBOTTS LEA COTTAGES,7,WORTHY ROAD,,WINCHESTER,WINCHESTER,HAMPSHIRE,Standard,Addition,51.0767250000,-1.3093260000
250000,2010-11-17 00:00:00Z,SO23 7HF,Semi-Detached,Established,Freehold,1,,GROSVENOR DRIVE,,WINCHESTER,WINCHESTER,HAMPSHIRE,Standard,Addition,51.0758750000,-1.3070120000
228000,2010-10-15 00:00:00Z,SO23 7HN,Terraced,Established,Freehold,2A,,DYSON DRIVE,,WINCHESTER,WINCHESTER,HAMPSHIRE,Standard,Addition,51.0758730000,-1.3098090000
295000,2010-05-28 00:00:00Z,SO23 7HD,Semi-Detached,Established,Freehold,49,,FRANCIS GARDENS,,WINCHESTER,WINCHESTER,HAMPSHIRE,Standard,Addition,51.0768170000,-1.3082390000
287000,2011-02-24 00:00:00Z,SO23 7HD,Semi-Detached,Established,Freehold,4,,FRANCIS GARDENS,,WINCHESTER,WINCHESTER,HAMPSHIRE,Standard,Addition,51.0768170000,-1.3082390000
290000,2011-06-03 00:00:00Z,SO23 7HG,Semi-Detached,Established,Freehold,3,,GREEN PARK CLOSE,,WINCHESTER,WINCHESTER,HAMPSHIRE,Standard,Addition,51.0757320000,-1.3071140000
310000,2011-08-09 00:00:00Z,SO23 7HG,Semi-Detached,Established,Freehold,2,,GREEN PARK CLOSE,,WINCHESTER,WINCHESTER,HAMPSHIRE,Standard,Addition,51.0757320000,-1.3071140000
140000,2011-08-15 00:00:00Z,SO23 7HT,Flats/Maisonettes,Established,Leasehold,5,,CHARLES CLOSE,,WINCHESTER,WINCHESTER,HAMPSHIRE,Standard,Addition,51.0752260000,-1.3083200000
275000,2011-06-10 00:00:00Z,SO23 7HB,Terraced,Established,Freehold,ABBOTTS LEA COTTAGES,5,WORTHY ROAD,,WINCHESTER,WINCHESTER,HAMPSHIRE,Standard,Addition,51.0767250000,-1.3093260000
292000,2011-06-17 00:00:00Z,SO23 7HG,Semi-Detached,Established,Freehold,5,,GREEN PARK CLOSE,,WINCHESTER,WINCHESTER,HAMPSHIRE,Standard,Addition,51.0757320000,-1.3071140000
230000,2011-03-18 00:00:00Z,SO23 7HD,Semi-Detached,Established,Freehold,13,,FRANCIS GARDENS,,WINCHESTER,WINCHESTER,HAMPSHIRE,Standard,Addition,51.0768170000,-1.3082390000
290000,2011-02-08 00:00:00Z,SO23 7HB,Terraced,Established,Freehold,ABBOTTS LEA COTTAGES,3,WORTHY ROAD,,WINCHESTER,WINCHESTER,HAMPSHIRE,Standard,Addition,51.0767250000,-1.3093260000
289950,2011-01-14 00:00:00Z,SO23 7HN,Terraced,Established,Freehold,2,,DYSON DRIVE,,WINCHESTER,WINCHESTER,HAMPSHIRE,Standard,Addition,51.0758730000,-1.3098090000
115000,2011-10-10 00:00:00Z,SO23 7HT,Flats/Maisonettes,Established,Leasehold,11,,CHARLES CLOSE,,WINCHESTER,WINCHESTER,HAMPSHIRE,Standard,Addition,51.0752260000,-1.3083200000
287000,2012-07-16 00:00:00Z,SO23 7HD,Semi-Detached,Established,Freehold,4,,FRANCIS GARDENS,,WINCHESTER,WINCHESTER,HAMPSHIRE,Standard,Addition,51.0768170000,-1.3082390000
288500,2012-12-20 00:00:00Z,SO23 7GD,Semi-Detached,New Build,Freehold,4,,MONKS WALK,,WINCHESTER,WINCHESTER,HAMPSHIRE,Standard,Addition,51.0776550000,-1.3084120000
284950,2012-12-24 00:00:00Z,SO23 7FW,Semi-Detached,New Build,Freehold,7,,CASSANDRA ROAD,,WINCHESTER,WINCHESTER,HAMPSHIRE,Standard,Addition,51.0781160000,-1.3074210000
474950,2012-12-14 00:00:00Z,SO23 7GD,Detached,New Build,Freehold,2,,MONKS WALK,,WINCHESTER,WINCHESTER,HAMPSHIRE,Standard,Addition,51.0776550000,-1.3084120000
289950,2012-12-21 00:00:00Z,SO23 7GD,Semi-Detached,New Build,Freehold,3,,MONKS WALK,,WINCHESTER,WINCHESTER,HAMPSHIRE,Standard,Addition,51.0776550000,-1.3084120000
260000,2012-08-13 00:00:00Z,SO23 7HD,Semi-Detached,Established,Freehold,21,,FRANCIS GARDENS,ABBOTTS BARTON,WINCHESTER,WINCHESTER,HAMPSHIRE,Standard,Addition,51.0768170000,-1.3082390000
355000,2012-11-23 00:00:00Z,SO23 7HB,Detached,Established,Freehold,THE LODGE,,WORTHY ROAD,,WINCHESTER,WINCHESTER,HAMPSHIRE,Standard,Addition,51.0767250000,-1.3093260000
629950,2012-12-14 00:00:00Z,SO23 7FS,Detached,New Build,Freehold,3,,FRIARS WALK,,WINCHESTER,WINCHESTER,HAMPSHIRE,Standard,Addition,51.0784360000,-1.3083290000
168500,2012-07-31 00:00:00Z,SO23 7HT,Flats/Maisonettes,Established,Leasehold,14,,CHARLES CLOSE,,WINCHESTER,WINCHESTER,HAMPSHIRE,Standard,Addition,51.0752260000,-1.3083200000
305000,2012-02-17 00:00:00Z,SO23 7HD,Semi-Detached,Established,Freehold,16,,FRANCIS GARDENS,,WINCHESTER,WINCHESTER,HAMPSHIRE,Standard,Addition,51.0768170000,-1.3082390000
157500,2012-11-22 00:00:00Z,SO23 7HF,Flats/Maisonettes,Established,Leasehold,13,,GROSVENOR DRIVE,,WINCHESTER,WINCHESTER,HAMPSHIRE,Standard,Addition,51.0758750000,-1.3070120000
150000,2012-05-18 00:00:00Z,SO23 7HT,Flats/Maisonettes,Established,Leasehold,11,,CHARLES CLOSE,,WINCHESTER,WINCHESTER,HAMPSHIRE,Standard,Addition,51.0752260000,-1.3083200000
287950,2012-12-14 00:00:00Z,SO23 7FW,Semi-Detached,New Build,Freehold,2,,CASSANDRA ROAD,,WINCHESTER,WINCHESTER,HAMPSHIRE,Standard,Addition,51.0781160000,-1.3074210000
100000,2013-10-30 00:00:00Z,SO23 7GB,Terraced,New Build,Leasehold,2,,MANSFIELD WALK,,WINCHESTER,WINCHESTER,HAMPSHIRE,Standard,Addition,51.0775840000,-1.3071570000
439950,2013-06-28 00:00:00Z,SO23 7GF,Semi-Detached,New Build,Freehold,5,,NORTHANGER DRIVE,,WINCHESTER,WINCHESTER,HAMPSHIRE,Standard,Addition,51.0776220000,-1.3075280000
449950,2013-05-31 00:00:00Z,SO23 7FW,Semi-Detached,New Build,Freehold,5,,CASSANDRA ROAD,,WINCHESTER,WINCHESTER,HAMPSHIRE,Standard,Addition,51.0781160000,-1.3074210000
274950,2013-06-28 00:00:00Z,SO23 7GF,Terraced,New Build,Freehold,2,,NORTHANGER DRIVE,,WINCHESTER,WINCHESTER,HAMPSHIRE,Standard,Addition,51.0776220000,-1.3075280000
143000,2013-12-20 00:00:00Z,SO23 7HT,Flats/Maisonettes,Established,Leasehold,19,,CHARLES CLOSE,,WINCHESTER,WINCHESTER,HAMPSHIRE,Standard,Addition,51.0752260000,-1.3083200000
379950,2013-06-28 00:00:00Z,SO23 7FW,Semi-Detached,New Build,Freehold,1,,CASSANDRA ROAD,,WINCHESTER,WINCHESTER,HAMPSHIRE,Standard,Addition,51.0781160000,-1.3074210000
257950,2013-05-10 00:00:00Z,SO23 7GG,Flats/Maisonettes,New Build,Leasehold,3,,WYKEHAM WAY,,WINCHESTER,WINCHESTER,HAMPSHIRE,Standard,Addition,51.0777230000,-1.3078830000
634950,2013-08-23 00:00:00Z,SO23 7GF,Detached,New Build,Freehold,1,,NORTHANGER DRIVE,,WINCHESTER,WINCHESTER,HAMPSHIRE,Standard,Addition,51.0776220000,-1.3075280000
474950,2013-05-10 00:00:00Z,SO23 7GG,Semi-Detached,New Build,Freehold,4,,WYKEHAM WAY,,WINCHESTER,WINCHESTER,HAMPSHIRE,Standard,Addition,51.0777230000,-1.3078830000
292500,2013-11-15 00:00:00Z,SO23 7HF,Terraced,Established,Freehold,14,,GROSVENOR DRIVE,,WINCHESTER,WINCHESTER,HAMPSHIRE,Standard,Addition,51.0758750000,-1.3070120000
133000,2013-10-29 00:00:00Z,SO23 7HT,Flats/Maisonettes,Established,Leasehold,17,,CHARLES CLOSE,,WINCHESTER,WINCHESTER,HAMPSHIRE,Standard,Addition,51.0752260000,-1.3083200000
250000,2013-12-18 00:00:00Z,SO23 7HN,Terraced,Established,Freehold,6,,DYSON DRIVE,,WINCHESTER,WINCHESTER,HAMPSHIRE,Standard,Addition,51.0758730000,-1.3098090000
449950,2013-11-22 00:00:00Z,SO23 7GG,Terraced,New Build,Freehold,5,,WYKEHAM WAY,,WINCHESTER,WINCHESTER,HAMPSHIRE,Standard,Addition,51.0777230000,-1.3078830000
599950,2013-08-30 00:00:00Z,SO23 7GD,Detached,New Build,Freehold,6,,MONKS WALK,,WINCHESTER,WINCHESTER,HAMPSHIRE,Standard,Addition,51.0776550000,-1.3084120000
679950,2013-12-06 00:00:00Z,SO23 7FS,Detached,New Build,Freehold,2,,FRIARS WALK,,WINCHESTER,WINCHESTER,HAMPSHIRE,Standard,Addition,51.0784360000,-1.3083290000
364950,2013-12-13 00:00:00Z,SO23 7FW,Terraced,New Build,Freehold,18,,CASSANDRA ROAD,,WINCHESTER,WINCHESTER,HAMPSHIRE,Standard,Addition,51.0781160000,-1.3074210000
369950,2013-12-20 00:00:00Z,SO23 7FW,Terraced,New Build,Freehold,17,,CASSANDRA ROAD,,WINCHESTER,WINCHESTER,HAMPSHIRE,Standard,Addition,51.0781160000,-1.3074210000
549950,2013-06-07 00:00:00Z,SO23 7GD,Detached,New Build,Freehold,8,,MONKS WALK,,WINCHESTER,WINCHESTER,HAMPSHIRE,Standard,Addition,51.0776550000,-1.3084120000
200000,2013-09-27 00:00:00Z,SO23 7GG,Flats/Maisonettes,New Build,Leasehold,2,,WYKEHAM WAY,,WINCHESTER,WINCHESTER,HAMPSHIRE,Standard,Addition,51.0777230000,-1.3078830000
629950,2013-03-28 00:00:00Z,SO23 7GD,Detached,New Build,Freehold,5,,MONKS WALK,,WINCHESTER,WINCHESTER,HAMPSHIRE,Standard,Addition,51.0776550000,-1.3084120000
457950,2013-06-21 00:00:00Z,SO23 7GD,Terraced,New Build,Freehold,9,,MONKS WALK,,WINCHESTER,WINCHESTER,HAMPSHIRE,Standard,Addition,51.0776550000,-1.3084120000
549950,2013-05-24 00:00:00Z,SO23 7GD,Detached,New Build,Freehold,1,,MONKS WALK,,WINCHESTER,WINCHESTER,HAMPSHIRE,Standard,Addition,51.0776550000,-1.3084120000
269950,2013-07-19 00:00:00Z,SO23 7GF,Terraced,New Build,Freehold,3,,NORTHANGER DRIVE,,WINCHESTER,WINCHESTER,HAMPSHIRE,Standard,Addition,51.0776220000,-1.3075280000
249950,2013-05-10 00:00:00Z,SO23 7GG,Flats/Maisonettes,New Build,Leasehold,6,,WYKEHAM WAY,,WINCHESTER,WINCHESTER,HAMPSHIRE,Standard,Addition,51.0777230000,-1.3078830000
320000,2013-08-30 00:00:00Z,SO23 7HF,Semi-Detached,Established,Freehold,1,,GROSVENOR DRIVE,,WINCHESTER,WINCHESTER,HAMPSHIRE,Standard,Addition,51.0758750000,-1.3070120000
299950,2013-11-29 00:00:00Z,SO23 7FU,Semi-Detached,New Build,Freehold,1,,LEA VIEW,,WINCHESTER,WINCHESTER,HAMPSHIRE,Standard,Addition,51.0773300000,-1.3068190000
489950,2013-10-25 00:00:00Z,SO23 7FU,Detached,New Build,Freehold,5,,LEA VIEW,,WINCHESTER,WINCHESTER,HAMPSHIRE,Standard,Addition,51.0773300000,-1.3068190000
449950,2013-07-19 00:00:00Z,SO23 7GF,Terraced,New Build,Freehold,6,,NORTHANGER DRIVE,,WINCHESTER,WINCHESTER,HAMPSHIRE,Standard,Addition,51.0776220000,-1.3075280000
599950,2013-05-24 00:00:00Z,SO23 7GD,Detached,Established,Freehold,7,,MONKS WALK,,WINCHESTER,WINCHESTER,HAMPSHIRE,Standard,Addition,51.0776550000,-1.3084120000
449950,2013-05-31 00:00:00Z,SO23 7FW,Semi-Detached,New Build,Freehold,6,,CASSANDRA ROAD,,WINCHESTER,WINCHESTER,HAMPSHIRE,Standard,Addition,51.0781160000,-1.3074210000
269950,2013-07-19 00:00:00Z,SO23 7GF,Terraced,New Build,Freehold,4,,NORTHANGER DRIVE,,WINCHESTER,WINCHESTER,HAMPSHIRE,Standard,Addition,51.0776220000,-1.3075280000
462950,2013-11-22 00:00:00Z,SO23 7FU,Detached,New Build,Freehold,3,,LEA VIEW,,WINCHESTER,WINCHESTER,HAMPSHIRE,Standard,Addition,51.0773300000,-1.3068190000
552950,2014-08-08 00:00:00Z,SO23 7FY,Detached,New Build,Freehold,2,,MEADOW VIEW,,WINCHESTER,WINCHESTER,HAMPSHIRE,Standard,Addition,51.0784300000,-1.3072160000
462950,2014-02-14 00:00:00Z,SO23 7FW,Semi-Detached,Established,Freehold,21,,CASSANDRA ROAD,,WINCHESTER,WINCHESTER,HAMPSHIRE,Standard,Addition,51.0781160000,-1.3074210000
277000,2014-03-31 00:00:00Z,SO23 7HN,Terraced,Established,Freehold,2A,,DYSON DRIVE,,WINCHESTER,WINCHESTER,HAMPSHIRE,Standard,Addition,51.0758730000,-1.3098090000
623950,2014-05-20 00:00:00Z,SO23 7FY,Detached,New Build,Freehold,10,,MEADOW VIEW,,WINCHESTER,WINCHESTER,HAMPSHIRE,Standard,Addition,51.0784300000,-1.3072160000
719950,2014-03-27 00:00:00Z,SO23 7FY,Detached,New Build,Freehold,11,,MEADOW VIEW,,WINCHESTER,WINCHESTER,HAMPSHIRE,Standard,Addition,51.0784300000,-1.3072160000
285950,2014-07-07 00:00:00Z,SO23 7FY,Terraced,New Build,Freehold,4,,MEADOW VIEW,,WINCHESTER,WINCHESTER,HAMPSHIRE,Standard,Addition,51.0784300000,-1.3072160000
462950,2014-01-24 00:00:00Z,SO23 7FW,Terraced,New Build,Freehold,14,,CASSANDRA ROAD,,WINCHESTER,WINCHESTER,HAMPSHIRE,Standard,Addition,51.0781160000,-1.3074210000
487950,2014-02-20 00:00:00Z,SO23 7FY,Semi-Detached,New Build,Freehold,14,,MEADOW VIEW,,WINCHESTER,WINCHESTER,HAMPSHIRE,Standard,Addition,51.0784300000,-1.3072160000
485950,2014-02-20 00:00:00Z,SO23 7FY,Semi-Detached,New Build,Freehold,15,,MEADOW VIEW,,WINCHESTER,WINCHESTER,HAMPSHIRE,Standard,Addition,51.0784300000,-1.3072160000
349950,2014-01-03 00:00:00Z,SO23 7HQ,Semi-Detached,Established,Freehold,12,,CAVENDISH GROVE,,WINCHESTER,WINCHESTER,HAMPSHIRE,Standard,Addition,51.0765220000,-1.3069730000
285950,2014-04-24 00:00:00Z,SO23 7FY,Terraced,New Build,Freehold,3,,MEADOW VIEW,,WINCHESTER,WINCHESTER,HAMPSHIRE,Standard,Addition,51.0784300000,-1.3072160000
276950,2014-01-24 00:00:00Z,SO23 7FW,Terraced,New Build,Freehold,16,,CASSANDRA ROAD,,WINCHESTER,WINCHESTER,HAMPSHIRE,Standard,Addition,51.0781160000,-1.3074210000
469950,2014-01-24 00:00:00Z,SO23 7FU,Detached,New Build,Freehold,4,,LEA VIEW,,WINCHESTER,WINCHESTER,HAMPSHIRE,Standard,Addition,51.0773300000,-1.3068190000
123750,2014-05-30 00:00:00Z,SO23 7GH,Flats/Maisonettes,Established,Leasehold,2,,PILGRIMS PLACE,,WINCHESTER,WINCHESTER,HAMPSHIRE,Standard,Addition,51.0780370000,-1.3070090000
292950,2014-08-06 00:00:00Z,SO23 7FY,Terraced,New Build,Freehold,5,,MEADOW VIEW,,WINCHESTER,WINCHESTER,HAMPSHIRE,Standard,Addition,51.0784300000,-1.3072160000
274950,2014-01-24 00:00:00Z,SO23 7FW,Terraced,New Build,Freehold,15,,CASSANDRA ROAD,,WINCHESTER,WINCHESTER,HAMPSHIRE,Standard,Addition,51.0781160000,-1.3074210000
632950,2014-03-28 00:00:00Z,SO23 7FY,Detached,New Build,Freehold,1,,MEADOW VIEW,,WINCHESTER,WINCHESTER,HAMPSHIRE,Standard,Addition,51.0784300000,-1.3072160000
499762,2014-03-26 00:00:00Z,SO23 7FY,Detached,New Build,Freehold,8,,MEADOW VIEW,,WINCHESTER,WINCHESTER,HAMPSHIRE,Standard,Addition,51.0784300000,-1.3072160000
459950,2014-04-11 00:00:00Z,SO23 7FW,Detached,New Build,Freehold,22,,CASSANDRA ROAD,,WINCHESTER,WINCHESTER,HAMPSHIRE,Standard,Addition,51.0781160000,-1.3074210000
413000,2014-12-17 00:00:00Z,SO23 7HB,Terraced,Established,Freehold,ABBOTTS LEA COTTAGES,10,WORTHY ROAD,,WINCHESTER,WINCHESTER,HAMPSHIRE,Standard,Addition,51.0767250000,-1.3093260000
285000,2014-04-24 00:00:00Z,SO23 7HD,Semi-Detached,Established,Freehold,51,,FRANCIS GARDENS,,WINCHESTER,WINCHESTER,HAMPSHIRE,Standard,Addition,51.0768170000,-1.3082390000
305950,2014-05-02 00:00:00Z,SO23 7FY,Terraced,New Build,Freehold,6,,MEADOW VIEW,,WINCHESTER,WINCHESTER,HAMPSHIRE,Standard,Addition,51.0784300000,-1.3072160000
647950,2014-03-24 00:00:00Z,SO23 7FY,Detached,New Build,Freehold,12,,MEADOW VIEW,,WINCHESTER,WINCHESTER,HAMPSHIRE,Standard,Addition,51.0784300000,-1.3072160000
399950,2014-07-29 00:00:00Z,SO23 7FS,Semi-Detached,New Build,Freehold,1,,FRIARS WALK,,WINCHESTER,WINCHESTER,HAMPSHIRE,Standard,Addition,51.0784360000,-1.3083290000
302000,2014-07-01 00:00:00Z,SO23 7FW,Terraced,New Build,Freehold,8,,CASSANDRA ROAD,,WINCHESTER,WINCHESTER,HAMPSHIRE,Standard,Addition,51.0781160000,-1.3074210000
299950,2014-04-24 00:00:00Z,SO23 7FY,Terraced,New Build,Freehold,7,,MEADOW VIEW,,WINCHESTER,WINCHESTER,HAMPSHIRE,Standard,Addition,51.0784300000,-1.3072160000
619950,2014-03-31 00:00:00Z,SO23 7FY,Detached,New Build,Freehold,9,,MEADOW VIEW,,WINCHESTER,WINCHESTER,HAMPSHIRE,Standard,Addition,51.0784300000,-1.3072160000
363599,2015-09-11 00:00:00Z,SO23 7FY,Terraced,Established,Freehold,5,,MEADOW VIEW,,WINCHESTER,WINCHESTER,HAMPSHIRE,Standard,Addition,51.0784300000,-1.3072160000
265000,2015-12-07 00:00:00Z,SO23 7HF,Flats/Maisonettes,Established,Leasehold,13,,GROSVENOR DRIVE,,WINCHESTER,WINCHESTER,HAMPSHIRE,Standard,Addition,51.0758750000,-1.3070120000
96000,2015-12-10 00:00:00Z,SO23 7GH,Flats/Maisonettes,Established,Leasehold,5,,PILGRIMS PLACE,,WINCHESTER,WINCHESTER,HAMPSHIRE,Standard,Addition,51.0780370000,-1.3070090000
375000,2015-10-13 00:00:00Z,SO23 7HD,Semi-Detached,Established,Freehold,23,,FRANCIS GARDENS,,WINCHESTER,WINCHESTER,HAMPSHIRE,Standard,Addition,51.0768170000,-1.3082390000
405000,2015-10-23 00:00:00Z,SO23 7HB,Terraced,Established,Freehold,ABBOTTS LEA COTTAGES,5,WORTHY ROAD,,WINCHESTER,WINCHESTER,HAMPSHIRE,Standard,Addition,51.0767250000,-1.3093260000
317500,2015-06-19 00:00:00Z,SO23 7HD,Semi-Detached,Established,Freehold,11,,FRANCIS GARDENS,,WINCHESTER,WINCHESTER,HAMPSHIRE,Standard,Addition,51.0768170000,-1.3082390000
232000,2015-03-24 00:00:00Z,SO23 7HF,Flats/Maisonettes,Established,Leasehold,11,,GROSVENOR DRIVE,,WINCHESTER,WINCHESTER,HAMPSHIRE,Standard,Addition,51.0758750000,-1.3070120000
420000,2016-09-20 00:00:00Z,SO23 7HD,Semi-Detached,Established,Freehold,25,,FRANCIS GARDENS,,WINCHESTER,WINCHESTER,HAMPSHIRE,Standard,Addition,51.0768170000,-1.3082390000
365000,2016-10-21 00:00:00Z,SO23 7HQ,Detached,Established,Freehold,6,,CAVENDISH GROVE,,WINCHESTER,WINCHESTER,HAMPSHIRE,Standard,Addition,51.0765220000,-1.3069730000
411000,2016-05-13 00:00:00Z,SO23 7HQ,Detached,Established,Freehold,3,,CAVENDISH GROVE,,WINCHESTER,WINCHESTER,HAMPSHIRE,Standard,Addition,51.0765220000,-1.3069730000
435000,2016-10-21 00:00:00Z,SO23 7HD,Semi-Detached,Established,Freehold,11,,FRANCIS GARDENS,,WINCHESTER,WINCHESTER,HAMPSHIRE,Standard,Addition,51.0768170000,-1.3082390000
250000,2016-03-30 00:00:00Z,SO23 7HF,Flats/Maisonettes,Established,Leasehold,15,,GROSVENOR DRIVE,,WINCHESTER,WINCHESTER,HAMPSHIRE,Additional,Addition,51.0758750000,-1.3070120000
417000,2016-06-06 00:00:00Z,SO23 7HD,Semi-Detached,Established,Freehold,13,,FRANCIS GARDENS,,WINCHESTER,WINCHESTER,HAMPSHIRE,Standard,Addition,51.0768170000,-1.3082390000
340000,2016-03-22 00:00:00Z,SO23 7FW,Terraced,Established,Freehold,15,,CASSANDRA ROAD,,WINCHESTER,WINCHESTER,HAMPSHIRE,Standard,Addition,51.0781160000,-1.3074210000
840000,2016-08-30 00:00:00Z,SO23 7FY,Detached,Established,Freehold,1,,MEADOW VIEW,,WINCHESTER,WINCHESTER,HAMPSHIRE,Standard,Addition,51.0784300000,-1.3072160000
132000,2017-10-05 00:00:00Z,SO23 7GB,Flats/Maisonettes,Established,Leasehold,1,,MANSFIELD WALK,,WINCHESTER,WINCHESTER,HAMPSHIRE,Standard,Addition,51.0775840000,-1.3071570000
670000,2017-07-27 00:00:00Z,SO23 7GD,Detached,Established,Freehold,2,,MONKS WALK,,WINCHESTER,WINCHESTER,HAMPSHIRE,Standard,Addition,51.0776550000,-1.3084120000
461000,2017-06-26 00:00:00Z,SO23 7HB,Detached,Established,Freehold,ABBOTTS LEA COTTAGES,12,WORTHY ROAD,,WINCHESTER,WINCHESTER,HAMPSHIRE,Standard,Addition,51.0767250000,-1.3093260000
471000,2017-11-08 00:00:00Z,SO23 7HD,Semi-Detached,Established,Freehold,21,,FRANCIS GARDENS,ABBOTTS BARTON,WINCHESTER,WINCHESTER,HAMPSHIRE,Standard,Addition,51.0768170000,-1.3082390000
473000,2017-02-03 00:00:00Z,SO23 7FW,Terraced,Established,Freehold,17,,CASSANDRA ROAD,,WINCHESTER,WINCHESTER,HAMPSHIRE,Standard,Addition,51.0781160000,-1.3074210000
420000,2017-01-17 00:00:00Z,SO23 7HD,Semi-Detached,Established,Freehold,17,,FRANCIS GARDENS,,WINCHESTER,WINCHESTER,HAMPSHIRE,Standard,Addition,51.0768170000,-1.3082390000
440000,2017-07-27 00:00:00Z,SO23 7HD,Semi-Detached,Established,Freehold,15,,FRANCIS GARDENS,,WINCHESTER,WINCHESTER,HAMPSHIRE,Standard,Addition,51.0768170000,-1.3082390000
585000,2017-07-14 00:00:00Z,SO23 7FU,Detached,Established,Freehold,3,,LEA VIEW,,WINCHESTER,WINCHESTER,HAMPSHIRE,Standard,Addition,51.0773300000,-1.3068190000
440000,2017-07-14 00:00:00Z,SO23 7HB,Terraced,Established,Freehold,ABBOTTS LEA COTTAGES,1,WORTHY ROAD,,WINCHESTER,WINCHESTER,HAMPSHIRE,Standard,Addition,51.0767250000,-1.3093260000
625000,2017-08-10 00:00:00Z,SO23 7FW,Terraced,Established,Freehold,14,,CASSANDRA ROAD,,WINCHESTER,WINCHESTER,HAMPSHIRE,Standard,Addition,51.0781160000,-1.3074210000
825000,2017-07-07 00:00:00Z,SO23 7GD,Detached,Established,Freehold,7,,MONKS WALK,,WINCHESTER,WINCHESTER,HAMPSHIRE,Standard,Addition,51.0776550000,-1.3084120000
446000,2018-08-02 00:00:00Z,SO23 7HD,Semi-Detached,Established,Freehold,24,,FRANCIS GARDENS,,WINCHESTER,WINCHESTER,HAMPSHIRE,Standard,Addition,51.0768170000,-1.3082390000
350000,2018-09-21 00:00:00Z,SO23 7GB,Terraced,Established,Freehold,3,,MANSFIELD WALK,,WINCHESTER,WINCHESTER,HAMPSHIRE,Additional,Addition,51.0775840000,-1.3071570000
344000,2018-10-05 00:00:00Z,SO23 7GB,Terraced,Established,Freehold,3,,MANSFIELD WALK,,WINCHESTER,WINCHESTER,HAMPSHIRE,Standard,Addition,51.0775840000,-1.3071570000
385000,2018-09-28 00:00:00Z,SO23 7HD,Semi-Detached,Established,Freehold,47,,FRANCIS GARDENS,,WINCHESTER,WINCHESTER,HAMPSHIRE,Standard,Addition,51.0768170000,-1.3082390000
325000,2018-02-28 00:00:00Z,SO23 7GG,Flats/Maisonettes,Established,Leasehold,6,,WYKEHAM WAY,,WINCHESTER,WINCHESTER,HAMPSHIRE,Standard,Addition,51.0777230000,-1.3078830000
400000,2018-06-08 00:00:00Z,SO23 7HB,Semi-Detached,Established,Freehold,ABBOTTS LEA COTTAGES,9,WORTHY ROAD,,WINCHESTER,WINCHESTER,HAMPSHIRE,Standard,Addition,51.0767250000,-1.3093260000
276500,2018-09-14 00:00:00Z,SO23 7GG,Flats/Maisonettes,Established,Leasehold,2,,WYKEHAM WAY,,WINCHESTER,WINCHESTER,HAMPSHIRE,Standard,Addition,51.0777230000,-1.3078830000
435000,2018-04-20 00:00:00Z,SO23 7HB,Detached,Established,Freehold,THE LODGE,,WORTHY ROAD,,WINCHESTER,WINCHESTER,HAMPSHIRE,Standard,Addition,51.0767250000,-1.3093260000
357500,2018-07-27 00:00:00Z,SO23 7GF,Terraced,Established,Freehold,3,,NORTHANGER DRIVE,,WINCHESTER,WINCHESTER,HAMPSHIRE,Standard,Addition,51.0776220000,-1.3075280000
585000,2018-07-03 00:00:00Z,SO23 7GG,Terraced,Established,Freehold,5,,WYKEHAM WAY,,WINCHESTER,WINCHESTER,HAMPSHIRE,Standard,Addition,51.0777230000,-1.3078830000
740000,2019-05-03 00:00:00Z,SO23 7FY,Detached,Established,Freehold,10,,MEADOW VIEW,,WINCHESTER,WINCHESTER,HAMPSHIRE,Standard,Addition,51.0784300000,-1.3072160000
385000,2019-07-30 00:00:00Z,SO23 7HD,Semi-Detached,Established,Freehold,6,,FRANCIS GARDENS,,WINCHESTER,WINCHESTER,HAMPSHIRE,Standard,Addition,51.0768170000,-1.3082390000
480000,2019-07-31 00:00:00Z,SO23 7HF,Semi-Detached,Established,Freehold,2,,GROSVENOR DRIVE,,WINCHESTER,WINCHESTER,HAMPSHIRE,Standard,Addition,51.0758750000,-1.3070120000
350000,2019-03-04 00:00:00Z,SO23 7HN,Terraced,Established,Freehold,6,,DYSON DRIVE,,WINCHESTER,WINCHESTER,HAMPSHIRE,Standard,Addition,51.0758730000,-1.3098090000
420000,2019-12-10 00:00:00Z,SO23 7HG,Terraced,Established,Freehold,10,,GREEN PARK CLOSE,,WINCHESTER,WINCHESTER,HAMPSHIRE,Standard,Addition,51.0757320000,-1.3071140000
385000,2019-02-01 00:00:00Z,SO23 7FY,Terraced,Established,Freehold,3,,MEADOW VIEW,,WINCHESTER,WINCHESTER,HAMPSHIRE,Standard,Addition,51.0784300000,-1.3072160000
350000,2019-05-15 00:00:00Z,SO23 7HB,Terraced,Established,Freehold,ABBOTTS LEA COTTAGES,6,WORTHY ROAD,,WINCHESTER,WINCHESTER,HAMPSHIRE,Standard,Addition,51.0767250000,-1.3093260000
875000,2020-12-18 00:00:00Z,SO23 7HE,Other,Established,Freehold,CHALKPIT COTTAGE FARM,,,ABBOTTS BARTON,WINCHESTER,WINCHESTER,HAMPSHIRE,Additional,Addition,51.0768510000,-1.3063550000
385000,2020-03-19 00:00:00Z,SO23 7GD,Semi-Detached,Established,Freehold,4,,MONKS WALK,,WINCHESTER,WINCHESTER,HAMPSHIRE,Additional,Addition,51.0776550000,-1.3084120000
403000,2020-09-03 00:00:00Z,SO23 7HG,Terraced,Established,Freehold,12,,GREEN PARK CLOSE,,WINCHESTER,WINCHESTER,HAMPSHIRE,Standard,Addition,51.0757320000,-1.3071140000
425000,2020-07-24 00:00:00Z,SO23 7HB,Terraced,Established,Freehold,ABBOTTS LEA COTTAGES,11,WORTHY ROAD,,WINCHESTER,WINCHESTER,HAMPSHIRE,Standard,Addition,51.0767250000,-1.3093260000
386000,2020-08-25 00:00:00Z,SO23 7HD,Semi-Detached,Established,Freehold,14,,FRANCIS GARDENS,,WINCHESTER,WINCHESTER,HAMPSHIRE,Standard,Addition,51.0768170000,-1.3082390000
4250000,2020-09-04 00:00:00Z,SO23 7HE,Detached,Established,Freehold,CHALKDELL HOUSE,,,ABBOTTS BARTON,WINCHESTER,WINCHESTER,HAMPSHIRE,Standard,Addition,51.0768510000,-1.3063550000
480000,2020-10-21 00:00:00Z,SO23 7HD,Semi-Detached,Established,Freehold,47,,FRANCIS GARDENS,,WINCHESTER,WINCHESTER,HAMPSHIRE,Standard,Addition,51.0768170000,-1.3082390000
380000,2020-02-28 00:00:00Z,SO23 7HB,Semi-Detached,Established,Freehold,ABBOTTS LEA COTTAGES,4,WORTHY ROAD,,WINCHESTER,WINCHESTER,HAMPSHIRE,Standard,Addition,51.0767250000,-1.3093260000
430000,2020-11-13 00:00:00Z,SO23 7FW,Terraced,Established,Freehold,16,,CASSANDRA ROAD,,WINCHESTER,WINCHESTER,HAMPSHIRE,Standard,Addition,51.0781160000,-1.3074210000
609000,2020-11-04 00:00:00Z,SO23 7FW,Semi-Detached,Established,Freehold,21,,CASSANDRA ROAD,,WINCHESTER,WINCHESTER,HAMPSHIRE,Standard,Addition,51.0781160000,-1.3074210000
515000,2020-12-18 00:00:00Z,SO23 7HG,Semi-Detached,Established,Freehold,4,,GREEN PARK CLOSE,,WINCHESTER,WINCHESTER,HAMPSHIRE,Standard,Addition,51.0757320000,-1.3071140000
428000,2020-11-27 00:00:00Z,SO23 7HF,Terraced,Established,Freehold,14,,GROSVENOR DRIVE,,WINCHESTER,WINCHESTER,HAMPSHIRE,Standard,Addition,51.0758750000,-1.3070120000
383000,2020-11-13 00:00:00Z,SO23 7HB,Terraced,Established,Freehold,ABBOTTS LEA COTTAGES,10,WORTHY ROAD,,WINCHESTER,WINCHESTER,HAMPSHIRE,Standard,Addition,51.0767250000,-1.3093260000
465000,2021-02-17 00:00:00Z,SO23 7HN,Terraced,Established,Freehold,2,,DYSON DRIVE,,WINCHESTER,WINCHESTER,HAMPSHIRE,Standard,Addition,51.0758730000,-1.3098090000
465000,2021-02-17 00:00:00Z,SO23 7HG,Semi-Detached,Established,Freehold,14,,GREEN PARK CLOSE,,WINCHESTER,WINCHESTER,HAMPSHIRE,Standard,Addition,51.0757320000,-1.3071140000
275000,2021-03-29 00:00:00Z,SO23 7GH,Flats/Maisonettes,Established,Leasehold,5,,PILGRIMS PLACE,,WINCHESTER,WINCHESTER,HAMPSHIRE,Standard,Addition,51.0780370000,-1.3070090000
480000,2021-03-08 00:00:00Z,SO23 7HG,Semi-Detached,Established,Freehold,3,,GREEN PARK CLOSE,,WINCHESTER,WINCHESTER,HAMPSHIRE,Standard,Addition,51.0757320000,-1.3071140000
900000,2021-01-29 00:00:00Z,SO23 7GD,Detached,Established,Freehold,6,,MONKS WALK,,WINCHESTER,WINCHESTER,HAMPSHIRE,Standard,Addition,51.0776550000,-1.3084120000
730000,2021-11-16 00:00:00Z,SO23 7FW,Semi-Detached,Established,Freehold,1,,CASSANDRA ROAD,,WINCHESTER,WINCHESTER,HAMPSHIRE,Standard,Addition,51.0781160000,-1.3074210000
170000,2021-09-03 00:00:00Z,SO23 7GB,Flats/Maisonettes,Established,Leasehold,1,,MANSFIELD WALK,,WINCHESTER,WINCHESTER,HAMPSHIRE,Standard,Addition,51.0775840000,-1.3071570000
250000,2021-03-25 00:00:00Z,SO23 7HQ,Flats/Maisonettes,Established,Leasehold,16,,CAVENDISH GROVE,,WINCHESTER,WINCHESTER,HAMPSHIRE,Standard,Addition,51.0765220000,-1.3069730000
325000,2021-08-13 00:00:00Z,SO23 7HN,Terraced,Established,Freehold,12,,DYSON DRIVE,,WINCHESTER,WINCHESTER,HAMPSHIRE,Standard,Addition,51.0758730000,-1.3098090000
270000,2021-06-18 00:00:00Z,SO23 7HG,Flats/Maisonettes,Established,Leasehold,11,,GREEN PARK CLOSE,,WINCHESTER,WINCHESTER,HAMPSHIRE,Standard,Addition,51.0757320000,-1.3071140000
550000,2021-05-28 00:00:00Z,SO23 7HD,Semi-Detached,Established,Freehold,10,,FRANCIS GARDENS,,WINCHESTER,WINCHESTER,HAMPSHIRE,Standard,Addition,51.0768170000,-1.3082390000
259000,2021-03-16 00:00:00Z,SO23 7HF,Flats/Maisonettes,Established,Leasehold,11,,GROSVENOR DRIVE,,WINCHESTER,WINCHESTER,HAMPSHIRE,Standard,Addition,51.0758750000,-1.3070120000
865000,2021-05-06 00:00:00Z,SO23 7HD,Semi-Detached,Established,Freehold,41,,FRANCIS GARDENS,,WINCHESTER,WINCHESTER,HAMPSHIRE,Standard,Addition,51.0768170000,-1.3082390000
