183000,1995-10-27 00:00:00Z,SW16 3EH,Semi-Detached,Established,Freehold,72,,RYECROFT ROAD,LONDON,LONDON,CROYDON,GREATER LONDON,Standard,Addition,51.4218890000,-0.1120260000
117000,1995-06-15 00:00:00Z,SW16 3EH,Terraced,Established,Freehold,84,,RYECROFT ROAD,LONDON,LONDON,CROYDON,GREATER LONDON,Standard,Addition,51.4218890000,-0.1120260000
52000,1995-03-17 00:00:00Z,SW16 2QN,Flats/Maisonettes,Established,Leasehold,15,,BENHURST COURT,LONDON,LONDON,LAMBETH,GREATER LONDON,Standard,Addition,51.4242590000,-0.1152300000
93000,1995-11-23 00:00:00Z,SE27 0TA,Semi-Detached,Established,Freehold,103,,CASEWICK ROAD,LONDON,LONDON,LAMBETH,GREATER LONDON,Standard,Addition,51.4270080000,-0.1105570000
145000,1995-04-28 00:00:00Z,SE27 0SB,Semi-Detached,Established,Freehold,124,,THORNLAW ROAD,LONDON,LONDON,LAMBETH,GREATER LONDON,Standard,Addition,51.4277640000,-0.1106410000
58000,1995-03-31 00:00:00Z,SW16 2SH,Flats/Maisonettes,Established,Leasehold,13,,CHESTNUT CLOSE,LONDON,LONDON,LAMBETH,GREATER LONDON,Standard,Addition,51.4294520000,-0.1132610000
52950,1995-08-18 00:00:00Z,SW16 3HZ,Flats/Maisonettes,Established,Leasehold,24,,CROWN LANE GARDENS,LONDON,LONDON,LAMBETH,GREATER LONDON,Standard,Addition,51.4235080000,-0.1104850000
169000,1995-07-18 00:00:00Z,SW16 2QP,Detached,Established,Freehold,292,,LEIGHAM COURT ROAD,LONDON,LONDON,LAMBETH,GREATER LONDON,Standard,Addition,51.4251370000,-0.1144530000
69000,1995-03-31 00:00:00Z,SW16 2SH,Flats/Maisonettes,Established,Leasehold,15,,CHESTNUT CLOSE,LONDON,LONDON,LAMBETH,GREATER LONDON,Standard,Addition,51.4294520000,-0.1132610000
57000,1995-03-31 00:00:00Z,SW16 2SG,Flats/Maisonettes,Established,Leasehold,1,,CHESTNUT CLOSE,LONDON,LONDON,LAMBETH,GREATER LONDON,Standard,Addition,51.4293770000,-0.1136530000
71500,1995-06-30 00:00:00Z,SW16 2QP,Flats/Maisonettes,Established,Leasehold,286,FLAT 5,LEIGHAM COURT ROAD,LONDON,LONDON,LAMBETH,GREATER LONDON,Standard,Addition,51.4251370000,-0.1144530000
65500,1995-05-18 00:00:00Z,SE27 0TA,Terraced,Established,Freehold,115,,CASEWICK ROAD,LONDON,LONDON,LAMBETH,GREATER LONDON,Standard,Addition,51.4270080000,-0.1105570000
122000,1995-10-11 00:00:00Z,SW16 2HS,Detached,Established,Freehold,33,,VALLEYFIELD ROAD,LONDON,LONDON,LAMBETH,GREATER LONDON,Standard,Addition,51.4270260000,-0.1189860000
59950,1995-07-14 00:00:00Z,SW16 2XR,Flats/Maisonettes,Established,Leasehold,132,,VALLEY ROAD,LONDON,LONDON,LAMBETH,GREATER LONDON,Standard,Addition,51.4299830000,-0.1194110000
108000,1995-11-30 00:00:00Z,SW16 3HS,Semi-Detached,Established,Freehold,44,,STREATHAM COMMON NORTH,LONDON,LONDON,LAMBETH,GREATER LONDON,Standard,Addition,51.4235400000,-0.1191580000
216000,1995-09-01 00:00:00Z,SE27 0RL,Detached,Established,Freehold,4,,THURLBY ROAD,LONDON,LONDON,LAMBETH,GREATER LONDON,Standard,Addition,51.4298910000,-0.1108980000
83000,1995-12-08 00:00:00Z,SE27 0LQ,Terraced,Established,Freehold,154,,CHEVIOT ROAD,LONDON,LONDON,LAMBETH,GREATER LONDON,Standard,Addition,51.4268010000,-0.1116870000
68000,1995-01-27 00:00:00Z,SW16 2XR,Flats/Maisonettes,Established,Leasehold,90,,VALLEY ROAD,LONDON,LONDON,LAMBETH,GREATER LONDON,Standard,Addition,51.4299830000,-0.1194110000
78000,1995-07-28 00:00:00Z,SE27 0SB,Semi-Detached,Established,Freehold,128C,,THORNLAW ROAD,,LONDON,LAMBETH,GREATER LONDON,Standard,Addition,51.4277640000,-0.1106410000
60000,1995-09-29 00:00:00Z,SW16 2XR,Flats/Maisonettes,Established,Leasehold,96,,VALLEY ROAD,LONDON,LONDON,LAMBETH,GREATER LONDON,Standard,Addition,51.4299830000,-0.1194110000
62000,1995-12-20 00:00:00Z,SE27 0RL,Flats/Maisonettes,Established,Leasehold,30,,THURLBY ROAD,LONDON,LONDON,LAMBETH,GREATER LONDON,Standard,Addition,51.4298910000,-0.1108980000
118500,1995-09-12 00:00:00Z,SW16 3BY,Semi-Detached,Established,Freehold,199,,COVINGTON WAY,LONDON,LONDON,LAMBETH,GREATER LONDON,Standard,Addition,51.4204490000,-0.1187950000
80000,1995-04-05 00:00:00Z,SE27 0SE,Semi-Detached,Established,Freehold,78,,LAMBERHURST ROAD,LONDON,LONDON,LAMBETH,GREATER LONDON,Standard,Addition,51.4266910000,-0.1126870000
66250,1995-05-31 00:00:00Z,SW16 3HZ,Flats/Maisonettes,Established,Leasehold,18,,CROWN LANE GARDENS,LONDON,LONDON,LAMBETH,GREATER LONDON,Standard,Addition,51.4235080000,-0.1104850000
56000,1995-09-22 00:00:00Z,SW16 2HR,Semi-Detached,Established,Freehold,34,,VALLEYFIELD ROAD,LONDON,LONDON,LAMBETH,GREATER LONDON,Standard,Addition,51.4262880000,-0.1194760000
63500,1995-10-30 00:00:00Z,SW16 2SH,Flats/Maisonettes,Established,Leasehold,11,,CHESTNUT CLOSE,LONDON,LONDON,LAMBETH,GREATER LONDON,Standard,Addition,51.4294520000,-0.1132610000
34000,1995-04-07 00:00:00Z,SW16 2RX,Flats/Maisonettes,Established,Leasehold,329A,,LEIGHAM COURT ROAD,STREATHAM,LONDON,LAMBETH,GREATER LONDON,Standard,Addition,51.4269810000,-0.1139380000
45750,1995-07-28 00:00:00Z,SW16 2SA,Flats/Maisonettes,Established,Leasehold,11,,CHARWOOD,STREATHAM,LONDON,LAMBETH,GREATER LONDON,Standard,Addition,51.4288190000,-0.1135890000
85000,1995-05-31 00:00:00Z,SE27 0SD,Semi-Detached,Established,Freehold,53,,LAMBERHURST ROAD,LONDON,LONDON,LAMBETH,GREATER LONDON,Standard,Addition,51.4258800000,-0.1119990000
42000,1995-05-19 00:00:00Z,SW16 2RX,Flats/Maisonettes,Established,Leasehold,"VENITA MANOR, 317",FLAT L,LEIGHAM COURT ROAD,STREATHAM,LONDON,LAMBETH,GREATER LONDON,Standard,Addition,51.4269810000,-0.1139380000
45000,1995-03-10 00:00:00Z,SW16 2QW,Flats/Maisonettes,Established,Leasehold,BENHURST COURT,FLAT 72,LEIGHAM COURT ROAD,STREATHAM,LONDON,LAMBETH,GREATER LONDON,Standard,Addition,51.4250100000,-0.1155010000
42000,1995-11-30 00:00:00Z,SE27 0RR,Flats/Maisonettes,Established,Leasehold,120,FLAT 4,ST JULIANS FARM ROAD,,LONDON,LAMBETH,GREATER LONDON,Standard,Addition,51.4284620000,-0.1119820000
42000,1995-05-01 00:00:00Z,SW16 2AL,Flats/Maisonettes,Established,Leasehold,27,,MAPLE MEWS,,LONDON,LAMBETH,GREATER LONDON,Standard,Addition,51.4239650000,-0.1193130000
22000,1995-05-12 00:00:00Z,SW16 2SB,Flats/Maisonettes,Established,Leasehold,271,FLAT B,LEIGHAM COURT ROAD,STREATHAM,LONDON,LAMBETH,GREATER LONDON,Standard,Addition,51.4298960000,-0.1134870000
89000,1995-11-30 00:00:00Z,SW16 2HR,Semi-Detached,Established,Freehold,34,,VALLEYFIELD ROAD,LONDON,LONDON,LAMBETH,GREATER LONDON,Standard,Addition,51.4262880000,-0.1194760000
53000,1995-12-08 00:00:00Z,SW16 2RX,Flats/Maisonettes,Established,Leasehold,"VENITA MANOR, 317",FLAT F,LEIGHAM COURT ROAD,LONDON,LONDON,LAMBETH,GREATER LONDON,Standard,Addition,51.4269810000,-0.1139380000
42000,1995-06-30 00:00:00Z,SW16 2QP,Flats/Maisonettes,Established,Leasehold,"NORMAN COURT, 296",FLAT 8,LEIGHAM COURT ROAD,STREATHAM,LONDON,LAMBETH,GREATER LONDON,Standard,Addition,51.4251370000,-0.1144530000
60000,1995-08-29 00:00:00Z,SW16 3HZ,Flats/Maisonettes,Established,Leasehold,17,,CROWN LANE GARDENS,LONDON,LONDON,LAMBETH,GREATER LONDON,Standard,Addition,51.4235080000,-0.1104850000
45500,1995-08-31 00:00:00Z,SW16 2AL,Flats/Maisonettes,Established,Leasehold,20,,MAPLE MEWS,,LONDON,LAMBETH,GREATER LONDON,Standard,Addition,51.4239650000,-0.1193130000
46000,1995-07-28 00:00:00Z,SE27 0SB,Flats/Maisonettes,Established,Leasehold,110,FLAT A,THORNLAW ROAD,,LONDON,LAMBETH,GREATER LONDON,Standard,Addition,51.4277640000,-0.1106410000
285000,1995-10-26 00:00:00Z,SW16 2RX,Detached,Established,Freehold,325,,LEIGHAM COURT ROAD,LONDON,LONDON,LAMBETH,GREATER LONDON,Standard,Addition,51.4269810000,-0.1139380000
34000,1995-05-17 00:00:00Z,SW16 2QW,Flats/Maisonettes,Established,Leasehold,BENHURST COURT,FLAT 67,LEIGHAM COURT ROAD,STREATHAM,LONDON,LAMBETH,GREATER LONDON,Standard,Addition,51.4250100000,-0.1155010000
230000,1995-01-26 00:00:00Z,SE27 0RR,Detached,Established,Freehold,114,,ST JULIANS FARM ROAD,LONDON,LONDON,LAMBETH,GREATER LONDON,Standard,Addition,51.4284620000,-0.1119820000
81500,1995-05-26 00:00:00Z,SE27 0LH,Semi-Detached,Established,Freehold,39,,GREENHURST ROAD,LONDON,LONDON,LAMBETH,GREATER LONDON,Standard,Addition,51.4257620000,-0.1113850000
69000,1995-03-17 00:00:00Z,SE27 0LQ,Terraced,Established,Freehold,136,,CHEVIOT ROAD,LONDON,LONDON,LAMBETH,GREATER LONDON,Standard,Addition,51.4268010000,-0.1116870000
113500,1995-06-27 00:00:00Z,SW16 2HR,Semi-Detached,Established,Freehold,44,,VALLEYFIELD ROAD,LONDON,LONDON,LAMBETH,GREATER LONDON,Standard,Addition,51.4262880000,-0.1194760000
91000,1995-10-20 00:00:00Z,SE27 0SF,Semi-Detached,Established,Freehold,4,,LEAF GROVE,LONDON,LONDON,LAMBETH,GREATER LONDON,Standard,Addition,51.4258010000,-0.1132680000
58500,1995-03-31 00:00:00Z,SW16 2SH,Flats/Maisonettes,Established,Leasehold,12,,CHESTNUT CLOSE,LONDON,LONDON,LAMBETH,GREATER LONDON,Standard,Addition,51.4294520000,-0.1132610000
79000,1995-03-14 00:00:00Z,SW16 2XR,Flats/Maisonettes,Established,Leasehold,106,,VALLEY ROAD,LONDON,LONDON,LAMBETH,GREATER LONDON,Standard,Addition,51.4299830000,-0.1194110000
82000,1995-10-16 00:00:00Z,SW16 3HZ,Flats/Maisonettes,Established,Leasehold,25,,CROWN LANE GARDENS,LONDON,LONDON,LAMBETH,GREATER LONDON,Standard,Addition,51.4235080000,-0.1104850000
274000,1995-11-22 00:00:00Z,SW16 3EW,Terraced,Established,Freehold,39,,RYECROFT ROAD,LONDON,LONDON,CROYDON,GREATER LONDON,Standard,Addition,51.4207830000,-0.1110010000
79000,1995-09-29 00:00:00Z,SE27 0LQ,Terraced,Established,Freehold,152,,CHEVIOT ROAD,LONDON,LONDON,LAMBETH,GREATER LONDON,Standard,Addition,51.4268010000,-0.1116870000
142500,1996-12-12 00:00:00Z,SW16 3BY,Semi-Detached,Established,Freehold,195,,COVINGTON WAY,LONDON,LONDON,LAMBETH,GREATER LONDON,Standard,Addition,51.4204490000,-0.1187950000
120000,1996-08-28 00:00:00Z,SE27 0SE,Terraced,Established,Freehold,32,,LAMBERHURST ROAD,LONDON,LONDON,LAMBETH,GREATER LONDON,Standard,Addition,51.4266910000,-0.1126870000
59000,1996-09-25 00:00:00Z,SW16 3HZ,Flats/Maisonettes,Established,Leasehold,11,,CROWN LANE GARDENS,LONDON,LONDON,LAMBETH,GREATER LONDON,Standard,Addition,51.4235080000,-0.1104850000
108000,1996-02-08 00:00:00Z,SE27 0RW,Semi-Detached,Established,Freehold,19,,UFFINGTON ROAD,LONDON,LONDON,LAMBETH,GREATER LONDON,Standard,Addition,51.4296860000,-0.1121730000
48500,1996-03-06 00:00:00Z,SW16 2SA,Flats/Maisonettes,Established,Leasehold,12,,CHARWOOD,STREATHAM,LONDON,LAMBETH,GREATER LONDON,Standard,Addition,51.4288190000,-0.1135890000
65000,1996-09-16 00:00:00Z,SE27 0SD,Terraced,Established,Freehold,37,,LAMBERHURST ROAD,LONDON,LONDON,LAMBETH,GREATER LONDON,Standard,Addition,51.4258800000,-0.1119990000
58000,1996-08-02 00:00:00Z,SW16 2AL,Flats/Maisonettes,Established,Leasehold,12,,MAPLE MEWS,LONDON,LONDON,LAMBETH,GREATER LONDON,Standard,Addition,51.4239650000,-0.1193130000
84000,1996-10-25 00:00:00Z,SE27 0SE,Terraced,Established,Freehold,82,,LAMBERHURST ROAD,LONDON,LONDON,LAMBETH,GREATER LONDON,Standard,Addition,51.4266910000,-0.1126870000
49000,1996-02-29 00:00:00Z,SW16 2SA,Flats/Maisonettes,Established,Leasehold,19,,CHARWOOD,STREATHAM,LONDON,LAMBETH,GREATER LONDON,Standard,Addition,51.4288190000,-0.1135890000
33500,1996-04-26 00:00:00Z,SW16 2QN,Flats/Maisonettes,Established,Leasehold,BENHURST COURT,FLAT 44,LEIGHAM COURT ROAD,STREATHAM,LONDON,LAMBETH,GREATER LONDON,Standard,Addition,51.4242590000,-0.1152300000
50000,1996-07-15 00:00:00Z,SW16 2QU,Semi-Detached,Established,Freehold,19,,SPRINGWELL ROAD,,LONDON,LAMBETH,GREATER LONDON,Standard,Addition,51.4271190000,-0.1163490000
37000,1996-04-12 00:00:00Z,SE27 0SG,Flats/Maisonettes,Established,Leasehold,1,,LEAF GROVE,,LONDON,LAMBETH,GREATER LONDON,Standard,Addition,51.4262300000,-0.1136390000
30000,1996-02-14 00:00:00Z,SW16 3HY,Flats/Maisonettes,Established,Leasehold,FERN LODGE,FLAT 3,CROWN LANE,,LONDON,LAMBETH,GREATER LONDON,Standard,Addition,51.4234740000,-0.1122420000
124000,1996-07-11 00:00:00Z,SW16 2RB,Semi-Detached,Established,Freehold,198,,LEIGHAM COURT ROAD,LONDON,LONDON,LAMBETH,GREATER LONDON,Standard,Addition,51.4291160000,-0.1147280000
270000,1996-03-22 00:00:00Z,SW16 2QP,Detached,Established,Freehold,294,FLAT 1,LEIGHAM COURT ROAD,LONDON,LONDON,LAMBETH,GREATER LONDON,Standard,Addition,51.4251370000,-0.1144530000
92000,1996-12-20 00:00:00Z,SE27 0SD,Terraced,Established,Freehold,47,,LAMBERHURST ROAD,LONDON,LONDON,LAMBETH,GREATER LONDON,Standard,Addition,51.4258800000,-0.1119990000
76000,1996-08-01 00:00:00Z,SE27 0SD,Terraced,Established,Freehold,57,,LAMBERHURST ROAD,LONDON,LONDON,LAMBETH,GREATER LONDON,Standard,Addition,51.4258800000,-0.1119990000
88000,1996-02-21 00:00:00Z,SW16 2SB,Semi-Detached,Established,Freehold,235,,LEIGHAM COURT ROAD,LONDON,LONDON,LAMBETH,GREATER LONDON,Standard,Addition,51.4298960000,-0.1134870000
36500,1996-05-01 00:00:00Z,SW16 2AL,Flats/Maisonettes,Established,Leasehold,28,,MAPLE MEWS,,LONDON,LAMBETH,GREATER LONDON,Standard,Addition,51.4239650000,-0.1193130000
36000,1996-08-23 00:00:00Z,SW16 2SB,Flats/Maisonettes,Established,Leasehold,273,FLAT D,LEIGHAM COURT ROAD,STREATHAM,LONDON,LAMBETH,GREATER LONDON,Standard,Addition,51.4298960000,-0.1134870000
31000,1996-09-09 00:00:00Z,SW16 2QN,Flats/Maisonettes,Established,Leasehold,BENHURST COURT,FLAT 30,LEIGHAM COURT ROAD,STREATHAM,LONDON,LAMBETH,GREATER LONDON,Standard,Addition,51.4242590000,-0.1152300000
135000,1996-04-04 00:00:00Z,SW16 2HX,Semi-Detached,Established,Freehold,93,,VALLEYFIELD ROAD,LONDON,LONDON,LAMBETH,GREATER LONDON,Standard,Addition,51.4263370000,-0.1158210000
85300,1996-07-11 00:00:00Z,SE27 0LQ,Terraced,Established,Freehold,69,,CHEVIOT ROAD,LONDON,LONDON,LAMBETH,GREATER LONDON,Standard,Addition,51.4268010000,-0.1116870000
33500,1996-03-20 00:00:00Z,SW16 2QN,Flats/Maisonettes,Established,Leasehold,BENHURST COURT,FLAT 24,LEIGHAM COURT ROAD,STREATHAM,LONDON,LAMBETH,GREATER LONDON,Standard,Addition,51.4242590000,-0.1152300000
37000,1996-02-29 00:00:00Z,SE27 0SB,Flats/Maisonettes,Established,Leasehold,110,FLAT E,THORNLAW ROAD,,LONDON,LAMBETH,GREATER LONDON,Standard,Addition,51.4277640000,-0.1106410000
44000,1996-11-07 00:00:00Z,SE27 0TA,Flats/Maisonettes,Established,Leasehold,87A,,CASEWICK ROAD,,LONDON,LAMBETH,GREATER LONDON,Standard,Addition,51.4270080000,-0.1105570000
75000,1996-04-26 00:00:00Z,SE27 0RW,Terraced,Established,Freehold,31,,UFFINGTON ROAD,LONDON,LONDON,LAMBETH,GREATER LONDON,Standard,Addition,51.4296860000,-0.1121730000
68000,1996-11-01 00:00:00Z,SW16 2RT,Flats/Maisonettes,Established,Leasehold,10,,CHESTNUT CLOSE,LONDON,LONDON,LAMBETH,GREATER LONDON,Standard,Addition,51.4295570000,-0.1136600000
57000,1996-05-30 00:00:00Z,SE27 0RW,Terraced,Established,Freehold,14,,UFFINGTON ROAD,LONDON,LONDON,LAMBETH,GREATER LONDON,Standard,Addition,51.4296860000,-0.1121730000
52000,1996-07-09 00:00:00Z,SW16 2RU,Semi-Detached,Established,Freehold,341,,LEIGHAM COURT ROAD,LONDON,LONDON,LAMBETH,GREATER LONDON,Standard,Addition,51.4254190000,-0.1135710000
114000,1996-11-29 00:00:00Z,SE27 0TA,Terraced,Established,Freehold,187,,CASEWICK ROAD,LONDON,LONDON,LAMBETH,GREATER LONDON,Standard,Addition,51.4270080000,-0.1105570000
59950,1996-05-31 00:00:00Z,SE27 0RP,Flats/Maisonettes,Established,Leasehold,127A,,ST JULIANS FARM ROAD,LONDON,LONDON,LAMBETH,GREATER LONDON,Standard,Addition,51.4288140000,-0.1121370000
62000,1996-03-11 00:00:00Z,SW16 2HS,Flats/Maisonettes,Established,Leasehold,31D,,VALLEYFIELD ROAD,LONDON,LONDON,LAMBETH,GREATER LONDON,Standard,Addition,51.4270260000,-0.1189860000
56000,1996-11-08 00:00:00Z,SE27 0SB,Flats/Maisonettes,Established,Leasehold,112B,,THORNLAW ROAD,LONDON,LONDON,LAMBETH,GREATER LONDON,Standard,Addition,51.4277640000,-0.1106410000
160000,1996-08-09 00:00:00Z,SW16 3HS,Semi-Detached,Established,Freehold,44,,STREATHAM COMMON NORTH,LONDON,LONDON,LAMBETH,GREATER LONDON,Standard,Addition,51.4235400000,-0.1191580000
85000,1996-10-04 00:00:00Z,SE27 0LH,Terraced,Established,Freehold,16,,GREENHURST ROAD,LONDON,LONDON,LAMBETH,GREATER LONDON,Standard,Addition,51.4257620000,-0.1113850000
75000,1996-12-03 00:00:00Z,SW16 2XR,Flats/Maisonettes,New Build,Leasehold,128,,VALLEY ROAD,LONDON,LONDON,LAMBETH,GREATER LONDON,Standard,Addition,51.4299830000,-0.1194110000
85000,1996-10-25 00:00:00Z,SE27 0LH,Terraced,Established,Freehold,10,,GREENHURST ROAD,LONDON,LONDON,LAMBETH,GREATER LONDON,Standard,Addition,51.4257620000,-0.1113850000
79950,1996-08-23 00:00:00Z,SE27 0SQ,Terraced,Established,Freehold,111,,THORNLAW ROAD,LONDON,LONDON,LAMBETH,GREATER LONDON,Standard,Addition,51.4280790000,-0.1111740000
119000,1996-04-26 00:00:00Z,SW16 2RZ,Flats/Maisonettes,Established,Freehold,287,,LEIGHAM COURT ROAD,LONDON,LONDON,LAMBETH,GREATER LONDON,Standard,Addition,51.4281160000,-0.1140360000
97500,1996-11-28 00:00:00Z,SE27 0SD,Semi-Detached,Established,Freehold,61,,LAMBERHURST ROAD,LONDON,LONDON,LAMBETH,GREATER LONDON,Standard,Addition,51.4258800000,-0.1119990000
75000,1996-12-09 00:00:00Z,SE27 0LH,Terraced,Established,Freehold,19,,GREENHURST ROAD,LONDON,LONDON,LAMBETH,GREATER LONDON,Standard,Addition,51.4257620000,-0.1113850000
62000,1996-09-04 00:00:00Z,SW16 2XR,Flats/Maisonettes,Established,Leasehold,152,,VALLEY ROAD,LONDON,LONDON,LAMBETH,GREATER LONDON,Standard,Addition,51.4299830000,-0.1194110000
85000,1996-10-18 00:00:00Z,SE27 0RP,Semi-Detached,Established,Freehold,129,,ST JULIANS FARM ROAD,LONDON,LONDON,LAMBETH,GREATER LONDON,Standard,Addition,51.4288140000,-0.1121370000
750000,1996-10-18 00:00:00Z,SW16 3EN,Detached,Established,Freehold,71,,RYECROFT ROAD,LONDON,LONDON,CROYDON,GREATER LONDON,Standard,Addition,51.4214440000,-0.1135070000
54000,1996-12-20 00:00:00Z,SE27 0RL,Flats/Maisonettes,Established,Leasehold,32,,THURLBY ROAD,LONDON,LONDON,LAMBETH,GREATER LONDON,Standard,Addition,51.4298910000,-0.1108980000
257000,1996-11-07 00:00:00Z,SW16 3EH,Detached,Established,Freehold,68,,RYECROFT ROAD,LONDON,LONDON,CROYDON,GREATER LONDON,Standard,Addition,51.4218890000,-0.1120260000
67000,1996-02-29 00:00:00Z,SE27 0RR,Flats/Maisonettes,Established,Leasehold,118C,SECOND FLOOR FLAT AT,ST JULIANS FARM ROAD,LONDON,LONDON,LAMBETH,GREATER LONDON,Standard,Addition,51.4284620000,-0.1119820000
35500,1996-04-30 00:00:00Z,SW16 2RZ,Flats/Maisonettes,Established,Leasehold,291,FLAT 7,LEIGHAM COURT ROAD,STREATHAM,LONDON,LAMBETH,GREATER LONDON,Standard,Addition,51.4281160000,-0.1140360000
115000,1996-06-28 00:00:00Z,SW16 3EH,Terraced,Established,Freehold,82,,RYECROFT ROAD,LONDON,LONDON,CROYDON,GREATER LONDON,Standard,Addition,51.4218890000,-0.1120260000
33000,1996-07-25 00:00:00Z,SW16 2QP,Flats/Maisonettes,Established,Leasehold,"NORMAN COURT, 296",FLAT 5,LEIGHAM COURT ROAD,STREATHAM,LONDON,LAMBETH,GREATER LONDON,Standard,Addition,51.4251370000,-0.1144530000
72000,1996-12-18 00:00:00Z,SW16 2XR,Flats/Maisonettes,Established,Leasehold,126,,VALLEY ROAD,LONDON,LONDON,LAMBETH,GREATER LONDON,Standard,Addition,51.4299830000,-0.1194110000
147000,1996-09-27 00:00:00Z,SW16 2RZ,Semi-Detached,Established,Freehold,299,,LEIGHAM COURT ROAD,LONDON,LONDON,LAMBETH,GREATER LONDON,Standard,Addition,51.4281160000,-0.1140360000
42500,1996-02-23 00:00:00Z,SW16 2QS,Flats/Maisonettes,Established,Leasehold,12,,NORMINGTON CLOSE,STREATHAM,LONDON,LAMBETH,GREATER LONDON,Standard,Addition,51.4268020000,-0.1153450000
71000,1996-11-08 00:00:00Z,SE27 0LH,Terraced,Established,Freehold,29,,GREENHURST ROAD,LONDON,LONDON,LAMBETH,GREATER LONDON,Standard,Addition,51.4257620000,-0.1113850000
59000,1996-10-30 00:00:00Z,SE27 0RL,Terraced,Established,Leasehold,28,,THURLBY ROAD,LONDON,LONDON,LAMBETH,GREATER LONDON,Standard,Addition,51.4298910000,-0.1108980000
205950,1996-12-12 00:00:00Z,SW16 2QU,Detached,Established,Freehold,23,,SPRINGWELL ROAD,LONDON,LONDON,LAMBETH,GREATER LONDON,Standard,Addition,51.4271190000,-0.1163490000
60000,1996-06-26 00:00:00Z,SW16 2SG,Flats/Maisonettes,Established,Leasehold,3,,CHESTNUT CLOSE,LONDON,LONDON,LAMBETH,GREATER LONDON,Standard,Addition,51.4293770000,-0.1136530000
141000,1997-11-07 00:00:00Z,SE27 0RW,Terraced,Established,Freehold,33,,UFFINGTON ROAD,LONDON,LONDON,LAMBETH,GREATER LONDON,Standard,Addition,51.4296860000,-0.1121730000
88000,1997-12-15 00:00:00Z,SW16 2XR,Flats/Maisonettes,Established,Leasehold,172,,VALLEY ROAD,LONDON,LONDON,LAMBETH,GREATER LONDON,Standard,Addition,51.4299830000,-0.1194110000
76000,1997-12-19 00:00:00Z,SW16 2AL,Flats/Maisonettes,Established,Leasehold,19,,MAPLE MEWS,LONDON,LONDON,LAMBETH,GREATER LONDON,Standard,Addition,51.4239650000,-0.1193130000
59500,1997-01-06 00:00:00Z,SE27 0TA,Flats/Maisonettes,Established,Leasehold,173,,CASEWICK ROAD,LONDON,LONDON,LAMBETH,GREATER LONDON,Standard,Addition,51.4270080000,-0.1105570000
85000,1997-02-28 00:00:00Z,SE27 0LH,Terraced,Established,Freehold,22,,GREENHURST ROAD,LONDON,LONDON,LAMBETH,GREATER LONDON,Standard,Addition,51.4257620000,-0.1113850000
197000,1997-06-19 00:00:00Z,SW16 3EL,Detached,Established,Freehold,2,,JERVISTON GARDENS,LONDON,LONDON,CROYDON,GREATER LONDON,Standard,Addition,51.4226250000,-0.1131400000
112000,1997-06-27 00:00:00Z,SE27 0LQ,Terraced,Established,Freehold,150,,CHEVIOT ROAD,LONDON,LONDON,LAMBETH,GREATER LONDON,Standard,Addition,51.4268010000,-0.1116870000
75000,1997-12-19 00:00:00Z,SW16 2SH,Terraced,Established,Leasehold,18,,CHESTNUT CLOSE,LONDON,LONDON,LAMBETH,GREATER LONDON,Standard,Addition,51.4294520000,-0.1132610000
58000,1997-04-03 00:00:00Z,SE27 0RL,Flats/Maisonettes,Established,Leasehold,26,,THURLBY ROAD,LONDON,LONDON,LAMBETH,GREATER LONDON,Standard,Addition,51.4298910000,-0.1108980000
150000,1997-08-29 00:00:00Z,SE27 0RP,Detached,Established,Freehold,143,,ST JULIANS FARM ROAD,LONDON,LONDON,LAMBETH,GREATER LONDON,Standard,Addition,51.4288140000,-0.1121370000
56500,1997-02-21 00:00:00Z,SW16 2XR,Terraced,Established,Leasehold,170,,VALLEY ROAD,LONDON,LONDON,LAMBETH,GREATER LONDON,Standard,Addition,51.4299830000,-0.1194110000
68000,1997-09-22 00:00:00Z,SW16 3HZ,Detached,Established,Leasehold,16,,CROWN LANE GARDENS,LONDON,LONDON,LAMBETH,GREATER LONDON,Standard,Addition,51.4235080000,-0.1104850000
93000,1997-10-17 00:00:00Z,SW16 2RB,Terraced,Established,Freehold,224,,LEIGHAM COURT ROAD,LONDON,LONDON,LAMBETH,GREATER LONDON,Standard,Addition,51.4291160000,-0.1147280000
149950,1997-09-30 00:00:00Z,SW16 2HX,Semi-Detached,Established,Freehold,79,,VALLEYFIELD ROAD,LONDON,LONDON,LAMBETH,GREATER LONDON,Standard,Addition,51.4263370000,-0.1158210000
98000,1997-01-23 00:00:00Z,SW16 2QP,Flats/Maisonettes,Established,Leasehold,286,FLAT 5,LEIGHAM COURT ROAD,LONDON,LONDON,LAMBETH,GREATER LONDON,Standard,Addition,51.4251370000,-0.1144530000
64000,1997-12-15 00:00:00Z,SW16 2SA,Flats/Maisonettes,Established,Leasehold,11,,CHARWOOD,LONDON,LONDON,LAMBETH,GREATER LONDON,Standard,Addition,51.4288190000,-0.1135890000
155000,1997-06-24 00:00:00Z,SW16 2RZ,Semi-Detached,Established,Freehold,297,,LEIGHAM COURT ROAD,LONDON,LONDON,LAMBETH,GREATER LONDON,Standard,Addition,51.4281160000,-0.1140360000
400000,1997-08-18 00:00:00Z,SW16 3EN,Detached,Established,Freehold,79,,RYECROFT ROAD,LONDON,LONDON,CROYDON,GREATER LONDON,Standard,Addition,51.4214440000,-0.1135070000
170000,1997-07-11 00:00:00Z,SW16 2HX,Semi-Detached,Established,Freehold,93,,VALLEYFIELD ROAD,LONDON,LONDON,LAMBETH,GREATER LONDON,Standard,Addition,51.4263370000,-0.1158210000
114000,1997-02-10 00:00:00Z,SW16 3BY,Terraced,Established,Freehold,203,,COVINGTON WAY,LONDON,LONDON,LAMBETH,GREATER LONDON,Standard,Addition,51.4204490000,-0.1187950000
76500,1997-03-17 00:00:00Z,SW16 2XR,Flats/Maisonettes,Established,Leasehold,134,,VALLEY ROAD,LONDON,LONDON,LAMBETH,GREATER LONDON,Standard,Addition,51.4299830000,-0.1194110000
125000,1997-04-18 00:00:00Z,SW16 2HS,Flats/Maisonettes,Established,Freehold,37,,VALLEYFIELD ROAD,LONDON,LONDON,LAMBETH,GREATER LONDON,Standard,Addition,51.4270260000,-0.1189860000
70000,1997-03-04 00:00:00Z,SE27 0SD,Terraced,Established,Freehold,41,,LAMBERHURST ROAD,LONDON,LONDON,LAMBETH,GREATER LONDON,Standard,Addition,51.4258800000,-0.1119990000
48000,1997-06-27 00:00:00Z,SW16 2AL,Flats/Maisonettes,Established,Leasehold,13,,MAPLE MEWS,,LONDON,LAMBETH,GREATER LONDON,Standard,Addition,51.4239650000,-0.1193130000
37000,1997-04-11 00:00:00Z,SW16 3QY,Flats/Maisonettes,Established,Leasehold,BEECH COURT,FLAT 15,LEIGHAM COURT ROAD,STREATHAM,LONDON,LAMBETH,GREATER LONDON,Standard,Addition,51.4246840000,-0.1131270000
60000,1997-10-03 00:00:00Z,SE27 0SQ,Flats/Maisonettes,Established,Leasehold,103,FLAT 1,THORNLAW ROAD,LONDON,LONDON,LAMBETH,GREATER LONDON,Standard,Addition,51.4280790000,-0.1111740000
38000,1997-10-15 00:00:00Z,SW16 2QN,Flats/Maisonettes,Established,Leasehold,BENHURST COURT,FLAT 27,LEIGHAM COURT ROAD,STREATHAM,LONDON,LAMBETH,GREATER LONDON,Standard,Addition,51.4242590000,-0.1152300000
38000,1997-06-30 00:00:00Z,SW16 2QN,Flats/Maisonettes,Established,Leasehold,BENHURST COURT,FLAT 38,LEIGHAM COURT ROAD,STREATHAM,LONDON,LAMBETH,GREATER LONDON,Standard,Addition,51.4242590000,-0.1152300000
27500,1997-02-05 00:00:00Z,SE27 0SQ,Flats/Maisonettes,Established,Leasehold,103,FLAT 3,THORNLAW ROAD,,LONDON,LAMBETH,GREATER LONDON,Standard,Addition,51.4280790000,-0.1111740000
84000,1997-04-25 00:00:00Z,SW16 2SH,Flats/Maisonettes,Established,Leasehold,14,,CHESTNUT CLOSE,LONDON,LONDON,LAMBETH,GREATER LONDON,Standard,Addition,51.4294520000,-0.1132610000
76000,1997-09-12 00:00:00Z,SW16 2SH,Flats/Maisonettes,Established,Leasehold,19,,CHESTNUT CLOSE,LONDON,LONDON,LAMBETH,GREATER LONDON,Standard,Addition,51.4294520000,-0.1132610000
65000,1997-05-23 00:00:00Z,SW16 2AL,Flats/Maisonettes,Established,Leasehold,23,,MAPLE MEWS,LONDON,LONDON,LAMBETH,GREATER LONDON,Standard,Addition,51.4239650000,-0.1193130000
120000,1997-10-31 00:00:00Z,SE27 0SE,Detached,Established,Freehold,46,,LAMBERHURST ROAD,LONDON,LONDON,LAMBETH,GREATER LONDON,Standard,Addition,51.4266910000,-0.1126870000
125000,1997-04-25 00:00:00Z,SE27 0TA,Semi-Detached,Established,Freehold,107,,CASEWICK ROAD,LONDON,LONDON,LAMBETH,GREATER LONDON,Standard,Addition,51.4270080000,-0.1105570000
122500,1997-11-21 00:00:00Z,SE27 0LH,Terraced,Established,Freehold,21,,GREENHURST ROAD,LONDON,LONDON,LAMBETH,GREATER LONDON,Standard,Addition,51.4257620000,-0.1113850000
48000,1997-06-18 00:00:00Z,SW16 2RX,Flats/Maisonettes,Established,Leasehold,"VENITA MANOR, 317",FLAT B,LEIGHAM COURT ROAD,STREATHAM,LONDON,LAMBETH,GREATER LONDON,Standard,Addition,51.4269810000,-0.1139380000
43000,1997-06-24 00:00:00Z,SW16 2SA,Flats/Maisonettes,Established,Leasehold,27,,CHARWOOD,STREATHAM,LONDON,LAMBETH,GREATER LONDON,Standard,Addition,51.4288190000,-0.1135890000
143000,1997-07-31 00:00:00Z,SE27 0RW,Semi-Detached,Established,Freehold,10,,UFFINGTON ROAD,LONDON,LONDON,LAMBETH,GREATER LONDON,Standard,Addition,51.4296860000,-0.1121730000
49000,1997-02-12 00:00:00Z,SW16 2RX,Flats/Maisonettes,Established,Leasehold,327A,,LEIGHAM COURT ROAD,STREATHAM,LONDON,LAMBETH,GREATER LONDON,Standard,Addition,51.4269810000,-0.1139380000
57750,1997-05-09 00:00:00Z,SW16 3HZ,Flats/Maisonettes,Established,Leasehold,27,,CROWN LANE GARDENS,LONDON,LONDON,LAMBETH,GREATER LONDON,Standard,Addition,51.4235080000,-0.1104850000
49500,1997-05-23 00:00:00Z,SE27 0SB,Flats/Maisonettes,Established,Leasehold,110,FLAT A,THORNLAW ROAD,,LONDON,LAMBETH,GREATER LONDON,Standard,Addition,51.4277640000,-0.1106410000
48000,1997-06-06 00:00:00Z,SW16 2AL,Flats/Maisonettes,Established,Leasehold,13,,MAPLE MEWS,,LONDON,LAMBETH,GREATER LONDON,Standard,Addition,51.4239650000,-0.1193130000
45995,1997-02-14 00:00:00Z,SE27 0SB,Flats/Maisonettes,Established,Leasehold,112C,,THORNLAW ROAD,,LONDON,LAMBETH,GREATER LONDON,Standard,Addition,51.4277640000,-0.1106410000
40000,1997-09-05 00:00:00Z,SW16 2SB,Flats/Maisonettes,Established,Leasehold,271,FLAT G,LEIGHAM COURT ROAD,STREATHAM,LONDON,LAMBETH,GREATER LONDON,Standard,Addition,51.4298960000,-0.1134870000
77000,1997-12-12 00:00:00Z,SW16 2RT,Flats/Maisonettes,Established,Leasehold,2,,CHESTNUT CLOSE,LONDON,LONDON,LAMBETH,GREATER LONDON,Standard,Addition,51.4295570000,-0.1136600000
176500,1997-08-15 00:00:00Z,SW16 2HT,Detached,Established,Freehold,1,,STRATHDALE,LONDON,LONDON,LAMBETH,GREATER LONDON,Standard,Addition,51.4263970000,-0.1178890000
295000,1997-06-19 00:00:00Z,SW16 3EJ,Semi-Detached,Established,Freehold,85,,RYECROFT ROAD,LONDON,LONDON,CROYDON,GREATER LONDON,Standard,Addition,51.4227690000,-0.1120690000
132000,1997-04-18 00:00:00Z,SW16 2HT,Semi-Detached,Established,Freehold,3,,STRATHDALE,LONDON,LONDON,LAMBETH,GREATER LONDON,Standard,Addition,51.4263970000,-0.1178890000
92500,1997-11-03 00:00:00Z,SW16 2XR,Flats/Maisonettes,Established,Leasehold,130,,VALLEY ROAD,LONDON,LONDON,LAMBETH,GREATER LONDON,Standard,Addition,51.4299830000,-0.1194110000
55000,1997-09-22 00:00:00Z,SW16 2SA,Flats/Maisonettes,New Build,Leasehold,24,,CHARWOOD,LONDON,LONDON,LAMBETH,GREATER LONDON,Standard,Addition,51.4288190000,-0.1135890000
14000,1997-10-31 00:00:00Z,SE27 0RW,Terraced,Established,Freehold,30,,UFFINGTON ROAD,,LONDON,LAMBETH,GREATER LONDON,Standard,Addition,51.4296860000,-0.1121730000
42000,1997-01-31 00:00:00Z,SE27 0SB,Flats/Maisonettes,Established,Leasehold,106,FLAT E,THORNLAW ROAD,,LONDON,LAMBETH,GREATER LONDON,Standard,Addition,51.4277640000,-0.1106410000
85000,1997-01-03 00:00:00Z,SE27 0SG,Detached,Established,Freehold,THE PANTILES,,LEAF GROVE,LONDON,LONDON,LAMBETH,GREATER LONDON,Standard,Addition,51.4262300000,-0.1136390000
39000,1997-06-13 00:00:00Z,SW16 2QW,Flats/Maisonettes,Established,Leasehold,BENHURST COURT,FLAT 64,LEIGHAM COURT ROAD,STREATHAM,LONDON,LAMBETH,GREATER LONDON,Standard,Addition,51.4250100000,-0.1155010000
35000,1997-04-30 00:00:00Z,SW16 2QW,Flats/Maisonettes,Established,Leasehold,BENHURST COURT,FLAT 55,LEIGHAM COURT ROAD,STREATHAM,LONDON,LAMBETH,GREATER LONDON,Standard,Addition,51.4250100000,-0.1155010000
45000,1997-03-27 00:00:00Z,SE27 0SQ,Flats/Maisonettes,Established,Leasehold,103,FLAT 3,THORNLAW ROAD,,LONDON,LAMBETH,GREATER LONDON,Standard,Addition,51.4280790000,-0.1111740000
120000,1997-09-29 00:00:00Z,SW16 2HR,Semi-Detached,Established,Freehold,34,,VALLEYFIELD ROAD,LONDON,LONDON,LAMBETH,GREATER LONDON,Standard,Addition,51.4262880000,-0.1194760000
38500,1997-10-07 00:00:00Z,SW16 3RF,Flats/Maisonettes,Established,Leasehold,MAPLE COURT,FLAT 1,LEIGHAM COURT ROAD,STREATHAM,LONDON,LAMBETH,GREATER LONDON,Standard,Addition,51.4235580000,-0.1135760000
107000,1997-10-21 00:00:00Z,SE27 0TA,Terraced,Established,Freehold,183,,CASEWICK ROAD,LONDON,LONDON,LAMBETH,GREATER LONDON,Standard,Addition,51.4270080000,-0.1105570000
105000,1997-07-01 00:00:00Z,SW16 2HS,Semi-Detached,Established,Freehold,49,,VALLEYFIELD ROAD,LONDON,LONDON,LAMBETH,GREATER LONDON,Standard,Addition,51.4270260000,-0.1189860000
115000,1997-02-17 00:00:00Z,SE27 0SE,Terraced,Established,Freehold,2,,LAMBERHURST ROAD,LONDON,LONDON,LAMBETH,GREATER LONDON,Standard,Addition,51.4266910000,-0.1126870000
222000,1997-03-11 00:00:00Z,SW16 3EQ,Semi-Detached,Established,Freehold,40,,RYECROFT ROAD,LONDON,LONDON,CROYDON,GREATER LONDON,Standard,Addition,51.4210530000,-0.1115650000
141000,1997-11-28 00:00:00Z,SW16 2HS,Semi-Detached,Established,Freehold,59,,VALLEYFIELD ROAD,LONDON,LONDON,LAMBETH,GREATER LONDON,Standard,Addition,51.4270260000,-0.1189860000
74000,1997-10-30 00:00:00Z,SW16 2AL,Flats/Maisonettes,Established,Leasehold,21,,MAPLE MEWS,LONDON,LONDON,LAMBETH,GREATER LONDON,Standard,Addition,51.4239650000,-0.1193130000
315000,1997-10-31 00:00:00Z,SW16 3JE,Detached,Established,Freehold,39,,CROWN LANE,LONDON,LONDON,CROYDON,GREATER LONDON,Standard,Addition,51.4228820000,-0.1101520000
105000,1997-12-05 00:00:00Z,SE27 0LH,Terraced,Established,Freehold,6,,GREENHURST ROAD,LONDON,LONDON,LAMBETH,GREATER LONDON,Standard,Addition,51.4257620000,-0.1113850000
119950,1997-08-11 00:00:00Z,SE27 0TA,Terraced,Established,Freehold,115,,CASEWICK ROAD,LONDON,LONDON,LAMBETH,GREATER LONDON,Standard,Addition,51.4270080000,-0.1105570000
59950,1998-11-10 00:00:00Z,SW16 2QN,Flats/Maisonettes,Established,Leasehold,35,,BENHURST COURT,LONDON,LONDON,LAMBETH,GREATER LONDON,Standard,Addition,51.4242590000,-0.1152300000
55000,1998-06-01 00:00:00Z,SE27 0RR,Flats/Maisonettes,Established,Leasehold,122,FLAT 4,ST JULIANS FARM ROAD,LONDON,LONDON,LAMBETH,GREATER LONDON,Standard,Addition,51.4284620000,-0.1119820000
117000,1998-11-06 00:00:00Z,SE27 0RW,Semi-Detached,Established,Freehold,35,,UFFINGTON ROAD,LONDON,LONDON,LAMBETH,GREATER LONDON,Standard,Addition,51.4296860000,-0.1121730000
112000,1998-06-26 00:00:00Z,SW16 2QJ,Terraced,New Build,Freehold,60,,FAWCETT CLOSE,LONDON,LONDON,LAMBETH,GREATER LONDON,Standard,Addition,51.4275200000,-0.1149950000
110000,1998-06-30 00:00:00Z,SW16 2QJ,Terraced,New Build,Freehold,64,,FAWCETT CLOSE,LONDON,LONDON,LAMBETH,GREATER LONDON,Standard,Addition,51.4275200000,-0.1149950000
88000,1998-09-10 00:00:00Z,SW16 2QJ,Flats/Maisonettes,Established,Leasehold,23,,FAWCETT CLOSE,LONDON,LONDON,LAMBETH,GREATER LONDON,Standard,Addition,51.4275200000,-0.1149950000
169950,1998-09-30 00:00:00Z,SW16 2QJ,Terraced,Established,Freehold,4,,FAWCETT CLOSE,LONDON,LONDON,LAMBETH,GREATER LONDON,Standard,Addition,51.4275200000,-0.1149950000
62950,1998-11-16 00:00:00Z,SE27 0TA,Flats/Maisonettes,Established,Leasehold,101,,CASEWICK ROAD,LONDON,LONDON,LAMBETH,GREATER LONDON,Standard,Addition,51.4270080000,-0.1105570000
62000,1998-08-28 00:00:00Z,SW16 2QW,Flats/Maisonettes,Established,Leasehold,72,,BENHURST COURT,LONDON,LONDON,LAMBETH,GREATER LONDON,Standard,Addition,51.4250100000,-0.1155010000
79500,1998-09-11 00:00:00Z,SE27 0TA,Flats/Maisonettes,Established,Leasehold,177,,CASEWICK ROAD,LONDON,LONDON,LAMBETH,GREATER LONDON,Standard,Addition,51.4270080000,-0.1105570000
60000,1998-11-27 00:00:00Z,SW16 2QN,Flats/Maisonettes,Established,Leasehold,19,,BENHURST COURT,LONDON,LONDON,LAMBETH,GREATER LONDON,Standard,Addition,51.4242590000,-0.1152300000
119950,1998-10-30 00:00:00Z,SW16 2QJ,Flats/Maisonettes,Established,Freehold,49,,FAWCETT CLOSE,LONDON,LONDON,LAMBETH,GREATER LONDON,Standard,Addition,51.4275200000,-0.1149950000
105000,1998-12-23 00:00:00Z,SW16 2QJ,Flats/Maisonettes,Established,Leasehold,35,,FAWCETT CLOSE,LONDON,LONDON,LAMBETH,GREATER LONDON,Standard,Addition,51.4275200000,-0.1149950000
136000,1998-06-30 00:00:00Z,SW16 2QJ,Terraced,New Build,Freehold,62,,FAWCETT CLOSE,LONDON,LONDON,LAMBETH,GREATER LONDON,Standard,Addition,51.4275200000,-0.1149950000
97000,1998-05-27 00:00:00Z,SW16 2QJ,Flats/Maisonettes,New Build,Leasehold,24,,FAWCETT CLOSE,LONDON,LONDON,LAMBETH,GREATER LONDON,Standard,Addition,51.4275200000,-0.1149950000
99000,1998-07-16 00:00:00Z,SW16 2QJ,Flats/Maisonettes,Established,Leasehold,41,,FAWCETT CLOSE,LONDON,LONDON,LAMBETH,GREATER LONDON,Standard,Addition,51.4275200000,-0.1149950000
65000,1998-03-31 00:00:00Z,SW16 2AL,Flats/Maisonettes,Established,Leasehold,3,,MAPLE MEWS,LONDON,LONDON,LAMBETH,GREATER LONDON,Standard,Addition,51.4239650000,-0.1193130000
288000,1998-07-09 00:00:00Z,SE27 0RL,Detached,Established,Freehold,4,,THURLBY ROAD,LONDON,LONDON,LAMBETH,GREATER LONDON,Standard,Addition,51.4298910000,-0.1108980000
60000,1998-08-11 00:00:00Z,SE27 0TA,Flats/Maisonettes,Established,Leasehold,87,FIRST FLOOR FLAT,CASEWICK ROAD,LONDON,LONDON,LAMBETH,GREATER LONDON,Standard,Addition,51.4270080000,-0.1105570000
225000,1998-07-24 00:00:00Z,SW16 2HZ,Detached,Established,Freehold,12,,BELLTREES GROVE,LONDON,LONDON,LAMBETH,GREATER LONDON,Standard,Addition,51.4255500000,-0.1172480000
375000,1998-05-26 00:00:00Z,SW16 3EW,Detached,Established,Freehold,31,,RYECROFT ROAD,LONDON,LONDON,CROYDON,GREATER LONDON,Standard,Addition,51.4207830000,-0.1110010000
143000,1998-12-11 00:00:00Z,SW16 2QJ,Semi-Detached,New Build,Freehold,45,,FAWCETT CLOSE,LONDON,LONDON,LAMBETH,GREATER LONDON,Standard,Addition,51.4275200000,-0.1149950000
162500,1998-09-16 00:00:00Z,SW16 2QJ,Terraced,Established,Freehold,57,,FAWCETT CLOSE,LONDON,LONDON,LAMBETH,GREATER LONDON,Standard,Addition,51.4275200000,-0.1149950000
159950,1998-09-28 00:00:00Z,SW16 2QJ,Terraced,Established,Freehold,56,,FAWCETT CLOSE,LONDON,LONDON,LAMBETH,GREATER LONDON,Standard,Addition,51.4275200000,-0.1149950000
84500,1998-11-27 00:00:00Z,SE27 0TA,Flats/Maisonettes,Established,Leasehold,175,,CASEWICK ROAD,LONDON,LONDON,LAMBETH,GREATER LONDON,Standard,Addition,51.4270080000,-0.1105570000
83500,1998-08-28 00:00:00Z,SW16 2QJ,Flats/Maisonettes,Established,Leasehold,30,,FAWCETT CLOSE,LONDON,LONDON,LAMBETH,GREATER LONDON,Standard,Addition,51.4275200000,-0.1149950000
165000,1998-11-27 00:00:00Z,SW16 2QJ,Semi-Detached,Established,Freehold,51,,FAWCETT CLOSE,LONDON,LONDON,LAMBETH,GREATER LONDON,Standard,Addition,51.4275200000,-0.1149950000
195000,1998-05-01 00:00:00Z,SW16 2RB,Terraced,Established,Freehold,224,,LEIGHAM COURT ROAD,LONDON,LONDON,LAMBETH,GREATER LONDON,Standard,Addition,51.4291160000,-0.1147280000
137000,1998-06-25 00:00:00Z,SW16 2QJ,Terraced,Established,Freehold,61,,FAWCETT CLOSE,LONDON,LONDON,LAMBETH,GREATER LONDON,Standard,Addition,51.4275200000,-0.1149950000
58000,1998-12-21 00:00:00Z,SE27 0TA,Terraced,Established,Freehold,91,,CASEWICK ROAD,LONDON,LONDON,LAMBETH,GREATER LONDON,Standard,Addition,51.4270080000,-0.1105570000
75000,1998-04-09 00:00:00Z,SW16 3HZ,Flats/Maisonettes,Established,Leasehold,43,,CROWN LANE GARDENS,LONDON,LONDON,LAMBETH,GREATER LONDON,Standard,Addition,51.4235080000,-0.1104850000
53500,1998-05-14 00:00:00Z,SE27 0SE,Detached,Established,Leasehold,34,,LAMBERHURST ROAD,LONDON,LONDON,LAMBETH,GREATER LONDON,Standard,Addition,51.4266910000,-0.1126870000
200000,1998-11-20 00:00:00Z,SE27 0RP,Detached,Established,Freehold,147,,ST JULIANS FARM ROAD,LONDON,LONDON,LAMBETH,GREATER LONDON,Standard,Addition,51.4288140000,-0.1121370000
89000,1998-08-28 00:00:00Z,SW16 2QJ,Flats/Maisonettes,Established,Leasehold,38,,FAWCETT CLOSE,LONDON,LONDON,LAMBETH,GREATER LONDON,Standard,Addition,51.4275200000,-0.1149950000
97000,1998-09-18 00:00:00Z,SW16 2QJ,Flats/Maisonettes,New Build,Leasehold,29,,FAWCETT CLOSE,LONDON,LONDON,LAMBETH,GREATER LONDON,Standard,Addition,51.4275200000,-0.1149950000
97000,1998-08-28 00:00:00Z,SW16 2QJ,Flats/Maisonettes,New Build,Leasehold,33,,FAWCETT CLOSE,LONDON,LONDON,LAMBETH,GREATER LONDON,Standard,Addition,51.4275200000,-0.1149950000
96000,1998-12-14 00:00:00Z,SW16 2XR,Flats/Maisonettes,Established,Leasehold,94,,VALLEY ROAD,LONDON,LONDON,LAMBETH,GREATER LONDON,Standard,Addition,51.4299830000,-0.1194110000
58500,1998-01-30 00:00:00Z,SW16 2SA,Flats/Maisonettes,Established,Leasehold,24,,CHARWOOD,LONDON,LONDON,LAMBETH,GREATER LONDON,Standard,Addition,51.4288190000,-0.1135890000
104000,1998-08-28 00:00:00Z,SW16 2QJ,Flats/Maisonettes,New Build,Leasehold,31,,FAWCETT CLOSE,LONDON,LONDON,LAMBETH,GREATER LONDON,Standard,Addition,51.4275200000,-0.1149950000
77000,1998-01-05 00:00:00Z,SW16 2SG,Flats/Maisonettes,Established,Leasehold,9,,CHESTNUT CLOSE,LONDON,LONDON,LAMBETH,GREATER LONDON,Standard,Addition,51.4293770000,-0.1136530000
63000,1998-05-08 00:00:00Z,SE27 0RR,Flats/Maisonettes,Established,Leasehold,120,FLAT 5,ST JULIANS FARM ROAD,LONDON,LONDON,LAMBETH,GREATER LONDON,Standard,Addition,51.4284620000,-0.1119820000
94950,1998-04-24 00:00:00Z,SW16 2XR,Flats/Maisonettes,Established,Leasehold,174,,VALLEY ROAD,LONDON,LONDON,LAMBETH,GREATER LONDON,Standard,Addition,51.4299830000,-0.1194110000
84000,1998-11-30 00:00:00Z,SW16 2QJ,Flats/Maisonettes,Established,Leasehold,34,,FAWCETT CLOSE,LONDON,LONDON,LAMBETH,GREATER LONDON,Standard,Addition,51.4275200000,-0.1149950000
93000,1998-05-27 00:00:00Z,SW16 2QJ,Flats/Maisonettes,New Build,Leasehold,25,,FAWCETT CLOSE,LONDON,LONDON,LAMBETH,GREATER LONDON,Standard,Addition,51.4275200000,-0.1149950000
59000,1998-07-01 00:00:00Z,SW16 2AL,Semi-Detached,Established,Leasehold,35,,MAPLE MEWS,,LONDON,LAMBETH,GREATER LONDON,Standard,Addition,51.4239650000,-0.1193130000
165000,1998-09-30 00:00:00Z,SW16 2QJ,Semi-Detached,Established,Freehold,55,,FAWCETT CLOSE,LONDON,LONDON,LAMBETH,GREATER LONDON,Standard,Addition,51.4275200000,-0.1149950000
65000,1998-07-03 00:00:00Z,SE27 0SE,Flats/Maisonettes,Established,Leasehold,16,,LAMBERHURST ROAD,LONDON,LONDON,LAMBETH,GREATER LONDON,Standard,Addition,51.4266910000,-0.1126870000
83000,1998-06-22 00:00:00Z,SW16 2QJ,Flats/Maisonettes,New Build,Leasehold,14,,FAWCETT CLOSE,LONDON,LONDON,LAMBETH,GREATER LONDON,Standard,Addition,51.4275200000,-0.1149950000
91000,1998-04-30 00:00:00Z,SW16 2QJ,Flats/Maisonettes,New Build,Leasehold,9,,FAWCETT CLOSE,LONDON,LONDON,LAMBETH,GREATER LONDON,Standard,Addition,51.4275200000,-0.1149950000
165000,1998-12-18 00:00:00Z,SW16 2QJ,Terraced,Established,Freehold,52,,FAWCETT CLOSE,LONDON,LONDON,LAMBETH,GREATER LONDON,Standard,Addition,51.4275200000,-0.1149950000
56500,1998-01-12 00:00:00Z,SE27 0SG,Flats/Maisonettes,Established,Leasehold,11,,LEAF GROVE,LONDON,LONDON,LAMBETH,GREATER LONDON,Standard,Addition,51.4262300000,-0.1136390000
98950,1998-12-03 00:00:00Z,SW16 2QJ,Flats/Maisonettes,Established,Leasehold,32,,FAWCETT CLOSE,LONDON,LONDON,LAMBETH,GREATER LONDON,Standard,Addition,51.4275200000,-0.1149950000
61000,1998-05-14 00:00:00Z,SW16 3QY,Flats/Maisonettes,Established,Leasehold,9,,BEECH COURT,LONDON,LONDON,LAMBETH,GREATER LONDON,Standard,Addition,51.4246840000,-0.1131270000
84000,1998-07-29 00:00:00Z,SW16 2HS,Flats/Maisonettes,Established,Leasehold,31D,,VALLEYFIELD ROAD,LONDON,LONDON,LAMBETH,GREATER LONDON,Standard,Addition,51.4270260000,-0.1189860000
259000,1998-09-17 00:00:00Z,SE27 0RR,Terraced,Established,Freehold,106,,ST JULIANS FARM ROAD,LONDON,LONDON,LAMBETH,GREATER LONDON,Standard,Addition,51.4284620000,-0.1119820000
88000,1998-09-30 00:00:00Z,SW16 2QJ,Flats/Maisonettes,New Build,Leasehold,7,,FAWCETT CLOSE,LONDON,LONDON,LAMBETH,GREATER LONDON,Standard,Addition,51.4275200000,-0.1149950000
71000,1998-05-05 00:00:00Z,SE27 0RP,Flats/Maisonettes,Established,Leasehold,111,FLAT 1,ST JULIANS FARM ROAD,LONDON,LONDON,LAMBETH,GREATER LONDON,Standard,Addition,51.4288140000,-0.1121370000
174950,1998-07-23 00:00:00Z,SW16 2HX,Semi-Detached,Established,Freehold,89,,VALLEYFIELD ROAD,LONDON,LONDON,LAMBETH,GREATER LONDON,Standard,Addition,51.4263370000,-0.1158210000
66000,1998-07-30 00:00:00Z,SE27 0RR,Flats/Maisonettes,Established,Leasehold,122,FLAT 3,ST JULIANS FARM ROAD,LONDON,LONDON,LAMBETH,GREATER LONDON,Standard,Addition,51.4284620000,-0.1119820000
96000,1998-06-30 00:00:00Z,SW16 2QJ,Flats/Maisonettes,New Build,Leasehold,15,,FAWCETT CLOSE,LONDON,LONDON,LAMBETH,GREATER LONDON,Standard,Addition,51.4275200000,-0.1149950000
77000,1998-04-08 00:00:00Z,SW16 3HZ,Flats/Maisonettes,Established,Leasehold,17,,CROWN LANE GARDENS,LONDON,LONDON,LAMBETH,GREATER LONDON,Standard,Addition,51.4235080000,-0.1104850000
143000,1998-12-11 00:00:00Z,SW16 2QJ,Semi-Detached,Established,Freehold,46,,FAWCETT CLOSE,LONDON,LONDON,LAMBETH,GREATER LONDON,Standard,Addition,51.4275200000,-0.1149950000
112000,1998-06-19 00:00:00Z,SW16 2QJ,Terraced,Established,Freehold,63,,FAWCETT CLOSE,LONDON,LONDON,LAMBETH,GREATER LONDON,Standard,Addition,51.4275200000,-0.1149950000
124000,1998-11-06 00:00:00Z,SW16 2QJ,Semi-Detached,Established,Freehold,42,,FAWCETT CLOSE,LONDON,LONDON,LAMBETH,GREATER LONDON,Standard,Addition,51.4275200000,-0.1149950000
63000,1998-09-04 00:00:00Z,SW16 2QN,Flats/Maisonettes,Established,Leasehold,15,,BENHURST COURT,LONDON,LONDON,LAMBETH,GREATER LONDON,Standard,Addition,51.4242590000,-0.1152300000
102000,1998-08-27 00:00:00Z,SW16 2QJ,Flats/Maisonettes,Established,Leasehold,39,,FAWCETT CLOSE,LONDON,LONDON,LAMBETH,GREATER LONDON,Standard,Addition,51.4275200000,-0.1149950000
103000,1998-09-30 00:00:00Z,SW16 2QJ,Flats/Maisonettes,Established,Leasehold,27,,FAWCETT CLOSE,LONDON,LONDON,LAMBETH,GREATER LONDON,Standard,Addition,51.4275200000,-0.1149950000
285000,1998-05-29 00:00:00Z,SW16 3EH,Semi-Detached,Established,Freehold,70,,RYECROFT ROAD,LONDON,LONDON,CROYDON,GREATER LONDON,Standard,Addition,51.4218890000,-0.1120260000
205000,1998-06-19 00:00:00Z,SE27 0RR,Terraced,Established,Freehold,106,,ST JULIANS FARM ROAD,LONDON,LONDON,LAMBETH,GREATER LONDON,Standard,Addition,51.4284620000,-0.1119820000
37000,1998-07-24 00:00:00Z,SW16 3HY,Flats/Maisonettes,Established,Leasehold,FERN LODGE,FLAT 1,CROWN LANE,,LONDON,LAMBETH,GREATER LONDON,Standard,Addition,51.4234740000,-0.1122420000
14000,1998-12-07 00:00:00Z,SW16 3RB,Flats/Maisonettes,Established,Leasehold,HAWTHORN COURT,FLAT 10,LEIGHAM COURT ROAD,STREATHAM,LONDON,LAMBETH,GREATER LONDON,Standard,Addition,51.4241820000,-0.1121410000
41500,1998-02-04 00:00:00Z,SW16 3QY,Flats/Maisonettes,Established,Leasehold,BEECH COURT,FLAT 9,LEIGHAM COURT ROAD,STREATHAM,LONDON,LAMBETH,GREATER LONDON,Standard,Addition,51.4246840000,-0.1131270000
193500,1998-04-11 00:00:00Z,SW16 2HZ,Terraced,Established,Freehold,29,,BELLTREES GROVE,LONDON,LONDON,LAMBETH,GREATER LONDON,Standard,Addition,51.4255500000,-0.1172480000
130000,1998-03-06 00:00:00Z,SW16 2SB,Semi-Detached,Established,Freehold,239,,LEIGHAM COURT ROAD,LONDON,LONDON,LAMBETH,GREATER LONDON,Standard,Addition,51.4298960000,-0.1134870000
45000,1998-04-01 00:00:00Z,SE27 0SB,Flats/Maisonettes,Established,Leasehold,112D,,THORNLAW ROAD,,LONDON,LAMBETH,GREATER LONDON,Standard,Addition,51.4277640000,-0.1106410000
250000,1998-11-06 00:00:00Z,SW16 3EN,Detached,Established,Freehold,77,,RYECROFT ROAD,LONDON,LONDON,CROYDON,GREATER LONDON,Standard,Addition,51.4214440000,-0.1135070000
44500,1998-08-07 00:00:00Z,SW16 2SB,Flats/Maisonettes,Established,Leasehold,271,FLAT F,LEIGHAM COURT ROAD,STREATHAM,LONDON,LAMBETH,GREATER LONDON,Standard,Addition,51.4298960000,-0.1134870000
39950,1998-02-02 00:00:00Z,SW16 2QN,Flats/Maisonettes,Established,Leasehold,BENHURST COURT,FLAT 19,LEIGHAM COURT ROAD,STREATHAM,LONDON,LAMBETH,GREATER LONDON,Standard,Addition,51.4242590000,-0.1152300000
185000,1998-11-27 00:00:00Z,SW16 2RB,Semi-Detached,Established,Freehold,216,,LEIGHAM COURT ROAD,LONDON,LONDON,LAMBETH,GREATER LONDON,Standard,Addition,51.4291160000,-0.1147280000
56000,1998-02-09 00:00:00Z,SE27 0SB,Flats/Maisonettes,Established,Leasehold,104,FLAT C,THORNLAW ROAD,LONDON,LONDON,LAMBETH,GREATER LONDON,Standard,Addition,51.4277640000,-0.1106410000
87500,1998-10-30 00:00:00Z,SW16 2QJ,Flats/Maisonettes,Established,Leasehold,26,,FAWCETT CLOSE,LONDON,LONDON,LAMBETH,GREATER LONDON,Standard,Addition,51.4275200000,-0.1149950000
135950,1998-07-10 00:00:00Z,SE27 0SQ,Terraced,Established,Freehold,111,,THORNLAW ROAD,LONDON,LONDON,LAMBETH,GREATER LONDON,Standard,Addition,51.4280790000,-0.1111740000
94000,1998-12-14 00:00:00Z,SW16 2RT,Flats/Maisonettes,Established,Leasehold,10,,CHESTNUT CLOSE,LONDON,LONDON,LAMBETH,GREATER LONDON,Standard,Addition,51.4295570000,-0.1136600000
53500,1998-08-27 00:00:00Z,SE27 0SG,Flats/Maisonettes,Established,Leasehold,9,,LEAF GROVE,LONDON,LONDON,LAMBETH,GREATER LONDON,Standard,Addition,51.4262300000,-0.1136390000
143000,1998-12-04 00:00:00Z,SW16 2QJ,Terraced,New Build,Freehold,44,,FAWCETT CLOSE,LONDON,LONDON,LAMBETH,GREATER LONDON,Standard,Addition,51.4275200000,-0.1149950000
79950,1998-07-17 00:00:00Z,SE27 0RP,Flats/Maisonettes,Established,Leasehold,111,FLAT 2,ST JULIANS FARM ROAD,LONDON,LONDON,LAMBETH,GREATER LONDON,Standard,Addition,51.4288140000,-0.1121370000
162500,1998-06-30 00:00:00Z,SW16 2QJ,Terraced,New Build,Freehold,3,,FAWCETT CLOSE,LONDON,LONDON,LAMBETH,GREATER LONDON,Standard,Addition,51.4275200000,-0.1149950000
86500,1998-10-30 00:00:00Z,SW16 2QP,Flats/Maisonettes,Established,Leasehold,288,FLAT 5,LEIGHAM COURT ROAD,LONDON,LONDON,LAMBETH,GREATER LONDON,Standard,Addition,51.4251370000,-0.1144530000
97000,1998-06-02 00:00:00Z,SW16 2QJ,Flats/Maisonettes,New Build,Leasehold,21,,FAWCETT CLOSE,LONDON,LONDON,LAMBETH,GREATER LONDON,Standard,Addition,51.4275200000,-0.1149950000
249999,1998-05-21 00:00:00Z,SE27 0RP,Semi-Detached,Established,Freehold,121,,ST JULIANS FARM ROAD,LONDON,LONDON,LAMBETH,GREATER LONDON,Standard,Addition,51.4288140000,-0.1121370000
139950,1998-11-18 00:00:00Z,SW16 2QJ,Semi-Detached,Established,Freehold,50,,FAWCETT CLOSE,LONDON,LONDON,LAMBETH,GREATER LONDON,Standard,Addition,51.4275200000,-0.1149950000
107000,1998-02-20 00:00:00Z,SE27 0RR,Terraced,Established,Freehold,106,,ST JULIANS FARM ROAD,LONDON,LONDON,LAMBETH,GREATER LONDON,Standard,Addition,51.4284620000,-0.1119820000
98000,1998-08-21 00:00:00Z,SW16 2QJ,Flats/Maisonettes,Established,Leasehold,37,,FAWCETT CLOSE,LONDON,LONDON,LAMBETH,GREATER LONDON,Standard,Addition,51.4275200000,-0.1149950000
183000,1998-07-03 00:00:00Z,SE27 0RP,Semi-Detached,New Build,Freehold,125,,ST JULIANS FARM ROAD,LONDON,LONDON,LAMBETH,GREATER LONDON,Standard,Addition,51.4288140000,-0.1121370000
95000,1998-08-27 00:00:00Z,SW16 2QJ,Flats/Maisonettes,Established,Leasehold,36,,FAWCETT CLOSE,LONDON,LONDON,LAMBETH,GREATER LONDON,Standard,Addition,51.4275200000,-0.1149950000
89000,1998-04-30 00:00:00Z,SW16 2QJ,Flats/Maisonettes,Established,Leasehold,8,,FAWCETT CLOSE,LONDON,LONDON,LAMBETH,GREATER LONDON,Standard,Addition,51.4275200000,-0.1149950000
110000,1998-10-09 00:00:00Z,SE27 0RP,Flats/Maisonettes,Established,Leasehold,111,FLAT 1,ST JULIANS FARM ROAD,LONDON,LONDON,LAMBETH,GREATER LONDON,Standard,Addition,51.4288140000,-0.1121370000
93000,1998-05-29 00:00:00Z,SW16 2QJ,Flats/Maisonettes,New Build,Leasehold,19,,FAWCETT CLOSE,LONDON,LONDON,LAMBETH,GREATER LONDON,Standard,Addition,51.4275200000,-0.1149950000
62500,1998-11-18 00:00:00Z,SW16 2QN,Flats/Maisonettes,Established,Leasehold,25,,BENHURST COURT,LONDON,LONDON,LAMBETH,GREATER LONDON,Standard,Addition,51.4242590000,-0.1152300000
78000,1998-09-11 00:00:00Z,SW16 3HZ,Flats/Maisonettes,Established,Leasehold,18,,CROWN LANE GARDENS,LONDON,LONDON,LAMBETH,GREATER LONDON,Standard,Addition,51.4235080000,-0.1104850000
84000,1998-05-22 00:00:00Z,SW16 2QJ,Flats/Maisonettes,New Build,Leasehold,10,,FAWCETT CLOSE,LONDON,LONDON,LAMBETH,GREATER LONDON,Standard,Addition,51.4275200000,-0.1149950000
162500,1998-09-30 00:00:00Z,SW16 2QJ,Semi-Detached,Established,Freehold,54,,FAWCETT CLOSE,LONDON,LONDON,LAMBETH,GREATER LONDON,Standard,Addition,51.4275200000,-0.1149950000
122500,1998-11-30 00:00:00Z,SW16 2QJ,Terraced,New Build,Freehold,47,,FAWCETT CLOSE,LONDON,LONDON,LAMBETH,GREATER LONDON,Standard,Addition,51.4275200000,-0.1149950000
116000,1998-06-26 00:00:00Z,SW16 2QJ,Terraced,Established,Freehold,59,,FAWCETT CLOSE,LONDON,LONDON,LAMBETH,GREATER LONDON,Standard,Addition,51.4275200000,-0.1149950000
68700,1998-01-30 00:00:00Z,SW16 2XR,Flats/Maisonettes,Established,Leasehold,148,,VALLEY ROAD,LONDON,LONDON,LAMBETH,GREATER LONDON,Standard,Addition,51.4299830000,-0.1194110000
65000,1998-01-15 00:00:00Z,SW16 2SA,Flats/Maisonettes,Established,Leasehold,30,,CHARWOOD,LONDON,LONDON,LAMBETH,GREATER LONDON,Standard,Addition,51.4288190000,-0.1135890000
93000,1998-12-17 00:00:00Z,SW16 2QJ,Flats/Maisonettes,Established,Leasehold,5,,FAWCETT CLOSE,LONDON,LONDON,LAMBETH,GREATER LONDON,Standard,Addition,51.4275200000,-0.1149950000
132000,1998-01-15 00:00:00Z,SW16 2SB,Terraced,Established,Freehold,243,,LEIGHAM COURT ROAD,LONDON,LONDON,LAMBETH,GREATER LONDON,Standard,Addition,51.4298960000,-0.1134870000
70000,1998-03-03 00:00:00Z,SW16 2XR,Flats/Maisonettes,Established,Leasehold,168,,VALLEY ROAD,LONDON,LONDON,LAMBETH,GREATER LONDON,Standard,Addition,51.4299830000,-0.1194110000
80000,1998-05-26 00:00:00Z,SW16 2SG,Terraced,Established,Leasehold,5,,CHESTNUT CLOSE,LONDON,LONDON,LAMBETH,GREATER LONDON,Standard,Addition,51.4293770000,-0.1136530000
290000,1998-05-08 00:00:00Z,SE27 0RL,Terraced,Established,Freehold,6,,THURLBY ROAD,LONDON,LONDON,LAMBETH,GREATER LONDON,Standard,Addition,51.4298910000,-0.1108980000
165000,1998-05-29 00:00:00Z,SW16 2QJ,Terraced,Established,Freehold,1,,FAWCETT CLOSE,LONDON,LONDON,LAMBETH,GREATER LONDON,Standard,Addition,51.4275200000,-0.1149950000
162500,1998-09-11 00:00:00Z,SW16 2QJ,Terraced,Established,Freehold,58,,FAWCETT CLOSE,LONDON,LONDON,LAMBETH,GREATER LONDON,Standard,Addition,51.4275200000,-0.1149950000
55000,1998-10-30 00:00:00Z,SE27 0RR,Flats/Maisonettes,Established,Leasehold,120,FLAT 1,ST JULIANS FARM ROAD,LONDON,LONDON,LAMBETH,GREATER LONDON,Standard,Addition,51.4284620000,-0.1119820000
49000,1998-10-09 00:00:00Z,SE27 0RP,Flats/Maisonettes,Established,Leasehold,111,FLAT 4,ST JULIANS FARM ROAD,,LONDON,LAMBETH,GREATER LONDON,Standard,Addition,51.4288140000,-0.1121370000
81000,1998-10-30 00:00:00Z,SE27 0RW,Flats/Maisonettes,Established,Leasehold,29,FLAT 2,UFFINGTON ROAD,LONDON,LONDON,LAMBETH,GREATER LONDON,Standard,Addition,51.4296860000,-0.1121730000
91000,1998-06-19 00:00:00Z,SW16 2QJ,Flats/Maisonettes,New Build,Leasehold,16,,FAWCETT CLOSE,LONDON,LONDON,LAMBETH,GREATER LONDON,Standard,Addition,51.4275200000,-0.1149950000
83500,1998-06-26 00:00:00Z,SW16 2QJ,Flats/Maisonettes,New Build,Leasehold,17,,FAWCETT CLOSE,LONDON,LONDON,LAMBETH,GREATER LONDON,Standard,Addition,51.4275200000,-0.1149950000
64000,1998-07-10 00:00:00Z,SE27 0SE,Flats/Maisonettes,Established,Leasehold,18,,LAMBERHURST ROAD,LONDON,LONDON,LAMBETH,GREATER LONDON,Standard,Addition,51.4266910000,-0.1126870000
47500,1998-06-08 00:00:00Z,SE27 0SB,Flats/Maisonettes,Established,Leasehold,110,FLAT E,THORNLAW ROAD,,LONDON,LAMBETH,GREATER LONDON,Standard,Addition,51.4277640000,-0.1106410000
65000,1998-09-04 00:00:00Z,SW16 3HZ,Flats/Maisonettes,Established,Leasehold,4,,CROWN LANE GARDENS,LONDON,LONDON,LAMBETH,GREATER LONDON,Standard,Addition,51.4235080000,-0.1104850000
38000,1998-07-31 00:00:00Z,SW16 2SB,Flats/Maisonettes,Established,Leasehold,271,FLAT A,LEIGHAM COURT ROAD,STREATHAM,LONDON,LAMBETH,GREATER LONDON,Standard,Addition,51.4298960000,-0.1134870000
38000,1998-11-23 00:00:00Z,SW16 2QN,Flats/Maisonettes,Established,Leasehold,BENHURST COURT,FLAT 40,LEIGHAM COURT ROAD,STREATHAM,LONDON,LAMBETH,GREATER LONDON,Standard,Addition,51.4242590000,-0.1152300000
56950,1998-09-25 00:00:00Z,SW16 2QN,Flats/Maisonettes,Established,Leasehold,33,,BENHURST COURT,LONDON,LONDON,LAMBETH,GREATER LONDON,Standard,Addition,51.4242590000,-0.1152300000
128000,1998-03-20 00:00:00Z,SE27 0SE,Terraced,Established,Freehold,86,,LAMBERHURST ROAD,LONDON,LONDON,LAMBETH,GREATER LONDON,Standard,Addition,51.4266910000,-0.1126870000
81000,1998-02-25 00:00:00Z,SW16 2XR,Flats/Maisonettes,Established,Leasehold,118,,VALLEY ROAD,LONDON,LONDON,LAMBETH,GREATER LONDON,Standard,Addition,51.4299830000,-0.1194110000
162500,1998-05-14 00:00:00Z,SW16 2QJ,Terraced,New Build,Freehold,2,,FAWCETT CLOSE,LONDON,LONDON,LAMBETH,GREATER LONDON,Standard,Addition,51.4275200000,-0.1149950000
106000,1998-07-17 00:00:00Z,SE27 0SQ,Terraced,Established,Freehold,133,,THORNLAW ROAD,LONDON,LONDON,LAMBETH,GREATER LONDON,Standard,Addition,51.4280790000,-0.1111740000
103000,1998-11-30 00:00:00Z,SW16 2QJ,Flats/Maisonettes,Established,Leasehold,12,,FAWCETT CLOSE,LONDON,LONDON,LAMBETH,GREATER LONDON,Standard,Addition,51.4275200000,-0.1149950000
91000,1998-05-18 00:00:00Z,SW16 2XR,Semi-Detached,Established,Leasehold,160,,VALLEY ROAD,LONDON,LONDON,LAMBETH,GREATER LONDON,Standard,Addition,51.4299830000,-0.1194110000
93000,1998-06-26 00:00:00Z,SW16 2QJ,Flats/Maisonettes,New Build,Leasehold,22,,FAWCETT CLOSE,LONDON,LONDON,LAMBETH,GREATER LONDON,Standard,Addition,51.4275200000,-0.1149950000
317000,1998-08-26 00:00:00Z,SW16 3EQ,Detached,Established,Freehold,34,,RYECROFT ROAD,LONDON,LONDON,CROYDON,GREATER LONDON,Standard,Addition,51.4210530000,-0.1115650000
93500,1998-08-28 00:00:00Z,SW16 2QJ,Flats/Maisonettes,New Build,Leasehold,28,,FAWCETT CLOSE,LONDON,LONDON,LAMBETH,GREATER LONDON,Standard,Addition,51.4275200000,-0.1149950000
84000,1998-06-29 00:00:00Z,SW16 2QJ,Flats/Maisonettes,New Build,Leasehold,20,,FAWCETT CLOSE,LONDON,LONDON,LAMBETH,GREATER LONDON,Standard,Addition,51.4275200000,-0.1149950000
310000,1998-10-30 00:00:00Z,SW16 3HS,Semi-Detached,Established,Freehold,44,,STREATHAM COMMON NORTH,LONDON,LONDON,LAMBETH,GREATER LONDON,Standard,Addition,51.4235400000,-0.1191580000
180000,1998-08-07 00:00:00Z,SW16 3JF,Semi-Detached,Established,Freehold,55,,CROWN LANE,LONDON,LONDON,CROYDON,GREATER LONDON,Standard,Addition,51.4230380000,-0.1125210000
83000,1998-05-05 00:00:00Z,SW16 2QJ,Flats/Maisonettes,New Build,Leasehold,13,,FAWCETT CLOSE,LONDON,LONDON,LAMBETH,GREATER LONDON,Standard,Addition,51.4275200000,-0.1149950000
98000,1998-08-28 00:00:00Z,SW16 2QJ,Flats/Maisonettes,Established,Leasehold,40,,FAWCETT CLOSE,LONDON,LONDON,LAMBETH,GREATER LONDON,Standard,Addition,51.4275200000,-0.1149950000
103000,1998-06-30 00:00:00Z,SW16 2QJ,Flats/Maisonettes,New Build,Leasehold,6,,FAWCETT CLOSE,LONDON,LONDON,LAMBETH,GREATER LONDON,Standard,Addition,51.4275200000,-0.1149950000
170000,1999-06-30 00:00:00Z,SE27 0RW,Semi-Detached,Established,Freehold,7,,UFFINGTON ROAD,,LONDON,LAMBETH,GREATER LONDON,Standard,Addition,51.4296860000,-0.1121730000
54000,1999-07-16 00:00:00Z,SW16 2QN,Flats/Maisonettes,New Build,Leasehold,20,,BENHURST COURT,,LONDON,LAMBETH,GREATER LONDON,Standard,Addition,51.4242590000,-0.1152300000
116000,1999-07-12 00:00:00Z,SW16 2QP,Flats/Maisonettes,Established,Leasehold,286,FLAT 1,LEIGHAM COURT ROAD,,LONDON,LAMBETH,GREATER LONDON,Standard,Addition,51.4251370000,-0.1144530000
62000,1999-05-17 00:00:00Z,SW16 2QP,Flats/Maisonettes,Established,Leasehold,"NORMAN COURT, 296",FLAT 4,LEIGHAM COURT ROAD,,LONDON,LAMBETH,GREATER LONDON,Standard,Addition,51.4251370000,-0.1144530000
67500,1999-11-19 00:00:00Z,SE27 0SB,Flats/Maisonettes,Established,Leasehold,112,FLAT D,THORNLAW ROAD,,LONDON,LAMBETH,GREATER LONDON,Standard,Addition,51.4277640000,-0.1106410000
73000,1999-10-29 00:00:00Z,SE27 0SG,Flats/Maisonettes,Established,Leasehold,21,,LEAF GROVE,,LONDON,LAMBETH,GREATER LONDON,Standard,Addition,51.4262300000,-0.1136390000
110000,1999-12-03 00:00:00Z,SW16 2QJ,Flats/Maisonettes,Established,Leasehold,10,,FAWCETT CLOSE,,LONDON,LAMBETH,GREATER LONDON,Standard,Addition,51.4275200000,-0.1149950000
96000,1999-08-09 00:00:00Z,SW16 2XR,Flats/Maisonettes,Established,Leasehold,156,,VALLEY ROAD,,LONDON,LAMBETH,GREATER LONDON,Standard,Addition,51.4299830000,-0.1194110000
210000,1999-11-12 00:00:00Z,SW16 2RY,Semi-Detached,Established,Freehold,5,,ST JULIANS CLOSE,,LONDON,LAMBETH,GREATER LONDON,Standard,Addition,51.4275110000,-0.1133410000
83000,1999-11-24 00:00:00Z,SW16 2AL,Flats/Maisonettes,Established,Leasehold,33,,MAPLE MEWS,,LONDON,LAMBETH,GREATER LONDON,Standard,Addition,51.4239650000,-0.1193130000
162500,1999-04-30 00:00:00Z,SE27 0SQ,Terraced,Established,Freehold,129,,THORNLAW ROAD,,LONDON,LAMBETH,GREATER LONDON,Standard,Addition,51.4280790000,-0.1111740000
200000,1999-08-18 00:00:00Z,SW16 3BY,Semi-Detached,Established,Freehold,197,,COVINGTON WAY,,LONDON,LAMBETH,GREATER LONDON,Standard,Addition,51.4204490000,-0.1187950000
160000,1999-11-12 00:00:00Z,SW16 2HU,Semi-Detached,Established,Freehold,56,,VALLEYFIELD ROAD,,LONDON,LAMBETH,GREATER LONDON,Standard,Addition,51.4263860000,-0.1166670000
115000,1999-01-07 00:00:00Z,SW16 2QX,Terraced,Established,Freehold,1,,SPRINGWELL ROAD,,LONDON,LAMBETH,GREATER LONDON,Standard,Addition,51.4276580000,-0.1168880000
131000,1999-02-26 00:00:00Z,SE27 0SQ,Terraced,Established,Freehold,129,,THORNLAW ROAD,,LONDON,LAMBETH,GREATER LONDON,Standard,Addition,51.4280790000,-0.1111740000
76500,1999-11-05 00:00:00Z,SW16 2QN,Flats/Maisonettes,Established,Leasehold,17,,BENHURST COURT,,LONDON,LAMBETH,GREATER LONDON,Standard,Addition,51.4242590000,-0.1152300000
193000,1999-12-10 00:00:00Z,SW16 2HS,Detached,Established,Freehold,9,,VALLEYFIELD ROAD,,LONDON,LAMBETH,GREATER LONDON,Standard,Addition,51.4270260000,-0.1189860000
69950,1999-08-03 00:00:00Z,SW16 2QW,Flats/Maisonettes,Established,Leasehold,64,,BENHURST COURT,,LONDON,LAMBETH,GREATER LONDON,Standard,Addition,51.4250100000,-0.1155010000
59950,1999-03-05 00:00:00Z,SW16 2XR,Flats/Maisonettes,Established,Leasehold,122,,VALLEY ROAD,,LONDON,LAMBETH,GREATER LONDON,Standard,Addition,51.4299830000,-0.1194110000
60000,1999-08-12 00:00:00Z,SW16 2AL,Flats/Maisonettes,Established,Leasehold,5,,MAPLE MEWS,,LONDON,LAMBETH,GREATER LONDON,Standard,Addition,51.4239650000,-0.1193130000
64000,1999-05-07 00:00:00Z,SW16 2QW,Flats/Maisonettes,Established,Leasehold,66,,BENHURST COURT,,LONDON,LAMBETH,GREATER LONDON,Standard,Addition,51.4250100000,-0.1155010000
170000,1999-09-10 00:00:00Z,SW16 3JE,Semi-Detached,Established,Freehold,51C,,CROWN LANE,,LONDON,CROYDON,GREATER LONDON,Standard,Addition,51.4228820000,-0.1101520000
182500,1999-11-12 00:00:00Z,SW16 2HU,Semi-Detached,Established,Freehold,66,,VALLEYFIELD ROAD,,LONDON,LAMBETH,GREATER LONDON,Standard,Addition,51.4263860000,-0.1166670000
65000,1999-11-18 00:00:00Z,SW16 2QW,Flats/Maisonettes,Established,Leasehold,52,,BENHURST COURT,,LONDON,LAMBETH,GREATER LONDON,Standard,Addition,51.4250100000,-0.1155010000
160000,1999-04-30 00:00:00Z,SW16 2HR,Semi-Detached,Established,Freehold,10,,VALLEYFIELD ROAD,,LONDON,LAMBETH,GREATER LONDON,Standard,Addition,51.4262880000,-0.1194760000
68675,1999-12-01 00:00:00Z,SW16 2QN,Flats/Maisonettes,Established,Leasehold,27,,BENHURST COURT,,LONDON,LAMBETH,GREATER LONDON,Standard,Addition,51.4242590000,-0.1152300000
145000,1999-09-24 00:00:00Z,SE27 0LH,Terraced,Established,Freehold,20,,GREENHURST ROAD,,LONDON,LAMBETH,GREATER LONDON,Standard,Addition,51.4257620000,-0.1113850000
71000,1999-11-22 00:00:00Z,SW16 2QW,Flats/Maisonettes,Established,Leasehold,73,,BENHURST COURT,,LONDON,LAMBETH,GREATER LONDON,Standard,Addition,51.4250100000,-0.1155010000
99000,1999-11-11 00:00:00Z,SW16 2AL,Flats/Maisonettes,Established,Leasehold,12,,MAPLE MEWS,,LONDON,LAMBETH,GREATER LONDON,Standard,Addition,51.4239650000,-0.1193130000
60000,1999-09-30 00:00:00Z,SW16 2QN,Flats/Maisonettes,Established,Leasehold,7,,BENHURST COURT,,LONDON,LAMBETH,GREATER LONDON,Standard,Addition,51.4242590000,-0.1152300000
84500,1999-08-05 00:00:00Z,SW16 3HZ,Flats/Maisonettes,Established,Leasehold,11,,CROWN LANE GARDENS,,LONDON,LAMBETH,GREATER LONDON,Standard,Addition,51.4235080000,-0.1104850000
275000,1999-06-11 00:00:00Z,SW16 2HX,Semi-Detached,Established,Freehold,89,,VALLEYFIELD ROAD,,LONDON,LAMBETH,GREATER LONDON,Standard,Addition,51.4263370000,-0.1158210000
183000,1999-10-21 00:00:00Z,SE27 0SE,Semi-Detached,Established,Freehold,76,,LAMBERHURST ROAD,,LONDON,LAMBETH,GREATER LONDON,Standard,Addition,51.4266910000,-0.1126870000
148000,1999-06-28 00:00:00Z,SW16 2HR,Semi-Detached,Established,Freehold,34,,VALLEYFIELD ROAD,,LONDON,LAMBETH,GREATER LONDON,Standard,Addition,51.4262880000,-0.1194760000
69000,1999-07-30 00:00:00Z,SW16 3HS,Flats/Maisonettes,Established,Leasehold,42,FLAT 3,STREATHAM COMMON NORTH,,LONDON,LAMBETH,GREATER LONDON,Standard,Addition,51.4235400000,-0.1191580000
88000,1999-07-30 00:00:00Z,SE27 0RL,Flats/Maisonettes,Established,Leasehold,32,,THURLBY ROAD,,LONDON,LAMBETH,GREATER LONDON,Standard,Addition,51.4298910000,-0.1108980000
86000,1999-01-29 00:00:00Z,SE27 0TA,Flats/Maisonettes,Established,Leasehold,147,,CASEWICK ROAD,,LONDON,LAMBETH,GREATER LONDON,Standard,Addition,51.4270080000,-0.1105570000
80000,1999-11-16 00:00:00Z,SE27 0SE,Flats/Maisonettes,Established,Leasehold,22,,LAMBERHURST ROAD,,LONDON,LAMBETH,GREATER LONDON,Standard,Addition,51.4266910000,-0.1126870000
58500,1999-06-30 00:00:00Z,SW16 2QW,Flats/Maisonettes,Established,Leasehold,73,,BENHURST COURT,,LONDON,LAMBETH,GREATER LONDON,Standard,Addition,51.4250100000,-0.1155010000
290000,1999-08-09 00:00:00Z,SE27 0RL,Terraced,Established,Freehold,8,,THURLBY ROAD,,LONDON,LAMBETH,GREATER LONDON,Standard,Addition,51.4298910000,-0.1108980000
53500,1999-04-13 00:00:00Z,SE27 0SQ,Flats/Maisonettes,Established,Leasehold,103,FLAT 3,THORNLAW ROAD,,LONDON,LAMBETH,GREATER LONDON,Standard,Addition,51.4280790000,-0.1111740000
89000,1999-07-16 00:00:00Z,SE27 0RL,Flats/Maisonettes,Established,Leasehold,16A,,THURLBY ROAD,,LONDON,LAMBETH,GREATER LONDON,Standard,Addition,51.4298910000,-0.1108980000
125000,1999-11-24 00:00:00Z,SE27 0RW,Semi-Detached,Established,Freehold,24,,UFFINGTON ROAD,,LONDON,LAMBETH,GREATER LONDON,Standard,Addition,51.4296860000,-0.1121730000
140000,1999-12-01 00:00:00Z,SW16 2XR,Flats/Maisonettes,Established,Leasehold,162,,VALLEY ROAD,,LONDON,LAMBETH,GREATER LONDON,Standard,Addition,51.4299830000,-0.1194110000
56500,1999-11-05 00:00:00Z,SW16 2QP,Flats/Maisonettes,Established,Leasehold,"NORMAN COURT, 296",FLAT 11,LEIGHAM COURT ROAD,,LONDON,LAMBETH,GREATER LONDON,Standard,Addition,51.4251370000,-0.1144530000
105000,1999-09-17 00:00:00Z,SW16 2QJ,Flats/Maisonettes,Established,Leasehold,41,,FAWCETT CLOSE,,LONDON,LAMBETH,GREATER LONDON,Standard,Addition,51.4275200000,-0.1149950000
218500,1999-09-24 00:00:00Z,SE27 0TA,Terraced,Established,Freehold,117,,CASEWICK ROAD,,LONDON,LAMBETH,GREATER LONDON,Standard,Addition,51.4270080000,-0.1105570000
50000,1999-11-11 00:00:00Z,SW16 3RG,Flats/Maisonettes,Established,Leasehold,SYCAMORE COURT,FLAT 12,LEIGHAM COURT ROAD,STREATHAM,LONDON,LAMBETH,GREATER LONDON,Standard,Addition,51.4239430000,-0.1140200000
100000,1999-07-05 00:00:00Z,SE27 0SE,Semi-Detached,Established,Freehold,70,,LAMBERHURST ROAD,,LONDON,LAMBETH,GREATER LONDON,Standard,Addition,51.4266910000,-0.1126870000
85000,1999-09-24 00:00:00Z,SW16 2QP,Flats/Maisonettes,Established,Leasehold,286,FLAT 3,LEIGHAM COURT ROAD,,LONDON,LAMBETH,GREATER LONDON,Standard,Addition,51.4251370000,-0.1144530000
89950,1999-08-05 00:00:00Z,SE27 0SB,Flats/Maisonettes,Established,Leasehold,112,FLAT C,THORNLAW ROAD,,LONDON,LAMBETH,GREATER LONDON,Standard,Addition,51.4277640000,-0.1106410000
89000,1999-09-15 00:00:00Z,SE27 0TA,Flats/Maisonettes,Established,Leasehold,143,,CASEWICK ROAD,,LONDON,LAMBETH,GREATER LONDON,Standard,Addition,51.4270080000,-0.1105570000
69950,1999-10-12 00:00:00Z,SW16 2QW,Flats/Maisonettes,Established,Leasehold,70,,BENHURST COURT,,LONDON,LAMBETH,GREATER LONDON,Standard,Addition,51.4250100000,-0.1155010000
97000,1999-01-29 00:00:00Z,SW16 2XR,Flats/Maisonettes,Established,Leasehold,148,,VALLEY ROAD,,LONDON,LAMBETH,GREATER LONDON,Standard,Addition,51.4299830000,-0.1194110000
160000,1999-07-05 00:00:00Z,SE27 0SE,Semi-Detached,Established,Freehold,72,,LAMBERHURST ROAD,,LONDON,LAMBETH,GREATER LONDON,Standard,Addition,51.4266910000,-0.1126870000
163500,1999-11-11 00:00:00Z,SW16 3BY,Semi-Detached,Established,Freehold,213,,COVINGTON WAY,,LONDON,LAMBETH,GREATER LONDON,Standard,Addition,51.4204490000,-0.1187950000
155000,1999-08-16 00:00:00Z,SE27 0LH,Terraced,Established,Freehold,19,,GREENHURST ROAD,,LONDON,LAMBETH,GREATER LONDON,Standard,Addition,51.4257620000,-0.1113850000
135000,1999-06-25 00:00:00Z,SE27 0SE,Detached,Established,Freehold,64,,LAMBERHURST ROAD,,LONDON,LAMBETH,GREATER LONDON,Standard,Addition,51.4266910000,-0.1126870000
56000,1999-10-15 00:00:00Z,SE27 0SB,Flats/Maisonettes,Established,Leasehold,96,,THORNLAW ROAD,,LONDON,LAMBETH,GREATER LONDON,Standard,Addition,51.4277640000,-0.1106410000
64000,1999-04-21 00:00:00Z,SW16 2QN,Flats/Maisonettes,Established,Leasehold,8,,BENHURST COURT,,LONDON,LAMBETH,GREATER LONDON,Standard,Addition,51.4242590000,-0.1152300000
60000,1999-01-04 00:00:00Z,SW16 2XR,Terraced,Established,Freehold,142,,VALLEY ROAD,,LONDON,LAMBETH,GREATER LONDON,Standard,Addition,51.4299830000,-0.1194110000
112000,1999-11-03 00:00:00Z,SE27 0TA,Flats/Maisonettes,Established,Leasehold,173,,CASEWICK ROAD,,LONDON,LAMBETH,GREATER LONDON,Standard,Addition,51.4270080000,-0.1105570000
63000,1999-06-18 00:00:00Z,SW16 2QP,Flats/Maisonettes,Established,Leasehold,290,FLAT 3,LEIGHAM COURT ROAD,,LONDON,LAMBETH,GREATER LONDON,Standard,Addition,51.4251370000,-0.1144530000
200000,1999-08-27 00:00:00Z,SW16 3BY,Detached,Established,Freehold,235,,COVINGTON WAY,,LONDON,LAMBETH,GREATER LONDON,Standard,Addition,51.4204490000,-0.1187950000
87000,1999-10-22 00:00:00Z,SW16 2SA,Terraced,Established,Leasehold,27,,CHARWOOD,,LONDON,LAMBETH,GREATER LONDON,Standard,Addition,51.4288190000,-0.1135890000
181300,1999-07-19 00:00:00Z,SE27 0RL,Semi-Detached,Established,Freehold,14B,,THURLBY ROAD,,LONDON,LAMBETH,GREATER LONDON,Standard,Addition,51.4298910000,-0.1108980000
119950,1999-02-26 00:00:00Z,SW16 2QJ,Terraced,New Build,Freehold,43,,FAWCETT CLOSE,,LONDON,LAMBETH,GREATER LONDON,Standard,Addition,51.4275200000,-0.1149950000
109000,1999-08-26 00:00:00Z,SW16 2AL,Flats/Maisonettes,Established,Leasehold,23,,MAPLE MEWS,,LONDON,LAMBETH,GREATER LONDON,Standard,Addition,51.4239650000,-0.1193130000
83000,1999-06-30 00:00:00Z,SE27 0RR,Flats/Maisonettes,Established,Leasehold,118,FLAT B,ST JULIANS FARM ROAD,,LONDON,LAMBETH,GREATER LONDON,Standard,Addition,51.4284620000,-0.1119820000
29553,1999-08-31 00:00:00Z,SW16 2QN,Flats/Maisonettes,Established,Leasehold,BENHURST COURT,FLAT 21,LEIGHAM COURT ROAD,STREATHAM,LONDON,LAMBETH,GREATER LONDON,Standard,Addition,51.4242590000,-0.1152300000
46000,1999-05-05 00:00:00Z,SW16 2HS,Flats/Maisonettes,Established,Leasehold,19,FLAT 2,VALLEYFIELD ROAD,,LONDON,LAMBETH,GREATER LONDON,Standard,Addition,51.4270260000,-0.1189860000
46500,1999-01-22 00:00:00Z,SE27 0SG,Flats/Maisonettes,Established,Leasehold,7,,LEAF GROVE,,LONDON,LAMBETH,GREATER LONDON,Standard,Addition,51.4262300000,-0.1136390000
33000,1999-05-06 00:00:00Z,SW16 3HY,Flats/Maisonettes,Established,Leasehold,FERN LODGE,FLAT 30,CROWN LANE,,LONDON,LAMBETH,GREATER LONDON,Standard,Addition,51.4234740000,-0.1122420000
83000,1999-03-19 00:00:00Z,SE27 0SQ,Flats/Maisonettes,Established,Leasehold,103,FLAT 5,THORNLAW ROAD,,LONDON,LAMBETH,GREATER LONDON,Standard,Addition,51.4280790000,-0.1111740000
108000,1999-11-19 00:00:00Z,SW16 2QJ,Flats/Maisonettes,Established,Leasehold,11,,FAWCETT CLOSE,,LONDON,LAMBETH,GREATER LONDON,Standard,Addition,51.4275200000,-0.1149950000
199000,1999-06-22 00:00:00Z,SW16 2RB,Semi-Detached,Established,Freehold,208,,LEIGHAM COURT ROAD,,LONDON,LAMBETH,GREATER LONDON,Standard,Addition,51.4291160000,-0.1147280000
97000,1999-05-21 00:00:00Z,SW16 2AL,Flats/Maisonettes,Established,Leasehold,11,,MAPLE MEWS,,LONDON,LAMBETH,GREATER LONDON,Standard,Addition,51.4239650000,-0.1193130000
60000,1999-07-01 00:00:00Z,SW16 2QN,Flats/Maisonettes,Established,Leasehold,43,,BENHURST COURT,,LONDON,LAMBETH,GREATER LONDON,Standard,Addition,51.4242590000,-0.1152300000
53000,1999-06-10 00:00:00Z,SW16 2QP,Flats/Maisonettes,Established,Leasehold,"NORMAN COURT, 296",FLAT 9,LEIGHAM COURT ROAD,,LONDON,LAMBETH,GREATER LONDON,Standard,Addition,51.4251370000,-0.1144530000
180000,1999-11-25 00:00:00Z,SE27 0SF,Semi-Detached,Established,Freehold,4,,LEAF GROVE,,LONDON,LAMBETH,GREATER LONDON,Standard,Addition,51.4258010000,-0.1132680000
75000,1999-09-30 00:00:00Z,SW16 2SA,Flats/Maisonettes,Established,Leasehold,26,,CHARWOOD,,LONDON,LAMBETH,GREATER LONDON,Standard,Addition,51.4288190000,-0.1135890000
260000,2000-11-10 00:00:00Z,SW16 3EH,Terraced,Established,Freehold,82,,RYECROFT ROAD,,LONDON,CROYDON,GREATER LONDON,Standard,Addition,51.4218890000,-0.1120260000
73000,2000-09-28 00:00:00Z,SE27 0RR,Flats/Maisonettes,Established,Leasehold,120,FLAT 3,ST JULIANS FARM ROAD,,LONDON,LAMBETH,GREATER LONDON,Standard,Addition,51.4284620000,-0.1119820000
250000,2000-02-17 00:00:00Z,SW16 3HZ,Flats/Maisonettes,Established,Leasehold,30,,CROWN LANE GARDENS,,LONDON,LAMBETH,GREATER LONDON,Standard,Addition,51.4235080000,-0.1104850000
81000,2000-01-28 00:00:00Z,SE27 0SQ,Flats/Maisonettes,Established,Leasehold,105,FLAT 4,THORNLAW ROAD,,LONDON,LAMBETH,GREATER LONDON,Standard,Addition,51.4280790000,-0.1111740000
127000,2000-12-01 00:00:00Z,SE27 0RL,Terraced,Established,Leasehold,28,,THURLBY ROAD,,LONDON,LAMBETH,GREATER LONDON,Standard,Addition,51.4298910000,-0.1108980000
277000,2000-04-03 00:00:00Z,SW16 3EH,Detached,Established,Freehold,80,,RYECROFT ROAD,,LONDON,LAMBETH,GREATER LONDON,Standard,Addition,51.4218890000,-0.1120260000
56250,2000-07-07 00:00:00Z,SE27 0SB,Flats/Maisonettes,Established,Leasehold,106B,,THORNLAW ROAD,,LONDON,LAMBETH,GREATER LONDON,Standard,Addition,51.4277640000,-0.1106410000
150000,2000-03-24 00:00:00Z,SE27 0RW,Flats/Maisonettes,Established,Leasehold,29,FLAT 2,UFFINGTON ROAD,,LONDON,LAMBETH,GREATER LONDON,Standard,Addition,51.4296860000,-0.1121730000
83000,2000-07-28 00:00:00Z,SW16 2QN,Flats/Maisonettes,Established,Leasehold,10,,BENHURST COURT,,LONDON,LAMBETH,GREATER LONDON,Standard,Addition,51.4242590000,-0.1152300000
87500,2000-10-21 00:00:00Z,SW16 2AL,Flats/Maisonettes,Established,Leasehold,26,,MAPLE MEWS,,LONDON,LAMBETH,GREATER LONDON,Standard,Addition,51.4239650000,-0.1193130000
140000,2000-03-24 00:00:00Z,SW16 2XR,Flats/Maisonettes,Established,Leasehold,86,,VALLEY ROAD,,LONDON,LAMBETH,GREATER LONDON,Standard,Addition,51.4299830000,-0.1194110000
129950,2000-05-05 00:00:00Z,SE27 0TA,Flats/Maisonettes,Established,Leasehold,143,,CASEWICK ROAD,,LONDON,LAMBETH,GREATER LONDON,Standard,Addition,51.4270080000,-0.1105570000
63000,2000-09-26 00:00:00Z,SW16 3RE,Flats/Maisonettes,Established,Leasehold,LABURNUM COURT,FLAT 12,LEIGHAM COURT ROAD,,LONDON,LAMBETH,GREATER LONDON,Standard,Addition,51.4237970000,-0.1128900000
180000,2000-08-04 00:00:00Z,SW16 2QP,Flats/Maisonettes,Established,Leasehold,286,FLAT 5,LEIGHAM COURT ROAD,,LONDON,LAMBETH,GREATER LONDON,Standard,Addition,51.4251370000,-0.1144530000
95000,2000-06-01 00:00:00Z,SE27 0SQ,Flats/Maisonettes,Established,Leasehold,105,FLAT 3,THORNLAW ROAD,,LONDON,LAMBETH,GREATER LONDON,Standard,Addition,51.4280790000,-0.1111740000
170000,2000-07-28 00:00:00Z,SW16 2XR,Flats/Maisonettes,Established,Leasehold,110,,VALLEY ROAD,,LONDON,LAMBETH,GREATER LONDON,Standard,Addition,51.4299830000,-0.1194110000
89250,2000-03-08 00:00:00Z,SW16 2SA,Flats/Maisonettes,Established,Leasehold,1,,CHARWOOD,,LONDON,LAMBETH,GREATER LONDON,Standard,Addition,51.4288190000,-0.1135890000
103500,2000-06-21 00:00:00Z,SW16 3HZ,Flats/Maisonettes,Established,Leasehold,24,,CROWN LANE GARDENS,,LONDON,LAMBETH,GREATER LONDON,Standard,Addition,51.4235080000,-0.1104850000
79950,2000-05-11 00:00:00Z,SW16 2QN,Flats/Maisonettes,Established,Leasehold,14,,BENHURST COURT,,LONDON,LAMBETH,GREATER LONDON,Standard,Addition,51.4242590000,-0.1152300000
310000,2000-06-29 00:00:00Z,SW16 3EN,Detached,Established,Freehold,75,,RYECROFT ROAD,,LONDON,CROYDON,GREATER LONDON,Standard,Addition,51.4214440000,-0.1135070000
112000,2000-08-14 00:00:00Z,SW16 2AL,Flats/Maisonettes,Established,Leasehold,2,,MAPLE MEWS,,LONDON,LAMBETH,GREATER LONDON,Standard,Addition,51.4239650000,-0.1193130000
91500,2000-03-30 00:00:00Z,SW16 2SA,Flats/Maisonettes,Established,Leasehold,14,,CHARWOOD,,LONDON,LAMBETH,GREATER LONDON,Standard,Addition,51.4288190000,-0.1135890000
99000,2000-09-15 00:00:00Z,SW16 2QW,Flats/Maisonettes,Established,Leasehold,67,,BENHURST COURT,,LONDON,LAMBETH,GREATER LONDON,Standard,Addition,51.4250100000,-0.1155010000
60000,2000-07-26 00:00:00Z,SW16 3RG,Flats/Maisonettes,Established,Leasehold,12,,SYCAMORE COURT,,LONDON,LAMBETH,GREATER LONDON,Standard,Addition,51.4239430000,-0.1140200000
159000,2000-03-17 00:00:00Z,SE27 0SD,Terraced,Established,Freehold,29,,LAMBERHURST ROAD,,LONDON,LAMBETH,GREATER LONDON,Standard,Addition,51.4258800000,-0.1119990000
100000,2000-12-22 00:00:00Z,SW16 2SA,Terraced,Established,Leasehold,27,,CHARWOOD,,LONDON,LAMBETH,GREATER LONDON,Standard,Addition,51.4288190000,-0.1135890000
160500,2000-04-26 00:00:00Z,SW16 2QR,Semi-Detached,Established,Freehold,266,,LEIGHAM COURT ROAD,,LONDON,LAMBETH,GREATER LONDON,Standard,Addition,51.4263530000,-0.1145680000
102000,2000-06-13 00:00:00Z,SW16 2QJ,Flats/Maisonettes,Established,Leasehold,23,,FAWCETT CLOSE,,LONDON,LAMBETH,GREATER LONDON,Standard,Addition,51.4275200000,-0.1149950000
168000,2000-04-12 00:00:00Z,SW16 2XR,Flats/Maisonettes,Established,Leasehold,158,,VALLEY ROAD,,LONDON,LAMBETH,GREATER LONDON,Standard,Addition,51.4299830000,-0.1194110000
235000,2000-04-25 00:00:00Z,SW16 2HS,Semi-Detached,Established,Freehold,53,,VALLEYFIELD ROAD,,LONDON,LAMBETH,GREATER LONDON,Standard,Addition,51.4270260000,-0.1189860000
167000,2000-10-30 00:00:00Z,SW16 2XR,Flats/Maisonettes,Established,Leasehold,132,,VALLEY ROAD,,LONDON,LAMBETH,GREATER LONDON,Standard,Addition,51.4299830000,-0.1194110000
110000,2000-09-22 00:00:00Z,SW16 2QP,Flats/Maisonettes,Established,Leasehold,290,FLAT 2,LEIGHAM COURT ROAD,,LONDON,LAMBETH,GREATER LONDON,Standard,Addition,51.4251370000,-0.1144530000
210000,2000-08-11 00:00:00Z,SE27 0SE,Terraced,Established,Freehold,82,,LAMBERHURST ROAD,,LONDON,LAMBETH,GREATER LONDON,Standard,Addition,51.4266910000,-0.1126870000
119000,2000-06-27 00:00:00Z,SW16 2AL,Flats/Maisonettes,Established,Leasehold,18,,MAPLE MEWS,,LONDON,LAMBETH,GREATER LONDON,Standard,Addition,51.4239650000,-0.1193130000
79950,2000-06-23 00:00:00Z,SW16 2QN,Flats/Maisonettes,New Build,Leasehold,32,,BENHURST COURT,,LONDON,LAMBETH,GREATER LONDON,Standard,Addition,51.4242590000,-0.1152300000
93000,2000-09-29 00:00:00Z,SW16 2QN,Flats/Maisonettes,Established,Leasehold,35,,BENHURST COURT,,LONDON,LAMBETH,GREATER LONDON,Standard,Addition,51.4242590000,-0.1152300000
95000,2000-11-24 00:00:00Z,SW16 3RG,Flats/Maisonettes,Established,Leasehold,12,,SYCAMORE COURT,,LONDON,LAMBETH,GREATER LONDON,Standard,Addition,51.4239430000,-0.1140200000
98000,2000-07-21 00:00:00Z,SW16 2SA,Flats/Maisonettes,Established,Leasehold,2,,CHARWOOD,,LONDON,LAMBETH,GREATER LONDON,Standard,Addition,51.4288190000,-0.1135890000
98000,2000-03-17 00:00:00Z,SE27 0TA,Flats/Maisonettes,Established,Leasehold,87,FIRST FLOOR FLAT,CASEWICK ROAD,,LONDON,LAMBETH,GREATER LONDON,Standard,Addition,51.4270080000,-0.1105570000
95000,2000-10-27 00:00:00Z,SW16 2SA,Flats/Maisonettes,Established,Leasehold,5,,CHARWOOD,,LONDON,LAMBETH,GREATER LONDON,Standard,Addition,51.4288190000,-0.1135890000
291000,2000-09-07 00:00:00Z,SW16 3BY,Semi-Detached,Established,Freehold,213,,COVINGTON WAY,,LONDON,LAMBETH,GREATER LONDON,Standard,Addition,51.4204490000,-0.1187950000
179950,2000-06-30 00:00:00Z,SW16 2XR,Flats/Maisonettes,Established,Leasehold,90,,VALLEY ROAD,,LONDON,LAMBETH,GREATER LONDON,Standard,Addition,51.4299830000,-0.1194110000
142000,2000-07-21 00:00:00Z,SE27 0TA,Flats/Maisonettes,Established,Leasehold,175,,CASEWICK ROAD,,LONDON,LAMBETH,GREATER LONDON,Standard,Addition,51.4270080000,-0.1105570000
89950,2000-04-28 00:00:00Z,SE27 0SQ,Flats/Maisonettes,Established,Leasehold,103,FLAT 4,THORNLAW ROAD,,LONDON,LAMBETH,GREATER LONDON,Standard,Addition,51.4280790000,-0.1111740000
90000,2000-03-10 00:00:00Z,SW16 2RX,Flats/Maisonettes,Established,Leasehold,329A,,LEIGHAM COURT ROAD,,LONDON,LAMBETH,GREATER LONDON,Standard,Addition,51.4269810000,-0.1139380000
85995,2000-03-17 00:00:00Z,SW16 2QN,Flats/Maisonettes,Established,Leasehold,33,,BENHURST COURT,,LONDON,LAMBETH,GREATER LONDON,Standard,Addition,51.4242590000,-0.1152300000
86000,2000-08-17 00:00:00Z,SW16 2RX,Flats/Maisonettes,Established,Leasehold,331A,,LEIGHAM COURT ROAD,,LONDON,LAMBETH,GREATER LONDON,Standard,Addition,51.4269810000,-0.1139380000
125000,2000-09-08 00:00:00Z,SW16 2QJ,Flats/Maisonettes,Established,Leasehold,17,,FAWCETT CLOSE,,LONDON,LAMBETH,GREATER LONDON,Standard,Addition,51.4275200000,-0.1149950000
99000,2000-08-25 00:00:00Z,SW16 2SA,Flats/Maisonettes,Established,Leasehold,13,,CHARWOOD,,LONDON,LAMBETH,GREATER LONDON,Standard,Addition,51.4288190000,-0.1135890000
86000,2000-10-02 00:00:00Z,SW16 2QP,Flats/Maisonettes,Established,Leasehold,"NORMAN COURT, 296",FLAT 6,LEIGHAM COURT ROAD,,LONDON,LAMBETH,GREATER LONDON,Standard,Addition,51.4251370000,-0.1144530000
235000,2000-04-07 00:00:00Z,SE27 0SE,Terraced,Established,Freehold,26,,LAMBERHURST ROAD,,LONDON,LAMBETH,GREATER LONDON,Standard,Addition,51.4266910000,-0.1126870000
135000,2000-10-25 00:00:00Z,SE27 0RP,Flats/Maisonettes,Established,Leasehold,127A,,ST JULIANS FARM ROAD,,LONDON,LAMBETH,GREATER LONDON,Standard,Addition,51.4288140000,-0.1121370000
83000,2000-06-23 00:00:00Z,SW16 2SB,Flats/Maisonettes,Established,Leasehold,273,FLAT F,LEIGHAM COURT ROAD,,LONDON,LAMBETH,GREATER LONDON,Standard,Addition,51.4298960000,-0.1134870000
77500,2000-02-02 00:00:00Z,SW16 2HS,Flats/Maisonettes,Established,Leasehold,19,FLAT 2,VALLEYFIELD ROAD,,LONDON,LAMBETH,GREATER LONDON,Standard,Addition,51.4270260000,-0.1189860000
229500,2000-07-07 00:00:00Z,SE27 0LH,Semi-Detached,Established,Freehold,27,,GREENHURST ROAD,,LONDON,LAMBETH,GREATER LONDON,Standard,Addition,51.4257620000,-0.1113850000
85000,2000-09-22 00:00:00Z,SW16 2QW,Flats/Maisonettes,Established,Leasehold,72,,BENHURST COURT,,LONDON,LAMBETH,GREATER LONDON,Standard,Addition,51.4250100000,-0.1155010000
150000,2000-12-08 00:00:00Z,SW16 2RB,Semi-Detached,Established,Freehold,194,,LEIGHAM COURT ROAD,,LONDON,LAMBETH,GREATER LONDON,Standard,Addition,51.4291160000,-0.1147280000
89900,2000-09-25 00:00:00Z,SW16 2AL,Flats/Maisonettes,Established,Leasehold,24,,MAPLE MEWS,,LONDON,LAMBETH,GREATER LONDON,Standard,Addition,51.4239650000,-0.1193130000
214000,2000-05-15 00:00:00Z,SW16 2QJ,Semi-Detached,Established,Freehold,55,,FAWCETT CLOSE,,LONDON,LAMBETH,GREATER LONDON,Standard,Addition,51.4275200000,-0.1149950000
167000,2000-04-07 00:00:00Z,SE27 0LH,Terraced,Established,Freehold,12,,GREENHURST ROAD,,LONDON,LAMBETH,GREATER LONDON,Standard,Addition,51.4257620000,-0.1113850000
60000,2000-12-15 00:00:00Z,SE27 0SB,Flats/Maisonettes,Established,Leasehold,108B,,THORNLAW ROAD,,LONDON,LAMBETH,GREATER LONDON,Standard,Addition,51.4277640000,-0.1106410000
235000,2000-07-28 00:00:00Z,SE27 0TA,Terraced,Established,Freehold,119,,CASEWICK ROAD,,LONDON,LAMBETH,GREATER LONDON,Standard,Addition,51.4270080000,-0.1105570000
210000,2000-08-24 00:00:00Z,SE27 0TA,Terraced,Established,Freehold,115,,CASEWICK ROAD,,LONDON,LAMBETH,GREATER LONDON,Standard,Addition,51.4270080000,-0.1105570000
85000,2000-08-17 00:00:00Z,SW16 3RG,Flats/Maisonettes,Established,Leasehold,12,,SYCAMORE COURT,,LONDON,LAMBETH,GREATER LONDON,Standard,Addition,51.4239430000,-0.1140200000
250000,2000-08-30 00:00:00Z,SW16 3BY,Terraced,Established,Freehold,203,,COVINGTON WAY,,LONDON,LAMBETH,GREATER LONDON,Standard,Addition,51.4204490000,-0.1187950000
55000,2000-03-10 00:00:00Z,SW16 2QP,Flats/Maisonettes,Established,Leasehold,"NORMAN COURT, 296",FLAT 10,LEIGHAM COURT ROAD,STREATHAM,LONDON,LAMBETH,GREATER LONDON,Standard,Addition,51.4251370000,-0.1144530000
75000,2000-10-25 00:00:00Z,SW16 2QP,Flats/Maisonettes,Established,Leasehold,"NORMAN COURT, 296",FLAT 7,LEIGHAM COURT ROAD,,LONDON,LAMBETH,GREATER LONDON,Standard,Addition,51.4251370000,-0.1144530000
96500,2000-03-17 00:00:00Z,SW16 2AH,Terraced,Established,Freehold,12,,WELL CLOSE,,LONDON,LAMBETH,GREATER LONDON,Standard,Addition,51.4278920000,-0.1191370000
162500,2000-05-10 00:00:00Z,SW16 2HR,Semi-Detached,Established,Freehold,12,,VALLEYFIELD ROAD,,LONDON,LAMBETH,GREATER LONDON,Standard,Addition,51.4262880000,-0.1194760000
85500,2000-08-14 00:00:00Z,SW16 2QW,Flats/Maisonettes,Established,Leasehold,56,,BENHURST COURT,,LONDON,LAMBETH,GREATER LONDON,Standard,Addition,51.4250100000,-0.1155010000
210000,2000-12-14 00:00:00Z,SE27 0SD,Semi-Detached,Established,Freehold,63,,LAMBERHURST ROAD,,LONDON,LAMBETH,GREATER LONDON,Standard,Addition,51.4258800000,-0.1119990000
139950,2000-04-27 00:00:00Z,SW16 2QP,Flats/Maisonettes,Established,Leasehold,290,FLAT 4,LEIGHAM COURT ROAD,,LONDON,LAMBETH,GREATER LONDON,Standard,Addition,51.4251370000,-0.1144530000
180000,2000-11-10 00:00:00Z,SW16 2XR,Flats/Maisonettes,Established,Freehold,98,,VALLEY ROAD,,LONDON,LAMBETH,GREATER LONDON,Standard,Addition,51.4299830000,-0.1194110000
82000,2000-11-24 00:00:00Z,SE27 0SB,Flats/Maisonettes,Established,Leasehold,110,FLAT E,THORNLAW ROAD,,LONDON,LAMBETH,GREATER LONDON,Standard,Addition,51.4277640000,-0.1106410000
90000,2000-03-30 00:00:00Z,SW16 2SA,Flats/Maisonettes,Established,Leasehold,17,,CHARWOOD,,LONDON,LAMBETH,GREATER LONDON,Standard,Addition,51.4288190000,-0.1135890000
180000,2000-11-10 00:00:00Z,SW16 2XR,Flats/Maisonettes,Established,Leasehold,100,,VALLEY ROAD,,LONDON,LAMBETH,GREATER LONDON,Standard,Addition,51.4299830000,-0.1194110000
93000,2000-02-29 00:00:00Z,SE27 0SB,Flats/Maisonettes,Established,Leasehold,106,FLAT C,THORNLAW ROAD,,LONDON,LAMBETH,GREATER LONDON,Standard,Addition,51.4277640000,-0.1106410000
148500,2000-10-13 00:00:00Z,SE27 0RR,Flats/Maisonettes,Established,Leasehold,118,FLAT 1,ST JULIANS FARM ROAD,,LONDON,LAMBETH,GREATER LONDON,Standard,Addition,51.4284620000,-0.1119820000
78000,2001-04-09 00:00:00Z,SW16 2QW,Flats/Maisonettes,Established,Leasehold,54,,BENHURST COURT,LONDON,LONDON,LAMBETH,GREATER LONDON,Standard,Addition,51.4250100000,-0.1155010000
84000,2001-08-01 00:00:00Z,SE27 0RR,Flats/Maisonettes,Established,Leasehold,122,FLAT 4,ST JULIANS FARM ROAD,LONDON,LONDON,LAMBETH,GREATER LONDON,Standard,Addition,51.4284620000,-0.1119820000
87000,2001-11-27 00:00:00Z,SE27 0SG,Flats/Maisonettes,Established,Leasehold,13,,LEAF GROVE,LONDON,LONDON,LAMBETH,GREATER LONDON,Standard,Addition,51.4262300000,-0.1136390000
92000,2001-03-22 00:00:00Z,SW16 2QN,Flats/Maisonettes,Established,Leasehold,25,,BENHURST COURT,LONDON,LONDON,LAMBETH,GREATER LONDON,Standard,Addition,51.4242590000,-0.1152300000
285000,2001-09-14 00:00:00Z,SE27 0TA,Terraced,Established,Freehold,187,,CASEWICK ROAD,LONDON,LONDON,LAMBETH,GREATER LONDON,Standard,Addition,51.4270080000,-0.1105570000
139950,2001-08-24 00:00:00Z,SW16 2QJ,Flats/Maisonettes,Established,Leasehold,8,,FAWCETT CLOSE,LONDON,LONDON,LAMBETH,GREATER LONDON,Standard,Addition,51.4275200000,-0.1149950000
96500,2001-10-12 00:00:00Z,SW16 2QP,Flats/Maisonettes,Established,Leasehold,"NORMAN COURT, 296",FLAT 5,LEIGHAM COURT ROAD,LONDON,LONDON,LAMBETH,GREATER LONDON,Standard,Addition,51.4251370000,-0.1144530000
118000,2001-05-29 00:00:00Z,SW16 2QJ,Flats/Maisonettes,Established,Leasehold,32,,FAWCETT CLOSE,LONDON,LONDON,LAMBETH,GREATER LONDON,Standard,Addition,51.4275200000,-0.1149950000
362000,2001-07-16 00:00:00Z,SW16 2QR,Terraced,Established,Freehold,274,,LEIGHAM COURT ROAD,LONDON,LONDON,LAMBETH,GREATER LONDON,Standard,Addition,51.4263530000,-0.1145680000
217000,2001-07-27 00:00:00Z,SE27 0TA,Terraced,Established,Freehold,133,,CASEWICK ROAD,LONDON,LONDON,LAMBETH,GREATER LONDON,Standard,Addition,51.4270080000,-0.1105570000
142500,2001-06-01 00:00:00Z,SE27 0RL,Flats/Maisonettes,Established,Leasehold,32,,THURLBY ROAD,LONDON,LONDON,LAMBETH,GREATER LONDON,Standard,Addition,51.4298910000,-0.1108980000
141500,2001-07-04 00:00:00Z,SW16 2QP,Flats/Maisonettes,Established,Leasehold,290,FLAT 1,LEIGHAM COURT ROAD,LONDON,LONDON,LAMBETH,GREATER LONDON,Standard,Addition,51.4251370000,-0.1144530000
195000,2001-10-18 00:00:00Z,SE27 0TA,Terraced,Established,Freehold,113,,CASEWICK ROAD,LONDON,LONDON,LAMBETH,GREATER LONDON,Standard,Addition,51.4270080000,-0.1105570000
106000,2001-12-20 00:00:00Z,SW16 2AL,Flats/Maisonettes,Established,Leasehold,30,,MAPLE MEWS,LONDON,LONDON,LAMBETH,GREATER LONDON,Standard,Addition,51.4239650000,-0.1193130000
249950,2001-10-09 00:00:00Z,SW16 2RY,Semi-Detached,Established,Freehold,11,,ST JULIANS CLOSE,LONDON,LONDON,LAMBETH,GREATER LONDON,Standard,Addition,51.4275110000,-0.1133410000
135000,2001-08-24 00:00:00Z,SW16 2QJ,Flats/Maisonettes,Established,Leasehold,19,,FAWCETT CLOSE,LONDON,LONDON,LAMBETH,GREATER LONDON,Standard,Addition,51.4275200000,-0.1149950000
80000,2001-11-30 00:00:00Z,SE27 0SE,Semi-Detached,Established,Freehold,44,,LAMBERHURST ROAD,LONDON,LONDON,LAMBETH,GREATER LONDON,Standard,Addition,51.4266910000,-0.1126870000
97500,2001-08-31 00:00:00Z,SW16 2QN,Flats/Maisonettes,Established,Leasehold,20,,BENHURST COURT,LONDON,LONDON,LAMBETH,GREATER LONDON,Standard,Addition,51.4242590000,-0.1152300000
84800,2001-04-12 00:00:00Z,SW16 2QW,Flats/Maisonettes,Established,Leasehold,61,,BENHURST COURT,LONDON,LONDON,LAMBETH,GREATER LONDON,Standard,Addition,51.4250100000,-0.1155010000
455000,2001-12-21 00:00:00Z,SW16 3HA,Terraced,New Build,Freehold,49,,HENRY TATE MEWS,LONDON,LONDON,LAMBETH,GREATER LONDON,Standard,Addition,51.4248220000,-0.1167030000
141000,2001-10-18 00:00:00Z,SE27 0SQ,Flats/Maisonettes,Established,Leasehold,103,FLAT 5,THORNLAW ROAD,LONDON,LONDON,LAMBETH,GREATER LONDON,Standard,Addition,51.4280790000,-0.1111740000
245000,2001-08-02 00:00:00Z,SE27 0SE,Semi-Detached,Established,Freehold,36,,LAMBERHURST ROAD,LONDON,LONDON,LAMBETH,GREATER LONDON,Standard,Addition,51.4266910000,-0.1126870000
146000,2001-10-30 00:00:00Z,SW16 3HZ,Flats/Maisonettes,Established,Leasehold,34,,CROWN LANE GARDENS,LONDON,LONDON,LAMBETH,GREATER LONDON,Standard,Addition,51.4235080000,-0.1104850000
345000,2001-02-16 00:00:00Z,SW16 3JE,Semi-Detached,Established,Freehold,45,,CROWN LANE,LONDON,LONDON,CROYDON,GREATER LONDON,Standard,Addition,51.4228820000,-0.1101520000
135000,2001-08-24 00:00:00Z,SW16 2QJ,Flats/Maisonettes,Established,Leasehold,14,,FAWCETT CLOSE,LONDON,LONDON,LAMBETH,GREATER LONDON,Standard,Addition,51.4275200000,-0.1149950000
318000,2001-10-05 00:00:00Z,SW16 2RX,Detached,Established,Freehold,307,,LEIGHAM COURT ROAD,LONDON,LONDON,LAMBETH,GREATER LONDON,Standard,Addition,51.4269810000,-0.1139380000
132000,2001-03-30 00:00:00Z,SW16 2AL,Flats/Maisonettes,Established,Leasehold,36,,MAPLE MEWS,LONDON,LONDON,LAMBETH,GREATER LONDON,Standard,Addition,51.4239650000,-0.1193130000
212000,2001-09-11 00:00:00Z,SW16 2RY,Semi-Detached,Established,Freehold,1,,ST JULIANS CLOSE,LONDON,LONDON,LAMBETH,GREATER LONDON,Standard,Addition,51.4275110000,-0.1133410000
90000,2001-12-28 00:00:00Z,SW16 2QN,Flats/Maisonettes,Established,Leasehold,1,,BENHURST COURT,LONDON,LONDON,LAMBETH,GREATER LONDON,Standard,Addition,51.4242590000,-0.1152300000
174995,2001-05-14 00:00:00Z,SW16 2XR,Flats/Maisonettes,Established,Leasehold,152,,VALLEY ROAD,LONDON,LONDON,LAMBETH,GREATER LONDON,Standard,Addition,51.4299830000,-0.1194110000
240000,2001-08-24 00:00:00Z,SW16 2QJ,Terraced,Established,Freehold,4,,FAWCETT CLOSE,LONDON,LONDON,LAMBETH,GREATER LONDON,Standard,Addition,51.4275200000,-0.1149950000
98000,2001-05-25 00:00:00Z,SE27 0SG,Flats/Maisonettes,Established,Leasehold,19,,LEAF GROVE,LONDON,LONDON,LAMBETH,GREATER LONDON,Standard,Addition,51.4262300000,-0.1136390000
132000,2001-07-31 00:00:00Z,SW16 2QJ,Flats/Maisonettes,Established,Leasehold,28,,FAWCETT CLOSE,LONDON,LONDON,LAMBETH,GREATER LONDON,Standard,Addition,51.4275200000,-0.1149950000
105000,2001-06-15 00:00:00Z,SW16 2AL,Flats/Maisonettes,Established,Leasehold,4,,MAPLE MEWS,LONDON,LONDON,LAMBETH,GREATER LONDON,Standard,Addition,51.4239650000,-0.1193130000
131000,2001-08-17 00:00:00Z,SW16 2AL,Flats/Maisonettes,Established,Leasehold,10,,MAPLE MEWS,LONDON,LONDON,LAMBETH,GREATER LONDON,Standard,Addition,51.4239650000,-0.1193130000
269995,2001-06-29 00:00:00Z,SW16 3HA,Terraced,Established,Freehold,15,,HENRY TATE MEWS,LONDON,LONDON,LAMBETH,GREATER LONDON,Standard,Addition,51.4248220000,-0.1167030000
335000,2001-08-29 00:00:00Z,SW16 2HX,Detached,Established,Freehold,95,,VALLEYFIELD ROAD,LONDON,LONDON,LAMBETH,GREATER LONDON,Standard,Addition,51.4263370000,-0.1158210000
130000,2001-10-12 00:00:00Z,SW16 2AL,Flats/Maisonettes,Established,Leasehold,27,,MAPLE MEWS,LONDON,LONDON,LAMBETH,GREATER LONDON,Standard,Addition,51.4239650000,-0.1193130000
131000,2001-12-14 00:00:00Z,SW16 2SA,Flats/Maisonettes,Established,Leasehold,3,,CHARWOOD,LONDON,LONDON,LAMBETH,GREATER LONDON,Standard,Addition,51.4288190000,-0.1135890000
110000,2001-06-29 00:00:00Z,SW16 2RX,Flats/Maisonettes,Established,Leasehold,327 - 331,FLAT 1,LEIGHAM COURT ROAD,LONDON,LONDON,LAMBETH,GREATER LONDON,Standard,Addition,51.4269810000,-0.1139380000
450000,2001-10-09 00:00:00Z,SW16 3HA,Terraced,New Build,Freehold,21,,HENRY TATE MEWS,LONDON,LONDON,LAMBETH,GREATER LONDON,Standard,Addition,51.4248220000,-0.1167030000
96000,2001-09-27 00:00:00Z,SE27 0RR,Flats/Maisonettes,Established,Leasehold,120,FLAT 5,ST JULIANS FARM ROAD,LONDON,LONDON,LAMBETH,GREATER LONDON,Standard,Addition,51.4284620000,-0.1119820000
92500,2001-04-12 00:00:00Z,SW16 2UD,Terraced,Established,Freehold,34,,SOUTH OAK ROAD,,LONDON,LAMBETH,GREATER LONDON,Standard,Addition,51.4294780000,-0.1174480000
268000,2001-08-16 00:00:00Z,SW16 2QU,Semi-Detached,Established,Freehold,25,,SPRINGWELL ROAD,LONDON,LONDON,LAMBETH,GREATER LONDON,Standard,Addition,51.4271190000,-0.1163490000
139000,2001-05-09 00:00:00Z,SW16 2XR,Flats/Maisonettes,Established,Leasehold,118,,VALLEY ROAD,LONDON,LONDON,LAMBETH,GREATER LONDON,Standard,Addition,51.4299830000,-0.1194110000
107000,2001-06-01 00:00:00Z,SW16 2RX,Flats/Maisonettes,Established,Leasehold,"VENITA MANOR, 317",FLAT G,LEIGHAM COURT ROAD,LONDON,LONDON,LAMBETH,GREATER LONDON,Standard,Addition,51.4269810000,-0.1139380000
148000,2001-08-15 00:00:00Z,SW16 2QJ,Flats/Maisonettes,Established,Leasehold,37,,FAWCETT CLOSE,LONDON,LONDON,LAMBETH,GREATER LONDON,Standard,Addition,51.4275200000,-0.1149950000
137500,2001-11-07 00:00:00Z,SE27 0RP,Flats/Maisonettes,Established,Leasehold,111,FLAT 2,ST JULIANS FARM ROAD,LONDON,LONDON,LAMBETH,GREATER LONDON,Standard,Addition,51.4288140000,-0.1121370000
175000,2001-12-21 00:00:00Z,SE27 0SD,Terraced,Established,Freehold,33,,LAMBERHURST ROAD,LONDON,LONDON,LAMBETH,GREATER LONDON,Standard,Addition,51.4258800000,-0.1119990000
98000,2001-10-01 00:00:00Z,SW16 3QU,Flats/Maisonettes,Established,Leasehold,8,,ALDER COURT,LONDON,LONDON,LAMBETH,GREATER LONDON,Standard,Addition,51.4244620000,-0.1138840000
127500,2001-09-28 00:00:00Z,SW16 2RT,Flats/Maisonettes,Established,Leasehold,8,,CHESTNUT CLOSE,LONDON,LONDON,LAMBETH,GREATER LONDON,Standard,Addition,51.4295570000,-0.1136600000
485000,2001-10-26 00:00:00Z,SW16 3HA,Terraced,New Build,Freehold,20,,HENRY TATE MEWS,LONDON,LONDON,LAMBETH,GREATER LONDON,Standard,Addition,51.4248220000,-0.1167030000
357000,2001-11-23 00:00:00Z,SW16 2HZ,Semi-Detached,Established,Freehold,23,,BELLTREES GROVE,LONDON,LONDON,LAMBETH,GREATER LONDON,Standard,Addition,51.4255500000,-0.1172480000
185000,2001-02-16 00:00:00Z,SE27 0SD,Terraced,Established,Freehold,49,,LAMBERHURST ROAD,LONDON,LONDON,LAMBETH,GREATER LONDON,Standard,Addition,51.4258800000,-0.1119990000
69950,2001-08-24 00:00:00Z,SW16 3HY,Flats/Maisonettes,Established,Leasehold,FERN LODGE,FLAT 30,CROWN LANE,LONDON,LONDON,LAMBETH,GREATER LONDON,Standard,Addition,51.4234740000,-0.1122420000
105000,2001-05-08 00:00:00Z,SW16 2AL,Flats/Maisonettes,Established,Leasehold,28,,MAPLE MEWS,LONDON,LONDON,LAMBETH,GREATER LONDON,Standard,Addition,51.4239650000,-0.1193130000
139000,2001-06-18 00:00:00Z,SE27 0TA,Flats/Maisonettes,Established,Leasehold,147,,CASEWICK ROAD,LONDON,LONDON,LAMBETH,GREATER LONDON,Standard,Addition,51.4270080000,-0.1105570000
110000,2001-10-12 00:00:00Z,SW16 2QP,Flats/Maisonettes,Established,Leasehold,"NORMAN COURT, 296",FLAT 12,LEIGHAM COURT ROAD,LONDON,LONDON,LAMBETH,GREATER LONDON,Standard,Addition,51.4251370000,-0.1144530000
88000,2001-06-11 00:00:00Z,SW16 2QS,Flats/Maisonettes,Established,Leasehold,9,,NORMINGTON CLOSE,LONDON,LONDON,LAMBETH,GREATER LONDON,Standard,Addition,51.4268020000,-0.1153450000
415000,2001-11-23 00:00:00Z,SW16 3HA,Terraced,New Build,Freehold,47,,HENRY TATE MEWS,LONDON,LONDON,LAMBETH,GREATER LONDON,Standard,Addition,51.4248220000,-0.1167030000
77000,2001-05-01 00:00:00Z,SW16 2QN,Flats/Maisonettes,Established,Leasehold,42,,BENHURST COURT,LONDON,LONDON,LAMBETH,GREATER LONDON,Standard,Addition,51.4242590000,-0.1152300000
116000,2001-01-12 00:00:00Z,SE27 0RR,Flats/Maisonettes,Established,Leasehold,120,FLAT 2,ST JULIANS FARM ROAD,LONDON,LONDON,LAMBETH,GREATER LONDON,Standard,Addition,51.4284620000,-0.1119820000
102000,2001-05-21 00:00:00Z,SW16 2QN,Flats/Maisonettes,Established,Leasehold,38,,BENHURST COURT,LONDON,LONDON,LAMBETH,GREATER LONDON,Standard,Addition,51.4242590000,-0.1152300000
180000,2001-08-10 00:00:00Z,SW16 2XR,Flats/Maisonettes,Established,Leasehold,126,,VALLEY ROAD,LONDON,LONDON,LAMBETH,GREATER LONDON,Standard,Addition,51.4299830000,-0.1194110000
355000,2001-09-28 00:00:00Z,SW16 3HA,Terraced,New Build,Freehold,13,,HENRY TATE MEWS,LONDON,LONDON,LAMBETH,GREATER LONDON,Standard,Addition,51.4248220000,-0.1167030000
184000,2001-12-13 00:00:00Z,SW16 2XR,Flats/Maisonettes,Established,Leasehold,110,,VALLEY ROAD,LONDON,LONDON,LAMBETH,GREATER LONDON,Standard,Addition,51.4299830000,-0.1194110000
117000,2001-03-30 00:00:00Z,SW16 2QJ,Flats/Maisonettes,Established,Leasehold,26,,FAWCETT CLOSE,LONDON,LONDON,LAMBETH,GREATER LONDON,Standard,Addition,51.4275200000,-0.1149950000
235000,2001-02-28 00:00:00Z,SW16 2RY,Semi-Detached,Established,Freehold,10,,ST JULIANS CLOSE,LONDON,LONDON,LAMBETH,GREATER LONDON,Standard,Addition,51.4275110000,-0.1133410000
212000,2001-09-07 00:00:00Z,SW16 2HS,Detached,Established,Freehold,41,,VALLEYFIELD ROAD,LONDON,LONDON,LAMBETH,GREATER LONDON,Standard,Addition,51.4270260000,-0.1189860000
169950,2001-08-20 00:00:00Z,SW16 2XR,Flats/Maisonettes,Established,Leasehold,174,,VALLEY ROAD,LONDON,LONDON,LAMBETH,GREATER LONDON,Standard,Addition,51.4299830000,-0.1194110000
184000,2001-04-27 00:00:00Z,SE27 0LQ,Terraced,Established,Freehold,142,,CHEVIOT ROAD,LONDON,LONDON,LAMBETH,GREATER LONDON,Standard,Addition,51.4268010000,-0.1116870000
124000,2001-07-27 00:00:00Z,SW16 2RT,Terraced,Established,Leasehold,6,,CHESTNUT CLOSE,LONDON,LONDON,LAMBETH,GREATER LONDON,Standard,Addition,51.4295570000,-0.1136600000
159950,2001-06-25 00:00:00Z,SW16 2QJ,Terraced,Established,Freehold,48,,FAWCETT CLOSE,LONDON,LONDON,LAMBETH,GREATER LONDON,Standard,Addition,51.4275200000,-0.1149950000
98000,2001-12-03 00:00:00Z,SW16 3RE,Flats/Maisonettes,Established,Leasehold,LABURNUM COURT,FLAT 9,LEIGHAM COURT ROAD,LONDON,LONDON,LAMBETH,GREATER LONDON,Standard,Addition,51.4237970000,-0.1128900000
81000,2001-03-06 00:00:00Z,SW16 2SB,Flats/Maisonettes,Established,Leasehold,273,FLAT G,LEIGHAM COURT ROAD,LONDON,LONDON,LAMBETH,GREATER LONDON,Standard,Addition,51.4298960000,-0.1134870000
90000,2001-08-17 00:00:00Z,SW16 2SA,Flats/Maisonettes,Established,Leasehold,16,,CHARWOOD,LONDON,LONDON,LAMBETH,GREATER LONDON,Standard,Addition,51.4288190000,-0.1135890000
115000,2001-06-29 00:00:00Z,SE27 0SG,Flats/Maisonettes,Established,Leasehold,5,,LEAF GROVE,LONDON,LONDON,LAMBETH,GREATER LONDON,Standard,Addition,51.4262300000,-0.1136390000
58000,2001-03-02 00:00:00Z,SW16 2RZ,Flats/Maisonettes,Established,Leasehold,291,FLAT 6,LEIGHAM COURT ROAD,LONDON,LONDON,LAMBETH,GREATER LONDON,Standard,Addition,51.4281160000,-0.1140360000
108000,2001-07-31 00:00:00Z,SW16 2QN,Flats/Maisonettes,Established,Leasehold,17,,BENHURST COURT,LONDON,LONDON,LAMBETH,GREATER LONDON,Standard,Addition,51.4242590000,-0.1152300000
250000,2001-04-10 00:00:00Z,SW16 2HR,Semi-Detached,Established,Freehold,12,,VALLEYFIELD ROAD,LONDON,LONDON,LAMBETH,GREATER LONDON,Standard,Addition,51.4262880000,-0.1194760000
110000,2001-08-24 00:00:00Z,SW16 2RU,Semi-Detached,Established,Freehold,339,,LEIGHAM COURT ROAD,LONDON,LONDON,LAMBETH,GREATER LONDON,Standard,Addition,51.4254190000,-0.1135710000
126000,2001-02-09 00:00:00Z,SW16 2SG,Flats/Maisonettes,Established,Leasehold,3,,CHESTNUT CLOSE,LONDON,LONDON,LAMBETH,GREATER LONDON,Standard,Addition,51.4293770000,-0.1136530000
90500,2001-01-26 00:00:00Z,SE27 0TA,Flats/Maisonettes,Established,Leasehold,101,,CASEWICK ROAD,LONDON,LONDON,LAMBETH,GREATER LONDON,Standard,Addition,51.4270080000,-0.1105570000
43500,2001-01-31 00:00:00Z,SW16 2RZ,Flats/Maisonettes,Established,Leasehold,291,FLAT 2,LEIGHAM COURT ROAD,STREATHAM,LONDON,LAMBETH,GREATER LONDON,Standard,Addition,51.4281160000,-0.1140360000
248500,2001-03-30 00:00:00Z,SE27 0RW,Semi-Detached,Established,Freehold,15,,UFFINGTON ROAD,LONDON,LONDON,LAMBETH,GREATER LONDON,Standard,Addition,51.4296860000,-0.1121730000
200000,2001-06-29 00:00:00Z,SW16 2QJ,Semi-Detached,Established,Freehold,50,,FAWCETT CLOSE,LONDON,LONDON,LAMBETH,GREATER LONDON,Standard,Addition,51.4275200000,-0.1149950000
123000,2001-07-02 00:00:00Z,SE27 0RP,Semi-Detached,Established,Leasehold,127B,,ST JULIANS FARM ROAD,LONDON,LONDON,LAMBETH,GREATER LONDON,Standard,Addition,51.4288140000,-0.1121370000
177500,2001-03-29 00:00:00Z,SW16 2RB,Semi-Detached,Established,Freehold,194,,LEIGHAM COURT ROAD,LONDON,LONDON,LAMBETH,GREATER LONDON,Standard,Addition,51.4291160000,-0.1147280000
260000,2001-09-27 00:00:00Z,SW16 3BY,Detached,Established,Freehold,215,,COVINGTON WAY,LONDON,LONDON,LAMBETH,GREATER LONDON,Standard,Addition,51.4204490000,-0.1187950000
345000,2001-06-29 00:00:00Z,SW16 3HA,Terraced,New Build,Freehold,14,,HENRY TATE MEWS,LONDON,LONDON,LAMBETH,GREATER LONDON,Standard,Addition,51.4248220000,-0.1167030000
87500,2001-08-14 00:00:00Z,SW16 3RE,Flats/Maisonettes,Established,Leasehold,LABURNHAM COURT,FLAT 10,LEIGHAM COURT ROAD,STREATHAM,LONDON,LAMBETH,GREATER LONDON,Standard,Addition,51.4237970000,-0.1128900000
470000,2001-11-15 00:00:00Z,SW16 3HA,Terraced,New Build,Freehold,22,,HENRY TATE MEWS,LONDON,LONDON,LAMBETH,GREATER LONDON,Standard,Addition,51.4248220000,-0.1167030000
225000,2001-04-27 00:00:00Z,SE27 0SG,Detached,Established,Freehold,THE PANTILES,,LEAF GROVE,LONDON,LONDON,LAMBETH,GREATER LONDON,Standard,Addition,51.4262300000,-0.1136390000
138500,2001-11-08 00:00:00Z,SW16 2QJ,Flats/Maisonettes,Established,Leasehold,41,,FAWCETT CLOSE,LONDON,LONDON,LAMBETH,GREATER LONDON,Standard,Addition,51.4275200000,-0.1149950000
169000,2001-05-25 00:00:00Z,SW16 2XR,Flats/Maisonettes,Established,Unknown,176,,VALLEY ROAD,LONDON,LONDON,LAMBETH,GREATER LONDON,Standard,Addition,51.4299830000,-0.1194110000
120000,2001-07-30 00:00:00Z,SW16 2QJ,Flats/Maisonettes,Established,Leasehold,12,,FAWCETT CLOSE,LONDON,LONDON,LAMBETH,GREATER LONDON,Standard,Addition,51.4275200000,-0.1149950000
139995,2001-09-07 00:00:00Z,SE27 0RL,Semi-Detached,Established,Leasehold,16B,,THURLBY ROAD,LONDON,LONDON,LAMBETH,GREATER LONDON,Standard,Addition,51.4298910000,-0.1108980000
185000,2001-03-30 00:00:00Z,SE27 0SD,Semi-Detached,Established,Freehold,51,,LAMBERHURST ROAD,LONDON,LONDON,LAMBETH,GREATER LONDON,Standard,Addition,51.4258800000,-0.1119990000
276000,2001-04-02 00:00:00Z,SW16 3EL,Detached,Established,Freehold,3,,JERVISTON GARDENS,LONDON,LONDON,CROYDON,GREATER LONDON,Standard,Addition,51.4226250000,-0.1131400000
185000,2001-11-15 00:00:00Z,SW16 2QJ,Terraced,Established,Freehold,43,,FAWCETT CLOSE,LONDON,LONDON,LAMBETH,GREATER LONDON,Standard,Addition,51.4275200000,-0.1149950000
179950,2001-12-14 00:00:00Z,SW16 2QP,Flats/Maisonettes,Established,Leasehold,288,FLAT 5,LEIGHAM COURT ROAD,LONDON,LONDON,LAMBETH,GREATER LONDON,Standard,Addition,51.4251370000,-0.1144530000
86000,2001-03-05 00:00:00Z,SW16 2QW,Flats/Maisonettes,Established,Leasehold,66,,BENHURST COURT,LONDON,LONDON,LAMBETH,GREATER LONDON,Standard,Addition,51.4250100000,-0.1155010000
192500,2002-05-09 00:00:00Z,SW16 2XR,Flats/Maisonettes,Established,Leasehold,94,,VALLEY ROAD,LONDON,LONDON,LAMBETH,GREATER LONDON,Standard,Addition,51.4299830000,-0.1194110000
269000,2002-11-04 00:00:00Z,SE27 0SE,Semi-Detached,Established,Freehold,76,,LAMBERHURST ROAD,LONDON,LONDON,LAMBETH,GREATER LONDON,Standard,Addition,51.4266910000,-0.1126870000
165000,2002-12-19 00:00:00Z,SE27 0RL,Flats/Maisonettes,Established,Leasehold,24,,THURLBY ROAD,LONDON,LONDON,LAMBETH,GREATER LONDON,Standard,Addition,51.4298910000,-0.1108980000
292000,2002-09-20 00:00:00Z,SW16 2RB,Terraced,Established,Freehold,222,,LEIGHAM COURT ROAD,LONDON,LONDON,LAMBETH,GREATER LONDON,Standard,Addition,51.4291160000,-0.1147280000
130000,2002-04-05 00:00:00Z,SW16 2SA,Flats/Maisonettes,Established,Leasehold,30,,CHARWOOD,LONDON,LONDON,LAMBETH,GREATER LONDON,Standard,Addition,51.4288190000,-0.1135890000
337000,2002-10-22 00:00:00Z,SE27 0SF,Semi-Detached,Established,Freehold,2,,LEAF GROVE,LONDON,LONDON,LAMBETH,GREATER LONDON,Standard,Addition,51.4258010000,-0.1132680000
240000,2002-09-27 00:00:00Z,SE27 0RW,Semi-Detached,Established,Freehold,24,,UFFINGTON ROAD,LONDON,LONDON,LAMBETH,GREATER LONDON,Standard,Addition,51.4296860000,-0.1121730000
212500,2002-07-11 00:00:00Z,SE27 0LH,Terraced,Established,Freehold,12,,GREENHURST ROAD,LONDON,LONDON,LAMBETH,GREATER LONDON,Standard,Addition,51.4257620000,-0.1113850000
475000,2002-03-28 00:00:00Z,SW16 3HA,Terraced,New Build,Freehold,51,,HENRY TATE MEWS,LONDON,LONDON,LAMBETH,GREATER LONDON,Standard,Addition,51.4248220000,-0.1167030000
180000,2002-05-31 00:00:00Z,SE27 0RR,Flats/Maisonettes,Established,Leasehold,118C,SECOND FLOOR FLAT AT,ST JULIANS FARM ROAD,LONDON,LONDON,LAMBETH,GREATER LONDON,Standard,Addition,51.4284620000,-0.1119820000
477995,2002-06-28 00:00:00Z,SW16 3HA,Terraced,New Build,Freehold,44,,HENRY TATE MEWS,LONDON,LONDON,LAMBETH,GREATER LONDON,Standard,Addition,51.4248220000,-0.1167030000
152500,2002-09-20 00:00:00Z,SW16 2SA,Flats/Maisonettes,Established,Leasehold,15,,CHARWOOD,LONDON,LONDON,LAMBETH,GREATER LONDON,Standard,Addition,51.4288190000,-0.1135890000
205000,2002-12-20 00:00:00Z,SW16 2QP,Flats/Maisonettes,Established,Leasehold,290,FLAT 4,LEIGHAM COURT ROAD,LONDON,LONDON,LAMBETH,GREATER LONDON,Standard,Addition,51.4251370000,-0.1144530000
125000,2002-08-02 00:00:00Z,SW16 2QW,Flats/Maisonettes,Established,Leasehold,60,,BENHURST COURT,LONDON,LONDON,LAMBETH,GREATER LONDON,Standard,Addition,51.4250100000,-0.1155010000
229950,2002-04-19 00:00:00Z,SW16 2HR,Semi-Detached,Established,Freehold,28,,VALLEYFIELD ROAD,LONDON,LONDON,LAMBETH,GREATER LONDON,Standard,Addition,51.4262880000,-0.1194760000
215000,2002-07-09 00:00:00Z,SE27 0SE,Semi-Detached,Established,Freehold,84,,LAMBERHURST ROAD,LONDON,LONDON,LAMBETH,GREATER LONDON,Standard,Addition,51.4266910000,-0.1126870000
170000,2002-06-19 00:00:00Z,SW16 3HZ,Flats/Maisonettes,Established,Leasehold,37,,CROWN LANE GARDENS,LONDON,LONDON,LAMBETH,GREATER LONDON,Standard,Addition,51.4235080000,-0.1104850000
174950,2002-09-24 00:00:00Z,SW16 2QJ,Flats/Maisonettes,Established,Leasehold,29,,FAWCETT CLOSE,LONDON,LONDON,LAMBETH,GREATER LONDON,Standard,Addition,51.4275200000,-0.1149950000
290000,2002-05-31 00:00:00Z,SE27 0RW,Semi-Detached,Established,Freehold,13,,UFFINGTON ROAD,LONDON,LONDON,LAMBETH,GREATER LONDON,Standard,Addition,51.4296860000,-0.1121730000
146500,2002-04-26 00:00:00Z,SE27 0RL,Flats/Maisonettes,Established,Leasehold,26,,THURLBY ROAD,LONDON,LONDON,LAMBETH,GREATER LONDON,Standard,Addition,51.4298910000,-0.1108980000
182000,2002-05-22 00:00:00Z,SW16 2SH,Terraced,Established,Leasehold,16,,CHESTNUT CLOSE,LONDON,LONDON,LAMBETH,GREATER LONDON,Standard,Addition,51.4294520000,-0.1132610000
110000,2002-06-28 00:00:00Z,SW16 2SB,Flats/Maisonettes,Established,Leasehold,273,FLAT F,LEIGHAM COURT ROAD,LONDON,LONDON,LAMBETH,GREATER LONDON,Standard,Addition,51.4298960000,-0.1134870000
499995,2002-11-15 00:00:00Z,SW16 3HA,Terraced,Established,Freehold,37,,HENRY TATE MEWS,LONDON,LONDON,LAMBETH,GREATER LONDON,Standard,Addition,51.4248220000,-0.1167030000
150000,2002-08-30 00:00:00Z,SE27 0RR,Flats/Maisonettes,Established,Leasehold,120,FLAT 3,ST JULIANS FARM ROAD,LONDON,LONDON,LAMBETH,GREATER LONDON,Standard,Addition,51.4284620000,-0.1119820000
469000,2002-09-27 00:00:00Z,SW16 3HA,Terraced,New Build,Freehold,42,,HENRY TATE MEWS,LONDON,LONDON,LAMBETH,GREATER LONDON,Standard,Addition,51.4248220000,-0.1167030000
250000,2002-11-22 00:00:00Z,SW16 2SB,Terraced,Established,Freehold,243,,LEIGHAM COURT ROAD,LONDON,LONDON,LAMBETH,GREATER LONDON,Standard,Addition,51.4298960000,-0.1134870000
117500,2002-12-06 00:00:00Z,SW16 2QW,Flats/Maisonettes,Established,Leasehold,73,,BENHURST COURT,LONDON,LONDON,LAMBETH,GREATER LONDON,Standard,Addition,51.4250100000,-0.1155010000
212000,2002-05-31 00:00:00Z,SE27 0LH,Terraced,Established,Freehold,34,,GREENHURST ROAD,LONDON,LONDON,LAMBETH,GREATER LONDON,Standard,Addition,51.4257620000,-0.1113850000
150000,2002-05-17 00:00:00Z,SW16 2XR,Flats/Maisonettes,Established,Leasehold,154,,VALLEY ROAD,LONDON,LONDON,LAMBETH,GREATER LONDON,Standard,Addition,51.4299830000,-0.1194110000
150000,2002-03-27 00:00:00Z,SW16 2HS,Flats/Maisonettes,Established,Leasehold,19,FLAT 3,VALLEYFIELD ROAD,,LONDON,LAMBETH,GREATER LONDON,Standard,Addition,51.4270260000,-0.1189860000
169500,2002-05-31 00:00:00Z,SW16 2QJ,Flats/Maisonettes,Established,Leasehold,35,,FAWCETT CLOSE,LONDON,LONDON,LAMBETH,GREATER LONDON,Standard,Addition,51.4275200000,-0.1149950000
655000,2002-12-06 00:00:00Z,SW16 3EH,Detached,Established,Freehold,46,,RYECROFT ROAD,LONDON,LONDON,CROYDON,GREATER LONDON,Standard,Addition,51.4218890000,-0.1120260000
59950,2002-03-28 00:00:00Z,SE27 0RP,Flats/Maisonettes,Established,Leasehold,111,FLAT 5,ST JULIANS FARM ROAD,LONDON,LONDON,LAMBETH,GREATER LONDON,Standard,Addition,51.4288140000,-0.1121370000
450000,2002-05-17 00:00:00Z,SW16 3HS,Semi-Detached,Established,Freehold,47,,STREATHAM COMMON NORTH,LONDON,LONDON,LAMBETH,GREATER LONDON,Standard,Addition,51.4235400000,-0.1191580000
250000,2002-08-08 00:00:00Z,SW16 2RA,Semi-Detached,Established,Freehold,12,,ETHERSTONE ROAD,LONDON,LONDON,LAMBETH,GREATER LONDON,Standard,Addition,51.4281860000,-0.1156290000
499995,2002-12-20 00:00:00Z,SW16 3HA,Terraced,New Build,Freehold,41,,HENRY TATE MEWS,LONDON,LONDON,LAMBETH,GREATER LONDON,Standard,Addition,51.4248220000,-0.1167030000
495000,2002-09-27 00:00:00Z,SW16 3HA,Terraced,New Build,Freehold,38,,HENRY TATE MEWS,LONDON,LONDON,LAMBETH,GREATER LONDON,Standard,Addition,51.4248220000,-0.1167030000
185000,2002-04-29 00:00:00Z,SW16 2XR,Flats/Maisonettes,Established,Leasehold,102,,VALLEY ROAD,LONDON,LONDON,LAMBETH,GREATER LONDON,Standard,Addition,51.4299830000,-0.1194110000
181500,2002-03-07 00:00:00Z,SE27 0SD,Terraced,Established,Freehold,33,,LAMBERHURST ROAD,LONDON,LONDON,LAMBETH,GREATER LONDON,Standard,Addition,51.4258800000,-0.1119990000
500000,2002-04-19 00:00:00Z,SW16 3EH,Detached,Established,Freehold,56,,RYECROFT ROAD,LONDON,LONDON,CROYDON,GREATER LONDON,Standard,Addition,51.4218890000,-0.1120260000
110000,2002-04-10 00:00:00Z,SW16 2QW,Flats/Maisonettes,Established,Leasehold,52,,BENHURST COURT,LONDON,LONDON,LAMBETH,GREATER LONDON,Standard,Addition,51.4250100000,-0.1155010000
135000,2002-10-11 00:00:00Z,SW16 2QN,Flats/Maisonettes,Established,Leasehold,33,,BENHURST COURT,LONDON,LONDON,LAMBETH,GREATER LONDON,Standard,Addition,51.4242590000,-0.1152300000
125000,2002-12-12 00:00:00Z,SW16 2QN,Flats/Maisonettes,Established,Leasehold,9,,BENHURST COURT,LONDON,LONDON,LAMBETH,GREATER LONDON,Standard,Addition,51.4242590000,-0.1152300000
215000,2002-08-16 00:00:00Z,SW16 2QP,Flats/Maisonettes,Established,Leasehold,286,FLAT 1,LEIGHAM COURT ROAD,LONDON,LONDON,LAMBETH,GREATER LONDON,Standard,Addition,51.4251370000,-0.1144530000
216000,2002-09-26 00:00:00Z,SW16 2XR,Flats/Maisonettes,Established,Leasehold,104,,VALLEY ROAD,LONDON,LONDON,LAMBETH,GREATER LONDON,Standard,Addition,51.4299830000,-0.1194110000
295000,2002-07-24 00:00:00Z,SE27 0TA,Terraced,Established,Freehold,117,,CASEWICK ROAD,LONDON,LONDON,LAMBETH,GREATER LONDON,Standard,Addition,51.4270080000,-0.1105570000
112500,2002-04-15 00:00:00Z,SW16 2QN,Flats/Maisonettes,Established,Leasehold,25,,BENHURST COURT,LONDON,LONDON,LAMBETH,GREATER LONDON,Standard,Addition,51.4242590000,-0.1152300000
100000,2002-04-18 00:00:00Z,SW16 2SB,Flats/Maisonettes,Established,Leasehold,273,FLAT D,LEIGHAM COURT ROAD,LONDON,LONDON,LAMBETH,GREATER LONDON,Standard,Addition,51.4298960000,-0.1134870000
91448,2002-05-28 00:00:00Z,SW16 3QT,Flats/Maisonettes,Established,Leasehold,5,,ACACIA COURT,LONDON,LONDON,LAMBETH,GREATER LONDON,Standard,Addition,51.4244170000,-0.1138430000
355000,2002-06-14 00:00:00Z,SW16 2HZ,Terraced,Established,Freehold,29,,BELLTREES GROVE,LONDON,LONDON,LAMBETH,GREATER LONDON,Standard,Addition,51.4255500000,-0.1172480000
153000,2002-05-10 00:00:00Z,SE27 0TA,Flats/Maisonettes,Established,Leasehold,147,,CASEWICK ROAD,LONDON,LONDON,LAMBETH,GREATER LONDON,Standard,Addition,51.4270080000,-0.1105570000
280000,2002-07-19 00:00:00Z,SE27 0TA,Terraced,Established,Freehold,185,,CASEWICK ROAD,LONDON,LONDON,LAMBETH,GREATER LONDON,Standard,Addition,51.4270080000,-0.1105570000
480000,2002-06-14 00:00:00Z,SW16 3HA,Terraced,New Build,Freehold,40,,HENRY TATE MEWS,LONDON,LONDON,LAMBETH,GREATER LONDON,Standard,Addition,51.4248220000,-0.1167030000
114000,2002-08-13 00:00:00Z,SW16 2QN,Flats/Maisonettes,Established,Leasehold,1,,BENHURST COURT,LONDON,LONDON,LAMBETH,GREATER LONDON,Standard,Addition,51.4242590000,-0.1152300000
109950,2002-05-03 00:00:00Z,SW16 2QN,Flats/Maisonettes,Established,Leasehold,44,,BENHURST COURT,LONDON,LONDON,LAMBETH,GREATER LONDON,Standard,Addition,51.4242590000,-0.1152300000
135000,2002-01-31 00:00:00Z,SW16 2QJ,Flats/Maisonettes,Established,Leasehold,30,,FAWCETT CLOSE,LONDON,LONDON,LAMBETH,GREATER LONDON,Standard,Addition,51.4275200000,-0.1149950000
200000,2002-09-25 00:00:00Z,SW16 2XR,Flats/Maisonettes,Established,Leasehold,98,,VALLEY ROAD,LONDON,LONDON,LAMBETH,GREATER LONDON,Standard,Addition,51.4299830000,-0.1194110000
155000,2002-05-17 00:00:00Z,SW16 2XR,Terraced,Established,Leasehold,142,,VALLEY ROAD,LONDON,LONDON,LAMBETH,GREATER LONDON,Standard,Addition,51.4299830000,-0.1194110000
134950,2002-08-15 00:00:00Z,SE27 0RR,Flats/Maisonettes,Established,Leasehold,120,FLAT 1,ST JULIANS FARM ROAD,LONDON,LONDON,LAMBETH,GREATER LONDON,Standard,Addition,51.4284620000,-0.1119820000
96000,2002-01-04 00:00:00Z,SW16 2QN,Flats/Maisonettes,Established,Leasehold,45,,BENHURST COURT,LONDON,LONDON,LAMBETH,GREATER LONDON,Standard,Addition,51.4242590000,-0.1152300000
310000,2002-03-01 00:00:00Z,SW16 2HZ,Semi-Detached,Established,Freehold,13,,BELLTREES GROVE,LONDON,LONDON,LAMBETH,GREATER LONDON,Standard,Addition,51.4255500000,-0.1172480000
288000,2002-06-19 00:00:00Z,SW16 2HS,Semi-Detached,Established,Freehold,47,,VALLEYFIELD ROAD,LONDON,LONDON,LAMBETH,GREATER LONDON,Standard,Addition,51.4270260000,-0.1189860000
232500,2002-11-15 00:00:00Z,SW16 2QP,Flats/Maisonettes,Established,Leasehold,286,FLAT 5,LEIGHAM COURT ROAD,LONDON,LONDON,LAMBETH,GREATER LONDON,Standard,Addition,51.4251370000,-0.1144530000
94000,2002-10-03 00:00:00Z,SW16 2SB,Flats/Maisonettes,Established,Leasehold,273,FLAT A,LEIGHAM COURT ROAD,LONDON,LONDON,LAMBETH,GREATER LONDON,Standard,Addition,51.4298960000,-0.1134870000
140000,2002-07-22 00:00:00Z,SW16 2QN,Flats/Maisonettes,Established,Leasehold,14,,BENHURST COURT,LONDON,LONDON,LAMBETH,GREATER LONDON,Standard,Addition,51.4242590000,-0.1152300000
119950,2002-09-10 00:00:00Z,SW16 2QN,Flats/Maisonettes,Established,Leasehold,47,,BENHURST COURT,LONDON,LONDON,LAMBETH,GREATER LONDON,Standard,Addition,51.4242590000,-0.1152300000
317000,2002-06-06 00:00:00Z,SW16 2RZ,Semi-Detached,Established,Freehold,297,,LEIGHAM COURT ROAD,LONDON,LONDON,LAMBETH,GREATER LONDON,Standard,Addition,51.4281160000,-0.1140360000
174950,2002-11-13 00:00:00Z,SW16 2QJ,Flats/Maisonettes,Established,Leasehold,12,,FAWCETT CLOSE,LONDON,LONDON,LAMBETH,GREATER LONDON,Standard,Addition,51.4275200000,-0.1149950000
297500,2002-08-15 00:00:00Z,SE27 0TA,Terraced,Established,Freehold,105,,CASEWICK ROAD,LONDON,LONDON,LAMBETH,GREATER LONDON,Standard,Addition,51.4270080000,-0.1105570000
285000,2002-11-15 00:00:00Z,SW16 3BY,Semi-Detached,Established,Freehold,211,,COVINGTON WAY,LONDON,LONDON,LAMBETH,GREATER LONDON,Standard,Addition,51.4204490000,-0.1187950000
139000,2002-10-25 00:00:00Z,SW16 2QW,Flats/Maisonettes,Established,Leasehold,66,,BENHURST COURT,LONDON,LONDON,LAMBETH,GREATER LONDON,Standard,Addition,51.4250100000,-0.1155010000
275000,2002-06-10 00:00:00Z,SW16 2RB,Semi-Detached,Established,Freehold,194,,LEIGHAM COURT ROAD,LONDON,LONDON,LAMBETH,GREATER LONDON,Standard,Addition,51.4291160000,-0.1147280000
185000,2002-01-31 00:00:00Z,SE27 0LH,Semi-Detached,Established,Freehold,15,,GREENHURST ROAD,LONDON,LONDON,LAMBETH,GREATER LONDON,Standard,Addition,51.4257620000,-0.1113850000
1410000,2002-12-31 00:00:00Z,SW16 3HA,Detached,Established,Freehold,2,,HENRY TATE MEWS,,LONDON,LAMBETH,GREATER LONDON,Standard,Addition,51.4248220000,-0.1167030000
112000,2002-02-22 00:00:00Z,SW16 3RB,Flats/Maisonettes,Established,Leasehold,10,,HAWTHORN COURT,LONDON,LONDON,LAMBETH,GREATER LONDON,Standard,Addition,51.4241820000,-0.1121410000
143995,2002-04-12 00:00:00Z,SW16 2QJ,Flats/Maisonettes,Established,Leasehold,5,,FAWCETT CLOSE,LONDON,LONDON,LAMBETH,GREATER LONDON,Standard,Addition,51.4275200000,-0.1149950000
115000,2002-10-29 00:00:00Z,SE27 0SQ,Flats/Maisonettes,Established,Leasehold,105,FLAT 2,THORNLAW ROAD,LONDON,LONDON,LAMBETH,GREATER LONDON,Standard,Addition,51.4280790000,-0.1111740000
457995,2002-06-28 00:00:00Z,SW16 3HA,Semi-Detached,New Build,Freehold,36,,HENRY TATE MEWS,LONDON,LONDON,LAMBETH,GREATER LONDON,Standard,Addition,51.4248220000,-0.1167030000
232500,2002-07-26 00:00:00Z,SW16 3HS,Flats/Maisonettes,Established,Leasehold,42,FLAT 2,STREATHAM COMMON NORTH,LONDON,LONDON,LAMBETH,GREATER LONDON,Standard,Addition,51.4235400000,-0.1191580000
210000,2002-09-06 00:00:00Z,SE27 0SD,Terraced,Established,Freehold,57,,LAMBERHURST ROAD,LONDON,LONDON,LAMBETH,GREATER LONDON,Standard,Addition,51.4258800000,-0.1119990000
111000,2002-05-10 00:00:00Z,SE27 0SQ,Flats/Maisonettes,Established,Leasehold,103,FLAT 4,THORNLAW ROAD,LONDON,LONDON,LAMBETH,GREATER LONDON,Standard,Addition,51.4280790000,-0.1111740000
435000,2002-05-31 00:00:00Z,SW16 2QU,Detached,Established,Freehold,23,,SPRINGWELL ROAD,LONDON,LONDON,LAMBETH,GREATER LONDON,Standard,Addition,51.4271190000,-0.1163490000
525000,2002-09-27 00:00:00Z,SW16 3HA,Terraced,New Build,Freehold,43,,HENRY TATE MEWS,LONDON,LONDON,LAMBETH,GREATER LONDON,Standard,Addition,51.4248220000,-0.1167030000
518769,2002-06-28 00:00:00Z,SW16 3HA,Terraced,New Build,Freehold,17,,HENRY TATE MEWS,LONDON,LONDON,LAMBETH,GREATER LONDON,Standard,Addition,51.4248220000,-0.1167030000
436000,2002-05-24 00:00:00Z,SW16 3HA,Terraced,New Build,Freehold,39,,HENRY TATE MEWS,LONDON,LONDON,LAMBETH,GREATER LONDON,Standard,Addition,51.4248220000,-0.1167030000
619500,2002-07-19 00:00:00Z,SW16 3EQ,Detached,Established,Freehold,42,,RYECROFT ROAD,LONDON,LONDON,CROYDON,GREATER LONDON,Standard,Addition,51.4210530000,-0.1115650000
102000,2002-03-06 00:00:00Z,SW16 2QW,Flats/Maisonettes,Established,Leasehold,64,,BENHURST COURT,LONDON,LONDON,LAMBETH,GREATER LONDON,Standard,Addition,51.4250100000,-0.1155010000
357000,2002-08-12 00:00:00Z,SE27 0SE,Terraced,Established,Freehold,8,,LAMBERHURST ROAD,LONDON,LONDON,LAMBETH,GREATER LONDON,Standard,Addition,51.4266910000,-0.1126870000
245000,2002-08-16 00:00:00Z,SE27 0SQ,Terraced,Established,Freehold,111,,THORNLAW ROAD,LONDON,LONDON,LAMBETH,GREATER LONDON,Standard,Addition,51.4280790000,-0.1111740000
315000,2002-02-11 00:00:00Z,SW16 2HX,Semi-Detached,Established,Freehold,87,,VALLEYFIELD ROAD,LONDON,LONDON,LAMBETH,GREATER LONDON,Standard,Addition,51.4263370000,-0.1158210000
360000,2002-07-18 00:00:00Z,SW16 2RB,Semi-Detached,Established,Freehold,210,,LEIGHAM COURT ROAD,LONDON,LONDON,LAMBETH,GREATER LONDON,Standard,Addition,51.4291160000,-0.1147280000
489995,2002-10-24 00:00:00Z,SW16 3HA,Terraced,New Build,Freehold,45,,HENRY TATE MEWS,LONDON,LONDON,LAMBETH,GREATER LONDON,Standard,Addition,51.4248220000,-0.1167030000
355000,2002-01-15 00:00:00Z,SW16 2RY,Terraced,Established,Freehold,6,,ST JULIANS CLOSE,LONDON,LONDON,LAMBETH,GREATER LONDON,Standard,Addition,51.4275110000,-0.1133410000
118000,2002-08-09 00:00:00Z,SE27 0RR,Flats/Maisonettes,Established,Leasehold,120,FLAT 4,ST JULIANS FARM ROAD,LONDON,LONDON,LAMBETH,GREATER LONDON,Standard,Addition,51.4284620000,-0.1119820000
540000,2002-08-30 00:00:00Z,SW16 3EQ,Detached,Established,Freehold,34,,RYECROFT ROAD,LONDON,LONDON,CROYDON,GREATER LONDON,Standard,Addition,51.4210530000,-0.1115650000
117000,2002-05-07 00:00:00Z,SW16 2HS,Flats/Maisonettes,Established,Leasehold,31C - 31E,,VALLEYFIELD ROAD,,LONDON,LAMBETH,GREATER LONDON,Standard,Addition,51.4270260000,-0.1189860000
280000,2002-10-25 00:00:00Z,SW16 2HS,Semi-Detached,Established,Freehold,25,,VALLEYFIELD ROAD,LONDON,LONDON,LAMBETH,GREATER LONDON,Standard,Addition,51.4270260000,-0.1189860000
595995,2002-10-25 00:00:00Z,SW16 3HA,Terraced,New Build,Freehold,18,,HENRY TATE MEWS,LONDON,LONDON,LAMBETH,GREATER LONDON,Standard,Addition,51.4248220000,-0.1167030000
140000,2002-05-28 00:00:00Z,SW16 2QJ,Flats/Maisonettes,Established,Leasehold,18,,FAWCETT CLOSE,LONDON,LONDON,LAMBETH,GREATER LONDON,Standard,Addition,51.4275200000,-0.1149950000
108000,2002-06-17 00:00:00Z,SW16 3QY,Flats/Maisonettes,Established,Leasehold,11,,BEECH COURT,LONDON,LONDON,LAMBETH,GREATER LONDON,Standard,Addition,51.4246840000,-0.1131270000
193000,2002-05-17 00:00:00Z,SW16 2XR,Flats/Maisonettes,Established,Leasehold,156,,VALLEY ROAD,LONDON,LONDON,LAMBETH,GREATER LONDON,Standard,Addition,51.4299830000,-0.1194110000
360000,2002-05-22 00:00:00Z,SW16 2HZ,Semi-Detached,Established,Freehold,19,,BELLTREES GROVE,LONDON,LONDON,LAMBETH,GREATER LONDON,Standard,Addition,51.4255500000,-0.1172480000
310000,2002-10-30 00:00:00Z,SW16 2HU,Semi-Detached,Established,Freehold,66,,VALLEYFIELD ROAD,LONDON,LONDON,LAMBETH,GREATER LONDON,Standard,Addition,51.4263860000,-0.1166670000
425000,2002-10-01 00:00:00Z,SW16 3HA,Terraced,New Build,Freehold,48,,HENRY TATE MEWS,LONDON,LONDON,LAMBETH,GREATER LONDON,Standard,Addition,51.4248220000,-0.1167030000
297500,2002-03-11 00:00:00Z,SW16 2RY,Detached,Established,Freehold,8,,ST JULIANS CLOSE,LONDON,LONDON,LAMBETH,GREATER LONDON,Standard,Addition,51.4275110000,-0.1133410000
599995,2003-01-31 00:00:00Z,SW16 3HA,Terraced,New Build,Freehold,16,,HENRY TATE MEWS,LONDON,LONDON,LAMBETH,GREATER LONDON,Standard,Addition,51.4248220000,-0.1167030000
288000,2003-09-19 00:00:00Z,SE27 0TA,Semi-Detached,Established,Freehold,179,,CASEWICK ROAD,LONDON,LONDON,LAMBETH,GREATER LONDON,Standard,Addition,51.4270080000,-0.1105570000
490000,2003-07-31 00:00:00Z,SW16 3HA,Semi-Detached,Established,Freehold,36,,HENRY TATE MEWS,LONDON,LONDON,LAMBETH,GREATER LONDON,Standard,Addition,51.4248220000,-0.1167030000
131000,2003-02-26 00:00:00Z,SW16 2QW,Flats/Maisonettes,Established,Leasehold,51,,BENHURST COURT,LONDON,LONDON,LAMBETH,GREATER LONDON,Standard,Addition,51.4250100000,-0.1155010000
145000,2003-12-12 00:00:00Z,SW16 3QY,Flats/Maisonettes,Established,Leasehold,16,,BEECH COURT,LONDON,LONDON,LAMBETH,GREATER LONDON,Standard,Addition,51.4246840000,-0.1131270000
649995,2003-05-22 00:00:00Z,SW16 3HA,Terraced,New Build,Freehold,11,,HENRY TATE MEWS,LONDON,LONDON,LAMBETH,GREATER LONDON,Standard,Addition,51.4248220000,-0.1167030000
375000,2003-07-24 00:00:00Z,SE27 0SB,Semi-Detached,Established,Freehold,124,,THORNLAW ROAD,LONDON,LONDON,LAMBETH,GREATER LONDON,Standard,Addition,51.4277640000,-0.1106410000
141000,2003-06-20 00:00:00Z,SW16 2RX,Flats/Maisonettes,Established,Leasehold,"VENITA MANOR, 317",FLAT H,LEIGHAM COURT ROAD,LONDON,LONDON,LAMBETH,GREATER LONDON,Standard,Addition,51.4269810000,-0.1139380000
198000,2003-10-17 00:00:00Z,SW16 2RT,Terraced,Established,Leasehold,6,,CHESTNUT CLOSE,LONDON,LONDON,LAMBETH,GREATER LONDON,Standard,Addition,51.4295570000,-0.1136600000
190000,2003-09-12 00:00:00Z,SE27 0RP,Semi-Detached,Established,Leasehold,127B,,ST JULIANS FARM ROAD,LONDON,LONDON,LAMBETH,GREATER LONDON,Standard,Addition,51.4288140000,-0.1121370000
248000,2003-05-30 00:00:00Z,SE27 0RR,Flats/Maisonettes,Established,Leasehold,104,UPPER FLAT,ST JULIANS FARM ROAD,LONDON,LONDON,LAMBETH,GREATER LONDON,Standard,Addition,51.4284620000,-0.1119820000
250000,2003-02-21 00:00:00Z,SW16 2QJ,Terraced,Established,Freehold,61,,FAWCETT CLOSE,LONDON,LONDON,LAMBETH,GREATER LONDON,Standard,Addition,51.4275200000,-0.1149950000
159950,2003-08-13 00:00:00Z,SW16 3HZ,Flats/Maisonettes,Established,Leasehold,33,,CROWN LANE GARDENS,LONDON,LONDON,LAMBETH,GREATER LONDON,Standard,Addition,51.4235080000,-0.1104850000
155000,2003-08-14 00:00:00Z,SW16 2QP,Flats/Maisonettes,Established,Leasehold,"NORMAN COURT, 296",FLAT 4,LEIGHAM COURT ROAD,LONDON,LONDON,LAMBETH,GREATER LONDON,Standard,Addition,51.4251370000,-0.1144530000
155000,2003-12-15 00:00:00Z,SW16 3QY,Flats/Maisonettes,Established,Leasehold,13,,BEECH COURT,LONDON,LONDON,LAMBETH,GREATER LONDON,Standard,Addition,51.4246840000,-0.1131270000
125500,2003-01-27 00:00:00Z,SW16 2QN,Flats/Maisonettes,Established,Leasehold,7,,BENHURST COURT,LONDON,LONDON,LAMBETH,GREATER LONDON,Standard,Addition,51.4242590000,-0.1152300000
144000,2003-12-02 00:00:00Z,SW16 2AL,Flats/Maisonettes,Established,Leasehold,7,,MAPLE MEWS,LONDON,LONDON,LAMBETH,GREATER LONDON,Standard,Addition,51.4239650000,-0.1193130000
221000,2003-12-22 00:00:00Z,SW16 2XR,Flats/Maisonettes,Established,Leasehold,126,,VALLEY ROAD,LONDON,LONDON,LAMBETH,GREATER LONDON,Standard,Addition,51.4299830000,-0.1194110000
96000,2003-04-03 00:00:00Z,SW16 3HA,Flats/Maisonettes,Established,Leasehold,31,,HENRY TATE MEWS,LONDON,LONDON,LAMBETH,GREATER LONDON,Standard,Addition,51.4248220000,-0.1167030000
129000,2003-08-15 00:00:00Z,SW16 3RG,Flats/Maisonettes,Established,Leasehold,11,,SYCAMORE COURT,LONDON,LONDON,LAMBETH,GREATER LONDON,Standard,Addition,51.4239430000,-0.1140200000
210000,2003-01-03 00:00:00Z,SW16 2XR,Terraced,Established,Leasehold,170,,VALLEY ROAD,LONDON,LONDON,LAMBETH,GREATER LONDON,Standard,Addition,51.4299830000,-0.1194110000
185000,2003-10-10 00:00:00Z,SW16 3HZ,Flats/Maisonettes,Established,Leasehold,32,,CROWN LANE GARDENS,LONDON,LONDON,LAMBETH,GREATER LONDON,Standard,Addition,51.4235080000,-0.1104850000
250000,2003-03-27 00:00:00Z,SW16 2HR,Semi-Detached,Established,Freehold,36,,VALLEYFIELD ROAD,LONDON,LONDON,WANDSWORTH,GREATER LONDON,Standard,Addition,51.4262880000,-0.1194760000
499950,2003-04-07 00:00:00Z,SW16 3HS,Semi-Detached,Established,Freehold,44,,STREATHAM COMMON NORTH,LONDON,LONDON,LAMBETH,GREATER LONDON,Standard,Addition,51.4235400000,-0.1191580000
124000,2003-01-10 00:00:00Z,SW16 3QU,Flats/Maisonettes,Established,Leasehold,11,,ALDER COURT,LONDON,LONDON,LAMBETH,GREATER LONDON,Standard,Addition,51.4244620000,-0.1138840000
281000,2003-08-15 00:00:00Z,SW16 2HU,Semi-Detached,Established,Freehold,64,,VALLEYFIELD ROAD,LONDON,LONDON,LAMBETH,GREATER LONDON,Standard,Addition,51.4263860000,-0.1166670000
187000,2003-04-04 00:00:00Z,SW16 3HZ,Flats/Maisonettes,Established,Leasehold,13,,CROWN LANE GARDENS,LONDON,LONDON,LAMBETH,GREATER LONDON,Standard,Addition,51.4235080000,-0.1104850000
249995,2003-06-30 00:00:00Z,SE27 0RR,Semi-Detached,Established,Freehold,132,,ST JULIANS FARM ROAD,LONDON,LONDON,LAMBETH,GREATER LONDON,Standard,Addition,51.4284620000,-0.1119820000
145000,2003-04-11 00:00:00Z,SW16 3RE,Flats/Maisonettes,Established,Leasehold,LABURNUM COURT,FLAT 12,LEIGHAM COURT ROAD,LONDON,LONDON,LAMBETH,GREATER LONDON,Standard,Addition,51.4237970000,-0.1128900000
330000,2003-05-23 00:00:00Z,SW16 2HS,Semi-Detached,Established,Freehold,5,,VALLEYFIELD ROAD,LONDON,LONDON,LAMBETH,GREATER LONDON,Standard,Addition,51.4270260000,-0.1189860000
157500,2003-04-11 00:00:00Z,SW16 2AL,Flats/Maisonettes,Established,Leasehold,16,,MAPLE MEWS,LONDON,LONDON,LAMBETH,GREATER LONDON,Standard,Addition,51.4239650000,-0.1193130000
142000,2003-03-07 00:00:00Z,SW16 3QX,Flats/Maisonettes,Established,Leasehold,2,,ASH COURT,LONDON,LONDON,LAMBETH,GREATER LONDON,Standard,Addition,51.4248030000,-0.1132370000
249950,2003-11-27 00:00:00Z,SW16 3EN,Semi-Detached,Established,Freehold,71A,,RYECROFT ROAD,LONDON,LONDON,CROYDON,GREATER LONDON,Standard,Addition,51.4214440000,-0.1135070000
162000,2003-12-12 00:00:00Z,SW16 2RX,Flats/Maisonettes,Established,Leasehold,"VENITA MANOR, 317",FLAT B,LEIGHAM COURT ROAD,LONDON,LONDON,LAMBETH,GREATER LONDON,Standard,Addition,51.4269810000,-0.1139380000
135000,2003-11-21 00:00:00Z,SW16 2RX,Flats/Maisonettes,Established,Leasehold,"VENITA MANOR, 317",FLAT F,LEIGHAM COURT ROAD,LONDON,LONDON,LAMBETH,GREATER LONDON,Standard,Addition,51.4269810000,-0.1139380000
184000,2003-07-29 00:00:00Z,SE27 0RL,Flats/Maisonettes,Established,Leasehold,22,,THURLBY ROAD,LONDON,LONDON,LAMBETH,GREATER LONDON,Standard,Addition,51.4298910000,-0.1108980000
440800,2003-06-20 00:00:00Z,SW16 2RB,Semi-Detached,Established,Freehold,218,,LEIGHAM COURT ROAD,LONDON,LONDON,LAMBETH,GREATER LONDON,Standard,Addition,51.4291160000,-0.1147280000
132000,2003-01-31 00:00:00Z,SW16 2QW,Flats/Maisonettes,Established,Leasehold,70,,BENHURST COURT,LONDON,LONDON,LAMBETH,GREATER LONDON,Standard,Addition,51.4250100000,-0.1155010000
140995,2003-04-17 00:00:00Z,SW16 2QW,Flats/Maisonettes,Established,Leasehold,67,,BENHURST COURT,LONDON,LONDON,LAMBETH,GREATER LONDON,Standard,Addition,51.4250100000,-0.1155010000
175000,2003-04-17 00:00:00Z,SE27 0TA,Flats/Maisonettes,Established,Leasehold,175,,CASEWICK ROAD,LONDON,LONDON,LAMBETH,GREATER LONDON,Standard,Addition,51.4270080000,-0.1105570000
375000,2003-03-20 00:00:00Z,SW16 3HA,Detached,Established,Freehold,52,,HENRY TATE MEWS,LONDON,LONDON,LAMBETH,GREATER LONDON,Standard,Addition,51.4248220000,-0.1167030000
275000,2003-06-20 00:00:00Z,SE27 0SE,Terraced,Established,Freehold,34,,LAMBERHURST ROAD,LONDON,LONDON,LAMBETH,GREATER LONDON,Standard,Addition,51.4266910000,-0.1126870000
70000,2003-10-13 00:00:00Z,SW16 3RG,Flats/Maisonettes,Established,Leasehold,SYCAMORE COURT,FLAT 8,LEIGHAM COURT ROAD,LONDON,LONDON,LAMBETH,GREATER LONDON,Standard,Addition,51.4239430000,-0.1140200000
284000,2003-09-09 00:00:00Z,SW16 2QJ,Terraced,Established,Freehold,4,,FAWCETT CLOSE,LONDON,LONDON,LAMBETH,GREATER LONDON,Standard,Addition,51.4275200000,-0.1149950000
240000,2003-12-12 00:00:00Z,SW16 2XR,Terraced,Established,Leasehold,142,,VALLEY ROAD,LONDON,LONDON,LAMBETH,GREATER LONDON,Standard,Addition,51.4299830000,-0.1194110000
172000,2003-08-15 00:00:00Z,SW16 2AL,Flats/Maisonettes,Established,Leasehold,2,,MAPLE MEWS,LONDON,LONDON,LAMBETH,GREATER LONDON,Standard,Addition,51.4239650000,-0.1193130000
560000,2003-08-07 00:00:00Z,SW16 3HA,Terraced,New Build,Freehold,19,,HENRY TATE MEWS,LONDON,LONDON,LAMBETH,GREATER LONDON,Standard,Addition,51.4248220000,-0.1167030000
549995,2003-01-24 00:00:00Z,SW16 3HA,Terraced,New Build,Freehold,46,,HENRY TATE MEWS,LONDON,LONDON,LAMBETH,GREATER LONDON,Standard,Addition,51.4248220000,-0.1167030000
660000,2003-04-25 00:00:00Z,SW16 3JE,Detached,Established,Freehold,49,,CROWN LANE,LONDON,LONDON,CROYDON,GREATER LONDON,Standard,Addition,51.4228820000,-0.1101520000
189000,2003-12-12 00:00:00Z,SW16 2SG,Flats/Maisonettes,Established,Leasehold,3,,CHESTNUT CLOSE,LONDON,LONDON,LAMBETH,GREATER LONDON,Standard,Addition,51.4293770000,-0.1136530000
133500,2003-04-04 00:00:00Z,SE27 0SG,Flats/Maisonettes,Established,Leasehold,13,,LEAF GROVE,LONDON,LONDON,LAMBETH,GREATER LONDON,Standard,Addition,51.4262300000,-0.1136390000
99500,2003-04-04 00:00:00Z,SW16 2UD,Terraced,Established,Freehold,34,,SOUTH OAK ROAD,,LONDON,LAMBETH,GREATER LONDON,Standard,Addition,51.4294780000,-0.1174480000
320000,2003-11-03 00:00:00Z,SW16 2RZ,Semi-Detached,Established,Freehold,303,,LEIGHAM COURT ROAD,LONDON,LONDON,LAMBETH,GREATER LONDON,Standard,Addition,51.4281160000,-0.1140360000
115000,2003-08-01 00:00:00Z,SW16 2QS,Flats/Maisonettes,Established,Leasehold,11,,NORMINGTON CLOSE,LONDON,LONDON,LAMBETH,GREATER LONDON,Standard,Addition,51.4268020000,-0.1153450000
570000,2003-08-07 00:00:00Z,SW16 3HA,Terraced,Established,Freehold,5,,HENRY TATE MEWS,LONDON,LONDON,LAMBETH,GREATER LONDON,Standard,Addition,51.4248220000,-0.1167030000
550000,2003-07-01 00:00:00Z,SW16 3HA,Terraced,New Build,Freehold,4,,HENRY TATE MEWS,LONDON,LONDON,LAMBETH,GREATER LONDON,Standard,Addition,51.4248220000,-0.1167030000
264950,2003-03-03 00:00:00Z,SE27 0SD,Terraced,Established,Freehold,35,,LAMBERHURST ROAD,LONDON,LONDON,LAMBETH,GREATER LONDON,Standard,Addition,51.4258800000,-0.1119990000
167000,2003-05-23 00:00:00Z,SE27 0SE,Flats/Maisonettes,Established,Leasehold,16,,LAMBERHURST ROAD,LONDON,LONDON,LAMBETH,GREATER LONDON,Standard,Addition,51.4266910000,-0.1126870000
160000,2003-07-25 00:00:00Z,SW16 2QJ,Flats/Maisonettes,Established,Leasehold,11,,FAWCETT CLOSE,LONDON,LONDON,LAMBETH,GREATER LONDON,Standard,Addition,51.4275200000,-0.1149950000
615000,2003-05-01 00:00:00Z,SW16 3EH,Detached,Established,Freehold,78,,RYECROFT ROAD,LONDON,LONDON,CROYDON,GREATER LONDON,Standard,Addition,51.4218890000,-0.1120260000
799995,2003-07-18 00:00:00Z,SW16 3HA,Terraced,New Build,Freehold,3,,HENRY TATE MEWS,LONDON,LONDON,LAMBETH,GREATER LONDON,Standard,Addition,51.4248220000,-0.1167030000
170000,2003-06-27 00:00:00Z,SW16 2AL,Flats/Maisonettes,Established,Leasehold,3,,MAPLE MEWS,LONDON,LONDON,LAMBETH,GREATER LONDON,Standard,Addition,51.4239650000,-0.1193130000
143000,2003-02-14 00:00:00Z,SW16 2QW,Flats/Maisonettes,Established,Leasehold,59,,BENHURST COURT,LONDON,LONDON,LAMBETH,GREATER LONDON,Standard,Addition,51.4250100000,-0.1155010000
320000,2003-11-28 00:00:00Z,SE27 0RW,Semi-Detached,Established,Freehold,5,,UFFINGTON ROAD,LONDON,LONDON,LAMBETH,GREATER LONDON,Standard,Addition,51.4296860000,-0.1121730000
225000,2003-07-31 00:00:00Z,SE27 0SE,Semi-Detached,Established,Freehold,4,,LAMBERHURST ROAD,LONDON,LONDON,LAMBETH,GREATER LONDON,Standard,Addition,51.4266910000,-0.1126870000
132000,2003-12-16 00:00:00Z,SE27 0SB,Flats/Maisonettes,Established,Leasehold,112,FLAT A,THORNLAW ROAD,LONDON,LONDON,LAMBETH,GREATER LONDON,Standard,Addition,51.4277640000,-0.1106410000
136000,2003-08-08 00:00:00Z,SW16 2AL,Flats/Maisonettes,Established,Leasehold,37,,MAPLE MEWS,LONDON,LONDON,LAMBETH,GREATER LONDON,Standard,Addition,51.4239650000,-0.1193130000
67500,2003-02-20 00:00:00Z,SW16 3HA,Terraced,New Build,Leasehold,30,,HENRY TATE MEWS,LONDON,LONDON,LAMBETH,GREATER LONDON,Standard,Addition,51.4248220000,-0.1167030000
287500,2003-09-26 00:00:00Z,SW16 2RY,Semi-Detached,Established,Freehold,10,,ST JULIANS CLOSE,LONDON,LONDON,LAMBETH,GREATER LONDON,Standard,Addition,51.4275110000,-0.1133410000
189000,2003-09-26 00:00:00Z,SW16 2XR,Flats/Maisonettes,Established,Leasehold,144,,VALLEY ROAD,LONDON,LONDON,LAMBETH,GREATER LONDON,Standard,Addition,51.4299830000,-0.1194110000
203000,2003-09-25 00:00:00Z,SE27 0RR,Detached,Established,Leasehold,104,,ST JULIANS FARM ROAD,LONDON,LONDON,LAMBETH,GREATER LONDON,Standard,Addition,51.4284620000,-0.1119820000
275000,2003-11-06 00:00:00Z,SW16 2XR,Flats/Maisonettes,Established,Leasehold,144,,VALLEY ROAD,LONDON,LONDON,LAMBETH,GREATER LONDON,Standard,Addition,51.4299830000,-0.1194110000
340000,2003-01-23 00:00:00Z,SW16 2HS,Detached,Established,Freehold,33,,VALLEYFIELD ROAD,LONDON,LONDON,LAMBETH,GREATER LONDON,Standard,Addition,51.4270260000,-0.1189860000
157000,2003-05-09 00:00:00Z,SW16 2QJ,Flats/Maisonettes,Established,Leasehold,23,,FAWCETT CLOSE,LONDON,LONDON,LAMBETH,GREATER LONDON,Standard,Addition,51.4275200000,-0.1149950000
176000,2003-08-22 00:00:00Z,SW16 3HZ,Flats/Maisonettes,Established,Leasehold,10,,CROWN LANE GARDENS,LONDON,LONDON,LAMBETH,GREATER LONDON,Standard,Addition,51.4235080000,-0.1104850000
245000,2003-01-10 00:00:00Z,SW16 2HS,Semi-Detached,Established,Freehold,23,,VALLEYFIELD ROAD,LONDON,LONDON,LAMBETH,GREATER LONDON,Standard,Addition,51.4270260000,-0.1189860000
163500,2003-11-03 00:00:00Z,SE27 0TA,Flats/Maisonettes,Established,Leasehold,173,,CASEWICK ROAD,LONDON,LONDON,LAMBETH,GREATER LONDON,Standard,Addition,51.4270080000,-0.1105570000
235000,2003-10-13 00:00:00Z,SW16 2HU,Terraced,Established,Freehold,68,,VALLEYFIELD ROAD,LONDON,LONDON,LAMBETH,GREATER LONDON,Standard,Addition,51.4263860000,-0.1166670000
140000,2003-05-30 00:00:00Z,SW16 2AL,Flats/Maisonettes,Established,Leasehold,29,,MAPLE MEWS,LONDON,LONDON,LAMBETH,GREATER LONDON,Standard,Addition,51.4239650000,-0.1193130000
172000,2003-11-28 00:00:00Z,SW16 2AL,Flats/Maisonettes,Established,Leasehold,8,,MAPLE MEWS,LONDON,LONDON,LAMBETH,GREATER LONDON,Standard,Addition,51.4239650000,-0.1193130000
130000,2003-10-30 00:00:00Z,SW16 2QP,Flats/Maisonettes,Established,Leasehold,"NORMAN COURT, 296",FLAT 5,LEIGHAM COURT ROAD,LONDON,LONDON,LAMBETH,GREATER LONDON,Standard,Addition,51.4251370000,-0.1144530000
151000,2003-05-01 00:00:00Z,SW16 3QU,Flats/Maisonettes,Established,Leasehold,8,,ALDER COURT,LONDON,LONDON,LAMBETH,GREATER LONDON,Standard,Addition,51.4244620000,-0.1138840000
322000,2003-08-29 00:00:00Z,SE27 0RW,Semi-Detached,Established,Freehold,10,,UFFINGTON ROAD,LONDON,LONDON,LAMBETH,GREATER LONDON,Standard,Addition,51.4296860000,-0.1121730000
177000,2003-05-20 00:00:00Z,SW16 2QJ,Flats/Maisonettes,Established,Leasehold,5,,FAWCETT CLOSE,LONDON,LONDON,LAMBETH,GREATER LONDON,Standard,Addition,51.4275200000,-0.1149950000
162000,2003-07-31 00:00:00Z,SW16 2HS,Flats/Maisonettes,Established,Leasehold,31A,,VALLEYFIELD ROAD,LONDON,LONDON,LAMBETH,GREATER LONDON,Standard,Addition,51.4270260000,-0.1189860000
142000,2003-03-07 00:00:00Z,SW16 3QX,Flats/Maisonettes,Established,Leasehold,ASH COURT,DISUSED WASHROOM AT 2,LEIGHAM COURT ROAD,LONDON,LONDON,LAMBETH,GREATER LONDON,Standard,Addition,51.4248030000,-0.1132370000
650000,2003-07-25 00:00:00Z,SW16 3EN,Detached,Established,Freehold,75,,RYECROFT ROAD,LONDON,LONDON,CROYDON,GREATER LONDON,Standard,Addition,51.4214440000,-0.1135070000
106000,2003-08-11 00:00:00Z,SW16 2SB,Flats/Maisonettes,Established,Leasehold,271,FLAT A,LEIGHAM COURT ROAD,LONDON,LONDON,LAMBETH,GREATER LONDON,Standard,Addition,51.4298960000,-0.1134870000
105000,2003-05-27 00:00:00Z,SW16 2RZ,Flats/Maisonettes,Established,Leasehold,291,FLAT 8,LEIGHAM COURT ROAD,LONDON,LONDON,LAMBETH,GREATER LONDON,Standard,Addition,51.4281160000,-0.1140360000
135000,2003-06-27 00:00:00Z,SW16 3QU,Flats/Maisonettes,Established,Leasehold,7,,ALDER COURT,LONDON,LONDON,LAMBETH,GREATER LONDON,Standard,Addition,51.4244620000,-0.1138840000
144000,2003-08-15 00:00:00Z,SW16 2AL,Flats/Maisonettes,Established,Leasehold,4,,MAPLE MEWS,LONDON,LONDON,LAMBETH,GREATER LONDON,Standard,Addition,51.4239650000,-0.1193130000
285000,2004-03-29 00:00:00Z,SE27 0SQ,Terraced,Established,Freehold,119,,THORNLAW ROAD,LONDON,LONDON,LAMBETH,GREATER LONDON,Standard,Addition,51.4280790000,-0.1111740000
153000,2004-05-28 00:00:00Z,SW16 2QN,Flats/Maisonettes,Established,Leasehold,34,,BENHURST COURT,LONDON,LONDON,LAMBETH,GREATER LONDON,Standard,Addition,51.4242590000,-0.1152300000
235000,2004-11-11 00:00:00Z,SW16 2XR,Flats/Maisonettes,Established,Leasehold,130,,VALLEY ROAD,LONDON,LONDON,LAMBETH,GREATER LONDON,Standard,Addition,51.4299830000,-0.1194110000
345000,2004-05-28 00:00:00Z,SW16 2HR,Semi-Detached,Established,Freehold,12,,VALLEYFIELD ROAD,LONDON,LONDON,LAMBETH,GREATER LONDON,Standard,Addition,51.4262880000,-0.1194760000
249950,2004-11-10 00:00:00Z,SW16 2XR,Flats/Maisonettes,Established,Leasehold,96,,VALLEY ROAD,LONDON,LONDON,LAMBETH,GREATER LONDON,Standard,Addition,51.4299830000,-0.1194110000
192750,2004-11-26 00:00:00Z,SW16 2QJ,Flats/Maisonettes,Established,Leasehold,24,,FAWCETT CLOSE,LONDON,LONDON,LAMBETH,GREATER LONDON,Standard,Addition,51.4275200000,-0.1149950000
188000,2004-09-13 00:00:00Z,SW16 3HZ,Flats/Maisonettes,Established,Leasehold,21,,CROWN LANE GARDENS,LONDON,LONDON,LAMBETH,GREATER LONDON,Standard,Addition,51.4235080000,-0.1104850000
339000,2004-06-25 00:00:00Z,SW16 2HU,Terraced,Established,Freehold,68,,VALLEYFIELD ROAD,LONDON,LONDON,LAMBETH,GREATER LONDON,Standard,Addition,51.4263860000,-0.1166670000
286500,2004-12-17 00:00:00Z,SE27 0SF,Semi-Detached,Established,Freehold,4,,LEAF GROVE,LONDON,LONDON,LAMBETH,GREATER LONDON,Standard,Addition,51.4258010000,-0.1132680000
300000,2004-08-06 00:00:00Z,SW16 2RX,Semi-Detached,Established,Freehold,309,,LEIGHAM COURT ROAD,LONDON,LONDON,LAMBETH,GREATER LONDON,Standard,Addition,51.4269810000,-0.1139380000
165000,2004-03-22 00:00:00Z,SW16 3HZ,Flats/Maisonettes,Established,Leasehold,3,,CROWN LANE GARDENS,LONDON,LONDON,LAMBETH,GREATER LONDON,Standard,Addition,51.4235080000,-0.1104850000
174000,2004-11-19 00:00:00Z,SW16 2AL,Flats/Maisonettes,Established,Leasehold,16,,MAPLE MEWS,LONDON,LONDON,LAMBETH,GREATER LONDON,Standard,Addition,51.4239650000,-0.1193130000
180000,2004-04-30 00:00:00Z,SW16 2QJ,Flats/Maisonettes,Established,Leasehold,27,,FAWCETT CLOSE,LONDON,LONDON,LAMBETH,GREATER LONDON,Standard,Addition,51.4275200000,-0.1149950000
155000,2004-02-06 00:00:00Z,SW16 2SA,Flats/Maisonettes,Established,Leasehold,12,,CHARWOOD,LONDON,LONDON,LAMBETH,GREATER LONDON,Standard,Addition,51.4288190000,-0.1135890000
312000,2004-05-10 00:00:00Z,SW16 2RY,Semi-Detached,Established,Freehold,2,,ST JULIANS CLOSE,LONDON,LONDON,LAMBETH,GREATER LONDON,Standard,Addition,51.4275110000,-0.1133410000
330000,2004-02-22 00:00:00Z,SE27 0RW,Semi-Detached,Established,Freehold,23,,UFFINGTON ROAD,LONDON,LONDON,LAMBETH,GREATER LONDON,Standard,Addition,51.4296860000,-0.1121730000
195000,2004-09-24 00:00:00Z,SW16 2SA,Flats/Maisonettes,Established,Leasehold,9,,CHARWOOD,LONDON,LONDON,LAMBETH,GREATER LONDON,Standard,Addition,51.4288190000,-0.1135890000
165000,2004-10-22 00:00:00Z,SW16 2QN,Flats/Maisonettes,Established,Leasehold,9,,BENHURST COURT,LONDON,LONDON,LAMBETH,GREATER LONDON,Standard,Addition,51.4242590000,-0.1152300000
165000,2004-02-09 00:00:00Z,SE27 0RP,Flats/Maisonettes,Established,Leasehold,111,FLAT 3,ST JULIANS FARM ROAD,LONDON,LONDON,LAMBETH,GREATER LONDON,Standard,Addition,51.4288140000,-0.1121370000
345000,2004-07-09 00:00:00Z,SW16 2HR,Semi-Detached,Established,Freehold,10,,VALLEYFIELD ROAD,LONDON,LONDON,LAMBETH,GREATER LONDON,Standard,Addition,51.4262880000,-0.1194760000
523000,2004-12-14 00:00:00Z,SE27 0RP,Semi-Detached,Established,Freehold,125,,ST JULIANS FARM ROAD,LONDON,LONDON,LAMBETH,GREATER LONDON,Standard,Addition,51.4288140000,-0.1121370000
336000,2004-08-20 00:00:00Z,SW16 2HR,Semi-Detached,Established,Freehold,34,,VALLEYFIELD ROAD,LONDON,LONDON,LAMBETH,GREATER LONDON,Standard,Addition,51.4262880000,-0.1194760000
362500,2004-08-12 00:00:00Z,SE27 0RW,Semi-Detached,Established,Freehold,17,,UFFINGTON ROAD,LONDON,LONDON,LAMBETH,GREATER LONDON,Standard,Addition,51.4296860000,-0.1121730000
208000,2004-07-16 00:00:00Z,SE27 0RL,Semi-Detached,Established,Leasehold,16B,,THURLBY ROAD,LONDON,LONDON,LAMBETH,GREATER LONDON,Standard,Addition,51.4298910000,-0.1108980000
158000,2004-06-30 00:00:00Z,SW16 3QY,Flats/Maisonettes,Established,Leasehold,15,,BEECH COURT,LONDON,LONDON,LAMBETH,GREATER LONDON,Standard,Addition,51.4246840000,-0.1131270000
170000,2004-06-11 00:00:00Z,SW16 2QJ,Flats/Maisonettes,Established,Leasehold,26,,FAWCETT CLOSE,LONDON,LONDON,LAMBETH,GREATER LONDON,Standard,Addition,51.4275200000,-0.1149950000
407500,2004-06-16 00:00:00Z,SW16 2HR,Flats/Maisonettes,Established,Freehold,42,,VALLEYFIELD ROAD,LONDON,LONDON,LAMBETH,GREATER LONDON,Standard,Addition,51.4262880000,-0.1194760000
542000,2004-08-13 00:00:00Z,SW16 3HA,Terraced,New Build,Freehold,7,,HENRY TATE MEWS,LONDON,LONDON,LAMBETH,GREATER LONDON,Standard,Addition,51.4248220000,-0.1167030000
186250,2004-12-13 00:00:00Z,SW16 2XR,Semi-Detached,Established,Freehold,106,,VALLEY ROAD,LONDON,LONDON,LAMBETH,GREATER LONDON,Standard,Addition,51.4299830000,-0.1194110000
140000,2004-08-24 00:00:00Z,SW16 2QW,Flats/Maisonettes,Established,Leasehold,55,,BENHURST COURT,LONDON,LONDON,LAMBETH,GREATER LONDON,Standard,Addition,51.4250100000,-0.1155010000
194000,2004-09-01 00:00:00Z,SW16 2RT,Flats/Maisonettes,Established,Leasehold,8,,CHESTNUT CLOSE,LONDON,LONDON,LAMBETH,GREATER LONDON,Standard,Addition,51.4295570000,-0.1136600000
250000,2004-12-17 00:00:00Z,SW16 2QJ,Semi-Detached,Established,Freehold,51,,FAWCETT CLOSE,LONDON,LONDON,LAMBETH,GREATER LONDON,Standard,Addition,51.4275200000,-0.1149950000
157000,2004-05-28 00:00:00Z,SW16 3RB,Flats/Maisonettes,Established,Leasehold,8,,HAWTHORN COURT,LONDON,LONDON,LAMBETH,GREATER LONDON,Standard,Addition,51.4241820000,-0.1121410000
795000,2004-06-30 00:00:00Z,SW16 3HA,Detached,New Build,Freehold,12,,HENRY TATE MEWS,LONDON,LONDON,LAMBETH,GREATER LONDON,Standard,Addition,51.4248220000,-0.1167030000
165000,2004-05-05 00:00:00Z,SE27 0RR,Flats/Maisonettes,Established,Leasehold,122,FLAT 3,ST JULIANS FARM ROAD,LONDON,LONDON,LAMBETH,GREATER LONDON,Standard,Addition,51.4284620000,-0.1119820000
385000,2004-06-30 00:00:00Z,SW16 2HS,Semi-Detached,Established,Freehold,23,,VALLEYFIELD ROAD,LONDON,LONDON,LAMBETH,GREATER LONDON,Standard,Addition,51.4270260000,-0.1189860000
480000,2004-05-14 00:00:00Z,SW16 3HA,Terraced,Established,Freehold,6,,HENRY TATE MEWS,LONDON,LONDON,LAMBETH,GREATER LONDON,Standard,Addition,51.4248220000,-0.1167030000
225000,2004-02-25 00:00:00Z,SW16 2QR,Terraced,Established,Freehold,264,,LEIGHAM COURT ROAD,LONDON,LONDON,LAMBETH,GREATER LONDON,Standard,Addition,51.4263530000,-0.1145680000
180000,2004-02-13 00:00:00Z,SW16 3HZ,Flats/Maisonettes,Established,Leasehold,25,,CROWN LANE GARDENS,LONDON,LONDON,LAMBETH,GREATER LONDON,Standard,Addition,51.4235080000,-0.1104850000
110000,2004-03-08 00:00:00Z,SW16 2SA,Flats/Maisonettes,Established,Leasehold,20,,CHARWOOD,LONDON,LONDON,LAMBETH,GREATER LONDON,Standard,Addition,51.4288190000,-0.1135890000
155000,2004-08-18 00:00:00Z,SW16 2SA,Flats/Maisonettes,Established,Leasehold,20,,CHARWOOD,LONDON,LONDON,LAMBETH,GREATER LONDON,Standard,Addition,51.4288190000,-0.1135890000
150000,2004-11-26 00:00:00Z,SW16 2QW,Flats/Maisonettes,Established,Leasehold,59,,BENHURST COURT,LONDON,LONDON,LAMBETH,GREATER LONDON,Standard,Addition,51.4250100000,-0.1155010000
160000,2004-10-18 00:00:00Z,SE27 0RR,Flats/Maisonettes,Established,Leasehold,124,FLAT 3,ST JULIANS FARM ROAD,LONDON,LONDON,LAMBETH,GREATER LONDON,Standard,Addition,51.4284620000,-0.1119820000
275000,2004-06-22 00:00:00Z,SW16 2RX,Semi-Detached,Established,Freehold,311,,LEIGHAM COURT ROAD,LONDON,LONDON,LAMBETH,GREATER LONDON,Standard,Addition,51.4269810000,-0.1139380000
187000,2004-08-11 00:00:00Z,SE27 0SQ,Flats/Maisonettes,Established,Leasehold,103,FLAT 2,THORNLAW ROAD,LONDON,LONDON,LAMBETH,GREATER LONDON,Standard,Addition,51.4280790000,-0.1111740000
137000,2004-11-30 00:00:00Z,SW16 2SB,Flats/Maisonettes,Established,Leasehold,273,FLAT F,LEIGHAM COURT ROAD,LONDON,LONDON,LAMBETH,GREATER LONDON,Standard,Addition,51.4298960000,-0.1134870000
155000,2004-09-10 00:00:00Z,SW16 2QN,Flats/Maisonettes,Established,Leasehold,32,,BENHURST COURT,LONDON,LONDON,LAMBETH,GREATER LONDON,Standard,Addition,51.4242590000,-0.1152300000
175000,2004-12-10 00:00:00Z,SW16 2QJ,Flats/Maisonettes,Established,Leasehold,16,,FAWCETT CLOSE,,LONDON,LAMBETH,GREATER LONDON,Standard,Addition,51.4275200000,-0.1149950000
130000,2004-07-30 00:00:00Z,SW16 3HY,Flats/Maisonettes,Established,Leasehold,FERN LODGE,FLAT 16,CROWN LANE,LONDON,LONDON,LAMBETH,GREATER LONDON,Standard,Addition,51.4234740000,-0.1122420000
159950,2004-08-31 00:00:00Z,SW16 2AL,Flats/Maisonettes,Established,Leasehold,15,,MAPLE MEWS,,LONDON,LAMBETH,GREATER LONDON,Standard,Addition,51.4239650000,-0.1193130000
205000,2004-06-22 00:00:00Z,SW16 2AL,Flats/Maisonettes,Established,Leasehold,2,,MAPLE MEWS,LONDON,LONDON,LAMBETH,GREATER LONDON,Standard,Addition,51.4239650000,-0.1193130000
242000,2004-01-08 00:00:00Z,SE27 0LH,Terraced,Established,Freehold,30,,GREENHURST ROAD,LONDON,LONDON,LAMBETH,GREATER LONDON,Standard,Addition,51.4257620000,-0.1113850000
103000,2004-07-30 00:00:00Z,SW16 2RZ,Flats/Maisonettes,Established,Leasehold,291,FLAT 5,LEIGHAM COURT ROAD,LONDON,LONDON,LAMBETH,GREATER LONDON,Standard,Addition,51.4281160000,-0.1140360000
425000,2004-06-04 00:00:00Z,SE27 0SE,Semi-Detached,Established,Freehold,4,,LAMBERHURST ROAD,LONDON,LONDON,LAMBETH,GREATER LONDON,Standard,Addition,51.4266910000,-0.1126870000
175000,2004-07-19 00:00:00Z,SW16 2QJ,Flats/Maisonettes,Established,Leasehold,34,,FAWCETT CLOSE,LONDON,LONDON,LAMBETH,GREATER LONDON,Standard,Addition,51.4275200000,-0.1149950000
147000,2004-08-02 00:00:00Z,SW16 2QN,Flats/Maisonettes,Established,Leasehold,42,,BENHURST COURT,LONDON,LONDON,LAMBETH,GREATER LONDON,Standard,Addition,51.4242590000,-0.1152300000
199950,2004-12-10 00:00:00Z,SW16 3HZ,Flats/Maisonettes,Established,Leasehold,23,,CROWN LANE GARDENS,LONDON,LONDON,LAMBETH,GREATER LONDON,Standard,Addition,51.4235080000,-0.1104850000
200000,2004-11-19 00:00:00Z,SW16 3HZ,Flats/Maisonettes,Established,Leasehold,5,,CROWN LANE GARDENS,LONDON,LONDON,LAMBETH,GREATER LONDON,Standard,Addition,51.4235080000,-0.1104850000
135000,2004-02-02 00:00:00Z,SE27 0RP,Flats/Maisonettes,Established,Leasehold,111,FLAT 4,ST JULIANS FARM ROAD,LONDON,LONDON,LAMBETH,GREATER LONDON,Standard,Addition,51.4288140000,-0.1121370000
248000,2004-12-10 00:00:00Z,SW16 2XR,Flats/Maisonettes,Established,Leasehold,148,,VALLEY ROAD,LONDON,LONDON,LAMBETH,GREATER LONDON,Standard,Addition,51.4299830000,-0.1194110000
249999,2004-04-30 00:00:00Z,SE27 0LH,Terraced,Established,Freehold,26,,GREENHURST ROAD,LONDON,LONDON,LAMBETH,GREATER LONDON,Standard,Addition,51.4257620000,-0.1113850000
249950,2004-06-15 00:00:00Z,SW16 3HA,Detached,Established,Freehold,"THE LODGE, 1",,HENRY TATE MEWS,LONDON,LONDON,LAMBETH,GREATER LONDON,Standard,Addition,51.4248220000,-0.1167030000
263000,2004-03-26 00:00:00Z,SW16 3HZ,Terraced,Established,Leasehold,THE COTTAGE,,CROWN LANE GARDENS,LONDON,LONDON,LAMBETH,GREATER LONDON,Standard,Addition,51.4235080000,-0.1104850000
632500,2004-08-03 00:00:00Z,SW16 3JE,Detached,Established,Freehold,39,,CROWN LANE,LONDON,LONDON,CROYDON,GREATER LONDON,Standard,Addition,51.4228820000,-0.1101520000
159995,2004-04-30 00:00:00Z,SE27 0TA,Flats/Maisonettes,Established,Leasehold,101,,CASEWICK ROAD,LONDON,LONDON,LAMBETH,GREATER LONDON,Standard,Addition,51.4270080000,-0.1105570000
173000,2004-11-29 00:00:00Z,SE27 0TA,Flats/Maisonettes,Established,Leasehold,177,,CASEWICK ROAD,LONDON,LONDON,LAMBETH,GREATER LONDON,Standard,Addition,51.4270080000,-0.1105570000
185000,2004-06-11 00:00:00Z,SW16 2RT,Terraced,Established,Leasehold,4,,CHESTNUT CLOSE,LONDON,LONDON,LAMBETH,GREATER LONDON,Standard,Addition,51.4295570000,-0.1136600000
280000,2004-01-15 00:00:00Z,SE27 0LH,Semi-Detached,Established,Freehold,19,,GREENHURST ROAD,LONDON,LONDON,LAMBETH,GREATER LONDON,Standard,Addition,51.4257620000,-0.1113850000
183500,2004-08-27 00:00:00Z,SE27 0RR,Flats/Maisonettes,Established,Leasehold,120,FLAT 2,ST JULIANS FARM ROAD,LONDON,LONDON,LAMBETH,GREATER LONDON,Standard,Addition,51.4284620000,-0.1119820000
90000,2004-03-22 00:00:00Z,SE27 0RW,Terraced,Established,Freehold,26,,UFFINGTON ROAD,LONDON,LONDON,LAMBETH,GREATER LONDON,Standard,Addition,51.4296860000,-0.1121730000
182000,2004-05-10 00:00:00Z,SW16 2HX,Terraced,Established,Freehold,75,,VALLEYFIELD ROAD,LONDON,LONDON,LAMBETH,GREATER LONDON,Standard,Addition,51.4263370000,-0.1158210000
277000,2004-08-13 00:00:00Z,SE27 0SD,Terraced,Established,Freehold,59,,LAMBERHURST ROAD,LONDON,LONDON,LAMBETH,GREATER LONDON,Standard,Addition,51.4258800000,-0.1119990000
149000,2004-04-01 00:00:00Z,SW16 2UD,Terraced,Established,Freehold,34,,SOUTH OAK ROAD,,LONDON,LAMBETH,GREATER LONDON,Standard,Addition,51.4294780000,-0.1174480000
245000,2004-09-17 00:00:00Z,SE27 0RR,Flats/Maisonettes,Established,Leasehold,118,FLAT 1,ST JULIANS FARM ROAD,LONDON,LONDON,LAMBETH,GREATER LONDON,Standard,Addition,51.4284620000,-0.1119820000
189950,2004-05-19 00:00:00Z,SW16 3HZ,Flats/Maisonettes,Established,Leasehold,10,,CROWN LANE GARDENS,LONDON,LONDON,LAMBETH,GREATER LONDON,Standard,Addition,51.4235080000,-0.1104850000
162000,2004-07-30 00:00:00Z,SW16 2QN,Flats/Maisonettes,Established,Leasehold,7,,BENHURST COURT,LONDON,LONDON,LAMBETH,GREATER LONDON,Standard,Addition,51.4242590000,-0.1152300000
172000,2004-12-03 00:00:00Z,SE27 0SG,Flats/Maisonettes,Established,Leasehold,21,,LEAF GROVE,LONDON,LONDON,LAMBETH,GREATER LONDON,Standard,Addition,51.4262300000,-0.1136390000
205000,2004-05-21 00:00:00Z,SW16 3HZ,Flats/Maisonettes,Established,Leasehold,30,,CROWN LANE GARDENS,LONDON,LONDON,LAMBETH,GREATER LONDON,Standard,Addition,51.4235080000,-0.1104850000
165000,2004-01-23 00:00:00Z,SW16 2SA,Flats/Maisonettes,Established,Leasehold,11,,CHARWOOD,LONDON,LONDON,LAMBETH,GREATER LONDON,Standard,Addition,51.4288190000,-0.1135890000
158500,2004-12-22 00:00:00Z,SE27 0SB,Flats/Maisonettes,Established,Leasehold,106A,,THORNLAW ROAD,LONDON,LONDON,LAMBETH,GREATER LONDON,Standard,Addition,51.4277640000,-0.1106410000
214000,2004-06-17 00:00:00Z,SW16 2SH,Terraced,Established,Leasehold,16,,CHESTNUT CLOSE,LONDON,LONDON,LAMBETH,GREATER LONDON,Standard,Addition,51.4294520000,-0.1132610000
185000,2004-12-10 00:00:00Z,SW16 2QJ,Flats/Maisonettes,Established,Leasehold,25,,FAWCETT CLOSE,LONDON,LONDON,LAMBETH,GREATER LONDON,Standard,Addition,51.4275200000,-0.1149950000
179950,2004-04-30 00:00:00Z,SW16 2RX,Flats/Maisonettes,Established,Leasehold,"VENITA MANOR, 317",FLAT H,LEIGHAM COURT ROAD,LONDON,LONDON,LAMBETH,GREATER LONDON,Standard,Addition,51.4269810000,-0.1139380000
99950,2004-10-29 00:00:00Z,SW16 3RE,Flats/Maisonettes,Established,Leasehold,LABURNUM COURT,FLAT 11,LEIGHAM COURT ROAD,LONDON,LONDON,LAMBETH,GREATER LONDON,Standard,Addition,51.4237970000,-0.1128900000
145000,2004-07-02 00:00:00Z,SW16 2HS,Flats/Maisonettes,Established,Leasehold,31E,,VALLEYFIELD ROAD,,LONDON,LAMBETH,GREATER LONDON,Standard,Addition,51.4270260000,-0.1189860000
144950,2004-07-02 00:00:00Z,SW16 3HY,Flats/Maisonettes,Established,Leasehold,FERN LODGE,FLAT 3,CROWN LANE,LONDON,LONDON,LAMBETH,GREATER LONDON,Standard,Addition,51.4234740000,-0.1122420000
240000,2004-07-09 00:00:00Z,SE27 0SE,Semi-Detached,Established,Freehold,44,,LAMBERHURST ROAD,LONDON,LONDON,LAMBETH,GREATER LONDON,Standard,Addition,51.4266910000,-0.1126870000
139500,2004-12-22 00:00:00Z,SW16 2QN,Flats/Maisonettes,Established,Leasehold,48,,BENHURST COURT,LONDON,LONDON,LAMBETH,GREATER LONDON,Standard,Addition,51.4242590000,-0.1152300000
180000,2004-12-22 00:00:00Z,SW16 2AL,Flats/Maisonettes,Established,Leasehold,29,,MAPLE MEWS,,LONDON,LAMBETH,GREATER LONDON,Standard,Addition,51.4239650000,-0.1193130000
230000,2005-10-13 00:00:00Z,SW16 2XR,Flats/Maisonettes,Established,Leasehold,134,,VALLEY ROAD,,LONDON,LAMBETH,GREATER LONDON,Standard,Addition,51.4299830000,-0.1194110000
149000,2005-06-16 00:00:00Z,SW16 3QZ,Flats/Maisonettes,Established,Leasehold,BLACKTHORN COURT,FLAT 6,LEIGHAM COURT ROAD,,LONDON,LAMBETH,GREATER LONDON,Standard,Addition,51.4242920000,-0.1133590000
130000,2005-03-03 00:00:00Z,SE27 0SG,Flats/Maisonettes,Established,Leasehold,15,,LEAF GROVE,,LONDON,LAMBETH,GREATER LONDON,Standard,Addition,51.4262300000,-0.1136390000
211000,2005-05-06 00:00:00Z,SW16 2XR,Semi-Detached,Established,Freehold,106,,VALLEY ROAD,LONDON,LONDON,LAMBETH,GREATER LONDON,Standard,Addition,51.4299830000,-0.1194110000
179950,2005-03-30 00:00:00Z,SW16 2SA,Flats/Maisonettes,Established,Leasehold,20,,CHARWOOD,LONDON,LONDON,LAMBETH,GREATER LONDON,Standard,Addition,51.4288190000,-0.1135890000
375000,2005-01-14 00:00:00Z,SW16 3HA,Terraced,Established,Freehold,19,,HENRY TATE MEWS,,LONDON,LAMBETH,GREATER LONDON,Standard,Addition,51.4248220000,-0.1167030000
169000,2005-09-08 00:00:00Z,SW16 2QJ,Flats/Maisonettes,Established,Leasehold,17,,FAWCETT CLOSE,,LONDON,LAMBETH,GREATER LONDON,Standard,Addition,51.4275200000,-0.1149950000
320000,2005-08-01 00:00:00Z,SE27 0SE,Semi-Detached,Established,Freehold,38,,LAMBERHURST ROAD,LONDON,LONDON,LAMBETH,GREATER LONDON,Standard,Addition,51.4266910000,-0.1126870000
365000,2005-07-01 00:00:00Z,SW16 2RB,Semi-Detached,Established,Freehold,198,,LEIGHAM COURT ROAD,,LONDON,LAMBETH,GREATER LONDON,Standard,Addition,51.4291160000,-0.1147280000
250000,2005-09-08 00:00:00Z,SW16 2XR,Flats/Maisonettes,Established,Leasehold,172,,VALLEY ROAD,LONDON,LONDON,LAMBETH,GREATER LONDON,Standard,Addition,51.4299830000,-0.1194110000
174000,2005-06-30 00:00:00Z,SE27 0SB,Flats/Maisonettes,Established,Leasehold,106,FLAT E,THORNLAW ROAD,LONDON,LONDON,LAMBETH,GREATER LONDON,Standard,Addition,51.4277640000,-0.1106410000
120000,2005-04-26 00:00:00Z,SW16 2QS,Flats/Maisonettes,Established,Leasehold,12,,NORMINGTON CLOSE,LONDON,LONDON,LAMBETH,GREATER LONDON,Standard,Addition,51.4268020000,-0.1153450000
148000,2005-03-31 00:00:00Z,SW16 3RB,Flats/Maisonettes,Established,Leasehold,20,,HAWTHORN COURT,LONDON,LONDON,LAMBETH,GREATER LONDON,Standard,Addition,51.4241820000,-0.1121410000
208000,2005-08-12 00:00:00Z,SE27 0RL,Flats/Maisonettes,Established,Leasehold,22,,THURLBY ROAD,,LONDON,LAMBETH,GREATER LONDON,Standard,Addition,51.4298910000,-0.1108980000
140000,2005-05-05 00:00:00Z,SW16 3HY,Flats/Maisonettes,Established,Leasehold,FERN LODGE,FLAT 13,CROWN LANE,,LONDON,LAMBETH,GREATER LONDON,Standard,Addition,51.4234740000,-0.1122420000
183500,2005-04-14 00:00:00Z,SW16 2QP,Flats/Maisonettes,Established,Leasehold,"NORMAN COURT, 296",FLAT 12,LEIGHAM COURT ROAD,LONDON,LONDON,LAMBETH,GREATER LONDON,Standard,Addition,51.4251370000,-0.1144530000
175000,2005-01-06 00:00:00Z,SE27 0SB,Semi-Detached,Established,Freehold,100,,THORNLAW ROAD,,LONDON,LAMBETH,GREATER LONDON,Standard,Addition,51.4277640000,-0.1106410000
183000,2005-05-04 00:00:00Z,SW16 2QJ,Flats/Maisonettes,Established,Leasehold,11,,FAWCETT CLOSE,,LONDON,LAMBETH,GREATER LONDON,Standard,Addition,51.4275200000,-0.1149950000
407000,2005-05-03 00:00:00Z,SW16 2RB,Semi-Detached,Established,Freehold,210,,LEIGHAM COURT ROAD,,LONDON,LAMBETH,GREATER LONDON,Standard,Addition,51.4291160000,-0.1147280000
145000,2005-12-16 00:00:00Z,SW16 3QX,Flats/Maisonettes,Established,Leasehold,ASH COURT,FLAT 8,LEIGHAM COURT ROAD,LONDON,LONDON,LAMBETH,GREATER LONDON,Standard,Addition,51.4248030000,-0.1132370000
240000,2005-03-23 00:00:00Z,SW16 2XR,Flats/Maisonettes,Established,Leasehold,170,,VALLEY ROAD,LONDON,LONDON,LAMBETH,GREATER LONDON,Standard,Addition,51.4299830000,-0.1194110000
137500,2005-03-18 00:00:00Z,SW16 2QN,Flats/Maisonettes,Established,Leasehold,20,,BENHURST COURT,,LONDON,LAMBETH,GREATER LONDON,Standard,Addition,51.4242590000,-0.1152300000
140000,2005-06-03 00:00:00Z,SW16 2QW,Flats/Maisonettes,Established,Leasehold,62,,BENHURST COURT,,LONDON,LAMBETH,GREATER LONDON,Standard,Addition,51.4250100000,-0.1155010000
183000,2005-05-27 00:00:00Z,SW16 2QJ,Flats/Maisonettes,Established,Leasehold,37,,FAWCETT CLOSE,LONDON,LONDON,LAMBETH,GREATER LONDON,Standard,Addition,51.4275200000,-0.1149950000
139950,2005-08-19 00:00:00Z,SW16 2QN,Flats/Maisonettes,Established,Leasehold,47,,BENHURST COURT,,LONDON,LAMBETH,GREATER LONDON,Standard,Addition,51.4242590000,-0.1152300000
300000,2005-10-28 00:00:00Z,SW16 2HS,Terraced,Established,Freehold,35,,VALLEYFIELD ROAD,,LONDON,LAMBETH,GREATER LONDON,Standard,Addition,51.4270260000,-0.1189860000
150000,2005-10-22 00:00:00Z,SW16 2QW,Flats/Maisonettes,Established,Leasehold,66,,BENHURST COURT,,LONDON,LAMBETH,GREATER LONDON,Standard,Addition,51.4250100000,-0.1155010000
156000,2005-04-01 00:00:00Z,SW16 2QN,Flats/Maisonettes,Established,Leasehold,17,,BENHURST COURT,,LONDON,LAMBETH,GREATER LONDON,Standard,Addition,51.4242590000,-0.1152300000
328000,2005-09-28 00:00:00Z,SE27 0SF,Semi-Detached,Established,Freehold,4,,LEAF GROVE,LONDON,LONDON,LAMBETH,GREATER LONDON,Standard,Addition,51.4258010000,-0.1132680000
148000,2005-09-09 00:00:00Z,SW16 3QZ,Flats/Maisonettes,Established,Leasehold,BLACKTHORN COURT,FLAT 10,LEIGHAM COURT ROAD,LONDON,LONDON,LAMBETH,GREATER LONDON,Standard,Addition,51.4242920000,-0.1133590000
147000,2005-11-03 00:00:00Z,SE27 0SB,Flats/Maisonettes,Established,Leasehold,112,FLAT D,THORNLAW ROAD,LONDON,LONDON,LAMBETH,GREATER LONDON,Standard,Addition,51.4277640000,-0.1106410000
250000,2005-07-08 00:00:00Z,SE27 0LH,Terraced,Established,Freehold,23,,GREENHURST ROAD,,LONDON,LAMBETH,GREATER LONDON,Standard,Addition,51.4257620000,-0.1113850000
285000,2005-10-27 00:00:00Z,SE27 0LH,Semi-Detached,Established,Freehold,17,,GREENHURST ROAD,,LONDON,LAMBETH,GREATER LONDON,Standard,Addition,51.4257620000,-0.1113850000
147000,2005-08-26 00:00:00Z,SW16 2QW,Flats/Maisonettes,Established,Leasehold,60,,BENHURST COURT,,LONDON,LAMBETH,GREATER LONDON,Standard,Addition,51.4250100000,-0.1155010000
182000,2005-02-25 00:00:00Z,SW16 2AL,Flats/Maisonettes,Established,Leasehold,23,,MAPLE MEWS,,LONDON,LAMBETH,GREATER LONDON,Standard,Addition,51.4239650000,-0.1193130000
345000,2005-10-14 00:00:00Z,SE27 0SE,Semi-Detached,Established,Freehold,72,,LAMBERHURST ROAD,LONDON,LONDON,LAMBETH,GREATER LONDON,Standard,Addition,51.4266910000,-0.1126870000
314000,2005-09-16 00:00:00Z,SE27 0TA,Terraced,Established,Freehold,113,,CASEWICK ROAD,LONDON,LONDON,LAMBETH,GREATER LONDON,Standard,Addition,51.4270080000,-0.1105570000
499950,2005-06-14 00:00:00Z,SE27 0RP,Terraced,Established,Freehold,119,,ST JULIANS FARM ROAD,,LONDON,LAMBETH,GREATER LONDON,Standard,Addition,51.4288140000,-0.1121370000
729415,2005-07-22 00:00:00Z,SW16 3EW,Detached,Established,Freehold,37,,RYECROFT ROAD,LONDON,LONDON,CROYDON,GREATER LONDON,Standard,Addition,51.4207830000,-0.1110010000
270000,2005-08-12 00:00:00Z,SE27 0LQ,Terraced,Established,Freehold,144,,CHEVIOT ROAD,LONDON,LONDON,LAMBETH,GREATER LONDON,Standard,Addition,51.4268010000,-0.1116870000
499950,2005-08-23 00:00:00Z,SW16 3EN,Semi-Detached,Established,Freehold,71A,,RYECROFT ROAD,LONDON,LONDON,CROYDON,GREATER LONDON,Standard,Addition,51.4214440000,-0.1135070000
300700,2005-07-29 00:00:00Z,SW16 3JE,Semi-Detached,Established,Freehold,51C,,CROWN LANE,LONDON,LONDON,CROYDON,GREATER LONDON,Standard,Addition,51.4228820000,-0.1101520000
175000,2005-04-22 00:00:00Z,SW16 2SA,Flats/Maisonettes,Established,Leasehold,2,,CHARWOOD,,LONDON,LAMBETH,GREATER LONDON,Standard,Addition,51.4288190000,-0.1135890000
148500,2005-12-02 00:00:00Z,SW16 2QP,Flats/Maisonettes,Established,Leasehold,"NORMAN COURT, 296",FLAT 6,LEIGHAM COURT ROAD,LONDON,LONDON,LAMBETH,GREATER LONDON,Standard,Addition,51.4251370000,-0.1144530000
225000,2005-06-24 00:00:00Z,SW16 2QP,Flats/Maisonettes,Established,Leasehold,288,FLAT 5,LEIGHAM COURT ROAD,LONDON,LONDON,LAMBETH,GREATER LONDON,Standard,Addition,51.4251370000,-0.1144530000
149000,2005-10-21 00:00:00Z,SW16 2RZ,Flats/Maisonettes,Established,Leasehold,291,FLAT 5,LEIGHAM COURT ROAD,LONDON,LONDON,LAMBETH,GREATER LONDON,Standard,Addition,51.4281160000,-0.1140360000
240000,2005-05-26 00:00:00Z,SE27 0RP,Flats/Maisonettes,Established,Leasehold,127A,,ST JULIANS FARM ROAD,LONDON,LONDON,LAMBETH,GREATER LONDON,Standard,Addition,51.4288140000,-0.1121370000
139500,2005-09-23 00:00:00Z,SW16 3RF,Flats/Maisonettes,Established,Leasehold,5,,MAPLE COURT,LONDON,LONDON,LAMBETH,GREATER LONDON,Standard,Addition,51.4235580000,-0.1135760000
140000,2005-01-21 00:00:00Z,SW16 2QN,Flats/Maisonettes,Established,Leasehold,31,,BENHURST COURT,,LONDON,LAMBETH,GREATER LONDON,Standard,Addition,51.4242590000,-0.1152300000
152000,2005-02-14 00:00:00Z,SW16 3QU,Flats/Maisonettes,Established,Leasehold,2,,ALDER COURT,,LONDON,LAMBETH,GREATER LONDON,Standard,Addition,51.4244620000,-0.1138840000
160000,2005-08-05 00:00:00Z,SE27 0RR,Flats/Maisonettes,Established,Leasehold,124,FLAT 4,ST JULIANS FARM ROAD,LONDON,LONDON,LAMBETH,GREATER LONDON,Standard,Addition,51.4284620000,-0.1119820000
140000,2005-12-09 00:00:00Z,SW16 2QW,Flats/Maisonettes,Established,Leasehold,68,,BENHURST COURT,LONDON,LONDON,LAMBETH,GREATER LONDON,Standard,Addition,51.4250100000,-0.1155010000
180000,2005-02-02 00:00:00Z,SE27 0SB,Flats/Maisonettes,Established,Leasehold,106B,,THORNLAW ROAD,,LONDON,LAMBETH,GREATER LONDON,Standard,Addition,51.4277640000,-0.1106410000
181000,2005-09-30 00:00:00Z,SW16 2QJ,Flats/Maisonettes,Established,Leasehold,9,,FAWCETT CLOSE,,LONDON,LAMBETH,GREATER LONDON,Standard,Addition,51.4275200000,-0.1149950000
435000,2005-10-27 00:00:00Z,SW16 2HZ,Terraced,Established,Freehold,29,,BELLTREES GROVE,,LONDON,LAMBETH,GREATER LONDON,Standard,Addition,51.4255500000,-0.1172480000
360000,2005-12-23 00:00:00Z,SW16 2HR,Terraced,Established,Freehold,50,,VALLEYFIELD ROAD,LONDON,LONDON,LAMBETH,GREATER LONDON,Standard,Addition,51.4262880000,-0.1194760000
175000,2005-08-03 00:00:00Z,SE27 0RR,Flats/Maisonettes,Established,Leasehold,120,FLAT 3,ST JULIANS FARM ROAD,,LONDON,LAMBETH,GREATER LONDON,Standard,Addition,51.4284620000,-0.1119820000
375000,2005-07-25 00:00:00Z,SE27 0SE,Semi-Detached,Established,Freehold,76,,LAMBERHURST ROAD,LONDON,LONDON,LAMBETH,GREATER LONDON,Standard,Addition,51.4266910000,-0.1126870000
160000,2005-05-09 00:00:00Z,SW16 2QN,Flats/Maisonettes,Established,Leasehold,35,,BENHURST COURT,,LONDON,LAMBETH,GREATER LONDON,Standard,Addition,51.4242590000,-0.1152300000
325000,2005-10-21 00:00:00Z,SW16 3BY,Semi-Detached,Established,Freehold,191,,COVINGTON WAY,LONDON,LONDON,CROYDON,GREATER LONDON,Standard,Addition,51.4204490000,-0.1187950000
227000,2005-09-30 00:00:00Z,SW16 2XR,Flats/Maisonettes,New Build,Leasehold,108,,VALLEY ROAD,,LONDON,LAMBETH,GREATER LONDON,Standard,Addition,51.4299830000,-0.1194110000
138000,2005-05-13 00:00:00Z,SW16 2SB,Flats/Maisonettes,Established,Leasehold,273,FLAT D,LEIGHAM COURT ROAD,LONDON,LONDON,LAMBETH,GREATER LONDON,Standard,Addition,51.4298960000,-0.1134870000
250000,2005-08-12 00:00:00Z,SW16 2HR,Semi-Detached,Established,Freehold,48,,VALLEYFIELD ROAD,LONDON,LONDON,LAMBETH,GREATER LONDON,Standard,Addition,51.4262880000,-0.1194760000
136900,2005-12-16 00:00:00Z,SW16 2QW,Flats/Maisonettes,Established,Leasehold,64,,BENHURST COURT,LONDON,LONDON,LAMBETH,GREATER LONDON,Standard,Addition,51.4250100000,-0.1155010000
180000,2005-12-06 00:00:00Z,SW16 2SA,Flats/Maisonettes,Established,Leasehold,30,,CHARWOOD,LONDON,LONDON,LAMBETH,GREATER LONDON,Standard,Addition,51.4288190000,-0.1135890000
173500,2005-02-24 00:00:00Z,SW16 2QP,Flats/Maisonettes,Established,Leasehold,290,FLAT 2,LEIGHAM COURT ROAD,,LONDON,LAMBETH,GREATER LONDON,Standard,Addition,51.4251370000,-0.1144530000
139950,2005-08-19 00:00:00Z,SW16 2QW,Flats/Maisonettes,Established,Leasehold,63,,BENHURST COURT,,LONDON,LAMBETH,GREATER LONDON,Standard,Addition,51.4250100000,-0.1155010000
329950,2005-10-27 00:00:00Z,SE27 0TA,Terraced,Established,Freehold,131,,CASEWICK ROAD,,LONDON,LAMBETH,GREATER LONDON,Standard,Addition,51.4270080000,-0.1105570000
170000,2005-06-03 00:00:00Z,SW16 2SA,Flats/Maisonettes,Established,Leasehold,26,,CHARWOOD,,LONDON,LAMBETH,GREATER LONDON,Standard,Addition,51.4288190000,-0.1135890000
145000,2005-10-07 00:00:00Z,SW16 2QW,Flats/Maisonettes,Established,Leasehold,52,,BENHURST COURT,,LONDON,LAMBETH,GREATER LONDON,Standard,Addition,51.4250100000,-0.1155010000
225000,2005-03-04 00:00:00Z,SW16 2XR,Flats/Maisonettes,Established,Leasehold,118,,VALLEY ROAD,,LONDON,LAMBETH,GREATER LONDON,Standard,Addition,51.4299830000,-0.1194110000
110000,2005-07-15 00:00:00Z,SW16 2AJ,Flats/Maisonettes,Established,Leasehold,7,,FRANCIS BARBER CLOSE,LONDON,LONDON,LAMBETH,GREATER LONDON,Standard,Addition,51.4275690000,-0.1197690000
280000,2005-03-15 00:00:00Z,SW16 2HS,Detached,Established,Freehold,43,,VALLEYFIELD ROAD,LONDON,LONDON,LAMBETH,GREATER LONDON,Standard,Addition,51.4270260000,-0.1189860000
150500,2005-06-03 00:00:00Z,SW16 2QN,Flats/Maisonettes,Established,Leasehold,33,,BENHURST COURT,LONDON,LONDON,LAMBETH,GREATER LONDON,Standard,Addition,51.4242590000,-0.1152300000
180000,2005-08-26 00:00:00Z,SW16 3HZ,Flats/Maisonettes,Established,Leasehold,37,,CROWN LANE GARDENS,,LONDON,LAMBETH,GREATER LONDON,Standard,Addition,51.4235080000,-0.1104850000
435000,2005-06-03 00:00:00Z,SE27 0SB,Detached,Established,Freehold,116,,THORNLAW ROAD,LONDON,LONDON,LAMBETH,GREATER LONDON,Standard,Addition,51.4277640000,-0.1106410000
340000,2005-07-12 00:00:00Z,SW16 3EH,Terraced,Established,Freehold,86,,RYECROFT ROAD,LONDON,LONDON,CROYDON,GREATER LONDON,Standard,Addition,51.4218890000,-0.1120260000
285000,2005-05-20 00:00:00Z,SE27 0LQ,Terraced,Established,Freehold,136,,CHEVIOT ROAD,,LONDON,LAMBETH,GREATER LONDON,Standard,Addition,51.4268010000,-0.1116870000
115000,2005-07-07 00:00:00Z,SE27 0SQ,Flats/Maisonettes,Established,Leasehold,105,FLAT 1,THORNLAW ROAD,,LONDON,LAMBETH,GREATER LONDON,Standard,Addition,51.4280790000,-0.1111740000
300000,2005-05-31 00:00:00Z,SE27 0LH,Terraced,Established,Freehold,2,,GREENHURST ROAD,LONDON,LONDON,LAMBETH,GREATER LONDON,Standard,Addition,51.4257620000,-0.1113850000
180000,2005-08-19 00:00:00Z,SE27 0TA,Flats/Maisonettes,Established,Leasehold,87,FIRST FLOOR FLAT,CASEWICK ROAD,LONDON,LONDON,LAMBETH,GREATER LONDON,Standard,Addition,51.4270080000,-0.1105570000
212000,2005-03-23 00:00:00Z,SW16 2QJ,Terraced,Established,Freehold,43,,FAWCETT CLOSE,,LONDON,LAMBETH,GREATER LONDON,Standard,Addition,51.4275200000,-0.1149950000
154000,2005-11-14 00:00:00Z,SW16 2AL,Flats/Maisonettes,Established,Leasehold,4,,MAPLE MEWS,LONDON,LONDON,LAMBETH,GREATER LONDON,Standard,Addition,51.4239650000,-0.1193130000
195000,2006-07-28 00:00:00Z,SW16 2QJ,Flats/Maisonettes,Established,Leasehold,41,,FAWCETT CLOSE,LONDON,LONDON,LAMBETH,GREATER LONDON,Standard,Addition,51.4275200000,-0.1149950000
280000,2006-05-26 00:00:00Z,SW16 2XR,Flats/Maisonettes,Established,Leasehold,98,,VALLEY ROAD,LONDON,LONDON,LAMBETH,GREATER LONDON,Standard,Addition,51.4299830000,-0.1194110000
135000,2006-05-05 00:00:00Z,SW16 2QN,Flats/Maisonettes,Established,Leasehold,3,,BENHURST COURT,,LONDON,LAMBETH,GREATER LONDON,Standard,Addition,51.4242590000,-0.1152300000
282500,2006-11-29 00:00:00Z,SW16 2QS,Terraced,Established,Freehold,2,,NORMINGTON CLOSE,LONDON,LONDON,LAMBETH,GREATER LONDON,Standard,Addition,51.4268020000,-0.1153450000
111500,2006-03-10 00:00:00Z,SW16 2SB,Flats/Maisonettes,Established,Leasehold,271,FLAT A,LEIGHAM COURT ROAD,LONDON,LONDON,LAMBETH,GREATER LONDON,Standard,Addition,51.4298960000,-0.1134870000
477000,2006-09-15 00:00:00Z,SW16 2HU,Semi-Detached,Established,Freehold,64,,VALLEYFIELD ROAD,LONDON,LONDON,LAMBETH,GREATER LONDON,Standard,Addition,51.4263860000,-0.1166670000
395000,2006-06-23 00:00:00Z,SW16 3HA,Flats/Maisonettes,Established,Freehold,50,,HENRY TATE MEWS,LONDON,LONDON,LAMBETH,GREATER LONDON,Standard,Addition,51.4248220000,-0.1167030000
250000,2006-03-17 00:00:00Z,SW16 2XR,Flats/Maisonettes,Established,Leasehold,152,,VALLEY ROAD,LONDON,LONDON,LAMBETH,GREATER LONDON,Standard,Addition,51.4299830000,-0.1194110000
320000,2006-12-21 00:00:00Z,SW16 2QP,Flats/Maisonettes,Established,Leasehold,286,FLAT 5,LEIGHAM COURT ROAD,LONDON,LONDON,LAMBETH,GREATER LONDON,Standard,Addition,51.4251370000,-0.1144530000
740000,2006-04-28 00:00:00Z,SE27 0SQ,Detached,Established,Freehold,101,,THORNLAW ROAD,LONDON,LONDON,LAMBETH,GREATER LONDON,Standard,Addition,51.4280790000,-0.1111740000
160000,2006-09-12 00:00:00Z,SW16 2HS,Flats/Maisonettes,Established,Leasehold,31C - 31E,,VALLEYFIELD ROAD,,LONDON,LAMBETH,GREATER LONDON,Standard,Addition,51.4270260000,-0.1189860000
320000,2006-10-25 00:00:00Z,SE27 0SE,Semi-Detached,Established,Freehold,62,,LAMBERHURST ROAD,LONDON,LONDON,LAMBETH,GREATER LONDON,Standard,Addition,51.4266910000,-0.1126870000
460000,2006-09-01 00:00:00Z,SW16 2HS,Semi-Detached,Established,Freehold,23,,VALLEYFIELD ROAD,LONDON,LONDON,LAMBETH,GREATER LONDON,Standard,Addition,51.4270260000,-0.1189860000
176000,2006-10-27 00:00:00Z,SE27 0SG,Flats/Maisonettes,Established,Leasehold,11,,LEAF GROVE,LONDON,LONDON,LAMBETH,GREATER LONDON,Standard,Addition,51.4262300000,-0.1136390000
400000,2006-09-07 00:00:00Z,SW16 2HS,Semi-Detached,Established,Freehold,47,,VALLEYFIELD ROAD,LONDON,LONDON,LAMBETH,GREATER LONDON,Standard,Addition,51.4270260000,-0.1189860000
246000,2006-01-04 00:00:00Z,SW16 2XR,Flats/Maisonettes,Established,Leasehold,174,,VALLEY ROAD,LONDON,LONDON,LAMBETH,GREATER LONDON,Standard,Addition,51.4299830000,-0.1194110000
175000,2006-06-12 00:00:00Z,SW16 2QJ,Flats/Maisonettes,Established,Leasehold,23,,FAWCETT CLOSE,LONDON,LONDON,LAMBETH,GREATER LONDON,Standard,Addition,51.4275200000,-0.1149950000
142500,2006-02-21 00:00:00Z,SW16 2HS,Flats/Maisonettes,Established,Leasehold,31B,,VALLEYFIELD ROAD,,LONDON,LAMBETH,GREATER LONDON,Standard,Addition,51.4270260000,-0.1189860000
152000,2006-07-24 00:00:00Z,SW16 3HY,Flats/Maisonettes,Established,Leasehold,FERN LODGE,FLAT 15,CROWN LANE,LONDON,LONDON,LAMBETH,GREATER LONDON,Standard,Addition,51.4234740000,-0.1122420000
315000,2006-06-29 00:00:00Z,SE27 0SE,Terraced,Established,Freehold,66,,LAMBERHURST ROAD,LONDON,LONDON,LAMBETH,GREATER LONDON,Standard,Addition,51.4266910000,-0.1126870000
249999,2006-06-29 00:00:00Z,SW16 2QR,Terraced,Established,Freehold,268,,LEIGHAM COURT ROAD,LONDON,LONDON,LAMBETH,GREATER LONDON,Standard,Addition,51.4263530000,-0.1145680000
550000,2006-03-10 00:00:00Z,SW16 3HA,Flats/Maisonettes,Established,Leasehold,8,,HENRY TATE MEWS,LONDON,LONDON,LAMBETH,GREATER LONDON,Standard,Addition,51.4248220000,-0.1167030000
324000,2006-06-29 00:00:00Z,SW16 3BY,Terraced,Established,Freehold,221,,COVINGTON WAY,LONDON,LONDON,LAMBETH,GREATER LONDON,Standard,Addition,51.4204490000,-0.1187950000
192000,2006-01-27 00:00:00Z,SW16 3HZ,Flats/Maisonettes,Established,Leasehold,25,,CROWN LANE GARDENS,LONDON,LONDON,LAMBETH,GREATER LONDON,Standard,Addition,51.4235080000,-0.1104850000
389950,2006-05-25 00:00:00Z,SE27 0RW,Terraced,Established,Freehold,21,,UFFINGTON ROAD,LONDON,LONDON,LAMBETH,GREATER LONDON,Standard,Addition,51.4296860000,-0.1121730000
157000,2006-08-18 00:00:00Z,SW16 3RE,Flats/Maisonettes,Established,Leasehold,LABURNUM COURT,FLAT 12,LEIGHAM COURT ROAD,LONDON,LONDON,LAMBETH,GREATER LONDON,Standard,Addition,51.4237970000,-0.1128900000
143000,2006-11-29 00:00:00Z,SW16 2QN,Flats/Maisonettes,Established,Leasehold,41,,BENHURST COURT,LONDON,LONDON,LAMBETH,GREATER LONDON,Standard,Addition,51.4242590000,-0.1152300000
222000,2006-08-25 00:00:00Z,SE27 0RL,Flats/Maisonettes,Established,Leasehold,26,,THURLBY ROAD,LONDON,LONDON,LAMBETH,GREATER LONDON,Standard,Addition,51.4298910000,-0.1108980000
525000,2006-10-24 00:00:00Z,SW16 2JA,Detached,Established,Freehold,76,,VALLEYFIELD ROAD,LONDON,LONDON,LAMBETH,GREATER LONDON,Standard,Addition,51.4256820000,-0.1153440000
650000,2006-08-29 00:00:00Z,SE27 0SQ,Detached,Established,Freehold,97,,THORNLAW ROAD,LONDON,LONDON,LAMBETH,GREATER LONDON,Standard,Addition,51.4280790000,-0.1111740000
159000,2006-03-31 00:00:00Z,SW16 3RF,Flats/Maisonettes,Established,Leasehold,4,,MAPLE COURT,LONDON,LONDON,LAMBETH,GREATER LONDON,Standard,Addition,51.4235580000,-0.1135760000
107000,2006-08-16 00:00:00Z,SE27 0SG,Flats/Maisonettes,Established,Leasehold,3,,LEAF GROVE,LONDON,LONDON,LAMBETH,GREATER LONDON,Standard,Addition,51.4262300000,-0.1136390000
360000,2006-01-23 00:00:00Z,SW16 2RY,Semi-Detached,Established,Freehold,11,,ST JULIANS CLOSE,LONDON,LONDON,LAMBETH,GREATER LONDON,Standard,Addition,51.4275110000,-0.1133410000
207000,2006-02-10 00:00:00Z,SE27 0SB,Flats/Maisonettes,Established,Leasehold,112B,,THORNLAW ROAD,LONDON,LONDON,LAMBETH,GREATER LONDON,Standard,Addition,51.4277640000,-0.1106410000
280000,2006-06-29 00:00:00Z,SE27 0RW,Terraced,Established,Freehold,41,,UFFINGTON ROAD,LONDON,LONDON,LAMBETH,GREATER LONDON,Standard,Addition,51.4296860000,-0.1121730000
212000,2006-07-08 00:00:00Z,SE27 0SB,Flats/Maisonettes,Established,Leasehold,96,,THORNLAW ROAD,LONDON,LONDON,LAMBETH,GREATER LONDON,Standard,Addition,51.4277640000,-0.1106410000
133350,2006-04-20 00:00:00Z,SW16 2QN,Flats/Maisonettes,Established,Leasehold,39,,BENHURST COURT,LONDON,LONDON,LAMBETH,GREATER LONDON,Standard,Addition,51.4242590000,-0.1152300000
152000,2006-07-28 00:00:00Z,SW16 2AL,Flats/Maisonettes,Established,Leasehold,22,,MAPLE MEWS,LONDON,LONDON,LAMBETH,GREATER LONDON,Standard,Addition,51.4239650000,-0.1193130000
192000,2006-02-12 00:00:00Z,SW16 2AL,Flats/Maisonettes,Established,Leasehold,21,,MAPLE MEWS,,LONDON,LAMBETH,GREATER LONDON,Standard,Addition,51.4239650000,-0.1193130000
140000,2006-01-13 00:00:00Z,SE27 0SB,Flats/Maisonettes,Established,Leasehold,104,FLAT A,THORNLAW ROAD,LONDON,LONDON,LAMBETH,GREATER LONDON,Standard,Addition,51.4277640000,-0.1106410000
199950,2006-07-31 00:00:00Z,SW16 2QJ,Flats/Maisonettes,Established,Leasehold,35,,FAWCETT CLOSE,LONDON,LONDON,LAMBETH,GREATER LONDON,Standard,Addition,51.4275200000,-0.1149950000
156000,2006-09-07 00:00:00Z,SW16 2QN,Flats/Maisonettes,Established,Leasehold,27,,BENHURST COURT,LONDON,LONDON,LAMBETH,GREATER LONDON,Standard,Addition,51.4242590000,-0.1152300000
305000,2006-07-31 00:00:00Z,SW16 2QJ,Terraced,Established,Freehold,53,,FAWCETT CLOSE,LONDON,LONDON,LAMBETH,GREATER LONDON,Standard,Addition,51.4275200000,-0.1149950000
165000,2006-10-27 00:00:00Z,SW16 2QW,Flats/Maisonettes,Established,Leasehold,62,,BENHURST COURT,,LONDON,LAMBETH,GREATER LONDON,Standard,Addition,51.4250100000,-0.1155010000
135000,2006-11-10 00:00:00Z,SW16 3QZ,Flats/Maisonettes,Established,Leasehold,BLACKTHORN COURT,FLAT 11,LEIGHAM COURT ROAD,LONDON,LONDON,LAMBETH,GREATER LONDON,Standard,Addition,51.4242920000,-0.1133590000
700000,2006-12-04 00:00:00Z,SW16 3JE,Detached,Established,Freehold,39,,CROWN LANE,LONDON,LONDON,CROYDON,GREATER LONDON,Standard,Addition,51.4228820000,-0.1101520000
187500,2006-07-17 00:00:00Z,SW16 2QJ,Flats/Maisonettes,Established,Leasehold,38,,FAWCETT CLOSE,LONDON,LONDON,LAMBETH,GREATER LONDON,Standard,Addition,51.4275200000,-0.1149950000
290000,2006-11-03 00:00:00Z,SW16 3HS,Flats/Maisonettes,Established,Leasehold,42,FLAT 2,STREATHAM COMMON NORTH,LONDON,LONDON,LAMBETH,GREATER LONDON,Standard,Addition,51.4235400000,-0.1191580000
285000,2006-07-28 00:00:00Z,SE27 0SE,Semi-Detached,Established,Freehold,36,,LAMBERHURST ROAD,LONDON,LONDON,LAMBETH,GREATER LONDON,Standard,Addition,51.4266910000,-0.1126870000
180000,2006-03-09 00:00:00Z,SW16 2SA,Flats/Maisonettes,Established,Leasehold,22,,CHARWOOD,LONDON,LONDON,LAMBETH,GREATER LONDON,Standard,Addition,51.4288190000,-0.1135890000
122000,2006-06-14 00:00:00Z,SW16 3HY,Flats/Maisonettes,Established,Leasehold,FERN LODGE,FLAT 19,CROWN LANE,LONDON,LONDON,LAMBETH,GREATER LONDON,Standard,Addition,51.4234740000,-0.1122420000
785000,2006-12-14 00:00:00Z,SW16 3EW,Detached,Established,Freehold,43,,RYECROFT ROAD,LONDON,LONDON,CROYDON,GREATER LONDON,Standard,Addition,51.4207830000,-0.1110010000
218000,2006-08-11 00:00:00Z,SW16 2AL,Flats/Maisonettes,Established,Leasehold,11,,MAPLE MEWS,LONDON,LONDON,LAMBETH,GREATER LONDON,Standard,Addition,51.4239650000,-0.1193130000
158500,2006-09-29 00:00:00Z,SW16 2QN,Flats/Maisonettes,Established,Leasehold,33,,BENHURST COURT,,LONDON,LAMBETH,GREATER LONDON,Standard,Addition,51.4242590000,-0.1152300000
279000,2006-10-20 00:00:00Z,SW16 2XR,Flats/Maisonettes,Established,Leasehold,132,,VALLEY ROAD,LONDON,LONDON,LAMBETH,GREATER LONDON,Standard,Addition,51.4299830000,-0.1194110000
235000,2006-03-17 00:00:00Z,SW16 2XR,Flats/Maisonettes,Established,Leasehold,110,,VALLEY ROAD,LONDON,LONDON,LAMBETH,GREATER LONDON,Standard,Addition,51.4299830000,-0.1194110000
190000,2006-12-20 00:00:00Z,SW16 3HZ,Flats/Maisonettes,Established,Leasehold,15,,CROWN LANE GARDENS,LONDON,LONDON,LAMBETH,GREATER LONDON,Standard,Addition,51.4235080000,-0.1104850000
276000,2006-09-07 00:00:00Z,SE27 0SQ,Semi-Detached,Established,Freehold,123,,THORNLAW ROAD,LONDON,LONDON,LAMBETH,GREATER LONDON,Standard,Addition,51.4280790000,-0.1111740000
182500,2006-06-19 00:00:00Z,SE27 0RP,Flats/Maisonettes,Established,Leasehold,111,FLAT 3,ST JULIANS FARM ROAD,LONDON,LONDON,LAMBETH,GREATER LONDON,Standard,Addition,51.4288140000,-0.1121370000
225000,2006-08-14 00:00:00Z,SW16 3HZ,Flats/Maisonettes,Established,Leasehold,32,,CROWN LANE GARDENS,LONDON,LONDON,LAMBETH,GREATER LONDON,Standard,Addition,51.4235080000,-0.1104850000
137000,2006-05-19 00:00:00Z,SE27 0SB,Flats/Maisonettes,Established,Leasehold,108,FLAT D,THORNLAW ROAD,LONDON,LONDON,LAMBETH,GREATER LONDON,Standard,Addition,51.4277640000,-0.1106410000
435000,2006-07-13 00:00:00Z,SW16 2RB,Semi-Detached,Established,Freehold,194,,LEIGHAM COURT ROAD,LONDON,LONDON,LAMBETH,GREATER LONDON,Standard,Addition,51.4291160000,-0.1147280000
242950,2006-09-08 00:00:00Z,SW16 3HZ,Flats/Maisonettes,Established,Leasehold,8,,CROWN LANE GARDENS,LONDON,LONDON,LAMBETH,GREATER LONDON,Standard,Addition,51.4235080000,-0.1104850000
166750,2006-04-20 00:00:00Z,SE27 0SG,Flats/Maisonettes,Established,Leasehold,25,,LEAF GROVE,LONDON,LONDON,LAMBETH,GREATER LONDON,Standard,Addition,51.4262300000,-0.1136390000
202000,2006-02-01 00:00:00Z,SW16 2RT,Flats/Maisonettes,Established,Leasehold,10,,CHESTNUT CLOSE,LONDON,LONDON,LAMBETH,GREATER LONDON,Standard,Addition,51.4295570000,-0.1136600000
415000,2006-12-15 00:00:00Z,SW16 2HR,Semi-Detached,Established,Freehold,12,,VALLEYFIELD ROAD,LONDON,LONDON,LAMBETH,GREATER LONDON,Standard,Addition,51.4262880000,-0.1194760000
480000,2006-11-17 00:00:00Z,SW16 2RZ,Semi-Detached,Established,Freehold,299,,LEIGHAM COURT ROAD,LONDON,LONDON,LAMBETH,GREATER LONDON,Standard,Addition,51.4281160000,-0.1140360000
151000,2006-04-12 00:00:00Z,SW16 2AL,Flats/Maisonettes,Established,Leasehold,37,,MAPLE MEWS,LONDON,LONDON,LAMBETH,GREATER LONDON,Standard,Addition,51.4239650000,-0.1193130000
246000,2006-09-29 00:00:00Z,SW16 2QJ,Terraced,Established,Freehold,48,,FAWCETT CLOSE,LONDON,LONDON,LAMBETH,GREATER LONDON,Standard,Addition,51.4275200000,-0.1149950000
185000,2006-08-03 00:00:00Z,SW16 2RX,Flats/Maisonettes,Established,Leasehold,329A,,LEIGHAM COURT ROAD,LONDON,LONDON,LAMBETH,GREATER LONDON,Standard,Addition,51.4269810000,-0.1139380000
150000,2006-03-24 00:00:00Z,SW16 3RB,Flats/Maisonettes,Established,Leasehold,21,,HAWTHORN COURT,LONDON,LONDON,LAMBETH,GREATER LONDON,Standard,Addition,51.4241820000,-0.1121410000
151000,2006-08-11 00:00:00Z,SW16 3HY,Flats/Maisonettes,Established,Leasehold,FERN LODGE,FLAT 13,CROWN LANE,LONDON,LONDON,LAMBETH,GREATER LONDON,Standard,Addition,51.4234740000,-0.1122420000
150000,2006-02-27 00:00:00Z,SW16 3HZ,Flats/Maisonettes,Established,Leasehold,19,,CROWN LANE GARDENS,LONDON,LONDON,LAMBETH,GREATER LONDON,Standard,Addition,51.4235080000,-0.1104850000
185000,2006-05-19 00:00:00Z,SE27 0SQ,Flats/Maisonettes,Established,Leasehold,105,FLAT 2,THORNLAW ROAD,LONDON,LONDON,LAMBETH,GREATER LONDON,Standard,Addition,51.4280790000,-0.1111740000
250000,2006-11-02 00:00:00Z,SW16 3HA,Terraced,Established,Freehold,35,,HENRY TATE MEWS,LONDON,LONDON,LAMBETH,GREATER LONDON,Standard,Addition,51.4248220000,-0.1167030000
152500,2006-07-24 00:00:00Z,SW16 3QX,Flats/Maisonettes,Established,Leasehold,ASH COURT,FLAT 3,LEIGHAM COURT ROAD,,LONDON,LAMBETH,GREATER LONDON,Standard,Addition,51.4248030000,-0.1132370000
175000,2006-10-11 00:00:00Z,SW16 2AL,Flats/Maisonettes,Established,Leasehold,28,,MAPLE MEWS,LONDON,LONDON,LAMBETH,GREATER LONDON,Standard,Addition,51.4239650000,-0.1193130000
241000,2006-06-08 00:00:00Z,SW16 2XR,Flats/Maisonettes,Established,Freehold,98,,VALLEY ROAD,LONDON,LONDON,LAMBETH,GREATER LONDON,Standard,Addition,51.4299830000,-0.1194110000
192000,2006-08-25 00:00:00Z,SW16 3HZ,Flats/Maisonettes,Established,Leasehold,45,,CROWN LANE GARDENS,LONDON,LONDON,LAMBETH,GREATER LONDON,Standard,Addition,51.4235080000,-0.1104850000
285000,2006-07-25 00:00:00Z,SE27 0SD,Terraced,Established,Freehold,37,,LAMBERHURST ROAD,LONDON,LONDON,LAMBETH,GREATER LONDON,Standard,Addition,51.4258800000,-0.1119990000
332500,2006-12-15 00:00:00Z,SW16 3EH,Terraced,Established,Freehold,86,,RYECROFT ROAD,LONDON,LONDON,CROYDON,GREATER LONDON,Standard,Addition,51.4218890000,-0.1120260000
159000,2006-11-24 00:00:00Z,SW16 2AL,Flats/Maisonettes,Established,Leasehold,17,,MAPLE MEWS,LONDON,LONDON,LAMBETH,GREATER LONDON,Standard,Addition,51.4239650000,-0.1193130000
400000,2006-06-02 00:00:00Z,SW16 2HT,Semi-Detached,Established,Freehold,3,,STRATHDALE,,LONDON,LAMBETH,GREATER LONDON,Standard,Addition,51.4263970000,-0.1178890000
215000,2006-02-24 00:00:00Z,SE27 0RR,Flats/Maisonettes,Established,Leasehold,118,FLAT B,ST JULIANS FARM ROAD,LONDON,LONDON,LAMBETH,GREATER LONDON,Standard,Addition,51.4284620000,-0.1119820000
120000,2006-02-20 00:00:00Z,SW16 2RX,Flats/Maisonettes,Established,Leasehold,329A,,LEIGHAM COURT ROAD,LONDON,LONDON,LAMBETH,GREATER LONDON,Standard,Addition,51.4269810000,-0.1139380000
193500,2006-11-24 00:00:00Z,SW16 2SA,Flats/Maisonettes,Established,Leasehold,12,,CHARWOOD,LONDON,LONDON,LAMBETH,GREATER LONDON,Standard,Addition,51.4288190000,-0.1135890000
145000,2006-12-04 00:00:00Z,SW16 3HY,Flats/Maisonettes,Established,Leasehold,FERN LODGE,FLAT 10,CROWN LANE,LONDON,LONDON,LAMBETH,GREATER LONDON,Standard,Addition,51.4234740000,-0.1122420000
408000,2006-12-08 00:00:00Z,SW16 3HA,Terraced,Established,Freehold,44,,HENRY TATE MEWS,LONDON,LONDON,LAMBETH,GREATER LONDON,Standard,Addition,51.4248220000,-0.1167030000
197000,2006-06-09 00:00:00Z,SW16 2AL,Flats/Maisonettes,Established,Leasehold,36,,MAPLE MEWS,LONDON,LONDON,LAMBETH,GREATER LONDON,Standard,Addition,51.4239650000,-0.1193130000
340000,2006-01-06 00:00:00Z,SE27 0SE,Semi-Detached,Established,Freehold,68,,LAMBERHURST ROAD,,LONDON,LAMBETH,GREATER LONDON,Standard,Addition,51.4266910000,-0.1126870000
138000,2006-09-14 00:00:00Z,SW16 3QZ,Flats/Maisonettes,Established,Leasehold,BLACKTHORN COURT,FLAT 5,LEIGHAM COURT ROAD,LONDON,LONDON,LAMBETH,GREATER LONDON,Standard,Addition,51.4242920000,-0.1133590000
200000,2006-07-31 00:00:00Z,SE27 0TA,Flats/Maisonettes,Established,Leasehold,171,,CASEWICK ROAD,LONDON,LONDON,LAMBETH,GREATER LONDON,Standard,Addition,51.4270080000,-0.1105570000
130000,2006-07-26 00:00:00Z,SW16 3QY,Flats/Maisonettes,Established,Leasehold,14,,BEECH COURT,LONDON,LONDON,LAMBETH,GREATER LONDON,Standard,Addition,51.4246840000,-0.1131270000
230000,2006-09-08 00:00:00Z,SE27 0RW,Flats/Maisonettes,Established,Freehold,37,,UFFINGTON ROAD,LONDON,LONDON,LAMBETH,GREATER LONDON,Standard,Addition,51.4296860000,-0.1121730000
299950,2006-08-03 00:00:00Z,SW16 2QJ,Terraced,Established,Freehold,52,,FAWCETT CLOSE,LONDON,LONDON,LAMBETH,GREATER LONDON,Standard,Addition,51.4275200000,-0.1149950000
735000,2006-08-02 00:00:00Z,SE27 0RR,Detached,Established,Freehold,114,,ST JULIANS FARM ROAD,LONDON,LONDON,LAMBETH,GREATER LONDON,Standard,Addition,51.4284620000,-0.1119820000
455000,2006-12-15 00:00:00Z,SE27 0RW,Semi-Detached,Established,Freehold,25,,UFFINGTON ROAD,LONDON,LONDON,LAMBETH,GREATER LONDON,Standard,Addition,51.4296860000,-0.1121730000
130000,2006-04-05 00:00:00Z,SW16 2QN,Flats/Maisonettes,Established,Leasehold,14,,BENHURST COURT,,LONDON,LAMBETH,GREATER LONDON,Standard,Addition,51.4242590000,-0.1152300000
150000,2007-01-19 00:00:00Z,SW16 2SB,Flats/Maisonettes,Established,Leasehold,271,FLAT C,LEIGHAM COURT ROAD,LONDON,LONDON,LAMBETH,GREATER LONDON,Standard,Addition,51.4298960000,-0.1134870000
348000,2007-06-08 00:00:00Z,SE27 0LQ,Terraced,Established,Freehold,144,,CHEVIOT ROAD,LONDON,LONDON,LAMBETH,GREATER LONDON,Standard,Addition,51.4268010000,-0.1116870000
395000,2007-06-21 00:00:00Z,SE27 0LH,Terraced,Established,Freehold,34,,GREENHURST ROAD,LONDON,LONDON,LAMBETH,GREATER LONDON,Standard,Addition,51.4257620000,-0.1113850000
330500,2007-01-11 00:00:00Z,SE27 0RW,Flats/Maisonettes,Established,Freehold,37,,UFFINGTON ROAD,LONDON,LONDON,LAMBETH,GREATER LONDON,Standard,Addition,51.4296860000,-0.1121730000
197500,2007-08-01 00:00:00Z,SW16 2AL,Flats/Maisonettes,Established,Leasehold,30,,MAPLE MEWS,LONDON,LONDON,LAMBETH,GREATER LONDON,Standard,Addition,51.4239650000,-0.1193130000
865000,2007-02-16 00:00:00Z,SW16 3EH,Detached,Established,Freehold,74,,RYECROFT ROAD,LONDON,LONDON,CROYDON,GREATER LONDON,Standard,Addition,51.4218890000,-0.1120260000
430000,2007-02-14 00:00:00Z,SW16 3HA,Terraced,Established,Freehold,51,,HENRY TATE MEWS,LONDON,LONDON,LAMBETH,GREATER LONDON,Standard,Addition,51.4248220000,-0.1167030000
170000,2007-03-23 00:00:00Z,SW16 2SA,Flats/Maisonettes,Established,Leasehold,4,,CHARWOOD,LONDON,LONDON,LAMBETH,GREATER LONDON,Standard,Addition,51.4288190000,-0.1135890000
189950,2007-11-02 00:00:00Z,SW16 2QW,Flats/Maisonettes,Established,Leasehold,66,,BENHURST COURT,LONDON,LONDON,LAMBETH,GREATER LONDON,Standard,Addition,51.4250100000,-0.1155010000
540000,2007-04-13 00:00:00Z,SE27 0SE,Terraced,Established,Freehold,26,,LAMBERHURST ROAD,LONDON,LONDON,LAMBETH,GREATER LONDON,Standard,Addition,51.4266910000,-0.1126870000
185000,2007-05-25 00:00:00Z,SW16 2SB,Flats/Maisonettes,Established,Leasehold,273,FLAT D,LEIGHAM COURT ROAD,LONDON,LONDON,LAMBETH,GREATER LONDON,Standard,Addition,51.4298960000,-0.1134870000
227000,2007-12-14 00:00:00Z,SE27 0RR,Flats/Maisonettes,Established,Leasehold,124,FLAT 2,ST JULIANS FARM ROAD,LONDON,LONDON,LAMBETH,GREATER LONDON,Standard,Addition,51.4284620000,-0.1119820000
240000,2007-07-17 00:00:00Z,SW16 2QJ,Flats/Maisonettes,Established,Leasehold,12,,FAWCETT CLOSE,LONDON,LONDON,LAMBETH,GREATER LONDON,Standard,Addition,51.4275200000,-0.1149950000
190000,2007-06-01 00:00:00Z,SW16 3QX,Flats/Maisonettes,Established,Leasehold,6,,ASH COURT,LONDON,LONDON,LAMBETH,GREATER LONDON,Standard,Addition,51.4248030000,-0.1132370000
171000,2007-02-28 00:00:00Z,SW16 2QN,Flats/Maisonettes,Established,Leasehold,35,,BENHURST COURT,,LONDON,LAMBETH,GREATER LONDON,Standard,Addition,51.4242590000,-0.1152300000
225000,2007-01-12 00:00:00Z,SE27 0RW,Flats/Maisonettes,Established,Leasehold,30,LOWER MAISONETTE,UFFINGTON ROAD,LONDON,LONDON,LAMBETH,GREATER LONDON,Standard,Addition,51.4296860000,-0.1121730000
173000,2007-12-19 00:00:00Z,SW16 3QX,Flats/Maisonettes,Established,Leasehold,1,,ASH COURT,LONDON,LONDON,LAMBETH,GREATER LONDON,Standard,Addition,51.4248030000,-0.1132370000
240000,2007-05-11 00:00:00Z,SW16 2QJ,Terraced,Established,Freehold,64,,FAWCETT CLOSE,LONDON,LONDON,LAMBETH,GREATER LONDON,Standard,Addition,51.4275200000,-0.1149950000
145000,2007-10-17 00:00:00Z,SW16 3HY,Flats/Maisonettes,Established,Leasehold,FERN LODGE,FLAT 1,CROWN LANE,LONDON,LONDON,LAMBETH,GREATER LONDON,Standard,Addition,51.4234740000,-0.1122420000
900000,2007-03-30 00:00:00Z,SW16 3HA,Detached,Established,Freehold,12,,HENRY TATE MEWS,LONDON,LONDON,LAMBETH,GREATER LONDON,Standard,Addition,51.4248220000,-0.1167030000
218000,2007-02-02 00:00:00Z,SW16 2QP,Flats/Maisonettes,Established,Leasehold,286,FLAT 3,LEIGHAM COURT ROAD,LONDON,LONDON,LAMBETH,GREATER LONDON,Standard,Addition,51.4251370000,-0.1144530000
250000,2007-12-20 00:00:00Z,SW16 2QR,Terraced,Established,Freehold,270,,LEIGHAM COURT ROAD,LONDON,LONDON,LAMBETH,GREATER LONDON,Standard,Addition,51.4263530000,-0.1145680000
423000,2007-02-20 00:00:00Z,SE27 0RW,Semi-Detached,Established,Freehold,1,,UFFINGTON ROAD,LONDON,LONDON,LAMBETH,GREATER LONDON,Standard,Addition,51.4296860000,-0.1121730000
215000,2007-03-02 00:00:00Z,SW16 3HS,Flats/Maisonettes,New Build,Leasehold,44,SECOND FLOOR FLAT,STREATHAM COMMON NORTH,,LONDON,LAMBETH,GREATER LONDON,Standard,Addition,51.4235400000,-0.1191580000
570000,2007-03-23 00:00:00Z,SW16 2HZ,Detached,Established,Freehold,14,,BELLTREES GROVE,LONDON,LONDON,LAMBETH,GREATER LONDON,Standard,Addition,51.4255500000,-0.1172480000
256000,2007-08-17 00:00:00Z,SW16 2RT,Flats/Maisonettes,Established,Leasehold,10,,CHESTNUT CLOSE,LONDON,LONDON,LAMBETH,GREATER LONDON,Standard,Addition,51.4295570000,-0.1136600000
207000,2007-11-09 00:00:00Z,SW16 2QJ,Flats/Maisonettes,Established,Leasehold,30,,FAWCETT CLOSE,LONDON,LONDON,LAMBETH,GREATER LONDON,Standard,Addition,51.4275200000,-0.1149950000
620000,2007-09-13 00:00:00Z,SW16 2HZ,Detached,Established,Freehold,4,,BELLTREES GROVE,LONDON,LONDON,LAMBETH,GREATER LONDON,Standard,Addition,51.4255500000,-0.1172480000
250000,2007-04-04 00:00:00Z,SE27 0SB,Flats/Maisonettes,Established,Leasehold,96,,THORNLAW ROAD,LONDON,LONDON,LAMBETH,GREATER LONDON,Standard,Addition,51.4277640000,-0.1106410000
195000,2007-02-01 00:00:00Z,SE27 0SB,Flats/Maisonettes,Established,Leasehold,106,FLAT C,THORNLAW ROAD,LONDON,LONDON,LAMBETH,GREATER LONDON,Standard,Addition,51.4277640000,-0.1106410000
165500,2007-03-07 00:00:00Z,SW16 2QN,Flats/Maisonettes,Established,Leasehold,38,,BENHURST COURT,,LONDON,LAMBETH,GREATER LONDON,Standard,Addition,51.4242590000,-0.1152300000
167500,2007-04-26 00:00:00Z,SW16 2QN,Flats/Maisonettes,Established,Leasehold,19,,BENHURST COURT,LONDON,LONDON,LAMBETH,GREATER LONDON,Standard,Addition,51.4242590000,-0.1152300000
157000,2007-04-30 00:00:00Z,SW16 2QW,Flats/Maisonettes,Established,Leasehold,56,,BENHURST COURT,LONDON,LONDON,LAMBETH,GREATER LONDON,Standard,Addition,51.4250100000,-0.1155010000
190000,2007-12-13 00:00:00Z,SE27 0RP,Flats/Maisonettes,Established,Leasehold,111,FLAT 2,ST JULIANS FARM ROAD,LONDON,LONDON,LAMBETH,GREATER LONDON,Standard,Addition,51.4288140000,-0.1121370000
650000,2007-05-04 00:00:00Z,SW16 3EW,Detached,Established,Freehold,33,,RYECROFT ROAD,LONDON,LONDON,CROYDON,GREATER LONDON,Standard,Addition,51.4207830000,-0.1110010000
160000,2007-06-29 00:00:00Z,SW16 2QN,Flats/Maisonettes,Established,Leasehold,45,,BENHURST COURT,LONDON,LONDON,LAMBETH,GREATER LONDON,Standard,Addition,51.4242590000,-0.1152300000
399000,2007-11-09 00:00:00Z,SW16 3HA,Detached,Established,Freehold,"THE LODGE, 1",,HENRY TATE MEWS,LONDON,LONDON,LAMBETH,GREATER LONDON,Standard,Addition,51.4248220000,-0.1167030000
205000,2007-01-19 00:00:00Z,SW16 2AL,Flats/Maisonettes,Established,Leasehold,32,,MAPLE MEWS,LONDON,LONDON,LAMBETH,GREATER LONDON,Standard,Addition,51.4239650000,-0.1193130000
185000,2007-03-23 00:00:00Z,SE27 0RR,Flats/Maisonettes,Established,Leasehold,124,FLAT 6,ST JULIANS FARM ROAD,LONDON,LONDON,LAMBETH,GREATER LONDON,Standard,Addition,51.4284620000,-0.1119820000
158500,2007-06-29 00:00:00Z,SW16 2QN,Flats/Maisonettes,Established,Leasehold,6,,BENHURST COURT,LONDON,LONDON,LAMBETH,GREATER LONDON,Standard,Addition,51.4242590000,-0.1152300000
160000,2007-09-11 00:00:00Z,SE27 0RP,Flats/Maisonettes,Established,Leasehold,111,FLAT 4,ST JULIANS FARM ROAD,LONDON,LONDON,LAMBETH,GREATER LONDON,Standard,Addition,51.4288140000,-0.1121370000
182500,2007-10-12 00:00:00Z,SW16 2QN,Flats/Maisonettes,Established,Leasehold,42,,BENHURST COURT,,LONDON,LAMBETH,GREATER LONDON,Standard,Addition,51.4242590000,-0.1152300000
365000,2007-11-20 00:00:00Z,SE27 0SE,Flats/Maisonettes,Established,Freehold,92,,LAMBERHURST ROAD,LONDON,LONDON,LAMBETH,GREATER LONDON,Standard,Addition,51.4266910000,-0.1126870000
235000,2007-08-21 00:00:00Z,SW16 2SA,Flats/Maisonettes,Established,Leasehold,11,,CHARWOOD,LONDON,LONDON,LAMBETH,GREATER LONDON,Standard,Addition,51.4288190000,-0.1135890000
485000,2007-08-30 00:00:00Z,SE27 0TA,Semi-Detached,Established,Freehold,179,,CASEWICK ROAD,LONDON,LONDON,LAMBETH,GREATER LONDON,Standard,Addition,51.4270080000,-0.1105570000
750000,2007-03-30 00:00:00Z,SE27 0RP,Semi-Detached,Established,Freehold,133,,ST JULIANS FARM ROAD,LONDON,LONDON,LAMBETH,GREATER LONDON,Standard,Addition,51.4288140000,-0.1121370000
159950,2007-03-09 00:00:00Z,SW16 2QS,Flats/Maisonettes,Established,Leasehold,11,,NORMINGTON CLOSE,LONDON,LONDON,LAMBETH,GREATER LONDON,Standard,Addition,51.4268020000,-0.1153450000
385000,2007-03-15 00:00:00Z,SE27 0TA,Terraced,Established,Freehold,115,,CASEWICK ROAD,LONDON,LONDON,LAMBETH,GREATER LONDON,Standard,Addition,51.4270080000,-0.1105570000
152000,2007-05-15 00:00:00Z,SW16 3RF,Flats/Maisonettes,Established,Leasehold,MAPLE COURT,FLAT 2,LEIGHAM COURT ROAD,LONDON,LONDON,LAMBETH,GREATER LONDON,Standard,Addition,51.4235580000,-0.1135760000
433000,2007-03-09 00:00:00Z,SW16 3HA,Terraced,Established,Freehold,39,,HENRY TATE MEWS,LONDON,LONDON,LAMBETH,GREATER LONDON,Standard,Addition,51.4248220000,-0.1167030000
250000,2007-05-24 00:00:00Z,SE27 0RR,Flats/Maisonettes,Established,Leasehold,96,FLAT B,ST JULIANS FARM ROAD,,LONDON,LAMBETH,GREATER LONDON,Standard,Addition,51.4284620000,-0.1119820000
210000,2007-02-14 00:00:00Z,SW16 2SA,Flats/Maisonettes,Established,Leasehold,24,,CHARWOOD,LONDON,LONDON,LAMBETH,GREATER LONDON,Standard,Addition,51.4288190000,-0.1135890000
195000,2007-10-19 00:00:00Z,SW16 3QX,Flats/Maisonettes,Established,Leasehold,ASH COURT,FLAT 10,LEIGHAM COURT ROAD,LONDON,LONDON,LAMBETH,GREATER LONDON,Standard,Addition,51.4248030000,-0.1132370000
650000,2007-08-13 00:00:00Z,SW16 3HS,Terraced,Established,Freehold,46,,STREATHAM COMMON NORTH,LONDON,LONDON,LAMBETH,GREATER LONDON,Standard,Addition,51.4235400000,-0.1191580000
219000,2007-08-06 00:00:00Z,SE27 0RW,Terraced,Established,Freehold,26,,UFFINGTON ROAD,LONDON,LONDON,LAMBETH,GREATER LONDON,Standard,Addition,51.4296860000,-0.1121730000
227500,2007-10-26 00:00:00Z,SW16 2RZ,Flats/Maisonettes,Established,Leasehold,291,FLAT 3,LEIGHAM COURT ROAD,LONDON,LONDON,LAMBETH,GREATER LONDON,Standard,Addition,51.4281160000,-0.1140360000
225000,2007-09-03 00:00:00Z,SW16 2AL,Flats/Maisonettes,Established,Leasehold,18,,MAPLE MEWS,LONDON,LONDON,LAMBETH,GREATER LONDON,Standard,Addition,51.4239650000,-0.1193130000
208000,2007-06-19 00:00:00Z,SW16 2RX,Flats/Maisonettes,Established,Leasehold,"VENITA MANOR, 317",FLAT F,LEIGHAM COURT ROAD,LONDON,LONDON,LAMBETH,GREATER LONDON,Standard,Addition,51.4269810000,-0.1139380000
390000,2007-06-11 00:00:00Z,SE27 0SQ,Terraced,Established,Freehold,111,,THORNLAW ROAD,LONDON,LONDON,LAMBETH,GREATER LONDON,Standard,Addition,51.4280790000,-0.1111740000
169000,2007-02-15 00:00:00Z,SW16 2QN,Flats/Maisonettes,Established,Leasehold,48,,BENHURST COURT,LONDON,LONDON,LAMBETH,GREATER LONDON,Standard,Addition,51.4242590000,-0.1152300000
390000,2007-04-05 00:00:00Z,SW16 3HA,Flats/Maisonettes,Established,Leasehold,9,,HENRY TATE MEWS,,LONDON,LAMBETH,GREATER LONDON,Standard,Addition,51.4248220000,-0.1167030000
340000,2007-01-26 00:00:00Z,SW16 2HR,Semi-Detached,Established,Freehold,36,,VALLEYFIELD ROAD,,LONDON,WANDSWORTH,GREATER LONDON,Standard,Addition,51.4262880000,-0.1194760000
147500,2007-01-31 00:00:00Z,SW16 3RE,Flats/Maisonettes,Established,Leasehold,LABURNHAM COURT,FLAT 1,LEIGHAM COURT ROAD,STREATHAM,LONDON,LAMBETH,GREATER LONDON,Standard,Addition,51.4237970000,-0.1128900000
460000,2007-06-08 00:00:00Z,SW16 3HA,Terraced,Established,Freehold,14,,HENRY TATE MEWS,LONDON,LONDON,LAMBETH,GREATER LONDON,Standard,Addition,51.4248220000,-0.1167030000
162500,2007-04-05 00:00:00Z,SE27 0SB,Flats/Maisonettes,Established,Leasehold,108,FLAT C,THORNLAW ROAD,LONDON,LONDON,LAMBETH,GREATER LONDON,Standard,Addition,51.4277640000,-0.1106410000
175000,2007-05-11 00:00:00Z,SE27 0RR,Flats/Maisonettes,Established,Leasehold,124,FLAT 2,ST JULIANS FARM ROAD,LONDON,LONDON,LAMBETH,GREATER LONDON,Standard,Addition,51.4284620000,-0.1119820000
297500,2007-12-14 00:00:00Z,SW16 2QR,Terraced,Established,Freehold,268,,LEIGHAM COURT ROAD,LONDON,LONDON,LAMBETH,GREATER LONDON,Standard,Addition,51.4263530000,-0.1145680000
270127,2007-05-04 00:00:00Z,SE27 0RR,Flats/Maisonettes,Established,Leasehold,96,FLAT A,ST JULIANS FARM ROAD,LONDON,LONDON,LAMBETH,GREATER LONDON,Standard,Addition,51.4284620000,-0.1119820000
303000,2007-07-31 00:00:00Z,SE27 0RP,Flats/Maisonettes,Established,Leasehold,127A,,ST JULIANS FARM ROAD,LONDON,LONDON,LAMBETH,GREATER LONDON,Standard,Addition,51.4288140000,-0.1121370000
385000,2007-03-31 00:00:00Z,SW16 2JA,Detached,Established,Freehold,82,,VALLEYFIELD ROAD,LONDON,LONDON,LAMBETH,GREATER LONDON,Standard,Addition,51.4256820000,-0.1153440000
185000,2007-10-17 00:00:00Z,SW16 3QY,Flats/Maisonettes,Established,Leasehold,15,,BEECH COURT,LONDON,LONDON,LAMBETH,GREATER LONDON,Standard,Addition,51.4246840000,-0.1131270000
168000,2007-06-08 00:00:00Z,SW16 3QY,Flats/Maisonettes,Established,Leasehold,BEECH COURT,FLAT 2,LEIGHAM COURT ROAD,LONDON,LONDON,LAMBETH,GREATER LONDON,Standard,Addition,51.4246840000,-0.1131270000
175000,2007-10-29 00:00:00Z,SW16 2QN,Flats/Maisonettes,Established,Leasehold,43,,BENHURST COURT,LONDON,LONDON,LAMBETH,GREATER LONDON,Standard,Addition,51.4242590000,-0.1152300000
389950,2007-09-27 00:00:00Z,SE27 0LH,Terraced,Established,Freehold,6,,GREENHURST ROAD,LONDON,LONDON,LAMBETH,GREATER LONDON,Standard,Addition,51.4257620000,-0.1113850000
195000,2007-03-09 00:00:00Z,SW16 3RB,Flats/Maisonettes,Established,Leasehold,21,,HAWTHORN COURT,LONDON,LONDON,LAMBETH,GREATER LONDON,Standard,Addition,51.4241820000,-0.1121410000
575000,2007-10-02 00:00:00Z,SW16 3HA,Terraced,Established,Freehold,18,,HENRY TATE MEWS,LONDON,LONDON,LAMBETH,GREATER LONDON,Standard,Addition,51.4248220000,-0.1167030000
387000,2007-07-02 00:00:00Z,SE27 0SG,Detached,Established,Freehold,THE PANTILES,,LEAF GROVE,LONDON,LONDON,LAMBETH,GREATER LONDON,Standard,Addition,51.4262300000,-0.1136390000
800000,2007-10-08 00:00:00Z,SE27 0RP,Detached,Established,Freehold,109,,ST JULIANS FARM ROAD,LONDON,LONDON,LAMBETH,GREATER LONDON,Standard,Addition,51.4288140000,-0.1121370000
162000,2007-04-27 00:00:00Z,SW16 3RG,Flats/Maisonettes,Established,Leasehold,SYCAMORE COURT,FLAT 8,LEIGHAM COURT ROAD,LONDON,LONDON,LAMBETH,GREATER LONDON,Standard,Addition,51.4239430000,-0.1140200000
225000,2007-07-31 00:00:00Z,SW16 2SA,Terraced,Established,Leasehold,27,,CHARWOOD,LONDON,LONDON,LAMBETH,GREATER LONDON,Standard,Addition,51.4288190000,-0.1135890000
529500,2007-12-03 00:00:00Z,SE27 0TA,Terraced,Established,Freehold,105,,CASEWICK ROAD,LONDON,LONDON,LAMBETH,GREATER LONDON,Standard,Addition,51.4270080000,-0.1105570000
182450,2007-03-16 00:00:00Z,SW16 3RD,Flats/Maisonettes,Established,Leasehold,HAZEL COURT,FLAT 7,LEIGHAM COURT ROAD,LONDON,LONDON,LAMBETH,GREATER LONDON,Standard,Addition,51.4241180000,-0.1120570000
235000,2007-02-02 00:00:00Z,SW16 2AL,Flats/Maisonettes,Established,Leasehold,10,,MAPLE MEWS,LONDON,LONDON,LAMBETH,GREATER LONDON,Standard,Addition,51.4239650000,-0.1193130000
166000,2007-10-25 00:00:00Z,SW16 2QN,Flats/Maisonettes,Established,Leasehold,37,,BENHURST COURT,LONDON,LONDON,LAMBETH,GREATER LONDON,Standard,Addition,51.4242590000,-0.1152300000
174500,2007-09-21 00:00:00Z,SE27 0SG,Flats/Maisonettes,Established,Leasehold,3,,LEAF GROVE,LONDON,LONDON,LAMBETH,GREATER LONDON,Standard,Addition,51.4262300000,-0.1136390000
245000,2007-05-09 00:00:00Z,SE27 0LH,Semi-Detached,Established,Freehold,19,,GREENHURST ROAD,LONDON,LONDON,LAMBETH,GREATER LONDON,Standard,Addition,51.4257620000,-0.1113850000
473250,2007-10-23 00:00:00Z,SW16 2RB,Semi-Detached,Established,Freehold,220,,LEIGHAM COURT ROAD,LONDON,LONDON,LAMBETH,GREATER LONDON,Standard,Addition,51.4291160000,-0.1147280000
107000,2007-05-22 00:00:00Z,SW16 2RZ,Flats/Maisonettes,Established,Leasehold,291,FLAT 6,LEIGHAM COURT ROAD,LONDON,LONDON,LAMBETH,GREATER LONDON,Standard,Addition,51.4281160000,-0.1140360000
190000,2007-11-02 00:00:00Z,SW16 3QY,Flats/Maisonettes,Established,Leasehold,9,,BEECH COURT,LONDON,LONDON,LAMBETH,GREATER LONDON,Standard,Addition,51.4246840000,-0.1131270000
255000,2007-05-10 00:00:00Z,SW16 3HZ,Flats/Maisonettes,Established,Leasehold,37,,CROWN LANE GARDENS,LONDON,LONDON,LAMBETH,GREATER LONDON,Standard,Addition,51.4235080000,-0.1104850000
174000,2008-11-28 00:00:00Z,SW16 3EN,Flats/Maisonettes,Established,Leasehold,"FIVE OAKS, 69",FLAT 2,RYECROFT ROAD,LONDON,LONDON,CROYDON,GREATER LONDON,Standard,Addition,51.4214440000,-0.1135070000
316000,2008-12-12 00:00:00Z,SW16 2HT,Semi-Detached,Established,Freehold,9,,STRATHDALE,LONDON,LONDON,LAMBETH,GREATER LONDON,Standard,Addition,51.4263970000,-0.1178890000
245000,2008-02-29 00:00:00Z,SW16 3JF,Flats/Maisonettes,Established,Leasehold,53,FLAT 1,CROWN LANE,LONDON,LONDON,CROYDON,GREATER LONDON,Standard,Addition,51.4230380000,-0.1125210000
225000,2008-02-05 00:00:00Z,SW16 2QJ,Flats/Maisonettes,Established,Leasehold,28,,FAWCETT CLOSE,LONDON,LONDON,LAMBETH,GREATER LONDON,Standard,Addition,51.4275200000,-0.1149950000
182500,2008-11-12 00:00:00Z,SW16 2QP,Flats/Maisonettes,Established,Leasehold,290,FLAT 3,LEIGHAM COURT ROAD,LONDON,LONDON,LAMBETH,GREATER LONDON,Standard,Addition,51.4251370000,-0.1144530000
192500,2008-05-09 00:00:00Z,SE27 0SB,Flats/Maisonettes,Established,Leasehold,112,FLAT D,THORNLAW ROAD,LONDON,LONDON,LAMBETH,GREATER LONDON,Standard,Addition,51.4277640000,-0.1106410000
240000,2008-02-29 00:00:00Z,SW16 3JF,Flats/Maisonettes,Established,Leasehold,53,FLAT 3,CROWN LANE,LONDON,LONDON,CROYDON,GREATER LONDON,Standard,Addition,51.4230380000,-0.1125210000
287000,2008-11-10 00:00:00Z,SW16 2XR,Flats/Maisonettes,Established,Leasehold,128,,VALLEY ROAD,LONDON,LONDON,LAMBETH,GREATER LONDON,Standard,Addition,51.4299830000,-0.1194110000
347500,2008-01-25 00:00:00Z,SE27 0LH,Terraced,Established,Freehold,21,,GREENHURST ROAD,LONDON,LONDON,LAMBETH,GREATER LONDON,Standard,Addition,51.4257620000,-0.1113850000
495000,2008-09-26 00:00:00Z,SW16 3EQ,Detached,Established,Freehold,30,,RYECROFT ROAD,LONDON,LONDON,CROYDON,GREATER LONDON,Standard,Addition,51.4210530000,-0.1115650000
245000,2008-03-19 00:00:00Z,SW16 3JF,Flats/Maisonettes,Established,Leasehold,53,FLAT 2,CROWN LANE,LONDON,LONDON,CROYDON,GREATER LONDON,Standard,Addition,51.4230380000,-0.1125210000
240000,2008-03-03 00:00:00Z,SW16 3QU,Flats/Maisonettes,Established,Leasehold,11,,ALDER COURT,LONDON,LONDON,LAMBETH,GREATER LONDON,Standard,Addition,51.4244620000,-0.1138840000
240000,2008-02-29 00:00:00Z,SW16 3JF,Flats/Maisonettes,Established,Leasehold,53,FLAT 4,CROWN LANE,LONDON,LONDON,CROYDON,GREATER LONDON,Standard,Addition,51.4230380000,-0.1125210000
229000,2008-09-25 00:00:00Z,SW16 2RT,Flats/Maisonettes,Established,Leasehold,8,,CHESTNUT CLOSE,LONDON,LONDON,LAMBETH,GREATER LONDON,Standard,Addition,51.4295570000,-0.1136600000
387500,2008-09-01 00:00:00Z,SW16 3EN,Flats/Maisonettes,Established,Leasehold,"FIVE OAKS, 69",FLAT 4,RYECROFT ROAD,LONDON,LONDON,CROYDON,GREATER LONDON,Standard,Addition,51.4214440000,-0.1135070000
249000,2008-11-07 00:00:00Z,SW16 2QS,Terraced,Established,Freehold,6,,NORMINGTON CLOSE,LONDON,LONDON,LAMBETH,GREATER LONDON,Standard,Addition,51.4268020000,-0.1153450000
174000,2008-03-07 00:00:00Z,SW16 3RF,Flats/Maisonettes,Established,Leasehold,5,,MAPLE COURT,LONDON,LONDON,LAMBETH,GREATER LONDON,Standard,Addition,51.4235580000,-0.1135760000
175000,2008-12-09 00:00:00Z,SE27 0TA,Flats/Maisonettes,Established,Leasehold,101,,CASEWICK ROAD,LONDON,LONDON,LAMBETH,GREATER LONDON,Standard,Addition,51.4270080000,-0.1105570000
390000,2008-07-23 00:00:00Z,SW16 2HS,Detached,Established,Freehold,43,,VALLEYFIELD ROAD,LONDON,LONDON,LAMBETH,GREATER LONDON,Standard,Addition,51.4270260000,-0.1189860000
210000,2008-02-01 00:00:00Z,SW16 2QP,Flats/Maisonettes,Established,Leasehold,"NORMAN COURT, 296",FLAT 11,LEIGHAM COURT ROAD,LONDON,LONDON,LAMBETH,GREATER LONDON,Standard,Addition,51.4251370000,-0.1144530000
443500,2008-05-01 00:00:00Z,SW16 2HS,Detached,Established,Freehold,9,,VALLEYFIELD ROAD,LONDON,LONDON,LAMBETH,GREATER LONDON,Standard,Addition,51.4270260000,-0.1189860000
270000,2008-11-10 00:00:00Z,SW16 3HS,Flats/Maisonettes,New Build,Leasehold,44,FIRST FLOOR FLAT,STREATHAM COMMON NORTH,LONDON,LONDON,LAMBETH,GREATER LONDON,Standard,Addition,51.4235400000,-0.1191580000
215000,2008-03-10 00:00:00Z,SE27 0SB,Flats/Maisonettes,Established,Leasehold,104,FLAT A,THORNLAW ROAD,LONDON,LONDON,LAMBETH,GREATER LONDON,Standard,Addition,51.4277640000,-0.1106410000
915000,2008-08-05 00:00:00Z,SE27 0RP,Detached,Established,Freehold,115,,ST JULIANS FARM ROAD,LONDON,LONDON,LAMBETH,GREATER LONDON,Standard,Addition,51.4288140000,-0.1121370000
970000,2008-03-18 00:00:00Z,SE27 0RR,Detached,Established,Freehold,110,,ST JULIANS FARM ROAD,LONDON,LONDON,LAMBETH,GREATER LONDON,Standard,Addition,51.4284620000,-0.1119820000
450000,2008-07-25 00:00:00Z,SW16 2HR,Semi-Detached,Established,Freehold,44,,VALLEYFIELD ROAD,LONDON,LONDON,LAMBETH,GREATER LONDON,Standard,Addition,51.4262880000,-0.1194760000
579000,2008-03-06 00:00:00Z,SW16 2RY,Semi-Detached,Established,Freehold,5,,ST JULIANS CLOSE,LONDON,LONDON,LAMBETH,GREATER LONDON,Standard,Addition,51.4275110000,-0.1133410000
200000,2008-08-22 00:00:00Z,SW16 2RX,Flats/Maisonettes,Established,Leasehold,"VENITA MANOR, 317",FLAT H,LEIGHAM COURT ROAD,LONDON,LONDON,LAMBETH,GREATER LONDON,Standard,Addition,51.4269810000,-0.1139380000
407000,2008-01-25 00:00:00Z,SE27 0SQ,Semi-Detached,Established,Freehold,123,,THORNLAW ROAD,LONDON,LONDON,LAMBETH,GREATER LONDON,Standard,Addition,51.4280790000,-0.1111740000
215000,2008-02-29 00:00:00Z,SW16 3JF,Flats/Maisonettes,Established,Leasehold,53,FLAT 5,CROWN LANE,LONDON,LONDON,CROYDON,GREATER LONDON,Standard,Addition,51.4230380000,-0.1125210000
230000,2008-08-28 00:00:00Z,SE27 0TA,Flats/Maisonettes,Established,Leasehold,177,,CASEWICK ROAD,LONDON,LONDON,LAMBETH,GREATER LONDON,Standard,Addition,51.4270080000,-0.1105570000
182500,2008-02-14 00:00:00Z,SW16 2QW,Flats/Maisonettes,Established,Leasehold,71,,BENHURST COURT,LONDON,LONDON,LAMBETH,GREATER LONDON,Standard,Addition,51.4250100000,-0.1155010000
175000,2008-09-07 00:00:00Z,SW16 2QU,Semi-Detached,Established,Freehold,19,,SPRINGWELL ROAD,LONDON,LONDON,LAMBETH,GREATER LONDON,Standard,Addition,51.4271190000,-0.1163490000
785000,2008-04-22 00:00:00Z,SE27 0SQ,Detached,Established,Freehold,91,,THORNLAW ROAD,LONDON,LONDON,LAMBETH,GREATER LONDON,Standard,Addition,51.4280790000,-0.1111740000
195000,2008-01-04 00:00:00Z,SE27 0RR,Flats/Maisonettes,Established,Leasehold,120,FLAT 4,ST JULIANS FARM ROAD,,LONDON,LAMBETH,GREATER LONDON,Standard,Addition,51.4284620000,-0.1119820000
450000,2008-04-11 00:00:00Z,SW16 2HU,Semi-Detached,Established,Freehold,70,,VALLEYFIELD ROAD,LONDON,LONDON,LAMBETH,GREATER LONDON,Standard,Addition,51.4263860000,-0.1166670000
340000,2008-09-19 00:00:00Z,SE27 0SQ,Terraced,Established,Freehold,131,,THORNLAW ROAD,LONDON,LONDON,LAMBETH,GREATER LONDON,Standard,Addition,51.4280790000,-0.1111740000
184000,2008-10-23 00:00:00Z,SW16 2RX,Flats/Maisonettes,Established,Leasehold,"VENITA MANOR, 317",FLAT J,LEIGHAM COURT ROAD,LONDON,LONDON,LAMBETH,GREATER LONDON,Standard,Addition,51.4269810000,-0.1139380000
330000,2008-11-14 00:00:00Z,SW16 2HR,Semi-Detached,Established,Freehold,2,,VALLEYFIELD ROAD,LONDON,LONDON,LAMBETH,GREATER LONDON,Standard,Addition,51.4262880000,-0.1194760000
133000,2008-02-27 00:00:00Z,SW16 3QX,Flats/Maisonettes,Established,Leasehold,ASH COURT,FLAT 7,LEIGHAM COURT ROAD,LONDON,LONDON,LAMBETH,GREATER LONDON,Standard,Addition,51.4248030000,-0.1132370000
155000,2009-01-12 00:00:00Z,SW16 3EN,Flats/Maisonettes,Established,Leasehold,"FIVE OAKS, 69",FLAT 3,RYECROFT ROAD,,LONDON,CROYDON,GREATER LONDON,Standard,Addition,51.4214440000,-0.1135070000
499951,2009-10-30 00:00:00Z,SW16 3HS,Semi-Detached,Established,Freehold,47,,STREATHAM COMMON NORTH,,LONDON,LAMBETH,GREATER LONDON,Standard,Addition,51.4235400000,-0.1191580000
160000,2009-11-06 00:00:00Z,SE27 0SG,Flats/Maisonettes,Established,Leasehold,13,,LEAF GROVE,,LONDON,LAMBETH,GREATER LONDON,Standard,Addition,51.4262300000,-0.1136390000
321000,2009-09-11 00:00:00Z,SE27 0LQ,Terraced,Established,Freehold,71,,CHEVIOT ROAD,,LONDON,LAMBETH,GREATER LONDON,Standard,Addition,51.4268010000,-0.1116870000
325000,2009-12-08 00:00:00Z,SW16 2SB,Semi-Detached,Established,Freehold,261,,LEIGHAM COURT ROAD,,LONDON,LAMBETH,GREATER LONDON,Standard,Addition,51.4298960000,-0.1134870000
135300,2009-08-11 00:00:00Z,SW16 3RE,Flats/Maisonettes,Established,Leasehold,LABURNUM COURT,FLAT 9,LEIGHAM COURT ROAD,,LONDON,LAMBETH,GREATER LONDON,Standard,Addition,51.4237970000,-0.1128900000
330000,2009-09-18 00:00:00Z,SE27 0SD,Terraced,Established,Freehold,37,,LAMBERHURST ROAD,,LONDON,LAMBETH,GREATER LONDON,Standard,Addition,51.4258800000,-0.1119990000
265000,2009-07-31 00:00:00Z,SW16 3HZ,Flats/Maisonettes,Established,Leasehold,8,,CROWN LANE GARDENS,,LONDON,LAMBETH,GREATER LONDON,Standard,Addition,51.4235080000,-0.1104850000
238000,2009-10-12 00:00:00Z,SE27 0TA,Flats/Maisonettes,Established,Leasehold,173,,CASEWICK ROAD,,LONDON,LAMBETH,GREATER LONDON,Standard,Addition,51.4270080000,-0.1105570000
140000,2009-09-01 00:00:00Z,SE27 0SG,Flats/Maisonettes,Established,Leasehold,23,,LEAF GROVE,,LONDON,LAMBETH,GREATER LONDON,Standard,Addition,51.4262300000,-0.1136390000
240000,2009-08-26 00:00:00Z,SE27 0RR,Flats/Maisonettes,Established,Leasehold,118,FLAT B,ST JULIANS FARM ROAD,,LONDON,LAMBETH,GREATER LONDON,Standard,Addition,51.4284620000,-0.1119820000
250000,2009-08-21 00:00:00Z,SW16 2XR,Flats/Maisonettes,Established,Leasehold,136,,VALLEY ROAD,,LONDON,LAMBETH,GREATER LONDON,Standard,Addition,51.4299830000,-0.1194110000
530000,2009-11-25 00:00:00Z,SW16 3EN,Semi-Detached,Established,Freehold,69A,,RYECROFT ROAD,,LONDON,CROYDON,GREATER LONDON,Standard,Addition,51.4214440000,-0.1135070000
116000,2009-02-12 00:00:00Z,SW16 2SB,Flats/Maisonettes,Established,Leasehold,271,FLAT E,LEIGHAM COURT ROAD,LONDON,LONDON,LAMBETH,GREATER LONDON,Standard,Addition,51.4298960000,-0.1134870000
105000,2009-07-31 00:00:00Z,SW16 2QW,Flats/Maisonettes,Established,Leasehold,50,,BENHURST COURT,,LONDON,LAMBETH,GREATER LONDON,Standard,Addition,51.4250100000,-0.1155010000
635000,2009-11-04 00:00:00Z,SW16 3EQ,Detached,Established,Freehold,44,,RYECROFT ROAD,,LONDON,CROYDON,GREATER LONDON,Standard,Addition,51.4210530000,-0.1115650000
280000,2009-07-17 00:00:00Z,SW16 2XR,Flats/Maisonettes,Established,Leasehold,156,,VALLEY ROAD,,LONDON,LAMBETH,GREATER LONDON,Standard,Addition,51.4299830000,-0.1194110000
230000,2009-05-19 00:00:00Z,SW16 2XR,Flats/Maisonettes,Established,Leasehold,108,,VALLEY ROAD,,LONDON,LAMBETH,GREATER LONDON,Standard,Addition,51.4299830000,-0.1194110000
302000,2009-03-09 00:00:00Z,SE27 0LH,Terraced,Established,Freehold,12,,GREENHURST ROAD,,LONDON,LAMBETH,GREATER LONDON,Standard,Addition,51.4257620000,-0.1113850000
174999,2009-05-21 00:00:00Z,SW16 2AL,Flats/Maisonettes,Established,Leasehold,18,,MAPLE MEWS,,LONDON,LAMBETH,GREATER LONDON,Standard,Addition,51.4239650000,-0.1193130000
265000,2009-09-08 00:00:00Z,SW16 2HR,Semi-Detached,Established,Freehold,20,,VALLEYFIELD ROAD,,LONDON,LAMBETH,GREATER LONDON,Standard,Addition,51.4262880000,-0.1194760000
375000,2009-10-09 00:00:00Z,SW16 3HA,Semi-Detached,Established,Freehold,36,,HENRY TATE MEWS,,LONDON,LAMBETH,GREATER LONDON,Standard,Addition,51.4248220000,-0.1167030000
188000,2009-09-18 00:00:00Z,SE27 0SB,Flats/Maisonettes,Established,Leasehold,104B,,THORNLAW ROAD,,LONDON,LAMBETH,GREATER LONDON,Standard,Addition,51.4277640000,-0.1106410000
156000,2009-09-17 00:00:00Z,SW16 2QW,Flats/Maisonettes,Established,Leasehold,51,,BENHURST COURT,,LONDON,LAMBETH,GREATER LONDON,Standard,Addition,51.4250100000,-0.1155010000
445000,2010-06-11 00:00:00Z,SE27 0TA,Terraced,Established,Freehold,117,,CASEWICK ROAD,,LONDON,LAMBETH,GREATER LONDON,Standard,Addition,51.4270080000,-0.1105570000
176500,2010-11-30 00:00:00Z,SW16 2QJ,Flats/Maisonettes,Established,Leasehold,17,,FAWCETT CLOSE,,LONDON,LAMBETH,GREATER LONDON,Standard,Addition,51.4275200000,-0.1149950000
140000,2010-10-29 00:00:00Z,SW16 3QU,Flats/Maisonettes,Established,Leasehold,ALDER COURT,FLAT 1,LEIGHAM COURT ROAD,,LONDON,LAMBETH,GREATER LONDON,Standard,Addition,51.4244620000,-0.1138840000
238000,2010-08-02 00:00:00Z,SW16 2SH,Terraced,Established,Leasehold,18,,CHESTNUT CLOSE,,LONDON,LAMBETH,GREATER LONDON,Standard,Addition,51.4294520000,-0.1132610000
152000,2010-03-02 00:00:00Z,SW16 2QP,Flats/Maisonettes,Established,Leasehold,"NORMAN COURT, 296",FLAT 2,LEIGHAM COURT ROAD,,LONDON,LAMBETH,GREATER LONDON,Standard,Addition,51.4251370000,-0.1144530000
150000,2010-06-18 00:00:00Z,SW16 2QW,Flats/Maisonettes,Established,Leasehold,70,,BENHURST COURT,,LONDON,LAMBETH,GREATER LONDON,Standard,Addition,51.4250100000,-0.1155010000
275000,2010-02-05 00:00:00Z,SW16 2QJ,Semi-Detached,Established,Freehold,50,,FAWCETT CLOSE,,LONDON,LAMBETH,GREATER LONDON,Standard,Addition,51.4275200000,-0.1149950000
125000,2010-09-10 00:00:00Z,SW16 2QN,Flats/Maisonettes,Established,Leasehold,40,,BENHURST COURT,,LONDON,LAMBETH,GREATER LONDON,Standard,Addition,51.4242590000,-0.1152300000
300000,2010-05-12 00:00:00Z,SW16 2XR,Flats/Maisonettes,Established,Leasehold,158,,VALLEY ROAD,,LONDON,LAMBETH,GREATER LONDON,Standard,Addition,51.4299830000,-0.1194110000
370000,2010-02-17 00:00:00Z,SW16 3EH,Detached,Established,Freehold,80,,RYECROFT ROAD,,LONDON,CROYDON,GREATER LONDON,Standard,Addition,51.4218890000,-0.1120260000
825000,2010-11-12 00:00:00Z,SW16 3JE,Detached,Established,Freehold,49,,CROWN LANE,,LONDON,CROYDON,GREATER LONDON,Standard,Addition,51.4228820000,-0.1101520000
299000,2010-11-19 00:00:00Z,SW16 2XR,Flats/Maisonettes,Established,Leasehold,174,,VALLEY ROAD,,LONDON,LAMBETH,GREATER LONDON,Standard,Addition,51.4299830000,-0.1194110000
282500,2010-10-01 00:00:00Z,SE27 0SD,Terraced,Established,Freehold,25,,LAMBERHURST ROAD,,LONDON,LAMBETH,GREATER LONDON,Standard,Addition,51.4258800000,-0.1119990000
187000,2010-10-27 00:00:00Z,SW16 3HZ,Flats/Maisonettes,Established,Leasehold,27,,CROWN LANE GARDENS,,LONDON,LAMBETH,GREATER LONDON,Standard,Addition,51.4235080000,-0.1104850000
140000,2010-10-20 00:00:00Z,SW16 2QN,Flats/Maisonettes,Established,Leasehold,44,,BENHURST COURT,,LONDON,LAMBETH,GREATER LONDON,Standard,Addition,51.4242590000,-0.1152300000
383000,2010-08-27 00:00:00Z,SE27 0LH,Terraced,Established,Freehold,21,,GREENHURST ROAD,,LONDON,LAMBETH,GREATER LONDON,Standard,Addition,51.4257620000,-0.1113850000
148000,2010-07-19 00:00:00Z,SW16 3HY,Flats/Maisonettes,Established,Leasehold,FERN LODGE,FLAT 12,CROWN LANE,,LONDON,LAMBETH,GREATER LONDON,Standard,Addition,51.4234740000,-0.1122420000
130000,2010-04-30 00:00:00Z,SW16 2QW,Flats/Maisonettes,Established,Leasehold,69,,BENHURST COURT,,LONDON,LAMBETH,GREATER LONDON,Standard,Addition,51.4250100000,-0.1155010000
230000,2010-04-09 00:00:00Z,SE27 0RP,Flats/Maisonettes,Established,Leasehold,127B,,ST JULIANS FARM ROAD,,LONDON,LAMBETH,GREATER LONDON,Standard,Addition,51.4288140000,-0.1121370000
155000,2010-11-22 00:00:00Z,SW16 2QN,Flats/Maisonettes,Established,Leasehold,32,,BENHURST COURT,,LONDON,LAMBETH,GREATER LONDON,Standard,Addition,51.4242590000,-0.1152300000
701000,2010-06-01 00:00:00Z,SW16 3EH,Detached,Established,Freehold,66,,RYECROFT ROAD,,LONDON,CROYDON,GREATER LONDON,Standard,Addition,51.4218890000,-0.1120260000
186250,2010-07-02 00:00:00Z,SE27 0SG,Flats/Maisonettes,Established,Leasehold,17,,LEAF GROVE,,LONDON,LAMBETH,GREATER LONDON,Standard,Addition,51.4262300000,-0.1136390000
144000,2010-08-03 00:00:00Z,SW16 3HY,Flats/Maisonettes,Established,Leasehold,FERN LODGE,FLAT 18,CROWN LANE,,LONDON,LAMBETH,GREATER LONDON,Standard,Addition,51.4234740000,-0.1122420000
810000,2010-01-26 00:00:00Z,SE27 0RP,Detached,Established,Freehold,107,,ST JULIANS FARM ROAD,,LONDON,LAMBETH,GREATER LONDON,Standard,Addition,51.4288140000,-0.1121370000
410000,2010-07-01 00:00:00Z,SW16 3BY,Semi-Detached,Established,Freehold,191,,COVINGTON WAY,,LONDON,CROYDON,GREATER LONDON,Standard,Addition,51.4204490000,-0.1187950000
285000,2010-06-18 00:00:00Z,SW16 2XR,Flats/Maisonettes,Established,Leasehold,142,,VALLEY ROAD,,LONDON,LAMBETH,GREATER LONDON,Standard,Addition,51.4299830000,-0.1194110000
140000,2010-09-30 00:00:00Z,SW16 2SB,Flats/Maisonettes,Established,Leasehold,273,FLAT F,LEIGHAM COURT ROAD,,LONDON,LAMBETH,GREATER LONDON,Standard,Addition,51.4298960000,-0.1134870000
710000,2010-07-01 00:00:00Z,SW16 3EL,Detached,Established,Freehold,4,,JERVISTON GARDENS,,LONDON,CROYDON,GREATER LONDON,Standard,Addition,51.4226250000,-0.1131400000
475000,2010-10-22 00:00:00Z,SE27 0SB,Semi-Detached,Established,Freehold,120,,THORNLAW ROAD,,LONDON,LAMBETH,GREATER LONDON,Standard,Addition,51.4277640000,-0.1106410000
185000,2010-10-12 00:00:00Z,SW16 2QP,Flats/Maisonettes,Established,Leasehold,"NORMAN COURT, 296",FLAT 12,LEIGHAM COURT ROAD,,LONDON,LAMBETH,GREATER LONDON,Standard,Addition,51.4251370000,-0.1144530000
160000,2010-11-10 00:00:00Z,SW16 3RE,Flats/Maisonettes,Established,Leasehold,LABURNUM COURT,FLAT 11,LEIGHAM COURT ROAD,,LONDON,LAMBETH,GREATER LONDON,Standard,Addition,51.4237970000,-0.1128900000
240000,2010-06-08 00:00:00Z,SE27 0RP,Flats/Maisonettes,Established,Leasehold,111,FLAT 2,ST JULIANS FARM ROAD,,LONDON,LAMBETH,GREATER LONDON,Standard,Addition,51.4288140000,-0.1121370000
149000,2010-03-19 00:00:00Z,SW16 2QN,Flats/Maisonettes,Established,Leasehold,22,,BENHURST COURT,,LONDON,LAMBETH,GREATER LONDON,Standard,Addition,51.4242590000,-0.1152300000
155000,2010-10-01 00:00:00Z,SW16 2QN,Flats/Maisonettes,Established,Leasehold,22,,BENHURST COURT,,LONDON,LAMBETH,GREATER LONDON,Standard,Addition,51.4242590000,-0.1152300000
765000,2010-06-11 00:00:00Z,SW16 3EW,Detached,Established,Freehold,39,,RYECROFT ROAD,,LONDON,CROYDON,GREATER LONDON,Standard,Addition,51.4207830000,-0.1110010000
120000,2010-03-03 00:00:00Z,SW16 3RG,Flats/Maisonettes,Established,Leasehold,10,,SYCAMORE COURT,,LONDON,LAMBETH,GREATER LONDON,Standard,Addition,51.4239430000,-0.1140200000
150000,2010-08-06 00:00:00Z,SW16 2QN,Flats/Maisonettes,Established,Leasehold,16,,BENHURST COURT,,LONDON,LAMBETH,GREATER LONDON,Standard,Addition,51.4242590000,-0.1152300000
350000,2010-12-22 00:00:00Z,SW16 2HS,Semi-Detached,Established,Freehold,49,,VALLEYFIELD ROAD,,LONDON,LAMBETH,GREATER LONDON,Standard,Addition,51.4270260000,-0.1189860000
300000,2011-04-28 00:00:00Z,SW16 2XR,Flats/Maisonettes,Established,Leasehold,170,,VALLEY ROAD,,LONDON,LAMBETH,GREATER LONDON,Standard,Addition,51.4299830000,-0.1194110000
360000,2011-04-15 00:00:00Z,SE27 0SD,Semi-Detached,Established,Freehold,61,,LAMBERHURST ROAD,,LONDON,LAMBETH,GREATER LONDON,Standard,Addition,51.4258800000,-0.1119990000
104000,2011-02-15 00:00:00Z,SW16 2SB,Flats/Maisonettes,Established,Leasehold,273,FLAT A,LEIGHAM COURT ROAD,,LONDON,LAMBETH,GREATER LONDON,Standard,Addition,51.4298960000,-0.1134870000
222500,2011-04-15 00:00:00Z,SW16 2QP,Flats/Maisonettes,Established,Leasehold,290,FLAT 2,LEIGHAM COURT ROAD,,LONDON,LAMBETH,GREATER LONDON,Standard,Addition,51.4251370000,-0.1144530000
335000,2011-08-19 00:00:00Z,SW16 3BY,Terraced,Established,Freehold,223,,COVINGTON WAY,,LONDON,LAMBETH,GREATER LONDON,Standard,Addition,51.4204490000,-0.1187950000
158000,2011-12-22 00:00:00Z,SW16 2QN,Flats/Maisonettes,Established,Leasehold,23,,BENHURST COURT,,LONDON,LAMBETH,GREATER LONDON,Standard,Addition,51.4242590000,-0.1152300000
835000,2011-02-17 00:00:00Z,SE27 0RL,Detached,Established,Freehold,6,,THURLBY ROAD,,LONDON,LAMBETH,GREATER LONDON,Standard,Addition,51.4298910000,-0.1108980000
475000,2011-09-20 00:00:00Z,SE27 0TA,Detached,Established,Freehold,99,,CASEWICK ROAD,,LONDON,LAMBETH,GREATER LONDON,Standard,Addition,51.4270080000,-0.1105570000
240000,2011-05-18 00:00:00Z,SW16 3EN,Flats/Maisonettes,Established,Leasehold,"FIVE OAKS, 69",FLAT 2,RYECROFT ROAD,,LONDON,CROYDON,GREATER LONDON,Standard,Addition,51.4214440000,-0.1135070000
132500,2011-03-18 00:00:00Z,SW16 2AL,Flats/Maisonettes,Established,Freehold,1,,MAPLE MEWS,,LONDON,LAMBETH,GREATER LONDON,Standard,Addition,51.4239650000,-0.1193130000
146000,2011-09-20 00:00:00Z,SW16 2SB,Flats/Maisonettes,Established,Leasehold,271,FLAT C,LEIGHAM COURT ROAD,,LONDON,LAMBETH,GREATER LONDON,Standard,Addition,51.4298960000,-0.1134870000
225000,2011-10-05 00:00:00Z,SW16 3HZ,Flats/Maisonettes,Established,Leasehold,29,,CROWN LANE GARDENS,,LONDON,LAMBETH,GREATER LONDON,Standard,Addition,51.4235080000,-0.1104850000
153000,2011-03-22 00:00:00Z,SW16 2QW,Flats/Maisonettes,Established,Leasehold,72,,BENHURST COURT,,LONDON,LAMBETH,GREATER LONDON,Standard,Addition,51.4250100000,-0.1155010000
200000,2011-04-15 00:00:00Z,SW16 3HZ,Flats/Maisonettes,Established,Leasehold,16,,CROWN LANE GARDENS,,LONDON,LAMBETH,GREATER LONDON,Standard,Addition,51.4235080000,-0.1104850000
140000,2011-05-17 00:00:00Z,SW16 3RF,Flats/Maisonettes,Established,Leasehold,MAPLE COURT,FLAT 2,LEIGHAM COURT ROAD,,LONDON,LAMBETH,GREATER LONDON,Standard,Addition,51.4235580000,-0.1135760000
395000,2011-02-18 00:00:00Z,SE27 0SE,Semi-Detached,Established,Freehold,70,,LAMBERHURST ROAD,,LONDON,LAMBETH,GREATER LONDON,Standard,Addition,51.4266910000,-0.1126870000
325000,2011-04-06 00:00:00Z,SW16 2QJ,Terraced,Established,Freehold,58,,FAWCETT CLOSE,,LONDON,LAMBETH,GREATER LONDON,Standard,Addition,51.4275200000,-0.1149950000
580000,2011-05-27 00:00:00Z,SE27 0RW,Semi-Detached,Established,Freehold,10,,UFFINGTON ROAD,,LONDON,LAMBETH,GREATER LONDON,Standard,Addition,51.4296860000,-0.1121730000
472500,2011-07-28 00:00:00Z,SE27 0RW,Semi-Detached,Established,Freehold,27,,UFFINGTON ROAD,,LONDON,LAMBETH,GREATER LONDON,Standard,Addition,51.4296860000,-0.1121730000
416000,2011-06-15 00:00:00Z,SW16 2HU,Semi-Detached,Established,Freehold,70,,VALLEYFIELD ROAD,,LONDON,LAMBETH,GREATER LONDON,Standard,Addition,51.4263860000,-0.1166670000
499950,2011-05-12 00:00:00Z,SW16 3JE,Detached,Established,Freehold,37,,CROWN LANE,,LONDON,CROYDON,GREATER LONDON,Standard,Addition,51.4228820000,-0.1101520000
357500,2011-07-07 00:00:00Z,SE27 0SD,Terraced,Established,Freehold,41,,LAMBERHURST ROAD,,LONDON,LAMBETH,GREATER LONDON,Standard,Addition,51.4258800000,-0.1119990000
198000,2011-05-09 00:00:00Z,SW16 2QJ,Flats/Maisonettes,Established,Leasehold,16,,FAWCETT CLOSE,,LONDON,LAMBETH,GREATER LONDON,Standard,Addition,51.4275200000,-0.1149950000
322000,2011-06-29 00:00:00Z,SW16 2SB,Semi-Detached,Established,Freehold,241,,LEIGHAM COURT ROAD,,LONDON,LAMBETH,GREATER LONDON,Standard,Addition,51.4298960000,-0.1134870000
130000,2011-06-21 00:00:00Z,SW16 2QN,Flats/Maisonettes,Established,Leasehold,4,,BENHURST COURT,,LONDON,LAMBETH,GREATER LONDON,Standard,Addition,51.4242590000,-0.1152300000
217000,2011-06-24 00:00:00Z,SE27 0TA,Flats/Maisonettes,Established,Leasehold,87,FIRST FLOOR FLAT,CASEWICK ROAD,,LONDON,LAMBETH,GREATER LONDON,Standard,Addition,51.4270080000,-0.1105570000
730000,2011-03-30 00:00:00Z,SE27 0RR,Semi-Detached,Established,Freehold,126,,ST JULIANS FARM ROAD,,LONDON,LAMBETH,GREATER LONDON,Standard,Addition,51.4284620000,-0.1119820000
160000,2011-02-10 00:00:00Z,SW16 3QT,Flats/Maisonettes,Established,Leasehold,9,,ACACIA COURT,,LONDON,LAMBETH,GREATER LONDON,Standard,Addition,51.4244170000,-0.1138430000
595000,2011-04-14 00:00:00Z,SW16 3EW,Detached,Established,Freehold,41,,RYECROFT ROAD,,LONDON,CROYDON,GREATER LONDON,Standard,Addition,51.4207830000,-0.1110010000
500000,2011-10-31 00:00:00Z,SW16 3EN,Detached,Established,Freehold,77,,RYECROFT ROAD,,LONDON,CROYDON,GREATER LONDON,Standard,Addition,51.4214440000,-0.1135070000
490000,2011-07-15 00:00:00Z,SE27 0RL,Terraced,Established,Freehold,20,,THURLBY ROAD,,LONDON,LAMBETH,GREATER LONDON,Standard,Addition,51.4298910000,-0.1108980000
492500,2011-05-27 00:00:00Z,SE27 0TA,Semi-Detached,Established,Freehold,179,,CASEWICK ROAD,,LONDON,LAMBETH,GREATER LONDON,Standard,Addition,51.4270080000,-0.1105570000
160000,2011-04-28 00:00:00Z,SW16 2QW,Flats/Maisonettes,Established,Leasehold,51,,BENHURST COURT,,LONDON,LAMBETH,GREATER LONDON,Standard,Addition,51.4250100000,-0.1155010000
438000,2011-08-03 00:00:00Z,SW16 2RB,Semi-Detached,Established,Freehold,204,,LEIGHAM COURT ROAD,,LONDON,LAMBETH,GREATER LONDON,Standard,Addition,51.4291160000,-0.1147280000
310000,2011-01-21 00:00:00Z,SW16 2HR,Semi-Detached,Established,Freehold,18,,VALLEYFIELD ROAD,,LONDON,LAMBETH,GREATER LONDON,Standard,Addition,51.4262880000,-0.1194760000
442500,2011-03-03 00:00:00Z,SE27 0RW,Semi-Detached,Established,Freehold,3,,UFFINGTON ROAD,,LONDON,LAMBETH,GREATER LONDON,Standard,Addition,51.4296860000,-0.1121730000
198000,2011-11-24 00:00:00Z,SW16 2RX,Flats/Maisonettes,Established,Leasehold,329A,,LEIGHAM COURT ROAD,,LONDON,LAMBETH,GREATER LONDON,Standard,Addition,51.4269810000,-0.1139380000
605000,2011-10-07 00:00:00Z,SE27 0RW,Semi-Detached,Established,Freehold,28,,UFFINGTON ROAD,,LONDON,LAMBETH,GREATER LONDON,Standard,Addition,51.4296860000,-0.1121730000
297000,2011-05-27 00:00:00Z,SW16 2XR,Flats/Maisonettes,Established,Leasehold,108,,VALLEY ROAD,,LONDON,LAMBETH,GREATER LONDON,Standard,Addition,51.4299830000,-0.1194110000
205000,2011-06-27 00:00:00Z,SW16 3HZ,Flats/Maisonettes,Established,Leasehold,10,,CROWN LANE GARDENS,,LONDON,LAMBETH,GREATER LONDON,Standard,Addition,51.4235080000,-0.1104850000
415000,2011-01-24 00:00:00Z,SW16 2RU,Semi-Detached,Established,Freehold,349,,LEIGHAM COURT ROAD,,LONDON,LAMBETH,GREATER LONDON,Standard,Addition,51.4254190000,-0.1135710000
100000,2011-01-17 00:00:00Z,SW16 2RZ,Flats/Maisonettes,Established,Leasehold,291,FLAT 6,LEIGHAM COURT ROAD,,LONDON,LAMBETH,GREATER LONDON,Standard,Addition,51.4281160000,-0.1140360000
158000,2011-12-21 00:00:00Z,SW16 3QZ,Flats/Maisonettes,Established,Leasehold,BLACKTHORN COURT,FLAT 6,LEIGHAM COURT ROAD,,LONDON,LAMBETH,GREATER LONDON,Standard,Addition,51.4242920000,-0.1133590000
195000,2011-08-19 00:00:00Z,SW16 2QJ,Flats/Maisonettes,Established,Leasehold,17,,FAWCETT CLOSE,,LONDON,LAMBETH,GREATER LONDON,Standard,Addition,51.4275200000,-0.1149950000
170894,2011-10-21 00:00:00Z,SW16 2QP,Flats/Maisonettes,Established,Leasehold,288,FLAT 4,LEIGHAM COURT ROAD,,LONDON,LAMBETH,GREATER LONDON,Standard,Addition,51.4251370000,-0.1144530000
330000,2011-02-11 00:00:00Z,SE27 0SQ,Semi-Detached,Established,Freehold,107,,THORNLAW ROAD,,LONDON,LAMBETH,GREATER LONDON,Standard,Addition,51.4280790000,-0.1111740000
165000,2011-12-16 00:00:00Z,SW16 2QS,Flats/Maisonettes,Established,Leasehold,11,,NORMINGTON CLOSE,,LONDON,LAMBETH,GREATER LONDON,Standard,Addition,51.4268020000,-0.1153450000
265000,2011-07-07 00:00:00Z,SE27 0SB,Flats/Maisonettes,Established,Leasehold,96,,THORNLAW ROAD,,LONDON,LAMBETH,GREATER LONDON,Standard,Addition,51.4277640000,-0.1106410000
327000,2011-07-15 00:00:00Z,SE27 0SD,Semi-Detached,Established,Freehold,55,,LAMBERHURST ROAD,,LONDON,LAMBETH,GREATER LONDON,Standard,Addition,51.4258800000,-0.1119990000
181500,2012-01-26 00:00:00Z,SW16 2QJ,Flats/Maisonettes,Established,Leasehold,5,,FAWCETT CLOSE,,LONDON,LAMBETH,GREATER LONDON,Standard,Addition,51.4275200000,-0.1149950000
525000,2012-06-01 00:00:00Z,SW16 2HS,Semi-Detached,Established,Freehold,17,,VALLEYFIELD ROAD,,LONDON,LAMBETH,GREATER LONDON,Standard,Addition,51.4270260000,-0.1189860000
172000,2012-09-20 00:00:00Z,SW16 2QW,Flats/Maisonettes,Established,Leasehold,BENHURST COURT,FLAT 55,LEIGHAM COURT ROAD,STREATHAM,LONDON,LAMBETH,GREATER LONDON,Standard,Addition,51.4250100000,-0.1155010000
335000,2012-11-30 00:00:00Z,SW16 2XR,Flats/Maisonettes,Established,Leasehold,134,,VALLEY ROAD,,LONDON,LAMBETH,GREATER LONDON,Standard,Addition,51.4299830000,-0.1194110000
442000,2012-02-24 00:00:00Z,SW16 3HA,Terraced,Established,Freehold,22,,HENRY TATE MEWS,,LONDON,LAMBETH,GREATER LONDON,Standard,Addition,51.4248220000,-0.1167030000
110000,2012-05-02 00:00:00Z,SW16 2QW,Flats/Maisonettes,Established,Leasehold,BENHURST COURT,FLAT 53,LEIGHAM COURT ROAD,STREATHAM,LONDON,LAMBETH,GREATER LONDON,Standard,Addition,51.4250100000,-0.1155010000
193500,2012-12-14 00:00:00Z,SE27 0RR,Flats/Maisonettes,Established,Leasehold,124,FLAT 6,ST JULIANS FARM ROAD,,LONDON,LAMBETH,GREATER LONDON,Standard,Addition,51.4284620000,-0.1119820000
1250000,2012-05-18 00:00:00Z,SW16 3EN,Detached,Established,Freehold,73,,RYECROFT ROAD,,LONDON,CROYDON,GREATER LONDON,Standard,Addition,51.4214440000,-0.1135070000
485000,2012-07-20 00:00:00Z,SW16 2RU,Semi-Detached,Established,Freehold,339,,LEIGHAM COURT ROAD,,LONDON,LAMBETH,GREATER LONDON,Standard,Addition,51.4254190000,-0.1135710000
340000,2012-06-29 00:00:00Z,SE27 0LH,Semi-Detached,Established,Freehold,33,,GREENHURST ROAD,,LONDON,LAMBETH,GREATER LONDON,Standard,Addition,51.4257620000,-0.1113850000
370000,2012-11-08 00:00:00Z,SW16 3BY,Semi-Detached,Established,Freehold,215,,COVINGTON WAY,,LONDON,LAMBETH,GREATER LONDON,Standard,Addition,51.4204490000,-0.1187950000
167540,2012-11-07 00:00:00Z,SW16 2QW,Flats/Maisonettes,Established,Leasehold,65,,BENHURST COURT,,LONDON,LAMBETH,GREATER LONDON,Standard,Addition,51.4250100000,-0.1155010000
167000,2012-06-06 00:00:00Z,SW16 3QX,Flats/Maisonettes,Established,Leasehold,4,,ASH COURT,,LONDON,LAMBETH,GREATER LONDON,Standard,Addition,51.4248030000,-0.1132370000
392000,2012-01-10 00:00:00Z,SW16 3HA,Terraced,Established,Freehold,48,,HENRY TATE MEWS,,LONDON,LAMBETH,GREATER LONDON,Standard,Addition,51.4248220000,-0.1167030000
395000,2012-10-22 00:00:00Z,SW16 3EH,Terraced,Established,Freehold,80,,RYECROFT ROAD,,LONDON,CROYDON,GREATER LONDON,Standard,Addition,51.4218890000,-0.1120260000
190000,2012-09-27 00:00:00Z,SW16 3QU,Flats/Maisonettes,Established,Leasehold,327 - 331,FLAT 3,LEIGHAM COURT ROAD,,LONDON,LAMBETH,GREATER LONDON,Standard,Addition,51.4244620000,-0.1138840000
630000,2012-07-05 00:00:00Z,SW16 3HS,Semi-Detached,Established,Freehold,49,,STREATHAM COMMON NORTH,,LONDON,LAMBETH,GREATER LONDON,Standard,Addition,51.4235400000,-0.1191580000
235000,2012-10-26 00:00:00Z,SW16 2RT,Terraced,Established,Leasehold,6,,CHESTNUT CLOSE,,LONDON,LAMBETH,GREATER LONDON,Standard,Addition,51.4295570000,-0.1136600000
375000,2012-05-11 00:00:00Z,SW16 3BY,Semi-Detached,Established,Freehold,219,,COVINGTON WAY,,LONDON,LAMBETH,GREATER LONDON,Standard,Addition,51.4204490000,-0.1187950000
530000,2012-10-16 00:00:00Z,SW16 2HX,Detached,Established,Freehold,89,,VALLEYFIELD ROAD,,LONDON,LAMBETH,GREATER LONDON,Standard,Addition,51.4263370000,-0.1158210000
190000,2012-04-27 00:00:00Z,SE27 0SG,Flats/Maisonettes,Established,Leasehold,19,,LEAF GROVE,,LONDON,LAMBETH,GREATER LONDON,Standard,Addition,51.4262300000,-0.1136390000
305000,2012-08-21 00:00:00Z,SW16 2QJ,Terraced,Established,Freehold,62,,FAWCETT CLOSE,,LONDON,LAMBETH,GREATER LONDON,Standard,Addition,51.4275200000,-0.1149950000
410000,2012-06-12 00:00:00Z,SE27 0SQ,Semi-Detached,Established,Freehold,111,,THORNLAW ROAD,,LONDON,LAMBETH,GREATER LONDON,Standard,Addition,51.4280790000,-0.1111740000
168000,2012-02-16 00:00:00Z,SW16 2QN,Flats/Maisonettes,Established,Leasehold,48,,BENHURST COURT,,LONDON,LAMBETH,GREATER LONDON,Standard,Addition,51.4242590000,-0.1152300000
390000,2012-12-07 00:00:00Z,SW16 3JE,Terraced,Established,Freehold,51,,CROWN LANE,,LONDON,CROYDON,GREATER LONDON,Standard,Addition,51.4228820000,-0.1101520000
435000,2012-11-09 00:00:00Z,SW16 2SB,Semi-Detached,Established,Freehold,235,,LEIGHAM COURT ROAD,,LONDON,LAMBETH,GREATER LONDON,Standard,Addition,51.4298960000,-0.1134870000
245000,2012-12-14 00:00:00Z,SW16 2AL,Flats/Maisonettes,Established,Leasehold,38,,MAPLE MEWS,,LONDON,LAMBETH,GREATER LONDON,Standard,Addition,51.4239650000,-0.1193130000
372500,2012-02-03 00:00:00Z,SE27 0LH,Semi-Detached,Established,Freehold,27,,GREENHURST ROAD,,LONDON,LAMBETH,GREATER LONDON,Standard,Addition,51.4257620000,-0.1113850000
340000,2012-11-30 00:00:00Z,SW16 2XR,Flats/Maisonettes,Established,Leasehold,118,,VALLEY ROAD,,LONDON,LAMBETH,GREATER LONDON,Standard,Addition,51.4299830000,-0.1194110000
447500,2012-09-20 00:00:00Z,SW16 3HA,Detached,Established,Freehold,"THE LODGE, 1",,HENRY TATE MEWS,,LONDON,LAMBETH,GREATER LONDON,Standard,Addition,51.4248220000,-0.1167030000
570000,2012-12-17 00:00:00Z,SE27 0RP,Detached,Established,Freehold,145,,ST JULIANS FARM ROAD,,LONDON,LAMBETH,GREATER LONDON,Standard,Addition,51.4288140000,-0.1121370000
173100,2012-03-30 00:00:00Z,SE27 0RP,Flats/Maisonettes,Established,Leasehold,111,FLAT 4,ST JULIANS FARM ROAD,,LONDON,LAMBETH,GREATER LONDON,Standard,Addition,51.4288140000,-0.1121370000
320000,2012-10-09 00:00:00Z,SE27 0SD,Terraced,Established,Freehold,39,,LAMBERHURST ROAD,,LONDON,LAMBETH,GREATER LONDON,Standard,Addition,51.4258800000,-0.1119990000
985000,2012-06-12 00:00:00Z,SW16 3HA,Terraced,Established,Freehold,5,,HENRY TATE MEWS,,LONDON,LAMBETH,GREATER LONDON,Standard,Addition,51.4248220000,-0.1167030000
200000,2012-09-28 00:00:00Z,SW16 2QJ,Flats/Maisonettes,Established,Leasehold,21,,FAWCETT CLOSE,,LONDON,LAMBETH,GREATER LONDON,Standard,Addition,51.4275200000,-0.1149950000
500000,2012-10-16 00:00:00Z,SW16 2QR,Semi-Detached,Established,Freehold,280,,LEIGHAM COURT ROAD,STREATHAM,LONDON,LAMBETH,GREATER LONDON,Standard,Addition,51.4263530000,-0.1145680000
172000,2012-01-27 00:00:00Z,SW16 2QN,Flats/Maisonettes,Established,Leasehold,4,,BENHURST COURT,,LONDON,LAMBETH,GREATER LONDON,Standard,Addition,51.4242590000,-0.1152300000
314500,2012-10-03 00:00:00Z,SW16 3HS,Flats/Maisonettes,Established,Leasehold,42,FLAT 2,STREATHAM COMMON NORTH,,LONDON,LAMBETH,GREATER LONDON,Standard,Addition,51.4235400000,-0.1191580000
280500,2012-08-24 00:00:00Z,SW16 2XR,Terraced,Established,Leasehold,104,,VALLEY ROAD,,LONDON,LAMBETH,GREATER LONDON,Standard,Addition,51.4299830000,-0.1194110000
825000,2012-05-24 00:00:00Z,SW16 2RZ,Detached,Established,Freehold,293,,LEIGHAM COURT ROAD,,LONDON,LAMBETH,GREATER LONDON,Standard,Addition,51.4281160000,-0.1140360000
225000,2012-07-20 00:00:00Z,SE27 0TA,Flats/Maisonettes,Established,Leasehold,101A,,CASEWICK ROAD,,LONDON,LAMBETH,GREATER LONDON,Standard,Addition,51.4270080000,-0.1105570000
145000,2013-07-23 00:00:00Z,SW16 2AH,Flats/Maisonettes,Established,Leasehold,48,,WELL CLOSE,,LONDON,LAMBETH,GREATER LONDON,Standard,Addition,51.4278920000,-0.1191370000
293000,2013-08-02 00:00:00Z,SE27 0TA,Flats/Maisonettes,Established,Leasehold,145,,CASEWICK ROAD,,LONDON,LAMBETH,GREATER LONDON,Standard,Addition,51.4270080000,-0.1105570000
285000,2013-08-09 00:00:00Z,SE27 0RL,Terraced,Established,Leasehold,24,,THURLBY ROAD,,LONDON,LAMBETH,GREATER LONDON,Standard,Addition,51.4298910000,-0.1108980000
285000,2013-12-20 00:00:00Z,SW16 2QJ,Flats/Maisonettes,Established,Leasehold,27,,FAWCETT CLOSE,,LONDON,LAMBETH,GREATER LONDON,Standard,Addition,51.4275200000,-0.1149950000
198600,2013-06-07 00:00:00Z,SW16 2QN,Flats/Maisonettes,Established,Leasehold,BENHURST COURT,FLAT 15,LEIGHAM COURT ROAD,STREATHAM,LONDON,LAMBETH,GREATER LONDON,Standard,Addition,51.4242590000,-0.1152300000
365000,2013-12-20 00:00:00Z,SE27 0LH,Terraced,Established,Freehold,38,,GREENHURST ROAD,,LONDON,LAMBETH,GREATER LONDON,Standard,Addition,51.4257620000,-0.1113850000
490000,2013-09-27 00:00:00Z,SE27 0SE,Semi-Detached,Established,Freehold,62,,LAMBERHURST ROAD,,LONDON,LAMBETH,GREATER LONDON,Standard,Addition,51.4266910000,-0.1126870000
239950,2013-08-14 00:00:00Z,SW16 2RX,Flats/Maisonettes,Established,Leasehold,"VENITA MANOR, 317",FLAT J,LEIGHAM COURT ROAD,STREATHAM,LONDON,LAMBETH,GREATER LONDON,Standard,Addition,51.4269810000,-0.1139380000
550000,2013-12-12 00:00:00Z,SW16 2HR,Semi-Detached,Established,Freehold,18,,VALLEYFIELD ROAD,,LONDON,LAMBETH,GREATER LONDON,Standard,Addition,51.4262880000,-0.1194760000
227500,2013-05-07 00:00:00Z,SW16 2QJ,Flats/Maisonettes,Established,Leasehold,6,,FAWCETT CLOSE,,LONDON,LAMBETH,GREATER LONDON,Standard,Addition,51.4275200000,-0.1149950000
197000,2013-11-08 00:00:00Z,SW16 2QP,Flats/Maisonettes,Established,Leasehold,"NORMAN COURT, 296",FLAT 3,LEIGHAM COURT ROAD,STREATHAM,LONDON,LAMBETH,GREATER LONDON,Standard,Addition,51.4251370000,-0.1144530000
232000,2013-06-07 00:00:00Z,SW16 2AL,Flats/Maisonettes,Established,Leasehold,27,,MAPLE MEWS,,LONDON,LAMBETH,GREATER LONDON,Standard,Addition,51.4239650000,-0.1193130000
249950,2013-06-14 00:00:00Z,SE27 0SQ,Flats/Maisonettes,Established,Leasehold,103,FLAT 5,THORNLAW ROAD,,LONDON,LAMBETH,GREATER LONDON,Standard,Addition,51.4280790000,-0.1111740000
260600,2013-07-25 00:00:00Z,SW16 3HZ,Flats/Maisonettes,Established,Leasehold,30,,CROWN LANE GARDENS,,LONDON,LAMBETH,GREATER LONDON,Standard,Addition,51.4235080000,-0.1104850000
835000,2013-12-23 00:00:00Z,SE27 0RP,Detached,Established,Freehold,115,,ST JULIANS FARM ROAD,,LONDON,LAMBETH,GREATER LONDON,Additional,Addition,51.4288140000,-0.1121370000
899950,2013-09-17 00:00:00Z,SE27 0RP,Semi-Detached,Established,Freehold,133,,ST JULIANS FARM ROAD,,LONDON,LAMBETH,GREATER LONDON,Standard,Addition,51.4288140000,-0.1121370000
346000,2013-10-04 00:00:00Z,SE27 0SB,Flats/Maisonettes,Established,Leasehold,96,,THORNLAW ROAD,,LONDON,LAMBETH,GREATER LONDON,Standard,Addition,51.4277640000,-0.1106410000
199950,2013-08-21 00:00:00Z,SE27 0SB,Flats/Maisonettes,Established,Leasehold,110,FLAT A,THORNLAW ROAD,,LONDON,LAMBETH,GREATER LONDON,Standard,Addition,51.4277640000,-0.1106410000
415000,2013-06-28 00:00:00Z,SE27 0SE,Semi-Detached,Established,Freehold,68,,LAMBERHURST ROAD,,LONDON,LAMBETH,GREATER LONDON,Standard,Addition,51.4266910000,-0.1126870000
350000,2013-06-07 00:00:00Z,SE27 0SE,Detached,Established,Freehold,40,,LAMBERHURST ROAD,,LONDON,LAMBETH,GREATER LONDON,Standard,Addition,51.4266910000,-0.1126870000
200000,2013-01-25 00:00:00Z,SW16 2QJ,Flats/Maisonettes,Established,Leasehold,13,,FAWCETT CLOSE,,LONDON,LAMBETH,GREATER LONDON,Standard,Addition,51.4275200000,-0.1149950000
377000,2013-05-16 00:00:00Z,SE27 0SE,Detached,Established,Freehold,42,,LAMBERHURST ROAD,,LONDON,LAMBETH,GREATER LONDON,Standard,Addition,51.4266910000,-0.1126870000
435000,2013-04-04 00:00:00Z,SW16 3HA,Detached,Established,Freehold,52,,HENRY TATE MEWS,,LONDON,LAMBETH,GREATER LONDON,Standard,Addition,51.4248220000,-0.1167030000
218000,2013-03-12 00:00:00Z,SW16 2QJ,Flats/Maisonettes,Established,Leasehold,24,,FAWCETT CLOSE,,LONDON,LAMBETH,GREATER LONDON,Standard,Addition,51.4275200000,-0.1149950000
269950,2013-08-16 00:00:00Z,SW16 2SH,Terraced,Established,Leasehold,19,,CHESTNUT CLOSE,,LONDON,LAMBETH,GREATER LONDON,Standard,Addition,51.4294520000,-0.1132610000
249950,2013-07-05 00:00:00Z,SE27 0SQ,Flats/Maisonettes,Established,Leasehold,103,FLAT 2,THORNLAW ROAD,,LONDON,LAMBETH,GREATER LONDON,Standard,Addition,51.4280790000,-0.1111740000
180000,2013-02-22 00:00:00Z,SE27 0SB,Flats/Maisonettes,Established,Leasehold,108,FLAT A,THORNLAW ROAD,,LONDON,LAMBETH,GREATER LONDON,Standard,Addition,51.4277640000,-0.1106410000
182500,2013-01-07 00:00:00Z,SW16 2QP,Flats/Maisonettes,Established,Leasehold,"NORMAN COURT, 296",FLAT 2,LEIGHAM COURT ROAD,STREATHAM,LONDON,LAMBETH,GREATER LONDON,Standard,Addition,51.4251370000,-0.1144530000
105000,2013-07-12 00:00:00Z,SW16 3EJ,Flats/Maisonettes,New Build,Leasehold,93,,RYECROFT ROAD,,LONDON,CROYDON,GREATER LONDON,Standard,Addition,51.4227690000,-0.1120690000
345000,2013-01-04 00:00:00Z,SW16 3HA,Terraced,Established,Freehold,33,,HENRY TATE MEWS,,LONDON,LAMBETH,GREATER LONDON,Standard,Addition,51.4248220000,-0.1167030000
238000,2013-07-26 00:00:00Z,SW16 2RX,Flats/Maisonettes,Established,Leasehold,"VENITA MANOR, 317",FLAT H,LEIGHAM COURT ROAD,STREATHAM,LONDON,LAMBETH,GREATER LONDON,Standard,Addition,51.4269810000,-0.1139380000
215000,2013-10-18 00:00:00Z,SW16 2SA,Flats/Maisonettes,Established,Leasehold,1,,CHARWOOD,STREATHAM,LONDON,LAMBETH,GREATER LONDON,Standard,Addition,51.4288190000,-0.1135890000
226000,2013-03-01 00:00:00Z,SW16 2RX,Flats/Maisonettes,Established,Leasehold,"VENITA MANOR, 317",FLAT B,LEIGHAM COURT ROAD,STREATHAM,LONDON,LAMBETH,GREATER LONDON,Standard,Addition,51.4269810000,-0.1139380000
384689,2013-12-06 00:00:00Z,SW16 2XR,Flats/Maisonettes,Established,Leasehold,160,,VALLEY ROAD,STREATHAM,LONDON,LAMBETH,GREATER LONDON,Standard,Addition,51.4299830000,-0.1194110000
1295000,2013-06-28 00:00:00Z,SW16 3HA,Terraced,Established,Freehold,12,,HENRY TATE MEWS,,LONDON,LAMBETH,GREATER LONDON,Standard,Addition,51.4248220000,-0.1167030000
218000,2013-07-05 00:00:00Z,SW16 2RZ,Flats/Maisonettes,Established,Leasehold,291,FLAT 3,LEIGHAM COURT ROAD,STREATHAM,LONDON,LAMBETH,GREATER LONDON,Standard,Addition,51.4281160000,-0.1140360000
425000,2013-05-02 00:00:00Z,SW16 2HR,Semi-Detached,Established,Freehold,44,,VALLEYFIELD ROAD,,LONDON,LAMBETH,GREATER LONDON,Standard,Addition,51.4262880000,-0.1194760000
420000,2013-08-19 00:00:00Z,SW16 2SB,Semi-Detached,Established,Freehold,237,,LEIGHAM COURT ROAD,STREATHAM,LONDON,LAMBETH,GREATER LONDON,Standard,Addition,51.4298960000,-0.1134870000
350000,2013-12-19 00:00:00Z,SW16 2XR,Flats/Maisonettes,Established,Leasehold,94,,VALLEY ROAD,STREATHAM,LONDON,LAMBETH,GREATER LONDON,Standard,Addition,51.4299830000,-0.1194110000
715000,2013-07-19 00:00:00Z,SW16 2HZ,Detached,Established,Freehold,16,,BELLTREES GROVE,,LONDON,LAMBETH,GREATER LONDON,Standard,Addition,51.4255500000,-0.1172480000
330000,2013-10-18 00:00:00Z,SW16 2QJ,Terraced,Established,Freehold,43,,FAWCETT CLOSE,,LONDON,LAMBETH,GREATER LONDON,Standard,Addition,51.4275200000,-0.1149950000
480000,2013-11-22 00:00:00Z,SE27 0LH,Terraced,Established,Freehold,39,,GREENHURST ROAD,,LONDON,LAMBETH,GREATER LONDON,Standard,Addition,51.4257620000,-0.1113850000
250000,2013-06-14 00:00:00Z,SW16 3HZ,Flats/Maisonettes,Established,Leasehold,33,,CROWN LANE GARDENS,,LONDON,LAMBETH,GREATER LONDON,Standard,Addition,51.4235080000,-0.1104850000
188000,2013-07-19 00:00:00Z,SW16 2QW,Flats/Maisonettes,Established,Leasehold,BENHURST COURT,FLAT 59,LEIGHAM COURT ROAD,STREATHAM,LONDON,LAMBETH,GREATER LONDON,Standard,Addition,51.4250100000,-0.1155010000
189000,2013-10-31 00:00:00Z,SW16 2AL,Flats/Maisonettes,Established,Leasehold,20,,MAPLE MEWS,,LONDON,LAMBETH,GREATER LONDON,Standard,Addition,51.4239650000,-0.1193130000
192000,2013-11-05 00:00:00Z,SE27 0SG,Flats/Maisonettes,Established,Leasehold,13,,LEAF GROVE,,LONDON,LAMBETH,GREATER LONDON,Standard,Addition,51.4262300000,-0.1136390000
342500,2013-03-11 00:00:00Z,SW16 2XR,Flats/Maisonettes,Established,Leasehold,110,,VALLEY ROAD,,LONDON,LAMBETH,GREATER LONDON,Standard,Addition,51.4299830000,-0.1194110000
235000,2013-12-02 00:00:00Z,SW16 2QP,Flats/Maisonettes,Established,Leasehold,"NORMAN COURT, 296",FLAT 8,LEIGHAM COURT ROAD,STREATHAM,LONDON,LAMBETH,GREATER LONDON,Standard,Addition,51.4251370000,-0.1144530000
222000,2013-02-15 00:00:00Z,SW16 2QJ,Flats/Maisonettes,Established,Leasehold,35,,FAWCETT CLOSE,,LONDON,LAMBETH,GREATER LONDON,Standard,Addition,51.4275200000,-0.1149950000
305000,2013-08-01 00:00:00Z,SW16 3EJ,Flats/Maisonettes,Established,Leasehold,91,,RYECROFT ROAD,,LONDON,CROYDON,GREATER LONDON,Standard,Addition,51.4227690000,-0.1120690000
473500,2013-04-05 00:00:00Z,SW16 3BY,Semi-Detached,Established,Freehold,195,,COVINGTON WAY,,LONDON,LAMBETH,GREATER LONDON,Standard,Addition,51.4204490000,-0.1187950000
165000,2013-05-24 00:00:00Z,SW16 2QS,Flats/Maisonettes,Established,Leasehold,9,,NORMINGTON CLOSE,STREATHAM,LONDON,LAMBETH,GREATER LONDON,Standard,Addition,51.4268020000,-0.1153450000
466250,2013-12-09 00:00:00Z,SW16 2XR,Flats/Maisonettes,Established,Leasehold,132,,VALLEY ROAD,STREATHAM,LONDON,LAMBETH,GREATER LONDON,Standard,Addition,51.4299830000,-0.1194110000
430000,2013-06-21 00:00:00Z,SE27 0SQ,Terraced,Established,Freehold,113,,THORNLAW ROAD,,LONDON,LAMBETH,GREATER LONDON,Standard,Addition,51.4280790000,-0.1111740000
850000,2013-11-08 00:00:00Z,SE27 0RP,Semi-Detached,Established,Freehold,121,,ST JULIANS FARM ROAD,,LONDON,LAMBETH,GREATER LONDON,Standard,Addition,51.4288140000,-0.1121370000
123300,2013-09-06 00:00:00Z,SW16 2QW,Flats/Maisonettes,Established,Leasehold,BENHURST COURT,FLAT 61,LEIGHAM COURT ROAD,STREATHAM,LONDON,LAMBETH,GREATER LONDON,Standard,Addition,51.4250100000,-0.1155010000
1020000,2013-08-09 00:00:00Z,SE27 0RL,Detached,Established,Freehold,4,,THURLBY ROAD,,LONDON,LAMBETH,GREATER LONDON,Standard,Addition,51.4298910000,-0.1108980000
140000,2013-12-17 00:00:00Z,SE27 0SE,Flats/Maisonettes,Established,Leasehold,"UPPER MAISONETTE, 30",,LAMBERHURST ROAD,,LONDON,LAMBETH,GREATER LONDON,Standard,Addition,51.4266910000,-0.1126870000
160000,2013-03-11 00:00:00Z,SW16 2AL,Flats/Maisonettes,Established,Leasehold,37,,MAPLE MEWS,,LONDON,LAMBETH,GREATER LONDON,Standard,Addition,51.4239650000,-0.1193130000
275000,2013-03-08 00:00:00Z,SE27 0RR,Flats/Maisonettes,Established,Leasehold,118,FLAT B,ST JULIANS FARM ROAD,,LONDON,LAMBETH,GREATER LONDON,Standard,Addition,51.4284620000,-0.1119820000
442500,2013-02-26 00:00:00Z,SW16 3HA,Terraced,Established,Freehold,14,,HENRY TATE MEWS,,LONDON,LAMBETH,GREATER LONDON,Standard,Addition,51.4248220000,-0.1167030000
750000,2014-10-30 00:00:00Z,SW16 2HR,Semi-Detached,Established,Freehold,10,,VALLEYFIELD ROAD,,LONDON,LAMBETH,GREATER LONDON,Standard,Addition,51.4262880000,-0.1194760000
402995,2014-12-12 00:00:00Z,SW16 2BG,Flats/Maisonettes,New Build,Leasehold,115,FLAT 23,VALLEY ROAD,STREATHAM,LONDON,LAMBETH,GREATER LONDON,Standard,Addition,51.4293040000,-0.1191800000
610000,2014-11-20 00:00:00Z,SW16 3EH,Terraced,Established,Freehold,88,,RYECROFT ROAD,,LONDON,LAMBETH,GREATER LONDON,Standard,Addition,51.4218890000,-0.1120260000
880000,2014-09-05 00:00:00Z,SW16 2HR,Semi-Detached,Established,Freehold,44,,VALLEYFIELD ROAD,,LONDON,LAMBETH,GREATER LONDON,Standard,Addition,51.4262880000,-0.1194760000
402995,2014-12-11 00:00:00Z,SW16 2BG,Flats/Maisonettes,New Build,Leasehold,115,FLAT 19,VALLEY ROAD,STREATHAM,LONDON,LAMBETH,GREATER LONDON,Standard,Addition,51.4293040000,-0.1191800000
385000,2014-11-27 00:00:00Z,SW16 2QS,Terraced,Established,Freehold,3,,NORMINGTON CLOSE,STREATHAM,LONDON,LAMBETH,GREATER LONDON,Standard,Addition,51.4268020000,-0.1153450000
225000,2014-07-25 00:00:00Z,SW16 3RF,Flats/Maisonettes,Established,Leasehold,MAPLE COURT,FLAT 7,LEIGHAM COURT ROAD,STREATHAM,LONDON,LAMBETH,GREATER LONDON,Standard,Addition,51.4235580000,-0.1135760000
285000,2014-08-22 00:00:00Z,SE27 0SQ,Flats/Maisonettes,Established,Leasehold,103,FLAT 4,THORNLAW ROAD,,LONDON,LAMBETH,GREATER LONDON,Standard,Addition,51.4280790000,-0.1111740000
175000,2014-08-08 00:00:00Z,SW16 3HY,Flats/Maisonettes,Established,Leasehold,FERN LODGE,FLAT 13,CROWN LANE,,LONDON,LAMBETH,GREATER LONDON,Standard,Addition,51.4234740000,-0.1122420000
733000,2014-09-29 00:00:00Z,SE27 0TA,Terraced,Established,Freehold,119,,CASEWICK ROAD,,LONDON,LAMBETH,GREATER LONDON,Standard,Addition,51.4270080000,-0.1105570000
350000,2014-07-31 00:00:00Z,SW16 3HZ,Flats/Maisonettes,Established,Leasehold,11,,CROWN LANE GARDENS,,LONDON,LAMBETH,GREATER LONDON,Standard,Addition,51.4235080000,-0.1104850000
771571,2014-05-27 00:00:00Z,SE27 0TA,Terraced,Established,Freehold,121,,CASEWICK ROAD,,LONDON,LAMBETH,GREATER LONDON,Standard,Addition,51.4270080000,-0.1105570000
400000,2014-11-25 00:00:00Z,SW16 2BG,Flats/Maisonettes,New Build,Leasehold,115,FLAT 3,VALLEY ROAD,STREATHAM,LONDON,LAMBETH,GREATER LONDON,Standard,Addition,51.4293040000,-0.1191800000
362500,2014-12-16 00:00:00Z,SW16 2HR,Flats/Maisonettes,Established,Leasehold,50C,,VALLEYFIELD ROAD,,LONDON,LAMBETH,GREATER LONDON,Standard,Addition,51.4262880000,-0.1194760000
353000,2014-04-04 00:00:00Z,SW16 2QJ,Flats/Maisonettes,Established,Leasehold,41,,FAWCETT CLOSE,,LONDON,LAMBETH,GREATER LONDON,Standard,Addition,51.4275200000,-0.1149950000
196000,2014-06-06 00:00:00Z,SW16 3HY,Flats/Maisonettes,Established,Leasehold,FERN LODGE,FLAT 15,CROWN LANE,,LONDON,LAMBETH,GREATER LONDON,Standard,Addition,51.4234740000,-0.1122420000
242500,2014-04-25 00:00:00Z,SE27 0SG,Flats/Maisonettes,Established,Leasehold,3,,LEAF GROVE,,LONDON,LAMBETH,GREATER LONDON,Standard,Addition,51.4262300000,-0.1136390000
500000,2014-09-26 00:00:00Z,SW16 2XR,Flats/Maisonettes,Established,Leasehold,128,,VALLEY ROAD,STREATHAM,LONDON,LAMBETH,GREATER LONDON,Standard,Addition,51.4299830000,-0.1194110000
360000,2014-11-14 00:00:00Z,SW16 2SG,Terraced,Established,Leasehold,3,,CHESTNUT CLOSE,,LONDON,LAMBETH,GREATER LONDON,Standard,Addition,51.4293770000,-0.1136530000
239950,2014-05-02 00:00:00Z,SW16 3QZ,Flats/Maisonettes,Established,Leasehold,BLACKTHORN COURT,FLAT 1,LEIGHAM COURT ROAD,STREATHAM,LONDON,LAMBETH,GREATER LONDON,Standard,Addition,51.4242920000,-0.1133590000
465000,2014-12-19 00:00:00Z,SE27 0RR,Flats/Maisonettes,Established,Leasehold,96,FLAT A,ST JULIANS FARM ROAD,,LONDON,LAMBETH,GREATER LONDON,Standard,Addition,51.4284620000,-0.1119820000
300000,2014-07-09 00:00:00Z,SW16 2QW,Flats/Maisonettes,Established,Leasehold,BENHURST COURT,FLAT 65,LEIGHAM COURT ROAD,STREATHAM,LONDON,LAMBETH,GREATER LONDON,Standard,Addition,51.4250100000,-0.1155010000
625000,2014-01-31 00:00:00Z,SW16 3HA,Terraced,Established,Freehold,21,,HENRY TATE MEWS,,LONDON,LAMBETH,GREATER LONDON,Standard,Addition,51.4248220000,-0.1167030000
197500,2014-02-03 00:00:00Z,SW16 2QN,Flats/Maisonettes,Established,Leasehold,BENHURST COURT,FLAT 47,LEIGHAM COURT ROAD,STREATHAM,LONDON,LAMBETH,GREATER LONDON,Standard,Addition,51.4242590000,-0.1152300000
500000,2014-10-14 00:00:00Z,SW16 2HS,Semi-Detached,Established,Freehold,63,,VALLEYFIELD ROAD,,LONDON,LAMBETH,GREATER LONDON,Standard,Addition,51.4270260000,-0.1189860000
342500,2014-04-03 00:00:00Z,SW16 3HZ,Flats/Maisonettes,Established,Leasehold,28,,CROWN LANE GARDENS,,LONDON,LAMBETH,GREATER LONDON,Standard,Addition,51.4235080000,-0.1104850000
790000,2014-08-29 00:00:00Z,SW16 2RY,Terraced,Established,Freehold,5,,ST JULIANS CLOSE,,LONDON,LAMBETH,GREATER LONDON,Standard,Addition,51.4275110000,-0.1133410000
399995,2014-11-26 00:00:00Z,SW16 2BG,Flats/Maisonettes,New Build,Leasehold,115,FLAT 2,VALLEY ROAD,STREATHAM,LONDON,LAMBETH,GREATER LONDON,Standard,Addition,51.4293040000,-0.1191800000
196000,2014-05-23 00:00:00Z,SW16 2QS,Flats/Maisonettes,Established,Leasehold,11,,NORMINGTON CLOSE,STREATHAM,LONDON,LAMBETH,GREATER LONDON,Standard,Addition,51.4268020000,-0.1153450000
535000,2014-11-28 00:00:00Z,SW16 2HS,Semi-Detached,Established,Freehold,63,,VALLEYFIELD ROAD,,LONDON,LAMBETH,GREATER LONDON,Standard,Addition,51.4270260000,-0.1189860000
410000,2014-07-05 00:00:00Z,SE27 0RW,Flats/Maisonettes,Established,Leasehold,30A,,UFFINGTON ROAD,,LONDON,LAMBETH,GREATER LONDON,Standard,Addition,51.4296860000,-0.1121730000
735995,2014-08-15 00:00:00Z,SW16 2BG,Terraced,New Build,Freehold,91,,VALLEY ROAD,STREATHAM,LONDON,LAMBETH,GREATER LONDON,Standard,Addition,51.4293040000,-0.1191800000
749995,2014-08-14 00:00:00Z,SW16 2UD,Terraced,New Build,Freehold,2,,SOUTH OAK ROAD,,LONDON,LAMBETH,GREATER LONDON,Standard,Addition,51.4294780000,-0.1174480000
220000,2014-12-23 00:00:00Z,SW16 3EJ,Flats/Maisonettes,Established,Leasehold,89,,RYECROFT ROAD,,LONDON,CROYDON,GREATER LONDON,Standard,Addition,51.4227690000,-0.1120690000
143000,2014-03-24 00:00:00Z,SW16 3HY,Flats/Maisonettes,Established,Leasehold,FERN LODGE,FLAT 15,CROWN LANE,,LONDON,LAMBETH,GREATER LONDON,Additional,Addition,51.4234740000,-0.1122420000
467000,2014-10-30 00:00:00Z,SW16 2QP,Flats/Maisonettes,Established,Leasehold,286,FLAT 5,LEIGHAM COURT ROAD,STREATHAM,LONDON,LAMBETH,GREATER LONDON,Standard,Addition,51.4251370000,-0.1144530000
350000,2014-09-24 00:00:00Z,SE27 0SB,Flats/Maisonettes,Established,Leasehold,108,FLAT A,THORNLAW ROAD,,LONDON,LAMBETH,GREATER LONDON,Standard,Addition,51.4277640000,-0.1106410000
267000,2014-10-02 00:00:00Z,SW16 2AL,Flats/Maisonettes,Established,Leasehold,30,,MAPLE MEWS,,LONDON,LAMBETH,GREATER LONDON,Standard,Addition,51.4239650000,-0.1193130000
500000,2014-03-28 00:00:00Z,SW16 2SB,Semi-Detached,Established,Freehold,245,,LEIGHAM COURT ROAD,STREATHAM,LONDON,LAMBETH,GREATER LONDON,Additional,Addition,51.4298960000,-0.1134870000
575000,2014-11-25 00:00:00Z,SE27 0LH,Terraced,Established,Freehold,8,,GREENHURST ROAD,,LONDON,LAMBETH,GREATER LONDON,Standard,Addition,51.4257620000,-0.1113850000
542500,2014-10-09 00:00:00Z,SW16 3HA,Detached,Established,Freehold,52,,HENRY TATE MEWS,,LONDON,LAMBETH,GREATER LONDON,Standard,Addition,51.4248220000,-0.1167030000
149950,2014-06-17 00:00:00Z,SW16 3RA,Flats/Maisonettes,Established,Leasehold,CYPRESS COURT,FLAT 4,WINTON WAY,,LONDON,LAMBETH,GREATER LONDON,Additional,Addition,51.4240810000,-0.1130800000
360000,2014-09-23 00:00:00Z,SW16 2QS,Terraced,Established,Leasehold,3,,NORMINGTON CLOSE,STREATHAM,LONDON,LAMBETH,GREATER LONDON,Additional,Addition,51.4268020000,-0.1153450000
437500,2014-01-29 00:00:00Z,SE27 0SE,Detached,Established,Freehold,58,,LAMBERHURST ROAD,,LONDON,LAMBETH,GREATER LONDON,Standard,Addition,51.4266910000,-0.1126870000
335000,2014-06-19 00:00:00Z,SW16 3EJ,Flats/Maisonettes,Established,Leasehold,89,,RYECROFT ROAD,,LONDON,CROYDON,GREATER LONDON,Standard,Addition,51.4227690000,-0.1120690000
304000,2014-07-14 00:00:00Z,SW16 3RE,Flats/Maisonettes,Established,Leasehold,LABURNHAM COURT,FLAT 10,LEIGHAM COURT ROAD,STREATHAM,LONDON,LAMBETH,GREATER LONDON,Standard,Addition,51.4237970000,-0.1128900000
660000,2014-07-11 00:00:00Z,SW16 2RY,Semi-Detached,Established,Freehold,2,,ST JULIANS CLOSE,,LONDON,LAMBETH,GREATER LONDON,Standard,Addition,51.4275110000,-0.1133410000
285000,2014-03-28 00:00:00Z,SW16 2SA,Flats/Maisonettes,Established,Leasehold,12,,CHARWOOD,STREATHAM,LONDON,LAMBETH,GREATER LONDON,Standard,Addition,51.4288190000,-0.1135890000
700000,2014-12-17 00:00:00Z,SW16 2UD,Terraced,New Build,Freehold,6,,SOUTH OAK ROAD,,LONDON,LAMBETH,GREATER LONDON,Standard,Addition,51.4294780000,-0.1174480000
275001,2014-02-17 00:00:00Z,SW16 2HS,Flats/Maisonettes,Established,Leasehold,19,FLAT 3,VALLEYFIELD ROAD,,LONDON,LAMBETH,GREATER LONDON,Additional,Addition,51.4270260000,-0.1189860000
399995,2014-11-24 00:00:00Z,SW16 2BG,Flats/Maisonettes,New Build,Leasehold,115,FLAT 3,VALLEY ROAD,STREATHAM,LONDON,LAMBETH,GREATER LONDON,Standard,Addition,51.4293040000,-0.1191800000
170000,2014-06-25 00:00:00Z,SW16 3QX,Flats/Maisonettes,Established,Leasehold,ASH COURT,FLAT 3,LEIGHAM COURT ROAD,STREATHAM,LONDON,LAMBETH,GREATER LONDON,Standard,Addition,51.4248030000,-0.1132370000
335000,2014-05-30 00:00:00Z,SW16 3HZ,Flats/Maisonettes,Established,Leasehold,43,,CROWN LANE GARDENS,,LONDON,LAMBETH,GREATER LONDON,Standard,Addition,51.4235080000,-0.1104850000
565000,2014-11-07 00:00:00Z,SE27 0RR,Flats/Maisonettes,Established,Leasehold,118C,SECOND FLOOR FLAT AT,ST JULIANS FARM ROAD,,LONDON,LAMBETH,GREATER LONDON,Standard,Addition,51.4284620000,-0.1119820000
300000,2014-12-19 00:00:00Z,SW16 2QN,Flats/Maisonettes,Established,Leasehold,BENHURST COURT,FLAT 33,LEIGHAM COURT ROAD,STREATHAM,LONDON,LAMBETH,GREATER LONDON,Standard,Addition,51.4242590000,-0.1152300000
360000,2014-07-25 00:00:00Z,SW16 2QJ,Flats/Maisonettes,Established,Leasehold,31,,FAWCETT CLOSE,,LONDON,LAMBETH,GREATER LONDON,Standard,Addition,51.4275200000,-0.1149950000
227500,2014-11-05 00:00:00Z,SW16 3HY,Flats/Maisonettes,Established,Leasehold,FERN LODGE,FLAT 30,CROWN LANE,,LONDON,LAMBETH,GREATER LONDON,Standard,Addition,51.4234740000,-0.1122420000
310500,2014-05-30 00:00:00Z,SE27 0SB,Flats/Maisonettes,Established,Leasehold,104,FLAT A,THORNLAW ROAD,,LONDON,LAMBETH,GREATER LONDON,Standard,Addition,51.4277640000,-0.1106410000
499000,2014-03-05 00:00:00Z,SW16 2XR,Flats/Maisonettes,Established,Leasehold,174,,VALLEY ROAD,STREATHAM,LONDON,LAMBETH,GREATER LONDON,Standard,Addition,51.4299830000,-0.1194110000
600000,2014-08-05 00:00:00Z,SW16 3HA,Flats/Maisonettes,Established,Leasehold,9,,HENRY TATE MEWS,,LONDON,LAMBETH,GREATER LONDON,Standard,Addition,51.4248220000,-0.1167030000
335000,2014-07-10 00:00:00Z,SW16 2QJ,Flats/Maisonettes,Established,Leasehold,29,,FAWCETT CLOSE,,LONDON,LAMBETH,GREATER LONDON,Standard,Addition,51.4275200000,-0.1149950000
565000,2014-11-19 00:00:00Z,SW16 3HA,Detached,Established,Freehold,"THE LODGE, 1",,HENRY TATE MEWS,,LONDON,LAMBETH,GREATER LONDON,Standard,Addition,51.4248220000,-0.1167030000
280000,2014-11-10 00:00:00Z,SW16 3QU,Flats/Maisonettes,Established,Leasehold,ALDER COURT,FLAT 2,LEIGHAM COURT ROAD,STREATHAM,LONDON,LAMBETH,GREATER LONDON,Standard,Addition,51.4244620000,-0.1138840000
326000,2014-02-28 00:00:00Z,SW16 3HZ,Flats/Maisonettes,Established,Leasehold,32,,CROWN LANE GARDENS,,LONDON,LAMBETH,GREATER LONDON,Standard,Addition,51.4235080000,-0.1104850000
735000,2014-08-08 00:00:00Z,SW16 2UD,Terraced,New Build,Freehold,8,,SOUTH OAK ROAD,,LONDON,LAMBETH,GREATER LONDON,Standard,Addition,51.4294780000,-0.1174480000
360000,2014-01-13 00:00:00Z,SE27 0RR,Flats/Maisonettes,Established,Leasehold,96,FLAT B,ST JULIANS FARM ROAD,,LONDON,LAMBETH,GREATER LONDON,Standard,Addition,51.4284620000,-0.1119820000
392000,2014-09-01 00:00:00Z,SE27 0TA,Flats/Maisonettes,Established,Leasehold,173,,CASEWICK ROAD,,LONDON,LAMBETH,GREATER LONDON,Standard,Addition,51.4270080000,-0.1105570000
499995,2014-12-19 00:00:00Z,SW16 2BG,Flats/Maisonettes,New Build,Leasehold,115,FLAT 18,VALLEY ROAD,,LONDON,LAMBETH,GREATER LONDON,Standard,Addition,51.4293040000,-0.1191800000
240000,2014-01-31 00:00:00Z,SW16 2QW,Flats/Maisonettes,Established,Leasehold,BENHURST COURT,FLAT 50,LEIGHAM COURT ROAD,STREATHAM,LONDON,LAMBETH,GREATER LONDON,Standard,Addition,51.4250100000,-0.1155010000
290000,2014-01-15 00:00:00Z,SW16 2SA,Flats/Maisonettes,Established,Leasehold,30,,CHARWOOD,STREATHAM,LONDON,LAMBETH,GREATER LONDON,Standard,Addition,51.4288190000,-0.1135890000
248000,2014-06-11 00:00:00Z,SW16 2SB,Flats/Maisonettes,Established,Leasehold,273,FLAT F,LEIGHAM COURT ROAD,STREATHAM,LONDON,LAMBETH,GREATER LONDON,Standard,Addition,51.4298960000,-0.1134870000
390000,2014-06-24 00:00:00Z,SE27 0SB,Flats/Maisonettes,Established,Leasehold,106,FLAT C,THORNLAW ROAD,,LONDON,LAMBETH,GREATER LONDON,Standard,Addition,51.4277640000,-0.1106410000
402995,2014-11-25 00:00:00Z,SW16 2BG,Flats/Maisonettes,New Build,Leasehold,115,FLAT 14,VALLEY ROAD,STREATHAM,LONDON,LAMBETH,GREATER LONDON,Standard,Addition,51.4293040000,-0.1191800000
210000,2014-01-21 00:00:00Z,SW16 3QX,Flats/Maisonettes,Established,Leasehold,ASH COURT,FLAT 8,LEIGHAM COURT ROAD,STREATHAM,LONDON,LAMBETH,GREATER LONDON,Standard,Addition,51.4248030000,-0.1132370000
265000,2014-12-08 00:00:00Z,SE27 0SB,Flats/Maisonettes,Established,Leasehold,112D,,THORNLAW ROAD,,LONDON,LAMBETH,GREATER LONDON,Standard,Addition,51.4277640000,-0.1106410000
402995,2014-12-12 00:00:00Z,SW16 2BG,Flats/Maisonettes,New Build,Leasehold,115,FLAT 21,VALLEY ROAD,STREATHAM,LONDON,LAMBETH,GREATER LONDON,Standard,Addition,51.4293040000,-0.1191800000
720000,2014-02-04 00:00:00Z,SW16 2HS,Detached,Established,Freehold,9,,VALLEYFIELD ROAD,,LONDON,LAMBETH,GREATER LONDON,Standard,Addition,51.4270260000,-0.1189860000
242000,2014-03-21 00:00:00Z,SW16 3QX,Flats/Maisonettes,Established,Leasehold,ASH COURT,FLAT 10,LEIGHAM COURT ROAD,STREATHAM,LONDON,LAMBETH,GREATER LONDON,Standard,Addition,51.4248030000,-0.1132370000
310000,2014-06-25 00:00:00Z,SW16 3HZ,Flats/Maisonettes,Established,Leasehold,45,,CROWN LANE GARDENS,,LONDON,LAMBETH,GREATER LONDON,Standard,Addition,51.4235080000,-0.1104850000
539995,2014-06-20 00:00:00Z,SW16 2XR,Flats/Maisonettes,Established,Leasehold,158,,VALLEY ROAD,STREATHAM,LONDON,LAMBETH,GREATER LONDON,Standard,Addition,51.4299830000,-0.1194110000
372500,2014-09-26 00:00:00Z,SW16 2AL,Flats/Maisonettes,Established,Leasehold,11,,MAPLE MEWS,,LONDON,LAMBETH,GREATER LONDON,Standard,Addition,51.4239650000,-0.1193130000
640000,2014-06-26 00:00:00Z,SE27 0SB,Semi-Detached,Established,Freehold,128C,,THORNLAW ROAD,,LONDON,LAMBETH,GREATER LONDON,Standard,Addition,51.4277640000,-0.1106410000
735995,2014-08-08 00:00:00Z,SW16 2BG,Terraced,New Build,Freehold,93,,VALLEY ROAD,STREATHAM,LONDON,LAMBETH,GREATER LONDON,Standard,Addition,51.4293040000,-0.1191800000
425995,2014-11-28 00:00:00Z,SW16 2BG,Flats/Maisonettes,New Build,Leasehold,115,FLAT 17,VALLEY ROAD,,LONDON,LAMBETH,GREATER LONDON,Standard,Addition,51.4293040000,-0.1191800000
191000,2014-04-17 00:00:00Z,SW16 2AL,Flats/Maisonettes,Established,Leasehold,26,,MAPLE MEWS,,LONDON,LAMBETH,GREATER LONDON,Standard,Addition,51.4239650000,-0.1193130000
355000,2014-11-27 00:00:00Z,SW16 2SH,Terraced,Established,Leasehold,18,,CHESTNUT CLOSE,,LONDON,LAMBETH,GREATER LONDON,Standard,Addition,51.4294520000,-0.1132610000
300000,2014-05-02 00:00:00Z,SE27 0SB,Flats/Maisonettes,Established,Leasehold,110,FLAT A,THORNLAW ROAD,,LONDON,LAMBETH,GREATER LONDON,Standard,Addition,51.4277640000,-0.1106410000
180000,2014-12-04 00:00:00Z,SW16 2AH,Flats/Maisonettes,Established,Leasehold,9,,WELL CLOSE,,LONDON,LAMBETH,GREATER LONDON,Standard,Addition,51.4278920000,-0.1191370000
715000,2014-04-04 00:00:00Z,SW16 3EH,Terraced,Established,Freehold,82,,RYECROFT ROAD,,LONDON,CROYDON,GREATER LONDON,Standard,Addition,51.4218890000,-0.1120260000
215000,2014-01-31 00:00:00Z,SW16 2QN,Flats/Maisonettes,Established,Leasehold,BENHURST COURT,FLAT 19,LEIGHAM COURT ROAD,STREATHAM,LONDON,LAMBETH,GREATER LONDON,Standard,Addition,51.4242590000,-0.1152300000
735995,2014-08-08 00:00:00Z,SW16 2UD,Terraced,New Build,Freehold,"THE OLD DAIRY, 4",,SOUTH OAK ROAD,,LONDON,LAMBETH,GREATER LONDON,Standard,Addition,51.4294780000,-0.1174480000
735995,2014-08-13 00:00:00Z,SW16 2BG,Terraced,New Build,Freehold,89,,VALLEY ROAD,STREATHAM,LONDON,LAMBETH,GREATER LONDON,Standard,Addition,51.4293040000,-0.1191800000
207500,2014-04-08 00:00:00Z,SW16 2QS,Flats/Maisonettes,Established,Leasehold,10,,NORMINGTON CLOSE,STREATHAM,LONDON,LAMBETH,GREATER LONDON,Standard,Addition,51.4268020000,-0.1153450000
187000,2014-08-19 00:00:00Z,SW16 2AH,Flats/Maisonettes,Established,Leasehold,4,,WELL CLOSE,,LONDON,LAMBETH,GREATER LONDON,Standard,Addition,51.4278920000,-0.1191370000
765000,2015-07-31 00:00:00Z,SW16 2HS,Semi-Detached,Established,Freehold,63,,VALLEYFIELD ROAD,,LONDON,LAMBETH,GREATER LONDON,Standard,Addition,51.4270260000,-0.1189860000
545000,2015-03-17 00:00:00Z,SW16 3HA,Terraced,Established,Freehold,13,,HENRY TATE MEWS,,LONDON,LAMBETH,GREATER LONDON,Additional,Addition,51.4248220000,-0.1167030000
925000,2015-06-30 00:00:00Z,SE27 0RW,Semi-Detached,Established,Freehold,17,,UFFINGTON ROAD,,LONDON,LAMBETH,GREATER LONDON,Standard,Addition,51.4296860000,-0.1121730000
290000,2015-03-31 00:00:00Z,SW16 2SA,Flats/Maisonettes,Established,Leasehold,18,,CHARWOOD,STREATHAM,LONDON,LAMBETH,GREATER LONDON,Standard,Addition,51.4288190000,-0.1135890000
700000,2015-08-25 00:00:00Z,SW16 3HA,Terraced,Established,Freehold,45,,HENRY TATE MEWS,,LONDON,LAMBETH,GREATER LONDON,Standard,Addition,51.4248220000,-0.1167030000
385000,2015-09-16 00:00:00Z,SE27 0SE,Flats/Maisonettes,Established,Leasehold,10,,LAMBERHURST ROAD,,LONDON,LAMBETH,GREATER LONDON,Standard,Addition,51.4266910000,-0.1126870000
365000,2015-09-25 00:00:00Z,SW16 2QJ,Terraced,Established,Freehold,63,,FAWCETT CLOSE,,LONDON,LAMBETH,GREATER LONDON,Standard,Addition,51.4275200000,-0.1149950000
305000,2015-07-03 00:00:00Z,SW16 2QJ,Flats/Maisonettes,Established,Leasehold,26,,FAWCETT CLOSE,,LONDON,LAMBETH,GREATER LONDON,Standard,Addition,51.4275200000,-0.1149950000
312000,2015-09-22 00:00:00Z,SW16 3JF,Flats/Maisonettes,Established,Leasehold,53,FLAT 1,CROWN LANE,,LONDON,CROYDON,GREATER LONDON,Standard,Addition,51.4230380000,-0.1125210000
270000,2015-08-24 00:00:00Z,SE27 0SQ,Flats/Maisonettes,Established,Leasehold,105,FLAT 3,THORNLAW ROAD,,LONDON,LAMBETH,GREATER LONDON,Additional,Addition,51.4280790000,-0.1111740000
965000,2015-08-21 00:00:00Z,SW16 3EN,Detached,Established,Freehold,81,,RYECROFT ROAD,,LONDON,CROYDON,GREATER LONDON,Standard,Addition,51.4214440000,-0.1135070000
675000,2015-11-10 00:00:00Z,SW16 3BY,Semi-Detached,Established,Freehold,213,,COVINGTON WAY,,LONDON,LAMBETH,GREATER LONDON,Standard,Addition,51.4204490000,-0.1187950000
680000,2015-06-05 00:00:00Z,SW16 2BG,Terraced,New Build,Freehold,85,,VALLEY ROAD,,LONDON,LAMBETH,GREATER LONDON,Standard,Addition,51.4293040000,-0.1191800000
690000,2015-04-14 00:00:00Z,SW16 2BG,Terraced,New Build,Freehold,87,,VALLEY ROAD,,LONDON,LAMBETH,GREATER LONDON,Standard,Addition,51.4293040000,-0.1191800000
710000,2015-08-17 00:00:00Z,SE27 0TA,Terraced,Established,Freehold,123,,CASEWICK ROAD,,LONDON,LAMBETH,GREATER LONDON,Standard,Addition,51.4270080000,-0.1105570000
460000,2015-07-03 00:00:00Z,SW16 2QR,Terraced,Established,Freehold,270,,LEIGHAM COURT ROAD,STREATHAM,LONDON,LAMBETH,GREATER LONDON,Standard,Addition,51.4263530000,-0.1145680000
402995,2015-01-26 00:00:00Z,SW16 2BG,Flats/Maisonettes,Established,Leasehold,115,FLAT 20,VALLEY ROAD,STREATHAM,LONDON,LAMBETH,GREATER LONDON,Standard,Addition,51.4293040000,-0.1191800000
555000,2015-05-01 00:00:00Z,SW16 2XR,Flats/Maisonettes,Established,Leasehold,104,,VALLEY ROAD,STREATHAM,LONDON,LAMBETH,GREATER LONDON,Standard,Addition,51.4299830000,-0.1194110000
346100,2015-10-02 00:00:00Z,SW16 3HZ,Flats/Maisonettes,Established,Leasehold,1,,CROWN LANE GARDENS,,LONDON,LAMBETH,GREATER LONDON,Standard,Addition,51.4235080000,-0.1104850000
250000,2015-04-10 00:00:00Z,SW16 3HY,Flats/Maisonettes,Established,Leasehold,FERN LODGE,FLAT 15,CROWN LANE,,LONDON,LAMBETH,GREATER LONDON,Standard,Addition,51.4234740000,-0.1122420000
287000,2015-11-27 00:00:00Z,SW16 2SA,Flats/Maisonettes,Established,Leasehold,19,,CHARWOOD,STREATHAM,LONDON,LAMBETH,GREATER LONDON,Standard,Addition,51.4288190000,-0.1135890000
680000,2015-04-10 00:00:00Z,SW16 2BG,Terraced,New Build,Freehold,97,,VALLEY ROAD,,LONDON,LAMBETH,GREATER LONDON,Standard,Addition,51.4293040000,-0.1191800000
840000,2015-09-11 00:00:00Z,SE27 0RW,Semi-Detached,Established,Freehold,23,,UFFINGTON ROAD,,LONDON,LAMBETH,GREATER LONDON,Standard,Addition,51.4296860000,-0.1121730000
525000,2015-02-06 00:00:00Z,SW16 2XR,Flats/Maisonettes,Established,Leasehold,154,,VALLEY ROAD,STREATHAM,LONDON,LAMBETH,GREATER LONDON,Standard,Addition,51.4299830000,-0.1194110000
749950,2015-03-10 00:00:00Z,SW16 2HU,Semi-Detached,Established,Freehold,60,,VALLEYFIELD ROAD,,LONDON,LAMBETH,GREATER LONDON,Standard,Addition,51.4263860000,-0.1166670000
610000,2015-06-12 00:00:00Z,SE27 0SD,Semi-Detached,Established,Freehold,55,,LAMBERHURST ROAD,,LONDON,LAMBETH,GREATER LONDON,Standard,Addition,51.4258800000,-0.1119990000
294000,2015-04-09 00:00:00Z,SW16 2QN,Flats/Maisonettes,Established,Leasehold,BENHURST COURT,FLAT 23,LEIGHAM COURT ROAD,STREATHAM,LONDON,LAMBETH,GREATER LONDON,Standard,Addition,51.4242590000,-0.1152300000
248000,2015-04-21 00:00:00Z,SW16 3QT,Flats/Maisonettes,Established,Leasehold,ACACIA COURT,FLAT 3,LEIGHAM COURT ROAD,STREATHAM,LONDON,LAMBETH,GREATER LONDON,Standard,Addition,51.4244170000,-0.1138430000
290000,2015-04-29 00:00:00Z,SW16 2SA,Flats/Maisonettes,Established,Leasehold,7,,CHARWOOD,STREATHAM,LONDON,LAMBETH,GREATER LONDON,Standard,Addition,51.4288190000,-0.1135890000
350000,2015-11-20 00:00:00Z,SW16 3HZ,Flats/Maisonettes,Established,Leasehold,24,,CROWN LANE GARDENS,,LONDON,LAMBETH,GREATER LONDON,Standard,Addition,51.4235080000,-0.1104850000
419995,2015-01-30 00:00:00Z,SW16 2BG,Flats/Maisonettes,New Build,Leasehold,115,FLAT 9,VALLEY ROAD,,LONDON,LAMBETH,GREATER LONDON,Standard,Addition,51.4293040000,-0.1191800000
290000,2015-11-13 00:00:00Z,SW16 2QN,Flats/Maisonettes,Established,Leasehold,BENHURST COURT,FLAT 13,LEIGHAM COURT ROAD,STREATHAM,LONDON,LAMBETH,GREATER LONDON,Standard,Addition,51.4242590000,-0.1152300000
712000,2015-11-20 00:00:00Z,SE27 0TA,Terraced,Established,Freehold,113,,CASEWICK ROAD,,LONDON,LAMBETH,GREATER LONDON,Standard,Addition,51.4270080000,-0.1105570000
655000,2015-04-17 00:00:00Z,SW16 2BG,Terraced,New Build,Freehold,111,,VALLEY ROAD,,LONDON,LAMBETH,GREATER LONDON,Standard,Addition,51.4293040000,-0.1191800000
228000,2015-07-03 00:00:00Z,SW16 2AL,Flats/Maisonettes,Established,Leasehold,33,,MAPLE MEWS,,LONDON,LAMBETH,GREATER LONDON,Standard,Addition,51.4239650000,-0.1193130000
403000,2015-11-23 00:00:00Z,SE27 0RR,Flats/Maisonettes,Established,Leasehold,120,FLAT 5,ST JULIANS FARM ROAD,,LONDON,LAMBETH,GREATER LONDON,Standard,Addition,51.4284620000,-0.1119820000
460000,2015-12-04 00:00:00Z,SE27 0RR,Flats/Maisonettes,Established,Leasehold,118,FLAT B,ST JULIANS FARM ROAD,,LONDON,LAMBETH,GREATER LONDON,Standard,Addition,51.4284620000,-0.1119820000
920000,2015-06-09 00:00:00Z,SE27 0SE,Semi-Detached,Established,Freehold,26,,LAMBERHURST ROAD,,LONDON,LAMBETH,GREATER LONDON,Standard,Addition,51.4266910000,-0.1126870000
275000,2015-11-27 00:00:00Z,SW16 3RG,Flats/Maisonettes,Established,Leasehold,SYCAMORE COURT,FLAT 10,LEIGHAM COURT ROAD,STREATHAM,LONDON,LAMBETH,GREATER LONDON,Standard,Addition,51.4239430000,-0.1140200000
335000,2015-08-03 00:00:00Z,SW16 2QN,Flats/Maisonettes,Established,Leasehold,BENHURST COURT,FLAT 36,LEIGHAM COURT ROAD,STREATHAM,LONDON,LAMBETH,GREATER LONDON,Standard,Addition,51.4242590000,-0.1152300000
699995,2015-01-30 00:00:00Z,SW16 2BG,Terraced,New Build,Freehold,107,,VALLEY ROAD,,LONDON,LAMBETH,GREATER LONDON,Standard,Addition,51.4293040000,-0.1191800000
700000,2015-04-17 00:00:00Z,SW16 2BG,Terraced,New Build,Freehold,109,,VALLEY ROAD,,LONDON,LAMBETH,GREATER LONDON,Standard,Addition,51.4293040000,-0.1191800000
658000,2015-10-30 00:00:00Z,SW16 3HA,Terraced,Established,Freehold,46,,HENRY TATE MEWS,,LONDON,LAMBETH,GREATER LONDON,Standard,Addition,51.4248220000,-0.1167030000
325000,2015-10-14 00:00:00Z,SW16 2QN,Flats/Maisonettes,Established,Leasehold,BENHURST COURT,FLAT 20,LEIGHAM COURT ROAD,STREATHAM,LONDON,LAMBETH,GREATER LONDON,Standard,Addition,51.4242590000,-0.1152300000
275000,2015-12-22 00:00:00Z,SW16 2HS,Flats/Maisonettes,Established,Leasehold,19,FLAT 2,VALLEYFIELD ROAD,,LONDON,LAMBETH,GREATER LONDON,Standard,Addition,51.4270260000,-0.1189860000
305000,2015-05-15 00:00:00Z,SW16 2QN,Flats/Maisonettes,Established,Leasehold,BENHURST COURT,FLAT 21,LEIGHAM COURT ROAD,STREATHAM,LONDON,LAMBETH,GREATER LONDON,Standard,Addition,51.4242590000,-0.1152300000
275000,2015-12-17 00:00:00Z,SW16 2QP,Flats/Maisonettes,Established,Leasehold,"NORMAN COURT, 296",FLAT 11,LEIGHAM COURT ROAD,STREATHAM,LONDON,LAMBETH,GREATER LONDON,Standard,Addition,51.4251370000,-0.1144530000
317500,2015-07-10 00:00:00Z,SW16 2SA,Flats/Maisonettes,Established,Leasehold,8,,CHARWOOD,STREATHAM,LONDON,LAMBETH,GREATER LONDON,Standard,Addition,51.4288190000,-0.1135890000
586129,2015-08-21 00:00:00Z,SW16 2SB,Semi-Detached,Established,Freehold,259,,LEIGHAM COURT ROAD,STREATHAM,LONDON,LAMBETH,GREATER LONDON,Standard,Addition,51.4298960000,-0.1134870000
646000,2015-11-24 00:00:00Z,SE27 0TA,Terraced,Established,Freehold,91,,CASEWICK ROAD,,LONDON,LAMBETH,GREATER LONDON,Standard,Addition,51.4270080000,-0.1105570000
402995,2015-01-16 00:00:00Z,SW16 2BG,Flats/Maisonettes,New Build,Leasehold,115,FLAT 22,VALLEY ROAD,,LONDON,LAMBETH,GREATER LONDON,Standard,Addition,51.4293040000,-0.1191800000
360000,2015-11-20 00:00:00Z,SW16 3HZ,Flats/Maisonettes,Established,Leasehold,5,,CROWN LANE GARDENS,,LONDON,LAMBETH,GREATER LONDON,Standard,Addition,51.4235080000,-0.1104850000
632707,2015-05-08 00:00:00Z,SW16 3BY,Terraced,Established,Freehold,221,,COVINGTON WAY,,LONDON,LAMBETH,GREATER LONDON,Standard,Addition,51.4204490000,-0.1187950000
262500,2015-03-17 00:00:00Z,SW16 2QJ,Flats/Maisonettes,Established,Leasehold,34,,FAWCETT CLOSE,,LONDON,LAMBETH,GREATER LONDON,Standard,Addition,51.4275200000,-0.1149950000
650000,2015-01-07 00:00:00Z,SW16 2BG,Terraced,New Build,Freehold,101,,VALLEY ROAD,,LONDON,LAMBETH,GREATER LONDON,Standard,Addition,51.4293040000,-0.1191800000
582500,2015-11-13 00:00:00Z,SE27 0LQ,Terraced,Established,Freehold,142,,CHEVIOT ROAD,,LONDON,LAMBETH,GREATER LONDON,Standard,Addition,51.4268010000,-0.1116870000
646000,2015-01-09 00:00:00Z,SW16 2HT,Semi-Detached,Established,Freehold,5,,STRATHDALE,,LONDON,LAMBETH,GREATER LONDON,Standard,Addition,51.4263970000,-0.1178890000
540000,2015-08-20 00:00:00Z,SW16 3HS,Flats/Maisonettes,Established,Leasehold,44,GROUND FLOOR FLAT,STREATHAM COMMON NORTH,,LONDON,LAMBETH,GREATER LONDON,Standard,Addition,51.4235400000,-0.1191580000
417500,2015-11-13 00:00:00Z,SW16 2RT,Terraced,Established,Leasehold,10,,CHESTNUT CLOSE,,LONDON,LAMBETH,GREATER LONDON,Standard,Addition,51.4295570000,-0.1136600000
899950,2015-04-15 00:00:00Z,SE27 0RW,Semi-Detached,Established,Freehold,27,,UFFINGTON ROAD,,LONDON,LAMBETH,GREATER LONDON,Standard,Addition,51.4296860000,-0.1121730000
290000,2015-11-19 00:00:00Z,SW16 2SA,Flats/Maisonettes,Established,Leasehold,17,,CHARWOOD,STREATHAM,LONDON,LAMBETH,GREATER LONDON,Standard,Addition,51.4288190000,-0.1135890000
292000,2015-10-26 00:00:00Z,SW16 3QX,Flats/Maisonettes,Established,Leasehold,ASH COURT,FLAT 4,LEIGHAM COURT ROAD,STREATHAM,LONDON,LAMBETH,GREATER LONDON,Standard,Addition,51.4248030000,-0.1132370000
717000,2015-04-28 00:00:00Z,SE27 0SE,Semi-Detached,Established,Freehold,78,,LAMBERHURST ROAD,,LONDON,LAMBETH,GREATER LONDON,Standard,Addition,51.4266910000,-0.1126870000
281000,2015-10-30 00:00:00Z,SW16 2QN,Flats/Maisonettes,Established,Leasehold,BENHURST COURT,FLAT 30,LEIGHAM COURT ROAD,STREATHAM,LONDON,LAMBETH,GREATER LONDON,Standard,Addition,51.4242590000,-0.1152300000
282000,2015-10-28 00:00:00Z,SW16 2QN,Flats/Maisonettes,Established,Leasehold,BENHURST COURT,FLAT 26,LEIGHAM COURT ROAD,STREATHAM,LONDON,LAMBETH,GREATER LONDON,Standard,Addition,51.4242590000,-0.1152300000
335000,2015-10-30 00:00:00Z,SW16 2QN,Flats/Maisonettes,Established,Leasehold,BENHURST COURT,FLAT 47,LEIGHAM COURT ROAD,STREATHAM,LONDON,LAMBETH,GREATER LONDON,Standard,Addition,51.4242590000,-0.1152300000
416250,2015-11-18 00:00:00Z,SE27 0RR,Flats/Maisonettes,Established,Leasehold,122,FLAT 3,ST JULIANS FARM ROAD,,LONDON,LAMBETH,GREATER LONDON,Standard,Addition,51.4284620000,-0.1119820000
670000,2015-05-28 00:00:00Z,SW16 2RZ,Semi-Detached,Established,Freehold,301,,LEIGHAM COURT ROAD,STREATHAM,LONDON,LAMBETH,GREATER LONDON,Standard,Addition,51.4281160000,-0.1140360000
1150000,2015-04-15 00:00:00Z,SW16 3EL,Detached,Established,Freehold,3,,JERVISTON GARDENS,,LONDON,CROYDON,GREATER LONDON,Standard,Addition,51.4226250000,-0.1131400000
680000,2015-07-27 00:00:00Z,SW16 2BG,Terraced,New Build,Freehold,99,,VALLEY ROAD,,LONDON,LAMBETH,GREATER LONDON,Standard,Addition,51.4293040000,-0.1191800000
628000,2015-06-23 00:00:00Z,SW16 2RY,Semi-Detached,Established,Freehold,3,,ST JULIANS CLOSE,,LONDON,LAMBETH,GREATER LONDON,Standard,Addition,51.4275110000,-0.1133410000
425000,2015-03-30 00:00:00Z,SE27 0TA,Terraced,Established,Leasehold,147,,CASEWICK ROAD,,LONDON,LAMBETH,GREATER LONDON,Standard,Addition,51.4270080000,-0.1105570000
699950,2015-04-13 00:00:00Z,SW16 2BG,Semi-Detached,New Build,Freehold,105,,VALLEY ROAD,,LONDON,LAMBETH,GREATER LONDON,Standard,Addition,51.4293040000,-0.1191800000
625000,2015-05-05 00:00:00Z,SW16 3BY,Semi-Detached,Established,Freehold,193,,COVINGTON WAY,,LONDON,LAMBETH,GREATER LONDON,Additional,Addition,51.4204490000,-0.1187950000
356500,2015-03-13 00:00:00Z,SW16 2HR,Flats/Maisonettes,Established,Leasehold,50A,,VALLEYFIELD ROAD,,LONDON,LAMBETH,GREATER LONDON,Standard,Addition,51.4262880000,-0.1194760000
340000,2015-05-21 00:00:00Z,SW16 2HR,Flats/Maisonettes,Established,Leasehold,50B,,VALLEYFIELD ROAD,,LONDON,LAMBETH,GREATER LONDON,Standard,Addition,51.4262880000,-0.1194760000
450000,2015-09-18 00:00:00Z,SE27 0RW,Flats/Maisonettes,Established,Leasehold,30,,UFFINGTON ROAD,,LONDON,LAMBETH,GREATER LONDON,Standard,Addition,51.4296860000,-0.1121730000
627500,2015-01-16 00:00:00Z,SE27 0SD,Terraced,Established,Freehold,37,,LAMBERHURST ROAD,,LONDON,LAMBETH,GREATER LONDON,Standard,Addition,51.4258800000,-0.1119990000
800000,2015-06-25 00:00:00Z,SW16 2HS,Detached,Established,Freehold,9,,VALLEYFIELD ROAD,,LONDON,LAMBETH,GREATER LONDON,Standard,Addition,51.4270260000,-0.1189860000
1100000,2015-01-16 00:00:00Z,SW16 3EN,Detached,Established,Freehold,79,,RYECROFT ROAD,,LONDON,CROYDON,GREATER LONDON,Standard,Addition,51.4214440000,-0.1135070000
335000,2015-08-28 00:00:00Z,SE27 0SB,Flats/Maisonettes,Established,Leasehold,112A,,THORNLAW ROAD,,LONDON,LAMBETH,GREATER LONDON,Standard,Addition,51.4277640000,-0.1106410000
1650000,2016-08-31 00:00:00Z,SE27 0RR,Detached,Established,Freehold,100,,ST JULIANS FARM ROAD,,LONDON,LAMBETH,GREATER LONDON,Standard,Addition,51.4284620000,-0.1119820000
740000,2016-10-13 00:00:00Z,SW16 3HA,Flats/Maisonettes,Established,Freehold,50,,HENRY TATE MEWS,,LONDON,LAMBETH,GREATER LONDON,Standard,Addition,51.4248220000,-0.1167030000
375000,2016-10-25 00:00:00Z,SW16 2QJ,Flats/Maisonettes,Established,Leasehold,6,,FAWCETT CLOSE,,LONDON,LAMBETH,GREATER LONDON,Standard,Addition,51.4275200000,-0.1149950000
585000,2016-09-30 00:00:00Z,SW16 2QJ,Terraced,Established,Freehold,53,,FAWCETT CLOSE,,LONDON,LAMBETH,GREATER LONDON,Standard,Addition,51.4275200000,-0.1149950000
329000,2016-11-03 00:00:00Z,SW16 2QN,Flats/Maisonettes,Established,Leasehold,BENHURST COURT,FLAT 42,LEIGHAM COURT ROAD,STREATHAM,LONDON,LAMBETH,GREATER LONDON,Standard,Addition,51.4242590000,-0.1152300000
389950,2016-07-20 00:00:00Z,SW16 2QW,Flats/Maisonettes,Established,Leasehold,BENHURST COURT,FLAT 69,LEIGHAM COURT ROAD,STREATHAM,LONDON,LAMBETH,GREATER LONDON,Standard,Addition,51.4250100000,-0.1155010000
775000,2016-10-07 00:00:00Z,SW16 2RB,Terraced,Established,Freehold,224,,LEIGHAM COURT ROAD,STREATHAM,LONDON,LAMBETH,GREATER LONDON,Standard,Addition,51.4291160000,-0.1147280000
947000,2016-05-26 00:00:00Z,SW16 3BY,Semi-Detached,Established,Freehold,193,,COVINGTON WAY,,LONDON,LAMBETH,GREATER LONDON,Standard,Addition,51.4204490000,-0.1187950000
600000,2016-04-13 00:00:00Z,SW16 2QR,Terraced,Established,Freehold,268,,LEIGHAM COURT ROAD,STREATHAM,LONDON,LAMBETH,GREATER LONDON,Standard,Addition,51.4263530000,-0.1145680000
935000,2016-08-17 00:00:00Z,SE27 0RW,Semi-Detached,Established,Freehold,35,,UFFINGTON ROAD,,LONDON,LAMBETH,GREATER LONDON,Standard,Addition,51.4296860000,-0.1121730000
296750,2016-06-27 00:00:00Z,SW16 3HY,Flats/Maisonettes,Established,Leasehold,FERN LODGE,FLAT 30,CROWN LANE,,LONDON,LAMBETH,GREATER LONDON,Standard,Addition,51.4234740000,-0.1122420000
580000,2016-08-05 00:00:00Z,SW16 3JE,Terraced,Established,Freehold,51A,,CROWN LANE,,LONDON,CROYDON,GREATER LONDON,Standard,Addition,51.4228820000,-0.1101520000
308000,2016-07-08 00:00:00Z,SW16 2QN,Flats/Maisonettes,Established,Leasehold,BENHURST COURT,FLAT 46,LEIGHAM COURT ROAD,STREATHAM,LONDON,LAMBETH,GREATER LONDON,Standard,Addition,51.4242590000,-0.1152300000
345000,2016-07-01 00:00:00Z,SW16 2QN,Flats/Maisonettes,Established,Leasehold,BENHURST COURT,FLAT 19,LEIGHAM COURT ROAD,STREATHAM,LONDON,LAMBETH,GREATER LONDON,Standard,Addition,51.4242590000,-0.1152300000
390000,2016-02-17 00:00:00Z,SE27 0SE,Detached,Established,Freehold,38,,LAMBERHURST ROAD,,LONDON,LAMBETH,GREATER LONDON,Standard,Addition,51.4266910000,-0.1126870000
725000,2016-04-15 00:00:00Z,SE27 0SE,Semi-Detached,Established,Freehold,70,,LAMBERHURST ROAD,,LONDON,LAMBETH,GREATER LONDON,Standard,Addition,51.4266910000,-0.1126870000
925000,2016-12-09 00:00:00Z,SW16 3HA,Terraced,Established,Freehold,3,,HENRY TATE MEWS,,LONDON,LAMBETH,GREATER LONDON,Standard,Addition,51.4248220000,-0.1167030000
720000,2016-11-18 00:00:00Z,SW16 2AP,Semi-Detached,Established,Freehold,1,,HEARN PLACE,,LONDON,LAMBETH,GREATER LONDON,Additional,Addition,51.4275830000,-0.1160890000
375000,2016-01-22 00:00:00Z,SW16 3HZ,Flats/Maisonettes,Established,Leasehold,25,,CROWN LANE GARDENS,,LONDON,LAMBETH,GREATER LONDON,Standard,Addition,51.4235080000,-0.1104850000
500000,2016-12-12 00:00:00Z,SW16 2BG,Flats/Maisonettes,Established,Leasehold,115,FLAT 23,VALLEY ROAD,STREATHAM,LONDON,LAMBETH,GREATER LONDON,Standard,Addition,51.4293040000,-0.1191800000
290000,2016-12-14 00:00:00Z,SW16 3QY,Flats/Maisonettes,Established,Leasehold,BEECH COURT,FLAT 9,LEIGHAM COURT ROAD,STREATHAM,LONDON,LAMBETH,GREATER LONDON,Additional,Addition,51.4246840000,-0.1131270000
410000,2016-11-25 00:00:00Z,SW16 3HZ,Flats/Maisonettes,Established,Leasehold,26,,CROWN LANE GARDENS,,LONDON,LAMBETH,GREATER LONDON,Standard,Addition,51.4235080000,-0.1104850000
755000,2016-08-12 00:00:00Z,SW16 3HA,Terraced,Established,Freehold,42,,HENRY TATE MEWS,,LONDON,LAMBETH,GREATER LONDON,Standard,Addition,51.4248220000,-0.1167030000
615000,2016-10-13 00:00:00Z,SE27 0LH,Semi-Detached,Established,Freehold,19,,GREENHURST ROAD,,LONDON,LAMBETH,GREATER LONDON,Standard,Addition,51.4257620000,-0.1113850000
1400000,2016-07-28 00:00:00Z,SW16 3JE,Detached,Established,Freehold,47,,CROWN LANE,,LONDON,CROYDON,GREATER LONDON,Standard,Addition,51.4228820000,-0.1101520000
385000,2016-07-04 00:00:00Z,SW16 2QJ,Flats/Maisonettes,Established,Leasehold,5,,FAWCETT CLOSE,,LONDON,LAMBETH,GREATER LONDON,Standard,Addition,51.4275200000,-0.1149950000
385000,2016-04-22 00:00:00Z,SW16 3HZ,Flats/Maisonettes,Established,Leasehold,3,,CROWN LANE GARDENS,,LONDON,LAMBETH,GREATER LONDON,Standard,Addition,51.4235080000,-0.1104850000
650000,2016-07-18 00:00:00Z,SE27 0LH,Semi-Detached,Established,Freehold,17,,GREENHURST ROAD,,LONDON,LAMBETH,GREATER LONDON,Standard,Addition,51.4257620000,-0.1113850000
650000,2016-05-06 00:00:00Z,SW16 2XR,Flats/Maisonettes,Established,Leasehold,142,,VALLEY ROAD,STREATHAM,LONDON,LAMBETH,GREATER LONDON,Standard,Addition,51.4299830000,-0.1194110000
345000,2016-03-31 00:00:00Z,SW16 2QN,Flats/Maisonettes,Established,Leasehold,BENHURST COURT,FLAT 32,LEIGHAM COURT ROAD,STREATHAM,LONDON,LAMBETH,GREATER LONDON,Standard,Addition,51.4242590000,-0.1152300000
375000,2016-03-30 00:00:00Z,SW16 2QN,Flats/Maisonettes,Established,Leasehold,BENHURST COURT,FLAT 22,LEIGHAM COURT ROAD,STREATHAM,LONDON,LAMBETH,GREATER LONDON,Standard,Addition,51.4242590000,-0.1152300000
345000,2016-03-22 00:00:00Z,SW16 2AL,Flats/Maisonettes,Established,Leasehold,10,,MAPLE MEWS,,LONDON,LAMBETH,GREATER LONDON,Standard,Addition,51.4239650000,-0.1193130000
707000,2016-11-11 00:00:00Z,SW16 2AP,Terraced,Established,Freehold,4,,HEARN PLACE,,LONDON,LAMBETH,GREATER LONDON,Standard,Addition,51.4275830000,-0.1160890000
800000,2016-09-02 00:00:00Z,SW16 3HA,Flats/Maisonettes,Established,Leasehold,10,,HENRY TATE MEWS,,LONDON,LAMBETH,GREATER LONDON,Standard,Addition,51.4248220000,-0.1167030000
378000,2016-08-11 00:00:00Z,SW16 2QN,Flats/Maisonettes,Established,Leasehold,BENHURST COURT,FLAT 30,LEIGHAM COURT ROAD,STREATHAM,LONDON,LAMBETH,GREATER LONDON,Standard,Addition,51.4242590000,-0.1152300000
377000,2016-09-09 00:00:00Z,SW16 2QN,Flats/Maisonettes,Established,Leasehold,BENHURST COURT,FLAT 3,LEIGHAM COURT ROAD,STREATHAM,LONDON,LAMBETH,GREATER LONDON,Standard,Addition,51.4242590000,-0.1152300000
425000,2016-01-15 00:00:00Z,SW16 3HZ,Flats/Maisonettes,Established,Leasehold,42,,CROWN LANE GARDENS,,LONDON,LAMBETH,GREATER LONDON,Standard,Addition,51.4235080000,-0.1104850000
270000,2016-01-12 00:00:00Z,SW16 2QN,Flats/Maisonettes,Established,Leasehold,BENHURST COURT,FLAT 40,LEIGHAM COURT ROAD,STREATHAM,LONDON,LAMBETH,GREATER LONDON,Standard,Addition,51.4242590000,-0.1152300000
340000,2016-03-09 00:00:00Z,SW16 2QN,Flats/Maisonettes,Established,Leasehold,BENHURST COURT,FLAT 10,LEIGHAM COURT ROAD,STREATHAM,LONDON,LAMBETH,GREATER LONDON,Standard,Addition,51.4242590000,-0.1152300000
650000,2016-04-01 00:00:00Z,SW16 2XR,Flats/Maisonettes,Established,Leasehold,94,,VALLEY ROAD,STREATHAM,LONDON,LAMBETH,GREATER LONDON,Standard,Addition,51.4299830000,-0.1194110000
222000,2016-03-15 00:00:00Z,SW16 2AH,Flats/Maisonettes,Established,Leasehold,9,,WELL CLOSE,,LONDON,LAMBETH,GREATER LONDON,Standard,Addition,51.4278920000,-0.1191370000
806000,2016-07-18 00:00:00Z,SW16 2HR,Semi-Detached,Established,Freehold,30,,VALLEYFIELD ROAD,,LONDON,LAMBETH,GREATER LONDON,Standard,Addition,51.4262880000,-0.1194760000
225000,2016-03-04 00:00:00Z,SW16 2AH,Flats/Maisonettes,Established,Leasehold,4,,WELL CLOSE,,LONDON,LAMBETH,GREATER LONDON,Additional,Addition,51.4278920000,-0.1191370000
296000,2016-03-18 00:00:00Z,SW16 2QN,Flats/Maisonettes,Established,Leasehold,BENHURST COURT,FLAT 34,LEIGHAM COURT ROAD,STREATHAM,LONDON,LAMBETH,GREATER LONDON,Standard,Addition,51.4242590000,-0.1152300000
279000,2016-02-24 00:00:00Z,SW16 2QW,Flats/Maisonettes,Established,Leasehold,BENHURST COURT,FLAT 73,LEIGHAM COURT ROAD,STREATHAM,LONDON,LAMBETH,GREATER LONDON,Standard,Addition,51.4250100000,-0.1155010000
540000,2016-08-30 00:00:00Z,SW16 3JE,Terraced,Established,Freehold,51B,,CROWN LANE,,LONDON,CROYDON,GREATER LONDON,Additional,Addition,51.4228820000,-0.1101520000
246500,2016-04-27 00:00:00Z,SW16 3RB,Flats/Maisonettes,Established,Leasehold,HAWTHORN COURT,FLAT 8,LEIGHAM COURT ROAD,STREATHAM,LONDON,LAMBETH,GREATER LONDON,Standard,Addition,51.4241820000,-0.1121410000
325000,2016-06-10 00:00:00Z,SW16 2QN,Flats/Maisonettes,Established,Leasehold,BENHURST COURT,FLAT 31,LEIGHAM COURT ROAD,STREATHAM,LONDON,LAMBETH,GREATER LONDON,Standard,Addition,51.4242590000,-0.1152300000
404000,2016-06-03 00:00:00Z,SE27 0TA,Flats/Maisonettes,Established,Leasehold,167,,CASEWICK ROAD,,LONDON,LAMBETH,GREATER LONDON,Standard,Addition,51.4270080000,-0.1105570000
455000,2016-09-12 00:00:00Z,SW16 2BG,Flats/Maisonettes,Established,Leasehold,115,FLAT 15,VALLEY ROAD,STREATHAM,LONDON,LAMBETH,GREATER LONDON,Standard,Addition,51.4293040000,-0.1191800000
1291000,2016-06-13 00:00:00Z,SE27 0RP,Detached,Established,Freehold,117,,ST JULIANS FARM ROAD,,LONDON,LAMBETH,GREATER LONDON,Standard,Addition,51.4288140000,-0.1121370000
440000,2016-06-06 00:00:00Z,SW16 2QS,Terraced,Established,Freehold,5,,NORMINGTON CLOSE,STREATHAM,LONDON,LAMBETH,GREATER LONDON,Standard,Addition,51.4268020000,-0.1153450000
350000,2016-11-18 00:00:00Z,SW16 3QZ,Flats/Maisonettes,Established,Leasehold,BLACKTHORN COURT,FLAT 1,LEIGHAM COURT ROAD,STREATHAM,LONDON,LAMBETH,GREATER LONDON,Standard,Addition,51.4242920000,-0.1133590000
340000,2017-11-16 00:00:00Z,SW16 2QP,Flats/Maisonettes,Established,Leasehold,288,FLAT 4,LEIGHAM COURT ROAD,STREATHAM,LONDON,LAMBETH,GREATER LONDON,Standard,Addition,51.4251370000,-0.1144530000
317500,2017-10-20 00:00:00Z,SW16 2QJ,Flats/Maisonettes,Established,Leasehold,24,,FAWCETT CLOSE,,LONDON,LAMBETH,GREATER LONDON,Standard,Addition,51.4275200000,-0.1149950000
838500,2017-02-10 00:00:00Z,SW16 3HA,Terraced,Established,Freehold,17,,HENRY TATE MEWS,,LONDON,LAMBETH,GREATER LONDON,Standard,Addition,51.4248220000,-0.1167030000
435000,2017-12-14 00:00:00Z,SW16 2BG,Flats/Maisonettes,Established,Leasehold,115,FLAT 3,VALLEY ROAD,STREATHAM,LONDON,LAMBETH,GREATER LONDON,Standard,Addition,51.4293040000,-0.1191800000
870000,2017-12-11 00:00:00Z,SW16 3HA,Terraced,Established,Freehold,11,,HENRY TATE MEWS,,LONDON,LAMBETH,GREATER LONDON,Standard,Addition,51.4248220000,-0.1167030000
1490000,2017-11-30 00:00:00Z,SW16 3HA,Terraced,Established,Freehold,5,,HENRY TATE MEWS,,LONDON,LAMBETH,GREATER LONDON,Standard,Addition,51.4248220000,-0.1167030000
516374,2017-10-18 00:00:00Z,SE27 0RP,Flats/Maisonettes,Established,Leasehold,111,FLAT 1,"ST JULIAN'S FARM ROAD",,LONDON,LAMBETH,GREATER LONDON,Standard,Addition,51.4288140000,-0.1121370000
311000,2017-12-20 00:00:00Z,SW16 2QW,Flats/Maisonettes,Established,Leasehold,BENHURST COURT,FLAT 65,LEIGHAM COURT ROAD,STREATHAM,LONDON,LAMBETH,GREATER LONDON,Standard,Addition,51.4250100000,-0.1155010000
15100,2017-04-27 00:00:00Z,SE27 0TA,Other,Established,Freehold,143,,CASEWICK ROAD,,LONDON,LAMBETH,GREATER LONDON,Additional,Addition,51.4270080000,-0.1105570000
935000,2017-12-20 00:00:00Z,SE27 0TA,Terraced,Established,Freehold,187,,CASEWICK ROAD,,LONDON,LAMBETH,GREATER LONDON,Standard,Addition,51.4270080000,-0.1105570000
715000,2017-05-09 00:00:00Z,SW16 2AP,Terraced,Established,Freehold,3,,HEARN PLACE,,LONDON,LAMBETH,GREATER LONDON,Standard,Addition,51.4275830000,-0.1160890000
474000,2017-07-07 00:00:00Z,SE27 0RW,Flats/Maisonettes,Established,Leasehold,30A,,UFFINGTON ROAD,,LONDON,LAMBETH,GREATER LONDON,Standard,Addition,51.4296860000,-0.1121730000
370000,2017-03-31 00:00:00Z,SE27 0TA,Other,Established,Freehold,147,,CASEWICK ROAD,,LONDON,LAMBETH,GREATER LONDON,Additional,Addition,51.4270080000,-0.1105570000
775000,2017-07-03 00:00:00Z,SW16 2QU,Semi-Detached,Established,Freehold,21,,SPRINGWELL ROAD,,LONDON,LAMBETH,GREATER LONDON,Standard,Addition,51.4271190000,-0.1163490000
375000,2017-04-28 00:00:00Z,SW16 2QW,Flats/Maisonettes,Established,Leasehold,BENHURST COURT,FLAT 65,LEIGHAM COURT ROAD,STREATHAM,LONDON,LAMBETH,GREATER LONDON,Additional,Addition,51.4250100000,-0.1155010000
510000,2017-09-21 00:00:00Z,SE27 0RR,Flats/Maisonettes,Established,Leasehold,120,FLAT 2,ST JULIANS FARM ROAD,,LONDON,LAMBETH,GREATER LONDON,Standard,Addition,51.4284620000,-0.1119820000
630000,2017-04-19 00:00:00Z,SW16 2QJ,Terraced,Established,Freehold,56,,FAWCETT CLOSE,,LONDON,LAMBETH,GREATER LONDON,Standard,Addition,51.4275200000,-0.1149950000
550000,2017-05-24 00:00:00Z,SW16 2XR,Flats/Maisonettes,Established,Leasehold,108,,VALLEY ROAD,STREATHAM,LONDON,LAMBETH,GREATER LONDON,Standard,Addition,51.4299830000,-0.1194110000
735000,2017-02-10 00:00:00Z,SW16 2AP,Terraced,Established,Freehold,2,,HEARN PLACE,,LONDON,LAMBETH,GREATER LONDON,Standard,Addition,51.4275830000,-0.1160890000
342500,2017-06-01 00:00:00Z,SW16 3HY,Flats/Maisonettes,Established,Leasehold,FERN LODGE,FLAT 15,CROWN LANE,,LONDON,LAMBETH,GREATER LONDON,Standard,Addition,51.4234740000,-0.1122420000
590000,2017-03-06 00:00:00Z,SW16 2QS,Terraced,Established,Freehold,5,,NORMINGTON CLOSE,STREATHAM,LONDON,LAMBETH,GREATER LONDON,Standard,Addition,51.4268020000,-0.1153450000
1685000,2017-09-28 00:00:00Z,SE27 0RR,Flats/Maisonettes,Established,Freehold,102,,ST JULIANS FARM ROAD,,LONDON,LAMBETH,GREATER LONDON,Standard,Addition,51.4284620000,-0.1119820000
717000,2017-03-10 00:00:00Z,SE27 0LQ,Terraced,Established,Freehold,136,,CHEVIOT ROAD,,LONDON,LAMBETH,GREATER LONDON,Standard,Addition,51.4268010000,-0.1116870000
515000,2017-03-27 00:00:00Z,SW16 3HS,Flats/Maisonettes,Established,Leasehold,42,FLAT 2,STREATHAM COMMON NORTH,,LONDON,LAMBETH,GREATER LONDON,Standard,Addition,51.4235400000,-0.1191580000
325000,2017-07-11 00:00:00Z,SW16 2QJ,Flats/Maisonettes,Established,Leasehold,22,,FAWCETT CLOSE,,LONDON,LAMBETH,GREATER LONDON,Standard,Addition,51.4275200000,-0.1149950000
395000,2017-06-27 00:00:00Z,SW16 2QJ,Flats/Maisonettes,Established,Leasehold,27,,FAWCETT CLOSE,,LONDON,LAMBETH,GREATER LONDON,Standard,Addition,51.4275200000,-0.1149950000
735000,2017-08-16 00:00:00Z,SE27 0LH,Terraced,Established,Freehold,29,,GREENHURST ROAD,,LONDON,LAMBETH,GREATER LONDON,Standard,Addition,51.4257620000,-0.1113850000
65000,2017-09-20 00:00:00Z,SW16 2HS,Other,Established,Freehold,19,,VALLEYFIELD ROAD,,LONDON,LAMBETH,GREATER LONDON,Additional,Addition,51.4270260000,-0.1189860000
690000,2017-08-29 00:00:00Z,SE27 0LH,Terraced,Established,Freehold,30,,GREENHURST ROAD,,LONDON,LAMBETH,GREATER LONDON,Standard,Addition,51.4257620000,-0.1113850000
670000,2017-12-13 00:00:00Z,SW16 2SB,Semi-Detached,Established,Freehold,241,,LEIGHAM COURT ROAD,STREATHAM,LONDON,LAMBETH,GREATER LONDON,Standard,Addition,51.4298960000,-0.1134870000
975000,2017-08-10 00:00:00Z,SW16 2HU,Detached,Established,Freehold,72,,VALLEYFIELD ROAD,,LONDON,LAMBETH,GREATER LONDON,Standard,Addition,51.4263860000,-0.1166670000
355000,2017-08-31 00:00:00Z,SW16 2AL,Flats/Maisonettes,Established,Leasehold,33,,MAPLE MEWS,,LONDON,LAMBETH,GREATER LONDON,Standard,Addition,51.4239650000,-0.1193130000
310000,2017-07-27 00:00:00Z,SW16 3QZ,Flats/Maisonettes,Established,Leasehold,BLACKTHORN COURT,FLAT 3,LEIGHAM COURT ROAD,STREATHAM,LONDON,LAMBETH,GREATER LONDON,Standard,Addition,51.4242920000,-0.1133590000
783000,2017-03-31 00:00:00Z,SE27 0SQ,Semi-Detached,Established,Freehold,111,,THORNLAW ROAD,,LONDON,LAMBETH,GREATER LONDON,Standard,Addition,51.4280790000,-0.1111740000
710000,2017-10-27 00:00:00Z,SE27 0LQ,Terraced,Established,Freehold,73,,CHEVIOT ROAD,,LONDON,LAMBETH,GREATER LONDON,Standard,Addition,51.4268010000,-0.1116870000
332000,2017-05-15 00:00:00Z,SE27 0TA,Flats/Maisonettes,Established,Leasehold,89,GROUND FLOOR FLAT,CASEWICK ROAD,,LONDON,LAMBETH,GREATER LONDON,Additional,Addition,51.4270080000,-0.1105570000
36000,2017-03-24 00:00:00Z,SW16 2XR,Other,Established,Freehold,158,,VALLEY ROAD,STREATHAM,LONDON,LAMBETH,GREATER LONDON,Additional,Addition,51.4299830000,-0.1194110000
390000,2017-04-21 00:00:00Z,SE27 0SB,Flats/Maisonettes,Established,Leasehold,106,FLAT E,THORNLAW ROAD,,LONDON,LAMBETH,GREATER LONDON,Standard,Addition,51.4277640000,-0.1106410000
310000,2017-04-07 00:00:00Z,SW16 3QZ,Flats/Maisonettes,Established,Leasehold,BLACKTHORN COURT,FLAT 5,LEIGHAM COURT ROAD,STREATHAM,LONDON,LAMBETH,GREATER LONDON,Standard,Addition,51.4242920000,-0.1133590000
332500,2017-04-07 00:00:00Z,SW16 2QP,Flats/Maisonettes,Established,Leasehold,"NORMAN COURT, 296",FLAT 12,LEIGHAM COURT ROAD,STREATHAM,LONDON,LAMBETH,GREATER LONDON,Standard,Addition,51.4251370000,-0.1144530000
340000,2017-11-13 00:00:00Z,SE27 0SE,Flats/Maisonettes,Established,Leasehold,14,,LAMBERHURST ROAD,,LONDON,LAMBETH,GREATER LONDON,Standard,Addition,51.4266910000,-0.1126870000
426000,2017-09-14 00:00:00Z,SW16 2BG,Flats/Maisonettes,Established,Leasehold,115,FLAT 21,VALLEY ROAD,STREATHAM,LONDON,LAMBETH,GREATER LONDON,Standard,Addition,51.4293040000,-0.1191800000
380000,2017-10-25 00:00:00Z,SW16 3HZ,Flats/Maisonettes,Established,Leasehold,6,,CROWN LANE GARDENS,,LONDON,LAMBETH,GREATER LONDON,Standard,Addition,51.4235080000,-0.1104850000
268500,2017-10-31 00:00:00Z,SW16 3HY,Flats/Maisonettes,Established,Leasehold,FERN LODGE,FLAT 18,CROWN LANE,,LONDON,LAMBETH,GREATER LONDON,Standard,Addition,51.4234740000,-0.1122420000
575000,2017-10-18 00:00:00Z,SW16 2XR,Terraced,Established,Leasehold,102,,VALLEY ROAD,STREATHAM,LONDON,LAMBETH,GREATER LONDON,Standard,Addition,51.4299830000,-0.1194110000
737500,2017-10-26 00:00:00Z,SE27 0SD,Semi-Detached,Established,Freehold,63,,LAMBERHURST ROAD,,LONDON,LAMBETH,GREATER LONDON,Standard,Addition,51.4258800000,-0.1119990000
7125,2017-09-14 00:00:00Z,SW16 3HY,Other,Established,Leasehold,FERN LODGE,COMMUNICATION SITE,CROWN LANE,,LONDON,LAMBETH,GREATER LONDON,Additional,Addition,51.4234740000,-0.1122420000
824250,2017-11-03 00:00:00Z,SE27 0SQ,Terraced,Established,Freehold,131,,THORNLAW ROAD,,LONDON,LAMBETH,GREATER LONDON,Standard,Addition,51.4280790000,-0.1111740000
376000,2017-04-26 00:00:00Z,SW16 3HZ,Flats/Maisonettes,Established,Leasehold,18,,CROWN LANE GARDENS,,LONDON,LAMBETH,GREATER LONDON,Standard,Addition,51.4235080000,-0.1104850000
368000,2017-06-09 00:00:00Z,SW16 3QT,Flats/Maisonettes,Established,Leasehold,ACACIA COURT,FLAT 3,LEIGHAM COURT ROAD,STREATHAM,LONDON,LAMBETH,GREATER LONDON,Standard,Addition,51.4244170000,-0.1138430000
775000,2017-01-13 00:00:00Z,SW16 2BG,Terraced,Established,Freehold,101,,VALLEY ROAD,,LONDON,LAMBETH,GREATER LONDON,Standard,Addition,51.4293040000,-0.1191800000
355000,2017-05-25 00:00:00Z,SE27 0SQ,Flats/Maisonettes,Established,Leasehold,103,FLAT 4,THORNLAW ROAD,,LONDON,LAMBETH,GREATER LONDON,Standard,Addition,51.4280790000,-0.1111740000
480000,2018-11-01 00:00:00Z,SE27 0TA,Flats/Maisonettes,Established,Leasehold,143,,CASEWICK ROAD,,LONDON,LAMBETH,GREATER LONDON,Standard,Addition,51.4270080000,-0.1105570000
830000,2018-12-10 00:00:00Z,SW16 2HR,Semi-Detached,Established,Freehold,10,,VALLEYFIELD ROAD,,LONDON,LAMBETH,GREATER LONDON,Standard,Addition,51.4262880000,-0.1194760000
299000,2018-10-26 00:00:00Z,SW16 2QW,Flats/Maisonettes,Established,Leasehold,BENHURST COURT,FLAT 59,LEIGHAM COURT ROAD,STREATHAM,LONDON,LAMBETH,GREATER LONDON,Standard,Addition,51.4250100000,-0.1155010000
1500000,2018-07-23 00:00:00Z,SW16 2XT,Other,Established,Freehold,139,,VALLEY ROAD,STREATHAM,LONDON,LAMBETH,GREATER LONDON,Additional,Addition,51.4286160000,-0.1194240000
2389946,2018-05-31 00:00:00Z,SE27 0RR,Detached,Established,Freehold,116,,"ST JULIAN'S FARM ROAD",,LONDON,LAMBETH,GREATER LONDON,Additional,Addition,51.4284620000,-0.1119820000
453000,2018-10-05 00:00:00Z,SE27 0RR,Flats/Maisonettes,Established,Leasehold,118,FLAT B,"ST JULIAN'S FARM ROAD",,LONDON,LAMBETH,GREATER LONDON,Standard,Addition,51.4284620000,-0.1119820000
270000,2018-12-14 00:00:00Z,SW16 3RF,Flats/Maisonettes,Established,Leasehold,MAPLE COURT,FLAT 1,LEIGHAM COURT ROAD,STREATHAM,LONDON,LAMBETH,GREATER LONDON,Additional,Addition,51.4235580000,-0.1135760000
300000,2018-03-19 00:00:00Z,SW16 2QJ,Flats/Maisonettes,Established,Leasehold,14,,FAWCETT CLOSE,,LONDON,LAMBETH,GREATER LONDON,Standard,Addition,51.4275200000,-0.1149950000
380000,2018-05-11 00:00:00Z,SW16 2XR,Flats/Maisonettes,Established,Leasehold,178,,VALLEY ROAD,STREATHAM,LONDON,LAMBETH,GREATER LONDON,Standard,Addition,51.4299830000,-0.1194110000
290000,2018-04-27 00:00:00Z,SE27 0SG,Flats/Maisonettes,Established,Leasehold,3,,LEAF GROVE,,LONDON,LAMBETH,GREATER LONDON,Standard,Addition,51.4262300000,-0.1136390000
770000,2018-08-22 00:00:00Z,SW16 2HU,Semi-Detached,Established,Freehold,60,,VALLEYFIELD ROAD,,LONDON,LAMBETH,GREATER LONDON,Standard,Addition,51.4263860000,-0.1166670000
350000,2018-09-19 00:00:00Z,SW16 2HS,Flats/Maisonettes,Established,Leasehold,17,,VALLEYFIELD ROAD,,LONDON,LAMBETH,GREATER LONDON,Standard,Addition,51.4270260000,-0.1189860000
660000,2018-09-14 00:00:00Z,SW16 2BG,Flats/Maisonettes,Established,Leasehold,115,FLAT 18,VALLEY ROAD,,LONDON,LAMBETH,GREATER LONDON,Standard,Addition,51.4293040000,-0.1191800000
590000,2018-10-04 00:00:00Z,SW16 3BY,Semi-Detached,Established,Freehold,189,,COVINGTON WAY,,LONDON,CROYDON,GREATER LONDON,Standard,Addition,51.4204490000,-0.1187950000
1300000,2018-08-22 00:00:00Z,SE27 0RP,Terraced,Established,Freehold,119,,"ST JULIAN'S FARM ROAD",,LONDON,LAMBETH,GREATER LONDON,Standard,Addition,51.4288140000,-0.1121370000
430000,2018-05-25 00:00:00Z,SE27 0TA,Terraced,Established,Leasehold,157,,CASEWICK ROAD,,LONDON,LAMBETH,GREATER LONDON,Standard,Addition,51.4270080000,-0.1105570000
875000,2018-08-10 00:00:00Z,SE27 0TA,Terraced,Established,Freehold,117,,CASEWICK ROAD,,LONDON,LAMBETH,GREATER LONDON,Standard,Addition,51.4270080000,-0.1105570000
877500,2018-07-06 00:00:00Z,SE27 0RW,Semi-Detached,Established,Freehold,20,,UFFINGTON ROAD,,LONDON,LAMBETH,GREATER LONDON,Standard,Addition,51.4296860000,-0.1121730000
1400000,2018-04-16 00:00:00Z,SE27 0RR,Detached,Established,Freehold,114,,"ST JULIAN'S FARM ROAD",,LONDON,LAMBETH,GREATER LONDON,Standard,Addition,51.4284620000,-0.1119820000
592177,2018-08-31 00:00:00Z,SW16 2XR,Flats/Maisonettes,Established,Leasehold,96,,VALLEY ROAD,STREATHAM,LONDON,LAMBETH,GREATER LONDON,Standard,Addition,51.4299830000,-0.1194110000
340000,2018-08-31 00:00:00Z,SW16 2SA,Flats/Maisonettes,Established,Leasehold,20,,CHARWOOD,STREATHAM,LONDON,LAMBETH,GREATER LONDON,Standard,Addition,51.4288190000,-0.1135890000
300000,2018-10-19 00:00:00Z,SW16 3RG,Flats/Maisonettes,Established,Leasehold,SYCAMORE COURT,FLAT 8,LEIGHAM COURT ROAD,STREATHAM,LONDON,LAMBETH,GREATER LONDON,Standard,Addition,51.4239430000,-0.1140200000
20000,2018-05-21 00:00:00Z,SE27 0RW,Other,Established,Freehold,14,,UFFINGTON ROAD,,LONDON,LAMBETH,GREATER LONDON,Additional,Addition,51.4296860000,-0.1121730000
890000,2018-09-14 00:00:00Z,SW16 2HS,Detached,Established,Freehold,39,,VALLEYFIELD ROAD,,LONDON,LAMBETH,GREATER LONDON,Standard,Addition,51.4270260000,-0.1189860000
1500,2018-10-05 00:00:00Z,SE27 0TA,Other,Established,Freehold,173,,CASEWICK ROAD,,LONDON,LAMBETH,GREATER LONDON,Additional,Addition,51.4270080000,-0.1105570000
432000,2018-09-14 00:00:00Z,SE27 0SE,Flats/Maisonettes,Established,Leasehold,10,,LAMBERHURST ROAD,,LONDON,LAMBETH,GREATER LONDON,Standard,Addition,51.4266910000,-0.1126870000
642500,2018-07-17 00:00:00Z,SE27 0LH,Terraced,Established,Freehold,21,,GREENHURST ROAD,,LONDON,LAMBETH,GREATER LONDON,Standard,Addition,51.4257620000,-0.1113850000
765000,2018-12-19 00:00:00Z,SE27 0TA,Terraced,Established,Freehold,137,,CASEWICK ROAD,,LONDON,LAMBETH,GREATER LONDON,Standard,Addition,51.4270080000,-0.1105570000
345000,2018-06-05 00:00:00Z,SW16 3RD,Flats/Maisonettes,Established,Leasehold,HAZEL COURT,FLAT 7,LEIGHAM COURT ROAD,STREATHAM,LONDON,LAMBETH,GREATER LONDON,Standard,Addition,51.4241180000,-0.1120570000
420000,2018-03-26 00:00:00Z,SE27 0RW,Flats/Maisonettes,Established,Leasehold,14,,UFFINGTON ROAD,,LONDON,LAMBETH,GREATER LONDON,Standard,Addition,51.4296860000,-0.1121730000
395000,2018-07-06 00:00:00Z,SW16 3EJ,Flats/Maisonettes,Established,Leasehold,91,,RYECROFT ROAD,,LONDON,CROYDON,GREATER LONDON,Standard,Addition,51.4227690000,-0.1120690000
330000,2018-02-20 00:00:00Z,SW16 2AL,Flats/Maisonettes,Established,Leasehold,29,,MAPLE MEWS,,LONDON,LAMBETH,GREATER LONDON,Standard,Addition,51.4239650000,-0.1193130000
665000,2018-07-09 00:00:00Z,SW16 3BY,Semi-Detached,Established,Freehold,225,,COVINGTON WAY,,LONDON,LAMBETH,GREATER LONDON,Standard,Addition,51.4204490000,-0.1187950000
620000,2018-08-20 00:00:00Z,SW16 2HS,Semi-Detached,Established,Freehold,17,,VALLEYFIELD ROAD,,LONDON,LAMBETH,GREATER LONDON,Standard,Addition,51.4270260000,-0.1189860000
611071,2018-12-21 00:00:00Z,SE27 0SF,Semi-Detached,Established,Freehold,4,,LEAF GROVE,,LONDON,LAMBETH,GREATER LONDON,Standard,Addition,51.4258010000,-0.1132680000
570000,2018-02-28 00:00:00Z,SW16 2XR,Flats/Maisonettes,Established,Leasehold,172,,VALLEY ROAD,STREATHAM,LONDON,LAMBETH,GREATER LONDON,Standard,Addition,51.4299830000,-0.1194110000
585000,2018-02-23 00:00:00Z,SW16 2XR,Flats/Maisonettes,Established,Leasehold,132,,VALLEY ROAD,STREATHAM,LONDON,LAMBETH,GREATER LONDON,Standard,Addition,51.4299830000,-0.1194110000
325000,2018-01-16 00:00:00Z,SW16 2QN,Flats/Maisonettes,Established,Leasehold,BENHURST COURT,FLAT 24,LEIGHAM COURT ROAD,STREATHAM,LONDON,LAMBETH,GREATER LONDON,Standard,Addition,51.4242590000,-0.1152300000
425000,2018-01-19 00:00:00Z,SE27 0RR,Detached,Established,Leasehold,122,,"ST JULIAN'S FARM ROAD",,LONDON,LAMBETH,GREATER LONDON,Standard,Addition,51.4284620000,-0.1119820000
304250,2018-01-11 00:00:00Z,SE27 0SQ,Flats/Maisonettes,Established,Leasehold,103,FLAT 1,THORNLAW ROAD,,LONDON,LAMBETH,GREATER LONDON,Standard,Addition,51.4280790000,-0.1111740000
380000,2018-01-19 00:00:00Z,SE27 0SQ,Flats/Maisonettes,Established,Leasehold,103,FLAT 2,THORNLAW ROAD,,LONDON,LAMBETH,GREATER LONDON,Standard,Addition,51.4280790000,-0.1111740000
1400000,2018-05-15 00:00:00Z,SE27 0RR,Detached,Established,Freehold,116,,"ST JULIAN'S FARM ROAD",,LONDON,LAMBETH,GREATER LONDON,Additional,Addition,51.4284620000,-0.1119820000
960000,2018-07-27 00:00:00Z,SW16 2HZ,Semi-Detached,Established,Freehold,3,,BELLTREES GROVE,,LONDON,LAMBETH,GREATER LONDON,Standard,Addition,51.4255500000,-0.1172480000
407500,2018-08-13 00:00:00Z,SW16 2HR,Flats/Maisonettes,Established,Leasehold,50B,,VALLEYFIELD ROAD,,LONDON,LAMBETH,GREATER LONDON,Standard,Addition,51.4262880000,-0.1194760000
310000,2018-07-20 00:00:00Z,SW16 2AL,Flats/Maisonettes,Established,Leasehold,30,,MAPLE MEWS,,LONDON,LAMBETH,GREATER LONDON,Standard,Addition,51.4239650000,-0.1193130000
267000,2018-10-15 00:00:00Z,SW16 2SB,Flats/Maisonettes,Established,Leasehold,273,FLAT F,LEIGHAM COURT ROAD,STREATHAM,LONDON,LAMBETH,GREATER LONDON,Standard,Addition,51.4298960000,-0.1134870000
675000,2018-07-05 00:00:00Z,SE27 0RP,Flats/Maisonettes,Established,Leasehold,127A,,"ST JULIAN'S FARM ROAD",,LONDON,LAMBETH,GREATER LONDON,Standard,Addition,51.4288140000,-0.1121370000
482500,2018-05-23 00:00:00Z,SW16 3HA,Terraced,Established,Freehold,32,,HENRY TATE MEWS,,LONDON,LAMBETH,GREATER LONDON,Standard,Addition,51.4248220000,-0.1167030000
370000,2018-05-04 00:00:00Z,SW16 2SA,Flats/Maisonettes,Established,Leasehold,12,,CHARWOOD,STREATHAM,LONDON,LAMBETH,GREATER LONDON,Standard,Addition,51.4288190000,-0.1135890000
975000,2018-04-12 00:00:00Z,SW16 2RB,Semi-Detached,Established,Freehold,230,,LEIGHAM COURT ROAD,STREATHAM,LONDON,LAMBETH,GREATER LONDON,Standard,Addition,51.4291160000,-0.1147280000
1000000,2019-05-31 00:00:00Z,SW16 3EW,Detached,Established,Freehold,37,,RYECROFT ROAD,,LONDON,CROYDON,GREATER LONDON,Standard,Addition,51.4207830000,-0.1110010000
500000,2019-06-06 00:00:00Z,SE27 0TA,Flats/Maisonettes,Established,Leasehold,145,,CASEWICK ROAD,,LONDON,LAMBETH,GREATER LONDON,Standard,Addition,51.4270080000,-0.1105570000
624000,2019-03-22 00:00:00Z,SW16 3EN,Flats/Maisonettes,Established,Leasehold,"FIVE OAKS, 69",FLAT 1,RYECROFT ROAD,,LONDON,CROYDON,GREATER LONDON,Standard,Addition,51.4214440000,-0.1135070000
350000,2019-01-18 00:00:00Z,SW16 2QJ,Flats/Maisonettes,Established,Leasehold,29,,FAWCETT CLOSE,,LONDON,LAMBETH,GREATER LONDON,Standard,Addition,51.4275200000,-0.1149950000
1550000,2019-08-06 00:00:00Z,SE27 0RL,Detached,Established,Freehold,6,,THURLBY ROAD,,LONDON,LAMBETH,GREATER LONDON,Standard,Addition,51.4298910000,-0.1108980000
750000,2019-06-07 00:00:00Z,SE27 0RW,Flats/Maisonettes,Established,Freehold,11,,UFFINGTON ROAD,,LONDON,LAMBETH,GREATER LONDON,Standard,Addition,51.4296860000,-0.1121730000
235000,2019-03-15 00:00:00Z,SW16 2SB,Flats/Maisonettes,Established,Leasehold,273,FLAT E,LEIGHAM COURT ROAD,STREATHAM,LONDON,LAMBETH,GREATER LONDON,Additional,Addition,51.4298960000,-0.1134870000
515000,2019-02-22 00:00:00Z,SW16 2QJ,Terraced,Established,Freehold,61,,FAWCETT CLOSE,,LONDON,LAMBETH,GREATER LONDON,Standard,Addition,51.4275200000,-0.1149950000
285000,2019-04-15 00:00:00Z,SW16 2QJ,Flats/Maisonettes,Established,Leasehold,39,,FAWCETT CLOSE,,LONDON,LAMBETH,GREATER LONDON,Standard,Addition,51.4275200000,-0.1149950000
13000,2019-02-22 00:00:00Z,SW16 2XR,Other,Established,Freehold,152,,VALLEY ROAD,STREATHAM,LONDON,LAMBETH,GREATER LONDON,Additional,Addition,51.4299830000,-0.1194110000
485000,2019-11-29 00:00:00Z,SE27 0RL,Terraced,Established,Leasehold,24,,THURLBY ROAD,,LONDON,LAMBETH,GREATER LONDON,Standard,Addition,51.4298910000,-0.1108980000
1305000,2019-09-06 00:00:00Z,SE27 0SB,Detached,Established,Freehold,114,,THORNLAW ROAD,,LONDON,LAMBETH,GREATER LONDON,Standard,Addition,51.4277640000,-0.1106410000
250000,2019-09-20 00:00:00Z,SW16 3HY,Flats/Maisonettes,Established,Leasehold,FERN LODGE,FLAT 10,CROWN LANE,,LONDON,LAMBETH,GREATER LONDON,Standard,Addition,51.4234740000,-0.1122420000
270000,2019-02-27 00:00:00Z,SW16 3RE,Flats/Maisonettes,Established,Leasehold,LABURNUM COURT,FLAT 9,LEIGHAM COURT ROAD,STREATHAM,LONDON,LAMBETH,GREATER LONDON,Additional,Addition,51.4237970000,-0.1128900000
610000,2019-08-30 00:00:00Z,SE27 0LH,Semi-Detached,Established,Freehold,3,,GREENHURST ROAD,,LONDON,LAMBETH,GREATER LONDON,Standard,Addition,51.4257620000,-0.1113850000
25000,2019-03-11 00:00:00Z,SW16 3EJ,Other,Established,Freehold,87,,RYECROFT ROAD,,LONDON,CROYDON,GREATER LONDON,Additional,Addition,51.4227690000,-0.1120690000
496250,2019-01-11 00:00:00Z,SW16 2XR,Flats/Maisonettes,Established,Leasehold,156,,VALLEY ROAD,STREATHAM,LONDON,LAMBETH,GREATER LONDON,Standard,Addition,51.4299830000,-0.1194110000
590000,2019-09-19 00:00:00Z,SE27 0LH,Terraced,Established,Freehold,22,,GREENHURST ROAD,,LONDON,LAMBETH,GREATER LONDON,Standard,Addition,51.4257620000,-0.1113850000
340000,2019-09-04 00:00:00Z,SW16 2QW,Flats/Maisonettes,Established,Leasehold,BENHURST COURT,FLAT 72,LEIGHAM COURT ROAD,STREATHAM,LONDON,LAMBETH,GREATER LONDON,Standard,Addition,51.4250100000,-0.1155010000
335000,2019-05-22 00:00:00Z,SE27 0SB,Flats/Maisonettes,Established,Leasehold,108,FLAT C,THORNLAW ROAD,,LONDON,LAMBETH,GREATER LONDON,Standard,Addition,51.4277640000,-0.1106410000
550000,2019-08-09 00:00:00Z,SE27 0TA,Terraced,Established,Leasehold,157,,CASEWICK ROAD,,LONDON,LAMBETH,GREATER LONDON,Standard,Addition,51.4270080000,-0.1105570000
634800,2019-09-06 00:00:00Z,SW16 3BY,Semi-Detached,Established,Freehold,209,,COVINGTON WAY,,LONDON,LAMBETH,GREATER LONDON,Standard,Addition,51.4204490000,-0.1187950000
388000,2019-01-30 00:00:00Z,SE27 0RP,Flats/Maisonettes,Established,Leasehold,111,FLAT 2,"ST JULIAN'S FARM ROAD",,LONDON,LAMBETH,GREATER LONDON,Standard,Addition,51.4288140000,-0.1121370000
320000,2019-01-16 00:00:00Z,SW16 3HZ,Flats/Maisonettes,Established,Leasehold,14,,CROWN LANE GARDENS,,LONDON,LAMBETH,GREATER LONDON,Standard,Addition,51.4235080000,-0.1104850000
766000,2019-01-30 00:00:00Z,SW16 2RY,Semi-Detached,Established,Freehold,4,,ST JULIANS CLOSE,,LONDON,LAMBETH,GREATER LONDON,Standard,Addition,51.4275110000,-0.1133410000
335000,2019-02-04 00:00:00Z,SW16 3HZ,Flats/Maisonettes,Established,Leasehold,46,,CROWN LANE GARDENS,,LONDON,LAMBETH,GREATER LONDON,Standard,Addition,51.4235080000,-0.1104850000
601000,2019-02-01 00:00:00Z,SW16 3HS,Flats/Maisonettes,Established,Leasehold,42,FLAT 1,STREATHAM COMMON NORTH,,LONDON,LAMBETH,GREATER LONDON,Standard,Addition,51.4235400000,-0.1191580000
575000,2019-11-08 00:00:00Z,SE27 0LH,Terraced,Established,Freehold,7,,GREENHURST ROAD,,LONDON,LAMBETH,GREATER LONDON,Standard,Addition,51.4257620000,-0.1113850000
320000,2019-07-15 00:00:00Z,SW16 3HZ,Flats/Maisonettes,Established,Leasehold,27,,CROWN LANE GARDENS,,LONDON,LAMBETH,GREATER LONDON,Standard,Addition,51.4235080000,-0.1104850000
625000,2019-10-31 00:00:00Z,SW16 2HU,Semi-Detached,Established,Freehold,62,,VALLEYFIELD ROAD,,LONDON,LAMBETH,GREATER LONDON,Standard,Addition,51.4263860000,-0.1166670000
660000,2019-09-26 00:00:00Z,SE27 0SE,Semi-Detached,Established,Freehold,74,,LAMBERHURST ROAD,,LONDON,LAMBETH,GREATER LONDON,Standard,Addition,51.4266910000,-0.1126870000
405000,2019-07-16 00:00:00Z,SE27 0RW,Flats/Maisonettes,Established,Leasehold,26,GROUND FLOOR FLAT,UFFINGTON ROAD,,LONDON,LAMBETH,GREATER LONDON,Standard,Addition,51.4296860000,-0.1121730000
499532,2019-12-16 00:00:00Z,SE27 0RL,Flats/Maisonettes,Established,Leasehold,16A,,THURLBY ROAD,,LONDON,LAMBETH,GREATER LONDON,Standard,Addition,51.4298910000,-0.1108980000
750000,2019-01-09 00:00:00Z,SE27 0SD,Terraced,Established,Freehold,33,,LAMBERHURST ROAD,,LONDON,LAMBETH,GREATER LONDON,Standard,Addition,51.4258800000,-0.1119990000
735000,2019-01-10 00:00:00Z,SE27 0SE,Semi-Detached,Established,Freehold,62,,LAMBERHURST ROAD,,LONDON,LAMBETH,GREATER LONDON,Standard,Addition,51.4266910000,-0.1126870000
800000,2019-01-14 00:00:00Z,SW16 2RB,Semi-Detached,Established,Freehold,198,,LEIGHAM COURT ROAD,STREATHAM,LONDON,LAMBETH,GREATER LONDON,Standard,Addition,51.4291160000,-0.1147280000
275000,2019-06-05 00:00:00Z,SE27 0SB,Flats/Maisonettes,Established,Leasehold,108E,,THORNLAW ROAD,,LONDON,LAMBETH,GREATER LONDON,Additional,Addition,51.4277640000,-0.1106410000
690000,2019-11-08 00:00:00Z,SW16 3HA,Terraced,Established,Freehold,43,,HENRY TATE MEWS,,LONDON,LAMBETH,GREATER LONDON,Standard,Addition,51.4248220000,-0.1167030000
470000,2019-07-17 00:00:00Z,SW16 2BG,Flats/Maisonettes,Established,Leasehold,115,FLAT 9,VALLEY ROAD,,LONDON,LAMBETH,GREATER LONDON,Standard,Addition,51.4293040000,-0.1191800000
525000,2019-09-25 00:00:00Z,SW16 2XR,Flats/Maisonettes,Established,Leasehold,148,,VALLEY ROAD,STREATHAM,LONDON,LAMBETH,GREATER LONDON,Standard,Addition,51.4299830000,-0.1194110000
395500,2019-09-17 00:00:00Z,SE27 0SQ,Flats/Maisonettes,Established,Leasehold,103,FLAT 5,THORNLAW ROAD,,LONDON,LAMBETH,GREATER LONDON,Standard,Addition,51.4280790000,-0.1111740000
550000,2020-02-21 00:00:00Z,SE27 0TA,Flats/Maisonettes,Established,Leasehold,89,GROUND FLOOR FLAT,CASEWICK ROAD,,LONDON,LAMBETH,GREATER LONDON,Standard,Addition,51.4270080000,-0.1105570000
825000,2020-12-18 00:00:00Z,SE27 0SE,Semi-Detached,Established,Freehold,70,,LAMBERHURST ROAD,,LONDON,LAMBETH,GREATER LONDON,Standard,Addition,51.4266910000,-0.1126870000
940000,2020-12-16 00:00:00Z,SE27 0TA,Terraced,Established,Freehold,119,,CASEWICK ROAD,,LONDON,LAMBETH,GREATER LONDON,Standard,Addition,51.4270080000,-0.1105570000
693500,2020-04-03 00:00:00Z,SW16 2XR,Other,Established,Leasehold,160,,VALLEY ROAD,STREATHAM,LONDON,LAMBETH,GREATER LONDON,Additional,Addition,51.4299830000,-0.1194110000
810000,2020-01-20 00:00:00Z,SW16 2HR,Detached,Established,Freehold,8A,,VALLEYFIELD ROAD,,LONDON,LAMBETH,GREATER LONDON,Standard,Addition,51.4262880000,-0.1194760000
312500,2020-12-18 00:00:00Z,SW16 2QS,Flats/Maisonettes,Established,Leasehold,10,,NORMINGTON CLOSE,STREATHAM,LONDON,LAMBETH,GREATER LONDON,Standard,Addition,51.4268020000,-0.1153450000
780000,2020-12-17 00:00:00Z,SW16 2RX,Semi-Detached,Established,Freehold,315,,LEIGHAM COURT ROAD,STREATHAM,LONDON,LAMBETH,GREATER LONDON,Standard,Addition,51.4269810000,-0.1139380000
325000,2020-12-11 00:00:00Z,SW16 3RE,Flats/Maisonettes,Established,Leasehold,LABURNHAM COURT,FLAT 10,LEIGHAM COURT ROAD,STREATHAM,LONDON,LAMBETH,GREATER LONDON,Standard,Addition,51.4237970000,-0.1128900000
350000,2020-12-11 00:00:00Z,SE27 0SG,Flats/Maisonettes,Established,Leasehold,5,,LEAF GROVE,,LONDON,LAMBETH,GREATER LONDON,Standard,Addition,51.4262300000,-0.1136390000
497500,2020-03-19 00:00:00Z,SW16 3HA,Terraced,Established,Freehold,35,,HENRY TATE MEWS,,LONDON,LAMBETH,GREATER LONDON,Standard,Addition,51.4248220000,-0.1167030000
897500,2020-09-18 00:00:00Z,SE27 0TA,Terraced,Established,Freehold,121,,CASEWICK ROAD,,LONDON,LAMBETH,GREATER LONDON,Standard,Addition,51.4270080000,-0.1105570000
415000,2020-07-03 00:00:00Z,SW16 3HZ,Flats/Maisonettes,Established,Leasehold,32,,CROWN LANE GARDENS,,LONDON,LAMBETH,GREATER LONDON,Standard,Addition,51.4235080000,-0.1104850000
425000,2020-07-28 00:00:00Z,SW16 2RZ,Flats/Maisonettes,Established,Leasehold,291,FLAT 7,LEIGHAM COURT ROAD,STREATHAM,LONDON,LAMBETH,GREATER LONDON,Additional,Addition,51.4281160000,-0.1140360000
500000,2020-08-24 00:00:00Z,SW16 3EN,Flats/Maisonettes,Established,Leasehold,"FIVE OAKS, 69",FLAT 6,RYECROFT ROAD,,LONDON,CROYDON,GREATER LONDON,Standard,Addition,51.4214440000,-0.1135070000
380000,2020-06-30 00:00:00Z,SW16 3HZ,Flats/Maisonettes,Established,Leasehold,30,,CROWN LANE GARDENS,,LONDON,LAMBETH,GREATER LONDON,Standard,Addition,51.4235080000,-0.1104850000
435000,2020-07-09 00:00:00Z,SW16 3HZ,Flats/Maisonettes,Established,Leasehold,5,,CROWN LANE GARDENS,,LONDON,LAMBETH,GREATER LONDON,Standard,Addition,51.4235080000,-0.1104850000
380000,2020-05-22 00:00:00Z,SW16 3HZ,Flats/Maisonettes,Established,Leasehold,33,,CROWN LANE GARDENS,,LONDON,LAMBETH,GREATER LONDON,Standard,Addition,51.4235080000,-0.1104850000
320000,2020-10-06 00:00:00Z,SW16 2QW,Flats/Maisonettes,Established,Leasehold,BENHURST COURT,FLAT 56,LEIGHAM COURT ROAD,STREATHAM,LONDON,LAMBETH,GREATER LONDON,Standard,Addition,51.4250100000,-0.1155010000
315000,2020-12-16 00:00:00Z,SW16 2QN,Flats/Maisonettes,Established,Leasehold,BENHURST COURT,FLAT 15,LEIGHAM COURT ROAD,STREATHAM,LONDON,LAMBETH,GREATER LONDON,Additional,Addition,51.4242590000,-0.1152300000
335000,2020-10-27 00:00:00Z,SW16 2SA,Flats/Maisonettes,Established,Leasehold,18,,CHARWOOD,STREATHAM,LONDON,LAMBETH,GREATER LONDON,Standard,Addition,51.4288190000,-0.1135890000
625000,2020-09-15 00:00:00Z,SW16 2XR,Flats/Maisonettes,Established,Leasehold,96,,VALLEY ROAD,STREATHAM,LONDON,LAMBETH,GREATER LONDON,Standard,Addition,51.4299830000,-0.1194110000
235000,2020-08-28 00:00:00Z,SE27 0SG,Flats/Maisonettes,Established,Leasehold,9,,LEAF GROVE,,LONDON,LAMBETH,GREATER LONDON,Standard,Addition,51.4262300000,-0.1136390000
258250,2020-04-16 00:00:00Z,SW16 3RF,Flats/Maisonettes,Established,Leasehold,MAPLE COURT,FLAT 7,LEIGHAM COURT ROAD,STREATHAM,LONDON,LAMBETH,GREATER LONDON,Standard,Addition,51.4235580000,-0.1135760000
1370000,2020-10-09 00:00:00Z,SE27 0RR,Detached,Established,Freehold,110,,"ST JULIAN'S FARM ROAD",,LONDON,LAMBETH,GREATER LONDON,Standard,Addition,51.4284620000,-0.1119820000
460000,2020-09-01 00:00:00Z,SW16 2BG,Flats/Maisonettes,Established,Leasehold,115,FLAT 10,VALLEY ROAD,STREATHAM,LONDON,LAMBETH,GREATER LONDON,Standard,Addition,51.4293040000,-0.1191800000
430000,2020-09-16 00:00:00Z,SE27 0RR,Flats/Maisonettes,Established,Leasehold,120,FLAT 5,"ST JULIAN'S FARM ROAD",,LONDON,LAMBETH,GREATER LONDON,Standard,Addition,51.4284620000,-0.1119820000
750000,2020-09-04 00:00:00Z,SE27 0TA,Terraced,Established,Freehold,109,,CASEWICK ROAD,,LONDON,LAMBETH,GREATER LONDON,Standard,Addition,51.4270080000,-0.1105570000
1020000,2020-10-30 00:00:00Z,SW16 3EL,Detached,Established,Freehold,1,,JERVISTON GARDENS,,LONDON,CROYDON,GREATER LONDON,Standard,Addition,51.4226250000,-0.1131400000
440000,2020-10-28 00:00:00Z,SW16 3HZ,Flats/Maisonettes,Established,Leasehold,34,,CROWN LANE GARDENS,,LONDON,LAMBETH,GREATER LONDON,Standard,Addition,51.4235080000,-0.1104850000
935000,2020-10-05 00:00:00Z,SE27 0TA,Terraced,Established,Freehold,91,,CASEWICK ROAD,,LONDON,LAMBETH,GREATER LONDON,Standard,Addition,51.4270080000,-0.1105570000
746000,2020-09-18 00:00:00Z,SW16 2SB,Semi-Detached,Established,Freehold,259,,LEIGHAM COURT ROAD,STREATHAM,LONDON,LAMBETH,GREATER LONDON,Standard,Addition,51.4298960000,-0.1134870000
527500,2020-12-07 00:00:00Z,SE27 0TA,Terraced,Established,Leasehold,147,,CASEWICK ROAD,,LONDON,LAMBETH,GREATER LONDON,Standard,Addition,51.4270080000,-0.1105570000
763186,2020-12-09 00:00:00Z,SE27 0LH,Semi-Detached,Established,Freehold,17,,GREENHURST ROAD,,LONDON,LAMBETH,GREATER LONDON,Standard,Addition,51.4257620000,-0.1113850000
1030000,2020-12-07 00:00:00Z,SE27 0RW,Semi-Detached,Established,Freehold,10,,UFFINGTON ROAD,,LONDON,LAMBETH,GREATER LONDON,Standard,Addition,51.4296860000,-0.1121730000
335000,2020-11-12 00:00:00Z,SW16 2QN,Flats/Maisonettes,Established,Leasehold,BENHURST COURT,FLAT 33,LEIGHAM COURT ROAD,STREATHAM,LONDON,LAMBETH,GREATER LONDON,Standard,Addition,51.4242590000,-0.1152300000
752500,2020-02-27 00:00:00Z,SE27 0RR,Semi-Detached,Established,Freehold,130,,"ST JULIAN'S FARM ROAD",,LONDON,LAMBETH,GREATER LONDON,Standard,Addition,51.4284620000,-0.1119820000
625000,2020-02-17 00:00:00Z,SW16 2JA,Detached,Established,Freehold,84,,VALLEYFIELD ROAD,,LONDON,LAMBETH,GREATER LONDON,Standard,Addition,51.4256820000,-0.1153440000
180000,2020-02-28 00:00:00Z,SW16 3RA,Flats/Maisonettes,Established,Leasehold,CYPRESS COURT,FLAT 8,WINTON WAY,,LONDON,LAMBETH,GREATER LONDON,Standard,Addition,51.4240810000,-0.1130800000
640000,2020-06-26 00:00:00Z,SE27 0RP,Flats/Maisonettes,Established,Leasehold,111,FLAT 1,"ST JULIAN'S FARM ROAD",,LONDON,LAMBETH,GREATER LONDON,Standard,Addition,51.4288140000,-0.1121370000
355000,2020-02-27 00:00:00Z,SW16 2QJ,Flats/Maisonettes,Established,Leasehold,41,,FAWCETT CLOSE,,LONDON,LAMBETH,GREATER LONDON,Standard,Addition,51.4275200000,-0.1149950000
635000,2020-06-12 00:00:00Z,SW16 2QS,Terraced,Established,Freehold,5,,NORMINGTON CLOSE,STREATHAM,LONDON,LAMBETH,GREATER LONDON,Standard,Addition,51.4268020000,-0.1153450000
485000,2020-05-29 00:00:00Z,SW16 2SH,Terraced,Established,Leasehold,18,,CHESTNUT CLOSE,,LONDON,LAMBETH,GREATER LONDON,Standard,Addition,51.4294520000,-0.1132610000
12000,2020-03-11 00:00:00Z,SE27 0TA,Other,Established,Freehold,87,,CASEWICK ROAD,,LONDON,LAMBETH,GREATER LONDON,Additional,Addition,51.4270080000,-0.1105570000
775000,2020-07-17 00:00:00Z,SW16 3BY,Terraced,Established,Freehold,223,,COVINGTON WAY,,LONDON,LAMBETH,GREATER LONDON,Standard,Addition,51.4204490000,-0.1187950000
335000,2020-10-19 00:00:00Z,SW16 3QZ,Flats/Maisonettes,Established,Leasehold,BLACKTHORN COURT,FLAT 5,LEIGHAM COURT ROAD,STREATHAM,LONDON,LAMBETH,GREATER LONDON,Standard,Addition,51.4242920000,-0.1133590000
280500,2020-11-02 00:00:00Z,SW16 3RG,Flats/Maisonettes,Established,Leasehold,SYCAMORE COURT,FLAT 10,LEIGHAM COURT ROAD,STREATHAM,LONDON,LAMBETH,GREATER LONDON,Standard,Addition,51.4239430000,-0.1140200000
210000,2020-10-12 00:00:00Z,SW16 3HY,Flats/Maisonettes,Established,Leasehold,FERN LODGE,FLAT 1,CROWN LANE,,LONDON,LAMBETH,GREATER LONDON,Additional,Addition,51.4234740000,-0.1122420000
410000,2020-11-17 00:00:00Z,SW16 3HZ,Flats/Maisonettes,Established,Leasehold,11,,CROWN LANE GARDENS,,LONDON,LAMBETH,GREATER LONDON,Standard,Addition,51.4235080000,-0.1104850000
394995,2020-08-14 00:00:00Z,SW16 3HZ,Flats/Maisonettes,Established,Leasehold,28,,CROWN LANE GARDENS,,LONDON,LAMBETH,GREATER LONDON,Standard,Addition,51.4235080000,-0.1104850000
659000,2020-11-04 00:00:00Z,SW16 2RX,Detached,Established,Freehold,307,,LEIGHAM COURT ROAD,STREATHAM,LONDON,LAMBETH,GREATER LONDON,Standard,Addition,51.4269810000,-0.1139380000
1095000,2020-10-08 00:00:00Z,SW16 3JE,Detached,Established,Freehold,39,,CROWN LANE,,LONDON,CROYDON,GREATER LONDON,Additional,Addition,51.4228820000,-0.1101520000
825000,2020-11-06 00:00:00Z,SW16 2HX,Semi-Detached,Established,Freehold,85,,VALLEYFIELD ROAD,,LONDON,LAMBETH,GREATER LONDON,Additional,Addition,51.4263370000,-0.1158210000
1175000,2020-11-23 00:00:00Z,SW16 2HR,Semi-Detached,Established,Freehold,44,,VALLEYFIELD ROAD,,LONDON,LAMBETH,GREATER LONDON,Standard,Addition,51.4262880000,-0.1194760000
805000,2020-01-13 00:00:00Z,SW16 2RX,Detached,Established,Freehold,319,,LEIGHAM COURT ROAD,STREATHAM,LONDON,LAMBETH,GREATER LONDON,Standard,Addition,51.4269810000,-0.1139380000
341000,2020-07-03 00:00:00Z,SW16 2QN,Flats/Maisonettes,Established,Leasehold,BENHURST COURT,FLAT 31,LEIGHAM COURT ROAD,STREATHAM,LONDON,LAMBETH,GREATER LONDON,Standard,Addition,51.4242590000,-0.1152300000
560000,2020-07-24 00:00:00Z,SW16 2XR,Flats/Maisonettes,Established,Leasehold,134,,VALLEY ROAD,STREATHAM,LONDON,LAMBETH,GREATER LONDON,Standard,Addition,51.4299830000,-0.1194110000
845000,2021-01-27 00:00:00Z,SW16 3HA,Terraced,Established,Freehold,40,,HENRY TATE MEWS,,LONDON,LAMBETH,GREATER LONDON,Standard,Addition,51.4248220000,-0.1167030000
765000,2021-03-12 00:00:00Z,SW16 3HA,Terraced,Established,Freehold,37,,HENRY TATE MEWS,,LONDON,LAMBETH,GREATER LONDON,Standard,Addition,51.4248220000,-0.1167030000
325000,2021-01-07 00:00:00Z,SW16 2QJ,Flats/Maisonettes,Established,Leasehold,17,,FAWCETT CLOSE,,LONDON,LAMBETH,GREATER LONDON,Standard,Addition,51.4275200000,-0.1149950000
735000,2021-01-08 00:00:00Z,SE27 0SQ,Terraced,Established,Freehold,119,,THORNLAW ROAD,,LONDON,LAMBETH,GREATER LONDON,Standard,Addition,51.4280790000,-0.1111740000
585000,2021-04-23 00:00:00Z,SW16 2QJ,Terraced,Established,Freehold,1,,FAWCETT CLOSE,,LONDON,LAMBETH,GREATER LONDON,Standard,Addition,51.4275200000,-0.1149950000
285000,2021-01-14 00:00:00Z,SW16 2AL,Flats/Maisonettes,Established,Leasehold,18,,MAPLE MEWS,,LONDON,LAMBETH,GREATER LONDON,Standard,Addition,51.4239650000,-0.1193130000
575000,2021-04-20 00:00:00Z,SW16 2XR,Flats/Maisonettes,Established,Leasehold,142,,VALLEY ROAD,STREATHAM,LONDON,LAMBETH,GREATER LONDON,Standard,Addition,51.4299830000,-0.1194110000
795000,2021-04-30 00:00:00Z,SE27 0SE,Semi-Detached,Established,Freehold,68,,LAMBERHURST ROAD,,LONDON,LAMBETH,GREATER LONDON,Standard,Addition,51.4266910000,-0.1126870000
980000,2021-04-01 00:00:00Z,SW16 2HX,Semi-Detached,Established,Freehold,87,,VALLEYFIELD ROAD,,LONDON,LAMBETH,GREATER LONDON,Standard,Addition,51.4263370000,-0.1158210000
668000,2021-06-30 00:00:00Z,SE27 0LH,Terraced,Established,Freehold,32,,GREENHURST ROAD,,LONDON,LAMBETH,GREATER LONDON,Standard,Addition,51.4257620000,-0.1113850000
495000,2021-03-23 00:00:00Z,SW16 2QJ,Terraced,Established,Freehold,64,,FAWCETT CLOSE,,LONDON,LAMBETH,GREATER LONDON,Standard,Addition,51.4275200000,-0.1149950000
559000,2021-11-12 00:00:00Z,SW16 2XR,Semi-Detached,Established,Leasehold,118,,VALLEY ROAD,STREATHAM,LONDON,LAMBETH,GREATER LONDON,Standard,Addition,51.4299830000,-0.1194110000
775000,2021-09-29 00:00:00Z,SW16 3HA,Semi-Detached,Established,Freehold,36,,HENRY TATE MEWS,,LONDON,LAMBETH,GREATER LONDON,Standard,Addition,51.4248220000,-0.1167030000
684000,2021-03-26 00:00:00Z,SE27 0LH,Terraced,Established,Freehold,38,,GREENHURST ROAD,,LONDON,LAMBETH,GREATER LONDON,Standard,Addition,51.4257620000,-0.1113850000
780000,2021-02-19 00:00:00Z,SW16 2RY,Semi-Detached,Established,Freehold,3,,ST JULIANS CLOSE,,LONDON,LAMBETH,GREATER LONDON,Standard,Addition,51.4275110000,-0.1133410000
950000,2021-06-24 00:00:00Z,SE27 0TA,Terraced,Established,Freehold,123,,CASEWICK ROAD,,LONDON,LAMBETH,GREATER LONDON,Standard,Addition,51.4270080000,-0.1105570000
318000,2021-02-26 00:00:00Z,SE27 0SQ,Flats/Maisonettes,Established,Leasehold,103,FLAT 4,THORNLAW ROAD,,LONDON,LAMBETH,GREATER LONDON,Standard,Addition,51.4280790000,-0.1111740000
297000,2021-03-05 00:00:00Z,SW16 2QW,Flats/Maisonettes,Established,Leasehold,BENHURST COURT,FLAT 51,LEIGHAM COURT ROAD,STREATHAM,LONDON,LAMBETH,GREATER LONDON,Standard,Addition,51.4250100000,-0.1155010000
615000,2021-02-12 00:00:00Z,SW16 2XR,Flats/Maisonettes,Established,Leasehold,172,,VALLEY ROAD,STREATHAM,LONDON,LAMBETH,GREATER LONDON,Standard,Addition,51.4299830000,-0.1194110000
725000,2021-01-07 00:00:00Z,SW16 2HT,Semi-Detached,Established,Freehold,13,,STRATHDALE,,LONDON,LAMBETH,GREATER LONDON,Standard,Addition,51.4263970000,-0.1178890000
650000,2021-09-24 00:00:00Z,SW16 2XR,Flats/Maisonettes,Established,Leasehold,108,,VALLEY ROAD,STREATHAM,LONDON,LAMBETH,GREATER LONDON,Standard,Addition,51.4299830000,-0.1194110000
470000,2021-03-25 00:00:00Z,SE27 0TA,Flats/Maisonettes,Established,Leasehold,101A,,CASEWICK ROAD,,LONDON,LAMBETH,GREATER LONDON,Standard,Addition,51.4270080000,-0.1105570000
295000,2021-12-21 00:00:00Z,SW16 2QN,Flats/Maisonettes,Established,Leasehold,BENHURST COURT,FLAT 16,LEIGHAM COURT ROAD,STREATHAM,LONDON,LAMBETH,GREATER LONDON,Standard,Addition,51.4242590000,-0.1152300000
670000,2021-03-26 00:00:00Z,SE27 0SQ,Terraced,Established,Freehold,133,,THORNLAW ROAD,,LONDON,LAMBETH,GREATER LONDON,Standard,Addition,51.4280790000,-0.1111740000
726500,2021-07-30 00:00:00Z,SW16 3EH,Terraced,Established,Freehold,82,,RYECROFT ROAD,,LONDON,CROYDON,GREATER LONDON,Standard,Addition,51.4218890000,-0.1120260000
345000,2021-11-26 00:00:00Z,SW16 3QX,Flats/Maisonettes,Established,Leasehold,ASH COURT,FLAT 1,LEIGHAM COURT ROAD,STREATHAM,LONDON,LAMBETH,GREATER LONDON,Standard,Addition,51.4248030000,-0.1132370000
220000,2021-02-01 00:00:00Z,SW16 3QX,Flats/Maisonettes,Established,Leasehold,ASH COURT,FLAT 10,LEIGHAM COURT ROAD,STREATHAM,LONDON,LAMBETH,GREATER LONDON,Standard,Addition,51.4248030000,-0.1132370000
315000,2021-03-31 00:00:00Z,SW16 2QW,Flats/Maisonettes,Established,Leasehold,BENHURST COURT,FLAT 64,LEIGHAM COURT ROAD,STREATHAM,LONDON,LAMBETH,GREATER LONDON,Standard,Addition,51.4250100000,-0.1155010000
180000,2021-03-03 00:00:00Z,SE27 0SB,Flats/Maisonettes,Established,Leasehold,112E,,THORNLAW ROAD,,LONDON,LAMBETH,GREATER LONDON,Additional,Addition,51.4277640000,-0.1106410000
296000,2021-07-02 00:00:00Z,SW16 2AL,Flats/Maisonettes,Established,Leasehold,20,,MAPLE MEWS,,LONDON,LAMBETH,GREATER LONDON,Standard,Addition,51.4239650000,-0.1193130000
307500,2021-04-28 00:00:00Z,SW16 2QN,Flats/Maisonettes,Established,Leasehold,BENHURST COURT,FLAT 7,LEIGHAM COURT ROAD,STREATHAM,LONDON,LAMBETH,GREATER LONDON,Standard,Addition,51.4242590000,-0.1152300000
670000,2021-06-30 00:00:00Z,SE27 0LQ,Terraced,Established,Freehold,148,,CHEVIOT ROAD,,LONDON,LAMBETH,GREATER LONDON,Standard,Addition,51.4268010000,-0.1116870000
1300000,2021-10-22 00:00:00Z,SW16 2HU,Detached,Established,Freehold,74,,VALLEYFIELD ROAD,,LONDON,LAMBETH,GREATER LONDON,Standard,Addition,51.4263860000,-0.1166670000
845000,2021-02-22 00:00:00Z,SW16 2HU,Terraced,Established,Freehold,68,,VALLEYFIELD ROAD,,LONDON,LAMBETH,GREATER LONDON,Standard,Addition,51.4263860000,-0.1166670000
520325,2021-06-30 00:00:00Z,SW16 2HS,Semi-Detached,Established,Freehold,7,,VALLEYFIELD ROAD,,LONDON,LAMBETH,GREATER LONDON,Additional,Addition,51.4270260000,-0.1189860000
750000,2021-06-25 00:00:00Z,SW16 2HR,Semi-Detached,Established,Freehold,16,,VALLEYFIELD ROAD,,LONDON,LAMBETH,GREATER LONDON,Standard,Addition,51.4262880000,-0.1194760000
425000,2021-12-03 00:00:00Z,SW16 2BG,Flats/Maisonettes,Established,Leasehold,115,FLAT 7,VALLEY ROAD,STREATHAM,LONDON,LAMBETH,GREATER LONDON,Standard,Addition,51.4293040000,-0.1191800000
308000,2021-06-21 00:00:00Z,SW16 2RX,Flats/Maisonettes,Established,Leasehold,"VENITA MANOR, 317",FLAT G,LEIGHAM COURT ROAD,STREATHAM,LONDON,LAMBETH,GREATER LONDON,Standard,Addition,51.4269810000,-0.1139380000
520000,2021-06-28 00:00:00Z,SE27 0RW,Flats/Maisonettes,Established,Leasehold,29,FLAT 2,UFFINGTON ROAD,,LONDON,LAMBETH,GREATER LONDON,Standard,Addition,51.4296860000,-0.1121730000
425000,2021-12-17 00:00:00Z,SW16 2BG,Flats/Maisonettes,Established,Leasehold,115,FLAT 13,VALLEY ROAD,STREATHAM,LONDON,LAMBETH,GREATER LONDON,Standard,Addition,51.4293040000,-0.1191800000
493000,2021-06-29 00:00:00Z,SW16 2HR,Flats/Maisonettes,Established,Leasehold,50A,,VALLEYFIELD ROAD,,LONDON,LAMBETH,GREATER LONDON,Standard,Addition,51.4262880000,-0.1194760000
773500,2021-06-25 00:00:00Z,SW16 3HA,Flats/Maisonettes,Established,Leasehold,9,,HENRY TATE MEWS,,LONDON,LAMBETH,GREATER LONDON,Standard,Addition,51.4248220000,-0.1167030000
475000,2021-03-19 00:00:00Z,SW16 3HA,Terraced,Established,Freehold,31,,HENRY TATE MEWS,,LONDON,LAMBETH,GREATER LONDON,Standard,Addition,51.4248220000,-0.1167030000
780000,2021-06-09 00:00:00Z,SW16 2RZ,Flats/Maisonettes,Established,Freehold,287,,LEIGHAM COURT ROAD,STREATHAM,LONDON,LAMBETH,GREATER LONDON,Standard,Addition,51.4281160000,-0.1140360000
377500,2021-09-24 00:00:00Z,SW16 3HZ,Flats/Maisonettes,Established,Leasehold,37,,CROWN LANE GARDENS,,LONDON,LAMBETH,GREATER LONDON,Standard,Addition,51.4235080000,-0.1104850000
1460000,2021-06-25 00:00:00Z,SW16 3EW,Detached,Established,Freehold,39,,RYECROFT ROAD,,LONDON,CROYDON,GREATER LONDON,Standard,Addition,51.4207830000,-0.1110010000
440000,2021-06-30 00:00:00Z,SW16 2SG,Terraced,Established,Leasehold,3,,CHESTNUT CLOSE,,LONDON,LAMBETH,GREATER LONDON,Standard,Addition,51.4293770000,-0.1136530000
1240000,2021-11-04 00:00:00Z,SW16 2HZ,Semi-Detached,Established,Freehold,3,,BELLTREES GROVE,,LONDON,LAMBETH,GREATER LONDON,Standard,Addition,51.4255500000,-0.1172480000
710000,2021-06-18 00:00:00Z,SW16 2RX,Semi-Detached,Established,Freehold,309,,LEIGHAM COURT ROAD,STREATHAM,LONDON,LAMBETH,GREATER LONDON,Standard,Addition,51.4269810000,-0.1139380000
198500,2021-01-25 00:00:00Z,SE27 0SG,Flats/Maisonettes,Established,Leasehold,27,,LEAF GROVE,,LONDON,LAMBETH,GREATER LONDON,Standard,Addition,51.4262300000,-0.1136390000
1040000,2021-03-05 00:00:00Z,SW16 3JE,Semi-Detached,Established,Freehold,43,,CROWN LANE,,LONDON,CROYDON,GREATER LONDON,Standard,Addition,51.4228820000,-0.1101520000
751000,2021-01-29 00:00:00Z,SW16 3JE,Terraced,Established,Freehold,51A,,CROWN LANE,,LONDON,CROYDON,GREATER LONDON,Standard,Addition,51.4228820000,-0.1101520000
507500,2021-06-29 00:00:00Z,SE27 0TA,Flats/Maisonettes,Established,Leasehold,173,,CASEWICK ROAD,,LONDON,LAMBETH,GREATER LONDON,Standard,Addition,51.4270080000,-0.1105570000
850000,2021-10-18 00:00:00Z,SW16 2HX,Semi-Detached,Established,Freehold,81,,VALLEYFIELD ROAD,,LONDON,LAMBETH,GREATER LONDON,Standard,Addition,51.4263370000,-0.1158210000
895000,2021-06-18 00:00:00Z,SW16 2HS,Semi-Detached,Established,Freehold,61,,VALLEYFIELD ROAD,,LONDON,LAMBETH,GREATER LONDON,Standard,Addition,51.4270260000,-0.1189860000
295000,2021-07-08 00:00:00Z,SW16 3HY,Flats/Maisonettes,Established,Leasehold,FERN LODGE,FLAT 13,CROWN LANE,,LONDON,LAMBETH,GREATER LONDON,Standard,Addition,51.4234740000,-0.1122420000
1000000,2021-04-29 00:00:00Z,SW16 3JE,Detached,Established,Freehold,41,,CROWN LANE,,LONDON,CROYDON,GREATER LONDON,Additional,Addition,51.4228820000,-0.1101520000
315000,2021-06-28 00:00:00Z,SW16 2QN,Flats/Maisonettes,Established,Leasehold,BENHURST COURT,FLAT 13,LEIGHAM COURT ROAD,STREATHAM,LONDON,LAMBETH,GREATER LONDON,Standard,Addition,51.4242590000,-0.1152300000
251500,2021-03-26 00:00:00Z,SW16 3RB,Flats/Maisonettes,Established,Leasehold,HAWTHORN COURT,FLAT 10,LEIGHAM COURT ROAD,STREATHAM,LONDON,LAMBETH,GREATER LONDON,Additional,Addition,51.4241820000,-0.1121410000
645000,2021-09-09 00:00:00Z,SW16 2QJ,Terraced,Established,Freehold,57,,FAWCETT CLOSE,,LONDON,LAMBETH,GREATER LONDON,Standard,Addition,51.4275200000,-0.1149950000
300000,2021-06-25 00:00:00Z,SE27 0SB,Flats/Maisonettes,Established,Leasehold,112D,,THORNLAW ROAD,,LONDON,LAMBETH,GREATER LONDON,Standard,Addition,51.4277640000,-0.1106410000
840000,2021-08-31 00:00:00Z,SW16 2UD,Terraced,Established,Freehold,2,,SOUTH OAK ROAD,,LONDON,LAMBETH,GREATER LONDON,Standard,Addition,51.4294780000,-0.1174480000
309000,2021-06-28 00:00:00Z,SW16 2AL,Flats/Maisonettes,Established,Leasehold,30,,MAPLE MEWS,,LONDON,LAMBETH,GREATER LONDON,Standard,Addition,51.4239650000,-0.1193130000
1150000,2021-06-18 00:00:00Z,SE27 0SE,Semi-Detached,Established,Freehold,26,,LAMBERHURST ROAD,,LONDON,LAMBETH,GREATER LONDON,Standard,Addition,51.4266910000,-0.1126870000
720000,2021-09-28 00:00:00Z,SW16 2SB,Semi-Detached,Established,Freehold,249,,LEIGHAM COURT ROAD,STREATHAM,LONDON,LAMBETH,GREATER LONDON,Standard,Addition,51.4298960000,-0.1134870000
1135000,2021-10-21 00:00:00Z,SW16 2HZ,Semi-Detached,Established,Freehold,19,,BELLTREES GROVE,,LONDON,LAMBETH,GREATER LONDON,Standard,Addition,51.4255500000,-0.1172480000
407000,2022-01-28 00:00:00Z,SW16 3HZ,Flats/Maisonettes,Established,Leasehold,44,,CROWN LANE GARDENS,,LONDON,LAMBETH,GREATER LONDON,Standard,Addition,51.4235080000,-0.1104850000
607000,2022-02-25 00:00:00Z,SW16 2XR,Flats/Maisonettes,Established,Leasehold,132,,VALLEY ROAD,STREATHAM,LONDON,LAMBETH,GREATER LONDON,Standard,Addition,51.4299830000,-0.1194110000
355000,2022-02-09 00:00:00Z,SW16 2QN,Flats/Maisonettes,Established,Leasehold,BENHURST COURT,FLAT 21,LEIGHAM COURT ROAD,STREATHAM,LONDON,LAMBETH,GREATER LONDON,Standard,Addition,51.4242590000,-0.1152300000
350000,2022-03-25 00:00:00Z,SW16 2QJ,Flats/Maisonettes,Established,Leasehold,24,,FAWCETT CLOSE,,LONDON,LAMBETH,GREATER LONDON,Standard,Addition,51.4275200000,-0.1149950000
