86000,1995-07-21 00:00:00Z,TW7 6LJ,Terraced,Established,Freehold,31,,SUSSEX AVENUE,ISLEWORTH,ISLEWORTH,HOUNSLOW,GREATER LONDON,Standard,Addition,51.4687760000,-0.3454030000
60000,1995-07-19 00:00:00Z,TW7 7PJ,Terraced,Established,Freehold,6,,PLOUGHMANS END,ISLEWORTH,ISLEWORTH,HOUNSLOW,GREATER LONDON,Standard,Addition,51.4602000000,-0.3488220000
51950,1995-05-19 00:00:00Z,TW7 6HF,Flats/Maisonettes,Established,Leasehold,119,,BRIDGE ROAD,ISLEWORTH,ISLEWORTH,HOUNSLOW,GREATER LONDON,Standard,Addition,51.4674120000,-0.3443290000
84000,1995-07-13 00:00:00Z,TW3 2PX,Semi-Detached,Established,Freehold,170,,ELLERDINE ROAD,HOUNSLOW,HOUNSLOW,HOUNSLOW,GREATER LONDON,Standard,Addition,51.4621860000,-0.3493550000
68000,1995-10-06 00:00:00Z,TW3 2PD,Semi-Detached,Established,Freehold,94,,CHATSWORTH CRESCENT,HOUNSLOW,HOUNSLOW,HOUNSLOW,GREATER LONDON,Standard,Addition,51.4667670000,-0.3496220000
64500,1995-01-24 00:00:00Z,TW7 7PP,Terraced,Established,Freehold,19,,HARVESTERS CLOSE,ISLEWORTH,ISLEWORTH,HOUNSLOW,GREATER LONDON,Standard,Addition,51.4616460000,-0.3473880000
34500,1995-01-27 00:00:00Z,TW7 6HH,Flats/Maisonettes,Established,Leasehold,10,,OAK LANE,,ISLEWORTH,HOUNSLOW,GREATER LONDON,Standard,Addition,51.4664990000,-0.3408350000
95000,1995-08-31 00:00:00Z,TW7 6HP,Semi-Detached,Established,Freehold,44,,RIVERSIDE WALK,ISLEWORTH,ISLEWORTH,HOUNSLOW,GREATER LONDON,Standard,Addition,51.4690030000,-0.3404850000
24500,1995-04-03 00:00:00Z,TW7 6NE,Flats/Maisonettes,Established,Leasehold,"DOUGLAS BADER HOUSE, 9",13,GIBSON CLOSE,,ISLEWORTH,HOUNSLOW,GREATER LONDON,Standard,Addition,51.4684800000,-0.3467380000
26000,1995-05-12 00:00:00Z,TW7 6NE,Flats/Maisonettes,Established,Leasehold,"DOUGLAS BADER HOUSE, 9",3,GIBSON CLOSE,,ISLEWORTH,HOUNSLOW,GREATER LONDON,Standard,Addition,51.4684800000,-0.3467380000
87500,1995-11-17 00:00:00Z,TW3 2PX,Semi-Detached,Established,Freehold,196,,ELLERDINE ROAD,HOUNSLOW,HOUNSLOW,HOUNSLOW,GREATER LONDON,Standard,Addition,51.4621860000,-0.3493550000
74000,1995-07-07 00:00:00Z,TW3 2PU,Terraced,Established,Freehold,185,,ELLERDINE ROAD,HOUNSLOW,HOUNSLOW,HOUNSLOW,GREATER LONDON,Standard,Addition,51.4625140000,-0.3496890000
105500,1995-05-31 00:00:00Z,TW7 6HP,Semi-Detached,Established,Freehold,39,,RIVERSIDE WALK,ISLEWORTH,ISLEWORTH,HOUNSLOW,GREATER LONDON,Standard,Addition,51.4690030000,-0.3404850000
64500,1995-11-24 00:00:00Z,TW7 7PR,Terraced,Established,Freehold,24,,HEATHER CLOSE,ISLEWORTH,ISLEWORTH,HOUNSLOW,GREATER LONDON,Standard,Addition,51.4612460000,-0.3483820000
76750,1995-08-11 00:00:00Z,TW3 2PX,Semi-Detached,Established,Freehold,194,,ELLERDINE ROAD,HOUNSLOW,HOUNSLOW,HOUNSLOW,GREATER LONDON,Standard,Addition,51.4621860000,-0.3493550000
87500,1995-04-11 00:00:00Z,TW3 2PS,Semi-Detached,Established,Freehold,80,,ELLERDINE ROAD,HOUNSLOW,HOUNSLOW,HOUNSLOW,GREATER LONDON,Standard,Addition,51.4643230000,-0.3484870000
118500,1995-01-25 00:00:00Z,TW3 2PD,Semi-Detached,Established,Freehold,114,,CHATSWORTH CRESCENT,HOUNSLOW,HOUNSLOW,HOUNSLOW,GREATER LONDON,Standard,Addition,51.4667670000,-0.3496220000
71000,1995-03-17 00:00:00Z,TW7 7PS,Terraced,Established,Freehold,55,,HARVESTERS CLOSE,ISLEWORTH,ISLEWORTH,HOUNSLOW,GREATER LONDON,Standard,Addition,51.4608250000,-0.3478640000
66500,1995-02-15 00:00:00Z,TW7 7PU,Semi-Detached,Established,Freehold,24,,WAINWRIGHT GROVE,ISLEWORTH,ISLEWORTH,HOUNSLOW,GREATER LONDON,Standard,Addition,51.4629340000,-0.3475430000
72000,1995-03-08 00:00:00Z,TW3 2PS,Semi-Detached,Established,Freehold,112,,ELLERDINE ROAD,HOUNSLOW,HOUNSLOW,HOUNSLOW,GREATER LONDON,Standard,Addition,51.4643230000,-0.3484870000
76000,1995-03-31 00:00:00Z,TW7 6LZ,Semi-Detached,Established,Freehold,20,,GIBSON CLOSE,ISLEWORTH,ISLEWORTH,HOUNSLOW,GREATER LONDON,Standard,Addition,51.4681030000,-0.3455570000
106000,1995-05-17 00:00:00Z,TW7 6LS,Semi-Detached,Established,Freehold,162,,WOODLAND GARDENS,ISLEWORTH,ISLEWORTH,HOUNSLOW,GREATER LONDON,Standard,Addition,51.4688270000,-0.3426510000
60000,1995-12-15 00:00:00Z,TW7 7PB,Semi-Detached,Established,Freehold,107,,HALL ROAD,ISLEWORTH,ISLEWORTH,HOUNSLOW,GREATER LONDON,Standard,Addition,51.4621220000,-0.3486380000
86000,1995-11-30 00:00:00Z,TW7 6LB,Semi-Detached,Established,Freehold,68,,SUSSEX AVENUE,ISLEWORTH,ISLEWORTH,HOUNSLOW,GREATER LONDON,Standard,Addition,51.4683080000,-0.3428860000
52000,1995-01-25 00:00:00Z,TW7 7PL,Flats/Maisonettes,New Build,Leasehold,3,,THATCHERS WAY,ISLEWORTH,ISLEWORTH,HOUNSLOW,GREATER LONDON,Standard,Addition,51.4601880000,-0.3492400000
78000,1995-09-29 00:00:00Z,TW3 2PR,Terraced,Established,Freehold,38,,CATHERINE GARDENS,HOUNSLOW,HOUNSLOW,HOUNSLOW,GREATER LONDON,Standard,Addition,51.4634780000,-0.3498130000
75000,1995-03-27 00:00:00Z,TW7 6LZ,Terraced,Established,Freehold,7,,GIBSON CLOSE,ISLEWORTH,ISLEWORTH,HOUNSLOW,GREATER LONDON,Standard,Addition,51.4681030000,-0.3455570000
71000,1995-10-27 00:00:00Z,TW7 6LB,Semi-Detached,Established,Freehold,78,,SUSSEX AVENUE,ISLEWORTH,ISLEWORTH,HOUNSLOW,GREATER LONDON,Standard,Addition,51.4683080000,-0.3428860000
105000,1995-02-27 00:00:00Z,TW7 6LX,Semi-Detached,Established,Freehold,161,,WOODLAND GARDENS,ISLEWORTH,ISLEWORTH,HOUNSLOW,GREATER LONDON,Standard,Addition,51.4693740000,-0.3432220000
48000,1995-12-15 00:00:00Z,TW7 7PS,Flats/Maisonettes,Established,Freehold,60,,HARVESTERS CLOSE,,ISLEWORTH,HOUNSLOW,GREATER LONDON,Standard,Addition,51.4608250000,-0.3478640000
50000,1995-08-25 00:00:00Z,TW3 2NX,Semi-Detached,Established,Freehold,208,,HEATH ROAD,,HOUNSLOW,HOUNSLOW,GREATER LONDON,Standard,Addition,51.4656030000,-0.3480880000
50000,1995-04-11 00:00:00Z,TW7 7PS,Semi-Detached,Established,Freehold,53,,HARVESTERS CLOSE,,ISLEWORTH,HOUNSLOW,GREATER LONDON,Standard,Addition,51.4608250000,-0.3478640000
37400,1995-07-28 00:00:00Z,TW7 6LA,Semi-Detached,New Build,Leasehold,22,,SUSSEX AVENUE,,ISLEWORTH,HOUNSLOW,GREATER LONDON,Standard,Addition,51.4689580000,-0.3449650000
48000,1995-12-15 00:00:00Z,TW7 7PS,Flats/Maisonettes,Established,Leasehold,59,,HARVESTERS CLOSE,,ISLEWORTH,HOUNSLOW,GREATER LONDON,Standard,Addition,51.4608250000,-0.3478640000
91000,1995-09-28 00:00:00Z,TW7 6HP,Semi-Detached,Established,Freehold,25,,RIVERSIDE WALK,ISLEWORTH,ISLEWORTH,HOUNSLOW,GREATER LONDON,Standard,Addition,51.4690030000,-0.3404850000
80000,1995-04-11 00:00:00Z,TW7 6LF,Detached,Established,Freehold,1,,ESSEX AVENUE,ISLEWORTH,ISLEWORTH,HOUNSLOW,GREATER LONDON,Standard,Addition,51.4676380000,-0.3431690000
47000,1995-07-28 00:00:00Z,TW7 7PR,Flats/Maisonettes,Established,Leasehold,16,,HEATHER CLOSE,,ISLEWORTH,HOUNSLOW,GREATER LONDON,Standard,Addition,51.4612460000,-0.3483820000
83000,1995-11-27 00:00:00Z,TW7 6HE,Semi-Detached,Established,Freehold,106,,BRIDGE ROAD,ISLEWORTH,ISLEWORTH,HOUNSLOW,GREATER LONDON,Standard,Addition,51.4675950000,-0.3458630000
53000,1995-03-17 00:00:00Z,TW7 7PP,Semi-Detached,Established,Freehold,7,,HARVESTERS CLOSE,ISLEWORTH,ISLEWORTH,HOUNSLOW,GREATER LONDON,Standard,Addition,51.4616460000,-0.3473880000
90450,1995-11-24 00:00:00Z,TW7 6HP,Terraced,Established,Freehold,43,,RIVERSIDE WALK,ISLEWORTH,ISLEWORTH,HOUNSLOW,GREATER LONDON,Standard,Addition,51.4690030000,-0.3404850000
51950,1995-05-19 00:00:00Z,TW7 6HF,Flats/Maisonettes,Established,Leasehold,119,,BRIDGE ROAD,ISLEWORTH,ISLEWORTH,HOUNSLOW,GREATER LONDON,Standard,Addition,51.4674120000,-0.3443290000
82950,1995-11-23 00:00:00Z,TW7 6LU,Semi-Detached,Established,Freehold,111,,WOODLAND GARDENS,ISLEWORTH,ISLEWORTH,HOUNSLOW,GREATER LONDON,Standard,Addition,51.4694750000,-0.3414470000
92000,1995-10-13 00:00:00Z,TW7 6LR,Semi-Detached,Established,Freehold,128,,WOODLAND GARDENS,ISLEWORTH,ISLEWORTH,HOUNSLOW,GREATER LONDON,Standard,Addition,51.4693330000,-0.3409200000
66500,1995-09-28 00:00:00Z,TW7 7PU,Terraced,Established,Freehold,5,,WAINWRIGHT GROVE,ISLEWORTH,ISLEWORTH,HOUNSLOW,GREATER LONDON,Standard,Addition,51.4629340000,-0.3475430000
68500,1995-11-22 00:00:00Z,TW7 6HL,Terraced,Established,Freehold,67,,WORTON ROAD,ISLEWORTH,ISLEWORTH,HOUNSLOW,GREATER LONDON,Standard,Addition,51.4666800000,-0.3428010000
65000,1995-03-31 00:00:00Z,TW7 7PP,Terraced,Established,Freehold,17,,HARVESTERS CLOSE,ISLEWORTH,ISLEWORTH,HOUNSLOW,GREATER LONDON,Standard,Addition,51.4616460000,-0.3473880000
91000,1995-11-28 00:00:00Z,TW7 6HP,Semi-Detached,Established,Freehold,24,,RIVERSIDE WALK,ISLEWORTH,ISLEWORTH,HOUNSLOW,GREATER LONDON,Standard,Addition,51.4690030000,-0.3404850000
77500,1996-11-08 00:00:00Z,TW7 6LF,Terraced,Established,Freehold,28,,ESSEX AVENUE,ISLEWORTH,ISLEWORTH,HOUNSLOW,GREATER LONDON,Standard,Addition,51.4676380000,-0.3431690000
86950,1996-09-30 00:00:00Z,TW7 6EJ,Terraced,New Build,Freehold,13,,CHRISTABEL CLOSE,ISLEWORTH,ISLEWORTH,HOUNSLOW,GREATER LONDON,Standard,Addition,51.4674900000,-0.3403100000
70000,1996-05-31 00:00:00Z,TW7 6HH,Terraced,Established,Freehold,1,,OAK LANE,ISLEWORTH,ISLEWORTH,HOUNSLOW,GREATER LONDON,Standard,Addition,51.4664990000,-0.3408350000
54500,1996-07-29 00:00:00Z,TW7 7PT,Terraced,Established,Freehold,12,,GLEN WALK,ISLEWORTH,ISLEWORTH,HOUNSLOW,GREATER LONDON,Standard,Addition,51.4603500000,-0.3480110000
66000,1996-07-01 00:00:00Z,TW7 7PP,Terraced,Established,Freehold,2,,HARVESTERS CLOSE,ISLEWORTH,ISLEWORTH,HOUNSLOW,GREATER LONDON,Standard,Addition,51.4616460000,-0.3473880000
75000,1996-06-06 00:00:00Z,TW7 6HA,Terraced,Established,Freehold,122,,ELMER GARDENS,ISLEWORTH,ISLEWORTH,HOUNSLOW,GREATER LONDON,Standard,Addition,51.4670700000,-0.3488190000
12500,1996-12-18 00:00:00Z,TW7 6ER,Semi-Detached,Established,Freehold,WORTON HALL INDUSTRIAL ESTATE,UNIT 5,WORTON ROAD,,ISLEWORTH,HOUNSLOW,GREATER LONDON,Standard,Addition,51.4651280000,-0.3449740000
58500,1996-04-30 00:00:00Z,TW7 6EJ,Terraced,New Build,Freehold,8,,CHRISTABEL CLOSE,ISLEWORTH,ISLEWORTH,HOUNSLOW,GREATER LONDON,Standard,Addition,51.4674900000,-0.3403100000
46000,1996-05-28 00:00:00Z,TW7 7PS,Terraced,Established,Freehold,58,,HARVESTERS CLOSE,,ISLEWORTH,HOUNSLOW,GREATER LONDON,Standard,Addition,51.4608250000,-0.3478640000
24750,1996-06-21 00:00:00Z,TW7 7PU,Semi-Detached,Established,Freehold,15,,WAINWRIGHT GROVE,,ISLEWORTH,HOUNSLOW,GREATER LONDON,Standard,Addition,51.4629340000,-0.3475430000
32000,1996-11-25 00:00:00Z,TW7 7PP,Semi-Detached,Established,Leasehold,40,,HARVESTERS CLOSE,,ISLEWORTH,HOUNSLOW,GREATER LONDON,Standard,Addition,51.4616460000,-0.3473880000
25000,1996-11-29 00:00:00Z,TW7 6NE,Semi-Detached,Established,Leasehold,"DOUGLAS BADER HOUSE, 9",11,GIBSON CLOSE,,ISLEWORTH,HOUNSLOW,GREATER LONDON,Standard,Addition,51.4684800000,-0.3467380000
33000,1996-07-26 00:00:00Z,TW7 7PP,Terraced,Established,Leasehold,5,,HARVESTERS CLOSE,,ISLEWORTH,HOUNSLOW,GREATER LONDON,Standard,Addition,51.4616460000,-0.3473880000
64000,1996-01-15 00:00:00Z,TW3 2PD,Semi-Detached,Established,Freehold,110,,CHATSWORTH CRESCENT,HOUNSLOW,HOUNSLOW,HOUNSLOW,GREATER LONDON,Standard,Addition,51.4667670000,-0.3496220000
62000,1996-08-15 00:00:00Z,TW7 7PL,Terraced,Established,Freehold,16,,THATCHERS WAY,ISLEWORTH,ISLEWORTH,HOUNSLOW,GREATER LONDON,Standard,Addition,51.4601880000,-0.3492400000
100000,1996-08-01 00:00:00Z,TW7 6LR,Semi-Detached,Established,Freehold,120,,WOODLAND GARDENS,ISLEWORTH,ISLEWORTH,HOUNSLOW,GREATER LONDON,Standard,Addition,51.4693330000,-0.3409200000
69750,1996-03-01 00:00:00Z,TW3 2PU,Semi-Detached,Established,Freehold,145,,ELLERDINE ROAD,HOUNSLOW,HOUNSLOW,HOUNSLOW,GREATER LONDON,Standard,Addition,51.4625140000,-0.3496890000
78000,1996-07-05 00:00:00Z,TW7 7PR,Semi-Detached,Established,Freehold,19,,HEATHER CLOSE,ISLEWORTH,ISLEWORTH,HOUNSLOW,GREATER LONDON,Standard,Addition,51.4612460000,-0.3483820000
54000,1996-03-29 00:00:00Z,TW7 7PU,Terraced,Established,Freehold,14,,WAINWRIGHT GROVE,ISLEWORTH,ISLEWORTH,HOUNSLOW,GREATER LONDON,Standard,Addition,51.4629340000,-0.3475430000
71000,1996-08-09 00:00:00Z,TW7 6EY,Semi-Detached,Established,Freehold,7,,ELMER GARDENS,ISLEWORTH,ISLEWORTH,HOUNSLOW,GREATER LONDON,Standard,Addition,51.4680880000,-0.3483360000
80000,1996-12-10 00:00:00Z,TW7 6EJ,Terraced,New Build,Freehold,18,,CHRISTABEL CLOSE,ISLEWORTH,ISLEWORTH,HOUNSLOW,GREATER LONDON,Standard,Addition,51.4674900000,-0.3403100000
54950,1996-10-03 00:00:00Z,TW7 6HF,Flats/Maisonettes,Established,Leasehold,127,,BRIDGE ROAD,ISLEWORTH,ISLEWORTH,HOUNSLOW,GREATER LONDON,Standard,Addition,51.4674120000,-0.3443290000
15750,1996-02-22 00:00:00Z,TW7 7PN,Flats/Maisonettes,New Build,Leasehold,3,,REAPERS WAY,,ISLEWORTH,HOUNSLOW,GREATER LONDON,Standard,Addition,51.4605070000,-0.3495170000
26000,1996-07-12 00:00:00Z,TW7 6NE,Flats/Maisonettes,Established,Leasehold,"DOUGLAS BADER HOUSE, 9",7,GIBSON CLOSE,,ISLEWORTH,HOUNSLOW,GREATER LONDON,Standard,Addition,51.4684800000,-0.3467380000
35000,1996-11-27 00:00:00Z,TW7 6LX,Semi-Detached,Established,Freehold,143,,WOODLAND GARDENS,,ISLEWORTH,HOUNSLOW,GREATER LONDON,Standard,Addition,51.4693740000,-0.3432220000
48000,1996-02-13 00:00:00Z,TW7 7PS,Flats/Maisonettes,Established,Leasehold,69,,HARVESTERS CLOSE,,ISLEWORTH,HOUNSLOW,GREATER LONDON,Standard,Addition,51.4608250000,-0.3478640000
84000,1996-10-28 00:00:00Z,TW7 6LF,Semi-Detached,Established,Freehold,12,,ESSEX AVENUE,ISLEWORTH,ISLEWORTH,HOUNSLOW,GREATER LONDON,Standard,Addition,51.4676380000,-0.3431690000
90000,1996-09-17 00:00:00Z,TW3 2PU,Semi-Detached,Established,Freehold,163,,ELLERDINE ROAD,HOUNSLOW,HOUNSLOW,HOUNSLOW,GREATER LONDON,Standard,Addition,51.4625140000,-0.3496890000
86500,1996-12-13 00:00:00Z,TW3 2PU,Semi-Detached,Established,Freehold,165,,ELLERDINE ROAD,HOUNSLOW,HOUNSLOW,HOUNSLOW,GREATER LONDON,Standard,Addition,51.4625140000,-0.3496890000
96950,1996-03-29 00:00:00Z,TW7 6LA,Semi-Detached,Established,Freehold,52,,SUSSEX AVENUE,ISLEWORTH,ISLEWORTH,HOUNSLOW,GREATER LONDON,Standard,Addition,51.4689580000,-0.3449650000
87000,1996-11-21 00:00:00Z,TW7 6HQ,Semi-Detached,Established,Freehold,120,,WORTON ROAD,ISLEWORTH,ISLEWORTH,HOUNSLOW,GREATER LONDON,Standard,Addition,51.4669970000,-0.3417390000
82000,1996-06-14 00:00:00Z,TW7 6HA,Semi-Detached,Established,Freehold,108,,ELMER GARDENS,ISLEWORTH,ISLEWORTH,HOUNSLOW,GREATER LONDON,Standard,Addition,51.4670700000,-0.3488190000
79800,1996-10-18 00:00:00Z,TW3 2PA,Semi-Detached,Established,Freehold,5,,HELDMANN CLOSE,HOUNSLOW,HOUNSLOW,HOUNSLOW,GREATER LONDON,Standard,Addition,51.4662350000,-0.3475970000
86950,1996-11-15 00:00:00Z,TW7 6EJ,Terraced,New Build,Freehold,19,,CHRISTABEL CLOSE,ISLEWORTH,ISLEWORTH,HOUNSLOW,GREATER LONDON,Standard,Addition,51.4674900000,-0.3403100000
80950,1996-07-12 00:00:00Z,TW7 6EJ,Terraced,New Build,Freehold,10,,CHRISTABEL CLOSE,ISLEWORTH,ISLEWORTH,HOUNSLOW,GREATER LONDON,Standard,Addition,51.4674900000,-0.3403100000
84000,1996-05-30 00:00:00Z,TW3 2PS,Semi-Detached,Established,Freehold,106,,ELLERDINE ROAD,HOUNSLOW,HOUNSLOW,HOUNSLOW,GREATER LONDON,Standard,Addition,51.4643230000,-0.3484870000
63000,1996-03-15 00:00:00Z,TW7 6EJ,Semi-Detached,New Build,Freehold,1,,CHRISTABEL CLOSE,ISLEWORTH,ISLEWORTH,HOUNSLOW,GREATER LONDON,Standard,Addition,51.4674900000,-0.3403100000
80000,1996-03-22 00:00:00Z,TW3 2PU,Semi-Detached,Established,Freehold,143,,ELLERDINE ROAD,HOUNSLOW,HOUNSLOW,HOUNSLOW,GREATER LONDON,Standard,Addition,51.4625140000,-0.3496890000
110000,1996-11-07 00:00:00Z,TW7 7PB,Semi-Detached,Established,Freehold,107,,HALL ROAD,ISLEWORTH,ISLEWORTH,HOUNSLOW,GREATER LONDON,Standard,Addition,51.4621220000,-0.3486380000
80000,1996-01-30 00:00:00Z,TW7 6LD,Semi-Detached,Established,Freehold,49,,SUSSEX AVENUE,ISLEWORTH,ISLEWORTH,HOUNSLOW,GREATER LONDON,Standard,Addition,51.4679670000,-0.3428980000
85000,1996-10-04 00:00:00Z,TW3 2PX,Semi-Detached,Established,Freehold,154,,ELLERDINE ROAD,HOUNSLOW,HOUNSLOW,HOUNSLOW,GREATER LONDON,Standard,Addition,51.4621860000,-0.3493550000
89500,1996-11-29 00:00:00Z,TW7 6LR,Terraced,Established,Freehold,154,,WOODLAND GARDENS,ISLEWORTH,ISLEWORTH,HOUNSLOW,GREATER LONDON,Standard,Addition,51.4693330000,-0.3409200000
96000,1996-06-14 00:00:00Z,TW7 6LT,Semi-Detached,Established,Freehold,236,,WOODLAND GARDENS,ISLEWORTH,ISLEWORTH,HOUNSLOW,GREATER LONDON,Standard,Addition,51.4693450000,-0.3443750000
87500,1996-05-31 00:00:00Z,TW7 6LJ,Terraced,Established,Freehold,7,,SUSSEX AVENUE,ISLEWORTH,ISLEWORTH,HOUNSLOW,GREATER LONDON,Standard,Addition,51.4687760000,-0.3454030000
80950,1996-05-24 00:00:00Z,TW7 6EJ,Terraced,New Build,Freehold,4,,CHRISTABEL CLOSE,ISLEWORTH,ISLEWORTH,HOUNSLOW,GREATER LONDON,Standard,Addition,51.4674900000,-0.3403100000
55000,1996-04-18 00:00:00Z,TW7 7PS,Semi-Detached,Established,Freehold,52,,HARVESTERS CLOSE,ISLEWORTH,ISLEWORTH,HOUNSLOW,GREATER LONDON,Standard,Addition,51.4608250000,-0.3478640000
88500,1996-11-29 00:00:00Z,TW3 2PR,Semi-Detached,Established,Freehold,16,,CATHERINE GARDENS,HOUNSLOW,HOUNSLOW,HOUNSLOW,GREATER LONDON,Standard,Addition,51.4634780000,-0.3498130000
74000,1996-11-25 00:00:00Z,TW3 2PA,Semi-Detached,Established,Freehold,22,,HELDMANN CLOSE,HOUNSLOW,HOUNSLOW,HOUNSLOW,GREATER LONDON,Standard,Addition,51.4662350000,-0.3475970000
78000,1996-02-27 00:00:00Z,TW7 7PA,Terraced,Established,Freehold,25,,HALL ROAD,ISLEWORTH,ISLEWORTH,HOUNSLOW,GREATER LONDON,Standard,Addition,51.4642240000,-0.3478420000
74950,1996-04-30 00:00:00Z,TW7 6LB,Semi-Detached,Established,Freehold,72,,SUSSEX AVENUE,ISLEWORTH,ISLEWORTH,HOUNSLOW,GREATER LONDON,Standard,Addition,51.4683080000,-0.3428860000
84950,1996-06-21 00:00:00Z,TW7 6EJ,Terraced,New Build,Freehold,12,,CHRISTABEL CLOSE,ISLEWORTH,ISLEWORTH,HOUNSLOW,GREATER LONDON,Standard,Addition,51.4674900000,-0.3403100000
61000,1996-06-21 00:00:00Z,TW7 6EJ,Terraced,New Build,Freehold,7,,CHRISTABEL CLOSE,ISLEWORTH,ISLEWORTH,HOUNSLOW,GREATER LONDON,Standard,Addition,51.4674900000,-0.3403100000
78000,1996-05-17 00:00:00Z,TW7 7PJ,Terraced,Established,Freehold,9,,PLOUGHMANS END,ISLEWORTH,ISLEWORTH,HOUNSLOW,GREATER LONDON,Standard,Addition,51.4602000000,-0.3488220000
51500,1996-10-25 00:00:00Z,TW7 7PL,Semi-Detached,Established,Leasehold,19,,THATCHERS WAY,ISLEWORTH,ISLEWORTH,HOUNSLOW,GREATER LONDON,Standard,Addition,51.4601880000,-0.3492400000
84950,1996-09-06 00:00:00Z,TW7 6EJ,Terraced,New Build,Freehold,11,,CHRISTABEL CLOSE,ISLEWORTH,ISLEWORTH,HOUNSLOW,GREATER LONDON,Standard,Addition,51.4674900000,-0.3403100000
53000,1996-09-23 00:00:00Z,TW7 7PT,Semi-Detached,Established,Freehold,22,,GLEN WALK,ISLEWORTH,ISLEWORTH,HOUNSLOW,GREATER LONDON,Standard,Addition,51.4603500000,-0.3480110000
82000,1996-11-07 00:00:00Z,TW7 7PW,Semi-Detached,Established,Freehold,2,,BRACKEN END,ISLEWORTH,ISLEWORTH,HOUNSLOW,GREATER LONDON,Standard,Addition,51.4617810000,-0.3480460000
94000,1996-05-24 00:00:00Z,TW7 6LE,Semi-Detached,Established,Freehold,7,,CLAYTON ROAD,ISLEWORTH,ISLEWORTH,HOUNSLOW,GREATER LONDON,Standard,Addition,51.4673870000,-0.3419690000
58750,1996-03-19 00:00:00Z,TW7 6EJ,Terraced,New Build,Freehold,6,,CHRISTABEL CLOSE,ISLEWORTH,ISLEWORTH,HOUNSLOW,GREATER LONDON,Standard,Addition,51.4674900000,-0.3403100000
102500,1996-09-30 00:00:00Z,TW3 2PS,Semi-Detached,Established,Freehold,118,,ELLERDINE ROAD,HOUNSLOW,HOUNSLOW,HOUNSLOW,GREATER LONDON,Standard,Addition,51.4643230000,-0.3484870000
82950,1996-08-05 00:00:00Z,TW3 2PX,Semi-Detached,Established,Freehold,198,,ELLERDINE ROAD,HOUNSLOW,HOUNSLOW,HOUNSLOW,GREATER LONDON,Standard,Addition,51.4621860000,-0.3493550000
69000,1996-08-07 00:00:00Z,TW7 7PP,Semi-Detached,Established,Freehold,27,,HARVESTERS CLOSE,ISLEWORTH,ISLEWORTH,HOUNSLOW,GREATER LONDON,Standard,Addition,51.4616460000,-0.3473880000
80000,1996-11-15 00:00:00Z,TW7 6HQ,Semi-Detached,Established,Freehold,124,,WORTON ROAD,ISLEWORTH,ISLEWORTH,HOUNSLOW,GREATER LONDON,Standard,Addition,51.4669970000,-0.3417390000
55500,1996-11-08 00:00:00Z,TW7 6HF,Flats/Maisonettes,Established,Leasehold,119,,BRIDGE ROAD,ISLEWORTH,ISLEWORTH,HOUNSLOW,GREATER LONDON,Standard,Addition,51.4674120000,-0.3443290000
63000,1996-02-22 00:00:00Z,TW7 7PN,Terraced,Established,Freehold,3,,REAPERS WAY,ISLEWORTH,ISLEWORTH,HOUNSLOW,GREATER LONDON,Standard,Addition,51.4605070000,-0.3495170000
66500,1996-02-16 00:00:00Z,TW3 2PR,Semi-Detached,Established,Freehold,60,,CATHERINE GARDENS,HOUNSLOW,HOUNSLOW,HOUNSLOW,GREATER LONDON,Standard,Addition,51.4634780000,-0.3498130000
72000,1996-12-16 00:00:00Z,TW7 7PW,Terraced,Established,Freehold,9,,BRACKEN END,ISLEWORTH,ISLEWORTH,HOUNSLOW,GREATER LONDON,Standard,Addition,51.4617810000,-0.3480460000
91000,1996-03-29 00:00:00Z,TW7 6LD,Terraced,Established,Freehold,85,,SUSSEX AVENUE,ISLEWORTH,ISLEWORTH,HOUNSLOW,GREATER LONDON,Standard,Addition,51.4679670000,-0.3428980000
95000,1996-10-24 00:00:00Z,TW7 7PB,Semi-Detached,Established,Freehold,127,,HALL ROAD,ISLEWORTH,ISLEWORTH,HOUNSLOW,GREATER LONDON,Standard,Addition,51.4621220000,-0.3486380000
80702,1996-08-23 00:00:00Z,TW7 6EJ,Terraced,New Build,Freehold,5,,CHRISTABEL CLOSE,ISLEWORTH,ISLEWORTH,HOUNSLOW,GREATER LONDON,Standard,Addition,51.4674900000,-0.3403100000
48000,1996-02-13 00:00:00Z,TW7 7PS,Flats/Maisonettes,Established,Freehold,70,,HARVESTERS CLOSE,,ISLEWORTH,HOUNSLOW,GREATER LONDON,Standard,Addition,51.4608250000,-0.3478640000
43000,1996-11-18 00:00:00Z,TW7 7PT,Terraced,Established,Leasehold,18,,GLEN WALK,,ISLEWORTH,HOUNSLOW,GREATER LONDON,Standard,Addition,51.4603500000,-0.3480110000
69950,1996-11-20 00:00:00Z,TW7 6EJ,Terraced,New Build,Freehold,9,,CHRISTABEL CLOSE,ISLEWORTH,ISLEWORTH,HOUNSLOW,GREATER LONDON,Standard,Addition,51.4674900000,-0.3403100000
85500,1996-09-05 00:00:00Z,TW7 6HA,Semi-Detached,Established,Freehold,106,,ELMER GARDENS,ISLEWORTH,ISLEWORTH,HOUNSLOW,GREATER LONDON,Standard,Addition,51.4670700000,-0.3488190000
88000,1996-11-15 00:00:00Z,TW7 6HP,Semi-Detached,Established,Freehold,34,,RIVERSIDE WALK,ISLEWORTH,ISLEWORTH,HOUNSLOW,GREATER LONDON,Standard,Addition,51.4690030000,-0.3404850000
80000,1996-10-16 00:00:00Z,TW7 6ER,Terraced,Established,Freehold,WORTON COURT,UNIT 10,WORTON ROAD,ISLEWORTH,ISLEWORTH,HOUNSLOW,GREATER LONDON,Standard,Addition,51.4651280000,-0.3449740000
72500,1996-12-29 00:00:00Z,TW7 6HA,Semi-Detached,Established,Freehold,130,,ELMER GARDENS,ISLEWORTH,ISLEWORTH,HOUNSLOW,GREATER LONDON,Standard,Addition,51.4670700000,-0.3488190000
60000,1996-07-26 00:00:00Z,TW7 6EJ,Terraced,New Build,Freehold,2,,CHRISTABEL CLOSE,ISLEWORTH,ISLEWORTH,HOUNSLOW,GREATER LONDON,Standard,Addition,51.4674900000,-0.3403100000
87500,1996-10-30 00:00:00Z,TW7 7PP,Semi-Detached,Established,Freehold,37,,HARVESTERS CLOSE,ISLEWORTH,ISLEWORTH,HOUNSLOW,GREATER LONDON,Standard,Addition,51.4616460000,-0.3473880000
69500,1996-04-19 00:00:00Z,TW7 6LF,Terraced,Established,Freehold,6,,ESSEX AVENUE,ISLEWORTH,ISLEWORTH,HOUNSLOW,GREATER LONDON,Standard,Addition,51.4676380000,-0.3431690000
85950,1996-12-18 00:00:00Z,TW7 6EJ,Terraced,New Build,Freehold,3,,CHRISTABEL CLOSE,ISLEWORTH,ISLEWORTH,HOUNSLOW,GREATER LONDON,Standard,Addition,51.4674900000,-0.3403100000
75000,1996-05-31 00:00:00Z,TW7 6HL,Terraced,Established,Freehold,37,,WORTON ROAD,ISLEWORTH,ISLEWORTH,HOUNSLOW,GREATER LONDON,Standard,Addition,51.4666800000,-0.3428010000
107000,1997-08-12 00:00:00Z,TW7 6HG,Semi-Detached,Established,Freehold,110,,WORTON ROAD,ISLEWORTH,ISLEWORTH,HOUNSLOW,GREATER LONDON,Standard,Addition,51.4670920000,-0.3433480000
57500,1997-10-03 00:00:00Z,TW7 7PS,Flats/Maisonettes,Established,Freehold,59,,HARVESTERS CLOSE,ISLEWORTH,ISLEWORTH,HOUNSLOW,GREATER LONDON,Standard,Addition,51.4608250000,-0.3478640000
102000,1997-02-20 00:00:00Z,TW3 2NU,Terraced,Established,Freehold,211,,HEATH ROAD,HOUNSLOW,HOUNSLOW,HOUNSLOW,GREATER LONDON,Standard,Addition,51.4652610000,-0.3486830000
71500,1997-08-22 00:00:00Z,TW7 6EJ,Terraced,Established,Freehold,8,,CHRISTABEL CLOSE,ISLEWORTH,ISLEWORTH,HOUNSLOW,GREATER LONDON,Standard,Addition,51.4674900000,-0.3403100000
80000,1997-05-02 00:00:00Z,TW7 6HB,Terraced,Established,Freehold,44,,ELMER GARDENS,ISLEWORTH,ISLEWORTH,HOUNSLOW,GREATER LONDON,Standard,Addition,51.4682840000,-0.3487750000
81000,1997-10-03 00:00:00Z,TW7 7PR,Semi-Detached,Established,Freehold,33,,HEATHER CLOSE,ISLEWORTH,ISLEWORTH,HOUNSLOW,GREATER LONDON,Standard,Addition,51.4612460000,-0.3483820000
100000,1997-06-27 00:00:00Z,TW7 6LE,Semi-Detached,Established,Freehold,2,,CLAYTON ROAD,ISLEWORTH,ISLEWORTH,HOUNSLOW,GREATER LONDON,Standard,Addition,51.4673870000,-0.3419690000
72500,1997-02-07 00:00:00Z,TW3 2PT,Terraced,Established,Freehold,119,,ELLERDINE ROAD,HOUNSLOW,HOUNSLOW,HOUNSLOW,GREATER LONDON,Standard,Addition,51.4639450000,-0.3490900000
60000,1997-11-20 00:00:00Z,TW7 7PA,Semi-Detached,Established,Freehold,41,,HALL ROAD,ISLEWORTH,ISLEWORTH,HOUNSLOW,GREATER LONDON,Standard,Addition,51.4642240000,-0.3478420000
65950,1997-05-23 00:00:00Z,TW7 6EJ,Semi-Detached,New Build,Freehold,23,,CHRISTABEL CLOSE,ISLEWORTH,ISLEWORTH,HOUNSLOW,GREATER LONDON,Standard,Addition,51.4674900000,-0.3403100000
87000,1997-06-23 00:00:00Z,TW7 7PP,Semi-Detached,Established,Freehold,13,,HARVESTERS CLOSE,ISLEWORTH,ISLEWORTH,HOUNSLOW,GREATER LONDON,Standard,Addition,51.4616460000,-0.3473880000
59950,1997-12-15 00:00:00Z,TW7 7PU,Semi-Detached,Established,Freehold,7,,WAINWRIGHT GROVE,ISLEWORTH,ISLEWORTH,HOUNSLOW,GREATER LONDON,Standard,Addition,51.4629340000,-0.3475430000
82950,1997-01-31 00:00:00Z,TW7 6EJ,Terraced,New Build,Freehold,15,,CHRISTABEL CLOSE,ISLEWORTH,ISLEWORTH,HOUNSLOW,GREATER LONDON,Standard,Addition,51.4674900000,-0.3403100000
105000,1997-04-17 00:00:00Z,TW7 6LB,Semi-Detached,Established,Freehold,60,,SUSSEX AVENUE,ISLEWORTH,ISLEWORTH,HOUNSLOW,GREATER LONDON,Standard,Addition,51.4683080000,-0.3428860000
113500,1997-12-23 00:00:00Z,TW7 6HQ,Terraced,Established,Freehold,112,,WORTON ROAD,ISLEWORTH,ISLEWORTH,HOUNSLOW,GREATER LONDON,Standard,Addition,51.4669970000,-0.3417390000
87000,1997-01-03 00:00:00Z,TW7 6HJ,Semi-Detached,Established,Freehold,21,,WORTON ROAD,ISLEWORTH,ISLEWORTH,HOUNSLOW,GREATER LONDON,Standard,Addition,51.4664900000,-0.3453130000
90000,1997-08-29 00:00:00Z,TW7 7PB,Semi-Detached,Established,Freehold,65,,HALL ROAD,ISLEWORTH,ISLEWORTH,HOUNSLOW,GREATER LONDON,Standard,Addition,51.4621220000,-0.3486380000
55000,1997-05-23 00:00:00Z,TW7 7PP,Terraced,Established,Freehold,23,,HARVESTERS CLOSE,ISLEWORTH,ISLEWORTH,HOUNSLOW,GREATER LONDON,Standard,Addition,51.4616460000,-0.3473880000
90000,1997-06-19 00:00:00Z,TW7 6HA,Terraced,Established,Freehold,126,,ELMER GARDENS,ISLEWORTH,ISLEWORTH,HOUNSLOW,GREATER LONDON,Standard,Addition,51.4670700000,-0.3488190000
97000,1997-12-05 00:00:00Z,TW7 6HJ,Semi-Detached,Established,Freehold,23,,WORTON ROAD,ISLEWORTH,ISLEWORTH,HOUNSLOW,GREATER LONDON,Standard,Addition,51.4664900000,-0.3453130000
103000,1997-12-10 00:00:00Z,TW7 6HB,Terraced,Established,Freehold,36,,ELMER GARDENS,ISLEWORTH,ISLEWORTH,HOUNSLOW,GREATER LONDON,Standard,Addition,51.4682840000,-0.3487750000
58000,1997-09-29 00:00:00Z,TW7 7PR,Flats/Maisonettes,Established,Leasehold,18,,HEATHER CLOSE,ISLEWORTH,ISLEWORTH,HOUNSLOW,GREATER LONDON,Standard,Addition,51.4612460000,-0.3483820000
79000,1997-03-06 00:00:00Z,TW7 6EJ,Terraced,New Build,Freehold,16,,CHRISTABEL CLOSE,ISLEWORTH,ISLEWORTH,HOUNSLOW,GREATER LONDON,Standard,Addition,51.4674900000,-0.3403100000
89000,1997-02-27 00:00:00Z,TW7 6LT,Semi-Detached,Established,Freehold,234,,WOODLAND GARDENS,ISLEWORTH,ISLEWORTH,HOUNSLOW,GREATER LONDON,Standard,Addition,51.4693450000,-0.3443750000
87000,1997-07-25 00:00:00Z,TW7 6EJ,Terraced,Established,Freehold,19,,CHRISTABEL CLOSE,ISLEWORTH,ISLEWORTH,HOUNSLOW,GREATER LONDON,Standard,Addition,51.4674900000,-0.3403100000
92000,1997-12-12 00:00:00Z,TW7 6EJ,Terraced,Established,Freehold,15,,CHRISTABEL CLOSE,ISLEWORTH,ISLEWORTH,HOUNSLOW,GREATER LONDON,Standard,Addition,51.4674900000,-0.3403100000
79950,1997-03-10 00:00:00Z,TW7 6EJ,Terraced,New Build,Freehold,14,,CHRISTABEL CLOSE,ISLEWORTH,ISLEWORTH,HOUNSLOW,GREATER LONDON,Standard,Addition,51.4674900000,-0.3403100000
135950,1997-10-31 00:00:00Z,TW7 6LT,Semi-Detached,Established,Freehold,230,,WOODLAND GARDENS,ISLEWORTH,ISLEWORTH,HOUNSLOW,GREATER LONDON,Standard,Addition,51.4693450000,-0.3443750000
57500,1997-05-30 00:00:00Z,TW7 7PR,Semi-Detached,Established,Leasehold,11,,HEATHER CLOSE,ISLEWORTH,ISLEWORTH,HOUNSLOW,GREATER LONDON,Standard,Addition,51.4612460000,-0.3483820000
93000,1997-09-09 00:00:00Z,TW7 7PA,Terraced,Established,Freehold,29,,HALL ROAD,ISLEWORTH,ISLEWORTH,HOUNSLOW,GREATER LONDON,Standard,Addition,51.4642240000,-0.3478420000
112450,1997-07-31 00:00:00Z,TW7 6HR,Semi-Detached,Established,Freehold,51,,RIVERSIDE WALK,ISLEWORTH,ISLEWORTH,HOUNSLOW,GREATER LONDON,Standard,Addition,51.4675670000,-0.3413580000
118000,1997-11-24 00:00:00Z,TW7 7PA,Semi-Detached,Established,Freehold,21,,HALL ROAD,ISLEWORTH,ISLEWORTH,HOUNSLOW,GREATER LONDON,Standard,Addition,51.4642240000,-0.3478420000
73000,1997-08-07 00:00:00Z,TW7 7PP,Terraced,Established,Freehold,11,,HARVESTERS CLOSE,ISLEWORTH,ISLEWORTH,HOUNSLOW,GREATER LONDON,Standard,Addition,51.4616460000,-0.3473880000
77500,1997-04-28 00:00:00Z,TW3 2PA,Semi-Detached,Established,Freehold,21,,HELDMANN CLOSE,HOUNSLOW,HOUNSLOW,HOUNSLOW,GREATER LONDON,Standard,Addition,51.4662350000,-0.3475970000
114300,1997-02-03 00:00:00Z,TW7 6JZ,Semi-Detached,Established,Freehold,130,,WOODLANDS ROAD,ISLEWORTH,ISLEWORTH,HOUNSLOW,GREATER LONDON,Standard,Addition,51.4698860000,-0.3457160000
134000,1997-12-18 00:00:00Z,TW7 6LB,Semi-Detached,Established,Freehold,104,,SUSSEX AVENUE,ISLEWORTH,ISLEWORTH,HOUNSLOW,GREATER LONDON,Standard,Addition,51.4683080000,-0.3428860000
72750,1997-07-02 00:00:00Z,TW7 7PW,Terraced,Established,Freehold,11,,BRACKEN END,ISLEWORTH,ISLEWORTH,HOUNSLOW,GREATER LONDON,Standard,Addition,51.4617810000,-0.3480460000
54000,1997-07-31 00:00:00Z,TW7 7PP,Terraced,Established,Freehold,46,,HARVESTERS CLOSE,ISLEWORTH,ISLEWORTH,HOUNSLOW,GREATER LONDON,Standard,Addition,51.4616460000,-0.3473880000
65950,1997-08-28 00:00:00Z,TW7 6EJ,Semi-Detached,New Build,Freehold,21,,CHRISTABEL CLOSE,ISLEWORTH,ISLEWORTH,HOUNSLOW,GREATER LONDON,Standard,Addition,51.4674900000,-0.3403100000
124000,1997-08-18 00:00:00Z,TW7 6HP,Semi-Detached,Established,Freehold,27,,RIVERSIDE WALK,ISLEWORTH,ISLEWORTH,HOUNSLOW,GREATER LONDON,Standard,Addition,51.4690030000,-0.3404850000
96000,1997-10-10 00:00:00Z,TW7 7PR,Semi-Detached,Established,Freehold,32,,HEATHER CLOSE,ISLEWORTH,ISLEWORTH,HOUNSLOW,GREATER LONDON,Standard,Addition,51.4612460000,-0.3483820000
86000,1997-09-30 00:00:00Z,TW7 6EX,Semi-Detached,Established,Freehold,38,,FARNELL ROAD,ISLEWORTH,ISLEWORTH,HOUNSLOW,GREATER LONDON,Standard,Addition,51.4670890000,-0.3463570000
94000,1997-10-10 00:00:00Z,TW3 2PU,Terraced,Established,Freehold,185,,ELLERDINE ROAD,HOUNSLOW,HOUNSLOW,HOUNSLOW,GREATER LONDON,Standard,Addition,51.4625140000,-0.3496890000
65950,1997-06-30 00:00:00Z,TW7 6EJ,Semi-Detached,New Build,Freehold,20,,CHRISTABEL CLOSE,ISLEWORTH,ISLEWORTH,HOUNSLOW,GREATER LONDON,Standard,Addition,51.4674900000,-0.3403100000
57500,1997-09-05 00:00:00Z,TW7 7PP,Flats/Maisonettes,Established,Freehold,45,,HARVESTERS CLOSE,ISLEWORTH,ISLEWORTH,HOUNSLOW,GREATER LONDON,Standard,Addition,51.4616460000,-0.3473880000
108500,1997-01-06 00:00:00Z,TW7 6LX,Semi-Detached,Established,Freehold,141,,WOODLAND GARDENS,ISLEWORTH,ISLEWORTH,HOUNSLOW,GREATER LONDON,Standard,Addition,51.4693740000,-0.3432220000
100000,1997-12-17 00:00:00Z,TW7 7PA,Semi-Detached,Established,Freehold,15,,HALL ROAD,ISLEWORTH,ISLEWORTH,HOUNSLOW,GREATER LONDON,Standard,Addition,51.4642240000,-0.3478420000
77000,1997-05-30 00:00:00Z,TW7 7PS,Terraced,Established,Freehold,56,,HARVESTERS CLOSE,ISLEWORTH,ISLEWORTH,HOUNSLOW,GREATER LONDON,Standard,Addition,51.4608250000,-0.3478640000
73000,1997-12-19 00:00:00Z,TW3 2PA,Semi-Detached,Established,Freehold,31,,HELDMANN CLOSE,HOUNSLOW,HOUNSLOW,HOUNSLOW,GREATER LONDON,Standard,Addition,51.4662350000,-0.3475970000
38500,1997-04-30 00:00:00Z,TW3 2PF,Semi-Detached,Established,Freehold,75,,CHATSWORTH CRESCENT,,HOUNSLOW,HOUNSLOW,GREATER LONDON,Standard,Addition,51.4663530000,-0.3496370000
99000,1997-05-15 00:00:00Z,TW3 2NU,Semi-Detached,Established,Freehold,205,,HEATH ROAD,,HOUNSLOW,HOUNSLOW,GREATER LONDON,Standard,Addition,51.4652610000,-0.3486830000
119000,1997-11-14 00:00:00Z,TW7 6HL,Terraced,Established,Freehold,53,,WORTON ROAD,ISLEWORTH,ISLEWORTH,HOUNSLOW,GREATER LONDON,Standard,Addition,51.4666800000,-0.3428010000
102500,1997-05-28 00:00:00Z,TW7 7PB,Terraced,Established,Freehold,73,,HALL ROAD,ISLEWORTH,ISLEWORTH,HOUNSLOW,GREATER LONDON,Standard,Addition,51.4621220000,-0.3486380000
57500,1997-05-30 00:00:00Z,TW7 7PR,Semi-Detached,Established,Freehold,12,,HEATHER CLOSE,ISLEWORTH,ISLEWORTH,HOUNSLOW,GREATER LONDON,Standard,Addition,51.4612460000,-0.3483820000
114000,1997-05-06 00:00:00Z,TW7 6LB,Terraced,Established,Freehold,54,,SUSSEX AVENUE,ISLEWORTH,ISLEWORTH,HOUNSLOW,GREATER LONDON,Standard,Addition,51.4683080000,-0.3428860000
72000,1997-07-30 00:00:00Z,TW7 6HG,Flats/Maisonettes,Established,Leasehold,82,,WORTON ROAD,ISLEWORTH,ISLEWORTH,HOUNSLOW,GREATER LONDON,Standard,Addition,51.4670920000,-0.3433480000
91000,1997-04-25 00:00:00Z,TW7 6LR,Semi-Detached,Established,Freehold,130,,WOODLAND GARDENS,ISLEWORTH,ISLEWORTH,HOUNSLOW,GREATER LONDON,Standard,Addition,51.4693330000,-0.3409200000
95000,1997-12-12 00:00:00Z,TW7 6EY,Semi-Detached,Established,Freehold,31,,ELMER GARDENS,ISLEWORTH,ISLEWORTH,HOUNSLOW,GREATER LONDON,Standard,Addition,51.4680880000,-0.3483360000
92000,1997-02-28 00:00:00Z,TW7 6LA,Semi-Detached,Established,Freehold,38,,SUSSEX AVENUE,ISLEWORTH,ISLEWORTH,HOUNSLOW,GREATER LONDON,Standard,Addition,51.4689580000,-0.3449650000
98500,1997-06-30 00:00:00Z,TW7 7PB,Terraced,Established,Freehold,75,,HALL ROAD,ISLEWORTH,ISLEWORTH,HOUNSLOW,GREATER LONDON,Standard,Addition,51.4621220000,-0.3486380000
57950,1997-08-01 00:00:00Z,TW7 6NE,Semi-Detached,Established,Leasehold,"DOUGLAS BADER HOUSE, 9",14,GIBSON CLOSE,ISLEWORTH,ISLEWORTH,HOUNSLOW,GREATER LONDON,Standard,Addition,51.4684800000,-0.3467380000
52000,1997-02-28 00:00:00Z,TW7 7PR,Terraced,Established,Freehold,37,,HEATHER CLOSE,ISLEWORTH,ISLEWORTH,HOUNSLOW,GREATER LONDON,Standard,Addition,51.4612460000,-0.3483820000
85000,1997-01-24 00:00:00Z,TW3 2PX,Semi-Detached,Established,Freehold,214,,ELLERDINE ROAD,HOUNSLOW,HOUNSLOW,HOUNSLOW,GREATER LONDON,Standard,Addition,51.4621860000,-0.3493550000
57500,1997-10-03 00:00:00Z,TW7 7PS,Flats/Maisonettes,Established,Leasehold,60,,HARVESTERS CLOSE,ISLEWORTH,ISLEWORTH,HOUNSLOW,GREATER LONDON,Standard,Addition,51.4608250000,-0.3478640000
35450,1997-05-30 00:00:00Z,TW7 6HH,Flats/Maisonettes,Established,Leasehold,9,,OAK LANE,,ISLEWORTH,HOUNSLOW,GREATER LONDON,Standard,Addition,51.4664990000,-0.3408350000
7000,1997-03-19 00:00:00Z,TW7 6LT,Semi-Detached,Established,Freehold,242,,WOODLAND GARDENS,,ISLEWORTH,HOUNSLOW,GREATER LONDON,Standard,Addition,51.4693450000,-0.3443750000
20000,1997-10-31 00:00:00Z,TW7 7PT,Terraced,Established,Leasehold,6,,GLEN WALK,,ISLEWORTH,HOUNSLOW,GREATER LONDON,Standard,Addition,51.4603500000,-0.3480110000
79000,1997-03-17 00:00:00Z,TW7 6EJ,Terraced,New Build,Freehold,17,,CHRISTABEL CLOSE,ISLEWORTH,ISLEWORTH,HOUNSLOW,GREATER LONDON,Standard,Addition,51.4674900000,-0.3403100000
98000,1997-12-11 00:00:00Z,TW7 7PA,Terraced,Established,Freehold,49,,HALL ROAD,ISLEWORTH,ISLEWORTH,HOUNSLOW,GREATER LONDON,Standard,Addition,51.4642240000,-0.3478420000
157000,1997-10-31 00:00:00Z,TW7 6LS,Semi-Detached,Established,Freehold,186,,WOODLAND GARDENS,ISLEWORTH,ISLEWORTH,HOUNSLOW,GREATER LONDON,Standard,Addition,51.4688270000,-0.3426510000
105000,1997-06-13 00:00:00Z,TW7 7PB,Terraced,Established,Freehold,97,,HALL ROAD,ISLEWORTH,ISLEWORTH,HOUNSLOW,GREATER LONDON,Standard,Addition,51.4621220000,-0.3486380000
149000,1998-09-01 00:00:00Z,TW7 6LU,Semi-Detached,Established,Freehold,127,,WOODLAND GARDENS,ISLEWORTH,ISLEWORTH,HOUNSLOW,GREATER LONDON,Standard,Addition,51.4694750000,-0.3414470000
87000,1998-06-10 00:00:00Z,TW7 7PB,Semi-Detached,Established,Freehold,79,,HALL ROAD,ISLEWORTH,ISLEWORTH,HOUNSLOW,GREATER LONDON,Standard,Addition,51.4621220000,-0.3486380000
138500,1998-07-31 00:00:00Z,TW7 6LE,Semi-Detached,Established,Freehold,17,,CLAYTON ROAD,ISLEWORTH,ISLEWORTH,HOUNSLOW,GREATER LONDON,Standard,Addition,51.4673870000,-0.3419690000
65000,1998-10-07 00:00:00Z,TW7 7PR,Flats/Maisonettes,Established,Freehold,4,,HEATHER CLOSE,ISLEWORTH,ISLEWORTH,HOUNSLOW,GREATER LONDON,Standard,Addition,51.4612460000,-0.3483820000
67000,1998-09-04 00:00:00Z,TW7 7PU,Terraced,Established,Freehold,9,,WAINWRIGHT GROVE,ISLEWORTH,ISLEWORTH,HOUNSLOW,GREATER LONDON,Standard,Addition,51.4629340000,-0.3475430000
65000,1998-12-11 00:00:00Z,TW7 7PL,Flats/Maisonettes,Established,Freehold,28,,THATCHERS WAY,ISLEWORTH,ISLEWORTH,HOUNSLOW,GREATER LONDON,Standard,Addition,51.4601880000,-0.3492400000
97000,1998-03-27 00:00:00Z,TW7 6EY,Semi-Detached,Established,Freehold,7,,ELMER GARDENS,ISLEWORTH,ISLEWORTH,HOUNSLOW,GREATER LONDON,Standard,Addition,51.4680880000,-0.3483360000
64500,1998-12-21 00:00:00Z,TW7 7PW,Flats/Maisonettes,Established,Leasehold,8,,BRACKEN END,ISLEWORTH,ISLEWORTH,HOUNSLOW,GREATER LONDON,Standard,Addition,51.4617810000,-0.3480460000
65000,1998-10-07 00:00:00Z,TW7 7PR,Flats/Maisonettes,Established,Leasehold,3,,HEATHER CLOSE,ISLEWORTH,ISLEWORTH,HOUNSLOW,GREATER LONDON,Standard,Addition,51.4612460000,-0.3483820000
68500,1998-09-30 00:00:00Z,TW7 7PU,Terraced,Established,Freehold,20,,WAINWRIGHT GROVE,ISLEWORTH,ISLEWORTH,HOUNSLOW,GREATER LONDON,Standard,Addition,51.4629340000,-0.3475430000
116000,1998-02-06 00:00:00Z,TW7 6EZ,Semi-Detached,Established,Freehold,83,,ELMER GARDENS,ISLEWORTH,ISLEWORTH,HOUNSLOW,GREATER LONDON,Standard,Addition,51.4674160000,-0.3485040000
67500,1998-10-30 00:00:00Z,TW7 7PL,Flats/Maisonettes,Established,Freehold,1,,THATCHERS WAY,ISLEWORTH,ISLEWORTH,HOUNSLOW,GREATER LONDON,Standard,Addition,51.4601880000,-0.3492400000
112000,1998-10-02 00:00:00Z,TW7 6HB,Semi-Detached,Established,Freehold,32,,ELMER GARDENS,ISLEWORTH,ISLEWORTH,HOUNSLOW,GREATER LONDON,Standard,Addition,51.4682840000,-0.3487750000
65500,1998-06-15 00:00:00Z,TW7 7PR,Terraced,Established,Freehold,31,,HEATHER CLOSE,ISLEWORTH,ISLEWORTH,HOUNSLOW,GREATER LONDON,Standard,Addition,51.4612460000,-0.3483820000
59500,1998-02-16 00:00:00Z,TW7 7PS,Terraced,Established,Freehold,68,,HARVESTERS CLOSE,ISLEWORTH,ISLEWORTH,HOUNSLOW,GREATER LONDON,Standard,Addition,51.4608250000,-0.3478640000
90000,1998-06-16 00:00:00Z,TW7 7PP,Terraced,Established,Freehold,2,,HARVESTERS CLOSE,ISLEWORTH,ISLEWORTH,HOUNSLOW,GREATER LONDON,Standard,Addition,51.4616460000,-0.3473880000
99000,1998-05-15 00:00:00Z,TW7 6EZ,Semi-Detached,Established,Freehold,59,,ELMER GARDENS,ISLEWORTH,ISLEWORTH,HOUNSLOW,GREATER LONDON,Standard,Addition,51.4674160000,-0.3485040000
123000,1998-07-31 00:00:00Z,TW7 6LB,Terraced,Established,Freehold,80,,SUSSEX AVENUE,ISLEWORTH,ISLEWORTH,HOUNSLOW,GREATER LONDON,Standard,Addition,51.4683080000,-0.3428860000
111000,1998-06-30 00:00:00Z,TW3 2PX,Semi-Detached,Established,Freehold,136,,ELLERDINE ROAD,HOUNSLOW,HOUNSLOW,HOUNSLOW,GREATER LONDON,Standard,Addition,51.4621860000,-0.3493550000
118000,1998-09-25 00:00:00Z,TW7 6LZ,Semi-Detached,Established,Freehold,22,,GIBSON CLOSE,ISLEWORTH,ISLEWORTH,HOUNSLOW,GREATER LONDON,Standard,Addition,51.4681030000,-0.3455570000
145000,1998-06-12 00:00:00Z,TW7 6LU,Detached,Established,Freehold,123,,WOODLAND GARDENS,ISLEWORTH,ISLEWORTH,HOUNSLOW,GREATER LONDON,Standard,Addition,51.4694750000,-0.3414470000
92500,1998-11-23 00:00:00Z,TW7 7PU,Terraced,Established,Freehold,12,,WAINWRIGHT GROVE,ISLEWORTH,ISLEWORTH,HOUNSLOW,GREATER LONDON,Standard,Addition,51.4629340000,-0.3475430000
89950,1998-03-20 00:00:00Z,TW7 7PP,Terraced,Established,Freehold,26,,HARVESTERS CLOSE,ISLEWORTH,ISLEWORTH,HOUNSLOW,GREATER LONDON,Standard,Addition,51.4616460000,-0.3473880000
31250,1998-09-18 00:00:00Z,TW7 6NE,Flats/Maisonettes,Established,Leasehold,"DOUGLAS BADER HOUSE, 9",6,GIBSON CLOSE,,ISLEWORTH,HOUNSLOW,GREATER LONDON,Standard,Addition,51.4684800000,-0.3467380000
114950,1998-05-08 00:00:00Z,TW7 7PB,Terraced,Established,Freehold,105,,HALL ROAD,ISLEWORTH,ISLEWORTH,HOUNSLOW,GREATER LONDON,Standard,Addition,51.4621220000,-0.3486380000
145000,1998-07-28 00:00:00Z,TW3 2PX,Semi-Detached,Established,Freehold,178,,ELLERDINE ROAD,HOUNSLOW,HOUNSLOW,HOUNSLOW,GREATER LONDON,Standard,Addition,51.4621860000,-0.3493550000
125000,1998-02-06 00:00:00Z,TW7 6LS,Terraced,Established,Freehold,198,,WOODLAND GARDENS,ISLEWORTH,ISLEWORTH,HOUNSLOW,GREATER LONDON,Standard,Addition,51.4688270000,-0.3426510000
65000,1998-12-11 00:00:00Z,TW7 7PL,Flats/Maisonettes,Established,Leasehold,26,,THATCHERS WAY,ISLEWORTH,ISLEWORTH,HOUNSLOW,GREATER LONDON,Standard,Addition,51.4601880000,-0.3492400000
118000,1998-09-25 00:00:00Z,TW7 6EY,Terraced,Established,Freehold,29,,ELMER GARDENS,ISLEWORTH,ISLEWORTH,HOUNSLOW,GREATER LONDON,Standard,Addition,51.4680880000,-0.3483360000
134000,1998-05-08 00:00:00Z,TW7 6HP,Semi-Detached,Established,Freehold,46,,RIVERSIDE WALK,ISLEWORTH,ISLEWORTH,HOUNSLOW,GREATER LONDON,Standard,Addition,51.4690030000,-0.3404850000
75000,1998-05-15 00:00:00Z,TW7 6LE,Terraced,Established,Freehold,9,,CLAYTON ROAD,ISLEWORTH,ISLEWORTH,HOUNSLOW,GREATER LONDON,Standard,Addition,51.4673870000,-0.3419690000
69000,1998-08-10 00:00:00Z,TW7 6HH,Terraced,Established,Freehold,6,,OAK LANE,ISLEWORTH,ISLEWORTH,HOUNSLOW,GREATER LONDON,Standard,Addition,51.4664990000,-0.3408350000
87500,1998-04-08 00:00:00Z,TW7 6HB,Semi-Detached,Established,Freehold,6,,ELMER GARDENS,ISLEWORTH,ISLEWORTH,HOUNSLOW,GREATER LONDON,Standard,Addition,51.4682840000,-0.3487750000
31500,1998-10-02 00:00:00Z,TW7 6NE,Flats/Maisonettes,Established,Leasehold,"DOUGLAS BADER HOUSE, 9",9,GIBSON CLOSE,,ISLEWORTH,HOUNSLOW,GREATER LONDON,Standard,Addition,51.4684800000,-0.3467380000
118000,1998-04-09 00:00:00Z,TW3 2PR,Semi-Detached,Established,Freehold,60,,CATHERINE GARDENS,HOUNSLOW,HOUNSLOW,HOUNSLOW,GREATER LONDON,Standard,Addition,51.4634780000,-0.3498130000
128000,1998-11-30 00:00:00Z,TW7 6LR,Semi-Detached,Established,Freehold,122,,WOODLAND GARDENS,ISLEWORTH,ISLEWORTH,HOUNSLOW,GREATER LONDON,Standard,Addition,51.4693330000,-0.3409200000
135000,1998-06-04 00:00:00Z,TW7 6LU,Semi-Detached,Established,Freehold,97,,WOODLAND GARDENS,ISLEWORTH,ISLEWORTH,HOUNSLOW,GREATER LONDON,Standard,Addition,51.4694750000,-0.3414470000
92500,1998-12-23 00:00:00Z,TW7 6HB,Semi-Detached,Established,Freehold,40,,ELMER GARDENS,ISLEWORTH,ISLEWORTH,HOUNSLOW,GREATER LONDON,Standard,Addition,51.4682840000,-0.3487750000
127000,1999-10-22 00:00:00Z,TW7 7PA,Terraced,Established,Freehold,31,,HALL ROAD,,ISLEWORTH,HOUNSLOW,GREATER LONDON,Standard,Addition,51.4642240000,-0.3478420000
96000,1999-07-23 00:00:00Z,TW7 7PW,Terraced,Established,Freehold,9,,BRACKEN END,,ISLEWORTH,HOUNSLOW,GREATER LONDON,Standard,Addition,51.4617810000,-0.3480460000
126000,1999-09-10 00:00:00Z,TW7 7PB,Terraced,Established,Freehold,103,,HALL ROAD,,ISLEWORTH,HOUNSLOW,GREATER LONDON,Standard,Addition,51.4621220000,-0.3486380000
90000,1999-09-30 00:00:00Z,TW7 7PT,Terraced,Established,Freehold,12,,GLEN WALK,,ISLEWORTH,HOUNSLOW,GREATER LONDON,Standard,Addition,51.4603500000,-0.3480110000
120000,1999-02-26 00:00:00Z,TW7 6LS,Detached,Established,Freehold,190,,WOODLAND GARDENS,,ISLEWORTH,HOUNSLOW,GREATER LONDON,Standard,Addition,51.4688270000,-0.3426510000
66500,1999-01-29 00:00:00Z,TW7 7PJ,Flats/Maisonettes,Established,Leasehold,12,,PLOUGHMANS END,,ISLEWORTH,HOUNSLOW,GREATER LONDON,Standard,Addition,51.4602000000,-0.3488220000
127000,1999-08-27 00:00:00Z,TW7 6EJ,Terraced,Established,Freehold,5,,CHRISTABEL CLOSE,,ISLEWORTH,HOUNSLOW,GREATER LONDON,Standard,Addition,51.4674900000,-0.3403100000
148000,1999-09-09 00:00:00Z,TW3 2NX,Semi-Detached,Established,Freehold,206,,HEATH ROAD,,HOUNSLOW,HOUNSLOW,GREATER LONDON,Standard,Addition,51.4656030000,-0.3480880000
99000,1999-08-16 00:00:00Z,TW7 7PR,Terraced,Established,Freehold,27,,HEATHER CLOSE,,ISLEWORTH,HOUNSLOW,GREATER LONDON,Standard,Addition,51.4612460000,-0.3483820000
69500,1999-03-29 00:00:00Z,TW7 7PT,Terraced,Established,Freehold,12,,GLEN WALK,,ISLEWORTH,HOUNSLOW,GREATER LONDON,Standard,Addition,51.4603500000,-0.3480110000
76000,1999-10-15 00:00:00Z,TW7 7PW,Flats/Maisonettes,Established,Freehold,7,,BRACKEN END,,ISLEWORTH,HOUNSLOW,GREATER LONDON,Standard,Addition,51.4617810000,-0.3480460000
96000,1999-02-12 00:00:00Z,TW7 6LB,Semi-Detached,Established,Freehold,96,,SUSSEX AVENUE,,ISLEWORTH,HOUNSLOW,GREATER LONDON,Standard,Addition,51.4683080000,-0.3428860000
110000,1999-01-29 00:00:00Z,TW7 6LF,Terraced,Established,Freehold,24,,ESSEX AVENUE,,ISLEWORTH,EALING,GREATER LONDON,Standard,Addition,51.4676380000,-0.3431690000
73000,1999-07-14 00:00:00Z,TW7 7PL,Flats/Maisonettes,Established,Leasehold,28,,THATCHERS WAY,,ISLEWORTH,HOUNSLOW,GREATER LONDON,Standard,Addition,51.4601880000,-0.3492400000
123200,1999-06-18 00:00:00Z,TW7 6EY,Semi-Detached,Established,Freehold,23,,ELMER GARDENS,,ISLEWORTH,HOUNSLOW,GREATER LONDON,Standard,Addition,51.4680880000,-0.3483360000
67000,1999-01-20 00:00:00Z,TW7 7PS,Flats/Maisonettes,Established,Leasehold,72,,HARVESTERS CLOSE,,ISLEWORTH,HOUNSLOW,GREATER LONDON,Standard,Addition,51.4608250000,-0.3478640000
116000,1999-11-19 00:00:00Z,TW7 7PT,Terraced,Established,Freehold,8,,GLEN WALK,,ISLEWORTH,HOUNSLOW,GREATER LONDON,Standard,Addition,51.4603500000,-0.3480110000
129000,1999-05-07 00:00:00Z,TW7 7PB,Terraced,Established,Freehold,91,,HALL ROAD,,ISLEWORTH,HOUNSLOW,GREATER LONDON,Standard,Addition,51.4621220000,-0.3486380000
112000,1999-03-23 00:00:00Z,TW7 6LH,Semi-Detached,Established,Freehold,11,,ABINGER GARDENS,,ISLEWORTH,HOUNSLOW,GREATER LONDON,Standard,Addition,51.4678860000,-0.3442110000
130000,1999-10-29 00:00:00Z,TW7 6HA,Terraced,Established,Freehold,102,,ELMER GARDENS,,ISLEWORTH,HOUNSLOW,GREATER LONDON,Standard,Addition,51.4670700000,-0.3488190000
124000,1999-08-13 00:00:00Z,TW7 7PR,Terraced,Established,Freehold,25,,HEATHER CLOSE,,ISLEWORTH,HOUNSLOW,GREATER LONDON,Standard,Addition,51.4612460000,-0.3483820000
154000,1999-12-22 00:00:00Z,TW3 2PF,Semi-Detached,Established,Freehold,73,,CHATSWORTH CRESCENT,,HOUNSLOW,HOUNSLOW,GREATER LONDON,Standard,Addition,51.4663530000,-0.3496370000
69950,1999-01-04 00:00:00Z,TW7 6NE,Flats/Maisonettes,Established,Leasehold,"DOUGLAS BADER HOUSE, 9",15,GIBSON CLOSE,,ISLEWORTH,HOUNSLOW,GREATER LONDON,Standard,Addition,51.4684800000,-0.3467380000
137500,1999-12-17 00:00:00Z,TW3 2NX,Semi-Detached,Established,Freehold,210,,HEATH ROAD,,HOUNSLOW,HOUNSLOW,GREATER LONDON,Standard,Addition,51.4656030000,-0.3480880000
78000,1999-10-13 00:00:00Z,TW7 7PR,Flats/Maisonettes,Established,Leasehold,4,,HEATHER CLOSE,,ISLEWORTH,HOUNSLOW,GREATER LONDON,Standard,Addition,51.4612460000,-0.3483820000
153700,1999-09-03 00:00:00Z,TW7 7PB,Terraced,Established,Freehold,113,,HALL ROAD,,ISLEWORTH,HOUNSLOW,GREATER LONDON,Standard,Addition,51.4621220000,-0.3486380000
65000,1999-08-31 00:00:00Z,TW7 7PL,Flats/Maisonettes,Established,Leasehold,4,,THATCHERS WAY,,ISLEWORTH,HOUNSLOW,GREATER LONDON,Standard,Addition,51.4601880000,-0.3492400000
134000,1999-11-05 00:00:00Z,TW7 6LF,Terraced,Established,Freehold,26,,ESSEX AVENUE,,ISLEWORTH,HOUNSLOW,GREATER LONDON,Standard,Addition,51.4676380000,-0.3431690000
119000,1999-01-29 00:00:00Z,TW7 6LJ,Semi-Detached,Established,Freehold,41,,SUSSEX AVENUE,,ISLEWORTH,HOUNSLOW,GREATER LONDON,Standard,Addition,51.4687760000,-0.3454030000
220000,1999-12-06 00:00:00Z,TW7 6LS,Semi-Detached,Established,Freehold,166,,WOODLAND GARDENS,,ISLEWORTH,HOUNSLOW,GREATER LONDON,Standard,Addition,51.4688270000,-0.3426510000
139000,1999-08-31 00:00:00Z,TW7 6HP,Terraced,Established,Freehold,30,,RIVERSIDE WALK,,ISLEWORTH,HOUNSLOW,GREATER LONDON,Standard,Addition,51.4690030000,-0.3404850000
124000,1999-09-09 00:00:00Z,TW3 2PX,Semi-Detached,Established,Freehold,218,,ELLERDINE ROAD,,HOUNSLOW,HOUNSLOW,GREATER LONDON,Standard,Addition,51.4621860000,-0.3493550000
70000,1999-11-11 00:00:00Z,TW7 6ER,Terraced,Established,Freehold,WORTON COURT,UNIT 13,WORTON ROAD,,ISLEWORTH,HOUNSLOW,GREATER LONDON,Standard,Addition,51.4651280000,-0.3449740000
164950,1999-11-30 00:00:00Z,TW7 6LS,Semi-Detached,Established,Freehold,178,,WOODLAND GARDENS,,ISLEWORTH,HOUNSLOW,GREATER LONDON,Standard,Addition,51.4688270000,-0.3426510000
97000,1999-10-26 00:00:00Z,TW7 6EJ,Semi-Detached,Established,Freehold,20,,CHRISTABEL CLOSE,,ISLEWORTH,HOUNSLOW,GREATER LONDON,Standard,Addition,51.4674900000,-0.3403100000
69000,1999-05-14 00:00:00Z,TW7 7PL,Flats/Maisonettes,Established,Leasehold,20,,THATCHERS WAY,,ISLEWORTH,HOUNSLOW,GREATER LONDON,Standard,Addition,51.4601880000,-0.3492400000
108000,1999-06-30 00:00:00Z,TW7 7PP,Semi-Detached,Established,Freehold,13,,HARVESTERS CLOSE,,ISLEWORTH,HOUNSLOW,GREATER LONDON,Standard,Addition,51.4616460000,-0.3473880000
64000,1999-07-07 00:00:00Z,TW7 7PS,Flats/Maisonettes,Established,Freehold,72,,HARVESTERS CLOSE,,ISLEWORTH,HOUNSLOW,GREATER LONDON,Standard,Addition,51.4608250000,-0.3478640000
78000,1999-09-08 00:00:00Z,TW7 7PP,Terraced,Established,Freehold,8,,HARVESTERS CLOSE,,ISLEWORTH,HOUNSLOW,GREATER LONDON,Standard,Addition,51.4616460000,-0.3473880000
71000,1999-05-12 00:00:00Z,TW7 7PW,Flats/Maisonettes,Established,Freehold,12,,BRACKEN END,,ISLEWORTH,HOUNSLOW,GREATER LONDON,Standard,Addition,51.4617810000,-0.3480460000
112000,1999-07-28 00:00:00Z,TW7 7PP,Semi-Detached,Established,Freehold,39,,HARVESTERS CLOSE,,ISLEWORTH,HOUNSLOW,GREATER LONDON,Standard,Addition,51.4616460000,-0.3473880000
76000,1999-10-15 00:00:00Z,TW7 7PW,Flats/Maisonettes,Established,Leasehold,5,,BRACKEN END,,ISLEWORTH,HOUNSLOW,GREATER LONDON,Standard,Addition,51.4617810000,-0.3480460000
97500,1999-12-07 00:00:00Z,TW7 7PU,Terraced,Established,Freehold,14,,WAINWRIGHT GROVE,,ISLEWORTH,HOUNSLOW,GREATER LONDON,Standard,Addition,51.4629340000,-0.3475430000
115000,1999-05-25 00:00:00Z,TW3 2PR,Semi-Detached,Established,Freehold,78,,CATHERINE GARDENS,,HOUNSLOW,HOUNSLOW,GREATER LONDON,Standard,Addition,51.4634780000,-0.3498130000
94950,1999-11-05 00:00:00Z,TW7 6HF,Flats/Maisonettes,Established,Leasehold,127,,BRIDGE ROAD,,ISLEWORTH,HOUNSLOW,GREATER LONDON,Standard,Addition,51.4674120000,-0.3443290000
140000,1999-08-11 00:00:00Z,TW3 2PT,Semi-Detached,Established,Freehold,97,,ELLERDINE ROAD,,HOUNSLOW,HOUNSLOW,GREATER LONDON,Standard,Addition,51.4639450000,-0.3490900000
125000,1999-08-24 00:00:00Z,TW7 6EJ,Terraced,Established,Freehold,13,,CHRISTABEL CLOSE,,ISLEWORTH,HOUNSLOW,GREATER LONDON,Standard,Addition,51.4674900000,-0.3403100000
97000,1999-03-31 00:00:00Z,TW7 7PP,Terraced,Established,Freehold,10,,HARVESTERS CLOSE,,ISLEWORTH,HOUNSLOW,GREATER LONDON,Standard,Addition,51.4616460000,-0.3473880000
64000,1999-07-07 00:00:00Z,TW7 7PS,Flats/Maisonettes,Established,Leasehold,71,,HARVESTERS CLOSE,,ISLEWORTH,HOUNSLOW,GREATER LONDON,Standard,Addition,51.4608250000,-0.3478640000
128950,1999-04-30 00:00:00Z,TW7 6LQ,Semi-Detached,Established,Freehold,16,,ABINGER GARDENS,,ISLEWORTH,HOUNSLOW,GREATER LONDON,Standard,Addition,51.4679750000,-0.3447550000
69500,1999-04-29 00:00:00Z,TW7 7PP,Terraced,Established,Freehold,14,,HARVESTERS CLOSE,,ISLEWORTH,HOUNSLOW,GREATER LONDON,Standard,Addition,51.4616460000,-0.3473880000
69950,1999-07-09 00:00:00Z,TW7 7PR,Terraced,Established,Freehold,30,,HEATHER CLOSE,,ISLEWORTH,HOUNSLOW,GREATER LONDON,Standard,Addition,51.4612460000,-0.3483820000
57000,1999-03-26 00:00:00Z,TW7 6HH,Flats/Maisonettes,Established,Freehold,8,,OAK LANE,,ISLEWORTH,HOUNSLOW,GREATER LONDON,Standard,Addition,51.4664990000,-0.3408350000
106000,1999-10-15 00:00:00Z,TW7 6EJ,Terraced,Established,Freehold,7,,CHRISTABEL CLOSE,,ISLEWORTH,HOUNSLOW,GREATER LONDON,Standard,Addition,51.4674900000,-0.3403100000
83000,1999-10-22 00:00:00Z,TW7 7PL,Flats/Maisonettes,Established,Leasehold,28,,THATCHERS WAY,,ISLEWORTH,HOUNSLOW,GREATER LONDON,Standard,Addition,51.4601880000,-0.3492400000
117500,1999-08-10 00:00:00Z,TW7 6EJ,Terraced,Established,Freehold,15,,CHRISTABEL CLOSE,,ISLEWORTH,HOUNSLOW,GREATER LONDON,Standard,Addition,51.4674900000,-0.3403100000
120000,1999-05-27 00:00:00Z,TW7 6HG,Terraced,Established,Freehold,100,,WORTON ROAD,,ISLEWORTH,HOUNSLOW,GREATER LONDON,Standard,Addition,51.4670920000,-0.3433480000
107000,1999-10-13 00:00:00Z,TW7 7PP,Terraced,Established,Freehold,43,,HARVESTERS CLOSE,,ISLEWORTH,HOUNSLOW,GREATER LONDON,Standard,Addition,51.4616460000,-0.3473880000
154500,1999-08-27 00:00:00Z,TW7 6LD,Terraced,Established,Freehold,63,,SUSSEX AVENUE,,ISLEWORTH,HOUNSLOW,GREATER LONDON,Standard,Addition,51.4679670000,-0.3428980000
144500,1999-12-13 00:00:00Z,TW3 2PF,Semi-Detached,Established,Freehold,87,,CHATSWORTH CRESCENT,,HOUNSLOW,HOUNSLOW,GREATER LONDON,Standard,Addition,51.4663530000,-0.3496370000
127000,1999-07-23 00:00:00Z,TW3 2PT,Terraced,Established,Freehold,113,,ELLERDINE ROAD,,HOUNSLOW,HOUNSLOW,GREATER LONDON,Standard,Addition,51.4639450000,-0.3490900000
145000,1999-08-16 00:00:00Z,TW7 6HB,Semi-Detached,Established,Freehold,40,,ELMER GARDENS,,ISLEWORTH,HOUNSLOW,GREATER LONDON,Standard,Addition,51.4682840000,-0.3487750000
150000,1999-07-30 00:00:00Z,TW7 6LU,Semi-Detached,Established,Freehold,133,,WOODLAND GARDENS,,ISLEWORTH,HOUNSLOW,GREATER LONDON,Standard,Addition,51.4694750000,-0.3414470000
178000,1999-04-30 00:00:00Z,TW7 6LH,Semi-Detached,Established,Freehold,5,,ABINGER GARDENS,,ISLEWORTH,HOUNSLOW,GREATER LONDON,Standard,Addition,51.4678860000,-0.3442110000
89950,1999-08-23 00:00:00Z,TW7 6HG,Flats/Maisonettes,Established,Leasehold,76,,WORTON ROAD,,ISLEWORTH,HOUNSLOW,GREATER LONDON,Standard,Addition,51.4670920000,-0.3433480000
120000,1999-04-30 00:00:00Z,TW7 6EZ,Semi-Detached,Established,Freehold,73,,ELMER GARDENS,,ISLEWORTH,HOUNSLOW,GREATER LONDON,Standard,Addition,51.4674160000,-0.3485040000
142000,1999-04-28 00:00:00Z,TW3 2PD,Semi-Detached,Established,Freehold,98,,CHATSWORTH CRESCENT,,HOUNSLOW,HOUNSLOW,GREATER LONDON,Standard,Addition,51.4667670000,-0.3496220000
130000,1999-04-08 00:00:00Z,TW7 6HP,Semi-Detached,Established,Freehold,33,,RIVERSIDE WALK,,ISLEWORTH,HOUNSLOW,GREATER LONDON,Standard,Addition,51.4690030000,-0.3404850000
100000,1999-03-26 00:00:00Z,TW7 7PT,Terraced,Established,Freehold,16,,GLEN WALK,,ISLEWORTH,HOUNSLOW,GREATER LONDON,Standard,Addition,51.4603500000,-0.3480110000
72950,1999-03-22 00:00:00Z,TW7 7PT,Terraced,Established,Freehold,20,,GLEN WALK,,ISLEWORTH,HOUNSLOW,GREATER LONDON,Standard,Addition,51.4603500000,-0.3480110000
156500,1999-12-08 00:00:00Z,TW7 6LJ,Terraced,Established,Freehold,7,,SUSSEX AVENUE,,ISLEWORTH,HOUNSLOW,GREATER LONDON,Standard,Addition,51.4687760000,-0.3454030000
137000,1999-12-10 00:00:00Z,TW7 6LF,Semi-Detached,Established,Freehold,38,,ESSEX AVENUE,,ISLEWORTH,HOUNSLOW,GREATER LONDON,Standard,Addition,51.4676380000,-0.3431690000
115000,1999-01-21 00:00:00Z,TW3 2PF,Semi-Detached,Established,Freehold,77,,CHATSWORTH CRESCENT,,HOUNSLOW,HOUNSLOW,GREATER LONDON,Standard,Addition,51.4663530000,-0.3496370000
148000,1999-11-02 00:00:00Z,TW7 6LJ,Semi-Detached,Established,Freehold,5,,SUSSEX AVENUE,,ISLEWORTH,HOUNSLOW,GREATER LONDON,Standard,Addition,51.4687760000,-0.3454030000
125000,1999-08-02 00:00:00Z,TW3 2PU,Semi-Detached,Established,Freehold,143,,ELLERDINE ROAD,,HOUNSLOW,HOUNSLOW,GREATER LONDON,Standard,Addition,51.4625140000,-0.3496890000
136000,1999-11-01 00:00:00Z,TW7 6EY,Semi-Detached,Established,Freehold,3,,ELMER GARDENS,,ISLEWORTH,HOUNSLOW,GREATER LONDON,Standard,Addition,51.4680880000,-0.3483360000
134950,1999-09-22 00:00:00Z,TW7 6HB,Semi-Detached,Established,Freehold,64,,ELMER GARDENS,,ISLEWORTH,HOUNSLOW,GREATER LONDON,Standard,Addition,51.4682840000,-0.3487750000
97000,1999-07-28 00:00:00Z,TW7 7PP,Terraced,Established,Freehold,11,,HARVESTERS CLOSE,,ISLEWORTH,HOUNSLOW,GREATER LONDON,Standard,Addition,51.4616460000,-0.3473880000
144000,1999-04-30 00:00:00Z,TW7 6LS,Semi-Detached,Established,Freehold,202,,WOODLAND GARDENS,,ISLEWORTH,HOUNSLOW,GREATER LONDON,Standard,Addition,51.4688270000,-0.3426510000
149000,1999-05-13 00:00:00Z,TW7 6LT,Semi-Detached,Established,Freehold,234,,WOODLAND GARDENS,,ISLEWORTH,HOUNSLOW,GREATER LONDON,Standard,Addition,51.4693450000,-0.3443750000
124950,1999-10-20 00:00:00Z,TW7 6LZ,Semi-Detached,Established,Freehold,20,,GIBSON CLOSE,,ISLEWORTH,HOUNSLOW,GREATER LONDON,Standard,Addition,51.4681030000,-0.3455570000
200000,1999-11-11 00:00:00Z,TW7 6ER,Semi-Detached,Established,Freehold,WORTON COURT,UNIT 14,WORTON ROAD,,ISLEWORTH,HOUNSLOW,GREATER LONDON,Standard,Addition,51.4651280000,-0.3449740000
119000,1999-01-08 00:00:00Z,TW3 2PT,Terraced,Established,Freehold,101,,ELLERDINE ROAD,,HOUNSLOW,HOUNSLOW,GREATER LONDON,Standard,Addition,51.4639450000,-0.3490900000
115000,1999-01-20 00:00:00Z,TW3 2PF,Semi-Detached,Established,Freehold,67,,CHATSWORTH CRESCENT,,HOUNSLOW,HOUNSLOW,GREATER LONDON,Standard,Addition,51.4663530000,-0.3496370000
123000,1999-11-17 00:00:00Z,TW7 6HB,Terraced,Established,Freehold,28,,ELMER GARDENS,,ISLEWORTH,HOUNSLOW,GREATER LONDON,Standard,Addition,51.4682840000,-0.3487750000
107500,1999-03-31 00:00:00Z,TW3 2PT,Semi-Detached,Established,Freehold,109,,ELLERDINE ROAD,,HOUNSLOW,HOUNSLOW,GREATER LONDON,Standard,Addition,51.4639450000,-0.3490900000
145000,1999-06-18 00:00:00Z,TW7 7PB,Semi-Detached,Established,Freehold,79,,HALL ROAD,,ISLEWORTH,HOUNSLOW,GREATER LONDON,Standard,Addition,51.4621220000,-0.3486380000
34500,1999-05-14 00:00:00Z,TW7 6NE,Flats/Maisonettes,Established,Leasehold,"DOUGLAS BADER HOUSE, 9",21,GIBSON CLOSE,,ISLEWORTH,HOUNSLOW,GREATER LONDON,Standard,Addition,51.4684800000,-0.3467380000
146000,1999-06-11 00:00:00Z,TW7 6LS,Semi-Detached,Established,Freehold,170,,WOODLAND GARDENS,,ISLEWORTH,HOUNSLOW,GREATER LONDON,Standard,Addition,51.4688270000,-0.3426510000
71000,1999-05-12 00:00:00Z,TW7 7PW,Flats/Maisonettes,Established,Leasehold,10,,BRACKEN END,,ISLEWORTH,HOUNSLOW,GREATER LONDON,Standard,Addition,51.4617810000,-0.3480460000
99950,1999-08-31 00:00:00Z,TW7 6EJ,Terraced,Established,Freehold,6,,CHRISTABEL CLOSE,,ISLEWORTH,HOUNSLOW,GREATER LONDON,Standard,Addition,51.4674900000,-0.3403100000
59000,1999-08-06 00:00:00Z,TW7 6HL,Terraced,Established,Freehold,69,,WORTON ROAD,,ISLEWORTH,HOUNSLOW,GREATER LONDON,Standard,Addition,51.4666800000,-0.3428010000
123700,1999-10-11 00:00:00Z,TW3 2PX,Terraced,Established,Freehold,202,,ELLERDINE ROAD,,HOUNSLOW,HOUNSLOW,GREATER LONDON,Standard,Addition,51.4621860000,-0.3493550000
62000,2000-11-24 00:00:00Z,TW7 7PT,Terraced,Established,Leasehold,6,,GLEN WALK,,ISLEWORTH,HOUNSLOW,GREATER LONDON,Standard,Addition,51.4603500000,-0.3480110000
138000,2000-03-08 00:00:00Z,TW7 6HE,Semi-Detached,Established,Freehold,106,,BRIDGE ROAD,,ISLEWORTH,HOUNSLOW,GREATER LONDON,Standard,Addition,51.4675950000,-0.3458630000
94000,2000-04-07 00:00:00Z,TW7 7PT,Semi-Detached,Established,Freehold,2,,GLEN WALK,,ISLEWORTH,HOUNSLOW,GREATER LONDON,Standard,Addition,51.4603500000,-0.3480110000
80000,2000-05-05 00:00:00Z,TW3 2PX,Semi-Detached,Established,Freehold,132,,ELLERDINE ROAD,,HOUNSLOW,HOUNSLOW,GREATER LONDON,Standard,Addition,51.4621860000,-0.3493550000
92000,2000-06-23 00:00:00Z,TW7 7PR,Flats/Maisonettes,Established,Leasehold,18,,HEATHER CLOSE,,ISLEWORTH,HOUNSLOW,GREATER LONDON,Standard,Addition,51.4612460000,-0.3483820000
156000,2000-06-02 00:00:00Z,TW3 2PX,Semi-Detached,Established,Freehold,166,,ELLERDINE ROAD,,HOUNSLOW,HOUNSLOW,GREATER LONDON,Standard,Addition,51.4621860000,-0.3493550000
104950,2000-01-21 00:00:00Z,TW7 6EJ,Terraced,Established,Freehold,2,,CHRISTABEL CLOSE,,ISLEWORTH,HOUNSLOW,GREATER LONDON,Standard,Addition,51.4674900000,-0.3403100000
87000,2000-08-14 00:00:00Z,TW7 6EZ,Semi-Detached,Established,Freehold,83,,ELMER GARDENS,,ISLEWORTH,HOUNSLOW,GREATER LONDON,Standard,Addition,51.4674160000,-0.3485040000
150000,2000-08-04 00:00:00Z,TW7 6HB,Semi-Detached,Established,Freehold,56,,ELMER GARDENS,,ISLEWORTH,HOUNSLOW,GREATER LONDON,Standard,Addition,51.4682840000,-0.3487750000
135000,2000-01-14 00:00:00Z,TW7 6LA,Semi-Detached,Established,Freehold,14,,SUSSEX AVENUE,,ISLEWORTH,HOUNSLOW,GREATER LONDON,Standard,Addition,51.4689580000,-0.3449650000
100000,2000-03-14 00:00:00Z,TW3 2PU,Semi-Detached,Established,Freehold,133,,ELLERDINE ROAD,,HOUNSLOW,HOUNSLOW,GREATER LONDON,Standard,Addition,51.4625140000,-0.3496890000
96000,2000-03-20 00:00:00Z,TW7 7PU,Semi-Detached,Established,Freehold,7,,WAINWRIGHT GROVE,,ISLEWORTH,HOUNSLOW,GREATER LONDON,Standard,Addition,51.4629340000,-0.3475430000
98000,2000-08-31 00:00:00Z,TW7 7PP,Flats/Maisonettes,Established,Leasehold,33,,HARVESTERS CLOSE,,ISLEWORTH,HOUNSLOW,GREATER LONDON,Standard,Addition,51.4616460000,-0.3473880000
40000,2000-07-20 00:00:00Z,TW7 6NE,Flats/Maisonettes,Established,Leasehold,"DOUGLAS BADER HOUSE, 9",3,GIBSON CLOSE,,ISLEWORTH,HOUNSLOW,GREATER LONDON,Standard,Addition,51.4684800000,-0.3467380000
145500,2000-01-14 00:00:00Z,TW3 2PX,Terraced,Established,Freehold,200,,ELLERDINE ROAD,,HOUNSLOW,HOUNSLOW,GREATER LONDON,Standard,Addition,51.4621860000,-0.3493550000
107000,2000-09-29 00:00:00Z,TW7 7PS,Terraced,Established,Freehold,68,,HARVESTERS CLOSE,,ISLEWORTH,HOUNSLOW,GREATER LONDON,Standard,Addition,51.4608250000,-0.3478640000
135000,2000-05-19 00:00:00Z,TW3 2PS,Semi-Detached,Established,Freehold,78,,ELLERDINE ROAD,,HOUNSLOW,HOUNSLOW,GREATER LONDON,Standard,Addition,51.4643230000,-0.3484870000
135000,2000-04-28 00:00:00Z,TW3 2PU,Terraced,Established,Freehold,159,,ELLERDINE ROAD,,HOUNSLOW,HOUNSLOW,GREATER LONDON,Standard,Addition,51.4625140000,-0.3496890000
127500,2000-05-10 00:00:00Z,TW7 7PP,Terraced,Established,Freehold,10,,HARVESTERS CLOSE,,ISLEWORTH,HOUNSLOW,GREATER LONDON,Standard,Addition,51.4616460000,-0.3473880000
60000,2000-10-26 00:00:00Z,TW7 6NE,Flats/Maisonettes,Established,Leasehold,"DOUGLAS BADER HOUSE, 9",17,GIBSON CLOSE,,ISLEWORTH,HOUNSLOW,GREATER LONDON,Standard,Addition,51.4684800000,-0.3467380000
222000,2000-04-28 00:00:00Z,TW7 6LT,Semi-Detached,Established,Freehold,242,,WOODLAND GARDENS,,ISLEWORTH,HOUNSLOW,GREATER LONDON,Standard,Addition,51.4693450000,-0.3443750000
90000,2000-09-22 00:00:00Z,TW7 6LH,Semi-Detached,Established,Freehold,5,,ABINGER GARDENS,,ISLEWORTH,HOUNSLOW,GREATER LONDON,Standard,Addition,51.4678860000,-0.3442110000
185000,2000-03-10 00:00:00Z,TW7 6HP,Semi-Detached,Established,Freehold,35,,RIVERSIDE WALK,,ISLEWORTH,HOUNSLOW,GREATER LONDON,Standard,Addition,51.4690030000,-0.3404850000
122000,2000-12-21 00:00:00Z,TW3 2PX,Terraced,Established,Freehold,208,,ELLERDINE ROAD,,HOUNSLOW,HOUNSLOW,GREATER LONDON,Standard,Addition,51.4621860000,-0.3493550000
88500,2000-07-07 00:00:00Z,TW7 6NE,Flats/Maisonettes,Established,Leasehold,"DOUGLAS BADER HOUSE, 9",11,GIBSON CLOSE,,ISLEWORTH,HOUNSLOW,GREATER LONDON,Standard,Addition,51.4684800000,-0.3467380000
137500,2000-11-22 00:00:00Z,TW3 2PR,Terraced,Established,Freehold,62,,CATHERINE GARDENS,,HOUNSLOW,HOUNSLOW,GREATER LONDON,Standard,Addition,51.4634780000,-0.3498130000
127000,2000-04-20 00:00:00Z,TW7 7PJ,Terraced,Established,Freehold,6,,PLOUGHMANS END,,ISLEWORTH,HOUNSLOW,GREATER LONDON,Standard,Addition,51.4602000000,-0.3488220000
98000,2000-08-31 00:00:00Z,TW7 7PP,Flats/Maisonettes,Established,Freehold,32,,HARVESTERS CLOSE,,ISLEWORTH,HOUNSLOW,GREATER LONDON,Standard,Addition,51.4616460000,-0.3473880000
158000,2000-10-18 00:00:00Z,TW3 2PU,Semi-Detached,Established,Freehold,165,,ELLERDINE ROAD,,HOUNSLOW,HOUNSLOW,GREATER LONDON,Standard,Addition,51.4625140000,-0.3496890000
133000,2000-08-31 00:00:00Z,TW7 7PU,Terraced,Established,Freehold,16,,WAINWRIGHT GROVE,,ISLEWORTH,HOUNSLOW,GREATER LONDON,Standard,Addition,51.4629340000,-0.3475430000
165000,2000-08-04 00:00:00Z,TW7 7PB,Semi-Detached,Established,Freehold,85,,HALL ROAD,,ISLEWORTH,HOUNSLOW,GREATER LONDON,Standard,Addition,51.4621220000,-0.3486380000
185000,2000-09-14 00:00:00Z,TW7 7PB,Terraced,Established,Freehold,117,,HALL ROAD,,ISLEWORTH,HOUNSLOW,GREATER LONDON,Standard,Addition,51.4621220000,-0.3486380000
175000,2000-05-19 00:00:00Z,TW7 6HJ,Semi-Detached,Established,Freehold,9,,WORTON ROAD,,ISLEWORTH,HOUNSLOW,GREATER LONDON,Standard,Addition,51.4664900000,-0.3453130000
96250,2000-08-07 00:00:00Z,TW7 7PP,Semi-Detached,Established,Freehold,7,,HARVESTERS CLOSE,,ISLEWORTH,HOUNSLOW,GREATER LONDON,Standard,Addition,51.4616460000,-0.3473880000
190000,2000-12-18 00:00:00Z,TW7 6HP,Terraced,Established,Freehold,43,,RIVERSIDE WALK,,ISLEWORTH,HOUNSLOW,GREATER LONDON,Standard,Addition,51.4690030000,-0.3404850000
174950,2000-08-09 00:00:00Z,TW7 7PA,Semi-Detached,Established,Freehold,11,,HALL ROAD,,ISLEWORTH,HOUNSLOW,GREATER LONDON,Standard,Addition,51.4642240000,-0.3478420000
160000,2000-09-15 00:00:00Z,TW7 6HB,Semi-Detached,Established,Freehold,48,,ELMER GARDENS,,ISLEWORTH,HOUNSLOW,GREATER LONDON,Standard,Addition,51.4682840000,-0.3487750000
150000,2000-06-02 00:00:00Z,TW3 2PU,Terraced,Established,Freehold,155,,ELLERDINE ROAD,,HOUNSLOW,HOUNSLOW,GREATER LONDON,Standard,Addition,51.4625140000,-0.3496890000
155000,2000-02-21 00:00:00Z,TW7 6LS,Semi-Detached,Established,Freehold,164,,WOODLAND GARDENS,,ISLEWORTH,HOUNSLOW,GREATER LONDON,Standard,Addition,51.4688270000,-0.3426510000
149950,2000-01-19 00:00:00Z,TW7 6LA,Semi-Detached,Established,Freehold,18,,SUSSEX AVENUE,,ISLEWORTH,HOUNSLOW,GREATER LONDON,Standard,Addition,51.4689580000,-0.3449650000
84950,2000-03-10 00:00:00Z,TW7 6HG,Flats/Maisonettes,Established,Leasehold,74,,WORTON ROAD,,ISLEWORTH,HOUNSLOW,GREATER LONDON,Standard,Addition,51.4670920000,-0.3433480000
169950,2000-09-22 00:00:00Z,TW3 2PS,Semi-Detached,Established,Freehold,104,,ELLERDINE ROAD,,HOUNSLOW,HOUNSLOW,GREATER LONDON,Standard,Addition,51.4643230000,-0.3484870000
117000,2000-01-07 00:00:00Z,TW7 7PJ,Terraced,Established,Freehold,17,,PLOUGHMANS END,,ISLEWORTH,HOUNSLOW,GREATER LONDON,Standard,Addition,51.4602000000,-0.3488220000
160000,2000-02-29 00:00:00Z,TW7 6HR,Semi-Detached,Established,Freehold,56,,RIVERSIDE WALK,,ISLEWORTH,HOUNSLOW,GREATER LONDON,Standard,Addition,51.4675670000,-0.3413580000
93500,2000-05-16 00:00:00Z,TW7 7PU,Terraced,Established,Freehold,19,,WAINWRIGHT GROVE,,ISLEWORTH,HOUNSLOW,GREATER LONDON,Standard,Addition,51.4629340000,-0.3475430000
84000,2000-01-14 00:00:00Z,TW7 7PJ,Flats/Maisonettes,Established,Leasehold,13,,PLOUGHMANS END,,ISLEWORTH,HOUNSLOW,GREATER LONDON,Standard,Addition,51.4602000000,-0.3488220000
160000,2000-09-01 00:00:00Z,TW7 7PP,Semi-Detached,Established,Freehold,38,,HARVESTERS CLOSE,,ISLEWORTH,HOUNSLOW,GREATER LONDON,Standard,Addition,51.4616460000,-0.3473880000
138000,2000-05-19 00:00:00Z,TW7 6HA,Semi-Detached,Established,Freehold,132,,ELMER GARDENS,,ISLEWORTH,HOUNSLOW,GREATER LONDON,Standard,Addition,51.4670700000,-0.3488190000
170000,2000-09-29 00:00:00Z,TW7 6HR,Semi-Detached,Established,Freehold,51,,RIVERSIDE WALK,,ISLEWORTH,HOUNSLOW,GREATER LONDON,Standard,Addition,51.4675670000,-0.3413580000
145000,2000-06-22 00:00:00Z,TW3 2PS,Terraced,Established,Freehold,110,,ELLERDINE ROAD,,HOUNSLOW,HOUNSLOW,GREATER LONDON,Standard,Addition,51.4643230000,-0.3484870000
135000,2000-11-06 00:00:00Z,TW3 2PS,Semi-Detached,Established,Freehold,114,,ELLERDINE ROAD,,HOUNSLOW,HOUNSLOW,GREATER LONDON,Standard,Addition,51.4643230000,-0.3484870000
173000,2000-11-06 00:00:00Z,TW7 6EY,Semi-Detached,Established,Freehold,35,,ELMER GARDENS,,ISLEWORTH,HOUNSLOW,GREATER LONDON,Standard,Addition,51.4680880000,-0.3483360000
130000,2000-05-15 00:00:00Z,TW7 6HH,Terraced,Established,Freehold,1,,OAK LANE,,ISLEWORTH,HOUNSLOW,GREATER LONDON,Standard,Addition,51.4664990000,-0.3408350000
183000,2000-10-20 00:00:00Z,TW7 6LA,Semi-Detached,Established,Freehold,44,,SUSSEX AVENUE,,ISLEWORTH,HOUNSLOW,GREATER LONDON,Standard,Addition,51.4689580000,-0.3449650000
143000,2000-10-26 00:00:00Z,TW7 7PJ,Semi-Detached,Established,Freehold,4,,PLOUGHMANS END,,ISLEWORTH,HOUNSLOW,GREATER LONDON,Standard,Addition,51.4602000000,-0.3488220000
103650,2001-04-29 00:00:00Z,TW7 7PL,Semi-Detached,Established,Leasehold,19,,THATCHERS WAY,ISLEWORTH,ISLEWORTH,HOUNSLOW,GREATER LONDON,Standard,Addition,51.4601880000,-0.3492400000
127000,2001-03-30 00:00:00Z,TW7 7PL,Terraced,Established,Freehold,16,,THATCHERS WAY,ISLEWORTH,ISLEWORTH,HOUNSLOW,GREATER LONDON,Standard,Addition,51.4601880000,-0.3492400000
215000,2001-11-29 00:00:00Z,TW7 6HA,Terraced,Established,Freehold,82,,ELMER GARDENS,ISLEWORTH,ISLEWORTH,HOUNSLOW,GREATER LONDON,Standard,Addition,51.4670700000,-0.3488190000
186000,2001-10-03 00:00:00Z,TW3 2PD,Semi-Detached,Established,Freehold,106,,CHATSWORTH CRESCENT,HOUNSLOW,HOUNSLOW,HOUNSLOW,GREATER LONDON,Standard,Addition,51.4667670000,-0.3496220000
170000,2001-04-04 00:00:00Z,TW7 6EY,Terraced,Established,Freehold,5,,ELMER GARDENS,ISLEWORTH,ISLEWORTH,HOUNSLOW,GREATER LONDON,Standard,Addition,51.4680880000,-0.3483360000
183000,2001-08-06 00:00:00Z,TW3 2PS,Semi-Detached,Established,Freehold,114,,ELLERDINE ROAD,HOUNSLOW,HOUNSLOW,HOUNSLOW,GREATER LONDON,Standard,Addition,51.4643230000,-0.3484870000
139950,2001-07-02 00:00:00Z,TW3 2PA,Semi-Detached,Established,Freehold,31,,HELDMANN CLOSE,HOUNSLOW,HOUNSLOW,HOUNSLOW,GREATER LONDON,Standard,Addition,51.4662350000,-0.3475970000
89000,2001-02-23 00:00:00Z,TW7 7PS,Terraced,Established,Freehold,58,,HARVESTERS CLOSE,ISLEWORTH,ISLEWORTH,HOUNSLOW,GREATER LONDON,Standard,Addition,51.4608250000,-0.3478640000
167000,2001-08-23 00:00:00Z,TW7 6HB,Terraced,Established,Freehold,62,,ELMER GARDENS,ISLEWORTH,ISLEWORTH,HOUNSLOW,GREATER LONDON,Standard,Addition,51.4682840000,-0.3487750000
218500,2001-09-12 00:00:00Z,TW7 6LR,Semi-Detached,Established,Freehold,128,,WOODLAND GARDENS,ISLEWORTH,ISLEWORTH,HOUNSLOW,GREATER LONDON,Standard,Addition,51.4693330000,-0.3409200000
180000,2001-08-15 00:00:00Z,TW7 6LD,Semi-Detached,Established,Freehold,65,,SUSSEX AVENUE,ISLEWORTH,ISLEWORTH,HOUNSLOW,GREATER LONDON,Standard,Addition,51.4679670000,-0.3428980000
169950,2001-08-03 00:00:00Z,TW7 6HA,Semi-Detached,Established,Freehold,128,,ELMER GARDENS,ISLEWORTH,ISLEWORTH,HOUNSLOW,GREATER LONDON,Standard,Addition,51.4670700000,-0.3488190000
146500,2001-04-04 00:00:00Z,TW7 7PJ,Semi-Detached,Established,Freehold,19,,PLOUGHMANS END,ISLEWORTH,ISLEWORTH,HOUNSLOW,GREATER LONDON,Standard,Addition,51.4602000000,-0.3488220000
195000,2001-04-27 00:00:00Z,TW7 7PB,Semi-Detached,Established,Freehold,107,,HALL ROAD,ISLEWORTH,ISLEWORTH,HOUNSLOW,GREATER LONDON,Standard,Addition,51.4621220000,-0.3486380000
115000,2001-07-25 00:00:00Z,TW7 7PS,Flats/Maisonettes,Established,Freehold,60,,HARVESTERS CLOSE,ISLEWORTH,ISLEWORTH,HOUNSLOW,GREATER LONDON,Standard,Addition,51.4608250000,-0.3478640000
216500,2001-08-03 00:00:00Z,TW7 6LD,Semi-Detached,Established,Freehold,95,,SUSSEX AVENUE,ISLEWORTH,ISLEWORTH,HOUNSLOW,GREATER LONDON,Standard,Addition,51.4679670000,-0.3428980000
130000,2001-05-11 00:00:00Z,TW7 7PP,Terraced,Established,Freehold,43,,HARVESTERS CLOSE,ISLEWORTH,ISLEWORTH,HOUNSLOW,GREATER LONDON,Standard,Addition,51.4616460000,-0.3473880000
170000,2001-09-07 00:00:00Z,TW7 6HL,Terraced,Established,Freehold,27,,WORTON ROAD,ISLEWORTH,ISLEWORTH,HOUNSLOW,GREATER LONDON,Standard,Addition,51.4666800000,-0.3428010000
140000,2001-07-13 00:00:00Z,TW7 7PT,Terraced,Established,Freehold,8,,GLEN WALK,ISLEWORTH,ISLEWORTH,HOUNSLOW,GREATER LONDON,Standard,Addition,51.4603500000,-0.3480110000
145000,2001-07-10 00:00:00Z,TW3 2PU,Terraced,Established,Freehold,169,,ELLERDINE ROAD,HOUNSLOW,HOUNSLOW,HOUNSLOW,GREATER LONDON,Standard,Addition,51.4625140000,-0.3496890000
87000,2001-02-16 00:00:00Z,TW7 7PT,Terraced,Established,Freehold,20,,GLEN WALK,ISLEWORTH,ISLEWORTH,HOUNSLOW,GREATER LONDON,Standard,Addition,51.4603500000,-0.3480110000
98000,2001-05-25 00:00:00Z,TW7 7PL,Flats/Maisonettes,Established,Leasehold,28,,THATCHERS WAY,ISLEWORTH,ISLEWORTH,HOUNSLOW,GREATER LONDON,Standard,Addition,51.4601880000,-0.3492400000
182000,2001-12-07 00:00:00Z,TW3 2PF,Semi-Detached,Established,Freehold,99,,CHATSWORTH CRESCENT,HOUNSLOW,HOUNSLOW,HOUNSLOW,GREATER LONDON,Standard,Addition,51.4663530000,-0.3496370000
200000,2001-02-23 00:00:00Z,TW7 6LE,Semi-Detached,Established,Freehold,17,,CLAYTON ROAD,ISLEWORTH,ISLEWORTH,HOUNSLOW,GREATER LONDON,Standard,Addition,51.4673870000,-0.3419690000
127000,2001-01-26 00:00:00Z,TW7 7PR,Terraced,Established,Freehold,29,,HEATHER CLOSE,ISLEWORTH,ISLEWORTH,HOUNSLOW,GREATER LONDON,Standard,Addition,51.4612460000,-0.3483820000
145000,2001-05-18 00:00:00Z,TW7 6HB,Semi-Detached,Established,Freehold,20,,ELMER GARDENS,ISLEWORTH,ISLEWORTH,HOUNSLOW,GREATER LONDON,Standard,Addition,51.4682840000,-0.3487750000
158000,2001-07-03 00:00:00Z,TW7 6EY,Semi-Detached,Established,Freehold,37,,ELMER GARDENS,ISLEWORTH,ISLEWORTH,HOUNSLOW,GREATER LONDON,Standard,Addition,51.4680880000,-0.3483360000
150000,2001-05-21 00:00:00Z,TW7 6LA,Terraced,Established,Freehold,34,,SUSSEX AVENUE,ISLEWORTH,ISLEWORTH,HOUNSLOW,GREATER LONDON,Standard,Addition,51.4689580000,-0.3449650000
330000,2001-05-21 00:00:00Z,TW7 6HP,Semi-Detached,Established,Freehold,44,,RIVERSIDE WALK,ISLEWORTH,ISLEWORTH,HOUNSLOW,GREATER LONDON,Standard,Addition,51.4690030000,-0.3404850000
179500,2001-11-30 00:00:00Z,TW3 2PU,Terraced,Established,Freehold,155,,ELLERDINE ROAD,HOUNSLOW,HOUNSLOW,HOUNSLOW,GREATER LONDON,Standard,Addition,51.4625140000,-0.3496890000
127500,2001-03-30 00:00:00Z,TW7 7PU,Semi-Detached,Established,Freehold,18,,WAINWRIGHT GROVE,ISLEWORTH,ISLEWORTH,HOUNSLOW,GREATER LONDON,Standard,Addition,51.4629340000,-0.3475430000
140000,2001-03-02 00:00:00Z,TW7 6EY,Semi-Detached,Established,Freehold,33,,ELMER GARDENS,ISLEWORTH,ISLEWORTH,HOUNSLOW,GREATER LONDON,Standard,Addition,51.4680880000,-0.3483360000
224950,2001-11-02 00:00:00Z,TW7 6LT,Semi-Detached,Established,Freehold,218,,WOODLAND GARDENS,ISLEWORTH,ISLEWORTH,HOUNSLOW,GREATER LONDON,Standard,Addition,51.4693450000,-0.3443750000
185000,2001-12-18 00:00:00Z,TW7 6HE,Semi-Detached,Established,Freehold,98,,BRIDGE ROAD,ISLEWORTH,ISLEWORTH,HOUNSLOW,GREATER LONDON,Standard,Addition,51.4675950000,-0.3458630000
99950,2001-01-31 00:00:00Z,TW7 7PR,Terraced,Established,Freehold,37,,HEATHER CLOSE,ISLEWORTH,ISLEWORTH,HOUNSLOW,GREATER LONDON,Standard,Addition,51.4612460000,-0.3483820000
190000,2001-08-10 00:00:00Z,TW7 6HA,Semi-Detached,Established,Freehold,132,,ELMER GARDENS,ISLEWORTH,ISLEWORTH,HOUNSLOW,GREATER LONDON,Standard,Addition,51.4670700000,-0.3488190000
154950,2001-05-11 00:00:00Z,TW3 2PR,Terraced,Established,Freehold,76,,CATHERINE GARDENS,HOUNSLOW,HOUNSLOW,HOUNSLOW,GREATER LONDON,Standard,Addition,51.4634780000,-0.3498130000
205000,2001-02-20 00:00:00Z,TW7 6HP,Semi-Detached,Established,Freehold,46,,RIVERSIDE WALK,ISLEWORTH,ISLEWORTH,HOUNSLOW,GREATER LONDON,Standard,Addition,51.4690030000,-0.3404850000
152000,2001-09-21 00:00:00Z,TW7 7PS,Semi-Detached,Established,Freehold,73,,HARVESTERS CLOSE,ISLEWORTH,ISLEWORTH,HOUNSLOW,GREATER LONDON,Standard,Addition,51.4608250000,-0.3478640000
120000,2001-02-14 00:00:00Z,TW7 6EZ,Semi-Detached,Established,Freehold,75,,ELMER GARDENS,ISLEWORTH,ISLEWORTH,HOUNSLOW,GREATER LONDON,Standard,Addition,51.4674160000,-0.3485040000
145000,2001-01-08 00:00:00Z,TW7 6HL,Terraced,Established,Freehold,67,,WORTON ROAD,ISLEWORTH,ISLEWORTH,HOUNSLOW,GREATER LONDON,Standard,Addition,51.4666800000,-0.3428010000
135000,2001-05-21 00:00:00Z,TW7 7PN,Terraced,Established,Freehold,4,,REAPERS WAY,ISLEWORTH,ISLEWORTH,HOUNSLOW,GREATER LONDON,Standard,Addition,51.4605070000,-0.3495170000
157000,2001-01-26 00:00:00Z,TW7 6HJ,Semi-Detached,Established,Freehold,5,,WORTON ROAD,ISLEWORTH,ISLEWORTH,HOUNSLOW,GREATER LONDON,Standard,Addition,51.4664900000,-0.3453130000
172500,2001-09-07 00:00:00Z,TW3 2PT,Semi-Detached,Established,Freehold,115,,ELLERDINE ROAD,HOUNSLOW,HOUNSLOW,HOUNSLOW,GREATER LONDON,Standard,Addition,51.4639450000,-0.3490900000
125000,2001-06-15 00:00:00Z,TW7 6EJ,Terraced,Established,Freehold,8,,CHRISTABEL CLOSE,ISLEWORTH,ISLEWORTH,HOUNSLOW,GREATER LONDON,Standard,Addition,51.4674900000,-0.3403100000
134000,2001-11-16 00:00:00Z,TW7 6HH,Terraced,Established,Leasehold,8,,OAK LANE,ISLEWORTH,ISLEWORTH,HOUNSLOW,GREATER LONDON,Standard,Addition,51.4664990000,-0.3408350000
172500,2001-04-18 00:00:00Z,TW7 6LA,Semi-Detached,Established,Freehold,42,,SUSSEX AVENUE,ISLEWORTH,ISLEWORTH,HOUNSLOW,GREATER LONDON,Standard,Addition,51.4689580000,-0.3449650000
178000,2001-10-31 00:00:00Z,TW7 7PJ,Semi-Detached,Established,Freehold,3,,PLOUGHMANS END,ISLEWORTH,ISLEWORTH,HOUNSLOW,GREATER LONDON,Standard,Addition,51.4602000000,-0.3488220000
166650,2001-02-12 00:00:00Z,TW3 2PT,Semi-Detached,Established,Freehold,111,,ELLERDINE ROAD,HOUNSLOW,HOUNSLOW,HOUNSLOW,GREATER LONDON,Standard,Addition,51.4639450000,-0.3490900000
196950,2001-05-04 00:00:00Z,TW3 2PX,Semi-Detached,Established,Freehold,154,,ELLERDINE ROAD,HOUNSLOW,HOUNSLOW,HOUNSLOW,GREATER LONDON,Standard,Addition,51.4621860000,-0.3493550000
179950,2001-03-22 00:00:00Z,TW3 2PT,Semi-Detached,Established,Leasehold,101,,ELLERDINE ROAD,HOUNSLOW,HOUNSLOW,HOUNSLOW,GREATER LONDON,Standard,Addition,51.4639450000,-0.3490900000
190000,2001-04-27 00:00:00Z,TW7 6LF,Terraced,Established,Freehold,6,,ESSEX AVENUE,ISLEWORTH,ISLEWORTH,HOUNSLOW,GREATER LONDON,Standard,Addition,51.4676380000,-0.3431690000
94000,2001-05-11 00:00:00Z,TW7 6HB,Semi-Detached,Established,Freehold,6,,ELMER GARDENS,ISLEWORTH,ISLEWORTH,HOUNSLOW,GREATER LONDON,Standard,Addition,51.4682840000,-0.3487750000
115000,2001-07-25 00:00:00Z,TW7 7PS,Flats/Maisonettes,Established,Leasehold,59,,HARVESTERS CLOSE,ISLEWORTH,ISLEWORTH,HOUNSLOW,GREATER LONDON,Standard,Addition,51.4608250000,-0.3478640000
160000,2001-05-04 00:00:00Z,TW3 2PT,Terraced,Established,Freehold,113,,ELLERDINE ROAD,HOUNSLOW,HOUNSLOW,HOUNSLOW,GREATER LONDON,Standard,Addition,51.4639450000,-0.3490900000
227000,2001-08-21 00:00:00Z,TW7 6LU,Semi-Detached,Established,Freehold,127,,WOODLAND GARDENS,ISLEWORTH,ISLEWORTH,HOUNSLOW,GREATER LONDON,Standard,Addition,51.4694750000,-0.3414470000
112000,2001-10-04 00:00:00Z,TW7 7PR,Terraced,Established,Freehold,31,,HEATHER CLOSE,ISLEWORTH,ISLEWORTH,HOUNSLOW,GREATER LONDON,Standard,Addition,51.4612460000,-0.3483820000
189950,2002-10-04 00:00:00Z,TW7 6EJ,Terraced,Established,Freehold,14,,CHRISTABEL CLOSE,ISLEWORTH,ISLEWORTH,HOUNSLOW,GREATER LONDON,Standard,Addition,51.4674900000,-0.3403100000
124950,2002-07-05 00:00:00Z,TW7 7PU,Terraced,Established,Freehold,19,,WAINWRIGHT GROVE,ISLEWORTH,ISLEWORTH,HOUNSLOW,GREATER LONDON,Standard,Addition,51.4629340000,-0.3475430000
205000,2002-10-31 00:00:00Z,TW7 6LD,Semi-Detached,Established,Freehold,93,,SUSSEX AVENUE,ISLEWORTH,ISLEWORTH,HOUNSLOW,GREATER LONDON,Standard,Addition,51.4679670000,-0.3428980000
180000,2002-07-17 00:00:00Z,TW7 7PW,Terraced,Established,Freehold,13,,BRACKEN END,ISLEWORTH,ISLEWORTH,HOUNSLOW,GREATER LONDON,Standard,Addition,51.4617810000,-0.3480460000
225000,2002-11-08 00:00:00Z,TW3 2PU,Terraced,Established,Freehold,173,,ELLERDINE ROAD,HOUNSLOW,HOUNSLOW,HOUNSLOW,GREATER LONDON,Standard,Addition,51.4625140000,-0.3496890000
245000,2002-12-13 00:00:00Z,TW7 7PB,Semi-Detached,Established,Freehold,79,,HALL ROAD,ISLEWORTH,ISLEWORTH,HOUNSLOW,GREATER LONDON,Standard,Addition,51.4621220000,-0.3486380000
190500,2002-05-27 00:00:00Z,TW3 2PS,Semi-Detached,Established,Freehold,74,,ELLERDINE ROAD,HOUNSLOW,HOUNSLOW,HOUNSLOW,GREATER LONDON,Standard,Addition,51.4643230000,-0.3484870000
187000,2002-05-17 00:00:00Z,TW3 2PD,Semi-Detached,Established,Freehold,100,,CHATSWORTH CRESCENT,HOUNSLOW,HOUNSLOW,HOUNSLOW,GREATER LONDON,Standard,Addition,51.4667670000,-0.3496220000
224950,2002-12-19 00:00:00Z,TW7 6LD,Semi-Detached,Established,Freehold,79,,SUSSEX AVENUE,ISLEWORTH,ISLEWORTH,HOUNSLOW,GREATER LONDON,Standard,Addition,51.4679670000,-0.3428980000
195000,2002-05-31 00:00:00Z,TW7 6HP,Semi-Detached,Established,Freehold,26,,RIVERSIDE WALK,ISLEWORTH,ISLEWORTH,HOUNSLOW,GREATER LONDON,Standard,Addition,51.4690030000,-0.3404850000
210000,2002-10-08 00:00:00Z,TW7 6HB,Semi-Detached,Established,Freehold,46,,ELMER GARDENS,ISLEWORTH,ISLEWORTH,HOUNSLOW,GREATER LONDON,Standard,Addition,51.4682840000,-0.3487750000
188000,2002-07-16 00:00:00Z,TW7 7PJ,Semi-Detached,Established,Freehold,14,,PLOUGHMANS END,ISLEWORTH,ISLEWORTH,HOUNSLOW,GREATER LONDON,Standard,Addition,51.4602000000,-0.3488220000
245000,2002-12-19 00:00:00Z,TW3 2PA,Semi-Detached,Established,Freehold,27,,HELDMANN CLOSE,HOUNSLOW,HOUNSLOW,HOUNSLOW,GREATER LONDON,Standard,Addition,51.4662350000,-0.3475970000
160000,2002-01-11 00:00:00Z,TW7 7PU,Terraced,Established,Freehold,16,,WAINWRIGHT GROVE,,ISLEWORTH,HOUNSLOW,GREATER LONDON,Standard,Addition,51.4629340000,-0.3475430000
112000,2002-01-22 00:00:00Z,TW7 7PR,Flats/Maisonettes,Established,Leasehold,7,,HEATHER CLOSE,ISLEWORTH,ISLEWORTH,HOUNSLOW,GREATER LONDON,Standard,Addition,51.4612460000,-0.3483820000
185000,2002-08-02 00:00:00Z,TW3 2PF,Semi-Detached,Established,Freehold,75,,CHATSWORTH CRESCENT,HOUNSLOW,HOUNSLOW,HOUNSLOW,GREATER LONDON,Standard,Addition,51.4663530000,-0.3496370000
57500,2002-09-30 00:00:00Z,TW7 6NE,Flats/Maisonettes,Established,Leasehold,"DOUGLAS BADER HOUSE, 9",5,GIBSON CLOSE,ISLEWORTH,ISLEWORTH,HOUNSLOW,GREATER LONDON,Standard,Addition,51.4684800000,-0.3467380000
250000,2002-11-29 00:00:00Z,TW3 2PA,Detached,Established,Freehold,29,,HELDMANN CLOSE,HOUNSLOW,HOUNSLOW,HOUNSLOW,GREATER LONDON,Standard,Addition,51.4662350000,-0.3475970000
235000,2002-07-10 00:00:00Z,TW7 7PQ,Semi-Detached,Established,Freehold,16,,HALL ROAD,ISLEWORTH,ISLEWORTH,HOUNSLOW,GREATER LONDON,Standard,Addition,51.4642140000,-0.3471520000
220000,2002-07-29 00:00:00Z,TW7 6LU,Semi-Detached,Established,Freehold,107,,WOODLAND GARDENS,ISLEWORTH,ISLEWORTH,HOUNSLOW,GREATER LONDON,Standard,Addition,51.4694750000,-0.3414470000
114000,2002-08-16 00:00:00Z,TW7 7PJ,Flats/Maisonettes,Established,Freehold,12,,PLOUGHMANS END,ISLEWORTH,ISLEWORTH,HOUNSLOW,GREATER LONDON,Standard,Addition,51.4602000000,-0.3488220000
200000,2002-01-28 00:00:00Z,TW3 2PX,Terraced,Established,Freehold,208,,ELLERDINE ROAD,HOUNSLOW,HOUNSLOW,HOUNSLOW,GREATER LONDON,Standard,Addition,51.4621860000,-0.3493550000
205000,2002-03-14 00:00:00Z,TW3 2PU,Semi-Detached,Established,Freehold,131,,ELLERDINE ROAD,HOUNSLOW,HOUNSLOW,HOUNSLOW,GREATER LONDON,Standard,Addition,51.4625140000,-0.3496890000
119000,2002-05-02 00:00:00Z,TW7 7PT,Semi-Detached,Established,Freehold,2,,GLEN WALK,ISLEWORTH,ISLEWORTH,HOUNSLOW,GREATER LONDON,Standard,Addition,51.4603500000,-0.3480110000
117500,2002-05-15 00:00:00Z,TW7 7PJ,Flats/Maisonettes,Established,Leasehold,12,,PLOUGHMANS END,ISLEWORTH,ISLEWORTH,HOUNSLOW,GREATER LONDON,Standard,Addition,51.4602000000,-0.3488220000
210000,2002-01-31 00:00:00Z,TW3 2PX,Semi-Detached,Established,Freehold,178,,ELLERDINE ROAD,HOUNSLOW,HOUNSLOW,HOUNSLOW,GREATER LONDON,Standard,Addition,51.4621860000,-0.3493550000
166000,2002-07-05 00:00:00Z,TW7 7PP,Terraced,Established,Freehold,12,,HARVESTERS CLOSE,ISLEWORTH,ISLEWORTH,HOUNSLOW,GREATER LONDON,Standard,Addition,51.4616460000,-0.3473880000
182000,2002-09-20 00:00:00Z,TW7 7PP,Terraced,Established,Freehold,10,,HARVESTERS CLOSE,ISLEWORTH,ISLEWORTH,HOUNSLOW,GREATER LONDON,Standard,Addition,51.4616460000,-0.3473880000
60000,2002-08-12 00:00:00Z,TW3 2PX,Terraced,Established,Freehold,158,,ELLERDINE ROAD,HOUNSLOW,HOUNSLOW,HOUNSLOW,GREATER LONDON,Standard,Addition,51.4621860000,-0.3493550000
200000,2002-05-09 00:00:00Z,TW7 7PA,Semi-Detached,Established,Freehold,41,,HALL ROAD,ISLEWORTH,ISLEWORTH,HOUNSLOW,GREATER LONDON,Standard,Addition,51.4642240000,-0.3478420000
177500,2002-03-01 00:00:00Z,TW3 2PA,Semi-Detached,Established,Freehold,10,,HELDMANN CLOSE,HOUNSLOW,HOUNSLOW,HOUNSLOW,GREATER LONDON,Standard,Addition,51.4662350000,-0.3475970000
234950,2002-09-04 00:00:00Z,TW7 6LA,Semi-Detached,Established,Freehold,38,,SUSSEX AVENUE,ISLEWORTH,ISLEWORTH,HOUNSLOW,GREATER LONDON,Standard,Addition,51.4689580000,-0.3449650000
97500,2002-07-19 00:00:00Z,TW7 6HH,Flats/Maisonettes,Established,Leasehold,9,,OAK LANE,ISLEWORTH,ISLEWORTH,HOUNSLOW,GREATER LONDON,Standard,Addition,51.4664990000,-0.3408350000
110000,2002-03-20 00:00:00Z,TW7 7PL,Flats/Maisonettes,Established,Freehold,29,,THATCHERS WAY,ISLEWORTH,ISLEWORTH,HOUNSLOW,GREATER LONDON,Standard,Addition,51.4601880000,-0.3492400000
142000,2002-12-20 00:00:00Z,TW7 7PL,Flats/Maisonettes,Established,Freehold,19,,THATCHERS WAY,ISLEWORTH,ISLEWORTH,HOUNSLOW,GREATER LONDON,Standard,Addition,51.4601880000,-0.3492400000
154500,2002-07-05 00:00:00Z,TW7 7PJ,Terraced,Established,Freehold,8,,PLOUGHMANS END,ISLEWORTH,ISLEWORTH,HOUNSLOW,GREATER LONDON,Standard,Addition,51.4602000000,-0.3488220000
142000,2002-12-20 00:00:00Z,TW7 7PL,Flats/Maisonettes,Established,Leasehold,21,,THATCHERS WAY,ISLEWORTH,ISLEWORTH,HOUNSLOW,GREATER LONDON,Standard,Addition,51.4601880000,-0.3492400000
120000,2002-08-19 00:00:00Z,TW7 7PR,Terraced,Established,Freehold,31,,HEATHER CLOSE,ISLEWORTH,ISLEWORTH,HOUNSLOW,GREATER LONDON,Standard,Addition,51.4612460000,-0.3483820000
114000,2002-08-16 00:00:00Z,TW7 7PJ,Flats/Maisonettes,Established,Leasehold,10,,PLOUGHMANS END,ISLEWORTH,ISLEWORTH,HOUNSLOW,GREATER LONDON,Standard,Addition,51.4602000000,-0.3488220000
156500,2002-01-31 00:00:00Z,TW7 6LF,Semi-Detached,Established,Freehold,30,,ESSEX AVENUE,ISLEWORTH,ISLEWORTH,HOUNSLOW,GREATER LONDON,Standard,Addition,51.4676380000,-0.3431690000
164950,2002-05-29 00:00:00Z,TW7 7PJ,Terraced,Established,Freehold,17,,PLOUGHMANS END,ISLEWORTH,ISLEWORTH,HOUNSLOW,GREATER LONDON,Standard,Addition,51.4602000000,-0.3488220000
195000,2002-06-21 00:00:00Z,TW3 2PX,Semi-Detached,Established,Freehold,190,,ELLERDINE ROAD,HOUNSLOW,HOUNSLOW,HOUNSLOW,GREATER LONDON,Standard,Addition,51.4621860000,-0.3493550000
209000,2002-06-28 00:00:00Z,TW7 6LF,Semi-Detached,Established,Freehold,30,,ESSEX AVENUE,ISLEWORTH,ISLEWORTH,HOUNSLOW,GREATER LONDON,Standard,Addition,51.4676380000,-0.3431690000
72500,2002-05-03 00:00:00Z,TW7 7PP,Terraced,Established,Leasehold,5,,HARVESTERS CLOSE,ISLEWORTH,ISLEWORTH,HOUNSLOW,GREATER LONDON,Standard,Addition,51.4616460000,-0.3473880000
210000,2002-07-22 00:00:00Z,TW7 6LA,Terraced,Established,Freehold,36,,SUSSEX AVENUE,ISLEWORTH,ISLEWORTH,HOUNSLOW,GREATER LONDON,Standard,Addition,51.4689580000,-0.3449650000
124950,2002-08-27 00:00:00Z,TW7 7PU,Terraced,Established,Freehold,14,,WAINWRIGHT GROVE,ISLEWORTH,ISLEWORTH,HOUNSLOW,GREATER LONDON,Standard,Addition,51.4629340000,-0.3475430000
117000,2002-04-05 00:00:00Z,TW7 7PU,Semi-Detached,Established,Freehold,25,,WAINWRIGHT GROVE,ISLEWORTH,ISLEWORTH,HOUNSLOW,GREATER LONDON,Standard,Addition,51.4629340000,-0.3475430000
209000,2002-12-20 00:00:00Z,TW3 2PR,Terraced,Established,Freehold,6,,CATHERINE GARDENS,HOUNSLOW,HOUNSLOW,HOUNSLOW,GREATER LONDON,Standard,Addition,51.4634780000,-0.3498130000
171950,2002-05-17 00:00:00Z,TW7 6EJ,Terraced,Established,Freehold,4,,CHRISTABEL CLOSE,ISLEWORTH,ISLEWORTH,HOUNSLOW,GREATER LONDON,Standard,Addition,51.4674900000,-0.3403100000
225000,2002-07-26 00:00:00Z,TW7 6JZ,Semi-Detached,Established,Freehold,122,,WOODLANDS ROAD,ISLEWORTH,ISLEWORTH,HOUNSLOW,GREATER LONDON,Standard,Addition,51.4698860000,-0.3457160000
235000,2002-07-31 00:00:00Z,TW3 2PX,Semi-Detached,Established,Freehold,220,,ELLERDINE ROAD,HOUNSLOW,HOUNSLOW,HOUNSLOW,GREATER LONDON,Standard,Addition,51.4621860000,-0.3493550000
239950,2002-09-04 00:00:00Z,TW7 6LX,Semi-Detached,Established,Freehold,141,,WOODLAND GARDENS,ISLEWORTH,ISLEWORTH,HOUNSLOW,GREATER LONDON,Standard,Addition,51.4693740000,-0.3432220000
178000,2002-01-25 00:00:00Z,TW7 6LD,Terraced,Established,Freehold,67,,SUSSEX AVENUE,ISLEWORTH,ISLEWORTH,HOUNSLOW,GREATER LONDON,Standard,Addition,51.4679670000,-0.3428980000
168000,2002-07-31 00:00:00Z,TW7 7PL,Terraced,Established,Freehold,7,,THATCHERS WAY,ISLEWORTH,ISLEWORTH,HOUNSLOW,GREATER LONDON,Standard,Addition,51.4601880000,-0.3492400000
199500,2002-07-08 00:00:00Z,TW7 6LT,Semi-Detached,Established,Freehold,232,,WOODLAND GARDENS,ISLEWORTH,ISLEWORTH,HOUNSLOW,GREATER LONDON,Standard,Addition,51.4693450000,-0.3443750000
320000,2002-05-03 00:00:00Z,TW7 6LS,Semi-Detached,Established,Freehold,176,,WOODLAND GARDENS,ISLEWORTH,ISLEWORTH,HOUNSLOW,GREATER LONDON,Standard,Addition,51.4688270000,-0.3426510000
110000,2002-03-20 00:00:00Z,TW7 7PL,Flats/Maisonettes,Established,Leasehold,27,,THATCHERS WAY,ISLEWORTH,ISLEWORTH,HOUNSLOW,GREATER LONDON,Standard,Addition,51.4601880000,-0.3492400000
119950,2002-07-19 00:00:00Z,TW7 7PL,Flats/Maisonettes,Established,Freehold,2,,THATCHERS WAY,ISLEWORTH,ISLEWORTH,HOUNSLOW,GREATER LONDON,Standard,Addition,51.4601880000,-0.3492400000
282500,2002-12-13 00:00:00Z,TW7 7PQ,Detached,Established,Freehold,4,,HALL ROAD,ISLEWORTH,ISLEWORTH,HOUNSLOW,GREATER LONDON,Standard,Addition,51.4642140000,-0.3471520000
220000,2002-06-27 00:00:00Z,TW3 2PD,Semi-Detached,Established,Freehold,120,,CHATSWORTH CRESCENT,HOUNSLOW,HOUNSLOW,HOUNSLOW,GREATER LONDON,Standard,Addition,51.4667670000,-0.3496220000
170000,2002-07-05 00:00:00Z,TW7 6LF,Semi-Detached,Established,Freehold,32,,ESSEX AVENUE,ISLEWORTH,ISLEWORTH,HOUNSLOW,GREATER LONDON,Standard,Addition,51.4676380000,-0.3431690000
215000,2002-07-22 00:00:00Z,TW7 6HP,Terraced,Established,Freehold,30,,RIVERSIDE WALK,ISLEWORTH,ISLEWORTH,HOUNSLOW,GREATER LONDON,Standard,Addition,51.4690030000,-0.3404850000
250000,2002-08-27 00:00:00Z,TW7 6LS,Semi-Detached,Established,Freehold,182,,WOODLAND GARDENS,ISLEWORTH,ISLEWORTH,HOUNSLOW,GREATER LONDON,Standard,Addition,51.4688270000,-0.3426510000
117500,2002-05-15 00:00:00Z,TW7 7PJ,Flats/Maisonettes,Established,Freehold,10,,PLOUGHMANS END,ISLEWORTH,ISLEWORTH,HOUNSLOW,GREATER LONDON,Standard,Addition,51.4602000000,-0.3488220000
119000,2002-02-13 00:00:00Z,TW7 7PU,Terraced,Established,Freehold,19,,WAINWRIGHT GROVE,ISLEWORTH,ISLEWORTH,HOUNSLOW,GREATER LONDON,Standard,Addition,51.4629340000,-0.3475430000
180000,2002-06-14 00:00:00Z,TW3 2PR,Terraced,Established,Freehold,44,,CATHERINE GARDENS,HOUNSLOW,HOUNSLOW,HOUNSLOW,GREATER LONDON,Standard,Addition,51.4634780000,-0.3498130000
117000,2002-04-22 00:00:00Z,TW7 6ER,Flats/Maisonettes,Established,Freehold,WORTON COURT,UNIT 5,WORTON ROAD,ISLEWORTH,ISLEWORTH,HOUNSLOW,GREATER LONDON,Standard,Addition,51.4651280000,-0.3449740000
171000,2002-07-19 00:00:00Z,TW7 7PR,Terraced,Established,Freehold,24,,HEATHER CLOSE,ISLEWORTH,ISLEWORTH,HOUNSLOW,GREATER LONDON,Standard,Addition,51.4612460000,-0.3483820000
159950,2002-05-31 00:00:00Z,TW7 7PR,Semi-Detached,Established,Freehold,33,,HEATHER CLOSE,ISLEWORTH,ISLEWORTH,HOUNSLOW,GREATER LONDON,Standard,Addition,51.4612460000,-0.3483820000
190000,2002-05-03 00:00:00Z,TW7 6LF,Semi-Detached,Established,Freehold,22,,ESSEX AVENUE,ISLEWORTH,ISLEWORTH,HOUNSLOW,GREATER LONDON,Standard,Addition,51.4676380000,-0.3431690000
220000,2002-04-11 00:00:00Z,TW7 6HP,Semi-Detached,Established,Freehold,25,,RIVERSIDE WALK,ISLEWORTH,ISLEWORTH,HOUNSLOW,GREATER LONDON,Standard,Addition,51.4690030000,-0.3404850000
194000,2002-02-13 00:00:00Z,TW3 2PU,Terraced,Established,Freehold,185,,ELLERDINE ROAD,HOUNSLOW,HOUNSLOW,HOUNSLOW,GREATER LONDON,Standard,Addition,51.4625140000,-0.3496890000
170000,2002-04-29 00:00:00Z,TW7 6LZ,Semi-Detached,Established,Freehold,22,,GIBSON CLOSE,ISLEWORTH,ISLEWORTH,HOUNSLOW,GREATER LONDON,Standard,Addition,51.4681030000,-0.3455570000
220000,2002-09-06 00:00:00Z,TW7 6LD,Terraced,Established,Freehold,61,,SUSSEX AVENUE,ISLEWORTH,ISLEWORTH,HOUNSLOW,GREATER LONDON,Standard,Addition,51.4679670000,-0.3428980000
119950,2002-07-19 00:00:00Z,TW7 7PL,Flats/Maisonettes,Established,Leasehold,4,,THATCHERS WAY,ISLEWORTH,ISLEWORTH,HOUNSLOW,GREATER LONDON,Standard,Addition,51.4601880000,-0.3492400000
119000,2002-02-13 00:00:00Z,TW7 7PT,Semi-Detached,Established,Freehold,2,,GLEN WALK,ISLEWORTH,ISLEWORTH,HOUNSLOW,GREATER LONDON,Standard,Addition,51.4603500000,-0.3480110000
250000,2002-11-22 00:00:00Z,TW7 6HE,Semi-Detached,Established,Freehold,112,,BRIDGE ROAD,ISLEWORTH,ISLEWORTH,HOUNSLOW,GREATER LONDON,Standard,Addition,51.4675950000,-0.3458630000
185000,2002-01-11 00:00:00Z,TW3 2PU,Terraced,Established,Freehold,173,,ELLERDINE ROAD,HOUNSLOW,HOUNSLOW,HOUNSLOW,GREATER LONDON,Standard,Addition,51.4625140000,-0.3496890000
235000,2003-09-22 00:00:00Z,TW3 2PS,Semi-Detached,Established,Freehold,104,,ELLERDINE ROAD,HOUNSLOW,HOUNSLOW,HOUNSLOW,GREATER LONDON,Standard,Addition,51.4643230000,-0.3484870000
230000,2003-09-26 00:00:00Z,TW3 2PD,Semi-Detached,Established,Freehold,90,,CHATSWORTH CRESCENT,HOUNSLOW,HOUNSLOW,HOUNSLOW,GREATER LONDON,Standard,Addition,51.4667670000,-0.3496220000
225000,2003-02-07 00:00:00Z,TW7 6LD,Terraced,Established,Freehold,85,,SUSSEX AVENUE,ISLEWORTH,ISLEWORTH,HOUNSLOW,GREATER LONDON,Standard,Addition,51.4679670000,-0.3428980000
191500,2003-07-18 00:00:00Z,TW3 2PR,Terraced,Established,Freehold,80,,CATHERINE GARDENS,HOUNSLOW,HOUNSLOW,HOUNSLOW,GREATER LONDON,Standard,Addition,51.4634780000,-0.3498130000
222000,2003-07-03 00:00:00Z,TW7 6HA,Semi-Detached,Established,Freehold,128,,ELMER GARDENS,ISLEWORTH,ISLEWORTH,HOUNSLOW,GREATER LONDON,Standard,Addition,51.4670700000,-0.3488190000
205000,2003-10-29 00:00:00Z,TW3 2PU,Terraced,Established,Freehold,187,,ELLERDINE ROAD,HOUNSLOW,HOUNSLOW,HOUNSLOW,GREATER LONDON,Standard,Addition,51.4625140000,-0.3496890000
235000,2003-11-28 00:00:00Z,TW7 6LJ,Terraced,Established,Freehold,17,,SUSSEX AVENUE,ISLEWORTH,ISLEWORTH,HOUNSLOW,GREATER LONDON,Standard,Addition,51.4687760000,-0.3454030000
145000,2003-10-27 00:00:00Z,TW7 6EJ,Flats/Maisonettes,Established,Freehold,22,,CHRISTABEL CLOSE,ISLEWORTH,ISLEWORTH,HOUNSLOW,GREATER LONDON,Standard,Addition,51.4674900000,-0.3403100000
224000,2003-06-24 00:00:00Z,TW7 6LF,Terraced,Established,Freehold,4,,ESSEX AVENUE,ISLEWORTH,ISLEWORTH,HOUNSLOW,GREATER LONDON,Standard,Addition,51.4676380000,-0.3431690000
235000,2003-09-22 00:00:00Z,TW7 6EX,Semi-Detached,Established,Freehold,16,,FARNELL ROAD,ISLEWORTH,ISLEWORTH,HOUNSLOW,GREATER LONDON,Standard,Addition,51.4670890000,-0.3463570000
218000,2003-12-05 00:00:00Z,TW7 6HL,Terraced,Established,Freehold,27,,WORTON ROAD,ISLEWORTH,ISLEWORTH,HOUNSLOW,GREATER LONDON,Standard,Addition,51.4666800000,-0.3428010000
250000,2003-08-08 00:00:00Z,TW7 6HR,Semi-Detached,Established,Freehold,58,,RIVERSIDE WALK,ISLEWORTH,ISLEWORTH,HOUNSLOW,GREATER LONDON,Standard,Addition,51.4675670000,-0.3413580000
220000,2003-10-17 00:00:00Z,TW7 7PR,Terraced,Established,Freehold,25,,HEATHER CLOSE,ISLEWORTH,ISLEWORTH,HOUNSLOW,GREATER LONDON,Standard,Addition,51.4612460000,-0.3483820000
167000,2003-12-19 00:00:00Z,TW7 6HF,Flats/Maisonettes,Established,Leasehold,127,,BRIDGE ROAD,ISLEWORTH,ISLEWORTH,HOUNSLOW,GREATER LONDON,Standard,Addition,51.4674120000,-0.3443290000
269950,2003-01-03 00:00:00Z,TW7 7PB,Semi-Detached,Established,Freehold,111,,HALL ROAD,ISLEWORTH,ISLEWORTH,HOUNSLOW,GREATER LONDON,Standard,Addition,51.4621220000,-0.3486380000
137000,2003-04-10 00:00:00Z,TW7 7PR,Flats/Maisonettes,Established,Freehold,1,,HEATHER CLOSE,ISLEWORTH,ISLEWORTH,HOUNSLOW,GREATER LONDON,Standard,Addition,51.4612460000,-0.3483820000
220000,2003-07-15 00:00:00Z,TW7 6HB,Semi-Detached,Established,Freehold,12,,ELMER GARDENS,ISLEWORTH,ISLEWORTH,HOUNSLOW,GREATER LONDON,Standard,Addition,51.4682840000,-0.3487750000
197000,2003-01-10 00:00:00Z,TW3 2PD,Semi-Detached,Established,Freehold,84,,CHATSWORTH CRESCENT,HOUNSLOW,HOUNSLOW,HOUNSLOW,GREATER LONDON,Standard,Addition,51.4667670000,-0.3496220000
109000,2003-09-26 00:00:00Z,TW7 6HH,Flats/Maisonettes,Established,Leasehold,10,,OAK LANE,ISLEWORTH,ISLEWORTH,HOUNSLOW,GREATER LONDON,Standard,Addition,51.4664990000,-0.3408350000
170000,2003-11-27 00:00:00Z,TW7 7PT,Terraced,Established,Freehold,16,,GLEN WALK,ISLEWORTH,ISLEWORTH,HOUNSLOW,GREATER LONDON,Standard,Addition,51.4603500000,-0.3480110000
209110,2003-04-15 00:00:00Z,TW7 7PS,Semi-Detached,Established,Freehold,73,,HARVESTERS CLOSE,ISLEWORTH,ISLEWORTH,HOUNSLOW,GREATER LONDON,Standard,Addition,51.4608250000,-0.3478640000
175000,2003-11-17 00:00:00Z,TW7 7PS,Terraced,Established,Freehold,48,,HARVESTERS CLOSE,ISLEWORTH,ISLEWORTH,HOUNSLOW,GREATER LONDON,Standard,Addition,51.4608250000,-0.3478640000
169000,2003-02-06 00:00:00Z,TW7 7PP,Terraced,Established,Freehold,17,,HARVESTERS CLOSE,ISLEWORTH,ISLEWORTH,HOUNSLOW,GREATER LONDON,Standard,Addition,51.4616460000,-0.3473880000
267950,2003-09-26 00:00:00Z,TW7 6LJ,Terraced,Established,Freehold,31,,SUSSEX AVENUE,ISLEWORTH,ISLEWORTH,HOUNSLOW,GREATER LONDON,Standard,Addition,51.4687760000,-0.3454030000
249000,2003-04-10 00:00:00Z,TW7 6LJ,Terraced,Established,Freehold,17,,SUSSEX AVENUE,ISLEWORTH,ISLEWORTH,HOUNSLOW,GREATER LONDON,Standard,Addition,51.4687760000,-0.3454030000
135000,2003-08-08 00:00:00Z,TW7 6NE,Flats/Maisonettes,Established,Leasehold,"DOUGLAS BADER HOUSE, 9",16,GIBSON CLOSE,ISLEWORTH,ISLEWORTH,HOUNSLOW,GREATER LONDON,Standard,Addition,51.4684800000,-0.3467380000
170000,2003-10-24 00:00:00Z,TW7 7PP,Terraced,Established,Freehold,43,,HARVESTERS CLOSE,ISLEWORTH,ISLEWORTH,HOUNSLOW,GREATER LONDON,Standard,Addition,51.4616460000,-0.3473880000
207000,2003-05-30 00:00:00Z,TW7 7PB,Terraced,Established,Freehold,83,,HALL ROAD,ISLEWORTH,ISLEWORTH,HOUNSLOW,GREATER LONDON,Standard,Addition,51.4621220000,-0.3486380000
150000,2003-09-26 00:00:00Z,TW7 7PW,Flats/Maisonettes,Established,Leasehold,6,,BRACKEN END,ISLEWORTH,ISLEWORTH,HOUNSLOW,GREATER LONDON,Standard,Addition,51.4617810000,-0.3480460000
169950,2003-01-24 00:00:00Z,TW7 7PP,Terraced,Established,Freehold,18,,HARVESTERS CLOSE,ISLEWORTH,ISLEWORTH,HOUNSLOW,GREATER LONDON,Standard,Addition,51.4616460000,-0.3473880000
187000,2003-04-17 00:00:00Z,TW7 6EJ,Terraced,Established,Freehold,16,,CHRISTABEL CLOSE,ISLEWORTH,ISLEWORTH,HOUNSLOW,GREATER LONDON,Standard,Addition,51.4674900000,-0.3403100000
196000,2003-07-18 00:00:00Z,TW7 7PP,Terraced,Established,Freehold,11,,HARVESTERS CLOSE,ISLEWORTH,ISLEWORTH,HOUNSLOW,GREATER LONDON,Standard,Addition,51.4616460000,-0.3473880000
232500,2003-03-21 00:00:00Z,TW7 6HA,Semi-Detached,Established,Freehold,96,,ELMER GARDENS,ISLEWORTH,ISLEWORTH,HOUNSLOW,GREATER LONDON,Standard,Addition,51.4670700000,-0.3488190000
200000,2003-06-09 00:00:00Z,TW7 6LF,Semi-Detached,Established,Freehold,8,,ESSEX AVENUE,ISLEWORTH,ISLEWORTH,HILLINGDON,GREATER LONDON,Standard,Addition,51.4676380000,-0.3431690000
223000,2003-12-11 00:00:00Z,TW3 2PR,Semi-Detached,Established,Freehold,70,,CATHERINE GARDENS,HOUNSLOW,HOUNSLOW,HOUNSLOW,GREATER LONDON,Standard,Addition,51.4634780000,-0.3498130000
183000,2003-12-22 00:00:00Z,TW3 2PR,Terraced,Established,Freehold,82,,CATHERINE GARDENS,HOUNSLOW,HOUNSLOW,HOUNSLOW,GREATER LONDON,Standard,Addition,51.4634780000,-0.3498130000
249999,2003-11-26 00:00:00Z,TW7 6EY,Terraced,Established,Freehold,29,,ELMER GARDENS,ISLEWORTH,ISLEWORTH,HOUNSLOW,GREATER LONDON,Standard,Addition,51.4680880000,-0.3483360000
230000,2003-08-20 00:00:00Z,TW7 6LD,Terraced,Established,Freehold,81,,SUSSEX AVENUE,ISLEWORTH,ISLEWORTH,HOUNSLOW,GREATER LONDON,Standard,Addition,51.4679670000,-0.3428980000
330000,2003-02-19 00:00:00Z,TW7 6EY,Semi-Detached,Established,Freehold,1,,ELMER GARDENS,ISLEWORTH,ISLEWORTH,HOUNSLOW,GREATER LONDON,Standard,Addition,51.4680880000,-0.3483360000
220000,2003-04-11 00:00:00Z,TW7 7PW,Terraced,Established,Freehold,13,,BRACKEN END,ISLEWORTH,ISLEWORTH,HOUNSLOW,GREATER LONDON,Standard,Addition,51.4617810000,-0.3480460000
227000,2003-07-18 00:00:00Z,TW7 6LF,Semi-Detached,Established,Freehold,32,,ESSEX AVENUE,ISLEWORTH,ISLEWORTH,HOUNSLOW,GREATER LONDON,Standard,Addition,51.4676380000,-0.3431690000
138000,2003-08-15 00:00:00Z,TW7 7PR,Flats/Maisonettes,Established,Leasehold,13,,HEATHER CLOSE,ISLEWORTH,ISLEWORTH,HOUNSLOW,GREATER LONDON,Standard,Addition,51.4612460000,-0.3483820000
139000,2003-07-16 00:00:00Z,TW7 7PT,Semi-Detached,Established,Freehold,22,,GLEN WALK,ISLEWORTH,ISLEWORTH,HOUNSLOW,GREATER LONDON,Standard,Addition,51.4603500000,-0.3480110000
208000,2003-09-25 00:00:00Z,TW7 7PL,Terraced,Established,Freehold,5,,THATCHERS WAY,ISLEWORTH,ISLEWORTH,HOUNSLOW,GREATER LONDON,Standard,Addition,51.4601880000,-0.3492400000
132000,2003-01-28 00:00:00Z,TW7 7PP,Flats/Maisonettes,Established,Freehold,32,,HARVESTERS CLOSE,ISLEWORTH,ISLEWORTH,HOUNSLOW,GREATER LONDON,Standard,Addition,51.4616460000,-0.3473880000
67000,2003-10-30 00:00:00Z,TW7 6NE,Flats/Maisonettes,Established,Leasehold,"DOUGLAS BADER HOUSE, 9",8,GIBSON CLOSE,ISLEWORTH,ISLEWORTH,HOUNSLOW,GREATER LONDON,Standard,Addition,51.4684800000,-0.3467380000
64500,2003-07-11 00:00:00Z,TW7 6NE,Flats/Maisonettes,Established,Leasehold,"DOUGLAS BADER HOUSE, 9",2,GIBSON CLOSE,ISLEWORTH,ISLEWORTH,HOUNSLOW,GREATER LONDON,Standard,Addition,51.4684800000,-0.3467380000
81000,2003-12-08 00:00:00Z,TW7 7PP,Terraced,Established,Leasehold,40,,HARVESTERS CLOSE,ISLEWORTH,ISLEWORTH,HOUNSLOW,GREATER LONDON,Standard,Addition,51.4616460000,-0.3473880000
240000,2003-10-03 00:00:00Z,TW3 2PT,Semi-Detached,Established,Freehold,103,,ELLERDINE ROAD,HOUNSLOW,HOUNSLOW,HOUNSLOW,GREATER LONDON,Standard,Addition,51.4639450000,-0.3490900000
250000,2003-10-16 00:00:00Z,TW3 2PX,Semi-Detached,Established,Freehold,130,,ELLERDINE ROAD,HOUNSLOW,HOUNSLOW,HOUNSLOW,GREATER LONDON,Standard,Addition,51.4621860000,-0.3493550000
240000,2003-01-24 00:00:00Z,TW7 7PB,Terraced,Established,Freehold,99,,HALL ROAD,ISLEWORTH,ISLEWORTH,HOUNSLOW,GREATER LONDON,Standard,Addition,51.4621220000,-0.3486380000
132000,2003-01-28 00:00:00Z,TW7 7PP,Flats/Maisonettes,Established,Leasehold,33,,HARVESTERS CLOSE,ISLEWORTH,ISLEWORTH,HOUNSLOW,GREATER LONDON,Standard,Addition,51.4616460000,-0.3473880000
205000,2003-12-12 00:00:00Z,TW7 7PN,Terraced,Established,Freehold,4,,REAPERS WAY,ISLEWORTH,ISLEWORTH,HOUNSLOW,GREATER LONDON,Standard,Addition,51.4605070000,-0.3495170000
195000,2003-07-11 00:00:00Z,TW7 6HB,Terraced,Established,Freehold,26,,ELMER GARDENS,ISLEWORTH,ISLEWORTH,HOUNSLOW,GREATER LONDON,Standard,Addition,51.4682840000,-0.3487750000
225000,2003-04-25 00:00:00Z,TW3 2NX,Semi-Detached,Established,Freehold,202,,HEATH ROAD,HOUNSLOW,HOUNSLOW,HOUNSLOW,GREATER LONDON,Standard,Addition,51.4656030000,-0.3480880000
228000,2004-01-26 00:00:00Z,TW3 2PA,Terraced,Established,Freehold,26,,HELDMANN CLOSE,HOUNSLOW,HOUNSLOW,HOUNSLOW,GREATER LONDON,Standard,Addition,51.4662350000,-0.3475970000
245000,2004-06-10 00:00:00Z,TW7 6LX,Semi-Detached,Established,Freehold,141,,WOODLAND GARDENS,ISLEWORTH,ISLEWORTH,HOUNSLOW,GREATER LONDON,Standard,Addition,51.4693740000,-0.3432220000
285000,2004-05-07 00:00:00Z,TW7 6HJ,Semi-Detached,Established,Freehold,9,,WORTON ROAD,ISLEWORTH,ISLEWORTH,HOUNSLOW,GREATER LONDON,Standard,Addition,51.4664900000,-0.3453130000
235000,2004-09-28 00:00:00Z,TW3 2PF,Semi-Detached,Established,Freehold,85,,CHATSWORTH CRESCENT,HOUNSLOW,HOUNSLOW,HOUNSLOW,GREATER LONDON,Standard,Addition,51.4663530000,-0.3496370000
187000,2004-06-25 00:00:00Z,TW7 7PR,Terraced,Established,Freehold,34,,HEATHER CLOSE,ISLEWORTH,ISLEWORTH,HOUNSLOW,GREATER LONDON,Standard,Addition,51.4612460000,-0.3483820000
160000,2004-04-26 00:00:00Z,TW3 2PA,Terraced,Established,Freehold,16,,HELDMANN CLOSE,HOUNSLOW,HOUNSLOW,HOUNSLOW,GREATER LONDON,Standard,Addition,51.4662350000,-0.3475970000
186000,2004-09-07 00:00:00Z,TW7 6HG,Terraced,Established,Leasehold,84,,WORTON ROAD,ISLEWORTH,ISLEWORTH,HOUNSLOW,GREATER LONDON,Standard,Addition,51.4670920000,-0.3433480000
243000,2004-08-23 00:00:00Z,TW7 6HB,Terraced,Established,Freehold,62,,ELMER GARDENS,ISLEWORTH,ISLEWORTH,HOUNSLOW,GREATER LONDON,Standard,Addition,51.4682840000,-0.3487750000
260000,2004-07-30 00:00:00Z,TW7 6LX,Semi-Detached,Established,Freehold,159,,WOODLAND GARDENS,ISLEWORTH,ISLEWORTH,HOUNSLOW,GREATER LONDON,Standard,Addition,51.4693740000,-0.3432220000
148000,2004-08-03 00:00:00Z,TW7 7PU,Semi-Detached,Established,Freehold,7,,WAINWRIGHT GROVE,ISLEWORTH,ISLEWORTH,HOUNSLOW,GREATER LONDON,Standard,Addition,51.4629340000,-0.3475430000
153000,2004-03-05 00:00:00Z,TW7 6EJ,Semi-Detached,Established,Freehold,20,,CHRISTABEL CLOSE,ISLEWORTH,ISLEWORTH,HOUNSLOW,GREATER LONDON,Standard,Addition,51.4674900000,-0.3403100000
205000,2004-04-15 00:00:00Z,TW7 6HG,Semi-Detached,Established,Freehold,94,,WORTON ROAD,ISLEWORTH,ISLEWORTH,HOUNSLOW,GREATER LONDON,Standard,Addition,51.4670920000,-0.3433480000
231000,2004-02-18 00:00:00Z,TW3 2PX,Semi-Detached,Established,Freehold,166,,ELLERDINE ROAD,HOUNSLOW,HOUNSLOW,HOUNSLOW,GREATER LONDON,Standard,Addition,51.4621860000,-0.3493550000
230000,2004-12-10 00:00:00Z,TW3 2PR,Terraced,Established,Freehold,82,,CATHERINE GARDENS,HOUNSLOW,HOUNSLOW,HOUNSLOW,GREATER LONDON,Standard,Addition,51.4634780000,-0.3498130000
237450,2004-06-25 00:00:00Z,TW7 6LE,Terraced,Established,Freehold,9,,CLAYTON ROAD,ISLEWORTH,ISLEWORTH,HOUNSLOW,GREATER LONDON,Standard,Addition,51.4673870000,-0.3419690000
225000,2004-03-09 00:00:00Z,TW7 6LH,Terraced,Established,Freehold,15,,ABINGER GARDENS,ISLEWORTH,ISLEWORTH,HOUNSLOW,GREATER LONDON,Standard,Addition,51.4678860000,-0.3442110000
228000,2004-09-24 00:00:00Z,TW7 6EJ,Terraced,Established,Freehold,10,,CHRISTABEL CLOSE,ISLEWORTH,ISLEWORTH,HOUNSLOW,GREATER LONDON,Standard,Addition,51.4674900000,-0.3403100000
242500,2004-03-05 00:00:00Z,TW7 6LF,Terraced,Established,Freehold,34,,ESSEX AVENUE,ISLEWORTH,ISLEWORTH,HOUNSLOW,GREATER LONDON,Standard,Addition,51.4676380000,-0.3431690000
235000,2004-03-24 00:00:00Z,TW7 6LX,Terraced,Established,Freehold,157,,WOODLAND GARDENS,ISLEWORTH,ISLEWORTH,HOUNSLOW,GREATER LONDON,Standard,Addition,51.4693740000,-0.3432220000
230000,2004-06-30 00:00:00Z,TW3 2PR,Semi-Detached,Established,Freehold,16,,CATHERINE GARDENS,HOUNSLOW,HOUNSLOW,HOUNSLOW,GREATER LONDON,Standard,Addition,51.4634780000,-0.3498130000
204950,2004-06-18 00:00:00Z,TW7 7PU,Terraced,Established,Freehold,11,,WAINWRIGHT GROVE,ISLEWORTH,ISLEWORTH,HOUNSLOW,GREATER LONDON,Standard,Addition,51.4629340000,-0.3475430000
245000,2004-06-23 00:00:00Z,TW7 6LA,Semi-Detached,Established,Freehold,38,,SUSSEX AVENUE,ISLEWORTH,ISLEWORTH,HOUNSLOW,GREATER LONDON,Standard,Addition,51.4689580000,-0.3449650000
205000,2004-10-29 00:00:00Z,TW3 2PA,Semi-Detached,Established,Freehold,27,,HELDMANN CLOSE,HOUNSLOW,HOUNSLOW,HOUNSLOW,GREATER LONDON,Standard,Addition,51.4662350000,-0.3475970000
170000,2004-04-16 00:00:00Z,TW7 7PP,Terraced,Established,Freehold,1,,HARVESTERS CLOSE,ISLEWORTH,ISLEWORTH,HOUNSLOW,GREATER LONDON,Standard,Addition,51.4616460000,-0.3473880000
245000,2004-10-27 00:00:00Z,TW7 7PS,Semi-Detached,Established,Freehold,74,,HARVESTERS CLOSE,ISLEWORTH,ISLEWORTH,HOUNSLOW,GREATER LONDON,Standard,Addition,51.4608250000,-0.3478640000
165000,2004-10-27 00:00:00Z,TW7 7PR,Flats/Maisonettes,Established,Leasehold,4,,HEATHER CLOSE,ISLEWORTH,ISLEWORTH,HOUNSLOW,GREATER LONDON,Standard,Addition,51.4612460000,-0.3483820000
85000,2004-07-02 00:00:00Z,TW7 7PP,Terraced,Established,Freehold,5,,HARVESTERS CLOSE,ISLEWORTH,ISLEWORTH,HOUNSLOW,GREATER LONDON,Standard,Addition,51.4616460000,-0.3473880000
155000,2004-02-12 00:00:00Z,TW7 7PU,Terraced,Established,Freehold,19,,WAINWRIGHT GROVE,ISLEWORTH,ISLEWORTH,HOUNSLOW,GREATER LONDON,Standard,Addition,51.4629340000,-0.3475430000
284000,2004-05-17 00:00:00Z,TW7 6LD,Semi-Detached,Established,Freehold,87,,SUSSEX AVENUE,ISLEWORTH,ISLEWORTH,HOUNSLOW,GREATER LONDON,Standard,Addition,51.4679670000,-0.3428980000
295000,2004-07-12 00:00:00Z,TW3 2PF,Terraced,Established,Freehold,97,,CHATSWORTH CRESCENT,HOUNSLOW,HOUNSLOW,HOUNSLOW,GREATER LONDON,Standard,Addition,51.4663530000,-0.3496370000
165000,2004-08-31 00:00:00Z,TW7 7PW,Flats/Maisonettes,Established,Leasehold,5,,BRACKEN END,ISLEWORTH,ISLEWORTH,HOUNSLOW,GREATER LONDON,Standard,Addition,51.4617810000,-0.3480460000
281000,2004-04-29 00:00:00Z,TW7 6LQ,Semi-Detached,Established,Freehold,16,,ABINGER GARDENS,ISLEWORTH,ISLEWORTH,HOUNSLOW,GREATER LONDON,Standard,Addition,51.4679750000,-0.3447550000
159000,2004-10-28 00:00:00Z,TW7 6NE,Flats/Maisonettes,Established,Leasehold,"DOUGLAS BADER HOUSE, 9",17,GIBSON CLOSE,ISLEWORTH,ISLEWORTH,HOUNSLOW,GREATER LONDON,Standard,Addition,51.4684800000,-0.3467380000
152000,2004-09-21 00:00:00Z,TW7 6NE,Flats/Maisonettes,Established,Leasehold,"DOUGLAS BADER HOUSE, 9",15,GIBSON CLOSE,ISLEWORTH,ISLEWORTH,HOUNSLOW,GREATER LONDON,Standard,Addition,51.4684800000,-0.3467380000
280000,2004-10-15 00:00:00Z,TW7 6LF,Terraced,Established,Freehold,6,,ESSEX AVENUE,ISLEWORTH,ISLEWORTH,HOUNSLOW,GREATER LONDON,Standard,Addition,51.4676380000,-0.3431690000
145950,2004-02-26 00:00:00Z,TW7 7PP,Flats/Maisonettes,Established,Freehold,45,,HARVESTERS CLOSE,ISLEWORTH,ISLEWORTH,HOUNSLOW,GREATER LONDON,Standard,Addition,51.4616460000,-0.3473880000
360000,2004-12-03 00:00:00Z,TW7 6LS,Semi-Detached,Established,Freehold,192,,WOODLAND GARDENS,ISLEWORTH,ISLEWORTH,HOUNSLOW,GREATER LONDON,Standard,Addition,51.4688270000,-0.3426510000
210000,2004-03-09 00:00:00Z,TW7 7PB,Terraced,Established,Freehold,97,,HALL ROAD,ISLEWORTH,ISLEWORTH,HOUNSLOW,GREATER LONDON,Standard,Addition,51.4621220000,-0.3486380000
219950,2004-08-26 00:00:00Z,TW3 2PR,Terraced,Established,Freehold,74,,CATHERINE GARDENS,HOUNSLOW,HOUNSLOW,HOUNSLOW,GREATER LONDON,Standard,Addition,51.4634780000,-0.3498130000
143000,2004-03-09 00:00:00Z,TW7 7PU,Terraced,Established,Freehold,14,,WAINWRIGHT GROVE,ISLEWORTH,ISLEWORTH,HOUNSLOW,GREATER LONDON,Standard,Addition,51.4629340000,-0.3475430000
247000,2004-10-15 00:00:00Z,TW7 6HL,Terraced,Established,Freehold,69,,WORTON ROAD,ISLEWORTH,ISLEWORTH,HOUNSLOW,GREATER LONDON,Standard,Addition,51.4666800000,-0.3428010000
163000,2004-06-08 00:00:00Z,TW7 6EJ,Terraced,Established,Freehold,8,,CHRISTABEL CLOSE,ISLEWORTH,ISLEWORTH,HOUNSLOW,GREATER LONDON,Standard,Addition,51.4674900000,-0.3403100000
275000,2004-03-05 00:00:00Z,TW3 2PS,Semi-Detached,Established,Freehold,84,,ELLERDINE ROAD,HOUNSLOW,HOUNSLOW,HOUNSLOW,GREATER LONDON,Standard,Addition,51.4643230000,-0.3484870000
246000,2004-04-13 00:00:00Z,TW7 7PB,Terraced,Established,Freehold,85,,HALL ROAD,ISLEWORTH,ISLEWORTH,HOUNSLOW,GREATER LONDON,Standard,Addition,51.4621220000,-0.3486380000
240000,2004-09-10 00:00:00Z,TW7 7PB,Semi-Detached,Established,Freehold,81,,HALL ROAD,ISLEWORTH,ISLEWORTH,HOUNSLOW,GREATER LONDON,Standard,Addition,51.4621220000,-0.3486380000
237000,2004-05-18 00:00:00Z,TW3 2PD,Terraced,Established,Freehold,88,,CHATSWORTH CRESCENT,HOUNSLOW,HOUNSLOW,HOUNSLOW,GREATER LONDON,Standard,Addition,51.4667670000,-0.3496220000
245000,2004-10-29 00:00:00Z,TW3 2PA,Semi-Detached,Established,Freehold,29,,HELDMANN CLOSE,HOUNSLOW,HOUNSLOW,HOUNSLOW,GREATER LONDON,Standard,Addition,51.4662350000,-0.3475970000
142000,2004-05-28 00:00:00Z,TW7 6NE,Flats/Maisonettes,Established,Leasehold,"DOUGLAS BADER HOUSE, 9",21,GIBSON CLOSE,ISLEWORTH,ISLEWORTH,HOUNSLOW,GREATER LONDON,Standard,Addition,51.4684800000,-0.3467380000
290000,2004-05-07 00:00:00Z,TW7 7PQ,Semi-Detached,Established,Freehold,12,,HALL ROAD,ISLEWORTH,ISLEWORTH,HOUNSLOW,GREATER LONDON,Standard,Addition,51.4642140000,-0.3471520000
245000,2004-05-07 00:00:00Z,TW7 6LX,Semi-Detached,Established,Freehold,145,,WOODLAND GARDENS,ISLEWORTH,ISLEWORTH,HOUNSLOW,GREATER LONDON,Standard,Addition,51.4693740000,-0.3432220000
85000,2004-07-02 00:00:00Z,TW7 7PP,Terraced,Established,Leasehold,5,,HARVESTERS CLOSE,ISLEWORTH,ISLEWORTH,HOUNSLOW,GREATER LONDON,Standard,Addition,51.4616460000,-0.3473880000
226000,2004-02-05 00:00:00Z,TW7 6EX,Semi-Detached,Established,Freehold,32,,FARNELL ROAD,ISLEWORTH,ISLEWORTH,HOUNSLOW,GREATER LONDON,Standard,Addition,51.4670890000,-0.3463570000
137000,2004-04-30 00:00:00Z,TW7 7PS,Flats/Maisonettes,Established,Leasehold,62,,HARVESTERS CLOSE,ISLEWORTH,ISLEWORTH,HOUNSLOW,GREATER LONDON,Standard,Addition,51.4608250000,-0.3478640000
213000,2004-07-02 00:00:00Z,TW7 7PL,Terraced,Established,Freehold,16,,THATCHERS WAY,ISLEWORTH,ISLEWORTH,HOUNSLOW,GREATER LONDON,Standard,Addition,51.4601880000,-0.3492400000
250000,2004-11-26 00:00:00Z,TW3 2PR,Terraced,Established,Freehold,76,,CATHERINE GARDENS,HOUNSLOW,HOUNSLOW,HOUNSLOW,GREATER LONDON,Standard,Addition,51.4634780000,-0.3498130000
154950,2004-10-27 00:00:00Z,TW7 7PP,Terraced,Established,Freehold,14,,HARVESTERS CLOSE,ISLEWORTH,ISLEWORTH,HOUNSLOW,GREATER LONDON,Standard,Addition,51.4616460000,-0.3473880000
245000,2004-07-30 00:00:00Z,TW7 7PJ,Semi-Detached,Established,Freehold,2,,PLOUGHMANS END,ISLEWORTH,ISLEWORTH,HOUNSLOW,GREATER LONDON,Standard,Addition,51.4602000000,-0.3488220000
148000,2005-09-22 00:00:00Z,TW7 6NE,Flats/Maisonettes,Established,Leasehold,"DOUGLAS BADER HOUSE, 9",23,GIBSON CLOSE,ISLEWORTH,ISLEWORTH,HOUNSLOW,GREATER LONDON,Standard,Addition,51.4684800000,-0.3467380000
315000,2005-08-01 00:00:00Z,TW7 6LT,Terraced,Established,Freehold,228,,WOODLAND GARDENS,ISLEWORTH,ISLEWORTH,HOUNSLOW,GREATER LONDON,Standard,Addition,51.4693450000,-0.3443750000
250000,2005-03-24 00:00:00Z,TW7 6HL,Terraced,Established,Freehold,65,,WORTON ROAD,,ISLEWORTH,HOUNSLOW,GREATER LONDON,Standard,Addition,51.4666800000,-0.3428010000
75500,2005-03-11 00:00:00Z,TW7 6NE,Flats/Maisonettes,Established,Leasehold,"DOUGLAS BADER HOUSE, 9",3,GIBSON CLOSE,ISLEWORTH,ISLEWORTH,HOUNSLOW,GREATER LONDON,Standard,Addition,51.4684800000,-0.3467380000
180000,2005-02-04 00:00:00Z,TW7 6ER,Flats/Maisonettes,Established,Freehold,WORTON COURT,UNIT 5,WORTON ROAD,ISLEWORTH,ISLEWORTH,HOUNSLOW,GREATER LONDON,Standard,Addition,51.4651280000,-0.3449740000
225000,2005-07-22 00:00:00Z,TW7 6HE,Semi-Detached,Established,Freehold,112,,BRIDGE ROAD,ISLEWORTH,ISLEWORTH,HOUNSLOW,GREATER LONDON,Standard,Addition,51.4675950000,-0.3458630000
168000,2005-11-18 00:00:00Z,TW7 7PT,Terraced,Established,Freehold,12,,GLEN WALK,,ISLEWORTH,HOUNSLOW,GREATER LONDON,Standard,Addition,51.4603500000,-0.3480110000
158000,2005-06-23 00:00:00Z,TW7 7PL,Flats/Maisonettes,Established,Leasehold,28,,THATCHERS WAY,,ISLEWORTH,HOUNSLOW,GREATER LONDON,Standard,Addition,51.4601880000,-0.3492400000
249950,2005-10-14 00:00:00Z,TW3 2PX,Semi-Detached,Established,Freehold,176,,ELLERDINE ROAD,HOUNSLOW,HOUNSLOW,HOUNSLOW,GREATER LONDON,Standard,Addition,51.4621860000,-0.3493550000
245000,2005-03-18 00:00:00Z,TW3 2PF,Semi-Detached,Established,Freehold,57,,CHATSWORTH CRESCENT,,HOUNSLOW,HOUNSLOW,GREATER LONDON,Standard,Addition,51.4663530000,-0.3496370000
220000,2005-03-23 00:00:00Z,TW3 2PR,Semi-Detached,Established,Freehold,26,,CATHERINE GARDENS,HOUNSLOW,HOUNSLOW,HOUNSLOW,GREATER LONDON,Standard,Addition,51.4634780000,-0.3498130000
280000,2005-06-29 00:00:00Z,TW7 6LS,Semi-Detached,Established,Freehold,162,,WOODLAND GARDENS,ISLEWORTH,ISLEWORTH,HOUNSLOW,GREATER LONDON,Standard,Addition,51.4688270000,-0.3426510000
246500,2005-04-18 00:00:00Z,TW7 6EZ,Terraced,Established,Freehold,63,,ELMER GARDENS,ISLEWORTH,ISLEWORTH,HOUNSLOW,GREATER LONDON,Standard,Addition,51.4674160000,-0.3485040000
273000,2005-07-01 00:00:00Z,TW3 2PA,Semi-Detached,Established,Freehold,12,,HELDMANN CLOSE,,HOUNSLOW,HOUNSLOW,GREATER LONDON,Standard,Addition,51.4662350000,-0.3475970000
245000,2005-10-26 00:00:00Z,TW7 6LB,Terraced,Established,Freehold,82,,SUSSEX AVENUE,ISLEWORTH,ISLEWORTH,HOUNSLOW,GREATER LONDON,Standard,Addition,51.4683080000,-0.3428860000
155000,2005-09-07 00:00:00Z,TW7 7PW,Flats/Maisonettes,Established,Leasehold,12,,BRACKEN END,ISLEWORTH,ISLEWORTH,HOUNSLOW,GREATER LONDON,Standard,Addition,51.4617810000,-0.3480460000
275000,2005-08-01 00:00:00Z,TW3 2PS,Semi-Detached,Established,Freehold,70,,ELLERDINE ROAD,HOUNSLOW,HOUNSLOW,HOUNSLOW,GREATER LONDON,Standard,Addition,51.4643230000,-0.3484870000
223000,2005-09-01 00:00:00Z,TW7 6LZ,Semi-Detached,Established,Freehold,17,,GIBSON CLOSE,ISLEWORTH,ISLEWORTH,HOUNSLOW,GREATER LONDON,Standard,Addition,51.4681030000,-0.3455570000
310000,2005-05-26 00:00:00Z,TW3 2NU,Terraced,Established,Freehold,209,,HEATH ROAD,,HOUNSLOW,HOUNSLOW,GREATER LONDON,Standard,Addition,51.4652610000,-0.3486830000
245500,2005-09-20 00:00:00Z,TW7 6EY,Semi-Detached,Established,Freehold,35,,ELMER GARDENS,ISLEWORTH,ISLEWORTH,HOUNSLOW,GREATER LONDON,Standard,Addition,51.4680880000,-0.3483360000
231000,2005-09-21 00:00:00Z,TW3 2PR,Terraced,Established,Freehold,20,,CATHERINE GARDENS,HOUNSLOW,HOUNSLOW,HOUNSLOW,GREATER LONDON,Standard,Addition,51.4634780000,-0.3498130000
142000,2005-05-27 00:00:00Z,TW7 7PJ,Flats/Maisonettes,Established,Leasehold,13,,PLOUGHMANS END,,ISLEWORTH,HOUNSLOW,GREATER LONDON,Standard,Addition,51.4602000000,-0.3488220000
145000,2005-08-12 00:00:00Z,TW7 7PT,Semi-Detached,Established,Freehold,22,,GLEN WALK,,ISLEWORTH,HOUNSLOW,GREATER LONDON,Standard,Addition,51.4603500000,-0.3480110000
315000,2005-08-12 00:00:00Z,TW7 6LU,Semi-Detached,Established,Freehold,127,,WOODLAND GARDENS,ISLEWORTH,ISLEWORTH,HOUNSLOW,GREATER LONDON,Standard,Addition,51.4694750000,-0.3414470000
158000,2005-06-23 00:00:00Z,TW7 7PL,Semi-Detached,Established,Freehold,26,,THATCHERS WAY,,ISLEWORTH,HOUNSLOW,GREATER LONDON,Standard,Addition,51.4601880000,-0.3492400000
246000,2005-03-31 00:00:00Z,TW7 6LE,Semi-Detached,Established,Freehold,5,,CLAYTON ROAD,ISLEWORTH,ISLEWORTH,HOUNSLOW,GREATER LONDON,Standard,Addition,51.4673870000,-0.3419690000
246000,2005-03-18 00:00:00Z,TW7 6LA,Semi-Detached,Established,Freehold,8,,SUSSEX AVENUE,ISLEWORTH,ISLEWORTH,HOUNSLOW,GREATER LONDON,Standard,Addition,51.4689580000,-0.3449650000
235000,2005-04-01 00:00:00Z,TW7 6HN,Semi-Detached,Established,Freehold,8,,WORTON ROAD,ISLEWORTH,ISLEWORTH,HOUNSLOW,GREATER LONDON,Standard,Addition,51.4664280000,-0.3460060000
248000,2005-04-22 00:00:00Z,TW7 6LF,Semi-Detached,Established,Freehold,16,,ESSEX AVENUE,ISLEWORTH,ISLEWORTH,HOUNSLOW,GREATER LONDON,Standard,Addition,51.4676380000,-0.3431690000
205000,2005-03-24 00:00:00Z,TW7 6HH,Terraced,Established,Freehold,5,,OAK LANE,,ISLEWORTH,HOUNSLOW,GREATER LONDON,Standard,Addition,51.4664990000,-0.3408350000
140000,2005-04-08 00:00:00Z,TW7 7PU,Terraced,Established,Freehold,20,,WAINWRIGHT GROVE,ISLEWORTH,ISLEWORTH,HOUNSLOW,GREATER LONDON,Standard,Addition,51.4629340000,-0.3475430000
263500,2005-11-30 00:00:00Z,TW7 6HN,Semi-Detached,Established,Freehold,14,,WORTON ROAD,ISLEWORTH,ISLEWORTH,HOUNSLOW,GREATER LONDON,Standard,Addition,51.4664280000,-0.3460060000
243000,2005-02-25 00:00:00Z,TW7 6HL,Terraced,Established,Freehold,55,,WORTON ROAD,ISLEWORTH,ISLEWORTH,HOUNSLOW,GREATER LONDON,Standard,Addition,51.4666800000,-0.3428010000
249995,2005-09-30 00:00:00Z,TW3 2NX,Semi-Detached,Established,Freehold,214,,HEATH ROAD,HOUNSLOW,HOUNSLOW,HOUNSLOW,GREATER LONDON,Standard,Addition,51.4656030000,-0.3480880000
145000,2005-01-21 00:00:00Z,TW3 1SQ,Flats/Maisonettes,Established,Leasehold,177,,PEARS ROAD,HOUNSLOW,HOUNSLOW,HOUNSLOW,GREATER LONDON,Standard,Addition,51.4699030000,-0.3495090000
220000,2005-06-07 00:00:00Z,TW7 7PA,Terraced,Established,Freehold,61,,HALL ROAD,,ISLEWORTH,HOUNSLOW,GREATER LONDON,Standard,Addition,51.4642240000,-0.3478420000
162000,2005-10-28 00:00:00Z,TW7 7PT,Semi-Detached,Established,Freehold,2,,GLEN WALK,ISLEWORTH,ISLEWORTH,HOUNSLOW,GREATER LONDON,Standard,Addition,51.4603500000,-0.3480110000
237500,2005-10-11 00:00:00Z,TW7 7PB,Terraced,Established,Freehold,103,,HALL ROAD,,ISLEWORTH,HOUNSLOW,GREATER LONDON,Standard,Addition,51.4621220000,-0.3486380000
310000,2005-09-08 00:00:00Z,TW7 6LT,Semi-Detached,Established,Freehold,234,,WOODLAND GARDENS,ISLEWORTH,ISLEWORTH,HOUNSLOW,GREATER LONDON,Standard,Addition,51.4693450000,-0.3443750000
148500,2005-02-21 00:00:00Z,TW7 7PR,Terraced,Established,Freehold,37,,HEATHER CLOSE,,ISLEWORTH,HOUNSLOW,GREATER LONDON,Standard,Addition,51.4612460000,-0.3483820000
233000,2005-04-22 00:00:00Z,TW3 2PR,Terraced,Established,Freehold,10,,CATHERINE GARDENS,,HOUNSLOW,HOUNSLOW,GREATER LONDON,Standard,Addition,51.4634780000,-0.3498130000
224950,2005-12-23 00:00:00Z,TW7 6EY,Semi-Detached,Established,Freehold,11,,ELMER GARDENS,ISLEWORTH,ISLEWORTH,HOUNSLOW,GREATER LONDON,Standard,Addition,51.4680880000,-0.3483360000
267500,2005-06-25 00:00:00Z,TW7 6HR,Semi-Detached,Established,Freehold,56,,RIVERSIDE WALK,,ISLEWORTH,HOUNSLOW,GREATER LONDON,Standard,Addition,51.4675670000,-0.3413580000
266000,2005-03-14 00:00:00Z,TW7 6HJ,Semi-Detached,Established,Freehold,25,,WORTON ROAD,,ISLEWORTH,HOUNSLOW,GREATER LONDON,Standard,Addition,51.4664900000,-0.3453130000
250000,2005-12-14 00:00:00Z,TW3 2PX,Semi-Detached,Established,Freehold,184,,ELLERDINE ROAD,HOUNSLOW,HOUNSLOW,HOUNSLOW,GREATER LONDON,Standard,Addition,51.4621860000,-0.3493550000
249000,2005-10-28 00:00:00Z,TW3 2PR,Terraced,Established,Freehold,28,,CATHERINE GARDENS,HOUNSLOW,HOUNSLOW,HOUNSLOW,GREATER LONDON,Standard,Addition,51.4634780000,-0.3498130000
240000,2005-12-16 00:00:00Z,TW7 6LA,Semi-Detached,Established,Freehold,24,,SUSSEX AVENUE,ISLEWORTH,ISLEWORTH,HOUNSLOW,GREATER LONDON,Standard,Addition,51.4689580000,-0.3449650000
235000,2005-03-03 00:00:00Z,TW3 2PF,Semi-Detached,Established,Freehold,91,,CHATSWORTH CRESCENT,,HOUNSLOW,HOUNSLOW,GREATER LONDON,Standard,Addition,51.4663530000,-0.3496370000
309000,2006-07-14 00:00:00Z,TW7 6LT,Semi-Detached,Established,Freehold,226,,WOODLAND GARDENS,ISLEWORTH,ISLEWORTH,HOUNSLOW,GREATER LONDON,Standard,Addition,51.4693450000,-0.3443750000
250000,2006-01-06 00:00:00Z,TW3 2PX,Semi-Detached,Established,Freehold,138,,ELLERDINE ROAD,HOUNSLOW,HOUNSLOW,HOUNSLOW,GREATER LONDON,Standard,Addition,51.4621860000,-0.3493550000
310000,2006-06-12 00:00:00Z,TW3 2PA,Semi-Detached,Established,Freehold,29A,,HELDMANN CLOSE,HOUNSLOW,HOUNSLOW,HOUNSLOW,GREATER LONDON,Standard,Addition,51.4662350000,-0.3475970000
228000,2006-03-03 00:00:00Z,TW3 2PR,Terraced,Established,Freehold,84,,CATHERINE GARDENS,,HOUNSLOW,HOUNSLOW,GREATER LONDON,Standard,Addition,51.4634780000,-0.3498130000
288000,2006-02-03 00:00:00Z,TW7 6LJ,Semi-Detached,Established,Freehold,23,,SUSSEX AVENUE,ISLEWORTH,ISLEWORTH,HOUNSLOW,GREATER LONDON,Standard,Addition,51.4687760000,-0.3454030000
270500,2006-08-18 00:00:00Z,TW7 6HE,Semi-Detached,Established,Freehold,106,,BRIDGE ROAD,ISLEWORTH,ISLEWORTH,HOUNSLOW,GREATER LONDON,Standard,Addition,51.4675950000,-0.3458630000
265000,2006-06-02 00:00:00Z,TW7 6LA,Semi-Detached,Established,Freehold,44,,SUSSEX AVENUE,ISLEWORTH,ISLEWORTH,HOUNSLOW,GREATER LONDON,Standard,Addition,51.4689580000,-0.3449650000
275000,2006-06-28 00:00:00Z,TW7 6HA,Terraced,Established,Freehold,122,,ELMER GARDENS,ISLEWORTH,ISLEWORTH,HOUNSLOW,GREATER LONDON,Standard,Addition,51.4670700000,-0.3488190000
245000,2006-01-25 00:00:00Z,TW7 6LB,Semi-Detached,Established,Freehold,100,,SUSSEX AVENUE,ISLEWORTH,ISLEWORTH,HOUNSLOW,GREATER LONDON,Standard,Addition,51.4683080000,-0.3428860000
280000,2006-02-13 00:00:00Z,TW7 6LA,Semi-Detached,Established,Freehold,26,,SUSSEX AVENUE,ISLEWORTH,ISLEWORTH,HOUNSLOW,GREATER LONDON,Standard,Addition,51.4689580000,-0.3449650000
103000,2006-01-25 00:00:00Z,TW7 7PU,Terraced,Established,Leasehold,10,,WAINWRIGHT GROVE,ISLEWORTH,ISLEWORTH,HOUNSLOW,GREATER LONDON,Standard,Addition,51.4629340000,-0.3475430000
249950,2006-06-07 00:00:00Z,TW7 7PJ,Semi-Detached,Established,Freehold,3,,PLOUGHMANS END,ISLEWORTH,ISLEWORTH,HOUNSLOW,GREATER LONDON,Standard,Addition,51.4602000000,-0.3488220000
255000,2006-10-25 00:00:00Z,TW7 6HA,Terraced,Established,Freehold,100,,ELMER GARDENS,ISLEWORTH,ISLEWORTH,HOUNSLOW,GREATER LONDON,Standard,Addition,51.4670700000,-0.3488190000
229000,2006-11-17 00:00:00Z,TW7 7PR,Terraced,Established,Freehold,28,,HEATHER CLOSE,ISLEWORTH,ISLEWORTH,HOUNSLOW,GREATER LONDON,Standard,Addition,51.4612460000,-0.3483820000
285000,2006-07-21 00:00:00Z,TW7 7PB,Terraced,Established,Freehold,113,,HALL ROAD,ISLEWORTH,ISLEWORTH,HOUNSLOW,GREATER LONDON,Standard,Addition,51.4621220000,-0.3486380000
167500,2006-03-17 00:00:00Z,TW7 7PS,Terraced,Established,Freehold,58,,HARVESTERS CLOSE,ISLEWORTH,ISLEWORTH,HOUNSLOW,GREATER LONDON,Standard,Addition,51.4608250000,-0.3478640000
224000,2006-04-21 00:00:00Z,TW7 7PQ,Semi-Detached,Established,Freehold,26,,HALL ROAD,ISLEWORTH,ISLEWORTH,HOUNSLOW,GREATER LONDON,Standard,Addition,51.4642140000,-0.3471520000
299950,2006-01-04 00:00:00Z,TW3 2PD,Semi-Detached,Established,Freehold,98,,CHATSWORTH CRESCENT,HOUNSLOW,HOUNSLOW,HOUNSLOW,GREATER LONDON,Standard,Addition,51.4667670000,-0.3496220000
310000,2006-06-06 00:00:00Z,TW3 2PA,Semi-Detached,Established,Freehold,27A,,HELDMANN CLOSE,HOUNSLOW,HOUNSLOW,HOUNSLOW,GREATER LONDON,Standard,Addition,51.4662350000,-0.3475970000
265000,2006-08-25 00:00:00Z,TW7 6HB,Semi-Detached,Established,Freehold,46,,ELMER GARDENS,ISLEWORTH,ISLEWORTH,HOUNSLOW,GREATER LONDON,Standard,Addition,51.4682840000,-0.3487750000
214950,2006-02-10 00:00:00Z,TW7 7PJ,Terraced,Established,Freehold,17,,PLOUGHMANS END,,ISLEWORTH,HOUNSLOW,GREATER LONDON,Standard,Addition,51.4602000000,-0.3488220000
160000,2006-06-16 00:00:00Z,TW7 7PP,Flats/Maisonettes,Established,Freehold,45,,HARVESTERS CLOSE,ISLEWORTH,ISLEWORTH,HOUNSLOW,GREATER LONDON,Standard,Addition,51.4616460000,-0.3473880000
247000,2006-08-31 00:00:00Z,TW3 2PX,Terraced,Established,Freehold,142,,ELLERDINE ROAD,HOUNSLOW,HOUNSLOW,HOUNSLOW,GREATER LONDON,Standard,Addition,51.4621860000,-0.3493550000
400000,2006-04-28 00:00:00Z,TW7 6LU,Detached,Established,Freehold,117,,WOODLAND GARDENS,ISLEWORTH,ISLEWORTH,HOUNSLOW,GREATER LONDON,Standard,Addition,51.4694750000,-0.3414470000
269950,2006-11-20 00:00:00Z,TW7 6EZ,Semi-Detached,Established,Freehold,47,,ELMER GARDENS,ISLEWORTH,ISLEWORTH,HOUNSLOW,GREATER LONDON,Standard,Addition,51.4674160000,-0.3485040000
250000,2006-07-04 00:00:00Z,TW7 6HB,Semi-Detached,Established,Freehold,20,,ELMER GARDENS,ISLEWORTH,ISLEWORTH,HOUNSLOW,GREATER LONDON,Standard,Addition,51.4682840000,-0.3487750000
248000,2006-02-24 00:00:00Z,TW3 2PX,Semi-Detached,Established,Freehold,136,,ELLERDINE ROAD,HOUNSLOW,HOUNSLOW,HOUNSLOW,GREATER LONDON,Standard,Addition,51.4621860000,-0.3493550000
277000,2006-12-15 00:00:00Z,TW7 6LD,Semi-Detached,Established,Freehold,71,,SUSSEX AVENUE,ISLEWORTH,ISLEWORTH,HOUNSLOW,GREATER LONDON,Standard,Addition,51.4679670000,-0.3428980000
205000,2006-03-24 00:00:00Z,TW7 7PR,Terraced,Established,Freehold,26,,HEATHER CLOSE,ISLEWORTH,ISLEWORTH,HOUNSLOW,GREATER LONDON,Standard,Addition,51.4612460000,-0.3483820000
262000,2006-09-14 00:00:00Z,TW7 6HB,Semi-Detached,Established,Freehold,16,,ELMER GARDENS,,ISLEWORTH,HOUNSLOW,GREATER LONDON,Standard,Addition,51.4682840000,-0.3487750000
236000,2006-06-20 00:00:00Z,TW7 7PJ,Terraced,Established,Freehold,9,,PLOUGHMANS END,ISLEWORTH,ISLEWORTH,HOUNSLOW,GREATER LONDON,Standard,Addition,51.4602000000,-0.3488220000
280000,2006-02-10 00:00:00Z,TW7 6LA,Semi-Detached,Established,Freehold,50,,SUSSEX AVENUE,ISLEWORTH,ISLEWORTH,HOUNSLOW,GREATER LONDON,Standard,Addition,51.4689580000,-0.3449650000
220000,2006-08-08 00:00:00Z,TW7 7PP,Terraced,Established,Freehold,17,,HARVESTERS CLOSE,ISLEWORTH,ISLEWORTH,HOUNSLOW,GREATER LONDON,Standard,Addition,51.4616460000,-0.3473880000
191000,2006-08-18 00:00:00Z,TW7 6HF,Flats/Maisonettes,Established,Leasehold,127,,BRIDGE ROAD,ISLEWORTH,ISLEWORTH,HOUNSLOW,GREATER LONDON,Standard,Addition,51.4674120000,-0.3443290000
210000,2006-07-07 00:00:00Z,TW7 7PR,Terraced,Established,Freehold,29,,HEATHER CLOSE,ISLEWORTH,ISLEWORTH,HOUNSLOW,GREATER LONDON,Standard,Addition,51.4612460000,-0.3483820000
310000,2006-07-24 00:00:00Z,TW7 6LT,Semi-Detached,Established,Freehold,230,,WOODLAND GARDENS,ISLEWORTH,ISLEWORTH,HOUNSLOW,GREATER LONDON,Standard,Addition,51.4693450000,-0.3443750000
175000,2006-01-27 00:00:00Z,TW7 7PR,Flats/Maisonettes,Established,Leasehold,7,,HEATHER CLOSE,ISLEWORTH,ISLEWORTH,HOUNSLOW,GREATER LONDON,Standard,Addition,51.4612460000,-0.3483820000
303000,2006-08-04 00:00:00Z,TW7 6HR,Semi-Detached,Established,Freehold,57,,RIVERSIDE WALK,ISLEWORTH,ISLEWORTH,HOUNSLOW,GREATER LONDON,Standard,Addition,51.4675670000,-0.3413580000
290000,2006-06-02 00:00:00Z,TW7 6HE,Semi-Detached,Established,Freehold,120,,BRIDGE ROAD,ISLEWORTH,ISLEWORTH,HOUNSLOW,GREATER LONDON,Standard,Addition,51.4675950000,-0.3458630000
249950,2006-12-04 00:00:00Z,TW7 6LJ,Terraced,Established,Freehold,15,,SUSSEX AVENUE,ISLEWORTH,ISLEWORTH,HOUNSLOW,GREATER LONDON,Standard,Addition,51.4687760000,-0.3454030000
235000,2006-04-24 00:00:00Z,TW7 6EZ,Semi-Detached,Established,Freehold,47,,ELMER GARDENS,ISLEWORTH,ISLEWORTH,HOUNSLOW,GREATER LONDON,Standard,Addition,51.4674160000,-0.3485040000
267500,2006-07-14 00:00:00Z,TW7 6LF,Terraced,Established,Freehold,4,,ESSEX AVENUE,ISLEWORTH,ISLEWORTH,HOUNSLOW,GREATER LONDON,Standard,Addition,51.4676380000,-0.3431690000
245000,2006-03-03 00:00:00Z,TW7 6LF,Semi-Detached,Established,Freehold,32,,ESSEX AVENUE,ISLEWORTH,ISLEWORTH,HOUNSLOW,GREATER LONDON,Standard,Addition,51.4676380000,-0.3431690000
225000,2006-09-01 00:00:00Z,TW3 2PX,Semi-Detached,Established,Freehold,220,,ELLERDINE ROAD,HOUNSLOW,HOUNSLOW,HOUNSLOW,GREATER LONDON,Standard,Addition,51.4621860000,-0.3493550000
239950,2006-11-13 00:00:00Z,TW3 2PX,Terraced,Established,Freehold,158,,ELLERDINE ROAD,HOUNSLOW,HOUNSLOW,HOUNSLOW,GREATER LONDON,Standard,Addition,51.4621860000,-0.3493550000
132000,2006-12-20 00:00:00Z,TW7 6HH,Flats/Maisonettes,Established,Leasehold,9,,OAK LANE,ISLEWORTH,ISLEWORTH,HOUNSLOW,GREATER LONDON,Standard,Addition,51.4664990000,-0.3408350000
231000,2006-08-08 00:00:00Z,TW7 7PL,Semi-Detached,Established,Freehold,10,,THATCHERS WAY,ISLEWORTH,ISLEWORTH,HOUNSLOW,GREATER LONDON,Standard,Addition,51.4601880000,-0.3492400000
148000,2006-09-08 00:00:00Z,TW7 6NE,Flats/Maisonettes,Established,Leasehold,"DOUGLAS BADER HOUSE, 9",14,GIBSON CLOSE,ISLEWORTH,ISLEWORTH,HOUNSLOW,GREATER LONDON,Standard,Addition,51.4684800000,-0.3467380000
220000,2006-02-28 00:00:00Z,TW3 2PR,Semi-Detached,Established,Freehold,34,,CATHERINE GARDENS,HOUNSLOW,HOUNSLOW,HOUNSLOW,GREATER LONDON,Standard,Addition,51.4634780000,-0.3498130000
296000,2006-07-07 00:00:00Z,TW7 6HR,Semi-Detached,Established,Freehold,54,,RIVERSIDE WALK,ISLEWORTH,ISLEWORTH,HOUNSLOW,GREATER LONDON,Standard,Addition,51.4675670000,-0.3413580000
249000,2006-02-03 00:00:00Z,TW7 7PB,Terraced,Established,Freehold,83,,HALL ROAD,ISLEWORTH,ISLEWORTH,HOUNSLOW,GREATER LONDON,Standard,Addition,51.4621220000,-0.3486380000
218000,2006-06-22 00:00:00Z,TW7 7PL,Terraced,Established,Freehold,6,,THATCHERS WAY,ISLEWORTH,ISLEWORTH,HOUNSLOW,GREATER LONDON,Standard,Addition,51.4601880000,-0.3492400000
270000,2006-11-02 00:00:00Z,TW7 7PR,Semi-Detached,Established,Freehold,19,,HEATHER CLOSE,ISLEWORTH,ISLEWORTH,HOUNSLOW,GREATER LONDON,Standard,Addition,51.4612460000,-0.3483820000
250000,2006-07-12 00:00:00Z,TW7 6EY,Semi-Detached,Established,Freehold,33,,ELMER GARDENS,ISLEWORTH,ISLEWORTH,HOUNSLOW,GREATER LONDON,Standard,Addition,51.4680880000,-0.3483360000
270000,2006-01-10 00:00:00Z,TW7 6HE,Terraced,Established,Freehold,110,,BRIDGE ROAD,ISLEWORTH,ISLEWORTH,HOUNSLOW,GREATER LONDON,Standard,Addition,51.4675950000,-0.3458630000
265000,2006-05-08 00:00:00Z,TW3 2PU,Terraced,Established,Freehold,167,,ELLERDINE ROAD,HOUNSLOW,HOUNSLOW,HOUNSLOW,GREATER LONDON,Standard,Addition,51.4625140000,-0.3496890000
200000,2006-08-25 00:00:00Z,TW7 7PJ,Terraced,Established,Freehold,7,,PLOUGHMANS END,ISLEWORTH,ISLEWORTH,HOUNSLOW,GREATER LONDON,Standard,Addition,51.4602000000,-0.3488220000
239950,2006-11-14 00:00:00Z,TW7 6EJ,Terraced,Established,Freehold,5,,CHRISTABEL CLOSE,ISLEWORTH,ISLEWORTH,HOUNSLOW,GREATER LONDON,Standard,Addition,51.4674900000,-0.3403100000
150000,2006-07-05 00:00:00Z,TW7 6HG,Flats/Maisonettes,Established,Leasehold,72,,WORTON ROAD,ISLEWORTH,ISLEWORTH,HOUNSLOW,GREATER LONDON,Standard,Addition,51.4670920000,-0.3433480000
250000,2006-07-14 00:00:00Z,TW7 6JZ,Semi-Detached,Established,Freehold,138,,WOODLANDS ROAD,ISLEWORTH,ISLEWORTH,HOUNSLOW,GREATER LONDON,Standard,Addition,51.4698860000,-0.3457160000
280000,2006-09-15 00:00:00Z,TW7 6HA,Terraced,Established,Freehold,126,,ELMER GARDENS,ISLEWORTH,ISLEWORTH,HOUNSLOW,GREATER LONDON,Standard,Addition,51.4670700000,-0.3488190000
246000,2006-06-02 00:00:00Z,TW7 7PB,Semi-Detached,Established,Freehold,69,,HALL ROAD,ISLEWORTH,ISLEWORTH,HOUNSLOW,GREATER LONDON,Standard,Addition,51.4621220000,-0.3486380000
98000,2006-04-07 00:00:00Z,TW7 6HH,Flats/Maisonettes,Established,Leasehold,11,,OAK LANE,ISLEWORTH,ISLEWORTH,HOUNSLOW,GREATER LONDON,Standard,Addition,51.4664990000,-0.3408350000
335000,2007-08-30 00:00:00Z,TW7 6LJ,Terraced,Established,Freehold,15,,SUSSEX AVENUE,ISLEWORTH,ISLEWORTH,HOUNSLOW,GREATER LONDON,Standard,Addition,51.4687760000,-0.3454030000
185000,2007-11-29 00:00:00Z,TW7 7PP,Terraced,Established,Freehold,6,,HARVESTERS CLOSE,ISLEWORTH,ISLEWORTH,HOUNSLOW,GREATER LONDON,Standard,Addition,51.4616460000,-0.3473880000
265000,2007-09-06 00:00:00Z,TW7 7PA,Terraced,Established,Freehold,43,,HALL ROAD,,ISLEWORTH,HOUNSLOW,GREATER LONDON,Standard,Addition,51.4642240000,-0.3478420000
290000,2007-05-25 00:00:00Z,TW3 2PX,Semi-Detached,Established,Freehold,190,,ELLERDINE ROAD,HOUNSLOW,HOUNSLOW,HOUNSLOW,GREATER LONDON,Standard,Addition,51.4621860000,-0.3493550000
270000,2007-05-25 00:00:00Z,TW3 2PX,Semi-Detached,Established,Freehold,130,,ELLERDINE ROAD,HOUNSLOW,HOUNSLOW,HOUNSLOW,GREATER LONDON,Standard,Addition,51.4621860000,-0.3493550000
360000,2007-10-12 00:00:00Z,TW7 6LU,Semi-Detached,Established,Freehold,109,,WOODLAND GARDENS,ISLEWORTH,ISLEWORTH,HOUNSLOW,GREATER LONDON,Standard,Addition,51.4694750000,-0.3414470000
180000,2007-01-24 00:00:00Z,TW7 6HH,Terraced,Established,Leasehold,8,,OAK LANE,ISLEWORTH,ISLEWORTH,HOUNSLOW,GREATER LONDON,Standard,Addition,51.4664990000,-0.3408350000
247500,2007-07-11 00:00:00Z,TW7 6EJ,Terraced,Established,Freehold,14,,CHRISTABEL CLOSE,ISLEWORTH,ISLEWORTH,HOUNSLOW,GREATER LONDON,Standard,Addition,51.4674900000,-0.3403100000
300000,2007-08-24 00:00:00Z,TW3 2PA,Semi-Detached,Established,Freehold,10,,HELDMANN CLOSE,HOUNSLOW,HOUNSLOW,HOUNSLOW,GREATER LONDON,Standard,Addition,51.4662350000,-0.3475970000
248000,2007-06-08 00:00:00Z,TW7 7PJ,Terraced,Established,Freehold,7,,PLOUGHMANS END,ISLEWORTH,ISLEWORTH,HOUNSLOW,GREATER LONDON,Standard,Addition,51.4602000000,-0.3488220000
270000,2007-09-27 00:00:00Z,TW7 6HA,Semi-Detached,Established,Freehold,90,,ELMER GARDENS,ISLEWORTH,ISLEWORTH,HOUNSLOW,GREATER LONDON,Standard,Addition,51.4670700000,-0.3488190000
175000,2007-08-17 00:00:00Z,TW7 7PL,Flats/Maisonettes,Established,Leasehold,26,,THATCHERS WAY,ISLEWORTH,ISLEWORTH,HOUNSLOW,GREATER LONDON,Standard,Addition,51.4601880000,-0.3492400000
311000,2007-12-12 00:00:00Z,TW7 6LD,Semi-Detached,Established,Freehold,57,,SUSSEX AVENUE,ISLEWORTH,ISLEWORTH,HOUNSLOW,GREATER LONDON,Standard,Addition,51.4679670000,-0.3428980000
345000,2007-06-18 00:00:00Z,TW7 6LU,Semi-Detached,Established,Freehold,129,,WOODLAND GARDENS,ISLEWORTH,ISLEWORTH,HOUNSLOW,GREATER LONDON,Standard,Addition,51.4694750000,-0.3414470000
250000,2007-05-15 00:00:00Z,TW7 6HG,Semi-Detached,Established,Freehold,102,,WORTON ROAD,ISLEWORTH,ISLEWORTH,HOUNSLOW,GREATER LONDON,Standard,Addition,51.4670920000,-0.3433480000
237000,2007-03-13 00:00:00Z,TW7 7PP,Terraced,Established,Freehold,3,,HARVESTERS CLOSE,ISLEWORTH,ISLEWORTH,HOUNSLOW,GREATER LONDON,Standard,Addition,51.4616460000,-0.3473880000
269000,2007-07-27 00:00:00Z,TW7 6LE,Terraced,Established,Freehold,13,,CLAYTON ROAD,ISLEWORTH,ISLEWORTH,HOUNSLOW,GREATER LONDON,Standard,Addition,51.4673870000,-0.3419690000
305000,2007-12-03 00:00:00Z,TW7 6EX,Semi-Detached,Established,Freehold,18,,FARNELL ROAD,ISLEWORTH,ISLEWORTH,HOUNSLOW,GREATER LONDON,Standard,Addition,51.4670890000,-0.3463570000
257500,2007-06-14 00:00:00Z,TW7 6HB,Semi-Detached,Established,Freehold,10,,ELMER GARDENS,ISLEWORTH,ISLEWORTH,HOUNSLOW,GREATER LONDON,Standard,Addition,51.4682840000,-0.3487750000
314000,2007-09-28 00:00:00Z,TW7 6EZ,Semi-Detached,Established,Freehold,65,,ELMER GARDENS,ISLEWORTH,ISLEWORTH,HOUNSLOW,GREATER LONDON,Standard,Addition,51.4674160000,-0.3485040000
332500,2007-06-15 00:00:00Z,TW7 6LT,Semi-Detached,Established,Freehold,214,,WOODLAND GARDENS,ISLEWORTH,ISLEWORTH,HOUNSLOW,GREATER LONDON,Standard,Addition,51.4693450000,-0.3443750000
308000,2007-06-28 00:00:00Z,TW7 6LJ,Semi-Detached,Established,Freehold,25,,SUSSEX AVENUE,ISLEWORTH,ISLEWORTH,HOUNSLOW,GREATER LONDON,Standard,Addition,51.4687760000,-0.3454030000
165000,2007-01-31 00:00:00Z,TW7 7PU,Flats/Maisonettes,Established,Freehold,26,,WAINWRIGHT GROVE,ISLEWORTH,ISLEWORTH,HOUNSLOW,GREATER LONDON,Standard,Addition,51.4629340000,-0.3475430000
315000,2007-02-09 00:00:00Z,TW7 6JZ,Semi-Detached,Established,Freehold,140,,WOODLANDS ROAD,ISLEWORTH,ISLEWORTH,HOUNSLOW,GREATER LONDON,Standard,Addition,51.4698860000,-0.3457160000
284000,2007-02-28 00:00:00Z,TW3 2PD,Semi-Detached,Established,Freehold,92,,CHATSWORTH CRESCENT,HOUNSLOW,HOUNSLOW,HOUNSLOW,GREATER LONDON,Standard,Addition,51.4667670000,-0.3496220000
275000,2007-08-24 00:00:00Z,TW7 6HB,Semi-Detached,Established,Freehold,4,,ELMER GARDENS,ISLEWORTH,ISLEWORTH,HOUNSLOW,GREATER LONDON,Standard,Addition,51.4682840000,-0.3487750000
385000,2007-01-31 00:00:00Z,TW7 6LT,Semi-Detached,Established,Freehold,220,,WOODLAND GARDENS,ISLEWORTH,ISLEWORTH,HOUNSLOW,GREATER LONDON,Standard,Addition,51.4693450000,-0.3443750000
225000,2007-06-18 00:00:00Z,TW7 6HG,Terraced,Established,Leasehold,84,,WORTON ROAD,ISLEWORTH,ISLEWORTH,HOUNSLOW,GREATER LONDON,Standard,Addition,51.4670920000,-0.3433480000
138000,2007-03-30 00:00:00Z,TW7 7PT,Terraced,Established,Leasehold,18,,GLEN WALK,ISLEWORTH,ISLEWORTH,HOUNSLOW,GREATER LONDON,Standard,Addition,51.4603500000,-0.3480110000
295000,2007-08-02 00:00:00Z,TW7 6EZ,Semi-Detached,Established,Freehold,83,,ELMER GARDENS,ISLEWORTH,ISLEWORTH,HOUNSLOW,GREATER LONDON,Standard,Addition,51.4674160000,-0.3485040000
369950,2007-12-05 00:00:00Z,TW7 6LE,Semi-Detached,Established,Freehold,11,,CLAYTON ROAD,ISLEWORTH,ISLEWORTH,HOUNSLOW,GREATER LONDON,Standard,Addition,51.4673870000,-0.3419690000
186000,2007-09-28 00:00:00Z,TW7 7PP,Terraced,Established,Freehold,46,,HARVESTERS CLOSE,ISLEWORTH,ISLEWORTH,HOUNSLOW,GREATER LONDON,Standard,Addition,51.4616460000,-0.3473880000
299950,2007-09-19 00:00:00Z,TW3 2PD,Semi-Detached,Established,Freehold,122,,CHATSWORTH CRESCENT,HOUNSLOW,HOUNSLOW,HOUNSLOW,GREATER LONDON,Standard,Addition,51.4667670000,-0.3496220000
265000,2007-05-23 00:00:00Z,TW3 2PR,Terraced,Established,Freehold,74,,CATHERINE GARDENS,,HOUNSLOW,HOUNSLOW,GREATER LONDON,Standard,Addition,51.4634780000,-0.3498130000
475000,2007-11-22 00:00:00Z,TW7 6LS,Semi-Detached,Established,Freehold,166,,WOODLAND GARDENS,ISLEWORTH,ISLEWORTH,HOUNSLOW,GREATER LONDON,Standard,Addition,51.4688270000,-0.3426510000
175000,2007-06-29 00:00:00Z,TW3 1SQ,Flats/Maisonettes,Established,Leasehold,181,,PEARS ROAD,HOUNSLOW,HOUNSLOW,HOUNSLOW,GREATER LONDON,Standard,Addition,51.4699030000,-0.3495090000
170000,2007-07-02 00:00:00Z,TW7 6LB,Terraced,Established,Freehold,106,,SUSSEX AVENUE,ISLEWORTH,ISLEWORTH,HOUNSLOW,GREATER LONDON,Standard,Addition,51.4683080000,-0.3428860000
185000,2007-08-30 00:00:00Z,TW7 7PU,Semi-Detached,Established,Freehold,7,,WAINWRIGHT GROVE,ISLEWORTH,ISLEWORTH,HOUNSLOW,GREATER LONDON,Standard,Addition,51.4629340000,-0.3475430000
188950,2007-06-21 00:00:00Z,TW7 6HG,Flats/Maisonettes,Established,Leasehold,80,,WORTON ROAD,ISLEWORTH,ISLEWORTH,HOUNSLOW,GREATER LONDON,Standard,Addition,51.4670920000,-0.3433480000
290000,2007-02-23 00:00:00Z,TW7 6HP,Semi-Detached,Established,Freehold,39,,RIVERSIDE WALK,ISLEWORTH,ISLEWORTH,HOUNSLOW,GREATER LONDON,Standard,Addition,51.4690030000,-0.3404850000
334950,2007-09-05 00:00:00Z,TW7 6HR,Terraced,Established,Freehold,52,,RIVERSIDE WALK,ISLEWORTH,ISLEWORTH,HOUNSLOW,GREATER LONDON,Standard,Addition,51.4675670000,-0.3413580000
375000,2007-09-28 00:00:00Z,TW7 6LS,Semi-Detached,Established,Freehold,200,,WOODLAND GARDENS,ISLEWORTH,ISLEWORTH,HOUNSLOW,GREATER LONDON,Standard,Addition,51.4688270000,-0.3426510000
239500,2007-06-15 00:00:00Z,TW7 7PJ,Terraced,Established,Freehold,8,,PLOUGHMANS END,ISLEWORTH,ISLEWORTH,HOUNSLOW,GREATER LONDON,Standard,Addition,51.4602000000,-0.3488220000
270000,2007-05-24 00:00:00Z,TW3 2PT,Semi-Detached,Established,Freehold,105,,ELLERDINE ROAD,,HOUNSLOW,HOUNSLOW,GREATER LONDON,Standard,Addition,51.4639450000,-0.3490900000
291000,2007-06-12 00:00:00Z,TW7 7PJ,Semi-Detached,Established,Freehold,20,,PLOUGHMANS END,ISLEWORTH,ISLEWORTH,HOUNSLOW,GREATER LONDON,Standard,Addition,51.4602000000,-0.3488220000
311000,2007-05-30 00:00:00Z,TW7 6HB,Semi-Detached,Established,Freehold,32,,ELMER GARDENS,ISLEWORTH,ISLEWORTH,HOUNSLOW,GREATER LONDON,Standard,Addition,51.4682840000,-0.3487750000
324950,2007-06-28 00:00:00Z,TW7 6HB,Semi-Detached,Established,Freehold,48,,ELMER GARDENS,ISLEWORTH,ISLEWORTH,HOUNSLOW,GREATER LONDON,Standard,Addition,51.4682840000,-0.3487750000
320000,2007-11-23 00:00:00Z,TW7 7PB,Terraced,Established,Freehold,97,,HALL ROAD,ISLEWORTH,ISLEWORTH,HOUNSLOW,GREATER LONDON,Standard,Addition,51.4621220000,-0.3486380000
203000,2007-11-30 00:00:00Z,TW7 7PS,Semi-Detached,Established,Freehold,53,,HARVESTERS CLOSE,ISLEWORTH,ISLEWORTH,HOUNSLOW,GREATER LONDON,Standard,Addition,51.4608250000,-0.3478640000
380000,2007-06-01 00:00:00Z,TW7 6HN,Semi-Detached,Established,Freehold,14,,WORTON ROAD,ISLEWORTH,ISLEWORTH,HOUNSLOW,GREATER LONDON,Standard,Addition,51.4664280000,-0.3460060000
250000,2007-08-02 00:00:00Z,TW3 2PD,Semi-Detached,Established,Freehold,84,,CHATSWORTH CRESCENT,HOUNSLOW,HOUNSLOW,HOUNSLOW,GREATER LONDON,Standard,Addition,51.4667670000,-0.3496220000
245000,2007-01-30 00:00:00Z,TW7 6EZ,Semi-Detached,Established,Freehold,65,,ELMER GARDENS,ISLEWORTH,ISLEWORTH,HOUNSLOW,GREATER LONDON,Standard,Addition,51.4674160000,-0.3485040000
319000,2007-07-20 00:00:00Z,TW7 6HR,Semi-Detached,Established,Freehold,51,,RIVERSIDE WALK,ISLEWORTH,ISLEWORTH,HOUNSLOW,GREATER LONDON,Standard,Addition,51.4675670000,-0.3413580000
171000,2007-12-20 00:00:00Z,TW7 7PU,Semi-Detached,Established,Freehold,25,,WAINWRIGHT GROVE,ISLEWORTH,ISLEWORTH,HOUNSLOW,GREATER LONDON,Standard,Addition,51.4629340000,-0.3475430000
370000,2007-06-22 00:00:00Z,TW7 6EY,Semi-Detached,Established,Freehold,1,,ELMER GARDENS,ISLEWORTH,ISLEWORTH,HOUNSLOW,GREATER LONDON,Standard,Addition,51.4680880000,-0.3483360000
250000,2007-12-14 00:00:00Z,TW7 6HL,Terraced,Established,Freehold,57,,WORTON ROAD,ISLEWORTH,ISLEWORTH,HOUNSLOW,GREATER LONDON,Standard,Addition,51.4666800000,-0.3428010000
330000,2007-09-20 00:00:00Z,TW7 7PB,Semi-Detached,Established,Freehold,79,,HALL ROAD,ISLEWORTH,ISLEWORTH,HOUNSLOW,GREATER LONDON,Standard,Addition,51.4621220000,-0.3486380000
250000,2007-06-28 00:00:00Z,TW7 6HB,Semi-Detached,Established,Freehold,58,,ELMER GARDENS,ISLEWORTH,ISLEWORTH,HOUNSLOW,GREATER LONDON,Standard,Addition,51.4682840000,-0.3487750000
265000,2007-09-28 00:00:00Z,TW3 2PA,Semi-Detached,Established,Freehold,19,,HELDMANN CLOSE,HOUNSLOW,HOUNSLOW,HOUNSLOW,GREATER LONDON,Standard,Addition,51.4662350000,-0.3475970000
299950,2007-02-02 00:00:00Z,TW7 6LE,Semi-Detached,Established,Freehold,7,,CLAYTON ROAD,ISLEWORTH,ISLEWORTH,HOUNSLOW,GREATER LONDON,Standard,Addition,51.4673870000,-0.3419690000
269950,2007-12-05 00:00:00Z,TW3 2PA,Semi-Detached,Established,Freehold,8,,HELDMANN CLOSE,HOUNSLOW,HOUNSLOW,HOUNSLOW,GREATER LONDON,Standard,Addition,51.4662350000,-0.3475970000
330000,2007-11-23 00:00:00Z,TW7 7PA,Terraced,Established,Freehold,29,,HALL ROAD,ISLEWORTH,ISLEWORTH,HOUNSLOW,GREATER LONDON,Standard,Addition,51.4642240000,-0.3478420000
320000,2007-01-31 00:00:00Z,TW7 6LS,Semi-Detached,Established,Freehold,174,,WOODLAND GARDENS,ISLEWORTH,ISLEWORTH,HOUNSLOW,GREATER LONDON,Standard,Addition,51.4688270000,-0.3426510000
174000,2007-06-08 00:00:00Z,TW7 7PS,Flats/Maisonettes,Established,Leasehold,72,,HARVESTERS CLOSE,ISLEWORTH,ISLEWORTH,HOUNSLOW,GREATER LONDON,Standard,Addition,51.4608250000,-0.3478640000
285000,2007-05-18 00:00:00Z,TW7 6EZ,Terraced,Established,Freehold,67,,ELMER GARDENS,ISLEWORTH,ISLEWORTH,HOUNSLOW,GREATER LONDON,Standard,Addition,51.4674160000,-0.3485040000
250000,2007-05-25 00:00:00Z,TW3 2PA,Terraced,Established,Freehold,32,,HELDMANN CLOSE,HOUNSLOW,HOUNSLOW,HOUNSLOW,GREATER LONDON,Standard,Addition,51.4662350000,-0.3475970000
295000,2008-09-29 00:00:00Z,TW7 6LB,Semi-Detached,Established,Freehold,92,,SUSSEX AVENUE,ISLEWORTH,ISLEWORTH,HOUNSLOW,GREATER LONDON,Standard,Addition,51.4683080000,-0.3428860000
299950,2008-05-02 00:00:00Z,TW3 2PD,Semi-Detached,Established,Freehold,102,,CHATSWORTH CRESCENT,HOUNSLOW,HOUNSLOW,HOUNSLOW,GREATER LONDON,Standard,Addition,51.4667670000,-0.3496220000
302500,2008-03-14 00:00:00Z,TW7 6HJ,Semi-Detached,Established,Freehold,21,,WORTON ROAD,ISLEWORTH,ISLEWORTH,HOUNSLOW,GREATER LONDON,Standard,Addition,51.4664900000,-0.3453130000
285000,2008-03-28 00:00:00Z,TW7 7PP,Semi-Detached,Established,Freehold,38,,HARVESTERS CLOSE,ISLEWORTH,ISLEWORTH,HOUNSLOW,GREATER LONDON,Standard,Addition,51.4616460000,-0.3473880000
324000,2008-02-28 00:00:00Z,TW3 2PD,Semi-Detached,Established,Freehold,120,,CHATSWORTH CRESCENT,HOUNSLOW,HOUNSLOW,HOUNSLOW,GREATER LONDON,Standard,Addition,51.4667670000,-0.3496220000
275000,2008-04-23 00:00:00Z,TW3 2PD,Semi-Detached,Established,Freehold,84,,CHATSWORTH CRESCENT,HOUNSLOW,HOUNSLOW,HOUNSLOW,GREATER LONDON,Standard,Addition,51.4667670000,-0.3496220000
239000,2008-08-15 00:00:00Z,TW7 7PP,Terraced,Established,Freehold,43,,HARVESTERS CLOSE,ISLEWORTH,ISLEWORTH,HOUNSLOW,GREATER LONDON,Standard,Addition,51.4616460000,-0.3473880000
307500,2008-06-25 00:00:00Z,TW7 6HB,Semi-Detached,Established,Freehold,10,,ELMER GARDENS,ISLEWORTH,ISLEWORTH,HOUNSLOW,GREATER LONDON,Standard,Addition,51.4682840000,-0.3487750000
205000,2008-11-28 00:00:00Z,TW7 7PB,Semi-Detached,Established,Freehold,123,,HALL ROAD,,ISLEWORTH,HOUNSLOW,GREATER LONDON,Standard,Addition,51.4621220000,-0.3486380000
275000,2008-07-04 00:00:00Z,TW7 6LA,Semi-Detached,Established,Freehold,28,,SUSSEX AVENUE,ISLEWORTH,ISLEWORTH,HOUNSLOW,GREATER LONDON,Standard,Addition,51.4689580000,-0.3449650000
315000,2008-06-19 00:00:00Z,TW3 2PX,Semi-Detached,Established,Freehold,148,,ELLERDINE ROAD,HOUNSLOW,HOUNSLOW,HOUNSLOW,GREATER LONDON,Standard,Addition,51.4621860000,-0.3493550000
178000,2008-02-28 00:00:00Z,TW7 7PR,Flats/Maisonettes,Established,Leasehold,17,,HEATHER CLOSE,ISLEWORTH,ISLEWORTH,HOUNSLOW,GREATER LONDON,Standard,Addition,51.4612460000,-0.3483820000
250000,2008-02-27 00:00:00Z,TW7 7PA,Terraced,Established,Freehold,1,,HALL ROAD,ISLEWORTH,ISLEWORTH,HOUNSLOW,GREATER LONDON,Standard,Addition,51.4642240000,-0.3478420000
322000,2008-04-11 00:00:00Z,TW7 6EY,Semi-Detached,Established,Freehold,1,,ELMER GARDENS,ISLEWORTH,ISLEWORTH,HOUNSLOW,GREATER LONDON,Standard,Addition,51.4680880000,-0.3483360000
150000,2008-10-02 00:00:00Z,TW7 7PR,Terraced,Established,Freehold,22,,HEATHER CLOSE,ISLEWORTH,ISLEWORTH,HOUNSLOW,GREATER LONDON,Standard,Addition,51.4612460000,-0.3483820000
250000,2008-12-08 00:00:00Z,TW7 6LA,Semi-Detached,Established,Freehold,46,,SUSSEX AVENUE,ISLEWORTH,ISLEWORTH,HOUNSLOW,GREATER LONDON,Standard,Addition,51.4689580000,-0.3449650000
242000,2008-07-30 00:00:00Z,TW7 7PP,Terraced,Established,Freehold,26,,HARVESTERS CLOSE,ISLEWORTH,ISLEWORTH,HOUNSLOW,GREATER LONDON,Standard,Addition,51.4616460000,-0.3473880000
240000,2008-05-09 00:00:00Z,TW7 6EX,Semi-Detached,Established,Freehold,28,,FARNELL ROAD,ISLEWORTH,ISLEWORTH,HOUNSLOW,GREATER LONDON,Standard,Addition,51.4670890000,-0.3463570000
249950,2008-10-14 00:00:00Z,TW7 6EY,Semi-Detached,Established,Freehold,1A,,ELMER GARDENS,ISLEWORTH,ISLEWORTH,HOUNSLOW,GREATER LONDON,Standard,Addition,51.4680880000,-0.3483360000
240500,2008-01-11 00:00:00Z,TW7 6EJ,Terraced,Established,Freehold,3,,CHRISTABEL CLOSE,ISLEWORTH,ISLEWORTH,HOUNSLOW,GREATER LONDON,Standard,Addition,51.4674900000,-0.3403100000
275000,2008-12-05 00:00:00Z,TW7 7PA,Terraced,Established,Freehold,1,,HALL ROAD,,ISLEWORTH,HOUNSLOW,GREATER LONDON,Standard,Addition,51.4642240000,-0.3478420000
275000,2008-12-05 00:00:00Z,TW7 7PA,Terraced,Established,Freehold,1,,HALL ROAD,ISLEWORTH,ISLEWORTH,HOUNSLOW,GREATER LONDON,Standard,Addition,51.4642240000,-0.3478420000
275000,2008-06-27 00:00:00Z,TW7 7PR,Semi-Detached,Established,Freehold,32,,HEATHER CLOSE,ISLEWORTH,ISLEWORTH,HOUNSLOW,GREATER LONDON,Standard,Addition,51.4612460000,-0.3483820000
287500,2008-02-28 00:00:00Z,TW3 2PU,Semi-Detached,Established,Freehold,145,,ELLERDINE ROAD,HOUNSLOW,HOUNSLOW,HOUNSLOW,GREATER LONDON,Standard,Addition,51.4625140000,-0.3496890000
305000,2008-06-13 00:00:00Z,TW7 6LA,Semi-Detached,Established,Freehold,24,,SUSSEX AVENUE,ISLEWORTH,ISLEWORTH,HOUNSLOW,GREATER LONDON,Standard,Addition,51.4689580000,-0.3449650000
315000,2008-07-03 00:00:00Z,TW7 6HA,Semi-Detached,Established,Freehold,108,,ELMER GARDENS,ISLEWORTH,ISLEWORTH,HOUNSLOW,GREATER LONDON,Standard,Addition,51.4670700000,-0.3488190000
300000,2008-02-29 00:00:00Z,TW3 2PX,Terraced,Established,Freehold,200,,ELLERDINE ROAD,HOUNSLOW,HOUNSLOW,HOUNSLOW,GREATER LONDON,Standard,Addition,51.4621860000,-0.3493550000
249000,2008-04-11 00:00:00Z,TW3 2PS,Semi-Detached,Established,Freehold,118,,ELLERDINE ROAD,HOUNSLOW,HOUNSLOW,HOUNSLOW,GREATER LONDON,Standard,Addition,51.4643230000,-0.3484870000
200000,2008-02-29 00:00:00Z,TW7 6EJ,Terraced,Established,Freehold,2,,CHRISTABEL CLOSE,ISLEWORTH,ISLEWORTH,HOUNSLOW,GREATER LONDON,Standard,Addition,51.4674900000,-0.3403100000
256000,2008-03-17 00:00:00Z,TW7 6EJ,Terraced,Established,Freehold,4,,CHRISTABEL CLOSE,ISLEWORTH,ISLEWORTH,HOUNSLOW,GREATER LONDON,Standard,Addition,51.4674900000,-0.3403100000
276500,2008-04-25 00:00:00Z,TW7 7PL,Semi-Detached,Established,Freehold,10,,THATCHERS WAY,ISLEWORTH,ISLEWORTH,HOUNSLOW,GREATER LONDON,Standard,Addition,51.4601880000,-0.3492400000
250000,2008-09-01 00:00:00Z,TW7 7PR,Semi-Detached,Established,Freehold,20,,HEATHER CLOSE,ISLEWORTH,ISLEWORTH,HOUNSLOW,GREATER LONDON,Standard,Addition,51.4612460000,-0.3483820000
250000,2008-03-31 00:00:00Z,TW7 6EZ,Semi-Detached,Established,Freehold,75,,ELMER GARDENS,ISLEWORTH,ISLEWORTH,HOUNSLOW,GREATER LONDON,Standard,Addition,51.4674160000,-0.3485040000
320000,2008-10-03 00:00:00Z,TW7 6HP,Semi-Detached,Established,Freehold,19,,RIVERSIDE WALK,ISLEWORTH,ISLEWORTH,HOUNSLOW,GREATER LONDON,Standard,Addition,51.4690030000,-0.3404850000
340000,2009-04-15 00:00:00Z,TW7 6LS,Semi-Detached,Established,Freehold,168,,WOODLAND GARDENS,,ISLEWORTH,HOUNSLOW,GREATER LONDON,Standard,Addition,51.4688270000,-0.3426510000
158000,2009-09-18 00:00:00Z,TW7 7PP,Terraced,Established,Freehold,46,,HARVESTERS CLOSE,,ISLEWORTH,HOUNSLOW,GREATER LONDON,Standard,Addition,51.4616460000,-0.3473880000
209472,2009-07-27 00:00:00Z,TW7 6LE,Detached,Established,Freehold,17,,CLAYTON ROAD,,ISLEWORTH,HOUNSLOW,GREATER LONDON,Standard,Addition,51.4673870000,-0.3419690000
245000,2009-08-27 00:00:00Z,TW7 6HN,Semi-Detached,Established,Freehold,6,,WORTON ROAD,,ISLEWORTH,HOUNSLOW,GREATER LONDON,Standard,Addition,51.4664280000,-0.3460060000
285000,2009-08-28 00:00:00Z,TW7 6LR,Semi-Detached,Established,Freehold,148,,WOODLAND GARDENS,,ISLEWORTH,HOUNSLOW,GREATER LONDON,Standard,Addition,51.4693330000,-0.3409200000
320000,2009-07-17 00:00:00Z,TW7 6HA,Terraced,Established,Freehold,124,,ELMER GARDENS,,ISLEWORTH,HOUNSLOW,GREATER LONDON,Standard,Addition,51.4670700000,-0.3488190000
302000,2009-10-06 00:00:00Z,TW3 2PD,Semi-Detached,Established,Freehold,96,,CHATSWORTH CRESCENT,,HOUNSLOW,HOUNSLOW,GREATER LONDON,Standard,Addition,51.4667670000,-0.3496220000
235000,2009-06-29 00:00:00Z,TW7 7PL,Semi-Detached,Established,Freehold,23,,THATCHERS WAY,,ISLEWORTH,HOUNSLOW,GREATER LONDON,Standard,Addition,51.4601880000,-0.3492400000
342000,2009-12-11 00:00:00Z,TW7 6LS,Semi-Detached,Established,Freehold,202,,WOODLAND GARDENS,,ISLEWORTH,HOUNSLOW,GREATER LONDON,Standard,Addition,51.4688270000,-0.3426510000
231000,2009-10-28 00:00:00Z,TW7 7PP,Semi-Detached,Established,Freehold,13,,HARVESTERS CLOSE,,ISLEWORTH,HOUNSLOW,GREATER LONDON,Standard,Addition,51.4616460000,-0.3473880000
175000,2009-06-30 00:00:00Z,TW7 6EJ,Terraced,Established,Freehold,6,,CHRISTABEL CLOSE,,ISLEWORTH,HOUNSLOW,GREATER LONDON,Standard,Addition,51.4674900000,-0.3403100000
210000,2009-07-14 00:00:00Z,TW7 7PU,Semi-Detached,Established,Freehold,18,,WAINWRIGHT GROVE,,ISLEWORTH,HOUNSLOW,GREATER LONDON,Standard,Addition,51.4629340000,-0.3475430000
149000,2009-07-03 00:00:00Z,TW7 6NE,Flats/Maisonettes,Established,Leasehold,"DOUGLAS BADER HOUSE, 9",14,GIBSON CLOSE,,ISLEWORTH,HOUNSLOW,GREATER LONDON,Standard,Addition,51.4684800000,-0.3467380000
190000,2009-12-14 00:00:00Z,TW7 6HG,Semi-Detached,Established,Leasehold,74,,WORTON ROAD,,ISLEWORTH,HOUNSLOW,GREATER LONDON,Standard,Addition,51.4670920000,-0.3433480000
242500,2009-05-22 00:00:00Z,TW7 6LU,Semi-Detached,Established,Freehold,99,,WOODLAND GARDENS,,ISLEWORTH,HOUNSLOW,GREATER LONDON,Standard,Addition,51.4694750000,-0.3414470000
249950,2009-10-02 00:00:00Z,TW7 7PN,Terraced,Established,Freehold,1,,REAPERS WAY,,ISLEWORTH,HOUNSLOW,GREATER LONDON,Standard,Addition,51.4605070000,-0.3495170000
317500,2009-10-16 00:00:00Z,TW7 6LJ,Semi-Detached,Established,Freehold,5,,SUSSEX AVENUE,,ISLEWORTH,HOUNSLOW,GREATER LONDON,Standard,Addition,51.4687760000,-0.3454030000
220000,2009-06-04 00:00:00Z,TW7 6LF,Detached,Established,Freehold,3,,ESSEX AVENUE,,ISLEWORTH,HOUNSLOW,GREATER LONDON,Standard,Addition,51.4676380000,-0.3431690000
301500,2009-10-06 00:00:00Z,TW7 6LR,Semi-Detached,Established,Freehold,160,,WOODLAND GARDENS,,ISLEWORTH,HOUNSLOW,GREATER LONDON,Standard,Addition,51.4693330000,-0.3409200000
258000,2009-10-16 00:00:00Z,TW7 7PQ,Semi-Detached,Established,Freehold,24,,HALL ROAD,,ISLEWORTH,HOUNSLOW,GREATER LONDON,Standard,Addition,51.4642140000,-0.3471520000
240000,2009-02-02 00:00:00Z,TW7 6EX,Semi-Detached,Established,Freehold,36,,FARNELL ROAD,ISLEWORTH,ISLEWORTH,HOUNSLOW,GREATER LONDON,Standard,Addition,51.4670890000,-0.3463570000
270000,2009-08-18 00:00:00Z,TW7 6HL,Semi-Detached,Established,Freehold,49,,WORTON ROAD,,ISLEWORTH,HOUNSLOW,GREATER LONDON,Standard,Addition,51.4666800000,-0.3428010000
340000,2009-08-11 00:00:00Z,TW7 6LR,Semi-Detached,Established,Freehold,120,,WOODLAND GARDENS,,ISLEWORTH,HOUNSLOW,GREATER LONDON,Standard,Addition,51.4693330000,-0.3409200000
170000,2009-12-22 00:00:00Z,TW7 7PT,Terraced,Established,Freehold,4,,GLEN WALK,,ISLEWORTH,HOUNSLOW,GREATER LONDON,Standard,Addition,51.4603500000,-0.3480110000
370000,2009-12-11 00:00:00Z,TW7 6LU,Semi-Detached,Established,Freehold,131,,WOODLAND GARDENS,,ISLEWORTH,HOUNSLOW,GREATER LONDON,Standard,Addition,51.4694750000,-0.3414470000
205000,2010-09-08 00:00:00Z,TW7 6EJ,Semi-Detached,Established,Freehold,1,,CHRISTABEL CLOSE,,ISLEWORTH,HOUNSLOW,GREATER LONDON,Standard,Addition,51.4674900000,-0.3403100000
96250,2010-02-23 00:00:00Z,TW7 7PP,Semi-Detached,Established,Freehold,7,,HARVESTERS CLOSE,,ISLEWORTH,HOUNSLOW,GREATER LONDON,Standard,Addition,51.4616460000,-0.3473880000
249950,2010-10-05 00:00:00Z,TW7 7PJ,Semi-Detached,Established,Freehold,1,,PLOUGHMANS END,,ISLEWORTH,HOUNSLOW,GREATER LONDON,Standard,Addition,51.4602000000,-0.3488220000
250000,2010-04-18 00:00:00Z,TW3 2PR,Semi-Detached,Established,Freehold,36,,CATHERINE GARDENS,,HOUNSLOW,HOUNSLOW,GREATER LONDON,Standard,Addition,51.4634780000,-0.3498130000
295000,2010-12-14 00:00:00Z,TW7 7PA,Terraced,Established,Freehold,47,,HALL ROAD,,ISLEWORTH,HOUNSLOW,GREATER LONDON,Standard,Addition,51.4642240000,-0.3478420000
218000,2010-01-29 00:00:00Z,TW7 7PL,Terraced,Established,Freehold,16,,THATCHERS WAY,,ISLEWORTH,HOUNSLOW,GREATER LONDON,Standard,Addition,51.4601880000,-0.3492400000
230000,2010-09-20 00:00:00Z,TW7 6HG,Terraced,Established,Leasehold,84,,WORTON ROAD,,ISLEWORTH,HOUNSLOW,GREATER LONDON,Standard,Addition,51.4670920000,-0.3433480000
230000,2010-10-29 00:00:00Z,TW3 2PX,Semi-Detached,Established,Freehold,216,,ELLERDINE ROAD,,HOUNSLOW,HOUNSLOW,GREATER LONDON,Standard,Addition,51.4621860000,-0.3493550000
459000,2010-08-26 00:00:00Z,TW7 6LU,Semi-Detached,Established,Freehold,131,,WOODLAND GARDENS,,ISLEWORTH,HOUNSLOW,GREATER LONDON,Standard,Addition,51.4694750000,-0.3414470000
215000,2010-11-10 00:00:00Z,TW7 7PS,Terraced,Established,Freehold,55,,HARVESTERS CLOSE,,ISLEWORTH,HOUNSLOW,GREATER LONDON,Standard,Addition,51.4608250000,-0.3478640000
305000,2010-10-20 00:00:00Z,TW3 2PU,Semi-Detached,Established,Freehold,143,,ELLERDINE ROAD,,HOUNSLOW,HOUNSLOW,GREATER LONDON,Standard,Addition,51.4625140000,-0.3496890000
220000,2010-04-16 00:00:00Z,TW7 7PP,Terraced,Established,Freehold,11,,HARVESTERS CLOSE,,ISLEWORTH,HOUNSLOW,GREATER LONDON,Standard,Addition,51.4616460000,-0.3473880000
110000,2010-03-15 00:00:00Z,TW7 7PU,Terraced,Established,Leasehold,10,,WAINWRIGHT GROVE,,ISLEWORTH,HOUNSLOW,GREATER LONDON,Standard,Addition,51.4629340000,-0.3475430000
196000,2010-08-24 00:00:00Z,TW7 7PU,Terraced,Established,Freehold,13,,WAINWRIGHT GROVE,,ISLEWORTH,HOUNSLOW,GREATER LONDON,Standard,Addition,51.4629340000,-0.3475430000
274000,2010-04-12 00:00:00Z,TW3 2PX,Semi-Detached,Established,Freehold,138,,ELLERDINE ROAD,,HOUNSLOW,HOUNSLOW,GREATER LONDON,Standard,Addition,51.4621860000,-0.3493550000
275000,2010-04-30 00:00:00Z,TW7 6HA,Terraced,Established,Freehold,104,,ELMER GARDENS,,ISLEWORTH,HOUNSLOW,GREATER LONDON,Standard,Addition,51.4670700000,-0.3488190000
92500,2010-03-15 00:00:00Z,TW7 7PU,Terraced,Established,Leasehold,8,,WAINWRIGHT GROVE,,ISLEWORTH,HOUNSLOW,GREATER LONDON,Standard,Addition,51.4629340000,-0.3475430000
249950,2010-01-29 00:00:00Z,TW3 2PU,Semi-Detached,Established,Freehold,177,,ELLERDINE ROAD,,HOUNSLOW,HOUNSLOW,GREATER LONDON,Standard,Addition,51.4625140000,-0.3496890000
249950,2010-12-20 00:00:00Z,TW7 6LA,Semi-Detached,Established,Freehold,6,,SUSSEX AVENUE,,ISLEWORTH,HOUNSLOW,GREATER LONDON,Standard,Addition,51.4689580000,-0.3449650000
116500,2010-12-07 00:00:00Z,TW7 7PT,Terraced,Established,Leasehold,6,,GLEN WALK,,ISLEWORTH,HOUNSLOW,GREATER LONDON,Standard,Addition,51.4603500000,-0.3480110000
278000,2010-11-04 00:00:00Z,TW3 2PS,Terraced,Established,Freehold,98,,ELLERDINE ROAD,,HOUNSLOW,HOUNSLOW,GREATER LONDON,Standard,Addition,51.4643230000,-0.3484870000
77500,2010-06-18 00:00:00Z,TW7 6NE,Flats/Maisonettes,Established,Leasehold,"DOUGLAS BADER HOUSE, 9",3,GIBSON CLOSE,,ISLEWORTH,HOUNSLOW,GREATER LONDON,Standard,Addition,51.4684800000,-0.3467380000
275000,2010-05-06 00:00:00Z,TW7 6LF,Terraced,Established,Freehold,26,,ESSEX AVENUE,,ISLEWORTH,HOUNSLOW,GREATER LONDON,Standard,Addition,51.4676380000,-0.3431690000
350000,2010-07-09 00:00:00Z,TW7 6LS,Semi-Detached,Established,Freehold,184,,WOODLAND GARDENS,,ISLEWORTH,HOUNSLOW,GREATER LONDON,Standard,Addition,51.4688270000,-0.3426510000
263000,2010-02-26 00:00:00Z,TW7 6HA,Semi-Detached,Established,Freehold,96,,ELMER GARDENS,,ISLEWORTH,HOUNSLOW,GREATER LONDON,Standard,Addition,51.4670700000,-0.3488190000
340000,2010-08-12 00:00:00Z,TW7 7PB,Semi-Detached,Established,Freehold,111,,HALL ROAD,,ISLEWORTH,HOUNSLOW,GREATER LONDON,Standard,Addition,51.4621220000,-0.3486380000
325000,2011-03-10 00:00:00Z,TW7 6LA,Semi-Detached,Established,Freehold,38,,SUSSEX AVENUE,,ISLEWORTH,HOUNSLOW,GREATER LONDON,Standard,Addition,51.4689580000,-0.3449650000
270000,2011-08-26 00:00:00Z,TW3 2PR,Terraced,Established,Freehold,14,,CATHERINE GARDENS,,HOUNSLOW,HOUNSLOW,GREATER LONDON,Standard,Addition,51.4634780000,-0.3498130000
323000,2011-01-21 00:00:00Z,TW7 6LT,Semi-Detached,Established,Freehold,222,,WOODLAND GARDENS,,ISLEWORTH,HOUNSLOW,GREATER LONDON,Standard,Addition,51.4693450000,-0.3443750000
260000,2011-04-15 00:00:00Z,TW7 6LA,Terraced,Established,Freehold,10,,SUSSEX AVENUE,,ISLEWORTH,HOUNSLOW,GREATER LONDON,Standard,Addition,51.4689580000,-0.3449650000
340000,2011-07-15 00:00:00Z,TW7 6EZ,Semi-Detached,Established,Freehold,51,,ELMER GARDENS,,ISLEWORTH,HOUNSLOW,GREATER LONDON,Standard,Addition,51.4674160000,-0.3485040000
205000,2011-08-23 00:00:00Z,TW7 7PJ,Terraced,Established,Freehold,5,,PLOUGHMANS END,,ISLEWORTH,HOUNSLOW,GREATER LONDON,Standard,Addition,51.4602000000,-0.3488220000
219950,2011-07-08 00:00:00Z,TW7 7PR,Terraced,Established,Freehold,29,,HEATHER CLOSE,,ISLEWORTH,HOUNSLOW,GREATER LONDON,Standard,Addition,51.4612460000,-0.3483820000
278000,2011-09-09 00:00:00Z,TW7 7PQ,Semi-Detached,Established,Freehold,26,,HALL ROAD,,ISLEWORTH,HOUNSLOW,GREATER LONDON,Standard,Addition,51.4642140000,-0.3471520000
250000,2011-05-05 00:00:00Z,TW7 6HJ,Semi-Detached,Established,Freehold,13,,WORTON ROAD,,ISLEWORTH,HOUNSLOW,GREATER LONDON,Standard,Addition,51.4664900000,-0.3453130000
320000,2011-10-27 00:00:00Z,TW7 6LJ,Terraced,Established,Freehold,17,,SUSSEX AVENUE,,ISLEWORTH,HOUNSLOW,GREATER LONDON,Standard,Addition,51.4687760000,-0.3454030000
320000,2011-12-07 00:00:00Z,TW7 6EY,Terraced,Established,Freehold,13,,ELMER GARDENS,,ISLEWORTH,HOUNSLOW,GREATER LONDON,Standard,Addition,51.4680880000,-0.3483360000
245000,2011-01-31 00:00:00Z,TW7 6HJ,Semi-Detached,Established,Freehold,11,,WORTON ROAD,,ISLEWORTH,HOUNSLOW,GREATER LONDON,Standard,Addition,51.4664900000,-0.3453130000
337500,2011-12-09 00:00:00Z,TW7 6LA,Semi-Detached,Established,Freehold,16,,SUSSEX AVENUE,,ISLEWORTH,HOUNSLOW,GREATER LONDON,Standard,Addition,51.4689580000,-0.3449650000
399950,2011-03-18 00:00:00Z,TW7 6HN,Semi-Detached,Established,Freehold,14,,WORTON ROAD,,ISLEWORTH,HOUNSLOW,GREATER LONDON,Standard,Addition,51.4664280000,-0.3460060000
265000,2011-06-10 00:00:00Z,TW3 2PF,Semi-Detached,Established,Freehold,89,,CHATSWORTH CRESCENT,,HOUNSLOW,HOUNSLOW,GREATER LONDON,Standard,Addition,51.4663530000,-0.3496370000
266000,2011-06-01 00:00:00Z,TW7 6HN,Semi-Detached,Established,Freehold,4,,WORTON ROAD,,ISLEWORTH,HOUNSLOW,GREATER LONDON,Standard,Addition,51.4664280000,-0.3460060000
164950,2011-11-04 00:00:00Z,TW7 7PJ,Flats/Maisonettes,Established,Leasehold,13,,PLOUGHMANS END,,ISLEWORTH,HOUNSLOW,GREATER LONDON,Standard,Addition,51.4602000000,-0.3488220000
250000,2011-09-09 00:00:00Z,TW3 2PX,Terraced,Established,Freehold,160,,ELLERDINE ROAD,,HOUNSLOW,HOUNSLOW,GREATER LONDON,Standard,Addition,51.4621860000,-0.3493550000
245000,2011-12-21 00:00:00Z,TW7 6HP,Semi-Detached,Established,Freehold,38,,RIVERSIDE WALK,,ISLEWORTH,HOUNSLOW,GREATER LONDON,Standard,Addition,51.4690030000,-0.3404850000
249950,2011-09-19 00:00:00Z,TW7 7PJ,Semi-Detached,Established,Freehold,19,,PLOUGHMANS END,,ISLEWORTH,HOUNSLOW,GREATER LONDON,Standard,Addition,51.4602000000,-0.3488220000
283000,2011-11-14 00:00:00Z,TW7 6LF,Terraced,Established,Freehold,24,,ESSEX AVENUE,,ISLEWORTH,HOUNSLOW,GREATER LONDON,Standard,Addition,51.4676380000,-0.3431690000
245500,2011-06-24 00:00:00Z,TW7 6EJ,Terraced,Established,Freehold,12,,CHRISTABEL CLOSE,,ISLEWORTH,HOUNSLOW,GREATER LONDON,Standard,Addition,51.4674900000,-0.3403100000
170000,2011-11-25 00:00:00Z,TW7 7PR,Flats/Maisonettes,Established,Freehold,21,,HEATHER CLOSE,,ISLEWORTH,HOUNSLOW,GREATER LONDON,Standard,Addition,51.4612460000,-0.3483820000
312000,2011-01-31 00:00:00Z,TW7 6HR,Semi-Detached,Established,Freehold,54,,RIVERSIDE WALK,,ISLEWORTH,HOUNSLOW,GREATER LONDON,Standard,Addition,51.4675670000,-0.3413580000
237500,2011-05-26 00:00:00Z,TW7 6EJ,Terraced,Established,Freehold,10,,CHRISTABEL CLOSE,,ISLEWORTH,HOUNSLOW,GREATER LONDON,Standard,Addition,51.4674900000,-0.3403100000
240000,2011-03-14 00:00:00Z,TW7 7PP,Semi-Detached,Established,Freehold,38,,HARVESTERS CLOSE,,ISLEWORTH,HOUNSLOW,GREATER LONDON,Standard,Addition,51.4616460000,-0.3473880000
380000,2011-07-12 00:00:00Z,TW7 6LT,Flats/Maisonettes,Established,Freehold,242A,,WOODLAND GARDENS,,ISLEWORTH,HOUNSLOW,GREATER LONDON,Standard,Addition,51.4693450000,-0.3443750000
187500,2011-11-25 00:00:00Z,TW7 6HF,Flats/Maisonettes,Established,Leasehold,119,,BRIDGE ROAD,,ISLEWORTH,HOUNSLOW,GREATER LONDON,Standard,Addition,51.4674120000,-0.3443290000
175000,2011-07-12 00:00:00Z,TW7 7PJ,Flats/Maisonettes,Established,Leasehold,11,,PLOUGHMANS END,,ISLEWORTH,HOUNSLOW,GREATER LONDON,Standard,Addition,51.4602000000,-0.3488220000
250000,2011-10-05 00:00:00Z,TW7 6HJ,Semi-Detached,Established,Freehold,15,,WORTON ROAD,,ISLEWORTH,HOUNSLOW,GREATER LONDON,Standard,Addition,51.4664900000,-0.3453130000
250000,2011-03-16 00:00:00Z,TW7 6LE,Semi-Detached,Established,Freehold,5,,CLAYTON ROAD,,ISLEWORTH,HOUNSLOW,GREATER LONDON,Standard,Addition,51.4673870000,-0.3419690000
485000,2011-06-29 00:00:00Z,TW7 6JZ,Semi-Detached,Established,Freehold,122,,WOODLANDS ROAD,,ISLEWORTH,HOUNSLOW,GREATER LONDON,Standard,Addition,51.4698860000,-0.3457160000
225950,2011-04-28 00:00:00Z,TW7 7PJ,Terraced,Established,Freehold,17,,PLOUGHMANS END,,ISLEWORTH,HOUNSLOW,GREATER LONDON,Standard,Addition,51.4602000000,-0.3488220000
176000,2011-04-19 00:00:00Z,TW7 6EJ,Semi-Detached,Established,Freehold,21,,CHRISTABEL CLOSE,,ISLEWORTH,HOUNSLOW,GREATER LONDON,Standard,Addition,51.4674900000,-0.3403100000
237000,2011-01-17 00:00:00Z,TW3 2PR,Terraced,Established,Freehold,14,,CATHERINE GARDENS,,HOUNSLOW,HOUNSLOW,GREATER LONDON,Standard,Addition,51.4634780000,-0.3498130000
300000,2011-02-10 00:00:00Z,TW7 6HB,Semi-Detached,Established,Freehold,16,,ELMER GARDENS,,ISLEWORTH,HOUNSLOW,GREATER LONDON,Standard,Addition,51.4682840000,-0.3487750000
270000,2011-12-16 00:00:00Z,TW3 2PR,Semi-Detached,Established,Freehold,60,,CATHERINE GARDENS,,HOUNSLOW,HOUNSLOW,GREATER LONDON,Standard,Addition,51.4634780000,-0.3498130000
249999,2011-08-19 00:00:00Z,TW7 6LU,Detached,Established,Freehold,121,,WOODLAND GARDENS,,ISLEWORTH,HOUNSLOW,GREATER LONDON,Standard,Addition,51.4694750000,-0.3414470000
280000,2011-11-25 00:00:00Z,TW7 6EX,Semi-Detached,Established,Freehold,28,,FARNELL ROAD,,ISLEWORTH,HOUNSLOW,GREATER LONDON,Standard,Addition,51.4670890000,-0.3463570000
227500,2011-10-25 00:00:00Z,TW7 7PL,Terraced,Established,Freehold,7,,THATCHERS WAY,,ISLEWORTH,HOUNSLOW,GREATER LONDON,Standard,Addition,51.4601880000,-0.3492400000
229500,2011-08-04 00:00:00Z,TW7 7PR,Terraced,Established,Freehold,28,,HEATHER CLOSE,,ISLEWORTH,HOUNSLOW,GREATER LONDON,Standard,Addition,51.4612460000,-0.3483820000
380000,2011-05-13 00:00:00Z,TW3 2PU,Semi-Detached,Established,Freehold,165,,ELLERDINE ROAD,,HOUNSLOW,HOUNSLOW,GREATER LONDON,Standard,Addition,51.4625140000,-0.3496890000
330000,2012-03-20 00:00:00Z,TW7 6LQ,Terraced,Established,Freehold,12,,ABINGER GARDENS,,ISLEWORTH,HOUNSLOW,GREATER LONDON,Standard,Addition,51.4679750000,-0.3447550000
300000,2012-05-03 00:00:00Z,TW7 6HR,Semi-Detached,Established,Freehold,59,,RIVERSIDE WALK,,ISLEWORTH,HOUNSLOW,GREATER LONDON,Standard,Addition,51.4675670000,-0.3413580000
310000,2012-07-20 00:00:00Z,TW7 6LA,Terraced,Established,Freehold,32,,SUSSEX AVENUE,,ISLEWORTH,HOUNSLOW,GREATER LONDON,Standard,Addition,51.4689580000,-0.3449650000
74000,2012-01-12 00:00:00Z,TW7 6NE,Flats/Maisonettes,Established,Leasehold,"DOUGLAS BADER HOUSE, 9",5,GIBSON CLOSE,,ISLEWORTH,HOUNSLOW,GREATER LONDON,Standard,Addition,51.4684800000,-0.3467380000
370000,2012-11-26 00:00:00Z,TW7 6HP,Semi-Detached,Established,Freehold,46,,RIVERSIDE WALK,,ISLEWORTH,HOUNSLOW,GREATER LONDON,Standard,Addition,51.4690030000,-0.3404850000
177000,2012-11-13 00:00:00Z,TW7 7PP,Flats/Maisonettes,Established,Leasehold,32,,HARVESTERS CLOSE,,ISLEWORTH,HOUNSLOW,GREATER LONDON,Standard,Addition,51.4616460000,-0.3473880000
417000,2012-09-27 00:00:00Z,TW7 7EH,Detached,New Build,Freehold,6,,COUNTY GARDENS,,ISLEWORTH,HOUNSLOW,GREATER LONDON,Standard,Addition,51.4651120000,-0.3470620000
375000,2012-12-14 00:00:00Z,TW7 6LU,Semi-Detached,Established,Freehold,97,,WOODLAND GARDENS,,ISLEWORTH,HOUNSLOW,GREATER LONDON,Standard,Addition,51.4694750000,-0.3414470000
407500,2012-06-27 00:00:00Z,TW7 7EH,Semi-Detached,New Build,Freehold,3,,COUNTY GARDENS,,ISLEWORTH,HOUNSLOW,GREATER LONDON,Standard,Addition,51.4651120000,-0.3470620000
346500,2012-05-10 00:00:00Z,TW7 6HA,Terraced,Established,Freehold,76,,ELMER GARDENS,,ISLEWORTH,HOUNSLOW,GREATER LONDON,Standard,Addition,51.4670700000,-0.3488190000
298500,2012-09-20 00:00:00Z,TW3 2PF,Semi-Detached,Established,Freehold,95,,CHATSWORTH CRESCENT,,HOUNSLOW,HOUNSLOW,GREATER LONDON,Standard,Addition,51.4663530000,-0.3496370000
408000,2012-11-13 00:00:00Z,TW7 7EH,Semi-Detached,New Build,Freehold,8,,COUNTY GARDENS,,ISLEWORTH,HOUNSLOW,GREATER LONDON,Standard,Addition,51.4651120000,-0.3470620000
250000,2012-05-18 00:00:00Z,TW7 7PP,Semi-Detached,Established,Freehold,22,,HARVESTERS CLOSE,,ISLEWORTH,HOUNSLOW,GREATER LONDON,Standard,Addition,51.4616460000,-0.3473880000
395000,2012-12-20 00:00:00Z,TW7 7EH,Semi-Detached,New Build,Freehold,9,,COUNTY GARDENS,,ISLEWORTH,HOUNSLOW,GREATER LONDON,Standard,Addition,51.4651120000,-0.3470620000
370000,2012-11-08 00:00:00Z,TW7 6HP,Semi-Detached,Established,Freehold,42,,RIVERSIDE WALK,,ISLEWORTH,HOUNSLOW,GREATER LONDON,Standard,Addition,51.4690030000,-0.3404850000
240000,2012-02-15 00:00:00Z,TW7 7PL,Semi-Detached,Established,Freehold,24,,THATCHERS WAY,,ISLEWORTH,HOUNSLOW,GREATER LONDON,Standard,Addition,51.4601880000,-0.3492400000
480000,2012-07-31 00:00:00Z,TW7 7EH,Detached,New Build,Freehold,7,,COUNTY GARDENS,,ISLEWORTH,HOUNSLOW,GREATER LONDON,Standard,Addition,51.4651120000,-0.3470620000
250000,2012-02-22 00:00:00Z,TW3 2PS,Semi-Detached,Established,Freehold,124,,ELLERDINE ROAD,,HOUNSLOW,HOUNSLOW,GREATER LONDON,Standard,Addition,51.4643230000,-0.3484870000
135000,2012-06-25 00:00:00Z,TW7 6HH,Terraced,Established,Freehold,4,,OAK LANE,,ISLEWORTH,HOUNSLOW,GREATER LONDON,Standard,Addition,51.4664990000,-0.3408350000
162000,2012-03-23 00:00:00Z,TW7 7PR,Flats/Maisonettes,Established,Leasehold,7,,HEATHER CLOSE,,ISLEWORTH,HOUNSLOW,GREATER LONDON,Standard,Addition,51.4612460000,-0.3483820000
418000,2012-12-14 00:00:00Z,TW7 7EH,Semi-Detached,New Build,Freehold,2,,COUNTY GARDENS,,ISLEWORTH,HOUNSLOW,GREATER LONDON,Standard,Addition,51.4651120000,-0.3470620000
247500,2012-03-23 00:00:00Z,TW3 2PX,Semi-Detached,Established,Freehold,130,,ELLERDINE ROAD,,HOUNSLOW,HOUNSLOW,GREATER LONDON,Standard,Addition,51.4621860000,-0.3493550000
290000,2012-02-09 00:00:00Z,TW3 2PR,Terraced,Established,Freehold,44,,CATHERINE GARDENS,,HOUNSLOW,HOUNSLOW,GREATER LONDON,Standard,Addition,51.4634780000,-0.3498130000
375000,2012-12-20 00:00:00Z,TW7 6HJ,Semi-Detached,Established,Freehold,1C,,WORTON ROAD,,ISLEWORTH,HOUNSLOW,GREATER LONDON,Standard,Addition,51.4664900000,-0.3453130000
262000,2012-07-02 00:00:00Z,TW7 6HB,Terraced,Established,Freehold,8,,ELMER GARDENS,,ISLEWORTH,HOUNSLOW,GREATER LONDON,Standard,Addition,51.4682840000,-0.3487750000
248000,2012-08-02 00:00:00Z,TW7 6HP,Semi-Detached,Established,Freehold,23,,RIVERSIDE WALK,,ISLEWORTH,HOUNSLOW,GREATER LONDON,Standard,Addition,51.4690030000,-0.3404850000
271000,2012-05-31 00:00:00Z,TW7 6HL,Terraced,Established,Freehold,45,,WORTON ROAD,,ISLEWORTH,HOUNSLOW,GREATER LONDON,Standard,Addition,51.4666800000,-0.3428010000
255000,2012-10-19 00:00:00Z,TW7 6EX,Semi-Detached,Established,Freehold,32,,FARNELL ROAD,,ISLEWORTH,HOUNSLOW,GREATER LONDON,Standard,Addition,51.4670890000,-0.3463570000
375000,2012-07-23 00:00:00Z,TW7 6HA,Semi-Detached,Established,Freehold,116,,ELMER GARDENS,,ISLEWORTH,HOUNSLOW,GREATER LONDON,Standard,Addition,51.4670700000,-0.3488190000
379000,2012-12-20 00:00:00Z,TW7 7EH,Semi-Detached,New Build,Freehold,4,,COUNTY GARDENS,,ISLEWORTH,HOUNSLOW,GREATER LONDON,Standard,Addition,51.4651120000,-0.3470620000
268000,2012-05-11 00:00:00Z,TW7 7PN,Terraced,Established,Freehold,1,,REAPERS WAY,,ISLEWORTH,HOUNSLOW,GREATER LONDON,Standard,Addition,51.4605070000,-0.3495170000
437000,2012-10-04 00:00:00Z,TW7 7EH,Semi-Detached,New Build,Freehold,1,,COUNTY GARDENS,,ISLEWORTH,HOUNSLOW,GREATER LONDON,Standard,Addition,51.4651120000,-0.3470620000
385000,2012-07-27 00:00:00Z,TW7 6LS,Semi-Detached,Established,Freehold,180,,WOODLAND GARDENS,,ISLEWORTH,HOUNSLOW,GREATER LONDON,Standard,Addition,51.4688270000,-0.3426510000
489950,2012-05-04 00:00:00Z,TW7 6LS,Semi-Detached,Established,Freehold,186,,WOODLAND GARDENS,,ISLEWORTH,HOUNSLOW,GREATER LONDON,Standard,Addition,51.4688270000,-0.3426510000
265000,2012-05-09 00:00:00Z,TW3 2PX,Terraced,Established,Freehold,204,,ELLERDINE ROAD,,HOUNSLOW,HOUNSLOW,GREATER LONDON,Standard,Addition,51.4621860000,-0.3493550000
364950,2012-09-17 00:00:00Z,TW7 6LA,Semi-Detached,Established,Freehold,26,,SUSSEX AVENUE,,ISLEWORTH,HOUNSLOW,GREATER LONDON,Standard,Addition,51.4689580000,-0.3449650000
365000,2012-09-07 00:00:00Z,TW7 6HR,Semi-Detached,Established,Freehold,54,,RIVERSIDE WALK,,ISLEWORTH,HOUNSLOW,GREATER LONDON,Standard,Addition,51.4675670000,-0.3413580000
225000,2012-07-06 00:00:00Z,TW7 7PP,Terraced,Established,Freehold,16,,HARVESTERS CLOSE,,ISLEWORTH,HOUNSLOW,GREATER LONDON,Standard,Addition,51.4616460000,-0.3473880000
270000,2012-01-12 00:00:00Z,TW7 6HA,Semi-Detached,Established,Freehold,72,,ELMER GARDENS,,ISLEWORTH,HOUNSLOW,GREATER LONDON,Standard,Addition,51.4670700000,-0.3488190000
392000,2012-05-09 00:00:00Z,TW7 7EH,Semi-Detached,New Build,Freehold,5,,COUNTY GARDENS,,ISLEWORTH,HOUNSLOW,GREATER LONDON,Standard,Addition,51.4651120000,-0.3470620000
230000,2012-12-17 00:00:00Z,TW7 7PP,Terraced,Established,Freehold,17,,HARVESTERS CLOSE,,ISLEWORTH,HOUNSLOW,GREATER LONDON,Standard,Addition,51.4616460000,-0.3473880000
219950,2012-06-06 00:00:00Z,TW7 6HF,Flats/Maisonettes,Established,Leasehold,127,,BRIDGE ROAD,,ISLEWORTH,HOUNSLOW,GREATER LONDON,Standard,Addition,51.4674120000,-0.3443290000
180000,2012-09-03 00:00:00Z,TW7 7PU,Terraced,Established,Freehold,19,,WAINWRIGHT GROVE,,ISLEWORTH,HOUNSLOW,GREATER LONDON,Standard,Addition,51.4629340000,-0.3475430000
285000,2012-03-30 00:00:00Z,TW7 6LJ,Semi-Detached,Established,Freehold,35,,SUSSEX AVENUE,,ISLEWORTH,HOUNSLOW,GREATER LONDON,Standard,Addition,51.4687760000,-0.3454030000
349950,2012-10-11 00:00:00Z,TW7 6LB,Terraced,Established,Freehold,98,,SUSSEX AVENUE,,ISLEWORTH,HOUNSLOW,GREATER LONDON,Standard,Addition,51.4683080000,-0.3428860000
227500,2013-03-11 00:00:00Z,TW7 7PT,Terraced,Established,Freehold,16,,GLEN WALK,,ISLEWORTH,HOUNSLOW,GREATER LONDON,Standard,Addition,51.4603500000,-0.3480110000
325000,2013-07-12 00:00:00Z,TW7 6HG,Semi-Detached,Established,Freehold,96,,WORTON ROAD,,ISLEWORTH,HOUNSLOW,GREATER LONDON,Standard,Addition,51.4670920000,-0.3433480000
313000,2013-05-31 00:00:00Z,TW7 6HR,Semi-Detached,Established,Freehold,56,,RIVERSIDE WALK,,ISLEWORTH,HOUNSLOW,GREATER LONDON,Standard,Addition,51.4675670000,-0.3413580000
290000,2013-10-22 00:00:00Z,TW3 2PA,Semi-Detached,Established,Freehold,18,,HELDMANN CLOSE,,HOUNSLOW,HOUNSLOW,GREATER LONDON,Standard,Addition,51.4662350000,-0.3475970000
200000,2013-10-04 00:00:00Z,TW7 7PU,Terraced,Established,Freehold,20,,WAINWRIGHT GROVE,,ISLEWORTH,HOUNSLOW,GREATER LONDON,Standard,Addition,51.4629340000,-0.3475430000
333000,2013-10-18 00:00:00Z,TW7 6LB,Terraced,Established,Freehold,100,,SUSSEX AVENUE,,ISLEWORTH,HOUNSLOW,GREATER LONDON,Standard,Addition,51.4683080000,-0.3428860000
318950,2013-05-02 00:00:00Z,TW7 6EY,Terraced,Established,Freehold,37,,ELMER GARDENS,,ISLEWORTH,HOUNSLOW,GREATER LONDON,Standard,Addition,51.4680880000,-0.3483360000
325000,2013-03-27 00:00:00Z,TW7 6EX,Semi-Detached,Established,Freehold,40,,FARNELL ROAD,,ISLEWORTH,HOUNSLOW,GREATER LONDON,Standard,Addition,51.4670890000,-0.3463570000
365000,2013-02-19 00:00:00Z,TW7 6HP,Semi-Detached,Established,Freehold,24,,RIVERSIDE WALK,,ISLEWORTH,HOUNSLOW,GREATER LONDON,Standard,Addition,51.4690030000,-0.3404850000
150000,2013-07-26 00:00:00Z,TW7 6HF,Flats/Maisonettes,Established,Leasehold,125,,BRIDGE ROAD,,ISLEWORTH,HOUNSLOW,GREATER LONDON,Standard,Addition,51.4674120000,-0.3443290000
420000,2013-06-28 00:00:00Z,TW7 6HP,Semi-Detached,Established,Freehold,39,,RIVERSIDE WALK,,ISLEWORTH,HOUNSLOW,GREATER LONDON,Standard,Addition,51.4690030000,-0.3404850000
395000,2013-04-15 00:00:00Z,TW7 6HJ,Semi-Detached,Established,Freehold,1E,,WORTON ROAD,,ISLEWORTH,HOUNSLOW,GREATER LONDON,Standard,Addition,51.4664900000,-0.3453130000
352000,2013-10-04 00:00:00Z,TW7 7PB,Semi-Detached,Established,Freehold,109,,HALL ROAD,,ISLEWORTH,HOUNSLOW,GREATER LONDON,Standard,Addition,51.4621220000,-0.3486380000
250000,2013-07-04 00:00:00Z,TW7 7PU,Terraced,Established,Freehold,11,,WAINWRIGHT GROVE,,ISLEWORTH,HOUNSLOW,GREATER LONDON,Standard,Addition,51.4629340000,-0.3475430000
375000,2013-10-25 00:00:00Z,TW7 6HJ,Semi-Detached,Established,Freehold,1A,,WORTON ROAD,,ISLEWORTH,HOUNSLOW,GREATER LONDON,Standard,Addition,51.4664900000,-0.3453130000
335000,2013-11-01 00:00:00Z,TW7 7PQ,Semi-Detached,Established,Freehold,22,,HALL ROAD,,ISLEWORTH,HOUNSLOW,GREATER LONDON,Standard,Addition,51.4642140000,-0.3471520000
135000,2013-10-16 00:00:00Z,TW7 6HH,Flats/Maisonettes,Established,Leasehold,10,,OAK LANE,,ISLEWORTH,HOUNSLOW,GREATER LONDON,Standard,Addition,51.4664990000,-0.3408350000
395000,2013-05-03 00:00:00Z,TW7 6HJ,Terraced,Established,Freehold,1F,,WORTON ROAD,,ISLEWORTH,HOUNSLOW,GREATER LONDON,Standard,Addition,51.4664900000,-0.3453130000
280000,2013-02-15 00:00:00Z,TW7 6HG,Semi-Detached,Established,Freehold,102,,WORTON ROAD,,ISLEWORTH,HOUNSLOW,GREATER LONDON,Standard,Addition,51.4670920000,-0.3433480000
333000,2013-11-08 00:00:00Z,TW7 6EX,Semi-Detached,Established,Freehold,34,,FARNELL ROAD,,ISLEWORTH,HOUNSLOW,GREATER LONDON,Standard,Addition,51.4670890000,-0.3463570000
392500,2013-09-18 00:00:00Z,TW7 6HL,Terraced,Established,Freehold,53,,WORTON ROAD,,ISLEWORTH,HOUNSLOW,GREATER LONDON,Standard,Addition,51.4666800000,-0.3428010000
350000,2013-08-02 00:00:00Z,TW7 6HQ,Semi-Detached,Established,Freehold,120,,WORTON ROAD,,ISLEWORTH,HOUNSLOW,GREATER LONDON,Standard,Addition,51.4669970000,-0.3417390000
250000,2013-07-26 00:00:00Z,TW7 6HL,Terraced,Established,Freehold,31,,WORTON ROAD,,ISLEWORTH,HOUNSLOW,GREATER LONDON,Standard,Addition,51.4666800000,-0.3428010000
316000,2013-07-18 00:00:00Z,TW7 6EX,Semi-Detached,Established,Freehold,18,,FARNELL ROAD,,ISLEWORTH,HOUNSLOW,GREATER LONDON,Standard,Addition,51.4670890000,-0.3463570000
345000,2013-07-26 00:00:00Z,TW7 6LJ,Semi-Detached,Established,Freehold,43,,SUSSEX AVENUE,,ISLEWORTH,HOUNSLOW,GREATER LONDON,Standard,Addition,51.4687760000,-0.3454030000
442500,2013-07-04 00:00:00Z,TW7 6LH,Semi-Detached,Established,Freehold,5,,ABINGER GARDENS,,ISLEWORTH,HOUNSLOW,GREATER LONDON,Standard,Addition,51.4678860000,-0.3442110000
263500,2013-12-10 00:00:00Z,TW7 7PP,Terraced,Established,Freehold,27,,HARVESTERS CLOSE,,ISLEWORTH,HOUNSLOW,GREATER LONDON,Standard,Addition,51.4616460000,-0.3473880000
249950,2013-04-16 00:00:00Z,TW7 7PJ,Semi-Detached,Established,Freehold,14,,PLOUGHMANS END,,ISLEWORTH,HOUNSLOW,GREATER LONDON,Standard,Addition,51.4602000000,-0.3488220000
262000,2013-05-24 00:00:00Z,TW7 6EJ,Terraced,Established,Freehold,15,,CHRISTABEL CLOSE,,ISLEWORTH,HOUNSLOW,GREATER LONDON,Standard,Addition,51.4674900000,-0.3403100000
490000,2013-01-22 00:00:00Z,TW7 6LT,Semi-Detached,Established,Freehold,218,,WOODLAND GARDENS,,ISLEWORTH,HOUNSLOW,GREATER LONDON,Standard,Addition,51.4693450000,-0.3443750000
390000,2013-03-22 00:00:00Z,TW7 6HJ,Semi-Detached,Established,Freehold,1B,,WORTON ROAD,,ISLEWORTH,HOUNSLOW,GREATER LONDON,Standard,Addition,51.4664900000,-0.3453130000
381000,2013-05-20 00:00:00Z,TW7 6LX,Semi-Detached,Established,Freehold,145,,WOODLAND GARDENS,,ISLEWORTH,HOUNSLOW,GREATER LONDON,Standard,Addition,51.4693740000,-0.3432220000
145000,2013-04-05 00:00:00Z,TW7 6NE,Flats/Maisonettes,Established,Leasehold,"DOUGLAS BADER HOUSE, 9",11,GIBSON CLOSE,,ISLEWORTH,HOUNSLOW,GREATER LONDON,Standard,Addition,51.4684800000,-0.3467380000
300000,2013-12-19 00:00:00Z,TW3 2PR,Terraced,Established,Freehold,60,,CATHERINE GARDENS,,HOUNSLOW,HOUNSLOW,GREATER LONDON,Standard,Addition,51.4634780000,-0.3498130000
399950,2013-05-31 00:00:00Z,TW7 6HJ,Semi-Detached,Established,Freehold,1D,,WORTON ROAD,,ISLEWORTH,HOUNSLOW,GREATER LONDON,Standard,Addition,51.4664900000,-0.3453130000
426000,2013-03-13 00:00:00Z,TW7 7PQ,Detached,Established,Freehold,8,,HALL ROAD,,ISLEWORTH,HOUNSLOW,GREATER LONDON,Additional,Addition,51.4642140000,-0.3471520000
370000,2013-10-04 00:00:00Z,TW7 7PA,Semi-Detached,Established,Freehold,11,,HALL ROAD,,ISLEWORTH,HOUNSLOW,GREATER LONDON,Standard,Addition,51.4642240000,-0.3478420000
460000,2013-12-02 00:00:00Z,TW7 6HE,Semi-Detached,Established,Freehold,120,,BRIDGE ROAD,,ISLEWORTH,HOUNSLOW,GREATER LONDON,Standard,Addition,51.4675950000,-0.3458630000
229950,2013-04-30 00:00:00Z,TW7 7PP,Terraced,Established,Freehold,18,,HARVESTERS CLOSE,,ISLEWORTH,HOUNSLOW,GREATER LONDON,Standard,Addition,51.4616460000,-0.3473880000
650000,2014-06-20 00:00:00Z,TW7 6HP,Semi-Detached,Established,Freehold,44,,RIVERSIDE WALK,,ISLEWORTH,HOUNSLOW,GREATER LONDON,Standard,Addition,51.4690030000,-0.3404850000
390000,2014-11-14 00:00:00Z,TW7 7PB,Terraced,Established,Freehold,93,,HALL ROAD,,ISLEWORTH,HOUNSLOW,GREATER LONDON,Standard,Addition,51.4621220000,-0.3486380000
355000,2014-06-02 00:00:00Z,TW3 2PX,Semi-Detached,Established,Freehold,192,,ELLERDINE ROAD,,HOUNSLOW,HOUNSLOW,GREATER LONDON,Standard,Addition,51.4621860000,-0.3493550000
499950,2014-05-28 00:00:00Z,TW7 6JZ,Semi-Detached,Established,Freehold,120,,WOODLANDS ROAD,,ISLEWORTH,HOUNSLOW,GREATER LONDON,Standard,Addition,51.4698860000,-0.3457160000
365000,2014-10-24 00:00:00Z,TW3 2PS,Semi-Detached,Established,Freehold,90,,ELLERDINE ROAD,,HOUNSLOW,HOUNSLOW,GREATER LONDON,Standard,Addition,51.4643230000,-0.3484870000
473000,2014-11-18 00:00:00Z,TW7 7PA,Semi-Detached,Established,Freehold,27,,HALL ROAD,,ISLEWORTH,HOUNSLOW,GREATER LONDON,Standard,Addition,51.4642240000,-0.3478420000
350000,2014-11-26 00:00:00Z,TW7 6HA,Terraced,Established,Freehold,68,,ELMER GARDENS,,ISLEWORTH,HOUNSLOW,GREATER LONDON,Standard,Addition,51.4670700000,-0.3488190000
415000,2014-06-27 00:00:00Z,TW7 6LE,Terraced,Established,Freehold,13,,CLAYTON ROAD,,ISLEWORTH,HOUNSLOW,GREATER LONDON,Standard,Addition,51.4673870000,-0.3419690000
375000,2014-06-18 00:00:00Z,TW7 6EX,Terraced,Established,Freehold,26,,FARNELL ROAD,,ISLEWORTH,HOUNSLOW,GREATER LONDON,Standard,Addition,51.4670890000,-0.3463570000
250000,2014-12-19 00:00:00Z,TW7 7PS,Terraced,Established,Freehold,53,,HARVESTERS CLOSE,,ISLEWORTH,HOUNSLOW,GREATER LONDON,Standard,Addition,51.4608250000,-0.3478640000
570000,2014-04-17 00:00:00Z,TW7 6LT,Semi-Detached,Established,Freehold,218,,WOODLAND GARDENS,,ISLEWORTH,HOUNSLOW,GREATER LONDON,Standard,Addition,51.4693450000,-0.3443750000
135000,2014-08-08 00:00:00Z,TW7 6HH,Flats/Maisonettes,Established,Leasehold,9,,OAK LANE,,ISLEWORTH,HOUNSLOW,GREATER LONDON,Standard,Addition,51.4664990000,-0.3408350000
221500,2014-10-20 00:00:00Z,TW7 7PL,Flats/Maisonettes,Established,Leasehold,26,,THATCHERS WAY,,ISLEWORTH,HOUNSLOW,GREATER LONDON,Standard,Addition,51.4601880000,-0.3492400000
169950,2014-07-25 00:00:00Z,TW7 6NE,Flats/Maisonettes,Established,Leasehold,"DOUGLAS BADER HOUSE, 9",13,GIBSON CLOSE,,ISLEWORTH,HOUNSLOW,GREATER LONDON,Additional,Addition,51.4684800000,-0.3467380000
267000,2014-10-31 00:00:00Z,TW7 7PQ,Detached,Established,Freehold,8A,,HALL ROAD,,ISLEWORTH,HOUNSLOW,GREATER LONDON,Additional,Addition,51.4642140000,-0.3471520000
412000,2014-04-25 00:00:00Z,TW7 7PB,Terraced,Established,Freehold,105,,HALL ROAD,,ISLEWORTH,HOUNSLOW,GREATER LONDON,Standard,Addition,51.4621220000,-0.3486380000
329950,2014-09-10 00:00:00Z,TW7 7PJ,Terraced,Established,Freehold,7,,PLOUGHMANS END,,ISLEWORTH,HOUNSLOW,GREATER LONDON,Standard,Addition,51.4602000000,-0.3488220000
460000,2014-11-28 00:00:00Z,TW7 6LA,Semi-Detached,Established,Freehold,38,,SUSSEX AVENUE,,ISLEWORTH,HOUNSLOW,GREATER LONDON,Standard,Addition,51.4689580000,-0.3449650000
413000,2014-03-21 00:00:00Z,TW7 6LX,Semi-Detached,Established,Freehold,161,,WOODLAND GARDENS,,ISLEWORTH,HOUNSLOW,GREATER LONDON,Standard,Addition,51.4693740000,-0.3432220000
451000,2014-07-18 00:00:00Z,TW3 2PR,Terraced,Established,Freehold,76,,CATHERINE GARDENS,,HOUNSLOW,HOUNSLOW,GREATER LONDON,Standard,Addition,51.4634780000,-0.3498130000
280000,2014-05-07 00:00:00Z,TW7 7PW,Terraced,Established,Freehold,11,,BRACKEN END,,ISLEWORTH,HOUNSLOW,GREATER LONDON,Standard,Addition,51.4617810000,-0.3480460000
350000,2014-11-04 00:00:00Z,TW7 6HJ,Semi-Detached,Established,Freehold,3,,WORTON ROAD,,ISLEWORTH,HOUNSLOW,GREATER LONDON,Standard,Addition,51.4664900000,-0.3453130000
370000,2014-02-28 00:00:00Z,TW7 6LQ,Semi-Detached,Established,Freehold,14,,ABINGER GARDENS,,ISLEWORTH,HOUNSLOW,GREATER LONDON,Standard,Addition,51.4679750000,-0.3447550000
425000,2014-02-19 00:00:00Z,TW7 6LF,Terraced,Established,Freehold,2,,ESSEX AVENUE,,ISLEWORTH,HOUNSLOW,GREATER LONDON,Standard,Addition,51.4676380000,-0.3431690000
339000,2014-03-21 00:00:00Z,TW7 6LE,Terraced,Established,Freehold,1,,CLAYTON ROAD,,ISLEWORTH,HOUNSLOW,GREATER LONDON,Standard,Addition,51.4673870000,-0.3419690000
342000,2014-10-24 00:00:00Z,TW7 6EJ,Terraced,Established,Freehold,16,,CHRISTABEL CLOSE,,ISLEWORTH,HOUNSLOW,GREATER LONDON,Standard,Addition,51.4674900000,-0.3403100000
375000,2014-09-12 00:00:00Z,TW7 6LD,Terraced,Established,Freehold,75,,SUSSEX AVENUE,,ISLEWORTH,HOUNSLOW,GREATER LONDON,Standard,Addition,51.4679670000,-0.3428980000
239950,2014-04-04 00:00:00Z,TW7 6EJ,Terraced,Established,Freehold,1,,CHRISTABEL CLOSE,,ISLEWORTH,HOUNSLOW,GREATER LONDON,Standard,Addition,51.4674900000,-0.3403100000
435000,2014-01-15 00:00:00Z,TW7 6HP,Semi-Detached,Established,Freehold,37,,RIVERSIDE WALK,,ISLEWORTH,HOUNSLOW,GREATER LONDON,Standard,Addition,51.4690030000,-0.3404850000
490000,2014-02-18 00:00:00Z,TW7 6LS,Semi-Detached,Established,Freehold,172,,WOODLAND GARDENS,,ISLEWORTH,HOUNSLOW,GREATER LONDON,Standard,Addition,51.4688270000,-0.3426510000
449950,2014-03-05 00:00:00Z,TW7 6LS,Semi-Detached,Established,Freehold,164,,WOODLAND GARDENS,,ISLEWORTH,HOUNSLOW,GREATER LONDON,Standard,Addition,51.4688270000,-0.3426510000
425000,2014-03-14 00:00:00Z,TW7 6LF,Semi-Detached,Established,Freehold,20,,ESSEX AVENUE,,ISLEWORTH,HOUNSLOW,GREATER LONDON,Standard,Addition,51.4676380000,-0.3431690000
190000,2014-01-31 00:00:00Z,TW7 7PL,Flats/Maisonettes,Established,Leasehold,28,,THATCHERS WAY,,ISLEWORTH,HOUNSLOW,GREATER LONDON,Standard,Addition,51.4601880000,-0.3492400000
455000,2014-03-07 00:00:00Z,TW7 6HP,Semi-Detached,Established,Freehold,36,,RIVERSIDE WALK,,ISLEWORTH,HOUNSLOW,GREATER LONDON,Standard,Addition,51.4690030000,-0.3404850000
335000,2014-01-21 00:00:00Z,TW7 6HB,Semi-Detached,Established,Freehold,34,,ELMER GARDENS,,ISLEWORTH,HOUNSLOW,GREATER LONDON,Standard,Addition,51.4682840000,-0.3487750000
585000,2014-09-30 00:00:00Z,TW7 6JZ,Semi-Detached,Established,Freehold,124,,WOODLANDS ROAD,,ISLEWORTH,HOUNSLOW,GREATER LONDON,Standard,Addition,51.4698860000,-0.3457160000
490000,2014-05-07 00:00:00Z,TW7 6HN,Semi-Detached,Established,Freehold,2,,WORTON ROAD,,ISLEWORTH,HOUNSLOW,GREATER LONDON,Standard,Addition,51.4664280000,-0.3460060000
375000,2014-10-27 00:00:00Z,TW7 6LJ,Terraced,Established,Freehold,33,,SUSSEX AVENUE,,ISLEWORTH,HOUNSLOW,GREATER LONDON,Standard,Addition,51.4687760000,-0.3454030000
180000,2014-03-21 00:00:00Z,TW7 6NE,Flats/Maisonettes,Established,Leasehold,"DOUGLAS BADER HOUSE, 9",8,GIBSON CLOSE,,ISLEWORTH,HOUNSLOW,GREATER LONDON,Standard,Addition,51.4684800000,-0.3467380000
340000,2014-01-29 00:00:00Z,TW7 6LJ,Semi-Detached,Established,Freehold,23,,SUSSEX AVENUE,,ISLEWORTH,HOUNSLOW,GREATER LONDON,Standard,Addition,51.4687760000,-0.3454030000
250000,2014-12-19 00:00:00Z,TW7 7PT,Terraced,Established,Freehold,12,,GLEN WALK,,ISLEWORTH,HOUNSLOW,GREATER LONDON,Standard,Addition,51.4603500000,-0.3480110000
430000,2014-06-02 00:00:00Z,TW7 6LQ,Semi-Detached,Established,Freehold,16,,ABINGER GARDENS,,ISLEWORTH,HOUNSLOW,GREATER LONDON,Standard,Addition,51.4679750000,-0.3447550000
420000,2015-11-26 00:00:00Z,TW3 2PD,Semi-Detached,Established,Freehold,94,,CHATSWORTH CRESCENT,,HOUNSLOW,HOUNSLOW,GREATER LONDON,Standard,Addition,51.4667670000,-0.3496220000
425000,2015-10-16 00:00:00Z,TW7 6EX,Semi-Detached,Established,Freehold,20,,FARNELL ROAD,,ISLEWORTH,HOUNSLOW,GREATER LONDON,Standard,Addition,51.4670890000,-0.3463570000
448500,2015-10-02 00:00:00Z,TW7 6LA,Terraced,Established,Freehold,28,,SUSSEX AVENUE,,ISLEWORTH,HOUNSLOW,GREATER LONDON,Standard,Addition,51.4689580000,-0.3449650000
515000,2015-10-20 00:00:00Z,TW7 6LT,Semi-Detached,Established,Freehold,240,,WOODLAND GARDENS,,ISLEWORTH,HOUNSLOW,GREATER LONDON,Standard,Addition,51.4693450000,-0.3443750000
530000,2015-10-30 00:00:00Z,TW7 6LQ,Terraced,Established,Freehold,2,,ABINGER GARDENS,,ISLEWORTH,HOUNSLOW,GREATER LONDON,Standard,Addition,51.4679750000,-0.3447550000
550000,2015-05-18 00:00:00Z,TW7 6LU,Detached,Established,Freehold,119,,WOODLAND GARDENS,,ISLEWORTH,HOUNSLOW,GREATER LONDON,Standard,Addition,51.4694750000,-0.3414470000
320000,2015-07-24 00:00:00Z,TW7 7PP,Terraced,Established,Freehold,3,,HARVESTERS CLOSE,,ISLEWORTH,HOUNSLOW,GREATER LONDON,Standard,Addition,51.4616460000,-0.3473880000
415000,2015-05-28 00:00:00Z,TW7 6LB,Terraced,Established,Freehold,78,,SUSSEX AVENUE,,ISLEWORTH,HOUNSLOW,GREATER LONDON,Standard,Addition,51.4683080000,-0.3428860000
460000,2015-10-23 00:00:00Z,TW7 7PA,Semi-Detached,Established,Freehold,59,,HALL ROAD,,ISLEWORTH,HOUNSLOW,GREATER LONDON,Standard,Addition,51.4642240000,-0.3478420000
370000,2015-05-28 00:00:00Z,TW7 7PP,Semi-Detached,Established,Freehold,35,,HARVESTERS CLOSE,,ISLEWORTH,HOUNSLOW,GREATER LONDON,Standard,Addition,51.4616460000,-0.3473880000
445000,2015-09-30 00:00:00Z,TW7 7PL,Semi-Detached,Established,Freehold,22,,THATCHERS WAY,,ISLEWORTH,HOUNSLOW,GREATER LONDON,Standard,Addition,51.4601880000,-0.3492400000
450000,2015-03-23 00:00:00Z,TW3 2PU,Semi-Detached,Established,Freehold,177,,ELLERDINE ROAD,,HOUNSLOW,HOUNSLOW,GREATER LONDON,Standard,Addition,51.4625140000,-0.3496890000
310000,2015-12-22 00:00:00Z,TW7 6HG,Flats/Maisonettes,Established,Leasehold,80,,WORTON ROAD,,ISLEWORTH,HOUNSLOW,GREATER LONDON,Standard,Addition,51.4670920000,-0.3433480000
595000,2015-10-28 00:00:00Z,TW7 7PQ,Detached,Established,Freehold,8,,HALL ROAD,,ISLEWORTH,HOUNSLOW,GREATER LONDON,Additional,Addition,51.4642140000,-0.3471520000
227500,2015-04-17 00:00:00Z,TW7 7PS,Flats/Maisonettes,Established,Leasehold,72,,HARVESTERS CLOSE,,ISLEWORTH,HOUNSLOW,GREATER LONDON,Standard,Addition,51.4608250000,-0.3478640000
408000,2015-07-17 00:00:00Z,TW7 6LF,Terraced,Established,Freehold,10,,ESSEX AVENUE,,ISLEWORTH,HOUNSLOW,GREATER LONDON,Standard,Addition,51.4676380000,-0.3431690000
480000,2015-04-20 00:00:00Z,TW7 6HA,Terraced,Established,Freehold,124,,ELMER GARDENS,,ISLEWORTH,HOUNSLOW,GREATER LONDON,Standard,Addition,51.4670700000,-0.3488190000
459950,2015-09-04 00:00:00Z,TW7 6HA,Terraced,Established,Freehold,68,,ELMER GARDENS,,ISLEWORTH,HOUNSLOW,GREATER LONDON,Standard,Addition,51.4670700000,-0.3488190000
236000,2015-04-09 00:00:00Z,TW7 7PP,Terraced,Established,Freehold,6,,HARVESTERS CLOSE,,ISLEWORTH,HOUNSLOW,GREATER LONDON,Standard,Addition,51.4616460000,-0.3473880000
440000,2015-01-09 00:00:00Z,TW3 2PA,Semi-Detached,Established,Freehold,18,,HELDMANN CLOSE,,HOUNSLOW,HOUNSLOW,GREATER LONDON,Standard,Addition,51.4662350000,-0.3475970000
525000,2015-06-26 00:00:00Z,TW7 6HP,Semi-Detached,Established,Freehold,41,,RIVERSIDE WALK,,ISLEWORTH,HOUNSLOW,GREATER LONDON,Standard,Addition,51.4690030000,-0.3404850000
485000,2015-04-15 00:00:00Z,TW7 6LX,Semi-Detached,Established,Freehold,161,,WOODLAND GARDENS,,ISLEWORTH,HOUNSLOW,GREATER LONDON,Standard,Addition,51.4693740000,-0.3432220000
429950,2015-05-15 00:00:00Z,TW7 6LE,Detached,Established,Freehold,15,,CLAYTON ROAD,,ISLEWORTH,HOUNSLOW,GREATER LONDON,Standard,Addition,51.4673870000,-0.3419690000
385000,2015-03-31 00:00:00Z,TW7 6HB,Terraced,Established,Freehold,38,,ELMER GARDENS,,ISLEWORTH,HOUNSLOW,GREATER LONDON,Standard,Addition,51.4682840000,-0.3487750000
210000,2015-12-23 00:00:00Z,TW7 6EJ,Terraced,Established,Freehold,22,,CHRISTABEL CLOSE,,ISLEWORTH,HOUNSLOW,GREATER LONDON,Additional,Addition,51.4674900000,-0.3403100000
360000,2015-09-16 00:00:00Z,TW7 7PP,Terraced,Established,Freehold,13,,HARVESTERS CLOSE,,ISLEWORTH,HOUNSLOW,GREATER LONDON,Standard,Addition,51.4616460000,-0.3473880000
375000,2015-03-02 00:00:00Z,TW3 2PA,Terraced,Established,Freehold,32,,HELDMANN CLOSE,,HOUNSLOW,HOUNSLOW,GREATER LONDON,Standard,Addition,51.4662350000,-0.3475970000
372500,2015-11-13 00:00:00Z,TW7 7PJ,Semi-Detached,Established,Freehold,1,,PLOUGHMANS END,,ISLEWORTH,HOUNSLOW,GREATER LONDON,Standard,Addition,51.4602000000,-0.3488220000
425000,2015-11-25 00:00:00Z,TW7 7PR,Semi-Detached,Established,Freehold,20,,HEATHER CLOSE,,ISLEWORTH,HOUNSLOW,GREATER LONDON,Standard,Addition,51.4612460000,-0.3483820000
530000,2015-01-07 00:00:00Z,TW7 6HE,Semi-Detached,Established,Freehold,120,,BRIDGE ROAD,,ISLEWORTH,HOUNSLOW,GREATER LONDON,Standard,Addition,51.4675950000,-0.3458630000
410000,2015-10-13 00:00:00Z,TW3 2PU,Semi-Detached,Established,Freehold,149,,ELLERDINE ROAD,,HOUNSLOW,HOUNSLOW,GREATER LONDON,Additional,Addition,51.4625140000,-0.3496890000
375000,2015-01-23 00:00:00Z,TW7 6LZ,Semi-Detached,Established,Freehold,1,,GIBSON CLOSE,,ISLEWORTH,HOUNSLOW,GREATER LONDON,Standard,Addition,51.4681030000,-0.3455570000
441000,2015-09-01 00:00:00Z,TW7 6LB,Terraced,Established,Freehold,86,,SUSSEX AVENUE,,ISLEWORTH,HOUNSLOW,GREATER LONDON,Standard,Addition,51.4683080000,-0.3428860000
465000,2015-03-06 00:00:00Z,TW7 6EY,Semi-Detached,Established,Freehold,17,,ELMER GARDENS,,ISLEWORTH,HOUNSLOW,GREATER LONDON,Standard,Addition,51.4680880000,-0.3483360000
182000,2015-01-05 00:00:00Z,TW7 6NE,Flats/Maisonettes,Established,Leasehold,"DOUGLAS BADER HOUSE, 9",15,GIBSON CLOSE,,ISLEWORTH,HOUNSLOW,GREATER LONDON,Additional,Addition,51.4684800000,-0.3467380000
448000,2015-12-23 00:00:00Z,TW7 6HL,Terraced,Established,Freehold,65,,WORTON ROAD,,ISLEWORTH,HOUNSLOW,GREATER LONDON,Standard,Addition,51.4666800000,-0.3428010000
585000,2015-01-30 00:00:00Z,TW7 6LS,Semi-Detached,Established,Freehold,166,,WOODLAND GARDENS,,ISLEWORTH,HOUNSLOW,GREATER LONDON,Standard,Addition,51.4688270000,-0.3426510000
408000,2015-11-11 00:00:00Z,TW3 2PX,Terraced,Established,Freehold,198,,ELLERDINE ROAD,,HOUNSLOW,HOUNSLOW,GREATER LONDON,Standard,Addition,51.4621860000,-0.3493550000
455000,2015-10-30 00:00:00Z,TW7 6HA,Terraced,Established,Freehold,102,,ELMER GARDENS,,ISLEWORTH,HOUNSLOW,GREATER LONDON,Standard,Addition,51.4670700000,-0.3488190000
517000,2016-08-10 00:00:00Z,TW7 6LA,Semi-Detached,Established,Freehold,52,,SUSSEX AVENUE,,ISLEWORTH,HOUNSLOW,GREATER LONDON,Standard,Addition,51.4689580000,-0.3449650000
735000,2016-06-01 00:00:00Z,TW7 6LT,Semi-Detached,Established,Freehold,220,,WOODLAND GARDENS,,ISLEWORTH,HOUNSLOW,GREATER LONDON,Standard,Addition,51.4693450000,-0.3443750000
635500,2016-09-30 00:00:00Z,TW7 6HP,Semi-Detached,Established,Freehold,23,,RIVERSIDE WALK,,ISLEWORTH,HOUNSLOW,GREATER LONDON,Standard,Addition,51.4690030000,-0.3404850000
464950,2016-10-13 00:00:00Z,TW7 7PA,Semi-Detached,Established,Freehold,41,,HALL ROAD,,ISLEWORTH,HOUNSLOW,GREATER LONDON,Standard,Addition,51.4642240000,-0.3478420000
423500,2016-01-22 00:00:00Z,TW3 2PU,Semi-Detached,Established,Freehold,175,,ELLERDINE ROAD,,HOUNSLOW,HOUNSLOW,GREATER LONDON,Additional,Addition,51.4625140000,-0.3496890000
450000,2016-05-27 00:00:00Z,TW7 6EX,Terraced,Established,Freehold,10,,FARNELL ROAD,,ISLEWORTH,HOUNSLOW,GREATER LONDON,Standard,Addition,51.4670890000,-0.3463570000
501000,2016-03-31 00:00:00Z,TW7 6EZ,Terraced,Established,Freehold,45A,,ELMER GARDENS,,ISLEWORTH,HOUNSLOW,GREATER LONDON,Standard,Addition,51.4674160000,-0.3485040000
649950,2016-04-15 00:00:00Z,TW7 7PQ,Semi-Detached,Established,Freehold,8B,,HALL ROAD,,ISLEWORTH,HOUNSLOW,GREATER LONDON,Standard,Addition,51.4642140000,-0.3471520000
470000,2016-03-24 00:00:00Z,TW7 7PA,Semi-Detached,Established,Freehold,23,,HALL ROAD,,ISLEWORTH,HOUNSLOW,GREATER LONDON,Standard,Addition,51.4642240000,-0.3478420000
325000,2016-03-21 00:00:00Z,TW7 6EJ,Terraced,Established,Freehold,23,,CHRISTABEL CLOSE,,ISLEWORTH,HOUNSLOW,GREATER LONDON,Standard,Addition,51.4674900000,-0.3403100000
347000,2016-03-30 00:00:00Z,TW7 7PU,Terraced,Established,Freehold,17,,WAINWRIGHT GROVE,,ISLEWORTH,HOUNSLOW,GREATER LONDON,Standard,Addition,51.4629340000,-0.3475430000
420000,2016-02-19 00:00:00Z,TW7 6EZ,Semi-Detached,Established,Freehold,55,,ELMER GARDENS,,ISLEWORTH,HOUNSLOW,GREATER LONDON,Standard,Addition,51.4674160000,-0.3485040000
425000,2016-02-01 00:00:00Z,TW3 2NX,Semi-Detached,Established,Freehold,204,,HEATH ROAD,,HOUNSLOW,HOUNSLOW,GREATER LONDON,Standard,Addition,51.4656030000,-0.3480880000
460000,2016-07-15 00:00:00Z,TW7 6HA,Terraced,Established,Freehold,98,,ELMER GARDENS,,ISLEWORTH,HOUNSLOW,GREATER LONDON,Standard,Addition,51.4670700000,-0.3488190000
435000,2016-03-31 00:00:00Z,TW7 6EZ,Detached,Established,Freehold,45A,,ELMER GARDENS,,ISLEWORTH,HOUNSLOW,GREATER LONDON,Standard,Addition,51.4674160000,-0.3485040000
440000,2016-03-31 00:00:00Z,TW7 7PA,Terraced,Established,Freehold,51,,HALL ROAD,,ISLEWORTH,HOUNSLOW,GREATER LONDON,Standard,Addition,51.4642240000,-0.3478420000
107500,2016-04-15 00:00:00Z,TW7 6NE,Flats/Maisonettes,Established,Leasehold,"DOUGLAS BADER HOUSE, 9",3,GIBSON CLOSE,,ISLEWORTH,HOUNSLOW,GREATER LONDON,Standard,Addition,51.4684800000,-0.3467380000
410000,2016-05-12 00:00:00Z,TW7 7PP,Semi-Detached,Established,Freehold,37,,HARVESTERS CLOSE,,ISLEWORTH,HOUNSLOW,GREATER LONDON,Standard,Addition,51.4616460000,-0.3473880000
420000,2016-05-23 00:00:00Z,TW3 2NX,Semi-Detached,Established,Freehold,212,,HEATH ROAD,,HOUNSLOW,HOUNSLOW,GREATER LONDON,Standard,Addition,51.4656030000,-0.3480880000
641000,2016-11-17 00:00:00Z,TW7 6LR,Semi-Detached,Established,Freehold,160,,WOODLAND GARDENS,,ISLEWORTH,HOUNSLOW,GREATER LONDON,Standard,Addition,51.4693330000,-0.3409200000
292000,2016-12-15 00:00:00Z,TW7 7PR,Terraced,Established,Freehold,31,,HEATHER CLOSE,,ISLEWORTH,HOUNSLOW,GREATER LONDON,Additional,Addition,51.4612460000,-0.3483820000
490000,2016-10-12 00:00:00Z,TW7 6LR,Semi-Detached,Established,Freehold,134,,WOODLAND GARDENS,,ISLEWORTH,HOUNSLOW,GREATER LONDON,Additional,Addition,51.4693330000,-0.3409200000
435000,2016-10-21 00:00:00Z,TW7 6LB,Semi-Detached,Established,Freehold,58,,SUSSEX AVENUE,,ISLEWORTH,HOUNSLOW,GREATER LONDON,Standard,Addition,51.4683080000,-0.3428860000
552500,2016-12-21 00:00:00Z,TW7 6LD,Semi-Detached,Established,Freehold,91,,SUSSEX AVENUE,,ISLEWORTH,HOUNSLOW,GREATER LONDON,Standard,Addition,51.4679670000,-0.3428980000
537000,2016-12-15 00:00:00Z,TW3 2PU,Terraced,Established,Freehold,137,,ELLERDINE ROAD,,HOUNSLOW,HOUNSLOW,GREATER LONDON,Standard,Addition,51.4625140000,-0.3496890000
370000,2016-11-11 00:00:00Z,TW3 2PU,Terraced,Established,Freehold,171,,ELLERDINE ROAD,,HOUNSLOW,HOUNSLOW,GREATER LONDON,Additional,Addition,51.4625140000,-0.3496890000
212000,2016-08-08 00:00:00Z,TW3 2PR,Terraced,Established,Freehold,74,,CATHERINE GARDENS,,HOUNSLOW,HOUNSLOW,GREATER LONDON,Standard,Addition,51.4634780000,-0.3498130000
390000,2016-01-25 00:00:00Z,TW3 2PA,Semi-Detached,Established,Freehold,20,,HELDMANN CLOSE,,HOUNSLOW,HOUNSLOW,GREATER LONDON,Standard,Addition,51.4662350000,-0.3475970000
375000,2016-02-11 00:00:00Z,TW7 6EJ,Terraced,Established,Freehold,16,,CHRISTABEL CLOSE,,ISLEWORTH,HOUNSLOW,GREATER LONDON,Standard,Addition,51.4674900000,-0.3403100000
290000,2016-12-06 00:00:00Z,TW7 7PS,Terraced,Established,Freehold,67,,HARVESTERS CLOSE,,ISLEWORTH,HOUNSLOW,GREATER LONDON,Standard,Addition,51.4608250000,-0.3478640000
408000,2016-11-25 00:00:00Z,TW7 6EY,Semi-Detached,Established,Freehold,19,,ELMER GARDENS,,ISLEWORTH,HOUNSLOW,GREATER LONDON,Standard,Addition,51.4680880000,-0.3483360000
580000,2016-03-04 00:00:00Z,TW7 6LF,Terraced,Established,Freehold,10,,ESSEX AVENUE,,ISLEWORTH,HOUNSLOW,GREATER LONDON,Standard,Addition,51.4676380000,-0.3431690000
485000,2016-03-24 00:00:00Z,TW3 2PF,Semi-Detached,Established,Freehold,63,,CHATSWORTH CRESCENT,,HOUNSLOW,HOUNSLOW,GREATER LONDON,Standard,Addition,51.4663530000,-0.3496370000
332000,2016-02-22 00:00:00Z,TW7 7PJ,Terraced,Established,Freehold,5,,PLOUGHMANS END,,ISLEWORTH,HOUNSLOW,GREATER LONDON,Standard,Addition,51.4602000000,-0.3488220000
341000,2016-05-27 00:00:00Z,TW7 7PJ,Terraced,Established,Freehold,6,,PLOUGHMANS END,,ISLEWORTH,HOUNSLOW,GREATER LONDON,Standard,Addition,51.4602000000,-0.3488220000
340000,2016-05-20 00:00:00Z,TW7 6HJ,Semi-Detached,Established,Freehold,25,,WORTON ROAD,,ISLEWORTH,HOUNSLOW,GREATER LONDON,Standard,Addition,51.4664900000,-0.3453130000
540000,2016-01-13 00:00:00Z,TW7 6HQ,Semi-Detached,Established,Freehold,120,,WORTON ROAD,,ISLEWORTH,HOUNSLOW,GREATER LONDON,Standard,Addition,51.4669970000,-0.3417390000
440000,2016-08-26 00:00:00Z,TW3 2PD,Semi-Detached,Established,Freehold,122,,CHATSWORTH CRESCENT,,HOUNSLOW,HOUNSLOW,GREATER LONDON,Standard,Addition,51.4667670000,-0.3496220000
505000,2016-08-15 00:00:00Z,TW7 6HR,Semi-Detached,Established,Freehold,50,,RIVERSIDE WALK,,ISLEWORTH,HOUNSLOW,GREATER LONDON,Standard,Addition,51.4675670000,-0.3413580000
462500,2016-08-31 00:00:00Z,TW7 6LA,Terraced,Established,Freehold,32,,SUSSEX AVENUE,,ISLEWORTH,HOUNSLOW,GREATER LONDON,Standard,Addition,51.4689580000,-0.3449650000
480000,2017-09-29 00:00:00Z,TW3 2PX,Semi-Detached,Established,Freehold,184,,ELLERDINE ROAD,,HOUNSLOW,HOUNSLOW,GREATER LONDON,Standard,Addition,51.4621860000,-0.3493550000
330000,2017-03-24 00:00:00Z,TW7 6HG,Flats/Maisonettes,Established,Leasehold,82,,WORTON ROAD,,ISLEWORTH,HOUNSLOW,GREATER LONDON,Standard,Addition,51.4670920000,-0.3433480000
250000,2017-07-12 00:00:00Z,TW3 2PD,Semi-Detached,Established,Freehold,90,,CHATSWORTH CRESCENT,,HOUNSLOW,HOUNSLOW,GREATER LONDON,Standard,Addition,51.4667670000,-0.3496220000
244000,2017-06-30 00:00:00Z,TW7 7PS,Flats/Maisonettes,Established,Leasehold,69,,HARVESTERS CLOSE,,ISLEWORTH,HOUNSLOW,GREATER LONDON,Standard,Addition,51.4608250000,-0.3478640000
445000,2017-06-14 00:00:00Z,TW3 2PA,Semi-Detached,Established,Freehold,4,,HELDMANN CLOSE,,HOUNSLOW,HOUNSLOW,GREATER LONDON,Standard,Addition,51.4662350000,-0.3475970000
599950,2017-07-14 00:00:00Z,TW7 6LB,Terraced,Established,Freehold,78,,SUSSEX AVENUE,,ISLEWORTH,HOUNSLOW,GREATER LONDON,Standard,Addition,51.4683080000,-0.3428860000
530000,2017-08-22 00:00:00Z,TW7 6HA,Terraced,Established,Freehold,68,,ELMER GARDENS,,ISLEWORTH,HOUNSLOW,GREATER LONDON,Standard,Addition,51.4670700000,-0.3488190000
481500,2017-08-25 00:00:00Z,TW7 6EZ,Terraced,Established,Freehold,67,,ELMER GARDENS,,ISLEWORTH,HOUNSLOW,GREATER LONDON,Standard,Addition,51.4674160000,-0.3485040000
512500,2017-04-12 00:00:00Z,TW7 6LF,Terraced,Established,Freehold,36,,ESSEX AVENUE,,ISLEWORTH,HOUNSLOW,GREATER LONDON,Standard,Addition,51.4676380000,-0.3431690000
582000,2017-04-28 00:00:00Z,TW7 6LE,Terraced,Established,Freehold,9,,CLAYTON ROAD,,ISLEWORTH,HOUNSLOW,GREATER LONDON,Standard,Addition,51.4673870000,-0.3419690000
341000,2017-08-29 00:00:00Z,TW7 7PT,Terraced,Established,Freehold,18,,GLEN WALK,,ISLEWORTH,HOUNSLOW,GREATER LONDON,Standard,Addition,51.4603500000,-0.3480110000
580000,2017-09-08 00:00:00Z,TW7 6HP,Semi-Detached,Established,Freehold,46,,RIVERSIDE WALK,,ISLEWORTH,HOUNSLOW,GREATER LONDON,Standard,Addition,51.4690030000,-0.3404850000
530000,2017-10-13 00:00:00Z,TW7 7PA,Terraced,Established,Freehold,13,,HALL ROAD,,ISLEWORTH,HOUNSLOW,GREATER LONDON,Standard,Addition,51.4642240000,-0.3478420000
535000,2017-10-30 00:00:00Z,TW7 6HA,Semi-Detached,Established,Freehold,96,,ELMER GARDENS,,ISLEWORTH,HOUNSLOW,GREATER LONDON,Standard,Addition,51.4670700000,-0.3488190000
555000,2017-11-03 00:00:00Z,TW7 6HR,Semi-Detached,Established,Freehold,58,,RIVERSIDE WALK,,ISLEWORTH,HOUNSLOW,GREATER LONDON,Standard,Addition,51.4675670000,-0.3413580000
293000,2017-09-07 00:00:00Z,TW7 7PU,Terraced,Established,Freehold,26,,WAINWRIGHT GROVE,,ISLEWORTH,HOUNSLOW,GREATER LONDON,Standard,Addition,51.4629340000,-0.3475430000
275000,2017-09-29 00:00:00Z,TW7 7PU,Semi-Detached,Established,Freehold,15,,WAINWRIGHT GROVE,,ISLEWORTH,HOUNSLOW,GREATER LONDON,Standard,Addition,51.4629340000,-0.3475430000
317000,2017-04-28 00:00:00Z,TW7 6EJ,Terraced,Established,Freehold,6,,CHRISTABEL CLOSE,,ISLEWORTH,HOUNSLOW,GREATER LONDON,Standard,Addition,51.4674900000,-0.3403100000
599950,2017-06-09 00:00:00Z,TW7 6LT,Semi-Detached,Established,Freehold,232,,WOODLAND GARDENS,,ISLEWORTH,HOUNSLOW,GREATER LONDON,Standard,Addition,51.4693450000,-0.3443750000
600000,2017-06-13 00:00:00Z,TW7 6LT,Semi-Detached,Established,Freehold,234,,WOODLAND GARDENS,,ISLEWORTH,HOUNSLOW,GREATER LONDON,Standard,Addition,51.4693450000,-0.3443750000
100000,2017-06-09 00:00:00Z,TW7 6NE,Flats/Maisonettes,Established,Leasehold,"DOUGLAS BADER HOUSE, 9",10,GIBSON CLOSE,,ISLEWORTH,HOUNSLOW,GREATER LONDON,Additional,Addition,51.4684800000,-0.3467380000
472500,2017-02-15 00:00:00Z,TW7 6HL,Terraced,Established,Freehold,57,,WORTON ROAD,,ISLEWORTH,HOUNSLOW,GREATER LONDON,Standard,Addition,51.4666800000,-0.3428010000
480000,2017-02-15 00:00:00Z,TW7 6LA,Terraced,Established,Freehold,12,,SUSSEX AVENUE,,ISLEWORTH,HOUNSLOW,GREATER LONDON,Standard,Addition,51.4689580000,-0.3449650000
675000,2017-08-18 00:00:00Z,TW7 6HP,Semi-Detached,Established,Freehold,20,,RIVERSIDE WALK,,ISLEWORTH,HOUNSLOW,GREATER LONDON,Standard,Addition,51.4690030000,-0.3404850000
275000,2017-07-17 00:00:00Z,TW7 7PS,Flats/Maisonettes,Established,Leasehold,59,,HARVESTERS CLOSE,,ISLEWORTH,HOUNSLOW,GREATER LONDON,Standard,Addition,51.4608250000,-0.3478640000
517000,2017-09-15 00:00:00Z,TW7 6EZ,Semi-Detached,Established,Freehold,69,,ELMER GARDENS,,ISLEWORTH,HOUNSLOW,GREATER LONDON,Standard,Addition,51.4674160000,-0.3485040000
463500,2017-01-20 00:00:00Z,TW7 6EZ,Terraced,Established,Freehold,79,,ELMER GARDENS,,ISLEWORTH,HOUNSLOW,GREATER LONDON,Standard,Addition,51.4674160000,-0.3485040000
485000,2017-04-03 00:00:00Z,TW7 6HG,Semi-Detached,Established,Freehold,102,,WORTON ROAD,,ISLEWORTH,HOUNSLOW,GREATER LONDON,Standard,Addition,51.4670920000,-0.3433480000
545000,2017-11-20 00:00:00Z,TW7 6LB,Terraced,Established,Freehold,106,,SUSSEX AVENUE,,ISLEWORTH,HOUNSLOW,GREATER LONDON,Standard,Addition,51.4683080000,-0.3428860000
442000,2017-12-13 00:00:00Z,TW3 2PT,Semi-Detached,Established,Freehold,83,,ELLERDINE ROAD,,HOUNSLOW,HOUNSLOW,GREATER LONDON,Standard,Addition,51.4639450000,-0.3490900000
320000,2017-07-18 00:00:00Z,TW7 6HG,Flats/Maisonettes,Established,Leasehold,72,,WORTON ROAD,,ISLEWORTH,HOUNSLOW,GREATER LONDON,Standard,Addition,51.4670920000,-0.3433480000
226000,2017-06-27 00:00:00Z,TW7 6NE,Flats/Maisonettes,Established,Leasehold,"DOUGLAS BADER HOUSE, 9",1,GIBSON CLOSE,,ISLEWORTH,HOUNSLOW,GREATER LONDON,Standard,Addition,51.4684800000,-0.3467380000
479500,2017-07-24 00:00:00Z,TW7 6HB,Semi-Detached,Established,Freehold,46,,ELMER GARDENS,,ISLEWORTH,HOUNSLOW,GREATER LONDON,Standard,Addition,51.4682840000,-0.3487750000
575000,2017-02-09 00:00:00Z,TW7 7PQ,Detached,Established,Freehold,8,,HALL ROAD,,ISLEWORTH,HOUNSLOW,GREATER LONDON,Standard,Addition,51.4642140000,-0.3471520000
425000,2017-08-07 00:00:00Z,TW7 6GA,Semi-Detached,Established,Freehold,WORTON HALL,2 THE MEWS,WORTON ROAD,,ISLEWORTH,HOUNSLOW,GREATER LONDON,Standard,Addition,51.4656550000,-0.3453720000
560000,2017-09-21 00:00:00Z,TW7 6LQ,Semi-Detached,Established,Freehold,10,,ABINGER GARDENS,,ISLEWORTH,HOUNSLOW,GREATER LONDON,Standard,Addition,51.4679750000,-0.3447550000
625000,2017-10-13 00:00:00Z,TW3 2PS,Semi-Detached,Established,Freehold,84,,ELLERDINE ROAD,,HOUNSLOW,HOUNSLOW,GREATER LONDON,Standard,Addition,51.4643230000,-0.3484870000
507000,2017-11-24 00:00:00Z,TW7 7PB,Semi-Detached,Established,Freehold,71,,HALL ROAD,,ISLEWORTH,HOUNSLOW,GREATER LONDON,Standard,Addition,51.4621220000,-0.3486380000
445000,2017-04-18 00:00:00Z,TW7 6EX,Semi-Detached,Established,Freehold,22,,FARNELL ROAD,,ISLEWORTH,HOUNSLOW,GREATER LONDON,Additional,Addition,51.4670890000,-0.3463570000
590000,2017-11-10 00:00:00Z,TW7 6LS,Semi-Detached,Established,Freehold,212,,WOODLAND GARDENS,,ISLEWORTH,HOUNSLOW,GREATER LONDON,Standard,Addition,51.4688270000,-0.3426510000
461950,2017-10-06 00:00:00Z,TW7 6HB,Terraced,Established,Freehold,52,,ELMER GARDENS,,ISLEWORTH,HOUNSLOW,GREATER LONDON,Standard,Addition,51.4682840000,-0.3487750000
260000,2017-05-04 00:00:00Z,TW7 7PQ,Semi-Detached,Established,Freehold,26,,HALL ROAD,,ISLEWORTH,HOUNSLOW,GREATER LONDON,Standard,Addition,51.4642140000,-0.3471520000
420000,2017-01-27 00:00:00Z,TW7 6HA,Terraced,Established,Freehold,118,,ELMER GARDENS,,ISLEWORTH,HOUNSLOW,GREATER LONDON,Standard,Addition,51.4670700000,-0.3488190000
550000,2017-01-31 00:00:00Z,TW7 6LT,Semi-Detached,Established,Freehold,246,,WOODLAND GARDENS,,ISLEWORTH,HOUNSLOW,GREATER LONDON,Standard,Addition,51.4693450000,-0.3443750000
875000,2018-03-29 00:00:00Z,TW7 6LS,Semi-Detached,Established,Freehold,168,,WOODLAND GARDENS,,ISLEWORTH,HOUNSLOW,GREATER LONDON,Standard,Addition,51.4688270000,-0.3426510000
465000,2018-03-16 00:00:00Z,TW3 2PF,Semi-Detached,Established,Freehold,65,,CHATSWORTH CRESCENT,,HOUNSLOW,HOUNSLOW,GREATER LONDON,Standard,Addition,51.4663530000,-0.3496370000
477000,2018-03-28 00:00:00Z,TW7 7PA,Terraced,Established,Freehold,47,,HALL ROAD,,ISLEWORTH,HOUNSLOW,GREATER LONDON,Standard,Addition,51.4642240000,-0.3478420000
375000,2018-08-09 00:00:00Z,TW7 6EJ,Terraced,Established,Freehold,15,,CHRISTABEL CLOSE,,ISLEWORTH,HOUNSLOW,GREATER LONDON,Additional,Addition,51.4674900000,-0.3403100000
412000,2018-06-28 00:00:00Z,TW7 7PS,Semi-Detached,Established,Freehold,73,,HARVESTERS CLOSE,,ISLEWORTH,HOUNSLOW,GREATER LONDON,Standard,Addition,51.4608250000,-0.3478640000
580000,2018-06-29 00:00:00Z,TW7 6LS,Semi-Detached,Established,Freehold,182,,WOODLAND GARDENS,,ISLEWORTH,HOUNSLOW,GREATER LONDON,Standard,Addition,51.4688270000,-0.3426510000
536000,2018-08-10 00:00:00Z,TW7 6LQ,Semi-Detached,Established,Freehold,16,,ABINGER GARDENS,,ISLEWORTH,HOUNSLOW,GREATER LONDON,Standard,Addition,51.4679750000,-0.3447550000
550000,2018-07-27 00:00:00Z,TW7 6JZ,Semi-Detached,Established,Freehold,132,,WOODLANDS ROAD,,ISLEWORTH,HOUNSLOW,GREATER LONDON,Standard,Addition,51.4698860000,-0.3457160000
295000,2018-01-08 00:00:00Z,TW7 7PL,Flats/Maisonettes,Established,Freehold,28,,THATCHERS WAY,,ISLEWORTH,HOUNSLOW,GREATER LONDON,Standard,Addition,51.4601880000,-0.3492400000
295000,2018-01-08 00:00:00Z,TW7 7PL,Flats/Maisonettes,Established,Leasehold,26,,THATCHERS WAY,,ISLEWORTH,HOUNSLOW,GREATER LONDON,Standard,Addition,51.4601880000,-0.3492400000
300000,2018-01-08 00:00:00Z,TW7 7PW,Flats/Maisonettes,Established,Leasehold,12,,BRACKEN END,,ISLEWORTH,HOUNSLOW,GREATER LONDON,Standard,Addition,51.4617810000,-0.3480460000
440000,2018-12-19 00:00:00Z,TW7 6GA,Detached,Established,Freehold,WORTON HALL,1 THE MEWS,WORTON ROAD,,ISLEWORTH,HOUNSLOW,GREATER LONDON,Standard,Addition,51.4656550000,-0.3453720000
350000,2018-08-22 00:00:00Z,TW7 6HJ,Semi-Detached,Established,Freehold,13,,WORTON ROAD,,ISLEWORTH,HOUNSLOW,GREATER LONDON,Standard,Addition,51.4664900000,-0.3453130000
555000,2018-07-24 00:00:00Z,TW7 6LT,Semi-Detached,Established,Freehold,216,,WOODLAND GARDENS,,ISLEWORTH,HOUNSLOW,GREATER LONDON,Standard,Addition,51.4693450000,-0.3443750000
300000,2018-07-31 00:00:00Z,TW7 6HP,Semi-Detached,Established,Freehold,45,,RIVERSIDE WALK,,ISLEWORTH,HOUNSLOW,GREATER LONDON,Standard,Addition,51.4690030000,-0.3404850000
599950,2018-08-17 00:00:00Z,TW7 6LJ,Semi-Detached,Established,Freehold,3,,SUSSEX AVENUE,,ISLEWORTH,HOUNSLOW,GREATER LONDON,Standard,Addition,51.4687760000,-0.3454030000
512500,2018-11-26 00:00:00Z,TW7 6HB,Terraced,Established,Freehold,50,,ELMER GARDENS,,ISLEWORTH,HOUNSLOW,GREATER LONDON,Standard,Addition,51.4682840000,-0.3487750000
465000,2018-05-11 00:00:00Z,TW7 6LJ,Semi-Detached,Established,Freehold,11,,SUSSEX AVENUE,,ISLEWORTH,HOUNSLOW,GREATER LONDON,Standard,Addition,51.4687760000,-0.3454030000
1016107,2018-05-25 00:00:00Z,TW7 6ER,Other,Established,Freehold,WORTON COURT,UNIT 13,WORTON ROAD,,ISLEWORTH,HOUNSLOW,GREATER LONDON,Additional,Addition,51.4651280000,-0.3449740000
1016107,2018-05-25 00:00:00Z,TW7 6ER,Other,Established,Freehold,WORTON HALL INDUSTRIAL ESTATE,UNIT 14,WORTON ROAD,,ISLEWORTH,HOUNSLOW,GREATER LONDON,Additional,Addition,51.4651280000,-0.3449740000
603000,2018-08-17 00:00:00Z,TW7 6HA,Terraced,Established,Freehold,104,,ELMER GARDENS,,ISLEWORTH,HOUNSLOW,GREATER LONDON,Standard,Addition,51.4670700000,-0.3488190000
939744,2018-05-25 00:00:00Z,TW7 6ER,Other,Established,Freehold,WORTON COURT,UNIT 4,WORTON ROAD,,ISLEWORTH,HOUNSLOW,GREATER LONDON,Additional,Addition,51.4651280000,-0.3449740000
144135,2018-05-25 00:00:00Z,TW7 6ER,Other,Established,Freehold,WORTON COURT,UNIT 8,WORTON ROAD,,ISLEWORTH,HOUNSLOW,GREATER LONDON,Additional,Addition,51.4651280000,-0.3449740000
939744,2018-05-25 00:00:00Z,TW7 6ER,Other,Established,Freehold,WORTON COURT,UNIT 1,WORTON ROAD,,ISLEWORTH,HOUNSLOW,GREATER LONDON,Additional,Addition,51.4651280000,-0.3449740000
440000,2018-10-10 00:00:00Z,TW7 6GA,Semi-Detached,Established,Freehold,WORTON HALL,3 THE MEWS,WORTON ROAD,,ISLEWORTH,HOUNSLOW,GREATER LONDON,Standard,Addition,51.4656550000,-0.3453720000
615000,2018-08-17 00:00:00Z,TW7 7EH,Semi-Detached,Established,Freehold,2,,COUNTY GARDENS,,ISLEWORTH,HOUNSLOW,GREATER LONDON,Standard,Addition,51.4651120000,-0.3470620000
185000,2018-12-21 00:00:00Z,TW7 6ER,Other,Established,Freehold,WORTON COURT,UNIT 2,WORTON ROAD,,ISLEWORTH,HOUNSLOW,GREATER LONDON,Additional,Addition,51.4651280000,-0.3449740000
575000,2018-10-10 00:00:00Z,TW7 7EH,Semi-Detached,Established,Freehold,3,,COUNTY GARDENS,,ISLEWORTH,HOUNSLOW,GREATER LONDON,Standard,Addition,51.4651120000,-0.3470620000
365000,2018-07-05 00:00:00Z,TW7 7PS,Terraced,Established,Freehold,65,,HARVESTERS CLOSE,,ISLEWORTH,HOUNSLOW,GREATER LONDON,Additional,Addition,51.4608250000,-0.3478640000
660000,2018-01-24 00:00:00Z,TW7 6LU,Semi-Detached,Established,Freehold,125,,WOODLAND GARDENS,,ISLEWORTH,HOUNSLOW,GREATER LONDON,Standard,Addition,51.4694750000,-0.3414470000
550000,2018-01-09 00:00:00Z,TW7 6HQ,Semi-Detached,Established,Freehold,120,,WORTON ROAD,,ISLEWORTH,HOUNSLOW,GREATER LONDON,Standard,Addition,51.4669970000,-0.3417390000
450000,2018-04-27 00:00:00Z,TW3 2PU,Terraced,Established,Freehold,161,,ELLERDINE ROAD,,HOUNSLOW,HOUNSLOW,GREATER LONDON,Standard,Addition,51.4625140000,-0.3496890000
402000,2018-09-07 00:00:00Z,TW7 7PP,Terraced,Established,Freehold,17,,HARVESTERS CLOSE,,ISLEWORTH,HOUNSLOW,GREATER LONDON,Standard,Addition,51.4616460000,-0.3473880000
517500,2018-10-04 00:00:00Z,TW7 6LF,Terraced,Established,Freehold,28,,ESSEX AVENUE,,ISLEWORTH,HOUNSLOW,GREATER LONDON,Standard,Addition,51.4676380000,-0.3431690000
385000,2018-07-19 00:00:00Z,TW7 7PW,Terraced,Established,Freehold,11,,BRACKEN END,,ISLEWORTH,HOUNSLOW,GREATER LONDON,Standard,Addition,51.4617810000,-0.3480460000
540000,2018-05-25 00:00:00Z,TW7 6EY,Semi-Detached,Established,Freehold,17,,ELMER GARDENS,,ISLEWORTH,HOUNSLOW,GREATER LONDON,Standard,Addition,51.4680880000,-0.3483360000
518000,2018-06-05 00:00:00Z,TW7 6LX,Semi-Detached,Established,Freehold,145,,WOODLAND GARDENS,,ISLEWORTH,HOUNSLOW,GREATER LONDON,Standard,Addition,51.4693740000,-0.3432220000
557000,2018-05-10 00:00:00Z,TW7 7PQ,Semi-Detached,Established,Freehold,20,,HALL ROAD,,ISLEWORTH,HOUNSLOW,GREATER LONDON,Standard,Addition,51.4642140000,-0.3471520000
620000,2018-05-31 00:00:00Z,TW7 6LU,Semi-Detached,Established,Freehold,103,,WOODLAND GARDENS,,ISLEWORTH,HOUNSLOW,GREATER LONDON,Standard,Addition,51.4694750000,-0.3414470000
570000,2018-07-13 00:00:00Z,TW7 6LJ,Terraced,Established,Freehold,29,,SUSSEX AVENUE,,ISLEWORTH,HOUNSLOW,GREATER LONDON,Standard,Addition,51.4687760000,-0.3454030000
420000,2018-04-24 00:00:00Z,TW3 2PA,Semi-Detached,Established,Freehold,6,,HELDMANN CLOSE,,HOUNSLOW,HOUNSLOW,GREATER LONDON,Standard,Addition,51.4662350000,-0.3475970000
415000,2018-03-07 00:00:00Z,TW7 6GA,Semi-Detached,Established,Freehold,WORTON HALL,4 THE MEWS,WORTON ROAD,,ISLEWORTH,HOUNSLOW,GREATER LONDON,Standard,Addition,51.4656550000,-0.3453720000
288750,2018-12-03 00:00:00Z,TW7 7PP,Terraced,Established,Freehold,6,,HARVESTERS CLOSE,,ISLEWORTH,HOUNSLOW,GREATER LONDON,Standard,Addition,51.4616460000,-0.3473880000
350000,2018-12-19 00:00:00Z,TW7 7PP,Terraced,Established,Freehold,3,,HARVESTERS CLOSE,,ISLEWORTH,HOUNSLOW,GREATER LONDON,Standard,Addition,51.4616460000,-0.3473880000
457000,2018-05-18 00:00:00Z,TW3 2PU,Terraced,Established,Freehold,185,,ELLERDINE ROAD,,HOUNSLOW,HOUNSLOW,GREATER LONDON,Standard,Addition,51.4625140000,-0.3496890000
575000,2018-04-24 00:00:00Z,TW7 6LE,Semi-Detached,Established,Freehold,2,,CLAYTON ROAD,,ISLEWORTH,HOUNSLOW,GREATER LONDON,Additional,Addition,51.4673870000,-0.3419690000
260000,2018-11-30 00:00:00Z,TW7 7PP,Terraced,Established,Freehold,8,,HARVESTERS CLOSE,,ISLEWORTH,HOUNSLOW,GREATER LONDON,Standard,Addition,51.4616460000,-0.3473880000
260000,2018-11-30 00:00:00Z,TW7 7PR,Flats/Maisonettes,Established,Leasehold,7,,HEATHER CLOSE,,ISLEWORTH,HOUNSLOW,GREATER LONDON,Standard,Addition,51.4612460000,-0.3483820000
450000,2018-11-09 00:00:00Z,TW7 6LJ,Semi-Detached,Established,Freehold,9,,SUSSEX AVENUE,,ISLEWORTH,HOUNSLOW,GREATER LONDON,Standard,Addition,51.4687760000,-0.3454030000
110000,2019-05-29 00:00:00Z,TW7 6HF,Flats/Maisonettes,Established,Leasehold,123,,BRIDGE ROAD,,ISLEWORTH,HOUNSLOW,GREATER LONDON,Standard,Addition,51.4674120000,-0.3443290000
202500,2019-05-10 00:00:00Z,TW7 6NE,Flats/Maisonettes,Established,Leasehold,"DOUGLAS BADER HOUSE, 9",12,GIBSON CLOSE,,ISLEWORTH,HOUNSLOW,GREATER LONDON,Standard,Addition,51.4684800000,-0.3467380000
350000,2019-08-09 00:00:00Z,TW7 6EJ,Terraced,Established,Freehold,18,,CHRISTABEL CLOSE,,ISLEWORTH,HOUNSLOW,GREATER LONDON,Standard,Addition,51.4674900000,-0.3403100000
350000,2019-12-16 00:00:00Z,TW7 6HH,Terraced,Established,Freehold,3,,OAK LANE,,ISLEWORTH,HOUNSLOW,GREATER LONDON,Standard,Addition,51.4664990000,-0.3408350000
370000,2019-10-24 00:00:00Z,TW7 7PJ,Terraced,Established,Freehold,8,,PLOUGHMANS END,,ISLEWORTH,HOUNSLOW,GREATER LONDON,Standard,Addition,51.4602000000,-0.3488220000
535000,2019-10-11 00:00:00Z,TW7 6EZ,Semi-Detached,Established,Freehold,55,,ELMER GARDENS,,ISLEWORTH,HOUNSLOW,GREATER LONDON,Standard,Addition,51.4674160000,-0.3485040000
742000,2019-03-29 00:00:00Z,TW7 7PQ,Detached,Established,Freehold,8A,,HALL ROAD,,ISLEWORTH,HOUNSLOW,GREATER LONDON,Standard,Addition,51.4642140000,-0.3471520000
500000,2019-03-28 00:00:00Z,TW7 7PB,Terraced,Established,Freehold,113,,HALL ROAD,,ISLEWORTH,HOUNSLOW,GREATER LONDON,Additional,Addition,51.4621220000,-0.3486380000
520000,2019-06-28 00:00:00Z,TW7 6LF,Detached,Established,Freehold,5,,ESSEX AVENUE,,ISLEWORTH,HOUNSLOW,GREATER LONDON,Standard,Addition,51.4676380000,-0.3431690000
435000,2019-12-12 00:00:00Z,TW3 2PR,Semi-Detached,Established,Freehold,26,,CATHERINE GARDENS,,HOUNSLOW,HOUNSLOW,GREATER LONDON,Standard,Addition,51.4634780000,-0.3498130000
480000,2019-09-20 00:00:00Z,TW7 7PB,Terraced,Established,Freehold,93,,HALL ROAD,,ISLEWORTH,HOUNSLOW,GREATER LONDON,Standard,Addition,51.4621220000,-0.3486380000
246000,2019-08-28 00:00:00Z,TW7 7PR,Terraced,Established,Freehold,22,,HEATHER CLOSE,,ISLEWORTH,HOUNSLOW,GREATER LONDON,Standard,Addition,51.4612460000,-0.3483820000
526000,2019-08-30 00:00:00Z,TW7 6LD,Terraced,Established,Freehold,67,,SUSSEX AVENUE,,ISLEWORTH,HOUNSLOW,GREATER LONDON,Standard,Addition,51.4679670000,-0.3428980000
510000,2019-05-07 00:00:00Z,TW7 6HN,Semi-Detached,Established,Freehold,16,,WORTON ROAD,,ISLEWORTH,HOUNSLOW,GREATER LONDON,Standard,Addition,51.4664280000,-0.3460060000
476000,2019-09-12 00:00:00Z,TW3 2PA,Semi-Detached,Established,Freehold,9,,HELDMANN CLOSE,,HOUNSLOW,HOUNSLOW,GREATER LONDON,Standard,Addition,51.4662350000,-0.3475970000
513000,2019-09-20 00:00:00Z,TW7 6EX,Semi-Detached,Established,Freehold,18,,FARNELL ROAD,,ISLEWORTH,HOUNSLOW,GREATER LONDON,Standard,Addition,51.4670890000,-0.3463570000
550000,2019-06-21 00:00:00Z,TW7 6LR,Other,Established,Freehold,158,,WOODLAND GARDENS,,ISLEWORTH,HOUNSLOW,GREATER LONDON,Additional,Addition,51.4693330000,-0.3409200000
196500,2019-08-01 00:00:00Z,TW7 6ER,Other,Established,Freehold,WORTON COURT,UNIT 12,WORTON ROAD,,ISLEWORTH,HOUNSLOW,GREATER LONDON,Additional,Addition,51.4651280000,-0.3449740000
400000,2019-08-14 00:00:00Z,TW7 7PN,Terraced,Established,Freehold,1,,REAPERS WAY,,ISLEWORTH,HOUNSLOW,GREATER LONDON,Standard,Addition,51.4605070000,-0.3495170000
400000,2019-10-11 00:00:00Z,TW7 7PP,Terraced,Established,Freehold,26,,HARVESTERS CLOSE,,ISLEWORTH,HOUNSLOW,GREATER LONDON,Standard,Addition,51.4616460000,-0.3473880000
420000,2019-12-05 00:00:00Z,TW7 7PP,Terraced,Established,Freehold,13,,HARVESTERS CLOSE,,ISLEWORTH,HOUNSLOW,GREATER LONDON,Standard,Addition,51.4616460000,-0.3473880000
530000,2019-01-31 00:00:00Z,TW7 6EY,Terraced,Established,Freehold,13,,ELMER GARDENS,,ISLEWORTH,HOUNSLOW,GREATER LONDON,Standard,Addition,51.4680880000,-0.3483360000
560000,2019-09-30 00:00:00Z,TW7 6LJ,Terraced,Established,Freehold,33,,SUSSEX AVENUE,,ISLEWORTH,HOUNSLOW,GREATER LONDON,Standard,Addition,51.4687760000,-0.3454030000
600000,2019-03-15 00:00:00Z,TW3 2PS,Semi-Detached,Established,Freehold,90,,ELLERDINE ROAD,,HOUNSLOW,HOUNSLOW,GREATER LONDON,Standard,Addition,51.4643230000,-0.3484870000
485000,2019-07-19 00:00:00Z,TW3 2PA,Semi-Detached,Established,Freehold,20,,HELDMANN CLOSE,,HOUNSLOW,HOUNSLOW,GREATER LONDON,Standard,Addition,51.4662350000,-0.3475970000
480000,2019-01-03 00:00:00Z,TW3 2PR,Terraced,Established,Freehold,58,,CATHERINE GARDENS,,HOUNSLOW,HOUNSLOW,GREATER LONDON,Standard,Addition,51.4634780000,-0.3498130000
485000,2019-02-15 00:00:00Z,TW7 6LB,Terraced,Established,Freehold,90,,SUSSEX AVENUE,,ISLEWORTH,HOUNSLOW,GREATER LONDON,Standard,Addition,51.4683080000,-0.3428860000
499000,2019-03-11 00:00:00Z,TW7 6LH,Semi-Detached,Established,Freehold,13,,ABINGER GARDENS,,ISLEWORTH,HOUNSLOW,GREATER LONDON,Standard,Addition,51.4678860000,-0.3442110000
450000,2019-05-31 00:00:00Z,TW7 6EY,Semi-Detached,Established,Freehold,1,,ELMER GARDENS,,ISLEWORTH,HOUNSLOW,GREATER LONDON,Standard,Addition,51.4680880000,-0.3483360000
350000,2019-06-06 00:00:00Z,TW7 7PU,Semi-Detached,Established,Freehold,18,,WAINWRIGHT GROVE,,ISLEWORTH,HOUNSLOW,GREATER LONDON,Standard,Addition,51.4629340000,-0.3475430000
625000,2019-07-19 00:00:00Z,TW7 6ED,Other,Established,Freehold,11,,PAGET LANE,,ISLEWORTH,HOUNSLOW,GREATER LONDON,Additional,Addition,51.4670210000,-0.3459560000
520000,2020-03-16 00:00:00Z,TW7 6EZ,Semi-Detached,Established,Freehold,73,,ELMER GARDENS,,ISLEWORTH,HOUNSLOW,GREATER LONDON,Standard,Addition,51.4674160000,-0.3485040000
447500,2020-02-21 00:00:00Z,TW7 6HA,Terraced,Established,Freehold,84,,ELMER GARDENS,,ISLEWORTH,HOUNSLOW,GREATER LONDON,Standard,Addition,51.4670700000,-0.3488190000
576000,2020-05-26 00:00:00Z,TW7 6LF,Detached,Established,Freehold,1,,ESSEX AVENUE,,ISLEWORTH,HOUNSLOW,GREATER LONDON,Standard,Addition,51.4676380000,-0.3431690000
620000,2020-03-09 00:00:00Z,TW7 6LT,Semi-Detached,Established,Freehold,246,,WOODLAND GARDENS,,ISLEWORTH,HOUNSLOW,GREATER LONDON,Standard,Addition,51.4693450000,-0.3443750000
587000,2020-07-10 00:00:00Z,TW7 6HG,Terraced,Established,Freehold,98,,WORTON ROAD,,ISLEWORTH,HOUNSLOW,GREATER LONDON,Standard,Addition,51.4670920000,-0.3433480000
250000,2020-08-28 00:00:00Z,TW7 7PP,Terraced,Established,Freehold,24,,HARVESTERS CLOSE,,ISLEWORTH,HOUNSLOW,GREATER LONDON,Standard,Addition,51.4616460000,-0.3473880000
495000,2020-09-18 00:00:00Z,TW7 6HB,Semi-Detached,Established,Freehold,64,,ELMER GARDENS,,ISLEWORTH,HOUNSLOW,GREATER LONDON,Standard,Addition,51.4682840000,-0.3487750000
635000,2020-09-16 00:00:00Z,TW7 6LU,Semi-Detached,Established,Freehold,109,,WOODLAND GARDENS,,ISLEWORTH,HOUNSLOW,GREATER LONDON,Standard,Addition,51.4694750000,-0.3414470000
245000,2020-11-06 00:00:00Z,TW7 7PW,Flats/Maisonettes,Established,Leasehold,7,,BRACKEN END,,ISLEWORTH,HOUNSLOW,GREATER LONDON,Standard,Addition,51.4617810000,-0.3480460000
320000,2020-02-14 00:00:00Z,TW7 6HG,Flats/Maisonettes,Established,Leasehold,80,,WORTON ROAD,,ISLEWORTH,HOUNSLOW,GREATER LONDON,Standard,Addition,51.4670920000,-0.3433480000
484000,2020-10-16 00:00:00Z,TW7 6HA,Terraced,Established,Freehold,100,,ELMER GARDENS,,ISLEWORTH,HOUNSLOW,GREATER LONDON,Standard,Addition,51.4670700000,-0.3488190000
420000,2020-10-29 00:00:00Z,TW7 6HG,Terraced,Established,Freehold,108,,WORTON ROAD,,ISLEWORTH,HOUNSLOW,GREATER LONDON,Standard,Addition,51.4670920000,-0.3433480000
560000,2020-11-27 00:00:00Z,TW7 6LR,Semi-Detached,Established,Freehold,156,,WOODLAND GARDENS,,ISLEWORTH,HOUNSLOW,GREATER LONDON,Standard,Addition,51.4693330000,-0.3409200000
670000,2020-11-06 00:00:00Z,TW7 6HA,Terraced,Established,Freehold,104,,ELMER GARDENS,,ISLEWORTH,HOUNSLOW,GREATER LONDON,Standard,Addition,51.4670700000,-0.3488190000
350000,2020-03-09 00:00:00Z,TW7 6LZ,Semi-Detached,Established,Freehold,19,,GIBSON CLOSE,,ISLEWORTH,HOUNSLOW,GREATER LONDON,Standard,Addition,51.4681030000,-0.3455570000
475000,2020-08-24 00:00:00Z,TW7 6EY,Semi-Detached,Established,Freehold,23,,ELMER GARDENS,,ISLEWORTH,HOUNSLOW,GREATER LONDON,Standard,Addition,51.4680880000,-0.3483360000
467000,2020-07-31 00:00:00Z,TW3 2PS,Terraced,Established,Freehold,110,,ELLERDINE ROAD,,HOUNSLOW,HOUNSLOW,GREATER LONDON,Standard,Addition,51.4643230000,-0.3484870000
535000,2020-01-10 00:00:00Z,TW7 6HP,Semi-Detached,Established,Freehold,29,,RIVERSIDE WALK,,ISLEWORTH,HOUNSLOW,GREATER LONDON,Standard,Addition,51.4690030000,-0.3404850000
650000,2020-11-30 00:00:00Z,TW7 7PA,Semi-Detached,Established,Freehold,61,,HALL ROAD,,ISLEWORTH,HOUNSLOW,GREATER LONDON,Standard,Addition,51.4642240000,-0.3478420000
480000,2020-12-10 00:00:00Z,TW7 6HL,Terraced,Established,Freehold,43,,WORTON ROAD,,ISLEWORTH,HOUNSLOW,GREATER LONDON,Additional,Addition,51.4666800000,-0.3428010000
575000,2020-11-16 00:00:00Z,TW3 2PT,Terraced,Established,Freehold,101,,ELLERDINE ROAD,,HOUNSLOW,HOUNSLOW,GREATER LONDON,Standard,Addition,51.4639450000,-0.3490900000
672500,2020-08-28 00:00:00Z,TW7 6HA,Semi-Detached,Established,Freehold,132,,ELMER GARDENS,,ISLEWORTH,HOUNSLOW,GREATER LONDON,Standard,Addition,51.4670700000,-0.3488190000
395000,2020-03-27 00:00:00Z,TW7 6LE,Terraced,Established,Freehold,2A,,CLAYTON ROAD,,ISLEWORTH,HOUNSLOW,GREATER LONDON,Standard,Addition,51.4673870000,-0.3419690000
523000,2020-07-27 00:00:00Z,TW3 2PX,Semi-Detached,Established,Freehold,178,,ELLERDINE ROAD,,HOUNSLOW,HOUNSLOW,GREATER LONDON,Standard,Addition,51.4621860000,-0.3493550000
545000,2021-06-14 00:00:00Z,TW7 7PB,Semi-Detached,Established,Freehold,125,,HALL ROAD,,ISLEWORTH,HOUNSLOW,GREATER LONDON,Standard,Addition,51.4621220000,-0.3486380000
517000,2021-02-05 00:00:00Z,TW7 6EY,Terraced,Established,Freehold,37,,ELMER GARDENS,,ISLEWORTH,HOUNSLOW,GREATER LONDON,Standard,Addition,51.4680880000,-0.3483360000
495000,2021-12-17 00:00:00Z,TW3 2PD,Semi-Detached,Established,Freehold,92,,CHATSWORTH CRESCENT,,HOUNSLOW,HOUNSLOW,GREATER LONDON,Additional,Addition,51.4667670000,-0.3496220000
500000,2021-09-30 00:00:00Z,TW7 6LH,Terraced,Established,Freehold,15,,ABINGER GARDENS,,ISLEWORTH,HOUNSLOW,GREATER LONDON,Standard,Addition,51.4678860000,-0.3442110000
260000,2021-01-07 00:00:00Z,TW7 7PR,Other,Established,Freehold,12,,HEATHER CLOSE,,ISLEWORTH,HOUNSLOW,GREATER LONDON,Additional,Addition,51.4612460000,-0.3483820000
425000,2021-11-05 00:00:00Z,TW7 7PS,Terraced,Established,Freehold,56,,HARVESTERS CLOSE,,ISLEWORTH,HOUNSLOW,GREATER LONDON,Standard,Addition,51.4608250000,-0.3478640000
260000,2021-01-07 00:00:00Z,TW7 7PR,Other,Established,Leasehold,11,,HEATHER CLOSE,,ISLEWORTH,HOUNSLOW,GREATER LONDON,Additional,Addition,51.4612460000,-0.3483820000
400000,2021-09-20 00:00:00Z,TW7 7PP,Terraced,Established,Freehold,44,,HARVESTERS CLOSE,,ISLEWORTH,HOUNSLOW,GREATER LONDON,Standard,Addition,51.4616460000,-0.3473880000
400000,2021-06-23 00:00:00Z,TW3 2NX,Flats/Maisonettes,Established,Freehold,206A,,HEATH ROAD,,HOUNSLOW,HOUNSLOW,GREATER LONDON,Standard,Addition,51.4656030000,-0.3480880000
468500,2021-09-30 00:00:00Z,TW3 2PX,Terraced,Established,Freehold,144,,ELLERDINE ROAD,,HOUNSLOW,HOUNSLOW,GREATER LONDON,Standard,Addition,51.4621860000,-0.3493550000
527000,2021-02-08 00:00:00Z,TW7 6LF,Semi-Detached,Established,Freehold,22,,ESSEX AVENUE,,ISLEWORTH,HOUNSLOW,GREATER LONDON,Standard,Addition,51.4676380000,-0.3431690000
643000,2021-02-02 00:00:00Z,TW7 6LD,Terraced,Established,Freehold,81,,SUSSEX AVENUE,,ISLEWORTH,HOUNSLOW,GREATER LONDON,Standard,Addition,51.4679670000,-0.3428980000
577000,2021-02-05 00:00:00Z,TW7 6LA,Terraced,Established,Freehold,22,,SUSSEX AVENUE,,ISLEWORTH,HOUNSLOW,GREATER LONDON,Standard,Addition,51.4689580000,-0.3449650000
485000,2021-02-12 00:00:00Z,TW7 6JZ,Semi-Detached,Established,Freehold,128,,WOODLANDS ROAD,,ISLEWORTH,HOUNSLOW,GREATER LONDON,Additional,Addition,51.4698860000,-0.3457160000
475000,2021-04-07 00:00:00Z,TW7 6LF,Terraced,Established,Freehold,26,,ESSEX AVENUE,,ISLEWORTH,HOUNSLOW,GREATER LONDON,Standard,Addition,51.4676380000,-0.3431690000
435000,2021-06-18 00:00:00Z,TW7 7PU,Terraced,Established,Freehold,16,,WAINWRIGHT GROVE,,ISLEWORTH,HOUNSLOW,GREATER LONDON,Standard,Addition,51.4629340000,-0.3475430000
560000,2021-05-07 00:00:00Z,TW7 6LA,Semi-Detached,Established,Freehold,38,,SUSSEX AVENUE,,ISLEWORTH,HOUNSLOW,GREATER LONDON,Standard,Addition,51.4689580000,-0.3449650000
220000,2021-02-25 00:00:00Z,TW7 7PR,Other,Established,Leasehold,14,,HEATHER CLOSE,,ISLEWORTH,HOUNSLOW,GREATER LONDON,Additional,Addition,51.4612460000,-0.3483820000
220000,2021-02-25 00:00:00Z,TW7 7PR,Other,Established,Freehold,13,,HEATHER CLOSE,,ISLEWORTH,HOUNSLOW,GREATER LONDON,Additional,Addition,51.4612460000,-0.3483820000
605000,2021-05-07 00:00:00Z,TW7 6LU,Semi-Detached,Established,Freehold,133,,WOODLAND GARDENS,,ISLEWORTH,HOUNSLOW,GREATER LONDON,Standard,Addition,51.4694750000,-0.3414470000
147000,2021-03-26 00:00:00Z,TW7 6HH,Flats/Maisonettes,Established,Leasehold,9,,OAK LANE,,ISLEWORTH,HOUNSLOW,GREATER LONDON,Standard,Addition,51.4664990000,-0.3408350000
642000,2021-02-26 00:00:00Z,TW7 6LU,Semi-Detached,Established,Freehold,107,,WOODLAND GARDENS,,ISLEWORTH,HOUNSLOW,GREATER LONDON,Standard,Addition,51.4694750000,-0.3414470000
250000,2021-03-31 00:00:00Z,TW7 7PS,Semi-Detached,Established,Leasehold,70,,HARVESTERS CLOSE,,ISLEWORTH,HOUNSLOW,GREATER LONDON,Standard,Addition,51.4608250000,-0.3478640000
545000,2021-06-04 00:00:00Z,TW3 2PX,Semi-Detached,Established,Freehold,186,,ELLERDINE ROAD,,HOUNSLOW,HOUNSLOW,GREATER LONDON,Standard,Addition,51.4621860000,-0.3493550000
380000,2021-08-18 00:00:00Z,TW7 7PP,Terraced,Established,Freehold,10,,HARVESTERS CLOSE,,ISLEWORTH,HOUNSLOW,GREATER LONDON,Standard,Addition,51.4616460000,-0.3473880000
480000,2021-06-30 00:00:00Z,TW7 6HL,Terraced,Established,Freehold,37,,WORTON ROAD,,ISLEWORTH,HOUNSLOW,GREATER LONDON,Standard,Addition,51.4666800000,-0.3428010000
500000,2021-02-22 00:00:00Z,TW3 2PD,Semi-Detached,Established,Freehold,76,,CHATSWORTH CRESCENT,,HOUNSLOW,HOUNSLOW,GREATER LONDON,Standard,Addition,51.4667670000,-0.3496220000
745000,2021-09-30 00:00:00Z,TW3 2PX,Semi-Detached,Established,Freehold,184,,ELLERDINE ROAD,,HOUNSLOW,HOUNSLOW,GREATER LONDON,Standard,Addition,51.4621860000,-0.3493550000
450000,2021-08-13 00:00:00Z,TW7 6HG,Terraced,Established,Freehold,100,,WORTON ROAD,,ISLEWORTH,HOUNSLOW,GREATER LONDON,Standard,Addition,51.4670920000,-0.3433480000
555000,2021-09-28 00:00:00Z,TW7 6HB,Terraced,Established,Freehold,50,,ELMER GARDENS,,ISLEWORTH,HOUNSLOW,GREATER LONDON,Standard,Addition,51.4682840000,-0.3487750000
262500,2021-06-14 00:00:00Z,TW7 6NE,Flats/Maisonettes,Established,Leasehold,"DOUGLAS BADER HOUSE, 9",16,GIBSON CLOSE,,ISLEWORTH,HOUNSLOW,GREATER LONDON,Standard,Addition,51.4684800000,-0.3467380000
525000,2021-02-01 00:00:00Z,TW7 6HA,Terraced,Established,Freehold,102,,ELMER GARDENS,,ISLEWORTH,HOUNSLOW,GREATER LONDON,Standard,Addition,51.4670700000,-0.3488190000
480000,2021-06-22 00:00:00Z,TW3 2PU,Terraced,Established,Freehold,171,,ELLERDINE ROAD,,HOUNSLOW,HOUNSLOW,GREATER LONDON,Standard,Addition,51.4625140000,-0.3496890000
630000,2021-04-29 00:00:00Z,TW7 6LT,Semi-Detached,Established,Freehold,226,,WOODLAND GARDENS,,ISLEWORTH,HOUNSLOW,GREATER LONDON,Standard,Addition,51.4693450000,-0.3443750000
570000,2021-11-26 00:00:00Z,TW7 6LH,Semi-Detached,Established,Freehold,7,,ABINGER GARDENS,,ISLEWORTH,HOUNSLOW,GREATER LONDON,Standard,Addition,51.4678860000,-0.3442110000
570000,2021-06-24 00:00:00Z,TW7 6HA,Terraced,Established,Freehold,118,,ELMER GARDENS,,ISLEWORTH,HOUNSLOW,GREATER LONDON,Standard,Addition,51.4670700000,-0.3488190000
255000,2021-11-04 00:00:00Z,TW7 7PS,Terraced,Established,Freehold,57,,HARVESTERS CLOSE,,ISLEWORTH,HOUNSLOW,GREATER LONDON,Standard,Addition,51.4608250000,-0.3478640000
519000,2021-11-22 00:00:00Z,TW7 6HB,Semi-Detached,Established,Freehold,42,,ELMER GARDENS,,ISLEWORTH,HOUNSLOW,GREATER LONDON,Standard,Addition,51.4682840000,-0.3487750000
600000,2021-11-30 00:00:00Z,TW7 6HJ,Terraced,Established,Freehold,1F,,WORTON ROAD,,ISLEWORTH,HOUNSLOW,GREATER LONDON,Additional,Addition,51.4664900000,-0.3453130000
522500,2022-03-30 00:00:00Z,TW7 6LD,Semi-Detached,Established,Freehold,55,,SUSSEX AVENUE,,ISLEWORTH,HOUNSLOW,GREATER LONDON,Standard,Addition,51.4679670000,-0.3428980000
435000,2022-01-14 00:00:00Z,TW3 2PR,Terraced,Established,Freehold,66,,CATHERINE GARDENS,,HOUNSLOW,HOUNSLOW,GREATER LONDON,Additional,Addition,51.4634780000,-0.3498130000
575000,2022-01-11 00:00:00Z,TW7 6HN,Detached,Established,Freehold,12,,WORTON ROAD,,ISLEWORTH,HOUNSLOW,GREATER LONDON,Standard,Addition,51.4664280000,-0.3460060000
