129950,1995-01-26 00:00:00Z,CF14 1EQ,Detached,New Build,Freehold,40,,SUNNYBANK CLOSE,CARDIFF,CARDIFF,CARDIFF,CARDIFF,Standard,Addition,51.5061630000,-3.2033500000
49500,1995-07-03 00:00:00Z,CF14 1HT,Terraced,Established,Freehold,22,,VIOLET PLACE,CARDIFF,CARDIFF,CARDIFF,CARDIFF,Standard,Addition,51.5085520000,-3.2044790000
97950,1995-04-28 00:00:00Z,CF14 1EQ,Detached,New Build,Freehold,50,,SUNNYBANK CLOSE,CARDIFF,CARDIFF,CARDIFF,CARDIFF,Standard,Addition,51.5061630000,-3.2033500000
110000,1995-08-29 00:00:00Z,CF14 1EQ,Detached,New Build,Freehold,35,,SUNNYBANK CLOSE,CARDIFF,CARDIFF,CARDIFF,CARDIFF,Standard,Addition,51.5061630000,-3.2033500000
130000,1995-06-28 00:00:00Z,CF14 1EQ,Detached,New Build,Freehold,1,,SUNNYBANK CLOSE,CARDIFF,CARDIFF,CARDIFF,CARDIFF,Standard,Addition,51.5061630000,-3.2033500000
96950,1995-01-04 00:00:00Z,CF14 1EQ,Detached,New Build,Freehold,38,,SUNNYBANK CLOSE,CARDIFF,CARDIFF,CARDIFF,CARDIFF,Standard,Addition,51.5061630000,-3.2033500000
53000,1995-11-08 00:00:00Z,CF14 1HT,Terraced,Established,Freehold,21,,VIOLET PLACE,CARDIFF,CARDIFF,CARDIFF,CARDIFF,Standard,Addition,51.5085520000,-3.2044790000
93950,1995-03-31 00:00:00Z,CF14 1EQ,Detached,New Build,Freehold,48,,SUNNYBANK CLOSE,CARDIFF,CARDIFF,CARDIFF,CARDIFF,Standard,Addition,51.5061630000,-3.2033500000
48500,1995-03-24 00:00:00Z,CF14 1EG,Terraced,Established,Freehold,32,,CELTIC ROAD,CARDIFF,CARDIFF,CARDIFF,CARDIFF,Standard,Addition,51.5065460000,-3.2019770000
52200,1995-05-19 00:00:00Z,CF14 1HZ,Semi-Detached,Established,Freehold,83,,BIRCHWOOD GARDENS,CARDIFF,CARDIFF,CARDIFF,CARDIFF,Standard,Addition,51.5061500000,-3.2047420000
76000,1995-12-12 00:00:00Z,CF14 1HN,Semi-Detached,Established,Freehold,25,,COURT ROAD,WHITCHURCH,CARDIFF,CARDIFF,CARDIFF,Standard,Addition,51.5067720000,-3.2096770000
87500,1995-04-20 00:00:00Z,CF14 1HZ,Detached,Established,Freehold,53,,BIRCHWOOD GARDENS,CARDIFF,CARDIFF,CARDIFF,CARDIFF,Standard,Addition,51.5061500000,-3.2047420000
59000,1995-01-13 00:00:00Z,CF14 1JW,Semi-Detached,Established,Freehold,61,,HEOL GABRIEL,CARDIFF,CARDIFF,CARDIFF,CARDIFF,Standard,Addition,51.5059340000,-3.2089920000
57000,1995-07-28 00:00:00Z,CF14 1HT,Terraced,Established,Freehold,26,,VIOLET PLACE,CARDIFF,CARDIFF,CARDIFF,CARDIFF,Standard,Addition,51.5085520000,-3.2044790000
140000,1995-02-24 00:00:00Z,CF14 1EQ,Detached,New Build,Freehold,46,,SUNNYBANK CLOSE,CARDIFF,CARDIFF,CARDIFF,CARDIFF,Standard,Addition,51.5061630000,-3.2033500000
57500,1995-10-16 00:00:00Z,CF14 1HZ,Semi-Detached,Established,Freehold,79,,BIRCHWOOD GARDENS,CARDIFF,CARDIFF,CARDIFF,CARDIFF,Standard,Addition,51.5061500000,-3.2047420000
113950,1995-02-28 00:00:00Z,CF14 1EQ,Detached,New Build,Freehold,44,,SUNNYBANK CLOSE,CARDIFF,CARDIFF,CARDIFF,CARDIFF,Standard,Addition,51.5061630000,-3.2033500000
45000,1995-10-27 00:00:00Z,CF14 3HN,Semi-Detached,Established,Freehold,162,,MYNACHDY ROAD,CARDIFF,CARDIFF,CARDIFF,CARDIFF,Standard,Addition,51.5037330000,-3.2036410000
51500,1995-01-16 00:00:00Z,CF14 1HZ,Terraced,Established,Freehold,15,,BIRCHWOOD GARDENS,CARDIFF,CARDIFF,CARDIFF,CARDIFF,Standard,Addition,51.5061500000,-3.2047420000
64000,1995-06-09 00:00:00Z,CF14 4AB,Semi-Detached,Established,Freehold,4,,LON Y GROES,CARDIFF,CARDIFF,CARDIFF,CARDIFF,Standard,Addition,51.5086260000,-3.2007920000
32950,1995-05-26 00:00:00Z,CF14 1EQ,Detached,Established,Freehold,33,,SUNNYBANK CLOSE,CARDIFF,CARDIFF,CARDIFF,CARDIFF,Standard,Addition,51.5061630000,-3.2033500000
52000,1995-05-12 00:00:00Z,CF14 1DZ,Terraced,Established,Freehold,51,,THE PHILOG,CARDIFF,CARDIFF,CARDIFF,CARDIFF,Standard,Addition,51.5096350000,-3.2058330000
78000,1995-08-17 00:00:00Z,CF14 1DY,Terraced,Established,Freehold,31,,THE PHILOG,CARDIFF,CARDIFF,CARDIFF,CARDIFF,Standard,Addition,51.5096890000,-3.2076510000
55000,1995-04-28 00:00:00Z,CF14 1HZ,Semi-Detached,Established,Freehold,83,,BIRCHWOOD GARDENS,CARDIFF,CARDIFF,CARDIFF,CARDIFF,Standard,Addition,51.5061500000,-3.2047420000
42000,1995-01-30 00:00:00Z,CF14 1HS,Semi-Detached,Established,Freehold,23,,WAUNTREODA ROAD,CARDIFF,CARDIFF,CARDIFF,CARDIFF,Standard,Addition,51.5086690000,-3.2053470000
32000,1995-03-17 00:00:00Z,CF14 1DZ,Terraced,Established,Freehold,75,,THE PHILOG,CARDIFF,CARDIFF,CARDIFF,CARDIFF,Standard,Addition,51.5096350000,-3.2058330000
56000,1995-11-03 00:00:00Z,CF14 1HZ,Terraced,Established,Freehold,13,,BIRCHWOOD GARDENS,CARDIFF,CARDIFF,CARDIFF,CARDIFF,Standard,Addition,51.5061500000,-3.2047420000
44000,1995-05-05 00:00:00Z,CF14 3HN,Semi-Detached,Established,Freehold,176,,MYNACHDY ROAD,CARDIFF,CARDIFF,CARDIFF,CARDIFF,Standard,Addition,51.5037330000,-3.2036410000
37000,1995-02-16 00:00:00Z,CF14 1EF,Flats/Maisonettes,Established,Leasehold,13,,PHILOG COURT,CARDIFF,CARDIFF,CARDIFF,CARDIFF,Standard,Addition,51.5097230000,-3.2069020000
40000,1995-03-16 00:00:00Z,CF14 3HU,Semi-Detached,Established,Freehold,22,,APPLEDORE ROAD,CARDIFF,CARDIFF,CARDIFF,CARDIFF,Standard,Addition,51.5043530000,-3.2018470000
69000,1995-08-25 00:00:00Z,CF14 4AH,Terraced,Established,Freehold,4,,HAMPTON ROAD,CARDIFF,CARDIFF,CARDIFF,CARDIFF,Standard,Addition,51.5099160000,-3.2003800000
46000,1995-03-10 00:00:00Z,CF14 1EG,Terraced,Established,Freehold,33,,CELTIC ROAD,CARDIFF,CARDIFF,CARDIFF,CARDIFF,Standard,Addition,51.5065460000,-3.2019770000
80000,1995-11-03 00:00:00Z,CF14 1HF,Semi-Detached,Established,Freehold,14,,HEOL Y GORS,WHITCHURCH,CARDIFF,CARDIFF,CARDIFF,Standard,Addition,51.5077960000,-3.2063180000
47000,1995-06-19 00:00:00Z,CF14 3EB,Semi-Detached,Established,Freehold,136,,MYNACHDY ROAD,CARDIFF,CARDIFF,CARDIFF,CARDIFF,Standard,Addition,51.5018970000,-3.2010620000
57000,1995-06-09 00:00:00Z,CF14 1HZ,Semi-Detached,Established,Freehold,101,,BIRCHWOOD GARDENS,CARDIFF,CARDIFF,CARDIFF,CARDIFF,Standard,Addition,51.5061500000,-3.2047420000
98000,1995-04-24 00:00:00Z,CF14 1EQ,Detached,New Build,Freehold,25,,SUNNYBANK CLOSE,CARDIFF,CARDIFF,CARDIFF,CARDIFF,Standard,Addition,51.5061630000,-3.2033500000
64000,1995-07-10 00:00:00Z,CF14 1EA,Semi-Detached,Established,Freehold,62,,THE PHILOG,CARDIFF,CARDIFF,CARDIFF,CARDIFF,Standard,Addition,51.5093780000,-3.2081040000
70000,1995-09-15 00:00:00Z,CF14 1HE,Semi-Detached,Established,Freehold,1,,HEOL Y GORS,WHITCHURCH,CARDIFF,CARDIFF,CARDIFF,Standard,Addition,51.5080290000,-3.2046240000
49500,1995-12-01 00:00:00Z,CF14 2SE,Terraced,Established,Freehold,27,,WESTERN DRIVE,CARDIFF,CARDIFF,CARDIFF,CARDIFF,Standard,Addition,51.5010290000,-3.2076670000
600,1995-02-02 00:00:00Z,CF14 1JX,Terraced,Established,Freehold,65,,HEOL GABRIEL,,CARDIFF,CARDIFF,CARDIFF,Standard,Addition,51.5066190000,-3.2070940000
71000,1995-04-28 00:00:00Z,CF14 1HQ,Semi-Detached,Established,Freehold,5,,CRADOC ROAD,CARDIFF,CARDIFF,CARDIFF,CARDIFF,Standard,Addition,51.5086740000,-3.2075370000
79000,1995-06-23 00:00:00Z,CF14 1EL,Detached,Established,Freehold,28,,SILVER BIRCH CLOSE,CARDIFF,CARDIFF,CARDIFF,CARDIFF,Standard,Addition,51.5052930000,-3.2048690000
44000,1995-11-24 00:00:00Z,CF14 3HN,Semi-Detached,Established,Freehold,164,,MYNACHDY ROAD,CARDIFF,CARDIFF,CARDIFF,CARDIFF,Standard,Addition,51.5037330000,-3.2036410000
114450,1995-05-25 00:00:00Z,CF14 1EQ,Detached,New Build,Freehold,31,,SUNNYBANK CLOSE,CARDIFF,CARDIFF,CARDIFF,CARDIFF,Standard,Addition,51.5061630000,-3.2033500000
56000,1995-02-03 00:00:00Z,CF14 1HR,Semi-Detached,Established,Freehold,11,,FRANKLEN ROAD,CARDIFF,CARDIFF,CARDIFF,CARDIFF,Standard,Addition,51.5087040000,-3.2063850000
115000,1995-01-18 00:00:00Z,CF14 1EA,Detached,Established,Freehold,34,,THE PHILOG,CARDIFF,CARDIFF,CARDIFF,CARDIFF,Standard,Addition,51.5093780000,-3.2081040000
59950,1995-07-14 00:00:00Z,CF14 1ED,Terraced,Established,Freehold,148,,THE PHILOG,CARDIFF,CARDIFF,CARDIFF,CARDIFF,Standard,Addition,51.5090700000,-3.2040170000
98950,1995-04-28 00:00:00Z,CF14 1EQ,Detached,New Build,Freehold,29,,SUNNYBANK CLOSE,CARDIFF,CARDIFF,CARDIFF,CARDIFF,Standard,Addition,51.5061630000,-3.2033500000
53000,1995-06-13 00:00:00Z,CF14 1HZ,Detached,Established,Freehold,97,,BIRCHWOOD GARDENS,CARDIFF,CARDIFF,CARDIFF,CARDIFF,Standard,Addition,51.5061500000,-3.2047420000
52000,1995-08-31 00:00:00Z,CF14 4AJ,Terraced,Established,Freehold,6,,NORTON AVENUE,CARDIFF,CARDIFF,CARDIFF,CARDIFF,Standard,Addition,51.5095140000,-3.2010460000
46000,1995-09-15 00:00:00Z,CF14 2RW,Terraced,Established,Freehold,12,,ABERPORTH ROAD,CARDIFF,CARDIFF,CARDIFF,CARDIFF,Standard,Addition,51.5019940000,-3.2065110000
38000,1995-06-23 00:00:00Z,CF14 3DY,Semi-Detached,Established,Freehold,125,,MYNACHDY ROAD,CARDIFF,CARDIFF,CARDIFF,CARDIFF,Standard,Addition,51.5017130000,-3.2014890000
45000,1995-01-27 00:00:00Z,CF14 1EE,Flats/Maisonettes,Established,Leasehold,15,,RETFORD COURT,CARDIFF,CARDIFF,CARDIFF,CARDIFF,Standard,Addition,51.5098880000,-3.2092840000
56000,1995-08-25 00:00:00Z,CF14 1EL,Semi-Detached,Established,Freehold,12A,,SILVER BIRCH CLOSE,CARDIFF,CARDIFF,CARDIFF,CARDIFF,Standard,Addition,51.5052930000,-3.2048690000
58000,1995-07-27 00:00:00Z,CF14 1HZ,Semi-Detached,Established,Freehold,63,,BIRCHWOOD GARDENS,CARDIFF,CARDIFF,CARDIFF,CARDIFF,Standard,Addition,51.5061500000,-3.2047420000
42000,1995-11-20 00:00:00Z,CF14 3HX,Semi-Detached,Established,Freehold,92,,APPLEDORE ROAD,CARDIFF,CARDIFF,CARDIFF,CARDIFF,Standard,Addition,51.5043960000,-3.2065230000
68500,1996-09-13 00:00:00Z,CF14 1EA,Semi-Detached,Established,Freehold,58,,THE PHILOG,CARDIFF,CARDIFF,CARDIFF,CARDIFF,Standard,Addition,51.5093780000,-3.2081040000
69500,1996-08-30 00:00:00Z,CF14 1EL,Semi-Detached,Established,Freehold,122,,SILVER BIRCH CLOSE,CARDIFF,CARDIFF,CARDIFF,CARDIFF,Standard,Addition,51.5052930000,-3.2048690000
64000,1996-06-28 00:00:00Z,CF14 1EL,Semi-Detached,Established,Freehold,8,,SILVER BIRCH CLOSE,CARDIFF,CARDIFF,CARDIFF,CARDIFF,Standard,Addition,51.5052930000,-3.2048690000
49000,1996-09-13 00:00:00Z,CF14 1DZ,Terraced,Established,Freehold,49,,THE PHILOG,CARDIFF,CARDIFF,CARDIFF,CARDIFF,Standard,Addition,51.5096350000,-3.2058330000
55000,1996-08-23 00:00:00Z,CF14 1JW,Semi-Detached,Established,Freehold,76,,HEOL GABRIEL,CARDIFF,CARDIFF,CARDIFF,CARDIFF,Standard,Addition,51.5059340000,-3.2089920000
36000,1996-03-22 00:00:00Z,CF14 3HQ,Semi-Detached,Established,Freehold,12,,GARTH PLACE,CARDIFF,CARDIFF,CARDIFF,CARDIFF,Standard,Addition,51.5038490000,-3.2028800000
37000,1996-03-29 00:00:00Z,CF14 2SE,Terraced,Established,Freehold,21,,WESTERN DRIVE,CARDIFF,CARDIFF,CARDIFF,CARDIFF,Standard,Addition,51.5010290000,-3.2076670000
44000,1996-06-07 00:00:00Z,CF14 2SB,Terraced,Established,Freehold,96,,WESTERN AVENUE NORTH,CARDIFF,CARDIFF,CARDIFF,CARDIFF,Standard,Addition,51.5008740000,-3.2070140000
54000,1996-08-30 00:00:00Z,CF14 1HU,Semi-Detached,Established,Freehold,13,,TWYN Y FEDWEN ROAD,CARDIFF,CARDIFF,CARDIFF,CARDIFF,Standard,Addition,51.5077610000,-3.2027580000
65000,1996-06-21 00:00:00Z,CF14 4AA,Semi-Detached,Established,Freehold,14,,RICHS ROAD,CARDIFF,CARDIFF,CARDIFF,CARDIFF,Standard,Addition,51.5095940000,-3.2019850000
59950,1996-12-18 00:00:00Z,CF14 1HX,Semi-Detached,Established,Freehold,3,,KENFIG ROAD,CARDIFF,CARDIFF,CARDIFF,CARDIFF,Standard,Addition,51.5067910000,-3.2008310000
47000,1996-01-31 00:00:00Z,CF14 3HU,Semi-Detached,Established,Leasehold,15,,APPLEDORE ROAD,CARDIFF,CARDIFF,CARDIFF,CARDIFF,Standard,Addition,51.5043530000,-3.2018470000
63000,1996-09-20 00:00:00Z,CF14 1HQ,Semi-Detached,Established,Freehold,16,,CRADOC ROAD,CARDIFF,CARDIFF,CARDIFF,CARDIFF,Standard,Addition,51.5086740000,-3.2075370000
52500,1996-04-12 00:00:00Z,CF14 1DX,Terraced,Established,Freehold,3,,THE PHILOG,CARDIFF,CARDIFF,CARDIFF,CARDIFF,Standard,Addition,51.5097230000,-3.2095540000
94000,1996-03-29 00:00:00Z,CF14 1EL,Detached,Established,Freehold,1,,SILVER BIRCH CLOSE,CARDIFF,CARDIFF,CARDIFF,CARDIFF,Standard,Addition,51.5052930000,-3.2048690000
59950,1996-06-28 00:00:00Z,CF14 1DY,Semi-Detached,Established,Freehold,35B,,THE PHILOG,CARDIFF,CARDIFF,CARDIFF,CARDIFF,Standard,Addition,51.5096890000,-3.2076510000
47000,1996-12-06 00:00:00Z,CF14 2SB,Terraced,Established,Freehold,106,,WESTERN AVENUE NORTH,CARDIFF,CARDIFF,CARDIFF,CARDIFF,Standard,Addition,51.5008740000,-3.2070140000
62000,1996-09-27 00:00:00Z,CF14 4AA,Semi-Detached,Established,Freehold,34,,RICHS ROAD,CARDIFF,CARDIFF,CARDIFF,CARDIFF,Standard,Addition,51.5095940000,-3.2019850000
79950,1996-05-31 00:00:00Z,CF14 1EL,Detached,Established,Freehold,28,,SILVER BIRCH CLOSE,CARDIFF,CARDIFF,CARDIFF,CARDIFF,Standard,Addition,51.5052930000,-3.2048690000
58000,1996-07-31 00:00:00Z,CF14 1HS,Terraced,Established,Freehold,9,,WAUNTREODA ROAD,CARDIFF,CARDIFF,CARDIFF,CARDIFF,Standard,Addition,51.5086690000,-3.2053470000
76000,1996-03-14 00:00:00Z,CF14 4AA,Semi-Detached,Established,Freehold,12,,RICHS ROAD,CARDIFF,CARDIFF,CARDIFF,CARDIFF,Standard,Addition,51.5095940000,-3.2019850000
24600,1996-09-23 00:00:00Z,CF14 2SR,Terraced,Established,Freehold,44,,ABERDORE ROAD,CARDIFF,CARDIFF,CARDIFF,CARDIFF,Standard,Addition,51.5021230000,-3.2097700000
74000,1996-03-22 00:00:00Z,CF14 1HN,Semi-Detached,Established,Freehold,36,,COURT ROAD,WHITCHURCH,CARDIFF,CARDIFF,CARDIFF,Standard,Addition,51.5067720000,-3.2096770000
53500,1996-11-29 00:00:00Z,CF14 2SG,Terraced,Established,Freehold,17,,GABALFA AVENUE,CARDIFF,CARDIFF,CARDIFF,CARDIFF,Standard,Addition,51.5002100000,-3.2095470000
48500,1996-07-19 00:00:00Z,CF14 1HU,Semi-Detached,Established,Freehold,15,,TWYN Y FEDWEN ROAD,CARDIFF,CARDIFF,CARDIFF,CARDIFF,Standard,Addition,51.5077610000,-3.2027580000
58750,1996-10-03 00:00:00Z,CF14 1HS,Terraced,Established,Freehold,10,,WAUNTREODA ROAD,CARDIFF,CARDIFF,CARDIFF,CARDIFF,Standard,Addition,51.5086690000,-3.2053470000
37250,1996-03-18 00:00:00Z,CF14 3HW,Semi-Detached,Established,Freehold,53,,APPLEDORE ROAD,CARDIFF,CARDIFF,CARDIFF,CARDIFF,Standard,Addition,51.5043930000,-3.2040530000
30000,1996-10-04 00:00:00Z,CF14 1HR,Semi-Detached,Established,Freehold,10,,FRANKLEN ROAD,CARDIFF,CARDIFF,CARDIFF,CARDIFF,Standard,Addition,51.5087040000,-3.2063850000
61000,1996-08-16 00:00:00Z,CF14 1JW,Semi-Detached,Established,Freehold,57,,HEOL GABRIEL,CARDIFF,CARDIFF,CARDIFF,CARDIFF,Standard,Addition,51.5059340000,-3.2089920000
46000,1996-12-06 00:00:00Z,CF14 2RX,Terraced,Established,Freehold,65,,ABERPORTH ROAD,CARDIFF,CARDIFF,CARDIFF,CARDIFF,Standard,Addition,51.5024730000,-3.2097650000
45500,1996-02-09 00:00:00Z,CF14 3EB,Semi-Detached,Established,Freehold,110,,MYNACHDY ROAD,CARDIFF,CARDIFF,CARDIFF,CARDIFF,Standard,Addition,51.5018970000,-3.2010620000
65950,1996-03-29 00:00:00Z,CF14 1HU,Semi-Detached,Established,Freehold,11,,TWYN Y FEDWEN ROAD,CARDIFF,CARDIFF,CARDIFF,CARDIFF,Standard,Addition,51.5077610000,-3.2027580000
69995,1996-01-19 00:00:00Z,CF14 1EL,Semi-Detached,Established,Freehold,43,,SILVER BIRCH CLOSE,CARDIFF,CARDIFF,CARDIFF,CARDIFF,Standard,Addition,51.5052930000,-3.2048690000
36000,1996-04-11 00:00:00Z,CF14 1EF,Flats/Maisonettes,Established,Leasehold,14,,PHILOG COURT,CARDIFF,CARDIFF,CARDIFF,CARDIFF,Standard,Addition,51.5097230000,-3.2069020000
42000,1996-09-20 00:00:00Z,CF14 2SR,Terraced,Established,Freehold,54,,ABERDORE ROAD,CARDIFF,CARDIFF,CARDIFF,CARDIFF,Standard,Addition,51.5021230000,-3.2097700000
59950,1996-02-23 00:00:00Z,CF14 1HU,Semi-Detached,Established,Freehold,3,,TWYN Y FEDWEN ROAD,CARDIFF,CARDIFF,CARDIFF,CARDIFF,Standard,Addition,51.5077610000,-3.2027580000
38500,1996-09-06 00:00:00Z,CF14 2RZ,Semi-Detached,Established,Freehold,4,,ABERTEIFI CLOSE,CARDIFF,CARDIFF,CARDIFF,CARDIFF,Standard,Addition,51.5028830000,-3.2074850000
72000,1996-02-23 00:00:00Z,CF14 1EL,Detached,Established,Freehold,124,,SILVER BIRCH CLOSE,CARDIFF,CARDIFF,CARDIFF,CARDIFF,Standard,Addition,51.5052930000,-3.2048690000
34000,1996-07-12 00:00:00Z,CF14 3HJ,Semi-Detached,Established,Freehold,7,,PENNARD PLACE,CARDIFF,CARDIFF,CARDIFF,CARDIFF,Standard,Addition,51.5045480000,-3.2003540000
54000,1996-10-04 00:00:00Z,CF14 1HU,Semi-Detached,Established,Freehold,17,,TWYN Y FEDWEN ROAD,CARDIFF,CARDIFF,CARDIFF,CARDIFF,Standard,Addition,51.5077610000,-3.2027580000
43995,1996-08-30 00:00:00Z,CF14 3HW,Semi-Detached,Established,Freehold,61,,APPLEDORE ROAD,CARDIFF,CARDIFF,CARDIFF,CARDIFF,Standard,Addition,51.5043930000,-3.2040530000
52000,1996-01-12 00:00:00Z,CF14 1EB,Semi-Detached,Established,Freehold,92,,THE PHILOG,CARDIFF,CARDIFF,CARDIFF,CARDIFF,Standard,Addition,51.5092650000,-3.2060400000
30000,1996-09-13 00:00:00Z,CF14 3HL,Semi-Detached,Established,Freehold,202,,MYNACHDY ROAD,CARDIFF,CARDIFF,CARDIFF,CARDIFF,Standard,Addition,51.5036900000,-3.2051580000
44000,1996-11-29 00:00:00Z,CF14 1BZ,Flats/Maisonettes,Established,Leasehold,BATON COURT,FLAT 8,THE PHILOG,CARDIFF,CARDIFF,CARDIFF,CARDIFF,Standard,Addition,51.5096440000,-3.2050270000
46750,1996-04-09 00:00:00Z,CF14 1BZ,Flats/Maisonettes,Established,Leasehold,BATON COURT,FLAT 5,THE PHILOG,CARDIFF,CARDIFF,CARDIFF,CARDIFF,Standard,Addition,51.5096440000,-3.2050270000
39950,1996-02-16 00:00:00Z,CF14 3HS,Semi-Detached,Established,Freehold,18,,CEFN ROAD,CARDIFF,CARDIFF,CARDIFF,CARDIFF,Standard,Addition,51.5042910000,-3.2079260000
38950,1996-04-25 00:00:00Z,CF14 3HP,Semi-Detached,Established,Freehold,19,,RADYR PLACE,CARDIFF,CARDIFF,CARDIFF,CARDIFF,Standard,Addition,51.5028820000,-3.2041420000
59900,1996-09-10 00:00:00Z,CF14 1HZ,Semi-Detached,Established,Freehold,67,,BIRCHWOOD GARDENS,CARDIFF,CARDIFF,CARDIFF,CARDIFF,Standard,Addition,51.5061500000,-3.2047420000
75000,1996-10-07 00:00:00Z,CF14 4AA,Semi-Detached,Established,Freehold,10,,RICHS ROAD,CARDIFF,CARDIFF,CARDIFF,CARDIFF,Standard,Addition,51.5095940000,-3.2019850000
47500,1996-03-15 00:00:00Z,CF14 3HR,Semi-Detached,Established,Freehold,8,,GILBERT PLACE,CARDIFF,CARDIFF,CARDIFF,CARDIFF,Standard,Addition,51.5033120000,-3.2051340000
32000,1996-04-02 00:00:00Z,CF14 1EF,Detached,Established,Leasehold,12,,PHILOG COURT,CARDIFF,CARDIFF,CARDIFF,CARDIFF,Standard,Addition,51.5097230000,-3.2069020000
63000,1996-03-22 00:00:00Z,CF14 1HR,Semi-Detached,Established,Freehold,10,,FRANKLEN ROAD,CARDIFF,CARDIFF,CARDIFF,CARDIFF,Standard,Addition,51.5087040000,-3.2063850000
55000,1996-03-29 00:00:00Z,CF14 4AJ,Terraced,Established,Freehold,19,,NORTON AVENUE,CARDIFF,CARDIFF,CARDIFF,CARDIFF,Standard,Addition,51.5095140000,-3.2010460000
32000,1996-03-22 00:00:00Z,CF14 3HL,Semi-Detached,Established,Freehold,195,,MYNACHDY ROAD,CARDIFF,CARDIFF,CARDIFF,CARDIFF,Standard,Addition,51.5036900000,-3.2051580000
44500,1996-03-21 00:00:00Z,CF14 3HJ,Semi-Detached,Established,Freehold,8,,PENNARD PLACE,CARDIFF,CARDIFF,CARDIFF,CARDIFF,Standard,Addition,51.5045480000,-3.2003540000
55000,1996-09-11 00:00:00Z,CF14 1JW,Semi-Detached,Established,Freehold,70,,HEOL GABRIEL,CARDIFF,CARDIFF,CARDIFF,CARDIFF,Standard,Addition,51.5059340000,-3.2089920000
75000,1997-07-18 00:00:00Z,CF14 4AB,Semi-Detached,Established,Freehold,8,,LON Y GROES,CARDIFF,CARDIFF,CARDIFF,CARDIFF,Standard,Addition,51.5086260000,-3.2007920000
41705,1997-02-21 00:00:00Z,CF14 3HW,Semi-Detached,Established,Freehold,61,,APPLEDORE ROAD,CARDIFF,CARDIFF,CARDIFF,CARDIFF,Standard,Addition,51.5043930000,-3.2040530000
47500,1997-02-21 00:00:00Z,CF14 3HU,Semi-Detached,Established,Freehold,25,,APPLEDORE ROAD,CARDIFF,CARDIFF,CARDIFF,CARDIFF,Standard,Addition,51.5043530000,-3.2018470000
65500,1997-11-14 00:00:00Z,CF14 1HT,Terraced,Established,Freehold,11,,VIOLET PLACE,CARDIFF,CARDIFF,CARDIFF,CARDIFF,Standard,Addition,51.5085520000,-3.2044790000
59500,1997-08-08 00:00:00Z,CF14 1HY,Terraced,Established,Freehold,66,,BIRCHWOOD GARDENS,CARDIFF,CARDIFF,CARDIFF,CARDIFF,Standard,Addition,51.5063850000,-3.2053880000
62000,1997-10-20 00:00:00Z,CF14 1ED,Terraced,Established,Freehold,156,,THE PHILOG,CARDIFF,CARDIFF,CARDIFF,CARDIFF,Standard,Addition,51.5090700000,-3.2040170000
62000,1997-04-11 00:00:00Z,CF14 1HY,Semi-Detached,Established,Freehold,70,,BIRCHWOOD GARDENS,CARDIFF,CARDIFF,CARDIFF,CARDIFF,Standard,Addition,51.5063850000,-3.2053880000
66250,1997-05-30 00:00:00Z,CF14 1HS,Terraced,Established,Freehold,26,,WAUNTREODA ROAD,CARDIFF,CARDIFF,CARDIFF,CARDIFF,Standard,Addition,51.5086690000,-3.2053470000
82000,1997-08-08 00:00:00Z,CF14 1EQ,Semi-Detached,Established,Freehold,10,,SUNNYBANK CLOSE,CARDIFF,CARDIFF,CARDIFF,CARDIFF,Standard,Addition,51.5061630000,-3.2033500000
71000,1997-05-30 00:00:00Z,CF14 4AA,Semi-Detached,Established,Freehold,13,,RICHS ROAD,CARDIFF,CARDIFF,CARDIFF,CARDIFF,Standard,Addition,51.5095940000,-3.2019850000
81000,1997-03-27 00:00:00Z,CF14 1EL,Detached,Established,Freehold,38,,SILVER BIRCH CLOSE,CARDIFF,CARDIFF,CARDIFF,CARDIFF,Standard,Addition,51.5052930000,-3.2048690000
104000,1997-05-30 00:00:00Z,CF14 1EQ,Detached,Established,Freehold,25,,SUNNYBANK CLOSE,CARDIFF,CARDIFF,CARDIFF,CARDIFF,Standard,Addition,51.5061630000,-3.2033500000
105000,1997-12-15 00:00:00Z,CF14 1EL,Detached,Established,Freehold,26,,SILVER BIRCH CLOSE,CARDIFF,CARDIFF,CARDIFF,CARDIFF,Standard,Addition,51.5052930000,-3.2048690000
62250,1997-05-30 00:00:00Z,CF14 1HT,Terraced,Established,Freehold,17,,VIOLET PLACE,CARDIFF,CARDIFF,CARDIFF,CARDIFF,Standard,Addition,51.5085520000,-3.2044790000
85995,1997-11-14 00:00:00Z,CF14 1EL,Detached,Established,Freehold,130,,SILVER BIRCH CLOSE,CARDIFF,CARDIFF,CARDIFF,CARDIFF,Standard,Addition,51.5052930000,-3.2048690000
38500,1997-08-08 00:00:00Z,CF14 1BZ,Flats/Maisonettes,Established,Leasehold,BATON COURT,FLAT 4,THE PHILOG,CARDIFF,CARDIFF,CARDIFF,CARDIFF,Standard,Addition,51.5096440000,-3.2050270000
77000,1997-08-22 00:00:00Z,CF14 4AJ,Semi-Detached,Established,Freehold,7,,NORTON AVENUE,CARDIFF,CARDIFF,CARDIFF,CARDIFF,Standard,Addition,51.5095140000,-3.2010460000
47000,1997-08-22 00:00:00Z,CF14 1EE,Flats/Maisonettes,Established,Leasehold,16,,RETFORD COURT,CARDIFF,CARDIFF,CARDIFF,CARDIFF,Standard,Addition,51.5098880000,-3.2092840000
49000,1997-03-27 00:00:00Z,CF14 3HL,Semi-Detached,Established,Freehold,179,,MYNACHDY ROAD,CARDIFF,CARDIFF,CARDIFF,CARDIFF,Standard,Addition,51.5036900000,-3.2051580000
36500,1997-09-05 00:00:00Z,CF14 1EF,Flats/Maisonettes,Established,Leasehold,15,,PHILOG COURT,CARDIFF,CARDIFF,CARDIFF,CARDIFF,Standard,Addition,51.5097230000,-3.2069020000
102000,1997-05-23 00:00:00Z,CF14 1EQ,Detached,Established,Freehold,32,,SUNNYBANK CLOSE,CARDIFF,CARDIFF,CARDIFF,CARDIFF,Standard,Addition,51.5061630000,-3.2033500000
77000,1997-07-25 00:00:00Z,CF14 1HG,Semi-Detached,Established,Freehold,49,,HEOL Y GORS,WHITCHURCH,CARDIFF,CARDIFF,CARDIFF,Standard,Addition,51.5078710000,-3.2086690000
51000,1997-06-27 00:00:00Z,CF14 1EE,Flats/Maisonettes,Established,Leasehold,RETFORD COURT,FLAT 12,THE PHILOG,CARDIFF,CARDIFF,CARDIFF,CARDIFF,Standard,Addition,51.5098880000,-3.2092840000
65500,1997-06-26 00:00:00Z,CF14 1HZ,Semi-Detached,Established,Freehold,105,,BIRCHWOOD GARDENS,CARDIFF,CARDIFF,CARDIFF,CARDIFF,Standard,Addition,51.5061500000,-3.2047420000
50000,1997-03-27 00:00:00Z,CF14 3HS,Semi-Detached,Established,Freehold,41,,CEFN ROAD,CARDIFF,CARDIFF,CARDIFF,CARDIFF,Standard,Addition,51.5042910000,-3.2079260000
80000,1997-06-06 00:00:00Z,CF14 1EL,Detached,Established,Freehold,6,,SILVER BIRCH CLOSE,CARDIFF,CARDIFF,CARDIFF,CARDIFF,Standard,Addition,51.5052930000,-3.2048690000
37000,1997-04-16 00:00:00Z,CF14 1JX,Detached,Established,Freehold,98,,HEOL GABRIEL,CARDIFF,CARDIFF,CARDIFF,CARDIFF,Standard,Addition,51.5066190000,-3.2070940000
73000,1997-11-14 00:00:00Z,CF14 1EA,Semi-Detached,Established,Freehold,52,,THE PHILOG,CARDIFF,CARDIFF,CARDIFF,CARDIFF,Standard,Addition,51.5093780000,-3.2081040000
120500,1997-12-12 00:00:00Z,CF14 1EQ,Detached,Established,Freehold,15,,SUNNYBANK CLOSE,CARDIFF,CARDIFF,CARDIFF,CARDIFF,Standard,Addition,51.5061630000,-3.2033500000
80000,1997-08-15 00:00:00Z,CF14 4AA,Semi-Detached,Established,Freehold,18,,RICHS ROAD,CARDIFF,CARDIFF,CARDIFF,CARDIFF,Standard,Addition,51.5095940000,-3.2019850000
80500,1997-11-17 00:00:00Z,CF14 4AA,Semi-Detached,Established,Freehold,25,,RICHS ROAD,CARDIFF,CARDIFF,CARDIFF,CARDIFF,Standard,Addition,51.5095940000,-3.2019850000
89000,1997-04-14 00:00:00Z,CF14 1EL,Semi-Detached,Established,Freehold,21,,SILVER BIRCH CLOSE,CARDIFF,CARDIFF,CARDIFF,CARDIFF,Standard,Addition,51.5052930000,-3.2048690000
67000,1997-09-19 00:00:00Z,CF14 1EB,Terraced,Established,Freehold,70,,THE PHILOG,CARDIFF,CARDIFF,CARDIFF,CARDIFF,Standard,Addition,51.5092650000,-3.2060400000
58950,1997-06-06 00:00:00Z,CF14 1EL,Semi-Detached,Established,Freehold,14,,SILVER BIRCH CLOSE,CARDIFF,CARDIFF,CARDIFF,CARDIFF,Standard,Addition,51.5052930000,-3.2048690000
55000,1997-09-26 00:00:00Z,CF14 1EG,Semi-Detached,Established,Freehold,11,,CELTIC ROAD,CARDIFF,CARDIFF,CARDIFF,CARDIFF,Standard,Addition,51.5065460000,-3.2019770000
36000,1997-01-17 00:00:00Z,CF14 3HR,Semi-Detached,Established,Freehold,12,,GILBERT PLACE,CARDIFF,CARDIFF,CARDIFF,CARDIFF,Standard,Addition,51.5033120000,-3.2051340000
154900,1997-07-08 00:00:00Z,CF14 1EA,Detached,Established,Freehold,34,,THE PHILOG,CARDIFF,CARDIFF,CARDIFF,CARDIFF,Standard,Addition,51.5093780000,-3.2081040000
66950,1997-09-29 00:00:00Z,CF14 1HS,Terraced,Established,Freehold,17,,WAUNTREODA ROAD,CARDIFF,CARDIFF,CARDIFF,CARDIFF,Standard,Addition,51.5086690000,-3.2053470000
50000,1997-04-28 00:00:00Z,CF14 1EB,Terraced,Established,Freehold,108,,THE PHILOG,CARDIFF,CARDIFF,CARDIFF,CARDIFF,Standard,Addition,51.5092650000,-3.2060400000
97000,1997-10-10 00:00:00Z,CF14 1EQ,Detached,Established,Freehold,48,,SUNNYBANK CLOSE,CARDIFF,CARDIFF,CARDIFF,CARDIFF,Standard,Addition,51.5061630000,-3.2033500000
46000,1997-12-30 00:00:00Z,CF14 3HW,Semi-Detached,Established,Freehold,45,,APPLEDORE ROAD,CARDIFF,CARDIFF,CARDIFF,CARDIFF,Standard,Addition,51.5043930000,-3.2040530000
58000,1997-11-07 00:00:00Z,CF14 2SE,Semi-Detached,Established,Freehold,14,,WESTERN DRIVE,CARDIFF,CARDIFF,CARDIFF,CARDIFF,Standard,Addition,51.5010290000,-3.2076670000
69000,1997-07-16 00:00:00Z,CF14 1EG,Semi-Detached,Established,Freehold,6,,CELTIC ROAD,CARDIFF,CARDIFF,CARDIFF,CARDIFF,Standard,Addition,51.5065460000,-3.2019770000
64000,1997-05-23 00:00:00Z,CF14 1EL,Semi-Detached,Established,Freehold,5,,SILVER BIRCH CLOSE,CARDIFF,CARDIFF,CARDIFF,CARDIFF,Standard,Addition,51.5052930000,-3.2048690000
68500,1997-09-29 00:00:00Z,CF14 1EL,Semi-Detached,Established,Freehold,132,,SILVER BIRCH CLOSE,CARDIFF,CARDIFF,CARDIFF,CARDIFF,Standard,Addition,51.5052930000,-3.2048690000
79000,1997-04-04 00:00:00Z,CF14 1HF,Terraced,Established,Freehold,16,,HEOL Y GORS,WHITCHURCH,CARDIFF,CARDIFF,CARDIFF,Standard,Addition,51.5077960000,-3.2063180000
59950,1997-05-16 00:00:00Z,CF14 4AA,Semi-Detached,Established,Freehold,46,,RICHS ROAD,CARDIFF,CARDIFF,CARDIFF,CARDIFF,Standard,Addition,51.5095940000,-3.2019850000
64000,1997-03-27 00:00:00Z,CF14 1ED,Terraced,Established,Freehold,144,,THE PHILOG,CARDIFF,CARDIFF,CARDIFF,CARDIFF,Standard,Addition,51.5090700000,-3.2040170000
64000,1997-02-12 00:00:00Z,CF14 4AA,Semi-Detached,Established,Freehold,34,,RICHS ROAD,CARDIFF,CARDIFF,CARDIFF,CARDIFF,Standard,Addition,51.5095940000,-3.2019850000
66000,1997-09-05 00:00:00Z,CF14 1DL,Semi-Detached,Established,Freehold,190,,MERTHYR ROAD,WHITCHURCH,CARDIFF,CARDIFF,CARDIFF,Standard,Addition,51.5081680000,-3.2016300000
53000,1997-05-02 00:00:00Z,CF14 4AJ,Terraced,Established,Freehold,2,,NORTON AVENUE,CARDIFF,CARDIFF,CARDIFF,CARDIFF,Standard,Addition,51.5095140000,-3.2010460000
63750,1997-08-01 00:00:00Z,CF14 1HZ,Terraced,Established,Freehold,13,,BIRCHWOOD GARDENS,CARDIFF,CARDIFF,CARDIFF,CARDIFF,Standard,Addition,51.5061500000,-3.2047420000
57000,1997-03-27 00:00:00Z,CF14 1EG,Terraced,Established,Freehold,27,,CELTIC ROAD,CARDIFF,CARDIFF,CARDIFF,CARDIFF,Standard,Addition,51.5065460000,-3.2019770000
60000,1997-10-24 00:00:00Z,CF14 1EL,Semi-Detached,Established,Freehold,16,,SILVER BIRCH CLOSE,CARDIFF,CARDIFF,CARDIFF,CARDIFF,Standard,Addition,51.5052930000,-3.2048690000
39500,1997-05-06 00:00:00Z,CF14 1BZ,Flats/Maisonettes,Established,Leasehold,BATON COURT,FLAT 6,THE PHILOG,CARDIFF,CARDIFF,CARDIFF,CARDIFF,Standard,Addition,51.5096440000,-3.2050270000
41000,1997-03-27 00:00:00Z,CF14 3HW,Semi-Detached,Established,Freehold,52,,APPLEDORE ROAD,CARDIFF,CARDIFF,CARDIFF,CARDIFF,Standard,Addition,51.5043930000,-3.2040530000
78000,1997-08-28 00:00:00Z,CF14 4AA,Semi-Detached,Established,Freehold,23,,RICHS ROAD,CARDIFF,CARDIFF,CARDIFF,CARDIFF,Standard,Addition,51.5095940000,-3.2019850000
47500,1997-02-21 00:00:00Z,CF14 3HR,Semi-Detached,Established,Freehold,9,,GILBERT PLACE,CARDIFF,CARDIFF,CARDIFF,CARDIFF,Standard,Addition,51.5033120000,-3.2051340000
71000,1997-11-14 00:00:00Z,CF14 1EL,Detached,Established,Freehold,48,,SILVER BIRCH CLOSE,CARDIFF,CARDIFF,CARDIFF,CARDIFF,Standard,Addition,51.5052930000,-3.2048690000
63000,1997-12-05 00:00:00Z,CF14 1HY,Semi-Detached,Established,Freehold,68,,BIRCHWOOD GARDENS,CARDIFF,CARDIFF,CARDIFF,CARDIFF,Standard,Addition,51.5063850000,-3.2053880000
29500,1997-10-16 00:00:00Z,CF14 3HJ,Semi-Detached,Established,Freehold,1,,PENNARD PLACE,CARDIFF,CARDIFF,CARDIFF,CARDIFF,Standard,Addition,51.5045480000,-3.2003540000
52500,1997-09-12 00:00:00Z,CF14 3EB,Semi-Detached,Established,Freehold,140,,MYNACHDY ROAD,CARDIFF,CARDIFF,CARDIFF,CARDIFF,Standard,Addition,51.5018970000,-3.2010620000
73000,1997-05-23 00:00:00Z,CF14 1HU,Semi-Detached,Established,Freehold,23,,TWYN Y FEDWEN ROAD,CARDIFF,CARDIFF,CARDIFF,CARDIFF,Standard,Addition,51.5077610000,-3.2027580000
60000,1997-07-25 00:00:00Z,CF14 1HS,Terraced,Established,Freehold,13,,WAUNTREODA ROAD,CARDIFF,CARDIFF,CARDIFF,CARDIFF,Standard,Addition,51.5086690000,-3.2053470000
48000,1997-03-27 00:00:00Z,CF14 3HL,Semi-Detached,Established,Freehold,177,,MYNACHDY ROAD,CARDIFF,CARDIFF,CARDIFF,CARDIFF,Standard,Addition,51.5036900000,-3.2051580000
65000,1997-08-22 00:00:00Z,CF14 4AA,Semi-Detached,Established,Freehold,38,,RICHS ROAD,CARDIFF,CARDIFF,CARDIFF,CARDIFF,Standard,Addition,51.5095940000,-3.2019850000
78000,1997-08-05 00:00:00Z,CF14 1HU,Semi-Detached,Established,Freehold,28,,TWYN Y FEDWEN ROAD,CARDIFF,CARDIFF,CARDIFF,CARDIFF,Standard,Addition,51.5077610000,-3.2027580000
65500,1997-07-25 00:00:00Z,CF14 1HT,Terraced,Established,Freehold,20,,VIOLET PLACE,CARDIFF,CARDIFF,CARDIFF,CARDIFF,Standard,Addition,51.5085520000,-3.2044790000
86000,1997-11-27 00:00:00Z,CF14 1HE,Detached,Established,Freehold,5,,HEOL Y GORS,WHITCHURCH,CARDIFF,CARDIFF,CARDIFF,Standard,Addition,51.5080290000,-3.2046240000
59950,1997-07-04 00:00:00Z,CF14 1EG,Semi-Detached,Established,Freehold,20,,CELTIC ROAD,CARDIFF,CARDIFF,CARDIFF,CARDIFF,Standard,Addition,51.5065460000,-3.2019770000
51000,1997-03-14 00:00:00Z,CF14 4AJ,Semi-Detached,Established,Freehold,39,,NORTON AVENUE,CARDIFF,CARDIFF,CARDIFF,CARDIFF,Standard,Addition,51.5095140000,-3.2010460000
41000,1997-06-02 00:00:00Z,CF14 1DX,Semi-Detached,Established,Freehold,9,,THE PHILOG,CARDIFF,CARDIFF,CARDIFF,CARDIFF,Standard,Addition,51.5097230000,-3.2095540000
132000,1997-12-01 00:00:00Z,CF14 3HN,Semi-Detached,Established,Leasehold,150,,MYNACHDY ROAD,CARDIFF,CARDIFF,CARDIFF,CARDIFF,Standard,Addition,51.5037330000,-3.2036410000
74000,1997-09-26 00:00:00Z,CF14 1EL,Semi-Detached,Established,Freehold,11,,SILVER BIRCH CLOSE,CARDIFF,CARDIFF,CARDIFF,CARDIFF,Standard,Addition,51.5052930000,-3.2048690000
60000,1997-02-10 00:00:00Z,CF14 1HZ,Semi-Detached,Established,Freehold,95,,BIRCHWOOD GARDENS,CARDIFF,CARDIFF,CARDIFF,CARDIFF,Standard,Addition,51.5061500000,-3.2047420000
48000,1997-02-17 00:00:00Z,CF14 2SG,Terraced,Established,Freehold,7,,GABALFA AVENUE,CARDIFF,CARDIFF,CARDIFF,CARDIFF,Standard,Addition,51.5002100000,-3.2095470000
118000,1997-07-11 00:00:00Z,CF14 1EQ,Detached,Established,Freehold,36,,SUNNYBANK CLOSE,CARDIFF,CARDIFF,CARDIFF,CARDIFF,Standard,Addition,51.5061630000,-3.2033500000
63000,1997-10-22 00:00:00Z,CF14 1HS,Terraced,Established,Freehold,32,,WAUNTREODA ROAD,CARDIFF,CARDIFF,CARDIFF,CARDIFF,Standard,Addition,51.5086690000,-3.2053470000
46000,1997-06-13 00:00:00Z,CF14 2SG,Terraced,Established,Freehold,21,,GABALFA AVENUE,CARDIFF,CARDIFF,CARDIFF,CARDIFF,Standard,Addition,51.5002100000,-3.2095470000
76000,1997-07-04 00:00:00Z,CF14 4AJ,Terraced,Established,Freehold,42,,NORTON AVENUE,CARDIFF,CARDIFF,CARDIFF,CARDIFF,Standard,Addition,51.5095140000,-3.2010460000
88000,1998-11-13 00:00:00Z,CF14 1EL,Detached,Established,Freehold,131,,SILVER BIRCH CLOSE,CARDIFF,CARDIFF,CARDIFF,CARDIFF,Standard,Addition,51.5052930000,-3.2048690000
71000,1998-02-06 00:00:00Z,CF14 1HT,Terraced,Established,Freehold,16,,VIOLET PLACE,CARDIFF,CARDIFF,CARDIFF,CARDIFF,Standard,Addition,51.5085520000,-3.2044790000
63000,1998-09-25 00:00:00Z,CF14 1HT,Terraced,Established,Freehold,15,,VIOLET PLACE,CARDIFF,CARDIFF,CARDIFF,CARDIFF,Standard,Addition,51.5085520000,-3.2044790000
57950,1998-02-13 00:00:00Z,CF14 1DY,Terraced,Established,Freehold,19,,THE PHILOG,CARDIFF,CARDIFF,CARDIFF,CARDIFF,Standard,Addition,51.5096890000,-3.2076510000
94000,1998-08-28 00:00:00Z,CF14 1HP,Semi-Detached,Established,Freehold,8,,MAELOG ROAD,CARDIFF,CARDIFF,CARDIFF,CARDIFF,Standard,Addition,51.5087130000,-3.2080570000
51500,1998-07-14 00:00:00Z,CF14 2SR,Semi-Detached,Established,Freehold,28,,ABERDORE ROAD,CARDIFF,CARDIFF,CARDIFF,CARDIFF,Standard,Addition,51.5021230000,-3.2097700000
74950,1998-09-04 00:00:00Z,CF14 1EL,Semi-Detached,Established,Freehold,19,,SILVER BIRCH CLOSE,CARDIFF,CARDIFF,CARDIFF,CARDIFF,Standard,Addition,51.5052930000,-3.2048690000
76100,1998-07-01 00:00:00Z,CF14 1EL,Semi-Detached,Established,Freehold,46,,SILVER BIRCH CLOSE,CARDIFF,CARDIFF,CARDIFF,CARDIFF,Standard,Addition,51.5052930000,-3.2048690000
75000,1998-05-29 00:00:00Z,CF14 1HN,Semi-Detached,Established,Freehold,21,,COURT ROAD,WHITCHURCH,CARDIFF,CARDIFF,CARDIFF,Standard,Addition,51.5067720000,-3.2096770000
68500,1998-08-28 00:00:00Z,CF14 1HY,Semi-Detached,Established,Freehold,48,,BIRCHWOOD GARDENS,CARDIFF,CARDIFF,CARDIFF,CARDIFF,Standard,Addition,51.5063850000,-3.2053880000
50000,1998-12-22 00:00:00Z,CF14 3EE,Semi-Detached,Established,Freehold,22,,PORTHKERRY PLACE,CARDIFF,CARDIFF,CARDIFF,CARDIFF,Standard,Addition,51.5026980000,-3.2010260000
75000,1998-08-28 00:00:00Z,CF14 1EB,Terraced,Established,Freehold,84,,THE PHILOG,CARDIFF,CARDIFF,CARDIFF,CARDIFF,Standard,Addition,51.5092650000,-3.2060400000
26000,1998-02-27 00:00:00Z,CF14 1BZ,Flats/Maisonettes,Established,Leasehold,BATON COURT,FLAT 3,THE PHILOG,CARDIFF,CARDIFF,CARDIFF,CARDIFF,Standard,Addition,51.5096440000,-3.2050270000
68000,1998-08-21 00:00:00Z,CF14 1HZ,Semi-Detached,Established,Freehold,99,,BIRCHWOOD GARDENS,CARDIFF,CARDIFF,CARDIFF,CARDIFF,Standard,Addition,51.5061500000,-3.2047420000
91000,1998-05-08 00:00:00Z,CF14 1EQ,Semi-Detached,Established,Freehold,13,,SUNNYBANK CLOSE,CARDIFF,CARDIFF,CARDIFF,CARDIFF,Standard,Addition,51.5061630000,-3.2033500000
81000,1998-07-20 00:00:00Z,CF14 1HN,Semi-Detached,Established,Freehold,3,,COURT ROAD,WHITCHURCH,CARDIFF,CARDIFF,CARDIFF,Standard,Addition,51.5067720000,-3.2096770000
55000,1998-06-23 00:00:00Z,CF14 3HR,Semi-Detached,Established,Freehold,12,,GILBERT PLACE,CARDIFF,CARDIFF,CARDIFF,CARDIFF,Standard,Addition,51.5033120000,-3.2051340000
68000,1998-10-12 00:00:00Z,CF14 1DL,Semi-Detached,Established,Freehold,202,,MERTHYR ROAD,WHITCHURCH,CARDIFF,CARDIFF,CARDIFF,Standard,Addition,51.5081680000,-3.2016300000
73500,1998-06-19 00:00:00Z,CF14 1HP,Semi-Detached,Established,Freehold,11,,MAELOG ROAD,CARDIFF,CARDIFF,CARDIFF,CARDIFF,Standard,Addition,51.5087130000,-3.2080570000
85500,1998-06-12 00:00:00Z,CF14 1HQ,Semi-Detached,Established,Freehold,5,,CRADOC ROAD,CARDIFF,CARDIFF,CARDIFF,CARDIFF,Standard,Addition,51.5086740000,-3.2075370000
63000,1998-10-12 00:00:00Z,CF14 1HT,Semi-Detached,Established,Freehold,5,,VIOLET PLACE,CARDIFF,CARDIFF,CARDIFF,CARDIFF,Standard,Addition,51.5085520000,-3.2044790000
88250,1998-11-13 00:00:00Z,CF14 1HQ,Semi-Detached,Established,Freehold,20,,CRADOC ROAD,CARDIFF,CARDIFF,CARDIFF,CARDIFF,Standard,Addition,51.5086740000,-3.2075370000
44000,1998-03-25 00:00:00Z,CF14 3HN,Semi-Detached,Established,Freehold,164,,MYNACHDY ROAD,CARDIFF,CARDIFF,CARDIFF,CARDIFF,Standard,Addition,51.5037330000,-3.2036410000
89000,1998-12-01 00:00:00Z,CF14 1HG,Semi-Detached,Established,Freehold,52,,HEOL Y GORS,WHITCHURCH,CARDIFF,CARDIFF,CARDIFF,Standard,Addition,51.5078710000,-3.2086690000
79000,1998-05-29 00:00:00Z,CF14 1EL,Semi-Detached,Established,Freehold,43,,SILVER BIRCH CLOSE,CARDIFF,CARDIFF,CARDIFF,CARDIFF,Standard,Addition,51.5052930000,-3.2048690000
62000,1998-04-03 00:00:00Z,CF14 1HS,Terraced,Established,Freehold,29,,WAUNTREODA ROAD,CARDIFF,CARDIFF,CARDIFF,CARDIFF,Standard,Addition,51.5086690000,-3.2053470000
43000,1998-07-03 00:00:00Z,CF14 1EF,Flats/Maisonettes,Established,Leasehold,7,,PHILOG COURT,CARDIFF,CARDIFF,CARDIFF,CARDIFF,Standard,Addition,51.5097230000,-3.2069020000
63000,1998-06-26 00:00:00Z,CF14 4AB,Semi-Detached,Established,Freehold,7,,LON Y GROES,CARDIFF,CARDIFF,CARDIFF,CARDIFF,Standard,Addition,51.5086260000,-3.2007920000
52950,1998-08-03 00:00:00Z,CF14 3EB,Semi-Detached,Established,Freehold,114,,MYNACHDY ROAD,CARDIFF,CARDIFF,CARDIFF,CARDIFF,Standard,Addition,51.5018970000,-3.2010620000
68000,1998-04-09 00:00:00Z,CF14 1RU,Detached,Established,Freehold,116,,BIRCHGROVE ROAD,CARDIFF,CARDIFF,CARDIFF,CARDIFF,Standard,Addition,51.5098650000,-3.2045280000
53500,1998-05-29 00:00:00Z,CF14 1EJ,Flats/Maisonettes,Established,Leasehold,OWENS COURT,3,THE PHILOG,CARDIFF,CARDIFF,CARDIFF,CARDIFF,Standard,Addition,51.5095530000,-3.2041890000
19360,1998-07-24 00:00:00Z,CF14 3HL,Semi-Detached,Established,Freehold,199,,MYNACHDY ROAD,CARDIFF,CARDIFF,CARDIFF,CARDIFF,Standard,Addition,51.5036900000,-3.2051580000
63000,1998-12-18 00:00:00Z,CF14 2SE,Terraced,Established,Freehold,24,,WESTERN DRIVE,CARDIFF,CARDIFF,CARDIFF,CARDIFF,Standard,Addition,51.5010290000,-3.2076670000
38500,1998-08-14 00:00:00Z,CF14 1EF,Flats/Maisonettes,Established,Leasehold,2,,PHILOG COURT,CARDIFF,CARDIFF,CARDIFF,CARDIFF,Standard,Addition,51.5097230000,-3.2069020000
49950,1998-05-08 00:00:00Z,CF14 3EB,Semi-Detached,Established,Freehold,122,,MYNACHDY ROAD,CARDIFF,CARDIFF,CARDIFF,CARDIFF,Standard,Addition,51.5018970000,-3.2010620000
42000,1998-09-03 00:00:00Z,CF14 3HX,Semi-Detached,Established,Freehold,103,,APPLEDORE ROAD,CARDIFF,CARDIFF,CARDIFF,CARDIFF,Standard,Addition,51.5043960000,-3.2065230000
96000,1998-08-14 00:00:00Z,CF14 1JW,Semi-Detached,Established,Freehold,86,,HEOL GABRIEL,CARDIFF,CARDIFF,CARDIFF,CARDIFF,Standard,Addition,51.5059340000,-3.2089920000
66250,1998-08-27 00:00:00Z,CF14 4AA,Semi-Detached,Established,Freehold,24,,RICHS ROAD,CARDIFF,CARDIFF,CARDIFF,CARDIFF,Standard,Addition,51.5095940000,-3.2019850000
84000,1998-08-28 00:00:00Z,CF14 1HG,Semi-Detached,Established,Freehold,52,,HEOL Y GORS,WHITCHURCH,CARDIFF,CARDIFF,CARDIFF,Standard,Addition,51.5078710000,-3.2086690000
69000,1998-02-20 00:00:00Z,CF14 1HZ,Semi-Detached,Established,Freehold,65,,BIRCHWOOD GARDENS,CARDIFF,CARDIFF,CARDIFF,CARDIFF,Standard,Addition,51.5061500000,-3.2047420000
38000,1998-05-14 00:00:00Z,CF14 1EG,Terraced,Established,Freehold,32,,CELTIC ROAD,CARDIFF,CARDIFF,CARDIFF,CARDIFF,Standard,Addition,51.5065460000,-3.2019770000
61000,1998-03-31 00:00:00Z,CF14 1HZ,Terraced,Established,Freehold,91,,BIRCHWOOD GARDENS,CARDIFF,CARDIFF,CARDIFF,CARDIFF,Standard,Addition,51.5061500000,-3.2047420000
81000,1998-05-08 00:00:00Z,CF14 4AA,Semi-Detached,Established,Freehold,8,,RICHS ROAD,CARDIFF,CARDIFF,CARDIFF,CARDIFF,Standard,Addition,51.5095940000,-3.2019850000
63000,1998-03-17 00:00:00Z,CF14 1DZ,Terraced,Established,Freehold,67,,THE PHILOG,CARDIFF,CARDIFF,CARDIFF,CARDIFF,Standard,Addition,51.5096350000,-3.2058330000
58450,1998-08-18 00:00:00Z,CF14 2SE,Semi-Detached,Established,Freehold,16,,WESTERN DRIVE,CARDIFF,CARDIFF,CARDIFF,CARDIFF,Standard,Addition,51.5010290000,-3.2076670000
47000,1998-03-27 00:00:00Z,CF14 3HW,Semi-Detached,Established,Freehold,78,,APPLEDORE ROAD,CARDIFF,CARDIFF,CARDIFF,CARDIFF,Standard,Addition,51.5043930000,-3.2040530000
60000,1998-12-11 00:00:00Z,CF14 1JY,Semi-Detached,Established,Freehold,150,,HEOL GABRIEL,CARDIFF,CARDIFF,CARDIFF,CARDIFF,Standard,Addition,51.5070590000,-3.2054490000
74000,1998-12-10 00:00:00Z,CF14 1RG,Semi-Detached,Established,Freehold,24,,MANOR WAY,CARDIFF,CARDIFF,CARDIFF,CARDIFF,Standard,Addition,51.5097000000,-3.2030540000
81000,1998-02-05 00:00:00Z,CF14 1HB,Semi-Detached,Established,Freehold,16,,HEOL MADOC,CARDIFF,CARDIFF,CARDIFF,CARDIFF,Standard,Addition,51.5087660000,-3.2090960000
59950,1999-08-27 00:00:00Z,CF14 1HS,Terraced,Established,Freehold,27,,WAUNTREODA ROAD,,CARDIFF,CARDIFF,CARDIFF,Standard,Addition,51.5086690000,-3.2053470000
115000,1999-10-08 00:00:00Z,CF14 1EL,Semi-Detached,Established,Freehold,18,,SILVER BIRCH CLOSE,,CARDIFF,CARDIFF,CARDIFF,Standard,Addition,51.5052930000,-3.2048690000
134950,1999-09-27 00:00:00Z,CF14 1EQ,Detached,Established,Freehold,35,,SUNNYBANK CLOSE,,CARDIFF,CARDIFF,CARDIFF,Standard,Addition,51.5061630000,-3.2033500000
73500,1999-02-05 00:00:00Z,CF14 1EA,Semi-Detached,Established,Freehold,62,,THE PHILOG,,CARDIFF,CARDIFF,CARDIFF,Standard,Addition,51.5093780000,-3.2081040000
89950,1999-10-27 00:00:00Z,CF14 1HN,Semi-Detached,Established,Freehold,35,,COURT ROAD,WHITCHURCH,CARDIFF,CARDIFF,CARDIFF,Standard,Addition,51.5067720000,-3.2096770000
51000,1999-06-02 00:00:00Z,CF14 1DY,Terraced,Established,Freehold,13,,THE PHILOG,,CARDIFF,CARDIFF,CARDIFF,Standard,Addition,51.5096890000,-3.2076510000
83000,1999-10-01 00:00:00Z,CF14 1HE,Semi-Detached,Established,Freehold,8,,HEOL Y GORS,WHITCHURCH,CARDIFF,CARDIFF,CARDIFF,Standard,Addition,51.5080290000,-3.2046240000
68000,1999-05-14 00:00:00Z,CF14 1HZ,Semi-Detached,Established,Freehold,83,,BIRCHWOOD GARDENS,,CARDIFF,CARDIFF,CARDIFF,Standard,Addition,51.5061500000,-3.2047420000
92000,1999-01-29 00:00:00Z,CF14 1HZ,Semi-Detached,Established,Freehold,5,,BIRCHWOOD GARDENS,,CARDIFF,CARDIFF,CARDIFF,Standard,Addition,51.5061500000,-3.2047420000
73000,1999-05-28 00:00:00Z,CF14 1HS,Terraced,Established,Freehold,36,,WAUNTREODA ROAD,,CARDIFF,CARDIFF,CARDIFF,Standard,Addition,51.5086690000,-3.2053470000
96000,1999-09-23 00:00:00Z,CF14 1HY,Detached,Established,Freehold,6,,BIRCHWOOD GARDENS,,CARDIFF,CARDIFF,CARDIFF,Standard,Addition,51.5063850000,-3.2053880000
135000,1999-11-11 00:00:00Z,CF14 1EQ,Detached,Established,Freehold,5,,SUNNYBANK CLOSE,,CARDIFF,CARDIFF,CARDIFF,Standard,Addition,51.5061630000,-3.2033500000
60000,1999-12-10 00:00:00Z,CF14 1BZ,Flats/Maisonettes,Established,Leasehold,BATON COURT,FLAT 4,THE PHILOG,,CARDIFF,CARDIFF,CARDIFF,Standard,Addition,51.5096440000,-3.2050270000
67000,1999-09-30 00:00:00Z,CF14 1HY,Terraced,Established,Freehold,66,,BIRCHWOOD GARDENS,,CARDIFF,CARDIFF,CARDIFF,Standard,Addition,51.5063850000,-3.2053880000
74000,1999-02-19 00:00:00Z,CF14 1EL,Semi-Detached,Established,Freehold,139,,SILVER BIRCH CLOSE,,CARDIFF,CARDIFF,CARDIFF,Standard,Addition,51.5052930000,-3.2048690000
82000,1999-12-14 00:00:00Z,CF14 1HR,Semi-Detached,Established,Freehold,10,,FRANKLEN ROAD,,CARDIFF,CARDIFF,CARDIFF,Standard,Addition,51.5087040000,-3.2063850000
57000,1999-03-29 00:00:00Z,CF14 1DZ,Terraced,Established,Freehold,49,,THE PHILOG,,CARDIFF,CARDIFF,CARDIFF,Standard,Addition,51.5096350000,-3.2058330000
87500,1999-10-08 00:00:00Z,CF14 1EL,Semi-Detached,Established,Freehold,17,,SILVER BIRCH CLOSE,,CARDIFF,CARDIFF,CARDIFF,Standard,Addition,51.5052930000,-3.2048690000
80000,1999-03-26 00:00:00Z,CF14 1HE,Detached,Established,Freehold,ST JUDES,,HEOL Y GORS,WHITCHURCH,CARDIFF,CARDIFF,CARDIFF,Standard,Addition,51.5080290000,-3.2046240000
98000,1999-12-06 00:00:00Z,CF14 1HN,Semi-Detached,Established,Freehold,36,,COURT ROAD,WHITCHURCH,CARDIFF,CARDIFF,CARDIFF,Standard,Addition,51.5067720000,-3.2096770000
67500,1999-06-17 00:00:00Z,CF14 1DZ,Terraced,Established,Leasehold,59,,THE PHILOG,,CARDIFF,CARDIFF,CARDIFF,Standard,Addition,51.5096350000,-3.2058330000
95000,1999-01-18 00:00:00Z,CF14 1HY,Detached,Established,Freehold,16,,BIRCHWOOD GARDENS,,CARDIFF,CARDIFF,CARDIFF,Standard,Addition,51.5063850000,-3.2053880000
89950,1999-06-11 00:00:00Z,CF14 1HU,Semi-Detached,Established,Freehold,4,,TWYN Y FEDWEN ROAD,,CARDIFF,CARDIFF,CARDIFF,Standard,Addition,51.5077610000,-3.2027580000
83000,1999-11-24 00:00:00Z,CF14 1EB,Terraced,Established,Freehold,98,,THE PHILOG,,CARDIFF,CARDIFF,CARDIFF,Standard,Addition,51.5092650000,-3.2060400000
89000,1999-12-10 00:00:00Z,CF14 4AA,Semi-Detached,Established,Freehold,40,,RICHS ROAD,,CARDIFF,CARDIFF,CARDIFF,Standard,Addition,51.5095940000,-3.2019850000
69000,1999-02-05 00:00:00Z,CF14 1HS,Terraced,Established,Freehold,24,,WAUNTREODA ROAD,,CARDIFF,CARDIFF,CARDIFF,Standard,Addition,51.5086690000,-3.2053470000
89950,1999-11-11 00:00:00Z,CF14 4AH,Terraced,Established,Freehold,4,,HAMPTON ROAD,,CARDIFF,CARDIFF,CARDIFF,Standard,Addition,51.5099160000,-3.2003800000
98950,1999-06-04 00:00:00Z,CF14 1HB,Semi-Detached,Established,Freehold,1,,HEOL MADOC,,CARDIFF,CARDIFF,CARDIFF,Standard,Addition,51.5087660000,-3.2090960000
88950,1999-11-19 00:00:00Z,CF14 4AA,Semi-Detached,Established,Freehold,8,,RICHS ROAD,,CARDIFF,CARDIFF,CARDIFF,Standard,Addition,51.5095940000,-3.2019850000
87950,1999-07-09 00:00:00Z,CF14 1EL,Semi-Detached,Established,Freehold,20,,SILVER BIRCH CLOSE,,CARDIFF,CARDIFF,CARDIFF,Standard,Addition,51.5052930000,-3.2048690000
63000,1999-01-22 00:00:00Z,CF14 1EL,Semi-Detached,Established,Freehold,133,,SILVER BIRCH CLOSE,,CARDIFF,CARDIFF,CARDIFF,Standard,Addition,51.5052930000,-3.2048690000
67000,1999-12-20 00:00:00Z,CF14 1EL,Terraced,Established,Freehold,52,,SILVER BIRCH CLOSE,,CARDIFF,CARDIFF,CARDIFF,Standard,Addition,51.5052930000,-3.2048690000
100000,1999-05-14 00:00:00Z,CF14 1EQ,Detached,Established,Freehold,3,,SUNNYBANK CLOSE,,CARDIFF,CARDIFF,CARDIFF,Standard,Addition,51.5061630000,-3.2033500000
75850,1999-05-13 00:00:00Z,CF14 1EA,Semi-Detached,Established,Freehold,44,,THE PHILOG,,CARDIFF,CARDIFF,CARDIFF,Standard,Addition,51.5093780000,-3.2081040000
87000,1999-12-08 00:00:00Z,CF14 4AA,Semi-Detached,Established,Freehold,32,,RICHS ROAD,,CARDIFF,CARDIFF,CARDIFF,Standard,Addition,51.5095940000,-3.2019850000
50000,1999-05-14 00:00:00Z,CF14 1EF,Flats/Maisonettes,Established,Leasehold,13,,PHILOG COURT,,CARDIFF,CARDIFF,CARDIFF,Standard,Addition,51.5097230000,-3.2069020000
71000,1999-08-27 00:00:00Z,CF14 4AJ,Terraced,Established,Freehold,40,,NORTON AVENUE,,CARDIFF,CARDIFF,CARDIFF,Standard,Addition,51.5095140000,-3.2010460000
80000,1999-03-12 00:00:00Z,CF14 1DL,Semi-Detached,Established,Freehold,200,,MERTHYR ROAD,WHITCHURCH,CARDIFF,CARDIFF,CARDIFF,Standard,Addition,51.5081680000,-3.2016300000
60000,1999-01-29 00:00:00Z,CF14 1HS,Terraced,Established,Freehold,25,,WAUNTREODA ROAD,,CARDIFF,CARDIFF,CARDIFF,Standard,Addition,51.5086690000,-3.2053470000
73000,1999-05-07 00:00:00Z,CF14 1HT,Terraced,Established,Freehold,1,,VIOLET PLACE,,CARDIFF,CARDIFF,CARDIFF,Standard,Addition,51.5085520000,-3.2044790000
22620,1999-12-17 00:00:00Z,CF14 2SE,Terraced,Established,Freehold,11,,WESTERN DRIVE,,CARDIFF,CARDIFF,CARDIFF,Standard,Addition,51.5010290000,-3.2076670000
72000,1999-12-17 00:00:00Z,CF14 1HY,Semi-Detached,Established,Freehold,54,,BIRCHWOOD GARDENS,,CARDIFF,CARDIFF,CARDIFF,Standard,Addition,51.5063850000,-3.2053880000
49500,1999-02-01 00:00:00Z,CF14 1HX,Semi-Detached,Established,Freehold,11,,KENFIG ROAD,,CARDIFF,CARDIFF,CARDIFF,Standard,Addition,51.5067910000,-3.2008310000
85000,2000-09-29 00:00:00Z,CF14 1HZ,Semi-Detached,Established,Freehold,71,,BIRCHWOOD GARDENS,,CARDIFF,CARDIFF,CARDIFF,Standard,Addition,51.5061500000,-3.2047420000
98000,2000-07-21 00:00:00Z,CF14 4AJ,Terraced,Established,Freehold,19,,NORTON AVENUE,,CARDIFF,CARDIFF,CARDIFF,Standard,Addition,51.5095140000,-3.2010460000
57000,2000-05-26 00:00:00Z,CF14 2RW,Semi-Detached,Established,Freehold,2,,ABERPORTH ROAD,,CARDIFF,CARDIFF,CARDIFF,Standard,Addition,51.5019940000,-3.2065110000
123500,2000-03-03 00:00:00Z,CF14 1EQ,Detached,Established,Freehold,17,,SUNNYBANK CLOSE,,CARDIFF,CARDIFF,CARDIFF,Standard,Addition,51.5061630000,-3.2033500000
65000,2000-06-02 00:00:00Z,CF14 1DZ,Terraced,Established,Freehold,61,,THE PHILOG,,CARDIFF,CARDIFF,CARDIFF,Standard,Addition,51.5096350000,-3.2058330000
54000,2000-12-14 00:00:00Z,CF14 2RZ,Semi-Detached,Established,Freehold,6,,ABERTEIFI CLOSE,,CARDIFF,CARDIFF,CARDIFF,Standard,Addition,51.5028830000,-3.2074850000
70000,2000-07-21 00:00:00Z,CF14 2SR,Terraced,Established,Freehold,44,,ABERDORE ROAD,,CARDIFF,CARDIFF,CARDIFF,Standard,Addition,51.5021230000,-3.2097700000
59000,2000-03-31 00:00:00Z,CF14 1BZ,Flats/Maisonettes,Established,Leasehold,BATON COURT,FLAT 2,THE PHILOG,,CARDIFF,CARDIFF,CARDIFF,Standard,Addition,51.5096440000,-3.2050270000
84000,2000-06-30 00:00:00Z,CF14 4AJ,Terraced,Established,Freehold,48,,NORTON AVENUE,,CARDIFF,CARDIFF,CARDIFF,Standard,Addition,51.5095140000,-3.2010460000
55750,2000-05-26 00:00:00Z,CF14 3HJ,Semi-Detached,Established,Freehold,6,,PENNARD PLACE,,CARDIFF,CARDIFF,CARDIFF,Standard,Addition,51.5045480000,-3.2003540000
100000,2000-03-01 00:00:00Z,CF14 1HQ,Semi-Detached,Established,Freehold,7,,CRADOC ROAD,,CARDIFF,CARDIFF,CARDIFF,Standard,Addition,51.5086740000,-3.2075370000
86000,2000-09-18 00:00:00Z,CF14 1HS,Terraced,Established,Freehold,13,,WAUNTREODA ROAD,,CARDIFF,CARDIFF,CARDIFF,Standard,Addition,51.5086690000,-3.2053470000
65000,2000-11-23 00:00:00Z,CF14 3HS,Semi-Detached,Established,Freehold,32,,CEFN ROAD,,CARDIFF,CARDIFF,CARDIFF,Standard,Addition,51.5042910000,-3.2079260000
115000,2000-11-24 00:00:00Z,CF14 1HZ,Semi-Detached,Established,Freehold,45,,BIRCHWOOD GARDENS,,CARDIFF,CARDIFF,CARDIFF,Standard,Addition,51.5061500000,-3.2047420000
99000,2000-04-19 00:00:00Z,CF14 1HU,Semi-Detached,Established,Freehold,18,,TWYN Y FEDWEN ROAD,,CARDIFF,CARDIFF,CARDIFF,Standard,Addition,51.5077610000,-3.2027580000
135000,2000-05-12 00:00:00Z,CF14 1EQ,Detached,Established,Freehold,52,,SUNNYBANK CLOSE,,CARDIFF,CARDIFF,CARDIFF,Standard,Addition,51.5061630000,-3.2033500000
83000,2000-05-10 00:00:00Z,CF14 1HZ,Semi-Detached,Established,Freehold,81,,BIRCHWOOD GARDENS,,CARDIFF,CARDIFF,CARDIFF,Standard,Addition,51.5061500000,-3.2047420000
65000,2000-06-16 00:00:00Z,CF14 1EF,Flats/Maisonettes,Established,Leasehold,8,,PHILOG COURT,,CARDIFF,CARDIFF,CARDIFF,Standard,Addition,51.5097230000,-3.2069020000
47000,2000-10-16 00:00:00Z,CF14 3HX,Semi-Detached,Established,Freehold,88,,APPLEDORE ROAD,,CARDIFF,CARDIFF,CARDIFF,Standard,Addition,51.5043960000,-3.2065230000
92000,2000-07-21 00:00:00Z,CF14 1HX,Semi-Detached,Established,Freehold,15,,KENFIG ROAD,,CARDIFF,CARDIFF,CARDIFF,Standard,Addition,51.5067910000,-3.2008310000
123000,2000-04-14 00:00:00Z,CF14 1HY,Detached,Established,Freehold,18,,BIRCHWOOD GARDENS,,CARDIFF,CARDIFF,CARDIFF,Standard,Addition,51.5063850000,-3.2053880000
88000,2000-12-22 00:00:00Z,CF14 1HT,Terraced,Established,Freehold,16,,VIOLET PLACE,,CARDIFF,CARDIFF,CARDIFF,Standard,Addition,51.5085520000,-3.2044790000
100500,2000-08-25 00:00:00Z,CF14 1HU,Semi-Detached,Established,Freehold,7,,TWYN Y FEDWEN ROAD,,CARDIFF,CARDIFF,CARDIFF,Standard,Addition,51.5077610000,-3.2027580000
97950,2000-07-28 00:00:00Z,CF14 1HX,Semi-Detached,Established,Freehold,31,,KENFIG ROAD,,CARDIFF,CARDIFF,CARDIFF,Standard,Addition,51.5067910000,-3.2008310000
56000,2000-01-24 00:00:00Z,CF14 2RW,Terraced,Established,Freehold,16,,ABERPORTH ROAD,,CARDIFF,CARDIFF,CARDIFF,Standard,Addition,51.5019940000,-3.2065110000
75000,2000-08-14 00:00:00Z,CF14 1DX,Terraced,Established,Freehold,5,,THE PHILOG,,CARDIFF,CARDIFF,CARDIFF,Standard,Addition,51.5097230000,-3.2095540000
90000,2000-08-18 00:00:00Z,CF14 1HZ,Semi-Detached,Established,Freehold,89,,BIRCHWOOD GARDENS,,CARDIFF,CARDIFF,CARDIFF,Standard,Addition,51.5061500000,-3.2047420000
88000,2000-09-08 00:00:00Z,CF14 1HS,Terraced,Established,Freehold,29,,WAUNTREODA ROAD,,CARDIFF,CARDIFF,CARDIFF,Standard,Addition,51.5086690000,-3.2053470000
68500,2000-07-14 00:00:00Z,CF14 1EE,Flats/Maisonettes,Established,Leasehold,4,,RETFORD COURT,,CARDIFF,CARDIFF,CARDIFF,Standard,Addition,51.5098880000,-3.2092840000
127500,2000-01-19 00:00:00Z,CF14 1JX,Semi-Detached,Established,Freehold,73,,HEOL GABRIEL,,CARDIFF,CARDIFF,CARDIFF,Standard,Addition,51.5066190000,-3.2070940000
36268,2000-01-11 00:00:00Z,CF14 1HS,Terraced,Established,Freehold,4,,WAUNTREODA ROAD,,CARDIFF,CARDIFF,CARDIFF,Standard,Addition,51.5086690000,-3.2053470000
54950,2000-04-28 00:00:00Z,CF14 1EF,Flats/Maisonettes,Established,Leasehold,15,,PHILOG COURT,,CARDIFF,CARDIFF,CARDIFF,Standard,Addition,51.5097230000,-3.2069020000
59999,2000-11-03 00:00:00Z,CF14 3HW,Semi-Detached,Established,Freehold,50,,APPLEDORE ROAD,,CARDIFF,CARDIFF,CARDIFF,Standard,Addition,51.5043930000,-3.2040530000
83500,2000-11-24 00:00:00Z,CF14 1EL,Semi-Detached,Established,Freehold,136,,SILVER BIRCH CLOSE,,CARDIFF,CARDIFF,CARDIFF,Standard,Addition,51.5052930000,-3.2048690000
48000,2000-05-19 00:00:00Z,CF14 1EF,Flats/Maisonettes,Established,Leasehold,3,,PHILOG COURT,,CARDIFF,CARDIFF,CARDIFF,Standard,Addition,51.5097230000,-3.2069020000
60000,2000-11-30 00:00:00Z,CF14 1EF,Flats/Maisonettes,Established,Leasehold,PHILOG COURT,FLAT 1,THE PHILOG,,CARDIFF,CARDIFF,CARDIFF,Standard,Addition,51.5097230000,-3.2069020000
64000,2000-10-31 00:00:00Z,CF14 3HL,Semi-Detached,Established,Freehold,193,,MYNACHDY ROAD,,CARDIFF,CARDIFF,CARDIFF,Standard,Addition,51.5036900000,-3.2051580000
51000,2000-07-28 00:00:00Z,CF14 3EE,Semi-Detached,Established,Freehold,23,,PORTHKERRY PLACE,,CARDIFF,CARDIFF,CARDIFF,Standard,Addition,51.5026980000,-3.2010260000
140000,2000-02-25 00:00:00Z,CF14 1EQ,Detached,Established,Freehold,5,,SUNNYBANK CLOSE,,CARDIFF,CARDIFF,CARDIFF,Standard,Addition,51.5061630000,-3.2033500000
84000,2000-03-30 00:00:00Z,CF14 1EG,Semi-Detached,Established,Freehold,3,,CELTIC ROAD,,CARDIFF,CARDIFF,CARDIFF,Standard,Addition,51.5065460000,-3.2019770000
111000,2000-09-19 00:00:00Z,CF14 1EQ,Semi-Detached,Established,Freehold,8,,SUNNYBANK CLOSE,,CARDIFF,CARDIFF,CARDIFF,Standard,Addition,51.5061630000,-3.2033500000
90000,2000-06-02 00:00:00Z,CF14 1EL,Semi-Detached,Established,Freehold,36,,SILVER BIRCH CLOSE,,CARDIFF,CARDIFF,CARDIFF,Standard,Addition,51.5052930000,-3.2048690000
83000,2000-11-10 00:00:00Z,CF14 1EL,Semi-Detached,Established,Freehold,9,,SILVER BIRCH CLOSE,,CARDIFF,CARDIFF,CARDIFF,Standard,Addition,51.5052930000,-3.2048690000
82950,2000-07-07 00:00:00Z,CF14 1HY,Semi-Detached,Established,Freehold,74,,BIRCHWOOD GARDENS,,CARDIFF,CARDIFF,CARDIFF,Standard,Addition,51.5063850000,-3.2053880000
71950,2000-04-28 00:00:00Z,CF14 1EL,Semi-Detached,Established,Freehold,14,,SILVER BIRCH CLOSE,,CARDIFF,CARDIFF,CARDIFF,Standard,Addition,51.5052930000,-3.2048690000
129950,2000-02-18 00:00:00Z,CF14 1HB,Detached,Established,Freehold,8,,HEOL MADOC,,CARDIFF,CARDIFF,CARDIFF,Standard,Addition,51.5087660000,-3.2090960000
60000,2000-09-22 00:00:00Z,CF14 1BZ,Flats/Maisonettes,Established,Leasehold,BATON COURT,FLAT 5,THE PHILOG,,CARDIFF,CARDIFF,CARDIFF,Standard,Addition,51.5096440000,-3.2050270000
60000,2000-05-24 00:00:00Z,CF14 1EE,Flats/Maisonettes,Established,Leasehold,17,,RETFORD COURT,,CARDIFF,CARDIFF,CARDIFF,Standard,Addition,51.5098880000,-3.2092840000
66000,2000-05-24 00:00:00Z,CF14 1EE,Flats/Maisonettes,Established,Leasehold,13,,RETFORD COURT,,CARDIFF,CARDIFF,CARDIFF,Standard,Addition,51.5098880000,-3.2092840000
134000,2000-06-23 00:00:00Z,CF14 1EQ,Detached,Established,Freehold,25,,SUNNYBANK CLOSE,,CARDIFF,CARDIFF,CARDIFF,Standard,Addition,51.5061630000,-3.2033500000
54000,2000-03-03 00:00:00Z,CF14 3HW,Semi-Detached,Established,Freehold,46,,APPLEDORE ROAD,,CARDIFF,CARDIFF,CARDIFF,Standard,Addition,51.5043930000,-3.2040530000
119000,2000-06-07 00:00:00Z,CF14 1JW,Semi-Detached,Established,Freehold,80,,HEOL GABRIEL,,CARDIFF,CARDIFF,CARDIFF,Standard,Addition,51.5059340000,-3.2089920000
82500,2000-12-05 00:00:00Z,CF14 1HY,Semi-Detached,Established,Freehold,60,,BIRCHWOOD GARDENS,,CARDIFF,CARDIFF,CARDIFF,Standard,Addition,51.5063850000,-3.2053880000
50000,2000-05-11 00:00:00Z,CF14 2RZ,Terraced,Established,Freehold,19,,ABERTEIFI CLOSE,,CARDIFF,CARDIFF,CARDIFF,Standard,Addition,51.5028830000,-3.2074850000
115000,2000-12-29 00:00:00Z,CF14 1HQ,Terraced,Established,Freehold,3,,CRADOC ROAD,,CARDIFF,CARDIFF,CARDIFF,Standard,Addition,51.5086740000,-3.2075370000
84950,2000-10-27 00:00:00Z,CF14 1HZ,Semi-Detached,Established,Freehold,69,,BIRCHWOOD GARDENS,,CARDIFF,CARDIFF,CARDIFF,Standard,Addition,51.5061500000,-3.2047420000
44000,2000-03-24 00:00:00Z,CF14 1EB,Flats/Maisonettes,Established,Leasehold,110,,THE PHILOG,,CARDIFF,CARDIFF,CARDIFF,Standard,Addition,51.5092650000,-3.2060400000
79995,2000-10-05 00:00:00Z,CF14 1HY,Semi-Detached,Established,Freehold,54,,BIRCHWOOD GARDENS,,CARDIFF,CARDIFF,CARDIFF,Standard,Addition,51.5063850000,-3.2053880000
93500,2001-04-09 00:00:00Z,CF14 1JY,Semi-Detached,Established,Freehold,132,,HEOL GABRIEL,CARDIFF,CARDIFF,CARDIFF,CARDIFF,Standard,Addition,51.5070590000,-3.2054490000
110000,2001-11-02 00:00:00Z,CF14 1HG,Detached,Established,Freehold,37,,HEOL Y GORS,WHITCHURCH,CARDIFF,CARDIFF,CARDIFF,Standard,Addition,51.5078710000,-3.2086690000
95000,2001-11-16 00:00:00Z,CF14 1HZ,Semi-Detached,Established,Freehold,63,,BIRCHWOOD GARDENS,CARDIFF,CARDIFF,CARDIFF,CARDIFF,Standard,Addition,51.5061500000,-3.2047420000
71000,2001-05-25 00:00:00Z,CF14 1DX,Terraced,Established,Freehold,5,,THE PHILOG,CARDIFF,CARDIFF,CARDIFF,CARDIFF,Standard,Addition,51.5097230000,-3.2095540000
89950,2001-11-23 00:00:00Z,CF14 1HZ,Semi-Detached,Established,Freehold,65,,BIRCHWOOD GARDENS,CARDIFF,CARDIFF,CARDIFF,CARDIFF,Standard,Addition,51.5061500000,-3.2047420000
63000,2001-05-09 00:00:00Z,CF14 3HU,Semi-Detached,Established,Freehold,24,,APPLEDORE ROAD,CARDIFF,CARDIFF,CARDIFF,CARDIFF,Standard,Addition,51.5043530000,-3.2018470000
93000,2001-06-08 00:00:00Z,CF14 1EL,Semi-Detached,Established,Freehold,42,,SILVER BIRCH CLOSE,CARDIFF,CARDIFF,CARDIFF,CARDIFF,Standard,Addition,51.5052930000,-3.2048690000
130000,2001-10-26 00:00:00Z,CF14 1DY,Terraced,Established,Freehold,31,,THE PHILOG,CARDIFF,CARDIFF,CARDIFF,CARDIFF,Standard,Addition,51.5096890000,-3.2076510000
86950,2001-12-03 00:00:00Z,CF14 1EE,Flats/Maisonettes,Established,Leasehold,1,,RETFORD COURT,CARDIFF,CARDIFF,CARDIFF,CARDIFF,Standard,Addition,51.5098880000,-3.2092840000
135000,2001-11-23 00:00:00Z,CF14 1JW,Detached,Established,Freehold,92,,HEOL GABRIEL,CARDIFF,CARDIFF,CARDIFF,CARDIFF,Standard,Addition,51.5059340000,-3.2089920000
79000,2001-04-12 00:00:00Z,CF14 1EL,Semi-Detached,Established,Freehold,16,,SILVER BIRCH CLOSE,CARDIFF,CARDIFF,CARDIFF,CARDIFF,Standard,Addition,51.5052930000,-3.2048690000
124000,2001-04-20 00:00:00Z,CF14 1HZ,Detached,Established,Freehold,33,,BIRCHWOOD GARDENS,CARDIFF,CARDIFF,CARDIFF,CARDIFF,Standard,Addition,51.5061500000,-3.2047420000
108000,2001-01-26 00:00:00Z,CF14 1HQ,Semi-Detached,Established,Freehold,10,,CRADOC ROAD,CARDIFF,CARDIFF,CARDIFF,CARDIFF,Standard,Addition,51.5086740000,-3.2075370000
90000,2001-03-30 00:00:00Z,CF14 1EL,Semi-Detached,Established,Freehold,125,,SILVER BIRCH CLOSE,CARDIFF,CARDIFF,CARDIFF,CARDIFF,Standard,Addition,51.5052930000,-3.2048690000
37500,2001-04-09 00:00:00Z,CF14 1EG,Terraced,Established,Freehold,19,,CELTIC ROAD,CARDIFF,CARDIFF,CARDIFF,CARDIFF,Standard,Addition,51.5065460000,-3.2019770000
131000,2001-10-12 00:00:00Z,CF14 1HY,Detached,Established,Freehold,40,,BIRCHWOOD GARDENS,CARDIFF,CARDIFF,CARDIFF,CARDIFF,Standard,Addition,51.5063850000,-3.2053880000
85500,2001-05-22 00:00:00Z,CF14 1DL,Semi-Detached,Established,Freehold,190,,MERTHYR ROAD,WHITCHURCH,CARDIFF,CARDIFF,CARDIFF,Standard,Addition,51.5081680000,-3.2016300000
80000,2001-04-20 00:00:00Z,CF14 1EG,Terraced,Established,Freehold,22,,CELTIC ROAD,CARDIFF,CARDIFF,CARDIFF,CARDIFF,Standard,Addition,51.5065460000,-3.2019770000
95000,2001-09-14 00:00:00Z,CF14 1HT,Terraced,Established,Freehold,14,,VIOLET PLACE,CARDIFF,CARDIFF,CARDIFF,CARDIFF,Standard,Addition,51.5085520000,-3.2044790000
65500,2001-07-05 00:00:00Z,CF14 1DZ,Terraced,Established,Freehold,43,,THE PHILOG,CARDIFF,CARDIFF,CARDIFF,CARDIFF,Standard,Addition,51.5096350000,-3.2058330000
119500,2001-07-20 00:00:00Z,CF14 1HU,Semi-Detached,Established,Freehold,17,,TWYN Y FEDWEN ROAD,CARDIFF,CARDIFF,CARDIFF,CARDIFF,Standard,Addition,51.5077610000,-3.2027580000
138500,2001-04-12 00:00:00Z,CF14 1HU,Semi-Detached,Established,Freehold,26,,TWYN Y FEDWEN ROAD,CARDIFF,CARDIFF,CARDIFF,CARDIFF,Standard,Addition,51.5077610000,-3.2027580000
92000,2001-11-21 00:00:00Z,CF14 1EL,Semi-Detached,Established,Freehold,122,,SILVER BIRCH CLOSE,CARDIFF,CARDIFF,CARDIFF,CARDIFF,Standard,Addition,51.5052930000,-3.2048690000
72000,2001-11-16 00:00:00Z,CF14 2SR,Terraced,Established,Freehold,60,,ABERDORE ROAD,CARDIFF,CARDIFF,CARDIFF,CARDIFF,Standard,Addition,51.5021230000,-3.2097700000
67000,2001-02-02 00:00:00Z,CF14 3HT,Semi-Detached,Established,Freehold,4,,KEMYS PLACE,CARDIFF,CARDIFF,CARDIFF,CARDIFF,Standard,Addition,51.5042540000,-3.2056630000
116000,2001-12-07 00:00:00Z,CF14 1HN,Semi-Detached,Established,Freehold,30,,COURT ROAD,WHITCHURCH,CARDIFF,CARDIFF,CARDIFF,Standard,Addition,51.5067720000,-3.2096770000
52500,2001-06-18 00:00:00Z,CF14 3HQ,Semi-Detached,Established,Freehold,4,,GARTH PLACE,CARDIFF,CARDIFF,CARDIFF,CARDIFF,Standard,Addition,51.5038490000,-3.2028800000
64950,2001-08-29 00:00:00Z,CF14 2RX,Semi-Detached,Established,Freehold,61,,ABERPORTH ROAD,CARDIFF,CARDIFF,CARDIFF,CARDIFF,Standard,Addition,51.5024730000,-3.2097650000
136000,2001-07-23 00:00:00Z,CF14 4AA,Semi-Detached,Established,Freehold,12,,RICHS ROAD,CARDIFF,CARDIFF,CARDIFF,CARDIFF,Standard,Addition,51.5095940000,-3.2019850000
82000,2001-06-22 00:00:00Z,CF14 1EG,Semi-Detached,Established,Freehold,11,,CELTIC ROAD,CARDIFF,CARDIFF,CARDIFF,CARDIFF,Standard,Addition,51.5065460000,-3.2019770000
68000,2001-06-28 00:00:00Z,CF14 3HW,Semi-Detached,Established,Freehold,45,,APPLEDORE ROAD,CARDIFF,CARDIFF,CARDIFF,CARDIFF,Standard,Addition,51.5043930000,-3.2040530000
153000,2001-11-30 00:00:00Z,CF14 1EQ,Detached,Established,Freehold,48,,SUNNYBANK CLOSE,CARDIFF,CARDIFF,CARDIFF,CARDIFF,Standard,Addition,51.5061630000,-3.2033500000
125000,2001-10-04 00:00:00Z,CF14 1HQ,Semi-Detached,Established,Freehold,8,,CRADOC ROAD,CARDIFF,CARDIFF,CARDIFF,CARDIFF,Standard,Addition,51.5086740000,-3.2075370000
44000,2001-09-20 00:00:00Z,CF14 1HS,Terraced,Established,Freehold,2,,WAUNTREODA ROAD,CARDIFF,CARDIFF,CARDIFF,CARDIFF,Standard,Addition,51.5086690000,-3.2053470000
147000,2001-10-19 00:00:00Z,CF14 1HZ,Detached,Established,Freehold,29,,BIRCHWOOD GARDENS,CARDIFF,CARDIFF,CARDIFF,CARDIFF,Standard,Addition,51.5061500000,-3.2047420000
85500,2001-05-16 00:00:00Z,CF14 1HS,Terraced,Established,Freehold,20,,WAUNTREODA ROAD,CARDIFF,CARDIFF,CARDIFF,CARDIFF,Standard,Addition,51.5086690000,-3.2053470000
92500,2001-06-29 00:00:00Z,CF14 1DL,Terraced,Established,Freehold,174,,MERTHYR ROAD,WHITCHURCH,CARDIFF,CARDIFF,CARDIFF,Standard,Addition,51.5081680000,-3.2016300000
92000,2001-08-17 00:00:00Z,CF14 1EL,Semi-Detached,Established,Freehold,9,,SILVER BIRCH CLOSE,CARDIFF,CARDIFF,CARDIFF,CARDIFF,Standard,Addition,51.5052930000,-3.2048690000
49950,2001-01-26 00:00:00Z,CF14 3HW,Semi-Detached,Established,Freehold,76,,APPLEDORE ROAD,CARDIFF,CARDIFF,CARDIFF,CARDIFF,Standard,Addition,51.5043930000,-3.2040530000
76000,2001-09-14 00:00:00Z,CF14 2SE,Terraced,Established,Freehold,24,,WESTERN DRIVE,CARDIFF,CARDIFF,CARDIFF,CARDIFF,Standard,Addition,51.5010290000,-3.2076670000
89950,2001-12-07 00:00:00Z,CF14 1RG,Semi-Detached,Established,Freehold,26,,MANOR WAY,CARDIFF,CARDIFF,CARDIFF,CARDIFF,Standard,Addition,51.5097000000,-3.2030540000
84500,2001-05-31 00:00:00Z,CF14 1DZ,Terraced,Established,Freehold,61,,THE PHILOG,CARDIFF,CARDIFF,CARDIFF,CARDIFF,Standard,Addition,51.5096350000,-3.2058330000
82500,2001-03-07 00:00:00Z,CF14 1HZ,Semi-Detached,Established,Freehold,67,,BIRCHWOOD GARDENS,CARDIFF,CARDIFF,CARDIFF,CARDIFF,Standard,Addition,51.5061500000,-3.2047420000
41500,2001-12-18 00:00:00Z,CF14 1HT,Terraced,Established,Freehold,8,,VIOLET PLACE,CARDIFF,CARDIFF,CARDIFF,CARDIFF,Standard,Addition,51.5085520000,-3.2044790000
125000,2001-05-25 00:00:00Z,CF14 1EQ,Detached,Established,Freehold,6,,SUNNYBANK CLOSE,CARDIFF,CARDIFF,CARDIFF,CARDIFF,Standard,Addition,51.5061630000,-3.2033500000
134500,2001-08-20 00:00:00Z,CF14 1JW,Semi-Detached,Established,Freehold,86,,HEOL GABRIEL,CARDIFF,CARDIFF,CARDIFF,CARDIFF,Standard,Addition,51.5059340000,-3.2089920000
40000,2001-02-22 00:00:00Z,CF14 1RG,Semi-Detached,Established,Freehold,22,,MANOR WAY,CARDIFF,CARDIFF,CARDIFF,CARDIFF,Standard,Addition,51.5097000000,-3.2030540000
74000,2001-02-09 00:00:00Z,CF14 1HZ,Terraced,Established,Freehold,85,,BIRCHWOOD GARDENS,CARDIFF,CARDIFF,CARDIFF,CARDIFF,Standard,Addition,51.5061500000,-3.2047420000
110000,2001-11-02 00:00:00Z,CF14 1HG,Detached,Established,Leasehold,37,,HEOL Y GORS,WHITCHURCH,CARDIFF,CARDIFF,CARDIFF,Standard,Addition,51.5078710000,-3.2086690000
89000,2001-01-26 00:00:00Z,CF14 1HS,Terraced,Established,Freehold,25,,WAUNTREODA ROAD,CARDIFF,CARDIFF,CARDIFF,CARDIFF,Standard,Addition,51.5086690000,-3.2053470000
53000,2001-06-01 00:00:00Z,CF14 2RZ,Semi-Detached,Established,Freehold,4,,ABERTEIFI CLOSE,CARDIFF,CARDIFF,CARDIFF,CARDIFF,Standard,Addition,51.5028830000,-3.2074850000
92950,2001-04-06 00:00:00Z,CF14 1EL,Semi-Detached,Established,Freehold,8,,SILVER BIRCH CLOSE,CARDIFF,CARDIFF,CARDIFF,CARDIFF,Standard,Addition,51.5052930000,-3.2048690000
69950,2001-11-30 00:00:00Z,CF14 3HN,Semi-Detached,Established,Freehold,166,,MYNACHDY ROAD,CARDIFF,CARDIFF,CARDIFF,CARDIFF,Standard,Addition,51.5037330000,-3.2036410000
103000,2001-10-29 00:00:00Z,CF14 1EL,Semi-Detached,Established,Freehold,43,,SILVER BIRCH CLOSE,CARDIFF,CARDIFF,CARDIFF,CARDIFF,Standard,Addition,51.5052930000,-3.2048690000
87950,2001-06-15 00:00:00Z,CF14 1HS,Semi-Detached,Established,Freehold,23,,WAUNTREODA ROAD,CARDIFF,CARDIFF,CARDIFF,CARDIFF,Standard,Addition,51.5086690000,-3.2053470000
151000,2001-07-06 00:00:00Z,CF14 1EQ,Detached,Established,Freehold,50,,SUNNYBANK CLOSE,CARDIFF,CARDIFF,CARDIFF,CARDIFF,Standard,Addition,51.5061630000,-3.2033500000
123500,2001-06-29 00:00:00Z,CF14 4AJ,Terraced,Established,Freehold,2,,NORTON AVENUE,CARDIFF,CARDIFF,CARDIFF,CARDIFF,Standard,Addition,51.5095140000,-3.2010460000
70000,2001-12-04 00:00:00Z,CF14 1DZ,Flats/Maisonettes,Established,Leasehold,85,FLAT 2,THE PHILOG,CARDIFF,CARDIFF,CARDIFF,CARDIFF,Standard,Addition,51.5096350000,-3.2058330000
50000,2001-01-19 00:00:00Z,CF14 1EQ,Detached,Established,Freehold,50,,SUNNYBANK CLOSE,CARDIFF,CARDIFF,CARDIFF,CARDIFF,Standard,Addition,51.5061630000,-3.2033500000
72500,2001-11-23 00:00:00Z,CF14 3HS,Semi-Detached,Established,Freehold,24,,CEFN ROAD,CARDIFF,CARDIFF,CARDIFF,CARDIFF,Standard,Addition,51.5042910000,-3.2079260000
89000,2001-11-09 00:00:00Z,CF14 1DX,Terraced,Established,Freehold,3,,THE PHILOG,CARDIFF,CARDIFF,CARDIFF,CARDIFF,Standard,Addition,51.5097230000,-3.2095540000
87950,2001-07-13 00:00:00Z,CF14 1HZ,Semi-Detached,Established,Freehold,81,,BIRCHWOOD GARDENS,CARDIFF,CARDIFF,CARDIFF,CARDIFF,Standard,Addition,51.5061500000,-3.2047420000
153000,2001-07-12 00:00:00Z,CF14 1EQ,Detached,Established,Freehold,23,,SUNNYBANK CLOSE,CARDIFF,CARDIFF,CARDIFF,CARDIFF,Standard,Addition,51.5061630000,-3.2033500000
20000,2001-10-26 00:00:00Z,CF14 1HQ,Semi-Detached,Established,Freehold,1,,CRADOC ROAD,CARDIFF,CARDIFF,CARDIFF,CARDIFF,Standard,Addition,51.5086740000,-3.2075370000
79000,2001-07-27 00:00:00Z,CF14 1EE,Flats/Maisonettes,Established,Leasehold,9,,RETFORD COURT,CARDIFF,CARDIFF,CARDIFF,CARDIFF,Standard,Addition,51.5098880000,-3.2092840000
110000,2001-06-15 00:00:00Z,CF14 1HW,Semi-Detached,Established,Freehold,10,,LLWYN DERW ROAD,CARDIFF,CARDIFF,CARDIFF,CARDIFF,Standard,Addition,51.5073290000,-3.2018680000
66633,2001-08-03 00:00:00Z,CF14 2RW,Terraced,Established,Freehold,3,,ABERPORTH ROAD,CARDIFF,CARDIFF,CARDIFF,CARDIFF,Standard,Addition,51.5019940000,-3.2065110000
101000,2001-12-19 00:00:00Z,CF14 1ED,Terraced,Established,Freehold,146,,THE PHILOG,CARDIFF,CARDIFF,CARDIFF,CARDIFF,Standard,Addition,51.5090700000,-3.2040170000
41950,2001-07-20 00:00:00Z,CF14 3HN,Flats/Maisonettes,Established,Leasehold,160A,,MYNACHDY ROAD,CARDIFF,CARDIFF,CARDIFF,CARDIFF,Standard,Addition,51.5037330000,-3.2036410000
140000,2001-05-16 00:00:00Z,CF14 1JW,Semi-Detached,Established,Freehold,94,,HEOL GABRIEL,CARDIFF,CARDIFF,CARDIFF,CARDIFF,Standard,Addition,51.5059340000,-3.2089920000
116000,2002-08-02 00:00:00Z,CF14 4AA,Semi-Detached,Established,Freehold,34,,RICHS ROAD,CARDIFF,CARDIFF,CARDIFF,CARDIFF,Standard,Addition,51.5095940000,-3.2019850000
147500,2002-08-01 00:00:00Z,CF14 1HZ,Semi-Detached,Established,Freehold,43,,BIRCHWOOD GARDENS,CARDIFF,CARDIFF,CARDIFF,CARDIFF,Standard,Addition,51.5061500000,-3.2047420000
175000,2002-11-29 00:00:00Z,CF14 4AA,Terraced,Established,Freehold,29,,RICHS ROAD,CARDIFF,CARDIFF,CARDIFF,CARDIFF,Standard,Addition,51.5095940000,-3.2019850000
75000,2002-09-23 00:00:00Z,CF14 3HW,Semi-Detached,Established,Freehold,45,,APPLEDORE ROAD,CARDIFF,CARDIFF,CARDIFF,CARDIFF,Standard,Addition,51.5043930000,-3.2040530000
74000,2002-05-24 00:00:00Z,CF14 3HX,Semi-Detached,Established,Freehold,112,,APPLEDORE ROAD,CARDIFF,CARDIFF,CARDIFF,CARDIFF,Standard,Addition,51.5043960000,-3.2065230000
79500,2002-03-22 00:00:00Z,CF14 3HU,Semi-Detached,Established,Freehold,44,,APPLEDORE ROAD,CARDIFF,CARDIFF,CARDIFF,CARDIFF,Standard,Addition,51.5043530000,-3.2018470000
57000,2002-03-08 00:00:00Z,CF14 2RZ,Semi-Detached,New Build,Freehold,9,,ABERTEIFI CLOSE,CARDIFF,CARDIFF,CARDIFF,CARDIFF,Standard,Addition,51.5028830000,-3.2074850000
120000,2002-03-28 00:00:00Z,CF14 1HX,Semi-Detached,Established,Freehold,9,,KENFIG ROAD,CARDIFF,CARDIFF,CARDIFF,CARDIFF,Standard,Addition,51.5067910000,-3.2008310000
30000,2002-04-05 00:00:00Z,CF14 1EE,Flats/Maisonettes,Established,Leasehold,5,,RETFORD COURT,CARDIFF,CARDIFF,CARDIFF,CARDIFF,Standard,Addition,51.5098880000,-3.2092840000
66000,2002-04-12 00:00:00Z,CF14 3DY,Semi-Detached,Established,Freehold,125,,MYNACHDY ROAD,CARDIFF,CARDIFF,CARDIFF,CARDIFF,Standard,Addition,51.5017130000,-3.2014890000
89950,2002-04-15 00:00:00Z,CF14 1EG,Terraced,Established,Freehold,31,,CELTIC ROAD,CARDIFF,CARDIFF,CARDIFF,CARDIFF,Standard,Addition,51.5065460000,-3.2019770000
159950,2002-06-28 00:00:00Z,CF14 1HZ,Detached,Established,Freehold,53,,BIRCHWOOD GARDENS,CARDIFF,CARDIFF,CARDIFF,CARDIFF,Standard,Addition,51.5061500000,-3.2047420000
110000,2002-05-17 00:00:00Z,CF14 1HX,Semi-Detached,Established,Freehold,16,,KENFIG ROAD,CARDIFF,CARDIFF,CARDIFF,CARDIFF,Standard,Addition,51.5067910000,-3.2008310000
105000,2002-06-21 00:00:00Z,CF14 1HZ,Semi-Detached,Established,Freehold,19,,BIRCHWOOD GARDENS,CARDIFF,CARDIFF,CARDIFF,CARDIFF,Standard,Addition,51.5061500000,-3.2047420000
129000,2002-04-18 00:00:00Z,CF14 1EL,Detached,Established,Freehold,48,,SILVER BIRCH CLOSE,CARDIFF,CARDIFF,CARDIFF,CARDIFF,Standard,Addition,51.5052930000,-3.2048690000
153950,2002-12-05 00:00:00Z,CF14 4AA,Semi-Detached,Established,Freehold,17,,RICHS ROAD,CARDIFF,CARDIFF,CARDIFF,CARDIFF,Standard,Addition,51.5095940000,-3.2019850000
79950,2002-10-11 00:00:00Z,CF14 2SB,Semi-Detached,Established,Freehold,116,,WESTERN AVENUE NORTH,CARDIFF,CARDIFF,CARDIFF,CARDIFF,Standard,Addition,51.5008740000,-3.2070140000
195000,2002-09-27 00:00:00Z,CF14 1EQ,Detached,Established,Freehold,20,,SUNNYBANK CLOSE,CARDIFF,CARDIFF,CARDIFF,CARDIFF,Standard,Addition,51.5061630000,-3.2033500000
149950,2002-12-06 00:00:00Z,CF14 4AJ,Terraced,Established,Freehold,6,,NORTON AVENUE,CARDIFF,CARDIFF,CARDIFF,CARDIFF,Standard,Addition,51.5095140000,-3.2010460000
109950,2002-07-12 00:00:00Z,CF14 1HT,Terraced,Established,Freehold,2,,VIOLET PLACE,CARDIFF,CARDIFF,CARDIFF,CARDIFF,Standard,Addition,51.5085520000,-3.2044790000
69950,2002-07-05 00:00:00Z,CF14 1BZ,Flats/Maisonettes,Established,Leasehold,BATON COURT,FLAT 1,THE PHILOG,CARDIFF,CARDIFF,CARDIFF,CARDIFF,Standard,Addition,51.5096440000,-3.2050270000
115000,2002-07-30 00:00:00Z,CF14 1ED,Terraced,Established,Freehold,152,,THE PHILOG,CARDIFF,CARDIFF,CARDIFF,CARDIFF,Standard,Addition,51.5090700000,-3.2040170000
108600,2002-03-28 00:00:00Z,CF14 1DZ,Terraced,Established,Freehold,51,,THE PHILOG,CARDIFF,CARDIFF,CARDIFF,CARDIFF,Standard,Addition,51.5096350000,-3.2058330000
88500,2002-04-25 00:00:00Z,CF14 1HS,Terraced,Established,Freehold,13,,WAUNTREODA ROAD,CARDIFF,CARDIFF,CARDIFF,CARDIFF,Standard,Addition,51.5086690000,-3.2053470000
110000,2002-06-28 00:00:00Z,CF14 1HZ,Detached,Established,Freehold,23,,BIRCHWOOD GARDENS,CARDIFF,CARDIFF,CARDIFF,CARDIFF,Standard,Addition,51.5061500000,-3.2047420000
72500,2002-07-10 00:00:00Z,CF14 3EE,Semi-Detached,Established,Freehold,9,,PORTHKERRY PLACE,CARDIFF,CARDIFF,CARDIFF,CARDIFF,Standard,Addition,51.5026980000,-3.2010260000
133000,2002-12-20 00:00:00Z,CF14 1EL,Detached,Established,Freehold,121,,SILVER BIRCH CLOSE,CARDIFF,CARDIFF,CARDIFF,CARDIFF,Standard,Addition,51.5052930000,-3.2048690000
133000,2002-08-23 00:00:00Z,CF14 4AB,Semi-Detached,Established,Freehold,18,,LON Y GROES,CARDIFF,CARDIFF,CARDIFF,CARDIFF,Standard,Addition,51.5086260000,-3.2007920000
125000,2002-11-29 00:00:00Z,CF14 1ED,Terraced,Established,Freehold,136,,THE PHILOG,CARDIFF,CARDIFF,CARDIFF,CARDIFF,Standard,Addition,51.5090700000,-3.2040170000
115000,2002-01-04 00:00:00Z,CF14 1SD,Detached,Established,Freehold,2,,NANT Y FEDW,CARDIFF,CARDIFF,CARDIFF,CARDIFF,Standard,Addition,51.5093190000,-3.2024530000
136950,2002-05-24 00:00:00Z,CF14 1HU,Semi-Detached,Established,Freehold,7,,TWYN Y FEDWEN ROAD,CARDIFF,CARDIFF,CARDIFF,CARDIFF,Standard,Addition,51.5077610000,-3.2027580000
109000,2002-02-22 00:00:00Z,CF14 1HZ,Semi-Detached,Established,Freehold,105,,BIRCHWOOD GARDENS,CARDIFF,CARDIFF,CARDIFF,CARDIFF,Standard,Addition,51.5061500000,-3.2047420000
112000,2002-08-09 00:00:00Z,CF14 1HY,Semi-Detached,Established,Freehold,74,,BIRCHWOOD GARDENS,CARDIFF,CARDIFF,CARDIFF,CARDIFF,Standard,Addition,51.5063850000,-3.2053880000
37000,2002-12-20 00:00:00Z,CF14 1HS,Terraced,Established,Freehold,4,,WAUNTREODA ROAD,CARDIFF,CARDIFF,CARDIFF,CARDIFF,Standard,Addition,51.5086690000,-3.2053470000
121000,2002-10-14 00:00:00Z,CF14 1HT,Terraced,Established,Freehold,26,,VIOLET PLACE,CARDIFF,CARDIFF,CARDIFF,CARDIFF,Standard,Addition,51.5085520000,-3.2044790000
105000,2002-07-05 00:00:00Z,CF14 2SE,Semi-Detached,Established,Freehold,18,,WESTERN DRIVE,CARDIFF,CARDIFF,CARDIFF,CARDIFF,Standard,Addition,51.5010290000,-3.2076670000
96500,2002-11-01 00:00:00Z,CF14 1EE,Flats/Maisonettes,Established,Leasehold,RETFORD COURT,FLAT 12,THE PHILOG,CARDIFF,CARDIFF,CARDIFF,CARDIFF,Standard,Addition,51.5098880000,-3.2092840000
113500,2002-08-14 00:00:00Z,CF14 2SE,Semi-Detached,Established,Freehold,29,,WESTERN DRIVE,CARDIFF,CARDIFF,CARDIFF,CARDIFF,Standard,Addition,51.5010290000,-3.2076670000
162500,2002-08-30 00:00:00Z,CF14 1EL,Detached,Established,Freehold,27,,SILVER BIRCH CLOSE,CARDIFF,CARDIFF,CARDIFF,CARDIFF,Standard,Addition,51.5052930000,-3.2048690000
80000,2002-08-06 00:00:00Z,CF14 1ED,Terraced,Established,Freehold,128,,THE PHILOG,CARDIFF,CARDIFF,CARDIFF,CARDIFF,Standard,Addition,51.5090700000,-3.2040170000
115950,2002-11-22 00:00:00Z,CF14 1HY,Semi-Detached,Established,Freehold,50,,BIRCHWOOD GARDENS,CARDIFF,CARDIFF,CARDIFF,CARDIFF,Standard,Addition,51.5063850000,-3.2053880000
158000,2002-02-21 00:00:00Z,CF14 1HF,Detached,Established,Freehold,29,,HEOL Y GORS,WHITCHURCH,CARDIFF,CARDIFF,CARDIFF,Standard,Addition,51.5077960000,-3.2063180000
138000,2002-11-04 00:00:00Z,CF14 1SD,Detached,Established,Freehold,6,,NANT Y FEDW,CARDIFF,CARDIFF,CARDIFF,CARDIFF,Standard,Addition,51.5093190000,-3.2024530000
141500,2002-06-05 00:00:00Z,CF14 1HN,Semi-Detached,Established,Freehold,25,,COURT ROAD,WHITCHURCH,CARDIFF,CARDIFF,CARDIFF,Standard,Addition,51.5067720000,-3.2096770000
93950,2002-09-27 00:00:00Z,CF14 2SG,Terraced,Established,Freehold,21,,GABALFA AVENUE,CARDIFF,CARDIFF,CARDIFF,CARDIFF,Standard,Addition,51.5002100000,-3.2095470000
189995,2002-12-13 00:00:00Z,CF14 1EQ,Detached,Established,Freehold,33,,SUNNYBANK CLOSE,CARDIFF,CARDIFF,CARDIFF,CARDIFF,Standard,Addition,51.5061630000,-3.2033500000
89000,2002-06-07 00:00:00Z,CF14 1HZ,Semi-Detached,Established,Freehold,79,,BIRCHWOOD GARDENS,CARDIFF,CARDIFF,CARDIFF,CARDIFF,Standard,Addition,51.5061500000,-3.2047420000
147000,2002-12-13 00:00:00Z,CF14 1ED,Detached,Established,Freehold,132,,THE PHILOG,CARDIFF,CARDIFF,CARDIFF,CARDIFF,Standard,Addition,51.5090700000,-3.2040170000
112000,2002-10-11 00:00:00Z,CF14 1DZ,Terraced,Established,Freehold,67,,THE PHILOG,CARDIFF,CARDIFF,CARDIFF,CARDIFF,Standard,Addition,51.5096350000,-3.2058330000
118000,2002-04-19 00:00:00Z,CF14 1JR,Terraced,Established,Leasehold,8,,COURT CLOSE,CARDIFF,CARDIFF,CARDIFF,CARDIFF,Standard,Addition,51.5056770000,-3.2069250000
93000,2002-04-19 00:00:00Z,CF14 1HT,Terraced,Established,Freehold,4,,VIOLET PLACE,CARDIFF,CARDIFF,CARDIFF,CARDIFF,Standard,Addition,51.5085520000,-3.2044790000
122950,2002-05-31 00:00:00Z,CF14 1EL,Semi-Detached,Established,Freehold,45,,SILVER BIRCH CLOSE,CARDIFF,CARDIFF,CARDIFF,CARDIFF,Standard,Addition,51.5052930000,-3.2048690000
105000,2002-06-14 00:00:00Z,CF14 1DX,Semi-Detached,Established,Freehold,ST BRELADES,,THE PHILOG,CARDIFF,CARDIFF,CARDIFF,CARDIFF,Standard,Addition,51.5097230000,-3.2095540000
137000,2002-12-06 00:00:00Z,CF14 1HX,Semi-Detached,Established,Freehold,3,,KENFIG ROAD,CARDIFF,CARDIFF,CARDIFF,CARDIFF,Standard,Addition,51.5067910000,-3.2008310000
122500,2002-06-14 00:00:00Z,CF14 1HX,Semi-Detached,Established,Freehold,15,,KENFIG ROAD,CARDIFF,CARDIFF,CARDIFF,CARDIFF,Standard,Addition,51.5067910000,-3.2008310000
105000,2002-03-01 00:00:00Z,CF14 4AB,Semi-Detached,Established,Freehold,7,,LON Y GROES,CARDIFF,CARDIFF,CARDIFF,CARDIFF,Standard,Addition,51.5086260000,-3.2007920000
94000,2002-10-18 00:00:00Z,CF14 1DZ,Terraced,Established,Freehold,63,,THE PHILOG,CARDIFF,CARDIFF,CARDIFF,CARDIFF,Standard,Addition,51.5096350000,-3.2058330000
140000,2002-02-15 00:00:00Z,CF14 1JW,Semi-Detached,Established,Freehold,70,,HEOL GABRIEL,CARDIFF,CARDIFF,CARDIFF,CARDIFF,Standard,Addition,51.5059340000,-3.2089920000
80000,2002-12-12 00:00:00Z,CF14 3HJ,Semi-Detached,Established,Freehold,10,,PENNARD PLACE,CARDIFF,CARDIFF,CARDIFF,CARDIFF,Standard,Addition,51.5045480000,-3.2003540000
127000,2002-08-09 00:00:00Z,CF14 1SD,Detached,Established,Freehold,4,,NANT Y FEDW,CARDIFF,CARDIFF,CARDIFF,CARDIFF,Standard,Addition,51.5093190000,-3.2024530000
69950,2002-04-26 00:00:00Z,CF14 3DY,Semi-Detached,Established,Freehold,109,,MYNACHDY ROAD,CARDIFF,CARDIFF,CARDIFF,CARDIFF,Standard,Addition,51.5017130000,-3.2014890000
87950,2002-09-19 00:00:00Z,CF14 3HW,Semi-Detached,Established,Freehold,65,,APPLEDORE ROAD,CARDIFF,CARDIFF,CARDIFF,CARDIFF,Standard,Addition,51.5043930000,-3.2040530000
136000,2002-08-16 00:00:00Z,CF14 1JW,Semi-Detached,Established,Freehold,76,,HEOL GABRIEL,CARDIFF,CARDIFF,CARDIFF,CARDIFF,Standard,Addition,51.5059340000,-3.2089920000
31250,2002-03-21 00:00:00Z,CF14 1EB,Terraced,Established,Freehold,88,,THE PHILOG,CARDIFF,CARDIFF,CARDIFF,CARDIFF,Standard,Addition,51.5092650000,-3.2060400000
112000,2002-10-02 00:00:00Z,CF14 1HT,Semi-Detached,Established,Freehold,5,,VIOLET PLACE,CARDIFF,CARDIFF,CARDIFF,CARDIFF,Standard,Addition,51.5085520000,-3.2044790000
105000,2002-07-12 00:00:00Z,CF14 1HZ,Semi-Detached,Established,Freehold,93,,BIRCHWOOD GARDENS,CARDIFF,CARDIFF,CARDIFF,CARDIFF,Standard,Addition,51.5061500000,-3.2047420000
166000,2002-10-31 00:00:00Z,CF14 1HF,Terraced,Established,Freehold,30,,HEOL Y GORS,WHITCHURCH,CARDIFF,CARDIFF,CARDIFF,Standard,Addition,51.5077960000,-3.2063180000
46000,2002-03-19 00:00:00Z,CF14 1JY,Semi-Detached,Established,Freehold,140,,HEOL GABRIEL,CARDIFF,CARDIFF,CARDIFF,CARDIFF,Standard,Addition,51.5070590000,-3.2054490000
135000,2002-12-06 00:00:00Z,CF14 1DF,Terraced,Established,Freehold,HOLMDENE,,MERTHYR ROAD,WHITCHURCH,CARDIFF,CARDIFF,CARDIFF,Standard,Addition,51.5087940000,-3.2020300000
121000,2002-09-06 00:00:00Z,CF14 1HS,Terraced,Established,Freehold,26,,WAUNTREODA ROAD,CARDIFF,CARDIFF,CARDIFF,CARDIFF,Standard,Addition,51.5086690000,-3.2053470000
66000,2002-05-30 00:00:00Z,CF14 1EE,Flats/Maisonettes,Established,Leasehold,7,,RETFORD COURT,CARDIFF,CARDIFF,CARDIFF,CARDIFF,Standard,Addition,51.5098880000,-3.2092840000
68000,2002-03-28 00:00:00Z,CF14 3HN,Terraced,Established,Freehold,158,,MYNACHDY ROAD,CARDIFF,CARDIFF,CARDIFF,CARDIFF,Standard,Addition,51.5037330000,-3.2036410000
127500,2002-01-24 00:00:00Z,CF14 1HB,Detached,Established,Freehold,11,,HEOL MADOC,CARDIFF,CARDIFF,CARDIFF,CARDIFF,Standard,Addition,51.5087660000,-3.2090960000
158000,2002-05-31 00:00:00Z,CF14 1EQ,Detached,Established,Freehold,9,,SUNNYBANK CLOSE,CARDIFF,CARDIFF,CARDIFF,CARDIFF,Standard,Addition,51.5061630000,-3.2033500000
130000,2002-02-08 00:00:00Z,CF14 1HN,Semi-Detached,Established,Freehold,33,,COURT ROAD,WHITCHURCH,CARDIFF,CARDIFF,CARDIFF,Standard,Addition,51.5067720000,-3.2096770000
84000,2002-12-13 00:00:00Z,CF14 1EF,Detached,Established,Leasehold,12,,PHILOG COURT,CARDIFF,CARDIFF,CARDIFF,CARDIFF,Standard,Addition,51.5097230000,-3.2069020000
76250,2002-03-15 00:00:00Z,CF14 3HL,Semi-Detached,Established,Freehold,195,,MYNACHDY ROAD,CARDIFF,CARDIFF,CARDIFF,CARDIFF,Standard,Addition,51.5036900000,-3.2051580000
134950,2002-08-12 00:00:00Z,CF14 1EB,Terraced,Established,Freehold,84,,THE PHILOG,CARDIFF,CARDIFF,CARDIFF,CARDIFF,Standard,Addition,51.5092650000,-3.2060400000
106500,2002-07-12 00:00:00Z,CF14 1HZ,Semi-Detached,Established,Freehold,95,,BIRCHWOOD GARDENS,CARDIFF,CARDIFF,CARDIFF,CARDIFF,Standard,Addition,51.5061500000,-3.2047420000
133000,2002-05-31 00:00:00Z,CF14 1HU,Semi-Detached,Established,Freehold,3,,TWYN Y FEDWEN ROAD,CARDIFF,CARDIFF,CARDIFF,CARDIFF,Standard,Addition,51.5077610000,-3.2027580000
99500,2002-08-12 00:00:00Z,CF14 1HZ,Terraced,Established,Freehold,91,,BIRCHWOOD GARDENS,CARDIFF,CARDIFF,CARDIFF,CARDIFF,Standard,Addition,51.5061500000,-3.2047420000
78000,2002-05-20 00:00:00Z,CF14 2RW,Semi-Detached,Established,Freehold,32,,ABERPORTH ROAD,CARDIFF,CARDIFF,CARDIFF,CARDIFF,Standard,Addition,51.5019940000,-3.2065110000
80000,2002-04-05 00:00:00Z,CF14 1DX,Terraced,Established,Freehold,1,,THE PHILOG,CARDIFF,CARDIFF,CARDIFF,CARDIFF,Standard,Addition,51.5097230000,-3.2095540000
139500,2002-11-29 00:00:00Z,CF14 4AB,Semi-Detached,Established,Freehold,12,,LON Y GROES,CARDIFF,CARDIFF,CARDIFF,CARDIFF,Standard,Addition,51.5086260000,-3.2007920000
133000,2002-06-14 00:00:00Z,CF14 4AB,Semi-Detached,Established,Freehold,6,,LON Y GROES,CARDIFF,CARDIFF,CARDIFF,CARDIFF,Standard,Addition,51.5086260000,-3.2007920000
115000,2002-11-29 00:00:00Z,CF14 1HT,Terraced,Established,Freehold,21,,VIOLET PLACE,CARDIFF,CARDIFF,CARDIFF,CARDIFF,Standard,Addition,51.5085520000,-3.2044790000
165000,2002-12-06 00:00:00Z,CF14 1HQ,Terraced,Established,Freehold,3,,CRADOC ROAD,CARDIFF,CARDIFF,CARDIFF,CARDIFF,Standard,Addition,51.5086740000,-3.2075370000
154950,2002-11-08 00:00:00Z,CF14 1JW,Semi-Detached,Established,Freehold,59,,HEOL GABRIEL,CARDIFF,CARDIFF,CARDIFF,CARDIFF,Standard,Addition,51.5059340000,-3.2089920000
107000,2003-08-22 00:00:00Z,CF14 1HW,Semi-Detached,Established,Freehold,10,,LLWYN DERW ROAD,CARDIFF,CARDIFF,CARDIFF,CARDIFF,Standard,Addition,51.5073290000,-3.2018680000
121500,2003-10-31 00:00:00Z,CF14 3HS,Semi-Detached,Established,Freehold,5,,CEFN ROAD,CARDIFF,CARDIFF,CARDIFF,CARDIFF,Standard,Addition,51.5042910000,-3.2079260000
105000,2003-10-15 00:00:00Z,CF14 3EB,Semi-Detached,Established,Freehold,126,,MYNACHDY ROAD,CARDIFF,CARDIFF,CARDIFF,CARDIFF,Standard,Addition,51.5018970000,-3.2010620000
97000,2003-06-18 00:00:00Z,CF14 3EB,Terraced,Established,Freehold,102,,MYNACHDY ROAD,CARDIFF,CARDIFF,CARDIFF,CARDIFF,Standard,Addition,51.5018970000,-3.2010620000
125000,2003-02-14 00:00:00Z,CF14 1DX,Terraced,Established,Freehold,3,,THE PHILOG,CARDIFF,CARDIFF,CARDIFF,CARDIFF,Standard,Addition,51.5097230000,-3.2095540000
107000,2003-09-05 00:00:00Z,CF14 3HL,Semi-Detached,Established,Freehold,195,,MYNACHDY ROAD,CARDIFF,CARDIFF,CARDIFF,CARDIFF,Standard,Addition,51.5036900000,-3.2051580000
120000,2003-10-29 00:00:00Z,CF14 1HS,Terraced,Established,Freehold,22,,WAUNTREODA ROAD,CARDIFF,CARDIFF,CARDIFF,CARDIFF,Standard,Addition,51.5086690000,-3.2053470000
115000,2003-02-07 00:00:00Z,CF14 1HY,Semi-Detached,Established,Freehold,62,,BIRCHWOOD GARDENS,CARDIFF,CARDIFF,CARDIFF,CARDIFF,Standard,Addition,51.5063850000,-3.2053880000
139950,2003-11-14 00:00:00Z,CF14 2SE,Semi-Detached,Established,Freehold,29,,WESTERN DRIVE,CARDIFF,CARDIFF,CARDIFF,CARDIFF,Standard,Addition,51.5010290000,-3.2076670000
116000,2003-12-19 00:00:00Z,CF14 1EE,Flats/Maisonettes,Established,Leasehold,21,,RETFORD COURT,CARDIFF,CARDIFF,CARDIFF,CARDIFF,Standard,Addition,51.5098880000,-3.2092840000
173000,2003-12-18 00:00:00Z,CF14 1HZ,Semi-Detached,Established,Freehold,3,,BIRCHWOOD GARDENS,CARDIFF,CARDIFF,CARDIFF,CARDIFF,Standard,Addition,51.5061500000,-3.2047420000
86000,2003-06-06 00:00:00Z,CF14 3HL,Terraced,Established,Freehold,204,,MYNACHDY ROAD,CARDIFF,CARDIFF,CARDIFF,CARDIFF,Standard,Addition,51.5036900000,-3.2051580000
35000,2003-10-08 00:00:00Z,CF14 3HU,Semi-Detached,Established,Freehold,30,,APPLEDORE ROAD,CARDIFF,CARDIFF,CARDIFF,CARDIFF,Standard,Addition,51.5043530000,-3.2018470000
85000,2003-04-25 00:00:00Z,CF14 3HQ,Terraced,Established,Freehold,7,,GARTH PLACE,CARDIFF,CARDIFF,CARDIFF,CARDIFF,Standard,Addition,51.5038490000,-3.2028800000
129950,2003-12-19 00:00:00Z,CF14 1EL,Terraced,Established,Freehold,51,,SILVER BIRCH CLOSE,CARDIFF,CARDIFF,CARDIFF,CARDIFF,Standard,Addition,51.5052930000,-3.2048690000
96000,2003-02-28 00:00:00Z,CF14 2SG,Terraced,Established,Freehold,17,,GABALFA AVENUE,CARDIFF,CARDIFF,CARDIFF,CARDIFF,Standard,Addition,51.5002100000,-3.2095470000
86750,2003-09-05 00:00:00Z,CF14 1EF,Flats/Maisonettes,Established,Leasehold,PHILOG COURT,FLAT 1,THE PHILOG,CARDIFF,CARDIFF,CARDIFF,CARDIFF,Standard,Addition,51.5097230000,-3.2069020000
148500,2003-07-04 00:00:00Z,CF14 1HT,Terraced,Established,Freehold,1,,VIOLET PLACE,CARDIFF,CARDIFF,CARDIFF,CARDIFF,Standard,Addition,51.5085520000,-3.2044790000
153750,2003-01-31 00:00:00Z,CF14 4AJ,Terraced,Established,Freehold,46,,NORTON AVENUE,CARDIFF,CARDIFF,CARDIFF,CARDIFF,Standard,Addition,51.5095140000,-3.2010460000
118000,2003-04-04 00:00:00Z,CF14 2SE,Terraced,Established,Freehold,27,,WESTERN DRIVE,CARDIFF,CARDIFF,CARDIFF,CARDIFF,Standard,Addition,51.5010290000,-3.2076670000
125000,2003-03-28 00:00:00Z,CF14 1DL,Terraced,Established,Freehold,178,,MERTHYR ROAD,WHITCHURCH,CARDIFF,CARDIFF,CARDIFF,Standard,Addition,51.5081680000,-3.2016300000
88500,2003-03-03 00:00:00Z,CF14 2SR,Terraced,Established,Freehold,22,,ABERDORE ROAD,CARDIFF,CARDIFF,CARDIFF,CARDIFF,Standard,Addition,51.5021230000,-3.2097700000
168000,2003-08-01 00:00:00Z,CF14 1DY,Terraced,Established,Freehold,25,,THE PHILOG,CARDIFF,CARDIFF,CARDIFF,CARDIFF,Standard,Addition,51.5096890000,-3.2076510000
173000,2003-07-28 00:00:00Z,CF14 1HN,Semi-Detached,Established,Freehold,7,,COURT ROAD,WHITCHURCH,CARDIFF,CARDIFF,CARDIFF,Standard,Addition,51.5067720000,-3.2096770000
285000,2003-11-21 00:00:00Z,CF14 1EQ,Detached,Established,Freehold,40,,SUNNYBANK CLOSE,CARDIFF,CARDIFF,CARDIFF,CARDIFF,Standard,Addition,51.5061630000,-3.2033500000
142000,2003-06-06 00:00:00Z,CF14 1HT,Terraced,Established,Freehold,20,,VIOLET PLACE,CARDIFF,CARDIFF,CARDIFF,CARDIFF,Standard,Addition,51.5085520000,-3.2044790000
120000,2003-04-11 00:00:00Z,CF14 1DZ,Flats/Maisonettes,Established,Leasehold,85,FLAT 1,THE PHILOG,CARDIFF,CARDIFF,CARDIFF,CARDIFF,Standard,Addition,51.5096350000,-3.2058330000
152500,2003-08-08 00:00:00Z,CF14 1HY,Detached,Established,Freehold,30,,BIRCHWOOD GARDENS,CARDIFF,CARDIFF,CARDIFF,CARDIFF,Standard,Addition,51.5063850000,-3.2053880000
124950,2003-11-18 00:00:00Z,CF14 1EE,Flats/Maisonettes,Established,Leasehold,16,,RETFORD COURT,CARDIFF,CARDIFF,CARDIFF,CARDIFF,Standard,Addition,51.5098880000,-3.2092840000
178000,2003-08-27 00:00:00Z,CF14 1HB,Terraced,Established,Freehold,9,,HEOL MADOC,CARDIFF,CARDIFF,CARDIFF,CARDIFF,Standard,Addition,51.5087660000,-3.2090960000
122000,2003-02-07 00:00:00Z,CF14 1HS,Semi-Detached,Established,Freehold,23,,WAUNTREODA ROAD,CARDIFF,CARDIFF,CARDIFF,CARDIFF,Standard,Addition,51.5086690000,-3.2053470000
148000,2003-11-07 00:00:00Z,CF14 1EB,Terraced,Established,Freehold,74,,THE PHILOG,CARDIFF,CARDIFF,CARDIFF,CARDIFF,Standard,Addition,51.5092650000,-3.2060400000
100000,2003-04-11 00:00:00Z,CF14 2SB,Terraced,Established,Freehold,104,,WESTERN AVENUE NORTH,CARDIFF,CARDIFF,CARDIFF,CARDIFF,Standard,Addition,51.5008740000,-3.2070140000
190000,2003-12-12 00:00:00Z,CF14 1HF,Detached,Established,Freehold,35,,HEOL Y GORS,WHITCHURCH,CARDIFF,CARDIFF,CARDIFF,Standard,Addition,51.5077960000,-3.2063180000
77000,2003-01-31 00:00:00Z,CF14 2RZ,Semi-Detached,Established,Freehold,13,,ABERTEIFI CLOSE,CARDIFF,CARDIFF,CARDIFF,CARDIFF,Standard,Addition,51.5028830000,-3.2074850000
130000,2003-12-19 00:00:00Z,CF14 1HY,Terraced,Established,Freehold,66,,BIRCHWOOD GARDENS,CARDIFF,CARDIFF,CARDIFF,CARDIFF,Standard,Addition,51.5063850000,-3.2053880000
159950,2003-07-29 00:00:00Z,CF14 1EB,Terraced,Established,Freehold,84,,THE PHILOG,CARDIFF,CARDIFF,CARDIFF,CARDIFF,Standard,Addition,51.5092650000,-3.2060400000
233000,2003-10-17 00:00:00Z,CF14 1EQ,Detached,Established,Freehold,38,,SUNNYBANK CLOSE,CARDIFF,CARDIFF,CARDIFF,CARDIFF,Standard,Addition,51.5061630000,-3.2033500000
100000,2003-10-17 00:00:00Z,CF14 1DZ,Flats/Maisonettes,Established,Leasehold,85,FLAT 2,THE PHILOG,CARDIFF,CARDIFF,CARDIFF,CARDIFF,Standard,Addition,51.5096350000,-3.2058330000
145000,2003-09-05 00:00:00Z,CF14 1HX,Semi-Detached,Established,Freehold,10,,KENFIG ROAD,CARDIFF,CARDIFF,CARDIFF,CARDIFF,Standard,Addition,51.5067910000,-3.2008310000
160000,2003-10-17 00:00:00Z,CF14 1DZ,Terraced,Established,Freehold,51,,THE PHILOG,CARDIFF,CARDIFF,CARDIFF,CARDIFF,Standard,Addition,51.5096350000,-3.2058330000
167000,2003-06-27 00:00:00Z,CF14 1HP,Semi-Detached,Established,Freehold,5,,MAELOG ROAD,CARDIFF,CARDIFF,CARDIFF,CARDIFF,Standard,Addition,51.5087130000,-3.2080570000
245000,2003-08-18 00:00:00Z,CF14 1EQ,Detached,Established,Freehold,27,,SUNNYBANK CLOSE,CARDIFF,CARDIFF,CARDIFF,CARDIFF,Standard,Addition,51.5061630000,-3.2033500000
127500,2003-06-06 00:00:00Z,CF14 1HZ,Semi-Detached,Established,Freehold,111,,BIRCHWOOD GARDENS,CARDIFF,CARDIFF,CARDIFF,CARDIFF,Standard,Addition,51.5061500000,-3.2047420000
250000,2003-08-01 00:00:00Z,CF14 1EA,Detached,Established,Freehold,34,,THE PHILOG,CARDIFF,CARDIFF,CARDIFF,CARDIFF,Standard,Addition,51.5093780000,-3.2081040000
145500,2003-06-27 00:00:00Z,CF14 1EL,Semi-Detached,Established,Freehold,134,,SILVER BIRCH CLOSE,CARDIFF,CARDIFF,CARDIFF,CARDIFF,Standard,Addition,51.5052930000,-3.2048690000
165000,2003-10-03 00:00:00Z,CF14 1EL,Semi-Detached,Established,Freehold,46,,SILVER BIRCH CLOSE,CARDIFF,CARDIFF,CARDIFF,CARDIFF,Standard,Addition,51.5052930000,-3.2048690000
125000,2003-01-30 00:00:00Z,CF14 1DZ,Terraced,Established,Freehold,75,,THE PHILOG,CARDIFF,CARDIFF,CARDIFF,CARDIFF,Standard,Addition,51.5096350000,-3.2058330000
92500,2003-02-14 00:00:00Z,CF14 2SR,Terraced,Established,Freehold,62,,ABERDORE ROAD,CARDIFF,CARDIFF,CARDIFF,CARDIFF,Standard,Addition,51.5021230000,-3.2097700000
172000,2003-03-14 00:00:00Z,CF14 1ED,Terraced,Established,Freehold,134D,,THE PHILOG,CARDIFF,CARDIFF,CARDIFF,CARDIFF,Standard,Addition,51.5090700000,-3.2040170000
153000,2003-12-12 00:00:00Z,CF14 1HX,Semi-Detached,Established,Freehold,5,,KENFIG ROAD,CARDIFF,CARDIFF,CARDIFF,CARDIFF,Standard,Addition,51.5067910000,-3.2008310000
83000,2003-02-19 00:00:00Z,CF14 3HS,Semi-Detached,Established,Freehold,8,,CEFN ROAD,CARDIFF,CARDIFF,CARDIFF,CARDIFF,Standard,Addition,51.5042910000,-3.2079260000
88000,2003-07-04 00:00:00Z,CF14 1BZ,Flats/Maisonettes,Established,Leasehold,BATON COURT,FLAT 8,THE PHILOG,CARDIFF,CARDIFF,CARDIFF,CARDIFF,Standard,Addition,51.5096440000,-3.2050270000
74000,2003-09-05 00:00:00Z,CF14 1EL,Detached,Established,Freehold,39,,SILVER BIRCH CLOSE,CARDIFF,CARDIFF,CARDIFF,CARDIFF,Standard,Addition,51.5052930000,-3.2048690000
158000,2003-08-08 00:00:00Z,CF14 1RG,Semi-Detached,Established,Freehold,24,,MANOR WAY,CARDIFF,CARDIFF,CARDIFF,CARDIFF,Standard,Addition,51.5097000000,-3.2030540000
138500,2003-09-19 00:00:00Z,CF14 1HS,Terraced,Established,Freehold,17,,WAUNTREODA ROAD,CARDIFF,CARDIFF,CARDIFF,CARDIFF,Standard,Addition,51.5086690000,-3.2053470000
86000,2003-02-03 00:00:00Z,CF14 2RX,Terraced,Established,Freehold,63,,ABERPORTH ROAD,CARDIFF,CARDIFF,CARDIFF,CARDIFF,Standard,Addition,51.5024730000,-3.2097650000
123000,2003-01-17 00:00:00Z,CF14 1HS,Terraced,Established,Freehold,27,,WAUNTREODA ROAD,CARDIFF,CARDIFF,CARDIFF,CARDIFF,Standard,Addition,51.5086690000,-3.2053470000
55000,2003-12-05 00:00:00Z,CF14 1BZ,Flats/Maisonettes,Established,Leasehold,BATON COURT,FLAT 3,THE PHILOG,CARDIFF,CARDIFF,CARDIFF,CARDIFF,Standard,Addition,51.5096440000,-3.2050270000
118000,2003-04-17 00:00:00Z,CF14 1DX,Terraced,Established,Freehold,1,,THE PHILOG,CARDIFF,CARDIFF,CARDIFF,CARDIFF,Standard,Addition,51.5097230000,-3.2095540000
118000,2004-04-06 00:00:00Z,CF14 3HW,Semi-Detached,Established,Freehold,50,,APPLEDORE ROAD,CARDIFF,CARDIFF,CARDIFF,CARDIFF,Standard,Addition,51.5043930000,-3.2040530000
209500,2004-09-30 00:00:00Z,CF14 1HU,Semi-Detached,Established,Freehold,18,,TWYN Y FEDWEN ROAD,CARDIFF,CARDIFF,CARDIFF,CARDIFF,Standard,Addition,51.5077610000,-3.2027580000
100000,2004-10-15 00:00:00Z,CF14 3HU,Semi-Detached,Established,Freehold,13,,APPLEDORE ROAD,CARDIFF,CARDIFF,CARDIFF,CARDIFF,Standard,Addition,51.5043530000,-3.2018470000
175000,2004-02-20 00:00:00Z,CF14 1HF,Detached,Established,Freehold,28,,HEOL Y GORS,WHITCHURCH,CARDIFF,CARDIFF,CARDIFF,Standard,Addition,51.5077960000,-3.2063180000
155000,2004-08-27 00:00:00Z,CF14 1RA,Semi-Detached,Established,Freehold,7,,MANOR WAY,CARDIFF,CARDIFF,CARDIFF,CARDIFF,Standard,Addition,51.5095310000,-3.2037410000
220000,2004-10-08 00:00:00Z,CF14 1HN,Semi-Detached,Established,Freehold,21,,COURT ROAD,WHITCHURCH,CARDIFF,CARDIFF,CARDIFF,Standard,Addition,51.5067720000,-3.2096770000
139000,2004-04-02 00:00:00Z,CF14 1HT,Terraced,Established,Freehold,10,,VIOLET PLACE,CARDIFF,CARDIFF,CARDIFF,CARDIFF,Standard,Addition,51.5085520000,-3.2044790000
242000,2004-04-26 00:00:00Z,CF14 1EQ,Detached,Established,Freehold,7,,SUNNYBANK CLOSE,CARDIFF,CARDIFF,CARDIFF,CARDIFF,Standard,Addition,51.5061630000,-3.2033500000
173000,2004-03-05 00:00:00Z,CF14 4AA,Semi-Detached,Established,Freehold,32,,RICHS ROAD,CARDIFF,CARDIFF,CARDIFF,CARDIFF,Standard,Addition,51.5095940000,-3.2019850000
175000,2004-07-16 00:00:00Z,CF14 1HX,Semi-Detached,Established,Freehold,14,,KENFIG ROAD,CARDIFF,CARDIFF,CARDIFF,CARDIFF,Standard,Addition,51.5067910000,-3.2008310000
125000,2004-02-09 00:00:00Z,CF14 2RW,Terraced,Established,Freehold,3,,ABERPORTH ROAD,CARDIFF,CARDIFF,CARDIFF,CARDIFF,Standard,Addition,51.5019940000,-3.2065110000
40500,2004-03-04 00:00:00Z,CF14 1JR,Terraced,Established,Freehold,8,,COURT CLOSE,CARDIFF,CARDIFF,CARDIFF,CARDIFF,Standard,Addition,51.5056770000,-3.2069250000
197000,2004-07-02 00:00:00Z,CF14 4AJ,Terraced,Established,Freehold,2,,NORTON AVENUE,CARDIFF,CARDIFF,CARDIFF,CARDIFF,Standard,Addition,51.5095140000,-3.2010460000
193500,2004-06-04 00:00:00Z,CF14 1HB,Semi-Detached,Established,Freehold,16,,HEOL MADOC,CARDIFF,CARDIFF,CARDIFF,CARDIFF,Standard,Addition,51.5087660000,-3.2090960000
158000,2004-07-09 00:00:00Z,CF14 1HS,Terraced,Established,Freehold,36,,WAUNTREODA ROAD,CARDIFF,CARDIFF,CARDIFF,CARDIFF,Standard,Addition,51.5086690000,-3.2053470000
187000,2004-09-23 00:00:00Z,CF14 4AA,Semi-Detached,Established,Freehold,36,,RICHS ROAD,CARDIFF,CARDIFF,CARDIFF,CARDIFF,Standard,Addition,51.5095940000,-3.2019850000
122500,2004-06-11 00:00:00Z,CF14 2SE,Semi-Detached,Established,Freehold,1,,WESTERN DRIVE,CARDIFF,CARDIFF,CARDIFF,CARDIFF,Standard,Addition,51.5010290000,-3.2076670000
100000,2004-01-16 00:00:00Z,CF14 1HU,Semi-Detached,Established,Freehold,26,,TWYN Y FEDWEN ROAD,CARDIFF,CARDIFF,CARDIFF,CARDIFF,Standard,Addition,51.5077610000,-3.2027580000
118000,2004-06-30 00:00:00Z,CF14 2RZ,Semi-Detached,Established,Freehold,6,,ABERTEIFI CLOSE,CARDIFF,CARDIFF,CARDIFF,CARDIFF,Standard,Addition,51.5028830000,-3.2074850000
100000,2004-03-05 00:00:00Z,CF14 4AA,Semi-Detached,Established,Freehold,44,,RICHS ROAD,CARDIFF,CARDIFF,CARDIFF,CARDIFF,Standard,Addition,51.5095940000,-3.2019850000
142000,2004-09-06 00:00:00Z,CF14 2RW,Terraced,Established,Freehold,16,,ABERPORTH ROAD,CARDIFF,CARDIFF,CARDIFF,CARDIFF,Standard,Addition,51.5019940000,-3.2065110000
60000,2004-06-04 00:00:00Z,CF14 1DZ,Terraced,Established,Freehold,"WHIRLYGIG COTTAGE, 57",,THE PHILOG,CARDIFF,CARDIFF,CARDIFF,CARDIFF,Standard,Addition,51.5096350000,-3.2058330000
175000,2004-05-07 00:00:00Z,CF14 4AB,Detached,Established,Freehold,22,,LON Y GROES,CARDIFF,CARDIFF,CARDIFF,CARDIFF,Standard,Addition,51.5086260000,-3.2007920000
143000,2004-12-10 00:00:00Z,CF14 3EB,Terraced,Established,Freehold,102,,MYNACHDY ROAD,CARDIFF,CARDIFF,CARDIFF,CARDIFF,Standard,Addition,51.5018970000,-3.2010620000
250000,2004-08-16 00:00:00Z,CF14 1EL,Detached,Established,Freehold,27,,SILVER BIRCH CLOSE,CARDIFF,CARDIFF,CARDIFF,CARDIFF,Standard,Addition,51.5052930000,-3.2048690000
196200,2004-05-27 00:00:00Z,CF14 1DX,Semi-Detached,Established,Freehold,ROYBER,,THE PHILOG,CARDIFF,CARDIFF,CARDIFF,CARDIFF,Standard,Addition,51.5097230000,-3.2095540000
184950,2004-06-23 00:00:00Z,CF14 1RA,Semi-Detached,Established,Freehold,11,,MANOR WAY,CARDIFF,CARDIFF,CARDIFF,CARDIFF,Standard,Addition,51.5095310000,-3.2037410000
140000,2004-06-28 00:00:00Z,CF14 1DZ,Terraced,Established,Freehold,69,,THE PHILOG,CARDIFF,CARDIFF,CARDIFF,CARDIFF,Standard,Addition,51.5096350000,-3.2058330000
154950,2004-08-02 00:00:00Z,CF14 1HZ,Semi-Detached,Established,Freehold,9,,BIRCHWOOD GARDENS,CARDIFF,CARDIFF,CARDIFF,CARDIFF,Standard,Addition,51.5061500000,-3.2047420000
197000,2004-08-27 00:00:00Z,CF14 1HG,Semi-Detached,Established,Freehold,53,,HEOL Y GORS,WHITCHURCH,CARDIFF,CARDIFF,CARDIFF,Standard,Addition,51.5078710000,-3.2086690000
126000,2004-08-25 00:00:00Z,CF14 2SR,Terraced,Established,Freehold,54,,ABERDORE ROAD,CARDIFF,CARDIFF,CARDIFF,CARDIFF,Standard,Addition,51.5021230000,-3.2097700000
180000,2004-08-03 00:00:00Z,CF14 1HU,Semi-Detached,Established,Freehold,34,,TWYN Y FEDWEN ROAD,CARDIFF,CARDIFF,CARDIFF,CARDIFF,Standard,Addition,51.5077610000,-3.2027580000
182950,2004-10-01 00:00:00Z,CF14 1HS,Terraced,Established,Freehold,9,,WAUNTREODA ROAD,CARDIFF,CARDIFF,CARDIFF,CARDIFF,Standard,Addition,51.5086690000,-3.2053470000
200000,2004-08-06 00:00:00Z,CF14 4AB,Semi-Detached,Established,Freehold,16,,LON Y GROES,CARDIFF,CARDIFF,CARDIFF,CARDIFF,Standard,Addition,51.5086260000,-3.2007920000
125000,2004-05-14 00:00:00Z,CF14 2SG,Terraced,Established,Freehold,3,,GABALFA AVENUE,CARDIFF,CARDIFF,CARDIFF,CARDIFF,Standard,Addition,51.5002100000,-3.2095470000
226000,2004-01-30 00:00:00Z,CF14 1EQ,Detached,Established,Freehold,34,,SUNNYBANK CLOSE,CARDIFF,CARDIFF,CARDIFF,CARDIFF,Standard,Addition,51.5061630000,-3.2033500000
170000,2004-12-17 00:00:00Z,CF14 1DL,Semi-Detached,Established,Freehold,204,,MERTHYR ROAD,WHITCHURCH,CARDIFF,CARDIFF,CARDIFF,Standard,Addition,51.5081680000,-3.2016300000
135000,2004-10-28 00:00:00Z,CF14 1DY,Terraced,Established,Freehold,15,,THE PHILOG,CARDIFF,CARDIFF,CARDIFF,CARDIFF,Standard,Addition,51.5096890000,-3.2076510000
180000,2004-07-07 00:00:00Z,CF14 1JW,Semi-Detached,Established,Freehold,55,,HEOL GABRIEL,CARDIFF,CARDIFF,CARDIFF,CARDIFF,Standard,Addition,51.5059340000,-3.2089920000
81000,2004-06-18 00:00:00Z,CF14 3HT,Semi-Detached,Established,Freehold,7,,KEMYS PLACE,CARDIFF,CARDIFF,CARDIFF,CARDIFF,Standard,Addition,51.5042540000,-3.2056630000
126000,2004-02-27 00:00:00Z,CF14 3HN,Semi-Detached,Established,Freehold,184,,MYNACHDY ROAD,CARDIFF,CARDIFF,CARDIFF,CARDIFF,Standard,Addition,51.5037330000,-3.2036410000
127995,2004-02-13 00:00:00Z,CF14 1HY,Semi-Detached,Established,Freehold,52,,BIRCHWOOD GARDENS,CARDIFF,CARDIFF,CARDIFF,CARDIFF,Standard,Addition,51.5063850000,-3.2053880000
133000,2004-05-10 00:00:00Z,CF14 1HZ,Terraced,Established,Freehold,85,,BIRCHWOOD GARDENS,CARDIFF,CARDIFF,CARDIFF,CARDIFF,Standard,Addition,51.5061500000,-3.2047420000
155000,2004-09-03 00:00:00Z,CF14 1HZ,Semi-Detached,Established,Freehold,83,,BIRCHWOOD GARDENS,CARDIFF,CARDIFF,CARDIFF,CARDIFF,Standard,Addition,51.5061500000,-3.2047420000
171150,2004-05-14 00:00:00Z,CF14 1HF,Detached,Established,Freehold,21,,HEOL Y GORS,WHITCHURCH,CARDIFF,CARDIFF,CARDIFF,Standard,Addition,51.5077960000,-3.2063180000
99000,2004-02-27 00:00:00Z,CF14 1BZ,Flats/Maisonettes,Established,Leasehold,BATON COURT,FLAT 4,THE PHILOG,CARDIFF,CARDIFF,CARDIFF,CARDIFF,Standard,Addition,51.5096440000,-3.2050270000
150000,2004-02-09 00:00:00Z,CF14 1DX,Terraced,Established,Freehold,1,,THE PHILOG,CARDIFF,CARDIFF,CARDIFF,CARDIFF,Standard,Addition,51.5097230000,-3.2095540000
98000,2004-03-05 00:00:00Z,CF14 3HX,Semi-Detached,Established,Freehold,96,,APPLEDORE ROAD,CARDIFF,CARDIFF,CARDIFF,CARDIFF,Standard,Addition,51.5043960000,-3.2065230000
179950,2004-08-06 00:00:00Z,CF14 1EL,Semi-Detached,Established,Freehold,132,,SILVER BIRCH CLOSE,CARDIFF,CARDIFF,CARDIFF,CARDIFF,Standard,Addition,51.5052930000,-3.2048690000
142500,2004-05-28 00:00:00Z,CF14 2SE,Detached,Established,Freehold,16,,WESTERN DRIVE,CARDIFF,CARDIFF,CARDIFF,CARDIFF,Standard,Addition,51.5010290000,-3.2076670000
160000,2004-04-07 00:00:00Z,CF14 1DL,Semi-Detached,Established,Freehold,190,,MERTHYR ROAD,WHITCHURCH,CARDIFF,CARDIFF,CARDIFF,Standard,Addition,51.5081680000,-3.2016300000
128950,2004-11-29 00:00:00Z,CF14 2RZ,Semi-Detached,Established,Freehold,4,,ABERTEIFI CLOSE,CARDIFF,CARDIFF,CARDIFF,CARDIFF,Standard,Addition,51.5028830000,-3.2074850000
140500,2004-12-10 00:00:00Z,CF14 1DZ,Flats/Maisonettes,Established,Leasehold,85,FLAT 1,THE PHILOG,CARDIFF,CARDIFF,CARDIFF,CARDIFF,Standard,Addition,51.5096350000,-3.2058330000
190000,2004-03-23 00:00:00Z,CF14 1EL,Detached,Established,Freehold,39,,SILVER BIRCH CLOSE,CARDIFF,CARDIFF,CARDIFF,CARDIFF,Standard,Addition,51.5052930000,-3.2048690000
125500,2004-02-19 00:00:00Z,CF14 1EL,Terraced,Established,Freehold,52,,SILVER BIRCH CLOSE,CARDIFF,CARDIFF,CARDIFF,CARDIFF,Standard,Addition,51.5052930000,-3.2048690000
177000,2004-07-09 00:00:00Z,CF14 1DL,Semi-Detached,Established,Freehold,184,,MERTHYR ROAD,WHITCHURCH,CARDIFF,CARDIFF,CARDIFF,Standard,Addition,51.5081680000,-3.2016300000
205000,2004-08-13 00:00:00Z,CF14 1EQ,Detached,Established,Freehold,6,,SUNNYBANK CLOSE,CARDIFF,CARDIFF,CARDIFF,CARDIFF,Standard,Addition,51.5061630000,-3.2033500000
100000,2004-09-24 00:00:00Z,CF14 3HU,Semi-Detached,Established,Freehold,5,,APPLEDORE ROAD,CARDIFF,CARDIFF,CARDIFF,CARDIFF,Standard,Addition,51.5043530000,-3.2018470000
129000,2004-04-14 00:00:00Z,CF14 1HZ,Detached,Established,Freehold,97,,BIRCHWOOD GARDENS,CARDIFF,CARDIFF,CARDIFF,CARDIFF,Standard,Addition,51.5061500000,-3.2047420000
90000,2004-05-20 00:00:00Z,CF14 1EB,Terraced,Established,Freehold,88,,THE PHILOG,CARDIFF,CARDIFF,CARDIFF,CARDIFF,Standard,Addition,51.5092650000,-3.2060400000
134000,2004-02-26 00:00:00Z,CF14 1HS,Terraced,Established,Freehold,20,,WAUNTREODA ROAD,CARDIFF,CARDIFF,CARDIFF,CARDIFF,Standard,Addition,51.5086690000,-3.2053470000
196000,2004-11-19 00:00:00Z,CF14 4AA,Semi-Detached,Established,Freehold,9,,RICHS ROAD,CARDIFF,CARDIFF,CARDIFF,CARDIFF,Standard,Addition,51.5095940000,-3.2019850000
135000,2004-03-12 00:00:00Z,CF14 1HY,Semi-Detached,Established,Freehold,68,,BIRCHWOOD GARDENS,CARDIFF,CARDIFF,CARDIFF,CARDIFF,Standard,Addition,51.5063850000,-3.2053880000
225000,2005-04-15 00:00:00Z,CF14 1HR,Semi-Detached,Established,Freehold,19,,FRANKLEN ROAD,CARDIFF,CARDIFF,CARDIFF,CARDIFF,Standard,Addition,51.5087040000,-3.2063850000
118200,2005-09-30 00:00:00Z,CF14 3HN,Terraced,Established,Freehold,158,,MYNACHDY ROAD,CARDIFF,CARDIFF,CARDIFF,CARDIFF,Standard,Addition,51.5037330000,-3.2036410000
165000,2005-06-10 00:00:00Z,CF14 3HP,Terraced,Established,Freehold,7,,RADYR PLACE,,CARDIFF,CARDIFF,CARDIFF,Standard,Addition,51.5028820000,-3.2041420000
100000,2005-06-24 00:00:00Z,CF14 3HN,Flats/Maisonettes,Established,Leasehold,150B,,MYNACHDY ROAD,CARDIFF,CARDIFF,CARDIFF,CARDIFF,Standard,Addition,51.5037330000,-3.2036410000
155000,2005-02-18 00:00:00Z,CF14 2SR,Terraced,Established,Freehold,44,,ABERDORE ROAD,CARDIFF,CARDIFF,CARDIFF,CARDIFF,Standard,Addition,51.5021230000,-3.2097700000
162000,2005-09-30 00:00:00Z,CF14 4AJ,Terraced,Established,Freehold,36,,NORTON AVENUE,CARDIFF,CARDIFF,CARDIFF,CARDIFF,Standard,Addition,51.5095140000,-3.2010460000
180500,2005-06-03 00:00:00Z,CF14 1HT,Terraced,Established,Freehold,20,,VIOLET PLACE,CARDIFF,CARDIFF,CARDIFF,CARDIFF,Standard,Addition,51.5085520000,-3.2044790000
242000,2005-11-11 00:00:00Z,CF14 1HF,Terraced,Established,Freehold,30,,HEOL Y GORS,WHITCHURCH,CARDIFF,CARDIFF,CARDIFF,Standard,Addition,51.5077960000,-3.2063180000
122000,2005-12-23 00:00:00Z,CF14 1HQ,Semi-Detached,Established,Freehold,9,,CRADOC ROAD,CARDIFF,CARDIFF,CARDIFF,CARDIFF,Standard,Addition,51.5086740000,-3.2075370000
157500,2005-11-25 00:00:00Z,CF14 1HZ,Semi-Detached,Established,Freehold,109,,BIRCHWOOD GARDENS,CARDIFF,CARDIFF,CARDIFF,CARDIFF,Standard,Addition,51.5061500000,-3.2047420000
145000,2005-05-04 00:00:00Z,CF14 2SR,Terraced,Established,Freehold,60,,ABERDORE ROAD,CARDIFF,CARDIFF,CARDIFF,CARDIFF,Standard,Addition,51.5021230000,-3.2097700000
180000,2005-06-02 00:00:00Z,CF14 4AJ,Semi-Detached,Established,Freehold,37,,NORTON AVENUE,CARDIFF,CARDIFF,CARDIFF,CARDIFF,Standard,Addition,51.5095140000,-3.2010460000
155000,2005-07-14 00:00:00Z,CF14 1HZ,Semi-Detached,Established,Freehold,93,,BIRCHWOOD GARDENS,CARDIFF,CARDIFF,CARDIFF,CARDIFF,Standard,Addition,51.5061500000,-3.2047420000
178000,2005-04-12 00:00:00Z,CF14 1HY,Detached,Established,Freehold,2,,BIRCHWOOD GARDENS,CARDIFF,CARDIFF,CARDIFF,CARDIFF,Standard,Addition,51.5063850000,-3.2053880000
120000,2005-09-22 00:00:00Z,CF14 3HN,Flats/Maisonettes,Established,Leasehold,152,,MYNACHDY ROAD,CARDIFF,CARDIFF,CARDIFF,CARDIFF,Standard,Addition,51.5037330000,-3.2036410000
152000,2005-11-10 00:00:00Z,CF14 1ED,Semi-Detached,Established,Freehold,158,,THE PHILOG,CARDIFF,CARDIFF,CARDIFF,CARDIFF,Standard,Addition,51.5090700000,-3.2040170000
147500,2005-04-12 00:00:00Z,CF14 1DL,Terraced,Established,Freehold,176,,MERTHYR ROAD,WHITCHURCH,CARDIFF,CARDIFF,CARDIFF,Standard,Addition,51.5081680000,-3.2016300000
152000,2005-09-09 00:00:00Z,CF14 1DZ,Terraced,Established,Freehold,67,,THE PHILOG,,CARDIFF,CARDIFF,CARDIFF,Standard,Addition,51.5096350000,-3.2058330000
150000,2005-06-17 00:00:00Z,CF14 1EG,Terraced,Established,Freehold,12,,CELTIC ROAD,CARDIFF,CARDIFF,CARDIFF,CARDIFF,Standard,Addition,51.5065460000,-3.2019770000
185000,2005-12-19 00:00:00Z,CF14 4AJ,Terraced,Established,Freehold,42,,NORTON AVENUE,CARDIFF,CARDIFF,CARDIFF,CARDIFF,Standard,Addition,51.5095140000,-3.2010460000
138000,2005-05-13 00:00:00Z,CF14 1DZ,Flats/Maisonettes,Established,Leasehold,85,FLAT 2,THE PHILOG,CARDIFF,CARDIFF,CARDIFF,CARDIFF,Standard,Addition,51.5096350000,-3.2058330000
220000,2005-10-10 00:00:00Z,CF14 1HE,Detached,Established,Freehold,2,,HEOL Y GORS,WHITCHURCH,CARDIFF,CARDIFF,CARDIFF,Standard,Addition,51.5080290000,-3.2046240000
156000,2005-07-29 00:00:00Z,CF14 1HZ,Semi-Detached,Established,Freehold,57,,BIRCHWOOD GARDENS,CARDIFF,CARDIFF,CARDIFF,CARDIFF,Standard,Addition,51.5061500000,-3.2047420000
175000,2005-04-15 00:00:00Z,CF14 1EB,Terraced,Established,Freehold,100,,THE PHILOG,CARDIFF,CARDIFF,CARDIFF,CARDIFF,Standard,Addition,51.5092650000,-3.2060400000
132000,2005-09-30 00:00:00Z,CF14 3HS,Semi-Detached,Established,Freehold,33,,CEFN ROAD,CARDIFF,CARDIFF,CARDIFF,CARDIFF,Standard,Addition,51.5042910000,-3.2079260000
205000,2005-07-28 00:00:00Z,CF14 1HY,Semi-Detached,Established,Freehold,42,,BIRCHWOOD GARDENS,CARDIFF,CARDIFF,CARDIFF,CARDIFF,Standard,Addition,51.5063850000,-3.2053880000
210000,2005-08-26 00:00:00Z,CF14 1HQ,Semi-Detached,Established,Freehold,6,,CRADOC ROAD,CARDIFF,CARDIFF,CARDIFF,CARDIFF,Standard,Addition,51.5086740000,-3.2075370000
110000,2005-06-27 00:00:00Z,CF14 1BZ,Flats/Maisonettes,Established,Leasehold,BATON COURT,FLAT 1,THE PHILOG,CARDIFF,CARDIFF,CARDIFF,CARDIFF,Standard,Addition,51.5096440000,-3.2050270000
134000,2005-08-04 00:00:00Z,CF14 2SE,Semi-Detached,Established,Freehold,18,,WESTERN DRIVE,CARDIFF,CARDIFF,CARDIFF,CARDIFF,Standard,Addition,51.5010290000,-3.2076670000
98000,2005-03-02 00:00:00Z,CF14 3HN,Semi-Detached,Established,Freehold,156,,MYNACHDY ROAD,CARDIFF,CARDIFF,CARDIFF,CARDIFF,Standard,Addition,51.5037330000,-3.2036410000
265000,2005-08-10 00:00:00Z,CF14 1EQ,Detached,Established,Freehold,33,,SUNNYBANK CLOSE,CARDIFF,CARDIFF,CARDIFF,CARDIFF,Standard,Addition,51.5061630000,-3.2033500000
170000,2005-05-06 00:00:00Z,CF14 1HY,Detached,Established,Freehold,40,,BIRCHWOOD GARDENS,CARDIFF,CARDIFF,CARDIFF,CARDIFF,Standard,Addition,51.5063850000,-3.2053880000
166000,2005-03-04 00:00:00Z,CF14 1EL,Semi-Detached,Established,Freehold,5,,SILVER BIRCH CLOSE,CARDIFF,CARDIFF,CARDIFF,CARDIFF,Standard,Addition,51.5052930000,-3.2048690000
170000,2005-04-29 00:00:00Z,CF14 1DZ,Terraced,Established,Freehold,71,,THE PHILOG,,CARDIFF,CARDIFF,CARDIFF,Standard,Addition,51.5096350000,-3.2058330000
56000,2005-02-24 00:00:00Z,CF14 1HS,Terraced,Established,Freehold,4,,WAUNTREODA ROAD,CARDIFF,CARDIFF,CARDIFF,CARDIFF,Standard,Addition,51.5086690000,-3.2053470000
170000,2005-09-09 00:00:00Z,CF14 1HX,Detached,Established,Freehold,18,,KENFIG ROAD,CARDIFF,CARDIFF,CARDIFF,CARDIFF,Standard,Addition,51.5067910000,-3.2008310000
125000,2005-03-23 00:00:00Z,CF14 3HJ,Semi-Detached,Established,Freehold,4,,PENNARD PLACE,,CARDIFF,CARDIFF,CARDIFF,Standard,Addition,51.5045480000,-3.2003540000
128000,2005-04-15 00:00:00Z,CF14 3HX,Terraced,Established,Freehold,109,,APPLEDORE ROAD,CARDIFF,CARDIFF,CARDIFF,CARDIFF,Standard,Addition,51.5043960000,-3.2065230000
116000,2005-11-04 00:00:00Z,CF14 1BZ,Flats/Maisonettes,Established,Leasehold,BATON COURT,FLAT 5,THE PHILOG,,CARDIFF,CARDIFF,CARDIFF,Standard,Addition,51.5096440000,-3.2050270000
180500,2005-12-09 00:00:00Z,CF14 1HS,Terraced,Established,Freehold,22,,WAUNTREODA ROAD,CARDIFF,CARDIFF,CARDIFF,CARDIFF,Standard,Addition,51.5086690000,-3.2053470000
148500,2005-03-31 00:00:00Z,CF14 3HL,Semi-Detached,Established,Freehold,159,,MYNACHDY ROAD,CARDIFF,CARDIFF,CARDIFF,CARDIFF,Standard,Addition,51.5036900000,-3.2051580000
232000,2005-11-11 00:00:00Z,CF14 1EF,Semi-Detached,Established,Leasehold,11,,PHILOG COURT,CARDIFF,CARDIFF,CARDIFF,CARDIFF,Standard,Addition,51.5097230000,-3.2069020000
107000,2005-04-05 00:00:00Z,CF14 1EF,Flats/Maisonettes,Established,Leasehold,4,,PHILOG COURT,CARDIFF,CARDIFF,CARDIFF,CARDIFF,Standard,Addition,51.5097230000,-3.2069020000
167000,2005-07-14 00:00:00Z,CF14 1EB,Terraced,Established,Freehold,94,,THE PHILOG,CARDIFF,CARDIFF,CARDIFF,CARDIFF,Standard,Addition,51.5092650000,-3.2060400000
168000,2005-06-10 00:00:00Z,CF14 1HS,Terraced,Established,Freehold,13,,WAUNTREODA ROAD,CARDIFF,CARDIFF,CARDIFF,CARDIFF,Standard,Addition,51.5086690000,-3.2053470000
138000,2005-04-14 00:00:00Z,CF14 3EE,Semi-Detached,Established,Freehold,22,,PORTHKERRY PLACE,CARDIFF,CARDIFF,CARDIFF,CARDIFF,Standard,Addition,51.5026980000,-3.2010260000
168000,2005-06-24 00:00:00Z,CF14 2RW,Semi-Detached,Established,Freehold,7,,ABERPORTH ROAD,CARDIFF,CARDIFF,CARDIFF,CARDIFF,Standard,Addition,51.5019940000,-3.2065110000
175000,2005-07-29 00:00:00Z,CF14 1HS,Terraced,Established,Freehold,24,,WAUNTREODA ROAD,CARDIFF,CARDIFF,CARDIFF,CARDIFF,Standard,Addition,51.5086690000,-3.2053470000
140000,2005-08-01 00:00:00Z,CF14 1DY,Terraced,Established,Freehold,15,,THE PHILOG,CARDIFF,CARDIFF,CARDIFF,CARDIFF,Standard,Addition,51.5096890000,-3.2076510000
170000,2005-10-26 00:00:00Z,CF14 1HX,Terraced,Established,Freehold,4,,KENFIG ROAD,CARDIFF,CARDIFF,CARDIFF,CARDIFF,Standard,Addition,51.5067910000,-3.2008310000
209000,2006-06-30 00:00:00Z,CF14 1JW,Semi-Detached,Established,Freehold,57,,HEOL GABRIEL,CARDIFF,CARDIFF,CARDIFF,CARDIFF,Standard,Addition,51.5059340000,-3.2089920000
195000,2006-03-10 00:00:00Z,CF14 1DZ,Terraced,Established,Freehold,51,,THE PHILOG,CARDIFF,CARDIFF,CARDIFF,CARDIFF,Standard,Addition,51.5096350000,-3.2058330000
183500,2006-06-23 00:00:00Z,CF14 1SD,Detached,Established,Freehold,2,,NANT Y FEDW,CARDIFF,CARDIFF,CARDIFF,CARDIFF,Standard,Addition,51.5093190000,-3.2024530000
160000,2006-05-15 00:00:00Z,CF14 1HF,Semi-Detached,Established,Freehold,27,,HEOL Y GORS,WHITCHURCH,CARDIFF,CARDIFF,CARDIFF,Standard,Addition,51.5077960000,-3.2063180000
185000,2006-10-27 00:00:00Z,CF14 1ED,Terraced,Established,Freehold,118,,THE PHILOG,CARDIFF,CARDIFF,CARDIFF,CARDIFF,Standard,Addition,51.5090700000,-3.2040170000
203000,2006-01-12 00:00:00Z,CF14 4AB,Semi-Detached,Established,Freehold,3,,LON Y GROES,CARDIFF,CARDIFF,CARDIFF,CARDIFF,Standard,Addition,51.5086260000,-3.2007920000
217500,2006-07-21 00:00:00Z,CF14 1HR,Semi-Detached,Established,Freehold,10,,FRANKLEN ROAD,CARDIFF,CARDIFF,CARDIFF,CARDIFF,Standard,Addition,51.5087040000,-3.2063850000
118000,2006-02-06 00:00:00Z,CF14 1BZ,Flats/Maisonettes,Established,Leasehold,BATON COURT,FLAT 6,THE PHILOG,CARDIFF,CARDIFF,CARDIFF,CARDIFF,Standard,Addition,51.5096440000,-3.2050270000
230000,2006-09-29 00:00:00Z,CF14 1HU,Semi-Detached,Established,Freehold,20,,TWYN Y FEDWEN ROAD,CARDIFF,CARDIFF,CARDIFF,CARDIFF,Standard,Addition,51.5077610000,-3.2027580000
125000,2006-07-27 00:00:00Z,CF14 3HN,Flats/Maisonettes,Established,Leasehold,150A,,MYNACHDY ROAD,CARDIFF,CARDIFF,CARDIFF,CARDIFF,Standard,Addition,51.5037330000,-3.2036410000
201500,2006-02-20 00:00:00Z,CF14 1JR,Terraced,Established,Leasehold,8,,COURT CLOSE,CARDIFF,CARDIFF,CARDIFF,CARDIFF,Standard,Addition,51.5056770000,-3.2069250000
213000,2006-09-01 00:00:00Z,CF14 1ED,Terraced,Established,Freehold,148,,THE PHILOG,CARDIFF,CARDIFF,CARDIFF,CARDIFF,Standard,Addition,51.5090700000,-3.2040170000
176000,2006-07-21 00:00:00Z,CF14 1HS,Terraced,Established,Freehold,29,,WAUNTREODA ROAD,CARDIFF,CARDIFF,CARDIFF,CARDIFF,Standard,Addition,51.5086690000,-3.2053470000
201500,2006-02-20 00:00:00Z,CF14 1JR,Terraced,Established,Freehold,8,,COURT CLOSE,CARDIFF,CARDIFF,CARDIFF,CARDIFF,Standard,Addition,51.5056770000,-3.2069250000
169000,2006-11-21 00:00:00Z,CF14 1RG,Semi-Detached,Established,Freehold,14,,MANOR WAY,CARDIFF,CARDIFF,CARDIFF,CARDIFF,Standard,Addition,51.5097000000,-3.2030540000
145000,2006-03-13 00:00:00Z,CF14 3HN,Semi-Detached,Established,Freehold,156,,MYNACHDY ROAD,CARDIFF,CARDIFF,CARDIFF,CARDIFF,Standard,Addition,51.5037330000,-3.2036410000
127000,2006-04-26 00:00:00Z,CF14 3DY,Semi-Detached,Established,Freehold,117,,MYNACHDY ROAD,CARDIFF,CARDIFF,CARDIFF,CARDIFF,Standard,Addition,51.5017130000,-3.2014890000
114000,2006-10-30 00:00:00Z,CF14 1EF,Flats/Maisonettes,Established,Leasehold,7,,PHILOG COURT,CARDIFF,CARDIFF,CARDIFF,CARDIFF,Standard,Addition,51.5097230000,-3.2069020000
146000,2006-01-20 00:00:00Z,CF14 1HF,Semi-Detached,Established,Freehold,25,,HEOL Y GORS,WHITCHURCH,CARDIFF,CARDIFF,CARDIFF,Standard,Addition,51.5077960000,-3.2063180000
175000,2006-03-15 00:00:00Z,CF14 1SD,Detached,Established,Freehold,1,,NANT Y FEDW,CARDIFF,CARDIFF,CARDIFF,CARDIFF,Standard,Addition,51.5093190000,-3.2024530000
195000,2006-07-14 00:00:00Z,CF14 1HZ,Semi-Detached,Established,Freehold,45,,BIRCHWOOD GARDENS,CARDIFF,CARDIFF,CARDIFF,CARDIFF,Standard,Addition,51.5061500000,-3.2047420000
146000,2006-05-19 00:00:00Z,CF14 2RX,Terraced,Established,Freehold,17,,ABERPORTH ROAD,CARDIFF,CARDIFF,CARDIFF,CARDIFF,Standard,Addition,51.5024730000,-3.2097650000
262000,2006-08-25 00:00:00Z,CF14 1HR,Semi-Detached,Established,Freehold,6,,FRANKLEN ROAD,CARDIFF,CARDIFF,CARDIFF,CARDIFF,Standard,Addition,51.5087040000,-3.2063850000
205000,2006-04-12 00:00:00Z,CF14 1HG,Semi-Detached,Established,Freehold,44,,HEOL Y GORS,WHITCHURCH,CARDIFF,CARDIFF,CARDIFF,Standard,Addition,51.5078710000,-3.2086690000
285000,2006-10-27 00:00:00Z,CF14 1EQ,Detached,Established,Freehold,31,,SUNNYBANK CLOSE,CARDIFF,CARDIFF,CARDIFF,CARDIFF,Standard,Addition,51.5061630000,-3.2033500000
121500,2006-10-20 00:00:00Z,CF14 3HS,Semi-Detached,Established,Freehold,28,,CEFN ROAD,CARDIFF,CARDIFF,CARDIFF,CARDIFF,Standard,Addition,51.5042910000,-3.2079260000
148500,2006-10-27 00:00:00Z,CF14 1EE,Flats/Maisonettes,Established,Leasehold,18,,RETFORD COURT,CARDIFF,CARDIFF,CARDIFF,CARDIFF,Standard,Addition,51.5098880000,-3.2092840000
187500,2006-09-22 00:00:00Z,CF14 4AJ,Semi-Detached,Established,Freehold,7,,NORTON AVENUE,CARDIFF,CARDIFF,CARDIFF,CARDIFF,Standard,Addition,51.5095140000,-3.2010460000
184200,2006-03-10 00:00:00Z,CF14 1ED,Terraced,Established,Freehold,140,,THE PHILOG,CARDIFF,CARDIFF,CARDIFF,CARDIFF,Standard,Addition,51.5090700000,-3.2040170000
148500,2006-05-12 00:00:00Z,CF14 1HY,Semi-Detached,Established,Freehold,48,,BIRCHWOOD GARDENS,CARDIFF,CARDIFF,CARDIFF,CARDIFF,Standard,Addition,51.5063850000,-3.2053880000
147000,2006-11-23 00:00:00Z,CF14 3HS,Semi-Detached,Established,Freehold,31,,CEFN ROAD,CARDIFF,CARDIFF,CARDIFF,CARDIFF,Standard,Addition,51.5042910000,-3.2079260000
133000,2006-10-20 00:00:00Z,CF14 3EE,Terraced,Established,Freehold,11,,PORTHKERRY PLACE,CARDIFF,CARDIFF,CARDIFF,CARDIFF,Standard,Addition,51.5026980000,-3.2010260000
119999,2006-06-26 00:00:00Z,CF14 2SE,Semi-Detached,Established,Freehold,19,,WESTERN DRIVE,CARDIFF,CARDIFF,CARDIFF,CARDIFF,Standard,Addition,51.5010290000,-3.2076670000
126500,2006-03-21 00:00:00Z,CF14 3EB,Semi-Detached,Established,Freehold,120,,MYNACHDY ROAD,CARDIFF,CARDIFF,CARDIFF,CARDIFF,Standard,Addition,51.5018970000,-3.2010620000
165000,2006-10-27 00:00:00Z,CF14 1HY,Terraced,Established,Freehold,4,,BIRCHWOOD GARDENS,CARDIFF,CARDIFF,CARDIFF,CARDIFF,Standard,Addition,51.5063850000,-3.2053880000
154000,2006-06-30 00:00:00Z,CF14 1HZ,Detached,Established,Freehold,97,,BIRCHWOOD GARDENS,CARDIFF,CARDIFF,CARDIFF,CARDIFF,Standard,Addition,51.5061500000,-3.2047420000
340000,2006-05-19 00:00:00Z,CF14 1EA,Detached,Established,Freehold,48,,THE PHILOG,CARDIFF,CARDIFF,CARDIFF,CARDIFF,Standard,Addition,51.5093780000,-3.2081040000
133000,2006-12-15 00:00:00Z,CF14 3HT,Semi-Detached,Established,Freehold,5,,KEMYS PLACE,CARDIFF,CARDIFF,CARDIFF,CARDIFF,Standard,Addition,51.5042540000,-3.2056630000
290000,2006-08-04 00:00:00Z,CF14 1SD,Detached,Established,Freehold,7,,NANT Y FEDW,,CARDIFF,CARDIFF,CARDIFF,Standard,Addition,51.5093190000,-3.2024530000
247500,2006-05-19 00:00:00Z,CF14 1JY,Semi-Detached,Established,Freehold,109,,HEOL GABRIEL,CARDIFF,CARDIFF,CARDIFF,CARDIFF,Standard,Addition,51.5070590000,-3.2054490000
148500,2006-05-26 00:00:00Z,CF14 1HY,Semi-Detached,Established,Freehold,56,,BIRCHWOOD GARDENS,CARDIFF,CARDIFF,CARDIFF,CARDIFF,Standard,Addition,51.5063850000,-3.2053880000
119995,2006-05-17 00:00:00Z,CF14 1HY,Terraced,Established,Freehold,58,,BIRCHWOOD GARDENS,CARDIFF,CARDIFF,CARDIFF,CARDIFF,Standard,Addition,51.5063850000,-3.2053880000
220000,2006-09-01 00:00:00Z,CF14 1HB,Semi-Detached,Established,Freehold,14,,HEOL MADOC,CARDIFF,CARDIFF,CARDIFF,CARDIFF,Standard,Addition,51.5087660000,-3.2090960000
117500,2006-01-09 00:00:00Z,CF14 2RZ,Semi-Detached,Established,Freehold,1,,ABERTEIFI CLOSE,CARDIFF,CARDIFF,CARDIFF,CARDIFF,Standard,Addition,51.5028830000,-3.2074850000
289000,2006-12-01 00:00:00Z,CF14 1EQ,Detached,Established,Freehold,26,,SUNNYBANK CLOSE,CARDIFF,CARDIFF,CARDIFF,CARDIFF,Standard,Addition,51.5061630000,-3.2033500000
160000,2006-04-28 00:00:00Z,CF14 1DZ,Terraced,Established,Freehold,75,,THE PHILOG,CARDIFF,CARDIFF,CARDIFF,CARDIFF,Standard,Addition,51.5096350000,-3.2058330000
186000,2006-10-05 00:00:00Z,CF14 1EL,Semi-Detached,Established,Freehold,138,,SILVER BIRCH CLOSE,CARDIFF,CARDIFF,CARDIFF,CARDIFF,Standard,Addition,51.5052930000,-3.2048690000
185000,2006-11-10 00:00:00Z,CF14 1HS,Terraced,Established,Freehold,10,,WAUNTREODA ROAD,CARDIFF,CARDIFF,CARDIFF,CARDIFF,Standard,Addition,51.5086690000,-3.2053470000
135000,2006-07-06 00:00:00Z,CF14 3HS,Semi-Detached,Established,Freehold,18,,CEFN ROAD,CARDIFF,CARDIFF,CARDIFF,CARDIFF,Standard,Addition,51.5042910000,-3.2079260000
155000,2006-12-01 00:00:00Z,CF14 3HN,Terraced,Established,Freehold,188,,MYNACHDY ROAD,CARDIFF,CARDIFF,CARDIFF,CARDIFF,Standard,Addition,51.5037330000,-3.2036410000
125000,2006-10-27 00:00:00Z,CF14 1EL,Semi-Detached,Established,Freehold,10,,SILVER BIRCH CLOSE,CARDIFF,CARDIFF,CARDIFF,CARDIFF,Standard,Addition,51.5052930000,-3.2048690000
153000,2006-10-20 00:00:00Z,CF14 3HX,Semi-Detached,Established,Freehold,96,,APPLEDORE ROAD,CARDIFF,CARDIFF,CARDIFF,CARDIFF,Standard,Addition,51.5043960000,-3.2065230000
123000,2006-03-31 00:00:00Z,CF14 3HR,Semi-Detached,Established,Freehold,14,,GILBERT PLACE,,CARDIFF,CARDIFF,CARDIFF,Standard,Addition,51.5033120000,-3.2051340000
142500,2006-10-12 00:00:00Z,CF14 2SB,Semi-Detached,Established,Freehold,110,,WESTERN AVENUE NORTH,CARDIFF,CARDIFF,CARDIFF,CARDIFF,Standard,Addition,51.5008740000,-3.2070140000
149000,2006-06-29 00:00:00Z,CF14 2SB,Terraced,Established,Freehold,102,,WESTERN AVENUE NORTH,CARDIFF,CARDIFF,CARDIFF,CARDIFF,Standard,Addition,51.5008740000,-3.2070140000
215000,2006-12-01 00:00:00Z,CF14 1HP,Semi-Detached,Established,Freehold,17,,MAELOG ROAD,CARDIFF,CARDIFF,CARDIFF,CARDIFF,Standard,Addition,51.5087130000,-3.2080570000
176000,2006-08-03 00:00:00Z,CF14 1HS,Terraced,Established,Freehold,26,,WAUNTREODA ROAD,CARDIFF,CARDIFF,CARDIFF,CARDIFF,Standard,Addition,51.5086690000,-3.2053470000
138500,2006-09-14 00:00:00Z,CF14 1EJ,Flats/Maisonettes,Established,Leasehold,OWENS COURT,3,THE PHILOG,CARDIFF,CARDIFF,CARDIFF,CARDIFF,Standard,Addition,51.5095530000,-3.2041890000
205000,2006-07-14 00:00:00Z,CF14 4AB,Semi-Detached,Established,Freehold,4,,LON Y GROES,CARDIFF,CARDIFF,CARDIFF,CARDIFF,Standard,Addition,51.5086260000,-3.2007920000
186995,2006-03-10 00:00:00Z,CF14 1ED,Terraced,Established,Freehold,140,,THE PHILOG,CARDIFF,CARDIFF,CARDIFF,CARDIFF,Standard,Addition,51.5090700000,-3.2040170000
240000,2006-09-22 00:00:00Z,CF14 4AA,Semi-Detached,Established,Freehold,25,,RICHS ROAD,CARDIFF,CARDIFF,CARDIFF,CARDIFF,Standard,Addition,51.5095940000,-3.2019850000
210000,2006-05-10 00:00:00Z,CF14 1EB,Terraced,Established,Freehold,70,,THE PHILOG,CARDIFF,CARDIFF,CARDIFF,CARDIFF,Standard,Addition,51.5092650000,-3.2060400000
232500,2006-12-01 00:00:00Z,CF14 1HP,Semi-Detached,Established,Freehold,1,,MAELOG ROAD,CARDIFF,CARDIFF,CARDIFF,CARDIFF,Standard,Addition,51.5087130000,-3.2080570000
132000,2006-05-05 00:00:00Z,CF14 1EE,Flats/Maisonettes,Established,Leasehold,2,,RETFORD COURT,CARDIFF,CARDIFF,CARDIFF,CARDIFF,Standard,Addition,51.5098880000,-3.2092840000
125000,2006-03-03 00:00:00Z,CF14 3HL,Semi-Detached,Established,Freehold,193,,MYNACHDY ROAD,CARDIFF,CARDIFF,CARDIFF,CARDIFF,Standard,Addition,51.5036900000,-3.2051580000
158000,2006-05-05 00:00:00Z,CF14 3HP,Semi-Detached,Established,Freehold,5,,RADYR PLACE,CARDIFF,CARDIFF,CARDIFF,CARDIFF,Standard,Addition,51.5028820000,-3.2041420000
150000,2006-03-30 00:00:00Z,CF14 2RW,Semi-Detached,Established,Freehold,20,,ABERPORTH ROAD,CARDIFF,CARDIFF,CARDIFF,CARDIFF,Standard,Addition,51.5019940000,-3.2065110000
122700,2006-05-19 00:00:00Z,CF14 3HW,Semi-Detached,Established,Freehold,53,,APPLEDORE ROAD,CARDIFF,CARDIFF,CARDIFF,CARDIFF,Standard,Addition,51.5043930000,-3.2040530000
180000,2006-08-18 00:00:00Z,CF14 1DF,Semi-Detached,Established,Freehold,SUNNYCROFT,,MERTHYR ROAD,WHITCHURCH,CARDIFF,CARDIFF,CARDIFF,Standard,Addition,51.5087940000,-3.2020300000
161500,2006-09-08 00:00:00Z,CF14 3EB,Semi-Detached,Established,Freehold,136,,MYNACHDY ROAD,CARDIFF,CARDIFF,CARDIFF,CARDIFF,Standard,Addition,51.5018970000,-3.2010620000
154000,2006-02-03 00:00:00Z,CF14 1EG,Semi-Detached,Established,Freehold,20,,CELTIC ROAD,CARDIFF,CARDIFF,CARDIFF,CARDIFF,Standard,Addition,51.5065460000,-3.2019770000
205000,2006-12-07 00:00:00Z,CF14 4AJ,Semi-Detached,Established,Freehold,23,,NORTON AVENUE,CARDIFF,CARDIFF,CARDIFF,CARDIFF,Standard,Addition,51.5095140000,-3.2010460000
235000,2006-09-28 00:00:00Z,CF14 1DZ,Terraced,Established,Freehold,71,,THE PHILOG,,CARDIFF,CARDIFF,CARDIFF,Standard,Addition,51.5096350000,-3.2058330000
75500,2006-09-19 00:00:00Z,CF14 1BZ,Flats/Maisonettes,Established,Leasehold,BATON COURT,FLAT 3,THE PHILOG,CARDIFF,CARDIFF,CARDIFF,CARDIFF,Standard,Addition,51.5096440000,-3.2050270000
132000,2006-01-13 00:00:00Z,CF14 3HQ,Semi-Detached,Established,Freehold,11,,GARTH PLACE,CARDIFF,CARDIFF,CARDIFF,CARDIFF,Standard,Addition,51.5038490000,-3.2028800000
162000,2006-09-15 00:00:00Z,CF14 1DL,Terraced,Established,Freehold,188,,MERTHYR ROAD,WHITCHURCH,CARDIFF,CARDIFF,CARDIFF,Standard,Addition,51.5081680000,-3.2016300000
140000,2006-01-16 00:00:00Z,CF14 1HY,Terraced,Established,Freehold,64,,BIRCHWOOD GARDENS,CARDIFF,CARDIFF,CARDIFF,CARDIFF,Standard,Addition,51.5063850000,-3.2053880000
232000,2006-05-26 00:00:00Z,CF14 1HB,Semi-Detached,Established,Freehold,10,,HEOL MADOC,CARDIFF,CARDIFF,CARDIFF,CARDIFF,Standard,Addition,51.5087660000,-3.2090960000
148000,2006-07-08 00:00:00Z,CF14 1DZ,Terraced,Established,Freehold,63,,THE PHILOG,CARDIFF,CARDIFF,CARDIFF,CARDIFF,Standard,Addition,51.5096350000,-3.2058330000
169000,2006-11-29 00:00:00Z,CF14 1HZ,Semi-Detached,Established,Freehold,83,,BIRCHWOOD GARDENS,CARDIFF,CARDIFF,CARDIFF,CARDIFF,Standard,Addition,51.5061500000,-3.2047420000
136500,2007-01-19 00:00:00Z,CF14 2SR,Terraced,Established,Freehold,22,,ABERDORE ROAD,CARDIFF,CARDIFF,CARDIFF,CARDIFF,Standard,Addition,51.5021230000,-3.2097700000
123000,2007-05-25 00:00:00Z,CF14 1EF,Flats/Maisonettes,Established,Leasehold,10,,PHILOG COURT,CARDIFF,CARDIFF,CARDIFF,CARDIFF,Standard,Addition,51.5097230000,-3.2069020000
146000,2007-06-21 00:00:00Z,CF14 3EB,Terraced,Established,Freehold,124,,MYNACHDY ROAD,CARDIFF,CARDIFF,CARDIFF,CARDIFF,Standard,Addition,51.5018970000,-3.2010620000
125000,2007-09-28 00:00:00Z,CF14 1BZ,Flats/Maisonettes,Established,Leasehold,BATON COURT,FLAT 4,THE PHILOG,CARDIFF,CARDIFF,CARDIFF,CARDIFF,Standard,Addition,51.5096440000,-3.2050270000
135000,2007-08-14 00:00:00Z,CF14 2RZ,Semi-Detached,Established,Freehold,9,,ABERTEIFI CLOSE,CARDIFF,CARDIFF,CARDIFF,CARDIFF,Standard,Addition,51.5028830000,-3.2074850000
149000,2007-06-22 00:00:00Z,CF14 3HS,Semi-Detached,Established,Freehold,33,,CEFN ROAD,CARDIFF,CARDIFF,CARDIFF,CARDIFF,Standard,Addition,51.5042910000,-3.2079260000
192500,2007-08-29 00:00:00Z,CF14 1DZ,Terraced,Established,Freehold,"WHIRLYGIG COTTAGE, 57",,THE PHILOG,CARDIFF,CARDIFF,CARDIFF,CARDIFF,Standard,Addition,51.5096350000,-3.2058330000
232000,2007-09-27 00:00:00Z,CF14 1SD,Detached,Established,Freehold,4,,NANT Y FEDW,CARDIFF,CARDIFF,CARDIFF,CARDIFF,Standard,Addition,51.5093190000,-3.2024530000
186000,2007-10-05 00:00:00Z,CF14 1HZ,Semi-Detached,Established,Freehold,101,,BIRCHWOOD GARDENS,CARDIFF,CARDIFF,CARDIFF,CARDIFF,Standard,Addition,51.5061500000,-3.2047420000
238000,2007-07-25 00:00:00Z,CF14 1DY,Terraced,Established,Freehold,31,,THE PHILOG,CARDIFF,CARDIFF,CARDIFF,CARDIFF,Standard,Addition,51.5096890000,-3.2076510000
170000,2007-01-26 00:00:00Z,CF14 1HT,Terraced,Established,Freehold,6,,VIOLET PLACE,CARDIFF,CARDIFF,CARDIFF,CARDIFF,Standard,Addition,51.5085520000,-3.2044790000
153000,2007-10-10 00:00:00Z,CF14 1EE,Flats/Maisonettes,Established,Leasehold,13,,RETFORD COURT,CARDIFF,CARDIFF,CARDIFF,CARDIFF,Standard,Addition,51.5098880000,-3.2092840000
190000,2007-05-04 00:00:00Z,CF14 1HX,Semi-Detached,Established,Freehold,1,,KENFIG ROAD,CARDIFF,CARDIFF,CARDIFF,CARDIFF,Standard,Addition,51.5067910000,-3.2008310000
198500,2007-10-16 00:00:00Z,CF14 1ED,Terraced,Established,Freehold,142,,THE PHILOG,CARDIFF,CARDIFF,CARDIFF,CARDIFF,Standard,Addition,51.5090700000,-3.2040170000
261000,2007-01-26 00:00:00Z,CF14 1HQ,Semi-Detached,Established,Freehold,16,,CRADOC ROAD,CARDIFF,CARDIFF,CARDIFF,CARDIFF,Standard,Addition,51.5086740000,-3.2075370000
160000,2007-04-12 00:00:00Z,CF14 1RU,Terraced,Established,Freehold,112,,BIRCHGROVE ROAD,CARDIFF,CARDIFF,CARDIFF,CARDIFF,Standard,Addition,51.5098650000,-3.2045280000
110000,2007-02-09 00:00:00Z,CF14 1DY,Terraced,Established,Freehold,23A,,THE PHILOG,CARDIFF,CARDIFF,CARDIFF,CARDIFF,Standard,Addition,51.5096890000,-3.2076510000
158000,2007-08-15 00:00:00Z,CF14 1DZ,Terraced,Established,Freehold,73,,THE PHILOG,CARDIFF,CARDIFF,CARDIFF,CARDIFF,Standard,Addition,51.5096350000,-3.2058330000
123000,2007-12-14 00:00:00Z,CF14 1EJ,Flats/Maisonettes,Established,Leasehold,OWENS COURT,2,THE PHILOG,CARDIFF,CARDIFF,CARDIFF,CARDIFF,Standard,Addition,51.5095530000,-3.2041890000
147000,2007-01-22 00:00:00Z,CF14 3EB,Semi-Detached,Established,Freehold,122,,MYNACHDY ROAD,CARDIFF,CARDIFF,CARDIFF,CARDIFF,Standard,Addition,51.5018970000,-3.2010620000
168000,2007-03-16 00:00:00Z,CF14 3HT,Semi-Detached,Established,Freehold,2,,KEMYS PLACE,CARDIFF,CARDIFF,CARDIFF,CARDIFF,Standard,Addition,51.5042540000,-3.2056630000
189950,2007-04-02 00:00:00Z,CF14 1ED,Terraced,Established,Freehold,114,,THE PHILOG,CARDIFF,CARDIFF,CARDIFF,CARDIFF,Standard,Addition,51.5090700000,-3.2040170000
156000,2007-01-05 00:00:00Z,CF14 3HU,Terraced,Established,Freehold,20,,APPLEDORE ROAD,CARDIFF,CARDIFF,CARDIFF,CARDIFF,Standard,Addition,51.5043530000,-3.2018470000
146000,2007-07-30 00:00:00Z,CF14 2SE,Semi-Detached,Established,Freehold,10,,WESTERN DRIVE,CARDIFF,CARDIFF,CARDIFF,CARDIFF,Standard,Addition,51.5010290000,-3.2076670000
190000,2007-08-30 00:00:00Z,CF14 1EG,Terraced,Established,Freehold,12,,CELTIC ROAD,CARDIFF,CARDIFF,CARDIFF,CARDIFF,Standard,Addition,51.5065460000,-3.2019770000
214500,2007-09-06 00:00:00Z,CF14 1EB,Terraced,Established,Freehold,88,,THE PHILOG,CARDIFF,CARDIFF,CARDIFF,CARDIFF,Standard,Addition,51.5092650000,-3.2060400000
204000,2007-03-01 00:00:00Z,CF14 4AB,Semi-Detached,Established,Freehold,6,,LON Y GROES,CARDIFF,CARDIFF,CARDIFF,CARDIFF,Standard,Addition,51.5086260000,-3.2007920000
133000,2007-05-31 00:00:00Z,CF14 2SE,Terraced,Established,Freehold,6,,WESTERN DRIVE,CARDIFF,CARDIFF,CARDIFF,CARDIFF,Standard,Addition,51.5010290000,-3.2076670000
269950,2007-07-11 00:00:00Z,CF14 1EQ,Detached,Established,Freehold,32,,SUNNYBANK CLOSE,CARDIFF,CARDIFF,CARDIFF,CARDIFF,Standard,Addition,51.5061630000,-3.2033500000
124000,2007-02-01 00:00:00Z,CF14 2RZ,Semi-Detached,Established,Freehold,12,,ABERTEIFI CLOSE,CARDIFF,CARDIFF,CARDIFF,CARDIFF,Standard,Addition,51.5028830000,-3.2074850000
219000,2007-08-20 00:00:00Z,CF14 1JX,Semi-Detached,Established,Freehold,85,,HEOL GABRIEL,CARDIFF,CARDIFF,CARDIFF,CARDIFF,Standard,Addition,51.5066190000,-3.2070940000
219000,2007-07-05 00:00:00Z,CF14 1HF,Semi-Detached,Established,Freehold,27,,HEOL Y GORS,WHITCHURCH,CARDIFF,CARDIFF,CARDIFF,Standard,Addition,51.5077960000,-3.2063180000
164000,2007-11-21 00:00:00Z,CF14 1HS,Terraced,Established,Freehold,21,,WAUNTREODA ROAD,CARDIFF,CARDIFF,CARDIFF,CARDIFF,Standard,Addition,51.5086690000,-3.2053470000
137000,2007-09-28 00:00:00Z,CF14 3HX,Semi-Detached,Established,Freehold,103,,APPLEDORE ROAD,CARDIFF,CARDIFF,CARDIFF,CARDIFF,Standard,Addition,51.5043960000,-3.2065230000
202500,2007-11-01 00:00:00Z,CF14 1EE,Semi-Detached,Established,Leasehold,23,,RETFORD COURT,CARDIFF,CARDIFF,CARDIFF,CARDIFF,Standard,Addition,51.5098880000,-3.2092840000
245000,2007-11-10 00:00:00Z,CF14 1EB,Terraced,Established,Freehold,74,,THE PHILOG,CARDIFF,CARDIFF,CARDIFF,CARDIFF,Standard,Addition,51.5092650000,-3.2060400000
218000,2007-03-08 00:00:00Z,CF14 1ED,Terraced,Established,Freehold,150,,THE PHILOG,CARDIFF,CARDIFF,CARDIFF,CARDIFF,Standard,Addition,51.5090700000,-3.2040170000
162000,2007-05-09 00:00:00Z,CF14 3HT,Semi-Detached,Established,Freehold,5,,KEMYS PLACE,CARDIFF,CARDIFF,CARDIFF,CARDIFF,Standard,Addition,51.5042540000,-3.2056630000
188000,2007-02-09 00:00:00Z,CF14 1HS,Detached,Established,Freehold,30,,WAUNTREODA ROAD,CARDIFF,CARDIFF,CARDIFF,CARDIFF,Standard,Addition,51.5086690000,-3.2053470000
239950,2007-02-02 00:00:00Z,CF14 1HZ,Detached,Established,Freehold,53,,BIRCHWOOD GARDENS,CARDIFF,CARDIFF,CARDIFF,CARDIFF,Standard,Addition,51.5061500000,-3.2047420000
124000,2007-11-29 00:00:00Z,CF14 4AA,Semi-Detached,Established,Freehold,36,,RICHS ROAD,CARDIFF,CARDIFF,CARDIFF,CARDIFF,Standard,Addition,51.5095940000,-3.2019850000
232000,2007-01-19 00:00:00Z,CF14 1EL,Detached,Established,Freehold,131,,SILVER BIRCH CLOSE,CARDIFF,CARDIFF,CARDIFF,CARDIFF,Standard,Addition,51.5052930000,-3.2048690000
187000,2007-10-19 00:00:00Z,CF14 1HY,Semi-Detached,Established,Freehold,48,,BIRCHWOOD GARDENS,CARDIFF,CARDIFF,CARDIFF,CARDIFF,Standard,Addition,51.5063850000,-3.2053880000
205000,2007-08-30 00:00:00Z,CF14 4AH,Semi-Detached,Established,Freehold,8,,HAMPTON ROAD,CARDIFF,CARDIFF,CARDIFF,CARDIFF,Standard,Addition,51.5099160000,-3.2003800000
146000,2007-07-02 00:00:00Z,CF14 1EE,Flats/Maisonettes,Established,Leasehold,10,,RETFORD COURT,CARDIFF,CARDIFF,CARDIFF,CARDIFF,Standard,Addition,51.5098880000,-3.2092840000
130000,2007-08-20 00:00:00Z,CF14 1HZ,Semi-Detached,Established,Freehold,111,,BIRCHWOOD GARDENS,CARDIFF,CARDIFF,CARDIFF,CARDIFF,Standard,Addition,51.5061500000,-3.2047420000
244000,2007-09-07 00:00:00Z,CF14 4AA,Semi-Detached,Established,Freehold,25,,RICHS ROAD,CARDIFF,CARDIFF,CARDIFF,CARDIFF,Standard,Addition,51.5095940000,-3.2019850000
245000,2007-08-29 00:00:00Z,CF14 1HY,Detached,Established,Freehold,22,,BIRCHWOOD GARDENS,CARDIFF,CARDIFF,CARDIFF,CARDIFF,Standard,Addition,51.5063850000,-3.2053880000
159000,2008-10-17 00:00:00Z,CF14 2RW,Terraced,Established,Freehold,3,,ABERPORTH ROAD,CARDIFF,CARDIFF,CARDIFF,CARDIFF,Standard,Addition,51.5019940000,-3.2065110000
171500,2008-09-30 00:00:00Z,CF14 4AA,Semi-Detached,Established,Freehold,32,,RICHS ROAD,CARDIFF,CARDIFF,CARDIFF,CARDIFF,Standard,Addition,51.5095940000,-3.2019850000
149000,2008-07-10 00:00:00Z,CF14 3HX,Semi-Detached,Established,Freehold,88,,APPLEDORE ROAD,CARDIFF,CARDIFF,CARDIFF,CARDIFF,Standard,Addition,51.5043960000,-3.2065230000
140000,2008-07-04 00:00:00Z,CF14 2SG,Terraced,Established,Freehold,13,,GABALFA AVENUE,CARDIFF,CARDIFF,CARDIFF,CARDIFF,Standard,Addition,51.5002100000,-3.2095470000
222500,2008-04-04 00:00:00Z,CF14 1HQ,Semi-Detached,Established,Freehold,18,,CRADOC ROAD,CARDIFF,CARDIFF,CARDIFF,CARDIFF,Standard,Addition,51.5086740000,-3.2075370000
130000,2008-02-01 00:00:00Z,CF14 1EF,Flats/Maisonettes,Established,Leasehold,15,,PHILOG COURT,CARDIFF,CARDIFF,CARDIFF,CARDIFF,Standard,Addition,51.5097230000,-3.2069020000
249999,2008-05-29 00:00:00Z,CF14 1HF,Detached,Established,Freehold,11,,HEOL Y GORS,WHITCHURCH,CARDIFF,CARDIFF,CARDIFF,Standard,Addition,51.5077960000,-3.2063180000
205000,2008-08-12 00:00:00Z,CF14 1DL,Semi-Detached,Established,Freehold,190,,MERTHYR ROAD,WHITCHURCH,CARDIFF,CARDIFF,CARDIFF,Standard,Addition,51.5081680000,-3.2016300000
245000,2008-07-11 00:00:00Z,CF14 1HR,Detached,Established,Freehold,1,,FRANKLEN ROAD,CARDIFF,CARDIFF,CARDIFF,CARDIFF,Standard,Addition,51.5087040000,-3.2063850000
125250,2008-07-25 00:00:00Z,CF14 2RW,Semi-Detached,Established,Freehold,28,,ABERPORTH ROAD,CARDIFF,CARDIFF,CARDIFF,CARDIFF,Standard,Addition,51.5019940000,-3.2065110000
150000,2008-08-14 00:00:00Z,CF14 3HJ,Semi-Detached,Established,Freehold,6,,PENNARD PLACE,CARDIFF,CARDIFF,CARDIFF,CARDIFF,Standard,Addition,51.5045480000,-3.2003540000
192500,2008-04-28 00:00:00Z,CF14 1HU,Semi-Detached,Established,Freehold,15,,TWYN Y FEDWEN ROAD,CARDIFF,CARDIFF,CARDIFF,CARDIFF,Standard,Addition,51.5077610000,-3.2027580000
198000,2008-06-26 00:00:00Z,CF14 4AJ,Terraced,Established,Freehold,40,,NORTON AVENUE,CARDIFF,CARDIFF,CARDIFF,CARDIFF,Standard,Addition,51.5095140000,-3.2010460000
140000,2008-02-22 00:00:00Z,CF14 2RZ,Terraced,Established,Freehold,8,,ABERTEIFI CLOSE,CARDIFF,CARDIFF,CARDIFF,CARDIFF,Standard,Addition,51.5028830000,-3.2074850000
105000,2008-04-23 00:00:00Z,CF14 1EE,Semi-Detached,Established,Leasehold,23,,RETFORD COURT,CARDIFF,CARDIFF,CARDIFF,CARDIFF,Standard,Addition,51.5098880000,-3.2092840000
127500,2008-08-22 00:00:00Z,CF14 3EE,Semi-Detached,Established,Freehold,10,,PORTHKERRY PLACE,CARDIFF,CARDIFF,CARDIFF,CARDIFF,Standard,Addition,51.5026980000,-3.2010260000
240000,2008-02-15 00:00:00Z,CF14 1HN,Semi-Detached,Established,Freehold,39,,COURT ROAD,WHITCHURCH,CARDIFF,CARDIFF,CARDIFF,Standard,Addition,51.5067720000,-3.2096770000
180000,2008-04-21 00:00:00Z,CF14 1HB,Semi-Detached,Established,Leasehold,3,,HEOL MADOC,CARDIFF,CARDIFF,CARDIFF,CARDIFF,Standard,Addition,51.5087660000,-3.2090960000
222500,2008-04-04 00:00:00Z,CF14 1HQ,Semi-Detached,Established,Leasehold,18,,CRADOC ROAD,CARDIFF,CARDIFF,CARDIFF,CARDIFF,Standard,Addition,51.5086740000,-3.2075370000
170000,2008-05-09 00:00:00Z,CF14 3HN,Semi-Detached,Established,Freehold,192,,MYNACHDY ROAD,CARDIFF,CARDIFF,CARDIFF,CARDIFF,Standard,Addition,51.5037330000,-3.2036410000
146000,2008-09-04 00:00:00Z,CF14 3EB,Semi-Detached,Established,Freehold,140,,MYNACHDY ROAD,CARDIFF,CARDIFF,CARDIFF,CARDIFF,Standard,Addition,51.5018970000,-3.2010620000
125000,2008-03-28 00:00:00Z,CF14 3HJ,Semi-Detached,Established,Freehold,1,,PENNARD PLACE,CARDIFF,CARDIFF,CARDIFF,CARDIFF,Standard,Addition,51.5045480000,-3.2003540000
197500,2008-12-12 00:00:00Z,CF14 1HB,Semi-Detached,Established,Freehold,15,,HEOL MADOC,CARDIFF,CARDIFF,CARDIFF,CARDIFF,Standard,Addition,51.5087660000,-3.2090960000
174000,2008-01-11 00:00:00Z,CF14 4AJ,Semi-Detached,Established,Freehold,15,,NORTON AVENUE,CARDIFF,CARDIFF,CARDIFF,CARDIFF,Standard,Addition,51.5095140000,-3.2010460000
202500,2008-04-30 00:00:00Z,CF14 1EA,Semi-Detached,Established,Freehold,36,,THE PHILOG,CARDIFF,CARDIFF,CARDIFF,CARDIFF,Standard,Addition,51.5093780000,-3.2081040000
175000,2008-10-22 00:00:00Z,CF14 1DZ,Terraced,Established,Freehold,43,,THE PHILOG,CARDIFF,CARDIFF,CARDIFF,CARDIFF,Standard,Addition,51.5096350000,-3.2058330000
200000,2008-02-29 00:00:00Z,CF14 1EL,Semi-Detached,Established,Freehold,10,,SILVER BIRCH CLOSE,CARDIFF,CARDIFF,CARDIFF,CARDIFF,Standard,Addition,51.5052930000,-3.2048690000
105000,2008-04-04 00:00:00Z,CF14 1EE,Flats/Maisonettes,Established,Leasehold,RETFORD COURT,FLAT 24,THE PHILOG,,CARDIFF,CARDIFF,CARDIFF,Standard,Addition,51.5098880000,-3.2092840000
85000,2008-12-12 00:00:00Z,CF14 2RX,Terraced,Established,Freehold,9,,ABERPORTH ROAD,CARDIFF,CARDIFF,CARDIFF,CARDIFF,Standard,Addition,51.5024730000,-3.2097650000
190000,2008-04-04 00:00:00Z,CF14 4AA,Semi-Detached,Established,Freehold,36,,RICHS ROAD,CARDIFF,CARDIFF,CARDIFF,CARDIFF,Standard,Addition,51.5095940000,-3.2019850000
226000,2008-04-22 00:00:00Z,CF14 1HU,Semi-Detached,Established,Freehold,26,,TWYN Y FEDWEN ROAD,CARDIFF,CARDIFF,CARDIFF,CARDIFF,Standard,Addition,51.5077610000,-3.2027580000
220000,2009-08-24 00:00:00Z,CF14 1HN,Semi-Detached,Established,Freehold,7,,COURT ROAD,WHITCHURCH,CARDIFF,CARDIFF,CARDIFF,Standard,Addition,51.5067720000,-3.2096770000
100000,2009-09-30 00:00:00Z,CF14 3HX,Flats/Maisonettes,New Build,Leasehold,KEMYS COURT,2,APPLEDORE ROAD,,CARDIFF,CARDIFF,CARDIFF,Standard,Addition,51.5043960000,-3.2065230000
100000,2009-09-30 00:00:00Z,CF14 3HX,Flats/Maisonettes,New Build,Leasehold,KEMYS COURT,3,APPLEDORE ROAD,,CARDIFF,CARDIFF,CARDIFF,Standard,Addition,51.5043960000,-3.2065230000
87500,2009-02-25 00:00:00Z,CF14 1BZ,Flats/Maisonettes,Established,Leasehold,BATON COURT,FLAT 7,THE PHILOG,CARDIFF,CARDIFF,CARDIFF,CARDIFF,Standard,Addition,51.5096440000,-3.2050270000
187500,2009-11-13 00:00:00Z,CF14 1EL,Semi-Detached,Established,Freehold,45,,SILVER BIRCH CLOSE,,CARDIFF,CARDIFF,CARDIFF,Standard,Addition,51.5052930000,-3.2048690000
183000,2009-11-27 00:00:00Z,CF14 1RA,Semi-Detached,Established,Freehold,5,,MANOR WAY,,CARDIFF,CARDIFF,CARDIFF,Standard,Addition,51.5095310000,-3.2037410000
182995,2009-06-24 00:00:00Z,CF14 4AJ,Terraced,Established,Freehold,6,,NORTON AVENUE,,CARDIFF,CARDIFF,CARDIFF,Standard,Addition,51.5095140000,-3.2010460000
92500,2009-02-25 00:00:00Z,CF14 1JY,Semi-Detached,Established,Freehold,146,,HEOL GABRIEL,,CARDIFF,CARDIFF,CARDIFF,Standard,Addition,51.5070590000,-3.2054490000
150000,2009-11-20 00:00:00Z,CF14 1EL,Terraced,Established,Freehold,52,,SILVER BIRCH CLOSE,,CARDIFF,CARDIFF,CARDIFF,Standard,Addition,51.5052930000,-3.2048690000
141000,2009-08-07 00:00:00Z,CF14 1EE,Flats/Maisonettes,Established,Leasehold,RETFORD COURT,FLAT 24,THE PHILOG,,CARDIFF,CARDIFF,CARDIFF,Standard,Addition,51.5098880000,-3.2092840000
160000,2009-12-18 00:00:00Z,CF14 2SE,Terraced,Established,Freehold,24,,WESTERN DRIVE,,CARDIFF,CARDIFF,CARDIFF,Standard,Addition,51.5010290000,-3.2076670000
130000,2009-12-04 00:00:00Z,CF14 1EE,Flats/Maisonettes,Established,Leasehold,23,,RETFORD COURT,,CARDIFF,CARDIFF,CARDIFF,Standard,Addition,51.5098880000,-3.2092840000
95000,2009-08-07 00:00:00Z,CF14 3HQ,Semi-Detached,Established,Freehold,13,,GARTH PLACE,,CARDIFF,CARDIFF,CARDIFF,Standard,Addition,51.5038490000,-3.2028800000
130000,2009-06-22 00:00:00Z,CF14 1ED,Terraced,Established,Freehold,156,,THE PHILOG,,CARDIFF,CARDIFF,CARDIFF,Standard,Addition,51.5090700000,-3.2040170000
165000,2009-09-30 00:00:00Z,CF14 1RA,Semi-Detached,Established,Freehold,9,,MANOR WAY,,CARDIFF,CARDIFF,CARDIFF,Standard,Addition,51.5095310000,-3.2037410000
142500,2009-07-03 00:00:00Z,CF14 2SE,Semi-Detached,Established,Freehold,3,,WESTERN DRIVE,,CARDIFF,CARDIFF,CARDIFF,Standard,Addition,51.5010290000,-3.2076670000
154000,2009-02-27 00:00:00Z,CF14 1EG,Semi-Detached,Established,Freehold,11,,CELTIC ROAD,CARDIFF,CARDIFF,CARDIFF,CARDIFF,Standard,Addition,51.5065460000,-3.2019770000
150000,2009-06-12 00:00:00Z,CF14 1HZ,Semi-Detached,Established,Freehold,25,,BIRCHWOOD GARDENS,,CARDIFF,CARDIFF,CARDIFF,Standard,Addition,51.5061500000,-3.2047420000
175000,2009-12-17 00:00:00Z,CF14 4AJ,Terraced,Established,Freehold,14,,NORTON AVENUE,,CARDIFF,CARDIFF,CARDIFF,Standard,Addition,51.5095140000,-3.2010460000
128500,2009-08-19 00:00:00Z,CF14 3DY,Terraced,Established,Freehold,119,,MYNACHDY ROAD,,CARDIFF,CARDIFF,CARDIFF,Standard,Addition,51.5017130000,-3.2014890000
167500,2009-09-21 00:00:00Z,CF14 1HU,Semi-Detached,Established,Freehold,1,,TWYN Y FEDWEN ROAD,,CARDIFF,CARDIFF,CARDIFF,Standard,Addition,51.5077610000,-3.2027580000
100000,2009-09-30 00:00:00Z,CF14 3HX,Flats/Maisonettes,New Build,Leasehold,KEMYS COURT,4,APPLEDORE ROAD,,CARDIFF,CARDIFF,CARDIFF,Standard,Addition,51.5043960000,-3.2065230000
241000,2009-04-17 00:00:00Z,CF14 1HB,Semi-Detached,Established,Freehold,3,,HEOL MADOC,,CARDIFF,CARDIFF,CARDIFF,Standard,Addition,51.5087660000,-3.2090960000
173000,2009-12-02 00:00:00Z,CF14 1RA,Semi-Detached,Established,Freehold,7,,MANOR WAY,,CARDIFF,CARDIFF,CARDIFF,Standard,Addition,51.5095310000,-3.2037410000
261000,2009-11-20 00:00:00Z,CF14 1EQ,Detached,Established,Freehold,50,,SUNNYBANK CLOSE,,CARDIFF,CARDIFF,CARDIFF,Standard,Addition,51.5061630000,-3.2033500000
92500,2009-03-11 00:00:00Z,CF14 1JY,Semi-Detached,Established,Freehold,146,,HEOL GABRIEL,CARDIFF,CARDIFF,CARDIFF,CARDIFF,Standard,Addition,51.5070590000,-3.2054490000
198000,2009-06-24 00:00:00Z,CF14 4AJ,Semi-Detached,Established,Freehold,3,,NORTON AVENUE,,CARDIFF,CARDIFF,CARDIFF,Standard,Addition,51.5095140000,-3.2010460000
170000,2009-11-06 00:00:00Z,CF14 1EA,Semi-Detached,Established,Freehold,38,,THE PHILOG,,CARDIFF,CARDIFF,CARDIFF,Standard,Addition,51.5093780000,-3.2081040000
170000,2009-08-06 00:00:00Z,CF14 1RU,Semi-Detached,Established,Freehold,102,,BIRCHGROVE ROAD,,CARDIFF,CARDIFF,CARDIFF,Standard,Addition,51.5098650000,-3.2045280000
235000,2009-10-15 00:00:00Z,CF14 1EQ,Terraced,Established,Freehold,18,,SUNNYBANK CLOSE,,CARDIFF,CARDIFF,CARDIFF,Standard,Addition,51.5061630000,-3.2033500000
160000,2009-10-06 00:00:00Z,CF14 1HZ,Semi-Detached,Established,Freehold,111,,BIRCHWOOD GARDENS,,CARDIFF,CARDIFF,CARDIFF,Standard,Addition,51.5061500000,-3.2047420000
100000,2009-08-19 00:00:00Z,CF14 2RX,Terraced,Established,Freehold,63,,ABERPORTH ROAD,,CARDIFF,CARDIFF,CARDIFF,Standard,Addition,51.5024730000,-3.2097650000
156000,2009-08-07 00:00:00Z,CF14 1EL,Terraced,Established,Freehold,51,,SILVER BIRCH CLOSE,,CARDIFF,CARDIFF,CARDIFF,Standard,Addition,51.5052930000,-3.2048690000
102000,2009-10-14 00:00:00Z,CF14 2SG,Terraced,Established,Freehold,9,,GABALFA AVENUE,,CARDIFF,CARDIFF,CARDIFF,Standard,Addition,51.5002100000,-3.2095470000
115000,2009-10-12 00:00:00Z,CF14 3HT,Semi-Detached,Established,Freehold,4,,KEMYS PLACE,,CARDIFF,CARDIFF,CARDIFF,Standard,Addition,51.5042540000,-3.2056630000
185000,2009-10-16 00:00:00Z,CF14 1JR,Semi-Detached,Established,Freehold,4,,COURT CLOSE,,CARDIFF,CARDIFF,CARDIFF,Standard,Addition,51.5056770000,-3.2069250000
165000,2009-10-30 00:00:00Z,CF14 1HS,Terraced,Established,Freehold,7,,WAUNTREODA ROAD,,CARDIFF,CARDIFF,CARDIFF,Standard,Addition,51.5086690000,-3.2053470000
202000,2009-11-13 00:00:00Z,CF14 1HX,Semi-Detached,Established,Freehold,15,,KENFIG ROAD,,CARDIFF,CARDIFF,CARDIFF,Standard,Addition,51.5067910000,-3.2008310000
210000,2009-07-10 00:00:00Z,CF14 1HY,Detached,Established,Freehold,20,,BIRCHWOOD GARDENS,,CARDIFF,CARDIFF,CARDIFF,Standard,Addition,51.5063850000,-3.2053880000
100000,2009-09-30 00:00:00Z,CF14 3HX,Flats/Maisonettes,New Build,Leasehold,KEMYS COURT,1,APPLEDORE ROAD,,CARDIFF,CARDIFF,CARDIFF,Standard,Addition,51.5043960000,-3.2065230000
67500,2009-01-26 00:00:00Z,CF14 1HS,Terraced,Established,Freehold,12,,WAUNTREODA ROAD,CARDIFF,CARDIFF,CARDIFF,CARDIFF,Standard,Addition,51.5086690000,-3.2053470000
236500,2009-07-17 00:00:00Z,CF14 1HQ,Semi-Detached,Established,Freehold,7,,CRADOC ROAD,,CARDIFF,CARDIFF,CARDIFF,Standard,Addition,51.5086740000,-3.2075370000
90000,2009-07-24 00:00:00Z,CF14 1EE,Flats/Maisonettes,Established,Leasehold,14,,RETFORD COURT,,CARDIFF,CARDIFF,CARDIFF,Standard,Addition,51.5098880000,-3.2092840000
190000,2010-11-22 00:00:00Z,CF14 1JR,Semi-Detached,Established,Freehold,3,,COURT CLOSE,,CARDIFF,CARDIFF,CARDIFF,Standard,Addition,51.5056770000,-3.2069250000
145000,2010-08-10 00:00:00Z,CF14 3EE,Semi-Detached,Established,Freehold,23,,PORTHKERRY PLACE,,CARDIFF,CARDIFF,CARDIFF,Standard,Addition,51.5026980000,-3.2010260000
146500,2010-06-07 00:00:00Z,CF14 3HN,Semi-Detached,Established,Freehold,172,,MYNACHDY ROAD,,CARDIFF,CARDIFF,CARDIFF,Standard,Addition,51.5037330000,-3.2036410000
142000,2010-01-21 00:00:00Z,CF14 3HL,Terraced,Established,Freehold,204,,MYNACHDY ROAD,,CARDIFF,CARDIFF,CARDIFF,Standard,Addition,51.5036900000,-3.2051580000
152500,2010-08-04 00:00:00Z,CF14 3HL,Semi-Detached,Established,Freehold,187,,MYNACHDY ROAD,,CARDIFF,CARDIFF,CARDIFF,Standard,Addition,51.5036900000,-3.2051580000
190000,2010-10-29 00:00:00Z,CF14 1DL,Semi-Detached,Established,Freehold,190,,MERTHYR ROAD,WHITCHURCH,CARDIFF,CARDIFF,CARDIFF,Standard,Addition,51.5081680000,-3.2016300000
150000,2010-09-06 00:00:00Z,CF14 1HZ,Terraced,Established,Freehold,15,,BIRCHWOOD GARDENS,,CARDIFF,CARDIFF,CARDIFF,Standard,Addition,51.5061500000,-3.2047420000
180000,2010-08-13 00:00:00Z,CF14 1HU,Semi-Detached,Established,Freehold,32,,TWYN Y FEDWEN ROAD,,CARDIFF,CARDIFF,CARDIFF,Standard,Addition,51.5077610000,-3.2027580000
165000,2010-04-19 00:00:00Z,CF14 1HY,Detached,Established,Freehold,2,,BIRCHWOOD GARDENS,,CARDIFF,CARDIFF,CARDIFF,Standard,Addition,51.5063850000,-3.2053880000
225000,2010-09-10 00:00:00Z,CF14 1HN,Semi-Detached,Established,Freehold,3,,COURT ROAD,WHITCHURCH,CARDIFF,CARDIFF,CARDIFF,Standard,Addition,51.5067720000,-3.2096770000
210000,2010-02-26 00:00:00Z,CF14 4AJ,Semi-Detached,Established,Freehold,33,,NORTON AVENUE,,CARDIFF,CARDIFF,CARDIFF,Standard,Addition,51.5095140000,-3.2010460000
139000,2010-11-24 00:00:00Z,CF14 1HS,Terraced,Established,Freehold,18,,WAUNTREODA ROAD,,CARDIFF,CARDIFF,CARDIFF,Standard,Addition,51.5086690000,-3.2053470000
258000,2010-05-21 00:00:00Z,CF14 1HB,Detached,Established,Freehold,12,,HEOL MADOC,,CARDIFF,CARDIFF,CARDIFF,Standard,Addition,51.5087660000,-3.2090960000
230000,2010-03-26 00:00:00Z,CF14 1HF,Detached,Established,Freehold,15,,HEOL Y GORS,WHITCHURCH,CARDIFF,CARDIFF,CARDIFF,Standard,Addition,51.5077960000,-3.2063180000
111000,2010-06-18 00:00:00Z,CF14 2RX,Terraced,Established,Freehold,71,,ABERPORTH ROAD,,CARDIFF,CARDIFF,CARDIFF,Standard,Addition,51.5024730000,-3.2097650000
120000,2010-12-06 00:00:00Z,CF14 2RW,Semi-Detached,Established,Freehold,14,,ABERPORTH ROAD,,CARDIFF,CARDIFF,CARDIFF,Standard,Addition,51.5019940000,-3.2065110000
166000,2010-03-09 00:00:00Z,CF14 4AA,Semi-Detached,Established,Freehold,26,,RICHS ROAD,,CARDIFF,CARDIFF,CARDIFF,Standard,Addition,51.5095940000,-3.2019850000
115000,2010-01-21 00:00:00Z,CF14 1EF,Flats/Maisonettes,Established,Leasehold,PHILOG COURT,FLAT 5,THE PHILOG,,CARDIFF,CARDIFF,CARDIFF,Standard,Addition,51.5097230000,-3.2069020000
270000,2010-07-23 00:00:00Z,CF14 1HU,Semi-Detached,Established,Freehold,34,,TWYN Y FEDWEN ROAD,,CARDIFF,CARDIFF,CARDIFF,Standard,Addition,51.5077610000,-3.2027580000
167000,2010-11-12 00:00:00Z,CF14 1RU,Terraced,Established,Freehold,110,,BIRCHGROVE ROAD,,CARDIFF,CARDIFF,CARDIFF,Standard,Addition,51.5098650000,-3.2045280000
249950,2010-12-17 00:00:00Z,CF14 1HP,Semi-Detached,Established,Freehold,5,,MAELOG ROAD,,CARDIFF,CARDIFF,CARDIFF,Standard,Addition,51.5087130000,-3.2080570000
215000,2010-11-23 00:00:00Z,CF14 1ED,Terraced,Established,Freehold,140,,THE PHILOG,,CARDIFF,CARDIFF,CARDIFF,Standard,Addition,51.5090700000,-3.2040170000
170000,2010-06-16 00:00:00Z,CF14 1HT,Terraced,Established,Freehold,2,,VIOLET PLACE,,CARDIFF,CARDIFF,CARDIFF,Standard,Addition,51.5085520000,-3.2044790000
185000,2010-06-03 00:00:00Z,CF14 1HX,Semi-Detached,Established,Freehold,10,,KENFIG ROAD,,CARDIFF,CARDIFF,CARDIFF,Standard,Addition,51.5067910000,-3.2008310000
145000,2010-04-30 00:00:00Z,CF14 1HT,Terraced,Established,Freehold,16,,VIOLET PLACE,,CARDIFF,CARDIFF,CARDIFF,Standard,Addition,51.5085520000,-3.2044790000
221000,2010-12-20 00:00:00Z,CF14 4AB,Semi-Detached,Established,Freehold,4,,LON Y GROES,,CARDIFF,CARDIFF,CARDIFF,Standard,Addition,51.5086260000,-3.2007920000
195000,2010-09-01 00:00:00Z,CF14 1EL,Semi-Detached,Established,Freehold,125,,SILVER BIRCH CLOSE,,CARDIFF,CARDIFF,CARDIFF,Standard,Addition,51.5052930000,-3.2048690000
250000,2010-01-21 00:00:00Z,CF14 1HG,Detached,Established,Freehold,37,,HEOL Y GORS,WHITCHURCH,CARDIFF,CARDIFF,CARDIFF,Standard,Addition,51.5078710000,-3.2086690000
135500,2010-03-15 00:00:00Z,CF14 2SE,Semi-Detached,Established,Freehold,3,,WESTERN DRIVE,,CARDIFF,CARDIFF,CARDIFF,Standard,Addition,51.5010290000,-3.2076670000
160000,2010-11-29 00:00:00Z,CF14 3HL,Semi-Detached,Established,Freehold,169,,MYNACHDY ROAD,,CARDIFF,CARDIFF,CARDIFF,Standard,Addition,51.5036900000,-3.2051580000
160000,2010-12-21 00:00:00Z,CF14 1HT,Terraced,Established,Freehold,10,,VIOLET PLACE,,CARDIFF,CARDIFF,CARDIFF,Standard,Addition,51.5085520000,-3.2044790000
153000,2010-10-20 00:00:00Z,CF14 4AA,Semi-Detached,Established,Freehold,1,,RICHS ROAD,,CARDIFF,CARDIFF,CARDIFF,Standard,Addition,51.5095940000,-3.2019850000
249950,2010-12-03 00:00:00Z,CF14 1EB,Terraced,Established,Freehold,88,,THE PHILOG,,CARDIFF,CARDIFF,CARDIFF,Standard,Addition,51.5092650000,-3.2060400000
105000,2011-05-06 00:00:00Z,CF14 2SG,Terraced,Established,Freehold,23,,GABALFA AVENUE,,CARDIFF,CARDIFF,CARDIFF,Standard,Addition,51.5002100000,-3.2095470000
54950,2011-11-25 00:00:00Z,CF14 1BZ,Flats/Maisonettes,Established,Leasehold,BATON COURT,FLAT 7,THE PHILOG,,CARDIFF,CARDIFF,CARDIFF,Standard,Addition,51.5096440000,-3.2050270000
170000,2011-11-17 00:00:00Z,CF14 1HE,Semi-Detached,Established,Freehold,CHARWIN,,HEOL Y GORS,WHITCHURCH,CARDIFF,CARDIFF,CARDIFF,Standard,Addition,51.5080290000,-3.2046240000
125000,2011-06-09 00:00:00Z,CF14 1HU,Semi-Detached,Established,Freehold,17,,TWYN Y FEDWEN ROAD,,CARDIFF,CARDIFF,CARDIFF,Standard,Addition,51.5077610000,-3.2027580000
110000,2011-05-20 00:00:00Z,CF14 2SE,Terraced,Established,Freehold,25,,WESTERN DRIVE,,CARDIFF,CARDIFF,CARDIFF,Standard,Addition,51.5010290000,-3.2076670000
235000,2011-03-22 00:00:00Z,CF14 1JY,Semi-Detached,Established,Freehold,103,,HEOL GABRIEL,,CARDIFF,CARDIFF,CARDIFF,Standard,Addition,51.5070590000,-3.2054490000
160000,2011-02-11 00:00:00Z,CF14 1EL,Detached,Established,Freehold,2,,SILVER BIRCH CLOSE,,CARDIFF,CARDIFF,CARDIFF,Standard,Addition,51.5052930000,-3.2048690000
245000,2011-07-22 00:00:00Z,CF14 1EL,Detached,Established,Freehold,2,,SILVER BIRCH CLOSE,,CARDIFF,CARDIFF,CARDIFF,Standard,Addition,51.5052930000,-3.2048690000
150000,2011-08-19 00:00:00Z,CF14 1HZ,Terraced,Established,Freehold,85,,BIRCHWOOD GARDENS,,CARDIFF,CARDIFF,CARDIFF,Standard,Addition,51.5061500000,-3.2047420000
185000,2011-02-24 00:00:00Z,CF14 4AB,Semi-Detached,Established,Freehold,14,,LON Y GROES,,CARDIFF,CARDIFF,CARDIFF,Standard,Addition,51.5086260000,-3.2007920000
160000,2011-11-10 00:00:00Z,CF14 3HR,Semi-Detached,Established,Freehold,2,,GILBERT PLACE,,CARDIFF,CARDIFF,CARDIFF,Standard,Addition,51.5033120000,-3.2051340000
106000,2011-04-15 00:00:00Z,CF14 2RX,Terraced,Established,Freehold,37,,ABERPORTH ROAD,,CARDIFF,CARDIFF,CARDIFF,Standard,Addition,51.5024730000,-3.2097650000
280000,2011-08-05 00:00:00Z,CF14 1HP,Detached,Established,Freehold,48B,PLOT 3,MAELOG ROAD,,CARDIFF,CARDIFF,CARDIFF,Standard,Addition,51.5087130000,-3.2080570000
170000,2011-11-11 00:00:00Z,CF14 1DZ,Terraced,Established,Freehold,55,,THE PHILOG,,CARDIFF,CARDIFF,CARDIFF,Standard,Addition,51.5096350000,-3.2058330000
149500,2011-05-24 00:00:00Z,CF14 2SR,Semi-Detached,Established,Freehold,64,,ABERDORE ROAD,,CARDIFF,CARDIFF,CARDIFF,Standard,Addition,51.5021230000,-3.2097700000
158500,2011-08-12 00:00:00Z,CF14 1HT,Terraced,Established,Freehold,15,,VIOLET PLACE,,CARDIFF,CARDIFF,CARDIFF,Standard,Addition,51.5085520000,-3.2044790000
195950,2011-04-01 00:00:00Z,CF14 4AJ,Terraced,Established,Freehold,36,,NORTON AVENUE,,CARDIFF,CARDIFF,CARDIFF,Standard,Addition,51.5095140000,-3.2010460000
150000,2011-07-08 00:00:00Z,CF14 1EG,Semi-Detached,Established,Freehold,7,,CELTIC ROAD,,CARDIFF,CARDIFF,CARDIFF,Standard,Addition,51.5065460000,-3.2019770000
259000,2011-01-20 00:00:00Z,CF14 1HG,Semi-Detached,Established,Freehold,49,,HEOL Y GORS,WHITCHURCH,CARDIFF,CARDIFF,CARDIFF,Standard,Addition,51.5078710000,-3.2086690000
190000,2011-12-16 00:00:00Z,CF14 1EA,Semi-Detached,Established,Freehold,56,,THE PHILOG,,CARDIFF,CARDIFF,CARDIFF,Standard,Addition,51.5093780000,-3.2081040000
245000,2011-05-20 00:00:00Z,CF14 1HG,Semi-Detached,Established,Freehold,54,,HEOL Y GORS,WHITCHURCH,CARDIFF,CARDIFF,CARDIFF,Standard,Addition,51.5078710000,-3.2086690000
157000,2011-07-22 00:00:00Z,CF14 1HS,Terraced,Established,Freehold,25,,WAUNTREODA ROAD,,CARDIFF,CARDIFF,CARDIFF,Standard,Addition,51.5086690000,-3.2053470000
146000,2011-03-18 00:00:00Z,CF14 1HT,Terraced,Established,Freehold,3,,VIOLET PLACE,,CARDIFF,CARDIFF,CARDIFF,Standard,Addition,51.5085520000,-3.2044790000
148500,2011-03-18 00:00:00Z,CF14 1HT,Terraced,Established,Freehold,18,,VIOLET PLACE,,CARDIFF,CARDIFF,CARDIFF,Standard,Addition,51.5085520000,-3.2044790000
187000,2011-06-03 00:00:00Z,CF14 4AB,Semi-Detached,Established,Freehold,7,,LON Y GROES,,CARDIFF,CARDIFF,CARDIFF,Standard,Addition,51.5086260000,-3.2007920000
200000,2011-04-19 00:00:00Z,CF14 1HG,Detached,Established,Freehold,41,,HEOL Y GORS,WHITCHURCH,CARDIFF,CARDIFF,CARDIFF,Standard,Addition,51.5078710000,-3.2086690000
210000,2011-10-21 00:00:00Z,CF14 1EB,Terraced,Established,Freehold,100,,THE PHILOG,,CARDIFF,CARDIFF,CARDIFF,Standard,Addition,51.5092650000,-3.2060400000
100000,2011-04-14 00:00:00Z,CF14 1EE,Flats/Maisonettes,Established,Leasehold,2,,RETFORD COURT,,CARDIFF,CARDIFF,CARDIFF,Standard,Addition,51.5098880000,-3.2092840000
156000,2011-02-25 00:00:00Z,CF14 1HZ,Semi-Detached,Established,Freehold,105,,BIRCHWOOD GARDENS,,CARDIFF,CARDIFF,CARDIFF,Standard,Addition,51.5061500000,-3.2047420000
225000,2011-01-28 00:00:00Z,CF14 4AA,Semi-Detached,Established,Freehold,38,,RICHS ROAD,,CARDIFF,CARDIFF,CARDIFF,Standard,Addition,51.5095940000,-3.2019850000
169000,2011-07-18 00:00:00Z,CF14 1HY,Terraced,Established,Freehold,46,,BIRCHWOOD GARDENS,,CARDIFF,CARDIFF,CARDIFF,Standard,Addition,51.5063850000,-3.2053880000
180000,2011-04-15 00:00:00Z,CF14 1JY,Semi-Detached,Established,Freehold,156,,HEOL GABRIEL,,CARDIFF,CARDIFF,CARDIFF,Standard,Addition,51.5070590000,-3.2054490000
335000,2011-10-25 00:00:00Z,CF14 1HE,Semi-Detached,Established,Freehold,12,,HEOL Y GORS,WHITCHURCH,CARDIFF,CARDIFF,CARDIFF,Standard,Addition,51.5080290000,-3.2046240000
185000,2011-11-25 00:00:00Z,CF14 1EA,Semi-Detached,Established,Freehold,48,,THE PHILOG,,CARDIFF,CARDIFF,CARDIFF,Standard,Addition,51.5093780000,-3.2081040000
205000,2011-10-14 00:00:00Z,CF14 1JY,Semi-Detached,Established,Freehold,138,,HEOL GABRIEL,,CARDIFF,CARDIFF,CARDIFF,Standard,Addition,51.5070590000,-3.2054490000
80000,2011-01-28 00:00:00Z,CF14 1EF,Semi-Detached,Established,Leasehold,11,,PHILOG COURT,,CARDIFF,CARDIFF,CARDIFF,Standard,Addition,51.5097230000,-3.2069020000
165000,2011-06-06 00:00:00Z,CF14 1EL,Semi-Detached,Established,Freehold,16,,SILVER BIRCH CLOSE,,CARDIFF,CARDIFF,CARDIFF,Standard,Addition,51.5052930000,-3.2048690000
134000,2011-08-09 00:00:00Z,CF14 2SG,Terraced,Established,Freehold,25,,GABALFA AVENUE,,CARDIFF,CARDIFF,CARDIFF,Standard,Addition,51.5002100000,-3.2095470000
175000,2011-03-11 00:00:00Z,CF14 1RU,Semi-Detached,Established,Freehold,104,,BIRCHGROVE ROAD,,CARDIFF,CARDIFF,CARDIFF,Standard,Addition,51.5098650000,-3.2045280000
150000,2011-11-30 00:00:00Z,CF14 1EL,Semi-Detached,Established,Freehold,35,,SILVER BIRCH CLOSE,,CARDIFF,CARDIFF,CARDIFF,Standard,Addition,51.5052930000,-3.2048690000
172000,2011-07-19 00:00:00Z,CF14 1HT,Terraced,Established,Freehold,6,,VIOLET PLACE,,CARDIFF,CARDIFF,CARDIFF,Standard,Addition,51.5085520000,-3.2044790000
167000,2011-10-28 00:00:00Z,CF14 1HZ,Terraced,Established,Freehold,93,,BIRCHWOOD GARDENS,,CARDIFF,CARDIFF,CARDIFF,Standard,Addition,51.5061500000,-3.2047420000
186000,2011-03-25 00:00:00Z,CF14 4AJ,Terraced,Established,Freehold,30,,NORTON AVENUE,,CARDIFF,CARDIFF,CARDIFF,Standard,Addition,51.5095140000,-3.2010460000
265000,2011-08-17 00:00:00Z,CF14 1EQ,Detached,Established,Freehold,38,,SUNNYBANK CLOSE,,CARDIFF,CARDIFF,CARDIFF,Standard,Addition,51.5061630000,-3.2033500000
100000,2011-08-17 00:00:00Z,CF14 2SE,Terraced,Established,Freehold,17,,WESTERN DRIVE,,CARDIFF,CARDIFF,CARDIFF,Standard,Addition,51.5010290000,-3.2076670000
232500,2011-04-21 00:00:00Z,CF14 1HN,Semi-Detached,Established,Freehold,33,,COURT ROAD,WHITCHURCH,CARDIFF,CARDIFF,CARDIFF,Standard,Addition,51.5067720000,-3.2096770000
135000,2012-05-31 00:00:00Z,CF14 3HS,Semi-Detached,Established,Freehold,52,,CEFN ROAD,,CARDIFF,CARDIFF,CARDIFF,Standard,Addition,51.5042910000,-3.2079260000
238000,2012-09-14 00:00:00Z,CF14 1HZ,Detached,Established,Freehold,53,,BIRCHWOOD GARDENS,,CARDIFF,CARDIFF,CARDIFF,Standard,Addition,51.5061500000,-3.2047420000
239000,2012-02-08 00:00:00Z,CF14 1HQ,Semi-Detached,Established,Freehold,18,,CRADOC ROAD,,CARDIFF,CARDIFF,CARDIFF,Standard,Addition,51.5086740000,-3.2075370000
140000,2012-12-19 00:00:00Z,CF14 1HP,Semi-Detached,Established,Freehold,2,,MAELOG ROAD,,CARDIFF,CARDIFF,CARDIFF,Standard,Addition,51.5087130000,-3.2080570000
144500,2012-09-18 00:00:00Z,CF14 3DY,Semi-Detached,Established,Freehold,109,,MYNACHDY ROAD,,CARDIFF,CARDIFF,CARDIFF,Standard,Addition,51.5017130000,-3.2014890000
130000,2012-03-09 00:00:00Z,CF14 1EE,Flats/Maisonettes,Established,Leasehold,23,,RETFORD COURT,,CARDIFF,CARDIFF,CARDIFF,Standard,Addition,51.5098880000,-3.2092840000
120000,2012-07-25 00:00:00Z,CF14 1EE,Flats/Maisonettes,Established,Leasehold,22,FLAT,RETFORD COURT,,CARDIFF,CARDIFF,CARDIFF,Standard,Addition,51.5098880000,-3.2092840000
206000,2012-10-26 00:00:00Z,CF14 1JY,Semi-Detached,Established,Freehold,154,,HEOL GABRIEL,,CARDIFF,CARDIFF,CARDIFF,Standard,Addition,51.5070590000,-3.2054490000
147000,2012-09-28 00:00:00Z,CF14 1EL,Semi-Detached,Established,Freehold,34,,SILVER BIRCH CLOSE,,CARDIFF,CARDIFF,CARDIFF,Standard,Addition,51.5052930000,-3.2048690000
170000,2012-10-19 00:00:00Z,CF14 1EG,Terraced,Established,Freehold,11,,CELTIC ROAD,,CARDIFF,CARDIFF,CARDIFF,Standard,Addition,51.5065460000,-3.2019770000
212500,2012-09-12 00:00:00Z,CF14 1JX,Semi-Detached,Established,Freehold,71,,HEOL GABRIEL,,CARDIFF,CARDIFF,CARDIFF,Standard,Addition,51.5066190000,-3.2070940000
178000,2012-07-20 00:00:00Z,CF14 1EL,Detached,Established,Freehold,49,,SILVER BIRCH CLOSE,,CARDIFF,CARDIFF,CARDIFF,Standard,Addition,51.5052930000,-3.2048690000
215000,2012-01-20 00:00:00Z,CF14 1JY,Semi-Detached,Established,Freehold,146,,HEOL GABRIEL,,CARDIFF,CARDIFF,CARDIFF,Standard,Addition,51.5070590000,-3.2054490000
237000,2012-09-18 00:00:00Z,CF14 4AA,Semi-Detached,Established,Freehold,8,,RICHS ROAD,,CARDIFF,CARDIFF,CARDIFF,Standard,Addition,51.5095940000,-3.2019850000
123000,2012-06-22 00:00:00Z,CF14 3HU,Semi-Detached,Established,Freehold,39,,APPLEDORE ROAD,,CARDIFF,CARDIFF,CARDIFF,Standard,Addition,51.5043530000,-3.2018470000
125000,2012-01-20 00:00:00Z,CF14 2RW,Semi-Detached,Established,Freehold,28,,ABERPORTH ROAD,,CARDIFF,CARDIFF,CARDIFF,Standard,Addition,51.5019940000,-3.2065110000
225000,2012-05-25 00:00:00Z,CF14 1HN,Semi-Detached,Established,Freehold,40,,COURT ROAD,WHITCHURCH,CARDIFF,CARDIFF,CARDIFF,Standard,Addition,51.5067720000,-3.2096770000
196000,2012-12-21 00:00:00Z,CF14 1HX,Semi-Detached,Established,Leasehold,2,,KENFIG ROAD,,CARDIFF,CARDIFF,CARDIFF,Standard,Addition,51.5067910000,-3.2008310000
208000,2012-03-01 00:00:00Z,CF14 4AA,Semi-Detached,Established,Freehold,32,,RICHS ROAD,,CARDIFF,CARDIFF,CARDIFF,Standard,Addition,51.5095940000,-3.2019850000
160000,2012-06-29 00:00:00Z,CF14 1DY,Terraced,Established,Freehold,33,,THE PHILOG,,CARDIFF,CARDIFF,CARDIFF,Standard,Addition,51.5096890000,-3.2076510000
147000,2012-02-10 00:00:00Z,CF14 1HZ,Semi-Detached,Established,Freehold,17,,BIRCHWOOD GARDENS,,CARDIFF,CARDIFF,CARDIFF,Standard,Addition,51.5061500000,-3.2047420000
170000,2012-11-09 00:00:00Z,CF14 1HT,Terraced,Established,Freehold,3,,VIOLET PLACE,,CARDIFF,CARDIFF,CARDIFF,Standard,Addition,51.5085520000,-3.2044790000
200000,2012-03-02 00:00:00Z,CF14 1HW,Semi-Detached,Established,Freehold,6,,LLWYN DERW ROAD,,CARDIFF,CARDIFF,CARDIFF,Standard,Addition,51.5073290000,-3.2018680000
175000,2012-08-17 00:00:00Z,CF14 1EL,Semi-Detached,Established,Freehold,8,,SILVER BIRCH CLOSE,,CARDIFF,CARDIFF,CARDIFF,Standard,Addition,51.5052930000,-3.2048690000
230000,2012-06-08 00:00:00Z,CF14 1HF,Semi-Detached,Established,Freehold,20,,HEOL Y GORS,WHITCHURCH,CARDIFF,CARDIFF,CARDIFF,Standard,Addition,51.5077960000,-3.2063180000
170000,2012-06-08 00:00:00Z,CF14 1JR,Terraced,Established,Freehold,7,,COURT CLOSE,,CARDIFF,CARDIFF,CARDIFF,Standard,Addition,51.5056770000,-3.2069250000
180000,2012-06-01 00:00:00Z,CF14 1HS,Terraced,Established,Freehold,13,,WAUNTREODA ROAD,,CARDIFF,CARDIFF,CARDIFF,Standard,Addition,51.5086690000,-3.2053470000
237500,2012-10-19 00:00:00Z,CF14 1JY,Semi-Detached,Established,Freehold,97,,HEOL GABRIEL,,CARDIFF,CARDIFF,CARDIFF,Standard,Addition,51.5070590000,-3.2054490000
174000,2012-01-20 00:00:00Z,CF14 1HF,Terraced,Established,Freehold,34,,HEOL Y GORS,WHITCHURCH,CARDIFF,CARDIFF,CARDIFF,Standard,Addition,51.5077960000,-3.2063180000
197000,2012-01-16 00:00:00Z,CF14 1HP,Semi-Detached,Established,Freehold,TY MAELOG,,MAELOG ROAD,,CARDIFF,CARDIFF,CARDIFF,Standard,Addition,51.5087130000,-3.2080570000
195000,2012-06-29 00:00:00Z,CF14 1JX,Semi-Detached,Established,Freehold,122,,HEOL GABRIEL,,CARDIFF,CARDIFF,CARDIFF,Standard,Addition,51.5066190000,-3.2070940000
239000,2012-02-08 00:00:00Z,CF14 1HQ,Semi-Detached,Established,Leasehold,18,,CRADOC ROAD,,CARDIFF,CARDIFF,CARDIFF,Standard,Addition,51.5086740000,-3.2075370000
137000,2012-11-30 00:00:00Z,CF14 3HS,Semi-Detached,Established,Freehold,51,,CEFN ROAD,,CARDIFF,CARDIFF,CARDIFF,Standard,Addition,51.5042910000,-3.2079260000
150000,2012-11-23 00:00:00Z,CF14 1HZ,Semi-Detached,Established,Freehold,19,,BIRCHWOOD GARDENS,,CARDIFF,CARDIFF,CARDIFF,Standard,Addition,51.5061500000,-3.2047420000
130000,2012-09-05 00:00:00Z,CF14 1DL,Semi-Detached,Established,Freehold,194,,MERTHYR ROAD,WHITCHURCH,CARDIFF,CARDIFF,CARDIFF,Standard,Addition,51.5081680000,-3.2016300000
225000,2012-08-24 00:00:00Z,CF14 1HF,Semi-Detached,Established,Freehold,27,,HEOL Y GORS,WHITCHURCH,CARDIFF,CARDIFF,CARDIFF,Standard,Addition,51.5077960000,-3.2063180000
227000,2013-03-25 00:00:00Z,CF14 4AJ,Semi-Detached,Established,Freehold,37,,NORTON AVENUE,,CARDIFF,CARDIFF,CARDIFF,Standard,Addition,51.5095140000,-3.2010460000
130000,2013-09-19 00:00:00Z,CF14 1EE,Flats/Maisonettes,Established,Leasehold,4,,RETFORD COURT,,CARDIFF,CARDIFF,CARDIFF,Standard,Addition,51.5098880000,-3.2092840000
177000,2013-10-25 00:00:00Z,CF14 1DZ,Terraced,Established,Freehold,49,,THE PHILOG,,CARDIFF,CARDIFF,CARDIFF,Standard,Addition,51.5096350000,-3.2058330000
225000,2013-09-13 00:00:00Z,CF14 4AJ,Semi-Detached,Established,Freehold,33,,NORTON AVENUE,,CARDIFF,CARDIFF,CARDIFF,Standard,Addition,51.5095140000,-3.2010460000
190000,2013-10-24 00:00:00Z,CF14 1HS,Terraced,Established,Freehold,36,,WAUNTREODA ROAD,,CARDIFF,CARDIFF,CARDIFF,Standard,Addition,51.5086690000,-3.2053470000
228000,2013-05-31 00:00:00Z,CF14 1JY,Semi-Detached,Established,Freehold,140,,HEOL GABRIEL,,CARDIFF,CARDIFF,CARDIFF,Standard,Addition,51.5070590000,-3.2054490000
192500,2013-11-08 00:00:00Z,CF14 4AJ,Semi-Detached,Established,Freehold,13,,NORTON AVENUE,,CARDIFF,CARDIFF,CARDIFF,Standard,Addition,51.5095140000,-3.2010460000
207000,2013-11-26 00:00:00Z,CF14 1HW,Semi-Detached,Established,Freehold,14,,LLWYN DERW ROAD,,CARDIFF,CARDIFF,CARDIFF,Standard,Addition,51.5073290000,-3.2018680000
147000,2013-11-12 00:00:00Z,CF14 2RX,Terraced,Established,Freehold,31,,ABERPORTH ROAD,,CARDIFF,CARDIFF,CARDIFF,Standard,Addition,51.5024730000,-3.2097650000
143350,2013-08-12 00:00:00Z,CF14 1HS,Terraced,Established,Freehold,14,,WAUNTREODA ROAD,,CARDIFF,CARDIFF,CARDIFF,Standard,Addition,51.5086690000,-3.2053470000
101000,2013-05-09 00:00:00Z,CF14 1BZ,Flats/Maisonettes,Established,Leasehold,BATON COURT,FLAT 2,THE PHILOG,,CARDIFF,CARDIFF,CARDIFF,Standard,Addition,51.5096440000,-3.2050270000
125000,2013-11-15 00:00:00Z,CF14 2SG,Terraced,Established,Freehold,21,,GABALFA AVENUE,,CARDIFF,CARDIFF,CARDIFF,Standard,Addition,51.5002100000,-3.2095470000
212000,2013-12-06 00:00:00Z,CF14 1RU,Semi-Detached,Established,Freehold,104,,BIRCHGROVE ROAD,,CARDIFF,CARDIFF,CARDIFF,Standard,Addition,51.5098650000,-3.2045280000
325000,2013-11-29 00:00:00Z,CF14 1HP,Semi-Detached,Established,Freehold,2,,MAELOG ROAD,,CARDIFF,CARDIFF,CARDIFF,Standard,Addition,51.5087130000,-3.2080570000
170000,2013-07-05 00:00:00Z,CF14 1EG,Terraced,Established,Freehold,14,,CELTIC ROAD,,CARDIFF,CARDIFF,CARDIFF,Standard,Addition,51.5065460000,-3.2019770000
150000,2013-08-08 00:00:00Z,CF14 2SB,Terraced,Established,Freehold,102,,WESTERN AVENUE NORTH,,CARDIFF,CARDIFF,CARDIFF,Standard,Addition,51.5008740000,-3.2070140000
220000,2013-04-26 00:00:00Z,CF14 1DL,Semi-Detached,Established,Freehold,194,,MERTHYR ROAD,WHITCHURCH,CARDIFF,CARDIFF,CARDIFF,Standard,Addition,51.5081680000,-3.2016300000
245000,2013-05-08 00:00:00Z,CF14 1EL,Detached,Established,Freehold,131,,SILVER BIRCH CLOSE,,CARDIFF,CARDIFF,CARDIFF,Standard,Addition,51.5052930000,-3.2048690000
230500,2013-07-25 00:00:00Z,CF14 1ED,Terraced,Established,Freehold,116,,THE PHILOG,,CARDIFF,CARDIFF,CARDIFF,Standard,Addition,51.5090700000,-3.2040170000
238000,2013-12-12 00:00:00Z,CF14 1JW,Semi-Detached,Established,Freehold,70,,HEOL GABRIEL,,CARDIFF,CARDIFF,CARDIFF,Standard,Addition,51.5059340000,-3.2089920000
155000,2013-03-04 00:00:00Z,CF14 1HS,Terraced,Established,Freehold,21,,WAUNTREODA ROAD,,CARDIFF,CARDIFF,CARDIFF,Standard,Addition,51.5086690000,-3.2053470000
192500,2013-12-09 00:00:00Z,CF14 1HS,Terraced,Established,Freehold,28,,WAUNTREODA ROAD,,CARDIFF,CARDIFF,CARDIFF,Standard,Addition,51.5086690000,-3.2053470000
224000,2013-06-21 00:00:00Z,CF14 1JX,Semi-Detached,Established,Freehold,126,,HEOL GABRIEL,,CARDIFF,CARDIFF,CARDIFF,Standard,Addition,51.5066190000,-3.2070940000
239000,2013-06-24 00:00:00Z,CF14 1HW,Semi-Detached,Established,Freehold,3,,LLWYN DERW ROAD,,CARDIFF,CARDIFF,CARDIFF,Standard,Addition,51.5073290000,-3.2018680000
200000,2013-08-28 00:00:00Z,CF14 1HP,Semi-Detached,Established,Freehold,19,,MAELOG ROAD,,CARDIFF,CARDIFF,CARDIFF,Standard,Addition,51.5087130000,-3.2080570000
137500,2013-08-27 00:00:00Z,CF14 3HS,Semi-Detached,Established,Freehold,43,,CEFN ROAD,,CARDIFF,CARDIFF,CARDIFF,Standard,Addition,51.5042910000,-3.2079260000
167500,2013-09-09 00:00:00Z,CF14 1HT,Terraced,Established,Freehold,23,,VIOLET PLACE,,CARDIFF,CARDIFF,CARDIFF,Standard,Addition,51.5085520000,-3.2044790000
187000,2013-12-10 00:00:00Z,CF14 1EL,Semi-Detached,Established,Freehold,34,,SILVER BIRCH CLOSE,,CARDIFF,CARDIFF,CARDIFF,Standard,Addition,51.5052930000,-3.2048690000
155000,2013-06-21 00:00:00Z,CF14 1HY,Terraced,Established,Freehold,66,,BIRCHWOOD GARDENS,,CARDIFF,CARDIFF,CARDIFF,Standard,Addition,51.5063850000,-3.2053880000
130000,2013-05-29 00:00:00Z,CF14 3HU,Semi-Detached,Established,Freehold,18,,APPLEDORE ROAD,,CARDIFF,CARDIFF,CARDIFF,Standard,Addition,51.5043530000,-3.2018470000
248500,2013-08-19 00:00:00Z,CF14 1EB,Terraced,Established,Freehold,74,,THE PHILOG,,CARDIFF,CARDIFF,CARDIFF,Standard,Addition,51.5092650000,-3.2060400000
235000,2013-07-12 00:00:00Z,CF14 1EQ,Detached,Established,Freehold,18,,SUNNYBANK CLOSE,,CARDIFF,CARDIFF,CARDIFF,Standard,Addition,51.5061630000,-3.2033500000
137000,2013-05-03 00:00:00Z,CF14 3HW,Semi-Detached,Established,Freehold,65,,APPLEDORE ROAD,,CARDIFF,CARDIFF,CARDIFF,Standard,Addition,51.5043930000,-3.2040530000
140000,2013-05-24 00:00:00Z,CF14 2SR,Terraced,Established,Freehold,22,,ABERDORE ROAD,,CARDIFF,CARDIFF,CARDIFF,Standard,Addition,51.5021230000,-3.2097700000
233000,2013-09-13 00:00:00Z,CF14 1HU,Semi-Detached,Established,Freehold,32,,TWYN Y FEDWEN ROAD,,CARDIFF,CARDIFF,CARDIFF,Standard,Addition,51.5077610000,-3.2027580000
183000,2013-10-29 00:00:00Z,CF14 1HY,Terraced,Established,Freehold,4,,BIRCHWOOD GARDENS,,CARDIFF,CARDIFF,CARDIFF,Standard,Addition,51.5063850000,-3.2053880000
191000,2013-05-17 00:00:00Z,CF14 1HX,Semi-Detached,Established,Freehold,16,,KENFIG ROAD,,CARDIFF,CARDIFF,CARDIFF,Standard,Addition,51.5067910000,-3.2008310000
181500,2013-12-13 00:00:00Z,CF14 1RG,Semi-Detached,Established,Freehold,22,,MANOR WAY,,CARDIFF,CARDIFF,CARDIFF,Standard,Addition,51.5097000000,-3.2030540000
249995,2013-10-29 00:00:00Z,CF14 1HN,Semi-Detached,Established,Freehold,33,,COURT ROAD,WHITCHURCH,CARDIFF,CARDIFF,CARDIFF,Standard,Addition,51.5067720000,-3.2096770000
207500,2013-01-21 00:00:00Z,CF14 1JX,Semi-Detached,Established,Freehold,116,,HEOL GABRIEL,,CARDIFF,CARDIFF,CARDIFF,Standard,Addition,51.5066190000,-3.2070940000
245000,2013-09-05 00:00:00Z,CF14 1HN,Terraced,Established,Freehold,17,,COURT ROAD,WHITCHURCH,CARDIFF,CARDIFF,CARDIFF,Standard,Addition,51.5067720000,-3.2096770000
210000,2014-05-02 00:00:00Z,CF14 4AH,Terraced,Established,Freehold,6,,HAMPTON ROAD,,CARDIFF,CARDIFF,CARDIFF,Standard,Addition,51.5099160000,-3.2003800000
121500,2014-08-22 00:00:00Z,CF14 1EE,Flats/Maisonettes,Established,Leasehold,17,,RETFORD COURT,,CARDIFF,CARDIFF,CARDIFF,Standard,Addition,51.5098880000,-3.2092840000
250000,2014-10-31 00:00:00Z,CF14 1JX,Semi-Detached,Established,Freehold,104,,HEOL GABRIEL,,CARDIFF,CARDIFF,CARDIFF,Standard,Addition,51.5066190000,-3.2070940000
122500,2014-12-23 00:00:00Z,CF14 3HN,Semi-Detached,Established,Freehold,158,,MYNACHDY ROAD,,CARDIFF,CARDIFF,CARDIFF,Standard,Addition,51.5037330000,-3.2036410000
334000,2014-07-17 00:00:00Z,CF14 1HQ,Semi-Detached,Established,Freehold,10,,CRADOC ROAD,,CARDIFF,CARDIFF,CARDIFF,Standard,Addition,51.5086740000,-3.2075370000
153000,2014-07-31 00:00:00Z,CF14 3HL,Semi-Detached,Established,Freehold,187,,MYNACHDY ROAD,,CARDIFF,CARDIFF,CARDIFF,Standard,Addition,51.5036900000,-3.2051580000
158000,2014-08-01 00:00:00Z,CF14 3HW,Semi-Detached,Established,Freehold,45,,APPLEDORE ROAD,,CARDIFF,CARDIFF,CARDIFF,Standard,Addition,51.5043930000,-3.2040530000
154000,2014-03-31 00:00:00Z,CF14 3HW,Semi-Detached,Established,Freehold,82,,APPLEDORE ROAD,,CARDIFF,CARDIFF,CARDIFF,Standard,Addition,51.5043930000,-3.2040530000
240000,2014-10-14 00:00:00Z,CF14 1HR,Semi-Detached,Established,Freehold,4,,FRANKLEN ROAD,,CARDIFF,CARDIFF,CARDIFF,Standard,Addition,51.5087040000,-3.2063850000
150000,2014-02-21 00:00:00Z,CF14 2SG,Terraced,Established,Freehold,15,,GABALFA AVENUE,,CARDIFF,CARDIFF,CARDIFF,Standard,Addition,51.5002100000,-3.2095470000
312000,2014-11-07 00:00:00Z,CF14 1EQ,Detached,Established,Freehold,29,,SUNNYBANK CLOSE,,CARDIFF,CARDIFF,CARDIFF,Standard,Addition,51.5061630000,-3.2033500000
156000,2014-10-17 00:00:00Z,CF14 3HT,Semi-Detached,Established,Freehold,7,,KEMYS PLACE,,CARDIFF,CARDIFF,CARDIFF,Standard,Addition,51.5042540000,-3.2056630000
152000,2014-07-11 00:00:00Z,CF14 2SE,Terraced,Established,Freehold,25,,WESTERN DRIVE,,CARDIFF,CARDIFF,CARDIFF,Standard,Addition,51.5010290000,-3.2076670000
260000,2014-06-26 00:00:00Z,CF14 4AJ,Semi-Detached,Established,Freehold,7,,NORTON AVENUE,,CARDIFF,CARDIFF,CARDIFF,Standard,Addition,51.5095140000,-3.2010460000
180000,2014-09-25 00:00:00Z,CF14 1HY,Terraced,Established,Freehold,50,,BIRCHWOOD GARDENS,,CARDIFF,CARDIFF,CARDIFF,Additional,Addition,51.5063850000,-3.2053880000
205000,2014-06-27 00:00:00Z,CF14 1EG,Semi-Detached,Established,Freehold,3,,CELTIC ROAD,,CARDIFF,CARDIFF,CARDIFF,Standard,Addition,51.5065460000,-3.2019770000
137000,2014-02-18 00:00:00Z,CF14 1RG,Semi-Detached,Established,Freehold,28,,MANOR WAY,,CARDIFF,CARDIFF,CARDIFF,Additional,Addition,51.5097000000,-3.2030540000
137500,2014-09-19 00:00:00Z,CF14 3DY,Semi-Detached,Established,Freehold,125,,MYNACHDY ROAD,,CARDIFF,CARDIFF,CARDIFF,Standard,Addition,51.5017130000,-3.2014890000
131000,2014-10-17 00:00:00Z,CF14 3HS,Semi-Detached,Established,Freehold,36,,CEFN ROAD,,CARDIFF,CARDIFF,CARDIFF,Standard,Addition,51.5042910000,-3.2079260000
156000,2014-01-13 00:00:00Z,CF14 3HN,Semi-Detached,Established,Freehold,172,,MYNACHDY ROAD,,CARDIFF,CARDIFF,CARDIFF,Standard,Addition,51.5037330000,-3.2036410000
218000,2014-11-14 00:00:00Z,CF14 1EL,Semi-Detached,Established,Freehold,136,,SILVER BIRCH CLOSE,,CARDIFF,CARDIFF,CARDIFF,Standard,Addition,51.5052930000,-3.2048690000
270000,2014-05-09 00:00:00Z,CF14 1HP,Detached,Established,Freehold,48B,PLOT 3,MAELOG ROAD,,CARDIFF,CARDIFF,CARDIFF,Standard,Addition,51.5087130000,-3.2080570000
245000,2014-06-13 00:00:00Z,CF14 1HQ,Semi-Detached,Established,Freehold,7,,CRADOC ROAD,,CARDIFF,CARDIFF,CARDIFF,Standard,Addition,51.5086740000,-3.2075370000
169950,2014-11-28 00:00:00Z,CF14 2SE,Semi-Detached,Established,Freehold,10,,WESTERN DRIVE,,CARDIFF,CARDIFF,CARDIFF,Standard,Addition,51.5010290000,-3.2076670000
157000,2014-04-17 00:00:00Z,CF14 3EE,Semi-Detached,Established,Freehold,17,,PORTHKERRY PLACE,,CARDIFF,CARDIFF,CARDIFF,Standard,Addition,51.5026980000,-3.2010260000
175000,2014-07-02 00:00:00Z,CF14 1HS,Terraced,Established,Freehold,3,,WAUNTREODA ROAD,,CARDIFF,CARDIFF,CARDIFF,Standard,Addition,51.5086690000,-3.2053470000
125000,2014-06-13 00:00:00Z,CF14 2SG,Terraced,Established,Freehold,5,,GABALFA AVENUE,,CARDIFF,CARDIFF,CARDIFF,Standard,Addition,51.5002100000,-3.2095470000
131700,2014-12-15 00:00:00Z,CF14 3HW,Semi-Detached,Established,Freehold,77,,APPLEDORE ROAD,,CARDIFF,CARDIFF,CARDIFF,Standard,Addition,51.5043930000,-3.2040530000
235000,2014-02-21 00:00:00Z,CF14 1JX,Semi-Detached,Established,Freehold,114,,HEOL GABRIEL,,CARDIFF,CARDIFF,CARDIFF,Standard,Addition,51.5066190000,-3.2070940000
199950,2014-01-17 00:00:00Z,CF14 1SD,Detached,Established,Freehold,3,,NANT Y FEDW,,CARDIFF,CARDIFF,CARDIFF,Standard,Addition,51.5093190000,-3.2024530000
158000,2014-02-12 00:00:00Z,CF14 2RX,Semi-Detached,Established,Freehold,65,,ABERPORTH ROAD,,CARDIFF,CARDIFF,CARDIFF,Standard,Addition,51.5024730000,-3.2097650000
175000,2014-08-15 00:00:00Z,CF14 1EL,Semi-Detached,Established,Freehold,35,,SILVER BIRCH CLOSE,,CARDIFF,CARDIFF,CARDIFF,Standard,Addition,51.5052930000,-3.2048690000
242500,2014-08-20 00:00:00Z,CF14 1EB,Terraced,Established,Freehold,94,,THE PHILOG,,CARDIFF,CARDIFF,CARDIFF,Standard,Addition,51.5092650000,-3.2060400000
305000,2014-11-20 00:00:00Z,CF14 1JY,Semi-Detached,Established,Freehold,132,,HEOL GABRIEL,,CARDIFF,CARDIFF,CARDIFF,Standard,Addition,51.5070590000,-3.2054490000
263000,2014-01-24 00:00:00Z,CF14 1HG,Semi-Detached,Established,Freehold,49,,HEOL Y GORS,WHITCHURCH,CARDIFF,CARDIFF,CARDIFF,Standard,Addition,51.5078710000,-3.2086690000
100800,2014-07-04 00:00:00Z,CF14 3HX,Semi-Detached,Established,Freehold,103,,APPLEDORE ROAD,,CARDIFF,CARDIFF,CARDIFF,Standard,Addition,51.5043960000,-3.2065230000
145000,2014-07-03 00:00:00Z,CF14 3HL,Semi-Detached,Established,Freehold,185,,MYNACHDY ROAD,,CARDIFF,CARDIFF,CARDIFF,Standard,Addition,51.5036900000,-3.2051580000
138000,2014-05-07 00:00:00Z,CF14 3HU,Semi-Detached,Established,Freehold,7,,APPLEDORE ROAD,,CARDIFF,CARDIFF,CARDIFF,Standard,Addition,51.5043530000,-3.2018470000
249000,2014-09-03 00:00:00Z,CF14 1HZ,Semi-Detached,Established,Freehold,3,,BIRCHWOOD GARDENS,,CARDIFF,CARDIFF,CARDIFF,Standard,Addition,51.5061500000,-3.2047420000
140000,2014-06-26 00:00:00Z,CF14 3DY,Semi-Detached,Established,Freehold,137,,MYNACHDY ROAD,,CARDIFF,CARDIFF,CARDIFF,Standard,Addition,51.5017130000,-3.2014890000
181700,2014-07-17 00:00:00Z,CF14 1HS,Terraced,Established,Freehold,26,,WAUNTREODA ROAD,,CARDIFF,CARDIFF,CARDIFF,Standard,Addition,51.5086690000,-3.2053470000
179950,2014-05-08 00:00:00Z,CF14 1DL,Semi-Detached,Established,Freehold,192,,MERTHYR ROAD,WHITCHURCH,CARDIFF,CARDIFF,CARDIFF,Standard,Addition,51.5081680000,-3.2016300000
250000,2014-11-03 00:00:00Z,CF14 1HN,Semi-Detached,Established,Freehold,37,,COURT ROAD,WHITCHURCH,CARDIFF,CARDIFF,CARDIFF,Standard,Addition,51.5067720000,-3.2096770000
195000,2014-03-20 00:00:00Z,CF14 4AB,Semi-Detached,Established,Freehold,8,,LON Y GROES,,CARDIFF,CARDIFF,CARDIFF,Standard,Addition,51.5086260000,-3.2007920000
250000,2014-04-09 00:00:00Z,CF14 1HR,Semi-Detached,Established,Freehold,9,,FRANKLEN ROAD,,CARDIFF,CARDIFF,CARDIFF,Standard,Addition,51.5087040000,-3.2063850000
240000,2014-11-19 00:00:00Z,CF14 1JR,Semi-Detached,Established,Freehold,3,,COURT CLOSE,,CARDIFF,CARDIFF,CARDIFF,Standard,Addition,51.5056770000,-3.2069250000
355000,2014-05-09 00:00:00Z,CF14 1HZ,Detached,Established,Freehold,1,,BIRCHWOOD GARDENS,,CARDIFF,CARDIFF,CARDIFF,Standard,Addition,51.5061500000,-3.2047420000
110000,2014-03-18 00:00:00Z,CF14 3HX,Semi-Detached,Established,Freehold,113,,APPLEDORE ROAD,,CARDIFF,CARDIFF,CARDIFF,Standard,Addition,51.5043960000,-3.2065230000
210000,2015-10-16 00:00:00Z,CF14 1DF,Terraced,Established,Freehold,SUNNYCROFT,,MERTHYR ROAD,WHITCHURCH,CARDIFF,CARDIFF,CARDIFF,Standard,Addition,51.5087940000,-3.2020300000
140000,2015-10-30 00:00:00Z,CF14 2RW,Semi-Detached,Established,Freehold,28,,ABERPORTH ROAD,,CARDIFF,CARDIFF,CARDIFF,Standard,Addition,51.5019940000,-3.2065110000
255000,2015-07-17 00:00:00Z,CF14 4AA,Semi-Detached,Established,Freehold,36,,RICHS ROAD,,CARDIFF,CARDIFF,CARDIFF,Standard,Addition,51.5095940000,-3.2019850000
171500,2015-08-21 00:00:00Z,CF14 3HR,Semi-Detached,Established,Freehold,4,,GILBERT PLACE,,CARDIFF,CARDIFF,CARDIFF,Standard,Addition,51.5033120000,-3.2051340000
256000,2015-01-12 00:00:00Z,CF14 1HR,Semi-Detached,Established,Freehold,3,,FRANKLEN ROAD,,CARDIFF,CARDIFF,CARDIFF,Standard,Addition,51.5087040000,-3.2063850000
165000,2015-08-28 00:00:00Z,CF14 3HL,Semi-Detached,Established,Freehold,193,,MYNACHDY ROAD,,CARDIFF,CARDIFF,CARDIFF,Standard,Addition,51.5036900000,-3.2051580000
165000,2015-09-18 00:00:00Z,CF14 2SE,Terraced,Established,Freehold,6,,WESTERN DRIVE,,CARDIFF,CARDIFF,CARDIFF,Standard,Addition,51.5010290000,-3.2076670000
127000,2015-09-16 00:00:00Z,CF14 3HL,Semi-Detached,Established,Freehold,202,,MYNACHDY ROAD,,CARDIFF,CARDIFF,CARDIFF,Standard,Addition,51.5036900000,-3.2051580000
226000,2015-09-25 00:00:00Z,CF14 1DZ,Terraced,Established,Freehold,51,,THE PHILOG,,CARDIFF,CARDIFF,CARDIFF,Standard,Addition,51.5096350000,-3.2058330000
350000,2015-09-25 00:00:00Z,CF14 1EQ,Detached,Established,Freehold,15,,SUNNYBANK CLOSE,,CARDIFF,CARDIFF,CARDIFF,Standard,Addition,51.5061630000,-3.2033500000
199950,2015-08-21 00:00:00Z,CF14 1HW,Semi-Detached,Established,Freehold,2,,LLWYN DERW ROAD,,CARDIFF,CARDIFF,CARDIFF,Standard,Addition,51.5073290000,-3.2018680000
175000,2015-10-30 00:00:00Z,CF14 3HJ,Semi-Detached,Established,Freehold,1,,PENNARD PLACE,,CARDIFF,CARDIFF,CARDIFF,Standard,Addition,51.5045480000,-3.2003540000
264950,2015-10-21 00:00:00Z,CF14 4AJ,Semi-Detached,Established,Freehold,21,,NORTON AVENUE,,CARDIFF,CARDIFF,CARDIFF,Standard,Addition,51.5095140000,-3.2010460000
153000,2015-08-21 00:00:00Z,CF14 2SR,Semi-Detached,Established,Freehold,32,,ABERDORE ROAD,,CARDIFF,CARDIFF,CARDIFF,Standard,Addition,51.5021230000,-3.2097700000
219000,2015-11-27 00:00:00Z,CF14 4AJ,Terraced,Established,Freehold,28,,NORTON AVENUE,,CARDIFF,CARDIFF,CARDIFF,Standard,Addition,51.5095140000,-3.2010460000
125000,2015-02-06 00:00:00Z,CF14 3HU,Semi-Detached,Established,Freehold,28,,APPLEDORE ROAD,,CARDIFF,CARDIFF,CARDIFF,Standard,Addition,51.5043530000,-3.2018470000
256000,2015-01-12 00:00:00Z,CF14 1JW,Semi-Detached,Established,Leasehold,96,,HEOL GABRIEL,,CARDIFF,CARDIFF,CARDIFF,Standard,Addition,51.5059340000,-3.2089920000
134500,2015-12-11 00:00:00Z,CF14 1EJ,Terraced,Established,Freehold,OWENS COURT,1,THE PHILOG,,CARDIFF,CARDIFF,CARDIFF,Standard,Addition,51.5095530000,-3.2041890000
120000,2015-03-26 00:00:00Z,CF14 1EL,Semi-Detached,Established,Freehold,123,,SILVER BIRCH CLOSE,,CARDIFF,CARDIFF,CARDIFF,Standard,Addition,51.5052930000,-3.2048690000
256000,2015-01-12 00:00:00Z,CF14 1JW,Semi-Detached,Established,Freehold,96,,HEOL GABRIEL,,CARDIFF,CARDIFF,CARDIFF,Standard,Addition,51.5059340000,-3.2089920000
215000,2015-07-23 00:00:00Z,CF14 1HS,Terraced,Established,Freehold,24,,WAUNTREODA ROAD,,CARDIFF,CARDIFF,CARDIFF,Standard,Addition,51.5086690000,-3.2053470000
145000,2015-06-19 00:00:00Z,CF14 2SG,Terraced,Established,Freehold,19,,GABALFA AVENUE,,CARDIFF,CARDIFF,CARDIFF,Standard,Addition,51.5002100000,-3.2095470000
286000,2015-09-14 00:00:00Z,CF14 1HN,Semi-Detached,Established,Freehold,36,,COURT ROAD,WHITCHURCH,CARDIFF,CARDIFF,CARDIFF,Standard,Addition,51.5067720000,-3.2096770000
318000,2015-05-01 00:00:00Z,CF14 1EQ,Detached,Established,Freehold,30,,SUNNYBANK CLOSE,,CARDIFF,CARDIFF,CARDIFF,Standard,Addition,51.5061630000,-3.2033500000
399950,2015-12-08 00:00:00Z,CF14 1HF,Terraced,Established,Freehold,30,,HEOL Y GORS,WHITCHURCH,CARDIFF,CARDIFF,CARDIFF,Standard,Addition,51.5077960000,-3.2063180000
197000,2015-03-11 00:00:00Z,CF14 1EL,Semi-Detached,Established,Freehold,9,,SILVER BIRCH CLOSE,,CARDIFF,CARDIFF,CARDIFF,Standard,Addition,51.5052930000,-3.2048690000
226500,2015-02-06 00:00:00Z,CF14 1HX,Semi-Detached,Established,Freehold,14,,KENFIG ROAD,,CARDIFF,CARDIFF,CARDIFF,Standard,Addition,51.5067910000,-3.2008310000
216000,2015-12-21 00:00:00Z,CF14 1JR,Semi-Detached,Established,Freehold,2,,COURT CLOSE,,CARDIFF,CARDIFF,CARDIFF,Additional,Addition,51.5056770000,-3.2069250000
178000,2015-12-18 00:00:00Z,CF14 1HZ,Terraced,Established,Freehold,85,,BIRCHWOOD GARDENS,,CARDIFF,CARDIFF,CARDIFF,Standard,Addition,51.5061500000,-3.2047420000
225000,2015-01-26 00:00:00Z,CF14 1RA,Semi-Detached,Established,Freehold,5,,MANOR WAY,,CARDIFF,CARDIFF,CARDIFF,Standard,Addition,51.5095310000,-3.2037410000
190000,2015-06-12 00:00:00Z,CF14 1RG,Terraced,Established,Freehold,12,,MANOR WAY,,CARDIFF,CARDIFF,CARDIFF,Standard,Addition,51.5097000000,-3.2030540000
225000,2015-04-24 00:00:00Z,CF14 1EG,Semi-Detached,Established,Freehold,8,,CELTIC ROAD,,CARDIFF,CARDIFF,CARDIFF,Standard,Addition,51.5065460000,-3.2019770000
170000,2015-05-26 00:00:00Z,CF14 1EG,Terraced,Established,Freehold,27,,CELTIC ROAD,,CARDIFF,CARDIFF,CARDIFF,Standard,Addition,51.5065460000,-3.2019770000
150000,2015-05-22 00:00:00Z,CF14 2RX,Terraced,Established,Freehold,61,,ABERPORTH ROAD,,CARDIFF,CARDIFF,CARDIFF,Standard,Addition,51.5024730000,-3.2097650000
145000,2015-08-14 00:00:00Z,CF14 3EE,Semi-Detached,Established,Freehold,9,,PORTHKERRY PLACE,,CARDIFF,CARDIFF,CARDIFF,Standard,Addition,51.5026980000,-3.2010260000
150000,2015-09-11 00:00:00Z,CF14 2SB,Semi-Detached,Established,Freehold,112,,WESTERN AVENUE NORTH,,CARDIFF,CARDIFF,CARDIFF,Standard,Addition,51.5008740000,-3.2070140000
169750,2015-03-20 00:00:00Z,CF14 1DY,Terraced,Established,Freehold,33,,THE PHILOG,,CARDIFF,CARDIFF,CARDIFF,Standard,Addition,51.5096890000,-3.2076510000
287000,2016-06-23 00:00:00Z,CF14 1HP,Semi-Detached,Established,Freehold,23,,MAELOG ROAD,,CARDIFF,CARDIFF,CARDIFF,Standard,Addition,51.5087130000,-3.2080570000
154300,2016-01-11 00:00:00Z,CF14 1DZ,Flats/Maisonettes,Established,Leasehold,85,FLAT 2,THE PHILOG,,CARDIFF,CARDIFF,CARDIFF,Standard,Addition,51.5096350000,-3.2058330000
136500,2016-12-09 00:00:00Z,CF14 1EE,Flats/Maisonettes,Established,Leasehold,RETFORD COURT,FLAT 9,THE PHILOG,,CARDIFF,CARDIFF,CARDIFF,Standard,Addition,51.5098880000,-3.2092840000
290000,2016-11-24 00:00:00Z,CF14 1EQ,Detached,Established,Freehold,3,,SUNNYBANK CLOSE,,CARDIFF,CARDIFF,CARDIFF,Standard,Addition,51.5061630000,-3.2033500000
250000,2016-10-21 00:00:00Z,CF14 1JX,Semi-Detached,Established,Freehold,124,,HEOL GABRIEL,,CARDIFF,CARDIFF,CARDIFF,Standard,Addition,51.5066190000,-3.2070940000
207000,2016-11-10 00:00:00Z,CF14 1EL,Semi-Detached,Established,Freehold,16,,SILVER BIRCH CLOSE,,CARDIFF,CARDIFF,CARDIFF,Standard,Addition,51.5052930000,-3.2048690000
190000,2016-10-13 00:00:00Z,CF14 1EB,Terraced,Established,Freehold,108,,THE PHILOG,,CARDIFF,CARDIFF,CARDIFF,Standard,Addition,51.5092650000,-3.2060400000
232500,2016-11-17 00:00:00Z,CF14 1HT,Terraced,Established,Freehold,6,,VIOLET PLACE,,CARDIFF,CARDIFF,CARDIFF,Standard,Addition,51.5085520000,-3.2044790000
170000,2016-10-21 00:00:00Z,CF14 1RG,Semi-Detached,Established,Freehold,18,,MANOR WAY,,CARDIFF,CARDIFF,CARDIFF,Standard,Addition,51.5097000000,-3.2030540000
155000,2016-07-08 00:00:00Z,CF14 3HL,Semi-Detached,Established,Freehold,159,,MYNACHDY ROAD,,CARDIFF,CARDIFF,CARDIFF,Standard,Addition,51.5036900000,-3.2051580000
115000,2016-01-22 00:00:00Z,CF14 1BZ,Flats/Maisonettes,Established,Leasehold,BATON COURT,FLAT 5,THE PHILOG,,CARDIFF,CARDIFF,CARDIFF,Standard,Addition,51.5096440000,-3.2050270000
255000,2016-01-26 00:00:00Z,CF14 1ED,Terraced,Established,Freehold,130,,THE PHILOG,,CARDIFF,CARDIFF,CARDIFF,Standard,Addition,51.5090700000,-3.2040170000
275000,2016-12-19 00:00:00Z,CF14 1JR,Semi-Detached,Established,Freehold,2,,COURT CLOSE,,CARDIFF,CARDIFF,CARDIFF,Standard,Addition,51.5056770000,-3.2069250000
154000,2016-01-29 00:00:00Z,CF14 1EE,Flats/Maisonettes,Established,Leasehold,17,,RETFORD COURT,,CARDIFF,CARDIFF,CARDIFF,Standard,Addition,51.5098880000,-3.2092840000
110000,2016-01-08 00:00:00Z,CF14 1EE,Flats/Maisonettes,Established,Leasehold,6,,RETFORD COURT,,CARDIFF,CARDIFF,CARDIFF,Standard,Addition,51.5098880000,-3.2092840000
110000,2016-01-29 00:00:00Z,CF14 1EE,Flats/Maisonettes,Established,Leasehold,20,,RETFORD COURT,,CARDIFF,CARDIFF,CARDIFF,Standard,Addition,51.5098880000,-3.2092840000
89508,2016-12-19 00:00:00Z,CF14 2SG,Terraced,Established,Freehold,27,,GABALFA AVENUE,,CARDIFF,CARDIFF,CARDIFF,Standard,Addition,51.5002100000,-3.2095470000
228000,2016-07-29 00:00:00Z,CF14 1EQ,Detached,Established,Freehold,19,,SUNNYBANK CLOSE,,CARDIFF,CARDIFF,CARDIFF,Additional,Addition,51.5061630000,-3.2033500000
228000,2016-12-16 00:00:00Z,CF14 1HS,Terraced,Established,Freehold,27,,WAUNTREODA ROAD,,CARDIFF,CARDIFF,CARDIFF,Standard,Addition,51.5086690000,-3.2053470000
155000,2016-11-30 00:00:00Z,CF14 3HW,Semi-Detached,Established,Freehold,49,,APPLEDORE ROAD,,CARDIFF,CARDIFF,CARDIFF,Standard,Addition,51.5043930000,-3.2040530000
297000,2016-11-17 00:00:00Z,CF14 1JX,Semi-Detached,Established,Freehold,116,,HEOL GABRIEL,,CARDIFF,CARDIFF,CARDIFF,Standard,Addition,51.5066190000,-3.2070940000
442000,2016-03-14 00:00:00Z,CF14 1EQ,Detached,Established,Freehold,26,,SUNNYBANK CLOSE,,CARDIFF,CARDIFF,CARDIFF,Standard,Addition,51.5061630000,-3.2033500000
135000,2016-02-05 00:00:00Z,CF14 1EE,Flats/Maisonettes,Established,Leasehold,19,,RETFORD COURT,,CARDIFF,CARDIFF,CARDIFF,Standard,Addition,51.5098880000,-3.2092840000
200000,2016-12-02 00:00:00Z,CF14 1DZ,Other,Established,Freehold,53,,THE PHILOG,,CARDIFF,CARDIFF,CARDIFF,Additional,Addition,51.5096350000,-3.2058330000
240250,2016-05-23 00:00:00Z,CF14 1JW,Semi-Detached,Established,Freehold,78,,HEOL GABRIEL,,CARDIFF,CARDIFF,CARDIFF,Standard,Addition,51.5059340000,-3.2089920000
165000,2016-11-25 00:00:00Z,CF14 3HN,Terraced,Established,Freehold,188,,MYNACHDY ROAD,,CARDIFF,CARDIFF,CARDIFF,Standard,Addition,51.5037330000,-3.2036410000
300000,2016-03-29 00:00:00Z,CF14 1HP,Detached,Established,Freehold,48B,PLOT 3,MAELOG ROAD,,CARDIFF,CARDIFF,CARDIFF,Additional,Addition,51.5087130000,-3.2080570000
20000,2016-12-23 00:00:00Z,CF14 1DL,Other,Established,Freehold,172,,MERTHYR ROAD,WHITCHURCH,CARDIFF,CARDIFF,CARDIFF,Additional,Addition,51.5081680000,-3.2016300000
240000,2016-08-15 00:00:00Z,CF14 1JX,Semi-Detached,Established,Freehold,95,,HEOL GABRIEL,,CARDIFF,CARDIFF,CARDIFF,Standard,Addition,51.5066190000,-3.2070940000
293000,2016-07-29 00:00:00Z,CF14 1HG,Semi-Detached,Established,Freehold,43,,HEOL Y GORS,WHITCHURCH,CARDIFF,CARDIFF,CARDIFF,Standard,Addition,51.5078710000,-3.2086690000
225000,2016-07-25 00:00:00Z,CF14 1EL,Semi-Detached,Established,Freehold,47,,SILVER BIRCH CLOSE,,CARDIFF,CARDIFF,CARDIFF,Standard,Addition,51.5052930000,-3.2048690000
224500,2016-08-19 00:00:00Z,CF14 1HZ,Semi-Detached,Established,Freehold,101,,BIRCHWOOD GARDENS,,CARDIFF,CARDIFF,CARDIFF,Standard,Addition,51.5061500000,-3.2047420000
215000,2016-08-26 00:00:00Z,CF14 1EL,Semi-Detached,Established,Freehold,123,,SILVER BIRCH CLOSE,,CARDIFF,CARDIFF,CARDIFF,Standard,Addition,51.5052930000,-3.2048690000
193000,2016-04-21 00:00:00Z,CF14 1HZ,Semi-Detached,Established,Freehold,25,,BIRCHWOOD GARDENS,,CARDIFF,CARDIFF,CARDIFF,Standard,Addition,51.5061500000,-3.2047420000
195000,2016-04-25 00:00:00Z,CF14 1HZ,Terraced,Established,Freehold,17,,BIRCHWOOD GARDENS,,CARDIFF,CARDIFF,CARDIFF,Standard,Addition,51.5061500000,-3.2047420000
302000,2016-08-15 00:00:00Z,CF14 1HN,Semi-Detached,Established,Freehold,37,,COURT ROAD,WHITCHURCH,CARDIFF,CARDIFF,CARDIFF,Standard,Addition,51.5067720000,-3.2096770000
140000,2016-03-30 00:00:00Z,CF14 2RX,Terraced,Established,Freehold,47,,ABERPORTH ROAD,,CARDIFF,CARDIFF,CARDIFF,Standard,Addition,51.5024730000,-3.2097650000
375000,2016-12-02 00:00:00Z,CF14 1HQ,Semi-Detached,Established,Freehold,8,,CRADOC ROAD,,CARDIFF,CARDIFF,CARDIFF,Standard,Addition,51.5086740000,-3.2075370000
164000,2016-06-30 00:00:00Z,CF14 3HW,Semi-Detached,Established,Freehold,67,,APPLEDORE ROAD,,CARDIFF,CARDIFF,CARDIFF,Standard,Addition,51.5043930000,-3.2040530000
268000,2016-11-23 00:00:00Z,CF14 1RG,Semi-Detached,Established,Freehold,28,,MANOR WAY,,CARDIFF,CARDIFF,CARDIFF,Standard,Addition,51.5097000000,-3.2030540000
308000,2016-08-01 00:00:00Z,CF14 4AA,Semi-Detached,Established,Freehold,48,,RICHS ROAD,,CARDIFF,CARDIFF,CARDIFF,Standard,Addition,51.5095940000,-3.2019850000
202000,2016-01-29 00:00:00Z,CF14 1DL,Semi-Detached,Established,Freehold,204,,MERTHYR ROAD,WHITCHURCH,CARDIFF,CARDIFF,CARDIFF,Standard,Addition,51.5081680000,-3.2016300000
221000,2016-03-04 00:00:00Z,CF14 1HT,Terraced,Established,Freehold,17,,VIOLET PLACE,,CARDIFF,CARDIFF,CARDIFF,Standard,Addition,51.5085520000,-3.2044790000
229950,2016-03-21 00:00:00Z,CF14 1EL,Semi-Detached,Established,Freehold,43,,SILVER BIRCH CLOSE,,CARDIFF,CARDIFF,CARDIFF,Standard,Addition,51.5052930000,-3.2048690000
267950,2016-03-18 00:00:00Z,CF14 1HQ,Semi-Detached,Established,Freehold,3,,CRADOC ROAD,,CARDIFF,CARDIFF,CARDIFF,Standard,Addition,51.5086740000,-3.2075370000
260000,2016-03-31 00:00:00Z,CF14 1JW,Semi-Detached,Established,Leasehold,96,,HEOL GABRIEL,,CARDIFF,CARDIFF,CARDIFF,Standard,Addition,51.5059340000,-3.2089920000
105000,2016-04-29 00:00:00Z,CF14 1EF,Flats/Maisonettes,Established,Leasehold,13,,PHILOG COURT,,CARDIFF,CARDIFF,CARDIFF,Standard,Addition,51.5097230000,-3.2069020000
133000,2016-12-09 00:00:00Z,CF14 1EE,Flats/Maisonettes,Established,Leasehold,RETFORD COURT,FLAT 7,THE PHILOG,,CARDIFF,CARDIFF,CARDIFF,Standard,Addition,51.5098880000,-3.2092840000
230000,2016-03-31 00:00:00Z,CF14 1HS,Terraced,Established,Freehold,18,,WAUNTREODA ROAD,,CARDIFF,CARDIFF,CARDIFF,Standard,Addition,51.5086690000,-3.2053470000
225000,2016-10-14 00:00:00Z,CF14 1HU,Semi-Detached,Established,Freehold,36,,TWYN Y FEDWEN ROAD,,CARDIFF,CARDIFF,CARDIFF,Standard,Addition,51.5077610000,-3.2027580000
153000,2016-06-17 00:00:00Z,CF14 3HS,Semi-Detached,Established,Freehold,24,,CEFN ROAD,,CARDIFF,CARDIFF,CARDIFF,Standard,Addition,51.5042910000,-3.2079260000
253000,2016-05-23 00:00:00Z,CF14 1JW,Semi-Detached,Established,Freehold,55,,HEOL GABRIEL,,CARDIFF,CARDIFF,CARDIFF,Standard,Addition,51.5059340000,-3.2089920000
278000,2016-05-16 00:00:00Z,CF14 1HW,Semi-Detached,Established,Freehold,8,,LLWYN DERW ROAD,,CARDIFF,CARDIFF,CARDIFF,Standard,Addition,51.5073290000,-3.2018680000
220000,2016-06-10 00:00:00Z,CF14 1HX,Semi-Detached,Established,Freehold,17,,KENFIG ROAD,,CARDIFF,CARDIFF,CARDIFF,Standard,Addition,51.5067910000,-3.2008310000
275000,2016-09-09 00:00:00Z,CF14 1HN,Semi-Detached,Established,Freehold,17,,COURT ROAD,WHITCHURCH,CARDIFF,CARDIFF,CARDIFF,Standard,Addition,51.5067720000,-3.2096770000
165000,2016-09-28 00:00:00Z,CF14 3HX,Semi-Detached,Established,Freehold,103,,APPLEDORE ROAD,,CARDIFF,CARDIFF,CARDIFF,Standard,Addition,51.5043960000,-3.2065230000
215000,2016-10-18 00:00:00Z,CF14 1DY,Terraced,Established,Freehold,21,,THE PHILOG,,CARDIFF,CARDIFF,CARDIFF,Standard,Addition,51.5096890000,-3.2076510000
205000,2017-12-20 00:00:00Z,CF14 1DZ,Terraced,Established,Freehold,"WHIRLYGIG COTTAGE, 57",,THE PHILOG,,CARDIFF,CARDIFF,CARDIFF,Standard,Addition,51.5096350000,-3.2058330000
317000,2017-03-08 00:00:00Z,CF14 1EL,Semi-Detached,Established,Freehold,18,,SILVER BIRCH CLOSE,,CARDIFF,CARDIFF,CARDIFF,Standard,Addition,51.5052930000,-3.2048690000
173600,2017-02-17 00:00:00Z,CF14 2RW,Semi-Detached,Established,Freehold,30,,ABERPORTH ROAD,,CARDIFF,CARDIFF,CARDIFF,Standard,Addition,51.5019940000,-3.2065110000
290000,2017-01-27 00:00:00Z,CF14 1HP,Semi-Detached,Established,Freehold,9,,MAELOG ROAD,,CARDIFF,CARDIFF,CARDIFF,Standard,Addition,51.5087130000,-3.2080570000
280000,2017-02-23 00:00:00Z,CF14 1EB,Terraced,Established,Freehold,88,,THE PHILOG,,CARDIFF,CARDIFF,CARDIFF,Standard,Addition,51.5092650000,-3.2060400000
175000,2017-03-29 00:00:00Z,CF14 2SB,Terraced,Established,Freehold,114,,WESTERN AVENUE NORTH,,CARDIFF,CARDIFF,CARDIFF,Standard,Addition,51.5008740000,-3.2070140000
176000,2017-03-29 00:00:00Z,CF14 1DZ,Terraced,Established,Freehold,81,,THE PHILOG,,CARDIFF,CARDIFF,CARDIFF,Standard,Addition,51.5096350000,-3.2058330000
155000,2017-07-07 00:00:00Z,CF14 1EE,Flats/Maisonettes,Established,Leasehold,RETFORD COURT,FLAT 14,THE PHILOG,,CARDIFF,CARDIFF,CARDIFF,Standard,Addition,51.5098880000,-3.2092840000
165000,2017-12-08 00:00:00Z,CF14 3HW,Semi-Detached,Established,Freehold,76,,APPLEDORE ROAD,,CARDIFF,CARDIFF,CARDIFF,Standard,Addition,51.5043930000,-3.2040530000
160000,2017-11-21 00:00:00Z,CF14 2SG,Terraced,Established,Freehold,27,,GABALFA AVENUE,,CARDIFF,CARDIFF,CARDIFF,Standard,Addition,51.5002100000,-3.2095470000
156000,2017-09-08 00:00:00Z,CF14 3HU,Semi-Detached,Established,Freehold,41,,APPLEDORE ROAD,,CARDIFF,CARDIFF,CARDIFF,Standard,Addition,51.5043530000,-3.2018470000
208000,2017-08-03 00:00:00Z,CF14 1EL,Terraced,Established,Freehold,51,,SILVER BIRCH CLOSE,,CARDIFF,CARDIFF,CARDIFF,Standard,Addition,51.5052930000,-3.2048690000
236000,2017-08-31 00:00:00Z,CF14 1HS,Terraced,Established,Freehold,7,,WAUNTREODA ROAD,,CARDIFF,CARDIFF,CARDIFF,Standard,Addition,51.5086690000,-3.2053470000
140000,2017-09-08 00:00:00Z,CF14 1EE,Flats/Maisonettes,Established,Leasehold,5,,RETFORD COURT,,CARDIFF,CARDIFF,CARDIFF,Standard,Addition,51.5098880000,-3.2092840000
300000,2017-08-24 00:00:00Z,CF14 1JX,Semi-Detached,Established,Freehold,108,,HEOL GABRIEL,,CARDIFF,CARDIFF,CARDIFF,Standard,Addition,51.5066190000,-3.2070940000
233500,2017-09-06 00:00:00Z,CF14 1HT,Terraced,Established,Freehold,15,,VIOLET PLACE,,CARDIFF,CARDIFF,CARDIFF,Standard,Addition,51.5085520000,-3.2044790000
290000,2017-10-20 00:00:00Z,CF14 1HR,Terraced,Established,Freehold,12,,FRANKLEN ROAD,,CARDIFF,CARDIFF,CARDIFF,Standard,Addition,51.5087040000,-3.2063850000
425000,2017-10-02 00:00:00Z,CF14 1HB,Detached,Established,Freehold,8,,HEOL MADOC,,CARDIFF,CARDIFF,CARDIFF,Standard,Addition,51.5087660000,-3.2090960000
127500,2017-10-27 00:00:00Z,CF14 3HR,Semi-Detached,Established,Freehold,10,,GILBERT PLACE,,CARDIFF,CARDIFF,CARDIFF,Additional,Addition,51.5033120000,-3.2051340000
165000,2017-04-26 00:00:00Z,CF14 2RW,Semi-Detached,Established,Freehold,20,,ABERPORTH ROAD,,CARDIFF,CARDIFF,CARDIFF,Standard,Addition,51.5019940000,-3.2065110000
232000,2017-06-02 00:00:00Z,CF14 1HT,Terraced,Established,Freehold,18,,VIOLET PLACE,,CARDIFF,CARDIFF,CARDIFF,Standard,Addition,51.5085520000,-3.2044790000
280000,2017-05-05 00:00:00Z,CF14 1JX,Semi-Detached,Established,Freehold,122,,HEOL GABRIEL,,CARDIFF,CARDIFF,CARDIFF,Standard,Addition,51.5066190000,-3.2070940000
191000,2017-09-28 00:00:00Z,CF14 1EG,Terraced,Established,Freehold,22,,CELTIC ROAD,,CARDIFF,CARDIFF,CARDIFF,Standard,Addition,51.5065460000,-3.2019770000
335000,2017-08-15 00:00:00Z,CF14 4AA,Semi-Detached,Established,Freehold,10,,RICHS ROAD,,CARDIFF,CARDIFF,CARDIFF,Standard,Addition,51.5095940000,-3.2019850000
280050,2017-10-12 00:00:00Z,CF14 1HN,Semi-Detached,Established,Freehold,11,,COURT ROAD,WHITCHURCH,CARDIFF,CARDIFF,CARDIFF,Standard,Addition,51.5067720000,-3.2096770000
172500,2017-01-23 00:00:00Z,CF14 3HU,Semi-Detached,Established,Freehold,18,,APPLEDORE ROAD,,CARDIFF,CARDIFF,CARDIFF,Standard,Addition,51.5043530000,-3.2018470000
205000,2017-01-06 00:00:00Z,CF14 2SE,Semi-Detached,Established,Freehold,15,,WESTERN DRIVE,,CARDIFF,CARDIFF,CARDIFF,Standard,Addition,51.5010290000,-3.2076670000
295000,2017-08-11 00:00:00Z,CF14 1HY,Detached,Established,Freehold,40,,BIRCHWOOD GARDENS,,CARDIFF,CARDIFF,CARDIFF,Standard,Addition,51.5063850000,-3.2053880000
210000,2017-08-11 00:00:00Z,CF14 1HZ,Semi-Detached,Established,Freehold,81,,BIRCHWOOD GARDENS,,CARDIFF,CARDIFF,CARDIFF,Standard,Addition,51.5061500000,-3.2047420000
280000,2017-01-20 00:00:00Z,CF14 1HU,Semi-Detached,Established,Freehold,26,,TWYN Y FEDWEN ROAD,,CARDIFF,CARDIFF,CARDIFF,Standard,Addition,51.5077610000,-3.2027580000
160000,2017-01-16 00:00:00Z,CF14 2SG,Terraced,Established,Freehold,25,,GABALFA AVENUE,,CARDIFF,CARDIFF,CARDIFF,Standard,Addition,51.5002100000,-3.2095470000
167500,2017-09-15 00:00:00Z,CF14 3HS,Semi-Detached,Established,Freehold,28,,CEFN ROAD,,CARDIFF,CARDIFF,CARDIFF,Standard,Addition,51.5042910000,-3.2079260000
113000,2017-01-30 00:00:00Z,CF14 1EF,Flats/Maisonettes,Established,Leasehold,10,,PHILOG COURT,,CARDIFF,CARDIFF,CARDIFF,Standard,Addition,51.5097230000,-3.2069020000
200000,2017-01-12 00:00:00Z,CF14 1HS,Terraced,Established,Freehold,15,,WAUNTREODA ROAD,,CARDIFF,CARDIFF,CARDIFF,Standard,Addition,51.5086690000,-3.2053470000
280000,2017-01-16 00:00:00Z,CF14 1EQ,Detached,Established,Freehold,18,,SUNNYBANK CLOSE,,CARDIFF,CARDIFF,CARDIFF,Standard,Addition,51.5061630000,-3.2033500000
178000,2017-06-21 00:00:00Z,CF14 2RX,Terraced,Established,Freehold,59,,ABERPORTH ROAD,,CARDIFF,CARDIFF,CARDIFF,Standard,Addition,51.5024730000,-3.2097650000
210000,2017-06-16 00:00:00Z,CF14 1HX,Semi-Detached,Established,Freehold,25,,KENFIG ROAD,,CARDIFF,CARDIFF,CARDIFF,Standard,Addition,51.5067910000,-3.2008310000
200000,2017-10-05 00:00:00Z,CF14 1HT,Terraced,Established,Freehold,24,,VIOLET PLACE,,CARDIFF,CARDIFF,CARDIFF,Standard,Addition,51.5085520000,-3.2044790000
279950,2017-09-15 00:00:00Z,CF14 1HG,Semi-Detached,Established,Freehold,57,,HEOL Y GORS,WHITCHURCH,CARDIFF,CARDIFF,CARDIFF,Standard,Addition,51.5078710000,-3.2086690000
182000,2017-10-19 00:00:00Z,CF14 3DY,Semi-Detached,Established,Freehold,107,,MYNACHDY ROAD,,CARDIFF,CARDIFF,CARDIFF,Standard,Addition,51.5017130000,-3.2014890000
176950,2017-12-04 00:00:00Z,CF14 3HU,Semi-Detached,Established,Freehold,18,,APPLEDORE ROAD,,CARDIFF,CARDIFF,CARDIFF,Standard,Addition,51.5043530000,-3.2018470000
145000,2017-12-20 00:00:00Z,CF14 3HU,Semi-Detached,Established,Freehold,26,,APPLEDORE ROAD,,CARDIFF,CARDIFF,CARDIFF,Standard,Addition,51.5043530000,-3.2018470000
8653000,2017-03-17 00:00:00Z,CF14 3AX,Other,Established,Freehold,BOOKER CASH & CARRY,,BATCHELOR ROAD,,CARDIFF,CARDIFF,CARDIFF,Additional,Addition,51.5002420000,-3.2046780000
270000,2017-05-02 00:00:00Z,CF14 1HR,Semi-Detached,Established,Freehold,7,,FRANKLEN ROAD,,CARDIFF,CARDIFF,CARDIFF,Standard,Addition,51.5087040000,-3.2063850000
142000,2017-01-13 00:00:00Z,CF14 1EJ,Terraced,Established,Freehold,OWENS COURT,4,THE PHILOG,,CARDIFF,CARDIFF,CARDIFF,Standard,Addition,51.5095530000,-3.2041890000
130000,2017-06-16 00:00:00Z,CF14 1EE,Flats/Maisonettes,Established,Leasehold,RETFORD COURT,FLAT 21,THE PHILOG,,CARDIFF,CARDIFF,CARDIFF,Standard,Addition,51.5098880000,-3.2092840000
290000,2017-07-17 00:00:00Z,CF14 1EB,Terraced,Established,Freehold,74,,THE PHILOG,,CARDIFF,CARDIFF,CARDIFF,Standard,Addition,51.5092650000,-3.2060400000
240000,2017-05-18 00:00:00Z,CF14 1HT,Terraced,Established,Freehold,19,,VIOLET PLACE,,CARDIFF,CARDIFF,CARDIFF,Standard,Addition,51.5085520000,-3.2044790000
218500,2017-08-18 00:00:00Z,CF14 1HZ,Semi-Detached,Established,Freehold,109,,BIRCHWOOD GARDENS,,CARDIFF,CARDIFF,CARDIFF,Standard,Addition,51.5061500000,-3.2047420000
225000,2017-10-13 00:00:00Z,CF14 1EA,Terraced,Established,Freehold,50,,THE PHILOG,,CARDIFF,CARDIFF,CARDIFF,Standard,Addition,51.5093780000,-3.2081040000
305000,2018-11-23 00:00:00Z,CF14 1EG,Semi-Detached,Established,Freehold,8,,CELTIC ROAD,,CARDIFF,CARDIFF,CARDIFF,Standard,Addition,51.5065460000,-3.2019770000
300000,2018-05-11 00:00:00Z,CF14 1HN,Semi-Detached,Established,Freehold,31,,COURT ROAD,WHITCHURCH,CARDIFF,CARDIFF,CARDIFF,Standard,Addition,51.5067720000,-3.2096770000
280000,2018-02-22 00:00:00Z,CF14 1HQ,Semi-Detached,Established,Freehold,14,,CRADOC ROAD,,CARDIFF,CARDIFF,CARDIFF,Standard,Addition,51.5086740000,-3.2075370000
220000,2018-11-01 00:00:00Z,CF14 1EL,Semi-Detached,Established,Freehold,127,,SILVER BIRCH CLOSE,,CARDIFF,CARDIFF,CARDIFF,Standard,Addition,51.5052930000,-3.2048690000
195500,2018-11-09 00:00:00Z,CF14 2SR,Terraced,Established,Freehold,60,,ABERDORE ROAD,,CARDIFF,CARDIFF,CARDIFF,Standard,Addition,51.5021230000,-3.2097700000
250000,2018-12-10 00:00:00Z,CF14 1EG,Terraced,Established,Freehold,25,,CELTIC ROAD,,CARDIFF,CARDIFF,CARDIFF,Standard,Addition,51.5065460000,-3.2019770000
300000,2018-11-30 00:00:00Z,CF14 1HU,Semi-Detached,Established,Freehold,22,,TWYN Y FEDWEN ROAD,,CARDIFF,CARDIFF,CARDIFF,Standard,Addition,51.5077610000,-3.2027580000
217500,2018-11-26 00:00:00Z,CF14 1EG,Terraced,Established,Freehold,15,,CELTIC ROAD,,CARDIFF,CARDIFF,CARDIFF,Standard,Addition,51.5065460000,-3.2019770000
193000,2018-10-05 00:00:00Z,CF14 3HN,Semi-Detached,Established,Freehold,178,,MYNACHDY ROAD,,CARDIFF,CARDIFF,CARDIFF,Standard,Addition,51.5037330000,-3.2036410000
285000,2018-10-22 00:00:00Z,CF14 1DZ,Terraced,Established,Freehold,41,,THE PHILOG,,CARDIFF,CARDIFF,CARDIFF,Standard,Addition,51.5096350000,-3.2058330000
270000,2018-01-05 00:00:00Z,CF14 1JR,Terraced,Established,Freehold,8,,COURT CLOSE,,CARDIFF,CARDIFF,CARDIFF,Standard,Addition,51.5056770000,-3.2069250000
176000,2018-01-19 00:00:00Z,CF14 3HU,Semi-Detached,Established,Freehold,44,,APPLEDORE ROAD,,CARDIFF,CARDIFF,CARDIFF,Additional,Addition,51.5043530000,-3.2018470000
325000,2018-11-14 00:00:00Z,CF14 1HN,Semi-Detached,Established,Freehold,41,,COURT ROAD,WHITCHURCH,CARDIFF,CARDIFF,CARDIFF,Standard,Addition,51.5067720000,-3.2096770000
158000,2018-01-11 00:00:00Z,CF14 3HX,Semi-Detached,Established,Freehold,111,,APPLEDORE ROAD,,CARDIFF,CARDIFF,CARDIFF,Standard,Addition,51.5043960000,-3.2065230000
190000,2018-05-11 00:00:00Z,CF14 1RG,Semi-Detached,Established,Freehold,24,,MANOR WAY,,CARDIFF,CARDIFF,CARDIFF,Standard,Addition,51.5097000000,-3.2030540000
270000,2018-05-09 00:00:00Z,CF14 1EG,Semi-Detached,Established,Freehold,2,,CELTIC ROAD,,CARDIFF,CARDIFF,CARDIFF,Standard,Addition,51.5065460000,-3.2019770000
243000,2018-09-28 00:00:00Z,CF14 1HT,Terraced,Established,Freehold,20,,VIOLET PLACE,,CARDIFF,CARDIFF,CARDIFF,Standard,Addition,51.5085520000,-3.2044790000
290000,2018-10-18 00:00:00Z,CF14 1HN,Semi-Detached,Established,Freehold,16,,COURT ROAD,WHITCHURCH,CARDIFF,CARDIFF,CARDIFF,Standard,Addition,51.5067720000,-3.2096770000
260000,2018-09-14 00:00:00Z,CF14 1DL,Semi-Detached,Established,Freehold,200,,MERTHYR ROAD,WHITCHURCH,CARDIFF,CARDIFF,CARDIFF,Standard,Addition,51.5081680000,-3.2016300000
250000,2018-10-02 00:00:00Z,CF14 4AB,Semi-Detached,Established,Freehold,7,,LON Y GROES,,CARDIFF,CARDIFF,CARDIFF,Standard,Addition,51.5086260000,-3.2007920000
175000,2018-12-14 00:00:00Z,CF14 2SR,Terraced,Established,Freehold,34,,ABERDORE ROAD,,CARDIFF,CARDIFF,CARDIFF,Standard,Addition,51.5021230000,-3.2097700000
93000,2018-07-10 00:00:00Z,CF14 1EF,Flats/Maisonettes,Established,Leasehold,6,,PHILOG COURT,,CARDIFF,CARDIFF,CARDIFF,Standard,Addition,51.5097230000,-3.2069020000
182000,2018-08-31 00:00:00Z,CF14 1HZ,Terraced,Established,Freehold,93,,BIRCHWOOD GARDENS,,CARDIFF,CARDIFF,CARDIFF,Standard,Addition,51.5061500000,-3.2047420000
380000,2018-08-24 00:00:00Z,CF14 1EQ,Detached,Established,Freehold,38,,SUNNYBANK CLOSE,,CARDIFF,CARDIFF,CARDIFF,Standard,Addition,51.5061630000,-3.2033500000
287500,2018-02-09 00:00:00Z,CF14 1HW,Semi-Detached,Established,Freehold,7,,LLWYN DERW ROAD,,CARDIFF,CARDIFF,CARDIFF,Standard,Addition,51.5073290000,-3.2018680000
270000,2018-01-30 00:00:00Z,CF14 1HX,Semi-Detached,Established,Freehold,16,,KENFIG ROAD,,CARDIFF,CARDIFF,CARDIFF,Standard,Addition,51.5067910000,-3.2008310000
300000,2018-06-11 00:00:00Z,CF14 1HW,Semi-Detached,Established,Freehold,6,,LLWYN DERW ROAD,,CARDIFF,CARDIFF,CARDIFF,Standard,Addition,51.5073290000,-3.2018680000
295000,2018-06-18 00:00:00Z,CF14 1EQ,Detached,Established,Freehold,12,,SUNNYBANK CLOSE,,CARDIFF,CARDIFF,CARDIFF,Standard,Addition,51.5061630000,-3.2033500000
185000,2018-06-01 00:00:00Z,CF14 3HS,Semi-Detached,Established,Freehold,18,,CEFN ROAD,,CARDIFF,CARDIFF,CARDIFF,Standard,Addition,51.5042910000,-3.2079260000
270000,2018-05-30 00:00:00Z,CF14 1EG,Terraced,Established,Freehold,14,,CELTIC ROAD,,CARDIFF,CARDIFF,CARDIFF,Standard,Addition,51.5065460000,-3.2019770000
290000,2018-12-14 00:00:00Z,CF14 1EL,Detached,Established,Freehold,50,,SILVER BIRCH CLOSE,,CARDIFF,CARDIFF,CARDIFF,Standard,Addition,51.5052930000,-3.2048690000
250000,2018-12-10 00:00:00Z,CF14 2SG,Semi-Detached,Established,Freehold,35,,GABALFA AVENUE,,CARDIFF,CARDIFF,CARDIFF,Standard,Addition,51.5002100000,-3.2095470000
200000,2018-01-29 00:00:00Z,CF14 3HN,Semi-Detached,Established,Freehold,192,,MYNACHDY ROAD,,CARDIFF,CARDIFF,CARDIFF,Standard,Addition,51.5037330000,-3.2036410000
260000,2018-03-19 00:00:00Z,CF14 1EL,Detached,Established,Freehold,129,,SILVER BIRCH CLOSE,,CARDIFF,CARDIFF,CARDIFF,Standard,Addition,51.5052930000,-3.2048690000
135000,2018-02-16 00:00:00Z,CF14 2SR,Terraced,Established,Freehold,36,,ABERDORE ROAD,,CARDIFF,CARDIFF,CARDIFF,Standard,Addition,51.5021230000,-3.2097700000
259000,2018-09-07 00:00:00Z,CF14 1HS,Terraced,Established,Freehold,3,,WAUNTREODA ROAD,,CARDIFF,CARDIFF,CARDIFF,Standard,Addition,51.5086690000,-3.2053470000
233000,2018-06-15 00:00:00Z,CF14 1DY,Terraced,Established,Freehold,21,,THE PHILOG,,CARDIFF,CARDIFF,CARDIFF,Standard,Addition,51.5096890000,-3.2076510000
184000,2018-06-29 00:00:00Z,CF14 3HS,Semi-Detached,Established,Freehold,23,,CEFN ROAD,,CARDIFF,CARDIFF,CARDIFF,Standard,Addition,51.5042910000,-3.2079260000
205000,2018-08-10 00:00:00Z,CF14 1EL,Semi-Detached,Established,Freehold,43,,SILVER BIRCH CLOSE,,CARDIFF,CARDIFF,CARDIFF,Additional,Addition,51.5052930000,-3.2048690000
130100,2018-08-16 00:00:00Z,CF14 3DY,Semi-Detached,Established,Freehold,113,,MYNACHDY ROAD,,CARDIFF,CARDIFF,CARDIFF,Standard,Addition,51.5017130000,-3.2014890000
307000,2018-06-22 00:00:00Z,CF14 1JR,Semi-Detached,Established,Freehold,17,,COURT CLOSE,,CARDIFF,CARDIFF,CARDIFF,Standard,Addition,51.5056770000,-3.2069250000
280000,2018-07-11 00:00:00Z,CF14 1HG,Semi-Detached,Established,Freehold,40,,HEOL Y GORS,WHITCHURCH,CARDIFF,CARDIFF,CARDIFF,Standard,Addition,51.5078710000,-3.2086690000
364000,2018-07-13 00:00:00Z,CF14 1HR,Terraced,Established,Freehold,14,,FRANKLEN ROAD,,CARDIFF,CARDIFF,CARDIFF,Standard,Addition,51.5087040000,-3.2063850000
187000,2018-06-26 00:00:00Z,CF14 2SB,Terraced,Established,Freehold,102,,WESTERN AVENUE NORTH,,CARDIFF,CARDIFF,CARDIFF,Standard,Addition,51.5008740000,-3.2070140000
175000,2018-12-19 00:00:00Z,CF14 3HQ,Semi-Detached,Established,Freehold,14,,GARTH PLACE,,CARDIFF,CARDIFF,CARDIFF,Standard,Addition,51.5038490000,-3.2028800000
345000,2018-06-22 00:00:00Z,CF14 4AB,Detached,Established,Freehold,22,,LON Y GROES,,CARDIFF,CARDIFF,CARDIFF,Standard,Addition,51.5086260000,-3.2007920000
290000,2018-09-13 00:00:00Z,CF14 1JX,Semi-Detached,Established,Freehold,100,,HEOL GABRIEL,,CARDIFF,CARDIFF,CARDIFF,Standard,Addition,51.5066190000,-3.2070940000
136000,2018-10-19 00:00:00Z,CF14 2RZ,Semi-Detached,Established,Freehold,10,,ABERTEIFI CLOSE,,CARDIFF,CARDIFF,CARDIFF,Standard,Addition,51.5028830000,-3.2074850000
120000,2018-03-01 00:00:00Z,CF14 1EF,Flats/Maisonettes,Established,Leasehold,15,,PHILOG COURT,,CARDIFF,CARDIFF,CARDIFF,Additional,Addition,51.5097230000,-3.2069020000
373000,2018-03-20 00:00:00Z,CF14 1HB,Semi-Detached,Established,Freehold,15,,HEOL MADOC,,CARDIFF,CARDIFF,CARDIFF,Standard,Addition,51.5087660000,-3.2090960000
205000,2018-10-31 00:00:00Z,CF14 3HR,Semi-Detached,Established,Freehold,10,,GILBERT PLACE,,CARDIFF,CARDIFF,CARDIFF,Standard,Addition,51.5033120000,-3.2051340000
252000,2018-06-14 00:00:00Z,CF14 1DL,Semi-Detached,Established,Freehold,194,,MERTHYR ROAD,WHITCHURCH,CARDIFF,CARDIFF,CARDIFF,Standard,Addition,51.5081680000,-3.2016300000
275000,2018-04-03 00:00:00Z,CF14 1HQ,Semi-Detached,Established,Freehold,2,,CRADOC ROAD,,CARDIFF,CARDIFF,CARDIFF,Additional,Addition,51.5086740000,-3.2075370000
182000,2018-07-27 00:00:00Z,CF14 2RZ,Semi-Detached,Established,Freehold,6,,ABERTEIFI CLOSE,,CARDIFF,CARDIFF,CARDIFF,Standard,Addition,51.5028830000,-3.2074850000
275000,2018-06-18 00:00:00Z,CF14 1EL,Semi-Detached,Established,Freehold,25,,SILVER BIRCH CLOSE,,CARDIFF,CARDIFF,CARDIFF,Standard,Addition,51.5052930000,-3.2048690000
249995,2018-08-06 00:00:00Z,CF14 1EL,Semi-Detached,Established,Freehold,122,,SILVER BIRCH CLOSE,,CARDIFF,CARDIFF,CARDIFF,Standard,Addition,51.5052930000,-3.2048690000
183500,2018-07-27 00:00:00Z,CF14 2SR,Terraced,Established,Freehold,26,,ABERDORE ROAD,,CARDIFF,CARDIFF,CARDIFF,Standard,Addition,51.5021230000,-3.2097700000
259000,2018-03-22 00:00:00Z,CF14 1RU,Terraced,Established,Freehold,114,,BIRCHGROVE ROAD,,CARDIFF,CARDIFF,CARDIFF,Standard,Addition,51.5098650000,-3.2045280000
395000,2018-03-26 00:00:00Z,CF14 1HB,Semi-Detached,Established,Freehold,7,,HEOL MADOC,,CARDIFF,CARDIFF,CARDIFF,Standard,Addition,51.5087660000,-3.2090960000
360000,2018-03-29 00:00:00Z,CF14 1HP,Semi-Detached,Established,Freehold,10,,MAELOG ROAD,,CARDIFF,CARDIFF,CARDIFF,Standard,Addition,51.5087130000,-3.2080570000
293000,2018-03-12 00:00:00Z,CF14 1HY,Detached,Established,Freehold,2,,BIRCHWOOD GARDENS,,CARDIFF,CARDIFF,CARDIFF,Standard,Addition,51.5063850000,-3.2053880000
358400,2018-03-28 00:00:00Z,CF14 1EQ,Detached,Established,Freehold,25,,SUNNYBANK CLOSE,,CARDIFF,CARDIFF,CARDIFF,Standard,Addition,51.5061630000,-3.2033500000
315000,2018-03-26 00:00:00Z,CF14 1RG,Semi-Detached,Established,Freehold,18,,MANOR WAY,,CARDIFF,CARDIFF,CARDIFF,Standard,Addition,51.5097000000,-3.2030540000
290000,2018-04-16 00:00:00Z,CF14 1HF,Semi-Detached,Established,Freehold,36,,HEOL Y GORS,WHITCHURCH,CARDIFF,CARDIFF,CARDIFF,Standard,Addition,51.5077960000,-3.2063180000
395000,2018-04-04 00:00:00Z,CF14 1HB,Semi-Detached,Established,Freehold,16,,HEOL MADOC,WHITCHURCH,CARDIFF,CARDIFF,CARDIFF,Standard,Addition,51.5087660000,-3.2090960000
112000,2018-04-06 00:00:00Z,CF14 1EF,Flats/Maisonettes,Established,Leasehold,4,,PHILOG COURT,,CARDIFF,CARDIFF,CARDIFF,Standard,Addition,51.5097230000,-3.2069020000
183000,2019-04-15 00:00:00Z,CF14 1DZ,Terraced,Established,Freehold,69,,THE PHILOG,,CARDIFF,CARDIFF,CARDIFF,Standard,Addition,51.5096350000,-3.2058330000
190000,2019-11-27 00:00:00Z,CF14 2RW,Terraced,Established,Freehold,36,,ABERPORTH ROAD,,CARDIFF,CARDIFF,CARDIFF,Standard,Addition,51.5019940000,-3.2065110000
124100,2019-06-27 00:00:00Z,CF14 3HN,Semi-Detached,Established,Freehold,184,,MYNACHDY ROAD,,CARDIFF,CARDIFF,CARDIFF,Standard,Addition,51.5037330000,-3.2036410000
185000,2019-08-02 00:00:00Z,CF14 2RX,Terraced,Established,Freehold,25,,ABERPORTH ROAD,,CARDIFF,CARDIFF,CARDIFF,Standard,Addition,51.5024730000,-3.2097650000
204000,2019-03-28 00:00:00Z,CF14 1HS,Terraced,Established,Freehold,31,,WAUNTREODA ROAD,,CARDIFF,CARDIFF,CARDIFF,Standard,Addition,51.5086690000,-3.2053470000
415000,2019-04-12 00:00:00Z,CF14 1HQ,Semi-Detached,Established,Freehold,2,,CRADOC ROAD,,CARDIFF,CARDIFF,CARDIFF,Standard,Addition,51.5086740000,-3.2075370000
295000,2019-03-11 00:00:00Z,CF14 4AB,Semi-Detached,Established,Freehold,8,,LON Y GROES,,CARDIFF,CARDIFF,CARDIFF,Standard,Addition,51.5086260000,-3.2007920000
320000,2019-04-05 00:00:00Z,CF14 4AJ,Terraced,Established,Freehold,32,,NORTON AVENUE,,CARDIFF,CARDIFF,CARDIFF,Standard,Addition,51.5095140000,-3.2010460000
283050,2019-07-15 00:00:00Z,CF14 1HG,Semi-Detached,Established,Freehold,42,,HEOL Y GORS,WHITCHURCH,CARDIFF,CARDIFF,CARDIFF,Standard,Addition,51.5078710000,-3.2086690000
8501874,2019-08-28 00:00:00Z,CF14 3AX,Other,Established,Freehold,BOOKER CASH & CARRY,,BATCHELOR ROAD,,CARDIFF,CARDIFF,CARDIFF,Additional,Addition,51.5002420000,-3.2046780000
315000,2019-08-30 00:00:00Z,CF14 1EL,Detached,Established,Freehold,28,,SILVER BIRCH CLOSE,,CARDIFF,CARDIFF,CARDIFF,Standard,Addition,51.5052930000,-3.2048690000
318000,2019-11-19 00:00:00Z,CF14 1JR,Semi-Detached,Established,Freehold,2,,COURT CLOSE,,CARDIFF,CARDIFF,CARDIFF,Standard,Addition,51.5056770000,-3.2069250000
302500,2019-10-25 00:00:00Z,CF14 1HQ,Terraced,Established,Freehold,19,,CRADOC ROAD,,CARDIFF,CARDIFF,CARDIFF,Standard,Addition,51.5086740000,-3.2075370000
305000,2019-10-28 00:00:00Z,CF14 1JY,Detached,Established,Freehold,117,,HEOL GABRIEL,,CARDIFF,CARDIFF,CARDIFF,Standard,Addition,51.5070590000,-3.2054490000
282500,2019-09-20 00:00:00Z,CF14 1JR,Semi-Detached,Established,Freehold,16,,COURT CLOSE,,CARDIFF,CARDIFF,CARDIFF,Standard,Addition,51.5056770000,-3.2069250000
175000,2019-11-28 00:00:00Z,CF14 1DZ,Terraced,Established,Freehold,65,,THE PHILOG,,CARDIFF,CARDIFF,CARDIFF,Standard,Addition,51.5096350000,-3.2058330000
255000,2019-12-11 00:00:00Z,CF14 1HU,Semi-Detached,Established,Freehold,12,,TWYN Y FEDWEN ROAD,,CARDIFF,CARDIFF,CARDIFF,Standard,Addition,51.5077610000,-3.2027580000
398000,2019-11-08 00:00:00Z,CF14 1JY,Semi-Detached,Established,Freehold,146,,HEOL GABRIEL,,CARDIFF,CARDIFF,CARDIFF,Standard,Addition,51.5070590000,-3.2054490000
135000,2019-02-11 00:00:00Z,CF14 3HU,Semi-Detached,Established,Freehold,9,,APPLEDORE ROAD,,CARDIFF,CARDIFF,CARDIFF,Standard,Addition,51.5043530000,-3.2018470000
238000,2019-09-20 00:00:00Z,CF14 1EL,Semi-Detached,Established,Freehold,137,,SILVER BIRCH CLOSE,,CARDIFF,CARDIFF,CARDIFF,Standard,Addition,51.5052930000,-3.2048690000
75000,2019-10-11 00:00:00Z,CF14 1BZ,Flats/Maisonettes,Established,Leasehold,BATON COURT,FLAT 3,THE PHILOG,,CARDIFF,CARDIFF,CARDIFF,Standard,Addition,51.5096440000,-3.2050270000
325000,2019-10-15 00:00:00Z,CF14 1EQ,Detached,Established,Freehold,42,,SUNNYBANK CLOSE,,CARDIFF,CARDIFF,CARDIFF,Standard,Addition,51.5061630000,-3.2033500000
181000,2019-07-09 00:00:00Z,CF14 3DY,Terraced,Established,Freehold,119,,MYNACHDY ROAD,,CARDIFF,CARDIFF,CARDIFF,Standard,Addition,51.5017130000,-3.2014890000
250000,2019-06-03 00:00:00Z,CF14 1HS,Terraced,Established,Freehold,24,,WAUNTREODA ROAD,,CARDIFF,CARDIFF,CARDIFF,Standard,Addition,51.5086690000,-3.2053470000
212000,2019-06-28 00:00:00Z,CF14 1HZ,Semi-Detached,Established,Freehold,21,,BIRCHWOOD GARDENS,,CARDIFF,CARDIFF,CARDIFF,Standard,Addition,51.5061500000,-3.2047420000
310000,2019-07-15 00:00:00Z,CF14 4AJ,Semi-Detached,Established,Freehold,23,,NORTON AVENUE,,CARDIFF,CARDIFF,CARDIFF,Standard,Addition,51.5095140000,-3.2010460000
260000,2019-05-10 00:00:00Z,CF14 1SD,Detached,Established,Freehold,2,,NANT Y FEDW,,CARDIFF,CARDIFF,CARDIFF,Standard,Addition,51.5093190000,-3.2024530000
228000,2019-06-03 00:00:00Z,CF14 1HZ,Semi-Detached,Established,Freehold,25,,BIRCHWOOD GARDENS,,CARDIFF,CARDIFF,CARDIFF,Standard,Addition,51.5061500000,-3.2047420000
245000,2019-08-30 00:00:00Z,CF14 1RA,Semi-Detached,Established,Freehold,7,,MANOR WAY,,CARDIFF,CARDIFF,CARDIFF,Standard,Addition,51.5095310000,-3.2037410000
300000,2019-08-30 00:00:00Z,CF14 1HG,Semi-Detached,Established,Freehold,46,,HEOL Y GORS,WHITCHURCH,CARDIFF,CARDIFF,CARDIFF,Standard,Addition,51.5078710000,-3.2086690000
293000,2019-08-30 00:00:00Z,CF14 1JR,Terraced,Established,Freehold,7,,COURT CLOSE,,CARDIFF,CARDIFF,CARDIFF,Standard,Addition,51.5056770000,-3.2069250000
250000,2019-08-30 00:00:00Z,CF14 1HX,Semi-Detached,Established,Freehold,19,,KENFIG ROAD,,CARDIFF,CARDIFF,CARDIFF,Standard,Addition,51.5067910000,-3.2008310000
184500,2019-07-05 00:00:00Z,CF14 2RW,Terraced,Established,Freehold,8,,ABERPORTH ROAD,,CARDIFF,CARDIFF,CARDIFF,Standard,Addition,51.5019940000,-3.2065110000
128000,2019-04-18 00:00:00Z,CF14 2RZ,Semi-Detached,Established,Freehold,13,,ABERTEIFI CLOSE,,CARDIFF,CARDIFF,CARDIFF,Standard,Addition,51.5028830000,-3.2074850000
248500,2019-02-15 00:00:00Z,CF14 1EL,Semi-Detached,Established,Freehold,125,,SILVER BIRCH CLOSE,,CARDIFF,CARDIFF,CARDIFF,Standard,Addition,51.5052930000,-3.2048690000
292000,2019-02-08 00:00:00Z,CF14 1HP,Semi-Detached,Established,Freehold,3,,MAELOG ROAD,,CARDIFF,CARDIFF,CARDIFF,Standard,Addition,51.5087130000,-3.2080570000
310000,2019-12-13 00:00:00Z,CF14 1JY,Semi-Detached,Established,Freehold,130,,HEOL GABRIEL,,CARDIFF,CARDIFF,CARDIFF,Standard,Addition,51.5070590000,-3.2054490000
308000,2019-01-25 00:00:00Z,CF14 1JY,Semi-Detached,Established,Freehold,154,,HEOL GABRIEL,,CARDIFF,CARDIFF,CARDIFF,Standard,Addition,51.5070590000,-3.2054490000
250000,2019-06-28 00:00:00Z,CF14 1HX,Semi-Detached,Established,Freehold,19,,KENFIG ROAD,,CARDIFF,CARDIFF,CARDIFF,Additional,Addition,51.5067910000,-3.2008310000
226000,2019-01-18 00:00:00Z,CF14 1HS,Semi-Detached,Established,Freehold,23,,WAUNTREODA ROAD,,CARDIFF,CARDIFF,CARDIFF,Standard,Addition,51.5086690000,-3.2053470000
247500,2019-12-06 00:00:00Z,CF14 1RG,Semi-Detached,Established,Freehold,22,,MANOR WAY,,CARDIFF,CARDIFF,CARDIFF,Standard,Addition,51.5097000000,-3.2030540000
153000,2019-12-16 00:00:00Z,CF14 2SB,Semi-Detached,Established,Freehold,110,,WESTERN AVENUE NORTH,,CARDIFF,CARDIFF,CARDIFF,Standard,Addition,51.5008740000,-3.2070140000
190000,2019-07-31 00:00:00Z,CF14 2SG,Semi-Detached,Established,Freehold,11,,GABALFA AVENUE,,CARDIFF,CARDIFF,CARDIFF,Standard,Addition,51.5002100000,-3.2095470000
187500,2019-08-09 00:00:00Z,CF14 3HU,Semi-Detached,Established,Freehold,13,,APPLEDORE ROAD,,CARDIFF,CARDIFF,CARDIFF,Standard,Addition,51.5043530000,-3.2018470000
192500,2019-07-23 00:00:00Z,CF14 3HX,Semi-Detached,Established,Freehold,111,,APPLEDORE ROAD,,CARDIFF,CARDIFF,CARDIFF,Standard,Addition,51.5043960000,-3.2065230000
169950,2019-08-30 00:00:00Z,CF14 3HX,Semi-Detached,Established,Freehold,96,,APPLEDORE ROAD,,CARDIFF,CARDIFF,CARDIFF,Standard,Addition,51.5043960000,-3.2065230000
269950,2019-09-12 00:00:00Z,CF14 1HS,Terraced,Established,Freehold,20,,WAUNTREODA ROAD,,CARDIFF,CARDIFF,CARDIFF,Standard,Addition,51.5086690000,-3.2053470000
273000,2020-01-10 00:00:00Z,CF14 1RU,Terraced,Established,Freehold,114,,BIRCHGROVE ROAD,,CARDIFF,CARDIFF,CARDIFF,Standard,Addition,51.5098650000,-3.2045280000
180000,2020-01-17 00:00:00Z,CF14 3HL,Semi-Detached,Established,Freehold,151,,MYNACHDY ROAD,,CARDIFF,CARDIFF,CARDIFF,Standard,Addition,51.5036900000,-3.2051580000
195000,2020-03-23 00:00:00Z,CF14 3HR,Semi-Detached,Established,Freehold,8,,GILBERT PLACE,,CARDIFF,CARDIFF,CARDIFF,Additional,Addition,51.5033120000,-3.2051340000
210000,2020-04-30 00:00:00Z,CF14 1EL,Other,Established,Freehold,TY BEDW,,SILVER BIRCH CLOSE,,CARDIFF,CARDIFF,CARDIFF,Additional,Addition,51.5052930000,-3.2048690000
270000,2020-11-26 00:00:00Z,CF14 4AJ,Terraced,Established,Leasehold,44,,NORTON AVENUE,,CARDIFF,CARDIFF,CARDIFF,Standard,Addition,51.5095140000,-3.2010460000
265000,2020-11-05 00:00:00Z,CF14 1JW,Semi-Detached,Established,Freehold,90,,HEOL GABRIEL,,CARDIFF,CARDIFF,CARDIFF,Standard,Addition,51.5059340000,-3.2089920000
244000,2020-12-04 00:00:00Z,CF14 1HT,Terraced,Established,Freehold,11,,VIOLET PLACE,,CARDIFF,CARDIFF,CARDIFF,Standard,Addition,51.5085520000,-3.2044790000
335000,2020-12-17 00:00:00Z,CF14 1HN,Semi-Detached,Established,Freehold,7,,COURT ROAD,WHITCHURCH,CARDIFF,CARDIFF,CARDIFF,Standard,Addition,51.5067720000,-3.2096770000
269950,2020-11-25 00:00:00Z,CF14 1DL,Semi-Detached,Established,Freehold,190,,MERTHYR ROAD,WHITCHURCH,CARDIFF,CARDIFF,CARDIFF,Standard,Addition,51.5081680000,-3.2016300000
265000,2020-12-04 00:00:00Z,CF14 4AJ,Terraced,Established,Freehold,10,,NORTON AVENUE,,CARDIFF,CARDIFF,CARDIFF,Standard,Addition,51.5095140000,-3.2010460000
385000,2020-09-18 00:00:00Z,CF14 1HP,Semi-Detached,Established,Freehold,1,,MAELOG ROAD,,CARDIFF,CARDIFF,CARDIFF,Standard,Addition,51.5087130000,-3.2080570000
305000,2020-09-11 00:00:00Z,CF14 1HN,Semi-Detached,Established,Freehold,45,,COURT ROAD,WHITCHURCH,CARDIFF,CARDIFF,CARDIFF,Standard,Addition,51.5067720000,-3.2096770000
376000,2020-09-02 00:00:00Z,CF14 1DL,Other,Established,Freehold,THREE HORSESHOES HOTEL,,MERTHYR ROAD,WHITCHURCH,CARDIFF,CARDIFF,CARDIFF,Additional,Addition,51.5081680000,-3.2016300000
218000,2020-03-20 00:00:00Z,CF14 2SG,Terraced,Established,Freehold,5,,GABALFA AVENUE,,CARDIFF,CARDIFF,CARDIFF,Standard,Addition,51.5002100000,-3.2095470000
250000,2020-04-03 00:00:00Z,CF14 1RA,Semi-Detached,Established,Freehold,9,,MANOR WAY,,CARDIFF,CARDIFF,CARDIFF,Standard,Addition,51.5095310000,-3.2037410000
355000,2020-10-09 00:00:00Z,CF14 1HP,Semi-Detached,Established,Freehold,15,,MAELOG ROAD,,CARDIFF,CARDIFF,CARDIFF,Standard,Addition,51.5087130000,-3.2080570000
351500,2020-08-14 00:00:00Z,CF14 1HX,Semi-Detached,Established,Freehold,21,,KENFIG ROAD,,CARDIFF,CARDIFF,CARDIFF,Standard,Addition,51.5067910000,-3.2008310000
195000,2020-09-18 00:00:00Z,CF14 3DY,Semi-Detached,Established,Freehold,135,,MYNACHDY ROAD,,CARDIFF,CARDIFF,CARDIFF,Standard,Addition,51.5017130000,-3.2014890000
248000,2020-06-19 00:00:00Z,CF14 1HE,Semi-Detached,Established,Freehold,3,,HEOL Y GORS,WHITCHURCH,CARDIFF,CARDIFF,CARDIFF,Standard,Addition,51.5080290000,-3.2046240000
232320,2020-08-21 00:00:00Z,CF14 2RX,Semi-Detached,Established,Freehold,65,,ABERPORTH ROAD,,CARDIFF,CARDIFF,CARDIFF,Standard,Addition,51.5024730000,-3.2097650000
235000,2020-08-28 00:00:00Z,CF14 1DY,Terraced,Established,Freehold,17,,THE PHILOG,,CARDIFF,CARDIFF,CARDIFF,Standard,Addition,51.5096890000,-3.2076510000
210000,2020-09-18 00:00:00Z,CF14 3HW,Semi-Detached,Established,Freehold,69,,APPLEDORE ROAD,,CARDIFF,CARDIFF,CARDIFF,Standard,Addition,51.5043930000,-3.2040530000
244000,2020-09-07 00:00:00Z,CF14 1HT,Terraced,Established,Freehold,12,,VIOLET PLACE,,CARDIFF,CARDIFF,CARDIFF,Standard,Addition,51.5085520000,-3.2044790000
280000,2020-08-21 00:00:00Z,CF14 1HW,Semi-Detached,Established,Freehold,14,,LLWYN DERW ROAD,,CARDIFF,CARDIFF,CARDIFF,Standard,Addition,51.5073290000,-3.2018680000
190000,2020-09-23 00:00:00Z,CF14 3HL,Semi-Detached,Established,Freehold,175,,MYNACHDY ROAD,,CARDIFF,CARDIFF,CARDIFF,Standard,Addition,51.5036900000,-3.2051580000
205000,2020-05-07 00:00:00Z,CF14 2RX,Terraced,Established,Freehold,37,,ABERPORTH ROAD,,CARDIFF,CARDIFF,CARDIFF,Standard,Addition,51.5024730000,-3.2097650000
93500,2020-07-10 00:00:00Z,CF14 3HN,Flats/Maisonettes,Established,Leasehold,150B,,MYNACHDY ROAD,,CARDIFF,CARDIFF,CARDIFF,Standard,Addition,51.5037330000,-3.2036410000
230000,2020-02-21 00:00:00Z,CF14 1HS,Terraced,Established,Freehold,32,,WAUNTREODA ROAD,,CARDIFF,CARDIFF,CARDIFF,Standard,Addition,51.5086690000,-3.2053470000
220000,2020-10-09 00:00:00Z,CF14 3HS,Semi-Detached,Established,Freehold,28,,CEFN ROAD,,CARDIFF,CARDIFF,CARDIFF,Additional,Addition,51.5042910000,-3.2079260000
380000,2020-12-04 00:00:00Z,CF14 1HG,Semi-Detached,Established,Freehold,52,,HEOL Y GORS,WHITCHURCH,CARDIFF,CARDIFF,CARDIFF,Standard,Addition,51.5078710000,-3.2086690000
280000,2020-06-24 00:00:00Z,CF14 1HX,Semi-Detached,Established,Freehold,19,,KENFIG ROAD,,CARDIFF,CARDIFF,CARDIFF,Standard,Addition,51.5067910000,-3.2008310000
185600,2020-09-22 00:00:00Z,CF14 3HS,Semi-Detached,Established,Freehold,36,,CEFN ROAD,,CARDIFF,CARDIFF,CARDIFF,Standard,Addition,51.5042910000,-3.2079260000
205000,2020-10-08 00:00:00Z,CF14 3EB,Semi-Detached,Established,Freehold,104,,MYNACHDY ROAD,,CARDIFF,CARDIFF,CARDIFF,Standard,Addition,51.5018970000,-3.2010620000
225000,2020-11-13 00:00:00Z,CF14 3HL,Semi-Detached,Established,Freehold,205,,MYNACHDY ROAD,,CARDIFF,CARDIFF,CARDIFF,Standard,Addition,51.5036900000,-3.2051580000
307500,2020-10-09 00:00:00Z,CF14 1JY,Semi-Detached,Established,Freehold,142,,HEOL GABRIEL,,CARDIFF,CARDIFF,CARDIFF,Standard,Addition,51.5070590000,-3.2054490000
230000,2020-01-03 00:00:00Z,CF14 1HZ,Semi-Detached,Established,Freehold,81,,BIRCHWOOD GARDENS,,CARDIFF,CARDIFF,CARDIFF,Standard,Addition,51.5061500000,-3.2047420000
13900000,2020-06-26 00:00:00Z,CF14 3BA,Other,Established,Freehold,NORTH COURT,FLAT 8,NORTH ROAD,,CARDIFF,CARDIFF,CARDIFF,Additional,Addition,51.5070590000,-3.2002700000
13900000,2020-06-26 00:00:00Z,CF14 3BA,Other,Established,Freehold,NORTH COURT,,NORTH ROAD,,CARDIFF,CARDIFF,CARDIFF,Additional,Addition,51.5070590000,-3.2002700000
140000,2020-09-18 00:00:00Z,CF14 3HP,Semi-Detached,Established,Freehold,16,,RADYR PLACE,,CARDIFF,CARDIFF,CARDIFF,Additional,Addition,51.5028820000,-3.2041420000
13900000,2020-06-26 00:00:00Z,CF14 3BA,Other,Established,Freehold,NORTH COURT,,NORTH ROAD,,CARDIFF,CARDIFF,CARDIFF,Additional,Addition,51.5070590000,-3.2002700000
200000,2020-10-12 00:00:00Z,CF14 3HR,Semi-Detached,Established,Freehold,3,,GILBERT PLACE,,CARDIFF,CARDIFF,CARDIFF,Additional,Addition,51.5033120000,-3.2051340000
160000,2020-12-17 00:00:00Z,CF14 1EE,Flats/Maisonettes,Established,Leasehold,RETFORD COURT,FLAT 6,THE PHILOG,,CARDIFF,CARDIFF,CARDIFF,Additional,Addition,51.5098880000,-3.2092840000
214500,2020-06-19 00:00:00Z,CF14 1EL,Semi-Detached,Established,Freehold,12A,,SILVER BIRCH CLOSE,,CARDIFF,CARDIFF,CARDIFF,Standard,Addition,51.5052930000,-3.2048690000
190000,2020-07-02 00:00:00Z,CF14 3EB,Semi-Detached,Established,Freehold,114,,MYNACHDY ROAD,,CARDIFF,CARDIFF,CARDIFF,Standard,Addition,51.5018970000,-3.2010620000
287500,2020-07-10 00:00:00Z,CF14 1HX,Semi-Detached,Established,Freehold,16,,KENFIG ROAD,,CARDIFF,CARDIFF,CARDIFF,Standard,Addition,51.5067910000,-3.2008310000
392000,2020-06-12 00:00:00Z,CF14 4AA,Semi-Detached,Established,Freehold,16,,RICHS ROAD,,CARDIFF,CARDIFF,CARDIFF,Standard,Addition,51.5095940000,-3.2019850000
179950,2020-01-30 00:00:00Z,CF14 2RX,Terraced,Established,Freehold,71,,ABERPORTH ROAD,,CARDIFF,CARDIFF,CARDIFF,Standard,Addition,51.5024730000,-3.2097650000
210000,2021-05-24 00:00:00Z,CF14 3HL,Semi-Detached,Established,Freehold,194,,MYNACHDY ROAD,,CARDIFF,CARDIFF,CARDIFF,Standard,Addition,51.5036900000,-3.2051580000
342500,2021-03-19 00:00:00Z,CF14 1EG,Semi-Detached,Established,Freehold,4,,CELTIC ROAD,,CARDIFF,CARDIFF,CARDIFF,Standard,Addition,51.5065460000,-3.2019770000
315000,2021-04-16 00:00:00Z,CF14 1EG,Semi-Detached,Established,Freehold,1,,CELTIC ROAD,,CARDIFF,CARDIFF,CARDIFF,Standard,Addition,51.5065460000,-3.2019770000
329000,2021-05-28 00:00:00Z,CF14 1HF,Detached,Established,Freehold,23,,HEOL Y GORS,WHITCHURCH,CARDIFF,CARDIFF,CARDIFF,Standard,Addition,51.5077960000,-3.2063180000
290000,2021-06-08 00:00:00Z,CF14 1DX,Semi-Detached,Established,Freehold,PENRHYS,,THE PHILOG,,CARDIFF,CARDIFF,CARDIFF,Standard,Addition,51.5097230000,-3.2095540000
345000,2021-11-26 00:00:00Z,CF14 1EA,Terraced,Established,Freehold,50,,THE PHILOG,,CARDIFF,CARDIFF,CARDIFF,Standard,Addition,51.5093780000,-3.2081040000
237500,2021-02-05 00:00:00Z,CF14 1HY,Semi-Detached,Established,Freehold,60,,BIRCHWOOD GARDENS,,CARDIFF,CARDIFF,CARDIFF,Additional,Addition,51.5063850000,-3.2053880000
270000,2021-08-12 00:00:00Z,CF14 1HT,Terraced,Established,Freehold,17,,VIOLET PLACE,,CARDIFF,CARDIFF,CARDIFF,Standard,Addition,51.5085520000,-3.2044790000
265000,2021-07-29 00:00:00Z,CF14 2SG,Semi-Detached,Established,Freehold,11,,GABALFA AVENUE,,CARDIFF,CARDIFF,CARDIFF,Standard,Addition,51.5002100000,-3.2095470000
370000,2021-02-26 00:00:00Z,CF14 1HN,Semi-Detached,Established,Freehold,16,,COURT ROAD,WHITCHURCH,CARDIFF,CARDIFF,CARDIFF,Standard,Addition,51.5067720000,-3.2096770000
305000,2021-01-22 00:00:00Z,CF14 4AA,Semi-Detached,Established,Freehold,27,,RICHS ROAD,,CARDIFF,CARDIFF,CARDIFF,Standard,Addition,51.5095940000,-3.2019850000
324676,2021-02-23 00:00:00Z,CF14 1HW,Semi-Detached,Established,Freehold,7,,LLWYN DERW ROAD,,CARDIFF,CARDIFF,CARDIFF,Standard,Addition,51.5073290000,-3.2018680000
234500,2021-03-11 00:00:00Z,CF14 1HS,Terraced,Established,Freehold,12,,WAUNTREODA ROAD,,CARDIFF,CARDIFF,CARDIFF,Standard,Addition,51.5086690000,-3.2053470000
230000,2021-03-05 00:00:00Z,CF14 1EL,Semi-Detached,Established,Freehold,133,,SILVER BIRCH CLOSE,,CARDIFF,CARDIFF,CARDIFF,Standard,Addition,51.5052930000,-3.2048690000
289000,2021-10-11 00:00:00Z,CF14 1HS,Terraced,Established,Freehold,18,,WAUNTREODA ROAD,,CARDIFF,CARDIFF,CARDIFF,Standard,Addition,51.5086690000,-3.2053470000
320000,2021-05-13 00:00:00Z,CF14 1JR,Semi-Detached,Established,Freehold,14,,COURT CLOSE,,CARDIFF,CARDIFF,CARDIFF,Standard,Addition,51.5056770000,-3.2069250000
265000,2021-03-26 00:00:00Z,CF14 3HS,Semi-Detached,Established,Freehold,48,,CEFN ROAD,,CARDIFF,CARDIFF,CARDIFF,Standard,Addition,51.5042910000,-3.2079260000
260000,2021-12-03 00:00:00Z,CF14 1HZ,Semi-Detached,Established,Freehold,57,,BIRCHWOOD GARDENS,,CARDIFF,CARDIFF,CARDIFF,Standard,Addition,51.5061500000,-3.2047420000
420000,2021-10-15 00:00:00Z,CF14 1HF,Semi-Detached,Established,Freehold,20,,HEOL Y GORS,WHITCHURCH,CARDIFF,CARDIFF,CARDIFF,Standard,Addition,51.5077960000,-3.2063180000
500000,2021-09-29 00:00:00Z,CF14 1EQ,Detached,Established,Freehold,35,,SUNNYBANK CLOSE,,CARDIFF,CARDIFF,CARDIFF,Standard,Addition,51.5061630000,-3.2033500000
185000,2021-02-05 00:00:00Z,CF14 3HQ,Semi-Detached,Established,Freehold,10,,GARTH PLACE,,CARDIFF,CARDIFF,CARDIFF,Standard,Addition,51.5038490000,-3.2028800000
220000,2021-01-13 00:00:00Z,CF14 1EL,Semi-Detached,Established,Freehold,43,,SILVER BIRCH CLOSE,,CARDIFF,CARDIFF,CARDIFF,Standard,Addition,51.5052930000,-3.2048690000
304500,2021-01-26 00:00:00Z,CF14 1EA,Semi-Detached,Established,Freehold,56,,THE PHILOG,,CARDIFF,CARDIFF,CARDIFF,Standard,Addition,51.5093780000,-3.2081040000
238000,2021-04-16 00:00:00Z,CF14 1HY,Semi-Detached,Established,Freehold,44,,BIRCHWOOD GARDENS,,CARDIFF,CARDIFF,CARDIFF,Standard,Addition,51.5063850000,-3.2053880000
240000,2021-04-06 00:00:00Z,CF14 1HZ,Semi-Detached,Established,Freehold,61,,BIRCHWOOD GARDENS,,CARDIFF,CARDIFF,CARDIFF,Standard,Addition,51.5061500000,-3.2047420000
382500,2021-11-26 00:00:00Z,CF14 1HN,Semi-Detached,Established,Freehold,36,,COURT ROAD,WHITCHURCH,CARDIFF,CARDIFF,CARDIFF,Standard,Addition,51.5067720000,-3.2096770000
375000,2021-09-17 00:00:00Z,CF14 1HN,Semi-Detached,Established,Freehold,26,,COURT ROAD,WHITCHURCH,CARDIFF,CARDIFF,CARDIFF,Standard,Addition,51.5067720000,-3.2096770000
150000,2021-12-15 00:00:00Z,CF14 1EF,Flats/Maisonettes,Established,Leasehold,PHILOG COURT,FLAT 5,THE PHILOG,,CARDIFF,CARDIFF,CARDIFF,Standard,Addition,51.5097230000,-3.2069020000
300000,2021-06-17 00:00:00Z,CF14 1HU,Semi-Detached,Established,Freehold,6,,TWYN Y FEDWEN ROAD,,CARDIFF,CARDIFF,CARDIFF,Standard,Addition,51.5077610000,-3.2027580000
425000,2021-08-24 00:00:00Z,CF14 1HF,Semi-Detached,Established,Freehold,38,,HEOL Y GORS,WHITCHURCH,CARDIFF,CARDIFF,CARDIFF,Standard,Addition,51.5077960000,-3.2063180000
477500,2021-10-11 00:00:00Z,CF14 1HP,Semi-Detached,Established,Freehold,5,,MAELOG ROAD,,CARDIFF,CARDIFF,CARDIFF,Standard,Addition,51.5087130000,-3.2080570000
305000,2021-03-24 00:00:00Z,CF14 1HX,Semi-Detached,Established,Freehold,8,,KENFIG ROAD,,CARDIFF,CARDIFF,CARDIFF,Standard,Addition,51.5067910000,-3.2008310000
228000,2021-05-14 00:00:00Z,CF14 1HZ,Terraced,Established,Freehold,17,,BIRCHWOOD GARDENS,,CARDIFF,CARDIFF,CARDIFF,Standard,Addition,51.5061500000,-3.2047420000
255000,2021-04-01 00:00:00Z,CF14 1EL,Semi-Detached,Established,Freehold,9,,SILVER BIRCH CLOSE,,CARDIFF,CARDIFF,CARDIFF,Standard,Addition,51.5052930000,-3.2048690000
300000,2021-06-30 00:00:00Z,CF14 1HU,Semi-Detached,Established,Freehold,10,,TWYN Y FEDWEN ROAD,,CARDIFF,CARDIFF,CARDIFF,Standard,Addition,51.5077610000,-3.2027580000
180000,2021-03-26 00:00:00Z,CF14 2RZ,Terraced,Established,Freehold,8,,ABERTEIFI CLOSE,,CARDIFF,CARDIFF,CARDIFF,Standard,Addition,51.5028830000,-3.2074850000
370000,2021-07-23 00:00:00Z,CF14 1JX,Semi-Detached,Established,Freehold,120,,HEOL GABRIEL,,CARDIFF,CARDIFF,CARDIFF,Standard,Addition,51.5066190000,-3.2070940000
243000,2021-06-15 00:00:00Z,CF14 1DZ,Terraced,Established,Freehold,81,,THE PHILOG,,CARDIFF,CARDIFF,CARDIFF,Standard,Addition,51.5096350000,-3.2058330000
340000,2021-08-04 00:00:00Z,CF14 1JW,Semi-Detached,Established,Freehold,57,,HEOL GABRIEL,,CARDIFF,CARDIFF,CARDIFF,Standard,Addition,51.5059340000,-3.2089920000
210000,2021-06-30 00:00:00Z,CF14 3EB,Semi-Detached,Established,Freehold,122,,MYNACHDY ROAD,,CARDIFF,CARDIFF,CARDIFF,Standard,Addition,51.5018970000,-3.2010620000
325000,2021-11-17 00:00:00Z,CF14 4AJ,Terraced,Established,Freehold,30,,NORTON AVENUE,,CARDIFF,CARDIFF,CARDIFF,Standard,Addition,51.5095140000,-3.2010460000
375000,2021-06-29 00:00:00Z,CF14 4AJ,Semi-Detached,Established,Freehold,15,,NORTON AVENUE,,CARDIFF,CARDIFF,CARDIFF,Standard,Addition,51.5095140000,-3.2010460000
166000,2021-07-01 00:00:00Z,CF14 1EE,Flats/Maisonettes,Established,Leasehold,RETFORD COURT,FLAT 8,THE PHILOG,,CARDIFF,CARDIFF,CARDIFF,Standard,Addition,51.5098880000,-3.2092840000
90000,2021-08-17 00:00:00Z,CF14 2RW,Semi-Detached,Established,Freehold,18,,ABERPORTH ROAD,,CARDIFF,CARDIFF,CARDIFF,Standard,Addition,51.5019940000,-3.2065110000
310000,2021-09-03 00:00:00Z,CF14 1DZ,Terraced,Established,Freehold,43,,THE PHILOG,,CARDIFF,CARDIFF,CARDIFF,Standard,Addition,51.5096350000,-3.2058330000
345000,2021-07-26 00:00:00Z,CF14 1HN,Semi-Detached,Established,Leasehold,8,,COURT ROAD,WHITCHURCH,CARDIFF,CARDIFF,CARDIFF,Standard,Addition,51.5067720000,-3.2096770000
356000,2021-02-12 00:00:00Z,CF14 1JW,Semi-Detached,Established,Freehold,76,,HEOL GABRIEL,,CARDIFF,CARDIFF,CARDIFF,Standard,Addition,51.5059340000,-3.2089920000
318000,2022-03-14 00:00:00Z,CF14 1ED,Terraced,Established,Freehold,142,,THE PHILOG,,CARDIFF,CARDIFF,CARDIFF,Standard,Addition,51.5090700000,-3.2040170000
291501,2022-01-31 00:00:00Z,CF14 1HT,Terraced,Established,Freehold,15,,VIOLET PLACE,,CARDIFF,CARDIFF,CARDIFF,Standard,Addition,51.5085520000,-3.2044790000
460500,2022-02-18 00:00:00Z,CF14 1HP,Semi-Detached,Established,Freehold,2,,MAELOG ROAD,,CARDIFF,CARDIFF,CARDIFF,Standard,Addition,51.5087130000,-3.2080570000
406500,2022-04-04 00:00:00Z,CF14 1HU,Semi-Detached,Established,Freehold,23,,TWYN Y FEDWEN ROAD,,CARDIFF,CARDIFF,CARDIFF,Standard,Addition,51.5077610000,-3.2027580000
255000,2022-01-31 00:00:00Z,CF14 3HL,Semi-Detached,Established,Freehold,185,,MYNACHDY ROAD,,CARDIFF,CARDIFF,CARDIFF,Standard,Addition,51.5036900000,-3.2051580000
