87000,1995-07-27 00:00:00Z,GL13 9DE,Detached,New Build,Freehold,12,,LANTERN CLOSE,BERKELEY,BERKELEY,STROUD,GLOUCESTERSHIRE,Standard,Addition,51.6901260000,-2.4609410000
39000,1995-12-06 00:00:00Z,GL13 9EH,Terraced,Established,Freehold,7,,SEVERN DRIVE,BERKELEY,BERKELEY,STROUD,GLOUCESTERSHIRE,Standard,Addition,51.6943780000,-2.4612880000
101950,1995-06-30 00:00:00Z,GL13 9DE,Detached,New Build,Freehold,38,,LANTERN CLOSE,BERKELEY,BERKELEY,STROUD,GLOUCESTERSHIRE,Standard,Addition,51.6901260000,-2.4609410000
75000,1995-04-20 00:00:00Z,GL13 9DE,Detached,New Build,Freehold,30,,LANTERN CLOSE,BERKELEY,BERKELEY,STROUD,GLOUCESTERSHIRE,Standard,Addition,51.6901260000,-2.4609410000
116950,1995-09-18 00:00:00Z,GL13 9DE,Detached,New Build,Freehold,8,,LANTERN CLOSE,BERKELEY,BERKELEY,STROUD,GLOUCESTERSHIRE,Standard,Addition,51.6901260000,-2.4609410000
129950,1995-04-10 00:00:00Z,GL13 9DE,Detached,New Build,Freehold,6,,LANTERN CLOSE,BERKELEY,BERKELEY,STROUD,GLOUCESTERSHIRE,Standard,Addition,51.6901260000,-2.4609410000
77950,1995-08-04 00:00:00Z,GL13 9DE,Detached,New Build,Freehold,42,,LANTERN CLOSE,BERKELEY,BERKELEY,STROUD,GLOUCESTERSHIRE,Standard,Addition,51.6901260000,-2.4609410000
48000,1995-11-24 00:00:00Z,GL13 9DE,Terraced,Established,Freehold,3,,LANTERN CLOSE,BERKELEY,BERKELEY,STROUD,GLOUCESTERSHIRE,Standard,Addition,51.6901260000,-2.4609410000
35500,1995-09-29 00:00:00Z,GL13 9TE,Terraced,Established,Freehold,37,,LYNCH ROAD,BERKELEY,BERKELEY,STROUD,GLOUCESTERSHIRE,Standard,Addition,51.6920080000,-2.4670360000
114000,1995-05-25 00:00:00Z,GL13 9DE,Detached,New Build,Freehold,34,,LANTERN CLOSE,BERKELEY,BERKELEY,STROUD,GLOUCESTERSHIRE,Standard,Addition,51.6901260000,-2.4609410000
77450,1995-04-28 00:00:00Z,GL13 9DE,Detached,New Build,Freehold,32,,LANTERN CLOSE,BERKELEY,BERKELEY,STROUD,GLOUCESTERSHIRE,Standard,Addition,51.6901260000,-2.4609410000
111950,1995-05-05 00:00:00Z,GL13 9DE,Detached,New Build,Freehold,16,,LANTERN CLOSE,BERKELEY,BERKELEY,STROUD,GLOUCESTERSHIRE,Standard,Addition,51.6901260000,-2.4609410000
41500,1995-02-22 00:00:00Z,GL13 9TA,Terraced,Established,Freehold,40,,LYNCH ROAD,BERKELEY,BERKELEY,STROUD,GLOUCESTERSHIRE,Standard,Addition,51.6920270000,-2.4644320000
90000,1995-01-27 00:00:00Z,GL13 9EH,Detached,Established,Freehold,3,,SEVERN DRIVE,BERKELEY,BERKELEY,STROUD,GLOUCESTERSHIRE,Standard,Addition,51.6943780000,-2.4612880000
116950,1995-06-20 00:00:00Z,GL13 9DE,Detached,New Build,Freehold,10,,LANTERN CLOSE,BERKELEY,BERKELEY,STROUD,GLOUCESTERSHIRE,Standard,Addition,51.6901260000,-2.4609410000
46000,1995-08-18 00:00:00Z,GL13 9BY,Terraced,Established,Freehold,33,,STOCK LANE,BERKELEY,BERKELEY,STROUD,GLOUCESTERSHIRE,Standard,Addition,51.6907930000,-2.4627850000
115950,1995-07-28 00:00:00Z,GL13 9DE,Detached,New Build,Freehold,40,,LANTERN CLOSE,BERKELEY,BERKELEY,STROUD,GLOUCESTERSHIRE,Standard,Addition,51.6901260000,-2.4609410000
63000,1995-06-01 00:00:00Z,GL13 9AS,Semi-Detached,Established,Freehold,24,,HOWMEAD,BERKELEY,BERKELEY,STROUD,GLOUCESTERSHIRE,Standard,Addition,51.6960600000,-2.4609860000
94000,1995-11-24 00:00:00Z,GL13 9EG,Detached,Established,Freehold,24,,FITZHARDINGE WAY,BERKELEY,BERKELEY,STROUD,GLOUCESTERSHIRE,Standard,Addition,51.6941680000,-2.4619510000
127950,1995-07-26 00:00:00Z,GL13 9DE,Detached,New Build,Freehold,20,,LANTERN CLOSE,BERKELEY,BERKELEY,STROUD,GLOUCESTERSHIRE,Standard,Addition,51.6901260000,-2.4609410000
56000,1995-06-09 00:00:00Z,GL13 9AR,Semi-Detached,Established,Freehold,7,,HOWMEAD,BERKELEY,BERKELEY,STROUD,GLOUCESTERSHIRE,Standard,Addition,51.6961480000,-2.4614790000
112500,1996-10-31 00:00:00Z,GL13 9DE,Detached,Established,Freehold,34,,LANTERN CLOSE,BERKELEY,BERKELEY,STROUD,GLOUCESTERSHIRE,Standard,Addition,51.6901260000,-2.4609410000
42100,1996-10-01 00:00:00Z,GL13 9TP,Terraced,Established,Freehold,22,,JAMES ORCHARD,BERKELEY,BERKELEY,STROUD,GLOUCESTERSHIRE,Standard,Addition,51.6927580000,-2.4638320000
61500,1996-07-12 00:00:00Z,GL13 9DE,Terraced,New Build,Freehold,43,,LANTERN CLOSE,BERKELEY,BERKELEY,STROUD,GLOUCESTERSHIRE,Standard,Addition,51.6901260000,-2.4609410000
40000,1996-07-31 00:00:00Z,GL13 9TA,Terraced,Established,Freehold,5,,LYNCH ROAD,BERKELEY,BERKELEY,STROUD,GLOUCESTERSHIRE,Standard,Addition,51.6920270000,-2.4644320000
62950,1996-11-22 00:00:00Z,GL13 9DE,Semi-Detached,New Build,Freehold,53,,LANTERN CLOSE,BERKELEY,BERKELEY,STROUD,GLOUCESTERSHIRE,Standard,Addition,51.6901260000,-2.4609410000
80950,1996-04-12 00:00:00Z,GL13 9DE,Detached,New Build,Freehold,52,,LANTERN CLOSE,BERKELEY,BERKELEY,STROUD,GLOUCESTERSHIRE,Standard,Addition,51.6901260000,-2.4609410000
41000,1996-10-04 00:00:00Z,GL13 9EH,Terraced,Established,Freehold,4,,SEVERN DRIVE,BERKELEY,BERKELEY,STROUD,GLOUCESTERSHIRE,Standard,Addition,51.6943780000,-2.4612880000
121950,1996-05-10 00:00:00Z,GL13 9DE,Detached,New Build,Freehold,36,,LANTERN CLOSE,BERKELEY,BERKELEY,STROUD,GLOUCESTERSHIRE,Standard,Addition,51.6901260000,-2.4609410000
76950,1996-03-08 00:00:00Z,GL13 9DE,Detached,New Build,Freehold,56,,LANTERN CLOSE,BERKELEY,BERKELEY,STROUD,GLOUCESTERSHIRE,Standard,Addition,51.6901260000,-2.4609410000
116950,1996-04-26 00:00:00Z,GL13 9DE,Detached,New Build,Freehold,64,,LANTERN CLOSE,BERKELEY,BERKELEY,STROUD,GLOUCESTERSHIRE,Standard,Addition,51.6901260000,-2.4609410000
100000,1996-10-30 00:00:00Z,GL13 9DE,Detached,New Build,Freehold,78,,LANTERN CLOSE,BERKELEY,BERKELEY,STROUD,GLOUCESTERSHIRE,Standard,Addition,51.6901260000,-2.4609410000
62950,1996-07-12 00:00:00Z,GL13 9DE,Semi-Detached,New Build,Freehold,47,,LANTERN CLOSE,BERKELEY,BERKELEY,STROUD,GLOUCESTERSHIRE,Standard,Addition,51.6901260000,-2.4609410000
37000,1996-06-21 00:00:00Z,GL13 9EH,Terraced,Established,Freehold,16,,SEVERN DRIVE,BERKELEY,BERKELEY,STROUD,GLOUCESTERSHIRE,Standard,Addition,51.6943780000,-2.4612880000
49000,1996-05-24 00:00:00Z,GL13 9AU,Semi-Detached,Established,Freehold,31,,FISHERS ROAD,BERKELEY,BERKELEY,STROUD,GLOUCESTERSHIRE,Standard,Addition,51.6963340000,-2.4600340000
52000,1996-01-19 00:00:00Z,GL13 9TP,Terraced,Established,Freehold,26,,JAMES ORCHARD,BERKELEY,BERKELEY,STROUD,GLOUCESTERSHIRE,Standard,Addition,51.6927580000,-2.4638320000
99950,1996-08-30 00:00:00Z,GL13 9DE,Detached,New Build,Freehold,44,,LANTERN CLOSE,BERKELEY,BERKELEY,STROUD,GLOUCESTERSHIRE,Standard,Addition,51.6901260000,-2.4609410000
42000,1996-08-30 00:00:00Z,GL13 9DH,Terraced,Established,Freehold,14,,GILBERT HILL,BERKELEY,BERKELEY,STROUD,GLOUCESTERSHIRE,Standard,Addition,51.6940320000,-2.4601120000
79500,1996-04-30 00:00:00Z,GL13 9DE,Detached,New Build,Freehold,45,,LANTERN CLOSE,BERKELEY,BERKELEY,STROUD,GLOUCESTERSHIRE,Standard,Addition,51.6901260000,-2.4609410000
119995,1996-12-18 00:00:00Z,GL13 9DE,Detached,New Build,Freehold,82,,LANTERN CLOSE,BERKELEY,BERKELEY,STROUD,GLOUCESTERSHIRE,Standard,Addition,51.6901260000,-2.4609410000
41500,1996-05-24 00:00:00Z,GL13 9EH,Terraced,Established,Freehold,13,,SEVERN DRIVE,BERKELEY,BERKELEY,STROUD,GLOUCESTERSHIRE,Standard,Addition,51.6943780000,-2.4612880000
119950,1996-10-31 00:00:00Z,GL13 9DE,Detached,New Build,Freehold,60,,LANTERN CLOSE,BERKELEY,BERKELEY,STROUD,GLOUCESTERSHIRE,Standard,Addition,51.6901260000,-2.4609410000
72500,1996-02-02 00:00:00Z,GL13 9DE,Detached,New Build,Freehold,48,,LANTERN CLOSE,BERKELEY,BERKELEY,STROUD,GLOUCESTERSHIRE,Standard,Addition,51.6901260000,-2.4609410000
122500,1996-06-18 00:00:00Z,GL13 9BY,Detached,Established,Freehold,DOL-Y-GARTH,,STOCK LANE,BERKELEY,BERKELEY,STROUD,GLOUCESTERSHIRE,Standard,Addition,51.6907930000,-2.4627850000
94950,1996-11-29 00:00:00Z,GL13 9DE,Detached,New Build,Freehold,70,,LANTERN CLOSE,BERKELEY,BERKELEY,STROUD,GLOUCESTERSHIRE,Standard,Addition,51.6901260000,-2.4609410000
62000,1996-12-12 00:00:00Z,GL13 9AR,Semi-Detached,Established,Freehold,3,,HOWMEAD,BERKELEY,BERKELEY,STROUD,GLOUCESTERSHIRE,Standard,Addition,51.6961480000,-2.4614790000
73950,1996-11-29 00:00:00Z,GL13 9DE,Detached,New Build,Freehold,88,,LANTERN CLOSE,BERKELEY,BERKELEY,STROUD,GLOUCESTERSHIRE,Standard,Addition,51.6901260000,-2.4609410000
64950,1996-05-31 00:00:00Z,GL13 9DE,Detached,New Build,Freehold,62,,LANTERN CLOSE,BERKELEY,BERKELEY,STROUD,GLOUCESTERSHIRE,Standard,Addition,51.6901260000,-2.4609410000
55000,1996-07-25 00:00:00Z,GL13 9DB,Terraced,Established,Freehold,12,,SALTER STREET,BERKELEY,BERKELEY,STROUD,GLOUCESTERSHIRE,Standard,Addition,51.6915580000,-2.4604200000
98950,1996-10-18 00:00:00Z,GL13 9DE,Detached,New Build,Freehold,58,,LANTERN CLOSE,BERKELEY,BERKELEY,STROUD,GLOUCESTERSHIRE,Standard,Addition,51.6901260000,-2.4609410000
103000,1996-05-24 00:00:00Z,GL13 9TF,Detached,Established,Freehold,BEVANS HILL,SUNNYBANK,LYNCH ROAD,BERKELEY,BERKELEY,STROUD,GLOUCESTERSHIRE,Standard,Addition,51.6933700000,-2.4682510000
70000,1996-07-31 00:00:00Z,GL13 9BZ,Semi-Detached,Established,Freehold,12,,LEAZE CLOSE,BERKELEY,BERKELEY,STROUD,GLOUCESTERSHIRE,Standard,Addition,51.6924390000,-2.4627000000
129950,1996-10-04 00:00:00Z,GL13 9DE,Detached,New Build,Freehold,80,,LANTERN CLOSE,BERKELEY,BERKELEY,STROUD,GLOUCESTERSHIRE,Standard,Addition,51.6901260000,-2.4609410000
116950,1996-11-22 00:00:00Z,GL13 9DE,Detached,New Build,Freehold,54,,LANTERN CLOSE,BERKELEY,BERKELEY,STROUD,GLOUCESTERSHIRE,Standard,Addition,51.6901260000,-2.4609410000
76750,1996-11-01 00:00:00Z,GL13 9DE,Detached,New Build,Freehold,84,,LANTERN CLOSE,BERKELEY,BERKELEY,STROUD,GLOUCESTERSHIRE,Standard,Addition,51.6901260000,-2.4609410000
76000,1996-08-30 00:00:00Z,GL13 9TA,Detached,Established,Freehold,3,,LYNCH ROAD,BERKELEY,BERKELEY,STROUD,GLOUCESTERSHIRE,Standard,Addition,51.6920270000,-2.4644320000
49950,1996-05-31 00:00:00Z,GL13 9DE,Semi-Detached,New Build,Freehold,51,,LANTERN CLOSE,BERKELEY,BERKELEY,STROUD,GLOUCESTERSHIRE,Standard,Addition,51.6901260000,-2.4609410000
74950,1996-01-19 00:00:00Z,GL13 9DE,Detached,New Build,Freehold,46,,LANTERN CLOSE,BERKELEY,BERKELEY,STROUD,GLOUCESTERSHIRE,Standard,Addition,51.6901260000,-2.4609410000
99000,1996-08-08 00:00:00Z,GL13 9EH,Detached,Established,Freehold,1,,SEVERN DRIVE,BERKELEY,BERKELEY,STROUD,GLOUCESTERSHIRE,Standard,Addition,51.6943780000,-2.4612880000
74950,1996-01-26 00:00:00Z,GL13 9DE,Detached,New Build,Freehold,50,,LANTERN CLOSE,BERKELEY,BERKELEY,STROUD,GLOUCESTERSHIRE,Standard,Addition,51.6901260000,-2.4609410000
98950,1996-07-29 00:00:00Z,GL13 9DE,Detached,New Build,Freehold,66,,LANTERN CLOSE,BERKELEY,BERKELEY,STROUD,GLOUCESTERSHIRE,Standard,Addition,51.6901260000,-2.4609410000
47500,1996-07-19 00:00:00Z,GL13 9AP,Terraced,Established,Freehold,37,,FOREST VIEW ROAD,BERKELEY,BERKELEY,STROUD,GLOUCESTERSHIRE,Standard,Addition,51.6953260000,-2.4601250000
50950,1996-04-30 00:00:00Z,GL13 9DE,Terraced,New Build,Freehold,49,,LANTERN CLOSE,BERKELEY,BERKELEY,STROUD,GLOUCESTERSHIRE,Standard,Addition,51.6901260000,-2.4609410000
101000,1996-11-29 00:00:00Z,GL13 9BY,Detached,Established,Freehold,MAPLE COTTAGE,,STOCK LANE,BERKELEY,BERKELEY,STROUD,GLOUCESTERSHIRE,Standard,Addition,51.6907930000,-2.4627850000
105000,1996-05-31 00:00:00Z,GL13 9TP,Detached,Established,Freehold,48,,JAMES ORCHARD,BERKELEY,BERKELEY,STROUD,GLOUCESTERSHIRE,Standard,Addition,51.6927580000,-2.4638320000
49950,1996-06-19 00:00:00Z,GL13 9DE,Terraced,New Build,Freehold,41,,LANTERN CLOSE,BERKELEY,BERKELEY,STROUD,GLOUCESTERSHIRE,Standard,Addition,51.6901260000,-2.4609410000
59995,1997-11-21 00:00:00Z,GL13 9TD,Terraced,Established,Freehold,16,,PARKVIEW ROAD,BERKELEY,BERKELEY,STROUD,GLOUCESTERSHIRE,Standard,Addition,51.6912970000,-2.4649740000
54995,1997-05-23 00:00:00Z,GL13 9DE,Semi-Detached,New Build,Freehold,37,,LANTERN CLOSE,BERKELEY,BERKELEY,STROUD,GLOUCESTERSHIRE,Standard,Addition,51.6901260000,-2.4609410000
97550,1997-01-10 00:00:00Z,GL13 9TP,Detached,Established,Freehold,33,,JAMES ORCHARD,BERKELEY,BERKELEY,STROUD,GLOUCESTERSHIRE,Standard,Addition,51.6927580000,-2.4638320000
134995,1997-08-15 00:00:00Z,GL13 9DE,Detached,New Build,Freehold,2,,LANTERN CLOSE,BERKELEY,BERKELEY,STROUD,GLOUCESTERSHIRE,Standard,Addition,51.6901260000,-2.4609410000
32500,1997-06-26 00:00:00Z,GL13 9TE,Terraced,Established,Freehold,39,,LYNCH ROAD,BERKELEY,BERKELEY,STROUD,GLOUCESTERSHIRE,Standard,Addition,51.6920080000,-2.4670360000
47000,1997-10-31 00:00:00Z,GL13 9EH,Terraced,Established,Freehold,5,,SEVERN DRIVE,BERKELEY,BERKELEY,STROUD,GLOUCESTERSHIRE,Standard,Addition,51.6943780000,-2.4612880000
84995,1997-07-18 00:00:00Z,GL13 9DE,Detached,New Build,Freehold,27,,LANTERN CLOSE,BERKELEY,BERKELEY,STROUD,GLOUCESTERSHIRE,Standard,Addition,51.6901260000,-2.4609410000
59750,1997-06-12 00:00:00Z,GL13 9TP,Terraced,Established,Freehold,30,,JAMES ORCHARD,BERKELEY,BERKELEY,STROUD,GLOUCESTERSHIRE,Standard,Addition,51.6927580000,-2.4638320000
47500,1997-01-14 00:00:00Z,GL13 9DH,Semi-Detached,Established,Freehold,16,,GILBERT HILL,BERKELEY,BERKELEY,STROUD,GLOUCESTERSHIRE,Standard,Addition,51.6940320000,-2.4601120000
48000,1997-08-22 00:00:00Z,GL13 9TP,Terraced,Established,Freehold,24,,JAMES ORCHARD,BERKELEY,BERKELEY,STROUD,GLOUCESTERSHIRE,Standard,Addition,51.6927580000,-2.4638320000
122995,1997-03-04 00:00:00Z,GL13 9DE,Detached,New Build,Freehold,94,,LANTERN CLOSE,BERKELEY,BERKELEY,STROUD,GLOUCESTERSHIRE,Standard,Addition,51.6901260000,-2.4609410000
116995,1997-03-27 00:00:00Z,GL13 9DE,Detached,New Build,Freehold,90,,LANTERN CLOSE,BERKELEY,BERKELEY,STROUD,GLOUCESTERSHIRE,Standard,Addition,51.6901260000,-2.4609410000
71000,1997-05-30 00:00:00Z,GL13 9DA,Semi-Detached,Established,Freehold,15,,LEAZE CLOSE,BERKELEY,BERKELEY,STROUD,GLOUCESTERSHIRE,Standard,Addition,51.6926490000,-2.4619210000
65995,1997-07-31 00:00:00Z,GL13 9DE,Semi-Detached,New Build,Freehold,17,,LANTERN CLOSE,BERKELEY,BERKELEY,STROUD,GLOUCESTERSHIRE,Standard,Addition,51.6901260000,-2.4609410000
14625,1997-02-24 00:00:00Z,GL13 9DH,Terraced,Established,Leasehold,6,,GILBERT HILL,BERKELEY,BERKELEY,STROUD,GLOUCESTERSHIRE,Standard,Addition,51.6940320000,-2.4601120000
100995,1997-03-12 00:00:00Z,GL13 9DE,Detached,New Build,Freehold,74,,LANTERN CLOSE,BERKELEY,BERKELEY,STROUD,GLOUCESTERSHIRE,Standard,Addition,51.6901260000,-2.4609410000
53500,1997-11-14 00:00:00Z,GL13 9BY,Terraced,Established,Freehold,27,,STOCK LANE,BERKELEY,BERKELEY,STROUD,GLOUCESTERSHIRE,Standard,Addition,51.6907930000,-2.4627850000
55000,1997-12-16 00:00:00Z,GL13 9DE,Terraced,Established,Freehold,9,,LANTERN CLOSE,BERKELEY,BERKELEY,STROUD,GLOUCESTERSHIRE,Standard,Addition,51.6901260000,-2.4609410000
35000,1997-04-11 00:00:00Z,GL13 9EH,Terraced,Established,Freehold,32,,SEVERN DRIVE,BERKELEY,BERKELEY,STROUD,GLOUCESTERSHIRE,Standard,Addition,51.6943780000,-2.4612880000
66500,1997-08-08 00:00:00Z,GL13 9DE,Semi-Detached,New Build,Freehold,21,,LANTERN CLOSE,BERKELEY,BERKELEY,STROUD,GLOUCESTERSHIRE,Standard,Addition,51.6901260000,-2.4609410000
45000,1997-07-31 00:00:00Z,GL13 9EH,Terraced,Established,Freehold,28,,SEVERN DRIVE,BERKELEY,BERKELEY,STROUD,GLOUCESTERSHIRE,Standard,Addition,51.6943780000,-2.4612880000
50500,1997-09-30 00:00:00Z,GL13 9EH,Terraced,Established,Freehold,12,,SEVERN DRIVE,BERKELEY,BERKELEY,STROUD,GLOUCESTERSHIRE,Standard,Addition,51.6943780000,-2.4612880000
60000,1997-05-30 00:00:00Z,GL13 9TA,Terraced,Established,Freehold,16,,LYNCH ROAD,BERKELEY,BERKELEY,STROUD,GLOUCESTERSHIRE,Standard,Addition,51.6920270000,-2.4644320000
49000,1997-06-27 00:00:00Z,GL13 9DH,Terraced,Established,Freehold,13,,GILBERT HILL,BERKELEY,BERKELEY,STROUD,GLOUCESTERSHIRE,Standard,Addition,51.6940320000,-2.4601120000
84995,1997-06-13 00:00:00Z,GL13 9DE,Detached,New Build,Freehold,31,,LANTERN CLOSE,BERKELEY,BERKELEY,STROUD,GLOUCESTERSHIRE,Standard,Addition,51.6901260000,-2.4609410000
46500,1997-11-25 00:00:00Z,GL13 9TA,Terraced,Established,Freehold,40,,LYNCH ROAD,BERKELEY,BERKELEY,STROUD,GLOUCESTERSHIRE,Standard,Addition,51.6920270000,-2.4644320000
48000,1997-11-21 00:00:00Z,GL13 9TP,Terraced,Established,Freehold,14,,JAMES ORCHARD,BERKELEY,BERKELEY,STROUD,GLOUCESTERSHIRE,Standard,Addition,51.6927580000,-2.4638320000
59950,1997-01-14 00:00:00Z,GL13 9AR,Semi-Detached,Established,Freehold,31,,HOWMEAD,BERKELEY,BERKELEY,STROUD,GLOUCESTERSHIRE,Standard,Addition,51.6961480000,-2.4614790000
66000,1997-05-30 00:00:00Z,GL13 9DE,Semi-Detached,New Build,Freehold,33,,LANTERN CLOSE,BERKELEY,BERKELEY,STROUD,GLOUCESTERSHIRE,Standard,Addition,51.6901260000,-2.4609410000
104995,1997-03-07 00:00:00Z,GL13 9DE,Detached,New Build,Freehold,92,,LANTERN CLOSE,BERKELEY,BERKELEY,STROUD,GLOUCESTERSHIRE,Standard,Addition,51.6901260000,-2.4609410000
76500,1997-07-18 00:00:00Z,GL13 9DE,Detached,New Build,Freehold,23,,LANTERN CLOSE,BERKELEY,BERKELEY,STROUD,GLOUCESTERSHIRE,Standard,Addition,51.6901260000,-2.4609410000
53995,1997-07-30 00:00:00Z,GL13 9DE,Terraced,New Build,Freehold,19,,LANTERN CLOSE,BERKELEY,BERKELEY,STROUD,GLOUCESTERSHIRE,Standard,Addition,51.6901260000,-2.4609410000
145000,1997-07-25 00:00:00Z,GL13 9TA,Semi-Detached,Established,Freehold,2,,LYNCH ROAD,BERKELEY,BERKELEY,STROUD,GLOUCESTERSHIRE,Standard,Addition,51.6920270000,-2.4644320000
77995,1997-07-25 00:00:00Z,GL13 9DE,Detached,New Build,Freehold,25,,LANTERN CLOSE,BERKELEY,BERKELEY,STROUD,GLOUCESTERSHIRE,Standard,Addition,51.6901260000,-2.4609410000
75750,1997-06-19 00:00:00Z,GL13 9DE,Detached,New Build,Freehold,29,,LANTERN CLOSE,BERKELEY,BERKELEY,STROUD,GLOUCESTERSHIRE,Standard,Addition,51.6901260000,-2.4609410000
79500,1997-06-19 00:00:00Z,GL13 9DE,Detached,Established,Freehold,42,,LANTERN CLOSE,BERKELEY,BERKELEY,STROUD,GLOUCESTERSHIRE,Standard,Addition,51.6901260000,-2.4609410000
62995,1997-03-14 00:00:00Z,GL13 9DE,Terraced,New Build,Freehold,39,,LANTERN CLOSE,BERKELEY,BERKELEY,STROUD,GLOUCESTERSHIRE,Standard,Addition,51.6901260000,-2.4609410000
126995,1997-07-11 00:00:00Z,GL13 9DE,Detached,New Build,Freehold,"JUNIPER HOUSE, 4",,LANTERN CLOSE,BERKELEY,BERKELEY,STROUD,GLOUCESTERSHIRE,Standard,Addition,51.6901260000,-2.4609410000
53750,1997-04-29 00:00:00Z,GL13 9DB,Terraced,Established,Freehold,10,,SALTER STREET,,BERKELEY,STROUD,GLOUCESTERSHIRE,Standard,Addition,51.6915580000,-2.4604200000
53000,1997-06-06 00:00:00Z,GL13 9DE,Terraced,New Build,Freehold,35,,LANTERN CLOSE,BERKELEY,BERKELEY,STROUD,GLOUCESTERSHIRE,Standard,Addition,51.6901260000,-2.4609410000
101950,1997-01-31 00:00:00Z,GL13 9DE,Detached,New Build,Freehold,76,,LANTERN CLOSE,BERKELEY,BERKELEY,STROUD,GLOUCESTERSHIRE,Standard,Addition,51.6901260000,-2.4609410000
47500,1998-02-25 00:00:00Z,GL13 9EH,Terraced,Established,Freehold,11,,SEVERN DRIVE,BERKELEY,BERKELEY,STROUD,GLOUCESTERSHIRE,Standard,Addition,51.6943780000,-2.4612880000
65000,1998-05-22 00:00:00Z,GL13 9DE,Terraced,Established,Freehold,39,,LANTERN CLOSE,BERKELEY,BERKELEY,STROUD,GLOUCESTERSHIRE,Standard,Addition,51.6901260000,-2.4609410000
49500,1998-08-21 00:00:00Z,GL13 9TP,Terraced,Established,Freehold,10,,JAMES ORCHARD,BERKELEY,BERKELEY,STROUD,GLOUCESTERSHIRE,Standard,Addition,51.6927580000,-2.4638320000
113500,1998-08-12 00:00:00Z,GL13 9TP,Detached,Established,Freehold,33,,JAMES ORCHARD,BERKELEY,BERKELEY,STROUD,GLOUCESTERSHIRE,Standard,Addition,51.6927580000,-2.4638320000
147500,1998-08-28 00:00:00Z,GL13 9DE,Detached,Established,Freehold,16,,LANTERN CLOSE,BERKELEY,BERKELEY,STROUD,GLOUCESTERSHIRE,Standard,Addition,51.6901260000,-2.4609410000
37500,1998-07-10 00:00:00Z,GL13 9TE,Semi-Detached,Established,Freehold,27,,LYNCH ROAD,BERKELEY,BERKELEY,STROUD,GLOUCESTERSHIRE,Standard,Addition,51.6920080000,-2.4670360000
40000,1998-05-01 00:00:00Z,GL13 9EH,Terraced,Established,Freehold,8,,SEVERN DRIVE,BERKELEY,BERKELEY,STROUD,GLOUCESTERSHIRE,Standard,Addition,51.6943780000,-2.4612880000
77500,1998-03-20 00:00:00Z,GL13 9TP,Semi-Detached,Established,Freehold,40,,JAMES ORCHARD,BERKELEY,BERKELEY,STROUD,GLOUCESTERSHIRE,Standard,Addition,51.6927580000,-2.4638320000
76500,1998-03-30 00:00:00Z,GL13 9DB,Detached,Established,Freehold,44,,SALTER STREET,BERKELEY,BERKELEY,STROUD,GLOUCESTERSHIRE,Standard,Addition,51.6915580000,-2.4604200000
52400,1998-12-22 00:00:00Z,GL13 9TP,Terraced,Established,Freehold,6,,JAMES ORCHARD,BERKELEY,BERKELEY,STROUD,GLOUCESTERSHIRE,Standard,Addition,51.6927580000,-2.4638320000
105000,1998-04-24 00:00:00Z,GL13 9TE,Terraced,Established,Freehold,29,,LYNCH ROAD,BERKELEY,BERKELEY,STROUD,GLOUCESTERSHIRE,Standard,Addition,51.6920080000,-2.4670360000
53500,1998-03-16 00:00:00Z,GL13 9BY,Semi-Detached,Established,Freehold,2,,STOCK LANE,BERKELEY,BERKELEY,STROUD,GLOUCESTERSHIRE,Standard,Addition,51.6907930000,-2.4627850000
51500,1998-10-16 00:00:00Z,GL13 9DH,Terraced,Established,Freehold,2,,GILBERT HILL,BERKELEY,BERKELEY,STROUD,GLOUCESTERSHIRE,Standard,Addition,51.6940320000,-2.4601120000
138000,1998-03-16 00:00:00Z,GL13 9DB,Terraced,Established,Freehold,30,,SALTER STREET,BERKELEY,BERKELEY,STROUD,GLOUCESTERSHIRE,Standard,Addition,51.6915580000,-2.4604200000
58500,1998-04-30 00:00:00Z,GL13 9TE,Terraced,Established,Freehold,39,,LYNCH ROAD,BERKELEY,BERKELEY,STROUD,GLOUCESTERSHIRE,Standard,Addition,51.6920080000,-2.4670360000
38000,1998-05-05 00:00:00Z,GL13 9DH,Semi-Detached,Established,Freehold,11,,GILBERT HILL,BERKELEY,BERKELEY,STROUD,GLOUCESTERSHIRE,Standard,Addition,51.6940320000,-2.4601120000
59995,1998-10-16 00:00:00Z,GL13 9TA,Terraced,Established,Freehold,26,,LYNCH ROAD,BERKELEY,BERKELEY,STROUD,GLOUCESTERSHIRE,Standard,Addition,51.6920270000,-2.4644320000
48000,1998-05-22 00:00:00Z,GL13 9EH,Terraced,Established,Freehold,26,,SEVERN DRIVE,BERKELEY,BERKELEY,STROUD,GLOUCESTERSHIRE,Standard,Addition,51.6943780000,-2.4612880000
127000,1998-02-23 00:00:00Z,GL13 9DB,Terraced,Established,Freehold,26,,SALTER STREET,BERKELEY,BERKELEY,STROUD,GLOUCESTERSHIRE,Standard,Addition,51.6915580000,-2.4604200000
62000,1998-10-16 00:00:00Z,GL13 9DB,Semi-Detached,Established,Freehold,22,,SALTER STREET,BERKELEY,BERKELEY,STROUD,GLOUCESTERSHIRE,Standard,Addition,51.6915580000,-2.4604200000
52000,1998-09-04 00:00:00Z,GL13 9BY,Semi-Detached,Established,Freehold,29,,STOCK LANE,BERKELEY,BERKELEY,STROUD,GLOUCESTERSHIRE,Standard,Addition,51.6907930000,-2.4627850000
50000,1998-06-30 00:00:00Z,GL13 9AP,Terraced,Established,Freehold,37,,FOREST VIEW ROAD,BERKELEY,BERKELEY,STROUD,GLOUCESTERSHIRE,Standard,Addition,51.6953260000,-2.4601250000
165000,1999-12-09 00:00:00Z,GL13 9DB,Terraced,Established,Freehold,16,,SALTER STREET,,BERKELEY,STROUD,GLOUCESTERSHIRE,Standard,Addition,51.6915580000,-2.4604200000
48500,1999-06-08 00:00:00Z,GL13 9DH,Terraced,Established,Freehold,12,,GILBERT HILL,,BERKELEY,STROUD,GLOUCESTERSHIRE,Standard,Addition,51.6940320000,-2.4601120000
42500,1999-11-30 00:00:00Z,GL13 9DH,Semi-Detached,Established,Freehold,11,,GILBERT HILL,,BERKELEY,STROUD,GLOUCESTERSHIRE,Standard,Addition,51.6940320000,-2.4601120000
82950,1999-07-16 00:00:00Z,GL13 9AS,Semi-Detached,Established,Freehold,6,,HOWMEAD,,BERKELEY,STROUD,GLOUCESTERSHIRE,Standard,Addition,51.6960600000,-2.4609860000
123500,1999-07-16 00:00:00Z,GL13 9EG,Detached,Established,Freehold,2,,FITZHARDINGE WAY,,BERKELEY,STROUD,GLOUCESTERSHIRE,Standard,Addition,51.6941680000,-2.4619510000
126000,1999-08-18 00:00:00Z,GL13 9EG,Detached,Established,Freehold,4,,FITZHARDINGE WAY,,BERKELEY,STROUD,GLOUCESTERSHIRE,Standard,Addition,51.6941680000,-2.4619510000
45000,1999-09-01 00:00:00Z,GL13 9TE,Terraced,Established,Freehold,35,,LYNCH ROAD,,BERKELEY,STROUD,GLOUCESTERSHIRE,Standard,Addition,51.6920080000,-2.4670360000
59950,1999-03-31 00:00:00Z,GL13 9BY,Terraced,Established,Freehold,35,,STOCK LANE,,BERKELEY,STROUD,GLOUCESTERSHIRE,Standard,Addition,51.6907930000,-2.4627850000
50000,1999-05-28 00:00:00Z,GL13 9EH,Terraced,Established,Freehold,8,,SEVERN DRIVE,,BERKELEY,STROUD,GLOUCESTERSHIRE,Standard,Addition,51.6943780000,-2.4612880000
128000,1999-06-03 00:00:00Z,GL13 9DE,Detached,Established,Freehold,92,,LANTERN CLOSE,,BERKELEY,STROUD,GLOUCESTERSHIRE,Standard,Addition,51.6901260000,-2.4609410000
50000,1999-06-25 00:00:00Z,GL13 9TP,Terraced,Established,Freehold,4,,JAMES ORCHARD,,BERKELEY,STROUD,GLOUCESTERSHIRE,Standard,Addition,51.6927580000,-2.4638320000
64000,1999-10-22 00:00:00Z,GL13 9TB,Terraced,Established,Freehold,7,,PARKVIEW ROAD,,BERKELEY,STROUD,GLOUCESTERSHIRE,Standard,Addition,51.6910010000,-2.4648840000
59500,1999-12-10 00:00:00Z,GL13 9DH,Terraced,Established,Freehold,18,,GILBERT HILL,,BERKELEY,STROUD,GLOUCESTERSHIRE,Standard,Addition,51.6940320000,-2.4601120000
58000,1999-06-25 00:00:00Z,GL13 9DE,Terraced,Established,Freehold,7,,LANTERN CLOSE,,BERKELEY,STROUD,GLOUCESTERSHIRE,Standard,Addition,51.6901260000,-2.4609410000
53000,1999-06-30 00:00:00Z,GL13 9TP,Terraced,Established,Freehold,22,,JAMES ORCHARD,,BERKELEY,STROUD,GLOUCESTERSHIRE,Standard,Addition,51.6927580000,-2.4638320000
138000,1999-10-08 00:00:00Z,GL13 9TP,Detached,Established,Freehold,54,,JAMES ORCHARD,,BERKELEY,STROUD,GLOUCESTERSHIRE,Standard,Addition,51.6927580000,-2.4638320000
112000,1999-09-30 00:00:00Z,GL13 9DE,Detached,Established,Freehold,31,,LANTERN CLOSE,,BERKELEY,STROUD,GLOUCESTERSHIRE,Standard,Addition,51.6901260000,-2.4609410000
135750,1999-05-07 00:00:00Z,GL13 9EG,Detached,Established,Freehold,20,,FITZHARDINGE WAY,,BERKELEY,STROUD,GLOUCESTERSHIRE,Standard,Addition,51.6941680000,-2.4619510000
128750,1999-11-26 00:00:00Z,GL13 9EG,Detached,Established,Freehold,10,,FITZHARDINGE WAY,,BERKELEY,STROUD,GLOUCESTERSHIRE,Standard,Addition,51.6941680000,-2.4619510000
64000,1999-08-19 00:00:00Z,GL13 9TB,Semi-Detached,Established,Freehold,47,,PARKVIEW ROAD,,BERKELEY,STROUD,GLOUCESTERSHIRE,Standard,Addition,51.6910010000,-2.4648840000
39000,1999-08-27 00:00:00Z,GL13 9EH,Semi-Detached,Established,Freehold,30,,SEVERN DRIVE,,BERKELEY,STROUD,GLOUCESTERSHIRE,Standard,Addition,51.6943780000,-2.4612880000
74000,1999-11-30 00:00:00Z,GL13 9AR,Semi-Detached,Established,Freehold,35,,HOWMEAD,,BERKELEY,STROUD,GLOUCESTERSHIRE,Standard,Addition,51.6961480000,-2.4614790000
51500,1999-02-26 00:00:00Z,GL13 9TP,Terraced,Established,Freehold,8,,JAMES ORCHARD,,BERKELEY,STROUD,GLOUCESTERSHIRE,Standard,Addition,51.6927580000,-2.4638320000
78000,1999-04-16 00:00:00Z,GL13 9DA,Semi-Detached,Established,Freehold,22,,LEAZE CLOSE,,BERKELEY,STROUD,GLOUCESTERSHIRE,Standard,Addition,51.6926490000,-2.4619210000
59950,1999-03-26 00:00:00Z,GL13 9DE,Terraced,Established,Freehold,35,,LANTERN CLOSE,,BERKELEY,STROUD,GLOUCESTERSHIRE,Standard,Addition,51.6901260000,-2.4609410000
82950,1999-04-26 00:00:00Z,GL13 9BY,Semi-Detached,Established,Freehold,8,,STOCK LANE,,BERKELEY,STROUD,GLOUCESTERSHIRE,Standard,Addition,51.6907930000,-2.4627850000
67000,1999-10-08 00:00:00Z,GL13 9EH,Terraced,Established,Freehold,14,,SEVERN DRIVE,,BERKELEY,STROUD,GLOUCESTERSHIRE,Standard,Addition,51.6943780000,-2.4612880000
71000,2000-09-27 00:00:00Z,GL13 9TB,Terraced,Established,Freehold,65,,PARKVIEW ROAD,,BERKELEY,STROUD,GLOUCESTERSHIRE,Standard,Addition,51.6910010000,-2.4648840000
74000,2000-11-06 00:00:00Z,GL13 9BY,Terraced,Established,Freehold,35,,STOCK LANE,,BERKELEY,STROUD,GLOUCESTERSHIRE,Standard,Addition,51.6907930000,-2.4627850000
72500,2000-11-24 00:00:00Z,GL13 9AP,Terraced,Established,Freehold,37,,FOREST VIEW ROAD,,BERKELEY,STROUD,GLOUCESTERSHIRE,Standard,Addition,51.6953260000,-2.4601250000
59750,2000-12-15 00:00:00Z,GL13 9DH,Terraced,Established,Freehold,12,,GILBERT HILL,,BERKELEY,STROUD,GLOUCESTERSHIRE,Standard,Addition,51.6940320000,-2.4601120000
47000,2000-06-09 00:00:00Z,GL13 9EH,Semi-Detached,Established,Freehold,30,,SEVERN DRIVE,,BERKELEY,STROUD,GLOUCESTERSHIRE,Standard,Addition,51.6943780000,-2.4612880000
59000,2000-08-16 00:00:00Z,GL13 9EH,Detached,Established,Freehold,6,,SEVERN DRIVE,,BERKELEY,STROUD,GLOUCESTERSHIRE,Standard,Addition,51.6943780000,-2.4612880000
124000,2000-08-17 00:00:00Z,GL13 9DE,Detached,Established,Freehold,25,,LANTERN CLOSE,,BERKELEY,STROUD,GLOUCESTERSHIRE,Standard,Addition,51.6901260000,-2.4609410000
62000,2000-03-31 00:00:00Z,GL13 9TP,Terraced,Established,Freehold,14,,JAMES ORCHARD,,BERKELEY,STROUD,GLOUCESTERSHIRE,Standard,Addition,51.6927580000,-2.4638320000
58000,2000-07-07 00:00:00Z,GL13 9EH,Terraced,Established,Freehold,26,,SEVERN DRIVE,,BERKELEY,STROUD,GLOUCESTERSHIRE,Standard,Addition,51.6943780000,-2.4612880000
65000,2000-09-15 00:00:00Z,GL13 9BY,Semi-Detached,Established,Freehold,29,,STOCK LANE,,BERKELEY,STROUD,GLOUCESTERSHIRE,Standard,Addition,51.6907930000,-2.4627850000
19350,2000-10-24 00:00:00Z,GL13 9TD,Terraced,Established,Freehold,14,,PARKVIEW ROAD,,BERKELEY,STROUD,GLOUCESTERSHIRE,Standard,Addition,51.6912970000,-2.4649740000
67250,2000-04-20 00:00:00Z,GL13 9TD,Semi-Detached,Established,Freehold,22,,PARKVIEW ROAD,,BERKELEY,STROUD,GLOUCESTERSHIRE,Standard,Addition,51.6912970000,-2.4649740000
128250,2000-03-28 00:00:00Z,GL13 9EH,Detached,Established,Freehold,2,,SEVERN DRIVE,,BERKELEY,STROUD,GLOUCESTERSHIRE,Standard,Addition,51.6943780000,-2.4612880000
76950,2000-04-20 00:00:00Z,GL13 9DE,Terraced,Established,Freehold,35,,LANTERN CLOSE,,BERKELEY,STROUD,GLOUCESTERSHIRE,Standard,Addition,51.6901260000,-2.4609410000
115000,2000-10-30 00:00:00Z,GL13 9DE,Detached,Established,Freehold,48,,LANTERN CLOSE,,BERKELEY,STROUD,GLOUCESTERSHIRE,Standard,Addition,51.6901260000,-2.4609410000
62000,2000-01-31 00:00:00Z,GL13 9BY,Semi-Detached,Established,Freehold,29,,STOCK LANE,,BERKELEY,STROUD,GLOUCESTERSHIRE,Standard,Addition,51.6907930000,-2.4627850000
58000,2000-01-28 00:00:00Z,GL13 9TB,Terraced,Established,Freehold,31,,PARKVIEW ROAD,,BERKELEY,STROUD,GLOUCESTERSHIRE,Standard,Addition,51.6910010000,-2.4648840000
74500,2000-12-08 00:00:00Z,GL13 9TD,Terraced,Established,Freehold,28,,PARKVIEW ROAD,,BERKELEY,STROUD,GLOUCESTERSHIRE,Standard,Addition,51.6912970000,-2.4649740000
95000,2000-09-22 00:00:00Z,GL13 9DE,Semi-Detached,Established,Freehold,53,,LANTERN CLOSE,,BERKELEY,STROUD,GLOUCESTERSHIRE,Standard,Addition,51.6901260000,-2.4609410000
59000,2000-01-07 00:00:00Z,GL13 9EH,Terraced,Established,Freehold,5,,SEVERN DRIVE,,BERKELEY,STROUD,GLOUCESTERSHIRE,Standard,Addition,51.6943780000,-2.4612880000
142500,2000-11-17 00:00:00Z,GL13 9TP,Detached,Established,Freehold,52,,JAMES ORCHARD,,BERKELEY,STROUD,GLOUCESTERSHIRE,Standard,Addition,51.6927580000,-2.4638320000
65000,2000-03-10 00:00:00Z,GL13 9DE,Terraced,Established,Freehold,19,,LANTERN CLOSE,,BERKELEY,STROUD,GLOUCESTERSHIRE,Standard,Addition,51.6901260000,-2.4609410000
55500,2000-02-04 00:00:00Z,GL13 9EH,Terraced,Established,Freehold,10,,SEVERN DRIVE,,BERKELEY,STROUD,GLOUCESTERSHIRE,Standard,Addition,51.6943780000,-2.4612880000
49500,2000-08-30 00:00:00Z,GL13 9EH,Terraced,Established,Freehold,32,,SEVERN DRIVE,,BERKELEY,STROUD,GLOUCESTERSHIRE,Standard,Addition,51.6943780000,-2.4612880000
117000,2000-09-08 00:00:00Z,GL13 9TE,Semi-Detached,Established,Freehold,27,,LYNCH ROAD,,BERKELEY,STROUD,GLOUCESTERSHIRE,Standard,Addition,51.6920080000,-2.4670360000
185000,2000-08-24 00:00:00Z,GL13 9DE,Detached,Established,Freehold,10,,LANTERN CLOSE,,BERKELEY,STROUD,GLOUCESTERSHIRE,Standard,Addition,51.6901260000,-2.4609410000
59000,2000-04-20 00:00:00Z,GL13 9EH,Terraced,Established,Freehold,9,,SEVERN DRIVE,,BERKELEY,STROUD,GLOUCESTERSHIRE,Standard,Addition,51.6943780000,-2.4612880000
80000,2000-02-25 00:00:00Z,GL13 9TA,Terraced,Established,Freehold,16,,LYNCH ROAD,,BERKELEY,STROUD,GLOUCESTERSHIRE,Standard,Addition,51.6920270000,-2.4644320000
76500,2000-02-25 00:00:00Z,GL13 9DA,Semi-Detached,Established,Freehold,31,,LEAZE CLOSE,,BERKELEY,STROUD,GLOUCESTERSHIRE,Standard,Addition,51.6926490000,-2.4619210000
75500,2001-12-21 00:00:00Z,GL13 9EH,Terraced,Established,Freehold,15,,SEVERN DRIVE,BERKELEY,BERKELEY,STROUD,GLOUCESTERSHIRE,Standard,Addition,51.6943780000,-2.4612880000
82000,2001-05-18 00:00:00Z,GL13 9TB,Terraced,Established,Freehold,31,,PARKVIEW ROAD,BERKELEY,BERKELEY,STROUD,GLOUCESTERSHIRE,Standard,Addition,51.6910010000,-2.4648840000
150000,2001-03-30 00:00:00Z,GL13 9EG,Detached,Established,Freehold,12,,FITZHARDINGE WAY,BERKELEY,BERKELEY,STROUD,GLOUCESTERSHIRE,Standard,Addition,51.6941680000,-2.4619510000
81900,2001-11-26 00:00:00Z,GL13 9EH,Terraced,Established,Freehold,22,,SEVERN DRIVE,BERKELEY,BERKELEY,STROUD,GLOUCESTERSHIRE,Standard,Addition,51.6943780000,-2.4612880000
245000,2001-09-11 00:00:00Z,GL13 9DE,Detached,Established,Freehold,2,,LANTERN CLOSE,BERKELEY,BERKELEY,STROUD,GLOUCESTERSHIRE,Standard,Addition,51.6901260000,-2.4609410000
128000,2001-10-26 00:00:00Z,GL13 9DB,Terraced,Established,Freehold,8,,SALTER STREET,BERKELEY,BERKELEY,STROUD,GLOUCESTERSHIRE,Standard,Addition,51.6915580000,-2.4604200000
89950,2001-12-20 00:00:00Z,GL13 9TB,Terraced,Established,Freehold,51,,PARKVIEW ROAD,BERKELEY,BERKELEY,STROUD,GLOUCESTERSHIRE,Standard,Addition,51.6910010000,-2.4648840000
87500,2001-08-31 00:00:00Z,GL13 9BY,Terraced,Established,Freehold,27,,STOCK LANE,BERKELEY,BERKELEY,STROUD,GLOUCESTERSHIRE,Standard,Addition,51.6907930000,-2.4627850000
191500,2001-03-16 00:00:00Z,GL13 9DE,Detached,Established,Freehold,82,,LANTERN CLOSE,BERKELEY,BERKELEY,STROUD,GLOUCESTERSHIRE,Standard,Addition,51.6901260000,-2.4609410000
125000,2001-10-31 00:00:00Z,GL13 9BY,Semi-Detached,Established,Freehold,5,,STOCK LANE,BERKELEY,BERKELEY,STROUD,GLOUCESTERSHIRE,Standard,Addition,51.6907930000,-2.4627850000
79000,2001-03-15 00:00:00Z,GL13 9EG,Semi-Detached,Established,Freehold,6,,FITZHARDINGE WAY,BERKELEY,BERKELEY,STROUD,GLOUCESTERSHIRE,Standard,Addition,51.6941680000,-2.4619510000
87000,2001-04-27 00:00:00Z,GL13 9TD,Terraced,Established,Freehold,16,,PARKVIEW ROAD,BERKELEY,BERKELEY,STROUD,GLOUCESTERSHIRE,Standard,Addition,51.6912970000,-2.4649740000
80000,2001-03-12 00:00:00Z,GL13 9DE,Semi-Detached,Established,Freehold,51,,LANTERN CLOSE,BERKELEY,BERKELEY,STROUD,GLOUCESTERSHIRE,Standard,Addition,51.6901260000,-2.4609410000
156000,2001-05-08 00:00:00Z,GL13 9EG,Detached,Established,Freehold,14,,FITZHARDINGE WAY,BERKELEY,BERKELEY,STROUD,GLOUCESTERSHIRE,Standard,Addition,51.6941680000,-2.4619510000
157500,2001-09-19 00:00:00Z,GL13 9TP,Detached,Established,Freehold,50,,JAMES ORCHARD,BERKELEY,BERKELEY,STROUD,GLOUCESTERSHIRE,Standard,Addition,51.6927580000,-2.4638320000
79500,2001-01-26 00:00:00Z,GL13 9TB,Terraced,Established,Freehold,53,,PARKVIEW ROAD,BERKELEY,BERKELEY,STROUD,GLOUCESTERSHIRE,Standard,Addition,51.6910010000,-2.4648840000
94000,2001-04-27 00:00:00Z,GL13 9DE,Semi-Detached,Established,Freehold,21,,LANTERN CLOSE,BERKELEY,BERKELEY,STROUD,GLOUCESTERSHIRE,Standard,Addition,51.6901260000,-2.4609410000
90000,2001-10-12 00:00:00Z,GL13 9TE,Terraced,Established,Freehold,39,,LYNCH ROAD,BERKELEY,BERKELEY,STROUD,GLOUCESTERSHIRE,Standard,Addition,51.6920080000,-2.4670360000
112000,2001-07-27 00:00:00Z,GL13 9DE,Detached,Established,Freehold,23,,LANTERN CLOSE,BERKELEY,BERKELEY,STROUD,GLOUCESTERSHIRE,Standard,Addition,51.6901260000,-2.4609410000
73000,2001-11-02 00:00:00Z,GL13 9EH,Terraced,Established,Freehold,5,,SEVERN DRIVE,BERKELEY,BERKELEY,STROUD,GLOUCESTERSHIRE,Standard,Addition,51.6943780000,-2.4612880000
121000,2001-03-05 00:00:00Z,GL13 9DE,Detached,Established,Freehold,28,,LANTERN CLOSE,BERKELEY,BERKELEY,STROUD,GLOUCESTERSHIRE,Standard,Addition,51.6901260000,-2.4609410000
133950,2001-11-30 00:00:00Z,GL13 9DE,Detached,Established,Freehold,45,,LANTERN CLOSE,BERKELEY,BERKELEY,STROUD,GLOUCESTERSHIRE,Standard,Addition,51.6901260000,-2.4609410000
70000,2001-07-18 00:00:00Z,GL13 9TP,Terraced,Established,Freehold,10,,JAMES ORCHARD,BERKELEY,BERKELEY,STROUD,GLOUCESTERSHIRE,Standard,Addition,51.6927580000,-2.4638320000
165000,2001-03-30 00:00:00Z,GL13 9TP,Detached,Established,Freehold,15,,JAMES ORCHARD,BERKELEY,BERKELEY,STROUD,GLOUCESTERSHIRE,Standard,Addition,51.6927580000,-2.4638320000
197000,2001-05-25 00:00:00Z,GL13 9DE,Detached,Established,Freehold,96,,LANTERN CLOSE,BERKELEY,BERKELEY,STROUD,GLOUCESTERSHIRE,Standard,Addition,51.6901260000,-2.4609410000
107500,2002-02-20 00:00:00Z,GL13 9DB,Terraced,Established,Freehold,12,,SALTER STREET,BERKELEY,BERKELEY,STROUD,GLOUCESTERSHIRE,Standard,Addition,51.6915580000,-2.4604200000
79000,2002-05-31 00:00:00Z,GL13 9TA,Terraced,Established,Freehold,42,,LYNCH ROAD,BERKELEY,BERKELEY,STROUD,GLOUCESTERSHIRE,Standard,Addition,51.6920270000,-2.4644320000
144000,2002-06-21 00:00:00Z,GL13 9DE,Detached,Established,Freehold,25,,LANTERN CLOSE,BERKELEY,BERKELEY,STROUD,GLOUCESTERSHIRE,Standard,Addition,51.6901260000,-2.4609410000
160000,2002-08-15 00:00:00Z,GL13 9TA,Semi-Detached,Established,Freehold,12,,LYNCH ROAD,BERKELEY,BERKELEY,STROUD,GLOUCESTERSHIRE,Standard,Addition,51.6920270000,-2.4644320000
79000,2002-06-14 00:00:00Z,GL13 9EH,Terraced,Established,Freehold,9,,SEVERN DRIVE,BERKELEY,BERKELEY,STROUD,GLOUCESTERSHIRE,Standard,Addition,51.6943780000,-2.4612880000
209000,2002-03-28 00:00:00Z,GL13 9TE,Terraced,Established,Freehold,29,,LYNCH ROAD,BERKELEY,BERKELEY,STROUD,GLOUCESTERSHIRE,Standard,Addition,51.6920080000,-2.4670360000
119950,2002-06-21 00:00:00Z,GL13 9TP,Terraced,Established,Freehold,26,,JAMES ORCHARD,BERKELEY,BERKELEY,STROUD,GLOUCESTERSHIRE,Standard,Addition,51.6927580000,-2.4638320000
76000,2002-03-27 00:00:00Z,GL13 9TP,Terraced,Established,Freehold,12,,JAMES ORCHARD,BERKELEY,BERKELEY,STROUD,GLOUCESTERSHIRE,Standard,Addition,51.6927580000,-2.4638320000
153000,2002-10-25 00:00:00Z,GL13 9DE,Detached,Established,Freehold,23,,LANTERN CLOSE,BERKELEY,BERKELEY,STROUD,GLOUCESTERSHIRE,Standard,Addition,51.6901260000,-2.4609410000
185000,2002-07-19 00:00:00Z,GL13 9DB,Terraced,Established,Freehold,30,,SALTER STREET,BERKELEY,BERKELEY,STROUD,GLOUCESTERSHIRE,Standard,Addition,51.6915580000,-2.4604200000
90000,2002-04-26 00:00:00Z,GL13 9AS,Semi-Detached,Established,Freehold,34,,HOWMEAD,BERKELEY,BERKELEY,STROUD,GLOUCESTERSHIRE,Standard,Addition,51.6960600000,-2.4609860000
85000,2002-01-31 00:00:00Z,GL13 9BY,Semi-Detached,Established,Freehold,29,,STOCK LANE,BERKELEY,BERKELEY,STROUD,GLOUCESTERSHIRE,Standard,Addition,51.6907930000,-2.4627850000
160000,2002-05-01 00:00:00Z,GL13 9EG,Detached,Established,Freehold,14,,FITZHARDINGE WAY,BERKELEY,BERKELEY,STROUD,GLOUCESTERSHIRE,Standard,Addition,51.6941680000,-2.4619510000
142995,2002-12-09 00:00:00Z,GL13 9DE,Detached,Established,Freehold,22,,LANTERN CLOSE,BERKELEY,BERKELEY,STROUD,GLOUCESTERSHIRE,Standard,Addition,51.6901260000,-2.4609410000
127500,2002-08-09 00:00:00Z,GL13 9TE,Semi-Detached,Established,Freehold,27,,LYNCH ROAD,BERKELEY,BERKELEY,STROUD,GLOUCESTERSHIRE,Standard,Addition,51.6920080000,-2.4670360000
167000,2002-07-16 00:00:00Z,GL13 9EG,Detached,Established,Freehold,10,,FITZHARDINGE WAY,BERKELEY,BERKELEY,STROUD,GLOUCESTERSHIRE,Standard,Addition,51.6941680000,-2.4619510000
110000,2002-12-19 00:00:00Z,GL13 9TE,Terraced,Established,Freehold,37,,LYNCH ROAD,BERKELEY,BERKELEY,STROUD,GLOUCESTERSHIRE,Standard,Addition,51.6920080000,-2.4670360000
76000,2002-03-15 00:00:00Z,GL13 9EH,Terraced,Established,Freehold,8,,SEVERN DRIVE,BERKELEY,BERKELEY,STROUD,GLOUCESTERSHIRE,Standard,Addition,51.6943780000,-2.4612880000
79000,2002-04-05 00:00:00Z,GL13 9DH,Terraced,Established,Freehold,3,,GILBERT HILL,BERKELEY,BERKELEY,STROUD,GLOUCESTERSHIRE,Standard,Addition,51.6940320000,-2.4601120000
125000,2002-07-29 00:00:00Z,GL13 9DA,Detached,Established,Freehold,32,,LEAZE CLOSE,BERKELEY,BERKELEY,STROUD,GLOUCESTERSHIRE,Standard,Addition,51.6926490000,-2.4619210000
178000,2002-12-06 00:00:00Z,GL13 9EG,Detached,Established,Freehold,16,,FITZHARDINGE WAY,BERKELEY,BERKELEY,STROUD,GLOUCESTERSHIRE,Standard,Addition,51.6941680000,-2.4619510000
167000,2002-06-27 00:00:00Z,GL13 9EH,Detached,Established,Freehold,3,,SEVERN DRIVE,BERKELEY,BERKELEY,STROUD,GLOUCESTERSHIRE,Standard,Addition,51.6943780000,-2.4612880000
129995,2002-05-31 00:00:00Z,GL13 9BU,Terraced,Established,Freehold,39,,SALTER STREET,BERKELEY,BERKELEY,STROUD,GLOUCESTERSHIRE,Standard,Addition,51.6912020000,-2.4617330000
97000,2002-05-31 00:00:00Z,GL13 9DE,Terraced,Established,Freehold,5,,LANTERN CLOSE,BERKELEY,BERKELEY,STROUD,GLOUCESTERSHIRE,Standard,Addition,51.6901260000,-2.4609410000
97000,2002-12-06 00:00:00Z,GL13 9EH,Terraced,Established,Freehold,15,,SEVERN DRIVE,BERKELEY,BERKELEY,STROUD,GLOUCESTERSHIRE,Standard,Addition,51.6943780000,-2.4612880000
117500,2002-03-28 00:00:00Z,GL13 9AS,Detached,Established,Freehold,10,,HOWMEAD,BERKELEY,BERKELEY,STROUD,GLOUCESTERSHIRE,Standard,Addition,51.6960600000,-2.4609860000
127000,2002-07-12 00:00:00Z,GL13 9TP,Semi-Detached,Established,Freehold,3,,JAMES ORCHARD,BERKELEY,BERKELEY,STROUD,GLOUCESTERSHIRE,Standard,Addition,51.6927580000,-2.4638320000
111250,2003-11-13 00:00:00Z,GL13 9TP,Terraced,Established,Freehold,22,,JAMES ORCHARD,BERKELEY,BERKELEY,STROUD,GLOUCESTERSHIRE,Standard,Addition,51.6927580000,-2.4638320000
132000,2003-10-28 00:00:00Z,GL13 9DE,Semi-Detached,Established,Freehold,37,,LANTERN CLOSE,BERKELEY,BERKELEY,STROUD,GLOUCESTERSHIRE,Standard,Addition,51.6901260000,-2.4609410000
220000,2003-03-11 00:00:00Z,GL13 9DE,Detached,Established,Freehold,92,,LANTERN CLOSE,BERKELEY,BERKELEY,STROUD,GLOUCESTERSHIRE,Standard,Addition,51.6901260000,-2.4609410000
140000,2003-10-10 00:00:00Z,GL13 9EJ,Terraced,Established,Freehold,10,,COACH CLOSE,BERKELEY,BERKELEY,STROUD,GLOUCESTERSHIRE,Standard,Addition,51.6908750000,-2.4602250000
172000,2003-11-04 00:00:00Z,GL13 9DA,Semi-Detached,Established,Freehold,31,,LEAZE CLOSE,BERKELEY,BERKELEY,STROUD,GLOUCESTERSHIRE,Standard,Addition,51.6926490000,-2.4619210000
122000,2003-05-07 00:00:00Z,GL13 9DE,Terraced,Established,Freehold,19,,LANTERN CLOSE,BERKELEY,BERKELEY,STROUD,GLOUCESTERSHIRE,Standard,Addition,51.6901260000,-2.4609410000
109000,2003-04-23 00:00:00Z,GL13 9TE,Terraced,Established,Freehold,39,,LYNCH ROAD,BERKELEY,BERKELEY,STROUD,GLOUCESTERSHIRE,Standard,Addition,51.6920080000,-2.4670360000
95000,2003-07-25 00:00:00Z,GL13 9EH,Terraced,Established,Freehold,10,,SEVERN DRIVE,BERKELEY,BERKELEY,STROUD,GLOUCESTERSHIRE,Standard,Addition,51.6943780000,-2.4612880000
205000,2003-07-31 00:00:00Z,GL13 9EJ,Terraced,Established,Freehold,8,,COACH CLOSE,BERKELEY,BERKELEY,STROUD,GLOUCESTERSHIRE,Standard,Addition,51.6908750000,-2.4602250000
125000,2003-05-30 00:00:00Z,GL13 9DE,Terraced,Established,Freehold,35,,LANTERN CLOSE,BERKELEY,BERKELEY,STROUD,GLOUCESTERSHIRE,Standard,Addition,51.6901260000,-2.4609410000
96500,2003-02-28 00:00:00Z,GL13 9TP,Terraced,Established,Freehold,24,,JAMES ORCHARD,BERKELEY,BERKELEY,STROUD,GLOUCESTERSHIRE,Standard,Addition,51.6927580000,-2.4638320000
185000,2003-07-18 00:00:00Z,GL13 9DE,Detached,Established,Freehold,32,,LANTERN CLOSE,BERKELEY,BERKELEY,STROUD,GLOUCESTERSHIRE,Standard,Addition,51.6901260000,-2.4609410000
118000,2003-03-25 00:00:00Z,GL13 9DE,Terraced,Established,Freehold,3,,LANTERN CLOSE,BERKELEY,BERKELEY,STROUD,GLOUCESTERSHIRE,Standard,Addition,51.6901260000,-2.4609410000
159950,2003-08-07 00:00:00Z,GL13 9TA,Terraced,Established,Freehold,28,,LYNCH ROAD,BERKELEY,BERKELEY,STROUD,GLOUCESTERSHIRE,Standard,Addition,51.6920270000,-2.4644320000
218000,2003-07-18 00:00:00Z,GL13 9DE,Detached,Established,Freehold,44,,LANTERN CLOSE,BERKELEY,BERKELEY,STROUD,GLOUCESTERSHIRE,Standard,Addition,51.6901260000,-2.4609410000
116000,2003-12-05 00:00:00Z,GL13 9TA,Semi-Detached,Established,Freehold,6,,LYNCH ROAD,BERKELEY,BERKELEY,STROUD,GLOUCESTERSHIRE,Standard,Addition,51.6920270000,-2.4644320000
160000,2003-03-05 00:00:00Z,GL13 9AS,Semi-Detached,Established,Freehold,34,,HOWMEAD,BERKELEY,BERKELEY,STROUD,GLOUCESTERSHIRE,Standard,Addition,51.6960600000,-2.4609860000
50000,2003-01-10 00:00:00Z,GL13 9TE,Terraced,Established,Freehold,41,,LYNCH ROAD,BERKELEY,BERKELEY,STROUD,GLOUCESTERSHIRE,Standard,Addition,51.6920080000,-2.4670360000
205000,2003-02-24 00:00:00Z,GL13 9BZ,Semi-Detached,Established,Freehold,THE FIRS,,LEAZE CLOSE,BERKELEY,BERKELEY,STROUD,GLOUCESTERSHIRE,Standard,Addition,51.6924390000,-2.4627000000
249995,2003-09-09 00:00:00Z,GL13 9DE,Detached,Established,Freehold,36,,LANTERN CLOSE,BERKELEY,BERKELEY,STROUD,GLOUCESTERSHIRE,Standard,Addition,51.6901260000,-2.4609410000
119000,2003-08-01 00:00:00Z,GL13 9BY,Semi-Detached,Established,Freehold,25,,STOCK LANE,BERKELEY,BERKELEY,STROUD,GLOUCESTERSHIRE,Standard,Addition,51.6907930000,-2.4627850000
212000,2003-09-12 00:00:00Z,GL13 9DE,Detached,Established,Freehold,18,,LANTERN CLOSE,BERKELEY,BERKELEY,STROUD,GLOUCESTERSHIRE,Standard,Addition,51.6901260000,-2.4609410000
155000,2003-01-31 00:00:00Z,GL13 9TP,Detached,Established,Freehold,44,,JAMES ORCHARD,BERKELEY,BERKELEY,STROUD,GLOUCESTERSHIRE,Standard,Addition,51.6927580000,-2.4638320000
119950,2003-09-23 00:00:00Z,GL13 9DE,Terraced,Established,Freehold,9,,LANTERN CLOSE,BERKELEY,BERKELEY,STROUD,GLOUCESTERSHIRE,Standard,Addition,51.6901260000,-2.4609410000
110000,2003-10-22 00:00:00Z,GL13 9EG,Semi-Detached,Established,Freehold,8,,FITZHARDINGE WAY,BERKELEY,BERKELEY,STROUD,GLOUCESTERSHIRE,Standard,Addition,51.6941680000,-2.4619510000
200000,2003-11-24 00:00:00Z,GL13 9DA,Detached,Established,Freehold,36,,LEAZE CLOSE,BERKELEY,BERKELEY,STROUD,GLOUCESTERSHIRE,Standard,Addition,51.6926490000,-2.4619210000
173000,2003-04-04 00:00:00Z,GL13 9DE,Detached,Established,Freehold,27,,LANTERN CLOSE,BERKELEY,BERKELEY,STROUD,GLOUCESTERSHIRE,Standard,Addition,51.6901260000,-2.4609410000
96000,2003-07-16 00:00:00Z,GL13 9EH,Terraced,Established,Freehold,22,,SEVERN DRIVE,BERKELEY,BERKELEY,STROUD,GLOUCESTERSHIRE,Standard,Addition,51.6943780000,-2.4612880000
116000,2003-09-26 00:00:00Z,GL13 9DH,Semi-Detached,Established,Freehold,7,,GILBERT HILL,BERKELEY,BERKELEY,STROUD,GLOUCESTERSHIRE,Standard,Addition,51.6940320000,-2.4601120000
119950,2004-07-05 00:00:00Z,GL13 9EH,Terraced,Established,Freehold,16,,SEVERN DRIVE,BERKELEY,BERKELEY,STROUD,GLOUCESTERSHIRE,Standard,Addition,51.6943780000,-2.4612880000
127000,2004-11-26 00:00:00Z,GL13 9EH,Terraced,Established,Freehold,10,,SEVERN DRIVE,BERKELEY,BERKELEY,STROUD,GLOUCESTERSHIRE,Standard,Addition,51.6943780000,-2.4612880000
168000,2004-08-23 00:00:00Z,GL13 9TP,Semi-Detached,Established,Freehold,42,,JAMES ORCHARD,BERKELEY,BERKELEY,STROUD,GLOUCESTERSHIRE,Standard,Addition,51.6927580000,-2.4638320000
153000,2004-06-18 00:00:00Z,GL13 9TB,Terraced,Established,Freehold,51,,PARKVIEW ROAD,BERKELEY,BERKELEY,STROUD,GLOUCESTERSHIRE,Standard,Addition,51.6910010000,-2.4648840000
118500,2004-09-20 00:00:00Z,GL13 9TP,Terraced,Established,Freehold,4,,JAMES ORCHARD,BERKELEY,BERKELEY,STROUD,GLOUCESTERSHIRE,Standard,Addition,51.6927580000,-2.4638320000
129000,2004-01-30 00:00:00Z,GL13 9DE,Semi-Detached,Established,Freehold,51,,LANTERN CLOSE,BERKELEY,BERKELEY,STROUD,GLOUCESTERSHIRE,Standard,Addition,51.6901260000,-2.4609410000
180000,2004-12-22 00:00:00Z,GL13 9TP,Semi-Detached,Established,Freehold,40,,JAMES ORCHARD,BERKELEY,BERKELEY,STROUD,GLOUCESTERSHIRE,Standard,Addition,51.6927580000,-2.4638320000
215000,2004-07-21 00:00:00Z,GL13 9AS,Semi-Detached,Established,Freehold,22,,HOWMEAD,BERKELEY,BERKELEY,STROUD,GLOUCESTERSHIRE,Standard,Addition,51.6960600000,-2.4609860000
179950,2004-12-01 00:00:00Z,GL13 9AR,Semi-Detached,Established,Freehold,17,,HOWMEAD,BERKELEY,BERKELEY,STROUD,GLOUCESTERSHIRE,Standard,Addition,51.6961480000,-2.4614790000
250000,2004-01-13 00:00:00Z,GL13 9BX,Detached,Established,Freehold,49,,SALTER STREET,,BERKELEY,STROUD,GLOUCESTERSHIRE,Standard,Addition,51.6914220000,-2.4623430000
148000,2004-01-29 00:00:00Z,GL13 9TB,Terraced,Established,Freehold,53,,PARKVIEW ROAD,BERKELEY,BERKELEY,STROUD,GLOUCESTERSHIRE,Standard,Addition,51.6910010000,-2.4648840000
150000,2004-04-30 00:00:00Z,GL13 9TB,Terraced,Established,Freehold,67,,PARKVIEW ROAD,BERKELEY,BERKELEY,STROUD,GLOUCESTERSHIRE,Standard,Addition,51.6910010000,-2.4648840000
163000,2004-01-16 00:00:00Z,GL13 9EJ,Terraced,New Build,Freehold,9,,COACH CLOSE,BERKELEY,BERKELEY,STROUD,GLOUCESTERSHIRE,Standard,Addition,51.6908750000,-2.4602250000
190000,2004-04-16 00:00:00Z,GL13 9TP,Semi-Detached,Established,Freehold,9,,JAMES ORCHARD,BERKELEY,BERKELEY,STROUD,GLOUCESTERSHIRE,Standard,Addition,51.6927580000,-2.4638320000
115000,2004-06-18 00:00:00Z,GL13 9DH,Terraced,Established,Freehold,12,,GILBERT HILL,BERKELEY,BERKELEY,STROUD,GLOUCESTERSHIRE,Standard,Addition,51.6940320000,-2.4601120000
120000,2004-08-26 00:00:00Z,GL13 9EH,Terraced,Established,Freehold,18,,SEVERN DRIVE,BERKELEY,BERKELEY,STROUD,GLOUCESTERSHIRE,Standard,Addition,51.6943780000,-2.4612880000
135000,2004-07-30 00:00:00Z,GL13 9DE,Terraced,Established,Freehold,19,,LANTERN CLOSE,BERKELEY,BERKELEY,STROUD,GLOUCESTERSHIRE,Standard,Addition,51.6901260000,-2.4609410000
127000,2004-11-12 00:00:00Z,GL13 9TP,Terraced,Established,Freehold,4,,JAMES ORCHARD,BERKELEY,BERKELEY,STROUD,GLOUCESTERSHIRE,Standard,Addition,51.6927580000,-2.4638320000
133500,2004-07-23 00:00:00Z,GL13 9BY,Terraced,Established,Freehold,27,,STOCK LANE,BERKELEY,BERKELEY,STROUD,GLOUCESTERSHIRE,Standard,Addition,51.6907930000,-2.4627850000
244950,2004-04-05 00:00:00Z,GL13 9EG,Detached,Established,Freehold,20,,FITZHARDINGE WAY,BERKELEY,BERKELEY,STROUD,GLOUCESTERSHIRE,Standard,Addition,51.6941680000,-2.4619510000
160000,2004-01-29 00:00:00Z,GL13 9TA,Terraced,Established,Freehold,16,,LYNCH ROAD,BERKELEY,BERKELEY,STROUD,GLOUCESTERSHIRE,Standard,Addition,51.6920270000,-2.4644320000
185000,2004-06-28 00:00:00Z,GL13 9EJ,Terraced,Established,Freehold,10,,COACH CLOSE,BERKELEY,BERKELEY,STROUD,GLOUCESTERSHIRE,Standard,Addition,51.6908750000,-2.4602250000
320000,2004-09-01 00:00:00Z,GL13 9DE,Detached,Established,Freehold,6,,LANTERN CLOSE,BERKELEY,BERKELEY,STROUD,GLOUCESTERSHIRE,Standard,Addition,51.6901260000,-2.4609410000
109000,2004-03-26 00:00:00Z,GL13 9BY,Semi-Detached,Established,Freehold,STOCK LANE COTTAGE,,STOCK LANE,BERKELEY,BERKELEY,STROUD,GLOUCESTERSHIRE,Standard,Addition,51.6907930000,-2.4627850000
276500,2005-10-28 00:00:00Z,GL13 9DE,Detached,Established,Freehold,76,,LANTERN CLOSE,BERKELEY,BERKELEY,STROUD,GLOUCESTERSHIRE,Standard,Addition,51.6901260000,-2.4609410000
180000,2005-11-25 00:00:00Z,GL13 9DE,Semi-Detached,Established,Freehold,17,,LANTERN CLOSE,BERKELEY,BERKELEY,STROUD,GLOUCESTERSHIRE,Standard,Addition,51.6901260000,-2.4609410000
106000,2005-11-11 00:00:00Z,GL13 9AP,Terraced,Established,Freehold,3,,FOREST VIEW ROAD,BERKELEY,BERKELEY,STROUD,GLOUCESTERSHIRE,Standard,Addition,51.6953260000,-2.4601250000
275000,2005-09-16 00:00:00Z,GL13 9TA,Detached,Established,Freehold,34,,LYNCH ROAD,BERKELEY,BERKELEY,STROUD,GLOUCESTERSHIRE,Standard,Addition,51.6920270000,-2.4644320000
250000,2005-07-11 00:00:00Z,GL13 9EH,Detached,Established,Freehold,2,,SEVERN DRIVE,BERKELEY,BERKELEY,STROUD,GLOUCESTERSHIRE,Standard,Addition,51.6943780000,-2.4612880000
154000,2005-04-05 00:00:00Z,GL13 9TB,Semi-Detached,Established,Freehold,1,,PARKVIEW ROAD,BERKELEY,BERKELEY,STROUD,GLOUCESTERSHIRE,Standard,Addition,51.6910010000,-2.4648840000
128500,2005-02-09 00:00:00Z,GL13 9BY,Semi-Detached,Established,Freehold,29,,STOCK LANE,BERKELEY,BERKELEY,STROUD,GLOUCESTERSHIRE,Standard,Addition,51.6907930000,-2.4627850000
240000,2005-09-01 00:00:00Z,GL13 9BU,Terraced,Established,Freehold,37,,SALTER STREET,BERKELEY,BERKELEY,STROUD,GLOUCESTERSHIRE,Standard,Addition,51.6912020000,-2.4617330000
125000,2005-05-13 00:00:00Z,GL13 9TA,Terraced,Established,Freehold,46,,LYNCH ROAD,BERKELEY,BERKELEY,STROUD,GLOUCESTERSHIRE,Standard,Addition,51.6920270000,-2.4644320000
306500,2005-08-12 00:00:00Z,GL13 9DE,Detached,Established,Freehold,96,,LANTERN CLOSE,BERKELEY,BERKELEY,STROUD,GLOUCESTERSHIRE,Standard,Addition,51.6901260000,-2.4609410000
225950,2005-04-29 00:00:00Z,GL13 9TF,Detached,Established,Freehold,2,,BEVANS HILL,BERKELEY,BERKELEY,STROUD,GLOUCESTERSHIRE,Standard,Addition,51.6933700000,-2.4682510000
162500,2005-10-28 00:00:00Z,GL13 9TE,Semi-Detached,Established,Freehold,27,,LYNCH ROAD,BERKELEY,BERKELEY,STROUD,GLOUCESTERSHIRE,Standard,Addition,51.6920080000,-2.4670360000
218000,2005-11-25 00:00:00Z,GL13 9DE,Detached,Established,Freehold,46,,LANTERN CLOSE,BERKELEY,BERKELEY,STROUD,GLOUCESTERSHIRE,Standard,Addition,51.6901260000,-2.4609410000
153000,2005-10-07 00:00:00Z,GL13 9TP,Semi-Detached,Established,Freehold,5,,JAMES ORCHARD,BERKELEY,BERKELEY,STROUD,GLOUCESTERSHIRE,Standard,Addition,51.6927580000,-2.4638320000
173000,2005-07-11 00:00:00Z,GL13 9DE,Semi-Detached,Established,Freehold,21,,LANTERN CLOSE,BERKELEY,BERKELEY,STROUD,GLOUCESTERSHIRE,Standard,Addition,51.6901260000,-2.4609410000
120000,2006-06-09 00:00:00Z,GL13 9DH,Terraced,Established,Freehold,18,,GILBERT HILL,BERKELEY,BERKELEY,STROUD,GLOUCESTERSHIRE,Standard,Addition,51.6940320000,-2.4601120000
208500,2006-05-25 00:00:00Z,GL13 9DE,Detached,Established,Freehold,48,,LANTERN CLOSE,BERKELEY,BERKELEY,STROUD,GLOUCESTERSHIRE,Standard,Addition,51.6901260000,-2.4609410000
266000,2006-10-10 00:00:00Z,GL13 9EH,Detached,Established,Freehold,3,,SEVERN DRIVE,BERKELEY,BERKELEY,STROUD,GLOUCESTERSHIRE,Standard,Addition,51.6943780000,-2.4612880000
145000,2006-06-16 00:00:00Z,GL13 9EH,Terraced,Established,Freehold,14,,SEVERN DRIVE,BERKELEY,BERKELEY,STROUD,GLOUCESTERSHIRE,Standard,Addition,51.6943780000,-2.4612880000
150000,2006-06-30 00:00:00Z,GL13 9DB,Semi-Detached,Established,Freehold,22,,SALTER STREET,BERKELEY,BERKELEY,STROUD,GLOUCESTERSHIRE,Standard,Addition,51.6915580000,-2.4604200000
216000,2006-07-07 00:00:00Z,GL13 9DE,Detached,Established,Freehold,23,,LANTERN CLOSE,BERKELEY,BERKELEY,STROUD,GLOUCESTERSHIRE,Standard,Addition,51.6901260000,-2.4609410000
182000,2006-08-11 00:00:00Z,GL13 9TB,Semi-Detached,Established,Freehold,71,,PARKVIEW ROAD,BERKELEY,BERKELEY,STROUD,GLOUCESTERSHIRE,Standard,Addition,51.6910010000,-2.4648840000
137000,2006-01-20 00:00:00Z,GL13 9DE,Terraced,Established,Freehold,49,,LANTERN CLOSE,BERKELEY,BERKELEY,STROUD,GLOUCESTERSHIRE,Standard,Addition,51.6901260000,-2.4609410000
165000,2006-07-28 00:00:00Z,GL13 9TA,Terraced,Established,Freehold,26,,LYNCH ROAD,BERKELEY,BERKELEY,STROUD,GLOUCESTERSHIRE,Standard,Addition,51.6920270000,-2.4644320000
217000,2006-12-15 00:00:00Z,GL13 9DE,Detached,Established,Freehold,25,,LANTERN CLOSE,BERKELEY,BERKELEY,STROUD,GLOUCESTERSHIRE,Standard,Addition,51.6901260000,-2.4609410000
250000,2006-05-05 00:00:00Z,GL13 9EG,Detached,Established,Freehold,14,,FITZHARDINGE WAY,BERKELEY,BERKELEY,STROUD,GLOUCESTERSHIRE,Standard,Addition,51.6941680000,-2.4619510000
150000,2006-06-30 00:00:00Z,GL13 9AR,Terraced,Established,Freehold,15,,HOWMEAD,BERKELEY,BERKELEY,STROUD,GLOUCESTERSHIRE,Standard,Addition,51.6961480000,-2.4614790000
145000,2006-08-11 00:00:00Z,GL13 9EH,Terraced,Established,Freehold,12,,SEVERN DRIVE,BERKELEY,BERKELEY,STROUD,GLOUCESTERSHIRE,Standard,Addition,51.6943780000,-2.4612880000
126250,2006-03-20 00:00:00Z,GL13 9EH,Terraced,Established,Freehold,28,,SEVERN DRIVE,BERKELEY,BERKELEY,STROUD,GLOUCESTERSHIRE,Standard,Addition,51.6943780000,-2.4612880000
176000,2006-05-22 00:00:00Z,GL13 9TP,Semi-Detached,Established,Freehold,42,,JAMES ORCHARD,BERKELEY,BERKELEY,STROUD,GLOUCESTERSHIRE,Standard,Addition,51.6927580000,-2.4638320000
205000,2006-01-27 00:00:00Z,GL13 9DE,Detached,Established,Freehold,31,,LANTERN CLOSE,BERKELEY,BERKELEY,STROUD,GLOUCESTERSHIRE,Standard,Addition,51.6901260000,-2.4609410000
175000,2006-12-20 00:00:00Z,GL13 9AR,Semi-Detached,Established,Freehold,21,,HOWMEAD,BERKELEY,BERKELEY,STROUD,GLOUCESTERSHIRE,Standard,Addition,51.6961480000,-2.4614790000
183500,2006-06-08 00:00:00Z,GL13 9TB,Semi-Detached,Established,Freehold,41,,PARKVIEW ROAD,BERKELEY,BERKELEY,STROUD,GLOUCESTERSHIRE,Standard,Addition,51.6910010000,-2.4648840000
225000,2006-10-23 00:00:00Z,GL13 9DE,Detached,Established,Freehold,26,,LANTERN CLOSE,BERKELEY,BERKELEY,STROUD,GLOUCESTERSHIRE,Standard,Addition,51.6901260000,-2.4609410000
180000,2006-11-10 00:00:00Z,GL13 9TD,Terraced,Established,Freehold,18,,PARKVIEW ROAD,BERKELEY,BERKELEY,STROUD,GLOUCESTERSHIRE,Standard,Addition,51.6912970000,-2.4649740000
173000,2006-04-27 00:00:00Z,GL13 9TP,Semi-Detached,Established,Freehold,36,,JAMES ORCHARD,BERKELEY,BERKELEY,STROUD,GLOUCESTERSHIRE,Standard,Addition,51.6927580000,-2.4638320000
165000,2006-05-31 00:00:00Z,GL13 9TE,Terraced,Established,Freehold,37,,LYNCH ROAD,BERKELEY,BERKELEY,STROUD,GLOUCESTERSHIRE,Standard,Addition,51.6920080000,-2.4670360000
145000,2006-05-25 00:00:00Z,GL13 9TA,Terraced,Established,Freehold,24,,LYNCH ROAD,BERKELEY,BERKELEY,STROUD,GLOUCESTERSHIRE,Standard,Addition,51.6920270000,-2.4644320000
190000,2006-12-08 00:00:00Z,GL13 9TD,Terraced,Established,Freehold,20,,PARKVIEW ROAD,BERKELEY,BERKELEY,STROUD,GLOUCESTERSHIRE,Standard,Addition,51.6912970000,-2.4649740000
132000,2006-08-09 00:00:00Z,GL13 9EH,Terraced,Established,Freehold,9,,SEVERN DRIVE,BERKELEY,BERKELEY,STROUD,GLOUCESTERSHIRE,Standard,Addition,51.6943780000,-2.4612880000
145500,2006-08-31 00:00:00Z,GL13 9DE,Terraced,Established,Freehold,3,,LANTERN CLOSE,BERKELEY,BERKELEY,STROUD,GLOUCESTERSHIRE,Standard,Addition,51.6901260000,-2.4609410000
145000,2006-04-28 00:00:00Z,GL13 9DE,Terraced,Established,Freehold,5,,LANTERN CLOSE,BERKELEY,BERKELEY,STROUD,GLOUCESTERSHIRE,Standard,Addition,51.6901260000,-2.4609410000
200000,2006-06-30 00:00:00Z,GL13 9TB,Semi-Detached,Established,Freehold,49,,PARKVIEW ROAD,BERKELEY,BERKELEY,STROUD,GLOUCESTERSHIRE,Standard,Addition,51.6910010000,-2.4648840000
250000,2006-07-18 00:00:00Z,GL13 9TP,Detached,Established,Freehold,54,,JAMES ORCHARD,BERKELEY,BERKELEY,STROUD,GLOUCESTERSHIRE,Standard,Addition,51.6927580000,-2.4638320000
189950,2006-06-16 00:00:00Z,GL13 9TA,Terraced,Established,Freehold,20,,LYNCH ROAD,BERKELEY,BERKELEY,STROUD,GLOUCESTERSHIRE,Standard,Addition,51.6920270000,-2.4644320000
310000,2006-09-19 00:00:00Z,GL13 9DE,Detached,Established,Freehold,14,,LANTERN CLOSE,BERKELEY,BERKELEY,STROUD,GLOUCESTERSHIRE,Standard,Addition,51.6901260000,-2.4609410000
190000,2006-11-03 00:00:00Z,GL13 9DA,Semi-Detached,Established,Freehold,13,,LEAZE CLOSE,BERKELEY,BERKELEY,STROUD,GLOUCESTERSHIRE,Standard,Addition,51.6926490000,-2.4619210000
124000,2006-01-12 00:00:00Z,GL13 9DH,Terraced,Established,Freehold,12,,GILBERT HILL,BERKELEY,BERKELEY,STROUD,GLOUCESTERSHIRE,Standard,Addition,51.6940320000,-2.4601120000
199950,2006-09-01 00:00:00Z,GL13 9DB,Terraced,Established,Freehold,12,,SALTER STREET,BERKELEY,BERKELEY,STROUD,GLOUCESTERSHIRE,Standard,Addition,51.6915580000,-2.4604200000
136000,2006-09-08 00:00:00Z,GL13 9TP,Terraced,Established,Freehold,24,,JAMES ORCHARD,BERKELEY,BERKELEY,STROUD,GLOUCESTERSHIRE,Standard,Addition,51.6927580000,-2.4638320000
345000,2006-07-18 00:00:00Z,GL13 9BY,Detached,Established,Freehold,OLD SHIP,,STOCK LANE,BERKELEY,BERKELEY,STROUD,GLOUCESTERSHIRE,Standard,Addition,51.6907930000,-2.4627850000
157500,2007-10-31 00:00:00Z,GL13 9BY,Semi-Detached,Established,Freehold,STOCK LANE COTTAGE,,STOCK LANE,BERKELEY,BERKELEY,STROUD,GLOUCESTERSHIRE,Standard,Addition,51.6907930000,-2.4627850000
70000,2007-02-16 00:00:00Z,GL13 9EJ,Terraced,Established,Leasehold,5,,COACH CLOSE,BERKELEY,BERKELEY,STROUD,GLOUCESTERSHIRE,Standard,Addition,51.6908750000,-2.4602250000
240000,2007-02-16 00:00:00Z,GL13 9BY,Semi-Detached,Established,Freehold,8,,STOCK LANE,BERKELEY,BERKELEY,STROUD,GLOUCESTERSHIRE,Standard,Addition,51.6907930000,-2.4627850000
239000,2007-03-30 00:00:00Z,GL13 9TA,Semi-Detached,New Build,Freehold,36,,LYNCH ROAD,BERKELEY,BERKELEY,STROUD,GLOUCESTERSHIRE,Standard,Addition,51.6920270000,-2.4644320000
295000,2007-03-30 00:00:00Z,GL13 9EG,Detached,Established,Freehold,24,,FITZHARDINGE WAY,BERKELEY,BERKELEY,STROUD,GLOUCESTERSHIRE,Standard,Addition,51.6941680000,-2.4619510000
540000,2007-12-19 00:00:00Z,GL13 9BY,Detached,Established,Freehold,STOCK HOUSE,,STOCK LANE,BERKELEY,BERKELEY,STROUD,GLOUCESTERSHIRE,Standard,Addition,51.6907930000,-2.4627850000
146525,2007-04-27 00:00:00Z,GL13 9TA,Terraced,Established,Freehold,46,,LYNCH ROAD,BERKELEY,BERKELEY,STROUD,GLOUCESTERSHIRE,Standard,Addition,51.6920270000,-2.4644320000
181000,2007-02-23 00:00:00Z,GL13 9TD,Terraced,Established,Freehold,28,,PARKVIEW ROAD,BERKELEY,BERKELEY,STROUD,GLOUCESTERSHIRE,Standard,Addition,51.6912970000,-2.4649740000
149500,2007-02-23 00:00:00Z,GL13 9TP,Terraced,Established,Freehold,6,,JAMES ORCHARD,BERKELEY,BERKELEY,STROUD,GLOUCESTERSHIRE,Standard,Addition,51.6927580000,-2.4638320000
295000,2007-08-07 00:00:00Z,GL13 9TP,Semi-Detached,Established,Freehold,27,,JAMES ORCHARD,BERKELEY,BERKELEY,STROUD,GLOUCESTERSHIRE,Standard,Addition,51.6927580000,-2.4638320000
239000,2007-03-30 00:00:00Z,GL13 9TA,Semi-Detached,New Build,Freehold,30,,LYNCH ROAD,BERKELEY,BERKELEY,STROUD,GLOUCESTERSHIRE,Standard,Addition,51.6920270000,-2.4644320000
215000,2007-04-27 00:00:00Z,GL13 9TB,Terraced,Established,Freehold,53,,PARKVIEW ROAD,BERKELEY,BERKELEY,STROUD,GLOUCESTERSHIRE,Standard,Addition,51.6910010000,-2.4648840000
185000,2007-02-27 00:00:00Z,GL13 9TP,Terraced,Established,Freehold,30,,JAMES ORCHARD,BERKELEY,BERKELEY,STROUD,GLOUCESTERSHIRE,Standard,Addition,51.6927580000,-2.4638320000
145000,2007-01-12 00:00:00Z,GL13 9DH,Terraced,Established,Freehold,3,,GILBERT HILL,BERKELEY,BERKELEY,STROUD,GLOUCESTERSHIRE,Standard,Addition,51.6940320000,-2.4601120000
350000,2007-10-12 00:00:00Z,GL13 9TP,Detached,Established,Freehold,56,,JAMES ORCHARD,,BERKELEY,STROUD,GLOUCESTERSHIRE,Standard,Addition,51.6927580000,-2.4638320000
295000,2007-10-11 00:00:00Z,GL13 9DE,Detached,Established,Freehold,90,,LANTERN CLOSE,BERKELEY,BERKELEY,STROUD,GLOUCESTERSHIRE,Standard,Addition,51.6901260000,-2.4609410000
395000,2007-07-13 00:00:00Z,GL13 9DE,Detached,Established,Freehold,62,,LANTERN CLOSE,BERKELEY,BERKELEY,STROUD,GLOUCESTERSHIRE,Standard,Addition,51.6901260000,-2.4609410000
150000,2007-09-13 00:00:00Z,GL13 9TA,Terraced,Established,Freehold,42,,LYNCH ROAD,BERKELEY,BERKELEY,STROUD,GLOUCESTERSHIRE,Standard,Addition,51.6920270000,-2.4644320000
249000,2007-08-07 00:00:00Z,GL13 9DE,Detached,Established,Freehold,27,,LANTERN CLOSE,BERKELEY,BERKELEY,STROUD,GLOUCESTERSHIRE,Standard,Addition,51.6901260000,-2.4609410000
159000,2007-06-13 00:00:00Z,GL13 9DE,Terraced,Established,Freehold,41,,LANTERN CLOSE,BERKELEY,BERKELEY,STROUD,GLOUCESTERSHIRE,Standard,Addition,51.6901260000,-2.4609410000
186000,2008-03-14 00:00:00Z,GL13 9DH,Terraced,Established,Freehold,5,,GILBERT HILL,BERKELEY,BERKELEY,STROUD,GLOUCESTERSHIRE,Standard,Addition,51.6940320000,-2.4601120000
276000,2008-01-17 00:00:00Z,GL13 9TP,Detached,Established,Freehold,54,,JAMES ORCHARD,BERKELEY,BERKELEY,STROUD,GLOUCESTERSHIRE,Standard,Addition,51.6927580000,-2.4638320000
165000,2008-03-28 00:00:00Z,GL13 9BY,Semi-Detached,Established,Freehold,25,,STOCK LANE,BERKELEY,BERKELEY,STROUD,GLOUCESTERSHIRE,Standard,Addition,51.6907930000,-2.4627850000
450000,2008-11-21 00:00:00Z,GL13 9DB,Detached,Established,Freehold,40,,SALTER STREET,BERKELEY,BERKELEY,STROUD,GLOUCESTERSHIRE,Standard,Addition,51.6915580000,-2.4604200000
357000,2008-01-17 00:00:00Z,GL13 9DB,Semi-Detached,Established,Freehold,"VICTORIA COTTAGE, 18",,SALTER STREET,BERKELEY,BERKELEY,STROUD,GLOUCESTERSHIRE,Standard,Addition,51.6915580000,-2.4604200000
234000,2008-02-22 00:00:00Z,GL13 9TA,Semi-Detached,Established,Freehold,32,,LYNCH ROAD,BERKELEY,BERKELEY,STROUD,GLOUCESTERSHIRE,Standard,Addition,51.6920270000,-2.4644320000
150000,2008-03-19 00:00:00Z,GL13 9TE,Terraced,Established,Freehold,31,,LYNCH ROAD,BERKELEY,BERKELEY,STROUD,GLOUCESTERSHIRE,Standard,Addition,51.6920080000,-2.4670360000
238000,2008-10-31 00:00:00Z,GL13 9DE,Detached,Established,Freehold,10,,LANTERN CLOSE,BERKELEY,BERKELEY,STROUD,GLOUCESTERSHIRE,Standard,Addition,51.6901260000,-2.4609410000
250000,2008-01-15 00:00:00Z,GL13 9DB,Terraced,Established,Freehold,34,,SALTER STREET,BERKELEY,BERKELEY,STROUD,GLOUCESTERSHIRE,Standard,Addition,51.6915580000,-2.4604200000
255000,2008-11-21 00:00:00Z,GL13 9TA,Detached,Established,Freehold,8,,LYNCH ROAD,BERKELEY,BERKELEY,STROUD,GLOUCESTERSHIRE,Standard,Addition,51.6920270000,-2.4644320000
130000,2008-10-17 00:00:00Z,GL13 9DH,Semi-Detached,Established,Freehold,7,,GILBERT HILL,BERKELEY,BERKELEY,STROUD,GLOUCESTERSHIRE,Standard,Addition,51.6940320000,-2.4601120000
155000,2008-03-14 00:00:00Z,GL13 9EH,Terraced,Established,Freehold,8,,SEVERN DRIVE,BERKELEY,BERKELEY,STROUD,GLOUCESTERSHIRE,Standard,Addition,51.6943780000,-2.4612880000
204800,2008-02-08 00:00:00Z,GL13 9EJ,Terraced,Established,Freehold,10,,COACH CLOSE,BERKELEY,BERKELEY,STROUD,GLOUCESTERSHIRE,Standard,Addition,51.6908750000,-2.4602250000
225000,2008-11-21 00:00:00Z,GL13 9DA,Semi-Detached,Established,Freehold,31,,LEAZE CLOSE,BERKELEY,BERKELEY,STROUD,GLOUCESTERSHIRE,Standard,Addition,51.6926490000,-2.4619210000
275000,2009-05-22 00:00:00Z,GL13 9DE,Detached,Established,Freehold,10,,LANTERN CLOSE,,BERKELEY,STROUD,GLOUCESTERSHIRE,Standard,Addition,51.6901260000,-2.4609410000
65000,2009-12-21 00:00:00Z,GL13 9EJ,Terraced,Established,Leasehold,2,,COACH CLOSE,,BERKELEY,STROUD,GLOUCESTERSHIRE,Standard,Addition,51.6908750000,-2.4602250000
172000,2009-08-07 00:00:00Z,GL13 9TD,Semi-Detached,Established,Freehold,26,,PARKVIEW ROAD,,BERKELEY,STROUD,GLOUCESTERSHIRE,Standard,Addition,51.6912970000,-2.4649740000
155000,2009-06-30 00:00:00Z,GL13 9TB,Semi-Detached,Established,Freehold,3,,PARKVIEW ROAD,,BERKELEY,STROUD,GLOUCESTERSHIRE,Standard,Addition,51.6910010000,-2.4648840000
175000,2009-04-09 00:00:00Z,GL13 9DB,Terraced,Established,Freehold,42B,,SALTER STREET,,BERKELEY,STROUD,GLOUCESTERSHIRE,Standard,Addition,51.6915580000,-2.4604200000
200000,2009-09-01 00:00:00Z,GL13 9TP,Semi-Detached,Established,Freehold,9,,JAMES ORCHARD,,BERKELEY,STROUD,GLOUCESTERSHIRE,Standard,Addition,51.6927580000,-2.4638320000
245000,2009-11-13 00:00:00Z,GL13 9TP,Semi-Detached,Established,Freehold,1,,JAMES ORCHARD,,BERKELEY,STROUD,GLOUCESTERSHIRE,Standard,Addition,51.6927580000,-2.4638320000
120000,2009-09-11 00:00:00Z,GL13 9DH,Terraced,Established,Freehold,1,,GILBERT HILL,,BERKELEY,STROUD,GLOUCESTERSHIRE,Standard,Addition,51.6940320000,-2.4601120000
206000,2009-07-02 00:00:00Z,GL13 9DE,Detached,Established,Freehold,46,,LANTERN CLOSE,,BERKELEY,STROUD,GLOUCESTERSHIRE,Standard,Addition,51.6901260000,-2.4609410000
155000,2009-12-11 00:00:00Z,GL13 9EG,Semi-Detached,Established,Freehold,6,,FITZHARDINGE WAY,,BERKELEY,STROUD,GLOUCESTERSHIRE,Standard,Addition,51.6941680000,-2.4619510000
205000,2009-06-26 00:00:00Z,GL13 9DB,Semi-Detached,Established,Freehold,42C,,SALTER STREET,,BERKELEY,STROUD,GLOUCESTERSHIRE,Standard,Addition,51.6915580000,-2.4604200000
245000,2009-06-30 00:00:00Z,GL13 9DB,Detached,Established,Freehold,42,,SALTER STREET,,BERKELEY,STROUD,GLOUCESTERSHIRE,Standard,Addition,51.6915580000,-2.4604200000
310000,2009-09-14 00:00:00Z,GL13 9DE,Detached,Established,Freehold,36,,LANTERN CLOSE,,BERKELEY,STROUD,GLOUCESTERSHIRE,Standard,Addition,51.6901260000,-2.4609410000
250000,2009-12-11 00:00:00Z,GL13 9EG,Detached,Established,Freehold,10,,FITZHARDINGE WAY,,BERKELEY,STROUD,GLOUCESTERSHIRE,Standard,Addition,51.6941680000,-2.4619510000
182000,2009-06-18 00:00:00Z,GL13 9DB,Terraced,Established,Freehold,42A,,SALTER STREET,,BERKELEY,STROUD,GLOUCESTERSHIRE,Standard,Addition,51.6915580000,-2.4604200000
150000,2009-11-19 00:00:00Z,GL13 9DE,Semi-Detached,Established,Freehold,47,,LANTERN CLOSE,,BERKELEY,STROUD,GLOUCESTERSHIRE,Standard,Addition,51.6901260000,-2.4609410000
160000,2009-01-30 00:00:00Z,GL13 9DE,Detached,Established,Freehold,50,,LANTERN CLOSE,,BERKELEY,STROUD,GLOUCESTERSHIRE,Standard,Addition,51.6901260000,-2.4609410000
175000,2009-12-14 00:00:00Z,GL13 9TB,Semi-Detached,Established,Freehold,37,,PARKVIEW ROAD,,BERKELEY,STROUD,GLOUCESTERSHIRE,Standard,Addition,51.6910010000,-2.4648840000
310000,2009-09-04 00:00:00Z,GL13 9DE,Detached,Established,Freehold,60,,LANTERN CLOSE,,BERKELEY,STROUD,GLOUCESTERSHIRE,Standard,Addition,51.6901260000,-2.4609410000
173500,2009-12-22 00:00:00Z,GL13 9DB,Terraced,Established,Freehold,38,,SALTER STREET,,BERKELEY,STROUD,GLOUCESTERSHIRE,Standard,Addition,51.6915580000,-2.4604200000
175000,2009-09-23 00:00:00Z,GL13 9DA,Semi-Detached,Established,Freehold,19,,LEAZE CLOSE,,BERKELEY,STROUD,GLOUCESTERSHIRE,Standard,Addition,51.6926490000,-2.4619210000
167500,2009-06-05 00:00:00Z,GL13 9AR,Semi-Detached,Established,Freehold,13,,HOWMEAD,,BERKELEY,STROUD,GLOUCESTERSHIRE,Standard,Addition,51.6961480000,-2.4614790000
203000,2010-10-20 00:00:00Z,GL13 9TA,Semi-Detached,Established,Freehold,30,,LYNCH ROAD,,BERKELEY,STROUD,GLOUCESTERSHIRE,Standard,Addition,51.6920270000,-2.4644320000
159000,2010-08-06 00:00:00Z,GL13 9AS,Semi-Detached,Established,Freehold,28,,HOWMEAD,,BERKELEY,STROUD,GLOUCESTERSHIRE,Standard,Addition,51.6960600000,-2.4609860000
440000,2010-07-02 00:00:00Z,GL13 9DB,Semi-Detached,Established,Freehold,20,,SALTER STREET,,BERKELEY,STROUD,GLOUCESTERSHIRE,Standard,Addition,51.6915580000,-2.4604200000
201500,2010-01-29 00:00:00Z,GL13 9DE,Detached,Established,Freehold,29,,LANTERN CLOSE,,BERKELEY,STROUD,GLOUCESTERSHIRE,Standard,Addition,51.6901260000,-2.4609410000
140000,2010-06-30 00:00:00Z,GL13 9EH,Terraced,Established,Freehold,7,,SEVERN DRIVE,,BERKELEY,STROUD,GLOUCESTERSHIRE,Standard,Addition,51.6943780000,-2.4612880000
260000,2010-06-30 00:00:00Z,GL13 9TA,Detached,Established,Freehold,8,,LYNCH ROAD,,BERKELEY,STROUD,GLOUCESTERSHIRE,Standard,Addition,51.6920270000,-2.4644320000
268000,2010-11-11 00:00:00Z,GL13 9EG,Detached,Established,Freehold,26,,FITZHARDINGE WAY,,BERKELEY,STROUD,GLOUCESTERSHIRE,Standard,Addition,51.6941680000,-2.4619510000
186000,2010-12-09 00:00:00Z,GL13 9TB,Terraced,Established,Freehold,51,,PARKVIEW ROAD,,BERKELEY,STROUD,GLOUCESTERSHIRE,Standard,Addition,51.6910010000,-2.4648840000
140000,2010-07-23 00:00:00Z,GL13 9EH,Terraced,Established,Freehold,22,,SEVERN DRIVE,,BERKELEY,STROUD,GLOUCESTERSHIRE,Standard,Addition,51.6943780000,-2.4612880000
136000,2010-08-27 00:00:00Z,GL13 9EJ,Terraced,Established,Freehold,6,,COACH CLOSE,,BERKELEY,STROUD,GLOUCESTERSHIRE,Standard,Addition,51.6908750000,-2.4602250000
140000,2010-07-02 00:00:00Z,GL13 9TP,Terraced,Established,Freehold,14,,JAMES ORCHARD,,BERKELEY,STROUD,GLOUCESTERSHIRE,Standard,Addition,51.6927580000,-2.4638320000
96000,2010-04-22 00:00:00Z,GL13 9EH,Semi-Detached,Established,Freehold,30,,SEVERN DRIVE,,BERKELEY,STROUD,GLOUCESTERSHIRE,Standard,Addition,51.6943780000,-2.4612880000
160000,2010-01-25 00:00:00Z,GL13 9TP,Semi-Detached,Established,Freehold,28,,JAMES ORCHARD,,BERKELEY,STROUD,GLOUCESTERSHIRE,Standard,Addition,51.6927580000,-2.4638320000
150000,2010-01-29 00:00:00Z,GL13 9TP,Terraced,Established,Freehold,26,,JAMES ORCHARD,,BERKELEY,STROUD,GLOUCESTERSHIRE,Standard,Addition,51.6927580000,-2.4638320000
290000,2010-09-17 00:00:00Z,GL13 9TE,Detached,Established,Freehold,29A,,LYNCH ROAD,,BERKELEY,STROUD,GLOUCESTERSHIRE,Standard,Addition,51.6920080000,-2.4670360000
135000,2011-05-20 00:00:00Z,GL13 9DH,Terraced,Established,Freehold,18,,GILBERT HILL,,BERKELEY,STROUD,GLOUCESTERSHIRE,Standard,Addition,51.6940320000,-2.4601120000
273000,2011-10-10 00:00:00Z,GL13 9EH,Detached,Established,Freehold,2,,SEVERN DRIVE,,BERKELEY,STROUD,GLOUCESTERSHIRE,Standard,Addition,51.6943780000,-2.4612880000
125000,2011-11-25 00:00:00Z,GL13 9AU,Terraced,Established,Freehold,29,,FISHERS ROAD,,BERKELEY,STROUD,GLOUCESTERSHIRE,Standard,Addition,51.6963340000,-2.4600340000
130000,2011-12-16 00:00:00Z,GL13 9TA,Terraced,Established,Freehold,18,,LYNCH ROAD,,BERKELEY,STROUD,GLOUCESTERSHIRE,Standard,Addition,51.6920270000,-2.4644320000
154000,2011-10-28 00:00:00Z,GL13 9TP,Semi-Detached,Established,Freehold,5,,JAMES ORCHARD,,BERKELEY,STROUD,GLOUCESTERSHIRE,Standard,Addition,51.6927580000,-2.4638320000
182000,2011-11-28 00:00:00Z,GL13 9TP,Semi-Detached,Established,Freehold,21,,JAMES ORCHARD,,BERKELEY,STROUD,GLOUCESTERSHIRE,Standard,Addition,51.6927580000,-2.4638320000
415000,2011-10-10 00:00:00Z,GL13 9DB,Detached,Established,Freehold,38A,,SALTER STREET,,BERKELEY,STROUD,GLOUCESTERSHIRE,Standard,Addition,51.6915580000,-2.4604200000
140000,2011-03-17 00:00:00Z,GL13 9DH,Semi-Detached,Established,Freehold,7,,GILBERT HILL,,BERKELEY,STROUD,GLOUCESTERSHIRE,Standard,Addition,51.6940320000,-2.4601120000
250000,2011-09-30 00:00:00Z,GL13 9TP,Detached,Established,Freehold,50,,JAMES ORCHARD,,BERKELEY,STROUD,GLOUCESTERSHIRE,Standard,Addition,51.6927580000,-2.4638320000
189500,2012-03-30 00:00:00Z,GL13 9TD,Terraced,Established,Freehold,10,,PARKVIEW ROAD,,BERKELEY,STROUD,GLOUCESTERSHIRE,Standard,Addition,51.6912970000,-2.4649740000
240000,2012-06-08 00:00:00Z,GL13 9TP,Detached,Established,Freehold,7,,JAMES ORCHARD,,BERKELEY,STROUD,GLOUCESTERSHIRE,Standard,Addition,51.6927580000,-2.4638320000
145000,2012-07-25 00:00:00Z,GL13 9TA,Terraced,Established,Freehold,42,,LYNCH ROAD,,BERKELEY,STROUD,GLOUCESTERSHIRE,Standard,Addition,51.6920270000,-2.4644320000
140000,2012-05-04 00:00:00Z,GL13 9EH,Terraced,Established,Freehold,18,,SEVERN DRIVE,,BERKELEY,STROUD,GLOUCESTERSHIRE,Standard,Addition,51.6943780000,-2.4612880000
158000,2012-02-24 00:00:00Z,GL13 9TB,Semi-Detached,Established,Freehold,69,,PARKVIEW ROAD,,BERKELEY,STROUD,GLOUCESTERSHIRE,Standard,Addition,51.6910010000,-2.4648840000
190000,2012-07-25 00:00:00Z,GL13 9DE,Detached,Established,Freehold,25,,LANTERN CLOSE,,BERKELEY,STROUD,GLOUCESTERSHIRE,Standard,Addition,51.6901260000,-2.4609410000
204000,2013-10-30 00:00:00Z,GL13 9DB,Detached,Established,Freehold,44,,SALTER STREET,,BERKELEY,STROUD,GLOUCESTERSHIRE,Standard,Addition,51.6915580000,-2.4604200000
125000,2013-07-05 00:00:00Z,GL13 9EH,Terraced,Established,Freehold,7,,SEVERN DRIVE,,BERKELEY,STROUD,GLOUCESTERSHIRE,Standard,Addition,51.6943780000,-2.4612880000
183200,2013-04-12 00:00:00Z,GL13 9DB,Terraced,Established,Freehold,42A,,SALTER STREET,,BERKELEY,STROUD,GLOUCESTERSHIRE,Standard,Addition,51.6915580000,-2.4604200000
165000,2013-05-24 00:00:00Z,GL13 9TA,Terraced,Established,Freehold,5,,LYNCH ROAD,,BERKELEY,STROUD,GLOUCESTERSHIRE,Standard,Addition,51.6920270000,-2.4644320000
200000,2013-12-17 00:00:00Z,GL13 9TP,Semi-Detached,Established,Freehold,11,,JAMES ORCHARD,,BERKELEY,STROUD,GLOUCESTERSHIRE,Standard,Addition,51.6927580000,-2.4638320000
135000,2013-12-04 00:00:00Z,GL13 9EH,Terraced,Established,Freehold,16,,SEVERN DRIVE,,BERKELEY,STROUD,GLOUCESTERSHIRE,Standard,Addition,51.6943780000,-2.4612880000
165159,2013-06-20 00:00:00Z,GL13 9TB,Semi-Detached,Established,Freehold,45,,PARKVIEW ROAD,,BERKELEY,STROUD,GLOUCESTERSHIRE,Standard,Addition,51.6910010000,-2.4648840000
156000,2013-02-06 00:00:00Z,GL13 9DE,Terraced,Established,Freehold,19,,LANTERN CLOSE,,BERKELEY,STROUD,GLOUCESTERSHIRE,Standard,Addition,51.6901260000,-2.4609410000
170000,2013-05-24 00:00:00Z,GL13 9TB,Semi-Detached,Established,Freehold,47,,PARKVIEW ROAD,,BERKELEY,STROUD,GLOUCESTERSHIRE,Standard,Addition,51.6910010000,-2.4648840000
135250,2013-02-22 00:00:00Z,GL13 9TP,Terraced,Established,Freehold,24,,JAMES ORCHARD,,BERKELEY,STROUD,GLOUCESTERSHIRE,Standard,Addition,51.6927580000,-2.4638320000
165000,2013-09-27 00:00:00Z,GL13 9TB,Semi-Detached,Established,Freehold,1,,PARKVIEW ROAD,,BERKELEY,STROUD,GLOUCESTERSHIRE,Standard,Addition,51.6910010000,-2.4648840000
375000,2013-08-19 00:00:00Z,GL13 9DE,Detached,Established,Freehold,6,,LANTERN CLOSE,,BERKELEY,STROUD,GLOUCESTERSHIRE,Standard,Addition,51.6901260000,-2.4609410000
249000,2013-11-08 00:00:00Z,GL13 9DA,Detached,Established,Freehold,35,,LEAZE CLOSE,,BERKELEY,STROUD,GLOUCESTERSHIRE,Standard,Addition,51.6926490000,-2.4619210000
163500,2013-06-27 00:00:00Z,GL13 9EG,Semi-Detached,Established,Freehold,6,,FITZHARDINGE WAY,,BERKELEY,STROUD,GLOUCESTERSHIRE,Standard,Addition,51.6941680000,-2.4619510000
150000,2013-06-20 00:00:00Z,GL13 9TP,Semi-Detached,Established,Freehold,5,,JAMES ORCHARD,,BERKELEY,STROUD,GLOUCESTERSHIRE,Standard,Addition,51.6927580000,-2.4638320000
216000,2014-04-04 00:00:00Z,GL13 9TP,Semi-Detached,Established,Freehold,9,,JAMES ORCHARD,,BERKELEY,STROUD,GLOUCESTERSHIRE,Standard,Addition,51.6927580000,-2.4638320000
140000,2014-01-29 00:00:00Z,GL13 9TE,Semi-Detached,Established,Freehold,27,,LYNCH ROAD,,BERKELEY,STROUD,GLOUCESTERSHIRE,Standard,Addition,51.6920080000,-2.4670360000
150000,2014-07-25 00:00:00Z,GL13 9DE,Terraced,Established,Freehold,37,,LANTERN CLOSE,,BERKELEY,STROUD,GLOUCESTERSHIRE,Standard,Addition,51.6901260000,-2.4609410000
195000,2014-10-27 00:00:00Z,GL13 9DA,Semi-Detached,Established,Freehold,32,,LEAZE CLOSE,,BERKELEY,STROUD,GLOUCESTERSHIRE,Standard,Addition,51.6926490000,-2.4619210000
170200,2014-02-28 00:00:00Z,GL13 9DA,Semi-Detached,Established,Freehold,14,,LEAZE CLOSE,,BERKELEY,STROUD,GLOUCESTERSHIRE,Standard,Addition,51.6926490000,-2.4619210000
290000,2014-07-15 00:00:00Z,GL13 9DE,Detached,Established,Freehold,92,,LANTERN CLOSE,,BERKELEY,STROUD,GLOUCESTERSHIRE,Standard,Addition,51.6901260000,-2.4609410000
180000,2014-07-28 00:00:00Z,GL13 9BZ,Terraced,Established,Freehold,6,,LEAZE CLOSE,,BERKELEY,STROUD,GLOUCESTERSHIRE,Standard,Addition,51.6924390000,-2.4627000000
500000,2014-09-19 00:00:00Z,GL13 9BU,Terraced,Established,Freehold,43,,SALTER STREET,,BERKELEY,STROUD,GLOUCESTERSHIRE,Standard,Addition,51.6912020000,-2.4617330000
168000,2014-07-11 00:00:00Z,GL13 9TD,Terraced,Established,Freehold,28,,PARKVIEW ROAD,,BERKELEY,STROUD,GLOUCESTERSHIRE,Standard,Addition,51.6912970000,-2.4649740000
188000,2014-01-31 00:00:00Z,GL13 9TA,Semi-Detached,Established,Freehold,36,,LYNCH ROAD,,BERKELEY,STROUD,GLOUCESTERSHIRE,Standard,Addition,51.6920270000,-2.4644320000
133000,2014-10-03 00:00:00Z,GL13 9DH,Terraced,Established,Freehold,12,,GILBERT HILL,,BERKELEY,STROUD,GLOUCESTERSHIRE,Standard,Addition,51.6940320000,-2.4601120000
165000,2014-03-14 00:00:00Z,GL13 9TP,Terraced,Established,Freehold,26,,JAMES ORCHARD,,BERKELEY,STROUD,GLOUCESTERSHIRE,Standard,Addition,51.6927580000,-2.4638320000
142500,2014-12-19 00:00:00Z,GL13 9DH,Terraced,Established,Freehold,22,,GILBERT HILL,,BERKELEY,STROUD,GLOUCESTERSHIRE,Standard,Addition,51.6940320000,-2.4601120000
237500,2014-12-04 00:00:00Z,GL13 9DE,Detached,Established,Freehold,48,,LANTERN CLOSE,,BERKELEY,STROUD,GLOUCESTERSHIRE,Standard,Addition,51.6901260000,-2.4609410000
270000,2014-04-08 00:00:00Z,GL13 9DB,Terraced,Established,Freehold,6,,SALTER STREET,,BERKELEY,STROUD,GLOUCESTERSHIRE,Standard,Addition,51.6915580000,-2.4604200000
149995,2014-10-24 00:00:00Z,GL13 9TA,Terraced,Established,Freehold,17,,LYNCH ROAD,,BERKELEY,STROUD,GLOUCESTERSHIRE,Standard,Addition,51.6920270000,-2.4644320000
145000,2014-01-20 00:00:00Z,GL13 9TA,Terraced,Established,Freehold,21,,LYNCH ROAD,,BERKELEY,STROUD,GLOUCESTERSHIRE,Standard,Addition,51.6920270000,-2.4644320000
190000,2014-08-29 00:00:00Z,GL13 9AS,Semi-Detached,Established,Freehold,6,,HOWMEAD,,BERKELEY,STROUD,GLOUCESTERSHIRE,Standard,Addition,51.6960600000,-2.4609860000
230000,2014-07-15 00:00:00Z,GL13 9DA,Semi-Detached,Established,Freehold,31,,LEAZE CLOSE,,BERKELEY,STROUD,GLOUCESTERSHIRE,Standard,Addition,51.6926490000,-2.4619210000
168450,2014-03-07 00:00:00Z,GL13 9BZ,Terraced,Established,Freehold,5,,LEAZE CLOSE,,BERKELEY,STROUD,GLOUCESTERSHIRE,Standard,Addition,51.6924390000,-2.4627000000
157000,2014-08-22 00:00:00Z,GL13 9DE,Terraced,Established,Freehold,5,,LANTERN CLOSE,,BERKELEY,STROUD,GLOUCESTERSHIRE,Standard,Addition,51.6901260000,-2.4609410000
144000,2015-11-20 00:00:00Z,GL13 9TA,Terraced,Established,Freehold,46,,LYNCH ROAD,,BERKELEY,STROUD,GLOUCESTERSHIRE,Standard,Addition,51.6920270000,-2.4644320000
190000,2015-12-02 00:00:00Z,GL13 9EJ,Terraced,Established,Freehold,10,,COACH CLOSE,,BERKELEY,STROUD,GLOUCESTERSHIRE,Standard,Addition,51.6908750000,-2.4602250000
185000,2015-05-28 00:00:00Z,GL13 9TB,Semi-Detached,Established,Freehold,13,,PARKVIEW ROAD,,BERKELEY,STROUD,GLOUCESTERSHIRE,Standard,Addition,51.6910010000,-2.4648840000
190000,2015-12-01 00:00:00Z,GL13 9DH,Terraced,Established,Freehold,5,,GILBERT HILL,,BERKELEY,STROUD,GLOUCESTERSHIRE,Standard,Addition,51.6940320000,-2.4601120000
206000,2015-11-27 00:00:00Z,GL13 9AS,Semi-Detached,Established,Freehold,4,,HOWMEAD,,BERKELEY,STROUD,GLOUCESTERSHIRE,Standard,Addition,51.6960600000,-2.4609860000
235000,2015-01-23 00:00:00Z,GL13 9DB,Detached,Established,Freehold,44,,SALTER STREET,,BERKELEY,STROUD,GLOUCESTERSHIRE,Additional,Addition,51.6915580000,-2.4604200000
197000,2015-10-08 00:00:00Z,GL13 9AR,Terraced,Established,Freehold,9,,HOWMEAD,,BERKELEY,STROUD,GLOUCESTERSHIRE,Standard,Addition,51.6961480000,-2.4614790000
300000,2015-10-23 00:00:00Z,GL13 9DE,Detached,Established,Freehold,66,,LANTERN CLOSE,,BERKELEY,STROUD,GLOUCESTERSHIRE,Standard,Addition,51.6901260000,-2.4609410000
130000,2015-10-06 00:00:00Z,GL13 9TA,Terraced,Established,Freehold,9,,LYNCH ROAD,,BERKELEY,STROUD,GLOUCESTERSHIRE,Standard,Addition,51.6920270000,-2.4644320000
138500,2015-10-16 00:00:00Z,GL13 9TP,Terraced,Established,Freehold,6,,JAMES ORCHARD,,BERKELEY,STROUD,GLOUCESTERSHIRE,Standard,Addition,51.6927580000,-2.4638320000
195000,2015-04-10 00:00:00Z,GL13 9TE,Terraced,Established,Freehold,37,,LYNCH ROAD,,BERKELEY,STROUD,GLOUCESTERSHIRE,Standard,Addition,51.6920080000,-2.4670360000
223000,2015-09-01 00:00:00Z,GL13 9AR,Semi-Detached,Established,Freehold,17,,HOWMEAD,,BERKELEY,STROUD,GLOUCESTERSHIRE,Standard,Addition,51.6961480000,-2.4614790000
226000,2015-12-04 00:00:00Z,GL13 9DA,Semi-Detached,Established,Freehold,24,,LEAZE CLOSE,,BERKELEY,STROUD,GLOUCESTERSHIRE,Standard,Addition,51.6926490000,-2.4619210000
153000,2015-12-10 00:00:00Z,GL13 9DE,Terraced,Established,Freehold,3,,LANTERN CLOSE,,BERKELEY,STROUD,GLOUCESTERSHIRE,Standard,Addition,51.6901260000,-2.4609410000
325000,2015-05-28 00:00:00Z,GL13 9DE,Detached,Established,Freehold,90,,LANTERN CLOSE,,BERKELEY,STROUD,GLOUCESTERSHIRE,Standard,Addition,51.6901260000,-2.4609410000
425000,2015-05-29 00:00:00Z,GL13 9DB,Terraced,Established,Freehold,16,,SALTER STREET,,BERKELEY,STROUD,GLOUCESTERSHIRE,Standard,Addition,51.6915580000,-2.4604200000
144000,2015-01-30 00:00:00Z,GL13 9TP,Terraced,Established,Freehold,14,,JAMES ORCHARD,,BERKELEY,STROUD,GLOUCESTERSHIRE,Standard,Addition,51.6927580000,-2.4638320000
138000,2015-05-22 00:00:00Z,GL13 9TP,Terraced,Established,Freehold,22,,JAMES ORCHARD,,BERKELEY,STROUD,GLOUCESTERSHIRE,Standard,Addition,51.6927580000,-2.4638320000
180000,2015-01-09 00:00:00Z,GL13 9TA,Terraced,Established,Freehold,16,,LYNCH ROAD,,BERKELEY,STROUD,GLOUCESTERSHIRE,Standard,Addition,51.6920270000,-2.4644320000
227000,2015-08-05 00:00:00Z,GL13 9DE,Detached,Established,Freehold,25,,LANTERN CLOSE,,BERKELEY,STROUD,GLOUCESTERSHIRE,Standard,Addition,51.6901260000,-2.4609410000
162500,2015-06-30 00:00:00Z,GL13 9DH,Detached,Established,Freehold,13,,GILBERT HILL,,BERKELEY,STROUD,GLOUCESTERSHIRE,Standard,Addition,51.6940320000,-2.4601120000
232500,2015-11-13 00:00:00Z,GL13 9DE,Detached,Established,Freehold,50,,LANTERN CLOSE,,BERKELEY,STROUD,GLOUCESTERSHIRE,Standard,Addition,51.6901260000,-2.4609410000
150000,2015-11-20 00:00:00Z,GL13 9EH,Terraced,Established,Freehold,8,,SEVERN DRIVE,,BERKELEY,STROUD,GLOUCESTERSHIRE,Additional,Addition,51.6943780000,-2.4612880000
350000,2015-03-04 00:00:00Z,GL13 9DB,Terraced,Established,Freehold,"ORCHARD COTTAGE, 26",,SALTER STREET,,BERKELEY,STROUD,GLOUCESTERSHIRE,Standard,Addition,51.6915580000,-2.4604200000
136000,2015-05-27 00:00:00Z,GL13 9EH,Terraced,Established,Freehold,6,,SEVERN DRIVE,,BERKELEY,STROUD,GLOUCESTERSHIRE,Standard,Addition,51.6943780000,-2.4612880000
174642,2016-11-04 00:00:00Z,GL13 9AU,Terraced,Established,Freehold,29,,FISHERS ROAD,,BERKELEY,STROUD,GLOUCESTERSHIRE,Standard,Addition,51.6963340000,-2.4600340000
227500,2016-09-02 00:00:00Z,GL13 9BZ,Semi-Detached,Established,Freehold,5,,LEAZE CLOSE,,BERKELEY,STROUD,GLOUCESTERSHIRE,Standard,Addition,51.6924390000,-2.4627000000
172500,2016-09-01 00:00:00Z,GL13 9BY,Terraced,Established,Freehold,35,,STOCK LANE,,BERKELEY,STROUD,GLOUCESTERSHIRE,Standard,Addition,51.6907930000,-2.4627850000
305000,2016-03-01 00:00:00Z,GL13 9DE,Detached,Established,Freehold,68,,LANTERN CLOSE,,BERKELEY,STROUD,GLOUCESTERSHIRE,Standard,Addition,51.6901260000,-2.4609410000
225000,2016-05-27 00:00:00Z,GL13 9DE,Semi-Detached,Established,Freehold,21,,LANTERN CLOSE,,BERKELEY,STROUD,GLOUCESTERSHIRE,Standard,Addition,51.6901260000,-2.4609410000
250000,2016-11-04 00:00:00Z,GL13 9DB,Semi-Detached,Established,Freehold,42C,,SALTER STREET,,BERKELEY,STROUD,GLOUCESTERSHIRE,Standard,Addition,51.6915580000,-2.4604200000
190000,2016-09-30 00:00:00Z,GL13 9TP,Terraced,Established,Freehold,26,,JAMES ORCHARD,,BERKELEY,STROUD,GLOUCESTERSHIRE,Standard,Addition,51.6927580000,-2.4638320000
297500,2016-04-08 00:00:00Z,GL13 9EG,Detached,Established,Freehold,16,,FITZHARDINGE WAY,,BERKELEY,STROUD,GLOUCESTERSHIRE,Standard,Addition,51.6941680000,-2.4619510000
115000,2016-07-07 00:00:00Z,GL13 9AU,Flats/Maisonettes,Established,Leasehold,7,,FISHERS ROAD,,BERKELEY,STROUD,GLOUCESTERSHIRE,Standard,Addition,51.6963340000,-2.4600340000
345000,2016-05-19 00:00:00Z,GL13 9TP,Detached,Established,Freehold,56,,JAMES ORCHARD,,BERKELEY,STROUD,GLOUCESTERSHIRE,Standard,Addition,51.6927580000,-2.4638320000
173950,2016-09-30 00:00:00Z,GL13 9BY,Semi-Detached,Established,Freehold,29,,STOCK LANE,,BERKELEY,STROUD,GLOUCESTERSHIRE,Standard,Addition,51.6907930000,-2.4627850000
220000,2016-02-02 00:00:00Z,GL13 9DE,Semi-Detached,Established,Freehold,22,,LANTERN CLOSE,,BERKELEY,STROUD,GLOUCESTERSHIRE,Standard,Addition,51.6901260000,-2.4609410000
210000,2017-04-26 00:00:00Z,GL13 9TA,Semi-Detached,Established,Freehold,4,,LYNCH ROAD,,BERKELEY,STROUD,GLOUCESTERSHIRE,Standard,Addition,51.6920270000,-2.4644320000
330000,2017-04-28 00:00:00Z,GL13 9TP,Detached,Established,Freehold,54,,JAMES ORCHARD,,BERKELEY,STROUD,GLOUCESTERSHIRE,Standard,Addition,51.6927580000,-2.4638320000
249500,2017-11-24 00:00:00Z,GL13 9DE,Detached,Established,Freehold,23,,LANTERN CLOSE,,BERKELEY,STROUD,GLOUCESTERSHIRE,Standard,Addition,51.6901260000,-2.4609410000
371005,2017-04-05 00:00:00Z,GL13 9DE,Detached,Established,Freehold,94,,LANTERN CLOSE,,BERKELEY,STROUD,GLOUCESTERSHIRE,Standard,Addition,51.6901260000,-2.4609410000
170000,2017-05-11 00:00:00Z,GL13 9EH,Terraced,Established,Freehold,5,,SEVERN DRIVE,,BERKELEY,STROUD,GLOUCESTERSHIRE,Standard,Addition,51.6943780000,-2.4612880000
300000,2017-10-13 00:00:00Z,GL13 9TF,Detached,Established,Freehold,2,,BEVANS HILL,,BERKELEY,STROUD,GLOUCESTERSHIRE,Standard,Addition,51.6933700000,-2.4682510000
289000,2017-09-21 00:00:00Z,GL13 9AS,Semi-Detached,Established,Freehold,22,,HOWMEAD,,BERKELEY,STROUD,GLOUCESTERSHIRE,Standard,Addition,51.6960600000,-2.4609860000
165000,2017-02-28 00:00:00Z,GL13 9EJ,Terraced,Established,Freehold,6,,COACH CLOSE,,BERKELEY,STROUD,GLOUCESTERSHIRE,Standard,Addition,51.6908750000,-2.4602250000
205000,2017-01-12 00:00:00Z,GL13 9AS,Semi-Detached,Established,Freehold,26,,HOWMEAD,,BERKELEY,STROUD,GLOUCESTERSHIRE,Standard,Addition,51.6960600000,-2.4609860000
345000,2017-01-20 00:00:00Z,GL13 9DE,Detached,Established,Freehold,70,,LANTERN CLOSE,,BERKELEY,STROUD,GLOUCESTERSHIRE,Standard,Addition,51.6901260000,-2.4609410000
312000,2017-02-28 00:00:00Z,GL13 9DE,Detached,Established,Freehold,45,,LANTERN CLOSE,,BERKELEY,STROUD,GLOUCESTERSHIRE,Standard,Addition,51.6901260000,-2.4609410000
286000,2017-05-26 00:00:00Z,GL13 9DB,Terraced,Established,Freehold,8,,SALTER STREET,,BERKELEY,STROUD,GLOUCESTERSHIRE,Standard,Addition,51.6915580000,-2.4604200000
248000,2017-09-01 00:00:00Z,GL13 9TA,Semi-Detached,Established,Freehold,30,,LYNCH ROAD,,BERKELEY,STROUD,GLOUCESTERSHIRE,Standard,Addition,51.6920270000,-2.4644320000
260000,2017-08-29 00:00:00Z,GL13 9DE,Detached,Established,Freehold,30,,LANTERN CLOSE,,BERKELEY,STROUD,GLOUCESTERSHIRE,Standard,Addition,51.6901260000,-2.4609410000
155000,2018-05-18 00:00:00Z,GL13 9EH,Terraced,Established,Freehold,28,,SEVERN DRIVE,,BERKELEY,STROUD,GLOUCESTERSHIRE,Standard,Addition,51.6943780000,-2.4612880000
190000,2018-08-01 00:00:00Z,GL13 9EH,Terraced,Established,Freehold,5,,SEVERN DRIVE,,BERKELEY,STROUD,GLOUCESTERSHIRE,Standard,Addition,51.6943780000,-2.4612880000
395000,2018-08-01 00:00:00Z,GL13 9TA,Detached,Established,Freehold,8,,LYNCH ROAD,,BERKELEY,STROUD,GLOUCESTERSHIRE,Standard,Addition,51.6920270000,-2.4644320000
175000,2018-11-09 00:00:00Z,GL13 9TP,Terraced,Established,Freehold,12,,JAMES ORCHARD,,BERKELEY,STROUD,GLOUCESTERSHIRE,Standard,Addition,51.6927580000,-2.4638320000
362500,2018-08-21 00:00:00Z,GL13 9DE,Detached,Established,Freehold,58,,LANTERN CLOSE,,BERKELEY,STROUD,GLOUCESTERSHIRE,Standard,Addition,51.6901260000,-2.4609410000
190000,2018-12-06 00:00:00Z,GL13 9AP,Terraced,Established,Freehold,39,,FOREST VIEW ROAD,,BERKELEY,STROUD,GLOUCESTERSHIRE,Standard,Addition,51.6953260000,-2.4601250000
235000,2018-05-25 00:00:00Z,GL13 9TE,Terraced,Established,Freehold,37,,LYNCH ROAD,,BERKELEY,STROUD,GLOUCESTERSHIRE,Standard,Addition,51.6920080000,-2.4670360000
420000,2018-06-08 00:00:00Z,GL13 9DB,Terraced,Established,Freehold,16,,SALTER STREET,,BERKELEY,STROUD,GLOUCESTERSHIRE,Standard,Addition,51.6915580000,-2.4604200000
235000,2018-01-12 00:00:00Z,GL13 9DE,Semi-Detached,Established,Freehold,17,,LANTERN CLOSE,,BERKELEY,STROUD,GLOUCESTERSHIRE,Additional,Addition,51.6901260000,-2.4609410000
255000,2018-10-29 00:00:00Z,GL13 9DB,Terraced,Established,Freehold,12,,SALTER STREET,,BERKELEY,STROUD,GLOUCESTERSHIRE,Standard,Addition,51.6915580000,-2.4604200000
255000,2018-11-05 00:00:00Z,GL13 9AS,Semi-Detached,Established,Freehold,24,,HOWMEAD,,BERKELEY,STROUD,GLOUCESTERSHIRE,Standard,Addition,51.6960600000,-2.4609860000
184000,2018-06-29 00:00:00Z,GL13 9TP,Terraced,Established,Freehold,10,,JAMES ORCHARD,,BERKELEY,STROUD,GLOUCESTERSHIRE,Standard,Addition,51.6927580000,-2.4638320000
550000,2018-08-29 00:00:00Z,GL13 9DB,Semi-Detached,Established,Freehold,"VICTORIA COTTAGE, 18",,SALTER STREET,,BERKELEY,STROUD,GLOUCESTERSHIRE,Standard,Addition,51.6915580000,-2.4604200000
297500,2018-02-12 00:00:00Z,GL13 9DB,Terraced,Established,Freehold,6,,SALTER STREET,,BERKELEY,STROUD,GLOUCESTERSHIRE,Standard,Addition,51.6915580000,-2.4604200000
415000,2018-03-09 00:00:00Z,GL13 9DE,Detached,Established,Freehold,"HOLLYHOCKS, 62",,LANTERN CLOSE,,BERKELEY,STROUD,GLOUCESTERSHIRE,Standard,Addition,51.6901260000,-2.4609410000
337500,2018-04-20 00:00:00Z,GL13 9TA,Semi-Detached,Established,Freehold,6,,LYNCH ROAD,,BERKELEY,STROUD,GLOUCESTERSHIRE,Standard,Addition,51.6920270000,-2.4644320000
310000,2018-10-01 00:00:00Z,GL13 9TP,Semi-Detached,Established,Freehold,9,,JAMES ORCHARD,,BERKELEY,STROUD,GLOUCESTERSHIRE,Standard,Addition,51.6927580000,-2.4638320000
350000,2019-09-13 00:00:00Z,GL13 9DE,Detached,Established,Freehold,68,,LANTERN CLOSE,,BERKELEY,STROUD,GLOUCESTERSHIRE,Standard,Addition,51.6901260000,-2.4609410000
299950,2019-11-12 00:00:00Z,GL13 9AR,Terraced,Established,Freehold,9,,HOWMEAD,,BERKELEY,STROUD,GLOUCESTERSHIRE,Standard,Addition,51.6961480000,-2.4614790000
260000,2019-10-18 00:00:00Z,GL13 9DE,Detached,Established,Freehold,26,,LANTERN CLOSE,,BERKELEY,STROUD,GLOUCESTERSHIRE,Standard,Addition,51.6901260000,-2.4609410000
180000,2019-03-18 00:00:00Z,GL13 9DE,Detached,Established,Freehold,12,,LANTERN CLOSE,,BERKELEY,STROUD,GLOUCESTERSHIRE,Standard,Addition,51.6901260000,-2.4609410000
168000,2019-02-13 00:00:00Z,GL13 9DH,Terraced,Established,Freehold,3,,GILBERT HILL,,BERKELEY,STROUD,GLOUCESTERSHIRE,Standard,Addition,51.6940320000,-2.4601120000
280000,2019-12-18 00:00:00Z,GL13 9DA,Semi-Detached,Established,Freehold,17,,LEAZE CLOSE,,BERKELEY,STROUD,GLOUCESTERSHIRE,Standard,Addition,51.6926490000,-2.4619210000
213000,2019-12-20 00:00:00Z,GL13 9BY,Semi-Detached,Established,Freehold,25,,STOCK LANE,,BERKELEY,STROUD,GLOUCESTERSHIRE,Standard,Addition,51.6907930000,-2.4627850000
258000,2019-08-09 00:00:00Z,GL13 9AS,Semi-Detached,Established,Freehold,34,,HOWMEAD,,BERKELEY,STROUD,GLOUCESTERSHIRE,Standard,Addition,51.6960600000,-2.4609860000
410000,2019-09-06 00:00:00Z,GL13 9DE,Detached,Established,Freehold,8,,LANTERN CLOSE,,BERKELEY,STROUD,GLOUCESTERSHIRE,Standard,Addition,51.6901260000,-2.4609410000
400000,2019-03-05 00:00:00Z,GL13 9BX,Other,Established,Freehold,49,,SALTER STREET,,BERKELEY,STROUD,GLOUCESTERSHIRE,Additional,Addition,51.6914220000,-2.4623430000
225000,2019-05-03 00:00:00Z,GL13 9TA,Semi-Detached,Established,Freehold,15,,LYNCH ROAD,,BERKELEY,STROUD,GLOUCESTERSHIRE,Standard,Addition,51.6920270000,-2.4644320000
245000,2019-05-02 00:00:00Z,GL13 9TD,Terraced,Established,Freehold,12,,PARKVIEW ROAD,,BERKELEY,STROUD,GLOUCESTERSHIRE,Standard,Addition,51.6912970000,-2.4649740000
350000,2019-06-19 00:00:00Z,GL13 9DA,Terraced,Established,Freehold,18,,LEAZE CLOSE,,BERKELEY,STROUD,GLOUCESTERSHIRE,Standard,Addition,51.6926490000,-2.4619210000
240000,2019-05-17 00:00:00Z,GL13 9TB,Terraced,Established,Freehold,5,,PARKVIEW ROAD,,BERKELEY,STROUD,GLOUCESTERSHIRE,Standard,Addition,51.6910010000,-2.4648840000
162000,2020-04-30 00:00:00Z,GL13 9EH,Terraced,Established,Freehold,7,,SEVERN DRIVE,,BERKELEY,STROUD,GLOUCESTERSHIRE,Additional,Addition,51.6943780000,-2.4612880000
161000,2020-01-17 00:00:00Z,GL13 9DH,Terraced,Established,Freehold,12,,GILBERT HILL,,BERKELEY,STROUD,GLOUCESTERSHIRE,Additional,Addition,51.6940320000,-2.4601120000
288000,2020-11-25 00:00:00Z,GL13 9AS,Semi-Detached,Established,Freehold,24,,HOWMEAD,,BERKELEY,STROUD,GLOUCESTERSHIRE,Standard,Addition,51.6960600000,-2.4609860000
259950,2020-01-07 00:00:00Z,GL13 9DB,Terraced,Established,Freehold,42A,,SALTER STREET,,BERKELEY,STROUD,GLOUCESTERSHIRE,Standard,Addition,51.6915580000,-2.4604200000
150000,2020-12-18 00:00:00Z,GL13 9DH,Semi-Detached,Established,Freehold,11,,GILBERT HILL,,BERKELEY,STROUD,GLOUCESTERSHIRE,Standard,Addition,51.6940320000,-2.4601120000
220000,2020-11-20 00:00:00Z,GL13 9TE,Terraced,Established,Freehold,31,,LYNCH ROAD,,BERKELEY,STROUD,GLOUCESTERSHIRE,Standard,Addition,51.6920080000,-2.4670360000
354628,2020-11-25 00:00:00Z,GL13 9EG,Detached,Established,Freehold,4,,FITZHARDINGE WAY,,BERKELEY,STROUD,GLOUCESTERSHIRE,Standard,Addition,51.6941680000,-2.4619510000
279950,2020-11-24 00:00:00Z,GL13 9AS,Semi-Detached,Established,Freehold,2,,HOWMEAD,,BERKELEY,STROUD,GLOUCESTERSHIRE,Standard,Addition,51.6960600000,-2.4609860000
320000,2020-11-13 00:00:00Z,GL13 9BZ,Terraced,Established,Freehold,6,,LEAZE CLOSE,,BERKELEY,STROUD,GLOUCESTERSHIRE,Standard,Addition,51.6924390000,-2.4627000000
177000,2021-01-13 00:00:00Z,GL13 9AP,Terraced,Established,Freehold,3,,FOREST VIEW ROAD,,BERKELEY,STROUD,GLOUCESTERSHIRE,Standard,Addition,51.6953260000,-2.4601250000
390000,2021-01-20 00:00:00Z,GL13 9TE,Detached,Established,Freehold,43,,LYNCH ROAD,,BERKELEY,STROUD,GLOUCESTERSHIRE,Standard,Addition,51.6920080000,-2.4670360000
275000,2021-01-20 00:00:00Z,GL13 9DE,Detached,Established,Freehold,23,,LANTERN CLOSE,,BERKELEY,STROUD,GLOUCESTERSHIRE,Standard,Addition,51.6901260000,-2.4609410000
420000,2021-09-30 00:00:00Z,GL13 9DE,Detached,Established,Freehold,38,,LANTERN CLOSE,,BERKELEY,STROUD,GLOUCESTERSHIRE,Standard,Addition,51.6901260000,-2.4609410000
252000,2021-04-29 00:00:00Z,GL13 9BY,Semi-Detached,Established,Freehold,4,,STOCK LANE,,BERKELEY,STROUD,GLOUCESTERSHIRE,Standard,Addition,51.6907930000,-2.4627850000
225000,2021-05-07 00:00:00Z,GL13 9TA,Terraced,Established,Freehold,13,,LYNCH ROAD,,BERKELEY,STROUD,GLOUCESTERSHIRE,Standard,Addition,51.6920270000,-2.4644320000
300000,2021-04-14 00:00:00Z,GL13 9DE,Detached,Established,Freehold,45,,LANTERN CLOSE,,BERKELEY,STROUD,GLOUCESTERSHIRE,Standard,Addition,51.6901260000,-2.4609410000
272000,2021-05-07 00:00:00Z,GL13 9AS,Semi-Detached,Established,Freehold,6,,HOWMEAD,,BERKELEY,STROUD,GLOUCESTERSHIRE,Standard,Addition,51.6960600000,-2.4609860000
212700,2021-06-30 00:00:00Z,GL13 9EH,Terraced,Established,Freehold,5,,SEVERN DRIVE,,BERKELEY,STROUD,GLOUCESTERSHIRE,Standard,Addition,51.6943780000,-2.4612880000
200000,2021-08-13 00:00:00Z,GL13 9EH,Terraced,Established,Freehold,16,,SEVERN DRIVE,,BERKELEY,STROUD,GLOUCESTERSHIRE,Standard,Addition,51.6943780000,-2.4612880000
370000,2021-06-28 00:00:00Z,GL13 9TP,Detached,Established,Freehold,54,,JAMES ORCHARD,,BERKELEY,STROUD,GLOUCESTERSHIRE,Standard,Addition,51.6927580000,-2.4638320000
205000,2021-01-29 00:00:00Z,GL13 9AU,Terraced,Established,Freehold,29,,FISHERS ROAD,,BERKELEY,STROUD,GLOUCESTERSHIRE,Standard,Addition,51.6963340000,-2.4600340000
340000,2021-03-08 00:00:00Z,GL13 9EJ,Terraced,Established,Freehold,8,,COACH CLOSE,,BERKELEY,STROUD,GLOUCESTERSHIRE,Standard,Addition,51.6908750000,-2.4602250000
280000,2021-09-24 00:00:00Z,GL13 9DB,Terraced,Established,Freehold,12,,SALTER STREET,,BERKELEY,STROUD,GLOUCESTERSHIRE,Standard,Addition,51.6915580000,-2.4604200000
295000,2021-06-28 00:00:00Z,GL13 9DE,Detached,Established,Freehold,86,,LANTERN CLOSE,,BERKELEY,STROUD,GLOUCESTERSHIRE,Standard,Addition,51.6901260000,-2.4609410000
441311,2021-05-14 00:00:00Z,GL13 9DA,Semi-Detached,Established,Freehold,24,,LEAZE CLOSE,,BERKELEY,STROUD,GLOUCESTERSHIRE,Standard,Addition,51.6926490000,-2.4619210000
440000,2021-11-19 00:00:00Z,GL13 9TA,Detached,Established,Freehold,8,,LYNCH ROAD,,BERKELEY,STROUD,GLOUCESTERSHIRE,Standard,Addition,51.6920270000,-2.4644320000
175000,2021-06-30 00:00:00Z,GL13 9EJ,Terraced,Established,Leasehold,5,,COACH CLOSE,,BERKELEY,STROUD,GLOUCESTERSHIRE,Standard,Addition,51.6908750000,-2.4602250000
190000,2021-07-30 00:00:00Z,GL13 9TP,Terraced,Established,Freehold,4,,JAMES ORCHARD,,BERKELEY,STROUD,GLOUCESTERSHIRE,Standard,Addition,51.6927580000,-2.4638320000
265101,2021-09-01 00:00:00Z,GL13 9TP,Terraced,Established,Freehold,26,,JAMES ORCHARD,,BERKELEY,STROUD,GLOUCESTERSHIRE,Standard,Addition,51.6927580000,-2.4638320000
210000,2021-09-01 00:00:00Z,GL13 9DH,Terraced,Established,Freehold,22,,GILBERT HILL,,BERKELEY,STROUD,GLOUCESTERSHIRE,Standard,Addition,51.6940320000,-2.4601120000
397500,2021-04-28 00:00:00Z,GL13 9TP,Detached,Established,Freehold,13,,JAMES ORCHARD,,BERKELEY,STROUD,GLOUCESTERSHIRE,Standard,Addition,51.6927580000,-2.4638320000
380000,2021-06-30 00:00:00Z,GL13 9TP,Detached,Established,Freehold,52,,JAMES ORCHARD,,BERKELEY,STROUD,GLOUCESTERSHIRE,Standard,Addition,51.6927580000,-2.4638320000
285000,2021-06-16 00:00:00Z,GL13 9TP,Semi-Detached,Established,Freehold,38,,JAMES ORCHARD,,BERKELEY,STROUD,GLOUCESTERSHIRE,Standard,Addition,51.6927580000,-2.4638320000
280000,2021-06-08 00:00:00Z,GL13 9AS,Semi-Detached,Established,Freehold,28,,HOWMEAD,,BERKELEY,STROUD,GLOUCESTERSHIRE,Standard,Addition,51.6960600000,-2.4609860000
296000,2021-06-11 00:00:00Z,GL13 9DE,Detached,Established,Freehold,48,,LANTERN CLOSE,,BERKELEY,STROUD,GLOUCESTERSHIRE,Standard,Addition,51.6901260000,-2.4609410000
220000,2021-06-30 00:00:00Z,GL13 9TA,Terraced,Established,Freehold,26,,LYNCH ROAD,,BERKELEY,STROUD,GLOUCESTERSHIRE,Standard,Addition,51.6920270000,-2.4644320000
400000,2022-03-18 00:00:00Z,GL13 9DB,Terraced,Established,Freehold,30,,SALTER STREET,,BERKELEY,STROUD,GLOUCESTERSHIRE,Standard,Addition,51.6915580000,-2.4604200000
285000,2022-03-10 00:00:00Z,GL13 9AR,Semi-Detached,Established,Freehold,17,,HOWMEAD,,BERKELEY,STROUD,GLOUCESTERSHIRE,Standard,Addition,51.6961480000,-2.4614790000
265000,2022-04-13 00:00:00Z,GL13 9DE,Terraced,Established,Freehold,39,,LANTERN CLOSE,,BERKELEY,STROUD,GLOUCESTERSHIRE,Standard,Addition,51.6901260000,-2.4609410000
345000,2022-02-02 00:00:00Z,GL13 9DE,Detached,Established,Freehold,27,,LANTERN CLOSE,,BERKELEY,STROUD,GLOUCESTERSHIRE,Standard,Addition,51.6901260000,-2.4609410000
143000,2022-02-28 00:00:00Z,GL13 9AU,Flats/Maisonettes,Established,Leasehold,7,,FISHERS ROAD,,BERKELEY,STROUD,GLOUCESTERSHIRE,Standard,Addition,51.6963340000,-2.4600340000
335000,2022-01-07 00:00:00Z,GL13 9DA,Semi-Detached,Established,Freehold,26,,LEAZE CLOSE,,BERKELEY,STROUD,GLOUCESTERSHIRE,Standard,Addition,51.6926490000,-2.4619210000
