116250,1995-09-01 00:00:00Z,NP8 1LX,Detached,New Build,Freehold,3,,ERW BANT,LLANGYNIDR,CRICKHOWELL,BRECKNOCK,POWYS,Standard,Addition,51.8712200000,-3.2340610000
94000,1995-05-19 00:00:00Z,NP8 1LX,Detached,Established,Freehold,16,,ERW BANT,LLANGYNIDR,CRICKHOWELL,BRECKNOCK,POWYS,Standard,Addition,51.8712200000,-3.2340610000
55000,1995-12-08 00:00:00Z,NP8 1LU,Semi-Detached,Established,Freehold,CANAL COTTAGE,,FORGE ROAD,LLANGYNIDR,CRICKHOWELL,BRECKNOCK,POWYS,Standard,Addition,51.8721250000,-3.2326040000
46000,1995-06-23 00:00:00Z,NP8 1NA,Detached,Established,Freehold,RIVERDALE,,COED YR YNYS ROAD,LLANGYNIDR,CRICKHOWELL,BRECKNOCK,POWYS,Standard,Addition,51.8732430000,-3.2357140000
56000,1996-01-26 00:00:00Z,NP8 1LU,Detached,Established,Freehold,4 HEN YSGOL,,FORGE ROAD,LLANGYNIDR,CRICKHOWELL,POWYS,POWYS,Standard,Addition,51.8721250000,-3.2326040000
115000,1996-12-18 00:00:00Z,NP8 1LX,Detached,Established,Freehold,1,,ERW BANT,LLANGYNIDR,CRICKHOWELL,POWYS,POWYS,Standard,Addition,51.8712200000,-3.2340610000
8000,1996-04-30 00:00:00Z,NP8 1LU,Detached,Established,Freehold,PENLAN,,FORGE ROAD,LLANGYNIDR,CRICKHOWELL,POWYS,POWYS,Standard,Addition,51.8721250000,-3.2326040000
150000,1997-03-25 00:00:00Z,NP8 1LX,Detached,Established,Freehold,19,,ERW BANT,LLANGYNIDR,CRICKHOWELL,POWYS,POWYS,Standard,Addition,51.8712200000,-3.2340610000
130000,1997-11-18 00:00:00Z,NP8 1LT,Detached,Established,Freehold,30,,PENCOMMIN,LLANGYNIDR,CRICKHOWELL,POWYS,POWYS,Standard,Addition,51.8710070000,-3.2306400000
94000,1997-12-31 00:00:00Z,NP8 1LT,Detached,Established,Freehold,29,,PENCOMMIN,LLANGYNIDR,CRICKHOWELL,POWYS,POWYS,Standard,Addition,51.8710070000,-3.2306400000
91000,1997-12-17 00:00:00Z,NP8 1LX,Detached,Established,Freehold,17,,ERW BANT,LLANGYNIDR,CRICKHOWELL,POWYS,POWYS,Standard,Addition,51.8712200000,-3.2340610000
125000,1997-07-25 00:00:00Z,NP8 1LU,Semi-Detached,Established,Freehold,HEN YS GOL,2,FORGE ROAD,LLANGYNIDR,CRICKHOWELL,POWYS,POWYS,Standard,Addition,51.8721250000,-3.2326040000
73750,1997-07-11 00:00:00Z,NP8 1LU,Semi-Detached,Established,Freehold,BRIGHTWELLS,2,FORGE ROAD,LLANGYNIDR,CRICKHOWELL,POWYS,POWYS,Standard,Addition,51.8721250000,-3.2326040000
50000,1997-07-07 00:00:00Z,NP8 1NA,Detached,Established,Freehold,SONOMA,,COED YR YNYS ROAD,LLANGYNIDR,CRICKHOWELL,POWYS,POWYS,Standard,Addition,51.8732430000,-3.2357140000
180000,1997-03-14 00:00:00Z,NP8 1LS,Detached,Established,Freehold,GLASFRYN,,CWMCRAWNON ROAD,LLANGYNIDR,CRICKHOWELL,POWYS,POWYS,Standard,Addition,51.8701410000,-3.2328770000
86500,1997-11-14 00:00:00Z,NP8 1LU,Semi-Detached,Established,Freehold,CANAL COTTAGE,,FORGE ROAD,LLANGYNIDR,CRICKHOWELL,POWYS,POWYS,Standard,Addition,51.8721250000,-3.2326040000
90000,1997-03-21 00:00:00Z,NP8 1NQ,Detached,Established,Freehold,10,,BLAEN Y MYARTH,LLANGYNIDR,CRICKHOWELL,POWYS,POWYS,Standard,Addition,51.8733810000,-3.2337630000
110000,1997-03-07 00:00:00Z,NP8 1LX,Detached,Established,Freehold,23,,ERW BANT,LLANGYNIDR,CRICKHOWELL,POWYS,POWYS,Standard,Addition,51.8712200000,-3.2340610000
27000,1997-04-16 00:00:00Z,NP8 1NQ,Detached,New Build,Freehold,ACORN COTTAGE,,BLAEN Y MYARTH,LLANGYNIDR,CRICKHOWELL,POWYS,POWYS,Standard,Addition,51.8733810000,-3.2337630000
69000,1998-06-26 00:00:00Z,NP8 1NE,Detached,Established,Freehold,RHIW LAS,,PEN YR ALE LANE,LLANGYNIDR,CRICKHOWELL,POWYS,POWYS,Standard,Addition,51.8715780000,-3.2367580000
98000,1998-12-22 00:00:00Z,NP8 1NE,Detached,Established,Freehold,CEDRWYDDEN,,PEN YR ALE LANE,LLANGYNIDR,CRICKHOWELL,POWYS,POWYS,Standard,Addition,51.8715780000,-3.2367580000
124000,1998-05-29 00:00:00Z,NP8 1LX,Detached,Established,Freehold,7,,ERW BANT,LLANGYNIDR,CRICKHOWELL,POWYS,POWYS,Standard,Addition,51.8712200000,-3.2340610000
45000,1999-10-26 00:00:00Z,NP8 1LU,Detached,Established,Freehold,KILN HOUSE,,FORGE ROAD,LLANGYNIDR,CRICKHOWELL,POWYS,POWYS,Standard,Addition,51.8721250000,-3.2326040000
66500,1999-03-29 00:00:00Z,NP8 1LU,Flats/Maisonettes,Established,Freehold,HEN YS GOL,5,FORGE ROAD,LLANGYNIDR,CRICKHOWELL,POWYS,POWYS,Standard,Addition,51.8721250000,-3.2326040000
140000,1999-08-02 00:00:00Z,NP8 1NB,Detached,Established,Freehold,PONTCARREG,,ORCHARD LANE,LLANGYNIDR,CRICKHOWELL,POWYS,POWYS,Standard,Addition,51.8727280000,-3.2351480000
160000,1999-05-14 00:00:00Z,NP8 1NE,Detached,Established,Freehold,GLENCREE,,PEN YR ALE LANE,LLANGYNIDR,CRICKHOWELL,POWYS,POWYS,Standard,Addition,51.8715780000,-3.2367580000
85500,1999-09-01 00:00:00Z,NP8 1NE,Detached,Established,Freehold,TULLYHONA,,PEN YR ALE LANE,LLANGYNIDR,CRICKHOWELL,POWYS,POWYS,Standard,Addition,51.8715780000,-3.2367580000
250000,1999-11-26 00:00:00Z,NP8 1NA,Detached,Established,Freehold,PENDARREN,,COED YR YNYS ROAD,LLANGYNIDR,CRICKHOWELL,POWYS,POWYS,Standard,Addition,51.8732430000,-3.2357140000
125000,2000-03-01 00:00:00Z,NP8 1LS,Detached,Established,Freehold,LITTLE AITEE,,CWMCRAWNON ROAD,LLANGYNIDR,CRICKHOWELL,POWYS,POWYS,Standard,Addition,51.8701410000,-3.2328770000
143000,2000-10-25 00:00:00Z,NP8 1LX,Detached,Established,Freehold,23,,ERW BANT,LLANGYNIDR,CRICKHOWELL,POWYS,POWYS,Standard,Addition,51.8712200000,-3.2340610000
70000,2000-08-04 00:00:00Z,NP8 1NA,Detached,Established,Freehold,RIVERDALE,,COED YR YNYS ROAD,LLANGYNIDR,CRICKHOWELL,POWYS,POWYS,Standard,Addition,51.8732430000,-3.2357140000
180000,2000-10-12 00:00:00Z,NP8 1LU,Detached,Established,Freehold,THE OLD SMITHY,,FORGE ROAD,LLANGYNIDR,CRICKHOWELL,POWYS,POWYS,Standard,Addition,51.8721250000,-3.2326040000
230000,2000-06-15 00:00:00Z,NP8 1LS,Detached,Established,Freehold,GLASFRYN,,CWMCRAWNON ROAD,LLANGYNIDR,CRICKHOWELL,POWYS,POWYS,Standard,Addition,51.8701410000,-3.2328770000
140000,2000-11-20 00:00:00Z,NP8 1LT,Detached,Established,Freehold,51,,PENCOMMIN,LLANGYNIDR,CRICKHOWELL,POWYS,POWYS,Standard,Addition,51.8710070000,-3.2306400000
155000,2000-04-20 00:00:00Z,NP8 1NQ,Detached,Established,Freehold,ACORN COTTAGE,,BLAEN Y MYARTH,LLANGYNIDR,CRICKHOWELL,POWYS,POWYS,Standard,Addition,51.8733810000,-3.2337630000
145000,2000-04-14 00:00:00Z,NP8 1LX,Detached,Established,Freehold,6,,ERW BANT,LLANGYNIDR,CRICKHOWELL,POWYS,POWYS,Standard,Addition,51.8712200000,-3.2340610000
234950,2000-06-21 00:00:00Z,NP8 1NA,Detached,Established,Freehold,COED-YR-YNYS,,COED YR YNYS ROAD,LLANGYNIDR,CRICKHOWELL,POWYS,POWYS,Standard,Addition,51.8732430000,-3.2357140000
185000,2000-09-29 00:00:00Z,NP8 1LU,Detached,Established,Freehold,THE OLD SMITHY,,FORGE ROAD,LLANGYNIDR,CRICKHOWELL,POWYS,POWYS,Standard,Addition,51.8721250000,-3.2326040000
160000,2001-06-29 00:00:00Z,NP8 1LX,Detached,Established,Freehold,10,,ERW BANT,LLANGYNIDR,CRICKHOWELL,POWYS,POWYS,Standard,Addition,51.8712200000,-3.2340610000
133000,2001-08-20 00:00:00Z,NP8 1NE,Detached,Established,Freehold,TULLYHONA,,PEN YR ALE LANE,LLANGYNIDR,CRICKHOWELL,POWYS,POWYS,Standard,Addition,51.8715780000,-3.2367580000
122000,2001-09-11 00:00:00Z,NP8 1NQ,Detached,Established,Freehold,2,,BLAEN Y MYARTH,LLANGYNIDR,CRICKHOWELL,POWYS,POWYS,Standard,Addition,51.8733810000,-3.2337630000
140000,2002-11-08 00:00:00Z,NP8 1LY,Terraced,Established,Freehold,2,,BRYN CELYN WAY,LLANGYNIDR,CRICKHOWELL,POWYS,POWYS,Standard,Addition,51.8713260000,-3.2316530000
124000,2002-04-25 00:00:00Z,NP8 1LY,Detached,Established,Freehold,4,,BRYN CELYN WAY,LLANGYNIDR,CRICKHOWELL,POWYS,POWYS,Standard,Addition,51.8713260000,-3.2316530000
164000,2002-03-22 00:00:00Z,NP8 1LX,Detached,Established,Freehold,1,,ERW BANT,LLANGYNIDR,CRICKHOWELL,POWYS,POWYS,Standard,Addition,51.8712200000,-3.2340610000
75000,2002-03-12 00:00:00Z,NP8 1LU,Detached,Established,Freehold,4 HEN YSGOL,,FORGE ROAD,LLANGYNIDR,CRICKHOWELL,POWYS,POWYS,Standard,Addition,51.8721250000,-3.2326040000
123000,2002-09-20 00:00:00Z,NP8 1NE,Detached,Established,Freehold,RHIW LAS,,PEN YR ALE LANE,LLANGYNIDR,CRICKHOWELL,POWYS,POWYS,Standard,Addition,51.8715780000,-3.2367580000
45000,2002-05-17 00:00:00Z,NP8 1LU,Detached,Established,Freehold,BRYNAWEL,,FORGE ROAD,LLANGYNIDR,CRICKHOWELL,POWYS,POWYS,Standard,Addition,51.8721250000,-3.2326040000
399950,2002-02-19 00:00:00Z,NP8 1NA,Detached,Established,Freehold,BOAT HOUSE,,COED YR YNYS ROAD,LLANGYNIDR,CRICKHOWELL,POWYS,POWYS,Standard,Addition,51.8732430000,-3.2357140000
195000,2002-12-18 00:00:00Z,NP8 1LS,Detached,Established,Freehold,LITTLE AITEE,,CWMCRAWNON ROAD,LLANGYNIDR,CRICKHOWELL,POWYS,POWYS,Standard,Addition,51.8701410000,-3.2328770000
135000,2002-03-12 00:00:00Z,NP8 1NQ,Detached,Established,Freehold,7,,BLAEN Y MYARTH,LLANGYNIDR,CRICKHOWELL,POWYS,POWYS,Standard,Addition,51.8733810000,-3.2337630000
132000,2002-08-01 00:00:00Z,NP8 1LT,Detached,Established,Freehold,12,,PENCOMMIN,LLANGYNIDR,CRICKHOWELL,POWYS,POWYS,Standard,Addition,51.8710070000,-3.2306400000
207000,2002-11-29 00:00:00Z,NP8 1NB,Detached,Established,Freehold,NEW HAVEN,,ORCHARD LANE,LLANGYNIDR,CRICKHOWELL,POWYS,POWYS,Standard,Addition,51.8727280000,-3.2351480000
146000,2002-12-19 00:00:00Z,NP8 1LU,Detached,Established,Freehold,FORGE COTTAGE,,FORGE ROAD,LLANGYNIDR,CRICKHOWELL,POWYS,POWYS,Standard,Addition,51.8721250000,-3.2326040000
144000,2002-05-02 00:00:00Z,NP8 1LU,Detached,Established,Freehold,WILLOW COTTAGE,,FORGE ROAD,LLANGYNIDR,CRICKHOWELL,POWYS,POWYS,Standard,Addition,51.8721250000,-3.2326040000
160000,2002-12-02 00:00:00Z,NP8 1LX,Detached,Established,Freehold,21,,ERW BANT,LLANGYNIDR,CRICKHOWELL,POWYS,POWYS,Standard,Addition,51.8712200000,-3.2340610000
156500,2002-09-13 00:00:00Z,NP8 1NA,Semi-Detached,Established,Freehold,SPRINGFIELD,,COED YR YNYS ROAD,LLANGYNIDR,CRICKHOWELL,POWYS,POWYS,Standard,Addition,51.8732430000,-3.2357140000
128000,2002-06-13 00:00:00Z,NP8 1LT,Detached,Established,Freehold,35,,PENCOMMIN,LLANGYNIDR,CRICKHOWELL,POWYS,POWYS,Standard,Addition,51.8710070000,-3.2306400000
167500,2002-04-19 00:00:00Z,NP8 1LT,Detached,Established,Freehold,30,,PENCOMMIN,LLANGYNIDR,CRICKHOWELL,POWYS,POWYS,Standard,Addition,51.8710070000,-3.2306400000
195000,2003-07-04 00:00:00Z,NP8 1LX,Detached,Established,Freehold,23,,ERW BANT,LLANGYNIDR,CRICKHOWELL,POWYS,POWYS,Standard,Addition,51.8712200000,-3.2340610000
140000,2003-02-12 00:00:00Z,NP8 1LT,Detached,Established,Freehold,26,,PENCOMMIN,LLANGYNIDR,CRICKHOWELL,POWYS,POWYS,Standard,Addition,51.8710070000,-3.2306400000
218000,2003-09-12 00:00:00Z,NP8 1LX,Detached,Established,Freehold,18,,ERW BANT,LLANGYNIDR,CRICKHOWELL,POWYS,POWYS,Standard,Addition,51.8712200000,-3.2340610000
190000,2003-08-07 00:00:00Z,NP8 1NQ,Detached,Established,Freehold,3,,BLAEN Y MYARTH,LLANGYNIDR,CRICKHOWELL,POWYS,POWYS,Standard,Addition,51.8733810000,-3.2337630000
140000,2003-05-21 00:00:00Z,NP8 1LT,Detached,Established,Freehold,51,,PENCOMMIN,LLANGYNIDR,CRICKHOWELL,POWYS,POWYS,Standard,Addition,51.8710070000,-3.2306400000
198000,2004-03-31 00:00:00Z,NP8 1LT,Detached,Established,Freehold,22,,PENCOMMIN,LLANGYNIDR,CRICKHOWELL,POWYS,POWYS,Standard,Addition,51.8710070000,-3.2306400000
278000,2004-08-13 00:00:00Z,NP8 1NQ,Detached,Established,Freehold,ACORN COTTAGE,,BLAEN Y MYARTH,LLANGYNIDR,CRICKHOWELL,POWYS,POWYS,Standard,Addition,51.8733810000,-3.2337630000
385000,2004-11-16 00:00:00Z,NP8 1LU,Detached,Established,Freehold,KILN HOUSE,,FORGE ROAD,LLANGYNIDR,CRICKHOWELL,POWYS,POWYS,Standard,Addition,51.8721250000,-3.2326040000
146500,2004-04-02 00:00:00Z,NP8 1LU,Detached,Established,Freehold,4 HEN YSGOL,,FORGE ROAD,LLANGYNIDR,CRICKHOWELL,POWYS,POWYS,Standard,Addition,51.8721250000,-3.2326040000
185000,2005-07-11 00:00:00Z,NP8 1LT,Detached,Established,Freehold,47,,PENCOMMIN,LLANGYNIDR,CRICKHOWELL,POWYS,POWYS,Standard,Addition,51.8710070000,-3.2306400000
222000,2005-08-18 00:00:00Z,NP8 1LX,Detached,Established,Freehold,27,,ERW BANT,LLANGYNIDR,CRICKHOWELL,POWYS,POWYS,Standard,Addition,51.8712200000,-3.2340610000
167500,2005-11-03 00:00:00Z,NP8 1LS,Detached,Established,Freehold,SWN-Y-NANT,,CWMCRAWNON ROAD,LLANGYNIDR,CRICKHOWELL,POWYS,POWYS,Standard,Addition,51.8701410000,-3.2328770000
215000,2005-04-29 00:00:00Z,NP8 1LX,Detached,Established,Freehold,16,,ERW BANT,LLANGYNIDR,CRICKHOWELL,POWYS,POWYS,Standard,Addition,51.8712200000,-3.2340610000
550000,2005-07-29 00:00:00Z,NP8 1NA,Detached,Established,Freehold,BOAT HOUSE,,COED YR YNYS ROAD,LLANGYNIDR,CRICKHOWELL,POWYS,POWYS,Standard,Addition,51.8732430000,-3.2357140000
205000,2005-11-30 00:00:00Z,NP8 1LY,Detached,Established,Freehold,1,,BRYN CELYN WAY,LLANGYNIDR,CRICKHOWELL,POWYS,POWYS,Standard,Addition,51.8713260000,-3.2316530000
175000,2005-08-17 00:00:00Z,NP8 1LT,Detached,Established,Freehold,39,,PENCOMMIN,LLANGYNIDR,CRICKHOWELL,POWYS,POWYS,Standard,Addition,51.8710070000,-3.2306400000
315000,2006-08-17 00:00:00Z,NP8 1LX,Detached,Established,Freehold,12,,ERW BANT,LLANGYNIDR,CRICKHOWELL,POWYS,POWYS,Standard,Addition,51.8712200000,-3.2340610000
220000,2006-05-17 00:00:00Z,NP8 1LT,Detached,Established,Freehold,10,,PENCOMMIN,LLANGYNIDR,CRICKHOWELL,POWYS,POWYS,Standard,Addition,51.8710070000,-3.2306400000
305000,2006-05-31 00:00:00Z,NP8 1NQ,Detached,Established,Freehold,9,,BLAEN Y MYARTH,LLANGYNIDR,CRICKHOWELL,POWYS,POWYS,Standard,Addition,51.8733810000,-3.2337630000
205000,2006-08-14 00:00:00Z,NP8 1LT,Detached,Established,Freehold,7,,PENCOMMIN,LLANGYNIDR,CRICKHOWELL,POWYS,POWYS,Standard,Addition,51.8710070000,-3.2306400000
403000,2006-12-05 00:00:00Z,NP8 1LU,Detached,Established,Freehold,THE OLD SMITHY,,FORGE ROAD,LLANGYNIDR,CRICKHOWELL,POWYS,POWYS,Standard,Addition,51.8721250000,-3.2326040000
184000,2006-05-26 00:00:00Z,NP8 1LU,Flats/Maisonettes,Established,Freehold,HEN YS GOL,5,FORGE ROAD,LLANGYNIDR,CRICKHOWELL,POWYS,POWYS,Standard,Addition,51.8721250000,-3.2326040000
300000,2006-07-06 00:00:00Z,NP8 1LU,Detached,Established,Freehold,OAKLANDS,,FORGE ROAD,LLANGYNIDR,CRICKHOWELL,POWYS,POWYS,Standard,Addition,51.8721250000,-3.2326040000
335000,2006-06-23 00:00:00Z,NP8 1NA,Detached,Established,Freehold,RIVER BRIDGE,,COED YR YNYS ROAD,LLANGYNIDR,CRICKHOWELL,POWYS,POWYS,Standard,Addition,51.8732430000,-3.2357140000
200000,2006-04-28 00:00:00Z,NP8 1LT,Detached,Established,Freehold,9,,PENCOMMIN,LLANGYNIDR,CRICKHOWELL,POWYS,POWYS,Standard,Addition,51.8710070000,-3.2306400000
235000,2007-10-01 00:00:00Z,NP8 1LU,Semi-Detached,Established,Freehold,CANAL COTTAGE,,FORGE ROAD,LLANGYNIDR,CRICKHOWELL,POWYS,POWYS,Standard,Addition,51.8721250000,-3.2326040000
575000,2007-12-19 00:00:00Z,NP8 1LU,Detached,Established,Freehold,UPPER PENCOMMIN FARM,,FORGE ROAD,LLANGYNIDR,CRICKHOWELL,POWYS,POWYS,Standard,Addition,51.8721250000,-3.2326040000
237500,2007-08-17 00:00:00Z,NP8 1LT,Detached,Established,Freehold,7,,PENCOMMIN,LLANGYNIDR,CRICKHOWELL,POWYS,POWYS,Standard,Addition,51.8710070000,-3.2306400000
250000,2007-10-02 00:00:00Z,NP8 1LT,Detached,Established,Freehold,47,,PENCOMMIN,LLANGYNIDR,CRICKHOWELL,POWYS,POWYS,Standard,Addition,51.8710070000,-3.2306400000
242000,2007-02-07 00:00:00Z,NP8 1NA,Detached,Established,Freehold,SPRINGFIELD,,COED YR YNYS ROAD,LLANGYNIDR,CRICKHOWELL,POWYS,POWYS,Standard,Addition,51.8732430000,-3.2357140000
245000,2007-04-25 00:00:00Z,NP8 1LT,Detached,Established,Freehold,51,,PENCOMMIN,LLANGYNIDR,CRICKHOWELL,POWYS,POWYS,Standard,Addition,51.8710070000,-3.2306400000
182000,2007-01-29 00:00:00Z,NP8 1LU,Detached,Established,Freehold,4 HEN YSGOL,,FORGE ROAD,LLANGYNIDR,CRICKHOWELL,POWYS,POWYS,Standard,Addition,51.8721250000,-3.2326040000
400000,2007-07-06 00:00:00Z,NP8 1NB,Detached,Established,Freehold,MAESDERWEN,,ORCHARD LANE,LLANGYNIDR,CRICKHOWELL,POWYS,POWYS,Standard,Addition,51.8727280000,-3.2351480000
242000,2007-09-14 00:00:00Z,NP8 1LX,Detached,Established,Freehold,27,,ERW BANT,LLANGYNIDR,CRICKHOWELL,POWYS,POWYS,Standard,Addition,51.8712200000,-3.2340610000
900000,2008-06-04 00:00:00Z,NP8 1NA,Detached,Established,Freehold,LLWYN-YR-EOS FARMHOUSE,,,LLANGYNIDR,CRICKHOWELL,POWYS,POWYS,Standard,Addition,51.8732430000,-3.2357140000
370000,2008-08-27 00:00:00Z,NP8 1NB,Detached,Established,Freehold,MARLINS,,ORCHARD LANE,LLANGYNIDR,CRICKHOWELL,POWYS,POWYS,Standard,Addition,51.8727280000,-3.2351480000
200000,2009-12-22 00:00:00Z,NP8 1NX,Detached,New Build,Freehold,2,,DOL FACH,LLANGYNIDR,CRICKHOWELL,POWYS,POWYS,Standard,Addition,51.8737400000,-3.2355240000
172500,2009-11-09 00:00:00Z,NP8 1LU,Detached,Established,Freehold,BRIGHTWELLS,1,FORGE ROAD,LLANGYNIDR,CRICKHOWELL,POWYS,POWYS,Standard,Addition,51.8721250000,-3.2326040000
165000,2009-01-23 00:00:00Z,NP8 1LU,Flats/Maisonettes,Established,Freehold,HEN YS GOL,3,FORGE ROAD,LLANGYNIDR,CRICKHOWELL,POWYS,POWYS,Standard,Addition,51.8721250000,-3.2326040000
197500,2009-12-21 00:00:00Z,NP8 1LS,Detached,Established,Freehold,LITTLE AITEE,,CWMCRAWNON ROAD,LLANGYNIDR,CRICKHOWELL,POWYS,POWYS,Standard,Addition,51.8701410000,-3.2328770000
210000,2009-12-22 00:00:00Z,NP8 1LX,Detached,Established,Freehold,9,,ERW BANT,LLANGYNIDR,CRICKHOWELL,POWYS,POWYS,Standard,Addition,51.8712200000,-3.2340610000
125000,2009-07-27 00:00:00Z,NP8 1NX,Detached,New Build,Freehold,5,,DOL FACH,LLANGYNIDR,CRICKHOWELL,POWYS,POWYS,Standard,Addition,51.8737400000,-3.2355240000
265000,2009-01-23 00:00:00Z,NP8 1NB,Detached,Established,Freehold,ASHFORD,,ORCHARD LANE,LLANGYNIDR,CRICKHOWELL,POWYS,POWYS,Standard,Addition,51.8727280000,-3.2351480000
185000,2010-07-30 00:00:00Z,NP8 1LT,Detached,Established,Freehold,43,,PENCOMMIN,LLANGYNIDR,CRICKHOWELL,POWYS,POWYS,Standard,Addition,51.8710070000,-3.2306400000
225000,2010-02-22 00:00:00Z,NP8 1LT,Detached,Established,Freehold,17,,PENCOMMIN,LLANGYNIDR,CRICKHOWELL,POWYS,POWYS,Standard,Addition,51.8710070000,-3.2306400000
227000,2010-10-11 00:00:00Z,NP8 1LT,Detached,Established,Freehold,28,,PENCOMMIN,LLANGYNIDR,CRICKHOWELL,POWYS,POWYS,Standard,Addition,51.8710070000,-3.2306400000
285000,2010-08-06 00:00:00Z,NP8 1LX,Detached,Established,Freehold,14,,ERW BANT,LLANGYNIDR,CRICKHOWELL,POWYS,POWYS,Standard,Addition,51.8712200000,-3.2340610000
218000,2010-08-06 00:00:00Z,NP8 1LU,Semi-Detached,Established,Freehold,BWTHYN CYNDIR,,FORGE ROAD,LLANGYNIDR,CRICKHOWELL,POWYS,POWYS,Standard,Addition,51.8721250000,-3.2326040000
220000,2011-05-27 00:00:00Z,NP8 1LS,Detached,Established,Freehold,PEN YR ALE,,CWMCRAWNON ROAD,LLANGYNIDR,CRICKHOWELL,POWYS,POWYS,Standard,Addition,51.8701410000,-3.2328770000
288000,2011-08-31 00:00:00Z,NP8 1NX,Detached,New Build,Freehold,4,,DOL FACH,LLANGYNIDR,CRICKHOWELL,POWYS,POWYS,Standard,Addition,51.8737400000,-3.2355240000
290000,2011-11-24 00:00:00Z,NP8 1NQ,Detached,Established,Freehold,4,,BLAEN Y MYARTH,LLANGYNIDR,CRICKHOWELL,POWYS,POWYS,Standard,Addition,51.8733810000,-3.2337630000
320000,2011-07-14 00:00:00Z,NP8 1LU,Detached,Established,Freehold,HILL CREST,,FORGE ROAD,LLANGYNIDR,CRICKHOWELL,POWYS,POWYS,Standard,Addition,51.8721250000,-3.2326040000
475000,2011-10-07 00:00:00Z,NP8 1LS,Detached,Established,Freehold,CAN-Y-GWYNT,,CWMCRAWNON ROAD,LLANGYNIDR,CRICKHOWELL,POWYS,POWYS,Standard,Addition,51.8701410000,-3.2328770000
240000,2012-08-31 00:00:00Z,NP8 1NQ,Detached,Established,Freehold,5,,BLAEN Y MYARTH,LLANGYNIDR,CRICKHOWELL,POWYS,POWYS,Standard,Addition,51.8733810000,-3.2337630000
284000,2012-08-07 00:00:00Z,NP8 1LX,Detached,Established,Freehold,12,,ERW BANT,LLANGYNIDR,CRICKHOWELL,POWYS,POWYS,Standard,Addition,51.8712200000,-3.2340610000
285000,2012-08-10 00:00:00Z,NP8 1LX,Detached,Established,Freehold,1,,ERW BANT,LLANGYNIDR,CRICKHOWELL,POWYS,POWYS,Standard,Addition,51.8712200000,-3.2340610000
250000,2012-09-26 00:00:00Z,NP8 1LX,Detached,Established,Freehold,15,,ERW BANT,LLANGYNIDR,CRICKHOWELL,POWYS,POWYS,Standard,Addition,51.8712200000,-3.2340610000
225000,2012-06-22 00:00:00Z,NP8 1LY,Detached,Established,Freehold,4,,BRYN CELYN WAY,LLANGYNIDR,CRICKHOWELL,POWYS,POWYS,Standard,Addition,51.8713260000,-3.2316530000
280000,2013-02-11 00:00:00Z,NP8 1NB,Detached,Established,Freehold,WOODLANDS,,ORCHARD LANE,LLANGYNIDR,CRICKHOWELL,POWYS,POWYS,Standard,Addition,51.8727280000,-3.2351480000
212750,2013-02-19 00:00:00Z,NP8 1LU,Semi-Detached,Established,Freehold,BRIGHTWELLS,1,FORGE ROAD,LLANGYNIDR,CRICKHOWELL,POWYS,POWYS,Standard,Addition,51.8721250000,-3.2326040000
280000,2013-12-12 00:00:00Z,NP8 1LT,Detached,Established,Freehold,8,,PENCOMMIN,LLANGYNIDR,CRICKHOWELL,POWYS,POWYS,Standard,Addition,51.8710070000,-3.2306400000
80000,2013-11-26 00:00:00Z,NP8 1NA,Semi-Detached,Established,Freehold,WALNUT TREE COTTAGE,,COED YR YNYS ROAD,LLANGYNIDR,CRICKHOWELL,POWYS,POWYS,Standard,Addition,51.8732430000,-3.2357140000
198000,2013-11-26 00:00:00Z,NP8 1NA,Other,Established,Freehold,WALNUT TREE HOUSE,,COED YR YNYS ROAD,LLANGYNIDR,CRICKHOWELL,POWYS,POWYS,Additional,Addition,51.8732430000,-3.2357140000
400000,2013-11-29 00:00:00Z,NP8 1LS,Detached,Established,Freehold,GLASFRYN,,CWMCRAWNON ROAD,LLANGYNIDR,CRICKHOWELL,POWYS,POWYS,Standard,Addition,51.8701410000,-3.2328770000
250000,2014-10-16 00:00:00Z,NP8 1LX,Detached,Established,Freehold,14,,ERW BANT,LLANGYNIDR,CRICKHOWELL,POWYS,POWYS,Standard,Addition,51.8712200000,-3.2340610000
235000,2014-03-20 00:00:00Z,NP8 1LX,Detached,Established,Freehold,9,,ERW BANT,LLANGYNIDR,CRICKHOWELL,POWYS,POWYS,Standard,Addition,51.8712200000,-3.2340610000
450000,2014-05-23 00:00:00Z,NP8 1LS,Detached,Established,Freehold,GLASFRYN,,CWMCRAWNON ROAD,LLANGYNIDR,CRICKHOWELL,POWYS,POWYS,Additional,Addition,51.8701410000,-3.2328770000
230000,2014-08-20 00:00:00Z,NP8 1LT,Detached,Established,Freehold,17,,PENCOMMIN,LLANGYNIDR,CRICKHOWELL,POWYS,POWYS,Standard,Addition,51.8710070000,-3.2306400000
305000,2014-02-24 00:00:00Z,NP8 1LX,Detached,Established,Freehold,22,,ERW BANT,LLANGYNIDR,CRICKHOWELL,POWYS,POWYS,Standard,Addition,51.8712200000,-3.2340610000
250000,2014-04-30 00:00:00Z,NP8 1LS,Detached,Established,Freehold,PARAME,,CWMCRAWNON ROAD,LLANGYNIDR,CRICKHOWELL,POWYS,POWYS,Standard,Addition,51.8701410000,-3.2328770000
295000,2014-12-16 00:00:00Z,NP8 1LX,Detached,Established,Freehold,23,,ERW BANT,LLANGYNIDR,CRICKHOWELL,POWYS,POWYS,Standard,Addition,51.8712200000,-3.2340610000
235000,2014-10-01 00:00:00Z,NP8 1NE,Detached,Established,Freehold,TULLYHONA,,PEN YR ALE LANE,LLANGYNIDR,CRICKHOWELL,POWYS,POWYS,Standard,Addition,51.8715780000,-3.2367580000
262000,2015-12-03 00:00:00Z,NP8 1NA,Semi-Detached,Established,Freehold,BERWYN,,COED YR YNYS ROAD,LLANGYNIDR,CRICKHOWELL,POWYS,POWYS,Standard,Addition,51.8732430000,-3.2357140000
232500,2015-10-27 00:00:00Z,NP8 1LT,Detached,Established,Freehold,25,,PENCOMMIN,LLANGYNIDR,CRICKHOWELL,POWYS,POWYS,Standard,Addition,51.8710070000,-3.2306400000
220000,2015-01-30 00:00:00Z,NP8 1LT,Detached,Established,Freehold,18,,PENCOMMIN,LLANGYNIDR,CRICKHOWELL,POWYS,POWYS,Standard,Addition,51.8710070000,-3.2306400000
290000,2015-02-19 00:00:00Z,NP8 1NQ,Detached,Established,Freehold,ACORN COTTAGE,,BLAEN Y MYARTH,LLANGYNIDR,CRICKHOWELL,POWYS,POWYS,Standard,Addition,51.8733810000,-3.2337630000
225000,2015-05-14 00:00:00Z,NP8 1LT,Detached,Established,Freehold,49,,PENCOMMIN,LLANGYNIDR,CRICKHOWELL,POWYS,POWYS,Standard,Addition,51.8710070000,-3.2306400000
371500,2015-01-09 00:00:00Z,NP8 1LU,Detached,Established,Freehold,THE OLD SMITHY,,FORGE ROAD,LLANGYNIDR,CRICKHOWELL,POWYS,POWYS,Standard,Addition,51.8721250000,-3.2326040000
239000,2016-12-15 00:00:00Z,NP8 1LT,Detached,Established,Freehold,18,,PENCOMMIN,LLANGYNIDR,CRICKHOWELL,POWYS,POWYS,Standard,Addition,51.8710070000,-3.2306400000
330000,2016-07-25 00:00:00Z,NP8 1LX,Detached,Established,Freehold,18,,ERW BANT,LLANGYNIDR,CRICKHOWELL,POWYS,POWYS,Standard,Addition,51.8712200000,-3.2340610000
255000,2016-01-22 00:00:00Z,NP8 1NQ,Detached,Established,Freehold,12,,BLAEN Y MYARTH,LLANGYNIDR,CRICKHOWELL,POWYS,POWYS,Standard,Addition,51.8733810000,-3.2337630000
560000,2016-03-22 00:00:00Z,NP8 1LS,Detached,Established,Freehold,GLASFRYN,,CWMCRAWNON ROAD,LLANGYNIDR,CRICKHOWELL,POWYS,POWYS,Standard,Addition,51.8701410000,-3.2328770000
250000,2016-09-14 00:00:00Z,NP8 1NE,Detached,Established,Freehold,RHIW LAS,,PEN YR ALE LANE,LLANGYNIDR,CRICKHOWELL,POWYS,POWYS,Standard,Addition,51.8715780000,-3.2367580000
165000,2016-04-26 00:00:00Z,NP8 1LU,Detached,Established,Freehold,FORGE COTTAGE,,FORGE ROAD,LLANGYNIDR,CRICKHOWELL,POWYS,POWYS,Standard,Addition,51.8721250000,-3.2326040000
154000,2016-06-08 00:00:00Z,NP8 1LU,Terraced,Established,Freehold,4 HEN YSGOL,,FORGE ROAD,LLANGYNIDR,CRICKHOWELL,POWYS,POWYS,Standard,Addition,51.8721250000,-3.2326040000
320000,2017-03-21 00:00:00Z,NP8 1LX,Detached,Established,Freehold,10,,ERW BANT,LLANGYNIDR,CRICKHOWELL,POWYS,POWYS,Standard,Addition,51.8712200000,-3.2340610000
285000,2017-10-04 00:00:00Z,NP8 1NX,Detached,Established,Freehold,4,,DOL FACH,LLANGYNIDR,CRICKHOWELL,POWYS,POWYS,Standard,Addition,51.8737400000,-3.2355240000
530000,2017-09-18 00:00:00Z,NP8 1NA,Detached,Established,Freehold,TYR YR WEN,,COED YR YNYS ROAD,LLANGYNIDR,CRICKHOWELL,POWYS,POWYS,Standard,Addition,51.8732430000,-3.2357140000
303000,2017-05-05 00:00:00Z,NP8 1LU,Detached,Established,Freehold,HEN YSGOL,1,FORGE ROAD,LLANGYNIDR,CRICKHOWELL,POWYS,POWYS,Standard,Addition,51.8721250000,-3.2326040000
450000,2017-04-20 00:00:00Z,NP8 1LX,Detached,Established,Freehold,11,,ERW BANT,LLANGYNIDR,CRICKHOWELL,POWYS,POWYS,Standard,Addition,51.8712200000,-3.2340610000
80000,2017-01-10 00:00:00Z,NP8 1NA,Semi-Detached,Established,Freehold,WALNUT TREE COTTAGE,,COED YR YNYS ROAD,LLANGYNIDR,CRICKHOWELL,POWYS,POWYS,Additional,Addition,51.8732430000,-3.2357140000
218000,2017-02-17 00:00:00Z,NP8 1LT,Detached,Established,Freehold,13,,PENCOMMIN,LLANGYNIDR,CRICKHOWELL,POWYS,POWYS,Standard,Addition,51.8710070000,-3.2306400000
230000,2017-03-06 00:00:00Z,NP8 1LY,Detached,Established,Freehold,1,,BRYN CELYN WAY,LLANGYNIDR,CRICKHOWELL,POWYS,POWYS,Additional,Addition,51.8713260000,-3.2316530000
235000,2017-12-13 00:00:00Z,NP8 1LY,Detached,Established,Freehold,1,,BRYN CELYN WAY,LLANGYNIDR,CRICKHOWELL,POWYS,POWYS,Standard,Addition,51.8713260000,-3.2316530000
340500,2017-08-22 00:00:00Z,NP8 1LU,Detached,Established,Freehold,GWYNFA,,FORGE ROAD,LLANGYNIDR,CRICKHOWELL,POWYS,POWYS,Standard,Addition,51.8721250000,-3.2326040000
260000,2017-05-31 00:00:00Z,NP8 1NQ,Detached,Established,Freehold,2,,BLAEN Y MYARTH,LLANGYNIDR,CRICKHOWELL,POWYS,POWYS,Standard,Addition,51.8733810000,-3.2337630000
350000,2017-08-04 00:00:00Z,NP8 1LX,Detached,Established,Freehold,19,,ERW BANT,LLANGYNIDR,CRICKHOWELL,POWYS,POWYS,Standard,Addition,51.8712200000,-3.2340610000
246000,2018-06-08 00:00:00Z,NP8 1LY,Detached,Established,Freehold,3,,BRYN CELYN WAY,LLANGYNIDR,CRICKHOWELL,POWYS,POWYS,Standard,Addition,51.8713260000,-3.2316530000
267500,2018-01-17 00:00:00Z,NP8 1LX,Detached,Established,Freehold,16,,ERW BANT,LLANGYNIDR,CRICKHOWELL,POWYS,POWYS,Standard,Addition,51.8712200000,-3.2340610000
390000,2018-11-16 00:00:00Z,NP8 1NA,Detached,Established,Freehold,USK VIEW,,COED YR YNYS ROAD,LLANGYNIDR,CRICKHOWELL,POWYS,POWYS,Standard,Addition,51.8732430000,-3.2357140000
335000,2018-08-24 00:00:00Z,NP8 1LS,Detached,Established,Freehold,HAZELMERE,,CWMCRAWNON ROAD,LLANGYNIDR,CRICKHOWELL,POWYS,POWYS,Standard,Addition,51.8701410000,-3.2328770000
495000,2018-02-16 00:00:00Z,NP8 1LU,Detached,Established,Freehold,BURNBRAE,,FORGE ROAD,LLANGYNIDR,CRICKHOWELL,POWYS,POWYS,Standard,Addition,51.8721250000,-3.2326040000
399950,2018-02-23 00:00:00Z,NP8 1LS,Detached,Established,Freehold,HIGHFIELD,,CWMCRAWNON ROAD,LLANGYNIDR,CRICKHOWELL,POWYS,POWYS,Standard,Addition,51.8701410000,-3.2328770000
380000,2019-04-12 00:00:00Z,NP8 1LX,Detached,Established,Freehold,15,,ERW BANT,LLANGYNIDR,CRICKHOWELL,POWYS,POWYS,Standard,Addition,51.8712200000,-3.2340610000
260000,2019-09-25 00:00:00Z,NP8 1LT,Detached,Established,Freehold,26,,PENCOMMIN,LLANGYNIDR,CRICKHOWELL,POWYS,POWYS,Standard,Addition,51.8710070000,-3.2306400000
215000,2019-01-25 00:00:00Z,NP8 1LT,Detached,Established,Freehold,24,,PENCOMMIN,LLANGYNIDR,CRICKHOWELL,POWYS,POWYS,Standard,Addition,51.8710070000,-3.2306400000
355000,2019-02-22 00:00:00Z,NP8 1LX,Detached,Established,Freehold,13,,ERW BANT,LLANGYNIDR,CRICKHOWELL,POWYS,POWYS,Standard,Addition,51.8712200000,-3.2340610000
285000,2019-06-18 00:00:00Z,NP8 1NQ,Detached,Established,Freehold,8,,BLAEN Y MYARTH,LLANGYNIDR,CRICKHOWELL,POWYS,POWYS,Standard,Addition,51.8733810000,-3.2337630000
228000,2019-01-09 00:00:00Z,NP8 1LT,Detached,Established,Freehold,33,,PENCOMMIN,LLANGYNIDR,CRICKHOWELL,POWYS,POWYS,Standard,Addition,51.8710070000,-3.2306400000
335000,2019-07-05 00:00:00Z,NP8 1LU,Detached,Established,Freehold,FORGE COTTAGE,,FORGE ROAD,LLANGYNIDR,CRICKHOWELL,POWYS,POWYS,Standard,Addition,51.8721250000,-3.2326040000
320000,2019-07-05 00:00:00Z,NP8 1LS,Detached,Established,Freehold,THE HALT,,CWMCRAWNON ROAD,LLANGYNIDR,CRICKHOWELL,POWYS,POWYS,Standard,Addition,51.8701410000,-3.2328770000
246000,2019-08-30 00:00:00Z,NP8 1LT,Detached,Established,Freehold,3,,PENCOMMIN,LLANGYNIDR,CRICKHOWELL,POWYS,POWYS,Standard,Addition,51.8710070000,-3.2306400000
365000,2020-03-27 00:00:00Z,NP8 1LX,Detached,Established,Freehold,3,,ERW BANT,LLANGYNIDR,CRICKHOWELL,POWYS,POWYS,Standard,Addition,51.8712200000,-3.2340610000
400000,2020-08-26 00:00:00Z,NP8 1LX,Detached,Established,Freehold,6,,ERW BANT,LLANGYNIDR,CRICKHOWELL,POWYS,POWYS,Standard,Addition,51.8712200000,-3.2340610000
281500,2020-01-23 00:00:00Z,NP8 1LX,Detached,Established,Freehold,25,,ERW BANT,LLANGYNIDR,CRICKHOWELL,POWYS,POWYS,Standard,Addition,51.8712200000,-3.2340610000
310000,2021-12-21 00:00:00Z,NP8 1LT,Detached,Established,Freehold,45,,PENCOMMIN,LLANGYNIDR,CRICKHOWELL,POWYS,POWYS,Standard,Addition,51.8710070000,-3.2306400000
298500,2021-03-12 00:00:00Z,NP8 1LU,Semi-Detached,Established,Freehold,BRIGHTWELLS,1,FORGE ROAD,LLANGYNIDR,CRICKHOWELL,POWYS,POWYS,Standard,Addition,51.8721250000,-3.2326040000
274500,2021-01-08 00:00:00Z,NP8 1LY,Detached,Established,Freehold,1,,BRYN CELYN WAY,LLANGYNIDR,CRICKHOWELL,POWYS,POWYS,Standard,Addition,51.8713260000,-3.2316530000
285000,2021-01-04 00:00:00Z,NP8 1LT,Detached,Established,Freehold,11,,PENCOMMIN,LLANGYNIDR,CRICKHOWELL,POWYS,POWYS,Standard,Addition,51.8710070000,-3.2306400000
361000,2021-06-21 00:00:00Z,NP8 1NQ,Detached,Established,Freehold,4,,BLAEN Y MYARTH,LLANGYNIDR,CRICKHOWELL,POWYS,POWYS,Standard,Addition,51.8733810000,-3.2337630000
200000,2021-09-06 00:00:00Z,NP8 1LT,Detached,Established,Freehold,37,,PENCOMMIN,LLANGYNIDR,CRICKHOWELL,POWYS,POWYS,Standard,Addition,51.8710070000,-3.2306400000
473000,2021-11-26 00:00:00Z,NP8 1NB,Detached,Established,Freehold,WOODLANDS,,ORCHARD LANE,LLANGYNIDR,CRICKHOWELL,POWYS,POWYS,Standard,Addition,51.8727280000,-3.2351480000
