74000,1995-12-08 00:00:00Z,B97 6EH,Detached,Established,Freehold,267,,BIRMINGHAM ROAD,REDDITCH,REDDITCH,REDDITCH,WORCESTERSHIRE,Standard,Addition,52.3163740000,-1.9425820000
62500,1995-04-28 00:00:00Z,B97 6EN,Detached,Established,Freehold,190,,BIRMINGHAM ROAD,REDDITCH,REDDITCH,REDDITCH,WORCESTERSHIRE,Standard,Addition,52.3134150000,-1.9405030000
38500,1995-06-27 00:00:00Z,B97 6EH,Terraced,Established,Freehold,221,,BIRMINGHAM ROAD,REDDITCH,REDDITCH,REDDITCH,WORCESTERSHIRE,Standard,Addition,52.3163740000,-1.9425820000
69000,1995-06-26 00:00:00Z,B97 6EN,Semi-Detached,Established,Freehold,158,,BIRMINGHAM ROAD,REDDITCH,REDDITCH,REDDITCH,WORCESTERSHIRE,Standard,Addition,52.3134150000,-1.9405030000
57000,1995-12-15 00:00:00Z,B97 6EH,Semi-Detached,Established,Freehold,233,,BIRMINGHAM ROAD,REDDITCH,REDDITCH,REDDITCH,WORCESTERSHIRE,Standard,Addition,52.3163740000,-1.9425820000
46000,1995-06-30 00:00:00Z,B97 6EN,Semi-Detached,Established,Freehold,172,,BIRMINGHAM ROAD,REDDITCH,REDDITCH,REDDITCH,WORCESTERSHIRE,Standard,Addition,52.3134150000,-1.9405030000
46000,1995-10-27 00:00:00Z,B97 6EA,Semi-Detached,Established,Freehold,203,,BIRMINGHAM ROAD,REDDITCH,REDDITCH,REDDITCH,WORCESTERSHIRE,Standard,Addition,52.3136940000,-1.9413390000
49000,1995-03-24 00:00:00Z,B97 4BS,Semi-Detached,Established,Freehold,69,,PROSPECT HILL,REDDITCH,REDDITCH,REDDITCH,WORCESTERSHIRE,Standard,Addition,52.3103370000,-1.9406600000
36500,1995-08-11 00:00:00Z,B97 4BT,Terraced,Established,Freehold,104,,CLIVE ROAD,REDDITCH,REDDITCH,REDDITCH,WORCESTERSHIRE,Standard,Addition,52.3108230000,-1.9418330000
58000,1996-07-19 00:00:00Z,B97 6EH,Semi-Detached,Established,Freehold,279,,BIRMINGHAM ROAD,REDDITCH,REDDITCH,REDDITCH,WORCESTERSHIRE,Standard,Addition,52.3163740000,-1.9425820000
57950,1996-11-07 00:00:00Z,B97 6AT,Semi-Detached,Established,Freehold,133,,HEWELL ROAD,REDDITCH,REDDITCH,REDDITCH,WORCESTERSHIRE,Standard,Addition,52.3103710000,-1.9478550000
42950,1996-03-29 00:00:00Z,B97 4BT,Semi-Detached,Established,Freehold,106,,CLIVE ROAD,REDDITCH,REDDITCH,REDDITCH,WORCESTERSHIRE,Standard,Addition,52.3108230000,-1.9418330000
39000,1996-06-14 00:00:00Z,B97 6EA,Semi-Detached,Established,Freehold,211,,BIRMINGHAM ROAD,REDDITCH,REDDITCH,REDDITCH,WORCESTERSHIRE,Standard,Addition,52.3136940000,-1.9413390000
24750,1996-12-04 00:00:00Z,B97 6EH,Flats/Maisonettes,Established,Leasehold,241A,,BIRMINGHAM ROAD,REDDITCH,REDDITCH,REDDITCH,WORCESTERSHIRE,Standard,Addition,52.3163740000,-1.9425820000
63000,1996-07-26 00:00:00Z,B97 6EH,Detached,Established,Freehold,297,,BIRMINGHAM ROAD,REDDITCH,REDDITCH,REDDITCH,WORCESTERSHIRE,Standard,Addition,52.3163740000,-1.9425820000
53500,1997-07-25 00:00:00Z,B97 6EL,Semi-Detached,Established,Freehold,224,,BIRMINGHAM ROAD,REDDITCH,REDDITCH,REDDITCH,WORCESTERSHIRE,Standard,Addition,52.3159420000,-1.9415410000
51000,1997-05-23 00:00:00Z,B97 4BT,Semi-Detached,Established,Freehold,88,,CLIVE ROAD,REDDITCH,REDDITCH,REDDITCH,WORCESTERSHIRE,Standard,Addition,52.3108230000,-1.9418330000
49995,1997-06-20 00:00:00Z,B97 6EH,Semi-Detached,Established,Freehold,235,,BIRMINGHAM ROAD,REDDITCH,REDDITCH,REDDITCH,WORCESTERSHIRE,Standard,Addition,52.3163740000,-1.9425820000
50000,1997-01-31 00:00:00Z,B97 4BS,Semi-Detached,Established,Freehold,63,,PROSPECT HILL,REDDITCH,REDDITCH,REDDITCH,WORCESTERSHIRE,Standard,Addition,52.3103370000,-1.9406600000
46500,1997-03-27 00:00:00Z,B97 6EH,Terraced,Established,Freehold,219,,BIRMINGHAM ROAD,REDDITCH,REDDITCH,REDDITCH,WORCESTERSHIRE,Standard,Addition,52.3163740000,-1.9425820000
46250,1997-10-31 00:00:00Z,B97 4BT,Terraced,Established,Freehold,90,,CLIVE ROAD,REDDITCH,REDDITCH,REDDITCH,WORCESTERSHIRE,Standard,Addition,52.3108230000,-1.9418330000
51000,1998-10-23 00:00:00Z,B97 6EA,Semi-Detached,Established,Freehold,195,,BIRMINGHAM ROAD,REDDITCH,REDDITCH,REDDITCH,WORCESTERSHIRE,Standard,Addition,52.3136940000,-1.9413390000
34000,1998-09-18 00:00:00Z,B97 6AT,Terraced,Established,Freehold,127,,HEWELL ROAD,REDDITCH,REDDITCH,REDDITCH,WORCESTERSHIRE,Standard,Addition,52.3103710000,-1.9478550000
51000,1998-09-03 00:00:00Z,B97 6EA,Semi-Detached,Established,Freehold,195,,BIRMINGHAM ROAD,REDDITCH,REDDITCH,REDDITCH,WORCESTERSHIRE,Standard,Addition,52.3136940000,-1.9413390000
57500,1998-08-13 00:00:00Z,B97 4BS,Semi-Detached,Established,Freehold,71,,PROSPECT HILL,REDDITCH,REDDITCH,REDDITCH,WORCESTERSHIRE,Standard,Addition,52.3103370000,-1.9406600000
54950,1999-09-17 00:00:00Z,B97 6EA,Semi-Detached,Established,Freehold,201,,BIRMINGHAM ROAD,,REDDITCH,REDDITCH,WORCESTERSHIRE,Standard,Addition,52.3136940000,-1.9413390000
70000,1999-07-23 00:00:00Z,B97 6EL,Semi-Detached,Established,Freehold,238,,BIRMINGHAM ROAD,,REDDITCH,REDDITCH,WORCESTERSHIRE,Standard,Addition,52.3159420000,-1.9415410000
45000,1999-03-05 00:00:00Z,B97 6AT,Semi-Detached,Established,Freehold,149,,HEWELL ROAD,,REDDITCH,REDDITCH,WORCESTERSHIRE,Standard,Addition,52.3103710000,-1.9478550000
46500,1999-05-27 00:00:00Z,B97 6AT,Terraced,Established,Freehold,129,,HEWELL ROAD,,REDDITCH,REDDITCH,WORCESTERSHIRE,Standard,Addition,52.3103710000,-1.9478550000
70000,1999-03-26 00:00:00Z,B97 6EN,Terraced,Established,Freehold,156,,BIRMINGHAM ROAD,,REDDITCH,REDDITCH,WORCESTERSHIRE,Standard,Addition,52.3134150000,-1.9405030000
38000,1999-08-27 00:00:00Z,B97 6AT,Terraced,Established,Freehold,123,,HEWELL ROAD,,REDDITCH,REDDITCH,WORCESTERSHIRE,Standard,Addition,52.3103710000,-1.9478550000
37500,1999-07-21 00:00:00Z,B97 6EH,Terraced,Established,Freehold,219,,BIRMINGHAM ROAD,,REDDITCH,REDDITCH,WORCESTERSHIRE,Standard,Addition,52.3163740000,-1.9425820000
220000,1999-12-20 00:00:00Z,B97 4BS,Detached,Established,Freehold,37,,PROSPECT HILL,,REDDITCH,REDDITCH,WORCESTERSHIRE,Standard,Addition,52.3103370000,-1.9406600000
97500,2000-11-03 00:00:00Z,B97 6EH,Detached,Established,Freehold,271,,BIRMINGHAM ROAD,,REDDITCH,REDDITCH,WORCESTERSHIRE,Standard,Addition,52.3163740000,-1.9425820000
50000,2000-02-29 00:00:00Z,B97 4BT,Terraced,Established,Freehold,94,,CLIVE ROAD,,REDDITCH,REDDITCH,WORCESTERSHIRE,Standard,Addition,52.3108230000,-1.9418330000
98000,2000-05-10 00:00:00Z,B97 6EL,Detached,Established,Freehold,246,,BIRMINGHAM ROAD,,REDDITCH,REDDITCH,WORCESTERSHIRE,Standard,Addition,52.3159420000,-1.9415410000
69950,2000-01-28 00:00:00Z,B97 6EH,Semi-Detached,Established,Freehold,231,,BIRMINGHAM ROAD,,REDDITCH,REDDITCH,WORCESTERSHIRE,Standard,Addition,52.3163740000,-1.9425820000
72950,2000-05-31 00:00:00Z,B97 6EH,Detached,Established,Freehold,239,,BIRMINGHAM ROAD,,REDDITCH,REDDITCH,WORCESTERSHIRE,Standard,Addition,52.3163740000,-1.9425820000
66000,2000-03-30 00:00:00Z,B97 6EA,Semi-Detached,Established,Freehold,199,,BIRMINGHAM ROAD,,REDDITCH,REDDITCH,WORCESTERSHIRE,Standard,Addition,52.3136940000,-1.9413390000
70000,2000-09-01 00:00:00Z,B97 6EA,Semi-Detached,Established,Freehold,195,,BIRMINGHAM ROAD,,REDDITCH,REDDITCH,WORCESTERSHIRE,Standard,Addition,52.3136940000,-1.9413390000
94250,2001-02-09 00:00:00Z,B97 6EN,Detached,Established,Freehold,188,,BIRMINGHAM ROAD,REDDITCH,REDDITCH,REDDITCH,WORCESTERSHIRE,Standard,Addition,52.3134150000,-1.9405030000
65000,2001-12-14 00:00:00Z,B97 4BT,Semi-Detached,Established,Freehold,88,,CLIVE ROAD,REDDITCH,REDDITCH,REDDITCH,WORCESTERSHIRE,Standard,Addition,52.3108230000,-1.9418330000
87500,2001-12-07 00:00:00Z,B97 6EL,Semi-Detached,Established,Freehold,226,,BIRMINGHAM ROAD,REDDITCH,REDDITCH,REDDITCH,WORCESTERSHIRE,Standard,Addition,52.3159420000,-1.9415410000
69000,2002-12-17 00:00:00Z,B97 6EH,Flats/Maisonettes,Established,Leasehold,241A,,BIRMINGHAM ROAD,REDDITCH,REDDITCH,REDDITCH,WORCESTERSHIRE,Standard,Addition,52.3163740000,-1.9425820000
85000,2002-09-05 00:00:00Z,B97 6EL,Semi-Detached,Established,Freehold,236,,BIRMINGHAM ROAD,REDDITCH,REDDITCH,REDDITCH,WORCESTERSHIRE,Standard,Addition,52.3159420000,-1.9415410000
170000,2002-08-16 00:00:00Z,B97 6EH,Detached,Established,Freehold,267,,BIRMINGHAM ROAD,REDDITCH,REDDITCH,REDDITCH,WORCESTERSHIRE,Standard,Addition,52.3163740000,-1.9425820000
89000,2002-03-14 00:00:00Z,B97 4BS,Semi-Detached,Established,Freehold,71,,PROSPECT HILL,REDDITCH,REDDITCH,REDDITCH,WORCESTERSHIRE,Standard,Addition,52.3103370000,-1.9406600000
128000,2003-10-31 00:00:00Z,B97 4BS,Semi-Detached,Established,Freehold,65,,PROSPECT HILL,REDDITCH,REDDITCH,REDDITCH,WORCESTERSHIRE,Standard,Addition,52.3103370000,-1.9406600000
111000,2003-05-30 00:00:00Z,B97 4BT,Semi-Detached,Established,Freehold,106,,CLIVE ROAD,REDDITCH,REDDITCH,REDDITCH,WORCESTERSHIRE,Standard,Addition,52.3108230000,-1.9418330000
140000,2003-07-21 00:00:00Z,B97 6EA,Semi-Detached,Established,Freehold,203,,BIRMINGHAM ROAD,REDDITCH,REDDITCH,REDDITCH,WORCESTERSHIRE,Standard,Addition,52.3136940000,-1.9413390000
58000,2003-02-20 00:00:00Z,B97 6EH,Flats/Maisonettes,Established,Leasehold,241B,,BIRMINGHAM ROAD,REDDITCH,REDDITCH,REDDITCH,WORCESTERSHIRE,Standard,Addition,52.3163740000,-1.9425820000
169950,2003-02-28 00:00:00Z,B97 6EN,Detached,Established,Freehold,190,,BIRMINGHAM ROAD,REDDITCH,REDDITCH,REDDITCH,WORCESTERSHIRE,Standard,Addition,52.3134150000,-1.9405030000
100000,2003-01-31 00:00:00Z,B97 6EH,Semi-Detached,Established,Freehold,251,,BIRMINGHAM ROAD,REDDITCH,REDDITCH,REDDITCH,WORCESTERSHIRE,Standard,Addition,52.3163740000,-1.9425820000
136950,2003-08-08 00:00:00Z,B97 6EL,Semi-Detached,Established,Freehold,226,,BIRMINGHAM ROAD,REDDITCH,REDDITCH,REDDITCH,WORCESTERSHIRE,Standard,Addition,52.3159420000,-1.9415410000
78500,2003-08-29 00:00:00Z,B97 6AT,Terraced,Established,Freehold,121,,HEWELL ROAD,REDDITCH,REDDITCH,REDDITCH,WORCESTERSHIRE,Standard,Addition,52.3103710000,-1.9478550000
60000,2003-08-14 00:00:00Z,B97 6EA,Semi-Detached,Established,Freehold,217,,BIRMINGHAM ROAD,REDDITCH,REDDITCH,REDDITCH,WORCESTERSHIRE,Standard,Addition,52.3136940000,-1.9413390000
130000,2003-02-18 00:00:00Z,B97 6EH,Semi-Detached,Established,Freehold,233,,BIRMINGHAM ROAD,REDDITCH,REDDITCH,REDDITCH,WORCESTERSHIRE,Standard,Addition,52.3163740000,-1.9425820000
119950,2003-02-28 00:00:00Z,B97 4BS,Semi-Detached,Established,Freehold,69,,PROSPECT HILL,REDDITCH,REDDITCH,REDDITCH,WORCESTERSHIRE,Standard,Addition,52.3103370000,-1.9406600000
145000,2003-08-29 00:00:00Z,B97 6EH,Detached,Established,Freehold,269,,BIRMINGHAM ROAD,REDDITCH,REDDITCH,REDDITCH,WORCESTERSHIRE,Standard,Addition,52.3163740000,-1.9425820000
105500,2004-10-18 00:00:00Z,B97 6EH,Terraced,Established,Freehold,221,,BIRMINGHAM ROAD,REDDITCH,REDDITCH,REDDITCH,WORCESTERSHIRE,Standard,Addition,52.3163740000,-1.9425820000
189950,2004-03-10 00:00:00Z,B97 6EH,Detached,Established,Freehold,263,,BIRMINGHAM ROAD,REDDITCH,REDDITCH,REDDITCH,WORCESTERSHIRE,Standard,Addition,52.3163740000,-1.9425820000
139950,2004-12-15 00:00:00Z,B97 4BT,Terraced,Established,Freehold,92,,CLIVE ROAD,REDDITCH,REDDITCH,REDDITCH,WORCESTERSHIRE,Standard,Addition,52.3108230000,-1.9418330000
139950,2004-12-17 00:00:00Z,B97 6EN,Semi-Detached,Established,Freehold,150,,BIRMINGHAM ROAD,REDDITCH,REDDITCH,REDDITCH,WORCESTERSHIRE,Standard,Addition,52.3134150000,-1.9405030000
134950,2004-12-10 00:00:00Z,B97 6EH,Terraced,Established,Freehold,223,,BIRMINGHAM ROAD,REDDITCH,REDDITCH,REDDITCH,WORCESTERSHIRE,Standard,Addition,52.3163740000,-1.9425820000
173000,2004-04-01 00:00:00Z,B97 4BS,Semi-Detached,Established,Freehold,51,,PROSPECT HILL,REDDITCH,REDDITCH,REDDITCH,WORCESTERSHIRE,Standard,Addition,52.3103370000,-1.9406600000
117000,2004-12-09 00:00:00Z,B97 6AT,Terraced,Established,Freehold,115,,HEWELL ROAD,REDDITCH,REDDITCH,REDDITCH,WORCESTERSHIRE,Standard,Addition,52.3103710000,-1.9478550000
83500,2004-04-05 00:00:00Z,B97 6AT,Terraced,Established,Freehold,115,,HEWELL ROAD,REDDITCH,REDDITCH,REDDITCH,WORCESTERSHIRE,Standard,Addition,52.3103710000,-1.9478550000
157000,2004-11-05 00:00:00Z,B97 6EH,Semi-Detached,Established,Freehold,275,,BIRMINGHAM ROAD,REDDITCH,REDDITCH,REDDITCH,WORCESTERSHIRE,Standard,Addition,52.3163740000,-1.9425820000
142500,2005-07-28 00:00:00Z,B97 4BT,Terraced,Established,Freehold,100,,CLIVE ROAD,REDDITCH,REDDITCH,REDDITCH,WORCESTERSHIRE,Standard,Addition,52.3108230000,-1.9418330000
145000,2005-03-14 00:00:00Z,B97 4BS,Semi-Detached,Established,Freehold,61,,PROSPECT HILL,REDDITCH,REDDITCH,REDDITCH,WORCESTERSHIRE,Standard,Addition,52.3103370000,-1.9406600000
166250,2005-06-26 00:00:00Z,B97 6EA,Semi-Detached,Established,Freehold,211,,BIRMINGHAM ROAD,REDDITCH,REDDITCH,REDDITCH,WORCESTERSHIRE,Standard,Addition,52.3136940000,-1.9413390000
120000,2005-08-25 00:00:00Z,B97 4BT,Terraced,Established,Freehold,104,,CLIVE ROAD,REDDITCH,REDDITCH,REDDITCH,WORCESTERSHIRE,Standard,Addition,52.3108230000,-1.9418330000
79000,2005-12-16 00:00:00Z,B97 6EH,Flats/Maisonettes,Established,Leasehold,241A,,BIRMINGHAM ROAD,REDDITCH,REDDITCH,REDDITCH,WORCESTERSHIRE,Standard,Addition,52.3163740000,-1.9425820000
122950,2005-02-11 00:00:00Z,B97 6AT,Terraced,Established,Freehold,129,,HEWELL ROAD,,REDDITCH,REDDITCH,WORCESTERSHIRE,Standard,Addition,52.3103710000,-1.9478550000
190000,2005-08-25 00:00:00Z,B97 6EH,Detached,Established,Freehold,269,,BIRMINGHAM ROAD,,REDDITCH,REDDITCH,WORCESTERSHIRE,Standard,Addition,52.3163740000,-1.9425820000
136000,2006-06-07 00:00:00Z,B97 4BE,Flats/Maisonettes,New Build,Leasehold,PROSPECT VIEW,APARTMENT 4,CLIVE ROAD,,REDDITCH,REDDITCH,WORCESTERSHIRE,Standard,Addition,52.3108000000,-1.9431610000
129000,2006-03-06 00:00:00Z,B97 4BT,Terraced,Established,Freehold,98,,CLIVE ROAD,REDDITCH,REDDITCH,REDDITCH,WORCESTERSHIRE,Standard,Addition,52.3108230000,-1.9418330000
110101,2006-10-27 00:00:00Z,B97 4BT,Semi-Detached,Established,Freehold,58,,CLIVE ROAD,REDDITCH,REDDITCH,REDDITCH,WORCESTERSHIRE,Standard,Addition,52.3108230000,-1.9418330000
136000,2006-05-26 00:00:00Z,B97 4BE,Flats/Maisonettes,New Build,Leasehold,PROSPECT VIEW,APARTMENT 7,CLIVE ROAD,REDDITCH,REDDITCH,REDDITCH,WORCESTERSHIRE,Standard,Addition,52.3108000000,-1.9431610000
161000,2006-03-31 00:00:00Z,B97 4BE,Flats/Maisonettes,New Build,Leasehold,PROSPECT VIEW,APARTMENT 6,CLIVE ROAD,,REDDITCH,REDDITCH,WORCESTERSHIRE,Standard,Addition,52.3108000000,-1.9431610000
136000,2006-04-13 00:00:00Z,B97 4BE,Flats/Maisonettes,New Build,Leasehold,PROSPECT VIEW,APARTMENT 17,CLIVE ROAD,REDDITCH,REDDITCH,REDDITCH,WORCESTERSHIRE,Standard,Addition,52.3108000000,-1.9431610000
136000,2006-04-13 00:00:00Z,B97 4BE,Flats/Maisonettes,New Build,Leasehold,PROSPECT VIEW,APARTMENT 5,CLIVE ROAD,,REDDITCH,REDDITCH,WORCESTERSHIRE,Standard,Addition,52.3108000000,-1.9431610000
136000,2006-04-19 00:00:00Z,B97 4BE,Flats/Maisonettes,New Build,Leasehold,PROSPECT VIEW,APARTMENT 12,CLIVE ROAD,,REDDITCH,REDDITCH,WORCESTERSHIRE,Standard,Addition,52.3108000000,-1.9431610000
136000,2006-05-12 00:00:00Z,B97 4BE,Flats/Maisonettes,New Build,Leasehold,PROSPECT VIEW,APARTMENT 1,CLIVE ROAD,,REDDITCH,REDDITCH,WORCESTERSHIRE,Standard,Addition,52.3108000000,-1.9431610000
195000,2006-11-24 00:00:00Z,B97 6EN,Terraced,Established,Freehold,156,,BIRMINGHAM ROAD,REDDITCH,REDDITCH,REDDITCH,WORCESTERSHIRE,Standard,Addition,52.3134150000,-1.9405030000
136000,2006-05-26 00:00:00Z,B97 4BE,Flats/Maisonettes,New Build,Leasehold,PROSPECT VIEW,APARTMENT 9,CLIVE ROAD,,REDDITCH,REDDITCH,WORCESTERSHIRE,Standard,Addition,52.3108000000,-1.9431610000
136000,2006-04-13 00:00:00Z,B97 4BE,Flats/Maisonettes,New Build,Leasehold,PROSPECT VIEW,APARTMENT 19,CLIVE ROAD,REDDITCH,REDDITCH,REDDITCH,WORCESTERSHIRE,Standard,Addition,52.3108000000,-1.9431610000
136000,2006-04-13 00:00:00Z,B97 4BE,Flats/Maisonettes,New Build,Leasehold,PROSPECT VIEW,APARTMENT 15,CLIVE ROAD,REDDITCH,REDDITCH,REDDITCH,WORCESTERSHIRE,Standard,Addition,52.3108000000,-1.9431610000
70000,2006-05-26 00:00:00Z,B97 6EH,Flats/Maisonettes,Established,Leasehold,241B,,BIRMINGHAM ROAD,REDDITCH,REDDITCH,REDDITCH,WORCESTERSHIRE,Standard,Addition,52.3163740000,-1.9425820000
104500,2006-09-29 00:00:00Z,B97 6AT,Terraced,Established,Freehold,123,,HEWELL ROAD,REDDITCH,REDDITCH,REDDITCH,WORCESTERSHIRE,Standard,Addition,52.3103710000,-1.9478550000
155000,2006-03-07 00:00:00Z,B97 6EL,Semi-Detached,Established,Freehold,236,,BIRMINGHAM ROAD,REDDITCH,REDDITCH,REDDITCH,WORCESTERSHIRE,Standard,Addition,52.3159420000,-1.9415410000
142500,2006-12-22 00:00:00Z,B97 4BE,Flats/Maisonettes,New Build,Leasehold,PROSPECT VIEW,APARTMENT 16,CLIVE ROAD,,REDDITCH,REDDITCH,WORCESTERSHIRE,Standard,Addition,52.3108000000,-1.9431610000
136000,2006-04-13 00:00:00Z,B97 4BE,Flats/Maisonettes,New Build,Leasehold,PROSPECT VIEW,APARTMENT 14,CLIVE ROAD,,REDDITCH,REDDITCH,WORCESTERSHIRE,Standard,Addition,52.3108000000,-1.9431610000
136000,2006-05-12 00:00:00Z,B97 4BE,Flats/Maisonettes,New Build,Leasehold,PROSPECT VIEW,APARTMENT 23,CLIVE ROAD,REDDITCH,REDDITCH,REDDITCH,WORCESTERSHIRE,Standard,Addition,52.3108000000,-1.9431610000
145500,2007-06-08 00:00:00Z,B97 6EH,Terraced,Established,Freehold,223,,BIRMINGHAM ROAD,REDDITCH,REDDITCH,REDDITCH,WORCESTERSHIRE,Standard,Addition,52.3163740000,-1.9425820000
124000,2007-01-12 00:00:00Z,B97 4BE,Flats/Maisonettes,New Build,Leasehold,PROSPECT VIEW,APARTMENT 8,CLIVE ROAD,,REDDITCH,REDDITCH,WORCESTERSHIRE,Standard,Addition,52.3108000000,-1.9431610000
217500,2007-11-30 00:00:00Z,B97 6EH,Detached,Established,Freehold,297,,BIRMINGHAM ROAD,REDDITCH,REDDITCH,REDDITCH,WORCESTERSHIRE,Standard,Addition,52.3163740000,-1.9425820000
125000,2007-11-26 00:00:00Z,B97 4BS,Semi-Detached,Established,Freehold,65,,PROSPECT HILL,REDDITCH,REDDITCH,REDDITCH,WORCESTERSHIRE,Standard,Addition,52.3103370000,-1.9406600000
222000,2007-12-14 00:00:00Z,B97 6EH,Semi-Detached,Established,Freehold,281,,BIRMINGHAM ROAD,REDDITCH,REDDITCH,REDDITCH,WORCESTERSHIRE,Standard,Addition,52.3163740000,-1.9425820000
95000,2007-06-29 00:00:00Z,B97 6EH,Flats/Maisonettes,Established,Leasehold,241A,,BIRMINGHAM ROAD,REDDITCH,REDDITCH,REDDITCH,WORCESTERSHIRE,Standard,Addition,52.3163740000,-1.9425820000
148000,2007-09-26 00:00:00Z,B97 4BT,Semi-Detached,Established,Freehold,76,,CLIVE ROAD,REDDITCH,REDDITCH,REDDITCH,WORCESTERSHIRE,Standard,Addition,52.3108230000,-1.9418330000
135000,2007-01-29 00:00:00Z,B97 4BS,Semi-Detached,Established,Freehold,67,,PROSPECT HILL,REDDITCH,REDDITCH,REDDITCH,WORCESTERSHIRE,Standard,Addition,52.3103370000,-1.9406600000
140000,2008-08-29 00:00:00Z,B97 6EH,Semi-Detached,Established,Freehold,233,,BIRMINGHAM ROAD,REDDITCH,REDDITCH,REDDITCH,WORCESTERSHIRE,Standard,Addition,52.3163740000,-1.9425820000
125000,2008-03-19 00:00:00Z,B97 4BS,Semi-Detached,Established,Freehold,51,,PROSPECT HILL,REDDITCH,REDDITCH,REDDITCH,WORCESTERSHIRE,Standard,Addition,52.3103370000,-1.9406600000
135000,2009-12-04 00:00:00Z,B97 6EN,Semi-Detached,Established,Freehold,146,,BIRMINGHAM ROAD,,REDDITCH,REDDITCH,WORCESTERSHIRE,Standard,Addition,52.3134150000,-1.9405030000
179995,2009-12-15 00:00:00Z,B97 6AD,Detached,New Build,Freehold,57,,DIXON CLOSE,,REDDITCH,REDDITCH,WORCESTERSHIRE,Standard,Addition,52.3132240000,-1.9434430000
184995,2009-11-20 00:00:00Z,B97 6AD,Semi-Detached,New Build,Freehold,69,,DIXON CLOSE,,REDDITCH,REDDITCH,WORCESTERSHIRE,Standard,Addition,52.3132240000,-1.9434430000
165000,2009-10-16 00:00:00Z,B97 6AP,Terraced,New Build,Freehold,75,,DIXON CLOSE,,REDDITCH,REDDITCH,WORCESTERSHIRE,Standard,Addition,52.3135750000,-1.9439270000
182995,2009-06-26 00:00:00Z,B97 6AP,Terraced,New Build,Freehold,83,,DIXON CLOSE,,REDDITCH,REDDITCH,WORCESTERSHIRE,Standard,Addition,52.3135750000,-1.9439270000
174995,2009-11-19 00:00:00Z,B97 6AP,Semi-Detached,New Build,Freehold,71,,DIXON CLOSE,,REDDITCH,REDDITCH,WORCESTERSHIRE,Standard,Addition,52.3135750000,-1.9439270000
182995,2009-09-29 00:00:00Z,B97 6AP,Semi-Detached,New Build,Freehold,76,,DIXON CLOSE,,REDDITCH,REDDITCH,WORCESTERSHIRE,Standard,Addition,52.3135750000,-1.9439270000
165000,2009-10-28 00:00:00Z,B97 6AP,Terraced,New Build,Freehold,74,,DIXON CLOSE,,REDDITCH,REDDITCH,WORCESTERSHIRE,Standard,Addition,52.3135750000,-1.9439270000
164995,2009-12-14 00:00:00Z,B97 6AD,Terraced,New Build,Freehold,56,,DIXON CLOSE,,REDDITCH,REDDITCH,WORCESTERSHIRE,Standard,Addition,52.3132240000,-1.9434430000
179995,2009-12-18 00:00:00Z,B97 6AD,Terraced,New Build,Freehold,55,,DIXON CLOSE,,REDDITCH,REDDITCH,WORCESTERSHIRE,Standard,Addition,52.3132240000,-1.9434430000
184995,2009-12-11 00:00:00Z,B97 6AD,Semi-Detached,New Build,Freehold,107,,DIXON CLOSE,,REDDITCH,REDDITCH,WORCESTERSHIRE,Standard,Addition,52.3132240000,-1.9434430000
174995,2009-11-20 00:00:00Z,B97 6AP,Terraced,New Build,Freehold,70,,DIXON CLOSE,,REDDITCH,REDDITCH,WORCESTERSHIRE,Standard,Addition,52.3135750000,-1.9439270000
179995,2009-12-17 00:00:00Z,B97 6AP,Terraced,New Build,Freehold,54,,DIXON CLOSE,,REDDITCH,REDDITCH,WORCESTERSHIRE,Standard,Addition,52.3135750000,-1.9439270000
178995,2009-12-04 00:00:00Z,B97 6AP,Terraced,New Build,Freehold,108,,DIXON CLOSE,,REDDITCH,REDDITCH,WORCESTERSHIRE,Standard,Addition,52.3135750000,-1.9439270000
163995,2009-07-24 00:00:00Z,B97 6AP,Terraced,New Build,Freehold,82,,DIXON CLOSE,,REDDITCH,REDDITCH,WORCESTERSHIRE,Standard,Addition,52.3135750000,-1.9439270000
164995,2009-08-08 00:00:00Z,B97 6AP,Terraced,New Build,Freehold,81,,DIXON CLOSE,,REDDITCH,REDDITCH,WORCESTERSHIRE,Standard,Addition,52.3135750000,-1.9439270000
166995,2009-12-18 00:00:00Z,B97 6AD,Terraced,New Build,Freehold,53,,DIXON CLOSE,,REDDITCH,REDDITCH,WORCESTERSHIRE,Standard,Addition,52.3132240000,-1.9434430000
165995,2009-08-28 00:00:00Z,B97 6AP,Semi-Detached,New Build,Freehold,80,,DIXON CLOSE,,REDDITCH,REDDITCH,WORCESTERSHIRE,Standard,Addition,52.3135750000,-1.9439270000
174995,2009-12-04 00:00:00Z,B97 6AD,Terraced,New Build,Freehold,110,,DIXON CLOSE,,REDDITCH,REDDITCH,WORCESTERSHIRE,Standard,Addition,52.3132240000,-1.9434430000
176995,2009-11-02 00:00:00Z,B97 6AP,Terraced,New Build,Freehold,73,,DIXON CLOSE,,REDDITCH,REDDITCH,WORCESTERSHIRE,Standard,Addition,52.3135750000,-1.9439270000
182995,2009-09-18 00:00:00Z,B97 6AP,Terraced,New Build,Freehold,77,,DIXON CLOSE,,REDDITCH,REDDITCH,WORCESTERSHIRE,Standard,Addition,52.3135750000,-1.9439270000
191995,2009-11-13 00:00:00Z,B97 6AP,Semi-Detached,New Build,Freehold,72,,DIXON CLOSE,,REDDITCH,REDDITCH,WORCESTERSHIRE,Standard,Addition,52.3135750000,-1.9439270000
174995,2009-12-04 00:00:00Z,B97 6AD,Terraced,New Build,Freehold,109,,DIXON CLOSE,,REDDITCH,REDDITCH,WORCESTERSHIRE,Standard,Addition,52.3132240000,-1.9434430000
180000,2009-09-30 00:00:00Z,B97 6AP,Terraced,New Build,Freehold,79,,DIXON CLOSE,,REDDITCH,REDDITCH,WORCESTERSHIRE,Standard,Addition,52.3135750000,-1.9439270000
185000,2009-12-14 00:00:00Z,B97 6AP,Semi-Detached,New Build,Freehold,106,,DIXON CLOSE,,REDDITCH,REDDITCH,WORCESTERSHIRE,Standard,Addition,52.3135750000,-1.9439270000
149500,2010-04-30 00:00:00Z,B97 6AD,Terraced,New Build,Freehold,49,,DIXON CLOSE,,REDDITCH,REDDITCH,WORCESTERSHIRE,Standard,Addition,52.3132240000,-1.9434430000
169950,2010-08-12 00:00:00Z,B97 6AP,Terraced,Established,Freehold,125,,DIXON CLOSE,,REDDITCH,REDDITCH,WORCESTERSHIRE,Standard,Addition,52.3135750000,-1.9439270000
136990,2010-03-19 00:00:00Z,B97 6AP,Detached,New Build,Freehold,94,,DIXON CLOSE,,REDDITCH,REDDITCH,WORCESTERSHIRE,Standard,Addition,52.3135750000,-1.9439270000
177995,2010-04-23 00:00:00Z,B97 6AD,Terraced,New Build,Freehold,51,,DIXON CLOSE,,REDDITCH,REDDITCH,WORCESTERSHIRE,Standard,Addition,52.3132240000,-1.9434430000
210000,2010-03-26 00:00:00Z,B97 6AP,Detached,New Build,Freehold,91,,DIXON CLOSE,,REDDITCH,REDDITCH,WORCESTERSHIRE,Standard,Addition,52.3135750000,-1.9439270000
180000,2010-03-30 00:00:00Z,B97 6AD,Detached,New Build,Freehold,42,,DIXON CLOSE,,REDDITCH,REDDITCH,WORCESTERSHIRE,Standard,Addition,52.3132240000,-1.9434430000
235000,2010-04-09 00:00:00Z,B97 6AD,Detached,New Build,Freehold,44,,DIXON CLOSE,,REDDITCH,REDDITCH,WORCESTERSHIRE,Standard,Addition,52.3132240000,-1.9434430000
167950,2010-07-29 00:00:00Z,B97 6AP,Terraced,New Build,Freehold,128,,DIXON CLOSE,,REDDITCH,REDDITCH,WORCESTERSHIRE,Standard,Addition,52.3135750000,-1.9439270000
124950,2010-02-04 00:00:00Z,B97 6AD,Detached,Established,Freehold,97,,DIXON CLOSE,,REDDITCH,REDDITCH,WORCESTERSHIRE,Standard,Addition,52.3132240000,-1.9434430000
123000,2010-12-15 00:00:00Z,B97 4BT,Semi-Detached,Established,Freehold,58,,CLIVE ROAD,,REDDITCH,REDDITCH,WORCESTERSHIRE,Standard,Addition,52.3108230000,-1.9418330000
119950,2010-12-17 00:00:00Z,B97 6AD,Detached,New Build,Freehold,19,,DIXON CLOSE,,REDDITCH,REDDITCH,WORCESTERSHIRE,Standard,Addition,52.3132240000,-1.9434430000
85000,2010-01-01 00:00:00Z,B97 6AJ,Flats/Maisonettes,New Build,Leasehold,HOLLINGTON HOUSE,65,DIXON CLOSE,,REDDITCH,REDDITCH,WORCESTERSHIRE,Standard,Addition,52.3139240000,-1.9445360000
93000,2010-12-03 00:00:00Z,B97 6EA,Semi-Detached,Established,Freehold,215,,BIRMINGHAM ROAD,,REDDITCH,REDDITCH,WORCESTERSHIRE,Standard,Addition,52.3136940000,-1.9413390000
187950,2010-09-30 00:00:00Z,B97 6AD,Terraced,New Build,Freehold,30,,DIXON CLOSE,,REDDITCH,REDDITCH,WORCESTERSHIRE,Standard,Addition,52.3132240000,-1.9434430000
182950,2010-11-19 00:00:00Z,B97 6AD,Semi-Detached,New Build,Freehold,25,,DIXON CLOSE,,REDDITCH,REDDITCH,WORCESTERSHIRE,Standard,Addition,52.3132240000,-1.9434430000
119990,2010-04-23 00:00:00Z,B97 6AD,Flats/Maisonettes,New Build,Freehold,52,,DIXON CLOSE,,REDDITCH,REDDITCH,WORCESTERSHIRE,Standard,Addition,52.3132240000,-1.9434430000
176950,2010-11-25 00:00:00Z,B97 6AD,Terraced,New Build,Freehold,21,,DIXON CLOSE,,REDDITCH,REDDITCH,WORCESTERSHIRE,Standard,Addition,52.3132240000,-1.9434430000
125950,2010-12-10 00:00:00Z,B97 6AD,Detached,New Build,Freehold,20,,DIXON CLOSE,,REDDITCH,REDDITCH,WORCESTERSHIRE,Standard,Addition,52.3132240000,-1.9434430000
174995,2010-01-29 00:00:00Z,B97 6AD,Terraced,New Build,Freehold,103,,DIXON CLOSE,,REDDITCH,REDDITCH,WORCESTERSHIRE,Standard,Addition,52.3132240000,-1.9434430000
134995,2010-02-25 00:00:00Z,B97 6AD,Terraced,New Build,Freehold,98,,DIXON CLOSE,,REDDITCH,REDDITCH,WORCESTERSHIRE,Standard,Addition,52.3132240000,-1.9434430000
184990,2010-07-09 00:00:00Z,B97 6AP,Detached,New Build,Freehold,136,,DIXON CLOSE,,REDDITCH,REDDITCH,WORCESTERSHIRE,Standard,Addition,52.3135750000,-1.9439270000
167950,2010-07-22 00:00:00Z,B97 6AP,Terraced,New Build,Freehold,127,,DIXON CLOSE,,REDDITCH,REDDITCH,WORCESTERSHIRE,Standard,Addition,52.3135750000,-1.9439270000
92110,2010-05-28 00:00:00Z,B97 6AP,Terraced,Established,Freehold,112,,DIXON CLOSE,,REDDITCH,REDDITCH,WORCESTERSHIRE,Standard,Addition,52.3135750000,-1.9439270000
182995,2010-08-27 00:00:00Z,B97 6AD,Semi-Detached,New Build,Freehold,41,,DIXON CLOSE,,REDDITCH,REDDITCH,WORCESTERSHIRE,Standard,Addition,52.3132240000,-1.9434430000
176950,2010-11-26 00:00:00Z,B97 6AD,Terraced,New Build,Freehold,22,,DIXON CLOSE,,REDDITCH,REDDITCH,WORCESTERSHIRE,Standard,Addition,52.3132240000,-1.9434430000
110950,2010-12-17 00:00:00Z,B97 6AJ,Flats/Maisonettes,New Build,Leasehold,HOLLINGTON HOUSE,1,DIXON CLOSE,,REDDITCH,REDDITCH,WORCESTERSHIRE,Standard,Addition,52.3139240000,-1.9445360000
120000,2010-03-26 00:00:00Z,B97 6AT,Terraced,Established,Freehold,107,,HEWELL ROAD,,REDDITCH,REDDITCH,WORCESTERSHIRE,Standard,Addition,52.3103710000,-1.9478550000
126950,2010-12-17 00:00:00Z,B97 6AD,Detached,New Build,Freehold,15,,DIXON CLOSE,,REDDITCH,REDDITCH,WORCESTERSHIRE,Standard,Addition,52.3132240000,-1.9434430000
178995,2010-02-26 00:00:00Z,B97 6AP,Semi-Detached,New Build,Freehold,96,,DIXON CLOSE,,REDDITCH,REDDITCH,WORCESTERSHIRE,Standard,Addition,52.3135750000,-1.9439270000
185950,2010-08-27 00:00:00Z,B97 6AD,Semi-Detached,New Build,Freehold,34,,DIXON CLOSE,,REDDITCH,REDDITCH,WORCESTERSHIRE,Standard,Addition,52.3132240000,-1.9434430000
153995,2010-09-30 00:00:00Z,B97 6AP,Semi-Detached,New Build,Freehold,95,,DIXON CLOSE,,REDDITCH,REDDITCH,WORCESTERSHIRE,Standard,Addition,52.3135750000,-1.9439270000
230000,2010-10-27 00:00:00Z,B97 6AD,Detached,New Build,Freehold,43,,DIXON CLOSE,,REDDITCH,REDDITCH,WORCESTERSHIRE,Standard,Addition,52.3132240000,-1.9434430000
174990,2010-01-29 00:00:00Z,B97 6AP,Terraced,New Build,Freehold,104,,DIXON CLOSE,,REDDITCH,REDDITCH,WORCESTERSHIRE,Standard,Addition,52.3135750000,-1.9439270000
176950,2010-11-19 00:00:00Z,B97 6AD,Terraced,New Build,Freehold,23,,DIXON CLOSE,,REDDITCH,REDDITCH,WORCESTERSHIRE,Standard,Addition,52.3132240000,-1.9434430000
200000,2010-03-31 00:00:00Z,B97 6AP,Detached,New Build,Freehold,101,,DIXON CLOSE,,REDDITCH,REDDITCH,WORCESTERSHIRE,Standard,Addition,52.3135750000,-1.9439270000
153990,2010-09-28 00:00:00Z,B97 6AP,Semi-Detached,New Build,Freehold,134,,DIXON CLOSE,,REDDITCH,REDDITCH,WORCESTERSHIRE,Standard,Addition,52.3135750000,-1.9439270000
119950,2010-10-28 00:00:00Z,B97 6AD,Flats/Maisonettes,New Build,Freehold,37,,DIXON CLOSE,,REDDITCH,REDDITCH,WORCESTERSHIRE,Standard,Addition,52.3132240000,-1.9434430000
169990,2010-03-19 00:00:00Z,B97 6AP,Terraced,New Build,Freehold,92,,DIXON CLOSE,,REDDITCH,REDDITCH,WORCESTERSHIRE,Standard,Addition,52.3135750000,-1.9439270000
119990,2010-02-12 00:00:00Z,B97 6AP,Semi-Detached,New Build,Freehold,102,,DIXON CLOSE,,REDDITCH,REDDITCH,WORCESTERSHIRE,Standard,Addition,52.3135750000,-1.9439270000
184950,2010-02-26 00:00:00Z,B97 6AP,Semi-Detached,New Build,Freehold,105,,DIXON CLOSE,,REDDITCH,REDDITCH,WORCESTERSHIRE,Standard,Addition,52.3135750000,-1.9439270000
181950,2010-09-15 00:00:00Z,B97 6AD,Terraced,New Build,Freehold,31,,DIXON CLOSE,,REDDITCH,REDDITCH,WORCESTERSHIRE,Standard,Addition,52.3132240000,-1.9434430000
109950,2010-12-17 00:00:00Z,B97 6AJ,Flats/Maisonettes,New Build,Leasehold,HOLLINGTON HOUSE,23,DIXON CLOSE,,REDDITCH,REDDITCH,WORCESTERSHIRE,Standard,Addition,52.3139240000,-1.9445360000
179995,2010-02-19 00:00:00Z,B97 6AD,Terraced,New Build,Freehold,100,,DIXON CLOSE,,REDDITCH,REDDITCH,WORCESTERSHIRE,Standard,Addition,52.3132240000,-1.9434430000
189995,2010-06-30 00:00:00Z,B97 6AP,Semi-Detached,New Build,Freehold,130,,DIXON CLOSE,,REDDITCH,REDDITCH,WORCESTERSHIRE,Standard,Addition,52.3135750000,-1.9439270000
174990,2010-03-12 00:00:00Z,B97 6AP,Semi-Detached,New Build,Freehold,93,,DIXON CLOSE,,REDDITCH,REDDITCH,WORCESTERSHIRE,Standard,Addition,52.3135750000,-1.9439270000
134995,2010-02-26 00:00:00Z,B97 6AP,Terraced,New Build,Freehold,99,,DIXON CLOSE,,REDDITCH,REDDITCH,WORCESTERSHIRE,Standard,Addition,52.3135750000,-1.9439270000
130000,2010-03-12 00:00:00Z,B97 4BT,Semi-Detached,Established,Freehold,88,,CLIVE ROAD,,REDDITCH,REDDITCH,WORCESTERSHIRE,Standard,Addition,52.3108230000,-1.9418330000
125000,2010-04-30 00:00:00Z,B97 6AD,Terraced,New Build,Freehold,48,,DIXON CLOSE,,REDDITCH,REDDITCH,WORCESTERSHIRE,Standard,Addition,52.3132240000,-1.9434430000
167950,2010-07-30 00:00:00Z,B97 6AP,Terraced,New Build,Freehold,126,,DIXON CLOSE,,REDDITCH,REDDITCH,WORCESTERSHIRE,Standard,Addition,52.3135750000,-1.9439270000
182990,2010-05-28 00:00:00Z,B97 6AD,Semi-Detached,New Build,Freehold,40,,DIXON CLOSE,,REDDITCH,REDDITCH,WORCESTERSHIRE,Standard,Addition,52.3132240000,-1.9434430000
176995,2010-05-07 00:00:00Z,B97 6AD,Terraced,New Build,Freehold,46,,DIXON CLOSE,,REDDITCH,REDDITCH,WORCESTERSHIRE,Standard,Addition,52.3132240000,-1.9434430000
176990,2010-04-23 00:00:00Z,B97 6AD,Terraced,New Build,Freehold,50,,DIXON CLOSE,,REDDITCH,REDDITCH,WORCESTERSHIRE,Standard,Addition,52.3132240000,-1.9434430000
188950,2010-12-17 00:00:00Z,B97 6AD,Terraced,New Build,Freehold,18,,DIXON CLOSE,,REDDITCH,REDDITCH,WORCESTERSHIRE,Standard,Addition,52.3132240000,-1.9434430000
175000,2010-09-01 00:00:00Z,B97 6EH,Semi-Detached,Established,Freehold,279,,BIRMINGHAM ROAD,,REDDITCH,REDDITCH,WORCESTERSHIRE,Standard,Addition,52.3163740000,-1.9425820000
230000,2010-04-30 00:00:00Z,B97 6AD,Detached,New Build,Freehold,39,,DIXON CLOSE,,REDDITCH,REDDITCH,WORCESTERSHIRE,Standard,Addition,52.3132240000,-1.9434430000
155995,2010-06-14 00:00:00Z,B97 6AP,Semi-Detached,New Build,Freehold,135,,DIXON CLOSE,,REDDITCH,REDDITCH,WORCESTERSHIRE,Standard,Addition,52.3135750000,-1.9439270000
174990,2010-05-14 00:00:00Z,B97 6AD,Terraced,New Build,Freehold,47,,DIXON CLOSE,,REDDITCH,REDDITCH,WORCESTERSHIRE,Standard,Addition,52.3132240000,-1.9434430000
179500,2010-11-01 00:00:00Z,B97 6AD,Terraced,New Build,Freehold,33,,DIXON CLOSE,,REDDITCH,REDDITCH,WORCESTERSHIRE,Standard,Addition,52.3132240000,-1.9434430000
210000,2010-11-26 00:00:00Z,B97 6EH,Semi-Detached,Established,Freehold,281,,BIRMINGHAM ROAD,,REDDITCH,REDDITCH,WORCESTERSHIRE,Standard,Addition,52.3163740000,-1.9425820000
189995,2010-06-17 00:00:00Z,B97 6AP,Terraced,Established,Freehold,132,,DIXON CLOSE,,REDDITCH,REDDITCH,WORCESTERSHIRE,Standard,Addition,52.3135750000,-1.9439270000
187950,2010-10-22 00:00:00Z,B97 6AD,Terraced,New Build,Freehold,27,,DIXON CLOSE,,REDDITCH,REDDITCH,WORCESTERSHIRE,Standard,Addition,52.3132240000,-1.9434430000
230000,2010-11-10 00:00:00Z,B97 6AD,Detached,New Build,Freehold,38,,DIXON CLOSE,,REDDITCH,REDDITCH,WORCESTERSHIRE,Standard,Addition,52.3132240000,-1.9434430000
177950,2010-09-24 00:00:00Z,B97 6AD,Terraced,New Build,Freehold,32,,DIXON CLOSE,,REDDITCH,REDDITCH,WORCESTERSHIRE,Standard,Addition,52.3132240000,-1.9434430000
111950,2010-12-17 00:00:00Z,B97 6AJ,Flats/Maisonettes,New Build,Leasehold,HOLLINGTON HOUSE,22,DIXON CLOSE,,REDDITCH,REDDITCH,WORCESTERSHIRE,Standard,Addition,52.3139240000,-1.9445360000
175000,2010-05-12 00:00:00Z,B97 6AD,Terraced,New Build,Freehold,45,,DIXON CLOSE,,REDDITCH,REDDITCH,WORCESTERSHIRE,Standard,Addition,52.3132240000,-1.9434430000
110950,2010-12-17 00:00:00Z,B97 6AJ,Flats/Maisonettes,New Build,Leasehold,HOLLINGTON HOUSE,43,DIXON CLOSE,,REDDITCH,REDDITCH,WORCESTERSHIRE,Standard,Addition,52.3139240000,-1.9445360000
166000,2011-07-23 00:00:00Z,B97 6AP,Terraced,New Build,Freehold,129,,DIXON CLOSE,,REDDITCH,REDDITCH,WORCESTERSHIRE,Standard,Addition,52.3135750000,-1.9439270000
85000,2011-08-26 00:00:00Z,B97 6AJ,Flats/Maisonettes,New Build,Leasehold,HOLLINGTON HOUSE,58,DIXON CLOSE,,REDDITCH,REDDITCH,WORCESTERSHIRE,Standard,Addition,52.3139240000,-1.9445360000
113450,2011-03-25 00:00:00Z,B97 6AJ,Flats/Maisonettes,New Build,Leasehold,HOLLINGTON HOUSE,24,DIXON CLOSE,,REDDITCH,REDDITCH,WORCESTERSHIRE,Standard,Addition,52.3139240000,-1.9445360000
173000,2011-06-30 00:00:00Z,B97 6AP,Terraced,New Build,Freehold,85,,DIXON CLOSE,,REDDITCH,REDDITCH,WORCESTERSHIRE,Standard,Addition,52.3135750000,-1.9439270000
110950,2011-03-04 00:00:00Z,B97 6AJ,Flats/Maisonettes,New Build,Leasehold,HOLLINGTON HOUSE,60,DIXON CLOSE,,REDDITCH,REDDITCH,WORCESTERSHIRE,Standard,Addition,52.3139240000,-1.9445360000
69000,2011-12-16 00:00:00Z,B97 6AJ,Flats/Maisonettes,New Build,Leasehold,HOLLINGTON HOUSE,12,DIXON CLOSE,,REDDITCH,REDDITCH,WORCESTERSHIRE,Standard,Addition,52.3139240000,-1.9445360000
70000,2011-12-22 00:00:00Z,B97 6AJ,Flats/Maisonettes,New Build,Leasehold,HOLLINGTON HOUSE,14,DIXON CLOSE,,REDDITCH,REDDITCH,WORCESTERSHIRE,Standard,Addition,52.3139240000,-1.9445360000
112000,2011-08-01 00:00:00Z,B97 4BE,Flats/Maisonettes,New Build,Leasehold,PROSPECT VIEW,APARTMENT 25,CLIVE ROAD,,REDDITCH,REDDITCH,WORCESTERSHIRE,Standard,Addition,52.3108000000,-1.9431610000
170000,2011-03-31 00:00:00Z,B97 6AD,Terraced,New Build,Freehold,10,,DIXON CLOSE,,REDDITCH,REDDITCH,WORCESTERSHIRE,Standard,Addition,52.3132240000,-1.9434430000
82500,2011-08-05 00:00:00Z,B97 6AJ,Flats/Maisonettes,New Build,Leasehold,HOLLINGTON HOUSE,59,DIXON CLOSE,,REDDITCH,REDDITCH,WORCESTERSHIRE,Standard,Addition,52.3139240000,-1.9445360000
86000,2011-12-16 00:00:00Z,B97 6AJ,Flats/Maisonettes,New Build,Leasehold,HOLLINGTON HOUSE,35,DIXON CLOSE,,REDDITCH,REDDITCH,WORCESTERSHIRE,Standard,Addition,52.3139240000,-1.9445360000
70000,2011-12-14 00:00:00Z,B97 6AJ,Flats/Maisonettes,New Build,Leasehold,HOLLINGTON HOUSE,53,DIXON CLOSE,,REDDITCH,REDDITCH,WORCESTERSHIRE,Standard,Addition,52.3139240000,-1.9445360000
86000,2011-09-23 00:00:00Z,B97 6AJ,Flats/Maisonettes,New Build,Leasehold,HOLLINGTON HOUSE,38,DIXON CLOSE,,REDDITCH,REDDITCH,WORCESTERSHIRE,Standard,Addition,52.3139240000,-1.9445360000
85000,2011-06-24 00:00:00Z,B97 6AJ,Flats/Maisonettes,New Build,Leasehold,HOLLINGTON HOUSE,62,DIXON CLOSE,,REDDITCH,REDDITCH,WORCESTERSHIRE,Standard,Addition,52.3139240000,-1.9445360000
76995,2011-12-09 00:00:00Z,B97 6AJ,Flats/Maisonettes,New Build,Leasehold,HOLLINGTON HOUSE,54,DIXON CLOSE,,REDDITCH,REDDITCH,WORCESTERSHIRE,Standard,Addition,52.3139240000,-1.9445360000
85000,2011-07-29 00:00:00Z,B97 6AJ,Flats/Maisonettes,New Build,Leasehold,HOLLINGTON HOUSE,39,DIXON CLOSE,,REDDITCH,REDDITCH,WORCESTERSHIRE,Standard,Addition,52.3139240000,-1.9445360000
180000,2011-05-26 00:00:00Z,B97 6AD,Terraced,New Build,Freehold,8,,DIXON CLOSE,,REDDITCH,REDDITCH,WORCESTERSHIRE,Standard,Addition,52.3132240000,-1.9434430000
95000,2011-02-25 00:00:00Z,B97 6AJ,Flats/Maisonettes,New Build,Leasehold,HOLLINGTON HOUSE,41,DIXON CLOSE,,REDDITCH,REDDITCH,WORCESTERSHIRE,Standard,Addition,52.3139240000,-1.9445360000
161995,2011-11-10 00:00:00Z,B97 6AD,Terraced,New Build,Freehold,2,,DIXON CLOSE,,REDDITCH,REDDITCH,WORCESTERSHIRE,Standard,Addition,52.3132240000,-1.9434430000
109950,2011-02-28 00:00:00Z,B97 6AJ,Flats/Maisonettes,New Build,Leasehold,HOLLINGTON HOUSE,40,DIXON CLOSE,,REDDITCH,REDDITCH,WORCESTERSHIRE,Standard,Addition,52.3139240000,-1.9445360000
85000,2011-06-24 00:00:00Z,B97 6AJ,Flats/Maisonettes,New Build,Leasehold,HOLLINGTON HOUSE,44,DIXON CLOSE,,REDDITCH,REDDITCH,WORCESTERSHIRE,Standard,Addition,52.3139240000,-1.9445360000
105000,2011-02-28 00:00:00Z,B97 6AJ,Flats/Maisonettes,New Build,Leasehold,HOLLINGTON HOUSE,61,DIXON CLOSE,,REDDITCH,REDDITCH,WORCESTERSHIRE,Standard,Addition,52.3139240000,-1.9445360000
182950,2011-05-27 00:00:00Z,B97 6AD,Terraced,Established,Freehold,14,,DIXON CLOSE,,REDDITCH,REDDITCH,WORCESTERSHIRE,Standard,Addition,52.3132240000,-1.9434430000
111450,2011-03-31 00:00:00Z,B97 6AJ,Flats/Maisonettes,New Build,Leasehold,HOLLINGTON HOUSE,26,DIXON CLOSE,,REDDITCH,REDDITCH,WORCESTERSHIRE,Standard,Addition,52.3139240000,-1.9445360000
85000,2011-08-31 00:00:00Z,B97 6AJ,Flats/Maisonettes,New Build,Leasehold,HOLLINGTON HOUSE,37,DIXON CLOSE,,REDDITCH,REDDITCH,WORCESTERSHIRE,Standard,Addition,52.3139240000,-1.9445360000
112950,2011-03-31 00:00:00Z,B97 6AJ,Flats/Maisonettes,New Build,Leasehold,HOLLINGTON HOUSE,45,DIXON CLOSE,,REDDITCH,REDDITCH,WORCESTERSHIRE,Standard,Addition,52.3139240000,-1.9445360000
85000,2011-12-16 00:00:00Z,B97 6AJ,Flats/Maisonettes,New Build,Leasehold,HOLLINGTON HOUSE,15,DIXON CLOSE,,REDDITCH,REDDITCH,WORCESTERSHIRE,Standard,Addition,52.3139240000,-1.9445360000
109950,2011-03-31 00:00:00Z,B97 6AJ,Flats/Maisonettes,New Build,Leasehold,HOLLINGTON HOUSE,5,DIXON CLOSE,,REDDITCH,REDDITCH,WORCESTERSHIRE,Standard,Addition,52.3139240000,-1.9445360000
169995,2011-03-31 00:00:00Z,B97 6AD,Terraced,New Build,Freehold,5,,DIXON CLOSE,,REDDITCH,REDDITCH,WORCESTERSHIRE,Standard,Addition,52.3132240000,-1.9434430000
174950,2011-12-02 00:00:00Z,B97 6AP,Semi-Detached,New Build,Freehold,86,,DIXON CLOSE,,REDDITCH,REDDITCH,WORCESTERSHIRE,Standard,Addition,52.3135750000,-1.9439270000
170000,2011-02-16 00:00:00Z,B97 6AD,Terraced,New Build,Freehold,29,,DIXON CLOSE,,REDDITCH,REDDITCH,WORCESTERSHIRE,Standard,Addition,52.3132240000,-1.9434430000
169950,2011-06-14 00:00:00Z,B97 6AD,Terraced,Established,Freehold,46,,DIXON CLOSE,,REDDITCH,REDDITCH,WORCESTERSHIRE,Standard,Addition,52.3132240000,-1.9434430000
160500,2011-09-22 00:00:00Z,B97 6AD,Terraced,New Build,Freehold,28,,DIXON CLOSE,,REDDITCH,REDDITCH,WORCESTERSHIRE,Standard,Addition,52.3132240000,-1.9434430000
112950,2011-03-31 00:00:00Z,B97 6AJ,Flats/Maisonettes,New Build,Leasehold,HOLLINGTON HOUSE,46,DIXON CLOSE,,REDDITCH,REDDITCH,WORCESTERSHIRE,Standard,Addition,52.3139240000,-1.9445360000
100000,2011-12-22 00:00:00Z,B97 6AJ,Flats/Maisonettes,New Build,Leasehold,HOLLINGTON HOUSE,17,DIXON CLOSE,,REDDITCH,REDDITCH,WORCESTERSHIRE,Standard,Addition,52.3139240000,-1.9445360000
82500,2011-08-05 00:00:00Z,B97 6AJ,Flats/Maisonettes,New Build,Leasehold,HOLLINGTON HOUSE,57,DIXON CLOSE,,REDDITCH,REDDITCH,WORCESTERSHIRE,Standard,Addition,52.3139240000,-1.9445360000
95000,2011-03-16 00:00:00Z,B97 6AJ,Flats/Maisonettes,New Build,Leasehold,HOLLINGTON HOUSE,20,DIXON CLOSE,,REDDITCH,REDDITCH,WORCESTERSHIRE,Standard,Addition,52.3139240000,-1.9445360000
86000,2011-12-16 00:00:00Z,B97 6AJ,Flats/Maisonettes,New Build,Leasehold,HOLLINGTON HOUSE,56,DIXON CLOSE,,REDDITCH,REDDITCH,WORCESTERSHIRE,Standard,Addition,52.3139240000,-1.9445360000
177500,2011-02-25 00:00:00Z,B97 6AD,Detached,New Build,Freehold,35,,DIXON CLOSE,,REDDITCH,REDDITCH,WORCESTERSHIRE,Standard,Addition,52.3132240000,-1.9434430000
114450,2011-03-31 00:00:00Z,B97 6AJ,Flats/Maisonettes,New Build,Leasehold,HOLLINGTON HOUSE,63,DIXON CLOSE,,REDDITCH,REDDITCH,WORCESTERSHIRE,Standard,Addition,52.3139240000,-1.9445360000
90000,2011-07-22 00:00:00Z,B97 6AJ,Flats/Maisonettes,New Build,Leasehold,HOLLINGTON HOUSE,2,DIXON CLOSE,,REDDITCH,REDDITCH,WORCESTERSHIRE,Standard,Addition,52.3139240000,-1.9445360000
188950,2011-02-21 00:00:00Z,B97 6AD,Terraced,New Build,Freehold,16,,DIXON CLOSE,,REDDITCH,REDDITCH,WORCESTERSHIRE,Standard,Addition,52.3132240000,-1.9434430000
102000,2011-03-30 00:00:00Z,B97 6AJ,Flats/Maisonettes,New Build,Leasehold,HOLLINGTON HOUSE,4,DIXON CLOSE,,REDDITCH,REDDITCH,WORCESTERSHIRE,Standard,Addition,52.3139240000,-1.9445360000
68000,2011-12-16 00:00:00Z,B97 6AJ,Flats/Maisonettes,New Build,Leasehold,HOLLINGTON HOUSE,33,DIXON CLOSE,,REDDITCH,REDDITCH,WORCESTERSHIRE,Standard,Addition,52.3139240000,-1.9445360000
187995,2011-08-26 00:00:00Z,B97 6AP,Terraced,New Build,Freehold,84,,DIXON CLOSE,,REDDITCH,REDDITCH,WORCESTERSHIRE,Standard,Addition,52.3135750000,-1.9439270000
86000,2011-12-16 00:00:00Z,B97 6AJ,Flats/Maisonettes,New Build,Leasehold,HOLLINGTON HOUSE,55,DIXON CLOSE,,REDDITCH,REDDITCH,WORCESTERSHIRE,Standard,Addition,52.3139240000,-1.9445360000
132500,2011-10-10 00:00:00Z,B97 6AP,Terraced,Established,Freehold,105,,DIXON CLOSE,,REDDITCH,REDDITCH,WORCESTERSHIRE,Standard,Addition,52.3135750000,-1.9439270000
172000,2011-08-26 00:00:00Z,B97 6EH,Detached,Established,Freehold,297,,BIRMINGHAM ROAD,,REDDITCH,REDDITCH,WORCESTERSHIRE,Standard,Addition,52.3163740000,-1.9425820000
111450,2011-03-31 00:00:00Z,B97 6AJ,Flats/Maisonettes,New Build,Leasehold,HOLLINGTON HOUSE,25,DIXON CLOSE,,REDDITCH,REDDITCH,WORCESTERSHIRE,Standard,Addition,52.3139240000,-1.9445360000
165000,2011-10-31 00:00:00Z,B97 6AP,Terraced,New Build,Freehold,131,,DIXON CLOSE,,REDDITCH,REDDITCH,WORCESTERSHIRE,Standard,Addition,52.3135750000,-1.9439270000
183950,2011-06-24 00:00:00Z,B97 6AD,Terraced,New Build,Freehold,12,,DIXON CLOSE,,REDDITCH,REDDITCH,WORCESTERSHIRE,Standard,Addition,52.3132240000,-1.9434430000
175995,2011-04-28 00:00:00Z,B97 6AD,Terraced,New Build,Freehold,1,,DIXON CLOSE,,REDDITCH,REDDITCH,WORCESTERSHIRE,Standard,Addition,52.3132240000,-1.9434430000
82500,2011-08-15 00:00:00Z,B97 6AJ,Flats/Maisonettes,New Build,Leasehold,HOLLINGTON HOUSE,67,DIXON CLOSE,,REDDITCH,REDDITCH,WORCESTERSHIRE,Standard,Addition,52.3139240000,-1.9445360000
111950,2011-03-31 00:00:00Z,B97 6AJ,Flats/Maisonettes,New Build,Leasehold,HOLLINGTON HOUSE,3,DIXON CLOSE,,REDDITCH,REDDITCH,WORCESTERSHIRE,Standard,Addition,52.3139240000,-1.9445360000
167500,2011-04-28 00:00:00Z,B97 6AD,Terraced,New Build,Freehold,3,,DIXON CLOSE,,REDDITCH,REDDITCH,WORCESTERSHIRE,Standard,Addition,52.3132240000,-1.9434430000
99950,2011-02-25 00:00:00Z,B97 6AJ,Flats/Maisonettes,New Build,Leasehold,HOLLINGTON HOUSE,21,DIXON CLOSE,,REDDITCH,REDDITCH,WORCESTERSHIRE,Standard,Addition,52.3139240000,-1.9445360000
87000,2011-07-29 00:00:00Z,B97 6AJ,Flats/Maisonettes,New Build,Leasehold,HOLLINGTON HOUSE,66,DIXON CLOSE,,REDDITCH,REDDITCH,WORCESTERSHIRE,Standard,Addition,52.3139240000,-1.9445360000
171995,2011-03-25 00:00:00Z,B97 6AD,Terraced,New Build,Freehold,6,,DIXON CLOSE,,REDDITCH,REDDITCH,WORCESTERSHIRE,Standard,Addition,52.3132240000,-1.9434430000
179995,2011-04-07 00:00:00Z,B97 6AD,Terraced,New Build,Freehold,24,,DIXON CLOSE,,REDDITCH,REDDITCH,WORCESTERSHIRE,Standard,Addition,52.3132240000,-1.9434430000
184950,2011-06-20 00:00:00Z,B97 6AD,Terraced,New Build,Freehold,11,,DIXON CLOSE,,REDDITCH,REDDITCH,WORCESTERSHIRE,Standard,Addition,52.3132240000,-1.9434430000
86000,2011-12-16 00:00:00Z,B97 6AJ,Flats/Maisonettes,New Build,Leasehold,HOLLINGTON HOUSE,36,DIXON CLOSE,,REDDITCH,REDDITCH,WORCESTERSHIRE,Standard,Addition,52.3139240000,-1.9445360000
85000,2011-12-16 00:00:00Z,B97 6AJ,Flats/Maisonettes,New Build,Leasehold,HOLLINGTON HOUSE,16,DIXON CLOSE,,REDDITCH,REDDITCH,WORCESTERSHIRE,Standard,Addition,52.3139240000,-1.9445360000
84000,2011-07-29 00:00:00Z,B97 6AJ,Flats/Maisonettes,New Build,Leasehold,HOLLINGTON HOUSE,18,DIXON CLOSE,,REDDITCH,REDDITCH,WORCESTERSHIRE,Standard,Addition,52.3139240000,-1.9445360000
185950,2011-05-20 00:00:00Z,B97 6AD,Semi-Detached,New Build,Freehold,7,,DIXON CLOSE,,REDDITCH,REDDITCH,WORCESTERSHIRE,Standard,Addition,52.3132240000,-1.9434430000
90000,2011-06-24 00:00:00Z,B97 6AJ,Flats/Maisonettes,New Build,Leasehold,HOLLINGTON HOUSE,64,DIXON CLOSE,,REDDITCH,REDDITCH,WORCESTERSHIRE,Standard,Addition,52.3139240000,-1.9445360000
170000,2011-03-16 00:00:00Z,B97 6AD,Terraced,New Build,Freehold,17,,DIXON CLOSE,,REDDITCH,REDDITCH,WORCESTERSHIRE,Standard,Addition,52.3132240000,-1.9434430000
172950,2011-03-31 00:00:00Z,B97 6AD,Semi-Detached,New Build,Freehold,9,,DIXON CLOSE,,REDDITCH,REDDITCH,WORCESTERSHIRE,Standard,Addition,52.3132240000,-1.9434430000
171995,2011-03-31 00:00:00Z,B97 6AD,Terraced,New Build,Freehold,4,,DIXON CLOSE,,REDDITCH,REDDITCH,WORCESTERSHIRE,Standard,Addition,52.3132240000,-1.9434430000
105900,2011-02-11 00:00:00Z,B97 6AJ,Flats/Maisonettes,New Build,Leasehold,HOLLINGTON HOUSE,42,DIXON CLOSE,,REDDITCH,REDDITCH,WORCESTERSHIRE,Standard,Addition,52.3139240000,-1.9445360000
199995,2011-04-18 00:00:00Z,B97 6AD,Detached,Established,Freehold,36,,DIXON CLOSE,,REDDITCH,REDDITCH,WORCESTERSHIRE,Standard,Addition,52.3132240000,-1.9434430000
97995,2012-03-22 00:00:00Z,B97 6AJ,Flats/Maisonettes,New Build,Leasehold,HOLLINGTON HOUSE,9,DIXON CLOSE,,REDDITCH,REDDITCH,WORCESTERSHIRE,Standard,Addition,52.3139240000,-1.9445360000
162000,2012-10-26 00:00:00Z,B97 6AD,Terraced,Established,Freehold,33,,DIXON CLOSE,,REDDITCH,REDDITCH,WORCESTERSHIRE,Standard,Addition,52.3132240000,-1.9434430000
98995,2012-03-23 00:00:00Z,B97 6AJ,Flats/Maisonettes,New Build,Leasehold,HOLLINGTON HOUSE,30,DIXON CLOSE,,REDDITCH,REDDITCH,WORCESTERSHIRE,Standard,Addition,52.3139240000,-1.9445360000
75995,2012-02-09 00:00:00Z,B97 6AJ,Flats/Maisonettes,New Build,Leasehold,HOLLINGTON HOUSE,32,DIXON CLOSE,,REDDITCH,REDDITCH,WORCESTERSHIRE,Standard,Addition,52.3139240000,-1.9445360000
96995,2012-06-15 00:00:00Z,B97 6AJ,Flats/Maisonettes,New Build,Leasehold,HOLLINGTON HOUSE,28,DIXON CLOSE,,REDDITCH,REDDITCH,WORCESTERSHIRE,Standard,Addition,52.3139240000,-1.9445360000
90000,2012-04-19 00:00:00Z,B97 4BT,Flats/Maisonettes,Established,Freehold,WINDSOR COURT,6,CLIVE ROAD,,REDDITCH,REDDITCH,WORCESTERSHIRE,Standard,Addition,52.3108230000,-1.9418330000
164000,2012-11-02 00:00:00Z,B97 6AD,Terraced,Established,Freehold,54,,DIXON CLOSE,,REDDITCH,REDDITCH,WORCESTERSHIRE,Standard,Addition,52.3132240000,-1.9434430000
200000,2012-04-27 00:00:00Z,B97 6AP,Terraced,Established,Freehold,105,,DIXON CLOSE,,REDDITCH,REDDITCH,WORCESTERSHIRE,Standard,Addition,52.3135750000,-1.9439270000
90000,2012-03-30 00:00:00Z,B97 6AJ,Flats/Maisonettes,New Build,Leasehold,HOLLINGTON HOUSE,8,DIXON CLOSE,,REDDITCH,REDDITCH,WORCESTERSHIRE,Standard,Addition,52.3139240000,-1.9445360000
96995,2012-05-17 00:00:00Z,B97 6AJ,Flats/Maisonettes,New Build,Leasehold,HOLLINGTON HOUSE,27,DIXON CLOSE,,REDDITCH,REDDITCH,WORCESTERSHIRE,Standard,Addition,52.3139240000,-1.9445360000
138500,2012-10-29 00:00:00Z,B97 4BT,Semi-Detached,Established,Freehold,82,,CLIVE ROAD,,REDDITCH,REDDITCH,WORCESTERSHIRE,Standard,Addition,52.3108230000,-1.9418330000
94955,2012-03-23 00:00:00Z,B97 6AJ,Flats/Maisonettes,New Build,Leasehold,HOLLINGTON HOUSE,19,DIXON CLOSE,,REDDITCH,REDDITCH,WORCESTERSHIRE,Standard,Addition,52.3139240000,-1.9445360000
174000,2012-07-20 00:00:00Z,B97 6AP,Semi-Detached,Established,Freehold,132,,DIXON CLOSE,,REDDITCH,REDDITCH,WORCESTERSHIRE,Standard,Addition,52.3135750000,-1.9439270000
76995,2012-02-09 00:00:00Z,B97 6AJ,Flats/Maisonettes,New Build,Leasehold,HOLLINGTON HOUSE,51,DIXON CLOSE,,REDDITCH,REDDITCH,WORCESTERSHIRE,Standard,Addition,52.3139240000,-1.9445360000
124950,2012-03-12 00:00:00Z,B97 4BS,Semi-Detached,Established,Freehold,55,,PROSPECT HILL,,REDDITCH,REDDITCH,WORCESTERSHIRE,Standard,Addition,52.3103370000,-1.9406600000
175000,2012-10-05 00:00:00Z,B97 6EH,Semi-Detached,Established,Freehold,233,,BIRMINGHAM ROAD,,REDDITCH,REDDITCH,WORCESTERSHIRE,Standard,Addition,52.3163740000,-1.9425820000
94995,2012-05-18 00:00:00Z,B97 6AJ,Flats/Maisonettes,New Build,Leasehold,HOLLINGTON HOUSE,7,DIXON CLOSE,,REDDITCH,REDDITCH,WORCESTERSHIRE,Standard,Addition,52.3139240000,-1.9445360000
99995,2012-03-23 00:00:00Z,B97 6AJ,Flats/Maisonettes,New Build,Leasehold,HOLLINGTON HOUSE,50,DIXON CLOSE,,REDDITCH,REDDITCH,WORCESTERSHIRE,Standard,Addition,52.3139240000,-1.9445360000
75995,2012-02-09 00:00:00Z,B97 6AJ,Flats/Maisonettes,New Build,Leasehold,HOLLINGTON HOUSE,31,DIXON CLOSE,,REDDITCH,REDDITCH,WORCESTERSHIRE,Standard,Addition,52.3139240000,-1.9445360000
90000,2012-03-30 00:00:00Z,B97 6AJ,Flats/Maisonettes,New Build,Leasehold,HOLLINGTON HOUSE,49,DIXON CLOSE,,REDDITCH,REDDITCH,WORCESTERSHIRE,Standard,Addition,52.3139240000,-1.9445360000
90000,2012-05-31 00:00:00Z,B97 6AJ,Flats/Maisonettes,New Build,Leasehold,HOLLINGTON HOUSE,6,DIXON CLOSE,,REDDITCH,REDDITCH,WORCESTERSHIRE,Standard,Addition,52.3139240000,-1.9445360000
70625,2012-02-10 00:00:00Z,B97 6AJ,Flats/Maisonettes,New Build,Leasehold,HOLLINGTON HOUSE,11,DIXON CLOSE,,REDDITCH,REDDITCH,WORCESTERSHIRE,Standard,Addition,52.3139240000,-1.9445360000
79000,2012-12-20 00:00:00Z,B97 6AJ,Flats/Maisonettes,Established,Leasehold,HOLLINGTON HOUSE,54,DIXON CLOSE,,REDDITCH,REDDITCH,WORCESTERSHIRE,Standard,Addition,52.3139240000,-1.9445360000
75995,2012-02-09 00:00:00Z,B97 6AJ,Flats/Maisonettes,New Build,Leasehold,HOLLINGTON HOUSE,52,DIXON CLOSE,,REDDITCH,REDDITCH,WORCESTERSHIRE,Standard,Addition,52.3139240000,-1.9445360000
98995,2012-05-31 00:00:00Z,B97 6AJ,Flats/Maisonettes,New Build,Leasehold,HOLLINGTON HOUSE,48,DIXON CLOSE,,REDDITCH,REDDITCH,WORCESTERSHIRE,Standard,Addition,52.3139240000,-1.9445360000
98995,2012-05-31 00:00:00Z,B97 6AJ,Flats/Maisonettes,New Build,Leasehold,HOLLINGTON HOUSE,47,DIXON CLOSE,,REDDITCH,REDDITCH,WORCESTERSHIRE,Standard,Addition,52.3139240000,-1.9445360000
70000,2012-01-31 00:00:00Z,B97 6AJ,Flats/Maisonettes,New Build,Leasehold,HOLLINGTON HOUSE,10,DIXON CLOSE,,REDDITCH,REDDITCH,WORCESTERSHIRE,Standard,Addition,52.3139240000,-1.9445360000
96995,2012-03-23 00:00:00Z,B97 6AJ,Flats/Maisonettes,New Build,Leasehold,HOLLINGTON HOUSE,29,DIXON CLOSE,,REDDITCH,REDDITCH,WORCESTERSHIRE,Standard,Addition,52.3139240000,-1.9445360000
155000,2013-04-09 00:00:00Z,B97 6EH,Terraced,Established,Freehold,219,,BIRMINGHAM ROAD,,REDDITCH,REDDITCH,WORCESTERSHIRE,Standard,Addition,52.3163740000,-1.9425820000
85000,2013-07-19 00:00:00Z,B97 4BE,Flats/Maisonettes,New Build,Leasehold,PROSPECT VIEW,APARTMENT 21,CLIVE ROAD,,REDDITCH,REDDITCH,WORCESTERSHIRE,Standard,Addition,52.3108000000,-1.9431610000
106000,2013-03-08 00:00:00Z,B97 6AJ,Flats/Maisonettes,Established,Leasehold,HOLLINGTON HOUSE,19,DIXON CLOSE,,REDDITCH,REDDITCH,WORCESTERSHIRE,Standard,Addition,52.3139240000,-1.9445360000
91500,2013-08-30 00:00:00Z,B97 6AJ,Flats/Maisonettes,Established,Leasehold,HOLLINGTON HOUSE,66,DIXON CLOSE,,REDDITCH,REDDITCH,WORCESTERSHIRE,Standard,Addition,52.3139240000,-1.9445360000
145000,2013-01-25 00:00:00Z,B97 6EH,Semi-Detached,Established,Freehold,239,,BIRMINGHAM ROAD,,REDDITCH,REDDITCH,WORCESTERSHIRE,Standard,Addition,52.3163740000,-1.9425820000
97000,2013-05-17 00:00:00Z,B97 4BE,Flats/Maisonettes,Established,Leasehold,PROSPECT VIEW,APARTMENT 22,CLIVE ROAD,,REDDITCH,REDDITCH,WORCESTERSHIRE,Standard,Addition,52.3108000000,-1.9431610000
100000,2013-07-19 00:00:00Z,B97 4BE,Flats/Maisonettes,New Build,Leasehold,PROSPECT VIEW,APARTMENT 18,CLIVE ROAD,,REDDITCH,REDDITCH,WORCESTERSHIRE,Standard,Addition,52.3108000000,-1.9431610000
90000,2013-12-12 00:00:00Z,B97 6AJ,Flats/Maisonettes,Established,Leasehold,HOLLINGTON HOUSE,62,DIXON CLOSE,,REDDITCH,REDDITCH,WORCESTERSHIRE,Standard,Addition,52.3139240000,-1.9445360000
170000,2013-07-12 00:00:00Z,B97 6EN,Detached,Established,Freehold,188,,BIRMINGHAM ROAD,,REDDITCH,REDDITCH,WORCESTERSHIRE,Standard,Addition,52.3134150000,-1.9405030000
100000,2014-06-06 00:00:00Z,B97 6AJ,Flats/Maisonettes,Established,Leasehold,HOLLINGTON HOUSE,44,DIXON CLOSE,,REDDITCH,REDDITCH,WORCESTERSHIRE,Standard,Addition,52.3139240000,-1.9445360000
209950,2014-01-17 00:00:00Z,B97 6EH,Detached,Established,Freehold,257,,BIRMINGHAM ROAD,,REDDITCH,REDDITCH,WORCESTERSHIRE,Standard,Addition,52.3163740000,-1.9425820000
170000,2014-10-03 00:00:00Z,B97 4BT,Semi-Detached,Established,Freehold,66,,CLIVE ROAD,,REDDITCH,REDDITCH,WORCESTERSHIRE,Standard,Addition,52.3108230000,-1.9418330000
170000,2014-12-19 00:00:00Z,B97 6AP,Terraced,Established,Freehold,127,,DIXON CLOSE,,REDDITCH,REDDITCH,WORCESTERSHIRE,Standard,Addition,52.3135750000,-1.9439270000
175000,2014-04-04 00:00:00Z,B97 6AD,Terraced,Established,Freehold,11,,DIXON CLOSE,,REDDITCH,REDDITCH,WORCESTERSHIRE,Standard,Addition,52.3132240000,-1.9434430000
170000,2014-01-07 00:00:00Z,B97 6AD,Terraced,Established,Freehold,3,,DIXON CLOSE,,REDDITCH,REDDITCH,WORCESTERSHIRE,Standard,Addition,52.3132240000,-1.9434430000
115000,2014-05-30 00:00:00Z,B97 6AT,Terraced,Established,Freehold,115,,HEWELL ROAD,,REDDITCH,REDDITCH,WORCESTERSHIRE,Standard,Addition,52.3103710000,-1.9478550000
125000,2014-02-28 00:00:00Z,B97 6AD,Flats/Maisonettes,Established,Freehold,15,,DIXON CLOSE,,REDDITCH,REDDITCH,WORCESTERSHIRE,Standard,Addition,52.3132240000,-1.9434430000
98000,2014-08-12 00:00:00Z,B97 4BE,Flats/Maisonettes,New Build,Leasehold,PROSPECT VIEW,APARTMENT 11,CLIVE ROAD,,REDDITCH,REDDITCH,WORCESTERSHIRE,Standard,Addition,52.3108000000,-1.9431610000
101000,2014-06-27 00:00:00Z,B97 6AJ,Flats/Maisonettes,Established,Leasehold,HOLLINGTON HOUSE,21,DIXON CLOSE,,REDDITCH,REDDITCH,WORCESTERSHIRE,Standard,Addition,52.3139240000,-1.9445360000
174950,2014-09-05 00:00:00Z,B97 6AP,Semi-Detached,Established,Freehold,80,,DIXON CLOSE,,REDDITCH,REDDITCH,WORCESTERSHIRE,Standard,Addition,52.3135750000,-1.9439270000
3400000,2014-11-13 00:00:00Z,B97 6AT,Other,Established,Freehold,BOWOOD MEWS,,HEWELL ROAD,,REDDITCH,REDDITCH,WORCESTERSHIRE,Additional,Addition,52.3103710000,-1.9478550000
168000,2014-02-28 00:00:00Z,B97 6AP,Terraced,Established,Freehold,125,,DIXON CLOSE,,REDDITCH,REDDITCH,WORCESTERSHIRE,Standard,Addition,52.3135750000,-1.9439270000
167950,2014-05-16 00:00:00Z,B97 6AP,Semi-Detached,Established,Freehold,106,,DIXON CLOSE,,REDDITCH,REDDITCH,WORCESTERSHIRE,Additional,Addition,52.3135750000,-1.9439270000
230000,2014-01-17 00:00:00Z,B97 6EN,Detached,Established,Freehold,180,,BIRMINGHAM ROAD,,REDDITCH,REDDITCH,WORCESTERSHIRE,Standard,Addition,52.3134150000,-1.9405030000
100000,2014-03-28 00:00:00Z,B97 6AJ,Flats/Maisonettes,Established,Leasehold,HOLLINGTON HOUSE,61,DIXON CLOSE,,REDDITCH,REDDITCH,WORCESTERSHIRE,Standard,Addition,52.3139240000,-1.9445360000
160000,2014-12-22 00:00:00Z,B97 6DJ,Other,Established,Freehold,EX M E B COMPLEX,UNIT 1,WINDSOR ROAD,,REDDITCH,REDDITCH,WORCESTERSHIRE,Additional,Addition,52.3126250000,-1.9494290000
98000,2014-05-09 00:00:00Z,B97 4BE,Flats/Maisonettes,New Build,Leasehold,PROSPECT VIEW,APARTMENT 20,CLIVE ROAD,,REDDITCH,REDDITCH,WORCESTERSHIRE,Additional,Addition,52.3108000000,-1.9431610000
137500,2014-06-04 00:00:00Z,B97 6AP,Terraced,Established,Freehold,98,,DIXON CLOSE,,REDDITCH,REDDITCH,WORCESTERSHIRE,Standard,Addition,52.3135750000,-1.9439270000
124500,2014-10-24 00:00:00Z,B97 6AT,Terraced,Established,Freehold,129,,HEWELL ROAD,,REDDITCH,REDDITCH,WORCESTERSHIRE,Standard,Addition,52.3103710000,-1.9478550000
111500,2014-09-14 00:00:00Z,B97 6AJ,Flats/Maisonettes,Established,Leasehold,HOLLINGTON HOUSE,42,DIXON CLOSE,,REDDITCH,REDDITCH,WORCESTERSHIRE,Standard,Addition,52.3139240000,-1.9445360000
85000,2014-06-12 00:00:00Z,B97 6AJ,Flats/Maisonettes,Established,Leasehold,HOLLINGTON HOUSE,54,DIXON CLOSE,,REDDITCH,REDDITCH,WORCESTERSHIRE,Standard,Addition,52.3139240000,-1.9445360000
110500,2014-07-29 00:00:00Z,B97 6EH,Terraced,Established,Freehold,227,,BIRMINGHAM ROAD,,REDDITCH,REDDITCH,WORCESTERSHIRE,Standard,Addition,52.3163740000,-1.9425820000
107500,2014-11-28 00:00:00Z,B97 6AJ,Flats/Maisonettes,Established,Leasehold,HOLLINGTON HOUSE,1,DIXON CLOSE,,REDDITCH,REDDITCH,WORCESTERSHIRE,Standard,Addition,52.3139240000,-1.9445360000
105000,2014-04-11 00:00:00Z,B97 6AJ,Flats/Maisonettes,Established,Leasehold,HOLLINGTON HOUSE,38,DIXON CLOSE,,REDDITCH,REDDITCH,WORCESTERSHIRE,Standard,Addition,52.3139240000,-1.9445360000
173000,2014-05-15 00:00:00Z,B97 6EL,Semi-Detached,Established,Freehold,224,,BIRMINGHAM ROAD,,REDDITCH,REDDITCH,WORCESTERSHIRE,Standard,Addition,52.3159420000,-1.9415410000
217500,2014-03-24 00:00:00Z,B97 6AD,Detached,Established,Freehold,43,,DIXON CLOSE,,REDDITCH,REDDITCH,WORCESTERSHIRE,Standard,Addition,52.3132240000,-1.9434430000
130000,2014-12-19 00:00:00Z,B97 6AD,Detached,Established,Freehold,37,,DIXON CLOSE,,REDDITCH,REDDITCH,WORCESTERSHIRE,Standard,Addition,52.3132240000,-1.9434430000
78500,2014-07-10 00:00:00Z,B97 6AJ,Flats/Maisonettes,Established,Leasehold,HOLLINGTON HOUSE,14,DIXON CLOSE,,REDDITCH,REDDITCH,WORCESTERSHIRE,Standard,Addition,52.3139240000,-1.9445360000
204000,2014-09-26 00:00:00Z,B97 6AD,Semi-Detached,Established,Freehold,69,,DIXON CLOSE,,REDDITCH,REDDITCH,WORCESTERSHIRE,Standard,Addition,52.3132240000,-1.9434430000
172000,2014-08-08 00:00:00Z,B97 6AD,Terraced,Established,Freehold,56,,DIXON CLOSE,,REDDITCH,REDDITCH,WORCESTERSHIRE,Standard,Addition,52.3132240000,-1.9434430000
140000,2014-03-10 00:00:00Z,B97 6EL,Semi-Detached,Established,Freehold,230,,BIRMINGHAM ROAD,,REDDITCH,REDDITCH,WORCESTERSHIRE,Standard,Addition,52.3159420000,-1.9415410000
151500,2014-02-21 00:00:00Z,B97 6EL,Semi-Detached,Established,Freehold,234,,BIRMINGHAM ROAD,,REDDITCH,REDDITCH,WORCESTERSHIRE,Standard,Addition,52.3159420000,-1.9415410000
3400000,2014-11-13 00:00:00Z,B97 6AT,Other,Established,Freehold,BOWOOD MEWS,,HEWELL ROAD,,REDDITCH,REDDITCH,WORCESTERSHIRE,Additional,Addition,52.3103710000,-1.9478550000
125000,2014-05-30 00:00:00Z,B97 6AD,Detached,Established,Freehold,19,,DIXON CLOSE,,REDDITCH,REDDITCH,WORCESTERSHIRE,Standard,Addition,52.3132240000,-1.9434430000
99000,2014-08-29 00:00:00Z,B97 6AJ,Flats/Maisonettes,Established,Leasehold,HOLLINGTON HOUSE,3,DIXON CLOSE,,REDDITCH,REDDITCH,WORCESTERSHIRE,Standard,Addition,52.3139240000,-1.9445360000
182000,2014-12-05 00:00:00Z,B97 6AD,Terraced,Established,Freehold,32,,DIXON CLOSE,,REDDITCH,REDDITCH,WORCESTERSHIRE,Standard,Addition,52.3132240000,-1.9434430000
185000,2015-04-24 00:00:00Z,B97 6EH,Terraced,Established,Freehold,219,,BIRMINGHAM ROAD,,REDDITCH,REDDITCH,WORCESTERSHIRE,Standard,Addition,52.3163740000,-1.9425820000
188000,2015-06-19 00:00:00Z,B97 6AD,Semi-Detached,Established,Freehold,41,,DIXON CLOSE,,REDDITCH,REDDITCH,WORCESTERSHIRE,Standard,Addition,52.3132240000,-1.9434430000
232000,2015-03-13 00:00:00Z,B97 6EH,Detached,Established,Freehold,259,,BIRMINGHAM ROAD,,REDDITCH,REDDITCH,WORCESTERSHIRE,Standard,Addition,52.3163740000,-1.9425820000
98000,2015-01-30 00:00:00Z,B97 4BE,Flats/Maisonettes,Established,Leasehold,PROSPECT VIEW,APARTMENT 2,CLIVE ROAD,,REDDITCH,REDDITCH,WORCESTERSHIRE,Standard,Addition,52.3108000000,-1.9431610000
110000,2015-06-24 00:00:00Z,B97 6AJ,Flats/Maisonettes,Established,Leasehold,HOLLINGTON HOUSE,19,DIXON CLOSE,,REDDITCH,REDDITCH,WORCESTERSHIRE,Additional,Addition,52.3139240000,-1.9445360000
155500,2015-06-10 00:00:00Z,B97 6EA,Semi-Detached,Established,Freehold,195,,BIRMINGHAM ROAD,,REDDITCH,REDDITCH,WORCESTERSHIRE,Standard,Addition,52.3136940000,-1.9413390000
165000,2015-07-13 00:00:00Z,B97 6AP,Semi-Detached,Established,Freehold,135,,DIXON CLOSE,,REDDITCH,REDDITCH,WORCESTERSHIRE,Standard,Addition,52.3135750000,-1.9439270000
99000,2015-06-12 00:00:00Z,B97 4BE,Flats/Maisonettes,Established,Leasehold,PROSPECT VIEW,APARTMENT 3,CLIVE ROAD,,REDDITCH,REDDITCH,WORCESTERSHIRE,Standard,Addition,52.3108000000,-1.9431610000
198500,2015-08-03 00:00:00Z,B97 6AD,Detached,Established,Freehold,57,,DIXON CLOSE,,REDDITCH,REDDITCH,WORCESTERSHIRE,Standard,Addition,52.3132240000,-1.9434430000
99000,2015-03-20 00:00:00Z,B97 4BE,Flats/Maisonettes,Established,Leasehold,PROSPECT VIEW,APARTMENT 24,CLIVE ROAD,,REDDITCH,REDDITCH,WORCESTERSHIRE,Standard,Addition,52.3108000000,-1.9431610000
108500,2015-09-10 00:00:00Z,B97 6AJ,Flats/Maisonettes,Established,Leasehold,HOLLINGTON HOUSE,39,DIXON CLOSE,,REDDITCH,REDDITCH,WORCESTERSHIRE,Standard,Addition,52.3139240000,-1.9445360000
241500,2015-04-10 00:00:00Z,B97 6EL,Detached,Established,Freehold,240,,BIRMINGHAM ROAD,,REDDITCH,REDDITCH,WORCESTERSHIRE,Standard,Addition,52.3159420000,-1.9415410000
175000,2015-02-23 00:00:00Z,B97 6AP,Terraced,Established,Freehold,93,,DIXON CLOSE,,REDDITCH,REDDITCH,WORCESTERSHIRE,Standard,Addition,52.3135750000,-1.9439270000
109000,2015-09-14 00:00:00Z,B97 6AJ,Flats/Maisonettes,Established,Leasehold,HOLLINGTON HOUSE,23,DIXON CLOSE,,REDDITCH,REDDITCH,WORCESTERSHIRE,Standard,Addition,52.3139240000,-1.9445360000
225000,2015-11-06 00:00:00Z,B97 6AD,Detached,Established,Freehold,35,,DIXON CLOSE,,REDDITCH,REDDITCH,WORCESTERSHIRE,Standard,Addition,52.3132240000,-1.9434430000
105500,2015-10-13 00:00:00Z,B97 6AJ,Flats/Maisonettes,Established,Leasehold,HOLLINGTON HOUSE,18,DIXON CLOSE,,REDDITCH,REDDITCH,WORCESTERSHIRE,Standard,Addition,52.3139240000,-1.9445360000
190000,2015-09-04 00:00:00Z,B97 6AD,Terraced,Established,Freehold,55,,DIXON CLOSE,,REDDITCH,REDDITCH,WORCESTERSHIRE,Standard,Addition,52.3132240000,-1.9434430000
203995,2015-08-24 00:00:00Z,B97 6EA,Semi-Detached,Established,Freehold,211,,BIRMINGHAM ROAD,,REDDITCH,REDDITCH,WORCESTERSHIRE,Standard,Addition,52.3136940000,-1.9413390000
110000,2015-01-23 00:00:00Z,B97 4BE,Flats/Maisonettes,Established,Leasehold,PROSPECT VIEW,APARTMENT 10,CLIVE ROAD,,REDDITCH,REDDITCH,WORCESTERSHIRE,Standard,Addition,52.3108000000,-1.9431610000
180000,2015-07-10 00:00:00Z,B97 6AP,Terraced,Established,Freehold,77,,DIXON CLOSE,,REDDITCH,REDDITCH,WORCESTERSHIRE,Standard,Addition,52.3135750000,-1.9439270000
112000,2015-08-21 00:00:00Z,B97 6AJ,Flats/Maisonettes,Established,Leasehold,HOLLINGTON HOUSE,40,DIXON CLOSE,,REDDITCH,REDDITCH,WORCESTERSHIRE,Standard,Addition,52.3139240000,-1.9445360000
119000,2016-03-30 00:00:00Z,B97 6AJ,Flats/Maisonettes,Established,Leasehold,HOLLINGTON HOUSE,45,DIXON CLOSE,,REDDITCH,REDDITCH,WORCESTERSHIRE,Standard,Addition,52.3139240000,-1.9445360000
109000,2016-03-04 00:00:00Z,B97 6AJ,Flats/Maisonettes,Established,Leasehold,HOLLINGTON HOUSE,22,DIXON CLOSE,,REDDITCH,REDDITCH,WORCESTERSHIRE,Standard,Addition,52.3139240000,-1.9445360000
165000,2016-04-25 00:00:00Z,B97 6AD,Terraced,Established,Freehold,49,,DIXON CLOSE,,REDDITCH,REDDITCH,WORCESTERSHIRE,Standard,Addition,52.3132240000,-1.9434430000
114950,2016-07-29 00:00:00Z,B97 6AJ,Flats/Maisonettes,Established,Leasehold,HOLLINGTON HOUSE,27,DIXON CLOSE,,REDDITCH,REDDITCH,WORCESTERSHIRE,Additional,Addition,52.3139240000,-1.9445360000
105000,2016-02-19 00:00:00Z,B97 6AJ,Flats/Maisonettes,Established,Leasehold,HOLLINGTON HOUSE,58,DIXON CLOSE,,REDDITCH,REDDITCH,WORCESTERSHIRE,Standard,Addition,52.3139240000,-1.9445360000
199950,2016-07-22 00:00:00Z,B97 6AD,Semi-Detached,Established,Freehold,25,,DIXON CLOSE,,REDDITCH,REDDITCH,WORCESTERSHIRE,Standard,Addition,52.3132240000,-1.9434430000
111500,2016-10-04 00:00:00Z,B97 6AJ,Flats/Maisonettes,Established,Leasehold,HOLLINGTON HOUSE,25,DIXON CLOSE,,REDDITCH,REDDITCH,WORCESTERSHIRE,Standard,Addition,52.3139240000,-1.9445360000
205000,2016-09-02 00:00:00Z,B97 6AD,Terraced,Established,Freehold,28,,DIXON CLOSE,,REDDITCH,REDDITCH,WORCESTERSHIRE,Standard,Addition,52.3132240000,-1.9434430000
194000,2016-02-11 00:00:00Z,B97 6AP,Terraced,Established,Freehold,79,,DIXON CLOSE,,REDDITCH,REDDITCH,WORCESTERSHIRE,Standard,Addition,52.3135750000,-1.9439270000
165000,2016-06-17 00:00:00Z,B97 4BS,Semi-Detached,Established,Freehold,69,,PROSPECT HILL,,REDDITCH,REDDITCH,WORCESTERSHIRE,Standard,Addition,52.3103370000,-1.9406600000
242000,2016-10-14 00:00:00Z,B97 6DE,Other,Established,Freehold,ARCADIAN BUISINESS CENTRE 42-43,6,ENFIELD INDUSTRIAL ESTATE,,REDDITCH,REDDITCH,WORCESTERSHIRE,Additional,Addition,52.3113470000,-1.9465550000
305000,2016-10-25 00:00:00Z,B97 6DE,Other,Established,Freehold,ARCADIAN BUISINESS CENTRE 42-43,5,ENFIELD INDUSTRIAL ESTATE,,REDDITCH,REDDITCH,WORCESTERSHIRE,Additional,Addition,52.3113470000,-1.9465550000
228000,2016-08-05 00:00:00Z,B97 6AD,Detached,Established,Freehold,38,,DIXON CLOSE,,REDDITCH,REDDITCH,WORCESTERSHIRE,Standard,Addition,52.3132240000,-1.9434430000
50000,2016-08-31 00:00:00Z,B97 6DJ,Other,Established,Freehold,BROCKHILL WORKS,UNIT 5,WINDSOR ROAD,,REDDITCH,REDDITCH,WORCESTERSHIRE,Additional,Addition,52.3126250000,-1.9494290000
220000,2016-09-02 00:00:00Z,B97 6AD,Terraced,Established,Freehold,16,,DIXON CLOSE,,REDDITCH,REDDITCH,WORCESTERSHIRE,Standard,Addition,52.3132240000,-1.9434430000
117000,2016-11-04 00:00:00Z,B97 6AJ,Flats/Maisonettes,Established,Leasehold,HOLLINGTON HOUSE,60,DIXON CLOSE,,REDDITCH,REDDITCH,WORCESTERSHIRE,Additional,Addition,52.3139240000,-1.9445360000
200000,2016-02-11 00:00:00Z,B97 6AP,Terraced,Established,Freehold,79,,DIXON CLOSE,,REDDITCH,REDDITCH,WORCESTERSHIRE,Additional,Addition,52.3135750000,-1.9439270000
200000,2016-06-17 00:00:00Z,B97 6AD,Terraced,Established,Freehold,33,,DIXON CLOSE,,REDDITCH,REDDITCH,WORCESTERSHIRE,Standard,Addition,52.3132240000,-1.9434430000
165000,2016-04-08 00:00:00Z,B97 6EH,Terraced,Established,Freehold,227,,BIRMINGHAM ROAD,,REDDITCH,REDDITCH,WORCESTERSHIRE,Standard,Addition,52.3163740000,-1.9425820000
115000,2016-09-23 00:00:00Z,B97 6AJ,Flats/Maisonettes,Established,Leasehold,HOLLINGTON HOUSE,24,DIXON CLOSE,,REDDITCH,REDDITCH,WORCESTERSHIRE,Standard,Addition,52.3139240000,-1.9445360000
155000,2016-01-15 00:00:00Z,B97 4BT,Semi-Detached,Established,Freehold,88,,CLIVE ROAD,,REDDITCH,REDDITCH,WORCESTERSHIRE,Standard,Addition,52.3108230000,-1.9418330000
260000,2017-12-14 00:00:00Z,B97 6BG,Other,Established,Freehold,UNIT 15,,ENFIELD INDUSTRIAL ESTATE,,REDDITCH,REDDITCH,WORCESTERSHIRE,Additional,Addition,52.3124380000,-1.9461660000
103820,2017-12-01 00:00:00Z,B97 6SQ,Other,New Build,Freehold,17,,LINTHURST CRESCENT,,REDDITCH,REDDITCH,WORCESTERSHIRE,Additional,Addition,52.3195460000,-1.9451520000
150870,2017-12-01 00:00:00Z,B97 6RU,Other,New Build,Freehold,11,,ALFRICK CLOSE,,REDDITCH,REDDITCH,WORCESTERSHIRE,Additional,Addition,52.3191850000,-1.9436410000
103820,2017-12-01 00:00:00Z,B97 6SQ,Other,New Build,Freehold,13,,LINTHURST CRESCENT,,REDDITCH,REDDITCH,WORCESTERSHIRE,Additional,Addition,52.3195460000,-1.9451520000
369995,2017-12-15 00:00:00Z,B97 6RT,Detached,New Build,Freehold,14,,FARNDON CLOSE,,REDDITCH,REDDITCH,WORCESTERSHIRE,Standard,Addition,52.3199310000,-1.9433170000
100000,2017-02-03 00:00:00Z,B97 6AJ,Flats/Maisonettes,Established,Leasehold,HOLLINGTON HOUSE,12,DIXON CLOSE,,REDDITCH,REDDITCH,WORCESTERSHIRE,Standard,Addition,52.3139240000,-1.9445360000
115000,2017-02-24 00:00:00Z,B97 4BT,Other,Established,Freehold,WINDSOR COURT,7,CLIVE ROAD,,REDDITCH,REDDITCH,WORCESTERSHIRE,Additional,Addition,52.3108230000,-1.9418330000
201000,2017-01-18 00:00:00Z,B97 6BG,Other,Established,Freehold,UNIT 16,,ENFIELD INDUSTRIAL ESTATE,,REDDITCH,REDDITCH,WORCESTERSHIRE,Additional,Addition,52.3124380000,-1.9461660000
114950,2017-01-30 00:00:00Z,B97 6AJ,Flats/Maisonettes,Established,Leasehold,HOLLINGTON HOUSE,5,DIXON CLOSE,,REDDITCH,REDDITCH,WORCESTERSHIRE,Standard,Addition,52.3139240000,-1.9445360000
218000,2017-12-19 00:00:00Z,B97 6AP,Semi-Detached,Established,Freehold,132,,DIXON CLOSE,,REDDITCH,REDDITCH,WORCESTERSHIRE,Standard,Addition,52.3135750000,-1.9439270000
243000,2017-12-15 00:00:00Z,B97 6AD,Semi-Detached,Established,Freehold,7,,DIXON CLOSE,,REDDITCH,REDDITCH,WORCESTERSHIRE,Standard,Addition,52.3132240000,-1.9434430000
225000,2017-06-23 00:00:00Z,B97 6AD,Terraced,Established,Freehold,16,,DIXON CLOSE,,REDDITCH,REDDITCH,WORCESTERSHIRE,Standard,Addition,52.3132240000,-1.9434430000
87500,2017-07-03 00:00:00Z,B97 6AJ,Flats/Maisonettes,Established,Leasehold,HOLLINGTON HOUSE,51,DIXON CLOSE,,REDDITCH,REDDITCH,WORCESTERSHIRE,Standard,Addition,52.3139240000,-1.9445360000
384995,2017-12-01 00:00:00Z,B97 6SQ,Detached,New Build,Freehold,11,,LINTHURST CRESCENT,,REDDITCH,REDDITCH,WORCESTERSHIRE,Standard,Addition,52.3195460000,-1.9451520000
249995,2017-12-08 00:00:00Z,B97 6SQ,Semi-Detached,New Build,Freehold,5,,LINTHURST CRESCENT,,REDDITCH,REDDITCH,WORCESTERSHIRE,Standard,Addition,52.3195460000,-1.9451520000
369995,2017-12-18 00:00:00Z,B97 6SQ,Detached,New Build,Freehold,2,,LINTHURST CRESCENT,,REDDITCH,REDDITCH,WORCESTERSHIRE,Standard,Addition,52.3195460000,-1.9451520000
246995,2017-12-15 00:00:00Z,B97 6SQ,Semi-Detached,New Build,Freehold,6,,LINTHURST CRESCENT,,REDDITCH,REDDITCH,WORCESTERSHIRE,Standard,Addition,52.3195460000,-1.9451520000
369995,2017-12-15 00:00:00Z,B97 6RT,Detached,New Build,Freehold,2,,FARNDON CLOSE,,REDDITCH,REDDITCH,WORCESTERSHIRE,Standard,Addition,52.3199310000,-1.9433170000
246995,2017-12-15 00:00:00Z,B97 6SQ,Semi-Detached,New Build,Freehold,4,,LINTHURST CRESCENT,,REDDITCH,REDDITCH,WORCESTERSHIRE,Standard,Addition,52.3195460000,-1.9451520000
339995,2017-11-24 00:00:00Z,B97 6RT,Detached,New Build,Freehold,1,,FARNDON CLOSE,,REDDITCH,REDDITCH,WORCESTERSHIRE,Standard,Addition,52.3199310000,-1.9433170000
289995,2017-11-30 00:00:00Z,B97 6SQ,Detached,New Build,Freehold,9,,LINTHURST CRESCENT,,REDDITCH,REDDITCH,WORCESTERSHIRE,Standard,Addition,52.3195460000,-1.9451520000
249995,2017-12-13 00:00:00Z,B97 6SQ,Semi-Detached,New Build,Freehold,3,,LINTHURST CRESCENT,,REDDITCH,REDDITCH,WORCESTERSHIRE,Standard,Addition,52.3195460000,-1.9451520000
249995,2017-12-08 00:00:00Z,B97 6SQ,Semi-Detached,New Build,Freehold,1,,LINTHURST CRESCENT,,REDDITCH,REDDITCH,WORCESTERSHIRE,Standard,Addition,52.3195460000,-1.9451520000
459995,2017-12-18 00:00:00Z,B97 6SQ,Detached,New Build,Freehold,8,,LINTHURST CRESCENT,,REDDITCH,REDDITCH,WORCESTERSHIRE,Standard,Addition,52.3195460000,-1.9451520000
329995,2017-11-30 00:00:00Z,B97 6RT,Detached,New Build,Freehold,15,,FARNDON CLOSE,,REDDITCH,REDDITCH,WORCESTERSHIRE,Standard,Addition,52.3199310000,-1.9433170000
249995,2017-12-15 00:00:00Z,B97 6SQ,Semi-Detached,New Build,Freehold,7,,LINTHURST CRESCENT,,REDDITCH,REDDITCH,WORCESTERSHIRE,Standard,Addition,52.3195460000,-1.9451520000
250000,2017-11-02 00:00:00Z,B97 6BG,Other,Established,Freehold,UNIT 17,,ENFIELD INDUSTRIAL ESTATE,,REDDITCH,REDDITCH,WORCESTERSHIRE,Additional,Addition,52.3124380000,-1.9461660000
194950,2017-02-27 00:00:00Z,B97 6AD,Terraced,Established,Freehold,56,,DIXON CLOSE,,REDDITCH,REDDITCH,WORCESTERSHIRE,Standard,Addition,52.3132240000,-1.9434430000
220000,2017-05-11 00:00:00Z,B97 6AP,Semi-Detached,Established,Freehold,86,,DIXON CLOSE,,REDDITCH,REDDITCH,WORCESTERSHIRE,Standard,Addition,52.3135750000,-1.9439270000
320000,2017-02-01 00:00:00Z,B97 6EH,Detached,Established,Freehold,243,,BIRMINGHAM ROAD,,REDDITCH,REDDITCH,WORCESTERSHIRE,Standard,Addition,52.3163740000,-1.9425820000
240000,2017-09-22 00:00:00Z,B97 6AD,Terraced,Established,Freehold,14,,DIXON CLOSE,,REDDITCH,REDDITCH,WORCESTERSHIRE,Standard,Addition,52.3132240000,-1.9434430000
92000,2017-09-29 00:00:00Z,B97 6AJ,Flats/Maisonettes,Established,Leasehold,HOLLINGTON HOUSE,31,DIXON CLOSE,,REDDITCH,REDDITCH,WORCESTERSHIRE,Standard,Addition,52.3139240000,-1.9445360000
157000,2017-01-04 00:00:00Z,B97 4BT,Semi-Detached,Established,Freehold,62,,CLIVE ROAD,,REDDITCH,REDDITCH,WORCESTERSHIRE,Standard,Addition,52.3108230000,-1.9418330000
215000,2017-11-30 00:00:00Z,B97 6AP,Terraced,Established,Freehold,83,,DIXON CLOSE,,REDDITCH,REDDITCH,WORCESTERSHIRE,Standard,Addition,52.3135750000,-1.9439270000
235000,2017-12-18 00:00:00Z,B97 6AD,Semi-Detached,Established,Freehold,8,,DIXON CLOSE,,REDDITCH,REDDITCH,WORCESTERSHIRE,Standard,Addition,52.3132240000,-1.9434430000
120000,2017-11-24 00:00:00Z,B97 6AJ,Flats/Maisonettes,Established,Leasehold,HOLLINGTON HOUSE,36,DIXON CLOSE,,REDDITCH,REDDITCH,WORCESTERSHIRE,Standard,Addition,52.3139240000,-1.9445360000
206000,2017-07-20 00:00:00Z,B97 6AP,Terraced,Established,Freehold,100,,DIXON CLOSE,,REDDITCH,REDDITCH,WORCESTERSHIRE,Standard,Addition,52.3135750000,-1.9439270000
260000,2017-09-05 00:00:00Z,B97 6EH,Detached,Established,Freehold,257,,BIRMINGHAM ROAD,,REDDITCH,REDDITCH,WORCESTERSHIRE,Standard,Addition,52.3163740000,-1.9425820000
110000,2017-06-07 00:00:00Z,B97 4BT,Other,Established,Freehold,WINDSOR COURT,6,CLIVE ROAD,,REDDITCH,REDDITCH,WORCESTERSHIRE,Additional,Addition,52.3108230000,-1.9418330000
119000,2017-10-20 00:00:00Z,B97 6AJ,Flats/Maisonettes,Established,Leasehold,HOLLINGTON HOUSE,48,DIXON CLOSE,,REDDITCH,REDDITCH,WORCESTERSHIRE,Standard,Addition,52.3139240000,-1.9445360000
223000,2017-05-19 00:00:00Z,B97 6AP,Detached,Established,Freehold,101,,DIXON CLOSE,,REDDITCH,REDDITCH,WORCESTERSHIRE,Standard,Addition,52.3135750000,-1.9439270000
112500,2017-06-14 00:00:00Z,B97 6AJ,Flats/Maisonettes,Established,Leasehold,HOLLINGTON HOUSE,67,DIXON CLOSE,,REDDITCH,REDDITCH,WORCESTERSHIRE,Standard,Addition,52.3139240000,-1.9445360000
195000,2018-12-13 00:00:00Z,B97 6AP,Terraced,Established,Freehold,128,,DIXON CLOSE,,REDDITCH,REDDITCH,WORCESTERSHIRE,Standard,Addition,52.3135750000,-1.9439270000
212000,2018-03-28 00:00:00Z,B97 6AD,Terraced,Established,Freehold,22,,DIXON CLOSE,,REDDITCH,REDDITCH,WORCESTERSHIRE,Standard,Addition,52.3132240000,-1.9434430000
315000,2018-09-10 00:00:00Z,B97 6BT,Detached,New Build,Freehold,2,,JACOB CLOSE,,REDDITCH,REDDITCH,WORCESTERSHIRE,Standard,Addition,52.3176040000,-1.9462100000
280000,2018-08-30 00:00:00Z,B97 6BT,Detached,New Build,Freehold,9,,JACOB CLOSE,,REDDITCH,REDDITCH,WORCESTERSHIRE,Standard,Addition,52.3176040000,-1.9462100000
300000,2018-08-29 00:00:00Z,B97 6BT,Detached,New Build,Freehold,7,,JACOB CLOSE,,REDDITCH,REDDITCH,WORCESTERSHIRE,Standard,Addition,52.3176040000,-1.9462100000
207000,2018-09-06 00:00:00Z,B97 6BQ,Terraced,New Build,Freehold,20,,HAWLING STREET,,REDDITCH,REDDITCH,WORCESTERSHIRE,Standard,Addition,52.3184670000,-1.9468550000
305000,2018-09-21 00:00:00Z,B97 6BT,Detached,New Build,Freehold,3,,JACOB CLOSE,,REDDITCH,REDDITCH,WORCESTERSHIRE,Standard,Addition,52.3176040000,-1.9462100000
300000,2018-09-28 00:00:00Z,B97 6BQ,Detached,New Build,Freehold,8,,HAWLING STREET,,REDDITCH,REDDITCH,WORCESTERSHIRE,Standard,Addition,52.3184670000,-1.9468550000
215000,2018-06-29 00:00:00Z,B97 6BQ,Semi-Detached,New Build,Freehold,12,,HAWLING STREET,,REDDITCH,REDDITCH,WORCESTERSHIRE,Standard,Addition,52.3184670000,-1.9468550000
271995,2018-05-04 00:00:00Z,B97 6SQ,Semi-Detached,New Build,Freehold,20,,LINTHURST CRESCENT,,REDDITCH,REDDITCH,WORCESTERSHIRE,Standard,Addition,52.3195460000,-1.9451520000
140000,2018-04-20 00:00:00Z,B97 6AD,Flats/Maisonettes,Established,Freehold,52,,DIXON CLOSE,,REDDITCH,REDDITCH,WORCESTERSHIRE,Standard,Addition,52.3132240000,-1.9434430000
230000,2018-10-18 00:00:00Z,B97 6AD,Terraced,Established,Freehold,31,,DIXON CLOSE,,REDDITCH,REDDITCH,WORCESTERSHIRE,Additional,Addition,52.3132240000,-1.9434430000
117000,2018-07-20 00:00:00Z,B97 6AJ,Flats/Maisonettes,Established,Leasehold,HOLLINGTON HOUSE,42,DIXON CLOSE,,REDDITCH,REDDITCH,WORCESTERSHIRE,Standard,Addition,52.3139240000,-1.9445360000
274995,2018-06-15 00:00:00Z,B97 6SQ,Semi-Detached,New Build,Freehold,22,,LINTHURST CRESCENT,,REDDITCH,REDDITCH,WORCESTERSHIRE,Standard,Addition,52.3195460000,-1.9451520000
429995,2018-07-10 00:00:00Z,B97 6SQ,Detached,New Build,Freehold,10,,LINTHURST CRESCENT,,REDDITCH,REDDITCH,WORCESTERSHIRE,Standard,Addition,52.3195460000,-1.9451520000
195000,2018-12-14 00:00:00Z,B97 6BQ,Terraced,New Build,Freehold,40,,HAWLING STREET,,REDDITCH,REDDITCH,WORCESTERSHIRE,Standard,Addition,52.3184670000,-1.9468550000
454995,2018-10-05 00:00:00Z,B97 6SQ,Detached,New Build,Freehold,18,,LINTHURST CRESCENT,,REDDITCH,REDDITCH,WORCESTERSHIRE,Standard,Addition,52.3195460000,-1.9451520000
285995,2018-12-20 00:00:00Z,B97 6SQ,Semi-Detached,New Build,Freehold,46,,LINTHURST CRESCENT,,REDDITCH,REDDITCH,WORCESTERSHIRE,Standard,Addition,52.3195460000,-1.9451520000
234000,2018-12-18 00:00:00Z,B97 6BQ,Semi-Detached,New Build,Freehold,52,,HAWLING STREET,,REDDITCH,REDDITCH,WORCESTERSHIRE,Standard,Addition,52.3184670000,-1.9468550000
230000,2018-12-18 00:00:00Z,B97 6BQ,Semi-Detached,New Build,Freehold,54,,HAWLING STREET,,REDDITCH,REDDITCH,WORCESTERSHIRE,Standard,Addition,52.3184670000,-1.9468550000
305000,2018-11-23 00:00:00Z,B97 6BT,Detached,New Build,Freehold,15,,JACOB CLOSE,,REDDITCH,REDDITCH,WORCESTERSHIRE,Standard,Addition,52.3176040000,-1.9462100000
392500,2018-09-10 00:00:00Z,B97 6AX,Other,Established,Freehold,36,,MARTON CLOSE,,REDDITCH,REDDITCH,WORCESTERSHIRE,Additional,Addition,52.3121640000,-1.9432100000
267000,2018-12-19 00:00:00Z,B97 6BQ,Detached,New Build,Freehold,56,,HAWLING STREET,,REDDITCH,REDDITCH,WORCESTERSHIRE,Standard,Addition,52.3184670000,-1.9468550000
119000,2018-07-25 00:00:00Z,B97 6AX,Semi-Detached,New Build,Freehold,30,,MARTON CLOSE,,REDDITCH,REDDITCH,WORCESTERSHIRE,Additional,Addition,52.3121640000,-1.9432100000
115000,2018-03-23 00:00:00Z,B97 6AJ,Flats/Maisonettes,Established,Leasehold,HOLLINGTON HOUSE,8,DIXON CLOSE,,REDDITCH,REDDITCH,WORCESTERSHIRE,Standard,Addition,52.3139240000,-1.9445360000
229950,2018-03-14 00:00:00Z,B97 6AX,Semi-Detached,New Build,Freehold,4,,MARTON CLOSE,,REDDITCH,REDDITCH,WORCESTERSHIRE,Standard,Addition,52.3121640000,-1.9432100000
217500,2018-03-16 00:00:00Z,B97 6AX,Terraced,New Build,Freehold,6,,MARTON CLOSE,,REDDITCH,REDDITCH,WORCESTERSHIRE,Standard,Addition,52.3121640000,-1.9432100000
169950,2018-03-29 00:00:00Z,B97 6AX,Terraced,New Build,Freehold,13,,MARTON CLOSE,,REDDITCH,REDDITCH,WORCESTERSHIRE,Standard,Addition,52.3121640000,-1.9432100000
172500,2018-03-29 00:00:00Z,B97 6AX,Terraced,New Build,Freehold,12,,MARTON CLOSE,,REDDITCH,REDDITCH,WORCESTERSHIRE,Standard,Addition,52.3121640000,-1.9432100000
229950,2018-03-29 00:00:00Z,B97 6AX,Semi-Detached,New Build,Freehold,11,,MARTON CLOSE,,REDDITCH,REDDITCH,WORCESTERSHIRE,Standard,Addition,52.3121640000,-1.9432100000
274995,2018-12-21 00:00:00Z,B97 6SQ,Semi-Detached,New Build,Freehold,24,,LINTHURST CRESCENT,,REDDITCH,REDDITCH,WORCESTERSHIRE,Standard,Addition,52.3195460000,-1.9451520000
429995,2018-08-30 00:00:00Z,B97 6SQ,Detached,New Build,Freehold,12,,LINTHURST CRESCENT,,REDDITCH,REDDITCH,WORCESTERSHIRE,Standard,Addition,52.3195460000,-1.9451520000
300000,2018-08-29 00:00:00Z,B97 6BT,Detached,New Build,Freehold,5,,JACOB CLOSE,,REDDITCH,REDDITCH,WORCESTERSHIRE,Standard,Addition,52.3176040000,-1.9462100000
246000,2018-03-14 00:00:00Z,B97 6EH,Detached,Established,Freehold,263,,BIRMINGHAM ROAD,,REDDITCH,REDDITCH,WORCESTERSHIRE,Standard,Addition,52.3163740000,-1.9425820000
310000,2018-08-30 00:00:00Z,B97 6BQ,Detached,New Build,Freehold,6,,HAWLING STREET,,REDDITCH,REDDITCH,WORCESTERSHIRE,Additional,Addition,52.3184670000,-1.9468550000
75000,2018-03-16 00:00:00Z,B97 4BS,Other,Established,Freehold,80,,PROSPECT HILL,,REDDITCH,REDDITCH,WORCESTERSHIRE,Additional,Addition,52.3103370000,-1.9406600000
229950,2018-03-08 00:00:00Z,B97 6AX,Semi-Detached,New Build,Freehold,3,,MARTON CLOSE,,REDDITCH,REDDITCH,WORCESTERSHIRE,Standard,Addition,52.3121640000,-1.9432100000
229000,2018-11-29 00:00:00Z,B97 6AX,Semi-Detached,New Build,Freehold,22,,MARTON CLOSE,,REDDITCH,REDDITCH,WORCESTERSHIRE,Standard,Addition,52.3121640000,-1.9432100000
156400,2018-12-03 00:00:00Z,B97 6AX,Semi-Detached,New Build,Freehold,24,,MARTON CLOSE,,REDDITCH,REDDITCH,WORCESTERSHIRE,Additional,Addition,52.3121640000,-1.9432100000
156400,2018-12-03 00:00:00Z,B97 6AX,Semi-Detached,New Build,Freehold,25,,MARTON CLOSE,,REDDITCH,REDDITCH,WORCESTERSHIRE,Additional,Addition,52.3121640000,-1.9432100000
175750,2018-12-19 00:00:00Z,B97 6BQ,Terraced,New Build,Freehold,42,,HAWLING STREET,,REDDITCH,REDDITCH,WORCESTERSHIRE,Additional,Addition,52.3184670000,-1.9468550000
190000,2018-12-19 00:00:00Z,B97 6BQ,Terraced,New Build,Freehold,44,,HAWLING STREET,,REDDITCH,REDDITCH,WORCESTERSHIRE,Additional,Addition,52.3184670000,-1.9468550000
190000,2018-12-19 00:00:00Z,B97 6BQ,Terraced,New Build,Freehold,46,,HAWLING STREET,,REDDITCH,REDDITCH,WORCESTERSHIRE,Additional,Addition,52.3184670000,-1.9468550000
190000,2018-12-19 00:00:00Z,B97 6BQ,Terraced,New Build,Freehold,48,,HAWLING STREET,,REDDITCH,REDDITCH,WORCESTERSHIRE,Additional,Addition,52.3184670000,-1.9468550000
180500,2018-12-19 00:00:00Z,B97 6BQ,Terraced,New Build,Freehold,50,,HAWLING STREET,,REDDITCH,REDDITCH,WORCESTERSHIRE,Additional,Addition,52.3184670000,-1.9468550000
334995,2018-11-30 00:00:00Z,B97 6SQ,Detached,New Build,Freehold,34,,LINTHURST CRESCENT,,REDDITCH,REDDITCH,WORCESTERSHIRE,Standard,Addition,52.3195460000,-1.9451520000
274995,2018-12-04 00:00:00Z,B97 6SQ,Semi-Detached,New Build,Freehold,28,,LINTHURST CRESCENT,,REDDITCH,REDDITCH,WORCESTERSHIRE,Standard,Addition,52.3195460000,-1.9451520000
285995,2018-12-14 00:00:00Z,B97 6SQ,Semi-Detached,New Build,Freehold,44,,LINTHURST CRESCENT,,REDDITCH,REDDITCH,WORCESTERSHIRE,Standard,Addition,52.3195460000,-1.9451520000
334995,2018-11-30 00:00:00Z,B97 6SQ,Detached,New Build,Freehold,32,,LINTHURST CRESCENT,,REDDITCH,REDDITCH,WORCESTERSHIRE,Standard,Addition,52.3195460000,-1.9451520000
282000,2018-08-30 00:00:00Z,B97 6BT,Detached,New Build,Freehold,8,,JACOB CLOSE,,REDDITCH,REDDITCH,WORCESTERSHIRE,Standard,Addition,52.3176040000,-1.9462100000
275000,2018-09-14 00:00:00Z,B97 6AX,Semi-Detached,New Build,Freehold,1,,MARTON CLOSE,,REDDITCH,REDDITCH,WORCESTERSHIRE,Standard,Addition,52.3121640000,-1.9432100000
142000,2018-09-28 00:00:00Z,B97 6AD,Terraced,Established,Freehold,48,,DIXON CLOSE,,REDDITCH,REDDITCH,WORCESTERSHIRE,Standard,Addition,52.3132240000,-1.9434430000
123500,2018-08-24 00:00:00Z,B97 6AJ,Flats/Maisonettes,Established,Leasehold,HOLLINGTON HOUSE,1,DIXON CLOSE,,REDDITCH,REDDITCH,WORCESTERSHIRE,Standard,Addition,52.3139240000,-1.9445360000
180000,2018-09-21 00:00:00Z,B97 6AP,Terraced,Established,Freehold,85,,DIXON CLOSE,,REDDITCH,REDDITCH,WORCESTERSHIRE,Standard,Addition,52.3135750000,-1.9439270000
117000,2018-11-28 00:00:00Z,B97 6BQ,Semi-Detached,New Build,Freehold,36,,HAWLING STREET,,REDDITCH,REDDITCH,WORCESTERSHIRE,Additional,Addition,52.3184670000,-1.9468550000
117000,2018-11-28 00:00:00Z,B97 6BQ,Semi-Detached,New Build,Freehold,38,,HAWLING STREET,,REDDITCH,REDDITCH,WORCESTERSHIRE,Additional,Addition,52.3184670000,-1.9468550000
114298,2018-11-30 00:00:00Z,B97 6SQ,Semi-Detached,New Build,Freehold,36,,LINTHURST CRESCENT,,REDDITCH,REDDITCH,WORCESTERSHIRE,Additional,Addition,52.3195460000,-1.9451520000
114298,2018-11-30 00:00:00Z,B97 6SQ,Semi-Detached,New Build,Freehold,38,,LINTHURST CRESCENT,,REDDITCH,REDDITCH,WORCESTERSHIRE,Additional,Addition,52.3195460000,-1.9451520000
126298,2018-11-30 00:00:00Z,B97 6SQ,Semi-Detached,New Build,Freehold,27,,LINTHURST CRESCENT,,REDDITCH,REDDITCH,WORCESTERSHIRE,Additional,Addition,52.3195460000,-1.9451520000
107998,2018-11-30 00:00:00Z,B97 6SQ,Terraced,New Build,Freehold,35,,LINTHURST CRESCENT,,REDDITCH,REDDITCH,WORCESTERSHIRE,Additional,Addition,52.3195460000,-1.9451520000
126298,2018-12-07 00:00:00Z,B97 6SQ,Semi-Detached,New Build,Freehold,29,,LINTHURST CRESCENT,,REDDITCH,REDDITCH,WORCESTERSHIRE,Additional,Addition,52.3195460000,-1.9451520000
114298,2018-12-06 00:00:00Z,B97 6SQ,Semi-Detached,New Build,Freehold,40,,LINTHURST CRESCENT,,REDDITCH,REDDITCH,WORCESTERSHIRE,Additional,Addition,52.3195460000,-1.9451520000
114298,2018-12-07 00:00:00Z,B97 6SQ,Semi-Detached,New Build,Freehold,42,,LINTHURST CRESCENT,,REDDITCH,REDDITCH,WORCESTERSHIRE,Additional,Addition,52.3195460000,-1.9451520000
107998,2018-11-30 00:00:00Z,B97 6SQ,Semi-Detached,New Build,Freehold,31,,LINTHURST CRESCENT,,REDDITCH,REDDITCH,WORCESTERSHIRE,Additional,Addition,52.3195460000,-1.9451520000
229950,2018-03-29 00:00:00Z,B97 6AX,Semi-Detached,New Build,Freehold,10,,MARTON CLOSE,,REDDITCH,REDDITCH,WORCESTERSHIRE,Standard,Addition,52.3121640000,-1.9432100000
305000,2018-09-28 00:00:00Z,B97 6BT,Detached,New Build,Freehold,13,,JACOB CLOSE,,REDDITCH,REDDITCH,WORCESTERSHIRE,Standard,Addition,52.3176040000,-1.9462100000
287000,2018-09-28 00:00:00Z,B97 6BT,Detached,New Build,Freehold,12,,JACOB CLOSE,,REDDITCH,REDDITCH,WORCESTERSHIRE,Standard,Addition,52.3176040000,-1.9462100000
268000,2018-10-26 00:00:00Z,B97 6BQ,Detached,New Build,Freehold,30,,HAWLING STREET,,REDDITCH,REDDITCH,WORCESTERSHIRE,Standard,Addition,52.3184670000,-1.9468550000
454995,2018-11-02 00:00:00Z,B97 6SQ,Detached,New Build,Freehold,16,,LINTHURST CRESCENT,,REDDITCH,REDDITCH,WORCESTERSHIRE,Standard,Addition,52.3195460000,-1.9451520000
191500,2018-11-23 00:00:00Z,B97 6AX,Terraced,New Build,Freehold,17,,MARTON CLOSE,,REDDITCH,REDDITCH,WORCESTERSHIRE,Standard,Addition,52.3121640000,-1.9432100000
249950,2018-03-14 00:00:00Z,B97 6AX,Semi-Detached,New Build,Freehold,2,,MARTON CLOSE,,REDDITCH,REDDITCH,WORCESTERSHIRE,Standard,Addition,52.3121640000,-1.9432100000
242500,2018-11-23 00:00:00Z,B97 6AX,Semi-Detached,New Build,Freehold,15,,MARTON CLOSE,,REDDITCH,REDDITCH,WORCESTERSHIRE,Standard,Addition,52.3121640000,-1.9432100000
190000,2018-12-10 00:00:00Z,B97 6AX,Semi-Detached,New Build,Freehold,21,,MARTON CLOSE,,REDDITCH,REDDITCH,WORCESTERSHIRE,Standard,Addition,52.3121640000,-1.9432100000
274995,2018-11-30 00:00:00Z,B97 6SQ,Semi-Detached,New Build,Freehold,30,,LINTHURST CRESCENT,,REDDITCH,REDDITCH,WORCESTERSHIRE,Standard,Addition,52.3195460000,-1.9451520000
190000,2018-12-18 00:00:00Z,B97 6AX,Semi-Detached,New Build,Freehold,20,,MARTON CLOSE,,REDDITCH,REDDITCH,WORCESTERSHIRE,Standard,Addition,52.3121640000,-1.9432100000
232500,2018-11-23 00:00:00Z,B97 6AX,Terraced,New Build,Freehold,19,,MARTON CLOSE,,REDDITCH,REDDITCH,WORCESTERSHIRE,Standard,Addition,52.3121640000,-1.9432100000
268000,2018-10-29 00:00:00Z,B97 6BT,Detached,New Build,Freehold,17,,JACOB CLOSE,,REDDITCH,REDDITCH,WORCESTERSHIRE,Standard,Addition,52.3176040000,-1.9462100000
305000,2018-12-14 00:00:00Z,B97 6BT,Detached,New Build,Freehold,16,,JACOB CLOSE,,REDDITCH,REDDITCH,WORCESTERSHIRE,Standard,Addition,52.3176040000,-1.9462100000
275000,2018-08-31 00:00:00Z,B97 6BT,Detached,New Build,Freehold,6,,JACOB CLOSE,,REDDITCH,REDDITCH,WORCESTERSHIRE,Standard,Addition,52.3176040000,-1.9462100000
146200,2018-07-25 00:00:00Z,B97 6AX,Semi-Detached,New Build,Freehold,32,,MARTON CLOSE,,REDDITCH,REDDITCH,WORCESTERSHIRE,Additional,Addition,52.3121640000,-1.9432100000
119000,2018-07-25 00:00:00Z,B97 6AX,Semi-Detached,New Build,Freehold,31,,MARTON CLOSE,,REDDITCH,REDDITCH,WORCESTERSHIRE,Additional,Addition,52.3121640000,-1.9432100000
199950,2018-02-02 00:00:00Z,B97 6AP,Terraced,Established,Freehold,127,,DIXON CLOSE,,REDDITCH,REDDITCH,WORCESTERSHIRE,Standard,Addition,52.3135750000,-1.9439270000
113000,2018-02-12 00:00:00Z,B97 6AJ,Flats/Maisonettes,Established,Leasehold,HOLLINGTON HOUSE,57,DIXON CLOSE,,REDDITCH,REDDITCH,WORCESTERSHIRE,Standard,Addition,52.3139240000,-1.9445360000
450000,2018-06-08 00:00:00Z,B97 6DE,Other,Established,Freehold,UNIT 45,,ENFIELD INDUSTRIAL ESTATE,,REDDITCH,REDDITCH,WORCESTERSHIRE,Additional,Addition,52.3113470000,-1.9465550000
296678,2018-08-31 00:00:00Z,B97 6BG,Other,Established,Freehold,PREMIER HOUSE UNIT 1,,ENFIELD INDUSTRIAL ESTATE,,REDDITCH,REDDITCH,WORCESTERSHIRE,Additional,Addition,52.3124380000,-1.9461660000
1900000,2018-08-24 00:00:00Z,B97 6BG,Other,Established,Freehold,UNIT 2,,ENFIELD INDUSTRIAL ESTATE,,REDDITCH,REDDITCH,WORCESTERSHIRE,Additional,Addition,52.3124380000,-1.9461660000
219950,2018-04-04 00:00:00Z,B97 6AX,Terraced,New Build,Freehold,14,,MARTON CLOSE,,REDDITCH,REDDITCH,WORCESTERSHIRE,Standard,Addition,52.3121640000,-1.9432100000
575000,2018-11-20 00:00:00Z,B97 6BG,Other,Established,Freehold,PREMIER HOUSE UNIT 1,,ENFIELD INDUSTRIAL ESTATE,,REDDITCH,REDDITCH,WORCESTERSHIRE,Additional,Addition,52.3124380000,-1.9461660000
240000,2018-01-17 00:00:00Z,B97 6AD,Detached,Established,Freehold,39,,DIXON CLOSE,,REDDITCH,REDDITCH,WORCESTERSHIRE,Standard,Addition,52.3132240000,-1.9434430000
197000,2018-08-15 00:00:00Z,B97 6EH,Semi-Detached,Established,Freehold,273,,BIRMINGHAM ROAD,,REDDITCH,REDDITCH,WORCESTERSHIRE,Standard,Addition,52.3163740000,-1.9425820000
250000,2018-06-22 00:00:00Z,B97 6AX,Semi-Detached,New Build,Freehold,8,,MARTON CLOSE,,REDDITCH,REDDITCH,WORCESTERSHIRE,Standard,Addition,52.3121640000,-1.9432100000
205000,2018-06-29 00:00:00Z,B97 6BQ,Terraced,New Build,Freehold,18,,HAWLING STREET,,REDDITCH,REDDITCH,WORCESTERSHIRE,Standard,Addition,52.3184670000,-1.9468550000
219950,2018-05-15 00:00:00Z,B97 6AX,Terraced,New Build,Freehold,5,,MARTON CLOSE,,REDDITCH,REDDITCH,WORCESTERSHIRE,Standard,Addition,52.3121640000,-1.9432100000
215000,2018-06-29 00:00:00Z,B97 6BQ,Semi-Detached,New Build,Freehold,14,,HAWLING STREET,,REDDITCH,REDDITCH,WORCESTERSHIRE,Standard,Addition,52.3184670000,-1.9468550000
260000,2018-06-29 00:00:00Z,B97 6BQ,Detached,New Build,Freehold,2,,HAWLING STREET,,REDDITCH,REDDITCH,WORCESTERSHIRE,Standard,Addition,52.3184670000,-1.9468550000
217000,2018-06-29 00:00:00Z,B97 6BQ,Terraced,New Build,Freehold,22,,HAWLING STREET,,REDDITCH,REDDITCH,WORCESTERSHIRE,Standard,Addition,52.3184670000,-1.9468550000
219950,2018-03-22 00:00:00Z,B97 6AX,Terraced,New Build,Freehold,7,,MARTON CLOSE,,REDDITCH,REDDITCH,WORCESTERSHIRE,Standard,Addition,52.3121640000,-1.9432100000
265000,2018-06-29 00:00:00Z,B97 6BQ,Detached,New Build,Freehold,10,,HAWLING STREET,,REDDITCH,REDDITCH,WORCESTERSHIRE,Standard,Addition,52.3184670000,-1.9468550000
217000,2018-06-29 00:00:00Z,B97 6BQ,Semi-Detached,New Build,Freehold,24,,HAWLING STREET,,REDDITCH,REDDITCH,WORCESTERSHIRE,Standard,Addition,52.3184670000,-1.9468550000
217000,2018-06-29 00:00:00Z,B97 6BQ,Semi-Detached,New Build,Freehold,26,,HAWLING STREET,,REDDITCH,REDDITCH,WORCESTERSHIRE,Standard,Addition,52.3184670000,-1.9468550000
215000,2018-06-29 00:00:00Z,B97 6BQ,Terraced,New Build,Freehold,16,,HAWLING STREET,,REDDITCH,REDDITCH,WORCESTERSHIRE,Standard,Addition,52.3184670000,-1.9468550000
300000,2018-06-29 00:00:00Z,B97 6BQ,Detached,New Build,Freehold,4,,HAWLING STREET,,REDDITCH,REDDITCH,WORCESTERSHIRE,Standard,Addition,52.3184670000,-1.9468550000
250000,2018-07-27 00:00:00Z,B97 6BT,Detached,New Build,Freehold,1,,JACOB CLOSE,,REDDITCH,REDDITCH,WORCESTERSHIRE,Standard,Addition,52.3176040000,-1.9462100000
262000,2018-07-27 00:00:00Z,B97 6BT,Detached,New Build,Freehold,4,,JACOB CLOSE,,REDDITCH,REDDITCH,WORCESTERSHIRE,Standard,Addition,52.3176040000,-1.9462100000
4767048,2018-02-28 00:00:00Z,B97 6AT,Other,Established,Freehold,BOWOOD MEWS,,HEWELL ROAD,,REDDITCH,REDDITCH,WORCESTERSHIRE,Additional,Addition,52.3103710000,-1.9478550000
210000,2018-03-06 00:00:00Z,B97 6AD,Terraced,Established,Freehold,5,,DIXON CLOSE,,REDDITCH,REDDITCH,WORCESTERSHIRE,Standard,Addition,52.3132240000,-1.9434430000
140000,2018-03-23 00:00:00Z,B97 4BT,Terraced,Established,Freehold,112,,CLIVE ROAD,,REDDITCH,REDDITCH,WORCESTERSHIRE,Additional,Addition,52.3108230000,-1.9418330000
187000,2018-10-11 00:00:00Z,B97 4BT,Semi-Detached,Established,Freehold,88,,CLIVE ROAD,,REDDITCH,REDDITCH,WORCESTERSHIRE,Standard,Addition,52.3108230000,-1.9418330000
262000,2018-11-16 00:00:00Z,B97 6AD,Detached,Established,Freehold,44,,DIXON CLOSE,,REDDITCH,REDDITCH,WORCESTERSHIRE,Standard,Addition,52.3132240000,-1.9434430000
243000,2018-12-14 00:00:00Z,B97 6AD,Terraced,Established,Freehold,2,,DIXON CLOSE,,REDDITCH,REDDITCH,WORCESTERSHIRE,Standard,Addition,52.3132240000,-1.9434430000
390000,2018-12-19 00:00:00Z,B97 6AX,Other,Established,Freehold,37,,MARTON CLOSE,,REDDITCH,REDDITCH,WORCESTERSHIRE,Additional,Addition,52.3121640000,-1.9432100000
287000,2018-09-28 00:00:00Z,B97 6BT,Detached,New Build,Freehold,10,,JACOB CLOSE,,REDDITCH,REDDITCH,WORCESTERSHIRE,Standard,Addition,52.3176040000,-1.9462100000
301000,2018-09-28 00:00:00Z,B97 6BT,Detached,New Build,Freehold,11,,JACOB CLOSE,,REDDITCH,REDDITCH,WORCESTERSHIRE,Standard,Addition,52.3176040000,-1.9462100000
270000,2018-12-20 00:00:00Z,B97 6BU,Detached,New Build,Freehold,7,,KIMCOTE STREET,,REDDITCH,REDDITCH,WORCESTERSHIRE,Standard,Addition,52.3187550000,-1.9465610000
307000,2018-12-19 00:00:00Z,B97 6BU,Detached,New Build,Freehold,3,,KIMCOTE STREET,,REDDITCH,REDDITCH,WORCESTERSHIRE,Standard,Addition,52.3187550000,-1.9465610000
270000,2018-12-20 00:00:00Z,B97 6BU,Detached,New Build,Freehold,1,,KIMCOTE STREET,,REDDITCH,REDDITCH,WORCESTERSHIRE,Standard,Addition,52.3187550000,-1.9465610000
307000,2018-12-20 00:00:00Z,B97 6BU,Detached,New Build,Freehold,5,,KIMCOTE STREET,,REDDITCH,REDDITCH,WORCESTERSHIRE,Standard,Addition,52.3187550000,-1.9465610000
232000,2018-11-02 00:00:00Z,B97 6BQ,Semi-Detached,New Build,Freehold,32,,HAWLING STREET,,REDDITCH,REDDITCH,WORCESTERSHIRE,Standard,Addition,52.3184670000,-1.9468550000
230000,2018-11-15 00:00:00Z,B97 6BQ,Semi-Detached,New Build,Freehold,34,,HAWLING STREET,,REDDITCH,REDDITCH,WORCESTERSHIRE,Standard,Addition,52.3184670000,-1.9468550000
235596,2018-12-21 00:00:00Z,B97 6SQ,Terraced,New Build,Freehold,33,,LINTHURST CRESCENT,,REDDITCH,REDDITCH,WORCESTERSHIRE,Additional,Addition,52.3195460000,-1.9451520000
229950,2018-03-14 00:00:00Z,B97 6AX,Semi-Detached,New Build,Freehold,9,,MARTON CLOSE,,REDDITCH,REDDITCH,WORCESTERSHIRE,Standard,Addition,52.3121640000,-1.9432100000
265000,2018-09-28 00:00:00Z,B97 6BT,Detached,New Build,Freehold,14,,JACOB CLOSE,,REDDITCH,REDDITCH,WORCESTERSHIRE,Standard,Addition,52.3176040000,-1.9462100000
240000,2019-09-27 00:00:00Z,B97 6AX,Semi-Detached,New Build,Freehold,26,,MARTON CLOSE,,REDDITCH,REDDITCH,WORCESTERSHIRE,Standard,Addition,52.3121640000,-1.9432100000
190000,2019-09-20 00:00:00Z,B97 6BZ,Semi-Detached,New Build,Freehold,29,,LACEBY CLOSE,,REDDITCH,REDDITCH,WORCESTERSHIRE,Standard,Addition,52.3194740000,-1.9466040000
249995,2019-05-31 00:00:00Z,B97 6SQ,Semi-Detached,New Build,Freehold,48,,LINTHURST CRESCENT,,REDDITCH,REDDITCH,WORCESTERSHIRE,Standard,Addition,52.3195460000,-1.9451520000
200000,2019-08-30 00:00:00Z,B97 6DD,Semi-Detached,New Build,Freehold,3,,MIDHOPE STREET,,REDDITCH,REDDITCH,WORCESTERSHIRE,Standard,Addition,52.3195650000,-1.9474990000
200000,2019-08-28 00:00:00Z,B97 6DD,Semi-Detached,New Build,Freehold,5,,MIDHOPE STREET,,REDDITCH,REDDITCH,WORCESTERSHIRE,Standard,Addition,52.3195650000,-1.9474990000
248000,2019-09-25 00:00:00Z,B97 6AD,Terraced,Established,Freehold,45,,DIXON CLOSE,,REDDITCH,REDDITCH,WORCESTERSHIRE,Standard,Addition,52.3132240000,-1.9434430000
261000,2019-10-17 00:00:00Z,B97 6BQ,Detached,New Build,Freehold,82,,HAWLING STREET,,REDDITCH,REDDITCH,WORCESTERSHIRE,Standard,Addition,52.3184670000,-1.9468550000
207000,2019-10-18 00:00:00Z,B97 6DD,Semi-Detached,New Build,Freehold,8,,MIDHOPE STREET,,REDDITCH,REDDITCH,WORCESTERSHIRE,Standard,Addition,52.3195650000,-1.9474990000
210000,2019-07-29 00:00:00Z,B97 6AD,Terraced,Established,Freehold,5,,DIXON CLOSE,,REDDITCH,REDDITCH,WORCESTERSHIRE,Standard,Addition,52.3132240000,-1.9434430000
230000,2019-03-22 00:00:00Z,B97 6AP,Semi-Detached,Established,Freehold,72,,DIXON CLOSE,,REDDITCH,REDDITCH,WORCESTERSHIRE,Standard,Addition,52.3135750000,-1.9439270000
217500,2019-12-13 00:00:00Z,B97 6AD,Terraced,Established,Freehold,56,,DIXON CLOSE,,REDDITCH,REDDITCH,WORCESTERSHIRE,Standard,Addition,52.3132240000,-1.9434430000
274995,2019-02-28 00:00:00Z,B97 6SQ,Semi-Detached,New Build,Freehold,26,,LINTHURST CRESCENT,,REDDITCH,REDDITCH,WORCESTERSHIRE,Standard,Addition,52.3195460000,-1.9451520000
102500,2019-11-20 00:00:00Z,B97 4BT,Terraced,Established,Freehold,90,,CLIVE ROAD,,REDDITCH,REDDITCH,WORCESTERSHIRE,Additional,Addition,52.3108230000,-1.9418330000
606480,2019-10-31 00:00:00Z,B97 4AY,Other,Established,Freehold,1,,MILLWARD PLACE,,REDDITCH,REDDITCH,WORCESTERSHIRE,Additional,Addition,52.3112000000,-1.9402920000
220000,2019-12-13 00:00:00Z,B97 6AD,Terraced,Established,Freehold,56,,DIXON CLOSE,,REDDITCH,REDDITCH,WORCESTERSHIRE,Additional,Addition,52.3132240000,-1.9434430000
197358,2019-10-29 00:00:00Z,B97 4AY,Flats/Maisonettes,Established,Leasehold,11,,MILWARD PLACE,,REDDITCH,REDDITCH,WORCESTERSHIRE,Additional,Addition,52.3112000000,-1.9402920000
229950,2019-10-31 00:00:00Z,B97 4AY,Flats/Maisonettes,Established,Leasehold,33,,MILWARD PLACE,,REDDITCH,REDDITCH,WORCESTERSHIRE,Standard,Addition,52.3112000000,-1.9402920000
159950,2019-10-25 00:00:00Z,B97 4AY,Flats/Maisonettes,Established,Leasehold,4,,MILWARD PLACE,,REDDITCH,REDDITCH,WORCESTERSHIRE,Standard,Addition,52.3112000000,-1.9402920000
138000,2019-03-01 00:00:00Z,B97 6BZ,Semi-Detached,New Build,Freehold,1,,LACEBY CLOSE,,REDDITCH,REDDITCH,WORCESTERSHIRE,Additional,Addition,52.3194740000,-1.9466040000
138000,2019-03-01 00:00:00Z,B97 6BZ,Semi-Detached,New Build,Freehold,2,,LACEBY CLOSE,,REDDITCH,REDDITCH,WORCESTERSHIRE,Additional,Addition,52.3194740000,-1.9466040000
120000,2019-10-11 00:00:00Z,B97 4BT,Terraced,Established,Freehold,90,,CLIVE ROAD,,REDDITCH,REDDITCH,WORCESTERSHIRE,Additional,Addition,52.3108230000,-1.9418330000
232000,2019-01-31 00:00:00Z,B97 6BZ,Other,New Build,Freehold,12,,LACEBY CLOSE,,REDDITCH,REDDITCH,WORCESTERSHIRE,Additional,Addition,52.3194740000,-1.9466040000
118000,2019-08-07 00:00:00Z,B97 6AJ,Flats/Maisonettes,Established,Leasehold,HOLLINGTON HOUSE,25,DIXON CLOSE,,REDDITCH,REDDITCH,WORCESTERSHIRE,Standard,Addition,52.3139240000,-1.9445360000
113356,2019-10-25 00:00:00Z,B97 4AY,Flats/Maisonettes,New Build,Leasehold,48,,MILLWARD PLACE,,REDDITCH,REDDITCH,WORCESTERSHIRE,Additional,Addition,52.3112000000,-1.9402920000
115759,2019-10-31 00:00:00Z,B97 4AY,Flats/Maisonettes,New Build,Leasehold,2,,MILLWARD PLACE,,REDDITCH,REDDITCH,WORCESTERSHIRE,Additional,Addition,52.3112000000,-1.9402920000
121389,2019-10-31 00:00:00Z,B97 4AY,Flats/Maisonettes,New Build,Leasehold,3,,MILLWARD PLACE,,REDDITCH,REDDITCH,WORCESTERSHIRE,Additional,Addition,52.3112000000,-1.9402920000
103102,2019-10-31 00:00:00Z,B97 4AY,Flats/Maisonettes,New Build,Leasehold,5,,MILLWARD PLACE,,REDDITCH,REDDITCH,WORCESTERSHIRE,Additional,Addition,52.3112000000,-1.9402920000
181014,2019-10-31 00:00:00Z,B97 4AY,Flats/Maisonettes,New Build,Leasehold,6,,MILLWARD PLACE,,REDDITCH,REDDITCH,WORCESTERSHIRE,Additional,Addition,52.3112000000,-1.9402920000
244000,2019-10-29 00:00:00Z,B97 6BZ,Other,New Build,Freehold,41,,LACEBY CLOSE,,REDDITCH,REDDITCH,WORCESTERSHIRE,Additional,Addition,52.3194740000,-1.9466040000
736500,2019-12-03 00:00:00Z,B97 6EN,Other,Established,Freehold,168,,BIRMINGHAM ROAD,,REDDITCH,REDDITCH,WORCESTERSHIRE,Additional,Addition,52.3134150000,-1.9405030000
159950,2019-10-31 00:00:00Z,B97 4AY,Flats/Maisonettes,New Build,Leasehold,35,,MILLWARD PLACE,,REDDITCH,REDDITCH,WORCESTERSHIRE,Standard,Addition,52.3112000000,-1.9402920000
117500,2019-06-06 00:00:00Z,B97 6AJ,Flats/Maisonettes,Established,Leasehold,HOLLINGTON HOUSE,7,DIXON CLOSE,,REDDITCH,REDDITCH,WORCESTERSHIRE,Standard,Addition,52.3139240000,-1.9445360000
226000,2019-09-06 00:00:00Z,B97 6BQ,Terraced,New Build,Freehold,64,,HAWLING STREET,,REDDITCH,REDDITCH,WORCESTERSHIRE,Standard,Addition,52.3184670000,-1.9468550000
271000,2019-08-30 00:00:00Z,B97 6BZ,Detached,New Build,Freehold,52,,LACEBY CLOSE,,REDDITCH,REDDITCH,WORCESTERSHIRE,Standard,Addition,52.3194740000,-1.9466040000
245495,2019-09-24 00:00:00Z,B97 6SQ,Semi-Detached,New Build,Freehold,54,,LINTHURST CRESCENT,,REDDITCH,REDDITCH,WORCESTERSHIRE,Standard,Addition,52.3195460000,-1.9451520000
200000,2019-08-27 00:00:00Z,B97 6DD,Semi-Detached,New Build,Freehold,7,,MIDHOPE STREET,,REDDITCH,REDDITCH,WORCESTERSHIRE,Standard,Addition,52.3195650000,-1.9474990000
120000,2019-07-05 00:00:00Z,B97 4BE,Flats/Maisonettes,Established,Leasehold,PROSPECT VIEW,APARTMENT 20,CLIVE ROAD,,REDDITCH,REDDITCH,WORCESTERSHIRE,Additional,Addition,52.3108000000,-1.9431610000
117000,2019-07-01 00:00:00Z,B97 6BZ,Semi-Detached,New Build,Freehold,59,,LACEBY CLOSE,,REDDITCH,REDDITCH,WORCESTERSHIRE,Additional,Addition,52.3194740000,-1.9466040000
222000,2019-06-28 00:00:00Z,B97 6AP,Semi-Detached,Established,Freehold,71,,DIXON CLOSE,,REDDITCH,REDDITCH,WORCESTERSHIRE,Standard,Addition,52.3135750000,-1.9439270000
254995,2019-06-14 00:00:00Z,B97 6SQ,Semi-Detached,New Build,Freehold,50,,LINTHURST CRESCENT,,REDDITCH,REDDITCH,WORCESTERSHIRE,Standard,Addition,52.3195460000,-1.9451520000
429995,2019-06-14 00:00:00Z,B97 6SQ,Detached,New Build,Freehold,14,,LINTHURST CRESCENT,,REDDITCH,REDDITCH,WORCESTERSHIRE,Standard,Addition,52.3195460000,-1.9451520000
254995,2019-06-28 00:00:00Z,B97 6SQ,Semi-Detached,New Build,Freehold,52,,LINTHURST CRESCENT,,REDDITCH,REDDITCH,WORCESTERSHIRE,Standard,Addition,52.3195460000,-1.9451520000
190000,2019-06-21 00:00:00Z,B97 6BQ,Terraced,New Build,Freehold,60,,HAWLING STREET,,REDDITCH,REDDITCH,WORCESTERSHIRE,Standard,Addition,52.3184670000,-1.9468550000
265000,2019-06-28 00:00:00Z,B97 6BQ,Semi-Detached,New Build,Freehold,68,,HAWLING STREET,,REDDITCH,REDDITCH,WORCESTERSHIRE,Standard,Addition,52.3184670000,-1.9468550000
385995,2019-06-20 00:00:00Z,B97 6SQ,Detached,New Build,Freehold,75,,LINTHURST CRESCENT,,REDDITCH,REDDITCH,WORCESTERSHIRE,Standard,Addition,52.3195460000,-1.9451520000
231000,2019-06-28 00:00:00Z,B97 6BQ,Terraced,New Build,Freehold,62,,HAWLING STREET,,REDDITCH,REDDITCH,WORCESTERSHIRE,Standard,Addition,52.3184670000,-1.9468550000
262000,2019-06-28 00:00:00Z,B97 6BZ,Detached,New Build,Freehold,56,,LACEBY CLOSE,,REDDITCH,REDDITCH,WORCESTERSHIRE,Standard,Addition,52.3194740000,-1.9466040000
266000,2019-06-28 00:00:00Z,B97 6BQ,Semi-Detached,New Build,Freehold,70,,HAWLING STREET,,REDDITCH,REDDITCH,WORCESTERSHIRE,Standard,Addition,52.3184670000,-1.9468550000
275000,2019-11-29 00:00:00Z,B97 6DG,Semi-Detached,New Build,Freehold,9,,NUTFORD STREET,,REDDITCH,REDDITCH,WORCESTERSHIRE,Standard,Addition,52.3178300000,-1.9490410000
283000,2019-12-20 00:00:00Z,B97 6DG,Detached,New Build,Freehold,23,,NUTFORD STREET,,REDDITCH,REDDITCH,WORCESTERSHIRE,Standard,Addition,52.3178300000,-1.9490410000
318000,2019-12-20 00:00:00Z,B97 6DG,Detached,New Build,Freehold,19,,NUTFORD STREET,,REDDITCH,REDDITCH,WORCESTERSHIRE,Standard,Addition,52.3178300000,-1.9490410000
315000,2019-12-20 00:00:00Z,B97 6DH,Detached,New Build,Freehold,1,,OWLHAM CLOSE,,REDDITCH,REDDITCH,WORCESTERSHIRE,Standard,Addition,52.3172550000,-1.9498340000
241000,2019-12-20 00:00:00Z,B97 6BZ,Terraced,New Build,Freehold,46,,LACEBY CLOSE,,REDDITCH,REDDITCH,WORCESTERSHIRE,Standard,Addition,52.3194740000,-1.9466040000
225000,2019-12-20 00:00:00Z,B97 6BQ,Terraced,New Build,Freehold,86,,HAWLING STREET,,REDDITCH,REDDITCH,WORCESTERSHIRE,Standard,Addition,52.3184670000,-1.9468550000
240000,2019-03-22 00:00:00Z,B97 6AX,Semi-Detached,New Build,Freehold,29,,MARTON CLOSE,,REDDITCH,REDDITCH,WORCESTERSHIRE,Standard,Addition,52.3121640000,-1.9432100000
318000,2019-12-17 00:00:00Z,B97 6DG,Detached,New Build,Freehold,21,,NUTFORD STREET,,REDDITCH,REDDITCH,WORCESTERSHIRE,Standard,Addition,52.3178300000,-1.9490410000
232000,2019-05-20 00:00:00Z,B97 6AP,Semi-Detached,Established,Freehold,107,,DIXON CLOSE,,REDDITCH,REDDITCH,WORCESTERSHIRE,Standard,Addition,52.3135750000,-1.9439270000
216000,2019-04-17 00:00:00Z,B97 6AD,Semi-Detached,Established,Freehold,10,,DIXON CLOSE,,REDDITCH,REDDITCH,WORCESTERSHIRE,Standard,Addition,52.3132240000,-1.9434430000
205000,2019-03-29 00:00:00Z,B97 6AD,Semi-Detached,Established,Freehold,9,,DIXON CLOSE,,REDDITCH,REDDITCH,WORCESTERSHIRE,Standard,Addition,52.3132240000,-1.9434430000
272000,2019-04-26 00:00:00Z,B97 6BQ,Detached,New Build,Freehold,58,,HAWLING STREET,,REDDITCH,REDDITCH,WORCESTERSHIRE,Standard,Addition,52.3184670000,-1.9468550000
190000,2019-08-30 00:00:00Z,B97 6BZ,Semi-Detached,New Build,Freehold,28,,LACEBY CLOSE,,REDDITCH,REDDITCH,WORCESTERSHIRE,Standard,Addition,52.3194740000,-1.9466040000
230000,2019-04-05 00:00:00Z,B97 6BZ,Terraced,New Build,Freehold,4,,LACEBY CLOSE,,REDDITCH,REDDITCH,WORCESTERSHIRE,Standard,Addition,52.3194740000,-1.9466040000
200000,2019-08-21 00:00:00Z,B97 6DD,Semi-Detached,New Build,Freehold,1,,MIDHOPE STREET,,REDDITCH,REDDITCH,WORCESTERSHIRE,Standard,Addition,52.3195650000,-1.9474990000
277500,2019-07-16 00:00:00Z,B97 6BQ,Detached,Established,Freehold,2,,HAWLING STREET,,REDDITCH,REDDITCH,WORCESTERSHIRE,Standard,Addition,52.3184670000,-1.9468550000
150000,2019-07-05 00:00:00Z,B97 6AX,Flats/Maisonettes,New Build,Leasehold,44,FIRST FLOOR APARTMENT,MARTON CLOSE,,REDDITCH,REDDITCH,WORCESTERSHIRE,Standard,Addition,52.3121640000,-1.9432100000
250000,2019-07-04 00:00:00Z,B97 6AX,Semi-Detached,New Build,Freehold,16,,MARTON CLOSE,,REDDITCH,REDDITCH,WORCESTERSHIRE,Standard,Addition,52.3121640000,-1.9432100000
220000,2019-05-10 00:00:00Z,B97 6BZ,Semi-Detached,New Build,Freehold,19,,LACEBY CLOSE,,REDDITCH,REDDITCH,WORCESTERSHIRE,Standard,Addition,52.3194740000,-1.9466040000
265000,2019-06-28 00:00:00Z,B97 6BQ,Semi-Detached,New Build,Freehold,66,,HAWLING STREET,,REDDITCH,REDDITCH,WORCESTERSHIRE,Standard,Addition,52.3184670000,-1.9468550000
240000,2019-08-16 00:00:00Z,B97 6AD,Semi-Detached,Established,Freehold,70,,DIXON CLOSE,,REDDITCH,REDDITCH,WORCESTERSHIRE,Standard,Addition,52.3132240000,-1.9434430000
270000,2019-06-28 00:00:00Z,B97 6BQ,Semi-Detached,New Build,Freehold,72,,HAWLING STREET,,REDDITCH,REDDITCH,WORCESTERSHIRE,Standard,Addition,52.3184670000,-1.9468550000
265000,2019-06-28 00:00:00Z,B97 6BQ,Detached,New Build,Freehold,80,,HAWLING STREET,,REDDITCH,REDDITCH,WORCESTERSHIRE,Standard,Addition,52.3184670000,-1.9468550000
234000,2019-06-28 00:00:00Z,B97 6BQ,Terraced,New Build,Freehold,74,,HAWLING STREET,,REDDITCH,REDDITCH,WORCESTERSHIRE,Standard,Addition,52.3184670000,-1.9468550000
190000,2019-06-28 00:00:00Z,B97 6BQ,Terraced,New Build,Freehold,78,,HAWLING STREET,,REDDITCH,REDDITCH,WORCESTERSHIRE,Standard,Addition,52.3184670000,-1.9468550000
236000,2019-07-19 00:00:00Z,B97 6BQ,Terraced,New Build,Freehold,76,,HAWLING STREET,,REDDITCH,REDDITCH,WORCESTERSHIRE,Standard,Addition,52.3184670000,-1.9468550000
262000,2019-07-11 00:00:00Z,B97 6BZ,Detached,New Build,Freehold,53,,LACEBY CLOSE,,REDDITCH,REDDITCH,WORCESTERSHIRE,Standard,Addition,52.3194740000,-1.9466040000
237000,2019-04-18 00:00:00Z,B97 6BZ,Semi-Detached,New Build,Freehold,7,,LACEBY CLOSE,,REDDITCH,REDDITCH,WORCESTERSHIRE,Standard,Addition,52.3194740000,-1.9466040000
190000,2019-07-31 00:00:00Z,B97 6BZ,Semi-Detached,New Build,Freehold,22,,LACEBY CLOSE,,REDDITCH,REDDITCH,WORCESTERSHIRE,Standard,Addition,52.3194740000,-1.9466040000
190000,2019-07-31 00:00:00Z,B97 6BZ,Semi-Detached,New Build,Freehold,23,,LACEBY CLOSE,,REDDITCH,REDDITCH,WORCESTERSHIRE,Standard,Addition,52.3194740000,-1.9466040000
235000,2019-08-23 00:00:00Z,B97 6AX,Semi-Detached,New Build,Freehold,23,,MARTON CLOSE,,REDDITCH,REDDITCH,WORCESTERSHIRE,Standard,Addition,52.3121640000,-1.9432100000
225000,2019-05-22 00:00:00Z,B97 6AX,Terraced,Established,Freehold,18,,MARTON CLOSE,,REDDITCH,REDDITCH,WORCESTERSHIRE,Standard,Addition,52.3121640000,-1.9432100000
150000,2019-06-07 00:00:00Z,B97 6AP,Semi-Detached,Established,Freehold,102,,DIXON CLOSE,,REDDITCH,REDDITCH,WORCESTERSHIRE,Standard,Addition,52.3135750000,-1.9439270000
116500,2019-02-27 00:00:00Z,B97 6AJ,Flats/Maisonettes,Established,Leasehold,HOLLINGTON HOUSE,59,DIXON CLOSE,,REDDITCH,REDDITCH,WORCESTERSHIRE,Additional,Addition,52.3139240000,-1.9445360000
235000,2019-05-23 00:00:00Z,B97 6AP,Terraced,Established,Freehold,73,,DIXON CLOSE,,REDDITCH,REDDITCH,WORCESTERSHIRE,Standard,Addition,52.3135750000,-1.9439270000
115000,2019-05-10 00:00:00Z,B97 6AJ,Flats/Maisonettes,Established,Leasehold,HOLLINGTON HOUSE,5,DIXON CLOSE,,REDDITCH,REDDITCH,WORCESTERSHIRE,Standard,Addition,52.3139240000,-1.9445360000
230000,2019-05-24 00:00:00Z,B97 6AD,Terraced,Established,Freehold,12,,DIXON CLOSE,,REDDITCH,REDDITCH,WORCESTERSHIRE,Standard,Addition,52.3132240000,-1.9434430000
270000,2019-03-29 00:00:00Z,B97 6BU,Detached,New Build,Freehold,8,,KIMCOTE STREET,,REDDITCH,REDDITCH,WORCESTERSHIRE,Standard,Addition,52.3187550000,-1.9465610000
307000,2019-03-29 00:00:00Z,B97 6BU,Detached,New Build,Freehold,6,,KIMCOTE STREET,,REDDITCH,REDDITCH,WORCESTERSHIRE,Standard,Addition,52.3187550000,-1.9465610000
270000,2019-04-04 00:00:00Z,B97 6BU,Detached,New Build,Freehold,2,,KIMCOTE STREET,,REDDITCH,REDDITCH,WORCESTERSHIRE,Standard,Addition,52.3187550000,-1.9465610000
304000,2019-04-05 00:00:00Z,B97 6BU,Detached,New Build,Freehold,4,,KIMCOTE STREET,,REDDITCH,REDDITCH,WORCESTERSHIRE,Standard,Addition,52.3187550000,-1.9465610000
240000,2019-05-03 00:00:00Z,B97 6AX,Semi-Detached,New Build,Freehold,28,,MARTON CLOSE,,REDDITCH,REDDITCH,WORCESTERSHIRE,Standard,Addition,52.3121640000,-1.9432100000
155000,2019-05-21 00:00:00Z,B97 6AX,Flats/Maisonettes,Established,Leasehold,43,,MARTON CLOSE,,REDDITCH,REDDITCH,WORCESTERSHIRE,Standard,Addition,52.3121640000,-1.9432100000
220000,2019-05-09 00:00:00Z,B97 6BZ,Semi-Detached,New Build,Freehold,18,,LACEBY CLOSE,,REDDITCH,REDDITCH,WORCESTERSHIRE,Standard,Addition,52.3194740000,-1.9466040000
220000,2019-05-08 00:00:00Z,B97 6BZ,Semi-Detached,New Build,Freehold,21,,LACEBY CLOSE,,REDDITCH,REDDITCH,WORCESTERSHIRE,Standard,Addition,52.3194740000,-1.9466040000
220000,2019-05-10 00:00:00Z,B97 6BZ,Semi-Detached,New Build,Freehold,20,,LACEBY CLOSE,,REDDITCH,REDDITCH,WORCESTERSHIRE,Standard,Addition,52.3194740000,-1.9466040000
90000,2019-08-14 00:00:00Z,B97 4BT,Terraced,Established,Freehold,90,,CLIVE ROAD,,REDDITCH,REDDITCH,WORCESTERSHIRE,Additional,Addition,52.3108230000,-1.9418330000
190000,2019-04-15 00:00:00Z,B97 6AX,Detached,New Build,Freehold,45,,MARTON CLOSE,,REDDITCH,REDDITCH,WORCESTERSHIRE,Additional,Addition,52.3121640000,-1.9432100000
117000,2019-05-31 00:00:00Z,B97 6BZ,Semi-Detached,New Build,Freehold,58,,LACEBY CLOSE,,REDDITCH,REDDITCH,WORCESTERSHIRE,Additional,Addition,52.3194740000,-1.9466040000
240000,2019-08-27 00:00:00Z,B97 6AX,Semi-Detached,New Build,Freehold,27,,MARTON CLOSE,,REDDITCH,REDDITCH,WORCESTERSHIRE,Standard,Addition,52.3121640000,-1.9432100000
224000,2019-12-06 00:00:00Z,B97 6BQ,Terraced,New Build,Freehold,84,,HAWLING STREET,,REDDITCH,REDDITCH,WORCESTERSHIRE,Standard,Addition,52.3184670000,-1.9468550000
315000,2019-12-13 00:00:00Z,B97 6DG,Detached,New Build,Freehold,11,,NUTFORD STREET,,REDDITCH,REDDITCH,WORCESTERSHIRE,Standard,Addition,52.3178300000,-1.9490410000
315000,2019-12-13 00:00:00Z,B97 6DG,Detached,New Build,Freehold,13,,NUTFORD STREET,,REDDITCH,REDDITCH,WORCESTERSHIRE,Standard,Addition,52.3178300000,-1.9490410000
226000,2019-12-12 00:00:00Z,B97 6BZ,Terraced,New Build,Freehold,47,,LACEBY CLOSE,,REDDITCH,REDDITCH,WORCESTERSHIRE,Standard,Addition,52.3194740000,-1.9466040000
134952,2019-10-31 00:00:00Z,B97 4AY,Flats/Maisonettes,New Build,Leasehold,7,,MILLWARD PLACE,,REDDITCH,REDDITCH,WORCESTERSHIRE,Additional,Addition,52.3112000000,-1.9402920000
181014,2019-10-31 00:00:00Z,B97 4AY,Flats/Maisonettes,New Build,Leasehold,8,,MILLWARD PLACE,,REDDITCH,REDDITCH,WORCESTERSHIRE,Additional,Addition,52.3112000000,-1.9402920000
123436,2019-10-31 00:00:00Z,B97 4AY,Flats/Maisonettes,New Build,Leasehold,MILWARD PLACE,10,CLIVE ROAD,,REDDITCH,REDDITCH,WORCESTERSHIRE,Additional,Addition,52.3112000000,-1.9402920000
157983,2019-10-31 00:00:00Z,B97 4AY,Flats/Maisonettes,New Build,Leasehold,MILWARD PLACE,15,CLIVE ROAD,,REDDITCH,REDDITCH,WORCESTERSHIRE,Additional,Addition,52.3112000000,-1.9402920000
103102,2019-10-31 00:00:00Z,B97 4AY,Flats/Maisonettes,New Build,Leasehold,MILWARD PLACE,17,CLIVE ROAD,,REDDITCH,REDDITCH,WORCESTERSHIRE,Additional,Addition,52.3112000000,-1.9402920000
115759,2019-10-31 00:00:00Z,B97 4AY,Flats/Maisonettes,New Build,Leasehold,18,,MILLWARD PLACE,,REDDITCH,REDDITCH,WORCESTERSHIRE,Additional,Addition,52.3112000000,-1.9402920000
119597,2019-10-31 00:00:00Z,B97 4AY,Flats/Maisonettes,New Build,Leasehold,19,,MILLWARD PLACE,,REDDITCH,REDDITCH,WORCESTERSHIRE,Additional,Addition,52.3112000000,-1.9402920000
115759,2019-10-31 00:00:00Z,B97 4AY,Flats/Maisonettes,New Build,Leasehold,20,,MILLWARD PLACE,,REDDITCH,REDDITCH,WORCESTERSHIRE,Additional,Addition,52.3112000000,-1.9402920000
115759,2019-10-31 00:00:00Z,B97 4AY,Flats/Maisonettes,New Build,Leasehold,21,,MILLWARD PLACE,,REDDITCH,REDDITCH,WORCESTERSHIRE,Additional,Addition,52.3112000000,-1.9402920000
177176,2019-10-31 00:00:00Z,B97 4AY,Flats/Maisonettes,New Build,Leasehold,22,,MILLWARD PLACE,,REDDITCH,REDDITCH,WORCESTERSHIRE,Additional,Addition,52.3112000000,-1.9402920000
163730,2019-10-31 00:00:00Z,B97 4AY,Flats/Maisonettes,New Build,Leasehold,23,,MILLWARD PLACE,,REDDITCH,REDDITCH,WORCESTERSHIRE,Additional,Addition,52.3112000000,-1.9402920000
119456,2019-10-31 00:00:00Z,B97 4AY,Flats/Maisonettes,New Build,Leasehold,24,,MILLWARD PLACE,,REDDITCH,REDDITCH,WORCESTERSHIRE,Additional,Addition,52.3112000000,-1.9402920000
177176,2019-10-31 00:00:00Z,B97 4AY,Flats/Maisonettes,New Build,Leasehold,25,,MILLWARD PLACE,,REDDITCH,REDDITCH,WORCESTERSHIRE,Additional,Addition,52.3112000000,-1.9402920000
106372,2019-10-31 00:00:00Z,B97 4AY,Flats/Maisonettes,New Build,Leasehold,27,,MILLWARD PLACE,,REDDITCH,REDDITCH,WORCESTERSHIRE,Additional,Addition,52.3112000000,-1.9402920000
165660,2019-10-31 00:00:00Z,B97 4AY,Flats/Maisonettes,New Build,Leasehold,28,,MILLWARD PLACE,,REDDITCH,REDDITCH,WORCESTERSHIRE,Additional,Addition,52.3112000000,-1.9402920000
114090,2019-10-31 00:00:00Z,B97 4AY,Flats/Maisonettes,New Build,Leasehold,29,,MILLWARD PLACE,,REDDITCH,REDDITCH,WORCESTERSHIRE,Additional,Addition,52.3112000000,-1.9402920000
153665,2019-10-31 00:00:00Z,B97 4AY,Flats/Maisonettes,New Build,Leasehold,30,,MILLWARD PLACE,,REDDITCH,REDDITCH,WORCESTERSHIRE,Additional,Addition,52.3112000000,-1.9402920000
111920,2019-10-31 00:00:00Z,B97 4AY,Flats/Maisonettes,New Build,Leasehold,31,,MILLWARD PLACE,,REDDITCH,REDDITCH,WORCESTERSHIRE,Additional,Addition,52.3112000000,-1.9402920000
154144,2019-10-31 00:00:00Z,B97 4AY,Flats/Maisonettes,New Build,Leasehold,32,,MILLWARD PLACE,,REDDITCH,REDDITCH,WORCESTERSHIRE,Additional,Addition,52.3112000000,-1.9402920000
115759,2019-10-31 00:00:00Z,B97 4AY,Flats/Maisonettes,New Build,Leasehold,34,,MILLWARD PLACE,,REDDITCH,REDDITCH,WORCESTERSHIRE,Additional,Addition,52.3112000000,-1.9402920000
119597,2019-10-31 00:00:00Z,B97 4AY,Flats/Maisonettes,New Build,Leasehold,36,,MILLWARD PLACE,,REDDITCH,REDDITCH,WORCESTERSHIRE,Additional,Addition,52.3112000000,-1.9402920000
115759,2019-10-31 00:00:00Z,B97 4AY,Flats/Maisonettes,New Build,Leasehold,37,,MILLWARD PLACE,,REDDITCH,REDDITCH,WORCESTERSHIRE,Additional,Addition,52.3112000000,-1.9402920000
115759,2019-10-31 00:00:00Z,B97 4AY,Flats/Maisonettes,New Build,Leasehold,38,,MILLWARD PLACE,,REDDITCH,REDDITCH,WORCESTERSHIRE,Additional,Addition,52.3112000000,-1.9402920000
181014,2019-10-31 00:00:00Z,B97 4AY,Flats/Maisonettes,New Build,Leasehold,39,,MILLWARD PLACE,,REDDITCH,REDDITCH,WORCESTERSHIRE,Additional,Addition,52.3112000000,-1.9402920000
134952,2019-10-31 00:00:00Z,B97 4AY,Flats/Maisonettes,New Build,Leasehold,40,,MILLWARD PLACE,,REDDITCH,REDDITCH,WORCESTERSHIRE,Additional,Addition,52.3112000000,-1.9402920000
132543,2019-10-31 00:00:00Z,B97 4AY,Flats/Maisonettes,New Build,Leasehold,41,,MILLWARD PLACE,,REDDITCH,REDDITCH,WORCESTERSHIRE,Additional,Addition,52.3112000000,-1.9402920000
177176,2019-10-31 00:00:00Z,B97 4AY,Flats/Maisonettes,New Build,Leasehold,42,,MILLWARD PLACE,,REDDITCH,REDDITCH,WORCESTERSHIRE,Additional,Addition,52.3112000000,-1.9402920000
119597,2019-10-31 00:00:00Z,B97 4AY,Flats/Maisonettes,New Build,Leasehold,43,,MILLWARD PLACE,,REDDITCH,REDDITCH,WORCESTERSHIRE,Additional,Addition,52.3112000000,-1.9402920000
119597,2019-10-31 00:00:00Z,B97 4AY,Flats/Maisonettes,New Build,Leasehold,44,,MILLWARD PLACE,,REDDITCH,REDDITCH,WORCESTERSHIRE,Additional,Addition,52.3112000000,-1.9402920000
165660,2019-10-31 00:00:00Z,B97 4AY,Flats/Maisonettes,New Build,Leasehold,45,,MILLWARD PLACE,,REDDITCH,REDDITCH,WORCESTERSHIRE,Additional,Addition,52.3112000000,-1.9402920000
111920,2019-10-31 00:00:00Z,B97 4AY,Flats/Maisonettes,New Build,Leasehold,46,,MILLWARD PLACE,,REDDITCH,REDDITCH,WORCESTERSHIRE,Additional,Addition,52.3112000000,-1.9402920000
154144,2019-10-31 00:00:00Z,B97 4AY,Flats/Maisonettes,New Build,Leasehold,47,,MILLWARD PLACE,,REDDITCH,REDDITCH,WORCESTERSHIRE,Additional,Addition,52.3112000000,-1.9402920000
154144,2019-10-31 00:00:00Z,B97 4AY,Flats/Maisonettes,New Build,Leasehold,49,,MILLWARD PLACE,,REDDITCH,REDDITCH,WORCESTERSHIRE,Additional,Addition,52.3112000000,-1.9402920000
146958,2019-10-29 00:00:00Z,B97 4AY,Flats/Maisonettes,New Build,Leasehold,1,,MILLWARD PLACE,,REDDITCH,REDDITCH,WORCESTERSHIRE,Additional,Addition,52.3112000000,-1.9402920000
138000,2019-11-21 00:00:00Z,B97 6BZ,Terraced,New Build,Freehold,44,,LACEBY CLOSE,,REDDITCH,REDDITCH,WORCESTERSHIRE,Additional,Addition,52.3194740000,-1.9466040000
138000,2019-11-21 00:00:00Z,B97 6BZ,Terraced,New Build,Freehold,43,,LACEBY CLOSE,,REDDITCH,REDDITCH,WORCESTERSHIRE,Additional,Addition,52.3194740000,-1.9466040000
138000,2019-11-21 00:00:00Z,B97 6BZ,Terraced,New Build,Freehold,40,,LACEBY CLOSE,,REDDITCH,REDDITCH,WORCESTERSHIRE,Additional,Addition,52.3194740000,-1.9466040000
138000,2019-11-21 00:00:00Z,B97 6BZ,Terraced,New Build,Freehold,39,,LACEBY CLOSE,,REDDITCH,REDDITCH,WORCESTERSHIRE,Additional,Addition,52.3194740000,-1.9466040000
138000,2019-11-21 00:00:00Z,B97 6BZ,Terraced,New Build,Freehold,38,,LACEBY CLOSE,,REDDITCH,REDDITCH,WORCESTERSHIRE,Additional,Addition,52.3194740000,-1.9466040000
138000,2019-11-21 00:00:00Z,B97 6BZ,Terraced,New Build,Freehold,45,,LACEBY CLOSE,,REDDITCH,REDDITCH,WORCESTERSHIRE,Additional,Addition,52.3194740000,-1.9466040000
180500,2019-03-29 00:00:00Z,B97 6BZ,Terraced,New Build,Freehold,3,,LACEBY CLOSE,,REDDITCH,REDDITCH,WORCESTERSHIRE,Additional,Addition,52.3194740000,-1.9466040000
225000,2019-03-29 00:00:00Z,B97 6BZ,Terraced,New Build,Freehold,5,,LACEBY CLOSE,,REDDITCH,REDDITCH,WORCESTERSHIRE,Additional,Addition,52.3194740000,-1.9466040000
225000,2019-03-29 00:00:00Z,B97 6BZ,Semi-Detached,New Build,Freehold,6,,LACEBY CLOSE,,REDDITCH,REDDITCH,WORCESTERSHIRE,Additional,Addition,52.3194740000,-1.9466040000
138000,2019-07-01 00:00:00Z,B97 6BZ,Semi-Detached,New Build,Freehold,54,,LACEBY CLOSE,,REDDITCH,REDDITCH,WORCESTERSHIRE,Additional,Addition,52.3194740000,-1.9466040000
138000,2019-07-15 00:00:00Z,B97 6BZ,Semi-Detached,New Build,Freehold,55,,LACEBY CLOSE,,REDDITCH,REDDITCH,WORCESTERSHIRE,Additional,Addition,52.3194740000,-1.9466040000
117000,2019-07-01 00:00:00Z,B97 6BZ,Semi-Detached,New Build,Freehold,60,,LACEBY CLOSE,,REDDITCH,REDDITCH,WORCESTERSHIRE,Additional,Addition,52.3194740000,-1.9466040000
117000,2019-08-30 00:00:00Z,B97 6BZ,Semi-Detached,New Build,Freehold,27,,LACEBY CLOSE,,REDDITCH,REDDITCH,WORCESTERSHIRE,Additional,Addition,52.3194740000,-1.9466040000
117000,2019-08-30 00:00:00Z,B97 6BZ,Semi-Detached,New Build,Freehold,26,,LACEBY CLOSE,,REDDITCH,REDDITCH,WORCESTERSHIRE,Additional,Addition,52.3194740000,-1.9466040000
117000,2019-08-13 00:00:00Z,B97 6BZ,Semi-Detached,New Build,Freehold,25,,LACEBY CLOSE,,REDDITCH,REDDITCH,WORCESTERSHIRE,Additional,Addition,52.3194740000,-1.9466040000
174950,2019-10-31 00:00:00Z,B97 4AY,Flats/Maisonettes,New Build,Leasehold,26,,MILLWARD PLACE,,REDDITCH,REDDITCH,WORCESTERSHIRE,Standard,Addition,52.3112000000,-1.9402920000
209950,2019-10-31 00:00:00Z,B97 4AY,Flats/Maisonettes,New Build,Leasehold,MILWARD PLACE,12,CLIVE ROAD,,REDDITCH,REDDITCH,WORCESTERSHIRE,Standard,Addition,52.3112000000,-1.9402920000
227950,2019-10-30 00:00:00Z,B97 4AY,Flats/Maisonettes,New Build,Leasehold,16,,MILLWARD PLACE,,REDDITCH,REDDITCH,WORCESTERSHIRE,Standard,Addition,52.3112000000,-1.9402920000
161950,2019-10-25 00:00:00Z,B97 4AY,Flats/Maisonettes,New Build,Leasehold,14,,MILLWARD PLACE,,REDDITCH,REDDITCH,WORCESTERSHIRE,Standard,Addition,52.3112000000,-1.9402920000
335000,2019-11-29 00:00:00Z,B97 6DG,Detached,New Build,Freehold,5,,NUTFORD STREET,,REDDITCH,REDDITCH,WORCESTERSHIRE,Standard,Addition,52.3178300000,-1.9490410000
205000,2019-11-19 00:00:00Z,B97 6DD,Semi-Detached,New Build,Freehold,2,,MIDHOPE STREET,,REDDITCH,REDDITCH,WORCESTERSHIRE,Standard,Addition,52.3195650000,-1.9474990000
315000,2019-11-29 00:00:00Z,B97 6DG,Detached,New Build,Freehold,3,,NUTFORD STREET,,REDDITCH,REDDITCH,WORCESTERSHIRE,Standard,Addition,52.3178300000,-1.9490410000
205000,2019-11-28 00:00:00Z,B97 6DD,Semi-Detached,New Build,Freehold,4,,MIDHOPE STREET,,REDDITCH,REDDITCH,WORCESTERSHIRE,Standard,Addition,52.3195650000,-1.9474990000
285000,2019-11-27 00:00:00Z,B97 6DG,Detached,New Build,Freehold,1,,NUTFORD STREET,,REDDITCH,REDDITCH,WORCESTERSHIRE,Standard,Addition,52.3178300000,-1.9490410000
275000,2019-11-29 00:00:00Z,B97 6DG,Semi-Detached,New Build,Freehold,7,,NUTFORD STREET,,REDDITCH,REDDITCH,WORCESTERSHIRE,Standard,Addition,52.3178300000,-1.9490410000
244000,2019-12-06 00:00:00Z,B97 6BZ,Terraced,New Build,Freehold,48,,LACEBY CLOSE,,REDDITCH,REDDITCH,WORCESTERSHIRE,Standard,Addition,52.3194740000,-1.9466040000
275000,2019-12-20 00:00:00Z,B97 6BZ,Detached,New Build,Freehold,49,,LACEBY CLOSE,,REDDITCH,REDDITCH,WORCESTERSHIRE,Standard,Addition,52.3194740000,-1.9466040000
224000,2019-12-06 00:00:00Z,B97 6BQ,Terraced,New Build,Freehold,94,,HAWLING STREET,,REDDITCH,REDDITCH,WORCESTERSHIRE,Standard,Addition,52.3184670000,-1.9468550000
128596,2019-02-28 00:00:00Z,B97 6BZ,Other,New Build,Freehold,10,,LACEBY CLOSE,,REDDITCH,REDDITCH,WORCESTERSHIRE,Additional,Addition,52.3194740000,-1.9466040000
216000,2019-04-30 00:00:00Z,B97 6BZ,Other,New Build,Freehold,17,,LACEBY CLOSE,,REDDITCH,REDDITCH,WORCESTERSHIRE,Additional,Addition,52.3194740000,-1.9466040000
308000,2019-04-30 00:00:00Z,B97 6BZ,Other,New Build,Freehold,14,,LACEBY CLOSE,,REDDITCH,REDDITCH,WORCESTERSHIRE,Additional,Addition,52.3194740000,-1.9466040000
117000,2019-05-31 00:00:00Z,B97 6BZ,Semi-Detached,New Build,Freehold,57,,LACEBY CLOSE,,REDDITCH,REDDITCH,WORCESTERSHIRE,Additional,Addition,52.3194740000,-1.9466040000
170000,2019-02-27 00:00:00Z,B97 6EN,Terraced,Established,Freehold,162,,BIRMINGHAM ROAD,,REDDITCH,REDDITCH,WORCESTERSHIRE,Standard,Addition,52.3134150000,-1.9405030000
288000,2019-12-20 00:00:00Z,B97 6DG,Detached,New Build,Freehold,25,,NUTFORD STREET,,REDDITCH,REDDITCH,WORCESTERSHIRE,Standard,Addition,52.3178300000,-1.9490410000
299000,2019-12-13 00:00:00Z,B97 6DG,Detached,New Build,Freehold,17,,NUTFORD STREET,,REDDITCH,REDDITCH,WORCESTERSHIRE,Standard,Addition,52.3178300000,-1.9490410000
299000,2019-12-13 00:00:00Z,B97 6DG,Detached,New Build,Freehold,15,,NUTFORD STREET,,REDDITCH,REDDITCH,WORCESTERSHIRE,Standard,Addition,52.3178300000,-1.9490410000
146958,2019-10-29 00:00:00Z,B97 4AY,Flats/Maisonettes,Established,Leasehold,9,,MILLWARD PLACE,,REDDITCH,REDDITCH,WORCESTERSHIRE,Additional,Addition,52.3112000000,-1.9402920000
125000,2019-06-10 00:00:00Z,B97 6EA,Semi-Detached,Established,Freehold,217,,BIRMINGHAM ROAD,,REDDITCH,REDDITCH,WORCESTERSHIRE,Standard,Addition,52.3136940000,-1.9413390000
280000,2020-09-28 00:00:00Z,B97 6DG,Detached,New Build,Freehold,61,,NUTFORD STREET,,REDDITCH,REDDITCH,WORCESTERSHIRE,Standard,Addition,52.3178300000,-1.9490410000
308000,2020-08-21 00:00:00Z,B97 6DH,Detached,New Build,Freehold,17,,OWLHAM CLOSE,,REDDITCH,REDDITCH,WORCESTERSHIRE,Standard,Addition,52.3172550000,-1.9498340000
205000,2020-09-30 00:00:00Z,B97 6BP,Terraced,New Build,Freehold,11,,HAWLING STREET,,REDDITCH,REDDITCH,WORCESTERSHIRE,Standard,Addition,52.3185400000,-1.9474120000
322000,2020-09-30 00:00:00Z,B97 6DG,Detached,New Build,Freehold,29,,NUTFORD STREET,,REDDITCH,REDDITCH,WORCESTERSHIRE,Standard,Addition,52.3178300000,-1.9490410000
360000,2020-09-04 00:00:00Z,B97 6DH,Detached,New Build,Freehold,15,,OWLHAM CLOSE,,REDDITCH,REDDITCH,WORCESTERSHIRE,Standard,Addition,52.3172550000,-1.9498340000
140208,2020-02-21 00:00:00Z,B97 4AY,Flats/Maisonettes,Established,Leasehold,2,,MILLWARD PLACE,,REDDITCH,REDDITCH,WORCESTERSHIRE,Additional,Addition,52.3112000000,-1.9402920000
144458,2020-02-21 00:00:00Z,B97 4AY,Flats/Maisonettes,Established,Leasehold,3,,MILLWARD PLACE,,REDDITCH,REDDITCH,WORCESTERSHIRE,Additional,Addition,52.3112000000,-1.9402920000
140208,2020-02-21 00:00:00Z,B97 4AY,Flats/Maisonettes,Established,Leasehold,5,,MILLWARD PLACE,,REDDITCH,REDDITCH,WORCESTERSHIRE,Additional,Addition,52.3112000000,-1.9402920000
161458,2020-02-21 00:00:00Z,B97 4AY,Flats/Maisonettes,Established,Leasehold,7,,MILLWARD PLACE,,REDDITCH,REDDITCH,WORCESTERSHIRE,Additional,Addition,52.3112000000,-1.9402920000
140208,2020-02-21 00:00:00Z,B97 4AY,Flats/Maisonettes,Established,Leasehold,17,,MILLWARD PLACE,,REDDITCH,REDDITCH,WORCESTERSHIRE,Additional,Addition,52.3112000000,-1.9402920000
161458,2020-02-21 00:00:00Z,B97 4AY,Flats/Maisonettes,Established,Leasehold,24,,MILLWARD PLACE,,REDDITCH,REDDITCH,WORCESTERSHIRE,Additional,Addition,52.3112000000,-1.9402920000
144458,2020-02-21 00:00:00Z,B97 4AY,Flats/Maisonettes,Established,Leasehold,27,,MILLWARD PLACE,,REDDITCH,REDDITCH,WORCESTERSHIRE,Additional,Addition,52.3112000000,-1.9402920000
161458,2020-02-21 00:00:00Z,B97 4AY,Flats/Maisonettes,Established,Leasehold,41,,MILLWARD PLACE,,REDDITCH,REDDITCH,WORCESTERSHIRE,Additional,Addition,52.3112000000,-1.9402920000
225000,2020-03-11 00:00:00Z,B97 4BT,Semi-Detached,Established,Freehold,66,,CLIVE ROAD,,REDDITCH,REDDITCH,WORCESTERSHIRE,Standard,Addition,52.3108230000,-1.9418330000
222500,2020-03-09 00:00:00Z,B97 6AP,Terraced,Established,Freehold,83,,DIXON CLOSE,,REDDITCH,REDDITCH,WORCESTERSHIRE,Standard,Addition,52.3135750000,-1.9439270000
151000,2020-04-09 00:00:00Z,B97 6AD,Flats/Maisonettes,Established,Freehold,15,,DIXON CLOSE,,REDDITCH,REDDITCH,WORCESTERSHIRE,Standard,Addition,52.3132240000,-1.9434430000
117000,2020-02-14 00:00:00Z,B97 6AJ,Flats/Maisonettes,Established,Leasehold,HOLLINGTON HOUSE,4,DIXON CLOSE,,REDDITCH,REDDITCH,WORCESTERSHIRE,Additional,Addition,52.3139240000,-1.9445360000
160000,2020-03-27 00:00:00Z,B97 4BT,Semi-Detached,Established,Freehold,86,,CLIVE ROAD,,REDDITCH,REDDITCH,WORCESTERSHIRE,Standard,Addition,52.3108230000,-1.9418330000
197000,2020-01-31 00:00:00Z,B97 6DD,Semi-Detached,New Build,Freehold,6,,MIDHOPE STREET,,REDDITCH,REDDITCH,WORCESTERSHIRE,Standard,Addition,52.3195650000,-1.9474990000
285000,2020-02-07 00:00:00Z,B97 6DG,Detached,New Build,Freehold,27,,NUTFORD STREET,,REDDITCH,REDDITCH,WORCESTERSHIRE,Standard,Addition,52.3178300000,-1.9490410000
320000,2020-02-28 00:00:00Z,B97 6BP,Detached,New Build,Freehold,61,,HAWLING STREET,,REDDITCH,REDDITCH,WORCESTERSHIRE,Standard,Addition,52.3185400000,-1.9474120000
275000,2020-08-14 00:00:00Z,B97 6DG,Semi-Detached,New Build,Freehold,49,,NUTFORD STREET,,REDDITCH,REDDITCH,WORCESTERSHIRE,Standard,Addition,52.3178300000,-1.9490410000
241000,2020-09-18 00:00:00Z,B97 6BQ,Terraced,New Build,Freehold,88,,HAWLING STREET,,REDDITCH,REDDITCH,WORCESTERSHIRE,Standard,Addition,52.3184670000,-1.9468550000
117000,2020-09-28 00:00:00Z,B97 6BP,Other,New Build,Freehold,17,,HAWLING STREET,,REDDITCH,REDDITCH,WORCESTERSHIRE,Additional,Addition,52.3185400000,-1.9474120000
242500,2020-12-09 00:00:00Z,B97 6AP,Semi-Detached,Established,Freehold,87,,DIXON CLOSE,,REDDITCH,REDDITCH,WORCESTERSHIRE,Standard,Addition,52.3135750000,-1.9439270000
221000,2020-12-01 00:00:00Z,B97 6AP,Terraced,Established,Freehold,77,,DIXON CLOSE,,REDDITCH,REDDITCH,WORCESTERSHIRE,Standard,Addition,52.3135750000,-1.9439270000
325000,2020-03-27 00:00:00Z,B97 6BP,Detached,New Build,Freehold,79,,HAWLING STREET,,REDDITCH,REDDITCH,WORCESTERSHIRE,Standard,Addition,52.3185400000,-1.9474120000
285000,2020-06-26 00:00:00Z,B97 6DG,Detached,New Build,Freehold,57,,NUTFORD STREET,,REDDITCH,REDDITCH,WORCESTERSHIRE,Standard,Addition,52.3178300000,-1.9490410000
349000,2020-05-29 00:00:00Z,B97 6DH,Detached,New Build,Freehold,13,,OWLHAM CLOSE,,REDDITCH,REDDITCH,WORCESTERSHIRE,Standard,Addition,52.3172550000,-1.9498340000
117000,2020-09-28 00:00:00Z,B97 6BP,Terraced,New Build,Freehold,19,,HAWLING STREET,,REDDITCH,REDDITCH,WORCESTERSHIRE,Additional,Addition,52.3185400000,-1.9474120000
243000,2020-08-28 00:00:00Z,B97 6DG,Semi-Detached,New Build,Freehold,39,,NUTFORD STREET,,REDDITCH,REDDITCH,WORCESTERSHIRE,Standard,Addition,52.3178300000,-1.9490410000
210000,2020-09-30 00:00:00Z,B97 6BP,Terraced,New Build,Freehold,13,,HAWLING STREET,,REDDITCH,REDDITCH,WORCESTERSHIRE,Standard,Addition,52.3185400000,-1.9474120000
105000,2020-03-12 00:00:00Z,B97 6AJ,Flats/Maisonettes,Established,Leasehold,HOLLINGTON HOUSE,51,DIXON CLOSE,,REDDITCH,REDDITCH,WORCESTERSHIRE,Standard,Addition,52.3139240000,-1.9445360000
210000,2020-09-30 00:00:00Z,B97 6BP,Terraced,New Build,Freehold,9,,HAWLING STREET,,REDDITCH,REDDITCH,WORCESTERSHIRE,Standard,Addition,52.3185400000,-1.9474120000
317000,2020-10-30 00:00:00Z,B97 6BP,Detached,New Build,Freehold,49,,HAWLING STREET,,REDDITCH,REDDITCH,WORCESTERSHIRE,Standard,Addition,52.3185400000,-1.9474120000
215000,2020-12-18 00:00:00Z,B97 6DG,Semi-Detached,New Build,Freehold,18,,NUTFORD STREET,,REDDITCH,REDDITCH,WORCESTERSHIRE,Standard,Addition,52.3178300000,-1.9490410000
215000,2020-12-18 00:00:00Z,B97 6DG,Semi-Detached,New Build,Freehold,16,,NUTFORD STREET,,REDDITCH,REDDITCH,WORCESTERSHIRE,Standard,Addition,52.3178300000,-1.9490410000
243000,2020-08-21 00:00:00Z,B97 6DG,Semi-Detached,New Build,Freehold,41,,NUTFORD STREET,,REDDITCH,REDDITCH,WORCESTERSHIRE,Standard,Addition,52.3178300000,-1.9490410000
275000,2020-10-30 00:00:00Z,B97 6DG,Semi-Detached,New Build,Freehold,51,,NUTFORD STREET,,REDDITCH,REDDITCH,WORCESTERSHIRE,Standard,Addition,52.3178300000,-1.9490410000
280000,2020-11-27 00:00:00Z,B97 6DG,Semi-Detached,New Build,Freehold,53,,NUTFORD STREET,,REDDITCH,REDDITCH,WORCESTERSHIRE,Standard,Addition,52.3178300000,-1.9490410000
325000,2020-12-18 00:00:00Z,B97 6DG,Detached,New Build,Freehold,6,,NUTFORD STREET,,REDDITCH,REDDITCH,WORCESTERSHIRE,Standard,Addition,52.3178300000,-1.9490410000
287000,2020-12-18 00:00:00Z,B97 6DG,Detached,New Build,Freehold,4,,NUTFORD STREET,,REDDITCH,REDDITCH,WORCESTERSHIRE,Standard,Addition,52.3178300000,-1.9490410000
225000,2020-11-27 00:00:00Z,B97 6BQ,Detached,New Build,Freehold,28,,HAWLING STREET,,REDDITCH,REDDITCH,WORCESTERSHIRE,Standard,Addition,52.3184670000,-1.9468550000
288000,2020-12-11 00:00:00Z,B97 6BS,Detached,New Build,Freehold,2,,INGRAM CLOSE,,REDDITCH,REDDITCH,WORCESTERSHIRE,Standard,Addition,52.3177580000,-1.9477070000
275000,2020-12-21 00:00:00Z,B97 6DG,Semi-Detached,New Build,Freehold,10,,NUTFORD STREET,,REDDITCH,REDDITCH,WORCESTERSHIRE,Standard,Addition,52.3178300000,-1.9490410000
292000,2020-12-18 00:00:00Z,B97 6DH,Detached,New Build,Freehold,21,,OWLHAM CLOSE,,REDDITCH,REDDITCH,WORCESTERSHIRE,Standard,Addition,52.3172550000,-1.9498340000
275000,2020-12-18 00:00:00Z,B97 6DG,Semi-Detached,New Build,Freehold,12,,NUTFORD STREET,,REDDITCH,REDDITCH,WORCESTERSHIRE,Standard,Addition,52.3178300000,-1.9490410000
298000,2020-10-30 00:00:00Z,B97 6DH,Detached,New Build,Freehold,22,,OWLHAM CLOSE,,REDDITCH,REDDITCH,WORCESTERSHIRE,Standard,Addition,52.3172550000,-1.9498340000
266000,2020-12-18 00:00:00Z,B97 6DG,Terraced,New Build,Freehold,35,,NUTFORD STREET,,REDDITCH,REDDITCH,WORCESTERSHIRE,Standard,Addition,52.3178300000,-1.9490410000
320000,2020-12-18 00:00:00Z,B97 6BP,Detached,New Build,Freehold,45,,HAWLING STREET,,REDDITCH,REDDITCH,WORCESTERSHIRE,Standard,Addition,52.3185400000,-1.9474120000
295000,2020-12-04 00:00:00Z,B97 6DG,Detached,New Build,Freehold,43,,NUTFORD STREET,,REDDITCH,REDDITCH,WORCESTERSHIRE,Standard,Addition,52.3178300000,-1.9490410000
272000,2020-06-30 00:00:00Z,B97 6BZ,Detached,New Build,Freehold,51,,LACEBY CLOSE,,REDDITCH,REDDITCH,WORCESTERSHIRE,Standard,Addition,52.3194740000,-1.9466040000
288000,2020-10-23 00:00:00Z,B97 6DG,Detached,New Build,Freehold,50,,NUTFORD STREET,,REDDITCH,REDDITCH,WORCESTERSHIRE,Standard,Addition,52.3178300000,-1.9490410000
276000,2020-09-25 00:00:00Z,B97 6DG,Detached,New Build,Freehold,59,,NUTFORD STREET,,REDDITCH,REDDITCH,WORCESTERSHIRE,Standard,Addition,52.3178300000,-1.9490410000
231000,2020-09-02 00:00:00Z,B97 6BQ,Terraced,New Build,Freehold,92,,HAWLING STREET,,REDDITCH,REDDITCH,WORCESTERSHIRE,Standard,Addition,52.3184670000,-1.9468550000
278000,2020-12-10 00:00:00Z,B97 6DG,Semi-Detached,New Build,Freehold,55,,NUTFORD STREET,,REDDITCH,REDDITCH,WORCESTERSHIRE,Standard,Addition,52.3178300000,-1.9490410000
162500,2020-12-14 00:00:00Z,B97 4BT,Semi-Detached,Established,Freehold,56,,CLIVE ROAD,,REDDITCH,REDDITCH,WORCESTERSHIRE,Standard,Addition,52.3108230000,-1.9418330000
119000,2020-08-17 00:00:00Z,B97 6AJ,Flats/Maisonettes,Established,Leasehold,HOLLINGTON HOUSE,63,DIXON CLOSE,,REDDITCH,REDDITCH,WORCESTERSHIRE,Standard,Addition,52.3139240000,-1.9445360000
174000,2020-06-30 00:00:00Z,B97 6EH,Terraced,Established,Freehold,227,,BIRMINGHAM ROAD,,REDDITCH,REDDITCH,WORCESTERSHIRE,Standard,Addition,52.3163740000,-1.9425820000
255950,2020-08-28 00:00:00Z,B97 4AY,Flats/Maisonettes,Established,Leasehold,6,,MILLWARD PLACE,,REDDITCH,REDDITCH,WORCESTERSHIRE,Standard,Addition,52.3112000000,-1.9402920000
98000,2020-03-13 00:00:00Z,B97 6SQ,Terraced,New Build,Leasehold,67,,LINTHURST CRESCENT,,REDDITCH,REDDITCH,WORCESTERSHIRE,Standard,Addition,52.3195460000,-1.9451520000
320000,2020-06-12 00:00:00Z,B97 6DH,Detached,New Build,Freehold,11,,OWLHAM CLOSE,,REDDITCH,REDDITCH,WORCESTERSHIRE,Standard,Addition,52.3172550000,-1.9498340000
270000,2020-05-29 00:00:00Z,B97 6DH,Semi-Detached,New Build,Freehold,6,,OWLHAM CLOSE,,REDDITCH,REDDITCH,WORCESTERSHIRE,Standard,Addition,52.3172550000,-1.9498340000
300000,2020-06-24 00:00:00Z,B97 6DH,Detached,New Build,Freehold,10,,OWLHAM CLOSE,,REDDITCH,REDDITCH,WORCESTERSHIRE,Standard,Addition,52.3172550000,-1.9498340000
355000,2020-06-26 00:00:00Z,B97 6DG,Detached,New Build,Freehold,47,,NUTFORD STREET,,REDDITCH,REDDITCH,WORCESTERSHIRE,Standard,Addition,52.3178300000,-1.9490410000
270000,2020-05-29 00:00:00Z,B97 6BP,Detached,New Build,Freehold,65,,HAWLING STREET,,REDDITCH,REDDITCH,WORCESTERSHIRE,Standard,Addition,52.3185400000,-1.9474120000
270000,2020-06-29 00:00:00Z,B97 6DH,Semi-Detached,New Build,Freehold,8,,OWLHAM CLOSE,,REDDITCH,REDDITCH,WORCESTERSHIRE,Standard,Addition,52.3172550000,-1.9498340000
255000,2020-03-20 00:00:00Z,B97 6EL,Semi-Detached,Established,Freehold,234,,BIRMINGHAM ROAD,,REDDITCH,REDDITCH,WORCESTERSHIRE,Standard,Addition,52.3159420000,-1.9415410000
240000,2020-03-20 00:00:00Z,B97 6DE,Other,Established,Freehold,ARCADIAN BUSINESS CENTRE 42-43,1,ENFIELD INDUSTRIAL ESTATE,,REDDITCH,REDDITCH,WORCESTERSHIRE,Additional,Addition,52.3113470000,-1.9465550000
148000,2020-02-17 00:00:00Z,B97 6AT,Terraced,Established,Freehold,127,,HEWELL ROAD,,REDDITCH,REDDITCH,WORCESTERSHIRE,Standard,Addition,52.3103710000,-1.9478550000
220000,2020-12-17 00:00:00Z,B97 6AD,Terraced,Established,Freehold,32,,DIXON CLOSE,,REDDITCH,REDDITCH,WORCESTERSHIRE,Standard,Addition,52.3132240000,-1.9434430000
125000,2020-03-09 00:00:00Z,B97 4BE,Flats/Maisonettes,Established,Leasehold,PROSPECT VIEW,APARTMENT 17,CLIVE ROAD,,REDDITCH,REDDITCH,WORCESTERSHIRE,Additional,Addition,52.3108000000,-1.9431610000
221950,2020-02-28 00:00:00Z,B97 4AY,Flats/Maisonettes,Established,Leasehold,30,,MILLWARD PLACE,,REDDITCH,REDDITCH,WORCESTERSHIRE,Standard,Addition,52.3112000000,-1.9402920000
171950,2020-02-28 00:00:00Z,B97 4AY,Flats/Maisonettes,Established,Leasehold,38,,MILLWARD PLACE,,REDDITCH,REDDITCH,WORCESTERSHIRE,Standard,Addition,52.3112000000,-1.9402920000
183950,2020-01-31 00:00:00Z,B97 4AY,Flats/Maisonettes,Established,Leasehold,40,,MILLWARD PLACE,,REDDITCH,REDDITCH,WORCESTERSHIRE,Standard,Addition,52.3112000000,-1.9402920000
308000,2020-08-28 00:00:00Z,B97 6DH,Detached,New Build,Freehold,16,,OWLHAM CLOSE,,REDDITCH,REDDITCH,WORCESTERSHIRE,Standard,Addition,52.3172550000,-1.9498340000
322000,2020-08-21 00:00:00Z,B97 6DH,Detached,New Build,Freehold,18,,OWLHAM CLOSE,,REDDITCH,REDDITCH,WORCESTERSHIRE,Standard,Addition,52.3172550000,-1.9498340000
310000,2020-08-21 00:00:00Z,B97 6DH,Detached,New Build,Freehold,19,,OWLHAM CLOSE,,REDDITCH,REDDITCH,WORCESTERSHIRE,Standard,Addition,52.3172550000,-1.9498340000
178000,2020-06-29 00:00:00Z,B97 6EH,Terraced,Established,Freehold,227,,BIRMINGHAM ROAD,,REDDITCH,REDDITCH,WORCESTERSHIRE,Additional,Addition,52.3163740000,-1.9425820000
120000,2020-07-10 00:00:00Z,B97 6SQ,Terraced,New Build,Leasehold,69,,LINTHURST CRESCENT,,REDDITCH,REDDITCH,WORCESTERSHIRE,Standard,Addition,52.3195460000,-1.9451520000
269000,2020-02-14 00:00:00Z,B97 6BZ,Detached,New Build,Freehold,50,,LACEBY CLOSE,,REDDITCH,REDDITCH,WORCESTERSHIRE,Standard,Addition,52.3194740000,-1.9466040000
320000,2020-02-28 00:00:00Z,B97 6DH,Detached,New Build,Freehold,4,,OWLHAM CLOSE,,REDDITCH,REDDITCH,WORCESTERSHIRE,Standard,Addition,52.3172550000,-1.9498340000
285000,2020-02-28 00:00:00Z,B97 6DH,Detached,New Build,Freehold,3,,OWLHAM CLOSE,,REDDITCH,REDDITCH,WORCESTERSHIRE,Standard,Addition,52.3172550000,-1.9498340000
310000,2020-03-20 00:00:00Z,B97 6BP,Detached,New Build,Freehold,63,,HAWLING STREET,,REDDITCH,REDDITCH,WORCESTERSHIRE,Standard,Addition,52.3185400000,-1.9474120000
280000,2020-03-27 00:00:00Z,B97 6BP,Detached,New Build,Freehold,77,,HAWLING STREET,,REDDITCH,REDDITCH,WORCESTERSHIRE,Standard,Addition,52.3185400000,-1.9474120000
320000,2020-03-20 00:00:00Z,B97 6BP,Detached,New Build,Freehold,55,,HAWLING STREET,,REDDITCH,REDDITCH,WORCESTERSHIRE,Standard,Addition,52.3185400000,-1.9474120000
280000,2020-03-20 00:00:00Z,B97 6BP,Detached,New Build,Freehold,51,,HAWLING STREET,,REDDITCH,REDDITCH,WORCESTERSHIRE,Standard,Addition,52.3185400000,-1.9474120000
312000,2020-03-20 00:00:00Z,B97 6BP,Detached,New Build,Freehold,53,,HAWLING STREET,,REDDITCH,REDDITCH,WORCESTERSHIRE,Standard,Addition,52.3185400000,-1.9474120000
310000,2020-03-16 00:00:00Z,B97 6BP,Detached,New Build,Freehold,59,,HAWLING STREET,,REDDITCH,REDDITCH,WORCESTERSHIRE,Standard,Addition,52.3185400000,-1.9474120000
310000,2020-03-20 00:00:00Z,B97 6BP,Detached,New Build,Freehold,57,,HAWLING STREET,,REDDITCH,REDDITCH,WORCESTERSHIRE,Standard,Addition,52.3185400000,-1.9474120000
295000,2020-05-29 00:00:00Z,B97 6DH,Detached,New Build,Freehold,12,,OWLHAM CLOSE,,REDDITCH,REDDITCH,WORCESTERSHIRE,Standard,Addition,52.3172550000,-1.9498340000
285000,2020-03-27 00:00:00Z,B97 6DH,Detached,New Build,Freehold,2,,OWLHAM CLOSE,,REDDITCH,REDDITCH,WORCESTERSHIRE,Standard,Addition,52.3172550000,-1.9498340000
315000,2020-05-22 00:00:00Z,B97 6BP,Detached,New Build,Freehold,75,,HAWLING STREET,,REDDITCH,REDDITCH,WORCESTERSHIRE,Standard,Addition,52.3185400000,-1.9474120000
280000,2020-05-22 00:00:00Z,B97 6DH,Detached,New Build,Freehold,5,,OWLHAM CLOSE,,REDDITCH,REDDITCH,WORCESTERSHIRE,Standard,Addition,52.3172550000,-1.9498340000
270000,2020-06-25 00:00:00Z,B97 6DH,Semi-Detached,New Build,Freehold,9,,OWLHAM CLOSE,,REDDITCH,REDDITCH,WORCESTERSHIRE,Standard,Addition,52.3172550000,-1.9498340000
197000,2020-12-18 00:00:00Z,B97 6AX,Terraced,Established,Freehold,17,,MARTON CLOSE,,REDDITCH,REDDITCH,WORCESTERSHIRE,Standard,Addition,52.3121640000,-1.9432100000
324000,2020-09-28 00:00:00Z,B97 6BP,Other,New Build,Freehold,21,,HAWLING STREET,,REDDITCH,REDDITCH,WORCESTERSHIRE,Additional,Addition,52.3185400000,-1.9474120000
524000,2020-11-26 00:00:00Z,B97 6BP,Other,New Build,Freehold,27,,HAWLING STREET,,REDDITCH,REDDITCH,WORCESTERSHIRE,Additional,Addition,52.3185400000,-1.9474120000
540000,2020-12-08 00:00:00Z,B97 6DG,Other,New Build,Freehold,40,,NUTFORD STREET,,REDDITCH,REDDITCH,WORCESTERSHIRE,Additional,Addition,52.3178300000,-1.9490410000
324000,2020-10-27 00:00:00Z,B97 6BP,Other,New Build,Freehold,39,,HAWLING STREET,,REDDITCH,REDDITCH,WORCESTERSHIRE,Additional,Addition,52.3185400000,-1.9474120000
308000,2020-12-14 00:00:00Z,B97 6BP,Other,New Build,Freehold,33,,HAWLING STREET,,REDDITCH,REDDITCH,WORCESTERSHIRE,Additional,Addition,52.3185400000,-1.9474120000
704000,2020-12-14 00:00:00Z,B97 6DG,Other,New Build,Freehold,28,,NUTFORD STREET,,REDDITCH,REDDITCH,WORCESTERSHIRE,Additional,Addition,52.3178300000,-1.9490410000
117000,2020-09-28 00:00:00Z,B97 6BP,Terraced,New Build,Freehold,15,,HAWLING STREET,,REDDITCH,REDDITCH,WORCESTERSHIRE,Additional,Addition,52.3185400000,-1.9474120000
268000,2020-11-30 00:00:00Z,B97 6DG,Terraced,New Build,Freehold,33,,NUTFORD STREET,,REDDITCH,REDDITCH,WORCESTERSHIRE,Standard,Addition,52.3178300000,-1.9490410000
295000,2020-09-30 00:00:00Z,B97 6DG,Detached,New Build,Freehold,31,,NUTFORD STREET,,REDDITCH,REDDITCH,WORCESTERSHIRE,Standard,Addition,52.3178300000,-1.9490410000
272000,2020-10-23 00:00:00Z,B97 6DG,Terraced,New Build,Freehold,37,,NUTFORD STREET,,REDDITCH,REDDITCH,WORCESTERSHIRE,Standard,Addition,52.3178300000,-1.9490410000
236000,2020-10-16 00:00:00Z,B97 6BQ,Terraced,New Build,Freehold,90,,HAWLING STREET,,REDDITCH,REDDITCH,WORCESTERSHIRE,Standard,Addition,52.3184670000,-1.9468550000
280000,2020-12-18 00:00:00Z,B97 6DG,Semi-Detached,New Build,Freehold,14,,NUTFORD STREET,,REDDITCH,REDDITCH,WORCESTERSHIRE,Standard,Addition,52.3178300000,-1.9490410000
98000,2020-03-13 00:00:00Z,B97 6SQ,Terraced,New Build,Leasehold,73,,LINTHURST CRESCENT,,REDDITCH,REDDITCH,WORCESTERSHIRE,Standard,Addition,52.3195460000,-1.9451520000
216000,2020-05-28 00:00:00Z,B97 6BP,Other,New Build,Freehold,67,,HAWLING STREET,,REDDITCH,REDDITCH,WORCESTERSHIRE,Additional,Addition,52.3185400000,-1.9474120000
270000,2020-11-27 00:00:00Z,B97 6EN,Semi-Detached,Established,Freehold,158,,BIRMINGHAM ROAD,,REDDITCH,REDDITCH,WORCESTERSHIRE,Standard,Addition,52.3134150000,-1.9405030000
225000,2020-10-26 00:00:00Z,B97 6AD,Terraced,Established,Freehold,51,,DIXON CLOSE,,REDDITCH,REDDITCH,WORCESTERSHIRE,Standard,Addition,52.3132240000,-1.9434430000
265000,2020-01-31 00:00:00Z,B97 6EA,Semi-Detached,Established,Freehold,217,,BIRMINGHAM ROAD,,REDDITCH,REDDITCH,WORCESTERSHIRE,Standard,Addition,52.3136940000,-1.9413390000
186000,2020-01-17 00:00:00Z,B97 6BQ,Terraced,Established,Freehold,20,,HAWLING STREET,,REDDITCH,REDDITCH,WORCESTERSHIRE,Standard,Addition,52.3184670000,-1.9468550000
174950,2020-02-11 00:00:00Z,B97 4AY,Flats/Maisonettes,Established,Leasehold,44,,MILLWARD PLACE,,REDDITCH,REDDITCH,WORCESTERSHIRE,Standard,Addition,52.3112000000,-1.9402920000
216000,2020-04-29 00:00:00Z,B97 6BP,Other,New Build,Freehold,71,,HAWLING STREET,,REDDITCH,REDDITCH,WORCESTERSHIRE,Additional,Addition,52.3185400000,-1.9474120000
195000,2020-01-17 00:00:00Z,B97 6AD,Terraced,Established,Freehold,49,,DIXON CLOSE,,REDDITCH,REDDITCH,WORCESTERSHIRE,Standard,Addition,52.3132240000,-1.9434430000
222000,2021-03-05 00:00:00Z,B97 6AD,Terraced,Established,Freehold,22,,DIXON CLOSE,,REDDITCH,REDDITCH,WORCESTERSHIRE,Standard,Addition,52.3132240000,-1.9434430000
125000,2021-10-25 00:00:00Z,B97 6AJ,Flats/Maisonettes,Established,Leasehold,HOLLINGTON HOUSE,64,DIXON CLOSE,,REDDITCH,REDDITCH,WORCESTERSHIRE,Additional,Addition,52.3139240000,-1.9445360000
125000,2021-03-31 00:00:00Z,B97 6AJ,Flats/Maisonettes,Established,Leasehold,HOLLINGTON HOUSE,61,DIXON CLOSE,,REDDITCH,REDDITCH,WORCESTERSHIRE,Standard,Addition,52.3139240000,-1.9445360000
240000,2021-01-22 00:00:00Z,B97 4AY,Flats/Maisonettes,Established,Leasehold,39,,MILWARD PLACE,,REDDITCH,REDDITCH,WORCESTERSHIRE,Standard,Addition,52.3112000000,-1.9402920000
164000,2021-08-27 00:00:00Z,B97 6EN,Terraced,Established,Freehold,152,,BIRMINGHAM ROAD,,REDDITCH,REDDITCH,WORCESTERSHIRE,Additional,Addition,52.3134150000,-1.9405030000
310000,2021-03-09 00:00:00Z,B97 6BU,Detached,Established,Freehold,3,,KIMCOTE STREET,,REDDITCH,REDDITCH,WORCESTERSHIRE,Standard,Addition,52.3187550000,-1.9465610000
219950,2021-09-24 00:00:00Z,B97 4AY,Flats/Maisonettes,Established,Leasehold,22,,MILWARD PLACE,,REDDITCH,REDDITCH,WORCESTERSHIRE,Standard,Addition,52.3112000000,-1.9402920000
120000,2021-11-02 00:00:00Z,B97 4BE,Flats/Maisonettes,Established,Leasehold,PROSPECT VIEW,APARTMENT 16,CLIVE ROAD,,REDDITCH,REDDITCH,WORCESTERSHIRE,Standard,Addition,52.3108000000,-1.9431610000
153000,2021-09-27 00:00:00Z,B97 6AX,Semi-Detached,Established,Freehold,25,,MARTON CLOSE,,REDDITCH,REDDITCH,WORCESTERSHIRE,Standard,Addition,52.3121640000,-1.9432100000
300000,2021-01-29 00:00:00Z,B97 6DG,Detached,New Build,Freehold,2,,NUTFORD STREET,,REDDITCH,REDDITCH,WORCESTERSHIRE,Standard,Addition,52.3178300000,-1.9490410000
302000,2021-03-26 00:00:00Z,B97 6BS,Detached,New Build,Freehold,14,,INGRAM CLOSE,,REDDITCH,REDDITCH,WORCESTERSHIRE,Standard,Addition,52.3177580000,-1.9477070000
296500,2021-03-19 00:00:00Z,B97 6BS,Detached,New Build,Freehold,1,,INGRAM CLOSE,,REDDITCH,REDDITCH,WORCESTERSHIRE,Standard,Addition,52.3177580000,-1.9477070000
310000,2021-03-26 00:00:00Z,B97 6BS,Detached,New Build,Freehold,16,,INGRAM CLOSE,,REDDITCH,REDDITCH,WORCESTERSHIRE,Standard,Addition,52.3177580000,-1.9477070000
296000,2021-02-26 00:00:00Z,B97 6BS,Detached,New Build,Freehold,3,,INGRAM CLOSE,,REDDITCH,REDDITCH,WORCESTERSHIRE,Standard,Addition,52.3177580000,-1.9477070000
300000,2021-03-26 00:00:00Z,B97 6BS,Detached,New Build,Freehold,12,,INGRAM CLOSE,,REDDITCH,REDDITCH,WORCESTERSHIRE,Standard,Addition,52.3177580000,-1.9477070000
245000,2021-03-31 00:00:00Z,B97 6BS,Semi-Detached,New Build,Freehold,15,,INGRAM CLOSE,,REDDITCH,REDDITCH,WORCESTERSHIRE,Standard,Addition,52.3177580000,-1.9477070000
220000,2021-03-31 00:00:00Z,B97 6BS,Semi-Detached,New Build,Freehold,9,,INGRAM CLOSE,,REDDITCH,REDDITCH,WORCESTERSHIRE,Standard,Addition,52.3177580000,-1.9477070000
296000,2021-02-26 00:00:00Z,B97 6BS,Detached,New Build,Freehold,5,,INGRAM CLOSE,,REDDITCH,REDDITCH,WORCESTERSHIRE,Standard,Addition,52.3177580000,-1.9477070000
306504,2021-03-25 00:00:00Z,B97 6DH,Detached,New Build,Freehold,14,,OWLHAM CLOSE,,REDDITCH,REDDITCH,WORCESTERSHIRE,Standard,Addition,52.3172550000,-1.9498340000
250000,2021-07-12 00:00:00Z,B97 6AP,Semi-Detached,Established,Freehold,133,,DIXON CLOSE,,REDDITCH,REDDITCH,WORCESTERSHIRE,Standard,Addition,52.3135750000,-1.9439270000
144950,2021-05-26 00:00:00Z,B97 4AY,Flats/Maisonettes,Established,Leasehold,31,,MILWARD PLACE,,REDDITCH,REDDITCH,WORCESTERSHIRE,Standard,Addition,52.3112000000,-1.9402920000
129000,2021-12-17 00:00:00Z,B97 6AJ,Flats/Maisonettes,Established,Leasehold,HOLLINGTON HOUSE,7,DIXON CLOSE,,REDDITCH,REDDITCH,WORCESTERSHIRE,Standard,Addition,52.3139240000,-1.9445360000
110000,2021-07-09 00:00:00Z,B97 6BZ,Semi-Detached,Established,Leasehold,54,,LACEBY CLOSE,,REDDITCH,REDDITCH,WORCESTERSHIRE,Standard,Addition,52.3194740000,-1.9466040000
216000,2021-09-15 00:00:00Z,B97 6EN,Semi-Detached,Established,Freehold,172,,BIRMINGHAM ROAD,,REDDITCH,REDDITCH,WORCESTERSHIRE,Standard,Addition,52.3134150000,-1.9405030000
231000,2021-08-27 00:00:00Z,B97 6EA,Semi-Detached,Established,Freehold,195,,BIRMINGHAM ROAD,,REDDITCH,REDDITCH,WORCESTERSHIRE,Additional,Addition,52.3136940000,-1.9413390000
375000,2021-03-18 00:00:00Z,B97 6EN,Detached,Established,Freehold,160,,BIRMINGHAM ROAD,,REDDITCH,REDDITCH,WORCESTERSHIRE,Standard,Addition,52.3134150000,-1.9405030000
221500,2021-04-30 00:00:00Z,B97 6AD,Other,Established,Freehold,25,,DIXON CLOSE,,REDDITCH,REDDITCH,WORCESTERSHIRE,Additional,Addition,52.3132240000,-1.9434430000
167486,2021-03-31 00:00:00Z,B97 4AY,Flats/Maisonettes,Established,Leasehold,2,,MILWARD PLACE,,REDDITCH,REDDITCH,WORCESTERSHIRE,Additional,Addition,52.3112000000,-1.9402920000
172563,2021-03-31 00:00:00Z,B97 4AY,Flats/Maisonettes,Established,Leasehold,3,,MILWARD PLACE,,REDDITCH,REDDITCH,WORCESTERSHIRE,Additional,Addition,52.3112000000,-1.9402920000
167486,2021-03-31 00:00:00Z,B97 4AY,Flats/Maisonettes,Established,Leasehold,5,,MILWARD PLACE,,REDDITCH,REDDITCH,WORCESTERSHIRE,Additional,Addition,52.3112000000,-1.9402920000
192871,2021-03-31 00:00:00Z,B97 4AY,Flats/Maisonettes,Established,Leasehold,7,,MILWARD PLACE,,REDDITCH,REDDITCH,WORCESTERSHIRE,Additional,Addition,52.3112000000,-1.9402920000
167486,2021-03-31 00:00:00Z,B97 4AY,Flats/Maisonettes,Established,Leasehold,17,,MILWARD PLACE,,REDDITCH,REDDITCH,WORCESTERSHIRE,Additional,Addition,52.3112000000,-1.9402920000
134955,2021-06-03 00:00:00Z,B97 4AY,Flats/Maisonettes,Established,Leasehold,21,,MILWARD PLACE,,REDDITCH,REDDITCH,WORCESTERSHIRE,Additional,Addition,52.3112000000,-1.9402920000
192871,2021-03-31 00:00:00Z,B97 4AY,Flats/Maisonettes,Established,Leasehold,24,,MILWARD PLACE,,REDDITCH,REDDITCH,WORCESTERSHIRE,Additional,Addition,52.3112000000,-1.9402920000
172563,2021-03-31 00:00:00Z,B97 4AY,Flats/Maisonettes,Established,Leasehold,27,,MILWARD PLACE,,REDDITCH,REDDITCH,WORCESTERSHIRE,Additional,Addition,52.3112000000,-1.9402920000
158000,2021-05-26 00:00:00Z,B97 6AT,Terraced,Established,Freehold,129,,HEWELL ROAD,,REDDITCH,REDDITCH,WORCESTERSHIRE,Additional,Addition,52.3103710000,-1.9478550000
117000,2021-03-04 00:00:00Z,B97 6DG,Semi-Detached,New Build,Freehold,24,,NUTFORD STREET,,REDDITCH,REDDITCH,WORCESTERSHIRE,Additional,Addition,52.3178300000,-1.9490410000
117000,2021-03-04 00:00:00Z,B97 6DG,Semi-Detached,New Build,Freehold,26,,NUTFORD STREET,,REDDITCH,REDDITCH,WORCESTERSHIRE,Additional,Addition,52.3178300000,-1.9490410000
138000,2021-03-08 00:00:00Z,B97 6DG,Semi-Detached,New Build,Freehold,22,,NUTFORD STREET,,REDDITCH,REDDITCH,WORCESTERSHIRE,Additional,Addition,52.3178300000,-1.9490410000
138000,2021-03-08 00:00:00Z,B97 6DG,Semi-Detached,New Build,Freehold,20,,NUTFORD STREET,,REDDITCH,REDDITCH,WORCESTERSHIRE,Additional,Addition,52.3178300000,-1.9490410000
432000,2021-03-25 00:00:00Z,B97 6BS,Other,New Build,Freehold,4,,INGRAM CLOSE,,REDDITCH,REDDITCH,WORCESTERSHIRE,Additional,Addition,52.3177580000,-1.9477070000
10500,2021-02-26 00:00:00Z,B97 6AX,Other,Established,Freehold,44,,MARTON CLOSE,,REDDITCH,REDDITCH,WORCESTERSHIRE,Additional,Addition,52.3121640000,-1.9432100000
66500,2021-08-06 00:00:00Z,B97 6BY,Other,Established,Freehold,UNIT 26,,ENFIELD INDUSTRIAL ESTATE,,REDDITCH,REDDITCH,WORCESTERSHIRE,Additional,Addition,52.3119030000,-1.9442810000
225000,2021-06-11 00:00:00Z,B97 6BQ,Terraced,Established,Freehold,84,,HAWLING STREET,,REDDITCH,REDDITCH,WORCESTERSHIRE,Standard,Addition,52.3184670000,-1.9468550000
255000,2021-08-13 00:00:00Z,B97 6EL,Semi-Detached,Established,Freehold,236,,BIRMINGHAM ROAD,,REDDITCH,REDDITCH,WORCESTERSHIRE,Standard,Addition,52.3159420000,-1.9415410000
224000,2021-08-13 00:00:00Z,B97 6AP,Terraced,Established,Freehold,92,,DIXON CLOSE,,REDDITCH,REDDITCH,WORCESTERSHIRE,Standard,Addition,52.3135750000,-1.9439270000
250000,2021-12-17 00:00:00Z,B97 6BZ,Terraced,Established,Freehold,4,,LACEBY CLOSE,,REDDITCH,REDDITCH,WORCESTERSHIRE,Standard,Addition,52.3194740000,-1.9466040000
361000,2021-12-20 00:00:00Z,B97 6DG,Detached,Established,Freehold,13,,NUTFORD STREET,,REDDITCH,REDDITCH,WORCESTERSHIRE,Standard,Addition,52.3178300000,-1.9490410000
213000,2021-08-26 00:00:00Z,B97 6EH,Semi-Detached,Established,Freehold,237,,BIRMINGHAM ROAD,,REDDITCH,REDDITCH,WORCESTERSHIRE,Standard,Addition,52.3163740000,-1.9425820000
365000,2021-06-29 00:00:00Z,B97 6EN,Semi-Detached,Established,Freehold,184,,BIRMINGHAM ROAD,,REDDITCH,REDDITCH,WORCESTERSHIRE,Standard,Addition,52.3134150000,-1.9405030000
220000,2021-02-26 00:00:00Z,B97 6AP,Semi-Detached,Established,Freehold,76,,DIXON CLOSE,,REDDITCH,REDDITCH,WORCESTERSHIRE,Standard,Addition,52.3135750000,-1.9439270000
265000,2021-07-30 00:00:00Z,B97 6AD,Semi-Detached,Established,Freehold,41,,DIXON CLOSE,,REDDITCH,REDDITCH,WORCESTERSHIRE,Standard,Addition,52.3132240000,-1.9434430000
243000,2021-01-15 00:00:00Z,B97 6AD,Terraced,Established,Freehold,27,,DIXON CLOSE,,REDDITCH,REDDITCH,WORCESTERSHIRE,Standard,Addition,52.3132240000,-1.9434430000
300000,2021-06-28 00:00:00Z,B97 6BQ,Detached,Established,Freehold,10,,HAWLING STREET,,REDDITCH,REDDITCH,WORCESTERSHIRE,Standard,Addition,52.3184670000,-1.9468550000
209000,2021-09-10 00:00:00Z,B97 6EA,Semi-Detached,Established,Freehold,207,,BIRMINGHAM ROAD,,REDDITCH,REDDITCH,WORCESTERSHIRE,Standard,Addition,52.3136940000,-1.9413390000
137630,2022-01-07 00:00:00Z,B97 4AY,Flats/Maisonettes,Established,Leasehold,49,,MILWARD PLACE,,REDDITCH,REDDITCH,WORCESTERSHIRE,Additional,Addition,52.3112000000,-1.9402920000
182000,2022-01-26 00:00:00Z,B97 6EN,Terraced,Established,Freehold,152,,BIRMINGHAM ROAD,,REDDITCH,REDDITCH,WORCESTERSHIRE,Standard,Addition,52.3134150000,-1.9405030000
250000,2022-03-18 00:00:00Z,B97 6EA,Semi-Detached,Established,Freehold,209,,BIRMINGHAM ROAD,,REDDITCH,REDDITCH,WORCESTERSHIRE,Standard,Addition,52.3136940000,-1.9413390000
420000,2022-02-15 00:00:00Z,B97 6RT,Detached,Established,Freehold,2,,FARNDON CLOSE,,REDDITCH,REDDITCH,WORCESTERSHIRE,Standard,Addition,52.3199310000,-1.9433170000
