63000,1995-10-20 00:00:00Z,CB6 2RB,Detached,Established,Freehold,29,,HIGH STREET,SUTTON,ELY,EAST CAMBRIDGESHIRE,CAMBRIDGESHIRE,Standard,Addition,52.3890020000,0.1241690000
64500,1995-05-10 00:00:00Z,CB6 2NF,Detached,Established,Freehold,21,,LINK LANE,SUTTON,ELY,EAST CAMBRIDGESHIRE,CAMBRIDGESHIRE,Standard,Addition,52.3865550000,0.1233930000
150000,1995-12-01 00:00:00Z,CB6 2RL,Detached,New Build,Freehold,4,,STATION ROAD,SUTTON,ELY,EAST CAMBRIDGESHIRE,CAMBRIDGESHIRE,Standard,Addition,52.3892770000,0.1289710000
80000,1995-07-28 00:00:00Z,CB6 2NG,Detached,Established,Freehold,15A,,STEWARDS LANE,SUTTON,ELY,EAST CAMBRIDGESHIRE,CAMBRIDGESHIRE,Standard,Addition,52.3872900000,0.1235310000
54000,1995-07-31 00:00:00Z,CB6 2PR,Detached,Established,Freehold,18,,POUND LANE,SUTTON,ELY,EAST CAMBRIDGESHIRE,CAMBRIDGESHIRE,Standard,Addition,52.3894480000,0.1219690000
32000,1995-10-27 00:00:00Z,CB6 2NH,Semi-Detached,Established,Freehold,45,,WINDMILL WALK,SUTTON,ELY,EAST CAMBRIDGESHIRE,CAMBRIDGESHIRE,Standard,Addition,52.3872690000,0.1247200000
47000,1995-09-04 00:00:00Z,CB6 2RB,Semi-Detached,Established,Freehold,22D,,HIGH STREET,SUTTON,ELY,EAST CAMBRIDGESHIRE,CAMBRIDGESHIRE,Standard,Addition,52.3890020000,0.1241690000
40000,1995-11-06 00:00:00Z,CB6 2NL,Terraced,Established,Freehold,71,,HIGH STREET,SUTTON,ELY,EAST CAMBRIDGESHIRE,CAMBRIDGESHIRE,Standard,Addition,52.3882570000,0.1201630000
42500,1995-11-30 00:00:00Z,CB6 2NH,Terraced,Established,Freehold,4,,WINDMILL WALK,SUTTON,ELY,EAST CAMBRIDGESHIRE,CAMBRIDGESHIRE,Standard,Addition,52.3872690000,0.1247200000
37000,1995-10-24 00:00:00Z,CB6 2NH,Terraced,Established,Freehold,50,,WINDMILL WALK,SUTTON,ELY,EAST CAMBRIDGESHIRE,CAMBRIDGESHIRE,Standard,Addition,52.3872690000,0.1247200000
56000,1995-12-11 00:00:00Z,CB6 2RL,Detached,Established,Freehold,14,,STATION ROAD,SUTTON,ELY,EAST CAMBRIDGESHIRE,CAMBRIDGESHIRE,Standard,Addition,52.3892770000,0.1289710000
50000,1995-04-24 00:00:00Z,CB6 2RA,Detached,Established,Freehold,37,,HIGH STREET,SUTTON,ELY,EAST CAMBRIDGESHIRE,CAMBRIDGESHIRE,Standard,Addition,52.3883660000,0.1216930000
70000,1995-11-02 00:00:00Z,CB6 2RA,Detached,Established,Freehold,41,,HIGH STREET,SUTTON,ELY,EAST CAMBRIDGESHIRE,CAMBRIDGESHIRE,Standard,Addition,52.3883660000,0.1216930000
40000,1996-03-28 00:00:00Z,CB6 2NH,Terraced,Established,Freehold,10,,WINDMILL WALK,SUTTON,ELY,EAST CAMBRIDGESHIRE,CAMBRIDGESHIRE,Standard,Addition,52.3872690000,0.1247200000
39500,1996-04-26 00:00:00Z,CB6 2NH,Terraced,Established,Freehold,22,,WINDMILL WALK,SUTTON,ELY,EAST CAMBRIDGESHIRE,CAMBRIDGESHIRE,Standard,Addition,52.3872690000,0.1247200000
81250,1996-11-28 00:00:00Z,CB6 2RB,Detached,Established,Freehold,8,,HIGH STREET,SUTTON,ELY,EAST CAMBRIDGESHIRE,CAMBRIDGESHIRE,Standard,Addition,52.3890020000,0.1241690000
55000,1996-12-06 00:00:00Z,CB6 2PY,Detached,Established,Freehold,3,,PRIORS COURT,SUTTON,ELY,EAST CAMBRIDGESHIRE,CAMBRIDGESHIRE,Standard,Addition,52.3899850000,0.1226900000
58500,1996-07-05 00:00:00Z,CB6 2RE,Semi-Detached,Established,Freehold,30A,,LAWN LANE,SUTTON,ELY,EAST CAMBRIDGESHIRE,CAMBRIDGESHIRE,Standard,Addition,52.3873970000,0.1261080000
77500,1996-07-22 00:00:00Z,CB6 2RA,Terraced,Established,Freehold,55,,HIGH STREET,SUTTON,ELY,EAST CAMBRIDGESHIRE,CAMBRIDGESHIRE,Standard,Addition,52.3883660000,0.1216930000
66500,1996-10-18 00:00:00Z,CB6 2NJ,Detached,Established,Freehold,34,,LINK LANE,SUTTON,ELY,EAST CAMBRIDGESHIRE,CAMBRIDGESHIRE,Standard,Addition,52.3863080000,0.1256300000
32500,1996-12-12 00:00:00Z,CB6 2NH,Terraced,Established,Freehold,23,,WINDMILL WALK,SUTTON,ELY,EAST CAMBRIDGESHIRE,CAMBRIDGESHIRE,Standard,Addition,52.3872690000,0.1247200000
56500,1996-12-19 00:00:00Z,CB6 2NL,Detached,New Build,Freehold,38,,HIGH STREET,SUTTON,ELY,EAST CAMBRIDGESHIRE,CAMBRIDGESHIRE,Standard,Addition,52.3882570000,0.1201630000
33500,1996-12-20 00:00:00Z,CB6 2NH,Semi-Detached,Established,Freehold,16,,WINDMILL WALK,SUTTON,ELY,EAST CAMBRIDGESHIRE,CAMBRIDGESHIRE,Standard,Addition,52.3872690000,0.1247200000
59950,1996-10-18 00:00:00Z,CB6 2RB,Semi-Detached,Established,Freehold,42A,,HIGH STREET,SUTTON,ELY,EAST CAMBRIDGESHIRE,CAMBRIDGESHIRE,Standard,Addition,52.3890020000,0.1241690000
48750,1996-06-14 00:00:00Z,CB6 2RR,Semi-Detached,Established,Freehold,7,,FAIRFIELD,SUTTON,ELY,EAST CAMBRIDGESHIRE,CAMBRIDGESHIRE,Standard,Addition,52.3899150000,0.1245540000
39950,1996-09-27 00:00:00Z,CB6 2NH,Semi-Detached,Established,Freehold,31,,WINDMILL WALK,SUTTON,ELY,EAST CAMBRIDGESHIRE,CAMBRIDGESHIRE,Standard,Addition,52.3872690000,0.1247200000
83995,1996-12-19 00:00:00Z,CB6 2RR,Detached,Established,Freehold,4A,,FAIRFIELD,SUTTON,ELY,EAST CAMBRIDGESHIRE,CAMBRIDGESHIRE,Standard,Addition,52.3899150000,0.1245540000
23500,1996-09-27 00:00:00Z,CB6 2PR,Semi-Detached,Established,Freehold,34,,POUND LANE,SUTTON,ELY,EAST CAMBRIDGESHIRE,CAMBRIDGESHIRE,Standard,Addition,52.3894480000,0.1219690000
53950,1996-11-26 00:00:00Z,CB6 2PR,Semi-Detached,Established,Freehold,44,,POUND LANE,SUTTON,ELY,EAST CAMBRIDGESHIRE,CAMBRIDGESHIRE,Standard,Addition,52.3894480000,0.1219690000
52500,1996-08-16 00:00:00Z,CB6 2RB,Detached,Established,Freehold,12,,HIGH STREET,SUTTON,ELY,EAST CAMBRIDGESHIRE,CAMBRIDGESHIRE,Standard,Addition,52.3890020000,0.1241690000
75200,1996-06-05 00:00:00Z,CB6 2RF,Semi-Detached,Established,Freehold,3,,GARDEN CLOSE,SUTTON,ELY,EAST CAMBRIDGESHIRE,CAMBRIDGESHIRE,Standard,Addition,52.3871140000,0.1273290000
45000,1996-03-26 00:00:00Z,CB6 2RR,Semi-Detached,Established,Freehold,12,,FAIRFIELD,SUTTON,ELY,EAST CAMBRIDGESHIRE,CAMBRIDGESHIRE,Standard,Addition,52.3899150000,0.1245540000
46500,1996-11-25 00:00:00Z,CB6 2RG,Semi-Detached,Established,Freehold,4,,OATES LANE,SUTTON,ELY,EAST CAMBRIDGESHIRE,CAMBRIDGESHIRE,Standard,Addition,52.3886460000,0.1266240000
39950,1996-12-20 00:00:00Z,CB6 2NH,Terraced,Established,Freehold,17,,WINDMILL WALK,SUTTON,ELY,EAST CAMBRIDGESHIRE,CAMBRIDGESHIRE,Standard,Addition,52.3872690000,0.1247200000
44950,1996-07-05 00:00:00Z,CB6 2RB,Semi-Detached,Established,Freehold,22F,,HIGH STREET,SUTTON,ELY,EAST CAMBRIDGESHIRE,CAMBRIDGESHIRE,Standard,Addition,52.3890020000,0.1241690000
53500,1996-11-22 00:00:00Z,CB6 2NG,Detached,Established,Freehold,14,,STEWARDS LANE,SUTTON,ELY,EAST CAMBRIDGESHIRE,CAMBRIDGESHIRE,Standard,Addition,52.3872900000,0.1235310000
50000,1996-12-12 00:00:00Z,CB6 2RF,Semi-Detached,Established,Freehold,28,,GARDEN CLOSE,SUTTON,ELY,EAST CAMBRIDGESHIRE,CAMBRIDGESHIRE,Standard,Addition,52.3871140000,0.1273290000
58000,1997-10-06 00:00:00Z,CB6 2PY,Detached,Established,Freehold,2,,PRIORS COURT,SUTTON,ELY,EAST CAMBRIDGESHIRE,CAMBRIDGESHIRE,Standard,Addition,52.3899850000,0.1226900000
44000,1997-01-03 00:00:00Z,CB6 2RA,Terraced,New Build,Freehold,60,,HIGH STREET,SUTTON,ELY,EAST CAMBRIDGESHIRE,CAMBRIDGESHIRE,Standard,Addition,52.3883660000,0.1216930000
72000,1997-04-02 00:00:00Z,CB6 2NL,Detached,Established,Freehold,79,,HIGH STREET,SUTTON,ELY,EAST CAMBRIDGESHIRE,CAMBRIDGESHIRE,Standard,Addition,52.3882570000,0.1201630000
93000,1997-09-30 00:00:00Z,CB6 2RR,Detached,Established,Freehold,4A,,FAIRFIELD,SUTTON,ELY,EAST CAMBRIDGESHIRE,CAMBRIDGESHIRE,Standard,Addition,52.3899150000,0.1245540000
46500,1997-06-20 00:00:00Z,CB6 2NH,Semi-Detached,Established,Freehold,15,,WINDMILL WALK,SUTTON,ELY,EAST CAMBRIDGESHIRE,CAMBRIDGESHIRE,Standard,Addition,52.3872690000,0.1247200000
38500,1997-02-28 00:00:00Z,CB6 2NH,Semi-Detached,Established,Freehold,30,,WINDMILL WALK,SUTTON,ELY,EAST CAMBRIDGESHIRE,CAMBRIDGESHIRE,Standard,Addition,52.3872690000,0.1247200000
48000,1997-09-19 00:00:00Z,CB6 2NQ,Terraced,Established,Freehold,14,,STEWARDS CLOSE,SUTTON,ELY,EAST CAMBRIDGESHIRE,CAMBRIDGESHIRE,Standard,Addition,52.3878320000,0.1221600000
46500,1997-10-13 00:00:00Z,CB6 2NH,Terraced,Established,Freehold,33,,WINDMILL WALK,SUTTON,ELY,EAST CAMBRIDGESHIRE,CAMBRIDGESHIRE,Standard,Addition,52.3872690000,0.1247200000
117500,1997-06-09 00:00:00Z,CB6 2RA,Semi-Detached,Established,Freehold,54,,HIGH STREET,SUTTON,ELY,EAST CAMBRIDGESHIRE,CAMBRIDGESHIRE,Standard,Addition,52.3883660000,0.1216930000
60000,1997-08-29 00:00:00Z,CB6 2RF,Semi-Detached,Established,Freehold,34,,GARDEN CLOSE,SUTTON,ELY,EAST CAMBRIDGESHIRE,CAMBRIDGESHIRE,Standard,Addition,52.3871140000,0.1273290000
49950,1997-08-01 00:00:00Z,CB6 2NF,Semi-Detached,Established,Freehold,35,,LINK LANE,SUTTON,ELY,CAMBRIDGE,CAMBRIDGESHIRE,Standard,Addition,52.3865550000,0.1233930000
45995,1997-08-22 00:00:00Z,CB6 2NH,Terraced,Established,Freehold,49,,WINDMILL WALK,SUTTON,ELY,EAST CAMBRIDGESHIRE,CAMBRIDGESHIRE,Standard,Addition,52.3872690000,0.1247200000
49000,1997-09-26 00:00:00Z,CB6 2RB,Semi-Detached,Established,Freehold,22D,,HIGH STREET,SUTTON,ELY,EAST CAMBRIDGESHIRE,CAMBRIDGESHIRE,Standard,Addition,52.3890020000,0.1241690000
120000,1997-06-03 00:00:00Z,CB6 2PR,Detached,Established,Freehold,4,,POUND LANE,SUTTON,ELY,EAST CAMBRIDGESHIRE,CAMBRIDGESHIRE,Standard,Addition,52.3894480000,0.1219690000
37000,1997-05-30 00:00:00Z,CB6 2NH,Semi-Detached,Established,Freehold,14,,WINDMILL WALK,SUTTON,ELY,EAST CAMBRIDGESHIRE,CAMBRIDGESHIRE,Standard,Addition,52.3872690000,0.1247200000
60000,1997-03-10 00:00:00Z,CB6 2NG,Detached,Established,Freehold,10,,STEWARDS LANE,SUTTON,ELY,EAST CAMBRIDGESHIRE,CAMBRIDGESHIRE,Standard,Addition,52.3872900000,0.1235310000
66000,1997-07-10 00:00:00Z,CB6 2NF,Detached,Established,Freehold,25,,LINK LANE,SUTTON,ELY,EAST CAMBRIDGESHIRE,CAMBRIDGESHIRE,Standard,Addition,52.3865550000,0.1233930000
51500,1997-03-07 00:00:00Z,CB6 2RF,Semi-Detached,Established,Freehold,28,,GARDEN CLOSE,SUTTON,ELY,EAST CAMBRIDGESHIRE,CAMBRIDGESHIRE,Standard,Addition,52.3871140000,0.1273290000
45500,1997-11-28 00:00:00Z,CB6 2NH,Terraced,Established,Freehold,19,,WINDMILL WALK,SUTTON,ELY,EAST CAMBRIDGESHIRE,CAMBRIDGESHIRE,Standard,Addition,52.3872690000,0.1247200000
59000,1997-12-05 00:00:00Z,CB6 2PY,Semi-Detached,Established,Freehold,13,,PRIORS COURT,SUTTON,ELY,EAST CAMBRIDGESHIRE,CAMBRIDGESHIRE,Standard,Addition,52.3899850000,0.1226900000
62000,1997-06-19 00:00:00Z,CB6 2RE,Detached,Established,Freehold,17,,LAWN LANE,SUTTON,ELY,EAST CAMBRIDGESHIRE,CAMBRIDGESHIRE,Standard,Addition,52.3873970000,0.1261080000
77000,1997-10-24 00:00:00Z,CB6 2NE,Detached,Established,Freehold,22,,RED LION LANE,SUTTON,ELY,EAST CAMBRIDGESHIRE,CAMBRIDGESHIRE,Standard,Addition,52.3872700000,0.1215410000
60000,1998-03-27 00:00:00Z,CB6 2PY,Detached,Established,Freehold,2,,PRIORS COURT,SUTTON,ELY,EAST CAMBRIDGESHIRE,CAMBRIDGESHIRE,Standard,Addition,52.3899850000,0.1226900000
92050,1998-04-30 00:00:00Z,CB6 2PR,Semi-Detached,Established,Freehold,34,,POUND LANE,SUTTON,ELY,EAST CAMBRIDGESHIRE,CAMBRIDGESHIRE,Standard,Addition,52.3894480000,0.1219690000
46000,1998-10-09 00:00:00Z,CB6 2NH,Terraced,Established,Freehold,12,,WINDMILL WALK,SUTTON,ELY,EAST CAMBRIDGESHIRE,CAMBRIDGESHIRE,Standard,Addition,52.3872690000,0.1247200000
46000,1998-06-01 00:00:00Z,CB6 2NH,Terraced,Established,Freehold,34,,WINDMILL WALK,SUTTON,ELY,EAST CAMBRIDGESHIRE,CAMBRIDGESHIRE,Standard,Addition,52.3872690000,0.1247200000
73500,1998-05-08 00:00:00Z,CB6 2RA,Detached,Established,Freehold,37,,HIGH STREET,SUTTON,ELY,EAST CAMBRIDGESHIRE,CAMBRIDGESHIRE,Standard,Addition,52.3883660000,0.1216930000
120000,1998-12-11 00:00:00Z,CB6 2PY,Detached,New Build,Freehold,10,,PRIORS COURT,SUTTON,ELY,EAST CAMBRIDGESHIRE,CAMBRIDGESHIRE,Standard,Addition,52.3899850000,0.1226900000
46500,1998-03-27 00:00:00Z,CB6 2NH,Terraced,Established,Freehold,22,,WINDMILL WALK,SUTTON,ELY,EAST CAMBRIDGESHIRE,CAMBRIDGESHIRE,Standard,Addition,52.3872690000,0.1247200000
71500,1998-08-10 00:00:00Z,CB6 2RE,Detached,Established,Freehold,40,,LAWN LANE,SUTTON,ELY,EAST CAMBRIDGESHIRE,CAMBRIDGESHIRE,Standard,Addition,52.3873970000,0.1261080000
42500,1998-07-17 00:00:00Z,CB6 2NH,Terraced,Established,Freehold,21,,WINDMILL WALK,SUTTON,ELY,EAST CAMBRIDGESHIRE,CAMBRIDGESHIRE,Standard,Addition,52.3872690000,0.1247200000
123500,1998-07-24 00:00:00Z,CB6 2RH,Detached,Established,Freehold,7,,EASTWOOD CLOSE,SUTTON,ELY,EAST CAMBRIDGESHIRE,CAMBRIDGESHIRE,Standard,Addition,52.3899740000,0.1277750000
58000,1998-08-28 00:00:00Z,CB6 2PY,Detached,Established,Freehold,7,,PRIORS COURT,SUTTON,ELY,EAST CAMBRIDGESHIRE,CAMBRIDGESHIRE,Standard,Addition,52.3899850000,0.1226900000
52000,1998-10-23 00:00:00Z,CB6 2RB,Semi-Detached,Established,Freehold,44,,HIGH STREET,SUTTON,ELY,EAST CAMBRIDGESHIRE,CAMBRIDGESHIRE,Standard,Addition,52.3890020000,0.1241690000
68000,1998-12-22 00:00:00Z,CB6 2RE,Semi-Detached,Established,Freehold,30A,,LAWN LANE,SUTTON,ELY,EAST CAMBRIDGESHIRE,CAMBRIDGESHIRE,Standard,Addition,52.3873970000,0.1261080000
50500,1998-12-29 00:00:00Z,CB6 2RF,Semi-Detached,Established,Freehold,10,,GARDEN CLOSE,SUTTON,ELY,EAST CAMBRIDGESHIRE,CAMBRIDGESHIRE,Standard,Addition,52.3871140000,0.1273290000
94950,1998-03-27 00:00:00Z,CB6 2RH,Detached,Established,Freehold,6,,EASTWOOD CLOSE,SUTTON,ELY,EAST CAMBRIDGESHIRE,CAMBRIDGESHIRE,Standard,Addition,52.3899740000,0.1277750000
110000,1998-09-21 00:00:00Z,CB6 2PR,Terraced,Established,Freehold,20,,POUND LANE,SUTTON,ELY,EAST CAMBRIDGESHIRE,CAMBRIDGESHIRE,Standard,Addition,52.3894480000,0.1219690000
16500,1998-10-16 00:00:00Z,CB6 2RB,Detached,Established,Freehold,21,,HIGH STREET,SUTTON,ELY,EAST CAMBRIDGESHIRE,CAMBRIDGESHIRE,Standard,Addition,52.3890020000,0.1241690000
52500,1998-12-11 00:00:00Z,CB6 2NE,Detached,Established,Freehold,1,,RED LION LANE,SUTTON,ELY,EAST CAMBRIDGESHIRE,CAMBRIDGESHIRE,Standard,Addition,52.3872700000,0.1215410000
57100,1998-03-26 00:00:00Z,CB6 2RA,Terraced,Established,Freehold,37A,,HIGH STREET,SUTTON,ELY,EAST CAMBRIDGESHIRE,CAMBRIDGESHIRE,Standard,Addition,52.3883660000,0.1216930000
65000,1998-03-27 00:00:00Z,CB6 2NJ,Detached,Established,Freehold,36,,LINK LANE,SUTTON,ELY,EAST CAMBRIDGESHIRE,CAMBRIDGESHIRE,Standard,Addition,52.3863080000,0.1256300000
59995,1998-05-15 00:00:00Z,CB6 2NH,Semi-Detached,Established,Freehold,47,,WINDMILL WALK,SUTTON,ELY,EAST CAMBRIDGESHIRE,CAMBRIDGESHIRE,Standard,Addition,52.3872690000,0.1247200000
110000,1998-06-04 00:00:00Z,CB6 2PY,Detached,New Build,Freehold,6,,PRIORS COURT,SUTTON,ELY,EAST CAMBRIDGESHIRE,CAMBRIDGESHIRE,Standard,Addition,52.3899850000,0.1226900000
110000,1998-04-20 00:00:00Z,CB6 2PY,Detached,New Build,Freehold,8,,PRIORS COURT,SUTTON,ELY,EAST CAMBRIDGESHIRE,CAMBRIDGESHIRE,Standard,Addition,52.3899850000,0.1226900000
92500,1998-08-21 00:00:00Z,CB6 2RB,Detached,Established,Freehold,10,,HIGH STREET,SUTTON,ELY,EAST CAMBRIDGESHIRE,CAMBRIDGESHIRE,Standard,Addition,52.3890020000,0.1241690000
59000,1998-06-05 00:00:00Z,CB6 2PR,Semi-Detached,Established,Freehold,44,,POUND LANE,SUTTON,ELY,EAST CAMBRIDGESHIRE,CAMBRIDGESHIRE,Standard,Addition,52.3894480000,0.1219690000
60000,1998-08-14 00:00:00Z,CB6 2NQ,Semi-Detached,Established,Freehold,5,,STEWARDS CLOSE,SUTTON,ELY,EAST CAMBRIDGESHIRE,CAMBRIDGESHIRE,Standard,Addition,52.3878320000,0.1221600000
84995,1998-04-22 00:00:00Z,CB6 2RE,Detached,Established,Freehold,25,,LAWN LANE,SUTTON,ELY,EAST CAMBRIDGESHIRE,CAMBRIDGESHIRE,Standard,Addition,52.3873970000,0.1261080000
85000,1998-08-07 00:00:00Z,CB6 2RR,Detached,Established,Freehold,5,,FAIRFIELD,SUTTON,ELY,EAST CAMBRIDGESHIRE,CAMBRIDGESHIRE,Standard,Addition,52.3899150000,0.1245540000
140000,1998-02-13 00:00:00Z,CB6 2RL,Detached,Established,Freehold,10,,STATION ROAD,SUTTON,ELY,EAST CAMBRIDGESHIRE,CAMBRIDGESHIRE,Standard,Addition,52.3892770000,0.1289710000
45500,1998-04-15 00:00:00Z,CB6 2NH,Terraced,Established,Freehold,51,,WINDMILL WALK,SUTTON,ELY,EAST CAMBRIDGESHIRE,CAMBRIDGESHIRE,Standard,Addition,52.3872690000,0.1247200000
42500,1998-03-09 00:00:00Z,CB6 2NH,Terraced,Established,Freehold,23,,WINDMILL WALK,SUTTON,ELY,EAST CAMBRIDGESHIRE,CAMBRIDGESHIRE,Standard,Addition,52.3872690000,0.1247200000
96000,1999-11-12 00:00:00Z,CB6 2RE,Detached,Established,Freehold,6,,LAWN LANE,SUTTON,ELY,EAST CAMBRIDGESHIRE,CAMBRIDGESHIRE,Standard,Addition,52.3873970000,0.1261080000
57000,1999-10-13 00:00:00Z,CB6 2NH,Semi-Detached,Established,Freehold,15,,WINDMILL WALK,SUTTON,ELY,EAST CAMBRIDGESHIRE,CAMBRIDGESHIRE,Standard,Addition,52.3872690000,0.1247200000
69995,1999-12-22 00:00:00Z,CB6 2PY,Semi-Detached,Established,Freehold,11,,PRIORS COURT,SUTTON,ELY,EAST CAMBRIDGESHIRE,CAMBRIDGESHIRE,Standard,Addition,52.3899850000,0.1226900000
85000,1999-11-04 00:00:00Z,CB6 2RL,Detached,Established,Freehold,14,,STATION ROAD,SUTTON,ELY,EAST CAMBRIDGESHIRE,CAMBRIDGESHIRE,Standard,Addition,52.3892770000,0.1289710000
83500,1999-11-26 00:00:00Z,CB6 2NG,Detached,Established,Freehold,19,,STEWARDS LANE,SUTTON,ELY,SOUTH CAMBRIDGESHIRE,CAMBRIDGESHIRE,Standard,Addition,52.3872900000,0.1235310000
87500,1999-11-03 00:00:00Z,CB6 2RF,Semi-Detached,Established,Freehold,34,,GARDEN CLOSE,SUTTON,ELY,EAST CAMBRIDGESHIRE,CAMBRIDGESHIRE,Standard,Addition,52.3871140000,0.1273290000
89950,1999-07-23 00:00:00Z,CB6 2NF,Detached,Established,Freehold,14,,LINK LANE,SUTTON,ELY,EAST CAMBRIDGESHIRE,CAMBRIDGESHIRE,Standard,Addition,52.3865550000,0.1233930000
67000,1999-05-04 00:00:00Z,CB6 2NL,Semi-Detached,Established,Freehold,64,,HIGH STREET,SUTTON,ELY,EAST CAMBRIDGESHIRE,CAMBRIDGESHIRE,Standard,Addition,52.3882570000,0.1201630000
86500,1999-07-28 00:00:00Z,CB6 2PR,Detached,Established,Freehold,40,,POUND LANE,SUTTON,ELY,EAST CAMBRIDGESHIRE,CAMBRIDGESHIRE,Standard,Addition,52.3894480000,0.1219690000
46000,1999-03-31 00:00:00Z,CB6 2NH,Semi-Detached,Established,Freehold,15,,WINDMILL WALK,SUTTON,ELY,EAST CAMBRIDGESHIRE,CAMBRIDGESHIRE,Standard,Addition,52.3872690000,0.1247200000
55950,1999-11-19 00:00:00Z,CB6 2NH,Terraced,Established,Freehold,49,,WINDMILL WALK,SUTTON,ELY,EAST CAMBRIDGESHIRE,CAMBRIDGESHIRE,Standard,Addition,52.3872690000,0.1247200000
87950,1999-12-22 00:00:00Z,CB6 2NF,Detached,Established,Freehold,25,,LINK LANE,SUTTON,ELY,EAST CAMBRIDGESHIRE,CAMBRIDGESHIRE,Standard,Addition,52.3865550000,0.1233930000
55000,1999-11-12 00:00:00Z,CB6 2NH,Terraced,Established,Freehold,20,,WINDMILL WALK,SUTTON,ELY,EAST CAMBRIDGESHIRE,CAMBRIDGESHIRE,Standard,Addition,52.3872690000,0.1247200000
96000,1999-04-09 00:00:00Z,CB6 2RE,Detached,Established,Freehold,16,,LAWN LANE,SUTTON,ELY,EAST CAMBRIDGESHIRE,CAMBRIDGESHIRE,Standard,Addition,52.3873970000,0.1261080000
20000,1999-10-13 00:00:00Z,CB6 2RA,Semi-Detached,Established,Freehold,60A,,HIGH STREET,SUTTON,ELY,EAST CAMBRIDGESHIRE,CAMBRIDGESHIRE,Standard,Addition,52.3883660000,0.1216930000
53500,1999-11-09 00:00:00Z,CB6 2NH,Semi-Detached,Established,Freehold,31,,WINDMILL WALK,SUTTON,ELY,EAST CAMBRIDGESHIRE,CAMBRIDGESHIRE,Standard,Addition,52.3872690000,0.1247200000
80000,1999-02-26 00:00:00Z,CB6 2NE,Detached,Established,Freehold,11,,RED LION LANE,SUTTON,ELY,EAST CAMBRIDGESHIRE,CAMBRIDGESHIRE,Standard,Addition,52.3872700000,0.1215410000
80000,1999-11-03 00:00:00Z,CB6 2NG,Detached,Established,Freehold,17,,STEWARDS LANE,SUTTON,ELY,EAST CAMBRIDGESHIRE,CAMBRIDGESHIRE,Standard,Addition,52.3872900000,0.1235310000
80500,1999-06-25 00:00:00Z,CB6 2NF,Detached,Established,Freehold,3,,LINK LANE,SUTTON,ELY,EAST CAMBRIDGESHIRE,CAMBRIDGESHIRE,Standard,Addition,52.3865550000,0.1233930000
219500,1999-12-14 00:00:00Z,CB6 2RB,Detached,Established,Freehold,1,,HIGH STREET,SUTTON,ELY,EAST CAMBRIDGESHIRE,CAMBRIDGESHIRE,Standard,Addition,52.3890020000,0.1241690000
77500,1999-11-05 00:00:00Z,CB6 2RE,Semi-Detached,Established,Freehold,30,,LAWN LANE,SUTTON,ELY,EAST CAMBRIDGESHIRE,CAMBRIDGESHIRE,Standard,Addition,52.3873970000,0.1261080000
120000,1999-05-24 00:00:00Z,CB6 2PY,Detached,New Build,Freehold,12,,PRIORS COURT,SUTTON,ELY,EAST CAMBRIDGESHIRE,CAMBRIDGESHIRE,Standard,Addition,52.3899850000,0.1226900000
58000,1999-07-16 00:00:00Z,CB6 2NH,Semi-Detached,Established,Freehold,1,,WINDMILL WALK,SUTTON,ELY,EAST CAMBRIDGESHIRE,CAMBRIDGESHIRE,Standard,Addition,52.3872690000,0.1247200000
45500,1999-05-11 00:00:00Z,CB6 2NH,Semi-Detached,Established,Freehold,40,,WINDMILL WALK,SUTTON,ELY,EAST CAMBRIDGESHIRE,CAMBRIDGESHIRE,Standard,Addition,52.3872690000,0.1247200000
70000,1999-02-26 00:00:00Z,CB6 2RE,Detached,Established,Freehold,29,,LAWN LANE,SUTTON,ELY,EAST CAMBRIDGESHIRE,CAMBRIDGESHIRE,Standard,Addition,52.3873970000,0.1261080000
63000,1999-11-29 00:00:00Z,CB6 2PR,Detached,Established,Freehold,24,,POUND LANE,SUTTON,ELY,EAST CAMBRIDGESHIRE,CAMBRIDGESHIRE,Standard,Addition,52.3894480000,0.1219690000
119000,2000-12-15 00:00:00Z,CB6 2NG,Detached,Established,Freehold,18,,STEWARDS LANE,SUTTON,ELY,EAST CAMBRIDGESHIRE,CAMBRIDGESHIRE,Standard,Addition,52.3872900000,0.1235310000
55000,2000-02-18 00:00:00Z,CB6 2NH,Semi-Detached,Established,Freehold,58,,WINDMILL WALK,SUTTON,ELY,EAST CAMBRIDGESHIRE,CAMBRIDGESHIRE,Standard,Addition,52.3872690000,0.1247200000
62000,2000-08-18 00:00:00Z,CB6 2RF,Terraced,Established,Freehold,16,,GARDEN CLOSE,SUTTON,ELY,EAST CAMBRIDGESHIRE,CAMBRIDGESHIRE,Standard,Addition,52.3871140000,0.1273290000
79000,2000-06-02 00:00:00Z,CB6 2NE,Detached,Established,Freehold,17,,RED LION LANE,SUTTON,ELY,EAST CAMBRIDGESHIRE,CAMBRIDGESHIRE,Standard,Addition,52.3872700000,0.1215410000
62000,2000-10-27 00:00:00Z,CB6 2NH,Terraced,Established,Freehold,20,,WINDMILL WALK,SUTTON,ELY,EAST CAMBRIDGESHIRE,CAMBRIDGESHIRE,Standard,Addition,52.3872690000,0.1247200000
123000,2000-11-30 00:00:00Z,CB6 2RE,Detached,Established,Freehold,2,,LAWN LANE,SUTTON,ELY,EAST CAMBRIDGESHIRE,CAMBRIDGESHIRE,Standard,Addition,52.3873970000,0.1261080000
65000,2000-03-17 00:00:00Z,CB6 2NQ,Semi-Detached,Established,Freehold,9,,STEWARDS CLOSE,SUTTON,ELY,EAST CAMBRIDGESHIRE,CAMBRIDGESHIRE,Standard,Addition,52.3878320000,0.1221600000
87500,2000-06-23 00:00:00Z,CB6 2NF,Detached,Established,Freehold,12,,LINK LANE,SUTTON,ELY,EAST CAMBRIDGESHIRE,CAMBRIDGESHIRE,Standard,Addition,52.3865550000,0.1233930000
120000,2000-08-18 00:00:00Z,CB6 2RD,Detached,Established,Freehold,3,,WINDMILL LANE,SUTTON,ELY,EAST CAMBRIDGESHIRE,CAMBRIDGESHIRE,Standard,Addition,52.3881600000,0.1241310000
114650,2000-11-24 00:00:00Z,CB6 2PR,Detached,Established,Freehold,40,,POUND LANE,SUTTON,ELY,EAST CAMBRIDGESHIRE,CAMBRIDGESHIRE,Standard,Addition,52.3894480000,0.1219690000
69000,2000-02-04 00:00:00Z,CB6 2NE,Detached,Established,Freehold,17,,RED LION LANE,SUTTON,ELY,EAST CAMBRIDGESHIRE,CAMBRIDGESHIRE,Standard,Addition,52.3872700000,0.1215410000
78000,2000-12-21 00:00:00Z,CB6 2RB,Semi-Detached,Established,Freehold,22D,,HIGH STREET,SUTTON,ELY,EAST CAMBRIDGESHIRE,CAMBRIDGESHIRE,Standard,Addition,52.3890020000,0.1241690000
64000,2000-04-07 00:00:00Z,CB6 2NH,Terraced,Established,Freehold,21,,WINDMILL WALK,SUTTON,ELY,EAST CAMBRIDGESHIRE,CAMBRIDGESHIRE,Standard,Addition,52.3872690000,0.1247200000
57000,2000-07-28 00:00:00Z,CB6 2NH,Terraced,Established,Freehold,7,,WINDMILL WALK,SUTTON,ELY,EAST CAMBRIDGESHIRE,CAMBRIDGESHIRE,Standard,Addition,52.3872690000,0.1247200000
68963,2000-03-24 00:00:00Z,CB6 2RB,Semi-Detached,Established,Freehold,23,,HIGH STREET,SUTTON,ELY,EAST CAMBRIDGESHIRE,CAMBRIDGESHIRE,Standard,Addition,52.3890020000,0.1241690000
110000,2000-12-21 00:00:00Z,CB6 2NE,Detached,Established,Freehold,19,,RED LION LANE,SUTTON,ELY,EAST CAMBRIDGESHIRE,CAMBRIDGESHIRE,Standard,Addition,52.3872700000,0.1215410000
87500,2000-01-28 00:00:00Z,CB6 2PR,Detached,Established,Freehold,30,,POUND LANE,SUTTON,ELY,EAST CAMBRIDGESHIRE,CAMBRIDGESHIRE,Standard,Addition,52.3894480000,0.1219690000
140000,2000-06-09 00:00:00Z,CB6 2NL,Detached,Established,Freehold,65A,,HIGH STREET,SUTTON,ELY,EAST CAMBRIDGESHIRE,CAMBRIDGESHIRE,Standard,Addition,52.3882570000,0.1201630000
52950,2000-04-28 00:00:00Z,CB6 2NH,Terraced,Established,Freehold,17,,WINDMILL WALK,SUTTON,ELY,EAST CAMBRIDGESHIRE,CAMBRIDGESHIRE,Standard,Addition,52.3872690000,0.1247200000
100000,2000-11-09 00:00:00Z,CB6 2RR,Semi-Detached,Established,Freehold,1,,FAIRFIELD,SUTTON,ELY,EAST CAMBRIDGESHIRE,CAMBRIDGESHIRE,Standard,Addition,52.3899150000,0.1245540000
62500,2000-07-04 00:00:00Z,CB6 2NH,Terraced,Established,Freehold,19,,WINDMILL WALK,SUTTON,ELY,EAST CAMBRIDGESHIRE,CAMBRIDGESHIRE,Standard,Addition,52.3872690000,0.1247200000
128500,2000-04-27 00:00:00Z,CB6 2RL,Detached,Established,Freehold,1,,STATION ROAD,SUTTON,ELY,EAST CAMBRIDGESHIRE,CAMBRIDGESHIRE,Standard,Addition,52.3892770000,0.1289710000
57000,2000-12-01 00:00:00Z,CB6 2NH,Terraced,Established,Freehold,8,,WINDMILL WALK,SUTTON,ELY,EAST CAMBRIDGESHIRE,CAMBRIDGESHIRE,Standard,Addition,52.3872690000,0.1247200000
149950,2001-07-06 00:00:00Z,CB6 2PY,Detached,New Build,Freehold,14,,PRIORS COURT,SUTTON,ELY,EAST CAMBRIDGESHIRE,CAMBRIDGESHIRE,Standard,Addition,52.3899850000,0.1226900000
182750,2001-06-01 00:00:00Z,CB6 2RA,Detached,Established,Freehold,58,,HIGH STREET,SUTTON,ELY,EAST CAMBRIDGESHIRE,CAMBRIDGESHIRE,Standard,Addition,52.3883660000,0.1216930000
94950,2001-12-13 00:00:00Z,CB6 2RE,Semi-Detached,Established,Freehold,30A,,LAWN LANE,SUTTON,ELY,EAST CAMBRIDGESHIRE,CAMBRIDGESHIRE,Standard,Addition,52.3873970000,0.1261080000
109950,2001-04-20 00:00:00Z,CB6 2NL,Semi-Detached,Established,Freehold,64,,HIGH STREET,SUTTON,ELY,EAST CAMBRIDGESHIRE,CAMBRIDGESHIRE,Standard,Addition,52.3882570000,0.1201630000
68500,2001-03-16 00:00:00Z,CB6 2NH,Terraced,Established,Freehold,51,,WINDMILL WALK,SUTTON,ELY,EAST CAMBRIDGESHIRE,CAMBRIDGESHIRE,Standard,Addition,52.3872690000,0.1247200000
73000,2001-11-30 00:00:00Z,CB6 2NH,Terraced,Established,Freehold,36,,WINDMILL WALK,SUTTON,ELY,EAST CAMBRIDGESHIRE,CAMBRIDGESHIRE,Standard,Addition,52.3872690000,0.1247200000
118000,2001-04-03 00:00:00Z,CB6 2RE,Detached,Established,Freehold,4,,LAWN LANE,SUTTON,ELY,EAST CAMBRIDGESHIRE,CAMBRIDGESHIRE,Standard,Addition,52.3873970000,0.1261080000
160000,2001-05-18 00:00:00Z,CB6 2PY,Detached,New Build,Freehold,16,,PRIORS COURT,SUTTON,ELY,EAST CAMBRIDGESHIRE,CAMBRIDGESHIRE,Standard,Addition,52.3899850000,0.1226900000
190000,2001-11-07 00:00:00Z,CB6 2PR,Detached,Established,Freehold,4,,POUND LANE,SUTTON,ELY,EAST CAMBRIDGESHIRE,CAMBRIDGESHIRE,Standard,Addition,52.3894480000,0.1219690000
60000,2001-05-11 00:00:00Z,CB6 2NH,Terraced,Established,Freehold,26,,WINDMILL WALK,SUTTON,ELY,EAST CAMBRIDGESHIRE,CAMBRIDGESHIRE,Standard,Addition,52.3872690000,0.1247200000
97000,2001-09-14 00:00:00Z,CB6 2RG,Semi-Detached,Established,Freehold,1,,OATES LANE,SUTTON,ELY,EAST CAMBRIDGESHIRE,CAMBRIDGESHIRE,Standard,Addition,52.3886460000,0.1266240000
84000,2001-06-29 00:00:00Z,CB6 2RB,Semi-Detached,Established,Freehold,22F,,HIGH STREET,SUTTON,ELY,EAST CAMBRIDGESHIRE,CAMBRIDGESHIRE,Standard,Addition,52.3890020000,0.1241690000
137000,2001-05-09 00:00:00Z,CB6 2PR,Terraced,Established,Freehold,20,,POUND LANE,SUTTON,ELY,EAST CAMBRIDGESHIRE,CAMBRIDGESHIRE,Standard,Addition,52.3894480000,0.1219690000
70000,2001-10-12 00:00:00Z,CB6 2NF,Detached,Established,Freehold,27,,LINK LANE,SUTTON,ELY,EAST CAMBRIDGESHIRE,CAMBRIDGESHIRE,Standard,Addition,52.3865550000,0.1233930000
100000,2001-05-24 00:00:00Z,CB6 2RE,Semi-Detached,Established,Freehold,36,,LAWN LANE,SUTTON,ELY,EAST CAMBRIDGESHIRE,CAMBRIDGESHIRE,Standard,Addition,52.3873970000,0.1261080000
130995,2001-11-07 00:00:00Z,CB6 2PQ,Detached,New Build,Freehold,11,,THE SOUTHERNS,SUTTON,ELY,EAST CAMBRIDGESHIRE,CAMBRIDGESHIRE,Standard,Addition,52.3867420000,0.1204780000
66000,2001-05-18 00:00:00Z,CB6 2NH,Terraced,Established,Freehold,10,,WINDMILL WALK,SUTTON,ELY,EAST CAMBRIDGESHIRE,CAMBRIDGESHIRE,Standard,Addition,52.3872690000,0.1247200000
155000,2001-09-20 00:00:00Z,CB6 2RB,Detached,Established,Freehold,10,,HIGH STREET,SUTTON,ELY,EAST CAMBRIDGESHIRE,CAMBRIDGESHIRE,Standard,Addition,52.3890020000,0.1241690000
147000,2001-02-21 00:00:00Z,CB6 2RA,Semi-Detached,Established,Freehold,39,,HIGH STREET,SUTTON,ELY,EAST CAMBRIDGESHIRE,CAMBRIDGESHIRE,Standard,Addition,52.3883660000,0.1216930000
172000,2001-10-31 00:00:00Z,CB6 2PH,Detached,Established,Freehold,5,,NUNNS WAY,SUTTON,ELY,EAST CAMBRIDGESHIRE,CAMBRIDGESHIRE,Standard,Addition,52.3893450000,0.1207790000
73000,2001-05-18 00:00:00Z,CB6 2NH,Semi-Detached,Established,Freehold,30,,WINDMILL WALK,SUTTON,ELY,EAST CAMBRIDGESHIRE,CAMBRIDGESHIRE,Standard,Addition,52.3872690000,0.1247200000
72000,2001-04-05 00:00:00Z,CB6 2NH,Terraced,Established,Freehold,6,,WINDMILL WALK,SUTTON,ELY,EAST CAMBRIDGESHIRE,CAMBRIDGESHIRE,Standard,Addition,52.3872690000,0.1247200000
60000,2001-07-24 00:00:00Z,CB6 2RA,Flats/Maisonettes,Established,Freehold,62,FLAT 1,,BEL AIR CHALET ESTATE,ELY,EAST CAMBRIDGESHIRE,CAMBRIDGESHIRE,Standard,Addition,52.3883660000,0.1216930000
129000,2001-07-06 00:00:00Z,CB6 2RE,Detached,Established,Freehold,28,,LAWN LANE,SUTTON,ELY,EAST CAMBRIDGESHIRE,CAMBRIDGESHIRE,Standard,Addition,52.3873970000,0.1261080000
85000,2001-07-30 00:00:00Z,CB6 2PY,Detached,Established,Freehold,5,,PRIORS COURT,SUTTON,ELY,EAST CAMBRIDGESHIRE,CAMBRIDGESHIRE,Standard,Addition,52.3899850000,0.1226900000
95000,2001-05-16 00:00:00Z,CB6 2RB,Semi-Detached,Established,Freehold,1A,,HIGH STREET,SUTTON,ELY,EAST CAMBRIDGESHIRE,CAMBRIDGESHIRE,Standard,Addition,52.3890020000,0.1241690000
64250,2001-05-29 00:00:00Z,CB6 2NH,Terraced,Established,Freehold,23,,WINDMILL WALK,SUTTON,ELY,EAST CAMBRIDGESHIRE,CAMBRIDGESHIRE,Standard,Addition,52.3872690000,0.1247200000
250000,2001-07-19 00:00:00Z,CB6 2RA,Terraced,Established,Freehold,60,,HIGH STREET,SUTTON,ELY,EAST CAMBRIDGESHIRE,CAMBRIDGESHIRE,Standard,Addition,52.3883660000,0.1216930000
165000,2001-08-24 00:00:00Z,CB6 2PY,Detached,Established,Freehold,6,,PRIORS COURT,SUTTON,ELY,EAST CAMBRIDGESHIRE,CAMBRIDGESHIRE,Standard,Addition,52.3899850000,0.1226900000
95000,2001-06-14 00:00:00Z,CB6 2RL,Detached,Established,Freehold,14,,STATION ROAD,SUTTON,ELY,EAST CAMBRIDGESHIRE,CAMBRIDGESHIRE,Standard,Addition,52.3892770000,0.1289710000
87500,2001-04-09 00:00:00Z,CB6 2PR,Detached,Established,Freehold,18,,POUND LANE,SUTTON,ELY,EAST CAMBRIDGESHIRE,CAMBRIDGESHIRE,Standard,Addition,52.3894480000,0.1219690000
175000,2001-05-29 00:00:00Z,CB6 2RD,Detached,Established,Freehold,1,,WINDMILL LANE,SUTTON,ELY,EAST CAMBRIDGESHIRE,CAMBRIDGESHIRE,Standard,Addition,52.3881600000,0.1241310000
181000,2001-12-19 00:00:00Z,CB6 2PQ,Detached,Established,Freehold,2,,THE SOUTHERNS,SUTTON,ELY,EAST CAMBRIDGESHIRE,CAMBRIDGESHIRE,Standard,Addition,52.3867420000,0.1204780000
112500,2002-04-02 00:00:00Z,CB6 2RA,Detached,Established,Freehold,37,,HIGH STREET,SUTTON,ELY,EAST CAMBRIDGESHIRE,CAMBRIDGESHIRE,Standard,Addition,52.3883660000,0.1216930000
130995,2002-01-02 00:00:00Z,CB6 2PQ,Detached,New Build,Freehold,15,,THE SOUTHERNS,SUTTON,ELY,EAST CAMBRIDGESHIRE,CAMBRIDGESHIRE,Standard,Addition,52.3867420000,0.1204780000
179000,2002-07-19 00:00:00Z,CB6 2PQ,Detached,New Build,Freehold,14,,THE SOUTHERNS,SUTTON,ELY,EAST CAMBRIDGESHIRE,CAMBRIDGESHIRE,Standard,Addition,52.3867420000,0.1204780000
79500,2002-09-04 00:00:00Z,CB6 2NH,Semi-Detached,Established,Freehold,40,,WINDMILL WALK,SUTTON,ELY,EAST CAMBRIDGESHIRE,CAMBRIDGESHIRE,Standard,Addition,52.3872690000,0.1247200000
145000,2002-11-18 00:00:00Z,CB6 2NG,Detached,Established,Freehold,13,,STEWARDS LANE,SUTTON,ELY,EAST CAMBRIDGESHIRE,CAMBRIDGESHIRE,Standard,Addition,52.3872900000,0.1235310000
177000,2002-04-26 00:00:00Z,CB6 2PQ,Detached,New Build,Freehold,29,,THE SOUTHERNS,SUTTON,ELY,EAST CAMBRIDGESHIRE,CAMBRIDGESHIRE,Standard,Addition,52.3867420000,0.1204780000
131995,2002-04-19 00:00:00Z,CB6 2PQ,Detached,New Build,Freehold,22,,THE SOUTHERNS,SUTTON,ELY,EAST CAMBRIDGESHIRE,CAMBRIDGESHIRE,Standard,Addition,52.3867420000,0.1204780000
116000,2002-04-30 00:00:00Z,CB6 2PQ,Terraced,New Build,Freehold,12,,THE SOUTHERNS,SUTTON,ELY,EAST CAMBRIDGESHIRE,CAMBRIDGESHIRE,Standard,Addition,52.3867420000,0.1204780000
108000,2002-01-11 00:00:00Z,CB6 2PQ,Semi-Detached,New Build,Freehold,17,,THE SOUTHERNS,SUTTON,ELY,EAST CAMBRIDGESHIRE,CAMBRIDGESHIRE,Standard,Addition,52.3867420000,0.1204780000
155000,2002-08-20 00:00:00Z,CB6 2RE,Detached,Established,Freehold,16,,LAWN LANE,SUTTON,ELY,EAST CAMBRIDGESHIRE,CAMBRIDGESHIRE,Standard,Addition,52.3873970000,0.1261080000
175000,2002-03-15 00:00:00Z,CB6 2PQ,Detached,New Build,Freehold,21,,THE SOUTHERNS,SUTTON,ELY,EAST CAMBRIDGESHIRE,CAMBRIDGESHIRE,Standard,Addition,52.3867420000,0.1204780000
180995,2002-04-30 00:00:00Z,CB6 2PQ,Detached,New Build,Freehold,16,,THE SOUTHERNS,SUTTON,ELY,EAST CAMBRIDGESHIRE,CAMBRIDGESHIRE,Standard,Addition,52.3867420000,0.1204780000
81000,2002-08-16 00:00:00Z,CB6 2NH,Terraced,Established,Freehold,26,,WINDMILL WALK,SUTTON,ELY,EAST CAMBRIDGESHIRE,CAMBRIDGESHIRE,Standard,Addition,52.3872690000,0.1247200000
122500,2002-09-12 00:00:00Z,CB6 2RR,Semi-Detached,Established,Freehold,1,,FAIRFIELD,SUTTON,ELY,EAST CAMBRIDGESHIRE,CAMBRIDGESHIRE,Standard,Addition,52.3899150000,0.1245540000
41500,2002-11-15 00:00:00Z,CB6 2NH,Semi-Detached,Established,Freehold,32,,WINDMILL WALK,SUTTON,ELY,EAST CAMBRIDGESHIRE,CAMBRIDGESHIRE,Standard,Addition,52.3872690000,0.1247200000
133000,2002-04-19 00:00:00Z,CB6 2PR,Semi-Detached,Established,Freehold,34,,POUND LANE,SUTTON,ELY,EAST CAMBRIDGESHIRE,CAMBRIDGESHIRE,Standard,Addition,52.3894480000,0.1219690000
72500,2002-04-23 00:00:00Z,CB6 2NH,Terraced,Established,Freehold,13,,WINDMILL WALK,SUTTON,ELY,EAST CAMBRIDGESHIRE,CAMBRIDGESHIRE,Standard,Addition,52.3872690000,0.1247200000
101000,2002-06-18 00:00:00Z,CB6 2RB,Semi-Detached,Established,Freehold,22D,,HIGH STREET,SUTTON,ELY,EAST CAMBRIDGESHIRE,CAMBRIDGESHIRE,Standard,Addition,52.3890020000,0.1241690000
148000,2002-04-25 00:00:00Z,CB6 2RB,Detached,Established,Freehold,5,,HIGH STREET,SUTTON,ELY,EAST CAMBRIDGESHIRE,CAMBRIDGESHIRE,Standard,Addition,52.3890020000,0.1241690000
110000,2002-09-06 00:00:00Z,CB6 2PQ,Semi-Detached,New Build,Freehold,10,,THE SOUTHERNS,SUTTON,ELY,EAST CAMBRIDGESHIRE,CAMBRIDGESHIRE,Standard,Addition,52.3867420000,0.1204780000
155000,2002-04-26 00:00:00Z,CB6 2PQ,Detached,New Build,Freehold,9,,THE SOUTHERNS,SUTTON,ELY,EAST CAMBRIDGESHIRE,CAMBRIDGESHIRE,Standard,Addition,52.3867420000,0.1204780000
139000,2002-08-08 00:00:00Z,CB6 2NG,Detached,Established,Freehold,19,,STEWARDS LANE,SUTTON,ELY,SOUTH CAMBRIDGESHIRE,CAMBRIDGESHIRE,Standard,Addition,52.3872900000,0.1235310000
179000,2002-07-22 00:00:00Z,CB6 2PQ,Detached,New Build,Freehold,20,,THE SOUTHERNS,SUTTON,ELY,EAST CAMBRIDGESHIRE,CAMBRIDGESHIRE,Standard,Addition,52.3867420000,0.1204780000
132000,2002-08-02 00:00:00Z,CB6 2RE,Detached,Established,Freehold,21,,LAWN LANE,SUTTON,ELY,EAST CAMBRIDGESHIRE,CAMBRIDGESHIRE,Standard,Addition,52.3873970000,0.1261080000
138000,2002-02-13 00:00:00Z,CB6 2PQ,Detached,New Build,Freehold,23,,THE SOUTHERNS,SUTTON,ELY,EAST CAMBRIDGESHIRE,CAMBRIDGESHIRE,Standard,Addition,52.3867420000,0.1204780000
114000,2002-04-26 00:00:00Z,CB6 2PQ,Detached,New Build,Freehold,18,,THE SOUTHERNS,SUTTON,ELY,EAST CAMBRIDGESHIRE,CAMBRIDGESHIRE,Standard,Addition,52.3867420000,0.1204780000
295000,2002-10-29 00:00:00Z,CB6 2RL,Detached,Established,Freehold,"KEYLL CHIARNYS, 3",,STATION ROAD,SUTTON,ELY,EAST CAMBRIDGESHIRE,CAMBRIDGESHIRE,Standard,Addition,52.3892770000,0.1289710000
85000,2002-09-26 00:00:00Z,CB6 2NH,Terraced,Established,Freehold,9,,WINDMILL WALK,SUTTON,ELY,EAST CAMBRIDGESHIRE,CAMBRIDGESHIRE,Standard,Addition,52.3872690000,0.1247200000
109950,2002-10-11 00:00:00Z,CB6 2NQ,Terraced,Established,Freehold,16,,STEWARDS CLOSE,SUTTON,ELY,EAST CAMBRIDGESHIRE,CAMBRIDGESHIRE,Standard,Addition,52.3878320000,0.1221600000
173000,2002-03-13 00:00:00Z,CB6 2PQ,Detached,New Build,Freehold,27,,THE SOUTHERNS,SUTTON,ELY,EAST CAMBRIDGESHIRE,CAMBRIDGESHIRE,Standard,Addition,52.3867420000,0.1204780000
109000,2002-02-18 00:00:00Z,CB6 2PQ,Semi-Detached,New Build,Freehold,19,,THE SOUTHERNS,SUTTON,ELY,EAST CAMBRIDGESHIRE,CAMBRIDGESHIRE,Standard,Addition,52.3867420000,0.1204780000
119000,2002-11-22 00:00:00Z,CB6 2NF,Semi-Detached,Established,Freehold,35,,LINK LANE,SUTTON,ELY,CAMBRIDGE,CAMBRIDGESHIRE,Standard,Addition,52.3865550000,0.1233930000
186000,2002-12-19 00:00:00Z,CB6 2NF,Detached,Established,Freehold,6,,LINK LANE,SUTTON,ELY,EAST CAMBRIDGESHIRE,CAMBRIDGESHIRE,Standard,Addition,52.3865550000,0.1233930000
139000,2002-10-24 00:00:00Z,CB6 2PQ,Detached,New Build,Freehold,6,,THE SOUTHERNS,SUTTON,ELY,EAST CAMBRIDGESHIRE,CAMBRIDGESHIRE,Standard,Addition,52.3867420000,0.1204780000
134995,2002-02-22 00:00:00Z,CB6 2PQ,Detached,New Build,Freehold,25,,THE SOUTHERNS,SUTTON,ELY,EAST CAMBRIDGESHIRE,CAMBRIDGESHIRE,Standard,Addition,52.3867420000,0.1204780000
110000,2002-09-13 00:00:00Z,CB6 2PQ,Terraced,New Build,Freehold,8,,THE SOUTHERNS,SUTTON,ELY,EAST CAMBRIDGESHIRE,CAMBRIDGESHIRE,Standard,Addition,52.3867420000,0.1204780000
118500,2002-07-25 00:00:00Z,CB6 2NQ,Semi-Detached,Established,Freehold,3,,STEWARDS CLOSE,SUTTON,ELY,EAST CAMBRIDGESHIRE,CAMBRIDGESHIRE,Standard,Addition,52.3878320000,0.1221600000
130000,2003-06-27 00:00:00Z,CB6 2RB,Terraced,Established,Freehold,22A,,HIGH STREET,SUTTON,ELY,EAST CAMBRIDGESHIRE,CAMBRIDGESHIRE,Standard,Addition,52.3890020000,0.1241690000
156000,2003-10-17 00:00:00Z,CB6 2NG,Detached,Established,Freehold,21,,STEWARDS LANE,SUTTON,ELY,EAST CAMBRIDGESHIRE,CAMBRIDGESHIRE,Standard,Addition,52.3872900000,0.1235310000
179950,2003-11-07 00:00:00Z,CB6 2NE,Semi-Detached,Established,Freehold,9A,,RED LION LANE,SUTTON,ELY,EAST CAMBRIDGESHIRE,CAMBRIDGESHIRE,Standard,Addition,52.3872700000,0.1215410000
183000,2003-11-07 00:00:00Z,CB6 2RB,Detached,Established,Freehold,10,,HIGH STREET,SUTTON,ELY,EAST CAMBRIDGESHIRE,CAMBRIDGESHIRE,Standard,Addition,52.3890020000,0.1241690000
420000,2003-10-24 00:00:00Z,CB6 2RL,Detached,Established,Freehold,14,,STATION ROAD,SUTTON,ELY,EAST CAMBRIDGESHIRE,CAMBRIDGESHIRE,Standard,Addition,52.3892770000,0.1289710000
129950,2003-02-13 00:00:00Z,CB6 2NQ,Semi-Detached,Established,Freehold,3,,STEWARDS CLOSE,SUTTON,ELY,EAST CAMBRIDGESHIRE,CAMBRIDGESHIRE,Standard,Addition,52.3878320000,0.1221600000
90000,2003-08-20 00:00:00Z,CB6 2NL,Semi-Detached,Established,Freehold,61A,,HIGH STREET,SUTTON,ELY,EAST CAMBRIDGESHIRE,CAMBRIDGESHIRE,Standard,Addition,52.3882570000,0.1201630000
101500,2003-03-10 00:00:00Z,CB6 2RF,Terraced,Established,Freehold,8,,GARDEN CLOSE,SUTTON,ELY,EAST CAMBRIDGESHIRE,CAMBRIDGESHIRE,Standard,Addition,52.3871140000,0.1273290000
225000,2003-05-27 00:00:00Z,CB6 2RG,Detached,Established,Freehold,7,,OATES LANE,SUTTON,ELY,EAST CAMBRIDGESHIRE,CAMBRIDGESHIRE,Standard,Addition,52.3886460000,0.1266240000
117500,2003-10-01 00:00:00Z,CB6 2NH,Semi-Detached,Established,Freehold,47,,WINDMILL WALK,SUTTON,ELY,EAST CAMBRIDGESHIRE,CAMBRIDGESHIRE,Standard,Addition,52.3872690000,0.1247200000
143000,2003-12-19 00:00:00Z,CB6 2NF,Semi-Detached,Established,Freehold,2,,LINK LANE,SUTTON,ELY,EAST CAMBRIDGESHIRE,CAMBRIDGESHIRE,Standard,Addition,52.3865550000,0.1233930000
195000,2003-08-18 00:00:00Z,CB6 2RA,Detached,Established,Freehold,58,,HIGH STREET,SUTTON,ELY,EAST CAMBRIDGESHIRE,CAMBRIDGESHIRE,Standard,Addition,52.3883660000,0.1216930000
190000,2003-05-08 00:00:00Z,CB6 2RB,Detached,Established,Freehold,18,,HIGH STREET,SUTTON,ELY,EAST CAMBRIDGESHIRE,CAMBRIDGESHIRE,Standard,Addition,52.3890020000,0.1241690000
139500,2003-05-16 00:00:00Z,CB6 2PQ,Terraced,Established,Freehold,8,,THE SOUTHERNS,SUTTON,ELY,EAST CAMBRIDGESHIRE,CAMBRIDGESHIRE,Standard,Addition,52.3867420000,0.1204780000
130000,2003-07-11 00:00:00Z,CB6 2RE,Terraced,Established,Freehold,34,,LAWN LANE,SUTTON,ELY,EAST CAMBRIDGESHIRE,CAMBRIDGESHIRE,Standard,Addition,52.3873970000,0.1261080000
102000,2003-01-10 00:00:00Z,CB6 2PR,Terraced,Established,Freehold,32A,,POUND LANE,SUTTON,ELY,EAST CAMBRIDGESHIRE,CAMBRIDGESHIRE,Standard,Addition,52.3894480000,0.1219690000
81055,2003-01-31 00:00:00Z,CB6 2NH,Terraced,Established,Freehold,52,,WINDMILL WALK,SUTTON,ELY,EAST CAMBRIDGESHIRE,CAMBRIDGESHIRE,Standard,Addition,52.3872690000,0.1247200000
123456,2003-08-27 00:00:00Z,CB6 2RA,Detached,Established,Freehold,59,,HIGH STREET,SUTTON,ELY,EAST CAMBRIDGESHIRE,CAMBRIDGESHIRE,Standard,Addition,52.3883660000,0.1216930000
178000,2003-11-07 00:00:00Z,CB6 2NE,Detached,Established,Freehold,17,,RED LION LANE,SUTTON,ELY,EAST CAMBRIDGESHIRE,CAMBRIDGESHIRE,Standard,Addition,52.3872700000,0.1215410000
105000,2003-12-10 00:00:00Z,CB6 2NH,Semi-Detached,Established,Freehold,42,,WINDMILL WALK,SUTTON,ELY,EAST CAMBRIDGESHIRE,CAMBRIDGESHIRE,Standard,Addition,52.3872690000,0.1247200000
197000,2003-04-11 00:00:00Z,CB6 2RB,Detached,Established,Freehold,33,,HIGH STREET,SUTTON,ELY,EAST CAMBRIDGESHIRE,CAMBRIDGESHIRE,Standard,Addition,52.3890020000,0.1241690000
126000,2003-12-19 00:00:00Z,CB6 2RF,Terraced,Established,Freehold,26,,GARDEN CLOSE,SUTTON,ELY,EAST CAMBRIDGESHIRE,CAMBRIDGESHIRE,Standard,Addition,52.3871140000,0.1273290000
170000,2004-07-16 00:00:00Z,CB6 2RA,Terraced,Established,Freehold,56,,HIGH STREET,SUTTON,ELY,EAST CAMBRIDGESHIRE,CAMBRIDGESHIRE,Standard,Addition,52.3883660000,0.1216930000
213000,2004-02-26 00:00:00Z,CB6 2RH,Detached,Established,Freehold,7,,EASTWOOD CLOSE,SUTTON,ELY,EAST CAMBRIDGESHIRE,CAMBRIDGESHIRE,Standard,Addition,52.3899740000,0.1277750000
113500,2004-08-03 00:00:00Z,CB6 2RF,Semi-Detached,Established,Freehold,2,,GARDEN CLOSE,SUTTON,ELY,EAST CAMBRIDGESHIRE,CAMBRIDGESHIRE,Standard,Addition,52.3871140000,0.1273290000
134000,2004-02-13 00:00:00Z,CB6 2RF,Semi-Detached,Established,Freehold,36,,GARDEN CLOSE,SUTTON,ELY,EAST CAMBRIDGESHIRE,CAMBRIDGESHIRE,Standard,Addition,52.3871140000,0.1273290000
185000,2004-08-20 00:00:00Z,CB6 2RE,Detached,Established,Freehold,11A,,LAWN LANE,SUTTON,ELY,EAST CAMBRIDGESHIRE,CAMBRIDGESHIRE,Standard,Addition,52.3873970000,0.1261080000
145000,2004-08-05 00:00:00Z,CB6 2NE,Detached,Established,Freehold,13,,RED LION LANE,SUTTON,ELY,EAST CAMBRIDGESHIRE,CAMBRIDGESHIRE,Standard,Addition,52.3872700000,0.1215410000
270000,2004-05-26 00:00:00Z,CB6 2PR,Detached,Established,Freehold,"GARDEN LODGE, 5",,POUND LANE,SUTTON,ELY,EAST CAMBRIDGESHIRE,CAMBRIDGESHIRE,Standard,Addition,52.3894480000,0.1219690000
180000,2004-04-20 00:00:00Z,CB6 2RE,Detached,Established,Freehold,21,,LAWN LANE,SUTTON,ELY,EAST CAMBRIDGESHIRE,CAMBRIDGESHIRE,Standard,Addition,52.3873970000,0.1261080000
157000,2004-10-28 00:00:00Z,CB6 2NG,Detached,Established,Freehold,3,,STEWARDS LANE,SUTTON,ELY,EAST CAMBRIDGESHIRE,CAMBRIDGESHIRE,Standard,Addition,52.3872900000,0.1235310000
114000,2004-11-30 00:00:00Z,CB6 2NH,Terraced,Established,Freehold,17,,WINDMILL WALK,SUTTON,ELY,EAST CAMBRIDGESHIRE,CAMBRIDGESHIRE,Standard,Addition,52.3872690000,0.1247200000
108000,2004-04-05 00:00:00Z,CB6 2NH,Terraced,Established,Freehold,26,,WINDMILL WALK,SUTTON,ELY,EAST CAMBRIDGESHIRE,CAMBRIDGESHIRE,Standard,Addition,52.3872690000,0.1247200000
195000,2004-01-30 00:00:00Z,CB6 2PY,Detached,Established,Freehold,14,,PRIORS COURT,SUTTON,ELY,EAST CAMBRIDGESHIRE,CAMBRIDGESHIRE,Standard,Addition,52.3899850000,0.1226900000
249950,2004-10-01 00:00:00Z,CB6 2PQ,Detached,Established,Freehold,21,,THE SOUTHERNS,SUTTON,ELY,EAST CAMBRIDGESHIRE,CAMBRIDGESHIRE,Standard,Addition,52.3867420000,0.1204780000
180000,2004-10-01 00:00:00Z,CB6 2PR,Detached,Established,Freehold,1A,,POUND LANE,SUTTON,ELY,EAST CAMBRIDGESHIRE,CAMBRIDGESHIRE,Standard,Addition,52.3894480000,0.1219690000
180450,2004-04-15 00:00:00Z,CB6 2RB,Semi-Detached,Established,Freehold,22,,HIGH STREET,SUTTON,ELY,EAST CAMBRIDGESHIRE,CAMBRIDGESHIRE,Standard,Addition,52.3890020000,0.1241690000
107950,2004-07-27 00:00:00Z,CB6 2NH,Terraced,Established,Freehold,23,,WINDMILL WALK,SUTTON,ELY,EAST CAMBRIDGESHIRE,CAMBRIDGESHIRE,Standard,Addition,52.3872690000,0.1247200000
120000,2004-12-13 00:00:00Z,CB6 2RB,Semi-Detached,Established,Freehold,1A,,HIGH STREET,SUTTON,ELY,EAST CAMBRIDGESHIRE,CAMBRIDGESHIRE,Standard,Addition,52.3890020000,0.1241690000
113000,2004-01-09 00:00:00Z,CB6 2RB,Semi-Detached,Established,Freehold,22F,,HIGH STREET,SUTTON,ELY,EAST CAMBRIDGESHIRE,CAMBRIDGESHIRE,Standard,Addition,52.3890020000,0.1241690000
135000,2004-01-12 00:00:00Z,CB6 2PQ,Semi-Detached,Established,Freehold,10,,THE SOUTHERNS,SUTTON,ELY,EAST CAMBRIDGESHIRE,CAMBRIDGESHIRE,Standard,Addition,52.3867420000,0.1204780000
106000,2004-04-08 00:00:00Z,CB6 2NH,Terraced,Established,Freehold,50,,WINDMILL WALK,SUTTON,ELY,EAST CAMBRIDGESHIRE,CAMBRIDGESHIRE,Standard,Addition,52.3872690000,0.1247200000
60000,2004-11-10 00:00:00Z,CB6 2NG,Detached,Established,Freehold,15,,STEWARDS LANE,SUTTON,ELY,EAST CAMBRIDGESHIRE,CAMBRIDGESHIRE,Standard,Addition,52.3872900000,0.1235310000
110000,2005-04-08 00:00:00Z,CB6 2NH,Terraced,Established,Freehold,22,,WINDMILL WALK,SUTTON,ELY,EAST CAMBRIDGESHIRE,CAMBRIDGESHIRE,Standard,Addition,52.3872690000,0.1247200000
129000,2005-05-17 00:00:00Z,CB6 2RR,Semi-Detached,Established,Freehold,12,,FAIRFIELD,SUTTON,ELY,EAST CAMBRIDGESHIRE,CAMBRIDGESHIRE,Standard,Addition,52.3899150000,0.1245540000
177000,2005-09-02 00:00:00Z,CB6 2NF,Detached,Established,Freehold,18,,LINK LANE,SUTTON,ELY,EAST CAMBRIDGESHIRE,CAMBRIDGESHIRE,Standard,Addition,52.3865550000,0.1233930000
165000,2005-11-18 00:00:00Z,CB6 2NA,Semi-Detached,New Build,Freehold,4,,NORWICH COURT,SUTTON,ELY,EAST CAMBRIDGESHIRE,CAMBRIDGESHIRE,Standard,Addition,52.3878720000,0.1236770000
180000,2005-02-18 00:00:00Z,CB6 2RE,Detached,Established,Freehold,18,,LAWN LANE,SUTTON,ELY,EAST CAMBRIDGESHIRE,CAMBRIDGESHIRE,Standard,Addition,52.3873970000,0.1261080000
135500,2005-12-15 00:00:00Z,CB6 2RB,Semi-Detached,Established,Freehold,22E,,HIGH STREET,SUTTON,ELY,EAST CAMBRIDGESHIRE,CAMBRIDGESHIRE,Standard,Addition,52.3890020000,0.1241690000
110000,2005-03-18 00:00:00Z,CB6 2PR,Terraced,Established,Freehold,22,,POUND LANE,SUTTON,ELY,EAST CAMBRIDGESHIRE,CAMBRIDGESHIRE,Standard,Addition,52.3894480000,0.1219690000
167000,2005-05-20 00:00:00Z,CB6 2RF,Terraced,Established,Freehold,11,,GARDEN CLOSE,SUTTON,ELY,EAST CAMBRIDGESHIRE,CAMBRIDGESHIRE,Standard,Addition,52.3871140000,0.1273290000
172500,2005-12-09 00:00:00Z,CB6 2NF,Detached,Established,Freehold,3,,LINK LANE,SUTTON,ELY,EAST CAMBRIDGESHIRE,CAMBRIDGESHIRE,Standard,Addition,52.3865550000,0.1233930000
460000,2005-08-02 00:00:00Z,CB6 2RL,Detached,Established,Freehold,14,,STATION ROAD,SUTTON,ELY,EAST CAMBRIDGESHIRE,CAMBRIDGESHIRE,Standard,Addition,52.3892770000,0.1289710000
114000,2005-05-20 00:00:00Z,CB6 2NH,Terraced,Established,Freehold,19,,WINDMILL WALK,SUTTON,ELY,EAST CAMBRIDGESHIRE,CAMBRIDGESHIRE,Standard,Addition,52.3872690000,0.1247200000
167500,2005-06-24 00:00:00Z,CB6 2NF,Detached,Established,Freehold,10,,LINK LANE,SUTTON,ELY,EAST CAMBRIDGESHIRE,CAMBRIDGESHIRE,Standard,Addition,52.3865550000,0.1233930000
134000,2005-04-08 00:00:00Z,CB6 2NH,Terraced,Established,Freehold,21,,WINDMILL WALK,SUTTON,ELY,EAST CAMBRIDGESHIRE,CAMBRIDGESHIRE,Standard,Addition,52.3872690000,0.1247200000
168500,2005-09-02 00:00:00Z,CB6 2PQ,Terraced,Established,Freehold,12,,THE SOUTHERNS,SUTTON,ELY,EAST CAMBRIDGESHIRE,CAMBRIDGESHIRE,Standard,Addition,52.3867420000,0.1204780000
380000,2005-12-02 00:00:00Z,CB6 2RB,Detached,Established,Freehold,1,,HIGH STREET,SUTTON,ELY,EAST CAMBRIDGESHIRE,CAMBRIDGESHIRE,Standard,Addition,52.3890020000,0.1241690000
135000,2005-12-02 00:00:00Z,CB6 2NA,Semi-Detached,New Build,Freehold,3,,NORWICH COURT,SUTTON,ELY,EAST CAMBRIDGESHIRE,CAMBRIDGESHIRE,Standard,Addition,52.3878720000,0.1236770000
114000,2005-04-29 00:00:00Z,CB6 2NH,Semi-Detached,Established,Freehold,58,,WINDMILL WALK,SUTTON,ELY,EAST CAMBRIDGESHIRE,CAMBRIDGESHIRE,Standard,Addition,52.3872690000,0.1247200000
117000,2005-12-02 00:00:00Z,CB6 2NA,Flats/Maisonettes,New Build,Freehold,1,,NORWICH COURT,SUTTON,ELY,EAST CAMBRIDGESHIRE,CAMBRIDGESHIRE,Standard,Addition,52.3878720000,0.1236770000
119950,2005-12-21 00:00:00Z,CB6 2NH,Terraced,Established,Freehold,48,,WINDMILL WALK,SUTTON,ELY,EAST CAMBRIDGESHIRE,CAMBRIDGESHIRE,Standard,Addition,52.3872690000,0.1247200000
117000,2005-06-22 00:00:00Z,CB6 2RF,Semi-Detached,Established,Freehold,10,,GARDEN CLOSE,SUTTON,ELY,EAST CAMBRIDGESHIRE,CAMBRIDGESHIRE,Standard,Addition,52.3871140000,0.1273290000
119950,2005-12-02 00:00:00Z,CB6 2NH,Terraced,Established,Freehold,7,,WINDMILL WALK,SUTTON,ELY,EAST CAMBRIDGESHIRE,CAMBRIDGESHIRE,Standard,Addition,52.3872690000,0.1247200000
135000,2005-01-27 00:00:00Z,CB6 2PY,Semi-Detached,Established,Freehold,21,,PRIORS COURT,SUTTON,ELY,EAST CAMBRIDGESHIRE,CAMBRIDGESHIRE,Standard,Addition,52.3899850000,0.1226900000
152000,2005-09-05 00:00:00Z,CB6 2RE,Terraced,Established,Freehold,34,,LAWN LANE,SUTTON,ELY,EAST CAMBRIDGESHIRE,CAMBRIDGESHIRE,Standard,Addition,52.3873970000,0.1261080000
185000,2005-10-28 00:00:00Z,CB6 2NA,Semi-Detached,New Build,Freehold,2,,NORWICH COURT,SUTTON,ELY,EAST CAMBRIDGESHIRE,CAMBRIDGESHIRE,Standard,Addition,52.3878720000,0.1236770000
290000,2005-03-18 00:00:00Z,CB6 2RL,Detached,Established,Freehold,EASTWOOD COTTAGE,,STATION ROAD,SUTTON,ELY,EAST CAMBRIDGESHIRE,CAMBRIDGESHIRE,Standard,Addition,52.3892770000,0.1289710000
138000,2005-04-08 00:00:00Z,CB6 2NQ,Terraced,Established,Freehold,14,,STEWARDS CLOSE,SUTTON,ELY,EAST CAMBRIDGESHIRE,CAMBRIDGESHIRE,Standard,Addition,52.3878320000,0.1221600000
247500,2006-02-10 00:00:00Z,CB6 2PY,Detached,Established,Freehold,16,,PRIORS COURT,SUTTON,ELY,EAST CAMBRIDGESHIRE,CAMBRIDGESHIRE,Standard,Addition,52.3899850000,0.1226900000
125000,2006-05-05 00:00:00Z,CB6 2RS,Terraced,New Build,Freehold,56,,DARBYS YARD,SUTTON,ELY,EAST CAMBRIDGESHIRE,CAMBRIDGESHIRE,Standard,Addition,52.3898640000,0.1234190000
125000,2006-08-11 00:00:00Z,CB6 2RS,Terraced,New Build,Freehold,16,,DARBYS YARD,SUTTON,ELY,EAST CAMBRIDGESHIRE,CAMBRIDGESHIRE,Standard,Addition,52.3898640000,0.1234190000
125000,2006-04-04 00:00:00Z,CB6 2NH,Terraced,Established,Freehold,26,,WINDMILL WALK,SUTTON,ELY,EAST CAMBRIDGESHIRE,CAMBRIDGESHIRE,Standard,Addition,52.3872690000,0.1247200000
221500,2006-01-20 00:00:00Z,CB6 2NL,Semi-Detached,Established,Freehold,70,,HIGH STREET,SUTTON,ELY,EAST CAMBRIDGESHIRE,CAMBRIDGESHIRE,Standard,Addition,52.3882570000,0.1201630000
124950,2006-05-26 00:00:00Z,CB6 2NH,Semi-Detached,Established,Freehold,42,,WINDMILL WALK,SUTTON,ELY,EAST CAMBRIDGESHIRE,CAMBRIDGESHIRE,Standard,Addition,52.3872690000,0.1247200000
107500,2006-09-27 00:00:00Z,CB6 2RS,Flats/Maisonettes,New Build,Leasehold,24,,DARBYS YARD,SUTTON,ELY,EAST CAMBRIDGESHIRE,CAMBRIDGESHIRE,Standard,Addition,52.3898640000,0.1234190000
168000,2006-09-08 00:00:00Z,CB6 2NG,Detached,Established,Freehold,21,,STEWARDS LANE,SUTTON,ELY,EAST CAMBRIDGESHIRE,CAMBRIDGESHIRE,Standard,Addition,52.3872900000,0.1235310000
125000,2006-11-15 00:00:00Z,CB6 2NH,Semi-Detached,Established,Freehold,14,,WINDMILL WALK,SUTTON,ELY,EAST CAMBRIDGESHIRE,CAMBRIDGESHIRE,Standard,Addition,52.3872690000,0.1247200000
175000,2006-01-13 00:00:00Z,CB6 2NL,Terraced,Established,Freehold,71,,HIGH STREET,SUTTON,ELY,EAST CAMBRIDGESHIRE,CAMBRIDGESHIRE,Standard,Addition,52.3882570000,0.1201630000
249950,2006-02-14 00:00:00Z,CB6 2RL,Detached,Established,Freehold,EMLICKA HOUSE,,STATION ROAD,SUTTON,ELY,EAST CAMBRIDGESHIRE,CAMBRIDGESHIRE,Standard,Addition,52.3892770000,0.1289710000
202000,2006-10-20 00:00:00Z,CB6 2NF,Detached,Established,Freehold,27,,LINK LANE,SUTTON,ELY,EAST CAMBRIDGESHIRE,CAMBRIDGESHIRE,Standard,Addition,52.3865550000,0.1233930000
120000,2006-08-11 00:00:00Z,CB6 2RS,Terraced,New Build,Freehold,54,,DARBYS YARD,SUTTON,ELY,EAST CAMBRIDGESHIRE,CAMBRIDGESHIRE,Standard,Addition,52.3898640000,0.1234190000
166000,2006-04-07 00:00:00Z,CB6 2NL,Detached,Established,Freehold,38,,HIGH STREET,SUTTON,ELY,EAST CAMBRIDGESHIRE,CAMBRIDGESHIRE,Standard,Addition,52.3882570000,0.1201630000
120000,2006-03-22 00:00:00Z,CB6 2RS,Terraced,New Build,Freehold,4,,DARBYS YARD,SUTTON,ELY,EAST CAMBRIDGESHIRE,CAMBRIDGESHIRE,Standard,Addition,52.3898640000,0.1234190000
285000,2006-10-19 00:00:00Z,CB6 2RB,Detached,Established,Freehold,14,,HIGH STREET,SUTTON,ELY,EAST CAMBRIDGESHIRE,CAMBRIDGESHIRE,Standard,Addition,52.3890020000,0.1241690000
70000,2006-07-31 00:00:00Z,CB6 2RS,Flats/Maisonettes,New Build,Leasehold,62,,DARBYS YARD,SUTTON,ELY,EAST CAMBRIDGESHIRE,CAMBRIDGESHIRE,Standard,Addition,52.3898640000,0.1234190000
122000,2006-10-17 00:00:00Z,CB6 2RS,Terraced,New Build,Freehold,40,,DARBYS YARD,SUTTON,ELY,EAST CAMBRIDGESHIRE,CAMBRIDGESHIRE,Standard,Addition,52.3898640000,0.1234190000
135000,2006-08-22 00:00:00Z,CB6 2RS,Terraced,New Build,Freehold,12,,DARBYS YARD,SUTTON,ELY,EAST CAMBRIDGESHIRE,CAMBRIDGESHIRE,Standard,Addition,52.3898640000,0.1234190000
110000,2006-09-29 00:00:00Z,CB6 2RS,Flats/Maisonettes,New Build,Freehold,2,,DARBYS YARD,SUTTON,ELY,EAST CAMBRIDGESHIRE,CAMBRIDGESHIRE,Standard,Addition,52.3898640000,0.1234190000
145000,2006-11-02 00:00:00Z,CB6 2PR,Detached,Established,Freehold,18,,POUND LANE,SUTTON,ELY,EAST CAMBRIDGESHIRE,CAMBRIDGESHIRE,Standard,Addition,52.3894480000,0.1219690000
186000,2006-11-17 00:00:00Z,CB6 2RX,Detached,New Build,Freehold,2,,PIPPIN CLOSE,SUTTON,ELY,EAST CAMBRIDGESHIRE,CAMBRIDGESHIRE,Standard,Addition,52.3881400000,0.1267460000
268000,2006-12-20 00:00:00Z,CB6 2RD,Detached,Established,Freehold,1,,WINDMILL LANE,SUTTON,ELY,EAST CAMBRIDGESHIRE,CAMBRIDGESHIRE,Standard,Addition,52.3881600000,0.1241310000
171650,2006-05-12 00:00:00Z,CB6 2NE,Detached,Established,Freehold,7,,RED LION LANE,SUTTON,ELY,EAST CAMBRIDGESHIRE,CAMBRIDGESHIRE,Standard,Addition,52.3872700000,0.1215410000
125000,2006-08-09 00:00:00Z,CB6 2RS,Terraced,New Build,Freehold,6,,DARBYS YARD,SUTTON,ELY,EAST CAMBRIDGESHIRE,CAMBRIDGESHIRE,Standard,Addition,52.3898640000,0.1234190000
123000,2006-08-11 00:00:00Z,CB6 2RS,Terraced,New Build,Freehold,8,,DARBYS YARD,SUTTON,ELY,EAST CAMBRIDGESHIRE,CAMBRIDGESHIRE,Standard,Addition,52.3898640000,0.1234190000
125000,2006-05-05 00:00:00Z,CB6 2RS,Terraced,Established,Freehold,10,,DARBYS YARD,SUTTON,ELY,EAST CAMBRIDGESHIRE,CAMBRIDGESHIRE,Standard,Addition,52.3898640000,0.1234190000
120000,2006-06-30 00:00:00Z,CB6 2NH,Terraced,Established,Freehold,13,,WINDMILL WALK,SUTTON,ELY,EAST CAMBRIDGESHIRE,CAMBRIDGESHIRE,Standard,Addition,52.3872690000,0.1247200000
125000,2006-09-19 00:00:00Z,CB6 2RS,Terraced,New Build,Freehold,58,,DARBYS YARD,SUTTON,ELY,EAST CAMBRIDGESHIRE,CAMBRIDGESHIRE,Standard,Addition,52.3898640000,0.1234190000
119950,2006-05-26 00:00:00Z,CB6 2NH,Terraced,Established,Freehold,51,,WINDMILL WALK,SUTTON,ELY,EAST CAMBRIDGESHIRE,CAMBRIDGESHIRE,Standard,Addition,52.3872690000,0.1247200000
125000,2006-06-02 00:00:00Z,CB6 2RS,Terraced,New Build,Freehold,36,,DARBYS YARD,SUTTON,ELY,EAST CAMBRIDGESHIRE,CAMBRIDGESHIRE,Standard,Addition,52.3898640000,0.1234190000
120000,2006-03-17 00:00:00Z,CB6 2NH,Terraced,Established,Freehold,20,,WINDMILL WALK,SUTTON,ELY,EAST CAMBRIDGESHIRE,CAMBRIDGESHIRE,Standard,Addition,52.3872690000,0.1247200000
125000,2006-06-02 00:00:00Z,CB6 2RS,Detached,New Build,Freehold,32,,DARBYS YARD,SUTTON,ELY,EAST CAMBRIDGESHIRE,CAMBRIDGESHIRE,Standard,Addition,52.3898640000,0.1234190000
124000,2006-10-06 00:00:00Z,CB6 2RS,Terraced,New Build,Freehold,46,,DARBYS YARD,SUTTON,ELY,EAST CAMBRIDGESHIRE,CAMBRIDGESHIRE,Standard,Addition,52.3898640000,0.1234190000
81250,2006-04-21 00:00:00Z,CB6 2RS,Terraced,New Build,Leasehold,80,,DARBYS YARD,SUTTON,ELY,EAST CAMBRIDGESHIRE,CAMBRIDGESHIRE,Standard,Addition,52.3898640000,0.1234190000
120000,2006-08-07 00:00:00Z,CB6 2RS,Terraced,New Build,Freehold,50,,DARBYS YARD,SUTTON,ELY,EAST CAMBRIDGESHIRE,CAMBRIDGESHIRE,Standard,Addition,52.3898640000,0.1234190000
187950,2006-09-28 00:00:00Z,CB6 2RE,Detached,Established,Freehold,33,,LAWN LANE,SUTTON,ELY,EAST CAMBRIDGESHIRE,CAMBRIDGESHIRE,Standard,Addition,52.3873970000,0.1261080000
125000,2006-09-22 00:00:00Z,CB6 2RS,Terraced,New Build,Freehold,48,,DARBYS YARD,SUTTON,ELY,EAST CAMBRIDGESHIRE,CAMBRIDGESHIRE,Standard,Addition,52.3898640000,0.1234190000
127000,2006-11-24 00:00:00Z,CB6 2NH,Semi-Detached,Established,Freehold,32,,WINDMILL WALK,SUTTON,ELY,EAST CAMBRIDGESHIRE,CAMBRIDGESHIRE,Standard,Addition,52.3872690000,0.1247200000
250000,2006-05-31 00:00:00Z,CB6 2NL,Semi-Detached,Established,Freehold,77,,HIGH STREET,SUTTON,ELY,EAST CAMBRIDGESHIRE,CAMBRIDGESHIRE,Standard,Addition,52.3882570000,0.1201630000
125000,2006-09-22 00:00:00Z,CB6 2RS,Terraced,New Build,Freehold,52,,DARBYS YARD,SUTTON,ELY,EAST CAMBRIDGESHIRE,CAMBRIDGESHIRE,Standard,Addition,52.3898640000,0.1234190000
110000,2006-10-17 00:00:00Z,CB6 2NQ,Semi-Detached,Established,Freehold,12,,STEWARDS CLOSE,SUTTON,ELY,EAST CAMBRIDGESHIRE,CAMBRIDGESHIRE,Standard,Addition,52.3878320000,0.1221600000
225000,2006-10-06 00:00:00Z,CB6 2RE,Detached,Established,Freehold,26,,LAWN LANE,SUTTON,ELY,EAST CAMBRIDGESHIRE,CAMBRIDGESHIRE,Standard,Addition,52.3873970000,0.1261080000
112500,2006-08-29 00:00:00Z,CB6 2RS,Flats/Maisonettes,New Build,Leasehold,22,,DARBYS YARD,SUTTON,ELY,EAST CAMBRIDGESHIRE,CAMBRIDGESHIRE,Standard,Addition,52.3898640000,0.1234190000
229000,2006-01-11 00:00:00Z,CB6 2NG,Detached,Established,Freehold,1,,STEWARDS LANE,SUTTON,ELY,EAST CAMBRIDGESHIRE,CAMBRIDGESHIRE,Standard,Addition,52.3872900000,0.1235310000
131950,2006-12-13 00:00:00Z,CB6 2RF,Terraced,Established,Freehold,16,,GARDEN CLOSE,SUTTON,ELY,EAST CAMBRIDGESHIRE,CAMBRIDGESHIRE,Standard,Addition,52.3871140000,0.1273290000
120000,2006-08-07 00:00:00Z,CB6 2RS,Terraced,New Build,Freehold,38,,DARBYS YARD,SUTTON,ELY,EAST CAMBRIDGESHIRE,CAMBRIDGESHIRE,Standard,Addition,52.3898640000,0.1234190000
110000,2006-09-22 00:00:00Z,CB6 2RS,Flats/Maisonettes,New Build,Leasehold,28,,DARBYS YARD,SUTTON,ELY,EAST CAMBRIDGESHIRE,CAMBRIDGESHIRE,Standard,Addition,52.3898640000,0.1234190000
125000,2006-08-14 00:00:00Z,CB6 2RS,Terraced,New Build,Freehold,14,,DARBYS YARD,SUTTON,ELY,EAST CAMBRIDGESHIRE,CAMBRIDGESHIRE,Standard,Addition,52.3898640000,0.1234190000
140000,2006-09-29 00:00:00Z,CB6 2PY,Detached,Established,Freehold,4,,PRIORS COURT,SUTTON,ELY,EAST CAMBRIDGESHIRE,CAMBRIDGESHIRE,Standard,Addition,52.3899850000,0.1226900000
249950,2006-12-12 00:00:00Z,CB6 2PQ,Detached,Established,Freehold,29,,THE SOUTHERNS,SUTTON,ELY,EAST CAMBRIDGESHIRE,CAMBRIDGESHIRE,Standard,Addition,52.3867420000,0.1204780000
195000,2006-04-21 00:00:00Z,CB6 2PR,Terraced,Established,Freehold,22,,POUND LANE,SUTTON,ELY,EAST CAMBRIDGESHIRE,CAMBRIDGESHIRE,Standard,Addition,52.3894480000,0.1219690000
95000,2006-02-06 00:00:00Z,CB6 2RE,Detached,Established,Freehold,THE LAWNS,,LAWN LANE,SUTTON,ELY,EAST CAMBRIDGESHIRE,CAMBRIDGESHIRE,Standard,Addition,52.3873970000,0.1261080000
120000,2006-12-01 00:00:00Z,CB6 2RS,Terraced,New Build,Freehold,42,,DARBYS YARD,SUTTON,ELY,EAST CAMBRIDGESHIRE,CAMBRIDGESHIRE,Standard,Addition,52.3898640000,0.1234190000
183000,2006-06-30 00:00:00Z,CB6 2NF,Detached,Established,Freehold,9,,LINK LANE,SUTTON,ELY,EAST CAMBRIDGESHIRE,CAMBRIDGESHIRE,Standard,Addition,52.3865550000,0.1233930000
172500,2006-10-20 00:00:00Z,CB6 2NF,Detached,Established,Freehold,4,,LINK LANE,SUTTON,ELY,EAST CAMBRIDGESHIRE,CAMBRIDGESHIRE,Standard,Addition,52.3865550000,0.1233930000
125000,2006-08-11 00:00:00Z,CB6 2RS,Terraced,New Build,Freehold,18,,DARBYS YARD,SUTTON,ELY,EAST CAMBRIDGESHIRE,CAMBRIDGESHIRE,Standard,Addition,52.3898640000,0.1234190000
196500,2006-09-11 00:00:00Z,CB6 2RB,Detached,Established,Freehold,36,,HIGH STREET,SUTTON,ELY,EAST CAMBRIDGESHIRE,CAMBRIDGESHIRE,Standard,Addition,52.3890020000,0.1241690000
125000,2006-09-01 00:00:00Z,CB6 2RS,Terraced,New Build,Freehold,44,,DARBYS YARD,SUTTON,ELY,EAST CAMBRIDGESHIRE,CAMBRIDGESHIRE,Standard,Addition,52.3898640000,0.1234190000
124995,2007-01-12 00:00:00Z,CB6 2RS,Terraced,New Build,Freehold,5,,DARBYS YARD,SUTTON,ELY,EAST CAMBRIDGESHIRE,CAMBRIDGESHIRE,Standard,Addition,52.3898640000,0.1234190000
142000,2007-09-21 00:00:00Z,CB6 2NH,Semi-Detached,Established,Freehold,58,,WINDMILL WALK,SUTTON,ELY,EAST CAMBRIDGESHIRE,CAMBRIDGESHIRE,Standard,Addition,52.3872690000,0.1247200000
127500,2007-01-16 00:00:00Z,CB6 2NH,Semi-Detached,Established,Freehold,40,,WINDMILL WALK,SUTTON,ELY,EAST CAMBRIDGESHIRE,CAMBRIDGESHIRE,Standard,Addition,52.3872690000,0.1247200000
197500,2007-06-18 00:00:00Z,CB6 2NE,Detached,Established,Freehold,18,,RED LION LANE,SUTTON,ELY,EAST CAMBRIDGESHIRE,CAMBRIDGESHIRE,Standard,Addition,52.3872700000,0.1215410000
129000,2007-06-15 00:00:00Z,CB6 2NH,Semi-Detached,Established,Freehold,32,,WINDMILL WALK,SUTTON,ELY,EAST CAMBRIDGESHIRE,CAMBRIDGESHIRE,Standard,Addition,52.3872690000,0.1247200000
182000,2007-06-01 00:00:00Z,CB6 2RE,Detached,Established,Freehold,31,,LAWN LANE,SUTTON,ELY,EAST CAMBRIDGESHIRE,CAMBRIDGESHIRE,Standard,Addition,52.3873970000,0.1261080000
299950,2007-06-21 00:00:00Z,CB6 2RB,Detached,Established,Freehold,MILTON LODGE,,HIGH STREET,SUTTON,ELY,EAST CAMBRIDGESHIRE,CAMBRIDGESHIRE,Standard,Addition,52.3890020000,0.1241690000
225000,2007-09-27 00:00:00Z,CB6 2RX,Detached,New Build,Freehold,6,,PIPPIN CLOSE,SUTTON,ELY,EAST CAMBRIDGESHIRE,CAMBRIDGESHIRE,Standard,Addition,52.3881400000,0.1267460000
203000,2007-04-13 00:00:00Z,CB6 2PQ,Detached,Established,Freehold,15,,THE SOUTHERNS,SUTTON,ELY,EAST CAMBRIDGESHIRE,CAMBRIDGESHIRE,Standard,Addition,52.3867420000,0.1204780000
173500,2007-05-14 00:00:00Z,CB6 2RX,Detached,New Build,Freehold,9,,PIPPIN CLOSE,SUTTON,ELY,EAST CAMBRIDGESHIRE,CAMBRIDGESHIRE,Standard,Addition,52.3881400000,0.1267460000
130000,2007-03-26 00:00:00Z,CB6 2NH,Terraced,Established,Freehold,24,,WINDMILL WALK,SUTTON,ELY,EAST CAMBRIDGESHIRE,CAMBRIDGESHIRE,Standard,Addition,52.3872690000,0.1247200000
173000,2007-03-14 00:00:00Z,CB6 2RX,Detached,New Build,Freehold,4,,PIPPIN CLOSE,SUTTON,ELY,EAST CAMBRIDGESHIRE,CAMBRIDGESHIRE,Standard,Addition,52.3881400000,0.1267460000
155500,2007-04-13 00:00:00Z,CB6 2NQ,Semi-Detached,Established,Freehold,3,,STEWARDS CLOSE,SUTTON,ELY,EAST CAMBRIDGESHIRE,CAMBRIDGESHIRE,Standard,Addition,52.3878320000,0.1221600000
150000,2007-06-14 00:00:00Z,CB6 2RF,Terraced,Established,Freehold,26,,GARDEN CLOSE,SUTTON,ELY,EAST CAMBRIDGESHIRE,CAMBRIDGESHIRE,Standard,Addition,52.3871140000,0.1273290000
380000,2007-08-22 00:00:00Z,CB6 2PR,Detached,Established,Freehold,"GARDEN LODGE, 5",,POUND LANE,SUTTON,ELY,EAST CAMBRIDGESHIRE,CAMBRIDGESHIRE,Standard,Addition,52.3894480000,0.1219690000
138500,2007-01-19 00:00:00Z,CB6 2NH,Semi-Detached,Established,Freehold,15,,WINDMILL WALK,SUTTON,ELY,EAST CAMBRIDGESHIRE,CAMBRIDGESHIRE,Standard,Addition,52.3872690000,0.1247200000
129000,2007-11-30 00:00:00Z,CB6 2NH,Terraced,Established,Freehold,19,,WINDMILL WALK,SUTTON,ELY,EAST CAMBRIDGESHIRE,CAMBRIDGESHIRE,Standard,Addition,52.3872690000,0.1247200000
124950,2007-06-28 00:00:00Z,CB6 2RS,Flats/Maisonettes,Established,Leasehold,20,,DARBYS YARD,SUTTON,ELY,EAST CAMBRIDGESHIRE,CAMBRIDGESHIRE,Standard,Addition,52.3898640000,0.1234190000
139995,2007-03-26 00:00:00Z,CB6 2RS,Terraced,Established,Freehold,40,,DARBYS YARD,SUTTON,ELY,EAST CAMBRIDGESHIRE,CAMBRIDGESHIRE,Standard,Addition,52.3898640000,0.1234190000
275000,2007-03-30 00:00:00Z,CB6 2RE,Detached,Established,Freehold,21,,LAWN LANE,SUTTON,ELY,EAST CAMBRIDGESHIRE,CAMBRIDGESHIRE,Standard,Addition,52.3873970000,0.1261080000
300000,2007-05-22 00:00:00Z,CB6 2RG,Detached,Established,Freehold,7,,OATES LANE,SUTTON,ELY,EAST CAMBRIDGESHIRE,CAMBRIDGESHIRE,Standard,Addition,52.3886460000,0.1266240000
124999,2007-10-05 00:00:00Z,CB6 2NA,Flats/Maisonettes,Established,Freehold,1,,NORWICH COURT,SUTTON,ELY,EAST CAMBRIDGESHIRE,CAMBRIDGESHIRE,Standard,Addition,52.3878720000,0.1236770000
155000,2007-06-25 00:00:00Z,CB6 2NH,Semi-Detached,Established,Freehold,47,,WINDMILL WALK,SUTTON,ELY,EAST CAMBRIDGESHIRE,CAMBRIDGESHIRE,Standard,Addition,52.3872690000,0.1247200000
319500,2007-05-01 00:00:00Z,CB6 2RA,Semi-Detached,Established,Freehold,54,,HIGH STREET,SUTTON,ELY,EAST CAMBRIDGESHIRE,CAMBRIDGESHIRE,Standard,Addition,52.3883660000,0.1216930000
130000,2007-08-03 00:00:00Z,CB6 2RS,Flats/Maisonettes,New Build,Leasehold,30,,DARBYS YARD,SUTTON,ELY,EAST CAMBRIDGESHIRE,CAMBRIDGESHIRE,Standard,Addition,52.3898640000,0.1234190000
132500,2007-05-25 00:00:00Z,CB6 2NH,Terraced,Established,Freehold,10,,WINDMILL WALK,SUTTON,ELY,EAST CAMBRIDGESHIRE,CAMBRIDGESHIRE,Standard,Addition,52.3872690000,0.1247200000
249950,2007-11-27 00:00:00Z,CB6 2NF,Semi-Detached,Established,Freehold,2,,LINK LANE,SUTTON,ELY,EAST CAMBRIDGESHIRE,CAMBRIDGESHIRE,Standard,Addition,52.3865550000,0.1233930000
210000,2007-05-18 00:00:00Z,CB6 2RX,Detached,New Build,Freehold,3,,PIPPIN CLOSE,SUTTON,ELY,EAST CAMBRIDGESHIRE,CAMBRIDGESHIRE,Standard,Addition,52.3881400000,0.1267460000
128000,2007-08-16 00:00:00Z,CB6 2RS,Flats/Maisonettes,New Build,Leasehold,26,,DARBYS YARD,SUTTON,ELY,EAST CAMBRIDGESHIRE,CAMBRIDGESHIRE,Standard,Addition,52.3898640000,0.1234190000
139950,2007-07-06 00:00:00Z,CB6 2RF,Semi-Detached,Established,Freehold,10,,GARDEN CLOSE,SUTTON,ELY,EAST CAMBRIDGESHIRE,CAMBRIDGESHIRE,Standard,Addition,52.3871140000,0.1273290000
417000,2007-01-31 00:00:00Z,CB6 2RB,Detached,Established,Freehold,1,,HIGH STREET,SUTTON,ELY,EAST CAMBRIDGESHIRE,CAMBRIDGESHIRE,Standard,Addition,52.3890020000,0.1241690000
140000,2007-09-05 00:00:00Z,CB6 2RS,Detached,Established,Freehold,32,,DARBYS YARD,SUTTON,ELY,EAST CAMBRIDGESHIRE,CAMBRIDGESHIRE,Standard,Addition,52.3898640000,0.1234190000
152000,2007-10-10 00:00:00Z,CB6 2RR,Terraced,Established,Freehold,8,,FAIRFIELD,SUTTON,ELY,EAST CAMBRIDGESHIRE,CAMBRIDGESHIRE,Standard,Addition,52.3899150000,0.1245540000
162000,2007-12-21 00:00:00Z,CB6 2RG,Semi-Detached,Established,Freehold,6,,OATES LANE,SUTTON,ELY,EAST CAMBRIDGESHIRE,CAMBRIDGESHIRE,Standard,Addition,52.3886460000,0.1266240000
243500,2007-07-27 00:00:00Z,CB6 2NL,Detached,Established,Freehold,79,,HIGH STREET,SUTTON,ELY,EAST CAMBRIDGESHIRE,CAMBRIDGESHIRE,Standard,Addition,52.3882570000,0.1201630000
179950,2007-09-28 00:00:00Z,CB6 2RX,Detached,New Build,Freehold,1,,PIPPIN CLOSE,SUTTON,ELY,EAST CAMBRIDGESHIRE,CAMBRIDGESHIRE,Standard,Addition,52.3881400000,0.1267460000
202000,2007-01-31 00:00:00Z,CB6 2NE,Detached,Established,Freehold,18,,RED LION LANE,SUTTON,ELY,EAST CAMBRIDGESHIRE,CAMBRIDGESHIRE,Standard,Addition,52.3872700000,0.1215410000
165000,2007-01-19 00:00:00Z,CB6 2NQ,Semi-Detached,Established,Freehold,12,,STEWARDS CLOSE,SUTTON,ELY,EAST CAMBRIDGESHIRE,CAMBRIDGESHIRE,Standard,Addition,52.3878320000,0.1221600000
140000,2007-07-19 00:00:00Z,CB6 2PR,Semi-Detached,Established,Freehold,42,,POUND LANE,SUTTON,ELY,EAST CAMBRIDGESHIRE,CAMBRIDGESHIRE,Standard,Addition,52.3894480000,0.1219690000
136000,2007-12-06 00:00:00Z,CB6 2NH,Terraced,Established,Freehold,26,,WINDMILL WALK,SUTTON,ELY,EAST CAMBRIDGESHIRE,CAMBRIDGESHIRE,Standard,Addition,52.3872690000,0.1247200000
137950,2007-05-30 00:00:00Z,CB6 2PY,Detached,Established,Freehold,1,,PRIORS COURT,SUTTON,ELY,EAST CAMBRIDGESHIRE,CAMBRIDGESHIRE,Standard,Addition,52.3899850000,0.1226900000
174950,2007-05-25 00:00:00Z,CB6 2PQ,Semi-Detached,Established,Freehold,19,,THE SOUTHERNS,SUTTON,ELY,EAST CAMBRIDGESHIRE,CAMBRIDGESHIRE,Standard,Addition,52.3867420000,0.1204780000
135000,2008-12-04 00:00:00Z,CB6 2RB,Semi-Detached,Established,Freehold,22F,,HIGH STREET,SUTTON,ELY,EAST CAMBRIDGESHIRE,CAMBRIDGESHIRE,Standard,Addition,52.3890020000,0.1241690000
128000,2008-11-07 00:00:00Z,CB6 2RG,Semi-Detached,Established,Freehold,2,,OATES LANE,SUTTON,ELY,EAST CAMBRIDGESHIRE,CAMBRIDGESHIRE,Standard,Addition,52.3886460000,0.1266240000
145000,2008-09-25 00:00:00Z,CB6 2RE,Detached,Established,Freehold,29,,LAWN LANE,SUTTON,ELY,EAST CAMBRIDGESHIRE,CAMBRIDGESHIRE,Standard,Addition,52.3873970000,0.1261080000
70000,2008-09-11 00:00:00Z,CB6 2NE,Detached,New Build,Freehold,5,,RED LION LANE,SUTTON,ELY,EAST CAMBRIDGESHIRE,CAMBRIDGESHIRE,Standard,Addition,52.3872700000,0.1215410000
220000,2008-10-30 00:00:00Z,CB6 2PQ,Detached,Established,Freehold,20,,THE SOUTHERNS,SUTTON,ELY,EAST CAMBRIDGESHIRE,CAMBRIDGESHIRE,Standard,Addition,52.3867420000,0.1204780000
144950,2008-03-28 00:00:00Z,CB6 2NH,Terraced,Established,Freehold,22,,WINDMILL WALK,SUTTON,ELY,EAST CAMBRIDGESHIRE,CAMBRIDGESHIRE,Standard,Addition,52.3872690000,0.1247200000
155000,2008-05-02 00:00:00Z,CB6 2NQ,Semi-Detached,Established,Freehold,11,,STEWARDS CLOSE,SUTTON,ELY,EAST CAMBRIDGESHIRE,CAMBRIDGESHIRE,Standard,Addition,52.3878320000,0.1221600000
167950,2008-09-12 00:00:00Z,CB6 2NE,Detached,Established,Freehold,5,,RED LION LANE,SUTTON,ELY,EAST CAMBRIDGESHIRE,CAMBRIDGESHIRE,Standard,Addition,52.3872700000,0.1215410000
250000,2008-05-16 00:00:00Z,CB6 2RB,Detached,Established,Freehold,12,,HIGH STREET,SUTTON,ELY,EAST CAMBRIDGESHIRE,CAMBRIDGESHIRE,Standard,Addition,52.3890020000,0.1241690000
168500,2008-04-29 00:00:00Z,CB6 2NH,Semi-Detached,Established,Freehold,1,,WINDMILL WALK,SUTTON,ELY,EAST CAMBRIDGESHIRE,CAMBRIDGESHIRE,Standard,Addition,52.3872690000,0.1247200000
146000,2008-06-23 00:00:00Z,CB6 2RE,Terraced,Established,Freehold,23,,LAWN LANE,SUTTON,ELY,EAST CAMBRIDGESHIRE,CAMBRIDGESHIRE,Standard,Addition,52.3873970000,0.1261080000
121000,2008-09-17 00:00:00Z,CB6 2NH,Terraced,Established,Freehold,9,,WINDMILL WALK,SUTTON,ELY,EAST CAMBRIDGESHIRE,CAMBRIDGESHIRE,Standard,Addition,52.3872690000,0.1247200000
217500,2008-05-22 00:00:00Z,CB6 2RD,Detached,Established,Freehold,3,,WINDMILL LANE,SUTTON,ELY,EAST CAMBRIDGESHIRE,CAMBRIDGESHIRE,Standard,Addition,52.3881600000,0.1241310000
195000,2008-09-19 00:00:00Z,CB6 2RB,Terraced,Established,Freehold,22A,,HIGH STREET,SUTTON,ELY,EAST CAMBRIDGESHIRE,CAMBRIDGESHIRE,Standard,Addition,52.3890020000,0.1241690000
162500,2008-08-11 00:00:00Z,CB6 2RE,Semi-Detached,Established,Freehold,30A,,LAWN LANE,SUTTON,ELY,EAST CAMBRIDGESHIRE,CAMBRIDGESHIRE,Standard,Addition,52.3873970000,0.1261080000
123000,2008-02-01 00:00:00Z,CB6 2NH,Terraced,Established,Freehold,49,,WINDMILL WALK,SUTTON,ELY,EAST CAMBRIDGESHIRE,CAMBRIDGESHIRE,Standard,Addition,52.3872690000,0.1247200000
71000,2008-09-01 00:00:00Z,CB6 2RS,Terraced,Established,Leasehold,60,,DARBYS YARD,SUTTON,ELY,EAST CAMBRIDGESHIRE,CAMBRIDGESHIRE,Standard,Addition,52.3898640000,0.1234190000
164000,2009-04-01 00:00:00Z,CB6 2RX,Detached,Established,Freehold,1,,PIPPIN CLOSE,SUTTON,ELY,EAST CAMBRIDGESHIRE,CAMBRIDGESHIRE,Standard,Addition,52.3881400000,0.1267460000
250000,2009-07-24 00:00:00Z,CB6 2PR,Detached,Established,Freehold,4,,POUND LANE,SUTTON,ELY,EAST CAMBRIDGESHIRE,CAMBRIDGESHIRE,Standard,Addition,52.3894480000,0.1219690000
210500,2009-04-02 00:00:00Z,CB6 2RB,Detached,Established,Freehold,36,,HIGH STREET,SUTTON,ELY,EAST CAMBRIDGESHIRE,CAMBRIDGESHIRE,Standard,Addition,52.3890020000,0.1241690000
98000,2009-04-07 00:00:00Z,CB6 2RS,Flats/Maisonettes,Established,Leasehold,24,,DARBYS YARD,SUTTON,ELY,EAST CAMBRIDGESHIRE,CAMBRIDGESHIRE,Standard,Addition,52.3898640000,0.1234190000
230000,2009-03-31 00:00:00Z,CB6 2NL,Detached,Established,Freehold,73,,HIGH STREET,SUTTON,ELY,EAST CAMBRIDGESHIRE,CAMBRIDGESHIRE,Standard,Addition,52.3882570000,0.1201630000
140000,2009-07-24 00:00:00Z,CB6 2PY,Detached,Established,Freehold,4,,PRIORS COURT,SUTTON,ELY,EAST CAMBRIDGESHIRE,CAMBRIDGESHIRE,Standard,Addition,52.3899850000,0.1226900000
205000,2009-10-22 00:00:00Z,CB6 2PQ,Detached,Established,Freehold,15,,THE SOUTHERNS,SUTTON,ELY,EAST CAMBRIDGESHIRE,CAMBRIDGESHIRE,Standard,Addition,52.3867420000,0.1204780000
190000,2009-04-01 00:00:00Z,CB6 2RE,Detached,Established,Freehold,2,,LAWN LANE,SUTTON,ELY,EAST CAMBRIDGESHIRE,CAMBRIDGESHIRE,Standard,Addition,52.3873970000,0.1261080000
135000,2009-12-18 00:00:00Z,CB6 2RS,Terraced,Established,Freehold,54,,DARBYS YARD,SUTTON,ELY,EAST CAMBRIDGESHIRE,CAMBRIDGESHIRE,Standard,Addition,52.3898640000,0.1234190000
173000,2009-07-09 00:00:00Z,CB6 2NF,Detached,Established,Freehold,4,,LINK LANE,SUTTON,ELY,EAST CAMBRIDGESHIRE,CAMBRIDGESHIRE,Standard,Addition,52.3865550000,0.1233930000
223000,2009-06-26 00:00:00Z,CB6 2RB,Detached,Established,Freehold,28,,HIGH STREET,SUTTON,ELY,EAST CAMBRIDGESHIRE,CAMBRIDGESHIRE,Standard,Addition,52.3890020000,0.1241690000
124000,2009-12-01 00:00:00Z,CB6 2RR,Semi-Detached,Established,Freehold,7,,FAIRFIELD,SUTTON,ELY,EAST CAMBRIDGESHIRE,CAMBRIDGESHIRE,Standard,Addition,52.3899150000,0.1245540000
129000,2009-12-17 00:00:00Z,CB6 2RS,Terraced,Established,Freehold,42,,DARBYS YARD,SUTTON,ELY,EAST CAMBRIDGESHIRE,CAMBRIDGESHIRE,Standard,Addition,52.3898640000,0.1234190000
199950,2009-11-13 00:00:00Z,CB6 2RR,Terraced,Established,Freehold,11,,FAIRFIELD,SUTTON,ELY,EAST CAMBRIDGESHIRE,CAMBRIDGESHIRE,Standard,Addition,52.3899150000,0.1245540000
160000,2009-08-13 00:00:00Z,CB6 2RB,Detached,Established,Freehold,21,,HIGH STREET,SUTTON,ELY,EAST CAMBRIDGESHIRE,CAMBRIDGESHIRE,Standard,Addition,52.3890020000,0.1241690000
124500,2009-08-28 00:00:00Z,CB6 2NH,Semi-Detached,Established,Freehold,31,,WINDMILL WALK,SUTTON,ELY,EAST CAMBRIDGESHIRE,CAMBRIDGESHIRE,Standard,Addition,52.3872690000,0.1247200000
155000,2009-10-09 00:00:00Z,CB6 2RB,Semi-Detached,Established,Freehold,31B,,HIGH STREET,SUTTON,ELY,EAST CAMBRIDGESHIRE,CAMBRIDGESHIRE,Standard,Addition,52.3890020000,0.1241690000
163000,2009-06-05 00:00:00Z,CB6 2RF,Terraced,Established,Freehold,11,,GARDEN CLOSE,SUTTON,ELY,EAST CAMBRIDGESHIRE,CAMBRIDGESHIRE,Standard,Addition,52.3871140000,0.1273290000
130000,2009-07-14 00:00:00Z,CB6 2RB,Semi-Detached,Established,Freehold,22D,,HIGH STREET,SUTTON,ELY,EAST CAMBRIDGESHIRE,CAMBRIDGESHIRE,Standard,Addition,52.3890020000,0.1241690000
120000,2009-04-21 00:00:00Z,CB6 2NF,Detached,Established,Freehold,7,,LINK LANE,SUTTON,ELY,EAST CAMBRIDGESHIRE,CAMBRIDGESHIRE,Standard,Addition,52.3865550000,0.1233930000
133000,2009-06-30 00:00:00Z,CB6 2RE,Semi-Detached,Established,Freehold,42,,LAWN LANE,SUTTON,ELY,EAST CAMBRIDGESHIRE,CAMBRIDGESHIRE,Standard,Addition,52.3873970000,0.1261080000
152500,2009-09-24 00:00:00Z,CB6 2RB,Detached,Established,Freehold,11,,HIGH STREET,SUTTON,ELY,EAST CAMBRIDGESHIRE,CAMBRIDGESHIRE,Standard,Addition,52.3890020000,0.1241690000
240000,2010-03-25 00:00:00Z,CB6 2PQ,Detached,Established,Freehold,27,,THE SOUTHERNS,SUTTON,ELY,EAST CAMBRIDGESHIRE,CAMBRIDGESHIRE,Standard,Addition,52.3867420000,0.1204780000
190000,2010-04-16 00:00:00Z,CB6 2RA,Terraced,Established,Freehold,50,,HIGH STREET,SUTTON,ELY,EAST CAMBRIDGESHIRE,CAMBRIDGESHIRE,Standard,Addition,52.3883660000,0.1216930000
205000,2010-12-08 00:00:00Z,CB6 2NE,Detached,Established,Freehold,20,,RED LION LANE,SUTTON,ELY,EAST CAMBRIDGESHIRE,CAMBRIDGESHIRE,Standard,Addition,52.3872700000,0.1215410000
131000,2010-02-19 00:00:00Z,CB6 2NH,Semi-Detached,Established,Freehold,30,,WINDMILL WALK,SUTTON,ELY,EAST CAMBRIDGESHIRE,CAMBRIDGESHIRE,Standard,Addition,52.3872690000,0.1247200000
130500,2010-05-14 00:00:00Z,CB6 2NH,Terraced,Established,Freehold,50,,WINDMILL WALK,SUTTON,ELY,EAST CAMBRIDGESHIRE,CAMBRIDGESHIRE,Standard,Addition,52.3872690000,0.1247200000
130000,2010-12-15 00:00:00Z,CB6 2NQ,Semi-Detached,Established,Freehold,1,,STEWARDS CLOSE,SUTTON,ELY,EAST CAMBRIDGESHIRE,CAMBRIDGESHIRE,Standard,Addition,52.3878320000,0.1221600000
217500,2010-08-10 00:00:00Z,CB6 2PQ,Detached,Established,Freehold,23,,THE SOUTHERNS,SUTTON,ELY,EAST CAMBRIDGESHIRE,CAMBRIDGESHIRE,Standard,Addition,52.3867420000,0.1204780000
155000,2010-03-31 00:00:00Z,CB6 2RR,Semi-Detached,Established,Freehold,2,,FAIRFIELD,SUTTON,ELY,EAST CAMBRIDGESHIRE,CAMBRIDGESHIRE,Standard,Addition,52.3899150000,0.1245540000
125000,2010-07-02 00:00:00Z,CB6 2PR,Semi-Detached,Established,Freehold,32,,POUND LANE,SUTTON,ELY,EAST CAMBRIDGESHIRE,CAMBRIDGESHIRE,Standard,Addition,52.3894480000,0.1219690000
123000,2010-11-22 00:00:00Z,CB6 2NH,Semi-Detached,Established,Freehold,40,,WINDMILL WALK,SUTTON,ELY,EAST CAMBRIDGESHIRE,CAMBRIDGESHIRE,Standard,Addition,52.3872690000,0.1247200000
122000,2010-08-24 00:00:00Z,CB6 2NH,Terraced,Established,Freehold,7,,WINDMILL WALK,SUTTON,ELY,EAST CAMBRIDGESHIRE,CAMBRIDGESHIRE,Standard,Addition,52.3872690000,0.1247200000
380000,2010-07-23 00:00:00Z,CB6 2RL,Detached,Established,Freehold,"KEYLL CHIARNYS, 3",,STATION ROAD,SUTTON,ELY,EAST CAMBRIDGESHIRE,CAMBRIDGESHIRE,Standard,Addition,52.3892770000,0.1289710000
173000,2010-05-05 00:00:00Z,CB6 2PQ,Detached,Established,Freehold,18,,THE SOUTHERNS,SUTTON,ELY,EAST CAMBRIDGESHIRE,CAMBRIDGESHIRE,Standard,Addition,52.3867420000,0.1204780000
128000,2010-07-16 00:00:00Z,CB6 2NH,Terraced,Established,Freehold,52,,WINDMILL WALK,SUTTON,ELY,EAST CAMBRIDGESHIRE,CAMBRIDGESHIRE,Standard,Addition,52.3872690000,0.1247200000
144000,2011-01-28 00:00:00Z,CB6 2NQ,Semi-Detached,Established,Freehold,5,,STEWARDS CLOSE,SUTTON,ELY,EAST CAMBRIDGESHIRE,CAMBRIDGESHIRE,Standard,Addition,52.3878320000,0.1221600000
220000,2011-09-19 00:00:00Z,CB6 2RE,Detached,Established,Freehold,18,,LAWN LANE,SUTTON,ELY,EAST CAMBRIDGESHIRE,CAMBRIDGESHIRE,Standard,Addition,52.3873970000,0.1261080000
189000,2011-12-16 00:00:00Z,CB6 2RB,Terraced,Established,Freehold,22A,,HIGH STREET,SUTTON,ELY,EAST CAMBRIDGESHIRE,CAMBRIDGESHIRE,Standard,Addition,52.3890020000,0.1241690000
192500,2011-12-22 00:00:00Z,CB6 2RD,Detached,New Build,Freehold,5,,WINDMILL LANE,SUTTON,ELY,EAST CAMBRIDGESHIRE,CAMBRIDGESHIRE,Standard,Addition,52.3881600000,0.1241310000
321000,2011-02-28 00:00:00Z,CB6 2RB,Detached,Established,Freehold,6,,HIGH STREET,SUTTON,ELY,EAST CAMBRIDGESHIRE,CAMBRIDGESHIRE,Standard,Addition,52.3890020000,0.1241690000
300000,2011-06-22 00:00:00Z,CB6 2RH,Detached,Established,Freehold,5,,EASTWOOD CLOSE,SUTTON,ELY,EAST CAMBRIDGESHIRE,CAMBRIDGESHIRE,Standard,Addition,52.3899740000,0.1277750000
245000,2011-05-27 00:00:00Z,CB6 2NL,Detached,Established,Freehold,65A,,HIGH STREET,SUTTON,ELY,EAST CAMBRIDGESHIRE,CAMBRIDGESHIRE,Standard,Addition,52.3882570000,0.1201630000
144000,2011-12-12 00:00:00Z,CB6 2NH,Semi-Detached,Established,Freehold,47,,WINDMILL WALK,SUTTON,ELY,EAST CAMBRIDGESHIRE,CAMBRIDGESHIRE,Standard,Addition,52.3872690000,0.1247200000
228950,2011-08-19 00:00:00Z,CB6 2NA,Semi-Detached,Established,Freehold,4,,NORWICH COURT,SUTTON,ELY,EAST CAMBRIDGESHIRE,CAMBRIDGESHIRE,Standard,Addition,52.3878720000,0.1236770000
155000,2011-06-13 00:00:00Z,CB6 2NA,Semi-Detached,Established,Freehold,3,,NORWICH COURT,SUTTON,ELY,EAST CAMBRIDGESHIRE,CAMBRIDGESHIRE,Standard,Addition,52.3878720000,0.1236770000
157500,2011-11-14 00:00:00Z,CB6 2RE,Detached,Established,Freehold,17,,LAWN LANE,SUTTON,ELY,EAST CAMBRIDGESHIRE,CAMBRIDGESHIRE,Standard,Addition,52.3873970000,0.1261080000
141000,2011-09-23 00:00:00Z,CB6 2PY,Detached,Established,Freehold,4,,PRIORS COURT,SUTTON,ELY,EAST CAMBRIDGESHIRE,CAMBRIDGESHIRE,Standard,Addition,52.3899850000,0.1226900000
215000,2011-11-08 00:00:00Z,CB6 2RX,Detached,Established,Freehold,5,,PIPPIN CLOSE,SUTTON,ELY,EAST CAMBRIDGESHIRE,CAMBRIDGESHIRE,Standard,Addition,52.3881400000,0.1267460000
189950,2011-12-21 00:00:00Z,CB6 2RB,Detached,Established,Freehold,11,,HIGH STREET,SUTTON,ELY,EAST CAMBRIDGESHIRE,CAMBRIDGESHIRE,Standard,Addition,52.3890020000,0.1241690000
165000,2012-11-15 00:00:00Z,CB6 2NF,Detached,Established,Freehold,3,,LINK LANE,SUTTON,ELY,EAST CAMBRIDGESHIRE,CAMBRIDGESHIRE,Standard,Addition,52.3865550000,0.1233930000
143000,2012-01-26 00:00:00Z,CB6 2PR,Semi-Detached,Established,Freehold,44,,POUND LANE,SUTTON,ELY,EAST CAMBRIDGESHIRE,CAMBRIDGESHIRE,Standard,Addition,52.3894480000,0.1219690000
117000,2012-03-26 00:00:00Z,CB6 2RS,Terraced,Established,Freehold,18,,DARBYS YARD,SUTTON,ELY,EAST CAMBRIDGESHIRE,CAMBRIDGESHIRE,Standard,Addition,52.3898640000,0.1234190000
131000,2012-06-15 00:00:00Z,CB6 2RS,Terraced,Established,Freehold,36,,DARBYS YARD,SUTTON,ELY,EAST CAMBRIDGESHIRE,CAMBRIDGESHIRE,Standard,Addition,52.3898640000,0.1234190000
167550,2012-06-26 00:00:00Z,CB6 2RF,Semi-Detached,Established,Freehold,36,,GARDEN CLOSE,SUTTON,ELY,EAST CAMBRIDGESHIRE,CAMBRIDGESHIRE,Standard,Addition,52.3871140000,0.1273290000
146000,2012-08-13 00:00:00Z,CB6 2NE,Detached,Established,Freehold,15,,RED LION LANE,SUTTON,ELY,EAST CAMBRIDGESHIRE,CAMBRIDGESHIRE,Standard,Addition,52.3872700000,0.1215410000
153000,2012-11-23 00:00:00Z,CB6 2PQ,Semi-Detached,Established,Freehold,10,,THE SOUTHERNS,SUTTON,ELY,EAST CAMBRIDGESHIRE,CAMBRIDGESHIRE,Standard,Addition,52.3867420000,0.1204780000
62500,2012-01-25 00:00:00Z,CB6 2RS,Terraced,Established,Leasehold,74,,DARBYS YARD,SUTTON,ELY,EAST CAMBRIDGESHIRE,CAMBRIDGESHIRE,Standard,Addition,52.3898640000,0.1234190000
234000,2012-06-15 00:00:00Z,CB6 2PR,Detached,Established,Freehold,24,,POUND LANE,SUTTON,ELY,EAST CAMBRIDGESHIRE,CAMBRIDGESHIRE,Standard,Addition,52.3894480000,0.1219690000
164950,2012-07-10 00:00:00Z,CB6 2NE,Detached,Established,Freehold,5,,RED LION LANE,SUTTON,ELY,EAST CAMBRIDGESHIRE,CAMBRIDGESHIRE,Standard,Addition,52.3872700000,0.1215410000
124000,2012-02-24 00:00:00Z,CB6 2RS,Terraced,Established,Freehold,44,,DARBYS YARD,SUTTON,ELY,EAST CAMBRIDGESHIRE,CAMBRIDGESHIRE,Standard,Addition,52.3898640000,0.1234190000
117500,2012-12-07 00:00:00Z,CB6 2NH,Semi-Detached,Established,Freehold,16,,WINDMILL WALK,SUTTON,ELY,EAST CAMBRIDGESHIRE,CAMBRIDGESHIRE,Standard,Addition,52.3872690000,0.1247200000
162000,2012-11-29 00:00:00Z,CB6 2PQ,Semi-Detached,Established,Freehold,17,,THE SOUTHERNS,SUTTON,ELY,EAST CAMBRIDGESHIRE,CAMBRIDGESHIRE,Standard,Addition,52.3867420000,0.1204780000
124000,2012-06-27 00:00:00Z,CB6 2RS,Terraced,Established,Freehold,16,,DARBYS YARD,SUTTON,ELY,EAST CAMBRIDGESHIRE,CAMBRIDGESHIRE,Standard,Addition,52.3898640000,0.1234190000
250000,2012-06-15 00:00:00Z,CB6 2NL,Detached,Established,Freehold,79,,HIGH STREET,SUTTON,ELY,EAST CAMBRIDGESHIRE,CAMBRIDGESHIRE,Standard,Addition,52.3882570000,0.1201630000
212000,2012-11-19 00:00:00Z,CB6 2RE,Detached,Established,Freehold,24,,LAWN LANE,SUTTON,ELY,EAST CAMBRIDGESHIRE,CAMBRIDGESHIRE,Standard,Addition,52.3873970000,0.1261080000
160000,2012-02-28 00:00:00Z,CB6 2RE,Detached,Established,Freehold,15,,LAWN LANE,SUTTON,ELY,EAST CAMBRIDGESHIRE,CAMBRIDGESHIRE,Standard,Addition,52.3873970000,0.1261080000
246000,2012-03-08 00:00:00Z,CB6 2PR,Detached,Established,Freehold,4,,POUND LANE,SUTTON,ELY,EAST CAMBRIDGESHIRE,CAMBRIDGESHIRE,Standard,Addition,52.3894480000,0.1219690000
237000,2012-01-09 00:00:00Z,CB6 2NG,Detached,Established,Freehold,15A,,STEWARDS LANE,SUTTON,ELY,EAST CAMBRIDGESHIRE,CAMBRIDGESHIRE,Standard,Addition,52.3872900000,0.1235310000
155000,2013-08-02 00:00:00Z,CB6 2RS,Terraced,Established,Freehold,12,,DARBYS YARD,SUTTON,ELY,EAST CAMBRIDGESHIRE,CAMBRIDGESHIRE,Standard,Addition,52.3898640000,0.1234190000
190000,2013-11-12 00:00:00Z,CB6 2NF,Detached,Established,Freehold,19,,LINK LANE,SUTTON,ELY,EAST CAMBRIDGESHIRE,CAMBRIDGESHIRE,Standard,Addition,52.3865550000,0.1233930000
210000,2013-01-15 00:00:00Z,CB6 2NL,Detached,Established,Freehold,63,,HIGH STREET,SUTTON,ELY,EAST CAMBRIDGESHIRE,CAMBRIDGESHIRE,Standard,Addition,52.3882570000,0.1201630000
262500,2013-03-01 00:00:00Z,CB6 2NL,Semi-Detached,Established,Freehold,70,,HIGH STREET,SUTTON,ELY,EAST CAMBRIDGESHIRE,CAMBRIDGESHIRE,Standard,Addition,52.3882570000,0.1201630000
90000,2013-11-15 00:00:00Z,CB6 2RL,Other,Established,Freehold,C P L DISTRIBUTION,,STATION ROAD,SUTTON,ELY,EAST CAMBRIDGESHIRE,CAMBRIDGESHIRE,Additional,Addition,52.3892770000,0.1289710000
247500,2013-10-25 00:00:00Z,CB6 2RD,Detached,Established,Freehold,3,,WINDMILL LANE,SUTTON,ELY,EAST CAMBRIDGESHIRE,CAMBRIDGESHIRE,Standard,Addition,52.3881600000,0.1241310000
151950,2013-12-11 00:00:00Z,CB6 2NQ,Semi-Detached,Established,Freehold,1,,STEWARDS CLOSE,SUTTON,ELY,EAST CAMBRIDGESHIRE,CAMBRIDGESHIRE,Standard,Addition,52.3878320000,0.1221600000
107000,2013-07-19 00:00:00Z,CB6 2NH,Terraced,Established,Freehold,26,,WINDMILL WALK,SUTTON,ELY,EAST CAMBRIDGESHIRE,CAMBRIDGESHIRE,Standard,Addition,52.3872690000,0.1247200000
249995,2013-06-03 00:00:00Z,CB6 2RB,Detached,Established,Freehold,12,,HIGH STREET,SUTTON,ELY,EAST CAMBRIDGESHIRE,CAMBRIDGESHIRE,Standard,Addition,52.3890020000,0.1241690000
120000,2013-11-15 00:00:00Z,CB6 2RS,Flats/Maisonettes,New Build,Freehold,34,,DARBYS YARD,SUTTON,ELY,EAST CAMBRIDGESHIRE,CAMBRIDGESHIRE,Standard,Addition,52.3898640000,0.1234190000
108500,2013-10-11 00:00:00Z,CB6 2RS,Flats/Maisonettes,Established,Leasehold,24,,DARBYS YARD,SUTTON,ELY,EAST CAMBRIDGESHIRE,CAMBRIDGESHIRE,Standard,Addition,52.3898640000,0.1234190000
115000,2013-07-11 00:00:00Z,CB6 2NH,Terraced,Established,Freehold,11,,WINDMILL WALK,SUTTON,ELY,EAST CAMBRIDGESHIRE,CAMBRIDGESHIRE,Standard,Addition,52.3872690000,0.1247200000
142000,2013-08-02 00:00:00Z,CB6 2RB,Semi-Detached,Established,Freehold,22F,,HIGH STREET,SUTTON,ELY,EAST CAMBRIDGESHIRE,CAMBRIDGESHIRE,Standard,Addition,52.3890020000,0.1241690000
165000,2013-07-05 00:00:00Z,CB6 2PQ,Semi-Detached,Established,Freehold,5,,THE SOUTHERNS,SUTTON,ELY,EAST CAMBRIDGESHIRE,CAMBRIDGESHIRE,Standard,Addition,52.3867420000,0.1204780000
165000,2013-12-05 00:00:00Z,CB6 2RE,Detached,Established,Freehold,27,,LAWN LANE,SUTTON,ELY,EAST CAMBRIDGESHIRE,CAMBRIDGESHIRE,Standard,Addition,52.3873970000,0.1261080000
138000,2013-07-12 00:00:00Z,CB6 2RS,Terraced,Established,Freehold,54,,DARBYS YARD,SUTTON,ELY,EAST CAMBRIDGESHIRE,CAMBRIDGESHIRE,Standard,Addition,52.3898640000,0.1234190000
197000,2013-12-16 00:00:00Z,CB6 2RE,Semi-Detached,Established,Freehold,34,,LAWN LANE,SUTTON,ELY,EAST CAMBRIDGESHIRE,CAMBRIDGESHIRE,Standard,Addition,52.3873970000,0.1261080000
262000,2013-12-13 00:00:00Z,CB6 2PQ,Detached,Established,Freehold,14,,THE SOUTHERNS,SUTTON,ELY,EAST CAMBRIDGESHIRE,CAMBRIDGESHIRE,Standard,Addition,52.3867420000,0.1204780000
142000,2013-07-05 00:00:00Z,CB6 2RB,Flats/Maisonettes,Established,Freehold,22D,,HIGH STREET,SUTTON,ELY,EAST CAMBRIDGESHIRE,CAMBRIDGESHIRE,Standard,Addition,52.3890020000,0.1241690000
235000,2013-07-05 00:00:00Z,CB6 2RR,Detached,Established,Freehold,3,,FAIRFIELD,SUTTON,ELY,EAST CAMBRIDGESHIRE,CAMBRIDGESHIRE,Standard,Addition,52.3899150000,0.1245540000
470000,2013-07-05 00:00:00Z,CB6 2RB,Semi-Detached,Established,Freehold,1,,HIGH STREET,SUTTON,ELY,EAST CAMBRIDGESHIRE,CAMBRIDGESHIRE,Standard,Addition,52.3890020000,0.1241690000
227000,2013-01-10 00:00:00Z,CB6 2RE,Detached,Established,Freehold,9,,LAWN LANE,SUTTON,ELY,EAST CAMBRIDGESHIRE,CAMBRIDGESHIRE,Standard,Addition,52.3873970000,0.1261080000
315000,2014-11-17 00:00:00Z,CB6 2NL,Detached,New Build,Freehold,75,,HIGH STREET,SUTTON,ELY,EAST CAMBRIDGESHIRE,CAMBRIDGESHIRE,Standard,Addition,52.3882570000,0.1201630000
175000,2014-10-13 00:00:00Z,CB6 2NF,Semi-Detached,Established,Freehold,37,,LINK LANE,SUTTON,ELY,EAST CAMBRIDGESHIRE,CAMBRIDGESHIRE,Standard,Addition,52.3865550000,0.1233930000
150000,2014-09-08 00:00:00Z,CB6 2NH,Semi-Detached,Established,Freehold,31,,WINDMILL WALK,SUTTON,ELY,EAST CAMBRIDGESHIRE,CAMBRIDGESHIRE,Standard,Addition,52.3872690000,0.1247200000
210000,2014-12-22 00:00:00Z,CB6 2RX,Detached,Established,Freehold,1,,PIPPIN CLOSE,SUTTON,ELY,EAST CAMBRIDGESHIRE,CAMBRIDGESHIRE,Standard,Addition,52.3881400000,0.1267460000
350000,2014-10-24 00:00:00Z,CB6 2NL,Terraced,Established,Freehold,71,,HIGH STREET,SUTTON,ELY,EAST CAMBRIDGESHIRE,CAMBRIDGESHIRE,Standard,Addition,52.3882570000,0.1201630000
310000,2014-12-15 00:00:00Z,CB6 2RB,Detached,Established,Freehold,29,,HIGH STREET,SUTTON,ELY,EAST CAMBRIDGESHIRE,CAMBRIDGESHIRE,Standard,Addition,52.3890020000,0.1241690000
141000,2014-06-16 00:00:00Z,CB6 2NH,Terraced,Established,Freehold,13,,WINDMILL WALK,SUTTON,ELY,EAST CAMBRIDGESHIRE,CAMBRIDGESHIRE,Standard,Addition,52.3872690000,0.1247200000
152950,2014-12-22 00:00:00Z,CB6 2RS,Terraced,Established,Freehold,6,,DARBYS YARD,SUTTON,ELY,EAST CAMBRIDGESHIRE,CAMBRIDGESHIRE,Standard,Addition,52.3898640000,0.1234190000
135000,2014-06-27 00:00:00Z,CB6 2RS,Flats/Maisonettes,Established,Leasehold,20,,DARBYS YARD,SUTTON,ELY,EAST CAMBRIDGESHIRE,CAMBRIDGESHIRE,Standard,Addition,52.3898640000,0.1234190000
292500,2014-05-06 00:00:00Z,CB6 2RE,Detached,Established,Freehold,21,,LAWN LANE,SUTTON,ELY,EAST CAMBRIDGESHIRE,CAMBRIDGESHIRE,Standard,Addition,52.3873970000,0.1261080000
125000,2014-02-13 00:00:00Z,CB6 2NA,Flats/Maisonettes,Established,Freehold,1,,NORWICH COURT,SUTTON,ELY,EAST CAMBRIDGESHIRE,CAMBRIDGESHIRE,Standard,Addition,52.3878720000,0.1236770000
175000,2014-03-10 00:00:00Z,CB6 2PQ,Semi-Detached,Established,Freehold,8,,THE SOUTHERNS,SUTTON,ELY,EAST CAMBRIDGESHIRE,CAMBRIDGESHIRE,Standard,Addition,52.3867420000,0.1204780000
230000,2014-08-14 00:00:00Z,CB6 2PR,Semi-Detached,Established,Freehold,40,,POUND LANE,SUTTON,ELY,EAST CAMBRIDGESHIRE,CAMBRIDGESHIRE,Standard,Addition,52.3894480000,0.1219690000
107000,2014-01-24 00:00:00Z,CB6 2RS,Terraced,Established,Freehold,2,,DARBYS YARD,SUTTON,ELY,EAST CAMBRIDGESHIRE,CAMBRIDGESHIRE,Standard,Addition,52.3898640000,0.1234190000
149950,2014-09-22 00:00:00Z,CB6 2RS,Terraced,Established,Freehold,48,,DARBYS YARD,SUTTON,ELY,EAST CAMBRIDGESHIRE,CAMBRIDGESHIRE,Standard,Addition,52.3898640000,0.1234190000
322500,2014-08-15 00:00:00Z,CB6 2PR,Detached,Established,Freehold,4,,POUND LANE,SUTTON,ELY,EAST CAMBRIDGESHIRE,CAMBRIDGESHIRE,Standard,Addition,52.3894480000,0.1219690000
192000,2014-12-12 00:00:00Z,CB6 2RE,Semi-Detached,Established,Freehold,44,,LAWN LANE,SUTTON,ELY,EAST CAMBRIDGESHIRE,CAMBRIDGESHIRE,Standard,Addition,52.3873970000,0.1261080000
130000,2014-02-10 00:00:00Z,CB6 2NH,Terraced,Established,Freehold,34,,WINDMILL WALK,SUTTON,ELY,EAST CAMBRIDGESHIRE,CAMBRIDGESHIRE,Standard,Addition,52.3872690000,0.1247200000
340000,2014-08-20 00:00:00Z,CB6 2RG,Detached,Established,Freehold,7,,OATES LANE,SUTTON,ELY,EAST CAMBRIDGESHIRE,CAMBRIDGESHIRE,Standard,Addition,52.3886460000,0.1266240000
291500,2014-07-24 00:00:00Z,CB6 2RH,Detached,Established,Freehold,1,,EASTWOOD CLOSE,SUTTON,ELY,EAST CAMBRIDGESHIRE,CAMBRIDGESHIRE,Standard,Addition,52.3899740000,0.1277750000
160000,2014-01-17 00:00:00Z,CB6 2PR,Detached,Established,Freehold,30,,POUND LANE,SUTTON,ELY,EAST CAMBRIDGESHIRE,CAMBRIDGESHIRE,Standard,Addition,52.3894480000,0.1219690000
324950,2014-07-07 00:00:00Z,CB6 2RE,Detached,Established,Freehold,31,,LAWN LANE,SUTTON,ELY,EAST CAMBRIDGESHIRE,CAMBRIDGESHIRE,Standard,Addition,52.3873970000,0.1261080000
245000,2014-07-24 00:00:00Z,CB6 2RB,Semi-Detached,Established,Freehold,25,,HIGH STREET,SUTTON,ELY,EAST CAMBRIDGESHIRE,CAMBRIDGESHIRE,Standard,Addition,52.3890020000,0.1241690000
122000,2014-06-05 00:00:00Z,CB6 2RS,Flats/Maisonettes,Established,Leasehold,26,,DARBYS YARD,SUTTON,ELY,EAST CAMBRIDGESHIRE,CAMBRIDGESHIRE,Standard,Addition,52.3898640000,0.1234190000
177000,2014-12-19 00:00:00Z,CB6 2NF,Detached,Established,Freehold,7,,LINK LANE,SUTTON,ELY,EAST CAMBRIDGESHIRE,CAMBRIDGESHIRE,Standard,Addition,52.3865550000,0.1233930000
286500,2014-01-03 00:00:00Z,CB6 2RB,Detached,Established,Freehold,29,,HIGH STREET,SUTTON,ELY,EAST CAMBRIDGESHIRE,CAMBRIDGESHIRE,Standard,Addition,52.3890020000,0.1241690000
148000,2014-10-06 00:00:00Z,CB6 2NH,Semi-Detached,Established,Freehold,32,,WINDMILL WALK,SUTTON,ELY,EAST CAMBRIDGESHIRE,CAMBRIDGESHIRE,Standard,Addition,52.3872690000,0.1247200000
150000,2014-12-12 00:00:00Z,CB6 2NQ,Semi-Detached,Established,Freehold,1,,STEWARDS CLOSE,SUTTON,ELY,EAST CAMBRIDGESHIRE,CAMBRIDGESHIRE,Standard,Addition,52.3878320000,0.1221600000
227500,2014-04-10 00:00:00Z,CB6 2PQ,Detached,Established,Freehold,23,,THE SOUTHERNS,SUTTON,ELY,EAST CAMBRIDGESHIRE,CAMBRIDGESHIRE,Standard,Addition,52.3867420000,0.1204780000
70000,2014-08-20 00:00:00Z,CB6 2RA,Other,Established,Freehold,62C,,HIGH STREET,SUTTON,ELY,EAST CAMBRIDGESHIRE,CAMBRIDGESHIRE,Additional,Addition,52.3883660000,0.1216930000
140000,2014-05-16 00:00:00Z,CB6 2NH,Terraced,Established,Freehold,35,,WINDMILL WALK,SUTTON,ELY,EAST CAMBRIDGESHIRE,CAMBRIDGESHIRE,Standard,Addition,52.3872690000,0.1247200000
263000,2015-03-31 00:00:00Z,CB6 2PQ,Detached,Established,Freehold,25,,THE SOUTHERNS,SUTTON,ELY,EAST CAMBRIDGESHIRE,CAMBRIDGESHIRE,Standard,Addition,52.3867420000,0.1204780000
108000,2015-05-28 00:00:00Z,CB6 2RL,Other,Established,Freehold,C P L DISTRIBUTION,,STATION ROAD,SUTTON,ELY,EAST CAMBRIDGESHIRE,CAMBRIDGESHIRE,Additional,Addition,52.3892770000,0.1289710000
147500,2015-07-17 00:00:00Z,CB6 2RS,Terraced,Established,Freehold,4,,DARBYS YARD,SUTTON,ELY,EAST CAMBRIDGESHIRE,CAMBRIDGESHIRE,Standard,Addition,52.3898640000,0.1234190000
360000,2015-09-02 00:00:00Z,CB6 2RG,Detached,Established,Freehold,7,,OATES LANE,SUTTON,ELY,EAST CAMBRIDGESHIRE,CAMBRIDGESHIRE,Standard,Addition,52.3886460000,0.1266240000
150000,2015-10-01 00:00:00Z,CB6 2PQ,Semi-Detached,Established,Freehold,1,,THE SOUTHERNS,SUTTON,ELY,EAST CAMBRIDGESHIRE,CAMBRIDGESHIRE,Standard,Addition,52.3867420000,0.1204780000
245000,2015-03-09 00:00:00Z,CB6 2RB,Semi-Detached,Established,Freehold,27,,HIGH STREET,SUTTON,ELY,EAST CAMBRIDGESHIRE,CAMBRIDGESHIRE,Standard,Addition,52.3890020000,0.1241690000
330000,2015-11-23 00:00:00Z,CB6 2RE,Detached,Established,Freehold,THE WILLOWS,,LAWN LANE,SUTTON,ELY,EAST CAMBRIDGESHIRE,CAMBRIDGESHIRE,Standard,Addition,52.3873970000,0.1261080000
185000,2015-12-04 00:00:00Z,CB6 2RR,Semi-Detached,Established,Freehold,2,,FAIRFIELD,SUTTON,ELY,EAST CAMBRIDGESHIRE,CAMBRIDGESHIRE,Standard,Addition,52.3899150000,0.1245540000
320000,2015-05-18 00:00:00Z,CB6 2NL,Detached,New Build,Freehold,77,,HIGH STREET,SUTTON,ELY,EAST CAMBRIDGESHIRE,CAMBRIDGESHIRE,Standard,Addition,52.3882570000,0.1201630000
160000,2015-12-22 00:00:00Z,CB6 2NH,Terraced,Established,Freehold,51,,WINDMILL WALK,SUTTON,ELY,EAST CAMBRIDGESHIRE,CAMBRIDGESHIRE,Standard,Addition,52.3872690000,0.1247200000
150000,2015-12-07 00:00:00Z,CB6 2NH,Semi-Detached,Established,Freehold,43,,WINDMILL WALK,SUTTON,ELY,EAST CAMBRIDGESHIRE,CAMBRIDGESHIRE,Standard,Addition,52.3872690000,0.1247200000
325000,2015-07-14 00:00:00Z,CB6 2RB,Detached,Established,Freehold,35,,HIGH STREET,SUTTON,ELY,EAST CAMBRIDGESHIRE,CAMBRIDGESHIRE,Standard,Addition,52.3890020000,0.1241690000
186000,2015-12-14 00:00:00Z,CB6 2RS,Terraced,Established,Freehold,12,,DARBYS YARD,SUTTON,ELY,EAST CAMBRIDGESHIRE,CAMBRIDGESHIRE,Standard,Addition,52.3898640000,0.1234190000
295000,2015-02-10 00:00:00Z,CB6 2RH,Detached,Established,Freehold,6,,EASTWOOD CLOSE,SUTTON,ELY,EAST CAMBRIDGESHIRE,CAMBRIDGESHIRE,Standard,Addition,52.3899740000,0.1277750000
124000,2015-06-19 00:00:00Z,CB6 2RS,Terraced,Established,Leasehold,80,,DARBYS YARD,SUTTON,ELY,EAST CAMBRIDGESHIRE,CAMBRIDGESHIRE,Standard,Addition,52.3898640000,0.1234190000
269331,2015-07-10 00:00:00Z,CB6 2NE,Detached,Established,Freehold,11,,RED LION LANE,SUTTON,ELY,EAST CAMBRIDGESHIRE,CAMBRIDGESHIRE,Standard,Addition,52.3872700000,0.1215410000
235000,2015-08-21 00:00:00Z,CB6 2PR,Detached,Established,Freehold,30,,POUND LANE,SUTTON,ELY,EAST CAMBRIDGESHIRE,CAMBRIDGESHIRE,Standard,Addition,52.3894480000,0.1219690000
162000,2015-05-12 00:00:00Z,CB6 2RS,Terraced,Established,Freehold,10,,DARBYS YARD,SUTTON,ELY,EAST CAMBRIDGESHIRE,CAMBRIDGESHIRE,Standard,Addition,52.3898640000,0.1234190000
160000,2015-07-23 00:00:00Z,CB6 2NQ,Terraced,Established,Freehold,16,,STEWARDS CLOSE,SUTTON,ELY,EAST CAMBRIDGESHIRE,CAMBRIDGESHIRE,Standard,Addition,52.3878320000,0.1221600000
245000,2015-07-31 00:00:00Z,CB6 2NE,Detached,Established,Freehold,7,,RED LION LANE,SUTTON,ELY,EAST CAMBRIDGESHIRE,CAMBRIDGESHIRE,Standard,Addition,52.3872700000,0.1215410000
314000,2015-11-12 00:00:00Z,CB6 2RE,Detached,Established,Freehold,24,,LAWN LANE,SUTTON,ELY,EAST CAMBRIDGESHIRE,CAMBRIDGESHIRE,Standard,Addition,52.3873970000,0.1261080000
185000,2015-04-24 00:00:00Z,CB6 2NF,Detached,Established,Freehold,8,,LINK LANE,SUTTON,ELY,EAST CAMBRIDGESHIRE,CAMBRIDGESHIRE,Standard,Addition,52.3865550000,0.1233930000
152000,2015-10-16 00:00:00Z,CB6 2NH,Semi-Detached,Established,Freehold,15,,WINDMILL WALK,SUTTON,ELY,EAST CAMBRIDGESHIRE,CAMBRIDGESHIRE,Standard,Addition,52.3872690000,0.1247200000
200000,2016-06-24 00:00:00Z,CB6 2RR,Semi-Detached,Established,Freehold,9,,FAIRFIELD,SUTTON,ELY,EAST CAMBRIDGESHIRE,CAMBRIDGESHIRE,Standard,Addition,52.3899150000,0.1245540000
166000,2016-08-26 00:00:00Z,CB6 2NH,Terraced,Established,Freehold,35,,WINDMILL WALK,SUTTON,ELY,EAST CAMBRIDGESHIRE,CAMBRIDGESHIRE,Standard,Addition,52.3872690000,0.1247200000
139000,2016-05-10 00:00:00Z,CB6 2RS,Flats/Maisonettes,Established,Freehold,34,,DARBYS YARD,SUTTON,ELY,EAST CAMBRIDGESHIRE,CAMBRIDGESHIRE,Standard,Addition,52.3898640000,0.1234190000
165000,2016-06-01 00:00:00Z,CB6 2NH,Terraced,Established,Freehold,51,,WINDMILL WALK,SUTTON,ELY,EAST CAMBRIDGESHIRE,CAMBRIDGESHIRE,Standard,Addition,52.3872690000,0.1247200000
245000,2016-08-26 00:00:00Z,CB6 2RB,Detached,Established,Freehold,11,,HIGH STREET,SUTTON,ELY,EAST CAMBRIDGESHIRE,CAMBRIDGESHIRE,Standard,Addition,52.3890020000,0.1241690000
179950,2016-08-12 00:00:00Z,CB6 2RS,Terraced,Established,Freehold,8,,DARBYS YARD,SUTTON,ELY,EAST CAMBRIDGESHIRE,CAMBRIDGESHIRE,Standard,Addition,52.3898640000,0.1234190000
188000,2016-08-12 00:00:00Z,CB6 2NH,Semi-Detached,Established,Freehold,58,,WINDMILL WALK,SUTTON,ELY,EAST CAMBRIDGESHIRE,CAMBRIDGESHIRE,Standard,Addition,52.3872690000,0.1247200000
180450,2016-03-24 00:00:00Z,CB6 2RS,Terraced,Established,Freehold,36,,DARBYS YARD,SUTTON,ELY,EAST CAMBRIDGESHIRE,CAMBRIDGESHIRE,Standard,Addition,52.3898640000,0.1234190000
224000,2016-03-04 00:00:00Z,CB6 2RG,Semi-Detached,Established,Freehold,2,,OATES LANE,SUTTON,ELY,EAST CAMBRIDGESHIRE,CAMBRIDGESHIRE,Standard,Addition,52.3886460000,0.1266240000
240000,2016-07-19 00:00:00Z,CB6 2NG,Detached,Established,Freehold,15,,STEWARDS LANE,SUTTON,ELY,EAST CAMBRIDGESHIRE,CAMBRIDGESHIRE,Standard,Addition,52.3872900000,0.1235310000
350000,2016-07-07 00:00:00Z,CB6 2RG,Detached,Established,Freehold,10,,OATES LANE,SUTTON,ELY,EAST CAMBRIDGESHIRE,CAMBRIDGESHIRE,Standard,Addition,52.3886460000,0.1266240000
160000,2016-07-19 00:00:00Z,CB6 2RR,Semi-Detached,Established,Freehold,8,,FAIRFIELD,SUTTON,ELY,EAST CAMBRIDGESHIRE,CAMBRIDGESHIRE,Standard,Addition,52.3899150000,0.1245540000
173000,2016-09-28 00:00:00Z,CB6 2NH,Terraced,Established,Freehold,50,,WINDMILL WALK,SUTTON,ELY,EAST CAMBRIDGESHIRE,CAMBRIDGESHIRE,Standard,Addition,52.3872690000,0.1247200000
174500,2016-10-21 00:00:00Z,CB6 2NH,Terraced,Established,Freehold,23,,WINDMILL WALK,SUTTON,ELY,EAST CAMBRIDGESHIRE,CAMBRIDGESHIRE,Standard,Addition,52.3872690000,0.1247200000
175000,2016-08-05 00:00:00Z,CB6 2NH,Terraced,Established,Freehold,33,,WINDMILL WALK,SUTTON,ELY,EAST CAMBRIDGESHIRE,CAMBRIDGESHIRE,Standard,Addition,52.3872690000,0.1247200000
158000,2016-04-15 00:00:00Z,CB6 2RF,Terraced,Established,Freehold,12,,GARDEN CLOSE,SUTTON,ELY,EAST CAMBRIDGESHIRE,CAMBRIDGESHIRE,Standard,Addition,52.3871140000,0.1273290000
190000,2016-10-18 00:00:00Z,CB6 2RS,Terraced,Established,Freehold,54,,DARBYS YARD,SUTTON,ELY,EAST CAMBRIDGESHIRE,CAMBRIDGESHIRE,Standard,Addition,52.3898640000,0.1234190000
182000,2016-10-21 00:00:00Z,CB6 2RS,Terraced,Established,Freehold,58,,DARBYS YARD,SUTTON,ELY,EAST CAMBRIDGESHIRE,CAMBRIDGESHIRE,Standard,Addition,52.3898640000,0.1234190000
187000,2016-03-21 00:00:00Z,CB6 2PY,Detached,Established,Freehold,5,,PRIORS COURT,SUTTON,ELY,EAST CAMBRIDGESHIRE,CAMBRIDGESHIRE,Standard,Addition,52.3899850000,0.1226900000
250000,2016-03-22 00:00:00Z,CB6 2NF,Detached,Established,Freehold,3,,LINK LANE,SUTTON,ELY,EAST CAMBRIDGESHIRE,CAMBRIDGESHIRE,Standard,Addition,52.3865550000,0.1233930000
174000,2016-11-11 00:00:00Z,CB6 2NH,Terraced,Established,Freehold,26,,WINDMILL WALK,SUTTON,ELY,EAST CAMBRIDGESHIRE,CAMBRIDGESHIRE,Standard,Addition,52.3872690000,0.1247200000
460000,2016-10-26 00:00:00Z,CB6 2RA,Semi-Detached,Established,Freehold,54,,HIGH STREET,SUTTON,ELY,EAST CAMBRIDGESHIRE,CAMBRIDGESHIRE,Standard,Addition,52.3883660000,0.1216930000
316000,2016-01-06 00:00:00Z,CB6 2RB,Detached,Established,Freehold,34,,HIGH STREET,SUTTON,ELY,EAST CAMBRIDGESHIRE,CAMBRIDGESHIRE,Standard,Addition,52.3890020000,0.1241690000
224950,2016-04-29 00:00:00Z,CB6 2NQ,Semi-Detached,Established,Freehold,5,,STEWARDS CLOSE,SUTTON,ELY,EAST CAMBRIDGESHIRE,CAMBRIDGESHIRE,Standard,Addition,52.3878320000,0.1221600000
221000,2016-01-29 00:00:00Z,CB6 2PQ,Semi-Detached,Established,Freehold,19,,THE SOUTHERNS,SUTTON,ELY,EAST CAMBRIDGESHIRE,CAMBRIDGESHIRE,Standard,Addition,52.3867420000,0.1204780000
359950,2016-05-24 00:00:00Z,CB6 2RB,Semi-Detached,Established,Freehold,22,,HIGH STREET,SUTTON,ELY,EAST CAMBRIDGESHIRE,CAMBRIDGESHIRE,Standard,Addition,52.3890020000,0.1241690000
310000,2016-02-08 00:00:00Z,CB6 2NE,Detached,Established,Freehold,13,,RED LION LANE,SUTTON,ELY,EAST CAMBRIDGESHIRE,CAMBRIDGESHIRE,Standard,Addition,52.3872700000,0.1215410000
250000,2016-01-27 00:00:00Z,CB6 2NE,Semi-Detached,Established,Freehold,9A,,RED LION LANE,SUTTON,ELY,EAST CAMBRIDGESHIRE,CAMBRIDGESHIRE,Standard,Addition,52.3872700000,0.1215410000
282000,2016-02-05 00:00:00Z,CB6 2NL,Detached,Established,Freehold,65A,,HIGH STREET,SUTTON,ELY,EAST CAMBRIDGESHIRE,CAMBRIDGESHIRE,Standard,Addition,52.3882570000,0.1201630000
136000,2016-10-31 00:00:00Z,CB6 2RF,Terraced,Established,Freehold,14,,GARDEN CLOSE,SUTTON,ELY,EAST CAMBRIDGESHIRE,CAMBRIDGESHIRE,Standard,Addition,52.3871140000,0.1273290000
329950,2016-12-12 00:00:00Z,CB6 2RE,Detached,Established,Freehold,18,,LAWN LANE,SUTTON,ELY,EAST CAMBRIDGESHIRE,CAMBRIDGESHIRE,Standard,Addition,52.3873970000,0.1261080000
141500,2017-02-03 00:00:00Z,CB6 2NH,Terraced,Established,Freehold,25,,WINDMILL WALK,SUTTON,ELY,EAST CAMBRIDGESHIRE,CAMBRIDGESHIRE,Standard,Addition,52.3872690000,0.1247200000
205000,2017-02-22 00:00:00Z,CB6 2NH,Semi-Detached,Established,Freehold,47,,WINDMILL WALK,SUTTON,ELY,EAST CAMBRIDGESHIRE,CAMBRIDGESHIRE,Standard,Addition,52.3872690000,0.1247200000
285000,2017-03-10 00:00:00Z,CB6 2NG,Detached,Established,Freehold,19,,STEWARDS LANE,SUTTON,ELY,EAST CAMBRIDGESHIRE,CAMBRIDGESHIRE,Standard,Addition,52.3872900000,0.1235310000
295000,2017-01-13 00:00:00Z,CB6 2NG,Detached,Established,Freehold,3,,STEWARDS LANE,SUTTON,ELY,EAST CAMBRIDGESHIRE,CAMBRIDGESHIRE,Standard,Addition,52.3872900000,0.1235310000
277000,2017-08-23 00:00:00Z,CB6 2RE,Semi-Detached,Established,Freehold,30A,,LAWN LANE,SUTTON,ELY,EAST CAMBRIDGESHIRE,CAMBRIDGESHIRE,Standard,Addition,52.3873970000,0.1261080000
395000,2017-12-01 00:00:00Z,CB6 2RB,Detached,Established,Freehold,35,,HIGH STREET,SUTTON,ELY,EAST CAMBRIDGESHIRE,CAMBRIDGESHIRE,Standard,Addition,52.3890020000,0.1241690000
145000,2017-11-08 00:00:00Z,CB6 2RS,Flats/Maisonettes,Established,Leasehold,28,,DARBYS YARD,SUTTON,ELY,EAST CAMBRIDGESHIRE,CAMBRIDGESHIRE,Standard,Addition,52.3898640000,0.1234190000
95000,2017-09-26 00:00:00Z,CB6 2RB,Other,Established,Freehold,20D,,HIGH STREET,SUTTON,ELY,EAST CAMBRIDGESHIRE,CAMBRIDGESHIRE,Additional,Addition,52.3890020000,0.1241690000
185000,2017-11-17 00:00:00Z,CB6 2NH,Terraced,Established,Freehold,25,,WINDMILL WALK,SUTTON,ELY,EAST CAMBRIDGESHIRE,CAMBRIDGESHIRE,Standard,Addition,52.3872690000,0.1247200000
300000,2017-10-26 00:00:00Z,CB6 2RA,Other,Established,Freehold,62C,,HIGH STREET,SUTTON,ELY,EAST CAMBRIDGESHIRE,CAMBRIDGESHIRE,Additional,Addition,52.3883660000,0.1216930000
72000,2017-02-09 00:00:00Z,CB6 2RL,Other,Established,Freehold,C P L DISTRIBUTION,,STATION ROAD,SUTTON,ELY,EAST CAMBRIDGESHIRE,CAMBRIDGESHIRE,Additional,Addition,52.3892770000,0.1289710000
335000,2017-12-15 00:00:00Z,CB6 2RE,Detached,Established,Freehold,18,,LAWN LANE,SUTTON,ELY,EAST CAMBRIDGESHIRE,CAMBRIDGESHIRE,Standard,Addition,52.3873970000,0.1261080000
147500,2017-11-24 00:00:00Z,CB6 2RS,Flats/Maisonettes,Established,Leasehold,30,,DARBYS YARD,SUTTON,ELY,EAST CAMBRIDGESHIRE,CAMBRIDGESHIRE,Standard,Addition,52.3898640000,0.1234190000
230000,2017-12-20 00:00:00Z,CB6 2NE,Detached,Established,Freehold,5,,RED LION LANE,SUTTON,ELY,EAST CAMBRIDGESHIRE,CAMBRIDGESHIRE,Standard,Addition,52.3872700000,0.1215410000
265000,2017-12-04 00:00:00Z,CB6 2RA,Terraced,Established,Freehold,62,,HIGH STREET,SUTTON,ELY,EAST CAMBRIDGESHIRE,CAMBRIDGESHIRE,Standard,Addition,52.3883660000,0.1216930000
279950,2017-02-01 00:00:00Z,CB6 2NF,Detached,Established,Freehold,14,,LINK LANE,SUTTON,ELY,EAST CAMBRIDGESHIRE,CAMBRIDGESHIRE,Standard,Addition,52.3865550000,0.1233930000
225000,2017-02-01 00:00:00Z,CB6 2PR,Detached,Established,Freehold,18,,POUND LANE,SUTTON,ELY,EAST CAMBRIDGESHIRE,CAMBRIDGESHIRE,Standard,Addition,52.3894480000,0.1219690000
175000,2017-06-29 00:00:00Z,CB6 2RS,Terraced,Established,Freehold,42,,DARBYS YARD,SUTTON,ELY,EAST CAMBRIDGESHIRE,CAMBRIDGESHIRE,Standard,Addition,52.3898640000,0.1234190000
242000,2017-10-03 00:00:00Z,CB6 2PY,Detached,Established,Freehold,5,,PRIORS COURT,SUTTON,ELY,EAST CAMBRIDGESHIRE,CAMBRIDGESHIRE,Standard,Addition,52.3899850000,0.1226900000
215000,2017-04-11 00:00:00Z,CB6 2RR,Semi-Detached,Established,Freehold,8,,FAIRFIELD,SUTTON,ELY,EAST CAMBRIDGESHIRE,CAMBRIDGESHIRE,Standard,Addition,52.3899150000,0.1245540000
305000,2017-03-09 00:00:00Z,CB6 2PY,Detached,Established,Freehold,16,,PRIORS COURT,SUTTON,ELY,EAST CAMBRIDGESHIRE,CAMBRIDGESHIRE,Standard,Addition,52.3899850000,0.1226900000
177000,2017-10-27 00:00:00Z,CB6 2NH,Terraced,Established,Freehold,22,,WINDMILL WALK,SUTTON,ELY,EAST CAMBRIDGESHIRE,CAMBRIDGESHIRE,Standard,Addition,52.3872690000,0.1247200000
195000,2018-08-14 00:00:00Z,CB6 2RB,Other,Established,Freehold,20D,,HIGH STREET,SUTTON,ELY,EAST CAMBRIDGESHIRE,CAMBRIDGESHIRE,Additional,Addition,52.3890020000,0.1241690000
190000,2018-08-14 00:00:00Z,CB6 2RB,Other,Established,Freehold,20C,,HIGH STREET,SUTTON,ELY,EAST CAMBRIDGESHIRE,CAMBRIDGESHIRE,Additional,Addition,52.3890020000,0.1241690000
5000,2018-05-25 00:00:00Z,CB6 2NL,Other,Established,Leasehold,74A,,HIGH STREET,SUTTON,ELY,EAST CAMBRIDGESHIRE,CAMBRIDGESHIRE,Additional,Addition,52.3882570000,0.1201630000
178000,2018-01-26 00:00:00Z,CB6 2NH,Semi-Detached,Established,Freehold,43,,WINDMILL WALK,SUTTON,ELY,EAST CAMBRIDGESHIRE,CAMBRIDGESHIRE,Standard,Addition,52.3872690000,0.1247200000
148000,2018-01-22 00:00:00Z,CB6 2RS,Terraced,Established,Leasehold,80,,DARBYS YARD,SUTTON,ELY,EAST CAMBRIDGESHIRE,CAMBRIDGESHIRE,Standard,Addition,52.3898640000,0.1234190000
262500,2018-08-28 00:00:00Z,CB6 2PQ,Semi-Detached,Established,Freehold,17,,THE SOUTHERNS,SUTTON,ELY,EAST CAMBRIDGESHIRE,CAMBRIDGESHIRE,Standard,Addition,52.3867420000,0.1204780000
260000,2018-08-08 00:00:00Z,CB6 2NF,Detached,Established,Freehold,7,,LINK LANE,SUTTON,ELY,EAST CAMBRIDGESHIRE,CAMBRIDGESHIRE,Standard,Addition,52.3865550000,0.1233930000
109000,2018-02-01 00:00:00Z,CB6 2RS,Terraced,Established,Leasehold,60,,DARBYS YARD,SUTTON,ELY,EAST CAMBRIDGESHIRE,CAMBRIDGESHIRE,Standard,Addition,52.3898640000,0.1234190000
280000,2018-04-17 00:00:00Z,CB6 2NE,Detached,Established,Freehold,7,,RED LION LANE,SUTTON,ELY,EAST CAMBRIDGESHIRE,CAMBRIDGESHIRE,Standard,Addition,52.3872700000,0.1215410000
192000,2018-09-07 00:00:00Z,CB6 2RS,Terraced,Established,Freehold,52,,DARBYS YARD,SUTTON,ELY,EAST CAMBRIDGESHIRE,CAMBRIDGESHIRE,Standard,Addition,52.3898640000,0.1234190000
231000,2018-09-10 00:00:00Z,CB6 2RG,Detached,Established,Freehold,5,,OATES LANE,SUTTON,ELY,EAST CAMBRIDGESHIRE,CAMBRIDGESHIRE,Standard,Addition,52.3886460000,0.1266240000
186500,2018-09-07 00:00:00Z,CB6 2NH,Semi-Detached,Established,Freehold,31,,WINDMILL WALK,SUTTON,ELY,EAST CAMBRIDGESHIRE,CAMBRIDGESHIRE,Standard,Addition,52.3872690000,0.1247200000
455500,2018-09-03 00:00:00Z,CB6 2PR,Detached,Established,Freehold,4,,POUND LANE,SUTTON,ELY,EAST CAMBRIDGESHIRE,CAMBRIDGESHIRE,Standard,Addition,52.3894480000,0.1219690000
401000,2018-08-24 00:00:00Z,CB6 2RD,Detached,Established,Freehold,1,,WINDMILL LANE,SUTTON,ELY,EAST CAMBRIDGESHIRE,CAMBRIDGESHIRE,Standard,Addition,52.3881600000,0.1241310000
265000,2018-08-17 00:00:00Z,CB6 2NE,Semi-Detached,Established,Freehold,9,,RED LION LANE,SUTTON,ELY,EAST CAMBRIDGESHIRE,CAMBRIDGESHIRE,Standard,Addition,52.3872700000,0.1215410000
217000,2018-07-25 00:00:00Z,CB6 2RR,Semi-Detached,Established,Freehold,12,,FAIRFIELD,SUTTON,ELY,EAST CAMBRIDGESHIRE,CAMBRIDGESHIRE,Standard,Addition,52.3899150000,0.1245540000
200000,2018-07-27 00:00:00Z,CB6 2NH,Semi-Detached,Established,Freehold,55,,WINDMILL WALK,SUTTON,ELY,EAST CAMBRIDGESHIRE,CAMBRIDGESHIRE,Standard,Addition,52.3872690000,0.1247200000
285000,2018-01-12 00:00:00Z,CB6 2NE,Other,Established,Freehold,2,,RED LION LANE,SUTTON,ELY,EAST CAMBRIDGESHIRE,CAMBRIDGESHIRE,Additional,Addition,52.3872700000,0.1215410000
262500,2018-01-24 00:00:00Z,CB6 2NF,Detached,Established,Freehold,29,,LINK LANE,SUTTON,ELY,EAST CAMBRIDGESHIRE,CAMBRIDGESHIRE,Standard,Addition,52.3865550000,0.1233930000
320000,2018-01-12 00:00:00Z,CB6 2NG,Detached,Established,Freehold,18,,STEWARDS LANE,SUTTON,ELY,EAST CAMBRIDGESHIRE,CAMBRIDGESHIRE,Standard,Addition,52.3872900000,0.1235310000
190000,2018-03-09 00:00:00Z,CB6 2RS,Terraced,Established,Freehold,46,,DARBYS YARD,SUTTON,ELY,EAST CAMBRIDGESHIRE,CAMBRIDGESHIRE,Standard,Addition,52.3898640000,0.1234190000
275000,2018-02-21 00:00:00Z,CB6 2RR,Detached,Established,Freehold,4A,,FAIRFIELD,SUTTON,ELY,EAST CAMBRIDGESHIRE,CAMBRIDGESHIRE,Standard,Addition,52.3899150000,0.1245540000
170000,2018-04-17 00:00:00Z,CB6 2NH,Terraced,Established,Freehold,4,,WINDMILL WALK,SUTTON,ELY,EAST CAMBRIDGESHIRE,CAMBRIDGESHIRE,Standard,Addition,52.3872690000,0.1247200000
321000,2018-03-19 00:00:00Z,CB6 2RE,Detached,Established,Freehold,28,,LAWN LANE,SUTTON,ELY,EAST CAMBRIDGESHIRE,CAMBRIDGESHIRE,Standard,Addition,52.3873970000,0.1261080000
240000,2018-12-19 00:00:00Z,CB6 2PQ,Semi-Detached,Established,Freehold,5,,THE SOUTHERNS,SUTTON,ELY,EAST CAMBRIDGESHIRE,CAMBRIDGESHIRE,Standard,Addition,52.3867420000,0.1204780000
176000,2018-10-19 00:00:00Z,CB6 2NH,Terraced,Established,Freehold,7,,WINDMILL WALK,SUTTON,ELY,EAST CAMBRIDGESHIRE,CAMBRIDGESHIRE,Standard,Addition,52.3872690000,0.1247200000
318000,2018-05-25 00:00:00Z,CB6 2PR,Terraced,Established,Freehold,20,,POUND LANE,SUTTON,ELY,EAST CAMBRIDGESHIRE,CAMBRIDGESHIRE,Standard,Addition,52.3894480000,0.1219690000
285000,2018-05-23 00:00:00Z,CB6 2RE,Semi-Detached,Established,Freehold,44,,LAWN LANE,SUTTON,ELY,EAST CAMBRIDGESHIRE,CAMBRIDGESHIRE,Standard,Addition,52.3873970000,0.1261080000
490000,2018-08-08 00:00:00Z,CB6 2RL,Detached,Established,Freehold,MAPLE HILL,,STATION ROAD,SUTTON,ELY,EAST CAMBRIDGESHIRE,CAMBRIDGESHIRE,Standard,Addition,52.3892770000,0.1289710000
335000,2018-08-17 00:00:00Z,CB6 2PY,Detached,Established,Freehold,16,,PRIORS COURT,SUTTON,ELY,EAST CAMBRIDGESHIRE,CAMBRIDGESHIRE,Standard,Addition,52.3899850000,0.1226900000
280000,2019-10-07 00:00:00Z,CB6 2RA,Detached,Established,Freehold,62C,,HIGH STREET,SUTTON,ELY,EAST CAMBRIDGESHIRE,CAMBRIDGESHIRE,Standard,Addition,52.3883660000,0.1216930000
244000,2019-11-06 00:00:00Z,CB6 2NQ,Terraced,Established,Freehold,13,,STEWARDS CLOSE,SUTTON,ELY,EAST CAMBRIDGESHIRE,CAMBRIDGESHIRE,Standard,Addition,52.3878320000,0.1221600000
157500,2019-10-14 00:00:00Z,CB6 2NA,Flats/Maisonettes,Established,Freehold,1,,NORWICH COURT,SUTTON,ELY,EAST CAMBRIDGESHIRE,CAMBRIDGESHIRE,Standard,Addition,52.3878720000,0.1236770000
192000,2019-11-01 00:00:00Z,CB6 2NH,Terraced,Established,Freehold,23,,WINDMILL WALK,SUTTON,ELY,EAST CAMBRIDGESHIRE,CAMBRIDGESHIRE,Standard,Addition,52.3872690000,0.1247200000
240000,2019-10-25 00:00:00Z,CB6 2NG,Detached,Established,Freehold,17,,STEWARDS LANE,SUTTON,ELY,EAST CAMBRIDGESHIRE,CAMBRIDGESHIRE,Standard,Addition,52.3872900000,0.1235310000
200000,2019-12-20 00:00:00Z,CB6 2NH,Terraced,Established,Freehold,51,,WINDMILL WALK,SUTTON,ELY,EAST CAMBRIDGESHIRE,CAMBRIDGESHIRE,Additional,Addition,52.3872690000,0.1247200000
165000,2019-03-22 00:00:00Z,CB6 2RS,Flats/Maisonettes,Established,Leasehold,20,,DARBYS YARD,SUTTON,ELY,EAST CAMBRIDGESHIRE,CAMBRIDGESHIRE,Standard,Addition,52.3898640000,0.1234190000
160000,2019-10-09 00:00:00Z,CB6 2NL,Other,Established,Freehold,65,,HIGH STREET,SUTTON,ELY,EAST CAMBRIDGESHIRE,CAMBRIDGESHIRE,Additional,Addition,52.3882570000,0.1201630000
185000,2019-07-18 00:00:00Z,CB6 2RS,Detached,Established,Freehold,32,,DARBYS YARD,SUTTON,ELY,EAST CAMBRIDGESHIRE,CAMBRIDGESHIRE,Standard,Addition,52.3898640000,0.1234190000
300000,2019-08-27 00:00:00Z,CB6 2RR,Detached,Established,Freehold,4,,FAIRFIELD,SUTTON,ELY,EAST CAMBRIDGESHIRE,CAMBRIDGESHIRE,Standard,Addition,52.3899150000,0.1245540000
220000,2019-01-29 00:00:00Z,CB6 2NH,Semi-Detached,Established,Freehold,44,,WINDMILL WALK,SUTTON,ELY,EAST CAMBRIDGESHIRE,CAMBRIDGESHIRE,Standard,Addition,52.3872690000,0.1247200000
257500,2019-02-01 00:00:00Z,CB6 2RB,Semi-Detached,Established,Freehold,31B,,HIGH STREET,SUTTON,ELY,EAST CAMBRIDGESHIRE,CAMBRIDGESHIRE,Standard,Addition,52.3890020000,0.1241690000
272000,2020-11-20 00:00:00Z,CB6 2PR,Detached,Established,Freehold,3,,POUND LANE,SUTTON,ELY,EAST CAMBRIDGESHIRE,CAMBRIDGESHIRE,Standard,Addition,52.3894480000,0.1219690000
572500,2020-10-29 00:00:00Z,CB6 2RL,Detached,Established,Freehold,1,,STATION ROAD,SUTTON,ELY,EAST CAMBRIDGESHIRE,CAMBRIDGESHIRE,Standard,Addition,52.3892770000,0.1289710000
180000,2020-11-05 00:00:00Z,CB6 2NH,Terraced,Established,Freehold,27,,WINDMILL WALK,SUTTON,ELY,EAST CAMBRIDGESHIRE,CAMBRIDGESHIRE,Standard,Addition,52.3872690000,0.1247200000
450000,2020-08-10 00:00:00Z,CB6 2RA,Terraced,Established,Freehold,60,,HIGH STREET,SUTTON,ELY,EAST CAMBRIDGESHIRE,CAMBRIDGESHIRE,Additional,Addition,52.3883660000,0.1216930000
300000,2020-09-23 00:00:00Z,CB6 2NL,Semi-Detached,Established,Freehold,64,,HIGH STREET,SUTTON,ELY,EAST CAMBRIDGESHIRE,CAMBRIDGESHIRE,Standard,Addition,52.3882570000,0.1201630000
315000,2020-11-13 00:00:00Z,CB6 2NG,Detached,Established,Freehold,17,,STEWARDS LANE,SUTTON,ELY,EAST CAMBRIDGESHIRE,CAMBRIDGESHIRE,Standard,Addition,52.3872900000,0.1235310000
350000,2020-11-27 00:00:00Z,CB6 2RE,Detached,Established,Freehold,10,,LAWN LANE,SUTTON,ELY,EAST CAMBRIDGESHIRE,CAMBRIDGESHIRE,Standard,Addition,52.3873970000,0.1261080000
265000,2020-09-25 00:00:00Z,CB6 2PQ,Semi-Detached,Established,Freehold,19,,THE SOUTHERNS,SUTTON,ELY,EAST CAMBRIDGESHIRE,CAMBRIDGESHIRE,Standard,Addition,52.3867420000,0.1204780000
235000,2020-04-01 00:00:00Z,CB6 2RB,Semi-Detached,Established,Freehold,23,,HIGH STREET,SUTTON,ELY,EAST CAMBRIDGESHIRE,CAMBRIDGESHIRE,Standard,Addition,52.3890020000,0.1241690000
305000,2020-01-31 00:00:00Z,CB6 2PQ,Detached,Established,Freehold,22,,THE SOUTHERNS,SUTTON,ELY,EAST CAMBRIDGESHIRE,CAMBRIDGESHIRE,Standard,Addition,52.3867420000,0.1204780000
275000,2020-01-23 00:00:00Z,CB6 2RX,Detached,Established,Freehold,5,,PIPPIN CLOSE,SUTTON,ELY,EAST CAMBRIDGESHIRE,CAMBRIDGESHIRE,Standard,Addition,52.3881400000,0.1267460000
164000,2020-08-21 00:00:00Z,CB6 2NH,Terraced,Established,Freehold,51,,WINDMILL WALK,SUTTON,ELY,EAST CAMBRIDGESHIRE,CAMBRIDGESHIRE,Standard,Addition,52.3872690000,0.1247200000
295000,2020-07-31 00:00:00Z,CB6 2PQ,Detached,Established,Freehold,15,,THE SOUTHERNS,SUTTON,ELY,EAST CAMBRIDGESHIRE,CAMBRIDGESHIRE,Standard,Addition,52.3867420000,0.1204780000
278500,2020-01-31 00:00:00Z,CB6 2RG,Detached,Established,Freehold,5,,OATES LANE,SUTTON,ELY,EAST CAMBRIDGESHIRE,CAMBRIDGESHIRE,Standard,Addition,52.3886460000,0.1266240000
350000,2021-06-03 00:00:00Z,CB6 2PR,Terraced,Established,Freehold,22,,POUND LANE,SUTTON,ELY,EAST CAMBRIDGESHIRE,CAMBRIDGESHIRE,Standard,Addition,52.3894480000,0.1219690000
155000,2021-03-19 00:00:00Z,CB6 2RS,Flats/Maisonettes,Established,Leasehold,28,,DARBYS YARD,SUTTON,ELY,EAST CAMBRIDGESHIRE,CAMBRIDGESHIRE,Standard,Addition,52.3898640000,0.1234190000
149000,2021-07-05 00:00:00Z,CB6 2RS,Flats/Maisonettes,Established,Leasehold,26,,DARBYS YARD,SUTTON,ELY,EAST CAMBRIDGESHIRE,CAMBRIDGESHIRE,Standard,Addition,52.3898640000,0.1234190000
290000,2021-02-25 00:00:00Z,CB6 2NF,Semi-Detached,Established,Freehold,2,,LINK LANE,SUTTON,ELY,EAST CAMBRIDGESHIRE,CAMBRIDGESHIRE,Standard,Addition,52.3865550000,0.1233930000
520000,2021-02-04 00:00:00Z,CB6 2RL,Detached,Established,Freehold,EASTWOOD COTTAGE,,STATION ROAD,SUTTON,ELY,EAST CAMBRIDGESHIRE,CAMBRIDGESHIRE,Standard,Addition,52.3892770000,0.1289710000
210000,2021-08-25 00:00:00Z,CB6 2RX,Detached,Established,Freehold,9,,PIPPIN CLOSE,SUTTON,ELY,EAST CAMBRIDGESHIRE,CAMBRIDGESHIRE,Standard,Addition,52.3881400000,0.1267460000
275000,2021-12-16 00:00:00Z,CB6 2RR,Semi-Detached,Established,Freehold,1,,FAIRFIELD,SUTTON,ELY,EAST CAMBRIDGESHIRE,CAMBRIDGESHIRE,Standard,Addition,52.3899150000,0.1245540000
780000,2021-08-06 00:00:00Z,CB6 2RL,Detached,Established,Freehold,RATHMORE,,STATION ROAD,SUTTON,ELY,EAST CAMBRIDGESHIRE,CAMBRIDGESHIRE,Standard,Addition,52.3892770000,0.1289710000
266500,2021-07-02 00:00:00Z,CB6 2NQ,Semi-Detached,Established,Freehold,7,,STEWARDS CLOSE,SUTTON,ELY,EAST CAMBRIDGESHIRE,CAMBRIDGESHIRE,Standard,Addition,52.3878320000,0.1221600000
675000,2021-10-19 00:00:00Z,CB6 2RL,Detached,Established,Freehold,10,,STATION ROAD,SUTTON,ELY,EAST CAMBRIDGESHIRE,CAMBRIDGESHIRE,Standard,Addition,52.3892770000,0.1289710000
232500,2021-11-26 00:00:00Z,CB6 2NH,Semi-Detached,Established,Freehold,38,,WINDMILL WALK,SUTTON,ELY,EAST CAMBRIDGESHIRE,CAMBRIDGESHIRE,Standard,Addition,52.3872690000,0.1247200000
425000,2021-10-29 00:00:00Z,CB6 2NL,Semi-Detached,Established,Freehold,70,,HIGH STREET,SUTTON,ELY,EAST CAMBRIDGESHIRE,CAMBRIDGESHIRE,Standard,Addition,52.3882570000,0.1201630000
207000,2021-09-24 00:00:00Z,CB6 2RS,Terraced,Established,Freehold,4,,DARBYS YARD,SUTTON,ELY,EAST CAMBRIDGESHIRE,CAMBRIDGESHIRE,Standard,Addition,52.3898640000,0.1234190000
430000,2021-03-01 00:00:00Z,CB6 2RB,Detached,Established,Freehold,34,,HIGH STREET,SUTTON,ELY,EAST CAMBRIDGESHIRE,CAMBRIDGESHIRE,Standard,Addition,52.3890020000,0.1241690000
365000,2021-02-19 00:00:00Z,CB6 2NA,Semi-Detached,Established,Freehold,4,,NORWICH COURT,SUTTON,ELY,EAST CAMBRIDGESHIRE,CAMBRIDGESHIRE,Standard,Addition,52.3878720000,0.1236770000
465000,2021-03-01 00:00:00Z,CB6 2RH,Detached,Established,Freehold,5,,EASTWOOD CLOSE,SUTTON,ELY,EAST CAMBRIDGESHIRE,CAMBRIDGESHIRE,Standard,Addition,52.3899740000,0.1277750000
158000,2021-02-26 00:00:00Z,CB6 2RS,Flats/Maisonettes,Established,Freehold,34,,DARBYS YARD,SUTTON,ELY,EAST CAMBRIDGESHIRE,CAMBRIDGESHIRE,Standard,Addition,52.3898640000,0.1234190000
214000,2021-08-20 00:00:00Z,CB6 2PR,Semi-Detached,Established,Freehold,42,,POUND LANE,SUTTON,ELY,EAST CAMBRIDGESHIRE,CAMBRIDGESHIRE,Standard,Addition,52.3894480000,0.1219690000
277000,2021-06-25 00:00:00Z,CB6 2NF,Detached,Established,Freehold,21,,LINK LANE,SUTTON,ELY,EAST CAMBRIDGESHIRE,CAMBRIDGESHIRE,Standard,Addition,52.3865550000,0.1233930000
260000,2021-01-29 00:00:00Z,CB6 2NJ,Detached,Established,Freehold,38,,LINK LANE,SUTTON,ELY,EAST CAMBRIDGESHIRE,CAMBRIDGESHIRE,Standard,Addition,52.3863080000,0.1256300000
210000,2021-09-10 00:00:00Z,CB6 2RB,Detached,Established,Freehold,18,,HIGH STREET,SUTTON,ELY,EAST CAMBRIDGESHIRE,CAMBRIDGESHIRE,Standard,Addition,52.3890020000,0.1241690000
212000,2021-12-03 00:00:00Z,CB6 2NH,Semi-Detached,Established,Freehold,31,,WINDMILL WALK,SUTTON,ELY,EAST CAMBRIDGESHIRE,CAMBRIDGESHIRE,Standard,Addition,52.3872690000,0.1247200000
320000,2021-03-30 00:00:00Z,CB6 2RR,Semi-Detached,Established,Freehold,2,,FAIRFIELD,SUTTON,ELY,EAST CAMBRIDGESHIRE,CAMBRIDGESHIRE,Standard,Addition,52.3899150000,0.1245540000
345000,2021-07-16 00:00:00Z,CB6 2RE,Semi-Detached,Established,Freehold,34,,LAWN LANE,SUTTON,ELY,EAST CAMBRIDGESHIRE,CAMBRIDGESHIRE,Standard,Addition,52.3873970000,0.1261080000
280000,2021-09-16 00:00:00Z,CB6 2RB,Detached,Established,Freehold,11,,HIGH STREET,SUTTON,ELY,EAST CAMBRIDGESHIRE,CAMBRIDGESHIRE,Standard,Addition,52.3890020000,0.1241690000
207500,2021-08-20 00:00:00Z,CB6 2NH,Semi-Detached,Established,Freehold,42,,WINDMILL WALK,SUTTON,ELY,EAST CAMBRIDGESHIRE,CAMBRIDGESHIRE,Standard,Addition,52.3872690000,0.1247200000
415000,2021-06-30 00:00:00Z,CB6 2NL,Detached,Established,Freehold,77,,HIGH STREET,SUTTON,ELY,EAST CAMBRIDGESHIRE,CAMBRIDGESHIRE,Standard,Addition,52.3882570000,0.1201630000
239500,2022-02-25 00:00:00Z,CB6 2PY,Detached,Established,Freehold,5,,PRIORS COURT,SUTTON,ELY,EAST CAMBRIDGESHIRE,CAMBRIDGESHIRE,Standard,Addition,52.3899850000,0.1226900000
225000,2022-04-06 00:00:00Z,CB6 2NH,Terraced,Established,Freehold,22,,WINDMILL WALK,SUTTON,ELY,EAST CAMBRIDGESHIRE,CAMBRIDGESHIRE,Standard,Addition,52.3872690000,0.1247200000
425000,2022-01-13 00:00:00Z,CB6 2NE,Detached,Established,Freehold,18,,RED LION LANE,SUTTON,ELY,EAST CAMBRIDGESHIRE,CAMBRIDGESHIRE,Standard,Addition,52.3872700000,0.1215410000
