32500,1995-09-15 00:00:00Z,DY5 3PZ,Flats/Maisonettes,Established,Leasehold,60,,BARBROOK DRIVE,BRIERLEY HILL,BRIERLEY HILL,DUDLEY,WEST MIDLANDS,Standard,Addition,52.4644510000,-2.1377480000
45000,1995-07-14 00:00:00Z,DY5 3NS,Semi-Detached,Established,Leasehold,12,,ROSEMOOR DRIVE,AMBLECOTE,BRIERLEY HILL,DUDLEY,WEST MIDLANDS,Standard,Addition,52.4664310000,-2.1364740000
59995,1995-12-01 00:00:00Z,DY5 3PW,Semi-Detached,Established,Leasehold,3,,BRAYFORD AVENUE,BRIERLEY HILL,BRIERLEY HILL,DUDLEY,WEST MIDLANDS,Standard,Addition,52.4640770000,-2.1352450000
60000,1995-11-27 00:00:00Z,DY5 3PZ,Semi-Detached,Established,Leasehold,50,,BARBROOK DRIVE,BRIERLEY HILL,BRIERLEY HILL,DUDLEY,WEST MIDLANDS,Standard,Addition,52.4644510000,-2.1377480000
55500,1995-01-13 00:00:00Z,DY5 3PP,Semi-Detached,Established,Leasehold,66,,OAKHILL DRIVE,BRIERLEY HILL,BRIERLEY HILL,DUDLEY,WEST MIDLANDS,Standard,Addition,52.4651360000,-2.1364990000
46995,1995-08-25 00:00:00Z,DY5 2QG,Semi-Detached,Established,Leasehold,13,,SORREL WALK,BRIERLEY HILL,BRIERLEY HILL,DUDLEY,WEST MIDLANDS,Standard,Addition,52.4612010000,-2.1342790000
50000,1995-03-31 00:00:00Z,DY5 3NZ,Semi-Detached,Established,Freehold,73,,BROMPTON DRIVE,AMBLECOTE,BRIERLEY HILL,DUDLEY,WEST MIDLANDS,Standard,Addition,52.4660180000,-2.1355890000
46500,1995-04-13 00:00:00Z,DY5 3NX,Semi-Detached,Established,Leasehold,9,,CHEYNE WALK,BRIERLEY HILL,BRIERLEY HILL,DUDLEY,WEST MIDLANDS,Standard,Addition,52.4654830000,-2.1319820000
46250,1995-08-25 00:00:00Z,DY5 3PQ,Semi-Detached,Established,Leasehold,6,,WOODCOMBE CLOSE,AMBLECOTE,BRIERLEY HILL,DUDLEY,WEST MIDLANDS,Standard,Addition,52.4657350000,-2.1389000000
60000,1995-11-07 00:00:00Z,DY8 4UT,Detached,Established,Freehold,1,,WENLOCK ROAD,STOURBRIDGE,STOURBRIDGE,DUDLEY,WEST MIDLANDS,Standard,Addition,52.4602690000,-2.1391190000
68000,1995-03-17 00:00:00Z,DY5 3YE,Detached,Established,Freehold,5,,STUDLEY DRIVE,BRIERLEY HILL,BRIERLEY HILL,DUDLEY,WEST MIDLANDS,Standard,Addition,52.4680370000,-2.1307820000
72500,1995-10-06 00:00:00Z,DY5 3XL,Detached,Established,Freehold,5,,AMBLESIDE DRIVE,BRIERLEY HILL,BRIERLEY HILL,DUDLEY,WEST MIDLANDS,Standard,Addition,52.4699530000,-2.1332230000
40250,1995-04-28 00:00:00Z,DY5 2SZ,Semi-Detached,Established,Leasehold,5,,FITZGERALD PLACE,BRIERLEY HILL,BRIERLEY HILL,DUDLEY,WEST MIDLANDS,Standard,Addition,52.4617920000,-2.1365920000
48000,1995-05-31 00:00:00Z,DY5 2NX,Semi-Detached,Established,Freehold,15,,BLITHFIELD DRIVE,BRIERLEY HILL,BRIERLEY HILL,DUDLEY,WEST MIDLANDS,Standard,Addition,52.4628090000,-2.1384710000
45000,1995-09-08 00:00:00Z,DY5 2PN,Semi-Detached,Established,Freehold,31,,HERN ROAD,BRIERLEY HILL,BRIERLEY HILL,DUDLEY,WEST MIDLANDS,Standard,Addition,52.4626430000,-2.1313840000
74950,1995-12-15 00:00:00Z,DY5 3QW,Detached,Established,Freehold,17,,LYTHWOOD DRIVE,BRIERLEY HILL,BRIERLEY HILL,DUDLEY,WEST MIDLANDS,Standard,Addition,52.4677410000,-2.1307370000
41750,1995-02-10 00:00:00Z,DY5 3PQ,Semi-Detached,Established,Leasehold,35,,WOODCOMBE CLOSE,AMBLECOTE,BRIERLEY HILL,DUDLEY,WEST MIDLANDS,Standard,Addition,52.4657350000,-2.1389000000
45000,1995-05-12 00:00:00Z,DY5 2QG,Semi-Detached,Established,Leasehold,49,,SORREL WALK,BRIERLEY HILL,BRIERLEY HILL,DUDLEY,WEST MIDLANDS,Standard,Addition,52.4612010000,-2.1342790000
24000,1995-09-01 00:00:00Z,DY5 3NS,Semi-Detached,Established,Leasehold,26,,ROSEMOOR DRIVE,AMBLECOTE,BRIERLEY HILL,DUDLEY,WEST MIDLANDS,Standard,Addition,52.4664310000,-2.1364740000
44000,1995-02-24 00:00:00Z,DY5 2SZ,Semi-Detached,Established,Freehold,17,,FITZGERALD PLACE,BRIERLEY HILL,BRIERLEY HILL,DUDLEY,WEST MIDLANDS,Standard,Addition,52.4617920000,-2.1365920000
97000,1995-12-08 00:00:00Z,DY5 3RQ,Detached,Established,Freehold,10,,LAKESIDE COURT,BRIERLEY HILL,BRIERLEY HILL,DUDLEY,WEST MIDLANDS,Standard,Addition,52.4691650000,-2.1386530000
45995,1995-12-21 00:00:00Z,DY5 3NS,Semi-Detached,Established,Freehold,7,,ROSEMOOR DRIVE,AMBLECOTE,BRIERLEY HILL,DUDLEY,WEST MIDLANDS,Standard,Addition,52.4664310000,-2.1364740000
60000,1995-09-27 00:00:00Z,DY5 3SE,Detached,Established,Freehold,3,,THIRLMERE WALK,BRIERLEY HILL,BRIERLEY HILL,DUDLEY,WEST MIDLANDS,Standard,Addition,52.4667600000,-2.1393450000
46000,1995-10-27 00:00:00Z,DY5 3NX,Semi-Detached,Established,Leasehold,11,,CHEYNE WALK,BRIERLEY HILL,BRIERLEY HILL,DUDLEY,WEST MIDLANDS,Standard,Addition,52.4654830000,-2.1319820000
50300,1995-09-15 00:00:00Z,DY5 3PZ,Semi-Detached,Established,Freehold,68,,BARBROOK DRIVE,BRIERLEY HILL,BRIERLEY HILL,DUDLEY,WEST MIDLANDS,Standard,Addition,52.4644510000,-2.1377480000
67000,1995-05-26 00:00:00Z,DY5 3QZ,Detached,Established,Leasehold,3,,HUNSTANTON CLOSE,BRIERLEY HILL,BRIERLEY HILL,DUDLEY,WEST MIDLANDS,Standard,Addition,52.4671910000,-2.1315450000
47500,1995-04-13 00:00:00Z,DY5 2PE,Semi-Detached,Established,Leasehold,39,,BROOMEHILL CLOSE,BRIERLEY HILL,BRIERLEY HILL,DUDLEY,WEST MIDLANDS,Standard,Addition,52.4645230000,-2.1300360000
90000,1995-04-21 00:00:00Z,DY5 3RQ,Detached,Established,Freehold,16,,LAKESIDE COURT,BRIERLEY HILL,BRIERLEY HILL,DUDLEY,WEST MIDLANDS,Standard,Addition,52.4691650000,-2.1386530000
42500,1995-07-28 00:00:00Z,DY5 2QF,Flats/Maisonettes,Established,Leasehold,271,,STAMFORD ROAD,,BRIERLEY HILL,DUDLEY,WEST MIDLANDS,Standard,Addition,52.4602200000,-2.1350120000
39995,1995-06-16 00:00:00Z,DY5 2QG,Semi-Detached,Established,Leasehold,3,,SORREL WALK,BRIERLEY HILL,BRIERLEY HILL,DUDLEY,WEST MIDLANDS,Standard,Addition,52.4612010000,-2.1342790000
48000,1995-07-14 00:00:00Z,DY5 3NZ,Semi-Detached,Established,Leasehold,79,,BROMPTON DRIVE,AMBLECOTE,BRIERLEY HILL,DUDLEY,WEST MIDLANDS,Standard,Addition,52.4660180000,-2.1355890000
41500,1995-07-28 00:00:00Z,DY5 3PP,Flats/Maisonettes,Established,Leasehold,47,,OAKHILL DRIVE,BRIERLEY HILL,BRIERLEY HILL,DUDLEY,WEST MIDLANDS,Standard,Addition,52.4651360000,-2.1364990000
61700,1995-03-03 00:00:00Z,DY5 3NU,Terraced,Established,Leasehold,5,,BLAKE HALL CLOSE,BRIERLEY HILL,BRIERLEY HILL,DUDLEY,WEST MIDLANDS,Standard,Addition,52.4663270000,-2.1328820000
35000,1995-12-18 00:00:00Z,DY5 3PQ,Flats/Maisonettes,Established,Leasehold,26,,WOODCOMBE CLOSE,AMBLECOTE,BRIERLEY HILL,DUDLEY,WEST MIDLANDS,Standard,Addition,52.4657350000,-2.1389000000
92000,1995-08-11 00:00:00Z,DY5 3XJ,Detached,Established,Freehold,34,,PATTERDALE WAY,BRIERLEY HILL,BRIERLEY HILL,DUDLEY,WEST MIDLANDS,Standard,Addition,52.4699480000,-2.1343940000
67500,1995-03-31 00:00:00Z,DY5 3PP,Detached,Established,Leasehold,21,,OAKHILL DRIVE,BRIERLEY HILL,BRIERLEY HILL,DUDLEY,WEST MIDLANDS,Standard,Addition,52.4651360000,-2.1364990000
43000,1995-03-31 00:00:00Z,DY5 3NZ,Semi-Detached,Established,Leasehold,24,,BROMPTON DRIVE,AMBLECOTE,BRIERLEY HILL,DUDLEY,WEST MIDLANDS,Standard,Addition,52.4660180000,-2.1355890000
87500,1995-09-27 00:00:00Z,DY5 2NY,Detached,Established,Freehold,1,,ARDINGLEY WALK,BRIERLEY HILL,BRIERLEY HILL,DUDLEY,WEST MIDLANDS,Standard,Addition,52.4640810000,-2.1393810000
44500,1995-09-21 00:00:00Z,DY5 3PZ,Semi-Detached,Established,Leasehold,76,,BARBROOK DRIVE,BRIERLEY HILL,BRIERLEY HILL,DUDLEY,WEST MIDLANDS,Standard,Addition,52.4644510000,-2.1377480000
35000,1995-06-30 00:00:00Z,DY8 4HX,Terraced,Established,Freehold,14,,CHURCHWARD CLOSE,STOURBRIDGE,STOURBRIDGE,DUDLEY,WEST MIDLANDS,Standard,Addition,52.4609710000,-2.1382820000
38500,1995-04-13 00:00:00Z,DY5 3NZ,Flats/Maisonettes,Established,Leasehold,89,,BROMPTON DRIVE,AMBLECOTE,BRIERLEY HILL,DUDLEY,WEST MIDLANDS,Standard,Addition,52.4660180000,-2.1355890000
9000,1995-06-30 00:00:00Z,DY5 3SF,Terraced,Established,Leasehold,34,,KIRKSTONE COURT,AMBLECOTE,BRIERLEY HILL,DUDLEY,WEST MIDLANDS,Standard,Addition,52.4679010000,-2.1399080000
72000,1995-10-27 00:00:00Z,DY5 3UE,Detached,Established,Freehold,2,,CHARNWOOD CLOSE,BRIERLEY HILL,BRIERLEY HILL,DUDLEY,WEST MIDLANDS,Standard,Addition,52.4684510000,-2.1338660000
63000,1995-09-22 00:00:00Z,DY5 3PP,Detached,Established,Freehold,32,,OAKHILL DRIVE,BRIERLEY HILL,BRIERLEY HILL,DUDLEY,WEST MIDLANDS,Standard,Addition,52.4651360000,-2.1364990000
68000,1995-04-13 00:00:00Z,DY5 3RW,Detached,Established,Freehold,3,,BORROWDALE CLOSE,BRIERLEY HILL,BRIERLEY HILL,DUDLEY,WEST MIDLANDS,Standard,Addition,52.4674270000,-2.1379490000
48000,1995-07-14 00:00:00Z,DY5 3NZ,Semi-Detached,Established,Freehold,79,,BROMPTON DRIVE,AMBLECOTE,BRIERLEY HILL,DUDLEY,WEST MIDLANDS,Standard,Addition,52.4660180000,-2.1355890000
89000,1995-02-23 00:00:00Z,DY5 3RN,Detached,Established,Freehold,8,,BURGHLEY WALK,BRIERLEY HILL,BRIERLEY HILL,DUDLEY,WEST MIDLANDS,Standard,Addition,52.4689130000,-2.1357160000
53500,1995-08-25 00:00:00Z,DY8 4UN,Semi-Detached,Established,Leasehold,9,,PEAK ROAD,STOURBRIDGE,STOURBRIDGE,DUDLEY,WEST MIDLANDS,Standard,Addition,52.4601130000,-2.1377120000
46000,1995-08-11 00:00:00Z,DY5 3PQ,Semi-Detached,Established,Leasehold,5,,WOODCOMBE CLOSE,AMBLECOTE,BRIERLEY HILL,DUDLEY,WEST MIDLANDS,Standard,Addition,52.4657350000,-2.1389000000
32250,1995-12-18 00:00:00Z,DY5 3PZ,Semi-Detached,Established,Leasehold,40,,BARBROOK DRIVE,BRIERLEY HILL,BRIERLEY HILL,DUDLEY,WEST MIDLANDS,Standard,Addition,52.4644510000,-2.1377480000
43950,1995-07-14 00:00:00Z,DY5 3UD,Flats/Maisonettes,Established,Leasehold,12,,WOBURN DRIVE,AMBLECOTE,BRIERLEY HILL,DUDLEY,WEST MIDLANDS,Standard,Addition,52.4682120000,-2.1349480000
46500,1995-05-31 00:00:00Z,DY5 3NZ,Semi-Detached,Established,Freehold,42,,BROMPTON DRIVE,AMBLECOTE,BRIERLEY HILL,DUDLEY,WEST MIDLANDS,Standard,Addition,52.4660180000,-2.1355890000
43500,1995-04-13 00:00:00Z,DY5 3NS,Semi-Detached,Established,Leasehold,6,,ROSEMOOR DRIVE,AMBLECOTE,BRIERLEY HILL,DUDLEY,WEST MIDLANDS,Standard,Addition,52.4664310000,-2.1364740000
44950,1995-02-10 00:00:00Z,DY5 2QG,Semi-Detached,Established,Leasehold,61,,SORREL WALK,BRIERLEY HILL,BRIERLEY HILL,DUDLEY,WEST MIDLANDS,Standard,Addition,52.4612010000,-2.1342790000
40950,1995-11-10 00:00:00Z,DY8 4HX,Semi-Detached,Established,Freehold,61,,CHURCHWARD CLOSE,STOURBRIDGE,STOURBRIDGE,DUDLEY,WEST MIDLANDS,Standard,Addition,52.4609710000,-2.1382820000
77000,1995-09-29 00:00:00Z,DY5 3RL,Detached,Established,Freehold,27,,LAMBOURNE WAY,BRIERLEY HILL,BRIERLEY HILL,DUDLEY,WEST MIDLANDS,Standard,Addition,52.4691220000,-2.1337290000
39500,1995-03-10 00:00:00Z,DY5 3PQ,Flats/Maisonettes,Established,Leasehold,26,,WOODCOMBE CLOSE,AMBLECOTE,BRIERLEY HILL,DUDLEY,WEST MIDLANDS,Standard,Addition,52.4657350000,-2.1389000000
62000,1995-09-29 00:00:00Z,DY5 3PW,Detached,Established,Leasehold,18,,BRAYFORD AVENUE,BRIERLEY HILL,BRIERLEY HILL,DUDLEY,WEST MIDLANDS,Standard,Addition,52.4640770000,-2.1352450000
49000,1995-04-28 00:00:00Z,DY5 3NZ,Semi-Detached,Established,Leasehold,63,,BROMPTON DRIVE,AMBLECOTE,BRIERLEY HILL,DUDLEY,WEST MIDLANDS,Standard,Addition,52.4660180000,-2.1355890000
102500,1995-05-26 00:00:00Z,DY5 3UF,Detached,Established,Freehold,4,,HELMSLEY CLOSE,BRIERLEY HILL,BRIERLEY HILL,DUDLEY,WEST MIDLANDS,Standard,Addition,52.4684970000,-2.1332330000
41000,1995-07-07 00:00:00Z,DY8 4HX,Semi-Detached,Established,Freehold,61,,CHURCHWARD CLOSE,STOURBRIDGE,STOURBRIDGE,DUDLEY,WEST MIDLANDS,Standard,Addition,52.4609710000,-2.1382820000
74000,1995-07-28 00:00:00Z,DY5 3QY,Semi-Detached,Established,Leasehold,5,,SUFFOLK DRIVE,BRIERLEY HILL,BRIERLEY HILL,DUDLEY,WEST MIDLANDS,Standard,Addition,52.4675950000,-2.1322530000
35000,1995-03-16 00:00:00Z,DY5 3NS,Terraced,Established,Leasehold,16,,ROSEMOOR DRIVE,AMBLECOTE,BRIERLEY HILL,DUDLEY,WEST MIDLANDS,Standard,Addition,52.4664310000,-2.1364740000
49000,1995-12-08 00:00:00Z,DY5 2PE,Semi-Detached,Established,Leasehold,27,,BROOMEHILL CLOSE,BRIERLEY HILL,BRIERLEY HILL,DUDLEY,WEST MIDLANDS,Standard,Addition,52.4645230000,-2.1300360000
68000,1995-08-25 00:00:00Z,DY5 2RX,Detached,Established,Freehold,5,,MARTINDALE WALK,BRIERLEY HILL,BRIERLEY HILL,DUDLEY,WEST MIDLANDS,Standard,Addition,52.4627020000,-2.1346810000
95000,1995-09-29 00:00:00Z,DY5 3RZ,Detached,Established,Freehold,40,,KIRKSTONE WAY,AMBLECOTE,BRIERLEY HILL,DUDLEY,WEST MIDLANDS,Standard,Addition,52.4688760000,-2.1363930000
59000,1995-09-08 00:00:00Z,DY5 3PZ,Detached,Established,Leasehold,56,,BARBROOK DRIVE,BRIERLEY HILL,BRIERLEY HILL,DUDLEY,WEST MIDLANDS,Standard,Addition,52.4644510000,-2.1377480000
36000,1995-10-06 00:00:00Z,DY5 3RQ,Flats/Maisonettes,Established,Leasehold,43,,LAKESIDE COURT,BRIERLEY HILL,BRIERLEY HILL,DUDLEY,WEST MIDLANDS,Standard,Addition,52.4691650000,-2.1386530000
72000,1995-03-31 00:00:00Z,DY5 2RU,Semi-Detached,Established,Freehold,12,,FARNDALE CLOSE,BRIERLEY HILL,BRIERLEY HILL,DUDLEY,WEST MIDLANDS,Standard,Addition,52.4624120000,-2.1366230000
42000,1995-10-20 00:00:00Z,DY5 2QF,Semi-Detached,Established,Leasehold,275,,STAMFORD ROAD,BRIERLEY HILL,BRIERLEY HILL,DUDLEY,WEST MIDLANDS,Standard,Addition,52.4602200000,-2.1350120000
46500,1995-09-29 00:00:00Z,DY5 2SZ,Semi-Detached,Established,Freehold,12,,FITZGERALD PLACE,BRIERLEY HILL,BRIERLEY HILL,DUDLEY,WEST MIDLANDS,Standard,Addition,52.4617920000,-2.1365920000
72000,1995-02-28 00:00:00Z,DY5 2RL,Detached,Established,Freehold,1,,LINDALE CRESCENT,AMBLECOTE,BRIERLEY HILL,DUDLEY,WEST MIDLANDS,Standard,Addition,52.4618920000,-2.1351060000
48000,1995-08-22 00:00:00Z,DY5 3NS,Semi-Detached,Established,Freehold,25,,ROSEMOOR DRIVE,AMBLECOTE,BRIERLEY HILL,DUDLEY,WEST MIDLANDS,Standard,Addition,52.4664310000,-2.1364740000
81000,1995-04-28 00:00:00Z,DY5 3UF,Detached,Established,Freehold,10,,HELMSLEY CLOSE,BRIERLEY HILL,BRIERLEY HILL,DUDLEY,WEST MIDLANDS,Standard,Addition,52.4684970000,-2.1332330000
48000,1995-12-11 00:00:00Z,DY5 3PZ,Semi-Detached,Established,Leasehold,23,,BARBROOK DRIVE,BRIERLEY HILL,BRIERLEY HILL,DUDLEY,WEST MIDLANDS,Standard,Addition,52.4644510000,-2.1377480000
47000,1995-08-31 00:00:00Z,DY5 3PP,Semi-Detached,Established,Freehold,51,,OAKHILL DRIVE,BRIERLEY HILL,BRIERLEY HILL,DUDLEY,WEST MIDLANDS,Standard,Addition,52.4651360000,-2.1364990000
45000,1995-01-27 00:00:00Z,DY5 3RQ,Terraced,Established,Freehold,41,,LAKESIDE COURT,BRIERLEY HILL,BRIERLEY HILL,DUDLEY,WEST MIDLANDS,Standard,Addition,52.4691650000,-2.1386530000
72000,1995-10-17 00:00:00Z,DY5 3NY,Detached,Established,Freehold,38,,FINSBURY DRIVE,AMBLECOTE,BRIERLEY HILL,DUDLEY,WEST MIDLANDS,Standard,Addition,52.4650870000,-2.1318770000
66500,1995-05-31 00:00:00Z,DY5 2NZ,Detached,Established,Freehold,1,,GRATHAM CLOSE,AMBLECOTE,BRIERLEY HILL,DUDLEY,WEST MIDLANDS,Standard,Addition,52.4629590000,-2.1373900000
64995,1995-04-18 00:00:00Z,DY5 3QY,Detached,Established,Freehold,10,,SUFFOLK DRIVE,BRIERLEY HILL,BRIERLEY HILL,DUDLEY,WEST MIDLANDS,Standard,Addition,52.4675950000,-2.1322530000
29500,1995-05-31 00:00:00Z,DY5 2PW,Flats/Maisonettes,Established,Leasehold,36,,HERN ROAD,BRIERLEY HILL,BRIERLEY HILL,DUDLEY,WEST MIDLANDS,Standard,Addition,52.4622830000,-2.1312950000
27000,1995-06-23 00:00:00Z,DY5 2PW,Flats/Maisonettes,Established,Leasehold,54,,HERN ROAD,BRIERLEY HILL,BRIERLEY HILL,DUDLEY,WEST MIDLANDS,Standard,Addition,52.4622830000,-2.1312950000
44000,1995-03-03 00:00:00Z,DY5 3PZ,Semi-Detached,Established,Leasehold,34,,BARBROOK DRIVE,BRIERLEY HILL,BRIERLEY HILL,DUDLEY,WEST MIDLANDS,Standard,Addition,52.4644510000,-2.1377480000
44000,1995-05-26 00:00:00Z,DY5 2QF,Flats/Maisonettes,Established,Leasehold,260,,STAMFORD ROAD,BRIERLEY HILL,BRIERLEY HILL,DUDLEY,WEST MIDLANDS,Standard,Addition,52.4602200000,-2.1350120000
78500,1995-03-24 00:00:00Z,DY5 3YF,Detached,Established,Freehold,38,,SHADYMOOR DRIVE,BRIERLEY HILL,BRIERLEY HILL,DUDLEY,WEST MIDLANDS,Standard,Addition,52.4686400000,-2.1302540000
67000,1995-09-22 00:00:00Z,DY5 3PP,Detached,Established,Leasehold,56,,OAKHILL DRIVE,BRIERLEY HILL,BRIERLEY HILL,DUDLEY,WEST MIDLANDS,Standard,Addition,52.4651360000,-2.1364990000
41500,1995-06-02 00:00:00Z,DY5 3RQ,Terraced,Established,Freehold,65,,LAKESIDE COURT,BRIERLEY HILL,BRIERLEY HILL,DUDLEY,WEST MIDLANDS,Standard,Addition,52.4691650000,-2.1386530000
53300,1996-09-30 00:00:00Z,DY5 3NW,Terraced,Established,Freehold,4,,BEWLAY CLOSE,BRIERLEY HILL,BRIERLEY HILL,DUDLEY,WEST MIDLANDS,Standard,Addition,52.4665100000,-2.1380340000
37105,1996-08-30 00:00:00Z,DY5 3NZ,Flats/Maisonettes,Established,Leasehold,107,,BROMPTON DRIVE,AMBLECOTE,BRIERLEY HILL,DUDLEY,WEST MIDLANDS,Standard,Addition,52.4660180000,-2.1355890000
31950,1996-03-01 00:00:00Z,DY5 3SF,Flats/Maisonettes,Established,Leasehold,21,,KIRKSTONE COURT,AMBLECOTE,BRIERLEY HILL,DUDLEY,WEST MIDLANDS,Standard,Addition,52.4679010000,-2.1399080000
45000,1996-03-15 00:00:00Z,DY5 3NW,Semi-Detached,Established,Leasehold,10,,BEWLAY CLOSE,BRIERLEY HILL,BRIERLEY HILL,DUDLEY,WEST MIDLANDS,Standard,Addition,52.4665100000,-2.1380340000
77995,1996-03-22 00:00:00Z,DY5 2NX,Detached,Established,Freehold,4,,BLITHFIELD DRIVE,BRIERLEY HILL,BRIERLEY HILL,DUDLEY,WEST MIDLANDS,Standard,Addition,52.4628090000,-2.1384710000
51000,1996-05-24 00:00:00Z,DY5 3NU,Terraced,Established,Leasehold,7,,BLAKE HALL CLOSE,BRIERLEY HILL,BRIERLEY HILL,DUDLEY,WEST MIDLANDS,Standard,Addition,52.4663270000,-2.1328820000
86000,1996-10-03 00:00:00Z,DY5 3NT,Detached,Established,Leasehold,15,,ALDGATE DRIVE,AMBLECOTE,BRIERLEY HILL,DUDLEY,WEST MIDLANDS,Standard,Addition,52.4658870000,-2.1322180000
67950,1996-07-05 00:00:00Z,DY5 3LL,Detached,Established,Freehold,4,,QUINCY RISE,BRIERLEY HILL,BRIERLEY HILL,DUDLEY,WEST MIDLANDS,Standard,Addition,52.4666880000,-2.1310720000
74000,1996-06-21 00:00:00Z,DY5 3RL,Detached,Established,Freehold,35,,LAMBOURNE WAY,BRIERLEY HILL,BRIERLEY HILL,DUDLEY,WEST MIDLANDS,Standard,Addition,52.4691220000,-2.1337290000
69000,1996-06-07 00:00:00Z,DY5 2SL,Semi-Detached,Established,Freehold,18,,STOW DRIVE,BRIERLEY HILL,BRIERLEY HILL,DUDLEY,WEST MIDLANDS,Standard,Addition,52.4618300000,-2.1340160000
72500,1996-08-23 00:00:00Z,DY5 3YF,Detached,Established,Freehold,16,,SHADYMOOR DRIVE,BRIERLEY HILL,BRIERLEY HILL,DUDLEY,WEST MIDLANDS,Standard,Addition,52.4686400000,-2.1302540000
77000,1996-05-14 00:00:00Z,DY5 3RL,Detached,Established,Freehold,21,,LAMBOURNE WAY,BRIERLEY HILL,BRIERLEY HILL,DUDLEY,WEST MIDLANDS,Standard,Addition,52.4691220000,-2.1337290000
45000,1996-08-30 00:00:00Z,DY5 3RL,Detached,Established,Freehold,37,,LAMBOURNE WAY,BRIERLEY HILL,BRIERLEY HILL,DUDLEY,WEST MIDLANDS,Standard,Addition,52.4691220000,-2.1337290000
64500,1996-04-12 00:00:00Z,DY5 2RU,Detached,Established,Leasehold,37,,FARNDALE CLOSE,BRIERLEY HILL,BRIERLEY HILL,DUDLEY,WEST MIDLANDS,Standard,Addition,52.4624120000,-2.1366230000
78500,1996-10-18 00:00:00Z,DY5 2PE,Detached,Established,Freehold,6,,BROOMEHILL CLOSE,BRIERLEY HILL,BRIERLEY HILL,DUDLEY,WEST MIDLANDS,Standard,Addition,52.4645230000,-2.1300360000
46500,1996-10-18 00:00:00Z,DY5 2RT,Semi-Detached,Established,Freehold,22,,BEAUMONT DRIVE,BRIERLEY HILL,BRIERLEY HILL,DUDLEY,WEST MIDLANDS,Standard,Addition,52.4630260000,-2.1337850000
47950,1996-06-28 00:00:00Z,DY5 2QD,Semi-Detached,Established,Leasehold,142,,STAMFORD ROAD,BRIERLEY HILL,BRIERLEY HILL,DUDLEY,WEST MIDLANDS,Standard,Addition,52.4617180000,-2.1303070000
72500,1996-02-23 00:00:00Z,DY5 3SE,Detached,Established,Freehold,2,,THIRLMERE WALK,BRIERLEY HILL,BRIERLEY HILL,DUDLEY,WEST MIDLANDS,Standard,Addition,52.4667600000,-2.1393450000
31000,1996-06-28 00:00:00Z,DY5 3NS,Flats/Maisonettes,Established,Leasehold,19,,ROSEMOOR DRIVE,AMBLECOTE,BRIERLEY HILL,DUDLEY,WEST MIDLANDS,Standard,Addition,52.4664310000,-2.1364740000
49000,1996-09-27 00:00:00Z,DY5 3NW,Semi-Detached,Established,Leasehold,11,,BEWLAY CLOSE,BRIERLEY HILL,BRIERLEY HILL,DUDLEY,WEST MIDLANDS,Standard,Addition,52.4665100000,-2.1380340000
38000,1996-10-25 00:00:00Z,DY5 3NZ,Flats/Maisonettes,Established,Leasehold,99,,BROMPTON DRIVE,AMBLECOTE,BRIERLEY HILL,DUDLEY,WEST MIDLANDS,Standard,Addition,52.4660180000,-2.1355890000
58000,1996-08-23 00:00:00Z,DY5 2SZ,Detached,Established,Leasehold,15,,FITZGERALD PLACE,BRIERLEY HILL,BRIERLEY HILL,DUDLEY,WEST MIDLANDS,Standard,Addition,52.4617920000,-2.1365920000
56000,1996-12-10 00:00:00Z,DY5 2QD,Semi-Detached,Established,Freehold,164,,STAMFORD ROAD,BRIERLEY HILL,BRIERLEY HILL,DUDLEY,WEST MIDLANDS,Standard,Addition,52.4617180000,-2.1303070000
31500,1996-12-23 00:00:00Z,DY5 3PZ,Flats/Maisonettes,Established,Leasehold,30,,BARBROOK DRIVE,BRIERLEY HILL,BRIERLEY HILL,DUDLEY,WEST MIDLANDS,Standard,Addition,52.4644510000,-2.1377480000
48000,1996-06-21 00:00:00Z,DY5 2RT,Semi-Detached,Established,Freehold,11,,BEAUMONT DRIVE,BRIERLEY HILL,BRIERLEY HILL,DUDLEY,WEST MIDLANDS,Standard,Addition,52.4630260000,-2.1337850000
70500,1996-03-01 00:00:00Z,DY5 2SL,Terraced,Established,Freehold,3,,STOW DRIVE,BRIERLEY HILL,BRIERLEY HILL,DUDLEY,WEST MIDLANDS,Standard,Addition,52.4618300000,-2.1340160000
71500,1996-07-05 00:00:00Z,DY5 3NY,Detached,Established,Freehold,1,,FINSBURY DRIVE,AMBLECOTE,BRIERLEY HILL,DUDLEY,WEST MIDLANDS,Standard,Addition,52.4650870000,-2.1318770000
60000,1996-04-12 00:00:00Z,DY5 2SZ,Detached,Established,Freehold,1,,FITZGERALD PLACE,BRIERLEY HILL,BRIERLEY HILL,DUDLEY,WEST MIDLANDS,Standard,Addition,52.4617920000,-2.1365920000
60000,1996-09-19 00:00:00Z,DY5 2SZ,Detached,Established,Freehold,4,,FITZGERALD PLACE,BRIERLEY HILL,BRIERLEY HILL,DUDLEY,WEST MIDLANDS,Standard,Addition,52.4617920000,-2.1365920000
75000,1996-11-29 00:00:00Z,DY5 3NY,Detached,Established,Freehold,12,,FINSBURY DRIVE,AMBLECOTE,BRIERLEY HILL,DUDLEY,WEST MIDLANDS,Standard,Addition,52.4650870000,-2.1318770000
32000,1996-08-23 00:00:00Z,DY5 3NS,Semi-Detached,Established,Leasehold,15,,ROSEMOOR DRIVE,AMBLECOTE,BRIERLEY HILL,DUDLEY,WEST MIDLANDS,Standard,Addition,52.4664310000,-2.1364740000
84000,1996-07-12 00:00:00Z,DY5 3XL,Detached,Established,Freehold,11,,AMBLESIDE DRIVE,BRIERLEY HILL,BRIERLEY HILL,DUDLEY,WEST MIDLANDS,Standard,Addition,52.4699530000,-2.1332230000
65000,1996-12-13 00:00:00Z,DY5 3SE,Detached,Established,Freehold,4,,THIRLMERE WALK,BRIERLEY HILL,BRIERLEY HILL,DUDLEY,WEST MIDLANDS,Standard,Addition,52.4667600000,-2.1393450000
60000,1996-06-06 00:00:00Z,DY5 3UD,Semi-Detached,Established,Freehold,34,,WOBURN DRIVE,AMBLECOTE,BRIERLEY HILL,DUDLEY,WEST MIDLANDS,Standard,Addition,52.4682120000,-2.1349480000
48000,1996-12-18 00:00:00Z,DY5 2SZ,Semi-Detached,Established,Freehold,21,,FITZGERALD PLACE,BRIERLEY HILL,BRIERLEY HILL,DUDLEY,WEST MIDLANDS,Standard,Addition,52.4617920000,-2.1365920000
40000,1996-04-18 00:00:00Z,DY5 3PP,Semi-Detached,Established,Leasehold,33,,OAKHILL DRIVE,BRIERLEY HILL,BRIERLEY HILL,DUDLEY,WEST MIDLANDS,Standard,Addition,52.4651360000,-2.1364990000
49000,1996-09-19 00:00:00Z,DY5 3NZ,Semi-Detached,Established,Leasehold,77,,BROMPTON DRIVE,AMBLECOTE,BRIERLEY HILL,DUDLEY,WEST MIDLANDS,Standard,Addition,52.4660180000,-2.1355890000
55000,1996-04-26 00:00:00Z,DY5 3SF,Semi-Detached,Established,Freehold,48,,KIRKSTONE COURT,AMBLECOTE,BRIERLEY HILL,DUDLEY,WEST MIDLANDS,Standard,Addition,52.4679010000,-2.1399080000
82000,1996-02-23 00:00:00Z,DY5 3QY,Detached,Established,Freehold,1,,SUFFOLK DRIVE,BRIERLEY HILL,BRIERLEY HILL,DUDLEY,WEST MIDLANDS,Standard,Addition,52.4675950000,-2.1322530000
90500,1996-11-29 00:00:00Z,DY5 2NZ,Detached,Established,Freehold,8,,GRATHAM CLOSE,AMBLECOTE,BRIERLEY HILL,DUDLEY,WEST MIDLANDS,Standard,Addition,52.4629590000,-2.1373900000
50000,1996-08-30 00:00:00Z,DY5 3RL,Detached,Established,Freehold,39,,LAMBOURNE WAY,BRIERLEY HILL,BRIERLEY HILL,DUDLEY,WEST MIDLANDS,Standard,Addition,52.4691220000,-2.1337290000
62000,1996-04-26 00:00:00Z,DY5 3QZ,Detached,Established,Leasehold,12,,HUNSTANTON CLOSE,BRIERLEY HILL,BRIERLEY HILL,DUDLEY,WEST MIDLANDS,Standard,Addition,52.4671910000,-2.1315450000
75000,1996-05-24 00:00:00Z,DY5 2QH,Detached,Established,Leasehold,23,,PETERS HILL ROAD,BRIERLEY HILL,BRIERLEY HILL,DUDLEY,WEST MIDLANDS,Standard,Addition,52.4624430000,-2.1325460000
32500,1996-09-13 00:00:00Z,DY5 3SF,Flats/Maisonettes,Established,Leasehold,19,,KIRKSTONE COURT,AMBLECOTE,BRIERLEY HILL,DUDLEY,WEST MIDLANDS,Standard,Addition,52.4679010000,-2.1399080000
75000,1996-07-09 00:00:00Z,DY5 2QH,Detached,Established,Freehold,17,,PETERS HILL ROAD,BRIERLEY HILL,BRIERLEY HILL,DUDLEY,WEST MIDLANDS,Standard,Addition,52.4624430000,-2.1325460000
85000,1996-10-10 00:00:00Z,DY5 3RZ,Detached,Established,Freehold,60,,KIRKSTONE WAY,AMBLECOTE,BRIERLEY HILL,DUDLEY,WEST MIDLANDS,Standard,Addition,52.4688760000,-2.1363930000
69000,1996-12-18 00:00:00Z,DY5 3YE,Detached,Established,Freehold,8,,STUDLEY DRIVE,BRIERLEY HILL,BRIERLEY HILL,DUDLEY,WEST MIDLANDS,Standard,Addition,52.4680370000,-2.1307820000
44950,1996-06-28 00:00:00Z,DY5 3NS,Semi-Detached,Established,Leasehold,5,,ROSEMOOR DRIVE,AMBLECOTE,BRIERLEY HILL,DUDLEY,WEST MIDLANDS,Standard,Addition,52.4664310000,-2.1364740000
31000,1996-06-14 00:00:00Z,DY5 3SF,Flats/Maisonettes,Established,Leasehold,15,,KIRKSTONE COURT,AMBLECOTE,BRIERLEY HILL,DUDLEY,WEST MIDLANDS,Standard,Addition,52.4679010000,-2.1399080000
90000,1996-11-08 00:00:00Z,DY5 3UF,Detached,Established,Freehold,3,,HELMSLEY CLOSE,BRIERLEY HILL,BRIERLEY HILL,DUDLEY,WEST MIDLANDS,Standard,Addition,52.4684970000,-2.1332330000
46000,1996-01-19 00:00:00Z,DY5 3SF,Terraced,Established,Freehold,22,,KIRKSTONE COURT,AMBLECOTE,BRIERLEY HILL,DUDLEY,WEST MIDLANDS,Standard,Addition,52.4679010000,-2.1399080000
40000,1996-11-11 00:00:00Z,DY5 3RQ,Semi-Detached,Established,Leasehold,27,,LAKESIDE COURT,BRIERLEY HILL,BRIERLEY HILL,DUDLEY,WEST MIDLANDS,Standard,Addition,52.4691650000,-2.1386530000
82500,1996-12-19 00:00:00Z,DY5 3RW,Detached,Established,Freehold,25,,BORROWDALE CLOSE,BRIERLEY HILL,BRIERLEY HILL,DUDLEY,WEST MIDLANDS,Standard,Addition,52.4674270000,-2.1379490000
70000,1996-06-21 00:00:00Z,DY5 2RL,Detached,Established,Freehold,4,,LINDALE CRESCENT,AMBLECOTE,BRIERLEY HILL,DUDLEY,WEST MIDLANDS,Standard,Addition,52.4618920000,-2.1351060000
45000,1996-05-17 00:00:00Z,DY5 3PZ,Semi-Detached,Established,Freehold,22,,BARBROOK DRIVE,BRIERLEY HILL,BRIERLEY HILL,DUDLEY,WEST MIDLANDS,Standard,Addition,52.4644510000,-2.1377480000
68000,1996-06-28 00:00:00Z,DY5 3QY,Detached,Established,Freehold,3,,SUFFOLK DRIVE,BRIERLEY HILL,BRIERLEY HILL,DUDLEY,WEST MIDLANDS,Standard,Addition,52.4675950000,-2.1322530000
82500,1996-11-29 00:00:00Z,DY5 2NZ,Detached,Established,Freehold,6,,GRATHAM CLOSE,AMBLECOTE,BRIERLEY HILL,DUDLEY,WEST MIDLANDS,Standard,Addition,52.4629590000,-2.1373900000
65000,1996-11-29 00:00:00Z,DY5 3PW,Detached,Established,Freehold,29,,BRAYFORD AVENUE,BRIERLEY HILL,BRIERLEY HILL,DUDLEY,WEST MIDLANDS,Standard,Addition,52.4640770000,-2.1352450000
48500,1996-03-08 00:00:00Z,DY5 3PZ,Semi-Detached,Established,Freehold,7,,BARBROOK DRIVE,BRIERLEY HILL,BRIERLEY HILL,DUDLEY,WEST MIDLANDS,Standard,Addition,52.4644510000,-2.1377480000
49000,1996-01-19 00:00:00Z,DY5 2NX,Semi-Detached,Established,Freehold,15,,BLITHFIELD DRIVE,BRIERLEY HILL,BRIERLEY HILL,DUDLEY,WEST MIDLANDS,Standard,Addition,52.4628090000,-2.1384710000
105000,1996-05-17 00:00:00Z,DY5 3RZ,Detached,Established,Freehold,52,,KIRKSTONE WAY,AMBLECOTE,BRIERLEY HILL,DUDLEY,WEST MIDLANDS,Standard,Addition,52.4688760000,-2.1363930000
49500,1996-08-23 00:00:00Z,DY5 2SZ,Semi-Detached,Established,Leasehold,6,,FITZGERALD PLACE,BRIERLEY HILL,BRIERLEY HILL,DUDLEY,WEST MIDLANDS,Standard,Addition,52.4617920000,-2.1365920000
79900,1996-07-26 00:00:00Z,DY5 3RN,Detached,Established,Freehold,5,,BURGHLEY WALK,BRIERLEY HILL,BRIERLEY HILL,DUDLEY,WEST MIDLANDS,Standard,Addition,52.4689130000,-2.1357160000
48950,1996-06-21 00:00:00Z,DY5 2RT,Semi-Detached,Established,Freehold,26,,BEAUMONT DRIVE,BRIERLEY HILL,BRIERLEY HILL,DUDLEY,WEST MIDLANDS,Standard,Addition,52.4630260000,-2.1337850000
57000,1996-08-16 00:00:00Z,DY5 2SZ,Detached,Established,Freehold,1,,FITZGERALD PLACE,BRIERLEY HILL,BRIERLEY HILL,DUDLEY,WEST MIDLANDS,Standard,Addition,52.4617920000,-2.1365920000
47950,1996-06-28 00:00:00Z,DY5 2QD,Semi-Detached,Established,Freehold,142,,STAMFORD ROAD,BRIERLEY HILL,BRIERLEY HILL,DUDLEY,WEST MIDLANDS,Standard,Addition,52.4617180000,-2.1303070000
65500,1996-11-01 00:00:00Z,DY5 2QH,Detached,Established,Freehold,9,,PETERS HILL ROAD,BRIERLEY HILL,BRIERLEY HILL,DUDLEY,WEST MIDLANDS,Standard,Addition,52.4624430000,-2.1325460000
71850,1996-12-04 00:00:00Z,DY5 3PP,Detached,Established,Leasehold,8,,OAKHILL DRIVE,BRIERLEY HILL,BRIERLEY HILL,DUDLEY,WEST MIDLANDS,Standard,Addition,52.4651360000,-2.1364990000
50000,1996-08-23 00:00:00Z,DY5 2SL,Semi-Detached,Established,Freehold,6,,STOW DRIVE,BRIERLEY HILL,BRIERLEY HILL,DUDLEY,WEST MIDLANDS,Standard,Addition,52.4618300000,-2.1340160000
52500,1996-07-12 00:00:00Z,DY5 3NZ,Semi-Detached,Established,Leasehold,32,,BROMPTON DRIVE,AMBLECOTE,BRIERLEY HILL,DUDLEY,WEST MIDLANDS,Standard,Addition,52.4660180000,-2.1355890000
32000,1996-07-19 00:00:00Z,DY5 3PZ,Flats/Maisonettes,Established,Leasehold,60,,BARBROOK DRIVE,BRIERLEY HILL,BRIERLEY HILL,DUDLEY,WEST MIDLANDS,Standard,Addition,52.4644510000,-2.1377480000
39500,1996-04-26 00:00:00Z,DY5 3PQ,Flats/Maisonettes,Established,Leasehold,23,,WOODCOMBE CLOSE,AMBLECOTE,BRIERLEY HILL,DUDLEY,WEST MIDLANDS,Standard,Addition,52.4657350000,-2.1389000000
29000,1996-04-12 00:00:00Z,DY5 2PW,Flats/Maisonettes,Established,Leasehold,26,,HERN ROAD,BRIERLEY HILL,BRIERLEY HILL,DUDLEY,WEST MIDLANDS,Standard,Addition,52.4622830000,-2.1312950000
39000,1996-08-09 00:00:00Z,DY5 3RQ,Flats/Maisonettes,Established,Leasehold,33,,LAKESIDE COURT,BRIERLEY HILL,BRIERLEY HILL,DUDLEY,WEST MIDLANDS,Standard,Addition,52.4691650000,-2.1386530000
88500,1996-08-23 00:00:00Z,DY5 2NZ,Detached,Established,Freehold,25,,GRATHAM CLOSE,AMBLECOTE,BRIERLEY HILL,DUDLEY,WEST MIDLANDS,Standard,Addition,52.4629590000,-2.1373900000
46000,1996-06-07 00:00:00Z,DY5 2SL,Semi-Detached,Established,Leasehold,9,,STOW DRIVE,BRIERLEY HILL,BRIERLEY HILL,DUDLEY,WEST MIDLANDS,Standard,Addition,52.4618300000,-2.1340160000
60000,1996-11-22 00:00:00Z,DY5 3NY,Detached,Established,Freehold,20,,FINSBURY DRIVE,AMBLECOTE,BRIERLEY HILL,DUDLEY,WEST MIDLANDS,Standard,Addition,52.4650870000,-2.1318770000
48000,1996-09-06 00:00:00Z,DY5 3PQ,Semi-Detached,Established,Leasehold,18,,WOODCOMBE CLOSE,AMBLECOTE,BRIERLEY HILL,DUDLEY,WEST MIDLANDS,Standard,Addition,52.4657350000,-2.1389000000
46000,1996-11-29 00:00:00Z,DY5 3PR,Semi-Detached,Established,Leasehold,9,,DUNSFORD CLOSE,BRIERLEY HILL,BRIERLEY HILL,DUDLEY,WEST MIDLANDS,Standard,Addition,52.4645520000,-2.1365270000
34000,1996-04-03 00:00:00Z,DY5 2QE,Semi-Detached,Established,Leasehold,214,,STAMFORD ROAD,BRIERLEY HILL,BRIERLEY HILL,DUDLEY,WEST MIDLANDS,Standard,Addition,52.4609950000,-2.1337640000
84000,1996-11-01 00:00:00Z,DY5 3XL,Detached,Established,Freehold,7,,AMBLESIDE DRIVE,BRIERLEY HILL,BRIERLEY HILL,DUDLEY,WEST MIDLANDS,Standard,Addition,52.4699530000,-2.1332230000
53000,1996-04-04 00:00:00Z,DY5 3QZ,Detached,Established,Freehold,5,,HUNSTANTON CLOSE,BRIERLEY HILL,BRIERLEY HILL,DUDLEY,WEST MIDLANDS,Standard,Addition,52.4671910000,-2.1315450000
47000,1996-10-04 00:00:00Z,DY5 3PR,Semi-Detached,Established,Leasehold,12,,DUNSFORD CLOSE,BRIERLEY HILL,BRIERLEY HILL,DUDLEY,WEST MIDLANDS,Standard,Addition,52.4645520000,-2.1365270000
44500,1996-03-15 00:00:00Z,DY8 4UR,Terraced,Established,Leasehold,185,,PENFIELDS ROAD,STOURBRIDGE,STOURBRIDGE,DUDLEY,WEST MIDLANDS,Standard,Addition,52.4602270000,-2.1369700000
48000,1996-05-03 00:00:00Z,DY5 3PW,Semi-Detached,Established,Leasehold,47,,BRAYFORD AVENUE,BRIERLEY HILL,BRIERLEY HILL,DUDLEY,WEST MIDLANDS,Standard,Addition,52.4640770000,-2.1352450000
92000,1996-07-04 00:00:00Z,DY5 3RN,Detached,Established,Freehold,6,,BURGHLEY WALK,BRIERLEY HILL,BRIERLEY HILL,DUDLEY,WEST MIDLANDS,Standard,Addition,52.4689130000,-2.1357160000
60000,1996-05-31 00:00:00Z,DY5 3YF,Detached,Established,Freehold,44,,SHADYMOOR DRIVE,BRIERLEY HILL,BRIERLEY HILL,DUDLEY,WEST MIDLANDS,Standard,Addition,52.4686400000,-2.1302540000
39250,1996-05-08 00:00:00Z,DY5 3NW,Terraced,Established,Leasehold,2,,BEWLAY CLOSE,BRIERLEY HILL,BRIERLEY HILL,DUDLEY,WEST MIDLANDS,Standard,Addition,52.4665100000,-2.1380340000
49950,1996-04-12 00:00:00Z,DY5 2QG,Semi-Detached,Established,Freehold,53,,SORREL WALK,BRIERLEY HILL,BRIERLEY HILL,DUDLEY,WEST MIDLANDS,Standard,Addition,52.4612010000,-2.1342790000
37000,1996-06-07 00:00:00Z,DY5 3NS,Flats/Maisonettes,Established,Leasehold,23,,ROSEMOOR DRIVE,AMBLECOTE,BRIERLEY HILL,DUDLEY,WEST MIDLANDS,Standard,Addition,52.4664310000,-2.1364740000
78000,1996-08-23 00:00:00Z,DY5 3UF,Detached,Established,Freehold,1,,HELMSLEY CLOSE,BRIERLEY HILL,BRIERLEY HILL,DUDLEY,WEST MIDLANDS,Standard,Addition,52.4684970000,-2.1332330000
59950,1996-05-20 00:00:00Z,DY5 3UD,Semi-Detached,Established,Freehold,36,,WOBURN DRIVE,AMBLECOTE,BRIERLEY HILL,DUDLEY,WEST MIDLANDS,Standard,Addition,52.4682120000,-2.1349480000
24500,1996-09-27 00:00:00Z,DY5 3NS,Semi-Detached,Established,Leasehold,26,,ROSEMOOR DRIVE,AMBLECOTE,BRIERLEY HILL,DUDLEY,WEST MIDLANDS,Standard,Addition,52.4664310000,-2.1364740000
69000,1996-09-26 00:00:00Z,DY5 3NT,Detached,Established,Freehold,47,,ALDGATE DRIVE,AMBLECOTE,BRIERLEY HILL,DUDLEY,WEST MIDLANDS,Standard,Addition,52.4658870000,-2.1322180000
89500,1996-07-08 00:00:00Z,DY5 3RZ,Detached,Established,Freehold,63,,KIRKSTONE WAY,AMBLECOTE,BRIERLEY HILL,DUDLEY,WEST MIDLANDS,Standard,Addition,52.4688760000,-2.1363930000
53000,1996-11-22 00:00:00Z,DY5 2SL,Semi-Detached,Established,Leasehold,12,,STOW DRIVE,BRIERLEY HILL,BRIERLEY HILL,DUDLEY,WEST MIDLANDS,Standard,Addition,52.4618300000,-2.1340160000
117000,1996-07-09 00:00:00Z,DY5 3XL,Detached,Established,Freehold,10,,AMBLESIDE DRIVE,BRIERLEY HILL,BRIERLEY HILL,DUDLEY,WEST MIDLANDS,Standard,Addition,52.4699530000,-2.1332230000
74000,1996-08-23 00:00:00Z,DY5 2NZ,Detached,Established,Freehold,17,,GRATHAM CLOSE,AMBLECOTE,BRIERLEY HILL,DUDLEY,WEST MIDLANDS,Standard,Addition,52.4629590000,-2.1373900000
46000,1996-07-24 00:00:00Z,DY5 3NZ,Semi-Detached,Established,Leasehold,2A,,BROMPTON DRIVE,AMBLECOTE,BRIERLEY HILL,DUDLEY,WEST MIDLANDS,Standard,Addition,52.4660180000,-2.1355890000
49995,1996-05-24 00:00:00Z,DY5 3PZ,Semi-Detached,Established,Freehold,1,,BARBROOK DRIVE,BRIERLEY HILL,BRIERLEY HILL,DUDLEY,WEST MIDLANDS,Standard,Addition,52.4644510000,-2.1377480000
33500,1996-09-27 00:00:00Z,DY5 3PZ,Semi-Detached,Established,Leasehold,20,,BARBROOK DRIVE,BRIERLEY HILL,BRIERLEY HILL,DUDLEY,WEST MIDLANDS,Standard,Addition,52.4644510000,-2.1377480000
82000,1996-04-04 00:00:00Z,DY5 3XL,Detached,Established,Freehold,11,,AMBLESIDE DRIVE,BRIERLEY HILL,BRIERLEY HILL,DUDLEY,WEST MIDLANDS,Standard,Addition,52.4699530000,-2.1332230000
73000,1996-02-16 00:00:00Z,DY5 3PP,Detached,Established,Freehold,16,,OAKHILL DRIVE,BRIERLEY HILL,BRIERLEY HILL,DUDLEY,WEST MIDLANDS,Standard,Addition,52.4651360000,-2.1364990000
46500,1996-12-18 00:00:00Z,DY5 3SF,Terraced,Established,Freehold,11,,KIRKSTONE COURT,AMBLECOTE,BRIERLEY HILL,DUDLEY,WEST MIDLANDS,Standard,Addition,52.4679010000,-2.1399080000
35000,1996-09-27 00:00:00Z,DY5 3PZ,Flats/Maisonettes,Established,Leasehold,38,,BARBROOK DRIVE,BRIERLEY HILL,BRIERLEY HILL,DUDLEY,WEST MIDLANDS,Standard,Addition,52.4644510000,-2.1377480000
68000,1997-07-25 00:00:00Z,DY5 2PE,Detached,Established,Leasehold,7,,BROOMEHILL CLOSE,BRIERLEY HILL,BRIERLEY HILL,DUDLEY,WEST MIDLANDS,Standard,Addition,52.4645230000,-2.1300360000
26750,1997-12-12 00:00:00Z,DY8 4HX,Semi-Detached,Established,Leasehold,1,,CHURCHWARD CLOSE,STOURBRIDGE,STOURBRIDGE,DUDLEY,WEST MIDLANDS,Standard,Addition,52.4609710000,-2.1382820000
63000,1997-11-21 00:00:00Z,DY5 3QZ,Detached,Established,Freehold,7,,HUNSTANTON CLOSE,BRIERLEY HILL,BRIERLEY HILL,DUDLEY,WEST MIDLANDS,Standard,Addition,52.4671910000,-2.1315450000
88000,1997-08-22 00:00:00Z,DY5 3NU,Detached,Established,Freehold,27,,BLAKE HALL CLOSE,BRIERLEY HILL,BRIERLEY HILL,DUDLEY,WEST MIDLANDS,Standard,Addition,52.4663270000,-2.1328820000
90000,1997-10-31 00:00:00Z,DY5 3RZ,Detached,Established,Freehold,56,,KIRKSTONE WAY,AMBLECOTE,BRIERLEY HILL,DUDLEY,WEST MIDLANDS,Standard,Addition,52.4688760000,-2.1363930000
95000,1997-12-12 00:00:00Z,DY5 3RZ,Detached,Established,Freehold,20,,KIRKSTONE WAY,AMBLECOTE,BRIERLEY HILL,DUDLEY,WEST MIDLANDS,Standard,Addition,52.4688760000,-2.1363930000
40000,1997-01-10 00:00:00Z,DY5 3NZ,Flats/Maisonettes,Established,Leasehold,105,,BROMPTON DRIVE,AMBLECOTE,BRIERLEY HILL,DUDLEY,WEST MIDLANDS,Standard,Addition,52.4660180000,-2.1355890000
21000,1997-04-04 00:00:00Z,DY5 3SF,Terraced,Established,Freehold,27,,KIRKSTONE COURT,AMBLECOTE,BRIERLEY HILL,DUDLEY,WEST MIDLANDS,Standard,Addition,52.4679010000,-2.1399080000
67000,1997-06-30 00:00:00Z,DY5 3NX,Detached,Established,Freehold,1,,CHEYNE WALK,BRIERLEY HILL,BRIERLEY HILL,DUDLEY,WEST MIDLANDS,Standard,Addition,52.4654830000,-2.1319820000
48000,1997-07-28 00:00:00Z,DY5 3NZ,Semi-Detached,Established,Leasehold,27,,BROMPTON DRIVE,AMBLECOTE,BRIERLEY HILL,DUDLEY,WEST MIDLANDS,Standard,Addition,52.4660180000,-2.1355890000
41500,1997-04-23 00:00:00Z,DY8 4HX,Semi-Detached,Established,Freehold,57,,CHURCHWARD CLOSE,STOURBRIDGE,STOURBRIDGE,DUDLEY,WEST MIDLANDS,Standard,Addition,52.4609710000,-2.1382820000
48000,1997-05-02 00:00:00Z,DY5 3NW,Semi-Detached,Established,Leasehold,9,,BEWLAY CLOSE,BRIERLEY HILL,BRIERLEY HILL,DUDLEY,WEST MIDLANDS,Standard,Addition,52.4665100000,-2.1380340000
98000,1997-03-26 00:00:00Z,DY5 3SD,Detached,Established,Freehold,5,,BUTTERMERE CLOSE,BRIERLEY HILL,BRIERLEY HILL,DUDLEY,WEST MIDLANDS,Standard,Addition,52.4665020000,-2.1397190000
50700,1997-05-23 00:00:00Z,DY5 2RU,Semi-Detached,Established,Freehold,28,,FARNDALE CLOSE,BRIERLEY HILL,BRIERLEY HILL,DUDLEY,WEST MIDLANDS,Standard,Addition,52.4624120000,-2.1366230000
66950,1997-08-22 00:00:00Z,DY5 3NX,Detached,Established,Leasehold,12,,CHEYNE WALK,BRIERLEY HILL,BRIERLEY HILL,DUDLEY,WEST MIDLANDS,Standard,Addition,52.4654830000,-2.1319820000
67750,1997-08-29 00:00:00Z,DY5 3QW,Detached,Established,Freehold,12,,LYTHWOOD DRIVE,BRIERLEY HILL,BRIERLEY HILL,DUDLEY,WEST MIDLANDS,Standard,Addition,52.4677410000,-2.1307370000
54000,1997-12-01 00:00:00Z,DY5 3QY,Detached,Established,Leasehold,18,,SUFFOLK DRIVE,BRIERLEY HILL,BRIERLEY HILL,DUDLEY,WEST MIDLANDS,Standard,Addition,52.4675950000,-2.1322530000
71000,1997-01-17 00:00:00Z,DY5 3PW,Detached,Established,Leasehold,16,,BRAYFORD AVENUE,BRIERLEY HILL,BRIERLEY HILL,DUDLEY,WEST MIDLANDS,Standard,Addition,52.4640770000,-2.1352450000
33000,1997-09-02 00:00:00Z,DY5 3SF,Semi-Detached,Established,Leasehold,14,,KIRKSTONE COURT,AMBLECOTE,BRIERLEY HILL,DUDLEY,WEST MIDLANDS,Standard,Addition,52.4679010000,-2.1399080000
73000,1997-04-04 00:00:00Z,DY5 3PP,Detached,Established,Leasehold,19,,OAKHILL DRIVE,BRIERLEY HILL,BRIERLEY HILL,DUDLEY,WEST MIDLANDS,Standard,Addition,52.4651360000,-2.1364990000
51750,1997-08-13 00:00:00Z,DY5 3SF,Semi-Detached,Established,Freehold,45,,KIRKSTONE COURT,AMBLECOTE,BRIERLEY HILL,DUDLEY,WEST MIDLANDS,Standard,Addition,52.4679010000,-2.1399080000
41500,1997-09-26 00:00:00Z,DY5 3PP,Semi-Detached,Established,Leasehold,39,,OAKHILL DRIVE,BRIERLEY HILL,BRIERLEY HILL,DUDLEY,WEST MIDLANDS,Standard,Addition,52.4651360000,-2.1364990000
99500,1997-07-18 00:00:00Z,DY5 3RL,Detached,Established,Freehold,4,,LAMBOURNE WAY,BRIERLEY HILL,BRIERLEY HILL,DUDLEY,WEST MIDLANDS,Standard,Addition,52.4691220000,-2.1337290000
50750,1997-09-19 00:00:00Z,DY5 3RQ,Terraced,Established,Freehold,63,,LAKESIDE COURT,BRIERLEY HILL,BRIERLEY HILL,DUDLEY,WEST MIDLANDS,Standard,Addition,52.4691650000,-2.1386530000
99000,1997-07-25 00:00:00Z,DY5 3UF,Detached,Established,Freehold,8,,HELMSLEY CLOSE,BRIERLEY HILL,BRIERLEY HILL,DUDLEY,WEST MIDLANDS,Standard,Addition,52.4684970000,-2.1332330000
99950,1997-07-25 00:00:00Z,DY5 3UF,Detached,Established,Freehold,3,,HELMSLEY CLOSE,BRIERLEY HILL,BRIERLEY HILL,DUDLEY,WEST MIDLANDS,Standard,Addition,52.4684970000,-2.1332330000
73000,1997-10-31 00:00:00Z,DY5 3QW,Detached,Established,Freehold,5,,LYTHWOOD DRIVE,BRIERLEY HILL,BRIERLEY HILL,DUDLEY,WEST MIDLANDS,Standard,Addition,52.4677410000,-2.1307370000
51000,1997-06-19 00:00:00Z,DY5 3PR,Semi-Detached,Established,Leasehold,7,,DUNSFORD CLOSE,BRIERLEY HILL,BRIERLEY HILL,DUDLEY,WEST MIDLANDS,Standard,Addition,52.4645520000,-2.1365270000
40000,1997-06-17 00:00:00Z,DY5 3PQ,Semi-Detached,Established,Leasehold,33,,WOODCOMBE CLOSE,AMBLECOTE,BRIERLEY HILL,DUDLEY,WEST MIDLANDS,Standard,Addition,52.4657350000,-2.1389000000
57950,1997-06-27 00:00:00Z,DY5 3SF,Semi-Detached,Established,Freehold,2,,KIRKSTONE COURT,AMBLECOTE,BRIERLEY HILL,DUDLEY,WEST MIDLANDS,Standard,Addition,52.4679010000,-2.1399080000
34500,1997-10-10 00:00:00Z,DY5 3PZ,Semi-Detached,Established,Leasehold,16,,BARBROOK DRIVE,BRIERLEY HILL,BRIERLEY HILL,DUDLEY,WEST MIDLANDS,Standard,Addition,52.4644510000,-2.1377480000
81000,1997-11-14 00:00:00Z,DY5 3RZ,Detached,Established,Freehold,19,,KIRKSTONE WAY,AMBLECOTE,BRIERLEY HILL,DUDLEY,WEST MIDLANDS,Standard,Addition,52.4688760000,-2.1363930000
77500,1997-09-10 00:00:00Z,DY5 2NZ,Detached,Established,Freehold,22,,GRATHAM CLOSE,AMBLECOTE,BRIERLEY HILL,DUDLEY,WEST MIDLANDS,Standard,Addition,52.4629590000,-2.1373900000
31000,1997-01-10 00:00:00Z,DY5 3PZ,Flats/Maisonettes,Established,Leasehold,60,,BARBROOK DRIVE,BRIERLEY HILL,BRIERLEY HILL,DUDLEY,WEST MIDLANDS,Standard,Addition,52.4644510000,-2.1377480000
98500,1997-12-01 00:00:00Z,DY5 3XJ,Detached,Established,Freehold,4,,PATTERDALE WAY,BRIERLEY HILL,BRIERLEY HILL,DUDLEY,WEST MIDLANDS,Standard,Addition,52.4699480000,-2.1343940000
68000,1997-12-22 00:00:00Z,DY5 2PE,Detached,Established,Leasehold,17,,BROOMEHILL CLOSE,BRIERLEY HILL,BRIERLEY HILL,DUDLEY,WEST MIDLANDS,Standard,Addition,52.4645230000,-2.1300360000
79995,1997-10-03 00:00:00Z,DY5 2NX,Detached,Established,Freehold,7,,BLITHFIELD DRIVE,BRIERLEY HILL,BRIERLEY HILL,DUDLEY,WEST MIDLANDS,Standard,Addition,52.4628090000,-2.1384710000
39000,1997-03-17 00:00:00Z,DY5 3UD,Flats/Maisonettes,Established,Leasehold,14,,WOBURN DRIVE,AMBLECOTE,BRIERLEY HILL,DUDLEY,WEST MIDLANDS,Standard,Addition,52.4682120000,-2.1349480000
53000,1997-10-03 00:00:00Z,DY5 2NX,Semi-Detached,Established,Freehold,15,,BLITHFIELD DRIVE,BRIERLEY HILL,BRIERLEY HILL,DUDLEY,WEST MIDLANDS,Standard,Addition,52.4628090000,-2.1384710000
51500,1997-01-17 00:00:00Z,DY5 3PZ,Semi-Detached,Established,Freehold,1,,BARBROOK DRIVE,BRIERLEY HILL,BRIERLEY HILL,DUDLEY,WEST MIDLANDS,Standard,Addition,52.4644510000,-2.1377480000
24500,1997-07-31 00:00:00Z,DY5 2PW,Flats/Maisonettes,Established,Leasehold,48,,HERN ROAD,BRIERLEY HILL,BRIERLEY HILL,DUDLEY,WEST MIDLANDS,Standard,Addition,52.4622830000,-2.1312950000
94950,1997-12-19 00:00:00Z,DY5 3RZ,Detached,Established,Freehold,20,,KIRKSTONE WAY,AMBLECOTE,BRIERLEY HILL,DUDLEY,WEST MIDLANDS,Standard,Addition,52.4688760000,-2.1363930000
50000,1997-11-14 00:00:00Z,DY5 3NS,Semi-Detached,Established,Freehold,25,,ROSEMOOR DRIVE,AMBLECOTE,BRIERLEY HILL,DUDLEY,WEST MIDLANDS,Standard,Addition,52.4664310000,-2.1364740000
41000,1997-05-09 00:00:00Z,DY5 3UD,Flats/Maisonettes,Established,Leasehold,24,,WOBURN DRIVE,AMBLECOTE,BRIERLEY HILL,DUDLEY,WEST MIDLANDS,Standard,Addition,52.4682120000,-2.1349480000
46500,1997-07-18 00:00:00Z,DY5 3NZ,Semi-Detached,Established,Leasehold,62,,BROMPTON DRIVE,AMBLECOTE,BRIERLEY HILL,DUDLEY,WEST MIDLANDS,Standard,Addition,52.4660180000,-2.1355890000
46200,1997-10-01 00:00:00Z,DY5 3NZ,Semi-Detached,Established,Leasehold,93,,BROMPTON DRIVE,AMBLECOTE,BRIERLEY HILL,DUDLEY,WEST MIDLANDS,Standard,Addition,52.4660180000,-2.1355890000
98000,1997-10-24 00:00:00Z,DY5 3NZ,Detached,Established,Freehold,3,,BROMPTON DRIVE,AMBLECOTE,BRIERLEY HILL,DUDLEY,WEST MIDLANDS,Standard,Addition,52.4660180000,-2.1355890000
65000,1997-03-21 00:00:00Z,DY5 2PE,Detached,Established,Leasehold,8,,BROOMEHILL CLOSE,BRIERLEY HILL,BRIERLEY HILL,DUDLEY,WEST MIDLANDS,Standard,Addition,52.4645230000,-2.1300360000
97000,1997-03-21 00:00:00Z,DY5 3RZ,Detached,Established,Freehold,32,,KIRKSTONE WAY,AMBLECOTE,BRIERLEY HILL,DUDLEY,WEST MIDLANDS,Standard,Addition,52.4688760000,-2.1363930000
45950,1997-11-21 00:00:00Z,DY5 2QG,Semi-Detached,Established,Freehold,35,,SORREL WALK,BRIERLEY HILL,BRIERLEY HILL,DUDLEY,WEST MIDLANDS,Standard,Addition,52.4612010000,-2.1342790000
54950,1997-10-03 00:00:00Z,DY5 2NX,Semi-Detached,Established,Freehold,23,,BLITHFIELD DRIVE,BRIERLEY HILL,BRIERLEY HILL,DUDLEY,WEST MIDLANDS,Standard,Addition,52.4628090000,-2.1384710000
41000,1997-09-26 00:00:00Z,DY5 3RQ,Flats/Maisonettes,Established,Leasehold,45,,LAKESIDE COURT,BRIERLEY HILL,BRIERLEY HILL,DUDLEY,WEST MIDLANDS,Standard,Addition,52.4691650000,-2.1386530000
32000,1997-03-21 00:00:00Z,DY5 3NS,Flats/Maisonettes,Established,Leasehold,33,,ROSEMOOR DRIVE,AMBLECOTE,BRIERLEY HILL,DUDLEY,WEST MIDLANDS,Standard,Addition,52.4664310000,-2.1364740000
73000,1997-08-01 00:00:00Z,DY5 3NZ,Detached,Established,Leasehold,15,,BROMPTON DRIVE,AMBLECOTE,BRIERLEY HILL,DUDLEY,WEST MIDLANDS,Standard,Addition,52.4660180000,-2.1355890000
65450,1997-05-08 00:00:00Z,DY5 2NZ,Detached,Established,Leasehold,3,,GRATHAM CLOSE,AMBLECOTE,BRIERLEY HILL,DUDLEY,WEST MIDLANDS,Standard,Addition,52.4629590000,-2.1373900000
46500,1997-01-31 00:00:00Z,DY5 3NZ,Semi-Detached,Established,Leasehold,54,,BROMPTON DRIVE,AMBLECOTE,BRIERLEY HILL,DUDLEY,WEST MIDLANDS,Standard,Addition,52.4660180000,-2.1355890000
84500,1997-04-04 00:00:00Z,DY5 3RZ,Detached,Established,Freehold,69,,KIRKSTONE WAY,AMBLECOTE,BRIERLEY HILL,DUDLEY,WEST MIDLANDS,Standard,Addition,52.4688760000,-2.1363930000
54950,1997-12-19 00:00:00Z,DY5 2SL,Semi-Detached,Established,Freehold,6,,STOW DRIVE,BRIERLEY HILL,BRIERLEY HILL,DUDLEY,WEST MIDLANDS,Standard,Addition,52.4618300000,-2.1340160000
89950,1997-05-22 00:00:00Z,DY5 2NZ,Detached,Established,Freehold,4,,GRATHAM CLOSE,AMBLECOTE,BRIERLEY HILL,DUDLEY,WEST MIDLANDS,Standard,Addition,52.4629590000,-2.1373900000
46000,1997-07-04 00:00:00Z,DY5 3NS,Semi-Detached,Established,Leasehold,11,,ROSEMOOR DRIVE,AMBLECOTE,BRIERLEY HILL,DUDLEY,WEST MIDLANDS,Standard,Addition,52.4664310000,-2.1364740000
112000,1997-04-04 00:00:00Z,DY5 3RP,Detached,Established,Freehold,1,,RANNOCH CLOSE,BRIERLEY HILL,BRIERLEY HILL,DUDLEY,WEST MIDLANDS,Standard,Addition,52.4682010000,-2.1366410000
38000,1997-01-21 00:00:00Z,DY5 3UD,Semi-Detached,Established,Leasehold,15,,WOBURN DRIVE,AMBLECOTE,BRIERLEY HILL,DUDLEY,WEST MIDLANDS,Standard,Addition,52.4682120000,-2.1349480000
49950,1997-04-25 00:00:00Z,DY5 3PZ,Semi-Detached,Established,Leasehold,72,,BARBROOK DRIVE,BRIERLEY HILL,BRIERLEY HILL,DUDLEY,WEST MIDLANDS,Standard,Addition,52.4644510000,-2.1377480000
46000,1997-06-27 00:00:00Z,DY5 2QG,Semi-Detached,Established,Freehold,35,,SORREL WALK,BRIERLEY HILL,BRIERLEY HILL,DUDLEY,WEST MIDLANDS,Standard,Addition,52.4612010000,-2.1342790000
51500,1997-10-31 00:00:00Z,DY5 3NT,Terraced,Established,Freehold,8,,ALDGATE DRIVE,AMBLECOTE,BRIERLEY HILL,DUDLEY,WEST MIDLANDS,Standard,Addition,52.4658870000,-2.1322180000
99000,1997-06-16 00:00:00Z,DY5 3RN,Semi-Detached,Established,Freehold,9,,BURGHLEY WALK,BRIERLEY HILL,BRIERLEY HILL,DUDLEY,WEST MIDLANDS,Standard,Addition,52.4689130000,-2.1357160000
68000,1997-11-07 00:00:00Z,DY5 3QX,Detached,Established,Freehold,6,,SALCOMBE DRIVE,BRIERLEY HILL,BRIERLEY HILL,DUDLEY,WEST MIDLANDS,Standard,Addition,52.4671000000,-2.1330460000
46000,1997-07-04 00:00:00Z,DY5 3NS,Semi-Detached,Established,Freehold,11,,ROSEMOOR DRIVE,AMBLECOTE,BRIERLEY HILL,DUDLEY,WEST MIDLANDS,Standard,Addition,52.4664310000,-2.1364740000
74500,1997-04-11 00:00:00Z,DY5 2QH,Detached,Established,Freehold,15,,PETERS HILL ROAD,BRIERLEY HILL,BRIERLEY HILL,DUDLEY,WEST MIDLANDS,Standard,Addition,52.4624430000,-2.1325460000
32000,1997-10-31 00:00:00Z,DY5 3NS,Flats/Maisonettes,Established,Leasehold,17,,ROSEMOOR DRIVE,AMBLECOTE,BRIERLEY HILL,DUDLEY,WEST MIDLANDS,Standard,Addition,52.4664310000,-2.1364740000
95000,1997-01-28 00:00:00Z,DY5 3SD,Detached,Established,Freehold,6,,BUTTERMERE CLOSE,BRIERLEY HILL,BRIERLEY HILL,DUDLEY,WEST MIDLANDS,Standard,Addition,52.4665020000,-2.1397190000
47000,1997-08-08 00:00:00Z,DY5 2QE,Semi-Detached,Established,Freehold,238,,STAMFORD ROAD,BRIERLEY HILL,BRIERLEY HILL,DUDLEY,WEST MIDLANDS,Standard,Addition,52.4609950000,-2.1337640000
56500,1997-05-16 00:00:00Z,DY5 3QY,Detached,Established,Leasehold,19,,SUFFOLK DRIVE,BRIERLEY HILL,BRIERLEY HILL,DUDLEY,WEST MIDLANDS,Standard,Addition,52.4675950000,-2.1322530000
65000,1997-03-12 00:00:00Z,DY5 2NX,Semi-Detached,Established,Freehold,11,,BLITHFIELD DRIVE,BRIERLEY HILL,BRIERLEY HILL,DUDLEY,WEST MIDLANDS,Standard,Addition,52.4628090000,-2.1384710000
76000,1997-03-27 00:00:00Z,DY5 3YF,Detached,Established,Freehold,8,,SHADYMOOR DRIVE,BRIERLEY HILL,BRIERLEY HILL,DUDLEY,WEST MIDLANDS,Standard,Addition,52.4686400000,-2.1302540000
48000,1997-09-15 00:00:00Z,DY5 3NT,Terraced,Established,Freehold,10,,ALDGATE DRIVE,AMBLECOTE,BRIERLEY HILL,DUDLEY,WEST MIDLANDS,Standard,Addition,52.4658870000,-2.1322180000
47750,1997-08-22 00:00:00Z,DY5 3NX,Terraced,Established,Leasehold,6,,CHEYNE WALK,BRIERLEY HILL,BRIERLEY HILL,DUDLEY,WEST MIDLANDS,Standard,Addition,52.4654830000,-2.1319820000
55500,1997-09-26 00:00:00Z,DY5 3UF,Detached,Established,Freehold,2,,HELMSLEY CLOSE,BRIERLEY HILL,BRIERLEY HILL,DUDLEY,WEST MIDLANDS,Standard,Addition,52.4684970000,-2.1332330000
72950,1997-04-23 00:00:00Z,DY5 3LL,Detached,Established,Freehold,18,,QUINCY RISE,BRIERLEY HILL,BRIERLEY HILL,DUDLEY,WEST MIDLANDS,Standard,Addition,52.4666880000,-2.1310720000
72500,1997-09-26 00:00:00Z,DY5 3NT,Detached,Established,Freehold,2,,ALDGATE DRIVE,AMBLECOTE,BRIERLEY HILL,DUDLEY,WEST MIDLANDS,Standard,Addition,52.4658870000,-2.1322180000
41000,1997-11-28 00:00:00Z,DY5 3PQ,Flats/Maisonettes,Established,Leasehold,23,,WOODCOMBE CLOSE,AMBLECOTE,BRIERLEY HILL,DUDLEY,WEST MIDLANDS,Standard,Addition,52.4657350000,-2.1389000000
59500,1997-12-18 00:00:00Z,DY5 2NX,Semi-Detached,Established,Freehold,32,,BLITHFIELD DRIVE,BRIERLEY HILL,BRIERLEY HILL,DUDLEY,WEST MIDLANDS,Standard,Addition,52.4628090000,-2.1384710000
53000,1997-06-20 00:00:00Z,DY5 3NW,Semi-Detached,Established,Leasehold,1,,BEWLAY CLOSE,BRIERLEY HILL,BRIERLEY HILL,DUDLEY,WEST MIDLANDS,Standard,Addition,52.4665100000,-2.1380340000
72000,1997-08-22 00:00:00Z,DY5 2RL,Detached,Established,Freehold,14,,LINDALE CRESCENT,AMBLECOTE,BRIERLEY HILL,DUDLEY,WEST MIDLANDS,Standard,Addition,52.4618920000,-2.1351060000
52500,1997-06-27 00:00:00Z,DY5 2PN,Semi-Detached,Established,Leasehold,25,,HERN ROAD,BRIERLEY HILL,BRIERLEY HILL,DUDLEY,WEST MIDLANDS,Standard,Addition,52.4626430000,-2.1313840000
51000,1997-09-26 00:00:00Z,DY5 3NZ,Semi-Detached,Established,Freehold,42,,BROMPTON DRIVE,AMBLECOTE,BRIERLEY HILL,DUDLEY,WEST MIDLANDS,Standard,Addition,52.4660180000,-2.1355890000
40000,1997-12-30 00:00:00Z,DY8 4HX,Terraced,Established,Freehold,44,,CHURCHWARD CLOSE,STOURBRIDGE,STOURBRIDGE,DUDLEY,WEST MIDLANDS,Standard,Addition,52.4609710000,-2.1382820000
95000,1997-06-20 00:00:00Z,DY5 3RL,Detached,Established,Freehold,7,,LAMBOURNE WAY,BRIERLEY HILL,BRIERLEY HILL,DUDLEY,WEST MIDLANDS,Standard,Addition,52.4691220000,-2.1337290000
59000,1997-11-21 00:00:00Z,DY5 3QY,Detached,Established,Leasehold,14,,SUFFOLK DRIVE,BRIERLEY HILL,BRIERLEY HILL,DUDLEY,WEST MIDLANDS,Standard,Addition,52.4675950000,-2.1322530000
95000,1997-04-30 00:00:00Z,DY5 3RL,Detached,Established,Freehold,33,,LAMBOURNE WAY,BRIERLEY HILL,BRIERLEY HILL,DUDLEY,WEST MIDLANDS,Standard,Addition,52.4691220000,-2.1337290000
49950,1997-05-16 00:00:00Z,DY5 3NZ,Semi-Detached,Established,Leasehold,85,,BROMPTON DRIVE,AMBLECOTE,BRIERLEY HILL,DUDLEY,WEST MIDLANDS,Standard,Addition,52.4660180000,-2.1355890000
48000,1997-05-06 00:00:00Z,DY5 3PW,Semi-Detached,Established,Leasehold,25,,BRAYFORD AVENUE,BRIERLEY HILL,BRIERLEY HILL,DUDLEY,WEST MIDLANDS,Standard,Addition,52.4640770000,-2.1352450000
55250,1997-10-10 00:00:00Z,DY5 2SL,Semi-Detached,Established,Freehold,8,,STOW DRIVE,BRIERLEY HILL,BRIERLEY HILL,DUDLEY,WEST MIDLANDS,Standard,Addition,52.4618300000,-2.1340160000
56500,1997-04-18 00:00:00Z,DY5 2PE,Semi-Detached,Established,Leasehold,33,,BROOMEHILL CLOSE,BRIERLEY HILL,BRIERLEY HILL,DUDLEY,WEST MIDLANDS,Standard,Addition,52.4645230000,-2.1300360000
57000,1997-09-05 00:00:00Z,DY5 3UF,Detached,Established,Freehold,9,,HELMSLEY CLOSE,BRIERLEY HILL,BRIERLEY HILL,DUDLEY,WEST MIDLANDS,Standard,Addition,52.4684970000,-2.1332330000
47500,1997-07-11 00:00:00Z,DY5 3NZ,Semi-Detached,Established,Freehold,26,,BROMPTON DRIVE,AMBLECOTE,BRIERLEY HILL,DUDLEY,WEST MIDLANDS,Standard,Addition,52.4660180000,-2.1355890000
98500,1997-03-21 00:00:00Z,DY5 3RP,Detached,Established,Freehold,2,,RANNOCH CLOSE,BRIERLEY HILL,BRIERLEY HILL,DUDLEY,WEST MIDLANDS,Standard,Addition,52.4682010000,-2.1366410000
52000,1997-10-30 00:00:00Z,DY5 2SZ,Semi-Detached,Established,Freehold,17,,FITZGERALD PLACE,BRIERLEY HILL,BRIERLEY HILL,DUDLEY,WEST MIDLANDS,Standard,Addition,52.4617920000,-2.1365920000
76950,1997-09-12 00:00:00Z,DY5 3PW,Semi-Detached,Established,Freehold,39,,BRAYFORD AVENUE,BRIERLEY HILL,BRIERLEY HILL,DUDLEY,WEST MIDLANDS,Standard,Addition,52.4640770000,-2.1352450000
43500,1997-01-24 00:00:00Z,DY5 3SF,Terraced,Established,Freehold,7,,KIRKSTONE COURT,AMBLECOTE,BRIERLEY HILL,DUDLEY,WEST MIDLANDS,Standard,Addition,52.4679010000,-2.1399080000
80000,1997-08-15 00:00:00Z,DY5 3NU,Detached,Established,Leasehold,29,,BLAKE HALL CLOSE,BRIERLEY HILL,BRIERLEY HILL,DUDLEY,WEST MIDLANDS,Standard,Addition,52.4663270000,-2.1328820000
9250,1997-04-18 00:00:00Z,DY5 3SF,Terraced,Established,Leasehold,32,,KIRKSTONE COURT,AMBLECOTE,BRIERLEY HILL,DUDLEY,WEST MIDLANDS,Standard,Addition,52.4679010000,-2.1399080000
55950,1997-11-18 00:00:00Z,DY5 2NX,Semi-Detached,Established,Freehold,30,,BLITHFIELD DRIVE,BRIERLEY HILL,BRIERLEY HILL,DUDLEY,WEST MIDLANDS,Standard,Addition,52.4628090000,-2.1384710000
59950,1997-05-09 00:00:00Z,DY5 2SZ,Detached,Established,Leasehold,10,,FITZGERALD PLACE,BRIERLEY HILL,BRIERLEY HILL,DUDLEY,WEST MIDLANDS,Standard,Addition,52.4617920000,-2.1365920000
45000,1997-09-18 00:00:00Z,DY5 3NZ,Semi-Detached,Established,Freehold,50,,BROMPTON DRIVE,AMBLECOTE,BRIERLEY HILL,DUDLEY,WEST MIDLANDS,Standard,Addition,52.4660180000,-2.1355890000
35000,1997-08-27 00:00:00Z,DY5 3PZ,Flats/Maisonettes,Established,Leasehold,26,,BARBROOK DRIVE,BRIERLEY HILL,BRIERLEY HILL,DUDLEY,WEST MIDLANDS,Standard,Addition,52.4644510000,-2.1377480000
53500,1997-01-17 00:00:00Z,DY5 2RU,Semi-Detached,Established,Leasehold,34,,FARNDALE CLOSE,BRIERLEY HILL,BRIERLEY HILL,DUDLEY,WEST MIDLANDS,Standard,Addition,52.4624120000,-2.1366230000
53500,1997-08-19 00:00:00Z,DY5 3SF,Terraced,Established,Freehold,27,,KIRKSTONE COURT,AMBLECOTE,BRIERLEY HILL,DUDLEY,WEST MIDLANDS,Standard,Addition,52.4679010000,-2.1399080000
59000,1997-05-09 00:00:00Z,DY5 3UD,Semi-Detached,Established,Freehold,5,,WOBURN DRIVE,AMBLECOTE,BRIERLEY HILL,DUDLEY,WEST MIDLANDS,Standard,Addition,52.4682120000,-2.1349480000
68000,1997-10-31 00:00:00Z,DY5 2NX,Detached,Established,Leasehold,22,,BLITHFIELD DRIVE,BRIERLEY HILL,BRIERLEY HILL,DUDLEY,WEST MIDLANDS,Standard,Addition,52.4628090000,-2.1384710000
77000,1997-05-21 00:00:00Z,DY5 3XJ,Detached,Established,Freehold,26,,PATTERDALE WAY,BRIERLEY HILL,BRIERLEY HILL,DUDLEY,WEST MIDLANDS,Standard,Addition,52.4699480000,-2.1343940000
80000,1997-04-25 00:00:00Z,DY5 3NT,Detached,Established,Freehold,34,,ALDGATE DRIVE,AMBLECOTE,BRIERLEY HILL,DUDLEY,WEST MIDLANDS,Standard,Addition,52.4658870000,-2.1322180000
52000,1997-05-02 00:00:00Z,DY5 3UD,Semi-Detached,Established,Freehold,31,,WOBURN DRIVE,AMBLECOTE,BRIERLEY HILL,DUDLEY,WEST MIDLANDS,Standard,Addition,52.4682120000,-2.1349480000
87950,1997-01-17 00:00:00Z,DY5 2RT,Detached,Established,Freehold,14,,BEAUMONT DRIVE,BRIERLEY HILL,BRIERLEY HILL,DUDLEY,WEST MIDLANDS,Standard,Addition,52.4630260000,-2.1337850000
77000,1997-09-26 00:00:00Z,DY5 3SE,Detached,Established,Freehold,8,,THIRLMERE WALK,BRIERLEY HILL,BRIERLEY HILL,DUDLEY,WEST MIDLANDS,Standard,Addition,52.4667600000,-2.1393450000
63000,1997-01-31 00:00:00Z,DY5 3NU,Semi-Detached,Established,Leasehold,3,,BLAKE HALL CLOSE,BRIERLEY HILL,BRIERLEY HILL,DUDLEY,WEST MIDLANDS,Standard,Addition,52.4663270000,-2.1328820000
51000,1998-04-03 00:00:00Z,DY5 2SZ,Semi-Detached,Established,Freehold,23,,FITZGERALD PLACE,BRIERLEY HILL,BRIERLEY HILL,DUDLEY,WEST MIDLANDS,Standard,Addition,52.4617920000,-2.1365920000
48000,1998-04-06 00:00:00Z,DY5 3PR,Semi-Detached,Established,Leasehold,14,,DUNSFORD CLOSE,BRIERLEY HILL,BRIERLEY HILL,DUDLEY,WEST MIDLANDS,Standard,Addition,52.4645520000,-2.1365270000
34000,1998-03-09 00:00:00Z,DY5 3NS,Semi-Detached,Established,Leasehold,24,,ROSEMOOR DRIVE,AMBLECOTE,BRIERLEY HILL,DUDLEY,WEST MIDLANDS,Standard,Addition,52.4664310000,-2.1364740000
80000,1998-03-27 00:00:00Z,DY5 2NZ,Detached,Established,Freehold,20,,GRATHAM CLOSE,AMBLECOTE,BRIERLEY HILL,DUDLEY,WEST MIDLANDS,Standard,Addition,52.4629590000,-2.1373900000
36500,1998-11-20 00:00:00Z,DY5 3SF,Semi-Detached,Established,Leasehold,18,,KIRKSTONE COURT,AMBLECOTE,BRIERLEY HILL,DUDLEY,WEST MIDLANDS,Standard,Addition,52.4679010000,-2.1399080000
55500,1998-11-20 00:00:00Z,DY5 3RQ,Terraced,Established,Freehold,57,,LAKESIDE COURT,BRIERLEY HILL,BRIERLEY HILL,DUDLEY,WEST MIDLANDS,Standard,Addition,52.4691650000,-2.1386530000
52000,1998-11-20 00:00:00Z,DY5 2NX,Semi-Detached,Established,Freehold,21,,BLITHFIELD DRIVE,BRIERLEY HILL,BRIERLEY HILL,DUDLEY,WEST MIDLANDS,Standard,Addition,52.4628090000,-2.1384710000
54000,1998-08-28 00:00:00Z,DY5 2QE,Semi-Detached,Established,Freehold,259,,STAMFORD ROAD,BRIERLEY HILL,BRIERLEY HILL,DUDLEY,WEST MIDLANDS,Standard,Addition,52.4609950000,-2.1337640000
67000,1998-09-11 00:00:00Z,DY5 3UD,Semi-Detached,Established,Freehold,8,,WOBURN DRIVE,AMBLECOTE,BRIERLEY HILL,DUDLEY,WEST MIDLANDS,Standard,Addition,52.4682120000,-2.1349480000
51500,1998-02-27 00:00:00Z,DY5 3RZ,Terraced,Established,Freehold,95,,KIRKSTONE WAY,AMBLECOTE,BRIERLEY HILL,DUDLEY,WEST MIDLANDS,Standard,Addition,52.4688760000,-2.1363930000
46500,1998-01-30 00:00:00Z,DY5 3SF,Terraced,Established,Freehold,7,,KIRKSTONE COURT,AMBLECOTE,BRIERLEY HILL,DUDLEY,WEST MIDLANDS,Standard,Addition,52.4679010000,-2.1399080000
54500,1998-07-03 00:00:00Z,DY5 3NZ,Semi-Detached,Established,Leasehold,2A,,BROMPTON DRIVE,AMBLECOTE,BRIERLEY HILL,DUDLEY,WEST MIDLANDS,Standard,Addition,52.4660180000,-2.1355890000
109000,1998-10-28 00:00:00Z,DY5 3RZ,Detached,Established,Freehold,3,,KIRKSTONE WAY,AMBLECOTE,BRIERLEY HILL,DUDLEY,WEST MIDLANDS,Standard,Addition,52.4688760000,-2.1363930000
56500,1998-10-16 00:00:00Z,DY5 2SZ,Semi-Detached,Established,Leasehold,6,,FITZGERALD PLACE,BRIERLEY HILL,BRIERLEY HILL,DUDLEY,WEST MIDLANDS,Standard,Addition,52.4617920000,-2.1365920000
87950,1998-02-18 00:00:00Z,DY5 3RL,Detached,Established,Freehold,27,,LAMBOURNE WAY,BRIERLEY HILL,BRIERLEY HILL,DUDLEY,WEST MIDLANDS,Standard,Addition,52.4691220000,-2.1337290000
49000,1998-01-09 00:00:00Z,DY5 2PW,Semi-Detached,Established,Leasehold,18,,HERN ROAD,BRIERLEY HILL,BRIERLEY HILL,DUDLEY,WEST MIDLANDS,Standard,Addition,52.4622830000,-2.1312950000
51000,1998-11-05 00:00:00Z,DY5 2QQ,Semi-Detached,Established,Leasehold,42,,SORREL WALK,BRIERLEY HILL,BRIERLEY HILL,DUDLEY,WEST MIDLANDS,Standard,Addition,52.4614060000,-2.1355900000
51500,1998-08-28 00:00:00Z,DY5 3RQ,Terraced,Established,Freehold,41,,LAKESIDE COURT,BRIERLEY HILL,BRIERLEY HILL,DUDLEY,WEST MIDLANDS,Standard,Addition,52.4691650000,-2.1386530000
44250,1998-11-20 00:00:00Z,DY5 2QF,Flats/Maisonettes,Established,Leasehold,277,,STAMFORD ROAD,BRIERLEY HILL,BRIERLEY HILL,DUDLEY,WEST MIDLANDS,Standard,Addition,52.4602200000,-2.1350120000
48500,1998-07-31 00:00:00Z,DY5 3PZ,Semi-Detached,Established,Leasehold,70,,BARBROOK DRIVE,BRIERLEY HILL,BRIERLEY HILL,DUDLEY,WEST MIDLANDS,Standard,Addition,52.4644510000,-2.1377480000
77000,1998-05-27 00:00:00Z,DY5 3LL,Detached,Established,Freehold,9,,QUINCY RISE,BRIERLEY HILL,BRIERLEY HILL,DUDLEY,WEST MIDLANDS,Standard,Addition,52.4666880000,-2.1310720000
27500,1998-11-06 00:00:00Z,DY8 4HX,Semi-Detached,Established,Leasehold,1,,CHURCHWARD CLOSE,STOURBRIDGE,STOURBRIDGE,DUDLEY,WEST MIDLANDS,Standard,Addition,52.4609710000,-2.1382820000
50000,1998-11-05 00:00:00Z,DY5 3SE,Detached,Established,Freehold,5,,THIRLMERE WALK,BRIERLEY HILL,BRIERLEY HILL,DUDLEY,WEST MIDLANDS,Standard,Addition,52.4667600000,-2.1393450000
48500,1998-01-30 00:00:00Z,DY5 3PZ,Semi-Detached,Established,Freehold,22,,BARBROOK DRIVE,BRIERLEY HILL,BRIERLEY HILL,DUDLEY,WEST MIDLANDS,Standard,Addition,52.4644510000,-2.1377480000
53000,1998-05-27 00:00:00Z,DY5 3NS,Semi-Detached,Established,Leasehold,14,,ROSEMOOR DRIVE,AMBLECOTE,BRIERLEY HILL,DUDLEY,WEST MIDLANDS,Standard,Addition,52.4664310000,-2.1364740000
53000,1998-06-04 00:00:00Z,DY5 2NX,Semi-Detached,Established,Leasehold,25,,BLITHFIELD DRIVE,BRIERLEY HILL,BRIERLEY HILL,DUDLEY,WEST MIDLANDS,Standard,Addition,52.4628090000,-2.1384710000
52000,1998-11-26 00:00:00Z,DY5 3PR,Semi-Detached,Established,Leasehold,4,,DUNSFORD CLOSE,BRIERLEY HILL,BRIERLEY HILL,DUDLEY,WEST MIDLANDS,Standard,Addition,52.4645520000,-2.1365270000
87500,1998-06-10 00:00:00Z,DY5 3RZ,Detached,Established,Freehold,26,,KIRKSTONE WAY,AMBLECOTE,BRIERLEY HILL,DUDLEY,WEST MIDLANDS,Standard,Addition,52.4688760000,-2.1363930000
76500,1998-10-16 00:00:00Z,DY5 3YF,Terraced,Established,Freehold,25,,SHADYMOOR DRIVE,BRIERLEY HILL,BRIERLEY HILL,DUDLEY,WEST MIDLANDS,Standard,Addition,52.4686400000,-2.1302540000
43500,1998-07-17 00:00:00Z,DY5 3RQ,Flats/Maisonettes,Established,Leasehold,49,,LAKESIDE COURT,BRIERLEY HILL,BRIERLEY HILL,DUDLEY,WEST MIDLANDS,Standard,Addition,52.4691650000,-2.1386530000
37500,1998-10-27 00:00:00Z,DY5 3NZ,Semi-Detached,Established,Leasehold,113,,BROMPTON DRIVE,AMBLECOTE,BRIERLEY HILL,DUDLEY,WEST MIDLANDS,Standard,Addition,52.4660180000,-2.1355890000
55500,1998-11-26 00:00:00Z,DY5 3NW,Semi-Detached,Established,Leasehold,1,,BEWLAY CLOSE,BRIERLEY HILL,BRIERLEY HILL,DUDLEY,WEST MIDLANDS,Standard,Addition,52.4665100000,-2.1380340000
56100,1998-04-09 00:00:00Z,DY5 2SL,Semi-Detached,Established,Leasehold,10,,STOW DRIVE,BRIERLEY HILL,BRIERLEY HILL,DUDLEY,WEST MIDLANDS,Standard,Addition,52.4618300000,-2.1340160000
75000,1998-08-21 00:00:00Z,DY5 3YF,Detached,Established,Leasehold,5,,SHADYMOOR DRIVE,BRIERLEY HILL,BRIERLEY HILL,DUDLEY,WEST MIDLANDS,Standard,Addition,52.4686400000,-2.1302540000
86950,1998-08-28 00:00:00Z,DY5 2RT,Detached,Established,Leasehold,7,,BEAUMONT DRIVE,BRIERLEY HILL,BRIERLEY HILL,DUDLEY,WEST MIDLANDS,Standard,Addition,52.4630260000,-2.1337850000
53500,1998-04-03 00:00:00Z,DY5 2QH,Semi-Detached,Established,Leasehold,20,,PETERS HILL ROAD,BRIERLEY HILL,BRIERLEY HILL,DUDLEY,WEST MIDLANDS,Standard,Addition,52.4624430000,-2.1325460000
48250,1998-05-29 00:00:00Z,DY5 3UD,Semi-Detached,Established,Freehold,32,,WOBURN DRIVE,AMBLECOTE,BRIERLEY HILL,DUDLEY,WEST MIDLANDS,Standard,Addition,52.4682120000,-2.1349480000
65950,1998-06-05 00:00:00Z,DY8 4UT,Detached,Established,Freehold,1,,WENLOCK ROAD,STOURBRIDGE,STOURBRIDGE,DUDLEY,WEST MIDLANDS,Standard,Addition,52.4602690000,-2.1391190000
60000,1998-08-14 00:00:00Z,DY5 3RQ,Detached,Established,Freehold,85,,LAKESIDE COURT,BRIERLEY HILL,BRIERLEY HILL,DUDLEY,WEST MIDLANDS,Standard,Addition,52.4691650000,-2.1386530000
54000,1998-08-26 00:00:00Z,DY5 3SF,Terraced,Established,Freehold,8,,KIRKSTONE COURT,AMBLECOTE,BRIERLEY HILL,DUDLEY,WEST MIDLANDS,Standard,Addition,52.4679010000,-2.1399080000
54950,1998-05-01 00:00:00Z,DY5 3NZ,Semi-Detached,Established,Freehold,6,,BROMPTON DRIVE,AMBLECOTE,BRIERLEY HILL,DUDLEY,WEST MIDLANDS,Standard,Addition,52.4660180000,-2.1355890000
9250,1998-12-18 00:00:00Z,DY5 3SF,Terraced,Established,Leasehold,34,,KIRKSTONE COURT,AMBLECOTE,BRIERLEY HILL,DUDLEY,WEST MIDLANDS,Standard,Addition,52.4679010000,-2.1399080000
60000,1998-08-14 00:00:00Z,DY5 3RL,Detached,Established,Freehold,37,,LAMBOURNE WAY,BRIERLEY HILL,BRIERLEY HILL,DUDLEY,WEST MIDLANDS,Standard,Addition,52.4691220000,-2.1337290000
49500,1998-05-01 00:00:00Z,DY5 3NS,Semi-Detached,Established,Leasehold,9,,ROSEMOOR DRIVE,AMBLECOTE,BRIERLEY HILL,DUDLEY,WEST MIDLANDS,Standard,Addition,52.4664310000,-2.1364740000
77500,1998-06-01 00:00:00Z,DY5 3PU,Detached,Established,Freehold,3,,EXFORD CLOSE,BRIERLEY HILL,BRIERLEY HILL,DUDLEY,WEST MIDLANDS,Standard,Addition,52.4659470000,-2.1380240000
72950,1998-01-23 00:00:00Z,DY5 3QY,Detached,Established,Freehold,20,,SUFFOLK DRIVE,BRIERLEY HILL,BRIERLEY HILL,DUDLEY,WEST MIDLANDS,Standard,Addition,52.4675950000,-2.1322530000
72950,1998-01-23 00:00:00Z,DY5 3QY,Detached,Established,Leasehold,20,,SUFFOLK DRIVE,BRIERLEY HILL,BRIERLEY HILL,DUDLEY,WEST MIDLANDS,Standard,Addition,52.4675950000,-2.1322530000
69000,1998-10-23 00:00:00Z,DY5 3NU,Detached,Established,Freehold,19,,BLAKE HALL CLOSE,BRIERLEY HILL,BRIERLEY HILL,DUDLEY,WEST MIDLANDS,Standard,Addition,52.4663270000,-2.1328820000
47500,1998-07-10 00:00:00Z,DY5 3PZ,Semi-Detached,Established,Leasehold,41,,BARBROOK DRIVE,BRIERLEY HILL,BRIERLEY HILL,DUDLEY,WEST MIDLANDS,Standard,Addition,52.4644510000,-2.1377480000
89500,1998-07-31 00:00:00Z,DY5 3RZ,Detached,Established,Freehold,22,,KIRKSTONE WAY,AMBLECOTE,BRIERLEY HILL,DUDLEY,WEST MIDLANDS,Standard,Addition,52.4688760000,-2.1363930000
51000,1998-07-24 00:00:00Z,DY5 2RT,Semi-Detached,Established,Freehold,24,,BEAUMONT DRIVE,BRIERLEY HILL,BRIERLEY HILL,DUDLEY,WEST MIDLANDS,Standard,Addition,52.4630260000,-2.1337850000
76000,1998-07-31 00:00:00Z,DY5 3NZ,Detached,Established,Leasehold,21,,BROMPTON DRIVE,AMBLECOTE,BRIERLEY HILL,DUDLEY,WEST MIDLANDS,Standard,Addition,52.4660180000,-2.1355890000
45000,1998-07-31 00:00:00Z,DY5 2QF,Flats/Maisonettes,Established,Leasehold,273,,STAMFORD ROAD,,BRIERLEY HILL,DUDLEY,WEST MIDLANDS,Standard,Addition,52.4602200000,-2.1350120000
77500,1998-06-01 00:00:00Z,DY5 3PU,Detached,Established,Leasehold,3,,EXFORD CLOSE,BRIERLEY HILL,BRIERLEY HILL,DUDLEY,WEST MIDLANDS,Standard,Addition,52.4659470000,-2.1380240000
78000,1998-07-24 00:00:00Z,DY5 3PP,Detached,Established,Freehold,62,,OAKHILL DRIVE,BRIERLEY HILL,BRIERLEY HILL,DUDLEY,WEST MIDLANDS,Standard,Addition,52.4651360000,-2.1364990000
95000,1998-12-18 00:00:00Z,DY5 3QW,Detached,Established,Freehold,37,,LYTHWOOD DRIVE,BRIERLEY HILL,BRIERLEY HILL,DUDLEY,WEST MIDLANDS,Standard,Addition,52.4677410000,-2.1307370000
77000,1998-10-23 00:00:00Z,DY5 3YF,Detached,Established,Freehold,24,,SHADYMOOR DRIVE,BRIERLEY HILL,BRIERLEY HILL,DUDLEY,WEST MIDLANDS,Standard,Addition,52.4686400000,-2.1302540000
91000,1998-07-07 00:00:00Z,DY5 3RZ,Detached,Established,Freehold,60,,KIRKSTONE WAY,AMBLECOTE,BRIERLEY HILL,DUDLEY,WEST MIDLANDS,Standard,Addition,52.4688760000,-2.1363930000
50000,1998-03-27 00:00:00Z,DY5 3PW,Semi-Detached,Established,Leasehold,21,,BRAYFORD AVENUE,BRIERLEY HILL,BRIERLEY HILL,DUDLEY,WEST MIDLANDS,Standard,Addition,52.4640770000,-2.1352450000
44000,1998-04-28 00:00:00Z,DY5 3SF,Semi-Detached,Established,Freehold,28,,KIRKSTONE COURT,AMBLECOTE,BRIERLEY HILL,DUDLEY,WEST MIDLANDS,Standard,Addition,52.4679010000,-2.1399080000
95500,1998-03-25 00:00:00Z,DY5 3RZ,Detached,Established,Freehold,36,,KIRKSTONE WAY,AMBLECOTE,BRIERLEY HILL,DUDLEY,WEST MIDLANDS,Standard,Addition,52.4688760000,-2.1363930000
42950,1998-02-27 00:00:00Z,DY8 4HX,Terraced,Established,Freehold,44,,CHURCHWARD CLOSE,STOURBRIDGE,STOURBRIDGE,DUDLEY,WEST MIDLANDS,Standard,Addition,52.4609710000,-2.1382820000
13200,1998-08-14 00:00:00Z,DY5 3SF,Terraced,Established,Leasehold,42,,KIRKSTONE COURT,AMBLECOTE,BRIERLEY HILL,DUDLEY,WEST MIDLANDS,Standard,Addition,52.4679010000,-2.1399080000
27000,1998-06-26 00:00:00Z,DY5 2PW,Flats/Maisonettes,Established,Leasehold,52,,HERN ROAD,BRIERLEY HILL,BRIERLEY HILL,DUDLEY,WEST MIDLANDS,Standard,Addition,52.4622830000,-2.1312950000
93000,1998-11-05 00:00:00Z,DY5 3SE,Detached,Established,Freehold,7,,THIRLMERE WALK,BRIERLEY HILL,BRIERLEY HILL,DUDLEY,WEST MIDLANDS,Standard,Addition,52.4667600000,-2.1393450000
27000,1998-08-28 00:00:00Z,DY5 2PW,Semi-Detached,Established,Leasehold,30,,HERN ROAD,BRIERLEY HILL,BRIERLEY HILL,DUDLEY,WEST MIDLANDS,Standard,Addition,52.4622830000,-2.1312950000
71500,1998-03-27 00:00:00Z,DY5 2RU,Detached,Established,Freehold,31,,FARNDALE CLOSE,BRIERLEY HILL,BRIERLEY HILL,DUDLEY,WEST MIDLANDS,Standard,Addition,52.4624120000,-2.1366230000
53500,1998-06-26 00:00:00Z,DY8 4HX,Semi-Detached,Established,Freehold,61,,CHURCHWARD CLOSE,STOURBRIDGE,STOURBRIDGE,DUDLEY,WEST MIDLANDS,Standard,Addition,52.4609710000,-2.1382820000
41000,1998-05-22 00:00:00Z,DY5 3PQ,Flats/Maisonettes,Established,Leasehold,32,,WOODCOMBE CLOSE,AMBLECOTE,BRIERLEY HILL,DUDLEY,WEST MIDLANDS,Standard,Addition,52.4657350000,-2.1389000000
91000,1998-08-28 00:00:00Z,DY5 2PE,Semi-Detached,Established,Freehold,1,,BROOMEHILL CLOSE,BRIERLEY HILL,BRIERLEY HILL,DUDLEY,WEST MIDLANDS,Standard,Addition,52.4645230000,-2.1300360000
60000,1998-05-01 00:00:00Z,DY5 3NX,Terraced,Established,Leasehold,10,,CHEYNE WALK,BRIERLEY HILL,BRIERLEY HILL,DUDLEY,WEST MIDLANDS,Standard,Addition,52.4654830000,-2.1319820000
51950,1998-07-10 00:00:00Z,DY5 2SZ,Semi-Detached,Established,Freehold,23,,FITZGERALD PLACE,BRIERLEY HILL,BRIERLEY HILL,DUDLEY,WEST MIDLANDS,Standard,Addition,52.4617920000,-2.1365920000
84000,1998-08-21 00:00:00Z,DY5 3PP,Detached,Established,Freehold,2,,OAKHILL DRIVE,BRIERLEY HILL,BRIERLEY HILL,DUDLEY,WEST MIDLANDS,Standard,Addition,52.4651360000,-2.1364990000
107000,1998-07-13 00:00:00Z,DY5 3UE,Detached,Established,Freehold,8,,CHARNWOOD CLOSE,BRIERLEY HILL,BRIERLEY HILL,DUDLEY,WEST MIDLANDS,Standard,Addition,52.4684510000,-2.1338660000
46950,1998-09-24 00:00:00Z,DY5 2QG,Semi-Detached,Established,Freehold,19,,SORREL WALK,BRIERLEY HILL,BRIERLEY HILL,DUDLEY,WEST MIDLANDS,Standard,Addition,52.4612010000,-2.1342790000
78950,1998-09-25 00:00:00Z,DY5 3NY,Detached,Established,Freehold,8,,FINSBURY DRIVE,AMBLECOTE,BRIERLEY HILL,DUDLEY,WEST MIDLANDS,Standard,Addition,52.4650870000,-2.1318770000
57000,1998-09-25 00:00:00Z,DY5 3NS,Semi-Detached,Established,Freehold,4,,ROSEMOOR DRIVE,AMBLECOTE,BRIERLEY HILL,DUDLEY,WEST MIDLANDS,Standard,Addition,52.4664310000,-2.1364740000
57000,1998-07-14 00:00:00Z,DY5 2PE,Semi-Detached,Established,Leasehold,23,,BROOMEHILL CLOSE,BRIERLEY HILL,BRIERLEY HILL,DUDLEY,WEST MIDLANDS,Standard,Addition,52.4645230000,-2.1300360000
52000,1998-03-27 00:00:00Z,DY5 2RT,Semi-Detached,Established,Freehold,17,,BEAUMONT DRIVE,BRIERLEY HILL,BRIERLEY HILL,DUDLEY,WEST MIDLANDS,Standard,Addition,52.4630260000,-2.1337850000
29000,1998-04-16 00:00:00Z,DY5 3PZ,Flats/Maisonettes,Established,Leasehold,66,,BARBROOK DRIVE,BRIERLEY HILL,BRIERLEY HILL,DUDLEY,WEST MIDLANDS,Standard,Addition,52.4644510000,-2.1377480000
37500,1998-10-23 00:00:00Z,DY5 3NS,Semi-Detached,Established,Leasehold,15,,ROSEMOOR DRIVE,AMBLECOTE,BRIERLEY HILL,DUDLEY,WEST MIDLANDS,Standard,Addition,52.4664310000,-2.1364740000
92000,1998-03-12 00:00:00Z,DY5 3SG,Detached,Established,Freehold,6,,ESKDALE WALK,BRIERLEY HILL,BRIERLEY HILL,DUDLEY,WEST MIDLANDS,Standard,Addition,52.4685590000,-2.1384380000
93250,1998-12-11 00:00:00Z,DY5 3RW,Detached,Established,Freehold,4,,BORROWDALE CLOSE,BRIERLEY HILL,BRIERLEY HILL,DUDLEY,WEST MIDLANDS,Standard,Addition,52.4674270000,-2.1379490000
110000,1998-04-30 00:00:00Z,DY5 3RQ,Detached,Established,Freehold,69,,LAKESIDE COURT,BRIERLEY HILL,BRIERLEY HILL,DUDLEY,WEST MIDLANDS,Standard,Addition,52.4691650000,-2.1386530000
83750,1998-04-03 00:00:00Z,DY5 2PE,Detached,Established,Freehold,3,,BROOMEHILL CLOSE,BRIERLEY HILL,BRIERLEY HILL,DUDLEY,WEST MIDLANDS,Standard,Addition,52.4645230000,-2.1300360000
70000,1998-03-13 00:00:00Z,DY5 3YE,Detached,Established,Freehold,5,,STUDLEY DRIVE,BRIERLEY HILL,BRIERLEY HILL,DUDLEY,WEST MIDLANDS,Standard,Addition,52.4680370000,-2.1307820000
48000,1998-05-01 00:00:00Z,DY5 2PE,Semi-Detached,Established,Leasehold,24,,BROOMEHILL CLOSE,BRIERLEY HILL,BRIERLEY HILL,DUDLEY,WEST MIDLANDS,Standard,Addition,52.4645230000,-2.1300360000
110000,1998-11-02 00:00:00Z,DY5 3RQ,Detached,Established,Freehold,71,,LAKESIDE COURT,BRIERLEY HILL,BRIERLEY HILL,DUDLEY,WEST MIDLANDS,Standard,Addition,52.4691650000,-2.1386530000
40000,1998-05-22 00:00:00Z,DY5 2QG,Semi-Detached,Established,Leasehold,5,,SORREL WALK,BRIERLEY HILL,BRIERLEY HILL,DUDLEY,WEST MIDLANDS,Standard,Addition,52.4612010000,-2.1342790000
40000,1998-07-27 00:00:00Z,DY5 2QB,Semi-Detached,Established,Freehold,55,,BITTERN WALK,BRIERLEY HILL,BRIERLEY HILL,DUDLEY,WEST MIDLANDS,Standard,Addition,52.4620770000,-2.1302200000
105000,1998-12-18 00:00:00Z,DY5 3SD,Detached,Established,Freehold,6,,BUTTERMERE CLOSE,BRIERLEY HILL,BRIERLEY HILL,DUDLEY,WEST MIDLANDS,Standard,Addition,52.4665020000,-2.1397190000
69000,1998-12-04 00:00:00Z,DY5 3NZ,Semi-Detached,Established,Leasehold,36,,BROMPTON DRIVE,AMBLECOTE,BRIERLEY HILL,DUDLEY,WEST MIDLANDS,Standard,Addition,52.4660180000,-2.1355890000
72950,1998-07-30 00:00:00Z,DY5 3NX,Detached,Established,Leasehold,3,,CHEYNE WALK,BRIERLEY HILL,BRIERLEY HILL,DUDLEY,WEST MIDLANDS,Standard,Addition,52.4654830000,-2.1319820000
37995,1999-12-17 00:00:00Z,DY5 3NS,Flats/Maisonettes,Established,Leasehold,23,,ROSEMOOR DRIVE,AMBLECOTE,BRIERLEY HILL,DUDLEY,WEST MIDLANDS,Standard,Addition,52.4664310000,-2.1364740000
49000,1999-04-26 00:00:00Z,DY5 3NZ,Semi-Detached,Established,Leasehold,52,,BROMPTON DRIVE,AMBLECOTE,BRIERLEY HILL,DUDLEY,WEST MIDLANDS,Standard,Addition,52.4660180000,-2.1355890000
60950,1999-07-30 00:00:00Z,DY5 3SF,Terraced,Established,Freehold,23,,KIRKSTONE COURT,AMBLECOTE,BRIERLEY HILL,DUDLEY,WEST MIDLANDS,Standard,Addition,52.4679010000,-2.1399080000
105000,1999-10-15 00:00:00Z,DY5 3RN,Detached,Established,Freehold,10,,BURGHLEY WALK,,BRIERLEY HILL,DUDLEY,WEST MIDLANDS,Standard,Addition,52.4689130000,-2.1357160000
97750,1999-06-02 00:00:00Z,DY5 2RU,Detached,Established,Freehold,15,,FARNDALE CLOSE,,BRIERLEY HILL,DUDLEY,WEST MIDLANDS,Standard,Addition,52.4624120000,-2.1366230000
104950,1999-07-30 00:00:00Z,DY5 3RQ,Detached,Established,Freehold,17,,LAKESIDE COURT,,BRIERLEY HILL,DUDLEY,WEST MIDLANDS,Standard,Addition,52.4691650000,-2.1386530000
105000,1999-07-08 00:00:00Z,DY5 3SD,Detached,Established,Freehold,2,,BUTTERMERE CLOSE,,BRIERLEY HILL,DUDLEY,WEST MIDLANDS,Standard,Addition,52.4665020000,-2.1397190000
62500,1999-10-01 00:00:00Z,DY5 2SZ,Semi-Detached,Established,Freehold,3,,FITZGERALD PLACE,,BRIERLEY HILL,DUDLEY,WEST MIDLANDS,Standard,Addition,52.4617920000,-2.1365920000
26000,1999-12-03 00:00:00Z,DY5 2PW,Flats/Maisonettes,Established,Leasehold,46,,HERN ROAD,,BRIERLEY HILL,DUDLEY,WEST MIDLANDS,Standard,Addition,52.4622830000,-2.1312950000
115995,1999-09-02 00:00:00Z,DY5 2RT,Detached,Established,Freehold,2,,BEAUMONT DRIVE,,BRIERLEY HILL,DUDLEY,WEST MIDLANDS,Standard,Addition,52.4630260000,-2.1337850000
90000,1999-01-29 00:00:00Z,DY5 3YF,Detached,Established,Freehold,27,,SHADYMOOR DRIVE,,BRIERLEY HILL,DUDLEY,WEST MIDLANDS,Standard,Addition,52.4686400000,-2.1302540000
56950,1999-11-18 00:00:00Z,DY5 2QG,Semi-Detached,Established,Freehold,1,,SORREL WALK,,BRIERLEY HILL,DUDLEY,WEST MIDLANDS,Standard,Addition,52.4612010000,-2.1342790000
57950,1999-08-17 00:00:00Z,DY5 3NW,Terraced,Established,Leasehold,6,,BEWLAY CLOSE,,BRIERLEY HILL,DUDLEY,WEST MIDLANDS,Standard,Addition,52.4665100000,-2.1380340000
55500,1999-12-14 00:00:00Z,DY5 3NZ,Semi-Detached,Established,Leasehold,83,,BROMPTON DRIVE,AMBLECOTE,BRIERLEY HILL,DUDLEY,WEST MIDLANDS,Standard,Addition,52.4660180000,-2.1355890000
104950,1999-06-11 00:00:00Z,DY5 3RQ,Detached,Established,Freehold,2,,LAKESIDE COURT,,BRIERLEY HILL,DUDLEY,WEST MIDLANDS,Standard,Addition,52.4691650000,-2.1386530000
54000,1999-06-11 00:00:00Z,DY5 3PR,Semi-Detached,Established,Leasehold,10,,DUNSFORD CLOSE,,BRIERLEY HILL,DUDLEY,WEST MIDLANDS,Standard,Addition,52.4645520000,-2.1365270000
9000,1999-09-03 00:00:00Z,DY5 3SF,Flats/Maisonettes,Established,Leasehold,33,,KIRKSTONE COURT,AMBLECOTE,BRIERLEY HILL,DUDLEY,WEST MIDLANDS,Standard,Addition,52.4679010000,-2.1399080000
55750,1999-02-08 00:00:00Z,DY5 2SL,Semi-Detached,Established,Freehold,8,,STOW DRIVE,,BRIERLEY HILL,DUDLEY,WEST MIDLANDS,Standard,Addition,52.4618300000,-2.1340160000
75500,1999-01-15 00:00:00Z,DY5 2RU,Semi-Detached,Established,Leasehold,17,,FARNDALE CLOSE,,BRIERLEY HILL,DUDLEY,WEST MIDLANDS,Standard,Addition,52.4624120000,-2.1366230000
58950,1999-08-20 00:00:00Z,DY5 3NZ,Semi-Detached,Established,Leasehold,63,,BROMPTON DRIVE,AMBLECOTE,BRIERLEY HILL,DUDLEY,WEST MIDLANDS,Standard,Addition,52.4660180000,-2.1355890000
67000,1999-06-04 00:00:00Z,DY5 3SF,Semi-Detached,Established,Freehold,47,,KIRKSTONE COURT,AMBLECOTE,BRIERLEY HILL,DUDLEY,WEST MIDLANDS,Standard,Addition,52.4679010000,-2.1399080000
48500,1999-06-28 00:00:00Z,DY5 3NZ,Semi-Detached,Established,Freehold,26,,BROMPTON DRIVE,AMBLECOTE,BRIERLEY HILL,DUDLEY,WEST MIDLANDS,Standard,Addition,52.4660180000,-2.1355890000
83750,1999-05-21 00:00:00Z,DY5 3RP,Detached,Established,Freehold,6,,RANNOCH CLOSE,,BRIERLEY HILL,DUDLEY,WEST MIDLANDS,Standard,Addition,52.4682010000,-2.1366410000
28000,1999-05-28 00:00:00Z,DY5 3RQ,Terraced,Established,Leasehold,35,,LAKESIDE COURT,,BRIERLEY HILL,DUDLEY,WEST MIDLANDS,Standard,Addition,52.4691650000,-2.1386530000
84000,1999-07-12 00:00:00Z,DY5 3RW,Detached,Established,Freehold,5,,BORROWDALE CLOSE,,BRIERLEY HILL,DUDLEY,WEST MIDLANDS,Standard,Addition,52.4674270000,-2.1379490000
58000,1999-09-01 00:00:00Z,DY5 2PE,Semi-Detached,Established,Leasehold,39,,BROOMEHILL CLOSE,,BRIERLEY HILL,DUDLEY,WEST MIDLANDS,Standard,Addition,52.4645230000,-2.1300360000
63500,1999-12-03 00:00:00Z,DY5 3NZ,Semi-Detached,Established,Leasehold,43,,BROMPTON DRIVE,AMBLECOTE,BRIERLEY HILL,DUDLEY,WEST MIDLANDS,Standard,Addition,52.4660180000,-2.1355890000
57000,1999-05-28 00:00:00Z,DY5 3NZ,Semi-Detached,Established,Leasehold,34,,BROMPTON DRIVE,AMBLECOTE,BRIERLEY HILL,DUDLEY,WEST MIDLANDS,Standard,Addition,52.4660180000,-2.1355890000
82500,1999-08-27 00:00:00Z,DY5 3SF,Terraced,Established,Freehold,30,,KIRKSTONE COURT,AMBLECOTE,BRIERLEY HILL,DUDLEY,WEST MIDLANDS,Standard,Addition,52.4679010000,-2.1399080000
103000,1999-09-13 00:00:00Z,DY5 2NZ,Detached,Established,Freehold,25,,GRATHAM CLOSE,AMBLECOTE,BRIERLEY HILL,DUDLEY,WEST MIDLANDS,Standard,Addition,52.4629590000,-2.1373900000
89950,1999-09-17 00:00:00Z,DY5 2QH,Detached,Established,Freehold,15,,PETERS HILL ROAD,,BRIERLEY HILL,DUDLEY,WEST MIDLANDS,Standard,Addition,52.4624430000,-2.1325460000
51995,1999-08-27 00:00:00Z,DY5 3NW,Semi-Detached,Established,Leasehold,8,,BEWLAY CLOSE,,BRIERLEY HILL,DUDLEY,WEST MIDLANDS,Standard,Addition,52.4665100000,-2.1380340000
54950,1999-08-27 00:00:00Z,DY5 3PW,Semi-Detached,Established,Freehold,24,,BRAYFORD AVENUE,,BRIERLEY HILL,DUDLEY,WEST MIDLANDS,Standard,Addition,52.4640770000,-2.1352450000
55500,1999-09-03 00:00:00Z,DY5 3PR,Semi-Detached,Established,Leasehold,9,,DUNSFORD CLOSE,,BRIERLEY HILL,DUDLEY,WEST MIDLANDS,Standard,Addition,52.4645520000,-2.1365270000
87000,1999-09-24 00:00:00Z,DY5 3NT,Detached,Established,Leasehold,37,,ALDGATE DRIVE,AMBLECOTE,BRIERLEY HILL,DUDLEY,WEST MIDLANDS,Standard,Addition,52.4658870000,-2.1322180000
78000,1999-01-28 00:00:00Z,DY5 3NT,Detached,Established,Freehold,18,,ALDGATE DRIVE,AMBLECOTE,BRIERLEY HILL,DUDLEY,WEST MIDLANDS,Standard,Addition,52.4658870000,-2.1322180000
61000,1999-07-07 00:00:00Z,DY5 2RU,Semi-Detached,Established,Leasehold,26,,FARNDALE CLOSE,,BRIERLEY HILL,DUDLEY,WEST MIDLANDS,Standard,Addition,52.4624120000,-2.1366230000
79000,1999-10-29 00:00:00Z,DY5 2RT,Detached,Established,Freehold,28,,BEAUMONT DRIVE,,BRIERLEY HILL,DUDLEY,WEST MIDLANDS,Standard,Addition,52.4630260000,-2.1337850000
54950,1999-02-05 00:00:00Z,DY5 2QQ,Semi-Detached,Established,Leasehold,44,,SORREL WALK,,BRIERLEY HILL,DUDLEY,WEST MIDLANDS,Standard,Addition,52.4614060000,-2.1355900000
86750,1999-07-30 00:00:00Z,DY5 2RX,Detached,Established,Freehold,5,,MARTINDALE WALK,,BRIERLEY HILL,DUDLEY,WEST MIDLANDS,Standard,Addition,52.4627020000,-2.1346810000
57500,1999-08-11 00:00:00Z,DY5 2RU,Semi-Detached,Established,Leasehold,34,,FARNDALE CLOSE,,BRIERLEY HILL,DUDLEY,WEST MIDLANDS,Standard,Addition,52.4624120000,-2.1366230000
52500,1999-06-25 00:00:00Z,DY5 3NS,Semi-Detached,Established,Freehold,7,,ROSEMOOR DRIVE,AMBLECOTE,BRIERLEY HILL,DUDLEY,WEST MIDLANDS,Standard,Addition,52.4664310000,-2.1364740000
89000,1999-08-16 00:00:00Z,DY5 3RZ,Detached,Established,Freehold,65,,KIRKSTONE WAY,AMBLECOTE,BRIERLEY HILL,DUDLEY,WEST MIDLANDS,Standard,Addition,52.4688760000,-2.1363930000
76000,1999-08-17 00:00:00Z,DY5 2NX,Detached,Established,Freehold,9,,BLITHFIELD DRIVE,,BRIERLEY HILL,DUDLEY,WEST MIDLANDS,Standard,Addition,52.4628090000,-2.1384710000
55500,1999-03-31 00:00:00Z,DY5 2RT,Semi-Detached,Established,Freehold,9,,BEAUMONT DRIVE,,BRIERLEY HILL,DUDLEY,WEST MIDLANDS,Standard,Addition,52.4630260000,-2.1337850000
56750,1999-10-04 00:00:00Z,DY5 3NZ,Semi-Detached,Established,Freehold,56,,BROMPTON DRIVE,AMBLECOTE,BRIERLEY HILL,DUDLEY,WEST MIDLANDS,Standard,Addition,52.4660180000,-2.1355890000
122500,1999-08-20 00:00:00Z,DY5 3UD,Detached,Established,Freehold,1,,WOBURN DRIVE,AMBLECOTE,BRIERLEY HILL,DUDLEY,WEST MIDLANDS,Standard,Addition,52.4682120000,-2.1349480000
37500,1999-11-16 00:00:00Z,DY5 3NS,Semi-Detached,Established,Leasehold,1,,ROSEMOOR DRIVE,AMBLECOTE,BRIERLEY HILL,DUDLEY,WEST MIDLANDS,Standard,Addition,52.4664310000,-2.1364740000
116000,1999-03-12 00:00:00Z,DY5 3XL,Detached,Established,Freehold,21,,AMBLESIDE DRIVE,,BRIERLEY HILL,DUDLEY,WEST MIDLANDS,Standard,Addition,52.4699530000,-2.1332230000
97500,1999-10-18 00:00:00Z,DY5 2RX,Detached,Established,Freehold,9,,MARTINDALE WALK,,BRIERLEY HILL,DUDLEY,WEST MIDLANDS,Standard,Addition,52.4627020000,-2.1346810000
75950,1999-07-09 00:00:00Z,DY5 2SZ,Detached,Established,Freehold,4,,FITZGERALD PLACE,,BRIERLEY HILL,DUDLEY,WEST MIDLANDS,Standard,Addition,52.4617920000,-2.1365920000
70000,1999-10-04 00:00:00Z,DY5 3SF,Terraced,Established,Freehold,22,,KIRKSTONE COURT,AMBLECOTE,BRIERLEY HILL,DUDLEY,WEST MIDLANDS,Standard,Addition,52.4679010000,-2.1399080000
61000,1999-09-17 00:00:00Z,DY5 2RU,Semi-Detached,Established,Freehold,21,,FARNDALE CLOSE,,BRIERLEY HILL,DUDLEY,WEST MIDLANDS,Standard,Addition,52.4624120000,-2.1366230000
37500,1999-07-30 00:00:00Z,DY5 3SF,Flats/Maisonettes,Established,Leasehold,19,,KIRKSTONE COURT,AMBLECOTE,BRIERLEY HILL,DUDLEY,WEST MIDLANDS,Standard,Addition,52.4679010000,-2.1399080000
53250,1999-04-26 00:00:00Z,DY5 3PQ,Semi-Detached,Established,Leasehold,6,,WOODCOMBE CLOSE,AMBLECOTE,BRIERLEY HILL,DUDLEY,WEST MIDLANDS,Standard,Addition,52.4657350000,-2.1389000000
49950,1999-12-03 00:00:00Z,DY5 3PQ,Semi-Detached,Established,Leasehold,27,,WOODCOMBE CLOSE,AMBLECOTE,BRIERLEY HILL,DUDLEY,WEST MIDLANDS,Standard,Addition,52.4657350000,-2.1389000000
115000,1999-07-30 00:00:00Z,DY5 3RZ,Detached,Established,Freehold,43,,KIRKSTONE WAY,AMBLECOTE,BRIERLEY HILL,DUDLEY,WEST MIDLANDS,Standard,Addition,52.4688760000,-2.1363930000
50000,1999-07-30 00:00:00Z,DY5 3RZ,Terraced,Established,Freehold,99,,KIRKSTONE WAY,AMBLECOTE,BRIERLEY HILL,DUDLEY,WEST MIDLANDS,Standard,Addition,52.4688760000,-2.1363930000
59000,1999-12-17 00:00:00Z,DY5 2RT,Semi-Detached,Established,Freehold,10,,BEAUMONT DRIVE,,BRIERLEY HILL,DUDLEY,WEST MIDLANDS,Standard,Addition,52.4630260000,-2.1337850000
49950,1999-12-02 00:00:00Z,DY8 4UR,Terraced,Established,Freehold,173,,PENFIELDS ROAD,,STOURBRIDGE,DUDLEY,WEST MIDLANDS,Standard,Addition,52.4602270000,-2.1369700000
57950,1999-09-17 00:00:00Z,DY5 3NZ,Semi-Detached,Established,Leasehold,58,,BROMPTON DRIVE,AMBLECOTE,BRIERLEY HILL,DUDLEY,WEST MIDLANDS,Standard,Addition,52.4660180000,-2.1355890000
48950,1999-06-11 00:00:00Z,DY5 3NS,Semi-Detached,Established,Freehold,11,,ROSEMOOR DRIVE,AMBLECOTE,BRIERLEY HILL,DUDLEY,WEST MIDLANDS,Standard,Addition,52.4664310000,-2.1364740000
69000,1999-08-20 00:00:00Z,DY5 3SF,Semi-Detached,Established,Freehold,26,,KIRKSTONE COURT,AMBLECOTE,BRIERLEY HILL,DUDLEY,WEST MIDLANDS,Standard,Addition,52.4679010000,-2.1399080000
72500,1999-12-17 00:00:00Z,DY5 2QQ,Detached,Established,Leasehold,36,,SORREL WALK,,BRIERLEY HILL,DUDLEY,WEST MIDLANDS,Standard,Addition,52.4614060000,-2.1355900000
56000,1999-11-12 00:00:00Z,DY5 3NS,Semi-Detached,Established,Leasehold,6,,ROSEMOOR DRIVE,AMBLECOTE,BRIERLEY HILL,DUDLEY,WEST MIDLANDS,Standard,Addition,52.4664310000,-2.1364740000
73900,1999-12-09 00:00:00Z,DY5 3QY,Detached,Established,Freehold,17,,SUFFOLK DRIVE,,BRIERLEY HILL,DUDLEY,WEST MIDLANDS,Standard,Addition,52.4675950000,-2.1322530000
116000,1999-08-19 00:00:00Z,DY5 3RN,Detached,Established,Freehold,3,,BURGHLEY WALK,,BRIERLEY HILL,DUDLEY,WEST MIDLANDS,Standard,Addition,52.4689130000,-2.1357160000
80000,1999-12-10 00:00:00Z,DY5 3NT,Detached,Established,Leasehold,14,,ALDGATE DRIVE,AMBLECOTE,BRIERLEY HILL,DUDLEY,WEST MIDLANDS,Standard,Addition,52.4658870000,-2.1322180000
53950,1999-05-07 00:00:00Z,DY5 3NZ,Semi-Detached,Established,Leasehold,31,,BROMPTON DRIVE,AMBLECOTE,BRIERLEY HILL,DUDLEY,WEST MIDLANDS,Standard,Addition,52.4660180000,-2.1355890000
58500,1999-07-30 00:00:00Z,DY5 3NZ,Semi-Detached,Established,Leasehold,71,,BROMPTON DRIVE,AMBLECOTE,BRIERLEY HILL,DUDLEY,WEST MIDLANDS,Standard,Addition,52.4660180000,-2.1355890000
80000,1999-06-25 00:00:00Z,DY5 3PP,Detached,Established,Freehold,20,,OAKHILL DRIVE,,BRIERLEY HILL,DUDLEY,WEST MIDLANDS,Standard,Addition,52.4651360000,-2.1364990000
87000,1999-09-24 00:00:00Z,DY5 3NT,Detached,Established,Freehold,37,,ALDGATE DRIVE,AMBLECOTE,BRIERLEY HILL,DUDLEY,WEST MIDLANDS,Standard,Addition,52.4658870000,-2.1322180000
50000,1999-11-02 00:00:00Z,DY5 3PQ,Flats/Maisonettes,Established,Leasehold,29,,WOODCOMBE CLOSE,AMBLECOTE,BRIERLEY HILL,DUDLEY,WEST MIDLANDS,Standard,Addition,52.4657350000,-2.1389000000
33500,1999-06-23 00:00:00Z,DY5 3PZ,Flats/Maisonettes,Established,Leasehold,32,,BARBROOK DRIVE,,BRIERLEY HILL,DUDLEY,WEST MIDLANDS,Standard,Addition,52.4644510000,-2.1377480000
110000,1999-09-17 00:00:00Z,DY5 3XL,Detached,Established,Freehold,31,,AMBLESIDE DRIVE,,BRIERLEY HILL,DUDLEY,WEST MIDLANDS,Standard,Addition,52.4699530000,-2.1332230000
78500,1999-07-30 00:00:00Z,DY5 3PW,Semi-Detached,Established,Leasehold,9,,BRAYFORD AVENUE,,BRIERLEY HILL,DUDLEY,WEST MIDLANDS,Standard,Addition,52.4640770000,-2.1352450000
85000,1999-03-23 00:00:00Z,DY5 3QW,Detached,Established,Freehold,17,,LYTHWOOD DRIVE,,BRIERLEY HILL,DUDLEY,WEST MIDLANDS,Standard,Addition,52.4677410000,-2.1307370000
48950,1999-06-11 00:00:00Z,DY5 3NS,Semi-Detached,Established,Leasehold,11,,ROSEMOOR DRIVE,AMBLECOTE,BRIERLEY HILL,DUDLEY,WEST MIDLANDS,Standard,Addition,52.4664310000,-2.1364740000
56000,1999-12-03 00:00:00Z,DY5 3NZ,Semi-Detached,Established,Leasehold,62,,BROMPTON DRIVE,AMBLECOTE,BRIERLEY HILL,DUDLEY,WEST MIDLANDS,Standard,Addition,52.4660180000,-2.1355890000
57950,1999-07-30 00:00:00Z,DY5 2NX,Semi-Detached,Established,Freehold,34,,BLITHFIELD DRIVE,,BRIERLEY HILL,DUDLEY,WEST MIDLANDS,Standard,Addition,52.4628090000,-2.1384710000
53500,2000-05-25 00:00:00Z,DY5 2QE,Semi-Detached,Established,Leasehold,222,,STAMFORD ROAD,,BRIERLEY HILL,DUDLEY,WEST MIDLANDS,Standard,Addition,52.4609950000,-2.1337640000
37000,2000-04-14 00:00:00Z,DY5 3SF,Flats/Maisonettes,Established,Leasehold,20,,KIRKSTONE COURT,AMBLECOTE,BRIERLEY HILL,DUDLEY,WEST MIDLANDS,Standard,Addition,52.4679010000,-2.1399080000
64950,2000-07-17 00:00:00Z,DY5 2RT,Semi-Detached,Established,Freehold,22,,BEAUMONT DRIVE,,BRIERLEY HILL,DUDLEY,WEST MIDLANDS,Standard,Addition,52.4630260000,-2.1337850000
63000,2000-09-13 00:00:00Z,DY5 3NW,Semi-Detached,Established,Leasehold,8,,BEWLAY CLOSE,,BRIERLEY HILL,DUDLEY,WEST MIDLANDS,Standard,Addition,52.4665100000,-2.1380340000
39000,2000-11-10 00:00:00Z,DY5 3NS,Terraced,Established,Leasehold,2,,ROSEMOOR DRIVE,AMBLECOTE,BRIERLEY HILL,DUDLEY,WEST MIDLANDS,Standard,Addition,52.4664310000,-2.1364740000
119000,2000-05-12 00:00:00Z,DY5 3SE,Detached,Established,Freehold,11,,THIRLMERE WALK,,BRIERLEY HILL,DUDLEY,WEST MIDLANDS,Standard,Addition,52.4667600000,-2.1393450000
59500,2000-02-11 00:00:00Z,DY5 3NZ,Semi-Detached,Established,Freehold,68,,BROMPTON DRIVE,AMBLECOTE,BRIERLEY HILL,DUDLEY,WEST MIDLANDS,Standard,Addition,52.4660180000,-2.1355890000
123500,2000-04-28 00:00:00Z,DY5 2RT,Detached,Established,Leasehold,21,,BEAUMONT DRIVE,,BRIERLEY HILL,DUDLEY,WEST MIDLANDS,Standard,Addition,52.4630260000,-2.1337850000
107000,2000-04-28 00:00:00Z,DY5 3YF,Detached,Established,Freehold,46,,SHADYMOOR DRIVE,,BRIERLEY HILL,DUDLEY,WEST MIDLANDS,Standard,Addition,52.4686400000,-2.1302540000
46750,2000-08-11 00:00:00Z,DY5 3SF,Flats/Maisonettes,Established,Leasehold,15,,KIRKSTONE COURT,AMBLECOTE,BRIERLEY HILL,DUDLEY,WEST MIDLANDS,Standard,Addition,52.4679010000,-2.1399080000
59950,2000-05-26 00:00:00Z,DY5 3PW,Semi-Detached,Established,Leasehold,27,,BRAYFORD AVENUE,,BRIERLEY HILL,DUDLEY,WEST MIDLANDS,Standard,Addition,52.4640770000,-2.1352450000
77500,2000-03-01 00:00:00Z,DY5 2RL,Detached,Established,Freehold,6,,LINDALE CRESCENT,AMBLECOTE,BRIERLEY HILL,DUDLEY,WEST MIDLANDS,Standard,Addition,52.4618920000,-2.1351060000
75000,2000-10-06 00:00:00Z,DY5 3SF,Detached,Established,Freehold,12,,KIRKSTONE COURT,AMBLECOTE,BRIERLEY HILL,DUDLEY,WEST MIDLANDS,Standard,Addition,52.4679010000,-2.1399080000
150000,2000-09-01 00:00:00Z,DY5 2NX,Detached,Established,Freehold,1,,BLITHFIELD DRIVE,,BRIERLEY HILL,DUDLEY,WEST MIDLANDS,Standard,Addition,52.4628090000,-2.1384710000
64950,2000-11-30 00:00:00Z,DY5 3PW,Semi-Detached,Established,Leasehold,25,,BRAYFORD AVENUE,,BRIERLEY HILL,DUDLEY,WEST MIDLANDS,Standard,Addition,52.4640770000,-2.1352450000
105000,2000-01-14 00:00:00Z,DY5 3PP,Detached,Established,Leasehold,21,,OAKHILL DRIVE,,BRIERLEY HILL,DUDLEY,WEST MIDLANDS,Standard,Addition,52.4651360000,-2.1364990000
124000,2000-05-18 00:00:00Z,DY5 2NX,Semi-Detached,Established,Freehold,6,,BLITHFIELD DRIVE,,BRIERLEY HILL,DUDLEY,WEST MIDLANDS,Standard,Addition,52.4628090000,-2.1384710000
137500,2000-09-22 00:00:00Z,DY5 3RW,Detached,Established,Freehold,19,,BORROWDALE CLOSE,,BRIERLEY HILL,DUDLEY,WEST MIDLANDS,Standard,Addition,52.4674270000,-2.1379490000
71950,2000-02-25 00:00:00Z,DY5 3QX,Detached,Established,Freehold,6,,SALCOMBE DRIVE,,BRIERLEY HILL,DUDLEY,WEST MIDLANDS,Standard,Addition,52.4671000000,-2.1330460000
65000,2000-09-22 00:00:00Z,DY5 3PZ,Semi-Detached,Established,Leasehold,23,,BARBROOK DRIVE,,BRIERLEY HILL,DUDLEY,WEST MIDLANDS,Standard,Addition,52.4644510000,-2.1377480000
85200,2000-12-08 00:00:00Z,DY5 3NU,Terraced,Established,Freehold,5,,BLAKE HALL CLOSE,,BRIERLEY HILL,DUDLEY,WEST MIDLANDS,Standard,Addition,52.4663270000,-2.1328820000
97950,2000-11-30 00:00:00Z,DY5 3YF,Terraced,Established,Freehold,22,,SHADYMOOR DRIVE,,BRIERLEY HILL,DUDLEY,WEST MIDLANDS,Standard,Addition,52.4686400000,-2.1302540000
102500,2000-09-18 00:00:00Z,DY5 3NT,Detached,Established,Freehold,53,,ALDGATE DRIVE,AMBLECOTE,BRIERLEY HILL,DUDLEY,WEST MIDLANDS,Standard,Addition,52.4658870000,-2.1322180000
74000,2000-02-25 00:00:00Z,DY5 2RU,Detached,Established,Freehold,22,,FARNDALE CLOSE,,BRIERLEY HILL,DUDLEY,WEST MIDLANDS,Standard,Addition,52.4624120000,-2.1366230000
67000,2000-12-15 00:00:00Z,DY5 2SZ,Semi-Detached,Established,Freehold,23,,FITZGERALD PLACE,,BRIERLEY HILL,DUDLEY,WEST MIDLANDS,Standard,Addition,52.4617920000,-2.1365920000
65500,2000-10-27 00:00:00Z,DY5 2RU,Terraced,Established,Freehold,23,,FARNDALE CLOSE,,BRIERLEY HILL,DUDLEY,WEST MIDLANDS,Standard,Addition,52.4624120000,-2.1366230000
61500,2000-07-28 00:00:00Z,DY5 2QE,Semi-Detached,Established,Freehold,212,,STAMFORD ROAD,,BRIERLEY HILL,DUDLEY,WEST MIDLANDS,Standard,Addition,52.4609950000,-2.1337640000
82750,2000-01-07 00:00:00Z,DY5 2SL,Detached,Established,Freehold,16,,STOW DRIVE,,BRIERLEY HILL,DUDLEY,WEST MIDLANDS,Standard,Addition,52.4618300000,-2.1340160000
58000,2000-02-25 00:00:00Z,DY5 2PN,Semi-Detached,Established,Leasehold,33,,HERN ROAD,,BRIERLEY HILL,DUDLEY,WEST MIDLANDS,Standard,Addition,52.4626430000,-2.1313840000
93000,2000-12-08 00:00:00Z,DY5 2RU,Detached,Established,Freehold,10,,FARNDALE CLOSE,,BRIERLEY HILL,DUDLEY,WEST MIDLANDS,Standard,Addition,52.4624120000,-2.1366230000
136000,2000-07-28 00:00:00Z,DY5 3RQ,Detached,Established,Freehold,77,,LAKESIDE COURT,,BRIERLEY HILL,DUDLEY,WEST MIDLANDS,Standard,Addition,52.4691650000,-2.1386530000
55500,2000-07-21 00:00:00Z,DY5 3NZ,Semi-Detached,Established,Freehold,35,,BROMPTON DRIVE,AMBLECOTE,BRIERLEY HILL,DUDLEY,WEST MIDLANDS,Standard,Addition,52.4660180000,-2.1355890000
73000,2000-03-10 00:00:00Z,DY5 3UD,Semi-Detached,Established,Freehold,7,,WOBURN DRIVE,AMBLECOTE,BRIERLEY HILL,DUDLEY,WEST MIDLANDS,Standard,Addition,52.4682120000,-2.1349480000
75000,2000-02-25 00:00:00Z,DY5 2PE,Detached,Established,Leasehold,37,,BROOMEHILL CLOSE,,BRIERLEY HILL,DUDLEY,WEST MIDLANDS,Standard,Addition,52.4645230000,-2.1300360000
92950,2000-07-21 00:00:00Z,DY5 3PW,Semi-Detached,Established,Freehold,39,,BRAYFORD AVENUE,,BRIERLEY HILL,DUDLEY,WEST MIDLANDS,Standard,Addition,52.4640770000,-2.1352450000
53950,2000-08-11 00:00:00Z,DY5 3UD,Flats/Maisonettes,Established,Leasehold,12,,WOBURN DRIVE,AMBLECOTE,BRIERLEY HILL,DUDLEY,WEST MIDLANDS,Standard,Addition,52.4682120000,-2.1349480000
92000,2000-04-28 00:00:00Z,DY5 3NT,Detached,Established,Freehold,28,,ALDGATE DRIVE,AMBLECOTE,BRIERLEY HILL,DUDLEY,WEST MIDLANDS,Standard,Addition,52.4658870000,-2.1322180000
94000,2000-12-05 00:00:00Z,DY5 3QW,Detached,Established,Freehold,5,,LYTHWOOD DRIVE,,BRIERLEY HILL,DUDLEY,WEST MIDLANDS,Standard,Addition,52.4677410000,-2.1307370000
45950,2000-05-26 00:00:00Z,DY5 3RQ,Semi-Detached,Established,Leasehold,31,,LAKESIDE COURT,,BRIERLEY HILL,DUDLEY,WEST MIDLANDS,Standard,Addition,52.4691650000,-2.1386530000
85000,2000-04-14 00:00:00Z,DY5 2RU,Semi-Detached,Established,Leasehold,17,,FARNDALE CLOSE,,BRIERLEY HILL,DUDLEY,WEST MIDLANDS,Standard,Addition,52.4624120000,-2.1366230000
22300,2000-04-28 00:00:00Z,DY8 4HX,Semi-Detached,Established,Freehold,59,,CHURCHWARD CLOSE,,STOURBRIDGE,DUDLEY,WEST MIDLANDS,Standard,Addition,52.4609710000,-2.1382820000
123000,2000-09-19 00:00:00Z,DY5 3NZ,Detached,Established,Freehold,3,,BROMPTON DRIVE,AMBLECOTE,BRIERLEY HILL,DUDLEY,WEST MIDLANDS,Standard,Addition,52.4660180000,-2.1355890000
64950,2000-06-23 00:00:00Z,DY5 2PE,Semi-Detached,Established,Leasehold,27,,BROOMEHILL CLOSE,,BRIERLEY HILL,DUDLEY,WEST MIDLANDS,Standard,Addition,52.4645230000,-2.1300360000
44500,2000-08-18 00:00:00Z,DY5 3NZ,Semi-Detached,Established,Leasehold,113,,BROMPTON DRIVE,AMBLECOTE,BRIERLEY HILL,DUDLEY,WEST MIDLANDS,Standard,Addition,52.4660180000,-2.1355890000
58000,2000-12-08 00:00:00Z,DY5 3NW,Terraced,Established,Leasehold,2,,BEWLAY CLOSE,,BRIERLEY HILL,DUDLEY,WEST MIDLANDS,Standard,Addition,52.4665100000,-2.1380340000
63500,2000-11-27 00:00:00Z,DY5 3PZ,Semi-Detached,Established,Leasehold,37,,BARBROOK DRIVE,,BRIERLEY HILL,DUDLEY,WEST MIDLANDS,Standard,Addition,52.4644510000,-2.1377480000
68000,2000-08-18 00:00:00Z,DY5 3PZ,Detached,Established,Freehold,82,,BARBROOK DRIVE,,BRIERLEY HILL,DUDLEY,WEST MIDLANDS,Standard,Addition,52.4644510000,-2.1377480000
43000,2000-06-29 00:00:00Z,DY5 3RQ,Semi-Detached,Established,Leasehold,27,,LAKESIDE COURT,,BRIERLEY HILL,DUDLEY,WEST MIDLANDS,Standard,Addition,52.4691650000,-2.1386530000
53000,2000-07-21 00:00:00Z,DY5 2RL,Semi-Detached,Established,Freehold,24A,,LINDALE CRESCENT,AMBLECOTE,BRIERLEY HILL,DUDLEY,WEST MIDLANDS,Standard,Addition,52.4618920000,-2.1351060000
59995,2000-04-20 00:00:00Z,DY5 3NX,Semi-Detached,Established,Leasehold,9,,CHEYNE WALK,,BRIERLEY HILL,DUDLEY,WEST MIDLANDS,Standard,Addition,52.4654830000,-2.1319820000
64950,2000-08-25 00:00:00Z,DY5 2RT,Semi-Detached,Established,Freehold,17,,BEAUMONT DRIVE,,BRIERLEY HILL,DUDLEY,WEST MIDLANDS,Standard,Addition,52.4630260000,-2.1337850000
120000,2000-01-27 00:00:00Z,DY5 3RL,Detached,Established,Freehold,4,,LAMBOURNE WAY,,BRIERLEY HILL,DUDLEY,WEST MIDLANDS,Standard,Addition,52.4691220000,-2.1337290000
80000,2000-06-02 00:00:00Z,DY5 3PZ,Semi-Detached,Established,Leasehold,35,,BARBROOK DRIVE,,BRIERLEY HILL,DUDLEY,WEST MIDLANDS,Standard,Addition,52.4644510000,-2.1377480000
146250,2000-11-23 00:00:00Z,DY5 3RP,Detached,Established,Freehold,22,,RANNOCH CLOSE,,BRIERLEY HILL,DUDLEY,WEST MIDLANDS,Standard,Addition,52.4682010000,-2.1366410000
59950,2000-12-01 00:00:00Z,DY5 2QG,Semi-Detached,Established,Freehold,65,,SORREL WALK,,BRIERLEY HILL,DUDLEY,WEST MIDLANDS,Standard,Addition,52.4612010000,-2.1342790000
109700,2000-04-20 00:00:00Z,DY5 3NU,Detached,Established,Leasehold,33,,BLAKE HALL CLOSE,,BRIERLEY HILL,DUDLEY,WEST MIDLANDS,Standard,Addition,52.4663270000,-2.1328820000
105000,2000-01-14 00:00:00Z,DY5 3PP,Detached,Established,Freehold,21,,OAKHILL DRIVE,,BRIERLEY HILL,DUDLEY,WEST MIDLANDS,Standard,Addition,52.4651360000,-2.1364990000
109700,2000-04-20 00:00:00Z,DY5 3NU,Detached,Established,Freehold,33,,BLAKE HALL CLOSE,,BRIERLEY HILL,DUDLEY,WEST MIDLANDS,Standard,Addition,52.4663270000,-2.1328820000
84500,2000-09-18 00:00:00Z,DY5 3PZ,Semi-Detached,Established,Leasehold,43,,BARBROOK DRIVE,,BRIERLEY HILL,DUDLEY,WEST MIDLANDS,Standard,Addition,52.4644510000,-2.1377480000
56950,2000-02-25 00:00:00Z,DY5 3NZ,Semi-Detached,Established,Leasehold,84,,BROMPTON DRIVE,AMBLECOTE,BRIERLEY HILL,DUDLEY,WEST MIDLANDS,Standard,Addition,52.4660180000,-2.1355890000
70000,2000-03-31 00:00:00Z,DY5 3QY,Detached,New Build,Freehold,6,,SUFFOLK DRIVE,,BRIERLEY HILL,DUDLEY,WEST MIDLANDS,Standard,Addition,52.4675950000,-2.1322530000
53500,2000-10-27 00:00:00Z,DY5 3NX,Terraced,Established,Leasehold,7,,CHEYNE WALK,,BRIERLEY HILL,DUDLEY,WEST MIDLANDS,Standard,Addition,52.4654830000,-2.1319820000
78500,2000-09-13 00:00:00Z,DY5 3QY,Detached,Established,Freehold,6,,SUFFOLK DRIVE,,BRIERLEY HILL,DUDLEY,WEST MIDLANDS,Standard,Addition,52.4675950000,-2.1322530000
139950,2000-11-30 00:00:00Z,DY5 3RN,Detached,Established,Freehold,14,,BURGHLEY WALK,,BRIERLEY HILL,DUDLEY,WEST MIDLANDS,Standard,Addition,52.4689130000,-2.1357160000
94000,2000-01-28 00:00:00Z,DY5 2PE,Detached,Established,Freehold,6,,BROOMEHILL CLOSE,,BRIERLEY HILL,DUDLEY,WEST MIDLANDS,Standard,Addition,52.4645230000,-2.1300360000
82000,2000-06-09 00:00:00Z,DY5 3NZ,Detached,Established,Leasehold,39,,BROMPTON DRIVE,AMBLECOTE,BRIERLEY HILL,DUDLEY,WEST MIDLANDS,Standard,Addition,52.4660180000,-2.1355890000
67950,2000-09-01 00:00:00Z,DY5 3RQ,Terraced,Established,Freehold,59,,LAKESIDE COURT,,BRIERLEY HILL,DUDLEY,WEST MIDLANDS,Standard,Addition,52.4691650000,-2.1386530000
59995,2000-11-10 00:00:00Z,DY5 2RU,Semi-Detached,Established,Freehold,25,,FARNDALE CLOSE,,BRIERLEY HILL,DUDLEY,WEST MIDLANDS,Standard,Addition,52.4624120000,-2.1366230000
27750,2000-01-04 00:00:00Z,DY5 2PW,Flats/Maisonettes,Established,Leasehold,50,,HERN ROAD,,BRIERLEY HILL,DUDLEY,WEST MIDLANDS,Standard,Addition,52.4622830000,-2.1312950000
46500,2000-08-31 00:00:00Z,DY5 3RQ,Flats/Maisonettes,Established,Leasehold,49,,LAKESIDE COURT,,BRIERLEY HILL,DUDLEY,WEST MIDLANDS,Standard,Addition,52.4691650000,-2.1386530000
126500,2000-09-01 00:00:00Z,DY5 3RL,Detached,Established,Freehold,15,,LAMBOURNE WAY,,BRIERLEY HILL,DUDLEY,WEST MIDLANDS,Standard,Addition,52.4691220000,-2.1337290000
59995,2000-03-31 00:00:00Z,DY5 2SZ,Semi-Detached,Established,Freehold,17,,FITZGERALD PLACE,,BRIERLEY HILL,DUDLEY,WEST MIDLANDS,Standard,Addition,52.4617920000,-2.1365920000
76000,2000-02-25 00:00:00Z,DY5 2RU,Detached,Established,Freehold,29,,FARNDALE CLOSE,,BRIERLEY HILL,DUDLEY,WEST MIDLANDS,Standard,Addition,52.4624120000,-2.1366230000
64000,2000-12-21 00:00:00Z,DY5 3UD,Semi-Detached,Established,Freehold,20,,WOBURN DRIVE,AMBLECOTE,BRIERLEY HILL,DUDLEY,WEST MIDLANDS,Standard,Addition,52.4682120000,-2.1349480000
59950,2000-04-14 00:00:00Z,DY5 3NS,Semi-Detached,Established,Leasehold,14,,ROSEMOOR DRIVE,AMBLECOTE,BRIERLEY HILL,DUDLEY,WEST MIDLANDS,Standard,Addition,52.4664310000,-2.1364740000
86500,2000-06-02 00:00:00Z,DY5 2QD,Detached,Established,Leasehold,180,,STAMFORD ROAD,,BRIERLEY HILL,DUDLEY,WEST MIDLANDS,Standard,Addition,52.4617180000,-2.1303070000
44000,2000-03-31 00:00:00Z,DY5 2RU,Detached,Established,Freehold,19,,FARNDALE CLOSE,,BRIERLEY HILL,DUDLEY,WEST MIDLANDS,Standard,Addition,52.4624120000,-2.1366230000
49950,2000-10-23 00:00:00Z,DY5 3PQ,Semi-Detached,Established,Leasehold,16,,WOODCOMBE CLOSE,AMBLECOTE,BRIERLEY HILL,DUDLEY,WEST MIDLANDS,Standard,Addition,52.4657350000,-2.1389000000
58750,2000-11-03 00:00:00Z,DY5 3UD,Semi-Detached,Established,Leasehold,16,,WOBURN DRIVE,AMBLECOTE,BRIERLEY HILL,DUDLEY,WEST MIDLANDS,Standard,Addition,52.4682120000,-2.1349480000
52000,2000-01-07 00:00:00Z,DY5 3PZ,Semi-Detached,Established,Leasehold,76,,BARBROOK DRIVE,,BRIERLEY HILL,DUDLEY,WEST MIDLANDS,Standard,Addition,52.4644510000,-2.1377480000
54000,2000-07-18 00:00:00Z,DY5 3PZ,Semi-Detached,Established,Leasehold,2,,BARBROOK DRIVE,,BRIERLEY HILL,DUDLEY,WEST MIDLANDS,Standard,Addition,52.4644510000,-2.1377480000
59950,2000-12-15 00:00:00Z,DY5 3NZ,Semi-Detached,Established,Leasehold,24,,BROMPTON DRIVE,AMBLECOTE,BRIERLEY HILL,DUDLEY,WEST MIDLANDS,Standard,Addition,52.4660180000,-2.1355890000
49950,2000-11-06 00:00:00Z,DY5 3NZ,Flats/Maisonettes,Established,Leasehold,99,,BROMPTON DRIVE,AMBLECOTE,BRIERLEY HILL,DUDLEY,WEST MIDLANDS,Standard,Addition,52.4660180000,-2.1355890000
68000,2000-08-18 00:00:00Z,DY5 3PZ,Detached,Established,Leasehold,82,,BARBROOK DRIVE,,BRIERLEY HILL,DUDLEY,WEST MIDLANDS,Standard,Addition,52.4644510000,-2.1377480000
38000,2000-04-28 00:00:00Z,DY5 3NS,Flats/Maisonettes,Established,Leasehold,21,,ROSEMOOR DRIVE,AMBLECOTE,BRIERLEY HILL,DUDLEY,WEST MIDLANDS,Standard,Addition,52.4664310000,-2.1364740000
72500,2000-04-20 00:00:00Z,DY5 3UD,Semi-Detached,Established,Freehold,37,,WOBURN DRIVE,AMBLECOTE,BRIERLEY HILL,DUDLEY,WEST MIDLANDS,Standard,Addition,52.4682120000,-2.1349480000
59000,2000-08-25 00:00:00Z,DY5 2QG,Semi-Detached,Established,Leasehold,11,,SORREL WALK,,BRIERLEY HILL,DUDLEY,WEST MIDLANDS,Standard,Addition,52.4612010000,-2.1342790000
59995,2000-05-15 00:00:00Z,DY5 2SL,Semi-Detached,Established,Leasehold,10,,STOW DRIVE,,BRIERLEY HILL,DUDLEY,WEST MIDLANDS,Standard,Addition,52.4618300000,-2.1340160000
44950,2000-04-14 00:00:00Z,DY8 4HU,Terraced,Established,Freehold,21,,DEAN CLOSE,,STOURBRIDGE,DUDLEY,WEST MIDLANDS,Standard,Addition,52.4619590000,-2.1395950000
65500,2000-11-30 00:00:00Z,DY5 3PW,Semi-Detached,Established,Leasehold,23,,BRAYFORD AVENUE,,BRIERLEY HILL,DUDLEY,WEST MIDLANDS,Standard,Addition,52.4640770000,-2.1352450000
46000,2000-06-09 00:00:00Z,DY5 3NZ,Flats/Maisonettes,Established,Leasehold,107,,BROMPTON DRIVE,AMBLECOTE,BRIERLEY HILL,DUDLEY,WEST MIDLANDS,Standard,Addition,52.4660180000,-2.1355890000
130000,2000-11-24 00:00:00Z,DY5 3RQ,Detached,Established,Freehold,89,,LAKESIDE COURT,,BRIERLEY HILL,DUDLEY,WEST MIDLANDS,Standard,Addition,52.4691650000,-2.1386530000
82950,2000-05-05 00:00:00Z,DY5 3QZ,Detached,Established,Freehold,6,,HUNSTANTON CLOSE,,BRIERLEY HILL,DUDLEY,WEST MIDLANDS,Standard,Addition,52.4671910000,-2.1315450000
152500,2000-09-27 00:00:00Z,DY5 3RN,Semi-Detached,Established,Freehold,9,,BURGHLEY WALK,,BRIERLEY HILL,DUDLEY,WEST MIDLANDS,Standard,Addition,52.4689130000,-2.1357160000
110950,2000-04-20 00:00:00Z,DY5 3XL,Detached,Established,Freehold,18,,AMBLESIDE DRIVE,,BRIERLEY HILL,DUDLEY,WEST MIDLANDS,Standard,Addition,52.4699530000,-2.1332230000
84950,2000-07-07 00:00:00Z,DY5 3QY,Detached,Established,Freehold,10,,SUFFOLK DRIVE,,BRIERLEY HILL,DUDLEY,WEST MIDLANDS,Standard,Addition,52.4675950000,-2.1322530000
69950,2001-06-15 00:00:00Z,DY5 2SL,Detached,Established,Freehold,17,,STOW DRIVE,BRIERLEY HILL,BRIERLEY HILL,DUDLEY,WEST MIDLANDS,Standard,Addition,52.4618300000,-2.1340160000
70000,2001-07-27 00:00:00Z,DY5 2QH,Semi-Detached,Established,Leasehold,26,,PETERS HILL ROAD,BRIERLEY HILL,BRIERLEY HILL,DUDLEY,WEST MIDLANDS,Standard,Addition,52.4624430000,-2.1325460000
140000,2001-09-21 00:00:00Z,DY5 3RW,Detached,Established,Freehold,24,,BORROWDALE CLOSE,BRIERLEY HILL,BRIERLEY HILL,DUDLEY,WEST MIDLANDS,Standard,Addition,52.4674270000,-2.1379490000
112000,2001-11-02 00:00:00Z,DY5 2RT,Detached,Established,Freehold,28,,BEAUMONT DRIVE,BRIERLEY HILL,BRIERLEY HILL,DUDLEY,WEST MIDLANDS,Standard,Addition,52.4630260000,-2.1337850000
125000,2001-04-12 00:00:00Z,DY5 2NX,Detached,Established,Freehold,14,,BLITHFIELD DRIVE,BRIERLEY HILL,BRIERLEY HILL,DUDLEY,WEST MIDLANDS,Standard,Addition,52.4628090000,-2.1384710000
59995,2001-09-07 00:00:00Z,DY5 3PZ,Semi-Detached,Established,Freehold,12,,BARBROOK DRIVE,BRIERLEY HILL,BRIERLEY HILL,DUDLEY,WEST MIDLANDS,Standard,Addition,52.4644510000,-2.1377480000
69950,2001-03-30 00:00:00Z,DY5 3NZ,Semi-Detached,Established,Freehold,50,,BROMPTON DRIVE,AMBLECOTE,BRIERLEY HILL,DUDLEY,WEST MIDLANDS,Standard,Addition,52.4660180000,-2.1355890000
131000,2001-09-14 00:00:00Z,DY5 3RZ,Detached,Established,Freehold,44,,KIRKSTONE WAY,AMBLECOTE,BRIERLEY HILL,DUDLEY,WEST MIDLANDS,Standard,Addition,52.4688760000,-2.1363930000
87000,2001-04-27 00:00:00Z,DY5 3NY,Detached,Established,Leasehold,22,,FINSBURY DRIVE,AMBLECOTE,BRIERLEY HILL,DUDLEY,WEST MIDLANDS,Standard,Addition,52.4650870000,-2.1318770000
66500,2001-06-22 00:00:00Z,DY5 3NZ,Semi-Detached,Established,Leasehold,60,,BROMPTON DRIVE,AMBLECOTE,BRIERLEY HILL,DUDLEY,WEST MIDLANDS,Standard,Addition,52.4660180000,-2.1355890000
122500,2001-07-16 00:00:00Z,DY5 3NZ,Detached,Established,Leasehold,11,,BROMPTON DRIVE,AMBLECOTE,BRIERLEY HILL,DUDLEY,WEST MIDLANDS,Standard,Addition,52.4660180000,-2.1355890000
69450,2001-06-08 00:00:00Z,DY5 2RU,Semi-Detached,Established,Leasehold,30,,FARNDALE CLOSE,BRIERLEY HILL,BRIERLEY HILL,DUDLEY,WEST MIDLANDS,Standard,Addition,52.4624120000,-2.1366230000
94000,2001-06-15 00:00:00Z,DY5 2QH,Detached,Established,Freehold,19,,PETERS HILL ROAD,BRIERLEY HILL,BRIERLEY HILL,DUDLEY,WEST MIDLANDS,Standard,Addition,52.4624430000,-2.1325460000
69950,2001-06-08 00:00:00Z,DY5 3PZ,Semi-Detached,Established,Leasehold,24,,BARBROOK DRIVE,BRIERLEY HILL,BRIERLEY HILL,DUDLEY,WEST MIDLANDS,Standard,Addition,52.4644510000,-2.1377480000
108000,2001-07-20 00:00:00Z,DY5 3UE,Detached,Established,Freehold,2,,CHARNWOOD CLOSE,BRIERLEY HILL,BRIERLEY HILL,DUDLEY,WEST MIDLANDS,Standard,Addition,52.4684510000,-2.1338660000
79950,2001-02-23 00:00:00Z,DY5 2PE,Detached,Established,Leasehold,18,,BROOMEHILL CLOSE,BRIERLEY HILL,BRIERLEY HILL,DUDLEY,WEST MIDLANDS,Standard,Addition,52.4645230000,-2.1300360000
89000,2001-02-28 00:00:00Z,DY5 2SL,Terraced,Established,Freehold,3,,STOW DRIVE,BRIERLEY HILL,BRIERLEY HILL,DUDLEY,WEST MIDLANDS,Standard,Addition,52.4618300000,-2.1340160000
111000,2001-12-14 00:00:00Z,DY5 2PE,Detached,Established,Leasehold,37,,BROOMEHILL CLOSE,BRIERLEY HILL,BRIERLEY HILL,DUDLEY,WEST MIDLANDS,Standard,Addition,52.4645230000,-2.1300360000
108000,2001-01-12 00:00:00Z,DY5 3NU,Detached,Established,Leasehold,29,,BLAKE HALL CLOSE,BRIERLEY HILL,BRIERLEY HILL,DUDLEY,WEST MIDLANDS,Standard,Addition,52.4663270000,-2.1328820000
72500,2001-07-20 00:00:00Z,DY5 3NW,Semi-Detached,Established,Leasehold,9,,BEWLAY CLOSE,BRIERLEY HILL,BRIERLEY HILL,DUDLEY,WEST MIDLANDS,Standard,Addition,52.4665100000,-2.1380340000
165000,2001-09-07 00:00:00Z,DY5 3RQ,Detached,Established,Freehold,9,,LAKESIDE COURT,BRIERLEY HILL,BRIERLEY HILL,DUDLEY,WEST MIDLANDS,Standard,Addition,52.4691650000,-2.1386530000
99000,2001-06-22 00:00:00Z,DY5 3YF,Detached,Established,Freehold,44,,SHADYMOOR DRIVE,BRIERLEY HILL,BRIERLEY HILL,DUDLEY,WEST MIDLANDS,Standard,Addition,52.4686400000,-2.1302540000
200000,2001-12-14 00:00:00Z,DY5 3UE,Detached,Established,Freehold,7,,CHARNWOOD CLOSE,BRIERLEY HILL,BRIERLEY HILL,DUDLEY,WEST MIDLANDS,Standard,Addition,52.4684510000,-2.1338660000
72000,2001-01-30 00:00:00Z,DY5 3QY,Detached,Established,Leasehold,18,,SUFFOLK DRIVE,BRIERLEY HILL,BRIERLEY HILL,DUDLEY,WEST MIDLANDS,Standard,Addition,52.4675950000,-2.1322530000
130000,2001-12-07 00:00:00Z,DY5 3SE,Detached,Established,Freehold,1,,THIRLMERE WALK,BRIERLEY HILL,BRIERLEY HILL,DUDLEY,WEST MIDLANDS,Standard,Addition,52.4667600000,-2.1393450000
74500,2001-03-30 00:00:00Z,DY5 3QY,Detached,Established,Freehold,12,,SUFFOLK DRIVE,BRIERLEY HILL,BRIERLEY HILL,DUDLEY,WEST MIDLANDS,Standard,Addition,52.4675950000,-2.1322530000
32950,2001-08-03 00:00:00Z,DY5 2PW,Flats/Maisonettes,Established,Leasehold,40,,HERN ROAD,BRIERLEY HILL,BRIERLEY HILL,DUDLEY,WEST MIDLANDS,Standard,Addition,52.4622830000,-2.1312950000
97000,2001-01-31 00:00:00Z,DY5 3PW,Semi-Detached,Established,Leasehold,3,,BRAYFORD AVENUE,BRIERLEY HILL,BRIERLEY HILL,DUDLEY,WEST MIDLANDS,Standard,Addition,52.4640770000,-2.1352450000
157000,2001-10-12 00:00:00Z,DY5 3RL,Detached,Established,Freehold,5,,LAMBOURNE WAY,BRIERLEY HILL,BRIERLEY HILL,DUDLEY,WEST MIDLANDS,Standard,Addition,52.4691220000,-2.1337290000
94950,2001-10-12 00:00:00Z,DY5 3PZ,Semi-Detached,Established,Leasehold,47,,BARBROOK DRIVE,BRIERLEY HILL,BRIERLEY HILL,DUDLEY,WEST MIDLANDS,Standard,Addition,52.4644510000,-2.1377480000
57950,2001-02-19 00:00:00Z,DY5 3PQ,Flats/Maisonettes,Established,Leasehold,22,,WOODCOMBE CLOSE,AMBLECOTE,BRIERLEY HILL,DUDLEY,WEST MIDLANDS,Standard,Addition,52.4657350000,-2.1389000000
119000,2001-08-10 00:00:00Z,DY5 3RZ,Detached,Established,Freehold,60,,KIRKSTONE WAY,AMBLECOTE,BRIERLEY HILL,DUDLEY,WEST MIDLANDS,Standard,Addition,52.4688760000,-2.1363930000
54500,2001-02-21 00:00:00Z,DY5 3PQ,Flats/Maisonettes,Established,Leasehold,30,,WOODCOMBE CLOSE,AMBLECOTE,BRIERLEY HILL,DUDLEY,WEST MIDLANDS,Standard,Addition,52.4657350000,-2.1389000000
132500,2001-04-27 00:00:00Z,DY5 2NX,Detached,Established,Freehold,8,,BLITHFIELD DRIVE,BRIERLEY HILL,BRIERLEY HILL,DUDLEY,WEST MIDLANDS,Standard,Addition,52.4628090000,-2.1384710000
40000,2001-09-25 00:00:00Z,DY5 3QY,Detached,Established,Leasehold,4,,SUFFOLK DRIVE,BRIERLEY HILL,BRIERLEY HILL,DUDLEY,WEST MIDLANDS,Standard,Addition,52.4675950000,-2.1322530000
154950,2001-04-20 00:00:00Z,DY5 2PE,Semi-Detached,Established,Freehold,1,,BROOMEHILL CLOSE,BRIERLEY HILL,BRIERLEY HILL,DUDLEY,WEST MIDLANDS,Standard,Addition,52.4645230000,-2.1300360000
59950,2001-11-30 00:00:00Z,DY5 3RQ,Flats/Maisonettes,Established,Leasehold,43,,LAKESIDE COURT,BRIERLEY HILL,BRIERLEY HILL,DUDLEY,WEST MIDLANDS,Standard,Addition,52.4691650000,-2.1386530000
75450,2001-09-24 00:00:00Z,DY5 3NX,Semi-Detached,Established,Freehold,8,,CHEYNE WALK,BRIERLEY HILL,BRIERLEY HILL,DUDLEY,WEST MIDLANDS,Standard,Addition,52.4654830000,-2.1319820000
34500,2001-02-02 00:00:00Z,DY5 3RQ,Terraced,Established,Leasehold,35,,LAKESIDE COURT,BRIERLEY HILL,BRIERLEY HILL,DUDLEY,WEST MIDLANDS,Standard,Addition,52.4691650000,-2.1386530000
79995,2001-11-12 00:00:00Z,DY5 3PR,Semi-Detached,Established,Leasehold,7,,DUNSFORD CLOSE,BRIERLEY HILL,BRIERLEY HILL,DUDLEY,WEST MIDLANDS,Standard,Addition,52.4645520000,-2.1365270000
127000,2001-05-17 00:00:00Z,DY5 3RZ,Detached,Established,Freehold,34,,KIRKSTONE WAY,AMBLECOTE,BRIERLEY HILL,DUDLEY,WEST MIDLANDS,Standard,Addition,52.4688760000,-2.1363930000
95000,2001-05-03 00:00:00Z,DY5 2NZ,Detached,Established,Freehold,1,,GRATHAM CLOSE,AMBLECOTE,BRIERLEY HILL,DUDLEY,WEST MIDLANDS,Standard,Addition,52.4629590000,-2.1373900000
149950,2001-11-30 00:00:00Z,DY5 3UE,Semi-Detached,Established,Freehold,1,,CHARNWOOD CLOSE,BRIERLEY HILL,BRIERLEY HILL,DUDLEY,WEST MIDLANDS,Standard,Addition,52.4684510000,-2.1338660000
69950,2001-07-13 00:00:00Z,DY5 2RX,Semi-Detached,Established,Freehold,16,,MARTINDALE WALK,BRIERLEY HILL,BRIERLEY HILL,DUDLEY,WEST MIDLANDS,Standard,Addition,52.4627020000,-2.1346810000
117000,2001-09-07 00:00:00Z,DY5 2QH,Detached,Established,Freehold,27,,PETERS HILL ROAD,BRIERLEY HILL,BRIERLEY HILL,DUDLEY,WEST MIDLANDS,Standard,Addition,52.4624430000,-2.1325460000
69950,2001-07-06 00:00:00Z,DY5 3UD,Semi-Detached,Established,Freehold,32,,WOBURN DRIVE,AMBLECOTE,BRIERLEY HILL,DUDLEY,WEST MIDLANDS,Standard,Addition,52.4682120000,-2.1349480000
77000,2001-12-07 00:00:00Z,DY5 2RT,Semi-Detached,Established,Freehold,15,,BEAUMONT DRIVE,BRIERLEY HILL,BRIERLEY HILL,DUDLEY,WEST MIDLANDS,Standard,Addition,52.4630260000,-2.1337850000
118000,2001-06-15 00:00:00Z,DY5 3YF,Detached,Established,Freehold,4,,SHADYMOOR DRIVE,BRIERLEY HILL,BRIERLEY HILL,DUDLEY,WEST MIDLANDS,Standard,Addition,52.4686400000,-2.1302540000
58500,2001-08-10 00:00:00Z,DY5 3PP,Semi-Detached,Established,Leasehold,39,,OAKHILL DRIVE,BRIERLEY HILL,BRIERLEY HILL,DUDLEY,WEST MIDLANDS,Standard,Addition,52.4651360000,-2.1364990000
59500,2001-10-26 00:00:00Z,DY5 3PP,Flats/Maisonettes,Established,Leasehold,47,,OAKHILL DRIVE,BRIERLEY HILL,BRIERLEY HILL,DUDLEY,WEST MIDLANDS,Standard,Addition,52.4651360000,-2.1364990000
66500,2001-09-21 00:00:00Z,DY8 4UR,Semi-Detached,Established,Freehold,187,,PENFIELDS ROAD,STOURBRIDGE,STOURBRIDGE,DUDLEY,WEST MIDLANDS,Standard,Addition,52.4602270000,-2.1369700000
42000,2001-07-13 00:00:00Z,DY5 3PZ,Flats/Maisonettes,Established,Leasehold,14,,BARBROOK DRIVE,BRIERLEY HILL,BRIERLEY HILL,DUDLEY,WEST MIDLANDS,Standard,Addition,52.4644510000,-2.1377480000
131000,2001-07-20 00:00:00Z,DY5 3RZ,Detached,Established,Freehold,21,,KIRKSTONE WAY,AMBLECOTE,BRIERLEY HILL,DUDLEY,WEST MIDLANDS,Standard,Addition,52.4688760000,-2.1363930000
160500,2001-11-23 00:00:00Z,DY5 3RQ,Detached,Established,Freehold,5,,LAKESIDE COURT,BRIERLEY HILL,BRIERLEY HILL,DUDLEY,WEST MIDLANDS,Standard,Addition,52.4691650000,-2.1386530000
125000,2001-05-03 00:00:00Z,DY5 2NZ,Detached,Established,Freehold,12,,GRATHAM CLOSE,AMBLECOTE,BRIERLEY HILL,DUDLEY,WEST MIDLANDS,Standard,Addition,52.4629590000,-2.1373900000
124000,2001-05-31 00:00:00Z,DY5 2RT,Detached,Established,Freehold,4,,BEAUMONT DRIVE,BRIERLEY HILL,BRIERLEY HILL,DUDLEY,WEST MIDLANDS,Standard,Addition,52.4630260000,-2.1337850000
61000,2001-05-03 00:00:00Z,DY5 3PR,Semi-Detached,Established,Leasehold,5,,DUNSFORD CLOSE,BRIERLEY HILL,BRIERLEY HILL,DUDLEY,WEST MIDLANDS,Standard,Addition,52.4645520000,-2.1365270000
99000,2001-06-15 00:00:00Z,DY5 2RT,Detached,Established,Freehold,5,,BEAUMONT DRIVE,BRIERLEY HILL,BRIERLEY HILL,DUDLEY,WEST MIDLANDS,Standard,Addition,52.4630260000,-2.1337850000
131500,2001-06-26 00:00:00Z,DY5 3XL,Detached,Established,Freehold,7,,AMBLESIDE DRIVE,BRIERLEY HILL,BRIERLEY HILL,DUDLEY,WEST MIDLANDS,Standard,Addition,52.4699530000,-2.1332230000
79500,2001-10-05 00:00:00Z,DY5 2PW,Semi-Detached,Established,Leasehold,12,,HERN ROAD,BRIERLEY HILL,BRIERLEY HILL,DUDLEY,WEST MIDLANDS,Standard,Addition,52.4622830000,-2.1312950000
71500,2001-01-29 00:00:00Z,DY5 2SZ,Semi-Detached,Established,Freehold,12,,FITZGERALD PLACE,BRIERLEY HILL,BRIERLEY HILL,DUDLEY,WEST MIDLANDS,Standard,Addition,52.4617920000,-2.1365920000
103000,2001-06-01 00:00:00Z,DY5 3PP,Detached,Established,Freehold,6,,OAKHILL DRIVE,BRIERLEY HILL,BRIERLEY HILL,DUDLEY,WEST MIDLANDS,Standard,Addition,52.4651360000,-2.1364990000
75000,2001-04-20 00:00:00Z,DY5 2QE,Semi-Detached,Established,Freehold,261,,STAMFORD ROAD,BRIERLEY HILL,BRIERLEY HILL,DUDLEY,WEST MIDLANDS,Standard,Addition,52.4609950000,-2.1337640000
67500,2001-03-30 00:00:00Z,DY5 3NT,Terraced,Established,Freehold,8,,ALDGATE DRIVE,AMBLECOTE,BRIERLEY HILL,DUDLEY,WEST MIDLANDS,Standard,Addition,52.4658870000,-2.1322180000
109500,2001-12-07 00:00:00Z,DY5 3YF,Semi-Detached,Established,Freehold,1,,SHADYMOOR DRIVE,BRIERLEY HILL,BRIERLEY HILL,DUDLEY,WEST MIDLANDS,Standard,Addition,52.4686400000,-2.1302540000
64000,2001-08-23 00:00:00Z,DY5 3PZ,Semi-Detached,Established,Leasehold,2,,BARBROOK DRIVE,BRIERLEY HILL,BRIERLEY HILL,DUDLEY,WEST MIDLANDS,Standard,Addition,52.4644510000,-2.1377480000
89950,2001-11-30 00:00:00Z,DY5 3UD,Semi-Detached,Established,Freehold,5,,WOBURN DRIVE,AMBLECOTE,BRIERLEY HILL,DUDLEY,WEST MIDLANDS,Standard,Addition,52.4682120000,-2.1349480000
58000,2001-11-23 00:00:00Z,DY5 3RQ,Semi-Detached,Established,Leasehold,47,,LAKESIDE COURT,BRIERLEY HILL,BRIERLEY HILL,DUDLEY,WEST MIDLANDS,Standard,Addition,52.4691650000,-2.1386530000
57950,2001-06-22 00:00:00Z,DY5 3PZ,Flats/Maisonettes,Established,Leasehold,4,,BARBROOK DRIVE,BRIERLEY HILL,BRIERLEY HILL,DUDLEY,WEST MIDLANDS,Standard,Addition,52.4644510000,-2.1377480000
143500,2001-07-04 00:00:00Z,DY5 3SD,Detached,Established,Freehold,6,,BUTTERMERE CLOSE,BRIERLEY HILL,BRIERLEY HILL,DUDLEY,WEST MIDLANDS,Standard,Addition,52.4665020000,-2.1397190000
113500,2001-07-27 00:00:00Z,DY5 2NX,Semi-Detached,Established,Leasehold,16,,BLITHFIELD DRIVE,BRIERLEY HILL,BRIERLEY HILL,DUDLEY,WEST MIDLANDS,Standard,Addition,52.4628090000,-2.1384710000
64000,2001-05-21 00:00:00Z,DY5 3NZ,Semi-Detached,Established,Leasehold,44,,BROMPTON DRIVE,AMBLECOTE,BRIERLEY HILL,DUDLEY,WEST MIDLANDS,Standard,Addition,52.4660180000,-2.1355890000
86995,2001-08-10 00:00:00Z,DY5 3NS,Terraced,Established,Leasehold,10,,ROSEMOOR DRIVE,AMBLECOTE,BRIERLEY HILL,DUDLEY,WEST MIDLANDS,Standard,Addition,52.4664310000,-2.1364740000
89950,2001-11-09 00:00:00Z,DY5 3SF,Terraced,Established,Freehold,11,,KIRKSTONE COURT,AMBLECOTE,BRIERLEY HILL,DUDLEY,WEST MIDLANDS,Standard,Addition,52.4679010000,-2.1399080000
135000,2001-12-17 00:00:00Z,DY5 3RZ,Semi-Detached,Established,Freehold,35,,KIRKSTONE WAY,AMBLECOTE,BRIERLEY HILL,DUDLEY,WEST MIDLANDS,Standard,Addition,52.4688760000,-2.1363930000
65000,2001-10-19 00:00:00Z,DY5 3NZ,Terraced,New Build,Freehold,84,,BROMPTON DRIVE,AMBLECOTE,BRIERLEY HILL,DUDLEY,WEST MIDLANDS,Standard,Addition,52.4660180000,-2.1355890000
69500,2001-12-07 00:00:00Z,DY5 3RQ,Terraced,Established,Freehold,39,,LAKESIDE COURT,BRIERLEY HILL,BRIERLEY HILL,DUDLEY,WEST MIDLANDS,Standard,Addition,52.4691650000,-2.1386530000
76000,2001-12-10 00:00:00Z,DY5 3UD,Semi-Detached,Established,Freehold,31,,WOBURN DRIVE,AMBLECOTE,BRIERLEY HILL,DUDLEY,WEST MIDLANDS,Standard,Addition,52.4682120000,-2.1349480000
31500,2001-08-20 00:00:00Z,DY8 4HX,Semi-Detached,Established,Leasehold,1,,CHURCHWARD CLOSE,STOURBRIDGE,STOURBRIDGE,DUDLEY,WEST MIDLANDS,Standard,Addition,52.4609710000,-2.1382820000
97500,2001-08-17 00:00:00Z,DY5 2SZ,Detached,Established,Freehold,20,,FITZGERALD PLACE,BRIERLEY HILL,BRIERLEY HILL,DUDLEY,WEST MIDLANDS,Standard,Addition,52.4617920000,-2.1365920000
73150,2001-12-14 00:00:00Z,DY5 2PN,Semi-Detached,Established,Leasehold,25,,HERN ROAD,BRIERLEY HILL,BRIERLEY HILL,DUDLEY,WEST MIDLANDS,Standard,Addition,52.4626430000,-2.1313840000
75950,2001-07-13 00:00:00Z,DY5 2PW,Semi-Detached,Established,Leasehold,16,,HERN ROAD,BRIERLEY HILL,BRIERLEY HILL,DUDLEY,WEST MIDLANDS,Standard,Addition,52.4622830000,-2.1312950000
79500,2001-11-09 00:00:00Z,DY5 3NS,Semi-Detached,Established,Freehold,30,,ROSEMOOR DRIVE,AMBLECOTE,BRIERLEY HILL,DUDLEY,WEST MIDLANDS,Standard,Addition,52.4664310000,-2.1364740000
30500,2001-03-23 00:00:00Z,DY5 2PW,Flats/Maisonettes,Established,Leasehold,48,,HERN ROAD,BRIERLEY HILL,BRIERLEY HILL,DUDLEY,WEST MIDLANDS,Standard,Addition,52.4622830000,-2.1312950000
70000,2001-05-04 00:00:00Z,DY5 2NX,Semi-Detached,Established,Freehold,30,,BLITHFIELD DRIVE,BRIERLEY HILL,BRIERLEY HILL,DUDLEY,WEST MIDLANDS,Standard,Addition,52.4628090000,-2.1384710000
98000,2001-11-16 00:00:00Z,DY5 2PW,Detached,Established,Freehold,4,,HERN ROAD,BRIERLEY HILL,BRIERLEY HILL,DUDLEY,WEST MIDLANDS,Standard,Addition,52.4622830000,-2.1312950000
119000,2001-11-30 00:00:00Z,DY5 3NY,Detached,Established,Freehold,2,,FINSBURY DRIVE,AMBLECOTE,BRIERLEY HILL,DUDLEY,WEST MIDLANDS,Standard,Addition,52.4650870000,-2.1318770000
72000,2002-08-23 00:00:00Z,DY5 3UD,Semi-Detached,Established,Leasehold,22,,WOBURN DRIVE,AMBLECOTE,BRIERLEY HILL,DUDLEY,WEST MIDLANDS,Standard,Addition,52.4682120000,-2.1349480000
85000,2002-06-28 00:00:00Z,DY5 2RT,Semi-Detached,Established,Freehold,26,,BEAUMONT DRIVE,BRIERLEY HILL,BRIERLEY HILL,DUDLEY,WEST MIDLANDS,Standard,Addition,52.4630260000,-2.1337850000
77000,2002-04-30 00:00:00Z,DY5 3PZ,Semi-Detached,Established,Leasehold,21,,BARBROOK DRIVE,BRIERLEY HILL,BRIERLEY HILL,DUDLEY,WEST MIDLANDS,Standard,Addition,52.4644510000,-2.1377480000
59600,2002-12-02 00:00:00Z,DY5 3SF,Flats/Maisonettes,Established,Leasehold,43,,KIRKSTONE COURT,AMBLECOTE,BRIERLEY HILL,DUDLEY,WEST MIDLANDS,Standard,Addition,52.4679010000,-2.1399080000
89950,2002-08-23 00:00:00Z,DY5 3PZ,Semi-Detached,Established,Leasehold,36,,BARBROOK DRIVE,BRIERLEY HILL,BRIERLEY HILL,DUDLEY,WEST MIDLANDS,Standard,Addition,52.4644510000,-2.1377480000
38500,2002-07-26 00:00:00Z,DY5 2PW,Flats/Maisonettes,Established,Leasehold,38,,HERN ROAD,BRIERLEY HILL,BRIERLEY HILL,DUDLEY,WEST MIDLANDS,Standard,Addition,52.4622830000,-2.1312950000
178000,2002-04-26 00:00:00Z,DY5 3RZ,Detached,Established,Freehold,49,,KIRKSTONE WAY,AMBLECOTE,BRIERLEY HILL,DUDLEY,WEST MIDLANDS,Standard,Addition,52.4688760000,-2.1363930000
94950,2002-09-27 00:00:00Z,DY5 3PZ,Semi-Detached,Established,Freehold,7,,BARBROOK DRIVE,BRIERLEY HILL,BRIERLEY HILL,DUDLEY,WEST MIDLANDS,Standard,Addition,52.4644510000,-2.1377480000
133500,2002-01-28 00:00:00Z,DY5 3YF,Detached,Established,Freehold,38,,SHADYMOOR DRIVE,BRIERLEY HILL,BRIERLEY HILL,DUDLEY,WEST MIDLANDS,Standard,Addition,52.4686400000,-2.1302540000
80800,2002-04-19 00:00:00Z,DY5 2NX,Semi-Detached,Established,Freehold,23,,BLITHFIELD DRIVE,BRIERLEY HILL,BRIERLEY HILL,DUDLEY,WEST MIDLANDS,Standard,Addition,52.4628090000,-2.1384710000
129950,2002-08-28 00:00:00Z,DY5 2PW,Detached,Established,Freehold,4,,HERN ROAD,BRIERLEY HILL,BRIERLEY HILL,DUDLEY,WEST MIDLANDS,Standard,Addition,52.4622830000,-2.1312950000
82000,2002-07-10 00:00:00Z,DY5 2QB,Semi-Detached,Established,Leasehold,45,,BITTERN WALK,BRIERLEY HILL,BRIERLEY HILL,DUDLEY,WEST MIDLANDS,Standard,Addition,52.4620770000,-2.1302200000
97500,2002-07-05 00:00:00Z,DY5 3PQ,Semi-Detached,Established,Leasehold,15,,WOODCOMBE CLOSE,AMBLECOTE,BRIERLEY HILL,DUDLEY,WEST MIDLANDS,Standard,Addition,52.4657350000,-2.1389000000
49950,2002-07-01 00:00:00Z,DY5 3PZ,Flats/Maisonettes,Established,Leasehold,62,,BARBROOK DRIVE,BRIERLEY HILL,BRIERLEY HILL,DUDLEY,WEST MIDLANDS,Standard,Addition,52.4644510000,-2.1377480000
78500,2002-04-26 00:00:00Z,DY5 2QQ,Semi-Detached,Established,Leasehold,42,,SORREL WALK,BRIERLEY HILL,BRIERLEY HILL,DUDLEY,WEST MIDLANDS,Standard,Addition,52.4614060000,-2.1355900000
77500,2002-05-03 00:00:00Z,DY5 3NZ,Semi-Detached,Established,Leasehold,93,,BROMPTON DRIVE,AMBLECOTE,BRIERLEY HILL,DUDLEY,WEST MIDLANDS,Standard,Addition,52.4660180000,-2.1355890000
75000,2002-08-02 00:00:00Z,DY8 4UT,Semi-Detached,Established,Leasehold,3,,WENLOCK ROAD,STOURBRIDGE,STOURBRIDGE,DUDLEY,WEST MIDLANDS,Standard,Addition,52.4602690000,-2.1391190000
89950,2002-08-29 00:00:00Z,DY5 3SF,Semi-Detached,Established,Freehold,6,,KIRKSTONE COURT,AMBLECOTE,BRIERLEY HILL,DUDLEY,WEST MIDLANDS,Standard,Addition,52.4679010000,-2.1399080000
69950,2002-03-08 00:00:00Z,DY5 2QG,Semi-Detached,Established,Freehold,65,,SORREL WALK,BRIERLEY HILL,BRIERLEY HILL,DUDLEY,WEST MIDLANDS,Standard,Addition,52.4612010000,-2.1342790000
95950,2002-02-28 00:00:00Z,DY5 3UD,Detached,Established,Freehold,6,,WOBURN DRIVE,AMBLECOTE,BRIERLEY HILL,DUDLEY,WEST MIDLANDS,Standard,Addition,52.4682120000,-2.1349480000
119950,2002-08-30 00:00:00Z,DY5 3PZ,Semi-Detached,Established,Leasehold,47,,BARBROOK DRIVE,BRIERLEY HILL,BRIERLEY HILL,DUDLEY,WEST MIDLANDS,Standard,Addition,52.4644510000,-2.1377480000
54500,2002-02-01 00:00:00Z,DY5 3SF,Flats/Maisonettes,Established,Leasehold,21,,KIRKSTONE COURT,AMBLECOTE,BRIERLEY HILL,DUDLEY,WEST MIDLANDS,Standard,Addition,52.4679010000,-2.1399080000
130500,2002-10-25 00:00:00Z,DY5 3PR,Semi-Detached,Established,Freehold,8,,DUNSFORD CLOSE,BRIERLEY HILL,BRIERLEY HILL,DUDLEY,WEST MIDLANDS,Standard,Addition,52.4645520000,-2.1365270000
94000,2002-06-19 00:00:00Z,DY5 3SF,Semi-Detached,Established,Freehold,47,,KIRKSTONE COURT,AMBLECOTE,BRIERLEY HILL,DUDLEY,WEST MIDLANDS,Standard,Addition,52.4679010000,-2.1399080000
83500,2002-06-14 00:00:00Z,DY5 3PZ,Semi-Detached,Established,Freehold,22,,BARBROOK DRIVE,BRIERLEY HILL,BRIERLEY HILL,DUDLEY,WEST MIDLANDS,Standard,Addition,52.4644510000,-2.1377480000
146000,2002-01-14 00:00:00Z,DY5 3SD,Detached,Established,Freehold,2,,BUTTERMERE CLOSE,BRIERLEY HILL,BRIERLEY HILL,DUDLEY,WEST MIDLANDS,Standard,Addition,52.4665020000,-2.1397190000
87500,2002-08-02 00:00:00Z,DY5 3NZ,Semi-Detached,Established,Freehold,6,,BROMPTON DRIVE,AMBLECOTE,BRIERLEY HILL,DUDLEY,WEST MIDLANDS,Standard,Addition,52.4660180000,-2.1355890000
77500,2002-11-22 00:00:00Z,DY5 3PQ,Flats/Maisonettes,Established,Leasehold,12,,WOODCOMBE CLOSE,AMBLECOTE,BRIERLEY HILL,DUDLEY,WEST MIDLANDS,Standard,Addition,52.4657350000,-2.1389000000
127000,2002-11-29 00:00:00Z,DY5 2RU,Detached,Established,Freehold,22,,FARNDALE CLOSE,BRIERLEY HILL,BRIERLEY HILL,DUDLEY,WEST MIDLANDS,Standard,Addition,52.4624120000,-2.1366230000
148000,2002-12-12 00:00:00Z,DY5 3PP,Detached,Established,Leasehold,12,,OAKHILL DRIVE,BRIERLEY HILL,BRIERLEY HILL,DUDLEY,WEST MIDLANDS,Standard,Addition,52.4651360000,-2.1364990000
87000,2002-08-23 00:00:00Z,DY5 3NZ,Terraced,Established,Freehold,84A,,BROMPTON DRIVE,AMBLECOTE,BRIERLEY HILL,DUDLEY,WEST MIDLANDS,Standard,Addition,52.4660180000,-2.1355890000
86500,2002-08-14 00:00:00Z,DY5 3RQ,Terraced,Established,Freehold,23,,LAKESIDE COURT,BRIERLEY HILL,BRIERLEY HILL,DUDLEY,WEST MIDLANDS,Standard,Addition,52.4691650000,-2.1386530000
94950,2002-12-12 00:00:00Z,DY5 3NT,Terraced,Established,Freehold,8,,ALDGATE DRIVE,AMBLECOTE,BRIERLEY HILL,DUDLEY,WEST MIDLANDS,Standard,Addition,52.4658870000,-2.1322180000
45000,2002-01-18 00:00:00Z,DY5 3NZ,Semi-Detached,Established,Freehold,42,,BROMPTON DRIVE,AMBLECOTE,BRIERLEY HILL,DUDLEY,WEST MIDLANDS,Standard,Addition,52.4660180000,-2.1355890000
49950,2002-08-02 00:00:00Z,DY5 3NS,Semi-Detached,Established,Leasehold,18,,ROSEMOOR DRIVE,AMBLECOTE,BRIERLEY HILL,DUDLEY,WEST MIDLANDS,Standard,Addition,52.4664310000,-2.1364740000
60000,2002-11-08 00:00:00Z,DY5 3PZ,Flats/Maisonettes,Established,Leasehold,8,,BARBROOK DRIVE,BRIERLEY HILL,BRIERLEY HILL,DUDLEY,WEST MIDLANDS,Standard,Addition,52.4644510000,-2.1377480000
83950,2002-05-10 00:00:00Z,DY5 3RQ,Terraced,Established,Freehold,21,,LAKESIDE COURT,BRIERLEY HILL,BRIERLEY HILL,DUDLEY,WEST MIDLANDS,Standard,Addition,52.4691650000,-2.1386530000
225000,2002-09-13 00:00:00Z,DY5 3RZ,Detached,Established,Freehold,53,,KIRKSTONE WAY,AMBLECOTE,BRIERLEY HILL,DUDLEY,WEST MIDLANDS,Standard,Addition,52.4688760000,-2.1363930000
119500,2002-03-21 00:00:00Z,DY5 3SF,Semi-Detached,Established,Freehold,29,,KIRKSTONE COURT,AMBLECOTE,BRIERLEY HILL,DUDLEY,WEST MIDLANDS,Standard,Addition,52.4679010000,-2.1399080000
66000,2002-11-07 00:00:00Z,DY5 3NZ,Flats/Maisonettes,Established,Leasehold,99,,BROMPTON DRIVE,AMBLECOTE,BRIERLEY HILL,DUDLEY,WEST MIDLANDS,Standard,Addition,52.4660180000,-2.1355890000
166000,2002-01-25 00:00:00Z,DY5 3XJ,Detached,Established,Freehold,3,,PATTERDALE WAY,BRIERLEY HILL,BRIERLEY HILL,DUDLEY,WEST MIDLANDS,Standard,Addition,52.4699480000,-2.1343940000
73750,2002-02-28 00:00:00Z,DY5 3NZ,Semi-Detached,Established,Leasehold,54,,BROMPTON DRIVE,AMBLECOTE,BRIERLEY HILL,DUDLEY,WEST MIDLANDS,Standard,Addition,52.4660180000,-2.1355890000
134950,2002-01-18 00:00:00Z,DY5 3RN,Detached,Established,Freehold,7,,BURGHLEY WALK,BRIERLEY HILL,BRIERLEY HILL,DUDLEY,WEST MIDLANDS,Standard,Addition,52.4689130000,-2.1357160000
114995,2002-04-29 00:00:00Z,DY5 3NT,Detached,Established,Freehold,22,,ALDGATE DRIVE,AMBLECOTE,BRIERLEY HILL,DUDLEY,WEST MIDLANDS,Standard,Addition,52.4658870000,-2.1322180000
75000,2002-08-23 00:00:00Z,DY5 3UD,Flats/Maisonettes,Established,Leasehold,14,,WOBURN DRIVE,AMBLECOTE,BRIERLEY HILL,DUDLEY,WEST MIDLANDS,Standard,Addition,52.4682120000,-2.1349480000
117000,2002-05-31 00:00:00Z,DY5 3QY,Detached,Established,Freehold,10,,SUFFOLK DRIVE,BRIERLEY HILL,BRIERLEY HILL,DUDLEY,WEST MIDLANDS,Standard,Addition,52.4675950000,-2.1322530000
71500,2002-12-16 00:00:00Z,DY5 3SF,Flats/Maisonettes,Established,Leasehold,17,,KIRKSTONE COURT,AMBLECOTE,BRIERLEY HILL,DUDLEY,WEST MIDLANDS,Standard,Addition,52.4679010000,-2.1399080000
129500,2002-08-02 00:00:00Z,DY5 3NT,Detached,Established,Freehold,37,,ALDGATE DRIVE,AMBLECOTE,BRIERLEY HILL,DUDLEY,WEST MIDLANDS,Standard,Addition,52.4658870000,-2.1322180000
149000,2002-01-25 00:00:00Z,DY5 3PW,Semi-Detached,Established,Freehold,41,,BRAYFORD AVENUE,BRIERLEY HILL,BRIERLEY HILL,DUDLEY,WEST MIDLANDS,Standard,Addition,52.4640770000,-2.1352450000
136950,2002-09-13 00:00:00Z,DY5 3NT,Detached,Established,Leasehold,27,,ALDGATE DRIVE,AMBLECOTE,BRIERLEY HILL,DUDLEY,WEST MIDLANDS,Standard,Addition,52.4658870000,-2.1322180000
157500,2002-02-08 00:00:00Z,DY5 3UF,Detached,Established,Freehold,2,,HELMSLEY CLOSE,BRIERLEY HILL,BRIERLEY HILL,DUDLEY,WEST MIDLANDS,Standard,Addition,52.4684970000,-2.1332330000
129950,2002-06-28 00:00:00Z,DY5 2RL,Detached,Established,Freehold,24,,LINDALE CRESCENT,AMBLECOTE,BRIERLEY HILL,DUDLEY,WEST MIDLANDS,Standard,Addition,52.4618920000,-2.1351060000
90000,2002-07-05 00:00:00Z,DY5 2RT,Semi-Detached,Established,Leasehold,16,,BEAUMONT DRIVE,BRIERLEY HILL,BRIERLEY HILL,DUDLEY,WEST MIDLANDS,Standard,Addition,52.4630260000,-2.1337850000
105000,2002-04-26 00:00:00Z,DY5 3NT,Semi-Detached,Established,Freehold,25,,ALDGATE DRIVE,AMBLECOTE,BRIERLEY HILL,DUDLEY,WEST MIDLANDS,Standard,Addition,52.4658870000,-2.1322180000
36500,2002-06-21 00:00:00Z,DY5 2PW,Flats/Maisonettes,Established,Leasehold,40,,HERN ROAD,BRIERLEY HILL,BRIERLEY HILL,DUDLEY,WEST MIDLANDS,Standard,Addition,52.4622830000,-2.1312950000
38500,2002-08-02 00:00:00Z,DY5 2PW,Flats/Maisonettes,Established,Leasehold,52,,HERN ROAD,BRIERLEY HILL,BRIERLEY HILL,DUDLEY,WEST MIDLANDS,Standard,Addition,52.4622830000,-2.1312950000
82500,2002-10-10 00:00:00Z,DY5 3PQ,Semi-Detached,Established,Leasehold,27,,WOODCOMBE CLOSE,AMBLECOTE,BRIERLEY HILL,DUDLEY,WEST MIDLANDS,Standard,Addition,52.4657350000,-2.1389000000
89500,2002-04-08 00:00:00Z,DY5 2SL,Semi-Detached,Established,Leasehold,12,,STOW DRIVE,BRIERLEY HILL,BRIERLEY HILL,DUDLEY,WEST MIDLANDS,Standard,Addition,52.4618300000,-2.1340160000
79000,2002-03-28 00:00:00Z,DY5 3PW,Semi-Detached,Established,Leasehold,47,,BRAYFORD AVENUE,BRIERLEY HILL,BRIERLEY HILL,DUDLEY,WEST MIDLANDS,Standard,Addition,52.4640770000,-2.1352450000
89000,2002-05-24 00:00:00Z,DY5 3UD,Semi-Detached,Established,Freehold,28,,WOBURN DRIVE,AMBLECOTE,BRIERLEY HILL,DUDLEY,WEST MIDLANDS,Standard,Addition,52.4682120000,-2.1349480000
78000,2002-05-03 00:00:00Z,DY5 2QQ,Semi-Detached,Established,Leasehold,48,,SORREL WALK,BRIERLEY HILL,BRIERLEY HILL,DUDLEY,WEST MIDLANDS,Standard,Addition,52.4614060000,-2.1355900000
90000,2002-08-07 00:00:00Z,DY5 3PZ,Semi-Detached,Established,Freehold,74,,BARBROOK DRIVE,BRIERLEY HILL,BRIERLEY HILL,DUDLEY,WEST MIDLANDS,Standard,Addition,52.4644510000,-2.1377480000
169000,2002-07-26 00:00:00Z,DY5 3RN,Detached,Established,Freehold,3,,BURGHLEY WALK,BRIERLEY HILL,BRIERLEY HILL,DUDLEY,WEST MIDLANDS,Standard,Addition,52.4689130000,-2.1357160000
46500,2002-10-04 00:00:00Z,DY5 2PW,Flats/Maisonettes,Established,Leasehold,48,,HERN ROAD,BRIERLEY HILL,BRIERLEY HILL,DUDLEY,WEST MIDLANDS,Standard,Addition,52.4622830000,-2.1312950000
130500,2002-10-25 00:00:00Z,DY5 3PR,Semi-Detached,Established,Leasehold,8,,DUNSFORD CLOSE,BRIERLEY HILL,BRIERLEY HILL,DUDLEY,WEST MIDLANDS,Standard,Addition,52.4645520000,-2.1365270000
85950,2002-08-16 00:00:00Z,DY5 2RT,Semi-Detached,Established,Freehold,22,,BEAUMONT DRIVE,BRIERLEY HILL,BRIERLEY HILL,DUDLEY,WEST MIDLANDS,Standard,Addition,52.4630260000,-2.1337850000
73000,2002-06-19 00:00:00Z,DY5 3PQ,Semi-Detached,Established,Leasehold,34,,WOODCOMBE CLOSE,AMBLECOTE,BRIERLEY HILL,DUDLEY,WEST MIDLANDS,Standard,Addition,52.4657350000,-2.1389000000
33000,2002-03-28 00:00:00Z,DY5 2PW,Flats/Maisonettes,Established,Leasehold,32,,HERN ROAD,BRIERLEY HILL,BRIERLEY HILL,DUDLEY,WEST MIDLANDS,Standard,Addition,52.4622830000,-2.1312950000
175000,2002-07-11 00:00:00Z,DY5 3RL,Detached,Established,Freehold,1,,LAMBOURNE WAY,BRIERLEY HILL,BRIERLEY HILL,DUDLEY,WEST MIDLANDS,Standard,Addition,52.4691220000,-2.1337290000
68500,2002-11-08 00:00:00Z,DY5 3SF,Semi-Detached,Established,Leasehold,14,,KIRKSTONE COURT,AMBLECOTE,BRIERLEY HILL,DUDLEY,WEST MIDLANDS,Standard,Addition,52.4679010000,-2.1399080000
14950,2002-10-16 00:00:00Z,DY5 3SF,Terraced,Established,Leasehold,39,,KIRKSTONE COURT,AMBLECOTE,BRIERLEY HILL,DUDLEY,WEST MIDLANDS,Standard,Addition,52.4679010000,-2.1399080000
64500,2002-01-25 00:00:00Z,DY5 2QE,Semi-Detached,Established,Freehold,238,,STAMFORD ROAD,BRIERLEY HILL,BRIERLEY HILL,DUDLEY,WEST MIDLANDS,Standard,Addition,52.4609950000,-2.1337640000
52995,2002-12-19 00:00:00Z,DY5 3PZ,Flats/Maisonettes,Established,Leasehold,26,,BARBROOK DRIVE,BRIERLEY HILL,BRIERLEY HILL,DUDLEY,WEST MIDLANDS,Standard,Addition,52.4644510000,-2.1377480000
81250,2002-02-22 00:00:00Z,DY5 3PZ,Semi-Detached,Established,Freehold,1,,BARBROOK DRIVE,BRIERLEY HILL,BRIERLEY HILL,DUDLEY,WEST MIDLANDS,Standard,Addition,52.4644510000,-2.1377480000
125000,2002-09-27 00:00:00Z,DY5 2QE,Detached,Established,Freehold,251,,STAMFORD ROAD,BRIERLEY HILL,BRIERLEY HILL,DUDLEY,WEST MIDLANDS,Standard,Addition,52.4609950000,-2.1337640000
97500,2002-07-05 00:00:00Z,DY5 3PQ,Semi-Detached,Established,Freehold,15,,WOODCOMBE CLOSE,AMBLECOTE,BRIERLEY HILL,DUDLEY,WEST MIDLANDS,Standard,Addition,52.4657350000,-2.1389000000
132950,2002-10-25 00:00:00Z,DY5 2NZ,Detached,Established,Freehold,5,,GRATHAM CLOSE,AMBLECOTE,BRIERLEY HILL,DUDLEY,WEST MIDLANDS,Standard,Addition,52.4629590000,-2.1373900000
159950,2002-05-30 00:00:00Z,DY5 3RN,Detached,Established,Freehold,6,,BURGHLEY WALK,BRIERLEY HILL,BRIERLEY HILL,DUDLEY,WEST MIDLANDS,Standard,Addition,52.4689130000,-2.1357160000
145000,2002-08-16 00:00:00Z,DY5 2RX,Detached,Established,Freehold,7,,MARTINDALE WALK,BRIERLEY HILL,BRIERLEY HILL,DUDLEY,WEST MIDLANDS,Standard,Addition,52.4627020000,-2.1346810000
86500,2002-03-25 00:00:00Z,DY5 2PN,Semi-Detached,Established,Leasehold,19,,HERN ROAD,BRIERLEY HILL,BRIERLEY HILL,DUDLEY,WEST MIDLANDS,Standard,Addition,52.4626430000,-2.1313840000
66500,2002-05-17 00:00:00Z,DY5 2QF,Flats/Maisonettes,Established,Leasehold,273,,STAMFORD ROAD,,BRIERLEY HILL,DUDLEY,WEST MIDLANDS,Standard,Addition,52.4602200000,-2.1350120000
81500,2002-08-16 00:00:00Z,DY5 3NZ,Semi-Detached,Established,Leasehold,52,,BROMPTON DRIVE,AMBLECOTE,BRIERLEY HILL,DUDLEY,WEST MIDLANDS,Standard,Addition,52.4660180000,-2.1355890000
78000,2003-04-17 00:00:00Z,DY5 2QE,Flats/Maisonettes,New Build,Leasehold,"STAMFORD LODGE, 208",,STAMFORD ROAD,,BRIERLEY HILL,DUDLEY,WEST MIDLANDS,Standard,Addition,52.4609950000,-2.1337640000
84500,2003-02-19 00:00:00Z,DY5 2QG,Semi-Detached,Established,Freehold,47,,SORREL WALK,BRIERLEY HILL,BRIERLEY HILL,DUDLEY,WEST MIDLANDS,Standard,Addition,52.4612010000,-2.1342790000
109000,2003-10-31 00:00:00Z,DY5 3NZ,Semi-Detached,Established,Leasehold,83,,BROMPTON DRIVE,AMBLECOTE,BRIERLEY HILL,DUDLEY,WEST MIDLANDS,Standard,Addition,52.4660180000,-2.1355890000
95000,2003-04-04 00:00:00Z,DY5 3NZ,Semi-Detached,Established,Freehold,79,,BROMPTON DRIVE,AMBLECOTE,BRIERLEY HILL,DUDLEY,WEST MIDLANDS,Standard,Addition,52.4660180000,-2.1355890000
136000,2003-05-28 00:00:00Z,DY5 2PE,Detached,Established,Freehold,44,,BROOMEHILL CLOSE,BRIERLEY HILL,BRIERLEY HILL,DUDLEY,WEST MIDLANDS,Standard,Addition,52.4645230000,-2.1300360000
154950,2003-02-21 00:00:00Z,DY5 2NY,Terraced,Established,Freehold,10,,ARDINGLEY WALK,BRIERLEY HILL,BRIERLEY HILL,DUDLEY,WEST MIDLANDS,Standard,Addition,52.4640810000,-2.1393810000
185950,2003-08-15 00:00:00Z,DY5 3RW,Detached,Established,Freehold,2,,BORROWDALE CLOSE,BRIERLEY HILL,BRIERLEY HILL,DUDLEY,WEST MIDLANDS,Standard,Addition,52.4674270000,-2.1379490000
109950,2003-04-17 00:00:00Z,DY5 3NZ,Semi-Detached,Established,Leasehold,63,,BROMPTON DRIVE,AMBLECOTE,BRIERLEY HILL,DUDLEY,WEST MIDLANDS,Standard,Addition,52.4660180000,-2.1355890000
74950,2003-03-31 00:00:00Z,DY8 4HX,Terraced,Established,Freehold,44,,CHURCHWARD CLOSE,STOURBRIDGE,STOURBRIDGE,DUDLEY,WEST MIDLANDS,Standard,Addition,52.4609710000,-2.1382820000
195000,2003-12-19 00:00:00Z,DY5 3RW,Detached,Established,Freehold,25,,BORROWDALE CLOSE,BRIERLEY HILL,BRIERLEY HILL,DUDLEY,WEST MIDLANDS,Standard,Addition,52.4674270000,-2.1379490000
88000,2003-09-12 00:00:00Z,DY5 3RQ,Terraced,Established,Freehold,61,,LAKESIDE COURT,BRIERLEY HILL,BRIERLEY HILL,DUDLEY,WEST MIDLANDS,Standard,Addition,52.4691650000,-2.1386530000
190000,2003-06-27 00:00:00Z,DY5 2RU,Detached,Established,Freehold,9,,FARNDALE CLOSE,BRIERLEY HILL,BRIERLEY HILL,DUDLEY,WEST MIDLANDS,Standard,Addition,52.4624120000,-2.1366230000
132000,2003-05-20 00:00:00Z,DY5 3PW,Semi-Detached,Established,Freehold,41,,BRAYFORD AVENUE,BRIERLEY HILL,BRIERLEY HILL,DUDLEY,WEST MIDLANDS,Standard,Addition,52.4640770000,-2.1352450000
104000,2003-10-31 00:00:00Z,DY5 2QG,Semi-Detached,Established,Freehold,43,,SORREL WALK,BRIERLEY HILL,BRIERLEY HILL,DUDLEY,WEST MIDLANDS,Standard,Addition,52.4612010000,-2.1342790000
144000,2003-12-10 00:00:00Z,DY5 3PZ,Semi-Detached,Established,Leasehold,48,,BARBROOK DRIVE,BRIERLEY HILL,BRIERLEY HILL,DUDLEY,WEST MIDLANDS,Standard,Addition,52.4644510000,-2.1377480000
175000,2003-12-16 00:00:00Z,DY5 3NY,Semi-Detached,Established,Leasehold,6,,FINSBURY DRIVE,AMBLECOTE,BRIERLEY HILL,DUDLEY,WEST MIDLANDS,Standard,Addition,52.4650870000,-2.1318770000
140000,2003-05-16 00:00:00Z,DY5 3NX,Detached,Established,Freehold,3,,CHEYNE WALK,BRIERLEY HILL,BRIERLEY HILL,DUDLEY,WEST MIDLANDS,Standard,Addition,52.4654830000,-2.1319820000
155000,2003-07-04 00:00:00Z,DY5 3RZ,Detached,Established,Freehold,71,,KIRKSTONE WAY,AMBLECOTE,BRIERLEY HILL,DUDLEY,WEST MIDLANDS,Standard,Addition,52.4688760000,-2.1363930000
170000,2003-07-11 00:00:00Z,DY5 2RL,Detached,Established,Freehold,15,,LINDALE CRESCENT,AMBLECOTE,BRIERLEY HILL,DUDLEY,WEST MIDLANDS,Standard,Addition,52.4618920000,-2.1351060000
19000,2003-12-22 00:00:00Z,DY5 3SF,Flats/Maisonettes,Established,Leasehold,33,,KIRKSTONE COURT,AMBLECOTE,BRIERLEY HILL,DUDLEY,WEST MIDLANDS,Standard,Addition,52.4679010000,-2.1399080000
52500,2003-05-02 00:00:00Z,DY5 3NS,Semi-Detached,Established,Leasehold,26,,ROSEMOOR DRIVE,AMBLECOTE,BRIERLEY HILL,DUDLEY,WEST MIDLANDS,Standard,Addition,52.4664310000,-2.1364740000
86000,2003-09-25 00:00:00Z,DY5 3NW,Terraced,Established,Leasehold,5,,BEWLAY CLOSE,BRIERLEY HILL,BRIERLEY HILL,DUDLEY,WEST MIDLANDS,Standard,Addition,52.4665100000,-2.1380340000
115000,2003-12-10 00:00:00Z,DY5 3PQ,Semi-Detached,Established,Freehold,17,,WOODCOMBE CLOSE,AMBLECOTE,BRIERLEY HILL,DUDLEY,WEST MIDLANDS,Standard,Addition,52.4657350000,-2.1389000000
194950,2003-12-12 00:00:00Z,DY5 3RZ,Detached,Established,Freehold,58,,KIRKSTONE WAY,AMBLECOTE,BRIERLEY HILL,DUDLEY,WEST MIDLANDS,Standard,Addition,52.4688760000,-2.1363930000
185000,2003-01-17 00:00:00Z,DY5 3XJ,Detached,Established,Freehold,5,,PATTERDALE WAY,BRIERLEY HILL,BRIERLEY HILL,DUDLEY,WEST MIDLANDS,Standard,Addition,52.4699480000,-2.1343940000
193500,2003-01-17 00:00:00Z,DY5 3RL,Detached,Established,Freehold,8,,LAMBOURNE WAY,BRIERLEY HILL,BRIERLEY HILL,DUDLEY,WEST MIDLANDS,Standard,Addition,52.4691220000,-2.1337290000
188500,2003-04-04 00:00:00Z,DY5 3RQ,Semi-Detached,Established,Freehold,11,,LAKESIDE COURT,BRIERLEY HILL,BRIERLEY HILL,DUDLEY,WEST MIDLANDS,Standard,Addition,52.4691650000,-2.1386530000
105000,2003-03-19 00:00:00Z,DY5 3NZ,Semi-Detached,Established,Freehold,42,,BROMPTON DRIVE,AMBLECOTE,BRIERLEY HILL,DUDLEY,WEST MIDLANDS,Standard,Addition,52.4660180000,-2.1355890000
89950,2003-01-17 00:00:00Z,DY5 3PR,Semi-Detached,Established,Leasehold,12,,DUNSFORD CLOSE,BRIERLEY HILL,BRIERLEY HILL,DUDLEY,WEST MIDLANDS,Standard,Addition,52.4645520000,-2.1365270000
230000,2003-10-31 00:00:00Z,DY5 3RZ,Detached,Established,Freehold,7,,KIRKSTONE WAY,AMBLECOTE,BRIERLEY HILL,DUDLEY,WEST MIDLANDS,Standard,Addition,52.4688760000,-2.1363930000
59950,2003-05-08 00:00:00Z,DY5 3NS,Flats/Maisonettes,Established,Leasehold,21,,ROSEMOOR DRIVE,AMBLECOTE,BRIERLEY HILL,DUDLEY,WEST MIDLANDS,Standard,Addition,52.4664310000,-2.1364740000
172500,2003-04-30 00:00:00Z,DY5 3PP,Detached,Established,Freehold,16,,OAKHILL DRIVE,BRIERLEY HILL,BRIERLEY HILL,DUDLEY,WEST MIDLANDS,Standard,Addition,52.4651360000,-2.1364990000
94950,2003-09-05 00:00:00Z,DY5 3PP,Flats/Maisonettes,Established,Leasehold,41,,OAKHILL DRIVE,BRIERLEY HILL,BRIERLEY HILL,DUDLEY,WEST MIDLANDS,Standard,Addition,52.4651360000,-2.1364990000
89000,2003-12-12 00:00:00Z,DY5 3UD,Semi-Detached,Established,Leasehold,15,,WOBURN DRIVE,AMBLECOTE,BRIERLEY HILL,DUDLEY,WEST MIDLANDS,Standard,Addition,52.4682120000,-2.1349480000
100000,2003-11-13 00:00:00Z,DY5 3RZ,Semi-Detached,Established,Freehold,99,,KIRKSTONE WAY,AMBLECOTE,BRIERLEY HILL,DUDLEY,WEST MIDLANDS,Standard,Addition,52.4688760000,-2.1363930000
84250,2003-08-15 00:00:00Z,DY5 3PP,Semi-Detached,Established,Leasehold,31,,OAKHILL DRIVE,BRIERLEY HILL,BRIERLEY HILL,DUDLEY,WEST MIDLANDS,Standard,Addition,52.4651360000,-2.1364990000
177500,2003-01-24 00:00:00Z,DY5 3NU,Detached,Established,Freehold,33,,BLAKE HALL CLOSE,BRIERLEY HILL,BRIERLEY HILL,DUDLEY,WEST MIDLANDS,Standard,Addition,52.4663270000,-2.1328820000
171500,2003-08-15 00:00:00Z,DY5 2RL,Detached,Established,Freehold,26,,LINDALE CRESCENT,AMBLECOTE,BRIERLEY HILL,DUDLEY,WEST MIDLANDS,Standard,Addition,52.4618920000,-2.1351060000
119500,2003-03-17 00:00:00Z,DY5 3NW,Semi-Detached,Established,Leasehold,1,,BEWLAY CLOSE,BRIERLEY HILL,BRIERLEY HILL,DUDLEY,WEST MIDLANDS,Standard,Addition,52.4665100000,-2.1380340000
86000,2003-06-12 00:00:00Z,DY5 3RQ,Semi-Detached,Established,Leasehold,31,,LAKESIDE COURT,BRIERLEY HILL,BRIERLEY HILL,DUDLEY,WEST MIDLANDS,Standard,Addition,52.4691650000,-2.1386530000
157000,2003-08-08 00:00:00Z,DY5 2SZ,Detached,Established,Freehold,4,,FITZGERALD PLACE,BRIERLEY HILL,BRIERLEY HILL,DUDLEY,WEST MIDLANDS,Standard,Addition,52.4617920000,-2.1365920000
86500,2003-08-15 00:00:00Z,DY5 3PQ,Flats/Maisonettes,Established,Leasehold,26,,WOODCOMBE CLOSE,AMBLECOTE,BRIERLEY HILL,DUDLEY,WEST MIDLANDS,Standard,Addition,52.4657350000,-2.1389000000
59950,2003-12-10 00:00:00Z,DY5 2PW,Flats/Maisonettes,Established,Leasehold,36,,HERN ROAD,BRIERLEY HILL,BRIERLEY HILL,DUDLEY,WEST MIDLANDS,Standard,Addition,52.4622830000,-2.1312950000
64000,2003-01-28 00:00:00Z,DY8 4HU,Terraced,Established,Freehold,36,,DEAN CLOSE,STOURBRIDGE,STOURBRIDGE,DUDLEY,WEST MIDLANDS,Standard,Addition,52.4619590000,-2.1395950000
94500,2003-06-27 00:00:00Z,DY5 2QE,Semi-Detached,Established,Freehold,214,,STAMFORD ROAD,BRIERLEY HILL,BRIERLEY HILL,DUDLEY,WEST MIDLANDS,Standard,Addition,52.4609950000,-2.1337640000
164000,2003-02-28 00:00:00Z,DY5 2RT,Detached,Established,Freehold,14,,BEAUMONT DRIVE,BRIERLEY HILL,BRIERLEY HILL,DUDLEY,WEST MIDLANDS,Standard,Addition,52.4630260000,-2.1337850000
160000,2003-06-27 00:00:00Z,DY5 3PP,Terraced,Established,Leasehold,10,,OAKHILL DRIVE,BRIERLEY HILL,BRIERLEY HILL,DUDLEY,WEST MIDLANDS,Standard,Addition,52.4651360000,-2.1364990000
115000,2003-09-05 00:00:00Z,DY5 2NX,Semi-Detached,Established,Freehold,32,,BLITHFIELD DRIVE,BRIERLEY HILL,BRIERLEY HILL,DUDLEY,WEST MIDLANDS,Standard,Addition,52.4628090000,-2.1384710000
109950,2003-05-30 00:00:00Z,DY5 2PE,Semi-Detached,Established,Leasehold,27,,BROOMEHILL CLOSE,BRIERLEY HILL,BRIERLEY HILL,DUDLEY,WEST MIDLANDS,Standard,Addition,52.4645230000,-2.1300360000
73000,2003-09-26 00:00:00Z,DY5 3NS,Semi-Detached,Established,Leasehold,15,,ROSEMOOR DRIVE,AMBLECOTE,BRIERLEY HILL,DUDLEY,WEST MIDLANDS,Standard,Addition,52.4664310000,-2.1364740000
200000,2003-08-11 00:00:00Z,DY5 3RN,Semi-Detached,Established,Freehold,9,,BURGHLEY WALK,BRIERLEY HILL,BRIERLEY HILL,DUDLEY,WEST MIDLANDS,Standard,Addition,52.4689130000,-2.1357160000
163000,2003-09-25 00:00:00Z,DY5 2NZ,Detached,Established,Freehold,16,,GRATHAM CLOSE,AMBLECOTE,BRIERLEY HILL,DUDLEY,WEST MIDLANDS,Standard,Addition,52.4629590000,-2.1373900000
189950,2003-11-14 00:00:00Z,DY5 3QW,Detached,Established,Freehold,10,,LYTHWOOD DRIVE,BRIERLEY HILL,BRIERLEY HILL,DUDLEY,WEST MIDLANDS,Standard,Addition,52.4677410000,-2.1307370000
121000,2003-04-25 00:00:00Z,DY5 3QY,Detached,Established,Freehold,12,,SUFFOLK DRIVE,BRIERLEY HILL,BRIERLEY HILL,DUDLEY,WEST MIDLANDS,Standard,Addition,52.4675950000,-2.1322530000
158000,2003-02-14 00:00:00Z,DY5 3NU,Detached,Established,Freehold,21,,BLAKE HALL CLOSE,BRIERLEY HILL,BRIERLEY HILL,DUDLEY,WEST MIDLANDS,Standard,Addition,52.4663270000,-2.1328820000
80000,2003-05-29 00:00:00Z,DY5 3RQ,Semi-Detached,Established,Leasehold,27,,LAKESIDE COURT,BRIERLEY HILL,BRIERLEY HILL,DUDLEY,WEST MIDLANDS,Standard,Addition,52.4691650000,-2.1386530000
83500,2003-02-17 00:00:00Z,DY8 4UR,Terraced,Established,Leasehold,181,,PENFIELDS ROAD,STOURBRIDGE,STOURBRIDGE,DUDLEY,WEST MIDLANDS,Standard,Addition,52.4602270000,-2.1369700000
40000,2003-07-28 00:00:00Z,DY8 4HX,Terraced,Established,Freehold,17,,CHURCHWARD CLOSE,STOURBRIDGE,STOURBRIDGE,DUDLEY,WEST MIDLANDS,Standard,Addition,52.4609710000,-2.1382820000
77000,2003-07-11 00:00:00Z,DY5 3NS,Terraced,Established,Leasehold,16,,ROSEMOOR DRIVE,AMBLECOTE,BRIERLEY HILL,DUDLEY,WEST MIDLANDS,Standard,Addition,52.4664310000,-2.1364740000
85000,2003-10-24 00:00:00Z,DY5 3PQ,Flats/Maisonettes,Established,Leasehold,22,,WOODCOMBE CLOSE,AMBLECOTE,BRIERLEY HILL,DUDLEY,WEST MIDLANDS,Standard,Addition,52.4657350000,-2.1389000000
94500,2003-06-27 00:00:00Z,DY5 2QE,Semi-Detached,Established,Leasehold,214,,STAMFORD ROAD,BRIERLEY HILL,BRIERLEY HILL,DUDLEY,WEST MIDLANDS,Standard,Addition,52.4609950000,-2.1337640000
100000,2003-04-01 00:00:00Z,DY5 2NX,Semi-Detached,Established,Leasehold,25,,BLITHFIELD DRIVE,BRIERLEY HILL,BRIERLEY HILL,DUDLEY,WEST MIDLANDS,Standard,Addition,52.4628090000,-2.1384710000
106995,2003-10-24 00:00:00Z,DY5 2NX,Semi-Detached,Established,Freehold,21,,BLITHFIELD DRIVE,BRIERLEY HILL,BRIERLEY HILL,DUDLEY,WEST MIDLANDS,Standard,Addition,52.4628090000,-2.1384710000
85000,2003-12-19 00:00:00Z,DY5 3PQ,Flats/Maisonettes,Established,Leasehold,8,,WOODCOMBE CLOSE,AMBLECOTE,BRIERLEY HILL,DUDLEY,WEST MIDLANDS,Standard,Addition,52.4657350000,-2.1389000000
56000,2003-10-24 00:00:00Z,DY5 2PW,Flats/Maisonettes,Established,Leasehold,40,,HERN ROAD,BRIERLEY HILL,BRIERLEY HILL,DUDLEY,WEST MIDLANDS,Standard,Addition,52.4622830000,-2.1312950000
118500,2003-07-07 00:00:00Z,DY5 3SF,Detached,Established,Freehold,49,,KIRKSTONE COURT,AMBLECOTE,BRIERLEY HILL,DUDLEY,WEST MIDLANDS,Standard,Addition,52.4679010000,-2.1399080000
110000,2003-09-29 00:00:00Z,DY5 3PZ,Semi-Detached,Established,Leasehold,23,,BARBROOK DRIVE,BRIERLEY HILL,BRIERLEY HILL,DUDLEY,WEST MIDLANDS,Standard,Addition,52.4644510000,-2.1377480000
249995,2003-12-12 00:00:00Z,DY5 3RQ,Detached,Established,Freehold,20,,LAKESIDE COURT,BRIERLEY HILL,BRIERLEY HILL,DUDLEY,WEST MIDLANDS,Standard,Addition,52.4691650000,-2.1386530000
198000,2003-04-30 00:00:00Z,DY5 3XJ,Semi-Detached,Established,Freehold,14,,PATTERDALE WAY,BRIERLEY HILL,BRIERLEY HILL,DUDLEY,WEST MIDLANDS,Standard,Addition,52.4699480000,-2.1343940000
71000,2003-09-17 00:00:00Z,DY8 4HX,Terraced,Established,Freehold,42,,CHURCHWARD CLOSE,STOURBRIDGE,STOURBRIDGE,DUDLEY,WEST MIDLANDS,Standard,Addition,52.4609710000,-2.1382820000
97000,2003-05-16 00:00:00Z,DY5 3PR,Semi-Detached,Established,Leasehold,14,,DUNSFORD CLOSE,BRIERLEY HILL,BRIERLEY HILL,DUDLEY,WEST MIDLANDS,Standard,Addition,52.4645520000,-2.1365270000
189950,2003-09-05 00:00:00Z,DY5 2NZ,Detached,Established,Freehold,6,,GRATHAM CLOSE,AMBLECOTE,BRIERLEY HILL,DUDLEY,WEST MIDLANDS,Standard,Addition,52.4629590000,-2.1373900000
72950,2003-06-30 00:00:00Z,DY5 3SF,Flats/Maisonettes,Established,Leasehold,19,,KIRKSTONE COURT,AMBLECOTE,BRIERLEY HILL,DUDLEY,WEST MIDLANDS,Standard,Addition,52.4679010000,-2.1399080000
56500,2003-08-15 00:00:00Z,DY5 2PW,Flats/Maisonettes,Established,Leasehold,52,,HERN ROAD,BRIERLEY HILL,BRIERLEY HILL,DUDLEY,WEST MIDLANDS,Standard,Addition,52.4622830000,-2.1312950000
114950,2003-09-25 00:00:00Z,DY5 2SL,Semi-Detached,Established,Freehold,6,,STOW DRIVE,BRIERLEY HILL,BRIERLEY HILL,DUDLEY,WEST MIDLANDS,Standard,Addition,52.4618300000,-2.1340160000
170000,2003-07-25 00:00:00Z,DY5 2RX,Detached,Established,Freehold,2,,MARTINDALE WALK,BRIERLEY HILL,BRIERLEY HILL,DUDLEY,WEST MIDLANDS,Standard,Addition,52.4627020000,-2.1346810000
195000,2003-04-16 00:00:00Z,DY5 3RQ,Detached,Established,Freehold,14,,LAKESIDE COURT,BRIERLEY HILL,BRIERLEY HILL,DUDLEY,WEST MIDLANDS,Standard,Addition,52.4691650000,-2.1386530000
86000,2003-03-28 00:00:00Z,DY5 3SF,Semi-Detached,Established,Freehold,9,,KIRKSTONE COURT,AMBLECOTE,BRIERLEY HILL,DUDLEY,WEST MIDLANDS,Standard,Addition,52.4679010000,-2.1399080000
142500,2003-09-19 00:00:00Z,DY5 3QW,Detached,Established,Freehold,8,,LYTHWOOD DRIVE,BRIERLEY HILL,BRIERLEY HILL,DUDLEY,WEST MIDLANDS,Standard,Addition,52.4677410000,-2.1307370000
83500,2003-08-22 00:00:00Z,DY5 3UD,Semi-Detached,Established,Leasehold,16,,WOBURN DRIVE,AMBLECOTE,BRIERLEY HILL,DUDLEY,WEST MIDLANDS,Standard,Addition,52.4682120000,-2.1349480000
83000,2003-06-02 00:00:00Z,DY5 3PP,Flats/Maisonettes,Established,Leasehold,27,,OAKHILL DRIVE,BRIERLEY HILL,BRIERLEY HILL,DUDLEY,WEST MIDLANDS,Standard,Addition,52.4651360000,-2.1364990000
70750,2003-05-23 00:00:00Z,DY5 3NS,Semi-Detached,Established,Leasehold,1,,ROSEMOOR DRIVE,AMBLECOTE,BRIERLEY HILL,DUDLEY,WEST MIDLANDS,Standard,Addition,52.4664310000,-2.1364740000
179000,2003-07-15 00:00:00Z,DY5 2NY,Detached,Established,Freehold,12,,ARDINGLEY WALK,BRIERLEY HILL,BRIERLEY HILL,DUDLEY,WEST MIDLANDS,Standard,Addition,52.4640810000,-2.1393810000
154500,2003-11-21 00:00:00Z,DY5 3NZ,Detached,Established,Freehold,86,,BROMPTON DRIVE,AMBLECOTE,BRIERLEY HILL,DUDLEY,WEST MIDLANDS,Standard,Addition,52.4660180000,-2.1355890000
177500,2003-01-24 00:00:00Z,DY5 3NU,Detached,Established,Leasehold,33,,BLAKE HALL CLOSE,BRIERLEY HILL,BRIERLEY HILL,DUDLEY,WEST MIDLANDS,Standard,Addition,52.4663270000,-2.1328820000
170000,2003-01-27 00:00:00Z,DY5 3YF,Detached,Established,Freehold,46,,SHADYMOOR DRIVE,BRIERLEY HILL,BRIERLEY HILL,DUDLEY,WEST MIDLANDS,Standard,Addition,52.4686400000,-2.1302540000
102000,2003-10-03 00:00:00Z,DY5 3PZ,Semi-Detached,Established,Leasehold,72,,BARBROOK DRIVE,BRIERLEY HILL,BRIERLEY HILL,DUDLEY,WEST MIDLANDS,Standard,Addition,52.4644510000,-2.1377480000
165000,2003-02-21 00:00:00Z,DY5 3YF,Detached,Established,Freehold,2,,SHADYMOOR DRIVE,BRIERLEY HILL,BRIERLEY HILL,DUDLEY,WEST MIDLANDS,Standard,Addition,52.4686400000,-2.1302540000
90000,2003-06-26 00:00:00Z,DY5 2QE,Semi-Detached,Established,Freehold,210,,STAMFORD ROAD,BRIERLEY HILL,BRIERLEY HILL,DUDLEY,WEST MIDLANDS,Standard,Addition,52.4609950000,-2.1337640000
159000,2004-07-09 00:00:00Z,DY5 2PW,Detached,Established,Freehold,8,,HERN ROAD,BRIERLEY HILL,BRIERLEY HILL,DUDLEY,WEST MIDLANDS,Standard,Addition,52.4622830000,-2.1312950000
176000,2004-11-26 00:00:00Z,DY5 3XL,Detached,Established,Freehold,19,,AMBLESIDE DRIVE,BRIERLEY HILL,BRIERLEY HILL,DUDLEY,WEST MIDLANDS,Standard,Addition,52.4699530000,-2.1332230000
157000,2004-12-16 00:00:00Z,DY5 2PE,Detached,Established,Leasehold,8,,BROOMEHILL CLOSE,BRIERLEY HILL,BRIERLEY HILL,DUDLEY,WEST MIDLANDS,Standard,Addition,52.4645230000,-2.1300360000
160000,2004-03-31 00:00:00Z,DY5 3SE,Detached,Established,Freehold,4,,THIRLMERE WALK,BRIERLEY HILL,BRIERLEY HILL,DUDLEY,WEST MIDLANDS,Standard,Addition,52.4667600000,-2.1393450000
117000,2004-05-21 00:00:00Z,DY5 2SL,Semi-Detached,Established,Freehold,15,,STOW DRIVE,BRIERLEY HILL,BRIERLEY HILL,DUDLEY,WEST MIDLANDS,Standard,Addition,52.4618300000,-2.1340160000
75000,2004-09-03 00:00:00Z,DY5 2PW,Flats/Maisonettes,Established,Leasehold,48,,HERN ROAD,BRIERLEY HILL,BRIERLEY HILL,DUDLEY,WEST MIDLANDS,Standard,Addition,52.4622830000,-2.1312950000
116000,2004-03-31 00:00:00Z,DY5 3NS,Semi-Detached,Established,Leasehold,6,,ROSEMOOR DRIVE,AMBLECOTE,BRIERLEY HILL,DUDLEY,WEST MIDLANDS,Standard,Addition,52.4664310000,-2.1364740000
91000,2004-01-09 00:00:00Z,DY5 3UD,Flats/Maisonettes,Established,Leasehold,18,,WOBURN DRIVE,AMBLECOTE,BRIERLEY HILL,DUDLEY,WEST MIDLANDS,Standard,Addition,52.4682120000,-2.1349480000
117950,2004-09-30 00:00:00Z,DY5 3NX,Semi-Detached,Established,Leasehold,9,,CHEYNE WALK,BRIERLEY HILL,BRIERLEY HILL,DUDLEY,WEST MIDLANDS,Standard,Addition,52.4654830000,-2.1319820000
164500,2004-04-05 00:00:00Z,DY5 2QH,Detached,Established,Freehold,25,,PETERS HILL ROAD,BRIERLEY HILL,BRIERLEY HILL,DUDLEY,WEST MIDLANDS,Standard,Addition,52.4624430000,-2.1325460000
90000,2004-07-23 00:00:00Z,DY5 3NS,Semi-Detached,Established,Leasehold,1,,ROSEMOOR DRIVE,AMBLECOTE,BRIERLEY HILL,DUDLEY,WEST MIDLANDS,Standard,Addition,52.4664310000,-2.1364740000
119950,2004-08-27 00:00:00Z,DY5 3NZ,Semi-Detached,Established,Leasehold,55,,BROMPTON DRIVE,AMBLECOTE,BRIERLEY HILL,DUDLEY,WEST MIDLANDS,Standard,Addition,52.4660180000,-2.1355890000
182000,2004-10-22 00:00:00Z,DY5 3RW,Detached,Established,Freehold,5,,BORROWDALE CLOSE,BRIERLEY HILL,BRIERLEY HILL,DUDLEY,WEST MIDLANDS,Standard,Addition,52.4674270000,-2.1379490000
107500,2004-03-05 00:00:00Z,DY5 3RQ,Terraced,Established,Freehold,61,,LAKESIDE COURT,BRIERLEY HILL,BRIERLEY HILL,DUDLEY,WEST MIDLANDS,Standard,Addition,52.4691650000,-2.1386530000
197250,2004-06-29 00:00:00Z,DY5 3QW,Detached,Established,Freehold,16,,LYTHWOOD DRIVE,BRIERLEY HILL,BRIERLEY HILL,DUDLEY,WEST MIDLANDS,Standard,Addition,52.4677410000,-2.1307370000
169500,2004-04-16 00:00:00Z,DY5 3QW,Detached,Established,Freehold,3,,LYTHWOOD DRIVE,BRIERLEY HILL,BRIERLEY HILL,DUDLEY,WEST MIDLANDS,Standard,Addition,52.4677410000,-2.1307370000
176000,2004-09-17 00:00:00Z,DY5 3SE,Detached,Established,Freehold,6,,THIRLMERE WALK,BRIERLEY HILL,BRIERLEY HILL,DUDLEY,WEST MIDLANDS,Standard,Addition,52.4667600000,-2.1393450000
78000,2004-05-12 00:00:00Z,DY5 3PZ,Terraced,Established,Leasehold,42,,BARBROOK DRIVE,BRIERLEY HILL,BRIERLEY HILL,DUDLEY,WEST MIDLANDS,Standard,Addition,52.4644510000,-2.1377480000
147000,2004-01-09 00:00:00Z,DY5 2NZ,Detached,Established,Freehold,1,,GRATHAM CLOSE,AMBLECOTE,BRIERLEY HILL,DUDLEY,WEST MIDLANDS,Standard,Addition,52.4629590000,-2.1373900000
140000,2004-01-09 00:00:00Z,DY5 3QY,Detached,Established,Freehold,9,,SUFFOLK DRIVE,BRIERLEY HILL,BRIERLEY HILL,DUDLEY,WEST MIDLANDS,Standard,Addition,52.4675950000,-2.1322530000
196000,2004-08-24 00:00:00Z,DY5 3NU,Detached,Established,Freehold,35,,BLAKE HALL CLOSE,BRIERLEY HILL,BRIERLEY HILL,DUDLEY,WEST MIDLANDS,Standard,Addition,52.4663270000,-2.1328820000
185950,2004-08-06 00:00:00Z,DY5 3QW,Detached,Established,Freehold,24,,LYTHWOOD DRIVE,BRIERLEY HILL,BRIERLEY HILL,DUDLEY,WEST MIDLANDS,Standard,Addition,52.4677410000,-2.1307370000
125000,2004-10-29 00:00:00Z,DY5 2NX,Semi-Detached,Established,Freehold,15,,BLITHFIELD DRIVE,BRIERLEY HILL,BRIERLEY HILL,DUDLEY,WEST MIDLANDS,Standard,Addition,52.4628090000,-2.1384710000
235000,2004-02-06 00:00:00Z,DY5 3RZ,Detached,Established,Freehold,1,,KIRKSTONE WAY,AMBLECOTE,BRIERLEY HILL,DUDLEY,WEST MIDLANDS,Standard,Addition,52.4688760000,-2.1363930000
119950,2004-08-27 00:00:00Z,DY5 3NZ,Semi-Detached,Established,Freehold,55,,BROMPTON DRIVE,AMBLECOTE,BRIERLEY HILL,DUDLEY,WEST MIDLANDS,Standard,Addition,52.4660180000,-2.1355890000
168000,2004-03-12 00:00:00Z,DY5 2RU,Detached,Established,Freehold,29,,FARNDALE CLOSE,BRIERLEY HILL,BRIERLEY HILL,DUDLEY,WEST MIDLANDS,Standard,Addition,52.4624120000,-2.1366230000
180000,2004-05-06 00:00:00Z,DY5 3XJ,Detached,Established,Freehold,10,,PATTERDALE WAY,BRIERLEY HILL,BRIERLEY HILL,DUDLEY,WEST MIDLANDS,Standard,Addition,52.4699480000,-2.1343940000
91000,2004-05-10 00:00:00Z,DY5 2QF,Semi-Detached,Established,Leasehold,275,,STAMFORD ROAD,BRIERLEY HILL,BRIERLEY HILL,DUDLEY,WEST MIDLANDS,Standard,Addition,52.4602200000,-2.1350120000
183000,2004-06-25 00:00:00Z,DY5 3QX,Detached,Established,Leasehold,18,,SALCOMBE DRIVE,BRIERLEY HILL,BRIERLEY HILL,DUDLEY,WEST MIDLANDS,Standard,Addition,52.4671000000,-2.1330460000
205950,2004-08-20 00:00:00Z,DY5 3RZ,Detached,Established,Freehold,27,,KIRKSTONE WAY,AMBLECOTE,BRIERLEY HILL,DUDLEY,WEST MIDLANDS,Standard,Addition,52.4688760000,-2.1363930000
182000,2004-03-12 00:00:00Z,DY5 3NU,Semi-Detached,Established,Leasehold,23,,BLAKE HALL CLOSE,BRIERLEY HILL,BRIERLEY HILL,DUDLEY,WEST MIDLANDS,Standard,Addition,52.4663270000,-2.1328820000
109950,2004-09-02 00:00:00Z,DY5 3PP,Semi-Detached,Established,Leasehold,33,,OAKHILL DRIVE,BRIERLEY HILL,BRIERLEY HILL,DUDLEY,WEST MIDLANDS,Standard,Addition,52.4651360000,-2.1364990000
92950,2004-12-16 00:00:00Z,DY5 3RQ,Terraced,Established,Leasehold,53,,LAKESIDE COURT,BRIERLEY HILL,BRIERLEY HILL,DUDLEY,WEST MIDLANDS,Standard,Addition,52.4691650000,-2.1386530000
225000,2004-11-23 00:00:00Z,DY5 3NT,Detached,Established,Leasehold,15,,ALDGATE DRIVE,AMBLECOTE,BRIERLEY HILL,DUDLEY,WEST MIDLANDS,Standard,Addition,52.4658870000,-2.1322180000
115000,2004-04-05 00:00:00Z,DY5 2NX,Semi-Detached,Established,Freehold,30,,BLITHFIELD DRIVE,BRIERLEY HILL,BRIERLEY HILL,DUDLEY,WEST MIDLANDS,Standard,Addition,52.4628090000,-2.1384710000
110000,2004-12-22 00:00:00Z,DY5 3PQ,Flats/Maisonettes,Established,Leasehold,8,,WOODCOMBE CLOSE,AMBLECOTE,BRIERLEY HILL,DUDLEY,WEST MIDLANDS,Standard,Addition,52.4657350000,-2.1389000000
109995,2004-04-27 00:00:00Z,DY5 3NX,Terraced,Established,Leasehold,6,,CHEYNE WALK,BRIERLEY HILL,BRIERLEY HILL,DUDLEY,WEST MIDLANDS,Standard,Addition,52.4654830000,-2.1319820000
102000,2004-09-24 00:00:00Z,DY5 2QB,Semi-Detached,Established,Freehold,41,,BITTERN WALK,BRIERLEY HILL,BRIERLEY HILL,DUDLEY,WEST MIDLANDS,Standard,Addition,52.4620770000,-2.1302200000
46500,2004-06-11 00:00:00Z,DY5 3SF,Flats/Maisonettes,Established,Leasehold,34,,KIRKSTONE COURT,AMBLECOTE,BRIERLEY HILL,DUDLEY,WEST MIDLANDS,Standard,Addition,52.4679010000,-2.1399080000
111500,2004-03-06 00:00:00Z,DY5 3NZ,Semi-Detached,Established,Leasehold,62,,BROMPTON DRIVE,AMBLECOTE,BRIERLEY HILL,DUDLEY,WEST MIDLANDS,Standard,Addition,52.4660180000,-2.1355890000
180000,2004-02-13 00:00:00Z,DY5 2NX,Detached,Established,Leasehold,16,,BLITHFIELD DRIVE,,BRIERLEY HILL,DUDLEY,WEST MIDLANDS,Standard,Addition,52.4628090000,-2.1384710000
230000,2004-04-14 00:00:00Z,DY5 3RZ,Detached,Established,Freehold,57,,KIRKSTONE WAY,AMBLECOTE,BRIERLEY HILL,DUDLEY,WEST MIDLANDS,Standard,Addition,52.4688760000,-2.1363930000
118000,2004-08-04 00:00:00Z,DY5 3NZ,Semi-Detached,Established,Freehold,68,,BROMPTON DRIVE,AMBLECOTE,BRIERLEY HILL,DUDLEY,WEST MIDLANDS,Standard,Addition,52.4660180000,-2.1355890000
169500,2004-05-21 00:00:00Z,DY5 3NT,Detached,Established,Freehold,51,,ALDGATE DRIVE,AMBLECOTE,BRIERLEY HILL,DUDLEY,WEST MIDLANDS,Standard,Addition,52.4658870000,-2.1322180000
162500,2004-01-20 00:00:00Z,DY5 3PP,Detached,Established,Freehold,3,,OAKHILL DRIVE,BRIERLEY HILL,BRIERLEY HILL,DUDLEY,WEST MIDLANDS,Standard,Addition,52.4651360000,-2.1364990000
102500,2004-04-30 00:00:00Z,DY5 2QG,Semi-Detached,Established,Freehold,47,,SORREL WALK,BRIERLEY HILL,BRIERLEY HILL,DUDLEY,WEST MIDLANDS,Standard,Addition,52.4612010000,-2.1342790000
82000,2004-03-05 00:00:00Z,DY5 3NZ,Flats/Maisonettes,Established,Leasehold,99,,BROMPTON DRIVE,AMBLECOTE,BRIERLEY HILL,DUDLEY,WEST MIDLANDS,Standard,Addition,52.4660180000,-2.1355890000
249500,2004-11-25 00:00:00Z,DY5 3RL,Detached,Established,Freehold,37,,LAMBOURNE WAY,BRIERLEY HILL,BRIERLEY HILL,DUDLEY,WEST MIDLANDS,Standard,Addition,52.4691220000,-2.1337290000
196000,2004-08-24 00:00:00Z,DY5 3NU,Detached,Established,Leasehold,35,,BLAKE HALL CLOSE,BRIERLEY HILL,BRIERLEY HILL,DUDLEY,WEST MIDLANDS,Standard,Addition,52.4663270000,-2.1328820000
117000,2004-09-30 00:00:00Z,DY5 3PR,Semi-Detached,Established,Leasehold,7,,DUNSFORD CLOSE,BRIERLEY HILL,BRIERLEY HILL,DUDLEY,WEST MIDLANDS,Standard,Addition,52.4645520000,-2.1365270000
116000,2004-04-08 00:00:00Z,DY5 3NS,Semi-Detached,Established,Leasehold,14,,ROSEMOOR DRIVE,AMBLECOTE,BRIERLEY HILL,DUDLEY,WEST MIDLANDS,Standard,Addition,52.4664310000,-2.1364740000
84000,2004-10-08 00:00:00Z,DY5 3PZ,Flats/Maisonettes,Established,Leasehold,66,,BARBROOK DRIVE,BRIERLEY HILL,BRIERLEY HILL,DUDLEY,WEST MIDLANDS,Standard,Addition,52.4644510000,-2.1377480000
180000,2004-08-20 00:00:00Z,DY5 3RZ,Detached,Established,Freehold,67,,KIRKSTONE WAY,AMBLECOTE,BRIERLEY HILL,DUDLEY,WEST MIDLANDS,Standard,Addition,52.4688760000,-2.1363930000
104000,2004-12-22 00:00:00Z,DY5 2QE,Semi-Detached,Established,Freehold,220,,STAMFORD ROAD,BRIERLEY HILL,BRIERLEY HILL,DUDLEY,WEST MIDLANDS,Standard,Addition,52.4609950000,-2.1337640000
209950,2004-03-12 00:00:00Z,DY5 3LL,Detached,Established,Freehold,6,,QUINCY RISE,BRIERLEY HILL,BRIERLEY HILL,DUDLEY,WEST MIDLANDS,Standard,Addition,52.4666880000,-2.1310720000
129950,2004-10-08 00:00:00Z,DY5 2RT,Semi-Detached,Established,Freehold,20,,BEAUMONT DRIVE,BRIERLEY HILL,BRIERLEY HILL,DUDLEY,WEST MIDLANDS,Standard,Addition,52.4630260000,-2.1337850000
124000,2004-05-21 00:00:00Z,DY5 3NT,Terraced,Established,Freehold,10,,ALDGATE DRIVE,AMBLECOTE,BRIERLEY HILL,DUDLEY,WEST MIDLANDS,Standard,Addition,52.4658870000,-2.1322180000
116500,2004-07-28 00:00:00Z,DY5 2SZ,Semi-Detached,Established,Freehold,17,,FITZGERALD PLACE,BRIERLEY HILL,BRIERLEY HILL,DUDLEY,WEST MIDLANDS,Standard,Addition,52.4617920000,-2.1365920000
182500,2004-03-12 00:00:00Z,DY5 2RL,Detached,Established,Freehold,15,,LINDALE CRESCENT,AMBLECOTE,BRIERLEY HILL,DUDLEY,WEST MIDLANDS,Standard,Addition,52.4618920000,-2.1351060000
210000,2004-05-06 00:00:00Z,DY5 3RL,Detached,Established,Freehold,3,,LAMBOURNE WAY,BRIERLEY HILL,BRIERLEY HILL,DUDLEY,WEST MIDLANDS,Standard,Addition,52.4691220000,-2.1337290000
131950,2004-09-03 00:00:00Z,DY5 3UD,Semi-Detached,Established,Freehold,32,,WOBURN DRIVE,AMBLECOTE,BRIERLEY HILL,DUDLEY,WEST MIDLANDS,Standard,Addition,52.4682120000,-2.1349480000
114950,2004-12-22 00:00:00Z,DY5 3NZ,Terraced,Established,Freehold,84,,BROMPTON DRIVE,AMBLECOTE,BRIERLEY HILL,DUDLEY,WEST MIDLANDS,Standard,Addition,52.4660180000,-2.1355890000
183000,2004-06-25 00:00:00Z,DY5 3QX,Detached,Established,Freehold,18,,SALCOMBE DRIVE,BRIERLEY HILL,BRIERLEY HILL,DUDLEY,WEST MIDLANDS,Standard,Addition,52.4671000000,-2.1330460000
192500,2004-03-15 00:00:00Z,DY5 3PP,Detached,Established,Freehold,18,,OAKHILL DRIVE,BRIERLEY HILL,BRIERLEY HILL,DUDLEY,WEST MIDLANDS,Standard,Addition,52.4651360000,-2.1364990000
189000,2004-09-30 00:00:00Z,DY5 3YF,Semi-Detached,Established,Freehold,1,,SHADYMOOR DRIVE,BRIERLEY HILL,BRIERLEY HILL,DUDLEY,WEST MIDLANDS,Standard,Addition,52.4686400000,-2.1302540000
89950,2004-08-12 00:00:00Z,DY5 3NS,Terraced,Established,Leasehold,16,,ROSEMOOR DRIVE,AMBLECOTE,BRIERLEY HILL,DUDLEY,WEST MIDLANDS,Standard,Addition,52.4664310000,-2.1364740000
138000,2004-08-27 00:00:00Z,DY5 3NZ,Semi-Detached,Established,Leasehold,43,,BROMPTON DRIVE,AMBLECOTE,BRIERLEY HILL,DUDLEY,WEST MIDLANDS,Standard,Addition,52.4660180000,-2.1355890000
194950,2004-01-16 00:00:00Z,DY5 3RZ,Detached,Established,Freehold,12,,KIRKSTONE WAY,AMBLECOTE,BRIERLEY HILL,DUDLEY,WEST MIDLANDS,Standard,Addition,52.4688760000,-2.1363930000
188500,2004-07-30 00:00:00Z,DY5 3QX,Detached,Established,Leasehold,5,,SALCOMBE DRIVE,BRIERLEY HILL,BRIERLEY HILL,DUDLEY,WEST MIDLANDS,Standard,Addition,52.4671000000,-2.1330460000
139000,2004-06-18 00:00:00Z,DY5 3NW,Semi-Detached,Established,Leasehold,10,,BEWLAY CLOSE,BRIERLEY HILL,BRIERLEY HILL,DUDLEY,WEST MIDLANDS,Standard,Addition,52.4665100000,-2.1380340000
121500,2004-05-21 00:00:00Z,DY5 3NZ,Semi-Detached,Established,Leasehold,46,,BROMPTON DRIVE,AMBLECOTE,BRIERLEY HILL,DUDLEY,WEST MIDLANDS,Standard,Addition,52.4660180000,-2.1355890000
169500,2004-12-17 00:00:00Z,DY5 2RU,Semi-Detached,Established,Leasehold,17,,FARNDALE CLOSE,BRIERLEY HILL,BRIERLEY HILL,DUDLEY,WEST MIDLANDS,Standard,Addition,52.4624120000,-2.1366230000
120000,2004-05-28 00:00:00Z,DY5 3QZ,Detached,Established,Freehold,10,,HUNSTANTON CLOSE,BRIERLEY HILL,BRIERLEY HILL,DUDLEY,WEST MIDLANDS,Standard,Addition,52.4671910000,-2.1315450000
183950,2004-07-29 00:00:00Z,DY5 3YF,Detached,Established,Freehold,4,,SHADYMOOR DRIVE,BRIERLEY HILL,BRIERLEY HILL,DUDLEY,WEST MIDLANDS,Standard,Addition,52.4686400000,-2.1302540000
162500,2004-10-29 00:00:00Z,DY5 2SZ,Detached,Established,Leasehold,18,,FITZGERALD PLACE,BRIERLEY HILL,BRIERLEY HILL,DUDLEY,WEST MIDLANDS,Standard,Addition,52.4617920000,-2.1365920000
98000,2004-02-27 00:00:00Z,DY5 2QG,Semi-Detached,Established,Leasehold,5,,SORREL WALK,BRIERLEY HILL,BRIERLEY HILL,DUDLEY,WEST MIDLANDS,Standard,Addition,52.4612010000,-2.1342790000
173000,2004-10-15 00:00:00Z,DY5 3PW,Semi-Detached,Established,Leasehold,3,,BRAYFORD AVENUE,BRIERLEY HILL,BRIERLEY HILL,DUDLEY,WEST MIDLANDS,Standard,Addition,52.4640770000,-2.1352450000
133000,2004-03-19 00:00:00Z,DY5 3QY,Detached,Established,Freehold,6,,SUFFOLK DRIVE,BRIERLEY HILL,BRIERLEY HILL,DUDLEY,WEST MIDLANDS,Standard,Addition,52.4675950000,-2.1322530000
94000,2004-03-29 00:00:00Z,DY8 4HX,Semi-Detached,Established,Freehold,59,,CHURCHWARD CLOSE,STOURBRIDGE,STOURBRIDGE,DUDLEY,WEST MIDLANDS,Standard,Addition,52.4609710000,-2.1382820000
102500,2004-04-07 00:00:00Z,DY5 3PR,Semi-Detached,Established,Leasehold,6,,DUNSFORD CLOSE,BRIERLEY HILL,BRIERLEY HILL,DUDLEY,WEST MIDLANDS,Standard,Addition,52.4645520000,-2.1365270000
189950,2004-05-10 00:00:00Z,DY5 3QW,Semi-Detached,Established,Freehold,2,,LYTHWOOD DRIVE,BRIERLEY HILL,BRIERLEY HILL,DUDLEY,WEST MIDLANDS,Standard,Addition,52.4677410000,-2.1307370000
59995,2004-06-11 00:00:00Z,DY5 3RZ,Terraced,Established,Leasehold,97,,KIRKSTONE WAY,AMBLECOTE,BRIERLEY HILL,DUDLEY,WEST MIDLANDS,Standard,Addition,52.4688760000,-2.1363930000
105250,2004-01-09 00:00:00Z,DY5 3PQ,Semi-Detached,Established,Leasehold,18,,WOODCOMBE CLOSE,AMBLECOTE,BRIERLEY HILL,DUDLEY,WEST MIDLANDS,Standard,Addition,52.4657350000,-2.1389000000
143500,2004-12-23 00:00:00Z,DY5 2QF,Semi-Detached,Established,Freehold,269,,STAMFORD ROAD,BRIERLEY HILL,BRIERLEY HILL,DUDLEY,WEST MIDLANDS,Standard,Addition,52.4602200000,-2.1350120000
136000,2004-11-26 00:00:00Z,DY5 3SF,Semi-Detached,Established,Freehold,50,,KIRKSTONE COURT,AMBLECOTE,BRIERLEY HILL,DUDLEY,WEST MIDLANDS,Standard,Addition,52.4679010000,-2.1399080000
110000,2004-08-20 00:00:00Z,DY5 3PP,Flats/Maisonettes,Established,Leasehold,27,,OAKHILL DRIVE,BRIERLEY HILL,BRIERLEY HILL,DUDLEY,WEST MIDLANDS,Standard,Addition,52.4651360000,-2.1364990000
175000,2004-03-05 00:00:00Z,DY5 3NT,Detached,Established,Freehold,33,,ALDGATE DRIVE,AMBLECOTE,BRIERLEY HILL,DUDLEY,WEST MIDLANDS,Standard,Addition,52.4658870000,-2.1322180000
189000,2005-09-02 00:00:00Z,DY5 3PU,Detached,Established,Leasehold,1,,EXFORD CLOSE,BRIERLEY HILL,BRIERLEY HILL,DUDLEY,WEST MIDLANDS,Standard,Addition,52.4659470000,-2.1380240000
125000,2005-03-31 00:00:00Z,DY5 3NZ,Semi-Detached,Established,Leasehold,31,,BROMPTON DRIVE,AMBLECOTE,BRIERLEY HILL,DUDLEY,WEST MIDLANDS,Standard,Addition,52.4660180000,-2.1355890000
204950,2005-05-27 00:00:00Z,DY5 2RL,Detached,Established,Freehold,15,,LINDALE CRESCENT,AMBLECOTE,BRIERLEY HILL,DUDLEY,WEST MIDLANDS,Standard,Addition,52.4618920000,-2.1351060000
116000,2005-12-09 00:00:00Z,DY5 2QG,Semi-Detached,Established,Leasehold,29,,SORREL WALK,,BRIERLEY HILL,DUDLEY,WEST MIDLANDS,Standard,Addition,52.4612010000,-2.1342790000
114950,2005-06-28 00:00:00Z,DY5 2QG,Semi-Detached,Established,Leasehold,11,,SORREL WALK,BRIERLEY HILL,BRIERLEY HILL,DUDLEY,WEST MIDLANDS,Standard,Addition,52.4612010000,-2.1342790000
78750,2005-06-17 00:00:00Z,DY5 3NS,Flats/Maisonettes,Established,Leasehold,17,,ROSEMOOR DRIVE,AMBLECOTE,BRIERLEY HILL,DUDLEY,WEST MIDLANDS,Standard,Addition,52.4664310000,-2.1364740000
82000,2005-01-07 00:00:00Z,DY5 3PZ,Flats/Maisonettes,Established,Leasehold,62,,BARBROOK DRIVE,BRIERLEY HILL,BRIERLEY HILL,DUDLEY,WEST MIDLANDS,Standard,Addition,52.4644510000,-2.1377480000
120000,2005-10-28 00:00:00Z,DY5 3SF,Semi-Detached,Established,Freehold,6,,KIRKSTONE COURT,AMBLECOTE,BRIERLEY HILL,DUDLEY,WEST MIDLANDS,Standard,Addition,52.4679010000,-2.1399080000
180000,2005-02-01 00:00:00Z,DY5 3YF,Semi-Detached,Established,Leasehold,23,,SHADYMOOR DRIVE,,BRIERLEY HILL,DUDLEY,WEST MIDLANDS,Standard,Addition,52.4686400000,-2.1302540000
100000,2005-11-04 00:00:00Z,DY8 4HU,Terraced,Established,Freehold,8,,DEAN CLOSE,STOURBRIDGE,STOURBRIDGE,DUDLEY,WEST MIDLANDS,Standard,Addition,52.4619590000,-2.1395950000
192500,2005-10-03 00:00:00Z,DY5 3QW,Detached,Established,Freehold,31,,LYTHWOOD DRIVE,BRIERLEY HILL,BRIERLEY HILL,DUDLEY,WEST MIDLANDS,Standard,Addition,52.4677410000,-2.1307370000
201500,2005-06-03 00:00:00Z,DY5 3SE,Detached,Established,Freehold,8,,THIRLMERE WALK,BRIERLEY HILL,BRIERLEY HILL,DUDLEY,WEST MIDLANDS,Standard,Addition,52.4667600000,-2.1393450000
129000,2005-09-16 00:00:00Z,DY5 2NX,Semi-Detached,Established,Freehold,23,,BLITHFIELD DRIVE,BRIERLEY HILL,BRIERLEY HILL,DUDLEY,WEST MIDLANDS,Standard,Addition,52.4628090000,-2.1384710000
165000,2005-02-01 00:00:00Z,DY5 3NS,Semi-Detached,Established,Freehold,25,,ROSEMOOR DRIVE,AMBLECOTE,BRIERLEY HILL,DUDLEY,WEST MIDLANDS,Standard,Addition,52.4664310000,-2.1364740000
103000,2005-10-05 00:00:00Z,DY5 3RQ,Semi-Detached,Established,Leasehold,47,,LAKESIDE COURT,BRIERLEY HILL,BRIERLEY HILL,DUDLEY,WEST MIDLANDS,Standard,Addition,52.4691650000,-2.1386530000
200000,2005-05-27 00:00:00Z,DY5 3QX,Detached,Established,Leasehold,20,,SALCOMBE DRIVE,BRIERLEY HILL,BRIERLEY HILL,DUDLEY,WEST MIDLANDS,Standard,Addition,52.4671000000,-2.1330460000
171000,2005-11-23 00:00:00Z,DY5 3LL,Semi-Detached,Established,Freehold,3,,QUINCY RISE,BRIERLEY HILL,BRIERLEY HILL,DUDLEY,WEST MIDLANDS,Standard,Addition,52.4666880000,-2.1310720000
200000,2005-02-03 00:00:00Z,DY5 3QW,Detached,Established,Leasehold,26,,LYTHWOOD DRIVE,,BRIERLEY HILL,DUDLEY,WEST MIDLANDS,Standard,Addition,52.4677410000,-2.1307370000
119995,2005-05-20 00:00:00Z,DY5 3RQ,Terraced,Established,Freehold,61,,LAKESIDE COURT,,BRIERLEY HILL,DUDLEY,WEST MIDLANDS,Standard,Addition,52.4691650000,-2.1386530000
249995,2005-09-13 00:00:00Z,DY5 2NX,Detached,Established,Freehold,1,,BLITHFIELD DRIVE,BRIERLEY HILL,BRIERLEY HILL,DUDLEY,WEST MIDLANDS,Standard,Addition,52.4628090000,-2.1384710000
153000,2005-09-16 00:00:00Z,DY5 3NZ,Semi-Detached,Established,Freehold,73,,BROMPTON DRIVE,AMBLECOTE,BRIERLEY HILL,DUDLEY,WEST MIDLANDS,Standard,Addition,52.4660180000,-2.1355890000
131000,2005-08-26 00:00:00Z,DY5 2PN,Detached,Established,Freehold,25,,HERN ROAD,BRIERLEY HILL,BRIERLEY HILL,DUDLEY,WEST MIDLANDS,Standard,Addition,52.4626430000,-2.1313840000
167250,2005-01-28 00:00:00Z,DY5 2NZ,Detached,Established,Freehold,1,,GRATHAM CLOSE,AMBLECOTE,BRIERLEY HILL,DUDLEY,WEST MIDLANDS,Standard,Addition,52.4629590000,-2.1373900000
119950,2005-07-25 00:00:00Z,DY5 2QG,Semi-Detached,Established,Freehold,65,,SORREL WALK,BRIERLEY HILL,BRIERLEY HILL,DUDLEY,WEST MIDLANDS,Standard,Addition,52.4612010000,-2.1342790000
139450,2005-06-06 00:00:00Z,DY5 2QE,Semi-Detached,Established,Freehold,259,,STAMFORD ROAD,BRIERLEY HILL,BRIERLEY HILL,DUDLEY,WEST MIDLANDS,Standard,Addition,52.4609950000,-2.1337640000
117000,2005-08-05 00:00:00Z,DY5 2QG,Semi-Detached,Established,Leasehold,51,,SORREL WALK,BRIERLEY HILL,BRIERLEY HILL,DUDLEY,WEST MIDLANDS,Standard,Addition,52.4612010000,-2.1342790000
118500,2005-08-12 00:00:00Z,DY5 3NW,Terraced,Established,Leasehold,2,,BEWLAY CLOSE,BRIERLEY HILL,BRIERLEY HILL,DUDLEY,WEST MIDLANDS,Standard,Addition,52.4665100000,-2.1380340000
119000,2005-04-08 00:00:00Z,DY5 3NS,Semi-Detached,Established,Leasehold,11,,ROSEMOOR DRIVE,AMBLECOTE,BRIERLEY HILL,DUDLEY,WEST MIDLANDS,Standard,Addition,52.4664310000,-2.1364740000
118000,2005-12-16 00:00:00Z,DY5 3PZ,Semi-Detached,Established,Freehold,12,,BARBROOK DRIVE,,BRIERLEY HILL,DUDLEY,WEST MIDLANDS,Standard,Addition,52.4644510000,-2.1377480000
128500,2005-11-25 00:00:00Z,DY5 2RU,Semi-Detached,Established,Freehold,30,,FARNDALE CLOSE,,BRIERLEY HILL,DUDLEY,WEST MIDLANDS,Standard,Addition,52.4624120000,-2.1366230000
203500,2005-03-24 00:00:00Z,DY5 3PP,Detached,Established,Freehold,23,,OAKHILL DRIVE,,BRIERLEY HILL,DUDLEY,WEST MIDLANDS,Standard,Addition,52.4651360000,-2.1364990000
213000,2005-08-25 00:00:00Z,DY5 3XJ,Detached,Established,Freehold,28,,PATTERDALE WAY,BRIERLEY HILL,BRIERLEY HILL,DUDLEY,WEST MIDLANDS,Standard,Addition,52.4699480000,-2.1343940000
230000,2005-07-04 00:00:00Z,DY5 3RL,Detached,Established,Freehold,19,,LAMBOURNE WAY,BRIERLEY HILL,BRIERLEY HILL,DUDLEY,WEST MIDLANDS,Standard,Addition,52.4691220000,-2.1337290000
126750,2005-09-14 00:00:00Z,DY5 3PW,Semi-Detached,Established,Leasehold,27,,BRAYFORD AVENUE,BRIERLEY HILL,BRIERLEY HILL,DUDLEY,WEST MIDLANDS,Standard,Addition,52.4640770000,-2.1352450000
127000,2005-02-04 00:00:00Z,DY5 2PW,Semi-Detached,Established,Freehold,20,,HERN ROAD,,BRIERLEY HILL,DUDLEY,WEST MIDLANDS,Standard,Addition,52.4622830000,-2.1312950000
126000,2005-09-02 00:00:00Z,DY5 3PW,Semi-Detached,Established,Leasehold,21,,BRAYFORD AVENUE,BRIERLEY HILL,BRIERLEY HILL,DUDLEY,WEST MIDLANDS,Standard,Addition,52.4640770000,-2.1352450000
88000,2005-01-26 00:00:00Z,DY5 3NS,Terraced,Established,Leasehold,34,,ROSEMOOR DRIVE,AMBLECOTE,BRIERLEY HILL,DUDLEY,WEST MIDLANDS,Standard,Addition,52.4664310000,-2.1364740000
120000,2005-08-23 00:00:00Z,DY5 3PW,Semi-Detached,Established,Leasehold,28,,BRAYFORD AVENUE,,BRIERLEY HILL,DUDLEY,WEST MIDLANDS,Standard,Addition,52.4640770000,-2.1352450000
110000,2005-05-27 00:00:00Z,DY5 3UD,Flats/Maisonettes,Established,Leasehold,19,,WOBURN DRIVE,AMBLECOTE,BRIERLEY HILL,DUDLEY,WEST MIDLANDS,Standard,Addition,52.4682120000,-2.1349480000
169950,2005-08-25 00:00:00Z,DY5 3PW,Detached,Established,Freehold,19,,BRAYFORD AVENUE,,BRIERLEY HILL,DUDLEY,WEST MIDLANDS,Standard,Addition,52.4640770000,-2.1352450000
215000,2005-09-23 00:00:00Z,DY5 2NY,Detached,Established,Freehold,12,,ARDINGLEY WALK,BRIERLEY HILL,BRIERLEY HILL,DUDLEY,WEST MIDLANDS,Standard,Addition,52.4640810000,-2.1393810000
220250,2005-10-11 00:00:00Z,DY5 3UD,Detached,Established,Freehold,3,,WOBURN DRIVE,AMBLECOTE,BRIERLEY HILL,DUDLEY,WEST MIDLANDS,Standard,Addition,52.4682120000,-2.1349480000
200000,2005-11-28 00:00:00Z,DY5 3SE,Detached,Established,Freehold,8,,THIRLMERE WALK,BRIERLEY HILL,BRIERLEY HILL,DUDLEY,WEST MIDLANDS,Standard,Addition,52.4667600000,-2.1393450000
141000,2005-08-12 00:00:00Z,DY5 3QY,Detached,Established,Freehold,11,,SUFFOLK DRIVE,BRIERLEY HILL,BRIERLEY HILL,DUDLEY,WEST MIDLANDS,Standard,Addition,52.4675950000,-2.1322530000
135000,2005-08-15 00:00:00Z,DY5 3UD,Semi-Detached,Established,Freehold,27,,WOBURN DRIVE,AMBLECOTE,BRIERLEY HILL,DUDLEY,WEST MIDLANDS,Standard,Addition,52.4682120000,-2.1349480000
89950,2005-02-18 00:00:00Z,DY8 4HX,Terraced,Established,Freehold,33,,CHURCHWARD CLOSE,,STOURBRIDGE,DUDLEY,WEST MIDLANDS,Standard,Addition,52.4609710000,-2.1382820000
105000,2005-04-05 00:00:00Z,DY5 3RQ,Flats/Maisonettes,Established,Leasehold,49,,LAKESIDE COURT,,BRIERLEY HILL,DUDLEY,WEST MIDLANDS,Standard,Addition,52.4691650000,-2.1386530000
129995,2005-11-11 00:00:00Z,DY5 2SZ,Semi-Detached,Established,Freehold,21,,FITZGERALD PLACE,BRIERLEY HILL,BRIERLEY HILL,DUDLEY,WEST MIDLANDS,Standard,Addition,52.4617920000,-2.1365920000
126500,2005-10-27 00:00:00Z,DY5 2SZ,Semi-Detached,Established,Leasehold,5,,FITZGERALD PLACE,BRIERLEY HILL,BRIERLEY HILL,DUDLEY,WEST MIDLANDS,Standard,Addition,52.4617920000,-2.1365920000
132000,2005-12-22 00:00:00Z,DY5 3NZ,Semi-Detached,Established,Freehold,45,,BROMPTON DRIVE,AMBLECOTE,BRIERLEY HILL,DUDLEY,WEST MIDLANDS,Standard,Addition,52.4660180000,-2.1355890000
130000,2005-05-20 00:00:00Z,DY5 3QY,Detached,Established,Leasehold,14,,SUFFOLK DRIVE,BRIERLEY HILL,BRIERLEY HILL,DUDLEY,WEST MIDLANDS,Standard,Addition,52.4675950000,-2.1322530000
136000,2005-08-01 00:00:00Z,DY5 2QE,Semi-Detached,Established,Freehold,261,,STAMFORD ROAD,BRIERLEY HILL,BRIERLEY HILL,DUDLEY,WEST MIDLANDS,Standard,Addition,52.4609950000,-2.1337640000
119000,2005-04-08 00:00:00Z,DY5 3NS,Semi-Detached,Established,Freehold,11,,ROSEMOOR DRIVE,AMBLECOTE,BRIERLEY HILL,DUDLEY,WEST MIDLANDS,Standard,Addition,52.4664310000,-2.1364740000
125000,2005-12-14 00:00:00Z,DY5 3NW,Terraced,Established,Leasehold,6,,BEWLAY CLOSE,,BRIERLEY HILL,DUDLEY,WEST MIDLANDS,Standard,Addition,52.4665100000,-2.1380340000
92995,2005-12-09 00:00:00Z,DY5 3PZ,Flats/Maisonettes,Established,Leasehold,44,,BARBROOK DRIVE,BRIERLEY HILL,BRIERLEY HILL,DUDLEY,WEST MIDLANDS,Standard,Addition,52.4644510000,-2.1377480000
178000,2005-03-05 00:00:00Z,DY5 3NT,Detached,Established,Freehold,17,,ALDGATE DRIVE,AMBLECOTE,BRIERLEY HILL,DUDLEY,WEST MIDLANDS,Standard,Addition,52.4658870000,-2.1322180000
127500,2005-09-16 00:00:00Z,DY5 2RT,Semi-Detached,Established,Freehold,17,,BEAUMONT DRIVE,BRIERLEY HILL,BRIERLEY HILL,DUDLEY,WEST MIDLANDS,Standard,Addition,52.4630260000,-2.1337850000
156000,2005-06-28 00:00:00Z,DY5 2NX,Detached,Established,Leasehold,22,,BLITHFIELD DRIVE,BRIERLEY HILL,BRIERLEY HILL,DUDLEY,WEST MIDLANDS,Standard,Addition,52.4628090000,-2.1384710000
131750,2005-05-25 00:00:00Z,DY5 3NZ,Semi-Detached,Established,Leasehold,63,,BROMPTON DRIVE,AMBLECOTE,BRIERLEY HILL,DUDLEY,WEST MIDLANDS,Standard,Addition,52.4660180000,-2.1355890000
110000,2005-05-06 00:00:00Z,DY5 3PQ,Semi-Detached,Established,Leasehold,25,,WOODCOMBE CLOSE,AMBLECOTE,BRIERLEY HILL,DUDLEY,WEST MIDLANDS,Standard,Addition,52.4657350000,-2.1389000000
182000,2005-09-13 00:00:00Z,DY5 2RT,Detached,Established,Leasehold,7,,BEAUMONT DRIVE,BRIERLEY HILL,BRIERLEY HILL,DUDLEY,WEST MIDLANDS,Standard,Addition,52.4630260000,-2.1337850000
128000,2005-10-21 00:00:00Z,DY5 2NX,Semi-Detached,Established,Freehold,21,,BLITHFIELD DRIVE,BRIERLEY HILL,BRIERLEY HILL,DUDLEY,WEST MIDLANDS,Standard,Addition,52.4628090000,-2.1384710000
134000,2005-04-28 00:00:00Z,DY5 3NS,Semi-Detached,Established,Freehold,30,,ROSEMOOR DRIVE,AMBLECOTE,BRIERLEY HILL,DUDLEY,WEST MIDLANDS,Standard,Addition,52.4664310000,-2.1364740000
64000,2005-10-03 00:00:00Z,DY8 4HU,Terraced,Established,Freehold,39,,DEAN CLOSE,,STOURBRIDGE,DUDLEY,WEST MIDLANDS,Standard,Addition,52.4619590000,-2.1395950000
21250,2005-11-18 00:00:00Z,DY5 3SF,Terraced,Established,Leasehold,32,,KIRKSTONE COURT,AMBLECOTE,BRIERLEY HILL,DUDLEY,WEST MIDLANDS,Standard,Addition,52.4679010000,-2.1399080000
75000,2005-08-24 00:00:00Z,DY5 2PW,Flats/Maisonettes,Established,Leasehold,52,,HERN ROAD,BRIERLEY HILL,BRIERLEY HILL,DUDLEY,WEST MIDLANDS,Standard,Addition,52.4622830000,-2.1312950000
130500,2005-09-26 00:00:00Z,DY5 3RQ,Terraced,Established,Freehold,57,,LAKESIDE COURT,BRIERLEY HILL,BRIERLEY HILL,DUDLEY,WEST MIDLANDS,Standard,Addition,52.4691650000,-2.1386530000
78950,2005-09-01 00:00:00Z,DY5 2PW,Flats/Maisonettes,Established,Leasehold,24,,HERN ROAD,,BRIERLEY HILL,DUDLEY,WEST MIDLANDS,Standard,Addition,52.4622830000,-2.1312950000
122000,2005-04-15 00:00:00Z,DY5 3RZ,Terraced,Established,Freehold,95,,KIRKSTONE WAY,AMBLECOTE,BRIERLEY HILL,DUDLEY,WEST MIDLANDS,Standard,Addition,52.4688760000,-2.1363930000
229950,2005-08-03 00:00:00Z,DY5 3NZ,Detached,Established,Freehold,3,,BROMPTON DRIVE,AMBLECOTE,BRIERLEY HILL,DUDLEY,WEST MIDLANDS,Standard,Addition,52.4660180000,-2.1355890000
114950,2005-06-28 00:00:00Z,DY5 2QG,Semi-Detached,Established,Freehold,11,,SORREL WALK,BRIERLEY HILL,BRIERLEY HILL,DUDLEY,WEST MIDLANDS,Standard,Addition,52.4612010000,-2.1342790000
151500,2005-07-29 00:00:00Z,DY8 4UT,Detached,Established,Freehold,7,,WENLOCK ROAD,,STOURBRIDGE,DUDLEY,WEST MIDLANDS,Standard,Addition,52.4602690000,-2.1391190000
197500,2005-11-25 00:00:00Z,DY5 3YF,Semi-Detached,Established,Freehold,42,,SHADYMOOR DRIVE,,BRIERLEY HILL,DUDLEY,WEST MIDLANDS,Standard,Addition,52.4686400000,-2.1302540000
158500,2006-12-15 00:00:00Z,DY5 2RT,Semi-Detached,Established,Freehold,9,,BEAUMONT DRIVE,BRIERLEY HILL,BRIERLEY HILL,DUDLEY,WEST MIDLANDS,Standard,Addition,52.4630260000,-2.1337850000
199950,2006-12-21 00:00:00Z,DY5 3QY,Detached,Established,Leasehold,14,,SUFFOLK DRIVE,BRIERLEY HILL,BRIERLEY HILL,DUDLEY,WEST MIDLANDS,Standard,Addition,52.4675950000,-2.1322530000
116000,2006-12-15 00:00:00Z,DY5 3PQ,Semi-Detached,Established,Freehold,32,,WOODCOMBE CLOSE,AMBLECOTE,BRIERLEY HILL,DUDLEY,WEST MIDLANDS,Standard,Addition,52.4657350000,-2.1389000000
222500,2006-02-03 00:00:00Z,DY5 2PE,Detached,Established,Freehold,45,,BROOMEHILL CLOSE,BRIERLEY HILL,BRIERLEY HILL,DUDLEY,WEST MIDLANDS,Standard,Addition,52.4645230000,-2.1300360000
184000,2006-11-17 00:00:00Z,DY5 2SZ,Detached,Established,Leasehold,18,,FITZGERALD PLACE,BRIERLEY HILL,BRIERLEY HILL,DUDLEY,WEST MIDLANDS,Standard,Addition,52.4617920000,-2.1365920000
119950,2006-09-08 00:00:00Z,DY5 3NZ,Semi-Detached,Established,Freehold,72,,BROMPTON DRIVE,AMBLECOTE,BRIERLEY HILL,DUDLEY,WEST MIDLANDS,Standard,Addition,52.4660180000,-2.1355890000
121000,2006-06-09 00:00:00Z,DY5 2RT,Semi-Detached,Established,Freehold,12,,BEAUMONT DRIVE,BRIERLEY HILL,BRIERLEY HILL,DUDLEY,WEST MIDLANDS,Standard,Addition,52.4630260000,-2.1337850000
136950,2006-08-11 00:00:00Z,DY8 4UR,Semi-Detached,Established,Freehold,187,,PENFIELDS ROAD,STOURBRIDGE,STOURBRIDGE,DUDLEY,WEST MIDLANDS,Standard,Addition,52.4602270000,-2.1369700000
210000,2006-02-03 00:00:00Z,DY5 2RX,Detached,Established,Freehold,9,,MARTINDALE WALK,BRIERLEY HILL,BRIERLEY HILL,DUDLEY,WEST MIDLANDS,Standard,Addition,52.4627020000,-2.1346810000
95995,2006-12-15 00:00:00Z,DY5 3PZ,Semi-Detached,Established,Leasehold,40,,BARBROOK DRIVE,BRIERLEY HILL,BRIERLEY HILL,DUDLEY,WEST MIDLANDS,Standard,Addition,52.4644510000,-2.1377480000
114100,2006-11-23 00:00:00Z,DY5 3UD,Flats/Maisonettes,Established,Leasehold,18,,WOBURN DRIVE,AMBLECOTE,BRIERLEY HILL,DUDLEY,WEST MIDLANDS,Standard,Addition,52.4682120000,-2.1349480000
125000,2006-04-13 00:00:00Z,DY5 2QB,Semi-Detached,Established,Freehold,59,,BITTERN WALK,,BRIERLEY HILL,DUDLEY,WEST MIDLANDS,Standard,Addition,52.4620770000,-2.1302200000
127000,2006-02-24 00:00:00Z,DY5 3NZ,Semi-Detached,Established,Leasehold,44,,BROMPTON DRIVE,AMBLECOTE,BRIERLEY HILL,DUDLEY,WEST MIDLANDS,Standard,Addition,52.4660180000,-2.1355890000
267000,2006-10-13 00:00:00Z,DY5 2PE,Semi-Detached,Established,Freehold,1,,BROOMEHILL CLOSE,BRIERLEY HILL,BRIERLEY HILL,DUDLEY,WEST MIDLANDS,Standard,Addition,52.4645230000,-2.1300360000
102000,2006-02-03 00:00:00Z,DY5 3UD,Flats/Maisonettes,Established,Leasehold,24,,WOBURN DRIVE,AMBLECOTE,BRIERLEY HILL,DUDLEY,WEST MIDLANDS,Standard,Addition,52.4682120000,-2.1349480000
216500,2006-12-15 00:00:00Z,DY5 3PW,Detached,Established,Freehold,35,,BRAYFORD AVENUE,BRIERLEY HILL,BRIERLEY HILL,DUDLEY,WEST MIDLANDS,Standard,Addition,52.4640770000,-2.1352450000
77000,2006-05-26 00:00:00Z,DY5 2PW,Flats/Maisonettes,Established,Leasehold,42,,HERN ROAD,BRIERLEY HILL,BRIERLEY HILL,DUDLEY,WEST MIDLANDS,Standard,Addition,52.4622830000,-2.1312950000
132950,2006-11-30 00:00:00Z,DY5 3NS,Semi-Detached,Established,Leasehold,6,,ROSEMOOR DRIVE,AMBLECOTE,BRIERLEY HILL,DUDLEY,WEST MIDLANDS,Standard,Addition,52.4664310000,-2.1364740000
127500,2006-03-17 00:00:00Z,DY5 3NW,Semi-Detached,Established,Leasehold,9,,BEWLAY CLOSE,BRIERLEY HILL,BRIERLEY HILL,DUDLEY,WEST MIDLANDS,Standard,Addition,52.4665100000,-2.1380340000
132500,2006-05-08 00:00:00Z,DY5 3NZ,Semi-Detached,Established,Freehold,6,,BROMPTON DRIVE,AMBLECOTE,BRIERLEY HILL,DUDLEY,WEST MIDLANDS,Standard,Addition,52.4660180000,-2.1355890000
104500,2006-02-17 00:00:00Z,DY5 3PQ,Flats/Maisonettes,Established,Leasehold,11,,WOODCOMBE CLOSE,AMBLECOTE,BRIERLEY HILL,DUDLEY,WEST MIDLANDS,Standard,Addition,52.4657350000,-2.1389000000
203500,2006-06-27 00:00:00Z,DY5 3YF,Detached,Established,Freehold,38,,SHADYMOOR DRIVE,BRIERLEY HILL,BRIERLEY HILL,DUDLEY,WEST MIDLANDS,Standard,Addition,52.4686400000,-2.1302540000
136000,2006-10-09 00:00:00Z,DY5 3NZ,Semi-Detached,Established,Leasehold,85,,BROMPTON DRIVE,AMBLECOTE,BRIERLEY HILL,DUDLEY,WEST MIDLANDS,Standard,Addition,52.4660180000,-2.1355890000
244000,2006-08-18 00:00:00Z,DY5 2NX,Detached,Established,Freehold,8,,BLITHFIELD DRIVE,BRIERLEY HILL,BRIERLEY HILL,DUDLEY,WEST MIDLANDS,Standard,Addition,52.4628090000,-2.1384710000
205000,2006-09-08 00:00:00Z,DY5 3RZ,Detached,Established,Freehold,29,,KIRKSTONE WAY,AMBLECOTE,BRIERLEY HILL,DUDLEY,WEST MIDLANDS,Standard,Addition,52.4688760000,-2.1363930000
237000,2006-10-20 00:00:00Z,DY5 3PP,Semi-Detached,Established,Freehold,48,,OAKHILL DRIVE,BRIERLEY HILL,BRIERLEY HILL,DUDLEY,WEST MIDLANDS,Standard,Addition,52.4651360000,-2.1364990000
128000,2006-05-11 00:00:00Z,DY5 2RT,Semi-Detached,Established,Freehold,22,,BEAUMONT DRIVE,BRIERLEY HILL,BRIERLEY HILL,DUDLEY,WEST MIDLANDS,Standard,Addition,52.4630260000,-2.1337850000
163000,2006-05-12 00:00:00Z,DY5 3RZ,Detached,Established,Freehold,15,,KIRKSTONE WAY,AMBLECOTE,BRIERLEY HILL,DUDLEY,WEST MIDLANDS,Standard,Addition,52.4688760000,-2.1363930000
135000,2006-06-09 00:00:00Z,DY5 3SF,Semi-Detached,Established,Freehold,9,,KIRKSTONE COURT,AMBLECOTE,BRIERLEY HILL,DUDLEY,WEST MIDLANDS,Standard,Addition,52.4679010000,-2.1399080000
70000,2006-12-08 00:00:00Z,DY5 2PW,Flats/Maisonettes,Established,Leasehold,34,,HERN ROAD,BRIERLEY HILL,BRIERLEY HILL,DUDLEY,WEST MIDLANDS,Standard,Addition,52.4622830000,-2.1312950000
157000,2006-06-22 00:00:00Z,DY5 3SF,Terraced,Established,Freehold,24,,KIRKSTONE COURT,AMBLECOTE,BRIERLEY HILL,DUDLEY,WEST MIDLANDS,Standard,Addition,52.4679010000,-2.1399080000
79000,2006-10-23 00:00:00Z,DY5 2PW,Flats/Maisonettes,Established,Leasehold,48,,HERN ROAD,BRIERLEY HILL,BRIERLEY HILL,DUDLEY,WEST MIDLANDS,Standard,Addition,52.4622830000,-2.1312950000
249000,2006-02-24 00:00:00Z,DY5 3RL,Detached,Established,Freehold,37,,LAMBOURNE WAY,BRIERLEY HILL,BRIERLEY HILL,DUDLEY,WEST MIDLANDS,Standard,Addition,52.4691220000,-2.1337290000
125000,2006-01-13 00:00:00Z,DY5 3RQ,Terraced,Established,Freehold,41,,LAKESIDE COURT,BRIERLEY HILL,BRIERLEY HILL,DUDLEY,WEST MIDLANDS,Standard,Addition,52.4691650000,-2.1386530000
114950,2006-08-11 00:00:00Z,DY5 3PQ,Flats/Maisonettes,Established,Leasehold,8,,WOODCOMBE CLOSE,AMBLECOTE,BRIERLEY HILL,DUDLEY,WEST MIDLANDS,Standard,Addition,52.4657350000,-2.1389000000
180450,2006-05-10 00:00:00Z,DY5 3PR,Detached,Established,Freehold,1,,DUNSFORD CLOSE,BRIERLEY HILL,BRIERLEY HILL,DUDLEY,WEST MIDLANDS,Standard,Addition,52.4645520000,-2.1365270000
186000,2006-04-28 00:00:00Z,DY5 3NT,Detached,Established,Freehold,39,,ALDGATE DRIVE,AMBLECOTE,BRIERLEY HILL,DUDLEY,WEST MIDLANDS,Standard,Addition,52.4658870000,-2.1322180000
128500,2006-02-24 00:00:00Z,DY5 3NZ,Semi-Detached,Established,Leasehold,52,,BROMPTON DRIVE,AMBLECOTE,BRIERLEY HILL,DUDLEY,WEST MIDLANDS,Standard,Addition,52.4660180000,-2.1355890000
245000,2006-07-07 00:00:00Z,DY5 3SE,Detached,Established,Freehold,7,,THIRLMERE WALK,BRIERLEY HILL,BRIERLEY HILL,DUDLEY,WEST MIDLANDS,Standard,Addition,52.4667600000,-2.1393450000
178000,2006-09-22 00:00:00Z,DY5 3NX,Detached,Established,Leasehold,2,,CHEYNE WALK,BRIERLEY HILL,BRIERLEY HILL,DUDLEY,WEST MIDLANDS,Standard,Addition,52.4654830000,-2.1319820000
137500,2006-08-18 00:00:00Z,DY5 3QY,Detached,Established,Leasehold,18,,SUFFOLK DRIVE,BRIERLEY HILL,BRIERLEY HILL,DUDLEY,WEST MIDLANDS,Standard,Addition,52.4675950000,-2.1322530000
107000,2006-05-22 00:00:00Z,DY5 3PP,Flats/Maisonettes,Established,Leasehold,43,,OAKHILL DRIVE,BRIERLEY HILL,BRIERLEY HILL,DUDLEY,WEST MIDLANDS,Standard,Addition,52.4651360000,-2.1364990000
124950,2006-08-30 00:00:00Z,DY5 3NS,Semi-Detached,Established,Freehold,7,,ROSEMOOR DRIVE,AMBLECOTE,BRIERLEY HILL,DUDLEY,WEST MIDLANDS,Standard,Addition,52.4664310000,-2.1364740000
119999,2006-04-13 00:00:00Z,DY5 3NZ,Semi-Detached,Established,Leasehold,4,,BROMPTON DRIVE,AMBLECOTE,BRIERLEY HILL,DUDLEY,WEST MIDLANDS,Standard,Addition,52.4660180000,-2.1355890000
125000,2006-11-29 00:00:00Z,DY5 3NZ,Semi-Detached,Established,Freehold,42,,BROMPTON DRIVE,AMBLECOTE,BRIERLEY HILL,DUDLEY,WEST MIDLANDS,Standard,Addition,52.4660180000,-2.1355890000
179000,2006-11-24 00:00:00Z,DY5 2RL,Detached,Established,Freehold,11,,LINDALE CRESCENT,AMBLECOTE,BRIERLEY HILL,DUDLEY,WEST MIDLANDS,Standard,Addition,52.4618920000,-2.1351060000
124000,2006-06-30 00:00:00Z,DY5 2QG,Semi-Detached,Established,Freehold,47,,SORREL WALK,BRIERLEY HILL,BRIERLEY HILL,DUDLEY,WEST MIDLANDS,Standard,Addition,52.4612010000,-2.1342790000
72000,2006-08-04 00:00:00Z,DY5 2PW,Flats/Maisonettes,Established,Leasehold,44,,HERN ROAD,BRIERLEY HILL,BRIERLEY HILL,DUDLEY,WEST MIDLANDS,Standard,Addition,52.4622830000,-2.1312950000
257000,2006-11-16 00:00:00Z,DY5 3RW,Detached,Established,Freehold,9,,BORROWDALE CLOSE,BRIERLEY HILL,BRIERLEY HILL,DUDLEY,WEST MIDLANDS,Standard,Addition,52.4674270000,-2.1379490000
79000,2006-03-30 00:00:00Z,DY5 2PW,Flats/Maisonettes,Established,Leasehold,38,,HERN ROAD,,BRIERLEY HILL,DUDLEY,WEST MIDLANDS,Standard,Addition,52.4622830000,-2.1312950000
90000,2006-11-29 00:00:00Z,DY5 3NS,Flats/Maisonettes,Established,Leasehold,21,,ROSEMOOR DRIVE,AMBLECOTE,BRIERLEY HILL,DUDLEY,WEST MIDLANDS,Standard,Addition,52.4664310000,-2.1364740000
117500,2006-07-07 00:00:00Z,DY5 2QE,Semi-Detached,Established,Freehold,230,,STAMFORD ROAD,BRIERLEY HILL,BRIERLEY HILL,DUDLEY,WEST MIDLANDS,Standard,Addition,52.4609950000,-2.1337640000
250000,2006-06-19 00:00:00Z,DY5 3RL,Detached,Established,Freehold,27,,LAMBOURNE WAY,BRIERLEY HILL,BRIERLEY HILL,DUDLEY,WEST MIDLANDS,Standard,Addition,52.4691220000,-2.1337290000
180000,2006-07-07 00:00:00Z,DY5 2RU,Detached,Established,Freehold,22,,FARNDALE CLOSE,BRIERLEY HILL,BRIERLEY HILL,DUDLEY,WEST MIDLANDS,Standard,Addition,52.4624120000,-2.1366230000
175000,2006-05-12 00:00:00Z,DY5 3PQ,Semi-Detached,Established,Freehold,17,,WOODCOMBE CLOSE,AMBLECOTE,BRIERLEY HILL,DUDLEY,WEST MIDLANDS,Standard,Addition,52.4657350000,-2.1389000000
164000,2006-09-22 00:00:00Z,DY5 2SL,Semi-Detached,Established,Freehold,8,,STOW DRIVE,BRIERLEY HILL,BRIERLEY HILL,DUDLEY,WEST MIDLANDS,Standard,Addition,52.4618300000,-2.1340160000
125000,2006-05-19 00:00:00Z,DY5 2NX,Semi-Detached,Established,Freehold,19,,BLITHFIELD DRIVE,BRIERLEY HILL,BRIERLEY HILL,DUDLEY,WEST MIDLANDS,Standard,Addition,52.4628090000,-2.1384710000
129950,2006-07-31 00:00:00Z,DY5 3PR,Semi-Detached,Established,Leasehold,12,,DUNSFORD CLOSE,BRIERLEY HILL,BRIERLEY HILL,DUDLEY,WEST MIDLANDS,Standard,Addition,52.4645520000,-2.1365270000
212000,2006-09-01 00:00:00Z,DY5 2PE,Detached,Established,Freehold,18,,BROOMEHILL CLOSE,BRIERLEY HILL,BRIERLEY HILL,DUDLEY,WEST MIDLANDS,Standard,Addition,52.4645230000,-2.1300360000
187000,2006-05-30 00:00:00Z,DY5 3LL,Detached,Established,Freehold,14,,QUINCY RISE,BRIERLEY HILL,BRIERLEY HILL,DUDLEY,WEST MIDLANDS,Standard,Addition,52.4666880000,-2.1310720000
117950,2006-10-12 00:00:00Z,DY5 3SF,Semi-Detached,Established,Leasehold,14,,KIRKSTONE COURT,AMBLECOTE,BRIERLEY HILL,DUDLEY,WEST MIDLANDS,Standard,Addition,52.4679010000,-2.1399080000
104250,2006-09-08 00:00:00Z,DY5 3NS,Terraced,Established,Leasehold,16,,ROSEMOOR DRIVE,AMBLECOTE,BRIERLEY HILL,DUDLEY,WEST MIDLANDS,Standard,Addition,52.4664310000,-2.1364740000
164000,2006-07-07 00:00:00Z,DY5 3NX,Detached,Established,Freehold,14,,CHEYNE WALK,BRIERLEY HILL,BRIERLEY HILL,DUDLEY,WEST MIDLANDS,Standard,Addition,52.4654830000,-2.1319820000
167000,2006-07-07 00:00:00Z,DY5 3NX,Detached,Established,Leasehold,14,,CHEYNE WALK,BRIERLEY HILL,BRIERLEY HILL,DUDLEY,WEST MIDLANDS,Standard,Addition,52.4654830000,-2.1319820000
116000,2006-03-31 00:00:00Z,DY5 3NS,Semi-Detached,Established,Leasehold,3,,ROSEMOOR DRIVE,AMBLECOTE,BRIERLEY HILL,DUDLEY,WEST MIDLANDS,Standard,Addition,52.4664310000,-2.1364740000
140000,2006-09-15 00:00:00Z,DY5 3NS,Semi-Detached,Established,Freehold,4,,ROSEMOOR DRIVE,AMBLECOTE,BRIERLEY HILL,DUDLEY,WEST MIDLANDS,Standard,Addition,52.4664310000,-2.1364740000
158500,2006-04-03 00:00:00Z,DY8 4UT,Detached,Established,Freehold,8,,WENLOCK ROAD,STOURBRIDGE,STOURBRIDGE,DUDLEY,WEST MIDLANDS,Standard,Addition,52.4602690000,-2.1391190000
170000,2006-01-27 00:00:00Z,DY5 2SZ,Detached,Established,Freehold,1,,FITZGERALD PLACE,,BRIERLEY HILL,DUDLEY,WEST MIDLANDS,Standard,Addition,52.4617920000,-2.1365920000
77000,2006-07-21 00:00:00Z,DY5 2PW,Flats/Maisonettes,Established,Leasehold,54,,HERN ROAD,BRIERLEY HILL,BRIERLEY HILL,DUDLEY,WEST MIDLANDS,Standard,Addition,52.4622830000,-2.1312950000
160000,2006-01-27 00:00:00Z,DY5 2RU,Detached,Established,Freehold,18,,FARNDALE CLOSE,BRIERLEY HILL,BRIERLEY HILL,DUDLEY,WEST MIDLANDS,Standard,Addition,52.4624120000,-2.1366230000
83000,2006-05-26 00:00:00Z,DY5 3PZ,Flats/Maisonettes,Established,Leasehold,26,,BARBROOK DRIVE,BRIERLEY HILL,BRIERLEY HILL,DUDLEY,WEST MIDLANDS,Standard,Addition,52.4644510000,-2.1377480000
235000,2006-09-29 00:00:00Z,DY5 3QW,Detached,Established,Freehold,7,,LYTHWOOD DRIVE,BRIERLEY HILL,BRIERLEY HILL,DUDLEY,WEST MIDLANDS,Standard,Addition,52.4677410000,-2.1307370000
230000,2006-04-12 00:00:00Z,DY5 3PW,Semi-Detached,Established,Freehold,1,,BRAYFORD AVENUE,BRIERLEY HILL,BRIERLEY HILL,DUDLEY,WEST MIDLANDS,Standard,Addition,52.4640770000,-2.1352450000
124950,2006-09-29 00:00:00Z,DY5 3NZ,Semi-Detached,Established,Leasehold,24,,BROMPTON DRIVE,AMBLECOTE,BRIERLEY HILL,DUDLEY,WEST MIDLANDS,Standard,Addition,52.4660180000,-2.1355890000
166000,2006-05-19 00:00:00Z,DY5 3PQ,Semi-Detached,Established,Leasehold,18,,WOODCOMBE CLOSE,AMBLECOTE,BRIERLEY HILL,DUDLEY,WEST MIDLANDS,Standard,Addition,52.4657350000,-2.1389000000
109000,2006-06-26 00:00:00Z,DY8 4HX,Semi-Detached,Established,Freehold,57,,CHURCHWARD CLOSE,STOURBRIDGE,STOURBRIDGE,DUDLEY,WEST MIDLANDS,Standard,Addition,52.4609710000,-2.1382820000
133000,2006-09-22 00:00:00Z,DY5 3NS,Semi-Detached,Established,Leasehold,12,,ROSEMOOR DRIVE,AMBLECOTE,BRIERLEY HILL,DUDLEY,WEST MIDLANDS,Standard,Addition,52.4664310000,-2.1364740000
100500,2006-07-21 00:00:00Z,DY8 4HU,Terraced,Established,Freehold,36,,DEAN CLOSE,STOURBRIDGE,STOURBRIDGE,DUDLEY,WEST MIDLANDS,Standard,Addition,52.4619590000,-2.1395950000
179950,2006-08-18 00:00:00Z,DY5 2NX,Semi-Detached,Established,Leasehold,28,,BLITHFIELD DRIVE,BRIERLEY HILL,BRIERLEY HILL,DUDLEY,WEST MIDLANDS,Standard,Addition,52.4628090000,-2.1384710000
212000,2006-09-01 00:00:00Z,DY5 2PE,Detached,Established,Leasehold,18,,BROOMEHILL CLOSE,BRIERLEY HILL,BRIERLEY HILL,DUDLEY,WEST MIDLANDS,Standard,Addition,52.4645230000,-2.1300360000
215000,2006-09-28 00:00:00Z,DY5 3NT,Detached,Established,Freehold,23,,ALDGATE DRIVE,AMBLECOTE,BRIERLEY HILL,DUDLEY,WEST MIDLANDS,Standard,Addition,52.4658870000,-2.1322180000
289500,2006-12-15 00:00:00Z,DY5 3RL,Detached,Established,Freehold,15,,LAMBOURNE WAY,BRIERLEY HILL,BRIERLEY HILL,DUDLEY,WEST MIDLANDS,Standard,Addition,52.4691220000,-2.1337290000
119500,2006-02-10 00:00:00Z,DY5 2QG,Semi-Detached,Established,Freehold,33,,SORREL WALK,,BRIERLEY HILL,DUDLEY,WEST MIDLANDS,Standard,Addition,52.4612010000,-2.1342790000
131000,2006-09-08 00:00:00Z,DY5 3NZ,Semi-Detached,Established,Freehold,79,,BROMPTON DRIVE,AMBLECOTE,BRIERLEY HILL,DUDLEY,WEST MIDLANDS,Standard,Addition,52.4660180000,-2.1355890000
130000,2006-05-26 00:00:00Z,DY5 2RU,Terraced,Established,Freehold,23,,FARNDALE CLOSE,BRIERLEY HILL,BRIERLEY HILL,DUDLEY,WEST MIDLANDS,Standard,Addition,52.4624120000,-2.1366230000
128000,2006-07-07 00:00:00Z,DY5 3NZ,Semi-Detached,Established,Freehold,68,,BROMPTON DRIVE,AMBLECOTE,BRIERLEY HILL,DUDLEY,WEST MIDLANDS,Standard,Addition,52.4660180000,-2.1355890000
265000,2006-12-05 00:00:00Z,DY5 3RQ,Detached,Established,Freehold,5,,LAKESIDE COURT,BRIERLEY HILL,BRIERLEY HILL,DUDLEY,WEST MIDLANDS,Standard,Addition,52.4691650000,-2.1386530000
300000,2006-12-05 00:00:00Z,DY5 3XL,Detached,Established,Freehold,1,,AMBLESIDE DRIVE,BRIERLEY HILL,BRIERLEY HILL,DUDLEY,WEST MIDLANDS,Standard,Addition,52.4699530000,-2.1332230000
220000,2006-10-06 00:00:00Z,DY5 2QE,Detached,Established,Freehold,249,,STAMFORD ROAD,BRIERLEY HILL,BRIERLEY HILL,DUDLEY,WEST MIDLANDS,Standard,Addition,52.4609950000,-2.1337640000
117000,2007-11-30 00:00:00Z,DY5 2QE,Semi-Detached,Established,Freehold,212,,STAMFORD ROAD,BRIERLEY HILL,BRIERLEY HILL,DUDLEY,WEST MIDLANDS,Standard,Addition,52.4609950000,-2.1337640000
220000,2007-07-31 00:00:00Z,DY5 2NX,Detached,Established,Freehold,14,,BLITHFIELD DRIVE,BRIERLEY HILL,BRIERLEY HILL,DUDLEY,WEST MIDLANDS,Standard,Addition,52.4628090000,-2.1384710000
293800,2007-06-08 00:00:00Z,DY5 3UE,Detached,Established,Freehold,11,,CHARNWOOD CLOSE,BRIERLEY HILL,BRIERLEY HILL,DUDLEY,WEST MIDLANDS,Standard,Addition,52.4684510000,-2.1338660000
220000,2007-07-06 00:00:00Z,DY5 3NY,Detached,Established,Freehold,20,,FINSBURY DRIVE,AMBLECOTE,BRIERLEY HILL,DUDLEY,WEST MIDLANDS,Standard,Addition,52.4650870000,-2.1318770000
130000,2007-10-05 00:00:00Z,DY5 2QG,Semi-Detached,Established,Freehold,59,,SORREL WALK,BRIERLEY HILL,BRIERLEY HILL,DUDLEY,WEST MIDLANDS,Standard,Addition,52.4612010000,-2.1342790000
194950,2007-01-23 00:00:00Z,DY5 2QD,Detached,Established,Freehold,180,,STAMFORD ROAD,BRIERLEY HILL,BRIERLEY HILL,DUDLEY,WEST MIDLANDS,Standard,Addition,52.4617180000,-2.1303070000
240000,2007-09-14 00:00:00Z,DY5 3QX,Detached,Established,Freehold,16,,SALCOMBE DRIVE,BRIERLEY HILL,BRIERLEY HILL,DUDLEY,WEST MIDLANDS,Standard,Addition,52.4671000000,-2.1330460000
220000,2007-08-07 00:00:00Z,DY5 2NX,Detached,Established,Freehold,9,,BLITHFIELD DRIVE,BRIERLEY HILL,BRIERLEY HILL,DUDLEY,WEST MIDLANDS,Standard,Addition,52.4628090000,-2.1384710000
154000,2007-04-27 00:00:00Z,DY5 3RQ,Terraced,Established,Freehold,59,,LAKESIDE COURT,BRIERLEY HILL,BRIERLEY HILL,DUDLEY,WEST MIDLANDS,Standard,Addition,52.4691650000,-2.1386530000
205000,2007-04-27 00:00:00Z,DY5 3NY,Detached,Established,Freehold,46,,FINSBURY DRIVE,AMBLECOTE,BRIERLEY HILL,DUDLEY,WEST MIDLANDS,Standard,Addition,52.4650870000,-2.1318770000
102500,2007-05-11 00:00:00Z,DY5 3SF,Flats/Maisonettes,Established,Leasehold,43,,KIRKSTONE COURT,AMBLECOTE,BRIERLEY HILL,DUDLEY,WEST MIDLANDS,Standard,Addition,52.4679010000,-2.1399080000
253500,2007-06-25 00:00:00Z,DY5 3RL,Detached,Established,Freehold,17,,LAMBOURNE WAY,BRIERLEY HILL,BRIERLEY HILL,DUDLEY,WEST MIDLANDS,Standard,Addition,52.4691220000,-2.1337290000
114950,2007-05-15 00:00:00Z,DY5 3PQ,Flats/Maisonettes,Established,Leasehold,28,,WOODCOMBE CLOSE,AMBLECOTE,BRIERLEY HILL,DUDLEY,WEST MIDLANDS,Standard,Addition,52.4657350000,-2.1389000000
292000,2007-05-25 00:00:00Z,DY5 3RN,Detached,Established,Freehold,12,,BURGHLEY WALK,BRIERLEY HILL,BRIERLEY HILL,DUDLEY,WEST MIDLANDS,Standard,Addition,52.4689130000,-2.1357160000
135000,2007-08-24 00:00:00Z,DY5 3PZ,Semi-Detached,Established,Leasehold,24,,BARBROOK DRIVE,BRIERLEY HILL,BRIERLEY HILL,DUDLEY,WEST MIDLANDS,Standard,Addition,52.4644510000,-2.1377480000
298000,2007-11-23 00:00:00Z,DY5 3UE,Detached,Established,Freehold,5,,CHARNWOOD CLOSE,BRIERLEY HILL,BRIERLEY HILL,DUDLEY,WEST MIDLANDS,Standard,Addition,52.4684510000,-2.1338660000
238000,2007-07-12 00:00:00Z,DY5 3RW,Detached,Established,Freehold,17,,BORROWDALE CLOSE,BRIERLEY HILL,BRIERLEY HILL,DUDLEY,WEST MIDLANDS,Standard,Addition,52.4674270000,-2.1379490000
133500,2007-05-25 00:00:00Z,DY5 3NZ,Semi-Detached,Established,Leasehold,62,,BROMPTON DRIVE,AMBLECOTE,BRIERLEY HILL,DUDLEY,WEST MIDLANDS,Standard,Addition,52.4660180000,-2.1355890000
138000,2007-04-11 00:00:00Z,DY8 4UR,Semi-Detached,Established,Freehold,181,,PENFIELDS ROAD,STOURBRIDGE,STOURBRIDGE,DUDLEY,WEST MIDLANDS,Standard,Addition,52.4602270000,-2.1369700000
207000,2007-08-31 00:00:00Z,DY5 3SF,Terraced,Established,Freehold,30,,KIRKSTONE COURT,AMBLECOTE,BRIERLEY HILL,DUDLEY,WEST MIDLANDS,Standard,Addition,52.4679010000,-2.1399080000
277000,2007-08-31 00:00:00Z,DY5 3XL,Detached,Established,Freehold,17,,AMBLESIDE DRIVE,BRIERLEY HILL,BRIERLEY HILL,DUDLEY,WEST MIDLANDS,Standard,Addition,52.4699530000,-2.1332230000
123500,2007-03-09 00:00:00Z,DY5 3PQ,Semi-Detached,Established,Leasehold,25,,WOODCOMBE CLOSE,AMBLECOTE,BRIERLEY HILL,DUDLEY,WEST MIDLANDS,Standard,Addition,52.4657350000,-2.1389000000
204950,2007-10-02 00:00:00Z,DY5 2PE,Detached,Established,Leasehold,16,,BROOMEHILL CLOSE,BRIERLEY HILL,BRIERLEY HILL,DUDLEY,WEST MIDLANDS,Standard,Addition,52.4645230000,-2.1300360000
108000,2007-06-08 00:00:00Z,DY5 3NZ,Flats/Maisonettes,Established,Leasehold,105,,BROMPTON DRIVE,AMBLECOTE,BRIERLEY HILL,DUDLEY,WEST MIDLANDS,Standard,Addition,52.4660180000,-2.1355890000
215000,2007-06-18 00:00:00Z,DY5 3XJ,Detached,Established,Freehold,8,,PATTERDALE WAY,BRIERLEY HILL,BRIERLEY HILL,DUDLEY,WEST MIDLANDS,Standard,Addition,52.4699480000,-2.1343940000
116500,2007-06-18 00:00:00Z,DY5 3UD,Flats/Maisonettes,Established,Leasehold,14,,WOBURN DRIVE,AMBLECOTE,BRIERLEY HILL,DUDLEY,WEST MIDLANDS,Standard,Addition,52.4682120000,-2.1349480000
178950,2007-10-19 00:00:00Z,DY5 2SL,Semi-Detached,Established,Freehold,9,,STOW DRIVE,BRIERLEY HILL,BRIERLEY HILL,DUDLEY,WEST MIDLANDS,Standard,Addition,52.4618300000,-2.1340160000
147000,2007-07-06 00:00:00Z,DY5 3QY,Detached,Established,Leasehold,18,,SUFFOLK DRIVE,BRIERLEY HILL,BRIERLEY HILL,DUDLEY,WEST MIDLANDS,Standard,Addition,52.4675950000,-2.1322530000
25000,2007-09-21 00:00:00Z,DY5 3SF,Flats/Maisonettes,Established,Leasehold,41,,KIRKSTONE COURT,AMBLECOTE,BRIERLEY HILL,DUDLEY,WEST MIDLANDS,Standard,Addition,52.4679010000,-2.1399080000
122000,2007-02-09 00:00:00Z,DY5 2QG,Semi-Detached,Established,Leasehold,5,,SORREL WALK,BRIERLEY HILL,BRIERLEY HILL,DUDLEY,WEST MIDLANDS,Standard,Addition,52.4612010000,-2.1342790000
250000,2007-11-29 00:00:00Z,DY5 2NZ,Detached,Established,Freehold,25,,GRATHAM CLOSE,AMBLECOTE,BRIERLEY HILL,DUDLEY,WEST MIDLANDS,Standard,Addition,52.4629590000,-2.1373900000
111000,2007-12-20 00:00:00Z,DY5 2QE,Semi-Detached,Established,Freehold,218,,STAMFORD ROAD,BRIERLEY HILL,BRIERLEY HILL,DUDLEY,WEST MIDLANDS,Standard,Addition,52.4609950000,-2.1337640000
140000,2007-10-26 00:00:00Z,DY5 3NZ,Semi-Detached,Established,Leasehold,33,,BROMPTON DRIVE,AMBLECOTE,BRIERLEY HILL,DUDLEY,WEST MIDLANDS,Standard,Addition,52.4660180000,-2.1355890000
218000,2007-06-28 00:00:00Z,DY5 3NY,Detached,Established,Freehold,2,,FINSBURY DRIVE,AMBLECOTE,BRIERLEY HILL,DUDLEY,WEST MIDLANDS,Standard,Addition,52.4650870000,-2.1318770000
70500,2007-03-02 00:00:00Z,DY5 3RZ,Terraced,Established,Leasehold,97,,KIRKSTONE WAY,AMBLECOTE,BRIERLEY HILL,DUDLEY,WEST MIDLANDS,Standard,Addition,52.4688760000,-2.1363930000
109000,2007-11-21 00:00:00Z,DY5 2QG,Semi-Detached,Established,Leasehold,13,,SORREL WALK,BRIERLEY HILL,BRIERLEY HILL,DUDLEY,WEST MIDLANDS,Standard,Addition,52.4612010000,-2.1342790000
205000,2007-11-16 00:00:00Z,DY5 3QW,Detached,Established,Freehold,17,,LYTHWOOD DRIVE,BRIERLEY HILL,BRIERLEY HILL,DUDLEY,WEST MIDLANDS,Standard,Addition,52.4677410000,-2.1307370000
174950,2007-03-05 00:00:00Z,DY5 3QY,Detached,Established,Freehold,10,,SUFFOLK DRIVE,BRIERLEY HILL,BRIERLEY HILL,DUDLEY,WEST MIDLANDS,Standard,Addition,52.4675950000,-2.1322530000
117000,2007-08-31 00:00:00Z,DY5 3PZ,Flats/Maisonettes,Established,Leasehold,6,,BARBROOK DRIVE,BRIERLEY HILL,BRIERLEY HILL,DUDLEY,WEST MIDLANDS,Standard,Addition,52.4644510000,-2.1377480000
240000,2007-09-14 00:00:00Z,DY5 3QX,Detached,Established,Leasehold,16,,SALCOMBE DRIVE,BRIERLEY HILL,BRIERLEY HILL,DUDLEY,WEST MIDLANDS,Standard,Addition,52.4671000000,-2.1330460000
73000,2007-05-31 00:00:00Z,DY5 2PW,Flats/Maisonettes,Established,Leasehold,52,,HERN ROAD,BRIERLEY HILL,BRIERLEY HILL,DUDLEY,WEST MIDLANDS,Standard,Addition,52.4622830000,-2.1312950000
137000,2007-09-28 00:00:00Z,DY5 3SF,Terraced,Established,Freehold,4,,KIRKSTONE COURT,AMBLECOTE,BRIERLEY HILL,DUDLEY,WEST MIDLANDS,Standard,Addition,52.4679010000,-2.1399080000
206000,2007-06-15 00:00:00Z,DY5 3NY,Detached,Established,Freehold,16,,FINSBURY DRIVE,AMBLECOTE,BRIERLEY HILL,DUDLEY,WEST MIDLANDS,Standard,Addition,52.4650870000,-2.1318770000
179950,2007-06-08 00:00:00Z,DY5 3PZ,Semi-Detached,Established,Freehold,48,,BARBROOK DRIVE,BRIERLEY HILL,BRIERLEY HILL,DUDLEY,WEST MIDLANDS,Standard,Addition,52.4644510000,-2.1377480000
122500,2007-05-18 00:00:00Z,DY5 3SF,Flats/Maisonettes,Established,Leasehold,17,,KIRKSTONE COURT,AMBLECOTE,BRIERLEY HILL,DUDLEY,WEST MIDLANDS,Standard,Addition,52.4679010000,-2.1399080000
116000,2007-08-08 00:00:00Z,DY5 3NZ,Flats/Maisonettes,Established,Leasehold,111,,BROMPTON DRIVE,AMBLECOTE,BRIERLEY HILL,DUDLEY,WEST MIDLANDS,Standard,Addition,52.4660180000,-2.1355890000
131000,2007-07-23 00:00:00Z,DY5 2RU,Semi-Detached,Established,Freehold,25,,FARNDALE CLOSE,BRIERLEY HILL,BRIERLEY HILL,DUDLEY,WEST MIDLANDS,Standard,Addition,52.4624120000,-2.1366230000
204500,2007-08-24 00:00:00Z,DY5 3SE,Detached,Established,Freehold,3,,THIRLMERE WALK,BRIERLEY HILL,BRIERLEY HILL,DUDLEY,WEST MIDLANDS,Standard,Addition,52.4667600000,-2.1393450000
95000,2007-08-28 00:00:00Z,DY8 4HU,Terraced,Established,Freehold,15,,DEAN CLOSE,STOURBRIDGE,STOURBRIDGE,DUDLEY,WEST MIDLANDS,Standard,Addition,52.4619590000,-2.1395950000
144000,2007-08-01 00:00:00Z,DY5 3PZ,Semi-Detached,Established,Leasehold,36,,BARBROOK DRIVE,BRIERLEY HILL,BRIERLEY HILL,DUDLEY,WEST MIDLANDS,Standard,Addition,52.4644510000,-2.1377480000
219500,2007-08-24 00:00:00Z,DY5 3PW,Detached,Established,Freehold,35,,BRAYFORD AVENUE,BRIERLEY HILL,BRIERLEY HILL,DUDLEY,WEST MIDLANDS,Standard,Addition,52.4640770000,-2.1352450000
136000,2007-03-30 00:00:00Z,DY5 3NS,Semi-Detached,Established,Leasehold,5,,ROSEMOOR DRIVE,AMBLECOTE,BRIERLEY HILL,DUDLEY,WEST MIDLANDS,Standard,Addition,52.4664310000,-2.1364740000
250000,2007-12-14 00:00:00Z,DY5 3RN,Detached,Established,Freehold,11,,BURGHLEY WALK,BRIERLEY HILL,BRIERLEY HILL,DUDLEY,WEST MIDLANDS,Standard,Addition,52.4689130000,-2.1357160000
133000,2007-08-20 00:00:00Z,DY5 2QG,Semi-Detached,Established,Freehold,25,,SORREL WALK,BRIERLEY HILL,BRIERLEY HILL,DUDLEY,WEST MIDLANDS,Standard,Addition,52.4612010000,-2.1342790000
105000,2007-04-05 00:00:00Z,DY5 3SF,Flats/Maisonettes,Established,Leasehold,34,,KIRKSTONE COURT,AMBLECOTE,BRIERLEY HILL,DUDLEY,WEST MIDLANDS,Standard,Addition,52.4679010000,-2.1399080000
270000,2007-09-17 00:00:00Z,DY5 3RQ,Detached,Established,Freehold,3,,LAKESIDE COURT,BRIERLEY HILL,BRIERLEY HILL,DUDLEY,WEST MIDLANDS,Standard,Addition,52.4691650000,-2.1386530000
249995,2007-10-10 00:00:00Z,DY5 3RQ,Detached,Established,Freehold,85,,LAKESIDE COURT,BRIERLEY HILL,BRIERLEY HILL,DUDLEY,WEST MIDLANDS,Standard,Addition,52.4691650000,-2.1386530000
40000,2007-04-03 00:00:00Z,DY5 3NZ,Detached,Established,Leasehold,15,,BROMPTON DRIVE,AMBLECOTE,BRIERLEY HILL,DUDLEY,WEST MIDLANDS,Standard,Addition,52.4660180000,-2.1355890000
135000,2007-02-15 00:00:00Z,DY5 3PZ,Semi-Detached,Established,Freehold,22,,BARBROOK DRIVE,BRIERLEY HILL,BRIERLEY HILL,DUDLEY,WEST MIDLANDS,Standard,Addition,52.4644510000,-2.1377480000
239999,2007-06-28 00:00:00Z,DY5 3PP,Detached,Established,Freehold,6,,OAKHILL DRIVE,BRIERLEY HILL,BRIERLEY HILL,DUDLEY,WEST MIDLANDS,Standard,Addition,52.4651360000,-2.1364990000
131000,2007-03-23 00:00:00Z,DY5 3PQ,Semi-Detached,Established,Freehold,19,,WOODCOMBE CLOSE,AMBLECOTE,BRIERLEY HILL,DUDLEY,WEST MIDLANDS,Standard,Addition,52.4657350000,-2.1389000000
178500,2007-05-25 00:00:00Z,DY5 3SF,Semi-Detached,Established,Freehold,47,,KIRKSTONE COURT,AMBLECOTE,BRIERLEY HILL,DUDLEY,WEST MIDLANDS,Standard,Addition,52.4679010000,-2.1399080000
138000,2007-07-27 00:00:00Z,DY5 2QE,Semi-Detached,Established,Freehold,210,,STAMFORD ROAD,BRIERLEY HILL,BRIERLEY HILL,DUDLEY,WEST MIDLANDS,Standard,Addition,52.4609950000,-2.1337640000
133000,2007-03-02 00:00:00Z,DY5 3PW,Semi-Detached,Established,Freehold,24,,BRAYFORD AVENUE,BRIERLEY HILL,BRIERLEY HILL,DUDLEY,WEST MIDLANDS,Standard,Addition,52.4640770000,-2.1352450000
233000,2007-10-26 00:00:00Z,DY5 2NX,Detached,Established,Freehold,5,,BLITHFIELD DRIVE,BRIERLEY HILL,BRIERLEY HILL,DUDLEY,WEST MIDLANDS,Standard,Addition,52.4628090000,-2.1384710000
233000,2007-04-05 00:00:00Z,DY5 3YF,Detached,Established,Freehold,27,,SHADYMOOR DRIVE,BRIERLEY HILL,BRIERLEY HILL,DUDLEY,WEST MIDLANDS,Standard,Addition,52.4686400000,-2.1302540000
208000,2007-11-26 00:00:00Z,DY5 2RX,Detached,Established,Leasehold,6,,MARTINDALE WALK,BRIERLEY HILL,BRIERLEY HILL,DUDLEY,WEST MIDLANDS,Standard,Addition,52.4627020000,-2.1346810000
107950,2007-11-02 00:00:00Z,DY5 3PZ,Terraced,Established,Leasehold,42,,BARBROOK DRIVE,BRIERLEY HILL,BRIERLEY HILL,DUDLEY,WEST MIDLANDS,Standard,Addition,52.4644510000,-2.1377480000
189000,2007-11-15 00:00:00Z,DY5 3YE,Detached,Established,Freehold,5,,STUDLEY DRIVE,BRIERLEY HILL,BRIERLEY HILL,DUDLEY,WEST MIDLANDS,Standard,Addition,52.4680370000,-2.1307820000
222500,2007-11-02 00:00:00Z,DY5 3QX,Detached,Established,Leasehold,24,,SALCOMBE DRIVE,BRIERLEY HILL,BRIERLEY HILL,DUDLEY,WEST MIDLANDS,Standard,Addition,52.4671000000,-2.1330460000
90500,2007-06-08 00:00:00Z,DY5 3NS,Semi-Detached,Established,Leasehold,24,,ROSEMOOR DRIVE,AMBLECOTE,BRIERLEY HILL,DUDLEY,WEST MIDLANDS,Standard,Addition,52.4664310000,-2.1364740000
183000,2007-03-09 00:00:00Z,DY5 3QX,Semi-Detached,Established,Freehold,12,,SALCOMBE DRIVE,BRIERLEY HILL,BRIERLEY HILL,DUDLEY,WEST MIDLANDS,Standard,Addition,52.4671000000,-2.1330460000
177000,2007-07-27 00:00:00Z,DY5 3UD,Semi-Detached,Established,Freehold,8,,WOBURN DRIVE,AMBLECOTE,BRIERLEY HILL,DUDLEY,WEST MIDLANDS,Standard,Addition,52.4682120000,-2.1349480000
109000,2007-11-21 00:00:00Z,DY5 2QG,Semi-Detached,Established,Freehold,13,,SORREL WALK,BRIERLEY HILL,BRIERLEY HILL,DUDLEY,WEST MIDLANDS,Standard,Addition,52.4612010000,-2.1342790000
245000,2007-09-10 00:00:00Z,DY5 2RT,Detached,Established,Freehold,2,,BEAUMONT DRIVE,BRIERLEY HILL,BRIERLEY HILL,DUDLEY,WEST MIDLANDS,Standard,Addition,52.4630260000,-2.1337850000
133000,2007-08-20 00:00:00Z,DY5 2QG,Semi-Detached,Established,Leasehold,25,,SORREL WALK,BRIERLEY HILL,BRIERLEY HILL,DUDLEY,WEST MIDLANDS,Standard,Addition,52.4612010000,-2.1342790000
95000,2007-06-08 00:00:00Z,DY5 3NS,Flats/Maisonettes,Established,Leasehold,20,,ROSEMOOR DRIVE,AMBLECOTE,BRIERLEY HILL,DUDLEY,WEST MIDLANDS,Standard,Addition,52.4664310000,-2.1364740000
184000,2008-04-10 00:00:00Z,DY5 3QY,Detached,Established,Freehold,17,,SUFFOLK DRIVE,BRIERLEY HILL,BRIERLEY HILL,DUDLEY,WEST MIDLANDS,Standard,Addition,52.4675950000,-2.1322530000
202000,2008-01-25 00:00:00Z,DY5 3PW,Detached,Established,Freehold,29,,BRAYFORD AVENUE,BRIERLEY HILL,BRIERLEY HILL,DUDLEY,WEST MIDLANDS,Standard,Addition,52.4640770000,-2.1352450000
196950,2008-02-22 00:00:00Z,DY5 3NT,Detached,Established,Freehold,33,,ALDGATE DRIVE,AMBLECOTE,BRIERLEY HILL,DUDLEY,WEST MIDLANDS,Standard,Addition,52.4658870000,-2.1322180000
119950,2008-12-19 00:00:00Z,DY5 3RQ,Semi-Detached,Established,Leasehold,31,,LAKESIDE COURT,BRIERLEY HILL,BRIERLEY HILL,DUDLEY,WEST MIDLANDS,Standard,Addition,52.4691650000,-2.1386530000
215000,2008-01-23 00:00:00Z,DY5 3XJ,Detached,Established,Freehold,34,,PATTERDALE WAY,BRIERLEY HILL,BRIERLEY HILL,DUDLEY,WEST MIDLANDS,Standard,Addition,52.4699480000,-2.1343940000
140000,2008-10-21 00:00:00Z,DY5 2SL,Semi-Detached,Established,Freehold,6,,STOW DRIVE,BRIERLEY HILL,BRIERLEY HILL,DUDLEY,WEST MIDLANDS,Standard,Addition,52.4618300000,-2.1340160000
158950,2008-07-04 00:00:00Z,DY5 3QX,Detached,Established,Leasehold,8,,SALCOMBE DRIVE,BRIERLEY HILL,BRIERLEY HILL,DUDLEY,WEST MIDLANDS,Standard,Addition,52.4671000000,-2.1330460000
27500,2008-05-23 00:00:00Z,DY5 3SF,Flats/Maisonettes,Established,Leasehold,38,,KIRKSTONE COURT,AMBLECOTE,BRIERLEY HILL,DUDLEY,WEST MIDLANDS,Standard,Addition,52.4679010000,-2.1399080000
149995,2008-08-15 00:00:00Z,DY5 3NZ,Semi-Detached,Established,Leasehold,83,,BROMPTON DRIVE,AMBLECOTE,BRIERLEY HILL,DUDLEY,WEST MIDLANDS,Standard,Addition,52.4660180000,-2.1355890000
138000,2008-11-07 00:00:00Z,DY5 3NW,Semi-Detached,Established,Leasehold,9,,BEWLAY CLOSE,BRIERLEY HILL,BRIERLEY HILL,DUDLEY,WEST MIDLANDS,Standard,Addition,52.4665100000,-2.1380340000
139000,2008-07-11 00:00:00Z,DY5 2NX,Semi-Detached,Established,Leasehold,25,,BLITHFIELD DRIVE,BRIERLEY HILL,BRIERLEY HILL,DUDLEY,WEST MIDLANDS,Standard,Addition,52.4628090000,-2.1384710000
138000,2008-04-18 00:00:00Z,DY5 2NX,Semi-Detached,Established,Freehold,30,,BLITHFIELD DRIVE,BRIERLEY HILL,BRIERLEY HILL,DUDLEY,WEST MIDLANDS,Standard,Addition,52.4628090000,-2.1384710000
138000,2008-07-14 00:00:00Z,DY5 2QE,Semi-Detached,Established,Freehold,218,,STAMFORD ROAD,BRIERLEY HILL,BRIERLEY HILL,DUDLEY,WEST MIDLANDS,Standard,Addition,52.4609950000,-2.1337640000
137000,2008-01-25 00:00:00Z,DY5 2QG,Semi-Detached,Established,Leasehold,51,,SORREL WALK,,BRIERLEY HILL,DUDLEY,WEST MIDLANDS,Standard,Addition,52.4612010000,-2.1342790000
134000,2008-02-22 00:00:00Z,DY5 2SZ,Semi-Detached,Established,Freehold,23,,FITZGERALD PLACE,BRIERLEY HILL,BRIERLEY HILL,DUDLEY,WEST MIDLANDS,Standard,Addition,52.4617920000,-2.1365920000
138500,2008-09-08 00:00:00Z,DY5 2RU,Semi-Detached,Established,Leasehold,34,,FARNDALE CLOSE,BRIERLEY HILL,BRIERLEY HILL,DUDLEY,WEST MIDLANDS,Standard,Addition,52.4624120000,-2.1366230000
210000,2008-02-29 00:00:00Z,DY5 3NT,Detached,Established,Freehold,47,,ALDGATE DRIVE,AMBLECOTE,BRIERLEY HILL,DUDLEY,WEST MIDLANDS,Standard,Addition,52.4658870000,-2.1322180000
310000,2008-11-26 00:00:00Z,DY5 3RL,Detached,Established,Freehold,39,,LAMBOURNE WAY,BRIERLEY HILL,BRIERLEY HILL,DUDLEY,WEST MIDLANDS,Standard,Addition,52.4691220000,-2.1337290000
169950,2008-06-04 00:00:00Z,DY8 4UT,Detached,Established,Freehold,1,,WENLOCK ROAD,STOURBRIDGE,STOURBRIDGE,DUDLEY,WEST MIDLANDS,Standard,Addition,52.4602690000,-2.1391190000
115000,2008-09-12 00:00:00Z,DY5 3PQ,Flats/Maisonettes,Established,Leasehold,26,,WOODCOMBE CLOSE,AMBLECOTE,BRIERLEY HILL,DUDLEY,WEST MIDLANDS,Standard,Addition,52.4657350000,-2.1389000000
146950,2008-03-19 00:00:00Z,DY5 3PZ,Semi-Detached,Established,Freehold,74,,BARBROOK DRIVE,BRIERLEY HILL,BRIERLEY HILL,DUDLEY,WEST MIDLANDS,Standard,Addition,52.4644510000,-2.1377480000
140000,2008-04-25 00:00:00Z,DY5 2NX,Semi-Detached,Established,Freehold,23,,BLITHFIELD DRIVE,BRIERLEY HILL,BRIERLEY HILL,DUDLEY,WEST MIDLANDS,Standard,Addition,52.4628090000,-2.1384710000
125000,2008-07-07 00:00:00Z,DY5 3NZ,Semi-Detached,Established,Freehold,56,,BROMPTON DRIVE,AMBLECOTE,BRIERLEY HILL,DUDLEY,WEST MIDLANDS,Standard,Addition,52.4660180000,-2.1355890000
222500,2008-01-25 00:00:00Z,DY5 3PW,Semi-Detached,Established,Freehold,2,,BRAYFORD AVENUE,BRIERLEY HILL,BRIERLEY HILL,DUDLEY,WEST MIDLANDS,Standard,Addition,52.4640770000,-2.1352450000
76950,2008-04-04 00:00:00Z,DY5 2PW,Flats/Maisonettes,Established,Leasehold,46,,HERN ROAD,BRIERLEY HILL,BRIERLEY HILL,DUDLEY,WEST MIDLANDS,Standard,Addition,52.4622830000,-2.1312950000
303000,2008-09-01 00:00:00Z,DY5 3XL,Detached,Established,Freehold,1,,AMBLESIDE DRIVE,BRIERLEY HILL,BRIERLEY HILL,DUDLEY,WEST MIDLANDS,Standard,Addition,52.4699530000,-2.1332230000
140000,2008-03-18 00:00:00Z,DY5 3YF,Detached,Established,Freehold,28,,SHADYMOOR DRIVE,BRIERLEY HILL,BRIERLEY HILL,DUDLEY,WEST MIDLANDS,Standard,Addition,52.4686400000,-2.1302540000
120000,2008-02-15 00:00:00Z,DY5 3UD,Semi-Detached,Established,Leasehold,16,,WOBURN DRIVE,AMBLECOTE,BRIERLEY HILL,DUDLEY,WEST MIDLANDS,Standard,Addition,52.4682120000,-2.1349480000
74000,2008-04-17 00:00:00Z,DY5 2PW,Flats/Maisonettes,Established,Leasehold,32,,HERN ROAD,BRIERLEY HILL,BRIERLEY HILL,DUDLEY,WEST MIDLANDS,Standard,Addition,52.4622830000,-2.1312950000
123000,2008-12-03 00:00:00Z,DY8 4HU,Terraced,Established,Freehold,38,,DEAN CLOSE,STOURBRIDGE,STOURBRIDGE,DUDLEY,WEST MIDLANDS,Standard,Addition,52.4619590000,-2.1395950000
131500,2008-01-14 00:00:00Z,DY5 3NZ,Semi-Detached,Established,Leasehold,91,,BROMPTON DRIVE,AMBLECOTE,BRIERLEY HILL,DUDLEY,WEST MIDLANDS,Standard,Addition,52.4660180000,-2.1355890000
163000,2008-09-08 00:00:00Z,DY5 3NT,Detached,Established,Leasehold,29,,ALDGATE DRIVE,AMBLECOTE,BRIERLEY HILL,DUDLEY,WEST MIDLANDS,Standard,Addition,52.4658870000,-2.1322180000
135000,2008-02-22 00:00:00Z,DY5 2QG,Semi-Detached,Established,Freehold,13,,SORREL WALK,BRIERLEY HILL,BRIERLEY HILL,DUDLEY,WEST MIDLANDS,Standard,Addition,52.4612010000,-2.1342790000
145000,2008-02-22 00:00:00Z,DY5 2RT,Semi-Detached,Established,Freehold,20,,BEAUMONT DRIVE,BRIERLEY HILL,BRIERLEY HILL,DUDLEY,WEST MIDLANDS,Standard,Addition,52.4630260000,-2.1337850000
163000,2008-09-08 00:00:00Z,DY5 3NT,Detached,Established,Freehold,29,,ALDGATE DRIVE,AMBLECOTE,BRIERLEY HILL,DUDLEY,WEST MIDLANDS,Standard,Addition,52.4658870000,-2.1322180000
110000,2008-03-20 00:00:00Z,DY5 3SF,Flats/Maisonettes,Established,Leasehold,34,,KIRKSTONE COURT,AMBLECOTE,BRIERLEY HILL,DUDLEY,WEST MIDLANDS,Standard,Addition,52.4679010000,-2.1399080000
125000,2008-10-24 00:00:00Z,DY5 3RZ,Terraced,Established,Freehold,95,,KIRKSTONE WAY,AMBLECOTE,BRIERLEY HILL,DUDLEY,WEST MIDLANDS,Standard,Addition,52.4688760000,-2.1363930000
107250,2008-08-29 00:00:00Z,DY5 3SF,Semi-Detached,Established,Leasehold,18,,KIRKSTONE COURT,AMBLECOTE,BRIERLEY HILL,DUDLEY,WEST MIDLANDS,Standard,Addition,52.4679010000,-2.1399080000
170000,2009-06-19 00:00:00Z,DY5 3UD,Semi-Detached,Established,Freehold,34,,WOBURN DRIVE,AMBLECOTE,BRIERLEY HILL,DUDLEY,WEST MIDLANDS,Standard,Addition,52.4682120000,-2.1349480000
83000,2009-04-01 00:00:00Z,DY5 2QF,Flats/Maisonettes,Established,Leasehold,273,,STAMFORD ROAD,,BRIERLEY HILL,DUDLEY,WEST MIDLANDS,Standard,Addition,52.4602200000,-2.1350120000
140000,2009-06-08 00:00:00Z,DY5 3NZ,Semi-Detached,Established,Leasehold,85,,BROMPTON DRIVE,AMBLECOTE,BRIERLEY HILL,DUDLEY,WEST MIDLANDS,Standard,Addition,52.4660180000,-2.1355890000
228000,2009-08-28 00:00:00Z,DY5 3XJ,Detached,Established,Freehold,5,,PATTERDALE WAY,,BRIERLEY HILL,DUDLEY,WEST MIDLANDS,Standard,Addition,52.4699480000,-2.1343940000
170000,2009-10-30 00:00:00Z,DY5 2RU,Detached,Established,Freehold,29,,FARNDALE CLOSE,,BRIERLEY HILL,DUDLEY,WEST MIDLANDS,Standard,Addition,52.4624120000,-2.1366230000
127500,2009-03-20 00:00:00Z,DY5 3PW,Semi-Detached,Established,Leasehold,47,,BRAYFORD AVENUE,BRIERLEY HILL,BRIERLEY HILL,DUDLEY,WEST MIDLANDS,Standard,Addition,52.4640770000,-2.1352450000
119295,2009-11-06 00:00:00Z,DY5 3NX,Terraced,Established,Freehold,6,,CHEYNE WALK,,BRIERLEY HILL,DUDLEY,WEST MIDLANDS,Standard,Addition,52.4654830000,-2.1319820000
109950,2009-05-01 00:00:00Z,DY5 3UD,Flats/Maisonettes,Established,Leasehold,18,,WOBURN DRIVE,AMBLECOTE,BRIERLEY HILL,DUDLEY,WEST MIDLANDS,Standard,Addition,52.4682120000,-2.1349480000
125000,2009-06-05 00:00:00Z,DY5 3RQ,Terraced,Established,Freehold,65,,LAKESIDE COURT,,BRIERLEY HILL,DUDLEY,WEST MIDLANDS,Standard,Addition,52.4691650000,-2.1386530000
150000,2009-06-04 00:00:00Z,DY5 3QW,Detached,Established,Freehold,16,,LYTHWOOD DRIVE,,BRIERLEY HILL,DUDLEY,WEST MIDLANDS,Standard,Addition,52.4677410000,-2.1307370000
220000,2009-07-01 00:00:00Z,DY5 3RZ,Detached,Established,Freehold,28,,KIRKSTONE WAY,AMBLECOTE,BRIERLEY HILL,DUDLEY,WEST MIDLANDS,Standard,Addition,52.4688760000,-2.1363930000
178000,2009-10-30 00:00:00Z,DY5 3LL,Detached,Established,Freehold,11,,QUINCY RISE,,BRIERLEY HILL,DUDLEY,WEST MIDLANDS,Standard,Addition,52.4666880000,-2.1310720000
244950,2009-10-01 00:00:00Z,DY5 2RL,Detached,Established,Freehold,12,,LINDALE CRESCENT,AMBLECOTE,BRIERLEY HILL,DUDLEY,WEST MIDLANDS,Standard,Addition,52.4618920000,-2.1351060000
200000,2009-11-06 00:00:00Z,DY5 3RL,Detached,Established,Freehold,31,,LAMBOURNE WAY,,BRIERLEY HILL,DUDLEY,WEST MIDLANDS,Standard,Addition,52.4691220000,-2.1337290000
143000,2009-09-02 00:00:00Z,DY5 3NZ,Semi-Detached,Established,Freehold,85,,BROMPTON DRIVE,AMBLECOTE,BRIERLEY HILL,DUDLEY,WEST MIDLANDS,Standard,Addition,52.4660180000,-2.1355890000
60000,2009-05-14 00:00:00Z,DY5 2PW,Flats/Maisonettes,Established,Leasehold,24,,HERN ROAD,,BRIERLEY HILL,DUDLEY,WEST MIDLANDS,Standard,Addition,52.4622830000,-2.1312950000
230000,2009-10-16 00:00:00Z,DY5 3YF,Detached,Established,Freehold,8,,SHADYMOOR DRIVE,,BRIERLEY HILL,DUDLEY,WEST MIDLANDS,Standard,Addition,52.4686400000,-2.1302540000
157950,2009-05-22 00:00:00Z,DY5 3NZ,Detached,Established,Freehold,39,,BROMPTON DRIVE,AMBLECOTE,BRIERLEY HILL,DUDLEY,WEST MIDLANDS,Standard,Addition,52.4660180000,-2.1355890000
157950,2009-05-22 00:00:00Z,DY5 3NZ,Detached,Established,Leasehold,39,,BROMPTON DRIVE,AMBLECOTE,BRIERLEY HILL,DUDLEY,WEST MIDLANDS,Standard,Addition,52.4660180000,-2.1355890000
150000,2009-05-27 00:00:00Z,DY5 3NS,Terraced,Established,Leasehold,10,,ROSEMOOR DRIVE,AMBLECOTE,BRIERLEY HILL,DUDLEY,WEST MIDLANDS,Standard,Addition,52.4664310000,-2.1364740000
115000,2009-10-23 00:00:00Z,DY5 3PQ,Semi-Detached,Established,Leasehold,24,,WOODCOMBE CLOSE,AMBLECOTE,BRIERLEY HILL,DUDLEY,WEST MIDLANDS,Standard,Addition,52.4657350000,-2.1389000000
100000,2009-01-05 00:00:00Z,DY5 3PP,Flats/Maisonettes,Established,Leasehold,47,,OAKHILL DRIVE,BRIERLEY HILL,BRIERLEY HILL,DUDLEY,WEST MIDLANDS,Standard,Addition,52.4651360000,-2.1364990000
234000,2009-08-21 00:00:00Z,DY5 3YE,Detached,Established,Freehold,10,,STUDLEY DRIVE,,BRIERLEY HILL,DUDLEY,WEST MIDLANDS,Standard,Addition,52.4680370000,-2.1307820000
123500,2009-06-19 00:00:00Z,DY5 2QE,Semi-Detached,Established,Freehold,212,,STAMFORD ROAD,,BRIERLEY HILL,DUDLEY,WEST MIDLANDS,Standard,Addition,52.4609950000,-2.1337640000
174950,2009-03-26 00:00:00Z,DY5 3NZ,Semi-Detached,Established,Leasehold,16,,BROMPTON DRIVE,AMBLECOTE,BRIERLEY HILL,DUDLEY,WEST MIDLANDS,Standard,Addition,52.4660180000,-2.1355890000
249950,2009-07-10 00:00:00Z,DY5 3RW,Semi-Detached,Established,Freehold,26,,BORROWDALE CLOSE,,BRIERLEY HILL,DUDLEY,WEST MIDLANDS,Standard,Addition,52.4674270000,-2.1379490000
115000,2009-10-23 00:00:00Z,DY5 3PQ,Semi-Detached,Established,Freehold,24,,WOODCOMBE CLOSE,AMBLECOTE,BRIERLEY HILL,DUDLEY,WEST MIDLANDS,Standard,Addition,52.4657350000,-2.1389000000
123000,2009-08-26 00:00:00Z,DY5 3PZ,Semi-Detached,Established,Freehold,34,,BARBROOK DRIVE,,BRIERLEY HILL,DUDLEY,WEST MIDLANDS,Standard,Addition,52.4644510000,-2.1377480000
70000,2009-11-02 00:00:00Z,DY5 3PP,Flats/Maisonettes,Established,Leasehold,49,,OAKHILL DRIVE,,BRIERLEY HILL,DUDLEY,WEST MIDLANDS,Standard,Addition,52.4651360000,-2.1364990000
190000,2009-08-28 00:00:00Z,DY5 2PE,Detached,Established,Freehold,6,,BROOMEHILL CLOSE,,BRIERLEY HILL,DUDLEY,WEST MIDLANDS,Standard,Addition,52.4645230000,-2.1300360000
140000,2009-04-24 00:00:00Z,DY5 3RP,Detached,Established,Freehold,3,,RANNOCH CLOSE,,BRIERLEY HILL,DUDLEY,WEST MIDLANDS,Standard,Addition,52.4682010000,-2.1366410000
159000,2009-03-20 00:00:00Z,DY5 2RU,Detached,Established,Freehold,19,,FARNDALE CLOSE,,BRIERLEY HILL,DUDLEY,WEST MIDLANDS,Standard,Addition,52.4624120000,-2.1366230000
208000,2009-12-17 00:00:00Z,DY5 3PP,Detached,Established,Freehold,23,,OAKHILL DRIVE,,BRIERLEY HILL,DUDLEY,WEST MIDLANDS,Standard,Addition,52.4651360000,-2.1364990000
125000,2009-09-11 00:00:00Z,DY5 3UD,Semi-Detached,Established,Freehold,30,,WOBURN DRIVE,AMBLECOTE,BRIERLEY HILL,DUDLEY,WEST MIDLANDS,Standard,Addition,52.4682120000,-2.1349480000
125000,2009-04-24 00:00:00Z,DY5 2QG,Semi-Detached,Established,Freehold,19,,SORREL WALK,,BRIERLEY HILL,DUDLEY,WEST MIDLANDS,Standard,Addition,52.4612010000,-2.1342790000
240000,2009-08-26 00:00:00Z,DY5 3RQ,Terraced,Established,Freehold,12,,LAKESIDE COURT,,BRIERLEY HILL,DUDLEY,WEST MIDLANDS,Standard,Addition,52.4691650000,-2.1386530000
114500,2010-06-11 00:00:00Z,DY5 2QB,Semi-Detached,Established,Leasehold,47,,BITTERN WALK,,BRIERLEY HILL,DUDLEY,WEST MIDLANDS,Standard,Addition,52.4620770000,-2.1302200000
202500,2010-07-16 00:00:00Z,DY5 3SG,Detached,Established,Freehold,4,,ESKDALE WALK,,BRIERLEY HILL,DUDLEY,WEST MIDLANDS,Standard,Addition,52.4685590000,-2.1384380000
157000,2010-11-26 00:00:00Z,DY5 2QH,Semi-Detached,Established,Leasehold,24,,PETERS HILL ROAD,,BRIERLEY HILL,DUDLEY,WEST MIDLANDS,Standard,Addition,52.4624430000,-2.1325460000
103000,2010-10-01 00:00:00Z,DY5 3RQ,Flats/Maisonettes,Established,Leasehold,53,,LAKESIDE COURT,,BRIERLEY HILL,DUDLEY,WEST MIDLANDS,Standard,Addition,52.4691650000,-2.1386530000
138000,2010-04-13 00:00:00Z,DY5 2NX,Semi-Detached,Established,Freehold,19,,BLITHFIELD DRIVE,,BRIERLEY HILL,DUDLEY,WEST MIDLANDS,Standard,Addition,52.4628090000,-2.1384710000
249000,2010-07-30 00:00:00Z,DY5 2NZ,Detached,Established,Freehold,8,,GRATHAM CLOSE,AMBLECOTE,BRIERLEY HILL,DUDLEY,WEST MIDLANDS,Standard,Addition,52.4629590000,-2.1373900000
180000,2010-12-10 00:00:00Z,DY5 3QZ,Detached,Established,Leasehold,3,,HUNSTANTON CLOSE,,BRIERLEY HILL,DUDLEY,WEST MIDLANDS,Standard,Addition,52.4671910000,-2.1315450000
134000,2010-10-01 00:00:00Z,DY5 3SF,Semi-Detached,Established,Freehold,7,,KIRKSTONE COURT,AMBLECOTE,BRIERLEY HILL,DUDLEY,WEST MIDLANDS,Standard,Addition,52.4679010000,-2.1399080000
125000,2010-06-25 00:00:00Z,DY5 2SL,Semi-Detached,Established,Freehold,15,,STOW DRIVE,,BRIERLEY HILL,DUDLEY,WEST MIDLANDS,Standard,Addition,52.4618300000,-2.1340160000
133000,2010-07-28 00:00:00Z,DY5 3PZ,Semi-Detached,Established,Freehold,7,,BARBROOK DRIVE,,BRIERLEY HILL,DUDLEY,WEST MIDLANDS,Standard,Addition,52.4644510000,-2.1377480000
207500,2010-06-04 00:00:00Z,DY5 3RL,Detached,Established,Freehold,35,,LAMBOURNE WAY,,BRIERLEY HILL,DUDLEY,WEST MIDLANDS,Standard,Addition,52.4691220000,-2.1337290000
180450,2010-03-26 00:00:00Z,DY5 3PR,Detached,Established,Freehold,1,,DUNSFORD CLOSE,,BRIERLEY HILL,DUDLEY,WEST MIDLANDS,Standard,Addition,52.4645520000,-2.1365270000
180000,2010-12-10 00:00:00Z,DY5 3QZ,Detached,Established,Freehold,3,,HUNSTANTON CLOSE,,BRIERLEY HILL,DUDLEY,WEST MIDLANDS,Standard,Addition,52.4671910000,-2.1315450000
224000,2010-08-27 00:00:00Z,DY5 3RW,Detached,Established,Freehold,7,,BORROWDALE CLOSE,,BRIERLEY HILL,DUDLEY,WEST MIDLANDS,Standard,Addition,52.4674270000,-2.1379490000
166000,2010-10-01 00:00:00Z,DY5 3PW,Detached,Established,Leasehold,18,,BRAYFORD AVENUE,,BRIERLEY HILL,DUDLEY,WEST MIDLANDS,Standard,Addition,52.4640770000,-2.1352450000
131000,2010-07-16 00:00:00Z,DY5 3RQ,Terraced,Established,Freehold,57,,LAKESIDE COURT,,BRIERLEY HILL,DUDLEY,WEST MIDLANDS,Standard,Addition,52.4691650000,-2.1386530000
140000,2010-06-04 00:00:00Z,DY5 3SF,Semi-Detached,Established,Freehold,26,,KIRKSTONE COURT,AMBLECOTE,BRIERLEY HILL,DUDLEY,WEST MIDLANDS,Standard,Addition,52.4679010000,-2.1399080000
115000,2010-12-03 00:00:00Z,DY5 3NX,Terraced,Established,Leasehold,7,,CHEYNE WALK,,BRIERLEY HILL,DUDLEY,WEST MIDLANDS,Standard,Addition,52.4654830000,-2.1319820000
95000,2010-09-24 00:00:00Z,DY8 4HU,Terraced,Established,Freehold,21,,DEAN CLOSE,,STOURBRIDGE,DUDLEY,WEST MIDLANDS,Standard,Addition,52.4619590000,-2.1395950000
135950,2010-07-27 00:00:00Z,DY5 2QE,Semi-Detached,Established,Freehold,232,,STAMFORD ROAD,,BRIERLEY HILL,DUDLEY,WEST MIDLANDS,Standard,Addition,52.4609950000,-2.1337640000
168000,2010-07-28 00:00:00Z,DY5 2RU,Detached,Established,Freehold,22,,FARNDALE CLOSE,,BRIERLEY HILL,DUDLEY,WEST MIDLANDS,Standard,Addition,52.4624120000,-2.1366230000
150000,2010-08-25 00:00:00Z,DY5 3SF,Semi-Detached,Established,Freehold,1,,KIRKSTONE COURT,AMBLECOTE,BRIERLEY HILL,DUDLEY,WEST MIDLANDS,Standard,Addition,52.4679010000,-2.1399080000
93000,2010-07-09 00:00:00Z,DY5 3PP,Flats/Maisonettes,Established,Leasehold,29,,OAKHILL DRIVE,,BRIERLEY HILL,DUDLEY,WEST MIDLANDS,Standard,Addition,52.4651360000,-2.1364990000
205000,2010-09-24 00:00:00Z,DY5 3PU,Detached,Established,Leasehold,1,,EXFORD CLOSE,,BRIERLEY HILL,DUDLEY,WEST MIDLANDS,Standard,Addition,52.4659470000,-2.1380240000
180000,2010-03-17 00:00:00Z,DY5 3PZ,Semi-Detached,Established,Freehold,43,,BARBROOK DRIVE,,BRIERLEY HILL,DUDLEY,WEST MIDLANDS,Standard,Addition,52.4644510000,-2.1377480000
22600,2010-10-15 00:00:00Z,DY5 3SF,Flats/Maisonettes,Established,Leasehold,33,,KIRKSTONE COURT,AMBLECOTE,BRIERLEY HILL,DUDLEY,WEST MIDLANDS,Standard,Addition,52.4679010000,-2.1399080000
135000,2010-07-02 00:00:00Z,DY5 2QF,Semi-Detached,Established,Freehold,265,,STAMFORD ROAD,,BRIERLEY HILL,DUDLEY,WEST MIDLANDS,Standard,Addition,52.4602200000,-2.1350120000
110000,2010-12-17 00:00:00Z,DY5 3PQ,Flats/Maisonettes,Established,Leasehold,10,,WOODCOMBE CLOSE,AMBLECOTE,BRIERLEY HILL,DUDLEY,WEST MIDLANDS,Standard,Addition,52.4657350000,-2.1389000000
103500,2010-11-08 00:00:00Z,DY8 4HX,Terraced,Established,Freehold,33,,CHURCHWARD CLOSE,,STOURBRIDGE,DUDLEY,WEST MIDLANDS,Standard,Addition,52.4609710000,-2.1382820000
233000,2010-05-28 00:00:00Z,DY5 3UE,Detached,Established,Freehold,8,,CHARNWOOD CLOSE,,BRIERLEY HILL,DUDLEY,WEST MIDLANDS,Standard,Addition,52.4684510000,-2.1338660000
138000,2010-01-27 00:00:00Z,DY5 2SZ,Semi-Detached,Established,Freehold,21,,FITZGERALD PLACE,,BRIERLEY HILL,DUDLEY,WEST MIDLANDS,Standard,Addition,52.4617920000,-2.1365920000
120000,2010-10-06 00:00:00Z,DY5 3PZ,Terraced,Established,Leasehold,46,,BARBROOK DRIVE,,BRIERLEY HILL,DUDLEY,WEST MIDLANDS,Standard,Addition,52.4644510000,-2.1377480000
120500,2010-01-29 00:00:00Z,DY5 3PZ,Semi-Detached,Established,Freehold,1,,BARBROOK DRIVE,,BRIERLEY HILL,DUDLEY,WEST MIDLANDS,Standard,Addition,52.4644510000,-2.1377480000
217500,2010-10-08 00:00:00Z,DY5 3PP,Detached,Established,Freehold,52,,OAKHILL DRIVE,,BRIERLEY HILL,DUDLEY,WEST MIDLANDS,Standard,Addition,52.4651360000,-2.1364990000
20000,2010-02-01 00:00:00Z,DY5 3SF,Flats/Maisonettes,Established,Leasehold,32,,KIRKSTONE COURT,AMBLECOTE,BRIERLEY HILL,DUDLEY,WEST MIDLANDS,Standard,Addition,52.4679010000,-2.1399080000
175000,2010-07-09 00:00:00Z,DY5 2QH,Detached,Established,Freehold,21,,PETERS HILL ROAD,,BRIERLEY HILL,DUDLEY,WEST MIDLANDS,Standard,Addition,52.4624430000,-2.1325460000
134500,2010-07-23 00:00:00Z,DY5 3UD,Semi-Detached,Established,Freehold,32,,WOBURN DRIVE,AMBLECOTE,BRIERLEY HILL,DUDLEY,WEST MIDLANDS,Standard,Addition,52.4682120000,-2.1349480000
134000,2011-12-01 00:00:00Z,DY5 3QZ,Detached,Established,Freehold,1,,HUNSTANTON CLOSE,,BRIERLEY HILL,DUDLEY,WEST MIDLANDS,Standard,Addition,52.4671910000,-2.1315450000
238000,2011-05-05 00:00:00Z,DY5 3YF,Semi-Detached,Established,Freehold,1,,SHADYMOOR DRIVE,,BRIERLEY HILL,DUDLEY,WEST MIDLANDS,Standard,Addition,52.4686400000,-2.1302540000
275000,2011-07-29 00:00:00Z,DY5 3RL,Detached,Established,Freehold,15,,LAMBOURNE WAY,,BRIERLEY HILL,DUDLEY,WEST MIDLANDS,Standard,Addition,52.4691220000,-2.1337290000
217000,2011-06-17 00:00:00Z,DY5 3SD,Detached,Established,Freehold,2,,BUTTERMERE CLOSE,,BRIERLEY HILL,DUDLEY,WEST MIDLANDS,Standard,Addition,52.4665020000,-2.1397190000
197000,2011-02-11 00:00:00Z,DY5 3RP,Detached,Established,Freehold,24,,RANNOCH CLOSE,,BRIERLEY HILL,DUDLEY,WEST MIDLANDS,Standard,Addition,52.4682010000,-2.1366410000
220000,2011-05-20 00:00:00Z,DY5 3RW,Detached,Established,Freehold,9,,BORROWDALE CLOSE,,BRIERLEY HILL,DUDLEY,WEST MIDLANDS,Standard,Addition,52.4674270000,-2.1379490000
215000,2011-11-11 00:00:00Z,DY5 3RP,Detached,Established,Freehold,11,,RANNOCH CLOSE,,BRIERLEY HILL,DUDLEY,WEST MIDLANDS,Standard,Addition,52.4682010000,-2.1366410000
184950,2011-12-08 00:00:00Z,DY5 3RZ,Detached,Established,Freehold,30,,KIRKSTONE WAY,AMBLECOTE,BRIERLEY HILL,DUDLEY,WEST MIDLANDS,Standard,Addition,52.4688760000,-2.1363930000
182000,2011-05-05 00:00:00Z,DY5 2RL,Detached,Established,Freehold,6,,LINDALE CRESCENT,AMBLECOTE,BRIERLEY HILL,DUDLEY,WEST MIDLANDS,Standard,Addition,52.4618920000,-2.1351060000
123000,2011-06-03 00:00:00Z,DY5 2QE,Semi-Detached,Established,Freehold,242,,STAMFORD ROAD,,BRIERLEY HILL,DUDLEY,WEST MIDLANDS,Standard,Addition,52.4609950000,-2.1337640000
115000,2011-04-21 00:00:00Z,DY5 3PP,Flats/Maisonettes,Established,Leasehold,29,,OAKHILL DRIVE,,BRIERLEY HILL,DUDLEY,WEST MIDLANDS,Standard,Addition,52.4651360000,-2.1364990000
65000,2011-06-08 00:00:00Z,DY5 2PW,Flats/Maisonettes,Established,Leasehold,30,,HERN ROAD,,BRIERLEY HILL,DUDLEY,WEST MIDLANDS,Standard,Addition,52.4622830000,-2.1312950000
109000,2011-01-21 00:00:00Z,DY5 3UD,Flats/Maisonettes,Established,Leasehold,19,,WOBURN DRIVE,AMBLECOTE,BRIERLEY HILL,DUDLEY,WEST MIDLANDS,Standard,Addition,52.4682120000,-2.1349480000
119000,2011-07-08 00:00:00Z,DY5 3NZ,Semi-Detached,Established,Freehold,60,,BROMPTON DRIVE,AMBLECOTE,BRIERLEY HILL,DUDLEY,WEST MIDLANDS,Standard,Addition,52.4660180000,-2.1355890000
172500,2011-01-19 00:00:00Z,DY5 3PP,Detached,Established,Freehold,3,,OAKHILL DRIVE,,BRIERLEY HILL,DUDLEY,WEST MIDLANDS,Standard,Addition,52.4651360000,-2.1364990000
180000,2011-03-18 00:00:00Z,DY5 2RL,Detached,Established,Freehold,24,,LINDALE CRESCENT,AMBLECOTE,BRIERLEY HILL,DUDLEY,WEST MIDLANDS,Standard,Addition,52.4618920000,-2.1351060000
103000,2011-04-15 00:00:00Z,DY5 2QB,Semi-Detached,Established,Leasehold,47,,BITTERN WALK,,BRIERLEY HILL,DUDLEY,WEST MIDLANDS,Standard,Addition,52.4620770000,-2.1302200000
129000,2011-08-25 00:00:00Z,DY5 2QE,Semi-Detached,Established,Freehold,218,,STAMFORD ROAD,,BRIERLEY HILL,DUDLEY,WEST MIDLANDS,Standard,Addition,52.4609950000,-2.1337640000
161000,2011-05-05 00:00:00Z,DY5 3UD,Semi-Detached,Established,Freehold,37,,WOBURN DRIVE,AMBLECOTE,BRIERLEY HILL,DUDLEY,WEST MIDLANDS,Standard,Addition,52.4682120000,-2.1349480000
150000,2011-05-20 00:00:00Z,DY5 3NZ,Semi-Detached,Established,Leasehold,83,,BROMPTON DRIVE,AMBLECOTE,BRIERLEY HILL,DUDLEY,WEST MIDLANDS,Standard,Addition,52.4660180000,-2.1355890000
115000,2011-04-11 00:00:00Z,DY5 3RQ,Terraced,Established,Freehold,37,,LAKESIDE COURT,,BRIERLEY HILL,DUDLEY,WEST MIDLANDS,Standard,Addition,52.4691650000,-2.1386530000
104500,2011-04-21 00:00:00Z,DY5 3PQ,Flats/Maisonettes,Established,Leasehold,11,,WOODCOMBE CLOSE,AMBLECOTE,BRIERLEY HILL,DUDLEY,WEST MIDLANDS,Standard,Addition,52.4657350000,-2.1389000000
164000,2011-02-28 00:00:00Z,DY5 3NZ,Semi-Detached,Established,Leasehold,91,,BROMPTON DRIVE,AMBLECOTE,BRIERLEY HILL,DUDLEY,WEST MIDLANDS,Standard,Addition,52.4660180000,-2.1355890000
90000,2011-12-06 00:00:00Z,DY5 3RW,Detached,Established,Freehold,4,,BORROWDALE CLOSE,,BRIERLEY HILL,DUDLEY,WEST MIDLANDS,Standard,Addition,52.4674270000,-2.1379490000
200000,2011-05-05 00:00:00Z,DY5 3PW,Detached,Established,Freehold,35,,BRAYFORD AVENUE,,BRIERLEY HILL,DUDLEY,WEST MIDLANDS,Standard,Addition,52.4640770000,-2.1352450000
173000,2011-12-14 00:00:00Z,DY5 2PE,Detached,Established,Freehold,25,,BROOMEHILL CLOSE,,BRIERLEY HILL,DUDLEY,WEST MIDLANDS,Standard,Addition,52.4645230000,-2.1300360000
215000,2011-02-25 00:00:00Z,DY5 3RZ,Semi-Detached,Established,Freehold,37,,KIRKSTONE WAY,AMBLECOTE,BRIERLEY HILL,DUDLEY,WEST MIDLANDS,Standard,Addition,52.4688760000,-2.1363930000
65000,2011-12-09 00:00:00Z,DY5 2PW,Flats/Maisonettes,Established,Leasehold,48,,HERN ROAD,,BRIERLEY HILL,DUDLEY,WEST MIDLANDS,Standard,Addition,52.4622830000,-2.1312950000
133000,2012-06-01 00:00:00Z,DY5 3RQ,Terraced,Established,Freehold,21,,LAKESIDE COURT,,BRIERLEY HILL,DUDLEY,WEST MIDLANDS,Standard,Addition,52.4691650000,-2.1386530000
235000,2012-05-18 00:00:00Z,DY5 3RQ,Detached,Established,Freehold,83,,LAKESIDE COURT,,BRIERLEY HILL,DUDLEY,WEST MIDLANDS,Standard,Addition,52.4691650000,-2.1386530000
119000,2012-04-23 00:00:00Z,DY5 3UD,Semi-Detached,Established,Freehold,21,,WOBURN DRIVE,AMBLECOTE,BRIERLEY HILL,DUDLEY,WEST MIDLANDS,Standard,Addition,52.4682120000,-2.1349480000
97000,2012-02-15 00:00:00Z,DY5 2QG,Semi-Detached,Established,Leasehold,31,,SORREL WALK,,BRIERLEY HILL,DUDLEY,WEST MIDLANDS,Standard,Addition,52.4612010000,-2.1342790000
136000,2012-11-09 00:00:00Z,DY5 3NZ,Semi-Detached,Established,Leasehold,74,,BROMPTON DRIVE,AMBLECOTE,BRIERLEY HILL,DUDLEY,WEST MIDLANDS,Standard,Addition,52.4660180000,-2.1355890000
135000,2012-09-14 00:00:00Z,DY5 2PN,Terraced,Established,Freehold,29,,HERN ROAD,,BRIERLEY HILL,DUDLEY,WEST MIDLANDS,Standard,Addition,52.4626430000,-2.1313840000
139000,2012-11-02 00:00:00Z,DY5 2QH,Semi-Detached,Established,Leasehold,26,,PETERS HILL ROAD,,BRIERLEY HILL,DUDLEY,WEST MIDLANDS,Standard,Addition,52.4624430000,-2.1325460000
116500,2012-11-13 00:00:00Z,DY5 2QF,Semi-Detached,Established,Freehold,263,,STAMFORD ROAD,,BRIERLEY HILL,DUDLEY,WEST MIDLANDS,Standard,Addition,52.4602200000,-2.1350120000
135000,2012-11-30 00:00:00Z,DY5 3SF,Semi-Detached,Established,Freehold,25,,KIRKSTONE COURT,AMBLECOTE,BRIERLEY HILL,DUDLEY,WEST MIDLANDS,Standard,Addition,52.4679010000,-2.1399080000
250000,2012-07-05 00:00:00Z,DY5 3RZ,Detached,Established,Freehold,24,,KIRKSTONE WAY,AMBLECOTE,BRIERLEY HILL,DUDLEY,WEST MIDLANDS,Standard,Addition,52.4688760000,-2.1363930000
175000,2012-08-29 00:00:00Z,DY5 2PE,Detached,Established,Freehold,28,,BROOMEHILL CLOSE,,BRIERLEY HILL,DUDLEY,WEST MIDLANDS,Standard,Addition,52.4645230000,-2.1300360000
129000,2012-11-07 00:00:00Z,DY5 3NS,Semi-Detached,Established,Freehold,7,,ROSEMOOR DRIVE,AMBLECOTE,BRIERLEY HILL,DUDLEY,WEST MIDLANDS,Standard,Addition,52.4664310000,-2.1364740000
165000,2012-05-31 00:00:00Z,DY8 4UT,Detached,Established,Freehold,7,,WENLOCK ROAD,,STOURBRIDGE,DUDLEY,WEST MIDLANDS,Standard,Addition,52.4602690000,-2.1391190000
235000,2012-02-24 00:00:00Z,DY5 3NZ,Detached,Established,Freehold,3,,BROMPTON DRIVE,AMBLECOTE,BRIERLEY HILL,DUDLEY,WEST MIDLANDS,Standard,Addition,52.4660180000,-2.1355890000
133000,2012-09-14 00:00:00Z,DY5 3RQ,Terraced,Established,Freehold,21,,LAKESIDE COURT,,BRIERLEY HILL,DUDLEY,WEST MIDLANDS,Standard,Addition,52.4691650000,-2.1386530000
116350,2012-03-02 00:00:00Z,DY5 3NW,Terraced,Established,Freehold,2,,BEWLAY CLOSE,,BRIERLEY HILL,DUDLEY,WEST MIDLANDS,Standard,Addition,52.4665100000,-2.1380340000
96000,2012-04-23 00:00:00Z,DY5 3PP,Flats/Maisonettes,Established,Leasehold,47,,OAKHILL DRIVE,,BRIERLEY HILL,DUDLEY,WEST MIDLANDS,Standard,Addition,52.4651360000,-2.1364990000
223000,2012-08-24 00:00:00Z,DY5 3PP,Detached,Established,Leasehold,10,,OAKHILL DRIVE,,BRIERLEY HILL,DUDLEY,WEST MIDLANDS,Standard,Addition,52.4651360000,-2.1364990000
250000,2012-11-15 00:00:00Z,DY5 3RQ,Detached,Established,Freehold,91,,LAKESIDE COURT,,BRIERLEY HILL,DUDLEY,WEST MIDLANDS,Standard,Addition,52.4691650000,-2.1386530000
160000,2012-11-23 00:00:00Z,DY5 3QW,Detached,Established,Freehold,12,,LYTHWOOD DRIVE,,BRIERLEY HILL,DUDLEY,WEST MIDLANDS,Standard,Addition,52.4677410000,-2.1307370000
175000,2012-06-15 00:00:00Z,DY5 3NS,Terraced,Established,Freehold,4,,ROSEMOOR DRIVE,AMBLECOTE,BRIERLEY HILL,DUDLEY,WEST MIDLANDS,Standard,Addition,52.4664310000,-2.1364740000
200000,2012-04-13 00:00:00Z,DY5 3RP,Detached,Established,Freehold,28,,RANNOCH CLOSE,,BRIERLEY HILL,DUDLEY,WEST MIDLANDS,Standard,Addition,52.4682010000,-2.1366410000
140000,2012-07-25 00:00:00Z,DY8 4UN,Semi-Detached,Established,Freehold,6,,PEAK ROAD,,STOURBRIDGE,DUDLEY,WEST MIDLANDS,Standard,Addition,52.4601130000,-2.1377120000
123500,2012-09-12 00:00:00Z,DY5 2RT,Semi-Detached,Established,Freehold,15,,BEAUMONT DRIVE,,BRIERLEY HILL,DUDLEY,WEST MIDLANDS,Standard,Addition,52.4630260000,-2.1337850000
250000,2012-11-23 00:00:00Z,DY5 3RQ,Detached,Established,Freehold,3,,LAKESIDE COURT,,BRIERLEY HILL,DUDLEY,WEST MIDLANDS,Standard,Addition,52.4691650000,-2.1386530000
183000,2012-12-14 00:00:00Z,DY5 2NZ,Detached,Established,Freehold,1,,GRATHAM CLOSE,AMBLECOTE,BRIERLEY HILL,DUDLEY,WEST MIDLANDS,Standard,Addition,52.4629590000,-2.1373900000
179950,2012-04-13 00:00:00Z,DY5 3NS,Semi-Detached,Established,Freehold,30,,ROSEMOOR DRIVE,AMBLECOTE,BRIERLEY HILL,DUDLEY,WEST MIDLANDS,Standard,Addition,52.4664310000,-2.1364740000
129000,2012-07-19 00:00:00Z,DY5 3NW,Terraced,Established,Leasehold,6,,BEWLAY CLOSE,,BRIERLEY HILL,DUDLEY,WEST MIDLANDS,Standard,Addition,52.4665100000,-2.1380340000
152000,2012-03-09 00:00:00Z,DY5 2RU,Semi-Detached,Established,Freehold,28,,FARNDALE CLOSE,,BRIERLEY HILL,DUDLEY,WEST MIDLANDS,Standard,Addition,52.4624120000,-2.1366230000
175000,2012-08-29 00:00:00Z,DY5 2PE,Detached,Established,Leasehold,28,,BROOMEHILL CLOSE,,BRIERLEY HILL,DUDLEY,WEST MIDLANDS,Standard,Addition,52.4645230000,-2.1300360000
195500,2012-04-13 00:00:00Z,DY5 3LL,Detached,Established,Freehold,4,,QUINCY RISE,,BRIERLEY HILL,DUDLEY,WEST MIDLANDS,Standard,Addition,52.4666880000,-2.1310720000
190000,2012-10-05 00:00:00Z,DY5 3NT,Detached,Established,Freehold,17,,ALDGATE DRIVE,AMBLECOTE,BRIERLEY HILL,DUDLEY,WEST MIDLANDS,Standard,Addition,52.4658870000,-2.1322180000
115000,2012-06-29 00:00:00Z,DY5 2QG,Semi-Detached,Established,Freehold,11,,SORREL WALK,,BRIERLEY HILL,DUDLEY,WEST MIDLANDS,Standard,Addition,52.4612010000,-2.1342790000
178000,2012-07-20 00:00:00Z,DY5 2SZ,Detached,Established,Leasehold,18,,FITZGERALD PLACE,,BRIERLEY HILL,DUDLEY,WEST MIDLANDS,Standard,Addition,52.4617920000,-2.1365920000
106000,2012-10-26 00:00:00Z,DY5 3PZ,Flats/Maisonettes,Established,Leasehold,8,,BARBROOK DRIVE,,BRIERLEY HILL,DUDLEY,WEST MIDLANDS,Standard,Addition,52.4644510000,-2.1377480000
79550,2013-06-05 00:00:00Z,DY5 3PP,Flats/Maisonettes,Established,Leasehold,31,,OAKHILL DRIVE,,BRIERLEY HILL,DUDLEY,WEST MIDLANDS,Standard,Addition,52.4651360000,-2.1364990000
250000,2013-09-27 00:00:00Z,DY5 3RQ,Detached,Established,Freehold,2,,LAKESIDE COURT,,BRIERLEY HILL,DUDLEY,WEST MIDLANDS,Standard,Addition,52.4691650000,-2.1386530000
40000,2013-03-06 00:00:00Z,DY8 4HX,Terraced,Established,Freehold,52,,CHURCHWARD CLOSE,,STOURBRIDGE,DUDLEY,WEST MIDLANDS,Standard,Addition,52.4609710000,-2.1382820000
132950,2013-03-27 00:00:00Z,DY5 3NZ,Semi-Detached,Established,Freehold,62,,BROMPTON DRIVE,AMBLECOTE,BRIERLEY HILL,DUDLEY,WEST MIDLANDS,Standard,Addition,52.4660180000,-2.1355890000
122000,2013-12-10 00:00:00Z,DY5 3RQ,Terraced,Established,Freehold,41,,LAKESIDE COURT,,BRIERLEY HILL,DUDLEY,WEST MIDLANDS,Standard,Addition,52.4691650000,-2.1386530000
230000,2013-04-05 00:00:00Z,DY5 3RQ,Detached,Established,Freehold,73,,LAKESIDE COURT,,BRIERLEY HILL,DUDLEY,WEST MIDLANDS,Standard,Addition,52.4691650000,-2.1386530000
154000,2013-06-14 00:00:00Z,DY5 3NX,Detached,Established,Leasehold,15,,CHEYNE WALK,,BRIERLEY HILL,DUDLEY,WEST MIDLANDS,Standard,Addition,52.4654830000,-2.1319820000
190000,2013-06-27 00:00:00Z,DY5 2RT,Detached,Established,Freehold,4,,BEAUMONT DRIVE,,BRIERLEY HILL,DUDLEY,WEST MIDLANDS,Standard,Addition,52.4630260000,-2.1337850000
138000,2013-06-28 00:00:00Z,DY5 2SZ,Semi-Detached,Established,Freehold,21,,FITZGERALD PLACE,,BRIERLEY HILL,DUDLEY,WEST MIDLANDS,Standard,Addition,52.4617920000,-2.1365920000
178000,2013-10-11 00:00:00Z,DY5 2PE,Detached,Established,Freehold,40,,BROOMEHILL CLOSE,,BRIERLEY HILL,DUDLEY,WEST MIDLANDS,Standard,Addition,52.4645230000,-2.1300360000
125000,2013-04-19 00:00:00Z,DY5 3UD,Semi-Detached,Established,Freehold,29,,WOBURN DRIVE,AMBLECOTE,BRIERLEY HILL,DUDLEY,WEST MIDLANDS,Standard,Addition,52.4682120000,-2.1349480000
216000,2013-05-07 00:00:00Z,DY5 3RZ,Detached,Established,Freehold,29,,KIRKSTONE WAY,AMBLECOTE,BRIERLEY HILL,DUDLEY,WEST MIDLANDS,Standard,Addition,52.4688760000,-2.1363930000
187500,2013-07-26 00:00:00Z,DY5 2RU,Detached,Established,Freehold,5,,FARNDALE CLOSE,,BRIERLEY HILL,DUDLEY,WEST MIDLANDS,Standard,Addition,52.4624120000,-2.1366230000
115000,2013-05-03 00:00:00Z,DY5 3RQ,Terraced,Established,Freehold,37,,LAKESIDE COURT,,BRIERLEY HILL,DUDLEY,WEST MIDLANDS,Standard,Addition,52.4691650000,-2.1386530000
147950,2013-09-12 00:00:00Z,DY5 2SL,Semi-Detached,Established,Freehold,6,,STOW DRIVE,,BRIERLEY HILL,DUDLEY,WEST MIDLANDS,Standard,Addition,52.4618300000,-2.1340160000
135000,2013-09-17 00:00:00Z,DY5 3PR,Semi-Detached,Established,Leasehold,3,,DUNSFORD CLOSE,,BRIERLEY HILL,DUDLEY,WEST MIDLANDS,Standard,Addition,52.4645520000,-2.1365270000
101000,2013-05-03 00:00:00Z,DY8 4HU,Terraced,Established,Freehold,39,,DEAN CLOSE,,STOURBRIDGE,DUDLEY,WEST MIDLANDS,Standard,Addition,52.4619590000,-2.1395950000
115000,2013-10-31 00:00:00Z,DY5 2QG,Semi-Detached,Established,Freehold,49,,SORREL WALK,,BRIERLEY HILL,DUDLEY,WEST MIDLANDS,Standard,Addition,52.4612010000,-2.1342790000
154000,2013-10-14 00:00:00Z,DY5 3YF,Detached,Established,Freehold,28,,SHADYMOOR DRIVE,,BRIERLEY HILL,DUDLEY,WEST MIDLANDS,Standard,Addition,52.4686400000,-2.1302540000
133000,2013-12-03 00:00:00Z,DY5 3SF,Semi-Detached,Established,Freehold,4,,KIRKSTONE COURT,AMBLECOTE,BRIERLEY HILL,DUDLEY,WEST MIDLANDS,Standard,Addition,52.4679010000,-2.1399080000
105000,2013-04-19 00:00:00Z,DY5 2PE,Semi-Detached,Established,Leasehold,38,,BROOMEHILL CLOSE,,BRIERLEY HILL,DUDLEY,WEST MIDLANDS,Standard,Addition,52.4645230000,-2.1300360000
170000,2013-08-01 00:00:00Z,DY5 2RU,Detached,Established,Freehold,8,,FARNDALE CLOSE,,BRIERLEY HILL,DUDLEY,WEST MIDLANDS,Standard,Addition,52.4624120000,-2.1366230000
188000,2013-03-01 00:00:00Z,DY5 3RP,Detached,Established,Freehold,6,,RANNOCH CLOSE,,BRIERLEY HILL,DUDLEY,WEST MIDLANDS,Standard,Addition,52.4682010000,-2.1366410000
250000,2013-11-22 00:00:00Z,DY5 3RZ,Detached,Established,Freehold,71,,KIRKSTONE WAY,AMBLECOTE,BRIERLEY HILL,DUDLEY,WEST MIDLANDS,Standard,Addition,52.4688760000,-2.1363930000
249995,2013-04-18 00:00:00Z,DY5 3RQ,Detached,Established,Freehold,20,,LAKESIDE COURT,,BRIERLEY HILL,DUDLEY,WEST MIDLANDS,Standard,Addition,52.4691650000,-2.1386530000
195000,2013-11-05 00:00:00Z,DY5 3NY,Detached,Established,Freehold,34,,FINSBURY DRIVE,AMBLECOTE,BRIERLEY HILL,DUDLEY,WEST MIDLANDS,Standard,Addition,52.4650870000,-2.1318770000
119000,2013-04-12 00:00:00Z,DY5 2SZ,Semi-Detached,Established,Freehold,17,,FITZGERALD PLACE,,BRIERLEY HILL,DUDLEY,WEST MIDLANDS,Standard,Addition,52.4617920000,-2.1365920000
170000,2013-08-02 00:00:00Z,DY5 3QW,Detached,Established,Freehold,3,,LYTHWOOD DRIVE,,BRIERLEY HILL,DUDLEY,WEST MIDLANDS,Standard,Addition,52.4677410000,-2.1307370000
117000,2013-10-22 00:00:00Z,DY5 3PW,Semi-Detached,Established,Leasehold,23,,BRAYFORD AVENUE,,BRIERLEY HILL,DUDLEY,WEST MIDLANDS,Standard,Addition,52.4640770000,-2.1352450000
176000,2013-08-16 00:00:00Z,DY5 3PQ,Semi-Detached,Established,Freehold,17,,WOODCOMBE CLOSE,AMBLECOTE,BRIERLEY HILL,DUDLEY,WEST MIDLANDS,Standard,Addition,52.4657350000,-2.1389000000
135000,2013-07-26 00:00:00Z,DY5 3NS,Semi-Detached,Established,Freehold,5,,ROSEMOOR DRIVE,AMBLECOTE,BRIERLEY HILL,DUDLEY,WEST MIDLANDS,Standard,Addition,52.4664310000,-2.1364740000
235000,2013-11-01 00:00:00Z,DY5 2PE,Detached,Established,Freehold,45,,BROOMEHILL CLOSE,,BRIERLEY HILL,DUDLEY,WEST MIDLANDS,Standard,Addition,52.4645230000,-2.1300360000
240000,2013-03-28 00:00:00Z,DY5 3RZ,Detached,Established,Freehold,12,,KIRKSTONE WAY,AMBLECOTE,BRIERLEY HILL,DUDLEY,WEST MIDLANDS,Standard,Addition,52.4688760000,-2.1363930000
168000,2013-03-21 00:00:00Z,DY5 2SZ,Detached,Established,Freehold,16,,FITZGERALD PLACE,,BRIERLEY HILL,DUDLEY,WEST MIDLANDS,Standard,Addition,52.4617920000,-2.1365920000
168500,2013-07-05 00:00:00Z,DY5 2RT,Semi-Detached,Established,Freehold,19,,BEAUMONT DRIVE,,BRIERLEY HILL,DUDLEY,WEST MIDLANDS,Standard,Addition,52.4630260000,-2.1337850000
140000,2013-10-25 00:00:00Z,DY5 3SF,Semi-Detached,Established,Freehold,50,,KIRKSTONE COURT,AMBLECOTE,BRIERLEY HILL,DUDLEY,WEST MIDLANDS,Standard,Addition,52.4679010000,-2.1399080000
262500,2013-04-26 00:00:00Z,DY5 3RQ,Detached,Established,Freehold,77,,LAKESIDE COURT,,BRIERLEY HILL,DUDLEY,WEST MIDLANDS,Standard,Addition,52.4691650000,-2.1386530000
78000,2013-12-17 00:00:00Z,DY5 3NW,Semi-Detached,Established,Freehold,8,,BEWLAY CLOSE,,BRIERLEY HILL,DUDLEY,WEST MIDLANDS,Standard,Addition,52.4665100000,-2.1380340000
132950,2013-03-26 00:00:00Z,DY5 3NZ,Semi-Detached,Established,Leasehold,62,,BROMPTON DRIVE,AMBLECOTE,BRIERLEY HILL,DUDLEY,WEST MIDLANDS,Standard,Addition,52.4660180000,-2.1355890000
135000,2013-10-23 00:00:00Z,DY5 3PZ,Semi-Detached,Established,Freehold,74,,BARBROOK DRIVE,,BRIERLEY HILL,DUDLEY,WEST MIDLANDS,Standard,Addition,52.4644510000,-2.1377480000
245000,2013-10-18 00:00:00Z,DY5 3PP,Detached,Established,Leasehold,46,,OAKHILL DRIVE,,BRIERLEY HILL,DUDLEY,WEST MIDLANDS,Standard,Addition,52.4651360000,-2.1364990000
258000,2013-04-15 00:00:00Z,DY5 3RZ,Detached,Established,Freehold,7,,KIRKSTONE WAY,AMBLECOTE,BRIERLEY HILL,DUDLEY,WEST MIDLANDS,Standard,Addition,52.4688760000,-2.1363930000
115000,2013-09-04 00:00:00Z,DY5 2QB,Semi-Detached,Established,Freehold,39,,BITTERN WALK,,BRIERLEY HILL,DUDLEY,WEST MIDLANDS,Standard,Addition,52.4620770000,-2.1302200000
196000,2013-05-23 00:00:00Z,DY5 3NY,Detached,Established,Freehold,24,,FINSBURY DRIVE,AMBLECOTE,BRIERLEY HILL,DUDLEY,WEST MIDLANDS,Standard,Addition,52.4650870000,-2.1318770000
171000,2014-08-15 00:00:00Z,DY5 2SZ,Detached,Established,Freehold,15,,FITZGERALD PLACE,,BRIERLEY HILL,DUDLEY,WEST MIDLANDS,Standard,Addition,52.4617920000,-2.1365920000
112500,2014-03-04 00:00:00Z,DY8 4HU,Terraced,Established,Freehold,36,,DEAN CLOSE,,STOURBRIDGE,DUDLEY,WEST MIDLANDS,Standard,Addition,52.4619590000,-2.1395950000
111500,2014-01-17 00:00:00Z,DY5 3PQ,Flats/Maisonettes,Established,Leasehold,28,,WOODCOMBE CLOSE,AMBLECOTE,BRIERLEY HILL,DUDLEY,WEST MIDLANDS,Standard,Addition,52.4657350000,-2.1389000000
145000,2014-05-23 00:00:00Z,DY5 3SF,Semi-Detached,Established,Freehold,27,,KIRKSTONE COURT,AMBLECOTE,BRIERLEY HILL,DUDLEY,WEST MIDLANDS,Standard,Addition,52.4679010000,-2.1399080000
135000,2014-03-27 00:00:00Z,DY5 2QF,Semi-Detached,Established,Leasehold,260,,STAMFORD ROAD,,BRIERLEY HILL,DUDLEY,WEST MIDLANDS,Standard,Addition,52.4602200000,-2.1350120000
136500,2014-03-21 00:00:00Z,DY5 2NX,Semi-Detached,Established,Freehold,25,,BLITHFIELD DRIVE,,BRIERLEY HILL,DUDLEY,WEST MIDLANDS,Standard,Addition,52.4628090000,-2.1384710000
117000,2014-12-22 00:00:00Z,DY8 4HX,Terraced,Established,Freehold,34,,CHURCHWARD CLOSE,,STOURBRIDGE,DUDLEY,WEST MIDLANDS,Standard,Addition,52.4609710000,-2.1382820000
174000,2014-04-04 00:00:00Z,DY5 3NZ,Detached,Established,Freehold,39,,BROMPTON DRIVE,AMBLECOTE,BRIERLEY HILL,DUDLEY,WEST MIDLANDS,Standard,Addition,52.4660180000,-2.1355890000
140000,2014-05-02 00:00:00Z,DY5 2RT,Semi-Detached,Established,Freehold,15,,BEAUMONT DRIVE,,BRIERLEY HILL,DUDLEY,WEST MIDLANDS,Standard,Addition,52.4630260000,-2.1337850000
132500,2014-01-17 00:00:00Z,DY5 2QE,Semi-Detached,Established,Freehold,232,,STAMFORD ROAD,,BRIERLEY HILL,DUDLEY,WEST MIDLANDS,Standard,Addition,52.4609950000,-2.1337640000
225000,2014-02-14 00:00:00Z,DY5 2SZ,Detached,Established,Leasehold,18,,FITZGERALD PLACE,,BRIERLEY HILL,DUDLEY,WEST MIDLANDS,Standard,Addition,52.4617920000,-2.1365920000
206750,2014-10-03 00:00:00Z,DY5 3UE,Detached,Established,Freehold,2,,CHARNWOOD CLOSE,,BRIERLEY HILL,DUDLEY,WEST MIDLANDS,Standard,Addition,52.4684510000,-2.1338660000
285000,2014-10-10 00:00:00Z,DY5 3RL,Detached,Established,Freehold,17,,LAMBOURNE WAY,,BRIERLEY HILL,DUDLEY,WEST MIDLANDS,Standard,Addition,52.4691220000,-2.1337290000
133000,2014-11-28 00:00:00Z,DY5 3SF,Semi-Detached,Established,Freehold,44,,KIRKSTONE COURT,AMBLECOTE,BRIERLEY HILL,DUDLEY,WEST MIDLANDS,Standard,Addition,52.4679010000,-2.1399080000
160000,2014-10-03 00:00:00Z,DY5 2RU,Semi-Detached,Established,Freehold,32,,FARNDALE CLOSE,,BRIERLEY HILL,DUDLEY,WEST MIDLANDS,Standard,Addition,52.4624120000,-2.1366230000
243785,2014-04-11 00:00:00Z,DY5 3QY,Detached,Established,Freehold,2,,SUFFOLK DRIVE,,BRIERLEY HILL,DUDLEY,WEST MIDLANDS,Standard,Addition,52.4675950000,-2.1322530000
100000,2014-08-29 00:00:00Z,DY5 3UD,Flats/Maisonettes,Established,Leasehold,12,,WOBURN DRIVE,AMBLECOTE,BRIERLEY HILL,DUDLEY,WEST MIDLANDS,Standard,Addition,52.4682120000,-2.1349480000
131500,2014-06-02 00:00:00Z,DY5 2PE,Semi-Detached,Established,Freehold,27,,BROOMEHILL CLOSE,,BRIERLEY HILL,DUDLEY,WEST MIDLANDS,Standard,Addition,52.4645230000,-2.1300360000
149000,2014-10-28 00:00:00Z,DY5 3PR,Semi-Detached,Established,Leasehold,3,,DUNSFORD CLOSE,,BRIERLEY HILL,DUDLEY,WEST MIDLANDS,Standard,Addition,52.4645520000,-2.1365270000
193000,2014-11-28 00:00:00Z,DY5 2RX,Detached,Established,Freehold,10,,MARTINDALE WALK,,BRIERLEY HILL,DUDLEY,WEST MIDLANDS,Standard,Addition,52.4627020000,-2.1346810000
176500,2014-07-02 00:00:00Z,DY5 3NZ,Detached,Established,Leasehold,41,,BROMPTON DRIVE,AMBLECOTE,BRIERLEY HILL,DUDLEY,WEST MIDLANDS,Standard,Addition,52.4660180000,-2.1355890000
185000,2014-11-14 00:00:00Z,DY5 3NT,Detached,Established,Freehold,4,,ALDGATE DRIVE,AMBLECOTE,BRIERLEY HILL,DUDLEY,WEST MIDLANDS,Standard,Addition,52.4658870000,-2.1322180000
280000,2014-11-28 00:00:00Z,DY5 3RZ,Detached,Established,Freehold,32,,KIRKSTONE WAY,AMBLECOTE,BRIERLEY HILL,DUDLEY,WEST MIDLANDS,Standard,Addition,52.4688760000,-2.1363930000
152500,2014-10-24 00:00:00Z,DY5 3SF,Terraced,Established,Freehold,23,,KIRKSTONE COURT,AMBLECOTE,BRIERLEY HILL,DUDLEY,WEST MIDLANDS,Standard,Addition,52.4679010000,-2.1399080000
83000,2014-11-27 00:00:00Z,DY5 3NS,Flats/Maisonettes,Established,Leasehold,24,,ROSEMOOR DRIVE,AMBLECOTE,BRIERLEY HILL,DUDLEY,WEST MIDLANDS,Standard,Addition,52.4664310000,-2.1364740000
72500,2014-02-05 00:00:00Z,DY5 3UD,Flats/Maisonettes,Established,Leasehold,25,,WOBURN DRIVE,AMBLECOTE,BRIERLEY HILL,DUDLEY,WEST MIDLANDS,Standard,Addition,52.4682120000,-2.1349480000
210500,2014-10-22 00:00:00Z,DY5 2QH,Detached,Established,Freehold,17,,PETERS HILL ROAD,,BRIERLEY HILL,DUDLEY,WEST MIDLANDS,Standard,Addition,52.4624430000,-2.1325460000
116000,2014-02-10 00:00:00Z,DY5 3NZ,Semi-Detached,Established,Freehold,84,,BROMPTON DRIVE,AMBLECOTE,BRIERLEY HILL,DUDLEY,WEST MIDLANDS,Standard,Addition,52.4660180000,-2.1355890000
232000,2014-04-28 00:00:00Z,DY5 2QH,Detached,Established,Freehold,25,,PETERS HILL ROAD,,BRIERLEY HILL,DUDLEY,WEST MIDLANDS,Standard,Addition,52.4624430000,-2.1325460000
165000,2014-12-19 00:00:00Z,DY5 3SF,Semi-Detached,Established,Freehold,1,,KIRKSTONE COURT,AMBLECOTE,BRIERLEY HILL,DUDLEY,WEST MIDLANDS,Standard,Addition,52.4679010000,-2.1399080000
195000,2014-07-28 00:00:00Z,DY5 3NT,Detached,Established,Freehold,53,,ALDGATE DRIVE,AMBLECOTE,BRIERLEY HILL,DUDLEY,WEST MIDLANDS,Standard,Addition,52.4658870000,-2.1322180000
235000,2014-08-15 00:00:00Z,DY5 2RX,Detached,Established,Freehold,17,,MARTINDALE WALK,,BRIERLEY HILL,DUDLEY,WEST MIDLANDS,Standard,Addition,52.4627020000,-2.1346810000
215000,2014-11-27 00:00:00Z,DY5 2RU,Detached,Established,Freehold,18,,FARNDALE CLOSE,,BRIERLEY HILL,DUDLEY,WEST MIDLANDS,Standard,Addition,52.4624120000,-2.1366230000
171500,2014-07-25 00:00:00Z,DY5 2RT,Semi-Detached,Established,Freehold,11,,BEAUMONT DRIVE,,BRIERLEY HILL,DUDLEY,WEST MIDLANDS,Standard,Addition,52.4630260000,-2.1337850000
169000,2014-02-28 00:00:00Z,DY5 3SF,Detached,Established,Freehold,30,,KIRKSTONE COURT,AMBLECOTE,BRIERLEY HILL,DUDLEY,WEST MIDLANDS,Standard,Addition,52.4679010000,-2.1399080000
265000,2014-08-11 00:00:00Z,DY5 3UE,Detached,Established,Freehold,5,,CHARNWOOD CLOSE,,BRIERLEY HILL,DUDLEY,WEST MIDLANDS,Standard,Addition,52.4684510000,-2.1338660000
192000,2014-06-27 00:00:00Z,DY5 2RT,Detached,Established,Freehold,4,,BEAUMONT DRIVE,,BRIERLEY HILL,DUDLEY,WEST MIDLANDS,Standard,Addition,52.4630260000,-2.1337850000
175000,2014-02-14 00:00:00Z,DY5 3PW,Detached,Established,Leasehold,6,,BRAYFORD AVENUE,,BRIERLEY HILL,DUDLEY,WEST MIDLANDS,Standard,Addition,52.4640770000,-2.1352450000
133000,2014-07-31 00:00:00Z,DY5 3UD,Semi-Detached,Established,Freehold,31,,WOBURN DRIVE,AMBLECOTE,BRIERLEY HILL,DUDLEY,WEST MIDLANDS,Standard,Addition,52.4682120000,-2.1349480000
129000,2014-09-05 00:00:00Z,DY5 3NZ,Semi-Detached,Established,Freehold,50,,BROMPTON DRIVE,AMBLECOTE,BRIERLEY HILL,DUDLEY,WEST MIDLANDS,Standard,Addition,52.4660180000,-2.1355890000
128500,2014-10-13 00:00:00Z,DY5 2QG,Semi-Detached,Established,Freehold,47,,SORREL WALK,,BRIERLEY HILL,DUDLEY,WEST MIDLANDS,Standard,Addition,52.4612010000,-2.1342790000
82750,2014-08-15 00:00:00Z,DY5 3PZ,Flats/Maisonettes,Established,Leasehold,20,,BARBROOK DRIVE,,BRIERLEY HILL,DUDLEY,WEST MIDLANDS,Standard,Addition,52.4644510000,-2.1377480000
136000,2014-09-23 00:00:00Z,DY5 2QE,Semi-Detached,Established,Freehold,252,,STAMFORD ROAD,,BRIERLEY HILL,DUDLEY,WEST MIDLANDS,Standard,Addition,52.4609950000,-2.1337640000
180000,2014-11-26 00:00:00Z,DY5 3NZ,Semi-Detached,Established,Leasehold,32,,BROMPTON DRIVE,AMBLECOTE,BRIERLEY HILL,DUDLEY,WEST MIDLANDS,Standard,Addition,52.4660180000,-2.1355890000
115000,2014-10-24 00:00:00Z,DY5 2QG,Semi-Detached,Established,Freehold,55,,SORREL WALK,,BRIERLEY HILL,DUDLEY,WEST MIDLANDS,Standard,Addition,52.4612010000,-2.1342790000
239950,2014-08-29 00:00:00Z,DY5 2PE,Detached,Established,Freehold,2,,BROOMEHILL CLOSE,,BRIERLEY HILL,DUDLEY,WEST MIDLANDS,Standard,Addition,52.4645230000,-2.1300360000
170000,2014-05-30 00:00:00Z,DY5 3NS,Semi-Detached,Established,Freehold,25,,ROSEMOOR DRIVE,AMBLECOTE,BRIERLEY HILL,DUDLEY,WEST MIDLANDS,Standard,Addition,52.4664310000,-2.1364740000
82500,2014-09-04 00:00:00Z,DY5 3PZ,Flats/Maisonettes,Established,Leasehold,66,,BARBROOK DRIVE,,BRIERLEY HILL,DUDLEY,WEST MIDLANDS,Additional,Addition,52.4644510000,-2.1377480000
245000,2014-07-14 00:00:00Z,DY5 3XJ,Detached,Established,Freehold,4,,PATTERDALE WAY,,BRIERLEY HILL,DUDLEY,WEST MIDLANDS,Standard,Addition,52.4699480000,-2.1343940000
183500,2014-10-31 00:00:00Z,DY5 3QX,Detached,Established,Freehold,4,,SALCOMBE DRIVE,,BRIERLEY HILL,DUDLEY,WEST MIDLANDS,Standard,Addition,52.4671000000,-2.1330460000
215000,2014-02-21 00:00:00Z,DY5 2RU,Detached,Established,Freehold,35,,FARNDALE CLOSE,,BRIERLEY HILL,DUDLEY,WEST MIDLANDS,Standard,Addition,52.4624120000,-2.1366230000
130000,2014-10-31 00:00:00Z,DY5 2RU,Semi-Detached,Established,Freehold,30,,FARNDALE CLOSE,,BRIERLEY HILL,DUDLEY,WEST MIDLANDS,Standard,Addition,52.4624120000,-2.1366230000
125000,2014-04-30 00:00:00Z,DY5 2PN,Semi-Detached,Established,Leasehold,27,,HERN ROAD,,BRIERLEY HILL,DUDLEY,WEST MIDLANDS,Standard,Addition,52.4626430000,-2.1313840000
280000,2014-06-26 00:00:00Z,DY5 3RN,Detached,Established,Freehold,12,,BURGHLEY WALK,,BRIERLEY HILL,DUDLEY,WEST MIDLANDS,Standard,Addition,52.4689130000,-2.1357160000
227500,2015-10-29 00:00:00Z,DY5 3RW,Detached,Established,Freehold,6,,BORROWDALE CLOSE,,BRIERLEY HILL,DUDLEY,WEST MIDLANDS,Standard,Addition,52.4674270000,-2.1379490000
260000,2015-05-26 00:00:00Z,DY5 3RW,Detached,Established,Freehold,24,,BORROWDALE CLOSE,,BRIERLEY HILL,DUDLEY,WEST MIDLANDS,Additional,Addition,52.4674270000,-2.1379490000
297000,2015-10-30 00:00:00Z,DY5 3RZ,Detached,Established,Freehold,45,,KIRKSTONE WAY,AMBLECOTE,BRIERLEY HILL,DUDLEY,WEST MIDLANDS,Standard,Addition,52.4688760000,-2.1363930000
210000,2015-10-30 00:00:00Z,DY5 3NT,Detached,Established,Freehold,39,,ALDGATE DRIVE,AMBLECOTE,BRIERLEY HILL,DUDLEY,WEST MIDLANDS,Standard,Addition,52.4658870000,-2.1322180000
224950,2015-02-27 00:00:00Z,DY5 3RW,Detached,Established,Freehold,4,,BORROWDALE CLOSE,,BRIERLEY HILL,DUDLEY,WEST MIDLANDS,Standard,Addition,52.4674270000,-2.1379490000
193000,2015-08-17 00:00:00Z,DY5 3YF,Detached,Established,Freehold,25,,SHADYMOOR DRIVE,,BRIERLEY HILL,DUDLEY,WEST MIDLANDS,Standard,Addition,52.4686400000,-2.1302540000
132000,2015-07-31 00:00:00Z,DY5 2QG,Semi-Detached,Established,Freehold,53,,SORREL WALK,,BRIERLEY HILL,DUDLEY,WEST MIDLANDS,Standard,Addition,52.4612010000,-2.1342790000
232000,2015-06-05 00:00:00Z,DY5 3LL,Detached,Established,Freehold,10,,QUINCY RISE,,BRIERLEY HILL,DUDLEY,WEST MIDLANDS,Standard,Addition,52.4666880000,-2.1310720000
198000,2015-02-27 00:00:00Z,DY5 3RZ,Detached,Established,Freehold,67,,KIRKSTONE WAY,AMBLECOTE,BRIERLEY HILL,DUDLEY,WEST MIDLANDS,Standard,Addition,52.4688760000,-2.1363930000
127500,2015-08-26 00:00:00Z,DY5 3NS,Semi-Detached,Established,Freehold,11,,ROSEMOOR DRIVE,AMBLECOTE,BRIERLEY HILL,DUDLEY,WEST MIDLANDS,Additional,Addition,52.4664310000,-2.1364740000
83000,2015-04-30 00:00:00Z,DY5 3SF,Flats/Maisonettes,Established,Leasehold,43,,KIRKSTONE COURT,AMBLECOTE,BRIERLEY HILL,DUDLEY,WEST MIDLANDS,Standard,Addition,52.4679010000,-2.1399080000
240000,2015-07-31 00:00:00Z,DY5 2RX,Detached,Established,Freehold,15,,MARTINDALE WALK,,BRIERLEY HILL,DUDLEY,WEST MIDLANDS,Standard,Addition,52.4627020000,-2.1346810000
180000,2015-12-18 00:00:00Z,DY5 3PQ,Semi-Detached,Established,Leasehold,18,,WOODCOMBE CLOSE,AMBLECOTE,BRIERLEY HILL,DUDLEY,WEST MIDLANDS,Standard,Addition,52.4657350000,-2.1389000000
196000,2015-06-10 00:00:00Z,DY5 3PQ,Semi-Detached,Established,Freehold,17,,WOODCOMBE CLOSE,AMBLECOTE,BRIERLEY HILL,DUDLEY,WEST MIDLANDS,Standard,Addition,52.4657350000,-2.1389000000
190000,2015-07-03 00:00:00Z,DY5 3PW,Semi-Detached,Established,Leasehold,5,,BRAYFORD AVENUE,,BRIERLEY HILL,DUDLEY,WEST MIDLANDS,Standard,Addition,52.4640770000,-2.1352450000
114000,2015-04-24 00:00:00Z,DY5 2QG,Semi-Detached,Established,Freehold,15,,SORREL WALK,,BRIERLEY HILL,DUDLEY,WEST MIDLANDS,Standard,Addition,52.4612010000,-2.1342790000
96500,2015-03-04 00:00:00Z,DY5 3NZ,Flats/Maisonettes,Established,Leasehold,89,,BROMPTON DRIVE,AMBLECOTE,BRIERLEY HILL,DUDLEY,WEST MIDLANDS,Standard,Addition,52.4660180000,-2.1355890000
137000,2015-10-23 00:00:00Z,DY5 3NZ,Semi-Detached,Established,Leasehold,77,,BROMPTON DRIVE,AMBLECOTE,BRIERLEY HILL,DUDLEY,WEST MIDLANDS,Standard,Addition,52.4660180000,-2.1355890000
250000,2015-08-13 00:00:00Z,DY5 2RU,Detached,Established,Freehold,1,,FARNDALE CLOSE,,BRIERLEY HILL,DUDLEY,WEST MIDLANDS,Standard,Addition,52.4624120000,-2.1366230000
295000,2015-12-16 00:00:00Z,DY5 3UE,Detached,Established,Freehold,1,,CHARNWOOD CLOSE,,BRIERLEY HILL,DUDLEY,WEST MIDLANDS,Standard,Addition,52.4684510000,-2.1338660000
68500,2015-11-06 00:00:00Z,DY5 2PW,Flats/Maisonettes,Established,Leasehold,34,,HERN ROAD,,BRIERLEY HILL,DUDLEY,WEST MIDLANDS,Standard,Addition,52.4622830000,-2.1312950000
20000,2015-04-24 00:00:00Z,DY5 3SF,Flats/Maisonettes,Established,Leasehold,33,,KIRKSTONE COURT,AMBLECOTE,BRIERLEY HILL,DUDLEY,WEST MIDLANDS,Standard,Addition,52.4679010000,-2.1399080000
210000,2015-11-30 00:00:00Z,DY5 3NY,Detached,Established,Leasehold,11,,FINSBURY DRIVE,AMBLECOTE,BRIERLEY HILL,DUDLEY,WEST MIDLANDS,Standard,Addition,52.4650870000,-2.1318770000
210000,2015-12-04 00:00:00Z,DY5 3QW,Detached,Established,Freehold,31,,LYTHWOOD DRIVE,,BRIERLEY HILL,DUDLEY,WEST MIDLANDS,Standard,Addition,52.4677410000,-2.1307370000
195000,2015-01-15 00:00:00Z,DY5 2RX,Detached,Established,Freehold,11,,MARTINDALE WALK,,BRIERLEY HILL,DUDLEY,WEST MIDLANDS,Standard,Addition,52.4627020000,-2.1346810000
139000,2015-05-29 00:00:00Z,DY5 3PW,Semi-Detached,Established,Leasehold,25,,BRAYFORD AVENUE,,BRIERLEY HILL,DUDLEY,WEST MIDLANDS,Standard,Addition,52.4640770000,-2.1352450000
127500,2015-08-26 00:00:00Z,DY5 3NS,Semi-Detached,Established,Leasehold,11,,ROSEMOOR DRIVE,AMBLECOTE,BRIERLEY HILL,DUDLEY,WEST MIDLANDS,Standard,Addition,52.4664310000,-2.1364740000
117000,2015-03-20 00:00:00Z,DY8 4HU,Terraced,Established,Freehold,21,,DEAN CLOSE,,STOURBRIDGE,DUDLEY,WEST MIDLANDS,Standard,Addition,52.4619590000,-2.1395950000
150000,2015-05-07 00:00:00Z,DY5 3RQ,Terraced,Established,Freehold,65,,LAKESIDE COURT,,BRIERLEY HILL,DUDLEY,WEST MIDLANDS,Standard,Addition,52.4691650000,-2.1386530000
160000,2015-05-07 00:00:00Z,DY5 3QZ,Detached,Established,Freehold,5,,HUNSTANTON CLOSE,,BRIERLEY HILL,DUDLEY,WEST MIDLANDS,Standard,Addition,52.4671910000,-2.1315450000
147950,2015-02-20 00:00:00Z,DY8 4UN,Semi-Detached,Established,Leasehold,3,,PEAK ROAD,,STOURBRIDGE,DUDLEY,WEST MIDLANDS,Standard,Addition,52.4601130000,-2.1377120000
238000,2015-06-08 00:00:00Z,DY5 3RW,Detached,Established,Freehold,24,,BORROWDALE CLOSE,,BRIERLEY HILL,DUDLEY,WEST MIDLANDS,Standard,Addition,52.4674270000,-2.1379490000
115000,2015-05-08 00:00:00Z,DY5 3PP,Flats/Maisonettes,Established,Leasehold,29,,OAKHILL DRIVE,,BRIERLEY HILL,DUDLEY,WEST MIDLANDS,Standard,Addition,52.4651360000,-2.1364990000
189000,2015-08-13 00:00:00Z,DY5 3QX,Detached,Established,Freehold,6,,SALCOMBE DRIVE,,BRIERLEY HILL,DUDLEY,WEST MIDLANDS,Standard,Addition,52.4671000000,-2.1330460000
148000,2015-09-03 00:00:00Z,DY5 2QD,Detached,Established,Freehold,176,,STAMFORD ROAD,,BRIERLEY HILL,DUDLEY,WEST MIDLANDS,Standard,Addition,52.4617180000,-2.1303070000
154700,2015-10-23 00:00:00Z,DY8 4HX,Semi-Detached,Established,Freehold,46,,CHURCHWARD CLOSE,,STOURBRIDGE,DUDLEY,WEST MIDLANDS,Standard,Addition,52.4609710000,-2.1382820000
203000,2015-09-28 00:00:00Z,DY5 3QW,Detached,Established,Freehold,16,,LYTHWOOD DRIVE,,BRIERLEY HILL,DUDLEY,WEST MIDLANDS,Standard,Addition,52.4677410000,-2.1307370000
130000,2015-10-09 00:00:00Z,DY5 2RU,Semi-Detached,Established,Freehold,27,,FARNDALE CLOSE,,BRIERLEY HILL,DUDLEY,WEST MIDLANDS,Standard,Addition,52.4624120000,-2.1366230000
281000,2016-12-14 00:00:00Z,DY5 3PQ,Detached,Established,Leasehold,2,,WOODCOMBE CLOSE,AMBLECOTE,BRIERLEY HILL,DUDLEY,WEST MIDLANDS,Standard,Addition,52.4657350000,-2.1389000000
189950,2016-12-09 00:00:00Z,DY5 3SF,Detached,Established,Freehold,49,,KIRKSTONE COURT,AMBLECOTE,BRIERLEY HILL,DUDLEY,WEST MIDLANDS,Standard,Addition,52.4679010000,-2.1399080000
88000,2016-06-20 00:00:00Z,DY5 3NS,Terraced,Established,Leasehold,2,,ROSEMOOR DRIVE,AMBLECOTE,BRIERLEY HILL,DUDLEY,WEST MIDLANDS,Standard,Addition,52.4664310000,-2.1364740000
95000,2016-09-30 00:00:00Z,DY5 3SF,Other,Established,Leasehold,17,,KIRKSTONE COURT,AMBLECOTE,BRIERLEY HILL,DUDLEY,WEST MIDLANDS,Additional,Addition,52.4679010000,-2.1399080000
100000,2016-09-30 00:00:00Z,DY5 3SF,Semi-Detached,Established,Leasehold,17,,KIRKSTONE COURT,AMBLECOTE,BRIERLEY HILL,DUDLEY,WEST MIDLANDS,Additional,Addition,52.4679010000,-2.1399080000
125000,2016-10-21 00:00:00Z,DY5 2PW,Detached,Established,Freehold,4,,HERN ROAD,,BRIERLEY HILL,DUDLEY,WEST MIDLANDS,Standard,Addition,52.4622830000,-2.1312950000
152500,2016-07-29 00:00:00Z,DY5 3NW,Semi-Detached,Established,Freehold,9,,BEWLAY CLOSE,,BRIERLEY HILL,DUDLEY,WEST MIDLANDS,Standard,Addition,52.4665100000,-2.1380340000
178000,2016-10-14 00:00:00Z,DY5 3NX,Detached,Established,Freehold,1,,CHEYNE WALK,,BRIERLEY HILL,DUDLEY,WEST MIDLANDS,Standard,Addition,52.4654830000,-2.1319820000
230000,2016-11-11 00:00:00Z,DY5 3PU,Detached,Established,Leasehold,2,,EXFORD CLOSE,,BRIERLEY HILL,DUDLEY,WEST MIDLANDS,Standard,Addition,52.4659470000,-2.1380240000
250000,2016-10-28 00:00:00Z,DY5 3NU,Detached,Established,Freehold,21,,BLAKE HALL CLOSE,,BRIERLEY HILL,DUDLEY,WEST MIDLANDS,Standard,Addition,52.4663270000,-2.1328820000
230000,2016-11-11 00:00:00Z,DY5 3PU,Other,Established,Freehold,2,,EXFORD CLOSE,,BRIERLEY HILL,DUDLEY,WEST MIDLANDS,Additional,Addition,52.4659470000,-2.1380240000
152500,2016-10-14 00:00:00Z,DY5 3NS,Semi-Detached,Established,Freehold,5,,ROSEMOOR DRIVE,AMBLECOTE,BRIERLEY HILL,DUDLEY,WEST MIDLANDS,Standard,Addition,52.4664310000,-2.1364740000
105000,2016-11-10 00:00:00Z,DY8 4HU,Terraced,Established,Freehold,1,,DEAN CLOSE,,STOURBRIDGE,DUDLEY,WEST MIDLANDS,Additional,Addition,52.4619590000,-2.1395950000
227000,2016-10-14 00:00:00Z,DY5 3XL,Detached,Established,Freehold,4,,AMBLESIDE DRIVE,,BRIERLEY HILL,DUDLEY,WEST MIDLANDS,Standard,Addition,52.4699530000,-2.1332230000
224950,2016-07-14 00:00:00Z,DY5 3XL,Detached,Established,Freehold,3,,AMBLESIDE DRIVE,,BRIERLEY HILL,DUDLEY,WEST MIDLANDS,Standard,Addition,52.4699530000,-2.1332230000
150765,2016-06-30 00:00:00Z,DY5 3NZ,Semi-Detached,Established,Freehold,79,,BROMPTON DRIVE,AMBLECOTE,BRIERLEY HILL,DUDLEY,WEST MIDLANDS,Standard,Addition,52.4660180000,-2.1355890000
315000,2016-02-05 00:00:00Z,DY5 3XL,Detached,Established,Freehold,14,,AMBLESIDE DRIVE,,BRIERLEY HILL,DUDLEY,WEST MIDLANDS,Standard,Addition,52.4699530000,-2.1332230000
195000,2016-02-19 00:00:00Z,DY5 2RU,Detached,Established,Freehold,3,,FARNDALE CLOSE,,BRIERLEY HILL,DUDLEY,WEST MIDLANDS,Standard,Addition,52.4624120000,-2.1366230000
53000,2016-01-29 00:00:00Z,DY5 2PW,Flats/Maisonettes,Established,Leasehold,38,,HERN ROAD,,BRIERLEY HILL,DUDLEY,WEST MIDLANDS,Standard,Addition,52.4622830000,-2.1312950000
55000,2016-02-05 00:00:00Z,DY8 4HX,Flats/Maisonettes,Established,Leasehold,1,,CHURCHWARD CLOSE,,STOURBRIDGE,DUDLEY,WEST MIDLANDS,Standard,Addition,52.4609710000,-2.1382820000
137000,2016-05-27 00:00:00Z,DY5 2QB,Semi-Detached,Established,Freehold,45,,BITTERN WALK,,BRIERLEY HILL,DUDLEY,WEST MIDLANDS,Standard,Addition,52.4620770000,-2.1302200000
231500,2016-05-27 00:00:00Z,DY5 3PP,Detached,Established,Freehold,32,,OAKHILL DRIVE,,BRIERLEY HILL,DUDLEY,WEST MIDLANDS,Standard,Addition,52.4651360000,-2.1364990000
193000,2016-12-20 00:00:00Z,DY5 2PE,Detached,Established,Freehold,25,,BROOMEHILL CLOSE,,BRIERLEY HILL,DUDLEY,WEST MIDLANDS,Standard,Addition,52.4645230000,-2.1300360000
310000,2016-07-29 00:00:00Z,DY5 3RW,Detached,Established,Freehold,9,,BORROWDALE CLOSE,,BRIERLEY HILL,DUDLEY,WEST MIDLANDS,Standard,Addition,52.4674270000,-2.1379490000
55500,2016-12-08 00:00:00Z,DY5 2PW,Flats/Maisonettes,Established,Leasehold,54,,HERN ROAD,,BRIERLEY HILL,DUDLEY,WEST MIDLANDS,Standard,Addition,52.4622830000,-2.1312950000
166000,2016-05-12 00:00:00Z,DY5 2PE,Semi-Detached,Established,Leasehold,36,,BROOMEHILL CLOSE,,BRIERLEY HILL,DUDLEY,WEST MIDLANDS,Standard,Addition,52.4645230000,-2.1300360000
112000,2016-03-30 00:00:00Z,DY5 3NZ,Flats/Maisonettes,Established,Leasehold,111,,BROMPTON DRIVE,AMBLECOTE,BRIERLEY HILL,DUDLEY,WEST MIDLANDS,Additional,Addition,52.4660180000,-2.1355890000
105000,2016-12-08 00:00:00Z,DY5 3NZ,Flats/Maisonettes,Established,Leasehold,89,,BROMPTON DRIVE,AMBLECOTE,BRIERLEY HILL,DUDLEY,WEST MIDLANDS,Standard,Addition,52.4660180000,-2.1355890000
117000,2016-01-29 00:00:00Z,DY5 3PQ,Flats/Maisonettes,Established,Leasehold,28,,WOODCOMBE CLOSE,AMBLECOTE,BRIERLEY HILL,DUDLEY,WEST MIDLANDS,Standard,Addition,52.4657350000,-2.1389000000
140000,2016-03-01 00:00:00Z,DY5 3NZ,Semi-Detached,Established,Freehold,52,,BROMPTON DRIVE,AMBLECOTE,BRIERLEY HILL,DUDLEY,WEST MIDLANDS,Standard,Addition,52.4660180000,-2.1355890000
285000,2016-03-18 00:00:00Z,DY5 3RQ,Detached,Established,Freehold,69,,LAKESIDE COURT,,BRIERLEY HILL,DUDLEY,WEST MIDLANDS,Standard,Addition,52.4691650000,-2.1386530000
192500,2016-03-08 00:00:00Z,DY5 2RL,Detached,Established,Freehold,6,,LINDALE CRESCENT,AMBLECOTE,BRIERLEY HILL,DUDLEY,WEST MIDLANDS,Standard,Addition,52.4618920000,-2.1351060000
230000,2016-02-24 00:00:00Z,DY5 2RX,Detached,Established,Freehold,9,,MARTINDALE WALK,,BRIERLEY HILL,DUDLEY,WEST MIDLANDS,Standard,Addition,52.4627020000,-2.1346810000
245000,2016-02-26 00:00:00Z,DY5 3XJ,Detached,Established,Freehold,8,,PATTERDALE WAY,,BRIERLEY HILL,DUDLEY,WEST MIDLANDS,Standard,Addition,52.4699480000,-2.1343940000
187500,2016-05-12 00:00:00Z,DY5 3QS,Detached,Established,Freehold,63A,,BROMPTON DRIVE,,BRIERLEY HILL,DUDLEY,WEST MIDLANDS,Standard,Addition,52.4664980000,-2.1355530000
126500,2016-05-09 00:00:00Z,DY5 3NW,Terraced,Established,Freehold,2,,BEWLAY CLOSE,,BRIERLEY HILL,DUDLEY,WEST MIDLANDS,Standard,Addition,52.4665100000,-2.1380340000
125000,2016-01-14 00:00:00Z,DY5 3NS,Terraced,Established,Freehold,32,,ROSEMOOR DRIVE,AMBLECOTE,BRIERLEY HILL,DUDLEY,WEST MIDLANDS,Standard,Addition,52.4664310000,-2.1364740000
301000,2016-07-29 00:00:00Z,DY5 3XJ,Detached,Established,Freehold,14,,PATTERDALE WAY,,BRIERLEY HILL,DUDLEY,WEST MIDLANDS,Standard,Addition,52.4699480000,-2.1343940000
123000,2016-07-13 00:00:00Z,DY8 4HU,Terraced,Established,Freehold,38,,DEAN CLOSE,,STOURBRIDGE,DUDLEY,WEST MIDLANDS,Standard,Addition,52.4619590000,-2.1395950000
95500,2016-10-24 00:00:00Z,DY5 3NS,Terraced,Established,Leasehold,1,,ROSEMOOR DRIVE,AMBLECOTE,BRIERLEY HILL,DUDLEY,WEST MIDLANDS,Standard,Addition,52.4664310000,-2.1364740000
280000,2016-07-26 00:00:00Z,DY5 3UE,Detached,Established,Freehold,6,,CHARNWOOD CLOSE,,BRIERLEY HILL,DUDLEY,WEST MIDLANDS,Standard,Addition,52.4684510000,-2.1338660000
262500,2016-07-28 00:00:00Z,DY5 3YF,Detached,Established,Freehold,8,,SHADYMOOR DRIVE,,BRIERLEY HILL,DUDLEY,WEST MIDLANDS,Standard,Addition,52.4686400000,-2.1302540000
184000,2016-05-06 00:00:00Z,DY5 3LL,Detached,Established,Freehold,3,,QUINCY RISE,,BRIERLEY HILL,DUDLEY,WEST MIDLANDS,Standard,Addition,52.4666880000,-2.1310720000
250000,2016-11-11 00:00:00Z,DY5 3PP,Detached,Established,Freehold,22,,OAKHILL DRIVE,,BRIERLEY HILL,DUDLEY,WEST MIDLANDS,Standard,Addition,52.4651360000,-2.1364990000
245000,2016-04-27 00:00:00Z,DY5 2SL,Detached,Established,Leasehold,1,,STOW DRIVE,,BRIERLEY HILL,DUDLEY,WEST MIDLANDS,Standard,Addition,52.4618300000,-2.1340160000
154000,2016-12-09 00:00:00Z,DY5 3PZ,Semi-Detached,Established,Freehold,74,,BARBROOK DRIVE,,BRIERLEY HILL,DUDLEY,WEST MIDLANDS,Standard,Addition,52.4644510000,-2.1377480000
66000,2016-11-29 00:00:00Z,DY5 3RQ,Terraced,Established,Leasehold,35,,LAKESIDE COURT,,BRIERLEY HILL,DUDLEY,WEST MIDLANDS,Standard,Addition,52.4691650000,-2.1386530000
100000,2016-12-09 00:00:00Z,DY8 4HX,Terraced,Established,Freehold,14,,CHURCHWARD CLOSE,,STOURBRIDGE,DUDLEY,WEST MIDLANDS,Standard,Addition,52.4609710000,-2.1382820000
295000,2016-11-25 00:00:00Z,DY5 3RN,Semi-Detached,Established,Freehold,9,,BURGHLEY WALK,,BRIERLEY HILL,DUDLEY,WEST MIDLANDS,Standard,Addition,52.4689130000,-2.1357160000
174950,2016-01-22 00:00:00Z,DY8 4UT,Detached,Established,Freehold,7,,WENLOCK ROAD,,STOURBRIDGE,DUDLEY,WEST MIDLANDS,Standard,Addition,52.4602690000,-2.1391190000
260000,2016-12-09 00:00:00Z,DY5 2RX,Detached,Established,Freehold,7,,MARTINDALE WALK,,BRIERLEY HILL,DUDLEY,WEST MIDLANDS,Standard,Addition,52.4627020000,-2.1346810000
285000,2016-12-05 00:00:00Z,DY5 2QH,Detached,Established,Freehold,19,,PETERS HILL ROAD,,BRIERLEY HILL,DUDLEY,WEST MIDLANDS,Standard,Addition,52.4624430000,-2.1325460000
129000,2016-11-25 00:00:00Z,DY5 3PP,Flats/Maisonettes,Established,Leasehold,41,,OAKHILL DRIVE,,BRIERLEY HILL,DUDLEY,WEST MIDLANDS,Standard,Addition,52.4651360000,-2.1364990000
168000,2016-03-31 00:00:00Z,DY5 3SF,Semi-Detached,Established,Freehold,2,,KIRKSTONE COURT,AMBLECOTE,BRIERLEY HILL,DUDLEY,WEST MIDLANDS,Standard,Addition,52.4679010000,-2.1399080000
140000,2016-03-17 00:00:00Z,DY5 3NZ,Semi-Detached,Established,Freehold,95,,BROMPTON DRIVE,AMBLECOTE,BRIERLEY HILL,DUDLEY,WEST MIDLANDS,Standard,Addition,52.4660180000,-2.1355890000
249000,2016-04-25 00:00:00Z,DY5 3YF,Detached,Established,Freehold,46,,SHADYMOOR DRIVE,,BRIERLEY HILL,DUDLEY,WEST MIDLANDS,Standard,Addition,52.4686400000,-2.1302540000
170000,2016-03-24 00:00:00Z,DY5 2NZ,Detached,Established,Freehold,11,,GRATHAM CLOSE,AMBLECOTE,BRIERLEY HILL,DUDLEY,WEST MIDLANDS,Standard,Addition,52.4629590000,-2.1373900000
182500,2016-02-24 00:00:00Z,DY5 3QY,Detached,Established,Freehold,17,,SUFFOLK DRIVE,,BRIERLEY HILL,DUDLEY,WEST MIDLANDS,Standard,Addition,52.4675950000,-2.1322530000
175000,2016-08-19 00:00:00Z,DY5 2QD,Detached,Established,Freehold,174,,STAMFORD ROAD,,BRIERLEY HILL,DUDLEY,WEST MIDLANDS,Standard,Addition,52.4617180000,-2.1303070000
290000,2016-08-17 00:00:00Z,DY5 3RN,Detached,Established,Freehold,8,,BURGHLEY WALK,,BRIERLEY HILL,DUDLEY,WEST MIDLANDS,Standard,Addition,52.4689130000,-2.1357160000
159950,2016-09-23 00:00:00Z,DY5 2QE,Semi-Detached,Established,Freehold,230,,STAMFORD ROAD,,BRIERLEY HILL,DUDLEY,WEST MIDLANDS,Standard,Addition,52.4609950000,-2.1337640000
141000,2016-09-02 00:00:00Z,DY5 3SF,Terraced,Established,Freehold,7,,KIRKSTONE COURT,AMBLECOTE,BRIERLEY HILL,DUDLEY,WEST MIDLANDS,Standard,Addition,52.4679010000,-2.1399080000
289000,2016-03-31 00:00:00Z,DY5 2RU,Detached,Established,Freehold,11,,FARNDALE CLOSE,,BRIERLEY HILL,DUDLEY,WEST MIDLANDS,Standard,Addition,52.4624120000,-2.1366230000
225000,2016-06-01 00:00:00Z,DY5 3NY,Detached,Established,Freehold,38,,FINSBURY DRIVE,AMBLECOTE,BRIERLEY HILL,DUDLEY,WEST MIDLANDS,Standard,Addition,52.4650870000,-2.1318770000
56000,2016-06-10 00:00:00Z,DY5 2PW,Flats/Maisonettes,Established,Leasehold,44,,HERN ROAD,,BRIERLEY HILL,DUDLEY,WEST MIDLANDS,Standard,Addition,52.4622830000,-2.1312950000
235000,2016-09-16 00:00:00Z,DY5 3PZ,Semi-Detached,Established,Freehold,43,,BARBROOK DRIVE,,BRIERLEY HILL,DUDLEY,WEST MIDLANDS,Standard,Addition,52.4644510000,-2.1377480000
142500,2016-09-16 00:00:00Z,DY5 3NZ,Semi-Detached,Established,Leasehold,77,,BROMPTON DRIVE,AMBLECOTE,BRIERLEY HILL,DUDLEY,WEST MIDLANDS,Standard,Addition,52.4660180000,-2.1355890000
230000,2016-10-03 00:00:00Z,DY5 3QW,Detached,Established,Freehold,21,,LYTHWOOD DRIVE,,BRIERLEY HILL,DUDLEY,WEST MIDLANDS,Standard,Addition,52.4677410000,-2.1307370000
158000,2016-10-07 00:00:00Z,DY5 2RU,Semi-Detached,Established,Leasehold,26,,FARNDALE CLOSE,,BRIERLEY HILL,DUDLEY,WEST MIDLANDS,Standard,Addition,52.4624120000,-2.1366230000
205000,2016-10-13 00:00:00Z,DY5 2SL,Detached,Established,Freehold,7,,STOW DRIVE,,BRIERLEY HILL,DUDLEY,WEST MIDLANDS,Standard,Addition,52.4618300000,-2.1340160000
240000,2016-09-30 00:00:00Z,DY5 2QH,Detached,Established,Freehold,21,,PETERS HILL ROAD,,BRIERLEY HILL,DUDLEY,WEST MIDLANDS,Standard,Addition,52.4624430000,-2.1325460000
235000,2016-09-23 00:00:00Z,DY5 2RX,Detached,Established,Freehold,10,,MARTINDALE WALK,,BRIERLEY HILL,DUDLEY,WEST MIDLANDS,Standard,Addition,52.4627020000,-2.1346810000
230000,2016-09-23 00:00:00Z,DY5 2RX,Detached,Established,Freehold,19,,MARTINDALE WALK,,BRIERLEY HILL,DUDLEY,WEST MIDLANDS,Standard,Addition,52.4627020000,-2.1346810000
150000,2017-11-14 00:00:00Z,DY5 2PE,Semi-Detached,Established,Leasehold,26,,BROOMEHILL CLOSE,,BRIERLEY HILL,DUDLEY,WEST MIDLANDS,Standard,Addition,52.4645230000,-2.1300360000
4300,2017-09-13 00:00:00Z,DY5 2SZ,Other,Established,Freehold,8,,FITZGERALD PLACE,,BRIERLEY HILL,DUDLEY,WEST MIDLANDS,Additional,Addition,52.4617920000,-2.1365920000
295000,2017-01-19 00:00:00Z,DY5 3RL,Detached,Established,Freehold,37,,LAMBOURNE WAY,,BRIERLEY HILL,DUDLEY,WEST MIDLANDS,Standard,Addition,52.4691220000,-2.1337290000
275000,2017-03-08 00:00:00Z,DY5 3XJ,Detached,Established,Freehold,36,,PATTERDALE WAY,,BRIERLEY HILL,DUDLEY,WEST MIDLANDS,Standard,Addition,52.4699480000,-2.1343940000
230000,2017-02-10 00:00:00Z,DY5 3NW,Terraced,Established,Freehold,1,,BEWLAY CLOSE,,BRIERLEY HILL,DUDLEY,WEST MIDLANDS,Standard,Addition,52.4665100000,-2.1380340000
292000,2017-01-20 00:00:00Z,DY5 3RW,Detached,Established,Freehold,7,,BORROWDALE CLOSE,,BRIERLEY HILL,DUDLEY,WEST MIDLANDS,Standard,Addition,52.4674270000,-2.1379490000
162000,2017-07-07 00:00:00Z,DY5 2RU,Semi-Detached,Established,Freehold,27,,FARNDALE CLOSE,,BRIERLEY HILL,DUDLEY,WEST MIDLANDS,Standard,Addition,52.4624120000,-2.1366230000
71000,2017-07-10 00:00:00Z,DY5 2PW,Flats/Maisonettes,Established,Leasehold,30,,HERN ROAD,,BRIERLEY HILL,DUDLEY,WEST MIDLANDS,Standard,Addition,52.4622830000,-2.1312950000
310000,2017-06-16 00:00:00Z,DY5 3RL,Detached,Established,Freehold,11,,LAMBOURNE WAY,,BRIERLEY HILL,DUDLEY,WEST MIDLANDS,Standard,Addition,52.4691220000,-2.1337290000
219950,2017-05-22 00:00:00Z,DY5 3NT,Detached,Established,Freehold,35,,ALDGATE DRIVE,AMBLECOTE,BRIERLEY HILL,DUDLEY,WEST MIDLANDS,Standard,Addition,52.4658870000,-2.1322180000
310000,2017-07-21 00:00:00Z,DY5 3RL,Detached,Established,Freehold,9,,LAMBOURNE WAY,,BRIERLEY HILL,DUDLEY,WEST MIDLANDS,Standard,Addition,52.4691220000,-2.1337290000
315000,2017-08-18 00:00:00Z,DY5 3RZ,Detached,Established,Freehold,71,,KIRKSTONE WAY,AMBLECOTE,BRIERLEY HILL,DUDLEY,WEST MIDLANDS,Standard,Addition,52.4688760000,-2.1363930000
160000,2017-07-28 00:00:00Z,DY5 3PZ,Semi-Detached,Established,Freehold,7,,BARBROOK DRIVE,,BRIERLEY HILL,DUDLEY,WEST MIDLANDS,Standard,Addition,52.4644510000,-2.1377480000
160000,2017-08-18 00:00:00Z,DY5 3NZ,Semi-Detached,Established,Leasehold,85,,BROMPTON DRIVE,AMBLECOTE,BRIERLEY HILL,DUDLEY,WEST MIDLANDS,Standard,Addition,52.4660180000,-2.1355890000
225000,2017-04-28 00:00:00Z,DY5 3NT,Detached,Established,Freehold,2,,ALDGATE DRIVE,AMBLECOTE,BRIERLEY HILL,DUDLEY,WEST MIDLANDS,Standard,Addition,52.4658870000,-2.1322180000
205000,2017-06-05 00:00:00Z,DY5 3UD,Semi-Detached,Established,Freehold,36,,WOBURN DRIVE,AMBLECOTE,BRIERLEY HILL,DUDLEY,WEST MIDLANDS,Standard,Addition,52.4682120000,-2.1349480000
210000,2017-05-26 00:00:00Z,DY5 3PQ,Semi-Detached,Established,Freehold,20,,WOODCOMBE CLOSE,AMBLECOTE,BRIERLEY HILL,DUDLEY,WEST MIDLANDS,Standard,Addition,52.4657350000,-2.1389000000
210000,2017-04-24 00:00:00Z,DY5 2PW,Detached,Established,Freehold,4,,HERN ROAD,,BRIERLEY HILL,DUDLEY,WEST MIDLANDS,Standard,Addition,52.4622830000,-2.1312950000
179000,2017-08-14 00:00:00Z,DY5 2PN,Terraced,Established,Freehold,27,,HERN ROAD,,BRIERLEY HILL,DUDLEY,WEST MIDLANDS,Standard,Addition,52.4626430000,-2.1313840000
285000,2017-09-14 00:00:00Z,DY5 3NY,Detached,Established,Freehold,24,,FINSBURY DRIVE,AMBLECOTE,BRIERLEY HILL,DUDLEY,WEST MIDLANDS,Standard,Addition,52.4650870000,-2.1318770000
283000,2017-09-01 00:00:00Z,DY5 3RP,Detached,Established,Freehold,4,,RANNOCH CLOSE,,BRIERLEY HILL,DUDLEY,WEST MIDLANDS,Standard,Addition,52.4682010000,-2.1366410000
157000,2017-08-18 00:00:00Z,DY5 3UD,Semi-Detached,Established,Freehold,30,,WOBURN DRIVE,AMBLECOTE,BRIERLEY HILL,DUDLEY,WEST MIDLANDS,Standard,Addition,52.4682120000,-2.1349480000
285000,2017-09-29 00:00:00Z,DY5 3QW,Detached,Established,Freehold,20,,LYTHWOOD DRIVE,,BRIERLEY HILL,DUDLEY,WEST MIDLANDS,Standard,Addition,52.4677410000,-2.1307370000
139000,2017-12-08 00:00:00Z,DY8 4UR,Terraced,Established,Freehold,175,,PENFIELDS ROAD,,STOURBRIDGE,DUDLEY,WEST MIDLANDS,Standard,Addition,52.4602270000,-2.1369700000
158000,2017-01-10 00:00:00Z,DY5 3NZ,Semi-Detached,Established,Leasehold,74,,BROMPTON DRIVE,AMBLECOTE,BRIERLEY HILL,DUDLEY,WEST MIDLANDS,Standard,Addition,52.4660180000,-2.1355890000
175000,2017-01-13 00:00:00Z,DY5 2QF,Semi-Detached,Established,Freehold,263,,STAMFORD ROAD,,BRIERLEY HILL,DUDLEY,WEST MIDLANDS,Standard,Addition,52.4602200000,-2.1350120000
289950,2017-11-30 00:00:00Z,DY5 3LL,Detached,Established,Freehold,18,,QUINCY RISE,,BRIERLEY HILL,DUDLEY,WEST MIDLANDS,Standard,Addition,52.4666880000,-2.1310720000
155000,2017-11-10 00:00:00Z,DY5 2QG,Semi-Detached,Established,Freehold,19,,SORREL WALK,,BRIERLEY HILL,DUDLEY,WEST MIDLANDS,Standard,Addition,52.4612010000,-2.1342790000
143500,2017-12-01 00:00:00Z,DY5 2QB,Semi-Detached,Established,Freehold,55,,BITTERN WALK,,BRIERLEY HILL,DUDLEY,WEST MIDLANDS,Standard,Addition,52.4620770000,-2.1302200000
77000,2017-05-12 00:00:00Z,DY5 3PZ,Flats/Maisonettes,Established,Leasehold,14,,BARBROOK DRIVE,,BRIERLEY HILL,DUDLEY,WEST MIDLANDS,Standard,Addition,52.4644510000,-2.1377480000
289950,2017-08-18 00:00:00Z,DY5 3QW,Other,Established,Leasehold,26,,LYTHWOOD DRIVE,,BRIERLEY HILL,DUDLEY,WEST MIDLANDS,Additional,Addition,52.4677410000,-2.1307370000
289950,2017-08-18 00:00:00Z,DY5 3QW,Other,Established,Freehold,26,,LYTHWOOD DRIVE,,BRIERLEY HILL,DUDLEY,WEST MIDLANDS,Additional,Addition,52.4677410000,-2.1307370000
150000,2017-03-24 00:00:00Z,DY5 3PZ,Terraced,Established,Leasehold,46,,BARBROOK DRIVE,,BRIERLEY HILL,DUDLEY,WEST MIDLANDS,Standard,Addition,52.4644510000,-2.1377480000
72500,2017-03-14 00:00:00Z,DY5 3NS,Flats/Maisonettes,Established,Leasehold,20,,ROSEMOOR DRIVE,AMBLECOTE,BRIERLEY HILL,DUDLEY,WEST MIDLANDS,Standard,Addition,52.4664310000,-2.1364740000
160000,2017-08-18 00:00:00Z,DY5 3NZ,Semi-Detached,Established,Freehold,85,,BROMPTON DRIVE,AMBLECOTE,BRIERLEY HILL,DUDLEY,WEST MIDLANDS,Standard,Addition,52.4660180000,-2.1355890000
235000,2017-11-24 00:00:00Z,DY5 2RU,Semi-Detached,Established,Freehold,12,,FARNDALE CLOSE,,BRIERLEY HILL,DUDLEY,WEST MIDLANDS,Standard,Addition,52.4624120000,-2.1366230000
180000,2017-11-10 00:00:00Z,DY5 3SF,Terraced,Established,Freehold,24,,KIRKSTONE COURT,AMBLECOTE,BRIERLEY HILL,DUDLEY,WEST MIDLANDS,Standard,Addition,52.4679010000,-2.1399080000
51000,2017-10-31 00:00:00Z,DY5 2PW,Flats/Maisonettes,Established,Leasehold,48,,HERN ROAD,,BRIERLEY HILL,DUDLEY,WEST MIDLANDS,Standard,Addition,52.4622830000,-2.1312950000
152000,2017-11-03 00:00:00Z,DY5 3NZ,Semi-Detached,Established,Leasehold,2A,,BROMPTON DRIVE,AMBLECOTE,BRIERLEY HILL,DUDLEY,WEST MIDLANDS,Standard,Addition,52.4660180000,-2.1355890000
114744,2017-10-16 00:00:00Z,DY5 2QG,Semi-Detached,Established,Leasehold,13,,SORREL WALK,,BRIERLEY HILL,DUDLEY,WEST MIDLANDS,Standard,Addition,52.4612010000,-2.1342790000
187000,2017-03-24 00:00:00Z,DY5 2QH,Semi-Detached,Established,Leasehold,26,,PETERS HILL ROAD,,BRIERLEY HILL,DUDLEY,WEST MIDLANDS,Standard,Addition,52.4624430000,-2.1325460000
280000,2017-04-07 00:00:00Z,DY5 3RZ,Detached,Established,Freehold,10,,KIRKSTONE WAY,AMBLECOTE,BRIERLEY HILL,DUDLEY,WEST MIDLANDS,Standard,Addition,52.4688760000,-2.1363930000
260000,2017-03-24 00:00:00Z,DY5 2QH,Detached,Established,Freehold,19,,PETERS HILL ROAD,,BRIERLEY HILL,DUDLEY,WEST MIDLANDS,Standard,Addition,52.4624430000,-2.1325460000
258000,2017-01-20 00:00:00Z,DY5 3QX,Detached,Established,Freehold,24,,SALCOMBE DRIVE,,BRIERLEY HILL,DUDLEY,WEST MIDLANDS,Standard,Addition,52.4671000000,-2.1330460000
83500,2017-02-08 00:00:00Z,DY5 3PZ,Flats/Maisonettes,Established,Leasehold,26,,BARBROOK DRIVE,,BRIERLEY HILL,DUDLEY,WEST MIDLANDS,Standard,Addition,52.4644510000,-2.1377480000
316000,2017-07-28 00:00:00Z,DY5 3RP,Detached,Established,Freehold,20,,RANNOCH CLOSE,,BRIERLEY HILL,DUDLEY,WEST MIDLANDS,Standard,Addition,52.4682010000,-2.1366410000
141000,2017-08-11 00:00:00Z,DY5 3UD,Semi-Detached,Established,Freehold,33,,WOBURN DRIVE,AMBLECOTE,BRIERLEY HILL,DUDLEY,WEST MIDLANDS,Standard,Addition,52.4682120000,-2.1349480000
242000,2017-07-21 00:00:00Z,DY5 2PE,Detached,Established,Freehold,43,,BROOMEHILL CLOSE,,BRIERLEY HILL,DUDLEY,WEST MIDLANDS,Standard,Addition,52.4645230000,-2.1300360000
305000,2017-05-18 00:00:00Z,DY5 3UE,Detached,Established,Freehold,12,,CHARNWOOD CLOSE,,BRIERLEY HILL,DUDLEY,WEST MIDLANDS,Standard,Addition,52.4684510000,-2.1338660000
135000,2017-07-21 00:00:00Z,DY5 2RU,Terraced,Established,Freehold,24,,FARNDALE CLOSE,,BRIERLEY HILL,DUDLEY,WEST MIDLANDS,Standard,Addition,52.4624120000,-2.1366230000
135000,2017-08-11 00:00:00Z,DY5 2QB,Semi-Detached,Established,Leasehold,47,,BITTERN WALK,,BRIERLEY HILL,DUDLEY,WEST MIDLANDS,Standard,Addition,52.4620770000,-2.1302200000
244950,2017-07-28 00:00:00Z,DY5 2SZ,Detached,Established,Freehold,20,,FITZGERALD PLACE,,BRIERLEY HILL,DUDLEY,WEST MIDLANDS,Standard,Addition,52.4617920000,-2.1365920000
210000,2017-07-28 00:00:00Z,DY5 3PU,Detached,Established,Leasehold,8,,EXFORD CLOSE,,BRIERLEY HILL,DUDLEY,WEST MIDLANDS,Standard,Addition,52.4659470000,-2.1380240000
219950,2018-11-23 00:00:00Z,DY5 3NZ,Semi-Detached,Established,Leasehold,61,,BROMPTON DRIVE,AMBLECOTE,BRIERLEY HILL,DUDLEY,WEST MIDLANDS,Standard,Addition,52.4660180000,-2.1355890000
210000,2018-11-02 00:00:00Z,DY5 3NZ,Semi-Detached,Established,Leasehold,91,,BROMPTON DRIVE,AMBLECOTE,BRIERLEY HILL,DUDLEY,WEST MIDLANDS,Standard,Addition,52.4660180000,-2.1355890000
182000,2018-08-09 00:00:00Z,DY5 3PR,Semi-Detached,Established,Leasehold,3,,DUNSFORD CLOSE,,BRIERLEY HILL,DUDLEY,WEST MIDLANDS,Standard,Addition,52.4645520000,-2.1365270000
297500,2018-01-12 00:00:00Z,DY5 3SG,Detached,Established,Freehold,4,,ESKDALE WALK,,BRIERLEY HILL,DUDLEY,WEST MIDLANDS,Standard,Addition,52.4685590000,-2.1384380000
137000,2018-07-03 00:00:00Z,DY8 4HX,Semi-Detached,Established,Freehold,57,,CHURCHWARD CLOSE,,STOURBRIDGE,DUDLEY,WEST MIDLANDS,Standard,Addition,52.4609710000,-2.1382820000
113000,2018-09-28 00:00:00Z,DY5 3RQ,Flats/Maisonettes,Established,Leasehold,53,,LAKESIDE COURT,,BRIERLEY HILL,DUDLEY,WEST MIDLANDS,Standard,Addition,52.4691650000,-2.1386530000
245000,2018-03-29 00:00:00Z,DY5 3PP,Detached,Established,Leasehold,56,,OAKHILL DRIVE,,BRIERLEY HILL,DUDLEY,WEST MIDLANDS,Standard,Addition,52.4651360000,-2.1364990000
159000,2018-04-30 00:00:00Z,DY5 3RQ,Terraced,Established,Freehold,59,,LAKESIDE COURT,,BRIERLEY HILL,DUDLEY,WEST MIDLANDS,Standard,Addition,52.4691650000,-2.1386530000
148000,2018-01-18 00:00:00Z,DY5 2QG,Semi-Detached,Established,Leasehold,29,,SORREL WALK,,BRIERLEY HILL,DUDLEY,WEST MIDLANDS,Standard,Addition,52.4612010000,-2.1342790000
315000,2018-04-04 00:00:00Z,DY5 3YE,Detached,Established,Freehold,10,,STUDLEY DRIVE,,BRIERLEY HILL,DUDLEY,WEST MIDLANDS,Standard,Addition,52.4680370000,-2.1307820000
152500,2018-05-04 00:00:00Z,DY5 2PN,Semi-Detached,Established,Freehold,9,,HERN ROAD,,BRIERLEY HILL,DUDLEY,WEST MIDLANDS,Standard,Addition,52.4626430000,-2.1313840000
138000,2018-04-24 00:00:00Z,DY5 2QG,Semi-Detached,Established,Leasehold,51,,SORREL WALK,,BRIERLEY HILL,DUDLEY,WEST MIDLANDS,Standard,Addition,52.4612010000,-2.1342790000
249500,2018-09-21 00:00:00Z,DY5 3PU,Detached,Established,Leasehold,5,,EXFORD CLOSE,,BRIERLEY HILL,DUDLEY,WEST MIDLANDS,Standard,Addition,52.4659470000,-2.1380240000
245000,2018-09-28 00:00:00Z,DY5 3NT,Detached,Established,Freehold,35,,ALDGATE DRIVE,AMBLECOTE,BRIERLEY HILL,DUDLEY,WEST MIDLANDS,Standard,Addition,52.4658870000,-2.1322180000
315000,2018-09-14 00:00:00Z,DY5 3RZ,Detached,Established,Freehold,56,,KIRKSTONE WAY,AMBLECOTE,BRIERLEY HILL,DUDLEY,WEST MIDLANDS,Standard,Addition,52.4688760000,-2.1363930000
88000,2018-09-27 00:00:00Z,DY5 3NS,Terraced,Established,Freehold,16,,ROSEMOOR DRIVE,AMBLECOTE,BRIERLEY HILL,DUDLEY,WEST MIDLANDS,Standard,Addition,52.4664310000,-2.1364740000
127500,2018-09-21 00:00:00Z,DY5 3RZ,Terraced,Established,Freehold,99,,KIRKSTONE WAY,AMBLECOTE,BRIERLEY HILL,DUDLEY,WEST MIDLANDS,Standard,Addition,52.4688760000,-2.1363930000
174950,2018-08-22 00:00:00Z,DY5 2SL,Semi-Detached,Established,Freehold,11,,STOW DRIVE,,BRIERLEY HILL,DUDLEY,WEST MIDLANDS,Standard,Addition,52.4618300000,-2.1340160000
128750,2018-04-20 00:00:00Z,DY5 3PP,Flats/Maisonettes,Established,Leasehold,43,,OAKHILL DRIVE,,BRIERLEY HILL,DUDLEY,WEST MIDLANDS,Standard,Addition,52.4651360000,-2.1364990000
217500,2018-05-25 00:00:00Z,DY5 3LL,Detached,Established,Freehold,9,,QUINCY RISE,,BRIERLEY HILL,DUDLEY,WEST MIDLANDS,Standard,Addition,52.4666880000,-2.1310720000
158250,2018-03-15 00:00:00Z,DY5 3RQ,Terraced,Established,Freehold,57,,LAKESIDE COURT,,BRIERLEY HILL,DUDLEY,WEST MIDLANDS,Standard,Addition,52.4691650000,-2.1386530000
225000,2018-02-05 00:00:00Z,DY5 3NX,Terraced,Established,Leasehold,4,,CHEYNE WALK,,BRIERLEY HILL,DUDLEY,WEST MIDLANDS,Standard,Addition,52.4654830000,-2.1319820000
301000,2018-06-08 00:00:00Z,DY5 2RX,Detached,Established,Freehold,19,,MARTINDALE WALK,,BRIERLEY HILL,DUDLEY,WEST MIDLANDS,Standard,Addition,52.4627020000,-2.1346810000
259950,2018-03-02 00:00:00Z,DY5 3QY,Detached,Established,Freehold,4,,SUFFOLK DRIVE,,BRIERLEY HILL,DUDLEY,WEST MIDLANDS,Standard,Addition,52.4675950000,-2.1322530000
292000,2018-12-18 00:00:00Z,DY5 3QW,Detached,Established,Freehold,27,,LYTHWOOD DRIVE,,BRIERLEY HILL,DUDLEY,WEST MIDLANDS,Standard,Addition,52.4677410000,-2.1307370000
125000,2018-08-09 00:00:00Z,DY8 4HU,Terraced,Established,Freehold,21,,DEAN CLOSE,,STOURBRIDGE,DUDLEY,WEST MIDLANDS,Additional,Addition,52.4619590000,-2.1395950000
151000,2018-09-07 00:00:00Z,DY5 3NZ,Semi-Detached,Established,Freehold,63,,BROMPTON DRIVE,AMBLECOTE,BRIERLEY HILL,DUDLEY,WEST MIDLANDS,Additional,Addition,52.4660180000,-2.1355890000
200000,2018-02-23 00:00:00Z,DY5 3QY,Detached,Established,Freehold,10,,SUFFOLK DRIVE,,BRIERLEY HILL,DUDLEY,WEST MIDLANDS,Standard,Addition,52.4675950000,-2.1322530000
68000,2018-02-28 00:00:00Z,DY5 3SF,Flats/Maisonettes,Established,Freehold,40,,KIRKSTONE COURT,AMBLECOTE,BRIERLEY HILL,DUDLEY,WEST MIDLANDS,Standard,Addition,52.4679010000,-2.1399080000
292000,2018-06-14 00:00:00Z,DY5 3RP,Detached,Established,Freehold,16,,RANNOCH CLOSE,,BRIERLEY HILL,DUDLEY,WEST MIDLANDS,Standard,Addition,52.4682010000,-2.1366410000
215000,2018-09-28 00:00:00Z,DY5 3NS,Semi-Detached,Established,Freehold,25,,ROSEMOOR DRIVE,AMBLECOTE,BRIERLEY HILL,DUDLEY,WEST MIDLANDS,Standard,Addition,52.4664310000,-2.1364740000
262500,2018-08-20 00:00:00Z,DY5 3RQ,Detached,Established,Freehold,15,,LAKESIDE COURT,,BRIERLEY HILL,DUDLEY,WEST MIDLANDS,Standard,Addition,52.4691650000,-2.1386530000
168000,2018-09-20 00:00:00Z,DY5 3UD,Semi-Detached,Established,Freehold,32,,WOBURN DRIVE,AMBLECOTE,BRIERLEY HILL,DUDLEY,WEST MIDLANDS,Standard,Addition,52.4682120000,-2.1349480000
256000,2018-06-22 00:00:00Z,DY5 2NY,Detached,Established,Freehold,8,,ARDINGLEY WALK,,BRIERLEY HILL,DUDLEY,WEST MIDLANDS,Standard,Addition,52.4640810000,-2.1393810000
159950,2018-06-14 00:00:00Z,DY5 3PW,Semi-Detached,Established,Leasehold,47,,BRAYFORD AVENUE,,BRIERLEY HILL,DUDLEY,WEST MIDLANDS,Standard,Addition,52.4640770000,-2.1352450000
332500,2018-01-15 00:00:00Z,DY5 3RL,Detached,Established,Freehold,8,,LAMBOURNE WAY,,BRIERLEY HILL,DUDLEY,WEST MIDLANDS,Standard,Addition,52.4691220000,-2.1337290000
179950,2018-01-26 00:00:00Z,DY5 2SL,Semi-Detached,Established,Leasehold,12,,STOW DRIVE,,BRIERLEY HILL,DUDLEY,WEST MIDLANDS,Standard,Addition,52.4618300000,-2.1340160000
157950,2018-02-01 00:00:00Z,DY5 3NZ,Semi-Detached,Established,Freehold,6,,BROMPTON DRIVE,AMBLECOTE,BRIERLEY HILL,DUDLEY,WEST MIDLANDS,Standard,Addition,52.4660180000,-2.1355890000
239000,2018-07-19 00:00:00Z,DY5 2RL,Detached,Established,Freehold,26,,LINDALE CRESCENT,AMBLECOTE,BRIERLEY HILL,DUDLEY,WEST MIDLANDS,Standard,Addition,52.4618920000,-2.1351060000
274000,2018-01-12 00:00:00Z,DY5 3QX,Detached,Established,Freehold,14,,SALCOMBE DRIVE,,BRIERLEY HILL,DUDLEY,WEST MIDLANDS,Standard,Addition,52.4671000000,-2.1330460000
158000,2018-01-26 00:00:00Z,DY5 3PZ,Semi-Detached,Established,Leasehold,23,,BARBROOK DRIVE,,BRIERLEY HILL,DUDLEY,WEST MIDLANDS,Standard,Addition,52.4644510000,-2.1377480000
320000,2018-08-09 00:00:00Z,DY5 3SE,Detached,Established,Freehold,1,,THIRLMERE WALK,,BRIERLEY HILL,DUDLEY,WEST MIDLANDS,Standard,Addition,52.4667600000,-2.1393450000
200000,2018-07-27 00:00:00Z,DY5 3NZ,Semi-Detached,Established,Leasehold,38,,BROMPTON DRIVE,AMBLECOTE,BRIERLEY HILL,DUDLEY,WEST MIDLANDS,Standard,Addition,52.4660180000,-2.1355890000
235000,2018-05-09 00:00:00Z,DY5 3NW,Semi-Detached,Established,Leasehold,11,,BEWLAY CLOSE,,BRIERLEY HILL,DUDLEY,WEST MIDLANDS,Standard,Addition,52.4665100000,-2.1380340000
165500,2018-09-17 00:00:00Z,DY5 3UD,Semi-Detached,Established,Freehold,31,,WOBURN DRIVE,AMBLECOTE,BRIERLEY HILL,DUDLEY,WEST MIDLANDS,Standard,Addition,52.4682120000,-2.1349480000
70000,2018-10-18 00:00:00Z,DY5 2PW,Flats/Maisonettes,Established,Leasehold,38,,HERN ROAD,,BRIERLEY HILL,DUDLEY,WEST MIDLANDS,Standard,Addition,52.4622830000,-2.1312950000
202750,2018-03-29 00:00:00Z,DY5 2RU,Detached,Established,Freehold,29,,FARNDALE CLOSE,,BRIERLEY HILL,DUDLEY,WEST MIDLANDS,Standard,Addition,52.4624120000,-2.1366230000
305000,2018-03-29 00:00:00Z,DY5 3RL,Detached,Established,Freehold,7,,LAMBOURNE WAY,,BRIERLEY HILL,DUDLEY,WEST MIDLANDS,Standard,Addition,52.4691220000,-2.1337290000
142500,2018-10-26 00:00:00Z,DY5 2QB,Semi-Detached,Established,Leasehold,57,,BITTERN WALK,,BRIERLEY HILL,DUDLEY,WEST MIDLANDS,Standard,Addition,52.4620770000,-2.1302200000
200000,2018-08-09 00:00:00Z,DY5 3NS,Terraced,Established,Leasehold,10,,ROSEMOOR DRIVE,AMBLECOTE,BRIERLEY HILL,DUDLEY,WEST MIDLANDS,Standard,Addition,52.4664310000,-2.1364740000
300000,2018-07-23 00:00:00Z,DY5 3RQ,Detached,Established,Freehold,71,,LAKESIDE COURT,,BRIERLEY HILL,DUDLEY,WEST MIDLANDS,Standard,Addition,52.4691650000,-2.1386530000
145000,2018-10-19 00:00:00Z,DY5 3SF,Terraced,Established,Leasehold,16,,KIRKSTONE COURT,AMBLECOTE,BRIERLEY HILL,DUDLEY,WEST MIDLANDS,Standard,Addition,52.4679010000,-2.1399080000
260000,2018-11-29 00:00:00Z,DY5 3NT,Detached,Established,Leasehold,16,,ALDGATE DRIVE,AMBLECOTE,BRIERLEY HILL,DUDLEY,WEST MIDLANDS,Standard,Addition,52.4658870000,-2.1322180000
100000,2019-02-18 00:00:00Z,DY5 3NS,Flats/Maisonettes,Established,Leasehold,24,,ROSEMOOR DRIVE,AMBLECOTE,BRIERLEY HILL,DUDLEY,WEST MIDLANDS,Standard,Addition,52.4664310000,-2.1364740000
120000,2019-02-28 00:00:00Z,DY5 3NZ,Flats/Maisonettes,Established,Leasehold,111,,BROMPTON DRIVE,AMBLECOTE,BRIERLEY HILL,DUDLEY,WEST MIDLANDS,Standard,Addition,52.4660180000,-2.1355890000
154950,2019-01-31 00:00:00Z,DY5 2QG,Semi-Detached,Established,Freehold,45,,SORREL WALK,,BRIERLEY HILL,DUDLEY,WEST MIDLANDS,Standard,Addition,52.4612010000,-2.1342790000
123000,2019-03-22 00:00:00Z,DY5 3SF,Flats/Maisonettes,Established,Leasehold,18,,KIRKSTONE COURT,AMBLECOTE,BRIERLEY HILL,DUDLEY,WEST MIDLANDS,Standard,Addition,52.4679010000,-2.1399080000
310000,2019-04-10 00:00:00Z,DY5 3NT,Detached,Established,Freehold,17,,ALDGATE DRIVE,AMBLECOTE,BRIERLEY HILL,DUDLEY,WEST MIDLANDS,Standard,Addition,52.4658870000,-2.1322180000
242000,2019-04-11 00:00:00Z,DY5 3NZ,Detached,Established,Leasehold,41,,BROMPTON DRIVE,AMBLECOTE,BRIERLEY HILL,DUDLEY,WEST MIDLANDS,Standard,Addition,52.4660180000,-2.1355890000
200000,2019-03-28 00:00:00Z,DY5 3NT,Semi-Detached,Established,Freehold,25,,ALDGATE DRIVE,AMBLECOTE,BRIERLEY HILL,DUDLEY,WEST MIDLANDS,Standard,Addition,52.4658870000,-2.1322180000
336000,2019-04-12 00:00:00Z,DY5 3RZ,Detached,Established,Freehold,14,,KIRKSTONE WAY,AMBLECOTE,BRIERLEY HILL,DUDLEY,WEST MIDLANDS,Standard,Addition,52.4688760000,-2.1363930000
165000,2019-02-22 00:00:00Z,DY5 3NT,Terraced,Established,Freehold,6,,ALDGATE DRIVE,AMBLECOTE,BRIERLEY HILL,DUDLEY,WEST MIDLANDS,Standard,Addition,52.4658870000,-2.1322180000
205000,2019-10-25 00:00:00Z,DY5 2RU,Semi-Detached,Established,Freehold,28,,FARNDALE CLOSE,,BRIERLEY HILL,DUDLEY,WEST MIDLANDS,Standard,Addition,52.4624120000,-2.1366230000
305000,2019-10-30 00:00:00Z,DY5 2RL,Detached,Established,Freehold,26,,LINDALE CRESCENT,AMBLECOTE,BRIERLEY HILL,DUDLEY,WEST MIDLANDS,Standard,Addition,52.4618920000,-2.1351060000
285000,2019-10-31 00:00:00Z,DY5 3NY,Detached,Established,Freehold,54,,FINSBURY DRIVE,AMBLECOTE,BRIERLEY HILL,DUDLEY,WEST MIDLANDS,Standard,Addition,52.4650870000,-2.1318770000
325000,2019-10-25 00:00:00Z,DY5 3SE,Detached,Established,Freehold,7,,THIRLMERE WALK,,BRIERLEY HILL,DUDLEY,WEST MIDLANDS,Standard,Addition,52.4667600000,-2.1393450000
240000,2019-10-18 00:00:00Z,DY5 3NW,Semi-Detached,Established,Leasehold,11,,BEWLAY CLOSE,,BRIERLEY HILL,DUDLEY,WEST MIDLANDS,Standard,Addition,52.4665100000,-2.1380340000
259950,2019-11-08 00:00:00Z,DY5 3PP,Detached,Established,Leasehold,58,,OAKHILL DRIVE,,BRIERLEY HILL,DUDLEY,WEST MIDLANDS,Standard,Addition,52.4651360000,-2.1364990000
175000,2019-01-03 00:00:00Z,DY5 2QE,Semi-Detached,Established,Freehold,252,,STAMFORD ROAD,,BRIERLEY HILL,DUDLEY,WEST MIDLANDS,Standard,Addition,52.4609950000,-2.1337640000
184000,2019-12-04 00:00:00Z,DY5 3NS,Semi-Detached,Established,Freehold,5,,ROSEMOOR DRIVE,AMBLECOTE,BRIERLEY HILL,DUDLEY,WEST MIDLANDS,Standard,Addition,52.4664310000,-2.1364740000
256500,2019-12-04 00:00:00Z,DY5 3NT,Detached,Established,Leasehold,27,,ALDGATE DRIVE,AMBLECOTE,BRIERLEY HILL,DUDLEY,WEST MIDLANDS,Standard,Addition,52.4658870000,-2.1322180000
242500,2019-11-15 00:00:00Z,DY5 3PW,Detached,Established,Freehold,37,,BRAYFORD AVENUE,,BRIERLEY HILL,DUDLEY,WEST MIDLANDS,Standard,Addition,52.4640770000,-2.1352450000
6125,2019-02-20 00:00:00Z,DY5 2QE,Other,Established,Freehold,256,,STAMFORD ROAD,,BRIERLEY HILL,DUDLEY,WEST MIDLANDS,Additional,Addition,52.4609950000,-2.1337640000
3000,2019-12-10 00:00:00Z,DY8 4UR,Other,Established,Freehold,185,,PENFIELDS ROAD,,STOURBRIDGE,DUDLEY,WEST MIDLANDS,Additional,Addition,52.4602270000,-2.1369700000
112500,2019-02-28 00:00:00Z,DY5 3PQ,Semi-Detached,Established,Leasehold,34,,WOODCOMBE CLOSE,AMBLECOTE,BRIERLEY HILL,DUDLEY,WEST MIDLANDS,Standard,Addition,52.4657350000,-2.1389000000
260000,2019-11-25 00:00:00Z,DY5 3PR,Detached,Established,Freehold,1,,DUNSFORD CLOSE,,BRIERLEY HILL,DUDLEY,WEST MIDLANDS,Standard,Addition,52.4645520000,-2.1365270000
145000,2019-12-13 00:00:00Z,DY5 2QQ,Semi-Detached,Established,Freehold,46,,SORREL WALK,,BRIERLEY HILL,DUDLEY,WEST MIDLANDS,Standard,Addition,52.4614060000,-2.1355900000
227000,2019-12-18 00:00:00Z,DY5 3PZ,Semi-Detached,Established,Freehold,48,,BARBROOK DRIVE,,BRIERLEY HILL,DUDLEY,WEST MIDLANDS,Standard,Addition,52.4644510000,-2.1377480000
275000,2019-10-03 00:00:00Z,DY5 2RX,Detached,Established,Freehold,6,,MARTINDALE WALK,,BRIERLEY HILL,DUDLEY,WEST MIDLANDS,Standard,Addition,52.4627020000,-2.1346810000
295000,2019-10-08 00:00:00Z,DY5 2NX,Detached,Established,Freehold,4,,BLITHFIELD DRIVE,,BRIERLEY HILL,DUDLEY,WEST MIDLANDS,Standard,Addition,52.4628090000,-2.1384710000
162000,2019-10-08 00:00:00Z,DY5 3PW,Semi-Detached,Established,Leasehold,25,,BRAYFORD AVENUE,,BRIERLEY HILL,DUDLEY,WEST MIDLANDS,Standard,Addition,52.4640770000,-2.1352450000
215000,2019-09-18 00:00:00Z,DY5 3QY,Detached,Established,Freehold,8,,SUFFOLK DRIVE,,BRIERLEY HILL,DUDLEY,WEST MIDLANDS,Standard,Addition,52.4675950000,-2.1322530000
168000,2019-06-17 00:00:00Z,DY5 3UD,Semi-Detached,Established,Freehold,30,,WOBURN DRIVE,AMBLECOTE,BRIERLEY HILL,DUDLEY,WEST MIDLANDS,Standard,Addition,52.4682120000,-2.1349480000
286000,2019-06-13 00:00:00Z,DY5 3QX,Detached,Established,Freehold,3,,SALCOMBE DRIVE,,BRIERLEY HILL,DUDLEY,WEST MIDLANDS,Standard,Addition,52.4671000000,-2.1330460000
260000,2019-05-31 00:00:00Z,DY5 3QX,Detached,Established,Leasehold,18,,SALCOMBE DRIVE,,BRIERLEY HILL,DUDLEY,WEST MIDLANDS,Standard,Addition,52.4671000000,-2.1330460000
219950,2019-06-21 00:00:00Z,DY5 2RT,Semi-Detached,Established,Freehold,9,,BEAUMONT DRIVE,,BRIERLEY HILL,DUDLEY,WEST MIDLANDS,Standard,Addition,52.4630260000,-2.1337850000
250000,2019-06-19 00:00:00Z,DY5 3NZ,Semi-Detached,Established,Freehold,72,,BROMPTON DRIVE,AMBLECOTE,BRIERLEY HILL,DUDLEY,WEST MIDLANDS,Standard,Addition,52.4660180000,-2.1355890000
172500,2019-06-24 00:00:00Z,DY5 2SZ,Semi-Detached,Established,Freehold,17,,FITZGERALD PLACE,,BRIERLEY HILL,DUDLEY,WEST MIDLANDS,Standard,Addition,52.4617920000,-2.1365920000
150250,2019-03-20 00:00:00Z,DY5 3NS,Terraced,Established,Leasehold,31,,ROSEMOOR DRIVE,AMBLECOTE,BRIERLEY HILL,DUDLEY,WEST MIDLANDS,Standard,Addition,52.4664310000,-2.1364740000
242000,2019-04-10 00:00:00Z,DY5 3NX,Terraced,Established,Freehold,2,,CHEYNE WALK,,BRIERLEY HILL,DUDLEY,WEST MIDLANDS,Standard,Addition,52.4654830000,-2.1319820000
160500,2019-04-26 00:00:00Z,DY5 3PW,Semi-Detached,Established,Freehold,24,,BRAYFORD AVENUE,,BRIERLEY HILL,DUDLEY,WEST MIDLANDS,Standard,Addition,52.4640770000,-2.1352450000
242000,2019-04-10 00:00:00Z,DY5 3NX,Detached,Established,Leasehold,2,,CHEYNE WALK,,BRIERLEY HILL,DUDLEY,WEST MIDLANDS,Standard,Addition,52.4654830000,-2.1319820000
347500,2019-08-09 00:00:00Z,DY5 3UD,Detached,Established,Freehold,1,,WOBURN DRIVE,AMBLECOTE,BRIERLEY HILL,DUDLEY,WEST MIDLANDS,Standard,Addition,52.4682120000,-2.1349480000
340000,2019-07-19 00:00:00Z,DY5 3RL,Detached,Established,Freehold,1,,LAMBOURNE WAY,,BRIERLEY HILL,DUDLEY,WEST MIDLANDS,Standard,Addition,52.4691220000,-2.1337290000
257500,2019-08-02 00:00:00Z,DY5 2RU,Detached,Established,Freehold,10,,FARNDALE CLOSE,,BRIERLEY HILL,DUDLEY,WEST MIDLANDS,Standard,Addition,52.4624120000,-2.1366230000
283000,2019-08-16 00:00:00Z,DY5 3XL,Detached,Established,Freehold,2,,AMBLESIDE DRIVE,,BRIERLEY HILL,DUDLEY,WEST MIDLANDS,Standard,Addition,52.4699530000,-2.1332230000
267000,2019-09-13 00:00:00Z,DY5 3QW,Detached,Established,Freehold,9,,LYTHWOOD DRIVE,,BRIERLEY HILL,DUDLEY,WEST MIDLANDS,Standard,Addition,52.4677410000,-2.1307370000
6890,2019-01-14 00:00:00Z,DY5 3QZ,Other,Established,Freehold,2,,HUNSTANTON CLOSE,,BRIERLEY HILL,DUDLEY,WEST MIDLANDS,Additional,Addition,52.4671910000,-2.1315450000
305000,2019-07-05 00:00:00Z,DY5 3RZ,Detached,Established,Freehold,21,,KIRKSTONE WAY,AMBLECOTE,BRIERLEY HILL,DUDLEY,WEST MIDLANDS,Standard,Addition,52.4688760000,-2.1363930000
160000,2019-05-24 00:00:00Z,DY5 3PW,Semi-Detached,Established,Leasehold,23,,BRAYFORD AVENUE,,BRIERLEY HILL,DUDLEY,WEST MIDLANDS,Standard,Addition,52.4640770000,-2.1352450000
305000,2019-05-02 00:00:00Z,DY5 3NY,Detached,Established,Freehold,2,,FINSBURY DRIVE,AMBLECOTE,BRIERLEY HILL,DUDLEY,WEST MIDLANDS,Standard,Addition,52.4650870000,-2.1318770000
287500,2019-05-10 00:00:00Z,DY5 3RZ,Detached,Established,Freehold,18,,KIRKSTONE WAY,AMBLECOTE,BRIERLEY HILL,DUDLEY,WEST MIDLANDS,Additional,Addition,52.4688760000,-2.1363930000
135500,2019-08-16 00:00:00Z,DY5 3NZ,Terraced,Established,Leasehold,101,,BROMPTON DRIVE,AMBLECOTE,BRIERLEY HILL,DUDLEY,WEST MIDLANDS,Standard,Addition,52.4660180000,-2.1355890000
195000,2019-06-14 00:00:00Z,DY5 2SL,Semi-Detached,Established,Freehold,8,,STOW DRIVE,,BRIERLEY HILL,DUDLEY,WEST MIDLANDS,Standard,Addition,52.4618300000,-2.1340160000
275000,2019-05-31 00:00:00Z,DY5 2RX,Detached,Established,Freehold,3,,MARTINDALE WALK,,BRIERLEY HILL,DUDLEY,WEST MIDLANDS,Standard,Addition,52.4627020000,-2.1346810000
160000,2019-06-13 00:00:00Z,DY5 3NZ,Semi-Detached,Established,Freehold,52,,BROMPTON DRIVE,AMBLECOTE,BRIERLEY HILL,DUDLEY,WEST MIDLANDS,Standard,Addition,52.4660180000,-2.1355890000
112000,2019-09-19 00:00:00Z,DY5 3NS,Terraced,Established,Freehold,16,,ROSEMOOR DRIVE,AMBLECOTE,BRIERLEY HILL,DUDLEY,WEST MIDLANDS,Standard,Addition,52.4664310000,-2.1364740000
175000,2019-09-25 00:00:00Z,DY5 3NW,Semi-Detached,Established,Freehold,9,,BEWLAY CLOSE,,BRIERLEY HILL,DUDLEY,WEST MIDLANDS,Standard,Addition,52.4665100000,-2.1380340000
162000,2019-10-08 00:00:00Z,DY5 3PW,Semi-Detached,Established,Freehold,25,,BRAYFORD AVENUE,,BRIERLEY HILL,DUDLEY,WEST MIDLANDS,Standard,Addition,52.4640770000,-2.1352450000
167500,2019-12-06 00:00:00Z,DY5 3PZ,Semi-Detached,Established,Leasehold,23,,BARBROOK DRIVE,,BRIERLEY HILL,DUDLEY,WEST MIDLANDS,Standard,Addition,52.4644510000,-2.1377480000
235000,2019-12-06 00:00:00Z,DY5 3PZ,Semi-Detached,Established,Freehold,43,,BARBROOK DRIVE,,BRIERLEY HILL,DUDLEY,WEST MIDLANDS,Standard,Addition,52.4644510000,-2.1377480000
93500,2019-11-04 00:00:00Z,DY5 3SF,Flats/Maisonettes,Established,Freehold,40,,KIRKSTONE COURT,AMBLECOTE,BRIERLEY HILL,DUDLEY,WEST MIDLANDS,Standard,Addition,52.4679010000,-2.1399080000
5650,2019-06-25 00:00:00Z,DY5 3PW,Other,Established,Freehold,18,,BRAYFORD AVENUE,,BRIERLEY HILL,DUDLEY,WEST MIDLANDS,Additional,Addition,52.4640770000,-2.1352450000
360000,2020-03-06 00:00:00Z,DY5 3RL,Detached,Established,Freehold,27,,LAMBOURNE WAY,,BRIERLEY HILL,DUDLEY,WEST MIDLANDS,Standard,Addition,52.4691220000,-2.1337290000
167500,2020-02-14 00:00:00Z,DY5 3UD,Semi-Detached,Established,Freehold,27,,WOBURN DRIVE,AMBLECOTE,BRIERLEY HILL,DUDLEY,WEST MIDLANDS,Standard,Addition,52.4682120000,-2.1349480000
185000,2020-03-13 00:00:00Z,DY8 4UN,Semi-Detached,Established,Freehold,2,,PEAK ROAD,,STOURBRIDGE,DUDLEY,WEST MIDLANDS,Standard,Addition,52.4601130000,-2.1377120000
310000,2020-12-18 00:00:00Z,DY5 3PZ,Detached,Established,Freehold,54,,BARBROOK DRIVE,,BRIERLEY HILL,DUDLEY,WEST MIDLANDS,Standard,Addition,52.4644510000,-2.1377480000
8635,2020-01-17 00:00:00Z,DY5 3QZ,Other,Established,Freehold,9,,HUNSTANTON CLOSE,,BRIERLEY HILL,DUDLEY,WEST MIDLANDS,Additional,Addition,52.4671910000,-2.1315450000
287500,2020-12-04 00:00:00Z,DY5 3UE,Detached,Established,Freehold,2,,CHARNWOOD CLOSE,,BRIERLEY HILL,DUDLEY,WEST MIDLANDS,Standard,Addition,52.4684510000,-2.1338660000
219950,2020-12-11 00:00:00Z,DY5 2PN,Semi-Detached,Established,Freehold,9,,HERN ROAD,,BRIERLEY HILL,DUDLEY,WEST MIDLANDS,Standard,Addition,52.4626430000,-2.1313840000
265000,2020-12-18 00:00:00Z,DY5 2SZ,Detached,Established,Leasehold,18,,FITZGERALD PLACE,,BRIERLEY HILL,DUDLEY,WEST MIDLANDS,Standard,Addition,52.4617920000,-2.1365920000
277000,2020-12-04 00:00:00Z,DY5 3PP,Detached,Established,Leasehold,28,,OAKHILL DRIVE,,BRIERLEY HILL,DUDLEY,WEST MIDLANDS,Standard,Addition,52.4651360000,-2.1364990000
315000,2020-12-11 00:00:00Z,DY5 3PZ,Detached,Established,Freehold,54,,BARBROOK DRIVE,,BRIERLEY HILL,DUDLEY,WEST MIDLANDS,Additional,Addition,52.4644510000,-2.1377480000
54000,2020-03-06 00:00:00Z,DY5 2PW,Flats/Maisonettes,Established,Leasehold,50,,HERN ROAD,,BRIERLEY HILL,DUDLEY,WEST MIDLANDS,Standard,Addition,52.4622830000,-2.1312950000
230000,2020-05-15 00:00:00Z,DY5 2RT,Semi-Detached,Established,Freehold,19,,BEAUMONT DRIVE,,BRIERLEY HILL,DUDLEY,WEST MIDLANDS,Standard,Addition,52.4630260000,-2.1337850000
235000,2020-10-16 00:00:00Z,DY5 3UD,Semi-Detached,Established,Freehold,9,,WOBURN DRIVE,AMBLECOTE,BRIERLEY HILL,DUDLEY,WEST MIDLANDS,Standard,Addition,52.4682120000,-2.1349480000
259950,2020-10-16 00:00:00Z,DY5 2PE,Detached,Established,Freehold,44,,BROOMEHILL CLOSE,,BRIERLEY HILL,DUDLEY,WEST MIDLANDS,Standard,Addition,52.4645230000,-2.1300360000
284000,2020-09-16 00:00:00Z,DY5 3QW,Detached,Established,Freehold,35,,LYTHWOOD DRIVE,,BRIERLEY HILL,DUDLEY,WEST MIDLANDS,Standard,Addition,52.4677410000,-2.1307370000
202000,2020-10-05 00:00:00Z,DY5 2RU,Semi-Detached,Established,Freehold,27,,FARNDALE CLOSE,,BRIERLEY HILL,DUDLEY,WEST MIDLANDS,Standard,Addition,52.4624120000,-2.1366230000
115000,2020-07-13 00:00:00Z,DY5 3RQ,Terraced,Established,Freehold,37,,LAKESIDE COURT,,BRIERLEY HILL,DUDLEY,WEST MIDLANDS,Standard,Addition,52.4691650000,-2.1386530000
212000,2020-08-14 00:00:00Z,DY5 3QY,Detached,Established,Freehold,17,,SUFFOLK DRIVE,,BRIERLEY HILL,DUDLEY,WEST MIDLANDS,Standard,Addition,52.4675950000,-2.1322530000
90000,2020-08-28 00:00:00Z,DY5 3SF,Flats/Maisonettes,Established,Leasehold,43,,KIRKSTONE COURT,AMBLECOTE,BRIERLEY HILL,DUDLEY,WEST MIDLANDS,Standard,Addition,52.4679010000,-2.1399080000
245000,2020-08-11 00:00:00Z,DY5 3YF,Detached,Established,Freehold,21,,SHADYMOOR DRIVE,,BRIERLEY HILL,DUDLEY,WEST MIDLANDS,Standard,Addition,52.4686400000,-2.1302540000
245000,2020-09-10 00:00:00Z,DY5 3RZ,Detached,Established,Freehold,26,,KIRKSTONE WAY,AMBLECOTE,BRIERLEY HILL,DUDLEY,WEST MIDLANDS,Standard,Addition,52.4688760000,-2.1363930000
164950,2020-08-20 00:00:00Z,DY5 2QG,Semi-Detached,Established,Freehold,49,,SORREL WALK,,BRIERLEY HILL,DUDLEY,WEST MIDLANDS,Standard,Addition,52.4612010000,-2.1342790000
300000,2020-08-12 00:00:00Z,DY5 2NZ,Detached,Established,Freehold,12,,GRATHAM CLOSE,AMBLECOTE,BRIERLEY HILL,DUDLEY,WEST MIDLANDS,Standard,Addition,52.4629590000,-2.1373900000
275000,2020-07-06 00:00:00Z,DY5 2NX,Detached,Established,Freehold,2,,BLITHFIELD DRIVE,,BRIERLEY HILL,DUDLEY,WEST MIDLANDS,Standard,Addition,52.4628090000,-2.1384710000
335000,2020-08-14 00:00:00Z,DY5 2PE,Detached,Established,Freehold,20,,BROOMEHILL CLOSE,,BRIERLEY HILL,DUDLEY,WEST MIDLANDS,Standard,Addition,52.4645230000,-2.1300360000
118200,2020-10-02 00:00:00Z,DY5 3PP,Semi-Detached,Established,Leasehold,39,,OAKHILL DRIVE,,BRIERLEY HILL,DUDLEY,WEST MIDLANDS,Additional,Addition,52.4651360000,-2.1364990000
315000,2020-11-27 00:00:00Z,DY5 2NZ,Detached,Established,Freehold,16,,GRATHAM CLOSE,AMBLECOTE,BRIERLEY HILL,DUDLEY,WEST MIDLANDS,Standard,Addition,52.4629590000,-2.1373900000
228000,2020-12-01 00:00:00Z,DY5 3SF,Semi-Detached,Established,Freehold,26,,KIRKSTONE COURT,AMBLECOTE,BRIERLEY HILL,DUDLEY,WEST MIDLANDS,Standard,Addition,52.4679010000,-2.1399080000
250000,2020-03-06 00:00:00Z,DY5 2QD,Detached,Established,Freehold,176,,STAMFORD ROAD,,BRIERLEY HILL,DUDLEY,WEST MIDLANDS,Standard,Addition,52.4617180000,-2.1303070000
179000,2020-02-28 00:00:00Z,DY5 2SZ,Semi-Detached,Established,Freehold,3,,FITZGERALD PLACE,,BRIERLEY HILL,DUDLEY,WEST MIDLANDS,Standard,Addition,52.4617920000,-2.1365920000
179000,2020-12-08 00:00:00Z,DY5 3RQ,Terraced,Established,Freehold,21,,LAKESIDE COURT,,BRIERLEY HILL,DUDLEY,WEST MIDLANDS,Standard,Addition,52.4691650000,-2.1386530000
130000,2020-06-15 00:00:00Z,DY5 3SF,Flats/Maisonettes,Established,Leasehold,18,,KIRKSTONE COURT,AMBLECOTE,BRIERLEY HILL,DUDLEY,WEST MIDLANDS,Standard,Addition,52.4679010000,-2.1399080000
185000,2020-08-28 00:00:00Z,DY5 3NZ,Semi-Detached,Established,Leasehold,74,,BROMPTON DRIVE,AMBLECOTE,BRIERLEY HILL,DUDLEY,WEST MIDLANDS,Standard,Addition,52.4660180000,-2.1355890000
4950,2020-01-08 00:00:00Z,DY5 3PR,Other,Established,Freehold,14,,DUNSFORD CLOSE,,BRIERLEY HILL,DUDLEY,WEST MIDLANDS,Additional,Addition,52.4645520000,-2.1365270000
2700,2020-06-02 00:00:00Z,DY5 3PR,Other,Established,Freehold,3,,DUNSFORD CLOSE,,BRIERLEY HILL,DUDLEY,WEST MIDLANDS,Additional,Addition,52.4645520000,-2.1365270000
97000,2020-08-14 00:00:00Z,DY5 3PZ,Flats/Maisonettes,Established,Leasehold,28,,BARBROOK DRIVE,,BRIERLEY HILL,DUDLEY,WEST MIDLANDS,Standard,Addition,52.4644510000,-2.1377480000
155000,2020-08-11 00:00:00Z,DY5 3NS,Terraced,Established,Leasehold,32,,ROSEMOOR DRIVE,AMBLECOTE,BRIERLEY HILL,DUDLEY,WEST MIDLANDS,Standard,Addition,52.4664310000,-2.1364740000
278000,2020-11-02 00:00:00Z,DY5 2RT,Detached,Established,Freehold,14,,BEAUMONT DRIVE,,BRIERLEY HILL,DUDLEY,WEST MIDLANDS,Standard,Addition,52.4630260000,-2.1337850000
255000,2020-10-02 00:00:00Z,DY5 2NX,Semi-Detached,Established,Freehold,23,,BLITHFIELD DRIVE,,BRIERLEY HILL,DUDLEY,WEST MIDLANDS,Standard,Addition,52.4628090000,-2.1384710000
135000,2020-07-24 00:00:00Z,DY5 3PP,Flats/Maisonettes,Established,Leasehold,43,,OAKHILL DRIVE,,BRIERLEY HILL,DUDLEY,WEST MIDLANDS,Standard,Addition,52.4651360000,-2.1364990000
97250,2020-12-04 00:00:00Z,DY5 3PZ,Flats/Maisonettes,Established,Leasehold,14,,BARBROOK DRIVE,,BRIERLEY HILL,DUDLEY,WEST MIDLANDS,Standard,Addition,52.4644510000,-2.1377480000
325000,2020-01-17 00:00:00Z,DY5 3RZ,Detached,Established,Freehold,28,,KIRKSTONE WAY,AMBLECOTE,BRIERLEY HILL,DUDLEY,WEST MIDLANDS,Standard,Addition,52.4688760000,-2.1363930000
249950,2020-02-17 00:00:00Z,DY5 2PE,Detached,Established,Freehold,3,,BROOMEHILL CLOSE,,BRIERLEY HILL,DUDLEY,WEST MIDLANDS,Standard,Addition,52.4645230000,-2.1300360000
435000,2020-02-06 00:00:00Z,DY5 3RL,Detached,Established,Freehold,39,,LAMBOURNE WAY,,BRIERLEY HILL,DUDLEY,WEST MIDLANDS,Standard,Addition,52.4691220000,-2.1337290000
230000,2020-02-14 00:00:00Z,DY5 2RX,Semi-Detached,Established,Freehold,18,,MARTINDALE WALK,,BRIERLEY HILL,DUDLEY,WEST MIDLANDS,Standard,Addition,52.4627020000,-2.1346810000
370000,2020-01-30 00:00:00Z,DY5 3XJ,Detached,Established,Freehold,14,,PATTERDALE WAY,,BRIERLEY HILL,DUDLEY,WEST MIDLANDS,Standard,Addition,52.4699480000,-2.1343940000
158000,2020-01-20 00:00:00Z,DY5 2QB,Semi-Detached,Established,Freehold,45,,BITTERN WALK,,BRIERLEY HILL,DUDLEY,WEST MIDLANDS,Standard,Addition,52.4620770000,-2.1302200000
275000,2020-01-20 00:00:00Z,DY5 2RT,Detached,Established,Freehold,4,,BEAUMONT DRIVE,,BRIERLEY HILL,DUDLEY,WEST MIDLANDS,Standard,Addition,52.4630260000,-2.1337850000
309246,2020-01-30 00:00:00Z,DY5 3QW,Detached,Established,Freehold,6,,LYTHWOOD DRIVE,,BRIERLEY HILL,DUDLEY,WEST MIDLANDS,Standard,Addition,52.4677410000,-2.1307370000
260000,2020-01-31 00:00:00Z,DY5 3RP,Detached,Established,Freehold,24,,RANNOCH CLOSE,,BRIERLEY HILL,DUDLEY,WEST MIDLANDS,Standard,Addition,52.4682010000,-2.1366410000
285000,2020-06-23 00:00:00Z,DY5 3PP,Detached,Established,Leasehold,19,,OAKHILL DRIVE,,BRIERLEY HILL,DUDLEY,WEST MIDLANDS,Standard,Addition,52.4651360000,-2.1364990000
105000,2020-06-26 00:00:00Z,DY5 3NS,Flats/Maisonettes,Established,Leasehold,22,,ROSEMOOR DRIVE,AMBLECOTE,BRIERLEY HILL,DUDLEY,WEST MIDLANDS,Standard,Addition,52.4664310000,-2.1364740000
179500,2021-03-15 00:00:00Z,DY5 3PW,Semi-Detached,Established,Leasehold,27,,BRAYFORD AVENUE,,BRIERLEY HILL,DUDLEY,WEST MIDLANDS,Standard,Addition,52.4640770000,-2.1352450000
120000,2021-11-19 00:00:00Z,DY5 3NS,Flats/Maisonettes,Established,Leasehold,24,,ROSEMOOR DRIVE,AMBLECOTE,BRIERLEY HILL,DUDLEY,WEST MIDLANDS,Standard,Addition,52.4664310000,-2.1364740000
280000,2021-10-14 00:00:00Z,DY5 3NW,Other,Established,Freehold,1,,BEWLAY CLOSE,,BRIERLEY HILL,DUDLEY,WEST MIDLANDS,Additional,Addition,52.4665100000,-2.1380340000
372000,2021-04-19 00:00:00Z,DY5 3RL,Detached,Established,Freehold,12,,LAMBOURNE WAY,,BRIERLEY HILL,DUDLEY,WEST MIDLANDS,Standard,Addition,52.4691220000,-2.1337290000
410000,2021-03-05 00:00:00Z,DY5 3XL,Detached,Established,Freehold,14,,AMBLESIDE DRIVE,,BRIERLEY HILL,DUDLEY,WEST MIDLANDS,Standard,Addition,52.4699530000,-2.1332230000
353000,2021-02-15 00:00:00Z,DY5 3QW,Detached,Established,Leasehold,23,,LYTHWOOD DRIVE,,BRIERLEY HILL,DUDLEY,WEST MIDLANDS,Standard,Addition,52.4677410000,-2.1307370000
260000,2021-03-09 00:00:00Z,DY5 3XL,Detached,Established,Freehold,25,,AMBLESIDE DRIVE,,BRIERLEY HILL,DUDLEY,WEST MIDLANDS,Standard,Addition,52.4699530000,-2.1332230000
280000,2021-02-24 00:00:00Z,DY5 3QW,Detached,Established,Freehold,3,,LYTHWOOD DRIVE,,BRIERLEY HILL,DUDLEY,WEST MIDLANDS,Standard,Addition,52.4677410000,-2.1307370000
355000,2021-12-10 00:00:00Z,DY5 2NZ,Detached,Established,Leasehold,9,,GRATHAM CLOSE,AMBLECOTE,BRIERLEY HILL,DUDLEY,WEST MIDLANDS,Standard,Addition,52.4629590000,-2.1373900000
302000,2021-01-08 00:00:00Z,DY5 3NU,Detached,Established,Leasehold,29,,BLAKE HALL CLOSE,,BRIERLEY HILL,DUDLEY,WEST MIDLANDS,Standard,Addition,52.4663270000,-2.1328820000
225000,2021-02-19 00:00:00Z,DY5 3QZ,Detached,Established,Freehold,5,,HUNSTANTON CLOSE,,BRIERLEY HILL,DUDLEY,WEST MIDLANDS,Standard,Addition,52.4671910000,-2.1315450000
338500,2021-01-15 00:00:00Z,DY5 3SE,Detached,Established,Freehold,8,,THIRLMERE WALK,,BRIERLEY HILL,DUDLEY,WEST MIDLANDS,Standard,Addition,52.4667600000,-2.1393450000
355000,2021-12-10 00:00:00Z,DY5 2NZ,Detached,Established,Freehold,9,,GRATHAM CLOSE,AMBLECOTE,BRIERLEY HILL,DUDLEY,WEST MIDLANDS,Standard,Addition,52.4629590000,-2.1373900000
195000,2021-09-29 00:00:00Z,DY5 3NT,Terraced,Established,Freehold,6,,ALDGATE DRIVE,AMBLECOTE,BRIERLEY HILL,DUDLEY,WEST MIDLANDS,Standard,Addition,52.4658870000,-2.1322180000
320000,2021-09-17 00:00:00Z,DY5 3XL,Detached,Established,Freehold,29,,AMBLESIDE DRIVE,,BRIERLEY HILL,DUDLEY,WEST MIDLANDS,Standard,Addition,52.4699530000,-2.1332230000
325000,2021-03-26 00:00:00Z,DY5 3RP,Detached,Established,Freehold,18,,RANNOCH CLOSE,,BRIERLEY HILL,DUDLEY,WEST MIDLANDS,Standard,Addition,52.4682010000,-2.1366410000
277000,2021-03-26 00:00:00Z,DY5 3LL,Detached,Established,Freehold,4,,QUINCY RISE,,BRIERLEY HILL,DUDLEY,WEST MIDLANDS,Standard,Addition,52.4666880000,-2.1310720000
325000,2021-01-13 00:00:00Z,DY5 2PE,Detached,Established,Freehold,10,,BROOMEHILL CLOSE,,BRIERLEY HILL,DUDLEY,WEST MIDLANDS,Standard,Addition,52.4645230000,-2.1300360000
400000,2021-03-24 00:00:00Z,DY5 3RZ,Detached,Established,Freehold,46,,KIRKSTONE WAY,AMBLECOTE,BRIERLEY HILL,DUDLEY,WEST MIDLANDS,Standard,Addition,52.4688760000,-2.1363930000
357000,2021-06-25 00:00:00Z,DY5 3NY,Detached,Established,Freehold,24,,FINSBURY DRIVE,AMBLECOTE,BRIERLEY HILL,DUDLEY,WEST MIDLANDS,Standard,Addition,52.4650870000,-2.1318770000
155768,2021-10-15 00:00:00Z,DY8 4HX,Terraced,Established,Freehold,34,,CHURCHWARD CLOSE,,STOURBRIDGE,DUDLEY,WEST MIDLANDS,Standard,Addition,52.4609710000,-2.1382820000
392500,2021-02-09 00:00:00Z,DY5 3NZ,Detached,Established,Freehold,20,,BROMPTON DRIVE,AMBLECOTE,BRIERLEY HILL,DUDLEY,WEST MIDLANDS,Standard,Addition,52.4660180000,-2.1355890000
340000,2021-02-08 00:00:00Z,DY5 2NX,Detached,Established,Freehold,16,,BLITHFIELD DRIVE,,BRIERLEY HILL,DUDLEY,WEST MIDLANDS,Standard,Addition,52.4628090000,-2.1384710000
179995,2021-02-08 00:00:00Z,DY5 2RX,Semi-Detached,Established,Freehold,14,,MARTINDALE WALK,,BRIERLEY HILL,DUDLEY,WEST MIDLANDS,Standard,Addition,52.4627020000,-2.1346810000
133000,2021-09-30 00:00:00Z,DY5 2QG,Semi-Detached,Established,Freehold,9,,SORREL WALK,,BRIERLEY HILL,DUDLEY,WEST MIDLANDS,Standard,Addition,52.4612010000,-2.1342790000
365000,2021-06-21 00:00:00Z,DY5 3RZ,Detached,Established,Freehold,59,,KIRKSTONE WAY,AMBLECOTE,BRIERLEY HILL,DUDLEY,WEST MIDLANDS,Standard,Addition,52.4688760000,-2.1363930000
340000,2021-09-17 00:00:00Z,DY5 3PQ,Detached,Established,Leasehold,2,,WOODCOMBE CLOSE,AMBLECOTE,BRIERLEY HILL,DUDLEY,WEST MIDLANDS,Standard,Addition,52.4657350000,-2.1389000000
134000,2021-12-03 00:00:00Z,DY5 3UD,Flats/Maisonettes,Established,Leasehold,11,,WOBURN DRIVE,AMBLECOTE,BRIERLEY HILL,DUDLEY,WEST MIDLANDS,Standard,Addition,52.4682120000,-2.1349480000
73500,2021-06-09 00:00:00Z,DY5 2PW,Semi-Detached,Established,Leasehold,42,,HERN ROAD,,BRIERLEY HILL,DUDLEY,WEST MIDLANDS,Standard,Addition,52.4622830000,-2.1312950000
115000,2021-10-28 00:00:00Z,DY5 3SF,Flats/Maisonettes,Established,Leasehold,20,,KIRKSTONE COURT,AMBLECOTE,BRIERLEY HILL,DUDLEY,WEST MIDLANDS,Standard,Addition,52.4679010000,-2.1399080000
163000,2021-06-28 00:00:00Z,DY5 2QG,Semi-Detached,Established,Freehold,5,,SORREL WALK,,BRIERLEY HILL,DUDLEY,WEST MIDLANDS,Standard,Addition,52.4612010000,-2.1342790000
391000,2021-08-27 00:00:00Z,DY5 3UF,Detached,Established,Freehold,10,,HELMSLEY CLOSE,,BRIERLEY HILL,DUDLEY,WEST MIDLANDS,Additional,Addition,52.4684970000,-2.1332330000
160000,2021-07-14 00:00:00Z,DY5 2QG,Semi-Detached,Established,Leasehold,57,,SORREL WALK,,BRIERLEY HILL,DUDLEY,WEST MIDLANDS,Standard,Addition,52.4612010000,-2.1342790000
375000,2021-05-07 00:00:00Z,DY5 3RN,Detached,Established,Freehold,6,,BURGHLEY WALK,,BRIERLEY HILL,DUDLEY,WEST MIDLANDS,Standard,Addition,52.4689130000,-2.1357160000
335000,2021-05-07 00:00:00Z,DY5 3QX,Detached,Established,Leasehold,5,,SALCOMBE DRIVE,,BRIERLEY HILL,DUDLEY,WEST MIDLANDS,Standard,Addition,52.4671000000,-2.1330460000
295000,2021-03-24 00:00:00Z,DY5 3QX,Detached,Established,Leasehold,18,,SALCOMBE DRIVE,,BRIERLEY HILL,DUDLEY,WEST MIDLANDS,Standard,Addition,52.4671000000,-2.1330460000
485000,2021-04-30 00:00:00Z,DY5 3RZ,Detached,Established,Freehold,62,,KIRKSTONE WAY,AMBLECOTE,BRIERLEY HILL,DUDLEY,WEST MIDLANDS,Standard,Addition,52.4688760000,-2.1363930000
285000,2021-06-18 00:00:00Z,DY5 3RZ,Detached,Established,Freehold,67,,KIRKSTONE WAY,AMBLECOTE,BRIERLEY HILL,DUDLEY,WEST MIDLANDS,Standard,Addition,52.4688760000,-2.1363930000
167500,2021-01-29 00:00:00Z,DY5 2QG,Semi-Detached,Established,Freehold,11,,SORREL WALK,,BRIERLEY HILL,DUDLEY,WEST MIDLANDS,Additional,Addition,52.4612010000,-2.1342790000
334000,2021-11-26 00:00:00Z,DY5 3RQ,Detached,Established,Freehold,8,,LAKESIDE COURT,,BRIERLEY HILL,DUDLEY,WEST MIDLANDS,Standard,Addition,52.4691650000,-2.1386530000
415000,2021-05-27 00:00:00Z,DY5 3RZ,Detached,Established,Freehold,61,,KIRKSTONE WAY,AMBLECOTE,BRIERLEY HILL,DUDLEY,WEST MIDLANDS,Standard,Addition,52.4688760000,-2.1363930000
324000,2021-09-14 00:00:00Z,DY5 3QX,Detached,Established,Freehold,18,,SALCOMBE DRIVE,,BRIERLEY HILL,DUDLEY,WEST MIDLANDS,Standard,Addition,52.4671000000,-2.1330460000
300000,2021-08-09 00:00:00Z,DY5 3XL,Detached,Established,Freehold,9,,AMBLESIDE DRIVE,,BRIERLEY HILL,DUDLEY,WEST MIDLANDS,Standard,Addition,52.4699530000,-2.1332230000
295000,2021-09-03 00:00:00Z,DY5 2QE,Detached,Established,Freehold,249,,STAMFORD ROAD,,BRIERLEY HILL,DUDLEY,WEST MIDLANDS,Standard,Addition,52.4609950000,-2.1337640000
85000,2021-10-20 00:00:00Z,DY5 3PZ,Flats/Maisonettes,Established,Leasehold,44,,BARBROOK DRIVE,,BRIERLEY HILL,DUDLEY,WEST MIDLANDS,Standard,Addition,52.4644510000,-2.1377480000
185000,2021-04-16 00:00:00Z,DY5 3NW,Semi-Detached,Established,Freehold,9,,BEWLAY CLOSE,,BRIERLEY HILL,DUDLEY,WEST MIDLANDS,Standard,Addition,52.4665100000,-2.1380340000
230000,2021-09-03 00:00:00Z,DY5 3NZ,Detached,Established,Freehold,8,,BROMPTON DRIVE,AMBLECOTE,BRIERLEY HILL,DUDLEY,WEST MIDLANDS,Standard,Addition,52.4660180000,-2.1355890000
280000,2021-06-29 00:00:00Z,DY5 3NZ,Semi-Detached,Established,Leasehold,70,,BROMPTON DRIVE,AMBLECOTE,BRIERLEY HILL,DUDLEY,WEST MIDLANDS,Standard,Addition,52.4660180000,-2.1355890000
275000,2021-07-30 00:00:00Z,DY5 2PE,Detached,Established,Freehold,44,,BROOMEHILL CLOSE,,BRIERLEY HILL,DUDLEY,WEST MIDLANDS,Standard,Addition,52.4645230000,-2.1300360000
300000,2021-09-02 00:00:00Z,DY5 3YE,Detached,Established,Freehold,1,,STUDLEY DRIVE,,BRIERLEY HILL,DUDLEY,WEST MIDLANDS,Standard,Addition,52.4680370000,-2.1307820000
240000,2021-06-18 00:00:00Z,DY5 3QY,Detached,Established,Leasehold,14,,SUFFOLK DRIVE,,BRIERLEY HILL,DUDLEY,WEST MIDLANDS,Standard,Addition,52.4675950000,-2.1322530000
446000,2021-09-02 00:00:00Z,DY5 3XJ,Detached,Established,Freehold,30,,PATTERDALE WAY,,BRIERLEY HILL,DUDLEY,WEST MIDLANDS,Standard,Addition,52.4699480000,-2.1343940000
348000,2021-08-31 00:00:00Z,DY5 2NZ,Detached,Established,Freehold,8,,GRATHAM CLOSE,AMBLECOTE,BRIERLEY HILL,DUDLEY,WEST MIDLANDS,Standard,Addition,52.4629590000,-2.1373900000
415000,2021-09-23 00:00:00Z,DY5 3XJ,Detached,Established,Freehold,32,,PATTERDALE WAY,,BRIERLEY HILL,DUDLEY,WEST MIDLANDS,Standard,Addition,52.4699480000,-2.1343940000
188000,2021-12-20 00:00:00Z,DY5 3UD,Semi-Detached,Established,Freehold,20,,WOBURN DRIVE,AMBLECOTE,BRIERLEY HILL,DUDLEY,WEST MIDLANDS,Standard,Addition,52.4682120000,-2.1349480000
196000,2022-01-26 00:00:00Z,DY5 2SL,Semi-Detached,Established,Freehold,11,,STOW DRIVE,,BRIERLEY HILL,DUDLEY,WEST MIDLANDS,Standard,Addition,52.4618300000,-2.1340160000
201000,2022-04-08 00:00:00Z,DY5 2SZ,Semi-Detached,Established,Freehold,17,,FITZGERALD PLACE,,BRIERLEY HILL,DUDLEY,WEST MIDLANDS,Standard,Addition,52.4617920000,-2.1365920000
206000,2022-03-04 00:00:00Z,DY5 3RQ,Terraced,Established,Freehold,59,,LAKESIDE COURT,,BRIERLEY HILL,DUDLEY,WEST MIDLANDS,Standard,Addition,52.4691650000,-2.1386530000
355000,2022-01-14 00:00:00Z,DY5 2QH,Detached,Established,Freehold,25,,PETERS HILL ROAD,,BRIERLEY HILL,DUDLEY,WEST MIDLANDS,Standard,Addition,52.4624430000,-2.1325460000
73000,2022-02-03 00:00:00Z,DY8 4HX,Flats/Maisonettes,Established,Leasehold,1,,CHURCHWARD CLOSE,,STOURBRIDGE,DUDLEY,WEST MIDLANDS,Standard,Addition,52.4609710000,-2.1382820000
400000,2022-01-20 00:00:00Z,DY5 3RZ,Semi-Detached,Established,Freehold,37,,KIRKSTONE WAY,AMBLECOTE,BRIERLEY HILL,DUDLEY,WEST MIDLANDS,Additional,Addition,52.4688760000,-2.1363930000
410000,2022-03-04 00:00:00Z,DY5 3SD,Detached,Established,Freehold,6,,BUTTERMERE CLOSE,,BRIERLEY HILL,DUDLEY,WEST MIDLANDS,Standard,Addition,52.4665020000,-2.1397190000
290000,2022-03-04 00:00:00Z,DY5 3NS,Semi-Detached,Established,Leasehold,8,,ROSEMOOR DRIVE,AMBLECOTE,BRIERLEY HILL,DUDLEY,WEST MIDLANDS,Standard,Addition,52.4664310000,-2.1364740000
345000,2022-03-04 00:00:00Z,DY5 2SL,Detached,Established,Leasehold,1,,STOW DRIVE,,BRIERLEY HILL,DUDLEY,WEST MIDLANDS,Standard,Addition,52.4618300000,-2.1340160000
