90000,1995-07-21 00:00:00Z,PE7 3NP,Detached,Established,Freehold,10,,LONDON ROAD,YAXLEY,PETERBOROUGH,HUNTINGDONSHIRE,CAMBRIDGESHIRE,Standard,Addition,52.5189090000,-0.2689690000
86500,1995-12-15 00:00:00Z,PE7 3YY,Detached,New Build,Freehold,14,,VICARAGE WAY,YAXLEY,PETERBOROUGH,HUNTINGDONSHIRE,CAMBRIDGESHIRE,Standard,Addition,52.5129230000,-0.2648000000
64000,1995-10-20 00:00:00Z,PE7 3HW,Detached,Established,Freehold,25,,OWL END WALK,YAXLEY,PETERBOROUGH,PETERBOROUGH,CAMBRIDGESHIRE,Standard,Addition,52.5172370000,-0.2671650000
85000,1995-07-28 00:00:00Z,PE7 3LD,Detached,Established,Freehold,189A,,MAIN STREET,YAXLEY,PETERBOROUGH,HUNTINGDONSHIRE,CAMBRIDGESHIRE,Standard,Addition,52.5116060000,-0.2608290000
46000,1995-10-20 00:00:00Z,PE7 3HJ,Semi-Detached,Established,Freehold,19,,COCK CLOSE ROAD,YAXLEY,PETERBOROUGH,HUNTINGDONSHIRE,CAMBRIDGESHIRE,Standard,Addition,52.5172050000,-0.2668420000
39500,1995-08-07 00:00:00Z,PE7 3YT,Semi-Detached,Established,Freehold,43,,FIELD RISE,YAXLEY,PETERBOROUGH,HUNTINGDONSHIRE,CAMBRIDGESHIRE,Standard,Addition,52.5139240000,-0.2644220000
67500,1995-06-23 00:00:00Z,PE7 3NF,Detached,Established,Freehold,14,,DOVECOTE LANE,YAXLEY,PETERBOROUGH,HUNTINGDONSHIRE,CAMBRIDGESHIRE,Standard,Addition,52.5148280000,-0.2696480000
51300,1995-05-22 00:00:00Z,PE7 3YU,Detached,Established,Freehold,31,,STONEHOUSE ROAD,YAXLEY,PETERBOROUGH,HUNTINGDONSHIRE,CAMBRIDGESHIRE,Standard,Addition,52.5136880000,-0.2618230000
58000,1995-06-28 00:00:00Z,PE7 3HP,Detached,Established,Freehold,4,,PARTRIDGE CLOSE,YAXLEY,PETERBOROUGH,HUNTINGDONSHIRE,CAMBRIDGESHIRE,Standard,Addition,52.5178030000,-0.2683370000
46000,1995-09-14 00:00:00Z,PE7 3YJ,Semi-Detached,Established,Freehold,23,,GREEN LANE,YAXLEY,PETERBOROUGH,HUNTINGDONSHIRE,CAMBRIDGESHIRE,Standard,Addition,52.5177220000,-0.2640340000
66500,1995-07-07 00:00:00Z,PE7 3NT,Semi-Detached,Established,Freehold,217,,BROADWAY,YAXLEY,PETERBOROUGH,HUNTINGDONSHIRE,CAMBRIDGESHIRE,Standard,Addition,52.5169790000,-0.2606320000
70750,1995-11-24 00:00:00Z,PE7 3NF,Detached,Established,Freehold,14,,DOVECOTE LANE,YAXLEY,PETERBOROUGH,HUNTINGDONSHIRE,CAMBRIDGESHIRE,Standard,Addition,52.5148280000,-0.2696480000
110000,1995-12-01 00:00:00Z,PE7 3LH,Detached,Established,Freehold,1,,CHURCH STREET,YAXLEY,PETERBOROUGH,HUNTINGDONSHIRE,CAMBRIDGESHIRE,Standard,Addition,52.5114190000,-0.2646680000
60000,1995-12-21 00:00:00Z,PE7 3YJ,Detached,Established,Freehold,12,,GREEN LANE,YAXLEY,PETERBOROUGH,HUNTINGDONSHIRE,CAMBRIDGESHIRE,Standard,Addition,52.5177220000,-0.2640340000
47000,1995-07-07 00:00:00Z,PE7 3HR,Detached,Established,Freehold,11,,NIGHTINGALE DRIVE,YAXLEY,PETERBOROUGH,HUNTINGDONSHIRE,CAMBRIDGESHIRE,Standard,Addition,52.5181080000,-0.2664970000
64000,1995-06-16 00:00:00Z,PE7 3NW,Semi-Detached,Established,Freehold,5,,WESTFIELD CLOSE,YAXLEY,PETERBOROUGH,HUNTINGDONSHIRE,CAMBRIDGESHIRE,Standard,Addition,52.5145710000,-0.2625540000
44750,1995-09-06 00:00:00Z,PE7 3LN,Terraced,Established,Freehold,48,,CHAPEL STREET,YAXLEY,PETERBOROUGH,HUNTINGDONSHIRE,CAMBRIDGESHIRE,Standard,Addition,52.5145890000,-0.2613010000
32000,1995-02-20 00:00:00Z,PE7 3LN,Detached,Established,Freehold,CHAPEL STUDIO,,CHAPEL STREET,YAXLEY,PETERBOROUGH,HUNTINGDONSHIRE,CAMBRIDGESHIRE,Standard,Addition,52.5145890000,-0.2613010000
31000,1995-04-13 00:00:00Z,PE7 3NT,Semi-Detached,Established,Freehold,211,,BROADWAY,YAXLEY,PETERBOROUGH,HUNTINGDONSHIRE,CAMBRIDGESHIRE,Standard,Addition,52.5169790000,-0.2606320000
62500,1995-06-16 00:00:00Z,PE7 3YU,Detached,Established,Freehold,8,,STONEHOUSE ROAD,YAXLEY,PETERBOROUGH,HUNTINGDONSHIRE,CAMBRIDGESHIRE,Standard,Addition,52.5136880000,-0.2618230000
45000,1995-06-23 00:00:00Z,PE7 3LF,Detached,Established,Freehold,31,,WESTFIELD ROAD,YAXLEY,PETERBOROUGH,HUNTINGDONSHIRE,CAMBRIDGESHIRE,Standard,Addition,52.5133680000,-0.2633090000
90000,1995-11-24 00:00:00Z,PE7 3NP,Detached,Established,Freehold,2,,LONDON ROAD,YAXLEY,PETERBOROUGH,HUNTINGDONSHIRE,CAMBRIDGESHIRE,Standard,Addition,52.5189090000,-0.2689690000
48000,1995-11-22 00:00:00Z,PE7 3YE,Semi-Detached,Established,Freehold,22,,WYKES ROAD,YAXLEY,PETERBOROUGH,HUNTINGDONSHIRE,CAMBRIDGESHIRE,Standard,Addition,52.5107360000,-0.2652990000
76950,1995-12-15 00:00:00Z,PE7 3YY,Detached,New Build,Freehold,23,,VICARAGE WAY,YAXLEY,PETERBOROUGH,HUNTINGDONSHIRE,CAMBRIDGESHIRE,Standard,Addition,52.5129230000,-0.2648000000
69950,1995-11-30 00:00:00Z,PE7 3YY,Detached,Established,Freehold,40,,VICARAGE WAY,YAXLEY,PETERBOROUGH,HUNTINGDONSHIRE,CAMBRIDGESHIRE,Standard,Addition,52.5129230000,-0.2648000000
50000,1995-02-15 00:00:00Z,PE7 3LD,Detached,Established,Freehold,203,,MAIN STREET,YAXLEY,PETERBOROUGH,HUNTINGDONSHIRE,CAMBRIDGESHIRE,Standard,Addition,52.5116060000,-0.2608290000
64950,1995-10-20 00:00:00Z,PE7 3YY,Detached,New Build,Freehold,18,,VICARAGE WAY,YAXLEY,PETERBOROUGH,HUNTINGDONSHIRE,CAMBRIDGESHIRE,Standard,Addition,52.5129230000,-0.2648000000
62950,1995-10-06 00:00:00Z,PE7 3HL,Semi-Detached,Established,Freehold,8,,THE ROOKERY,YAXLEY,PETERBOROUGH,HUNTINGDONSHIRE,CAMBRIDGESHIRE,Standard,Addition,52.5169480000,-0.2646270000
64950,1995-08-18 00:00:00Z,PE7 3YY,Detached,New Build,Freehold,16,,VICARAGE WAY,YAXLEY,PETERBOROUGH,HUNTINGDONSHIRE,CAMBRIDGESHIRE,Standard,Addition,52.5129230000,-0.2648000000
27500,1995-02-06 00:00:00Z,PE7 3YU,Detached,Established,Freehold,33,,STONEHOUSE ROAD,YAXLEY,PETERBOROUGH,HUNTINGDONSHIRE,CAMBRIDGESHIRE,Standard,Addition,52.5136880000,-0.2618230000
74950,1995-09-15 00:00:00Z,PE7 3YY,Detached,New Build,Freehold,25,,VICARAGE WAY,YAXLEY,PETERBOROUGH,HUNTINGDONSHIRE,CAMBRIDGESHIRE,Standard,Addition,52.5129230000,-0.2648000000
44500,1995-01-12 00:00:00Z,PE7 3HJ,Semi-Detached,Established,Freehold,21,,COCK CLOSE ROAD,YAXLEY,PETERBOROUGH,HUNTINGDONSHIRE,CAMBRIDGESHIRE,Standard,Addition,52.5172050000,-0.2668420000
23250,1995-04-07 00:00:00Z,PE7 3LN,Terraced,Established,Freehold,48,,CHAPEL STREET,YAXLEY,PETERBOROUGH,HUNTINGDONSHIRE,CAMBRIDGESHIRE,Standard,Addition,52.5145890000,-0.2613010000
44000,1995-06-30 00:00:00Z,PE7 3LJ,Semi-Detached,Established,Freehold,18,,WEST END,YAXLEY,PETERBOROUGH,HUNTINGDONSHIRE,CAMBRIDGESHIRE,Standard,Addition,52.5101800000,-0.2641270000
75950,1995-11-20 00:00:00Z,PE7 3YY,Detached,New Build,Freehold,27,,VICARAGE WAY,YAXLEY,PETERBOROUGH,HUNTINGDONSHIRE,CAMBRIDGESHIRE,Standard,Addition,52.5129230000,-0.2648000000
37600,1995-12-20 00:00:00Z,PE7 3LB,Terraced,Established,Freehold,136,,MAIN STREET,YAXLEY,PETERBOROUGH,HUNTINGDONSHIRE,CAMBRIDGESHIRE,Standard,Addition,52.5123250000,-0.2608450000
68600,1995-12-15 00:00:00Z,PE7 3YY,Detached,New Build,Freehold,44,,VICARAGE WAY,YAXLEY,PETERBOROUGH,HUNTINGDONSHIRE,CAMBRIDGESHIRE,Standard,Addition,52.5129230000,-0.2648000000
56000,1995-10-20 00:00:00Z,PE7 3YT,Semi-Detached,Established,Freehold,4,,FIELD RISE,YAXLEY,PETERBOROUGH,HUNTINGDONSHIRE,CAMBRIDGESHIRE,Standard,Addition,52.5139240000,-0.2644220000
32000,1995-01-27 00:00:00Z,PE7 3LH,Terraced,Established,Freehold,30,,CHURCH STREET,YAXLEY,PETERBOROUGH,HUNTINGDONSHIRE,CAMBRIDGESHIRE,Standard,Addition,52.5114190000,-0.2646680000
125000,1995-02-06 00:00:00Z,PE7 3ND,Detached,Established,Freehold,MANOR FARM HOUSE,,CHURCH STREET,YAXLEY,PETERBOROUGH,HUNTINGDONSHIRE,CAMBRIDGESHIRE,Standard,Addition,52.5128130000,-0.2677230000
35995,1995-09-11 00:00:00Z,PE7 3LH,Terraced,Established,Freehold,28,,CHURCH STREET,YAXLEY,PETERBOROUGH,HUNTINGDONSHIRE,CAMBRIDGESHIRE,Standard,Addition,52.5114190000,-0.2646680000
30000,1995-03-08 00:00:00Z,PE7 3NR,Semi-Detached,Established,Freehold,240,,BROADWAY,YAXLEY,PETERBOROUGH,HUNTINGDONSHIRE,CAMBRIDGESHIRE,Standard,Addition,52.5161780000,-0.2663390000
56250,1995-03-14 00:00:00Z,PE7 3HP,Semi-Detached,Established,Freehold,24,,PARTRIDGE CLOSE,YAXLEY,PETERBOROUGH,HUNTINGDONSHIRE,CAMBRIDGESHIRE,Standard,Addition,52.5178030000,-0.2683370000
89950,1995-12-08 00:00:00Z,PE7 3YY,Detached,New Build,Freehold,21,,VICARAGE WAY,YAXLEY,PETERBOROUGH,HUNTINGDONSHIRE,CAMBRIDGESHIRE,Standard,Addition,52.5129230000,-0.2648000000
85000,1995-02-17 00:00:00Z,PE7 3NP,Detached,Established,Freehold,"APPLE DROP LODGE, 6C",,LONDON ROAD,YAXLEY,PETERBOROUGH,HUNTINGDONSHIRE,CAMBRIDGESHIRE,Standard,Addition,52.5189090000,-0.2689690000
38000,1995-04-28 00:00:00Z,PE7 3YG,Semi-Detached,Established,Freehold,11,,KINGFISHER CLOSE,YAXLEY,PETERBOROUGH,HUNTINGDONSHIRE,CAMBRIDGESHIRE,Standard,Addition,52.5175720000,-0.2661060000
67000,1996-07-05 00:00:00Z,PE7 3HP,Detached,Established,Freehold,7,,PARTRIDGE CLOSE,YAXLEY,PETERBOROUGH,HUNTINGDONSHIRE,CAMBRIDGESHIRE,Standard,Addition,52.5178030000,-0.2683370000
68000,1996-12-06 00:00:00Z,PE7 3HL,Detached,Established,Freehold,14,,THE ROOKERY,YAXLEY,PETERBOROUGH,HUNTINGDONSHIRE,CAMBRIDGESHIRE,Standard,Addition,52.5169480000,-0.2646270000
53000,1996-05-03 00:00:00Z,PE7 3YZ,Detached,Established,Freehold,3,,LEE ROAD,YAXLEY,PETERBOROUGH,HUNTINGDONSHIRE,CAMBRIDGESHIRE,Standard,Addition,52.5127340000,-0.2617570000
42000,1996-06-28 00:00:00Z,PE7 3LF,Detached,Established,Freehold,45,,WESTFIELD ROAD,YAXLEY,PETERBOROUGH,HUNTINGDONSHIRE,CAMBRIDGESHIRE,Standard,Addition,52.5133680000,-0.2633090000
53000,1996-02-12 00:00:00Z,PE7 3YX,Detached,Established,Freehold,1,,WISTERIA ROAD,YAXLEY,PETERBOROUGH,HUNTINGDONSHIRE,CAMBRIDGESHIRE,Standard,Addition,52.5124070000,-0.2639510000
55000,1996-02-29 00:00:00Z,PE7 3YJ,Semi-Detached,Established,Freehold,29,,GREEN LANE,YAXLEY,PETERBOROUGH,HUNTINGDONSHIRE,CAMBRIDGESHIRE,Standard,Addition,52.5177220000,-0.2640340000
75950,1996-01-30 00:00:00Z,PE7 3YY,Detached,New Build,Freehold,22,,VICARAGE WAY,YAXLEY,PETERBOROUGH,HUNTINGDONSHIRE,CAMBRIDGESHIRE,Standard,Addition,52.5129230000,-0.2648000000
90000,1996-03-29 00:00:00Z,PE7 3YY,Detached,New Build,Freehold,45,,VICARAGE WAY,YAXLEY,PETERBOROUGH,HUNTINGDONSHIRE,CAMBRIDGESHIRE,Standard,Addition,52.5129230000,-0.2648000000
53000,1996-08-23 00:00:00Z,PE7 3HL,Detached,Established,Freehold,1,,THE ROOKERY,YAXLEY,PETERBOROUGH,HUNTINGDONSHIRE,CAMBRIDGESHIRE,Standard,Addition,52.5169480000,-0.2646270000
65000,1996-02-09 00:00:00Z,PE7 3LG,Detached,Established,Freehold,34,,WESTFIELD ROAD,YAXLEY,PETERBOROUGH,HUNTINGDONSHIRE,CAMBRIDGESHIRE,Standard,Addition,52.5129640000,-0.2627210000
42000,1996-06-21 00:00:00Z,PE7 3NR,Detached,Established,Freehold,220,,BROADWAY,YAXLEY,PETERBOROUGH,HUNTINGDONSHIRE,CAMBRIDGESHIRE,Standard,Addition,52.5161780000,-0.2663390000
64950,1996-01-19 00:00:00Z,PE7 3YY,Detached,New Build,Freehold,42,,VICARAGE WAY,YAXLEY,PETERBOROUGH,HUNTINGDONSHIRE,CAMBRIDGESHIRE,Standard,Addition,52.5129230000,-0.2648000000
60000,1996-08-23 00:00:00Z,PE7 3HN,Detached,Established,Freehold,1,,PHEASANT WAY,YAXLEY,PETERBOROUGH,HUNTINGDONSHIRE,CAMBRIDGESHIRE,Standard,Addition,52.5167260000,-0.2679080000
89950,1996-03-08 00:00:00Z,PE7 3YY,Detached,New Build,Freehold,47,,VICARAGE WAY,YAXLEY,PETERBOROUGH,HUNTINGDONSHIRE,CAMBRIDGESHIRE,Standard,Addition,52.5129230000,-0.2648000000
94950,1996-10-25 00:00:00Z,PE7 3YY,Detached,New Build,Freehold,33,,VICARAGE WAY,YAXLEY,PETERBOROUGH,HUNTINGDONSHIRE,CAMBRIDGESHIRE,Standard,Addition,52.5129230000,-0.2648000000
175000,1996-08-28 00:00:00Z,PE7 3LH,Detached,Established,Freehold,42,,CHURCH STREET,YAXLEY,PETERBOROUGH,HUNTINGDONSHIRE,CAMBRIDGESHIRE,Standard,Addition,52.5114190000,-0.2646680000
89950,1996-10-25 00:00:00Z,PE7 3YY,Detached,New Build,Freehold,46,,VICARAGE WAY,YAXLEY,PETERBOROUGH,HUNTINGDONSHIRE,CAMBRIDGESHIRE,Standard,Addition,52.5129230000,-0.2648000000
45000,1996-05-21 00:00:00Z,PE7 3NR,Semi-Detached,Established,Freehold,244,,BROADWAY,YAXLEY,PETERBOROUGH,HUNTINGDONSHIRE,CAMBRIDGESHIRE,Standard,Addition,52.5161780000,-0.2663390000
43000,1996-11-18 00:00:00Z,PE7 3LN,Semi-Detached,Established,Freehold,40,,CHAPEL STREET,YAXLEY,PETERBOROUGH,HUNTINGDONSHIRE,CAMBRIDGESHIRE,Standard,Addition,52.5145890000,-0.2613010000
75950,1996-06-14 00:00:00Z,PE7 3YY,Semi-Detached,New Build,Freehold,32,,VICARAGE WAY,YAXLEY,PETERBOROUGH,HUNTINGDONSHIRE,CAMBRIDGESHIRE,Standard,Addition,52.5129230000,-0.2648000000
57000,1996-04-19 00:00:00Z,PE7 3HW,Detached,Established,Freehold,27,,OWL END WALK,YAXLEY,PETERBOROUGH,HUNTINGDONSHIRE,CAMBRIDGESHIRE,Standard,Addition,52.5172370000,-0.2671650000
120000,1996-05-03 00:00:00Z,PE7 3YY,Detached,New Build,Freehold,20,,VICARAGE WAY,YAXLEY,PETERBOROUGH,HUNTINGDONSHIRE,CAMBRIDGESHIRE,Standard,Addition,52.5129230000,-0.2648000000
55000,1996-12-06 00:00:00Z,PE7 3YY,Detached,Established,Freehold,12,,VICARAGE WAY,YAXLEY,PETERBOROUGH,HUNTINGDONSHIRE,CAMBRIDGESHIRE,Standard,Addition,52.5129230000,-0.2648000000
65000,1996-08-30 00:00:00Z,PE7 3NT,Semi-Detached,Established,Freehold,217,,BROADWAY,YAXLEY,PETERBOROUGH,HUNTINGDONSHIRE,CAMBRIDGESHIRE,Standard,Addition,52.5169790000,-0.2606320000
47000,1996-02-16 00:00:00Z,PE7 3LJ,Semi-Detached,Established,Freehold,20,,WEST END,YAXLEY,PETERBOROUGH,HUNTINGDONSHIRE,CAMBRIDGESHIRE,Standard,Addition,52.5101800000,-0.2641270000
74950,1996-06-17 00:00:00Z,PE7 3YY,Detached,New Build,Freehold,26,,VICARAGE WAY,YAXLEY,PETERBOROUGH,HUNTINGDONSHIRE,CAMBRIDGESHIRE,Standard,Addition,52.5129230000,-0.2648000000
94950,1996-11-19 00:00:00Z,PE7 3YY,Detached,New Build,Freehold,41,,VICARAGE WAY,YAXLEY,PETERBOROUGH,HUNTINGDONSHIRE,CAMBRIDGESHIRE,Standard,Addition,52.5129230000,-0.2648000000
75000,1996-12-19 00:00:00Z,PE7 3HP,Detached,Established,Freehold,14,,PARTRIDGE CLOSE,YAXLEY,PETERBOROUGH,HUNTINGDONSHIRE,CAMBRIDGESHIRE,Standard,Addition,52.5178030000,-0.2683370000
55000,1996-05-29 00:00:00Z,PE7 3HP,Detached,Established,Freehold,22,,PARTRIDGE CLOSE,YAXLEY,PETERBOROUGH,HUNTINGDONSHIRE,CAMBRIDGESHIRE,Standard,Addition,52.5178030000,-0.2683370000
97500,1996-08-28 00:00:00Z,PE7 3YY,Detached,New Build,Freehold,39,,VICARAGE WAY,YAXLEY,PETERBOROUGH,HUNTINGDONSHIRE,CAMBRIDGESHIRE,Standard,Addition,52.5129230000,-0.2648000000
65950,1996-08-02 00:00:00Z,PE7 3YY,Detached,New Build,Freehold,28,,VICARAGE WAY,YAXLEY,PETERBOROUGH,HUNTINGDONSHIRE,CAMBRIDGESHIRE,Standard,Addition,52.5129230000,-0.2648000000
95500,1996-12-06 00:00:00Z,PE7 3YY,Detached,New Build,Freehold,31,,VICARAGE WAY,YAXLEY,PETERBOROUGH,HUNTINGDONSHIRE,CAMBRIDGESHIRE,Standard,Addition,52.5129230000,-0.2648000000
45263,1996-06-28 00:00:00Z,PE7 3HR,Semi-Detached,Established,Freehold,12,,NIGHTINGALE DRIVE,YAXLEY,PETERBOROUGH,HUNTINGDONSHIRE,CAMBRIDGESHIRE,Standard,Addition,52.5181080000,-0.2664970000
74950,1996-10-25 00:00:00Z,PE7 3YY,Detached,New Build,Freehold,37,,VICARAGE WAY,YAXLEY,PETERBOROUGH,HUNTINGDONSHIRE,CAMBRIDGESHIRE,Standard,Addition,52.5129230000,-0.2648000000
53500,1996-11-22 00:00:00Z,PE7 3NT,Semi-Detached,Established,Freehold,175,,BROADWAY,YAXLEY,PETERBOROUGH,HUNTINGDONSHIRE,CAMBRIDGESHIRE,Standard,Addition,52.5169790000,-0.2606320000
75950,1996-06-28 00:00:00Z,PE7 3YY,Detached,New Build,Freehold,30,,VICARAGE WAY,YAXLEY,PETERBOROUGH,HUNTINGDONSHIRE,CAMBRIDGESHIRE,Standard,Addition,52.5129230000,-0.2648000000
94000,1996-11-15 00:00:00Z,PE7 3YY,Detached,New Build,Freehold,19,,VICARAGE WAY,YAXLEY,PETERBOROUGH,HUNTINGDONSHIRE,CAMBRIDGESHIRE,Standard,Addition,52.5129230000,-0.2648000000
85500,1996-05-30 00:00:00Z,PE7 3LD,Detached,Established,Freehold,169,,MAIN STREET,YAXLEY,PETERBOROUGH,HUNTINGDONSHIRE,CAMBRIDGESHIRE,Standard,Addition,52.5116060000,-0.2608290000
54500,1996-03-08 00:00:00Z,PE7 3YJ,Detached,Established,Freehold,28,,GREEN LANE,YAXLEY,PETERBOROUGH,HUNTINGDONSHIRE,CAMBRIDGESHIRE,Standard,Addition,52.5177220000,-0.2640340000
66500,1996-01-05 00:00:00Z,PE7 3YY,Detached,Established,Freehold,2,,VICARAGE WAY,YAXLEY,PETERBOROUGH,HUNTINGDONSHIRE,CAMBRIDGESHIRE,Standard,Addition,52.5129230000,-0.2648000000
45500,1996-02-02 00:00:00Z,PE7 3HL,Semi-Detached,Established,Freehold,20,,THE ROOKERY,YAXLEY,PETERBOROUGH,PETERBOROUGH,CAMBRIDGESHIRE,Standard,Addition,52.5169480000,-0.2646270000
74950,1996-05-31 00:00:00Z,PE7 3YY,Detached,New Build,Freehold,24,,VICARAGE WAY,YAXLEY,PETERBOROUGH,HUNTINGDONSHIRE,CAMBRIDGESHIRE,Standard,Addition,52.5129230000,-0.2648000000
65000,1996-09-16 00:00:00Z,PE7 3NF,Detached,Established,Freehold,16,,DOVECOTE LANE,YAXLEY,PETERBOROUGH,HUNTINGDONSHIRE,CAMBRIDGESHIRE,Standard,Addition,52.5148280000,-0.2696480000
52950,1996-05-24 00:00:00Z,PE7 3NR,Semi-Detached,Established,Freehold,242,,BROADWAY,YAXLEY,PETERBOROUGH,HUNTINGDONSHIRE,CAMBRIDGESHIRE,Standard,Addition,52.5161780000,-0.2663390000
76950,1996-09-06 00:00:00Z,PE7 3YY,Detached,New Build,Freehold,35,,VICARAGE WAY,YAXLEY,PETERBOROUGH,HUNTINGDONSHIRE,CAMBRIDGESHIRE,Standard,Addition,52.5129230000,-0.2648000000
64950,1996-07-19 00:00:00Z,PE7 3YY,Detached,New Build,Freehold,34,,VICARAGE WAY,YAXLEY,PETERBOROUGH,HUNTINGDONSHIRE,CAMBRIDGESHIRE,Standard,Addition,52.5129230000,-0.2648000000
72950,1996-04-26 00:00:00Z,PE7 3YY,Detached,New Build,Freehold,36,,VICARAGE WAY,YAXLEY,PETERBOROUGH,HUNTINGDONSHIRE,CAMBRIDGESHIRE,Standard,Addition,52.5129230000,-0.2648000000
48950,1997-10-17 00:00:00Z,PE7 3WZ,Semi-Detached,New Build,Freehold,3,,SEATON CLOSE,YAXLEY,PETERBOROUGH,HUNTINGDONSHIRE,CAMBRIDGESHIRE,Standard,Addition,52.5183220000,-0.2632610000
99950,1997-02-27 00:00:00Z,PE7 3WT,Detached,New Build,Freehold,2,,LAWN CLOSE,YAXLEY,PETERBOROUGH,HUNTINGDONSHIRE,CAMBRIDGESHIRE,Standard,Addition,52.5131380000,-0.2604740000
86000,1997-07-11 00:00:00Z,PE7 3LJ,Semi-Detached,Established,Freehold,10,,WEST END,YAXLEY,PETERBOROUGH,HUNTINGDONSHIRE,CAMBRIDGESHIRE,Standard,Addition,52.5101800000,-0.2641270000
52500,1997-06-20 00:00:00Z,PE7 3WH,Terraced,New Build,Freehold,8,,POOLEY WAY,YAXLEY,PETERBOROUGH,HUNTINGDONSHIRE,CAMBRIDGESHIRE,Standard,Addition,52.5184080000,-0.2624030000
68000,1997-01-31 00:00:00Z,PE7 3NT,Detached,Established,Freehold,208B,,BROADWAY,YAXLEY,PETERBOROUGH,HUNTINGDONSHIRE,CAMBRIDGESHIRE,Standard,Addition,52.5169790000,-0.2606320000
66000,1997-10-06 00:00:00Z,PE7 3HJ,Terraced,Established,Freehold,3,,COCK CLOSE ROAD,YAXLEY,PETERBOROUGH,HUNTINGDONSHIRE,CAMBRIDGESHIRE,Standard,Addition,52.5172050000,-0.2668420000
65000,1997-12-19 00:00:00Z,PE7 3WZ,Detached,New Build,Freehold,1,,SEATON CLOSE,YAXLEY,PETERBOROUGH,HUNTINGDONSHIRE,CAMBRIDGESHIRE,Standard,Addition,52.5183220000,-0.2632610000
55950,1997-12-19 00:00:00Z,PE7 3WZ,Semi-Detached,New Build,Freehold,4,,SEATON CLOSE,YAXLEY,PETERBOROUGH,HUNTINGDONSHIRE,CAMBRIDGESHIRE,Standard,Addition,52.5183220000,-0.2632610000
40850,1997-08-01 00:00:00Z,PE7 3HW,Terraced,Established,Freehold,13,,OWL END WALK,YAXLEY,PETERBOROUGH,HUNTINGDONSHIRE,CAMBRIDGESHIRE,Standard,Addition,52.5172370000,-0.2671650000
48500,1997-07-25 00:00:00Z,PE7 3HL,Semi-Detached,Established,Freehold,9,,THE ROOKERY,YAXLEY,PETERBOROUGH,HUNTINGDONSHIRE,CAMBRIDGESHIRE,Standard,Addition,52.5169480000,-0.2646270000
43950,1997-03-07 00:00:00Z,PE7 3HW,Terraced,Established,Freehold,36,,OWL END WALK,YAXLEY,PETERBOROUGH,HUNTINGDONSHIRE,CAMBRIDGESHIRE,Standard,Addition,52.5172370000,-0.2671650000
60000,1997-07-04 00:00:00Z,PE7 3HN,Detached,Established,Freehold,22,,PHEASANT WAY,YAXLEY,PETERBOROUGH,HUNTINGDONSHIRE,CAMBRIDGESHIRE,Standard,Addition,52.5167260000,-0.2679080000
60000,1997-07-04 00:00:00Z,PE7 3YX,Detached,Established,Freehold,7,,WISTERIA ROAD,YAXLEY,PETERBOROUGH,HUNTINGDONSHIRE,CAMBRIDGESHIRE,Standard,Addition,52.5124070000,-0.2639510000
54500,1997-05-16 00:00:00Z,PE7 3HJ,Terraced,Established,Freehold,5,,COCK CLOSE ROAD,YAXLEY,PETERBOROUGH,HUNTINGDONSHIRE,CAMBRIDGESHIRE,Standard,Addition,52.5172050000,-0.2668420000
60000,1997-08-15 00:00:00Z,PE7 3NR,Semi-Detached,Established,Freehold,279,,BROADWAY,YAXLEY,PETERBOROUGH,HUNTINGDONSHIRE,CAMBRIDGESHIRE,Standard,Addition,52.5161780000,-0.2663390000
43500,1997-10-10 00:00:00Z,PE7 3NT,Semi-Detached,Established,Freehold,170,,BROADWAY,YAXLEY,PETERBOROUGH,HUNTINGDONSHIRE,CAMBRIDGESHIRE,Standard,Addition,52.5169790000,-0.2606320000
97000,1997-08-13 00:00:00Z,PE7 3WT,Detached,New Build,Freehold,3,,LAWN CLOSE,YAXLEY,PETERBOROUGH,HUNTINGDONSHIRE,CAMBRIDGESHIRE,Standard,Addition,52.5131380000,-0.2604740000
40000,1997-01-10 00:00:00Z,PE7 3HW,Terraced,Established,Freehold,11,,OWL END WALK,YAXLEY,PETERBOROUGH,HUNTINGDONSHIRE,CAMBRIDGESHIRE,Standard,Addition,52.5172370000,-0.2671650000
74950,1997-02-14 00:00:00Z,PE7 3YY,Detached,New Build,Freehold,29,,VICARAGE WAY,YAXLEY,PETERBOROUGH,HUNTINGDONSHIRE,CAMBRIDGESHIRE,Standard,Addition,52.5129230000,-0.2648000000
65000,1997-06-06 00:00:00Z,PE7 3YX,Detached,Established,Freehold,1,,WISTERIA ROAD,YAXLEY,PETERBOROUGH,HUNTINGDONSHIRE,CAMBRIDGESHIRE,Standard,Addition,52.5124070000,-0.2639510000
51000,1997-10-31 00:00:00Z,PE7 3HL,Detached,Established,Freehold,5,,THE ROOKERY,YAXLEY,PETERBOROUGH,HUNTINGDONSHIRE,CAMBRIDGESHIRE,Standard,Addition,52.5169480000,-0.2646270000
51950,1997-06-20 00:00:00Z,PE7 3WH,Semi-Detached,New Build,Freehold,6,,POOLEY WAY,YAXLEY,PETERBOROUGH,HUNTINGDONSHIRE,CAMBRIDGESHIRE,Standard,Addition,52.5184080000,-0.2624030000
53950,1997-12-01 00:00:00Z,PE7 3WH,Detached,New Build,Freehold,12,,POOLEY WAY,YAXLEY,PETERBOROUGH,HUNTINGDONSHIRE,CAMBRIDGESHIRE,Standard,Addition,52.5184080000,-0.2624030000
58000,1997-06-06 00:00:00Z,PE7 3HW,Semi-Detached,Established,Freehold,29,,OWL END WALK,YAXLEY,PETERBOROUGH,HUNTINGDONSHIRE,CAMBRIDGESHIRE,Standard,Addition,52.5172370000,-0.2671650000
63000,1997-04-21 00:00:00Z,PE7 3HJ,Terraced,Established,Freehold,3,,COCK CLOSE ROAD,YAXLEY,PETERBOROUGH,HUNTINGDONSHIRE,CAMBRIDGESHIRE,Standard,Addition,52.5172050000,-0.2668420000
142500,1997-03-21 00:00:00Z,PE7 3NR,Detached,Established,Freehold,295,,BROADWAY,YAXLEY,PETERBOROUGH,HUNTINGDONSHIRE,CAMBRIDGESHIRE,Standard,Addition,52.5161780000,-0.2663390000
53950,1997-07-25 00:00:00Z,PE7 3WH,Detached,New Build,Freehold,14,,POOLEY WAY,YAXLEY,PETERBOROUGH,HUNTINGDONSHIRE,CAMBRIDGESHIRE,Standard,Addition,52.5184080000,-0.2624030000
58000,1997-06-20 00:00:00Z,PE7 3HP,Detached,Established,Freehold,10,,PARTRIDGE CLOSE,YAXLEY,PETERBOROUGH,HUNTINGDONSHIRE,CAMBRIDGESHIRE,Standard,Addition,52.5178030000,-0.2683370000
62750,1997-07-07 00:00:00Z,PE7 3HW,Detached,Established,Freehold,30,,OWL END WALK,YAXLEY,PETERBOROUGH,HUNTINGDONSHIRE,CAMBRIDGESHIRE,Standard,Addition,52.5172370000,-0.2671650000
67000,1997-02-21 00:00:00Z,PE7 3YT,Detached,Established,Freehold,1,,FIELD RISE,YAXLEY,PETERBOROUGH,HUNTINGDONSHIRE,CAMBRIDGESHIRE,Standard,Addition,52.5139240000,-0.2644220000
73000,1997-05-23 00:00:00Z,PE7 3LJ,Detached,Established,Freehold,6,,WEST END,YAXLEY,PETERBOROUGH,HUNTINGDONSHIRE,CAMBRIDGESHIRE,Standard,Addition,52.5101800000,-0.2641270000
65000,1997-07-10 00:00:00Z,PE7 3YZ,Detached,Established,Freehold,8,,LEE ROAD,YAXLEY,PETERBOROUGH,HUNTINGDONSHIRE,CAMBRIDGESHIRE,Standard,Addition,52.5127340000,-0.2617570000
44000,1997-12-19 00:00:00Z,PE7 3LJ,Semi-Detached,Established,Freehold,18,,WEST END,YAXLEY,PETERBOROUGH,HUNTINGDONSHIRE,CAMBRIDGESHIRE,Standard,Addition,52.5101800000,-0.2641270000
57000,1997-03-07 00:00:00Z,PE7 3YZ,Detached,Established,Freehold,2,,LEE ROAD,YAXLEY,PETERBOROUGH,HUNTINGDONSHIRE,CAMBRIDGESHIRE,Standard,Addition,52.5127340000,-0.2617570000
53950,1997-10-10 00:00:00Z,PE7 3WH,Semi-Detached,New Build,Freehold,10,,POOLEY WAY,YAXLEY,PETERBOROUGH,HUNTINGDONSHIRE,CAMBRIDGESHIRE,Standard,Addition,52.5184080000,-0.2624030000
66000,1997-10-17 00:00:00Z,PE7 3NY,Detached,Established,Freehold,2,,MOUNTBATTEN AVENUE,YAXLEY,PETERBOROUGH,HUNTINGDONSHIRE,CAMBRIDGESHIRE,Standard,Addition,52.5158230000,-0.2614590000
100500,1997-11-06 00:00:00Z,PE7 3YY,Detached,Established,Freehold,19,,VICARAGE WAY,YAXLEY,PETERBOROUGH,HUNTINGDONSHIRE,CAMBRIDGESHIRE,Standard,Addition,52.5129230000,-0.2648000000
85500,1997-04-30 00:00:00Z,PE7 3LJ,Detached,Established,Freehold,17,,WEST END,YAXLEY,PETERBOROUGH,HUNTINGDONSHIRE,CAMBRIDGESHIRE,Standard,Addition,52.5101800000,-0.2641270000
54950,1997-07-24 00:00:00Z,PE7 3WH,Semi-Detached,New Build,Freehold,16,,POOLEY WAY,YAXLEY,PETERBOROUGH,HUNTINGDONSHIRE,CAMBRIDGESHIRE,Standard,Addition,52.5184080000,-0.2624030000
33500,1997-01-31 00:00:00Z,PE7 3LH,Terraced,Established,Freehold,32,,CHURCH STREET,YAXLEY,PETERBOROUGH,HUNTINGDONSHIRE,CAMBRIDGESHIRE,Standard,Addition,52.5114190000,-0.2646680000
35995,1997-05-09 00:00:00Z,PE7 3HJ,Semi-Detached,Established,Freehold,10,,COCK CLOSE ROAD,YAXLEY,PETERBOROUGH,HUNTINGDONSHIRE,CAMBRIDGESHIRE,Standard,Addition,52.5172050000,-0.2668420000
50000,1997-11-27 00:00:00Z,PE7 3HJ,Detached,Established,Freehold,4,,COCK CLOSE ROAD,YAXLEY,PETERBOROUGH,HUNTINGDONSHIRE,CAMBRIDGESHIRE,Standard,Addition,52.5172050000,-0.2668420000
76000,1997-08-08 00:00:00Z,PE7 3LN,Semi-Detached,Established,Freehold,14,,CHAPEL STREET,YAXLEY,PETERBOROUGH,HUNTINGDONSHIRE,CAMBRIDGESHIRE,Standard,Addition,52.5145890000,-0.2613010000
70000,1997-04-11 00:00:00Z,PE7 3YZ,Detached,Established,Freehold,11,,LEE ROAD,YAXLEY,PETERBOROUGH,HUNTINGDONSHIRE,CAMBRIDGESHIRE,Standard,Addition,52.5127340000,-0.2617570000
73000,1997-04-16 00:00:00Z,PE7 3NR,Detached,Established,Freehold,268,,BROADWAY,YAXLEY,PETERBOROUGH,HUNTINGDONSHIRE,CAMBRIDGESHIRE,Standard,Addition,52.5161780000,-0.2663390000
46500,1997-03-26 00:00:00Z,PE7 3NT,Semi-Detached,Established,Freehold,178,,BROADWAY,YAXLEY,PETERBOROUGH,HUNTINGDONSHIRE,CAMBRIDGESHIRE,Standard,Addition,52.5169790000,-0.2606320000
65000,1997-06-06 00:00:00Z,PE7 3HP,Detached,Established,Freehold,6,,PARTRIDGE CLOSE,YAXLEY,PETERBOROUGH,HUNTINGDONSHIRE,CAMBRIDGESHIRE,Standard,Addition,52.5178030000,-0.2683370000
73950,1997-05-02 00:00:00Z,PE7 3YY,Detached,New Build,Freehold,17,,VICARAGE WAY,YAXLEY,PETERBOROUGH,HUNTINGDONSHIRE,CAMBRIDGESHIRE,Standard,Addition,52.5129230000,-0.2648000000
91950,1997-04-04 00:00:00Z,PE7 3YY,Detached,New Build,Freehold,48,,VICARAGE WAY,YAXLEY,PETERBOROUGH,HUNTINGDONSHIRE,CAMBRIDGESHIRE,Standard,Addition,52.5129230000,-0.2648000000
60000,1997-05-15 00:00:00Z,PE7 3LF,Semi-Detached,Established,Freehold,23,,WESTFIELD ROAD,YAXLEY,PETERBOROUGH,HUNTINGDONSHIRE,CAMBRIDGESHIRE,Standard,Addition,52.5133680000,-0.2633090000
27000,1997-06-02 00:00:00Z,PE7 3NR,Semi-Detached,Established,Freehold,234,,BROADWAY,YAXLEY,PETERBOROUGH,HUNTINGDONSHIRE,CAMBRIDGESHIRE,Standard,Addition,52.5161780000,-0.2663390000
99500,1997-04-17 00:00:00Z,PE7 3WT,Detached,New Build,Freehold,1,,LAWN CLOSE,YAXLEY,PETERBOROUGH,HUNTINGDONSHIRE,CAMBRIDGESHIRE,Standard,Addition,52.5131380000,-0.2604740000
67950,1997-12-19 00:00:00Z,PE7 3WH,Detached,New Build,Freehold,15,,POOLEY WAY,YAXLEY,PETERBOROUGH,HUNTINGDONSHIRE,CAMBRIDGESHIRE,Standard,Addition,52.5184080000,-0.2624030000
94950,1997-04-15 00:00:00Z,PE7 3YY,Detached,New Build,Freehold,43,,VICARAGE WAY,YAXLEY,PETERBOROUGH,HUNTINGDONSHIRE,CAMBRIDGESHIRE,Standard,Addition,52.5129230000,-0.2648000000
65000,1997-02-28 00:00:00Z,PE7 3YY,Detached,Established,Freehold,2A,,VICARAGE WAY,YAXLEY,PETERBOROUGH,HUNTINGDONSHIRE,CAMBRIDGESHIRE,Standard,Addition,52.5129230000,-0.2648000000
59500,1997-01-23 00:00:00Z,PE7 3LF,Semi-Detached,Established,Freehold,23,,WESTFIELD ROAD,YAXLEY,PETERBOROUGH,HUNTINGDONSHIRE,CAMBRIDGESHIRE,Standard,Addition,52.5133680000,-0.2633090000
61000,1998-05-01 00:00:00Z,PE7 3HN,Detached,Established,Freehold,26,,PHEASANT WAY,YAXLEY,PETERBOROUGH,HUNTINGDONSHIRE,CAMBRIDGESHIRE,Standard,Addition,52.5167260000,-0.2679080000
82000,1998-10-16 00:00:00Z,PE7 3YY,Semi-Detached,Established,Freehold,32,,VICARAGE WAY,YAXLEY,PETERBOROUGH,HUNTINGDONSHIRE,CAMBRIDGESHIRE,Standard,Addition,52.5129230000,-0.2648000000
64000,1998-03-27 00:00:00Z,PE7 3HR,Detached,Established,Freehold,13,,NIGHTINGALE DRIVE,YAXLEY,PETERBOROUGH,HUNTINGDONSHIRE,CAMBRIDGESHIRE,Standard,Addition,52.5181080000,-0.2664970000
46000,1998-02-24 00:00:00Z,PE7 3HL,Semi-Detached,Established,Freehold,21,,THE ROOKERY,YAXLEY,PETERBOROUGH,HUNTINGDONSHIRE,CAMBRIDGESHIRE,Standard,Addition,52.5169480000,-0.2646270000
46000,1998-11-27 00:00:00Z,PE7 3NT,Semi-Detached,Established,Freehold,166,,BROADWAY,YAXLEY,PETERBOROUGH,HUNTINGDONSHIRE,CAMBRIDGESHIRE,Standard,Addition,52.5169790000,-0.2606320000
67000,1998-04-27 00:00:00Z,PE7 3NT,Semi-Detached,Established,Freehold,207,,BROADWAY,YAXLEY,PETERBOROUGH,HUNTINGDONSHIRE,CAMBRIDGESHIRE,Standard,Addition,52.5169790000,-0.2606320000
55950,1998-03-06 00:00:00Z,PE7 3WZ,Semi-Detached,New Build,Freehold,2,,SEATON CLOSE,YAXLEY,PETERBOROUGH,HUNTINGDONSHIRE,CAMBRIDGESHIRE,Standard,Addition,52.5183220000,-0.2632610000
72000,1998-05-01 00:00:00Z,PE7 3HJ,Detached,Established,Freehold,2,,COCK CLOSE ROAD,YAXLEY,PETERBOROUGH,HUNTINGDONSHIRE,CAMBRIDGESHIRE,Standard,Addition,52.5172050000,-0.2668420000
46500,1998-11-27 00:00:00Z,PE7 3HW,Terraced,Established,Freehold,36,,OWL END WALK,YAXLEY,PETERBOROUGH,HUNTINGDONSHIRE,CAMBRIDGESHIRE,Standard,Addition,52.5172370000,-0.2671650000
67500,1998-09-03 00:00:00Z,PE7 3YY,Detached,Established,Freehold,5,,VICARAGE WAY,YAXLEY,PETERBOROUGH,HUNTINGDONSHIRE,CAMBRIDGESHIRE,Standard,Addition,52.5129230000,-0.2648000000
55950,1998-05-29 00:00:00Z,PE7 3WH,Semi-Detached,New Build,Freehold,5,,POOLEY WAY,YAXLEY,PETERBOROUGH,HUNTINGDONSHIRE,CAMBRIDGESHIRE,Standard,Addition,52.5184080000,-0.2624030000
66000,1998-12-11 00:00:00Z,PE7 3LW,Semi-Detached,Established,Freehold,33,,CHAPEL STREET,YAXLEY,PETERBOROUGH,HUNTINGDONSHIRE,CAMBRIDGESHIRE,Standard,Addition,52.5148250000,-0.2614980000
63000,1998-10-09 00:00:00Z,PE7 3LG,Detached,Established,Freehold,10,,WESTFIELD ROAD,YAXLEY,PETERBOROUGH,HUNTINGDONSHIRE,CAMBRIDGESHIRE,Standard,Addition,52.5129640000,-0.2627210000
55950,1998-01-26 00:00:00Z,PE7 3WH,Semi-Detached,New Build,Freehold,7,,POOLEY WAY,YAXLEY,PETERBOROUGH,HUNTINGDONSHIRE,CAMBRIDGESHIRE,Standard,Addition,52.5184080000,-0.2624030000
54000,1998-02-13 00:00:00Z,PE7 3NR,Semi-Detached,Established,Freehold,234,,BROADWAY,YAXLEY,PETERBOROUGH,HUNTINGDONSHIRE,CAMBRIDGESHIRE,Standard,Addition,52.5161780000,-0.2663390000
98500,1998-01-08 00:00:00Z,PE7 3LJ,Detached,Established,Freehold,19,,WEST END,YAXLEY,PETERBOROUGH,HUNTINGDONSHIRE,CAMBRIDGESHIRE,Standard,Addition,52.5101800000,-0.2641270000
52000,1998-06-08 00:00:00Z,PE7 3YY,Detached,Established,Freehold,5,,VICARAGE WAY,YAXLEY,PETERBOROUGH,HUNTINGDONSHIRE,CAMBRIDGESHIRE,Standard,Addition,52.5129230000,-0.2648000000
92000,1998-08-28 00:00:00Z,PE7 3WH,Detached,New Build,Freehold,19,,POOLEY WAY,YAXLEY,PETERBOROUGH,HUNTINGDONSHIRE,CAMBRIDGESHIRE,Standard,Addition,52.5184080000,-0.2624030000
49000,1998-09-01 00:00:00Z,PE7 3NR,Semi-Detached,Established,Freehold,246,,BROADWAY,YAXLEY,PETERBOROUGH,HUNTINGDONSHIRE,CAMBRIDGESHIRE,Standard,Addition,52.5161780000,-0.2663390000
45500,1998-07-31 00:00:00Z,PE7 3LN,Terraced,Established,Freehold,46,,CHAPEL STREET,YAXLEY,PETERBOROUGH,HUNTINGDONSHIRE,CAMBRIDGESHIRE,Standard,Addition,52.5145890000,-0.2613010000
37500,1998-09-01 00:00:00Z,PE7 3HW,Semi-Detached,Established,Freehold,8,,OWL END WALK,YAXLEY,PETERBOROUGH,HUNTINGDONSHIRE,CAMBRIDGESHIRE,Standard,Addition,52.5172370000,-0.2671650000
59000,1998-07-09 00:00:00Z,PE7 3LB,Detached,Established,Freehold,148A,,MAIN STREET,YAXLEY,PETERBOROUGH,HUNTINGDONSHIRE,CAMBRIDGESHIRE,Standard,Addition,52.5123250000,-0.2608450000
57000,1998-07-17 00:00:00Z,PE7 3NT,Detached,Established,Freehold,196,,BROADWAY,YAXLEY,PETERBOROUGH,HUNTINGDONSHIRE,CAMBRIDGESHIRE,Standard,Addition,52.5169790000,-0.2606320000
99950,1998-04-24 00:00:00Z,PE7 3WH,Detached,New Build,Freehold,21,,POOLEY WAY,YAXLEY,PETERBOROUGH,HUNTINGDONSHIRE,CAMBRIDGESHIRE,Standard,Addition,52.5184080000,-0.2624030000
52995,1998-05-29 00:00:00Z,PE7 3YJ,Semi-Detached,Established,Freehold,23,,GREEN LANE,YAXLEY,PETERBOROUGH,HUNTINGDONSHIRE,CAMBRIDGESHIRE,Standard,Addition,52.5177220000,-0.2640340000
58000,1998-08-07 00:00:00Z,PE7 3HJ,Detached,Established,Freehold,4,,COCK CLOSE ROAD,YAXLEY,PETERBOROUGH,HUNTINGDONSHIRE,CAMBRIDGESHIRE,Standard,Addition,52.5172050000,-0.2668420000
91500,1998-10-27 00:00:00Z,PE7 3LJ,Detached,Established,Freehold,11,,WEST END,YAXLEY,PETERBOROUGH,HUNTINGDONSHIRE,CAMBRIDGESHIRE,Standard,Addition,52.5101800000,-0.2641270000
54500,1998-01-16 00:00:00Z,PE7 3WH,Semi-Detached,New Build,Freehold,9,,POOLEY WAY,YAXLEY,PETERBOROUGH,HUNTINGDONSHIRE,CAMBRIDGESHIRE,Standard,Addition,52.5184080000,-0.2624030000
45500,1998-01-09 00:00:00Z,PE7 3HR,Semi-Detached,Established,Freehold,12,,NIGHTINGALE DRIVE,YAXLEY,PETERBOROUGH,HUNTINGDONSHIRE,CAMBRIDGESHIRE,Standard,Addition,52.5181080000,-0.2664970000
48000,1998-03-27 00:00:00Z,PE7 3HW,Terraced,Established,Freehold,12,,OWL END WALK,YAXLEY,PETERBOROUGH,HUNTINGDONSHIRE,CAMBRIDGESHIRE,Standard,Addition,52.5172370000,-0.2671650000
66000,1998-10-30 00:00:00Z,PE7 3LN,Detached,Established,Freehold,82,,CHAPEL STREET,YAXLEY,PETERBOROUGH,HUNTINGDONSHIRE,CAMBRIDGESHIRE,Standard,Addition,52.5145890000,-0.2613010000
72000,1998-11-26 00:00:00Z,PE7 3YY,Detached,Established,Freehold,28,,VICARAGE WAY,YAXLEY,PETERBOROUGH,HUNTINGDONSHIRE,CAMBRIDGESHIRE,Standard,Addition,52.5129230000,-0.2648000000
72000,1998-11-20 00:00:00Z,PE7 3YT,Detached,Established,Freehold,33,,FIELD RISE,YAXLEY,PETERBOROUGH,HUNTINGDONSHIRE,CAMBRIDGESHIRE,Standard,Addition,52.5139240000,-0.2644220000
89950,1998-09-25 00:00:00Z,PE7 3YF,Detached,Established,Freehold,12,,ABBOTT WAY,YAXLEY,PETERBOROUGH,HUNTINGDONSHIRE,CAMBRIDGESHIRE,Standard,Addition,52.5106450000,-0.2645950000
53000,1998-04-17 00:00:00Z,PE7 3HR,Detached,Established,Freehold,8,,NIGHTINGALE DRIVE,YAXLEY,PETERBOROUGH,HUNTINGDONSHIRE,CAMBRIDGESHIRE,Standard,Addition,52.5181080000,-0.2664970000
72500,1998-11-23 00:00:00Z,PE7 3LG,Detached,Established,Freehold,42,,WESTFIELD ROAD,YAXLEY,PETERBOROUGH,HUNTINGDONSHIRE,CAMBRIDGESHIRE,Standard,Addition,52.5129640000,-0.2627210000
30000,1998-06-12 00:00:00Z,PE7 3HW,Terraced,Established,Freehold,40,,OWL END WALK,YAXLEY,PETERBOROUGH,HUNTINGDONSHIRE,CAMBRIDGESHIRE,Standard,Addition,52.5172370000,-0.2671650000
71500,1998-09-25 00:00:00Z,PE7 3LG,Detached,Established,Freehold,38,,WESTFIELD ROAD,YAXLEY,PETERBOROUGH,HUNTINGDONSHIRE,CAMBRIDGESHIRE,Standard,Addition,52.5129640000,-0.2627210000
60000,1998-08-28 00:00:00Z,PE7 3NR,Semi-Detached,Established,Freehold,281,,BROADWAY,YAXLEY,PETERBOROUGH,HUNTINGDONSHIRE,CAMBRIDGESHIRE,Standard,Addition,52.5161780000,-0.2663390000
99950,1998-01-23 00:00:00Z,PE7 3WH,Detached,New Build,Freehold,3,,POOLEY WAY,YAXLEY,PETERBOROUGH,HUNTINGDONSHIRE,CAMBRIDGESHIRE,Standard,Addition,52.5184080000,-0.2624030000
67000,1998-06-22 00:00:00Z,PE7 3NP,Semi-Detached,Established,Freehold,24,,LONDON ROAD,YAXLEY,PETERBOROUGH,HUNTINGDONSHIRE,CAMBRIDGESHIRE,Standard,Addition,52.5189090000,-0.2689690000
65000,1998-01-30 00:00:00Z,PE7 3NR,Semi-Detached,Established,Freehold,256,,BROADWAY,YAXLEY,PETERBOROUGH,HUNTINGDONSHIRE,CAMBRIDGESHIRE,Standard,Addition,52.5161780000,-0.2663390000
103450,1998-05-20 00:00:00Z,PE7 3WH,Detached,New Build,Freehold,23,,POOLEY WAY,YAXLEY,PETERBOROUGH,HUNTINGDONSHIRE,CAMBRIDGESHIRE,Standard,Addition,52.5184080000,-0.2624030000
53000,1998-05-01 00:00:00Z,PE7 3HJ,Detached,Established,Freehold,13,,COCK CLOSE ROAD,YAXLEY,PETERBOROUGH,HUNTINGDONSHIRE,CAMBRIDGESHIRE,Standard,Addition,52.5172050000,-0.2668420000
43000,1998-06-30 00:00:00Z,PE7 3HW,Terraced,Established,Freehold,13,,OWL END WALK,YAXLEY,PETERBOROUGH,HUNTINGDONSHIRE,CAMBRIDGESHIRE,Standard,Addition,52.5172370000,-0.2671650000
60000,1998-08-28 00:00:00Z,PE7 3WH,Detached,New Build,Freehold,17,,POOLEY WAY,YAXLEY,PETERBOROUGH,HUNTINGDONSHIRE,CAMBRIDGESHIRE,Standard,Addition,52.5184080000,-0.2624030000
59000,1999-08-11 00:00:00Z,PE7 3HW,Semi-Detached,Established,Freehold,29,,OWL END WALK,YAXLEY,PETERBOROUGH,HUNTINGDONSHIRE,CAMBRIDGESHIRE,Standard,Addition,52.5172370000,-0.2671650000
195000,1999-12-14 00:00:00Z,PE7 3ZF,Detached,New Build,Freehold,5,,PROBY CLOSE,YAXLEY,PETERBOROUGH,HUNTINGDONSHIRE,CAMBRIDGESHIRE,Standard,Addition,52.5133250000,-0.2689400000
230000,1999-10-18 00:00:00Z,PE7 3LH,Detached,Established,Freehold,17,,CHURCH STREET,YAXLEY,PETERBOROUGH,HUNTINGDONSHIRE,CAMBRIDGESHIRE,Standard,Addition,52.5114190000,-0.2646680000
70000,1999-05-10 00:00:00Z,PE7 3HP,Detached,Established,Freehold,3,,PARTRIDGE CLOSE,YAXLEY,PETERBOROUGH,HUNTINGDONSHIRE,CAMBRIDGESHIRE,Standard,Addition,52.5178030000,-0.2683370000
76000,1999-11-26 00:00:00Z,PE7 3NR,Detached,Established,Freehold,283,,BROADWAY,YAXLEY,PETERBOROUGH,HUNTINGDONSHIRE,CAMBRIDGESHIRE,Standard,Addition,52.5161780000,-0.2663390000
72500,1999-06-30 00:00:00Z,PE7 3HL,Detached,Established,Freehold,17,,THE ROOKERY,YAXLEY,PETERBOROUGH,HUNTINGDONSHIRE,CAMBRIDGESHIRE,Standard,Addition,52.5169480000,-0.2646270000
54500,1999-10-08 00:00:00Z,PE7 3HJ,Semi-Detached,Established,Freehold,14,,COCK CLOSE ROAD,YAXLEY,PETERBOROUGH,HUNTINGDONSHIRE,CAMBRIDGESHIRE,Standard,Addition,52.5172050000,-0.2668420000
99950,1999-10-22 00:00:00Z,PE7 3LJ,Detached,Established,Freehold,21,,WEST END,YAXLEY,PETERBOROUGH,HUNTINGDONSHIRE,CAMBRIDGESHIRE,Standard,Addition,52.5101800000,-0.2641270000
47000,1999-02-09 00:00:00Z,PE7 3LF,Detached,Established,Freehold,47,,WESTFIELD ROAD,YAXLEY,PETERBOROUGH,HUNTINGDONSHIRE,CAMBRIDGESHIRE,Standard,Addition,52.5133680000,-0.2633090000
94750,1999-01-15 00:00:00Z,PE7 3YY,Detached,Established,Freehold,21,,VICARAGE WAY,YAXLEY,PETERBOROUGH,HUNTINGDONSHIRE,CAMBRIDGESHIRE,Standard,Addition,52.5129230000,-0.2648000000
55500,1999-10-29 00:00:00Z,PE7 3HL,Semi-Detached,Established,Freehold,9,,THE ROOKERY,YAXLEY,PETERBOROUGH,HUNTINGDONSHIRE,CAMBRIDGESHIRE,Standard,Addition,52.5169480000,-0.2646270000
130000,1999-01-08 00:00:00Z,PE7 3NT,Detached,Established,Freehold,235,,BROADWAY,YAXLEY,PETERBOROUGH,HUNTINGDONSHIRE,CAMBRIDGESHIRE,Standard,Addition,52.5169790000,-0.2606320000
96950,1999-07-02 00:00:00Z,PE7 3LJ,Detached,Established,Freehold,23,,WEST END,YAXLEY,PETERBOROUGH,HUNTINGDONSHIRE,CAMBRIDGESHIRE,Standard,Addition,52.5101800000,-0.2641270000
73500,1999-03-01 00:00:00Z,PE7 3LF,Semi-Detached,Established,Freehold,29,,WESTFIELD ROAD,YAXLEY,PETERBOROUGH,HUNTINGDONSHIRE,CAMBRIDGESHIRE,Standard,Addition,52.5133680000,-0.2633090000
38947,1999-08-10 00:00:00Z,PE7 3LB,Terraced,Established,Freehold,134,,MAIN STREET,YAXLEY,PETERBOROUGH,HUNTINGDONSHIRE,CAMBRIDGESHIRE,Standard,Addition,52.5123250000,-0.2608450000
108000,1999-09-28 00:00:00Z,PE7 3YY,Detached,Established,Freehold,48,,VICARAGE WAY,YAXLEY,PETERBOROUGH,HUNTINGDONSHIRE,CAMBRIDGESHIRE,Standard,Addition,52.5129230000,-0.2648000000
59995,1999-03-12 00:00:00Z,PE7 3YJ,Semi-Detached,Established,Freehold,30,,GREEN LANE,YAXLEY,PETERBOROUGH,HUNTINGDONSHIRE,CAMBRIDGESHIRE,Standard,Addition,52.5177220000,-0.2640340000
41000,1999-04-16 00:00:00Z,PE7 3NT,Semi-Detached,Established,Freehold,237,,BROADWAY,YAXLEY,PETERBOROUGH,HUNTINGDONSHIRE,CAMBRIDGESHIRE,Standard,Addition,52.5169790000,-0.2606320000
71500,1999-01-14 00:00:00Z,PE7 3YT,Semi-Detached,Established,Freehold,31,,FIELD RISE,YAXLEY,PETERBOROUGH,HUNTINGDONSHIRE,CAMBRIDGESHIRE,Standard,Addition,52.5139240000,-0.2644220000
119000,1999-12-13 00:00:00Z,PE7 3YF,Detached,Established,Freehold,20,,ABBOTT WAY,YAXLEY,PETERBOROUGH,HUNTINGDONSHIRE,CAMBRIDGESHIRE,Standard,Addition,52.5106450000,-0.2645950000
74750,1999-10-27 00:00:00Z,PE7 3LW,Detached,Established,Freehold,11,,CHAPEL STREET,YAXLEY,PETERBOROUGH,HUNTINGDONSHIRE,CAMBRIDGESHIRE,Standard,Addition,52.5148250000,-0.2614980000
80000,1999-09-07 00:00:00Z,PE7 3NW,Semi-Detached,Established,Freehold,1,,WESTFIELD CLOSE,YAXLEY,PETERBOROUGH,HUNTINGDONSHIRE,CAMBRIDGESHIRE,Standard,Addition,52.5145710000,-0.2625540000
79450,1999-03-12 00:00:00Z,PE7 3LN,Detached,Established,Freehold,10,,CHAPEL STREET,YAXLEY,PETERBOROUGH,HUNTINGDONSHIRE,CAMBRIDGESHIRE,Standard,Addition,52.5145890000,-0.2613010000
37000,1999-03-26 00:00:00Z,PE7 3HW,Terraced,Established,Freehold,6,,OWL END WALK,YAXLEY,PETERBOROUGH,HUNTINGDONSHIRE,CAMBRIDGESHIRE,Standard,Addition,52.5172370000,-0.2671650000
66500,1999-08-18 00:00:00Z,PE7 3LF,Detached,Established,Freehold,13,,WESTFIELD ROAD,YAXLEY,PETERBOROUGH,HUNTINGDONSHIRE,CAMBRIDGESHIRE,Standard,Addition,52.5133680000,-0.2633090000
50500,1999-09-03 00:00:00Z,PE7 3YT,Detached,Established,Freehold,45,,FIELD RISE,YAXLEY,PETERBOROUGH,HUNTINGDONSHIRE,CAMBRIDGESHIRE,Standard,Addition,52.5139240000,-0.2644220000
115000,1999-10-18 00:00:00Z,PE7 3LJ,Detached,Established,Freehold,8,,WEST END,YAXLEY,PETERBOROUGH,HUNTINGDONSHIRE,CAMBRIDGESHIRE,Standard,Addition,52.5101800000,-0.2641270000
116000,1999-09-30 00:00:00Z,PE7 3NF,Detached,Established,Freehold,12,,DOVECOTE LANE,YAXLEY,PETERBOROUGH,HUNTINGDONSHIRE,CAMBRIDGESHIRE,Standard,Addition,52.5148280000,-0.2696480000
93000,1999-06-28 00:00:00Z,PE7 3NY,Detached,Established,Freehold,25,,MOUNTBATTEN AVENUE,YAXLEY,PETERBOROUGH,HUNTINGDONSHIRE,CAMBRIDGESHIRE,Standard,Addition,52.5158230000,-0.2614590000
75000,1999-08-20 00:00:00Z,PE7 3HN,Semi-Detached,Established,Freehold,28,,PHEASANT WAY,YAXLEY,PETERBOROUGH,HUNTINGDONSHIRE,CAMBRIDGESHIRE,Standard,Addition,52.5167260000,-0.2679080000
97000,1999-12-10 00:00:00Z,PE7 3YY,Detached,Established,Freehold,37,,VICARAGE WAY,YAXLEY,PETERBOROUGH,HUNTINGDONSHIRE,CAMBRIDGESHIRE,Standard,Addition,52.5129230000,-0.2648000000
48950,1999-06-11 00:00:00Z,PE7 3HP,Semi-Detached,Established,Freehold,26,,PARTRIDGE CLOSE,YAXLEY,PETERBOROUGH,HUNTINGDONSHIRE,CAMBRIDGESHIRE,Standard,Addition,52.5178030000,-0.2683370000
53000,1999-05-28 00:00:00Z,PE7 3HJ,Semi-Detached,Established,Freehold,29,,COCK CLOSE ROAD,YAXLEY,PETERBOROUGH,HUNTINGDONSHIRE,CAMBRIDGESHIRE,Standard,Addition,52.5172050000,-0.2668420000
53450,1999-10-08 00:00:00Z,PE7 3LJ,Semi-Detached,Established,Freehold,18,,WEST END,YAXLEY,PETERBOROUGH,HUNTINGDONSHIRE,CAMBRIDGESHIRE,Standard,Addition,52.5101800000,-0.2641270000
69995,1999-01-15 00:00:00Z,PE7 3HN,Semi-Detached,Established,Freehold,2,,PHEASANT WAY,YAXLEY,PETERBOROUGH,HUNTINGDONSHIRE,CAMBRIDGESHIRE,Standard,Addition,52.5167260000,-0.2679080000
37500,1999-09-16 00:00:00Z,PE7 3YE,Flats/Maisonettes,Established,Leasehold,17,,WYKES ROAD,YAXLEY,PETERBOROUGH,HUNTINGDONSHIRE,CAMBRIDGESHIRE,Standard,Addition,52.5107360000,-0.2652990000
54500,1999-05-10 00:00:00Z,PE7 3HP,Semi-Detached,Established,Freehold,16,,PARTRIDGE CLOSE,YAXLEY,PETERBOROUGH,HUNTINGDONSHIRE,CAMBRIDGESHIRE,Standard,Addition,52.5178030000,-0.2683370000
59000,1999-07-30 00:00:00Z,PE7 3NR,Semi-Detached,Established,Freehold,275,,BROADWAY,YAXLEY,PETERBOROUGH,CITY OF PETERBOROUGH,CITY OF PETERBOROUGH,Standard,Addition,52.5161780000,-0.2663390000
74000,1999-08-23 00:00:00Z,PE7 3HR,Detached,Established,Freehold,14,,NIGHTINGALE DRIVE,YAXLEY,PETERBOROUGH,HUNTINGDONSHIRE,CAMBRIDGESHIRE,Standard,Addition,52.5181080000,-0.2664970000
81000,1999-12-20 00:00:00Z,PE7 3YU,Detached,Established,Freehold,19,,STONEHOUSE ROAD,YAXLEY,PETERBOROUGH,HUNTINGDONSHIRE,CAMBRIDGESHIRE,Standard,Addition,52.5136880000,-0.2618230000
64500,1999-11-26 00:00:00Z,PE7 3HN,Semi-Detached,Established,Freehold,27,,PHEASANT WAY,YAXLEY,PETERBOROUGH,HUNTINGDONSHIRE,CAMBRIDGESHIRE,Standard,Addition,52.5167260000,-0.2679080000
179500,1999-12-03 00:00:00Z,PE7 3ZF,Detached,New Build,Freehold,4,,PROBY CLOSE,YAXLEY,PETERBOROUGH,HUNTINGDONSHIRE,CAMBRIDGESHIRE,Standard,Addition,52.5133250000,-0.2689400000
54000,1999-11-05 00:00:00Z,PE7 3HR,Terraced,Established,Freehold,10,,NIGHTINGALE DRIVE,YAXLEY,PETERBOROUGH,HUNTINGDONSHIRE,CAMBRIDGESHIRE,Standard,Addition,52.5181080000,-0.2664970000
76995,1999-07-30 00:00:00Z,PE7 3HN,Detached,Established,Freehold,30,,PHEASANT WAY,YAXLEY,PETERBOROUGH,CITY OF PETERBOROUGH,CITY OF PETERBOROUGH,Standard,Addition,52.5167260000,-0.2679080000
80000,1999-12-22 00:00:00Z,PE7 3LD,Detached,Established,Freehold,191A,,MAIN STREET,YAXLEY,PETERBOROUGH,HUNTINGDONSHIRE,CAMBRIDGESHIRE,Standard,Addition,52.5116060000,-0.2608290000
93000,1999-08-18 00:00:00Z,PE7 3NT,Detached,Established,Freehold,192,,BROADWAY,YAXLEY,PETERBOROUGH,HUNTINGDONSHIRE,CAMBRIDGESHIRE,Standard,Addition,52.5169790000,-0.2606320000
59999,1999-03-26 00:00:00Z,PE7 3NT,Detached,Established,Freehold,198,,BROADWAY,YAXLEY,PETERBOROUGH,HUNTINGDONSHIRE,CAMBRIDGESHIRE,Standard,Addition,52.5169790000,-0.2606320000
89950,1999-10-08 00:00:00Z,PE7 3YY,Detached,Established,Freehold,27,,VICARAGE WAY,YAXLEY,PETERBOROUGH,HUNTINGDONSHIRE,CAMBRIDGESHIRE,Standard,Addition,52.5129230000,-0.2648000000
66950,2000-10-06 00:00:00Z,PE7 3ZQ,Terraced,New Build,Freehold,67,,FERNDALE,YAXLEY,PETERBOROUGH,HUNTINGDONSHIRE,CAMBRIDGESHIRE,Standard,Addition,52.5192260000,-0.2654510000
115995,2000-06-30 00:00:00Z,PE7 3ZP,Detached,New Build,Freehold,15,,STEPHENSON CLOSE,YAXLEY,PETERBOROUGH,HUNTINGDONSHIRE,CAMBRIDGESHIRE,Standard,Addition,52.5196330000,-0.2680730000
105950,2000-12-15 00:00:00Z,PE7 3ZW,Detached,New Build,Freehold,50,,FERNDALE,YAXLEY,PETERBOROUGH,HUNTINGDONSHIRE,CAMBRIDGESHIRE,Standard,Addition,52.5191520000,-0.2659940000
179500,2000-06-13 00:00:00Z,PE7 3ZF,Detached,New Build,Freehold,3,,PROBY CLOSE,YAXLEY,PETERBOROUGH,HUNTINGDONSHIRE,CAMBRIDGESHIRE,Standard,Addition,52.5133250000,-0.2689400000
96500,2000-06-16 00:00:00Z,PE7 3NJ,Detached,Established,Freehold,1,,BEAUVOIR PLACE,YAXLEY,PETERBOROUGH,HUNTINGDONSHIRE,CAMBRIDGESHIRE,Standard,Addition,52.5134380000,-0.2601230000
105995,2000-11-24 00:00:00Z,PE7 3YY,Semi-Detached,Established,Freehold,32,,VICARAGE WAY,YAXLEY,PETERBOROUGH,HUNTINGDONSHIRE,CAMBRIDGESHIRE,Standard,Addition,52.5129230000,-0.2648000000
78500,2000-08-23 00:00:00Z,PE7 3HW,Detached,Established,Freehold,16,,OWL END WALK,YAXLEY,PETERBOROUGH,HUNTINGDONSHIRE,CAMBRIDGESHIRE,Standard,Addition,52.5172370000,-0.2671650000
67950,2000-10-06 00:00:00Z,PE7 3ZQ,Detached,New Build,Freehold,69,,FERNDALE,YAXLEY,PETERBOROUGH,HUNTINGDONSHIRE,CAMBRIDGESHIRE,Standard,Addition,52.5192260000,-0.2654510000
59995,2000-11-15 00:00:00Z,PE7 3NP,Semi-Detached,Established,Freehold,32,,LONDON ROAD,YAXLEY,PETERBOROUGH,HUNTINGDONSHIRE,CAMBRIDGESHIRE,Standard,Addition,52.5189090000,-0.2689690000
77000,2000-07-05 00:00:00Z,PE7 3LG,Detached,Established,Freehold,46,,WESTFIELD ROAD,YAXLEY,PETERBOROUGH,HUNTINGDONSHIRE,CAMBRIDGESHIRE,Standard,Addition,52.5129640000,-0.2627210000
46000,2000-12-19 00:00:00Z,PE7 3LH,Terraced,Established,Freehold,28,,CHURCH STREET,YAXLEY,PETERBOROUGH,HUNTINGDONSHIRE,CAMBRIDGESHIRE,Standard,Addition,52.5114190000,-0.2646680000
118000,2000-12-15 00:00:00Z,PE7 3ZL,Detached,New Build,Freehold,34,,TELFORD DRIVE,YAXLEY,PETERBOROUGH,HUNTINGDONSHIRE,CAMBRIDGESHIRE,Standard,Addition,52.5192020000,-0.2668820000
159995,2000-04-27 00:00:00Z,PE7 3ZN,Detached,New Build,Freehold,7,,BRUNEL DRIVE,YAXLEY,PETERBOROUGH,HUNTINGDONSHIRE,CAMBRIDGESHIRE,Standard,Addition,52.5190640000,-0.2679040000
94995,2000-06-30 00:00:00Z,PE7 3ZP,Detached,New Build,Freehold,21,,STEPHENSON CLOSE,YAXLEY,PETERBOROUGH,HUNTINGDONSHIRE,CAMBRIDGESHIRE,Standard,Addition,52.5196330000,-0.2680730000
132995,2000-10-20 00:00:00Z,PE7 3ZS,Detached,New Build,Freehold,5,,BENTLEY AVENUE,YAXLEY,PETERBOROUGH,HUNTINGDONSHIRE,CAMBRIDGESHIRE,Standard,Addition,52.5198920000,-0.2605760000
88875,2000-06-26 00:00:00Z,PE7 3YU,Detached,Established,Freehold,13,,STONEHOUSE ROAD,YAXLEY,PETERBOROUGH,HUNTINGDONSHIRE,CAMBRIDGESHIRE,Standard,Addition,52.5136880000,-0.2618230000
54000,2000-12-08 00:00:00Z,PE7 3LH,Terraced,Established,Freehold,32,,CHURCH STREET,YAXLEY,PETERBOROUGH,HUNTINGDONSHIRE,CAMBRIDGESHIRE,Standard,Addition,52.5114190000,-0.2646680000
139500,2000-04-28 00:00:00Z,PE7 3ZL,Detached,New Build,Freehold,8,,TELFORD DRIVE,YAXLEY,PETERBOROUGH,HUNTINGDONSHIRE,CAMBRIDGESHIRE,Standard,Addition,52.5192020000,-0.2668820000
108500,2000-05-18 00:00:00Z,PE7 3ZL,Detached,New Build,Freehold,12,,TELFORD DRIVE,YAXLEY,PETERBOROUGH,HUNTINGDONSHIRE,CAMBRIDGESHIRE,Standard,Addition,52.5192020000,-0.2668820000
169995,2000-11-14 00:00:00Z,PE7 3ZP,Detached,New Build,Freehold,19,,STEPHENSON CLOSE,YAXLEY,PETERBOROUGH,HUNTINGDONSHIRE,CAMBRIDGESHIRE,Standard,Addition,52.5196330000,-0.2680730000
83500,2000-04-11 00:00:00Z,PE7 3YU,Detached,Established,Freehold,17,,STONEHOUSE ROAD,YAXLEY,PETERBOROUGH,HUNTINGDONSHIRE,CAMBRIDGESHIRE,Standard,Addition,52.5136880000,-0.2618230000
78500,2000-12-15 00:00:00Z,PE7 3HW,Detached,Established,Freehold,3,,OWL END WALK,YAXLEY,PETERBOROUGH,HUNTINGDONSHIRE,CAMBRIDGESHIRE,Standard,Addition,52.5172370000,-0.2671650000
123000,2000-10-31 00:00:00Z,PE7 3ZW,Detached,New Build,Freehold,40,,FERNDALE,YAXLEY,PETERBOROUGH,HUNTINGDONSHIRE,CAMBRIDGESHIRE,Standard,Addition,52.5191520000,-0.2659940000
109950,2000-04-28 00:00:00Z,PE7 3ZL,Semi-Detached,New Build,Freehold,10,,TELFORD DRIVE,YAXLEY,PETERBOROUGH,HUNTINGDONSHIRE,CAMBRIDGESHIRE,Standard,Addition,52.5192020000,-0.2668820000
59000,2000-04-14 00:00:00Z,PE7 3LN,Terraced,Established,Freehold,48,,CHAPEL STREET,YAXLEY,PETERBOROUGH,HUNTINGDONSHIRE,CAMBRIDGESHIRE,Standard,Addition,52.5145890000,-0.2613010000
84950,2000-04-20 00:00:00Z,PE7 3ZL,Semi-Detached,New Build,Freehold,4,,TELFORD DRIVE,YAXLEY,PETERBOROUGH,HUNTINGDONSHIRE,CAMBRIDGESHIRE,Standard,Addition,52.5192020000,-0.2668820000
67950,2000-10-27 00:00:00Z,PE7 3ZW,Terraced,New Build,Freehold,70,,FERNDALE,YAXLEY,PETERBOROUGH,HUNTINGDONSHIRE,CAMBRIDGESHIRE,Standard,Addition,52.5191520000,-0.2659940000
135000,2000-06-02 00:00:00Z,PE7 3NY,Detached,Established,Freehold,21,,MOUNTBATTEN AVENUE,YAXLEY,PETERBOROUGH,HUNTINGDONSHIRE,CAMBRIDGESHIRE,Standard,Addition,52.5158230000,-0.2614590000
36000,2000-06-23 00:00:00Z,PE7 3LN,Terraced,Established,Freehold,34,,CHAPEL STREET,YAXLEY,PETERBOROUGH,HUNTINGDONSHIRE,CAMBRIDGESHIRE,Standard,Addition,52.5145890000,-0.2613010000
75950,2000-04-20 00:00:00Z,PE7 3HR,Detached,Established,Freehold,13,,NIGHTINGALE DRIVE,YAXLEY,PETERBOROUGH,HUNTINGDONSHIRE,CAMBRIDGESHIRE,Standard,Addition,52.5181080000,-0.2664970000
149995,2000-09-29 00:00:00Z,PE7 3ZP,Detached,New Build,Freehold,5,,STEPHENSON CLOSE,YAXLEY,PETERBOROUGH,HUNTINGDONSHIRE,CAMBRIDGESHIRE,Standard,Addition,52.5196330000,-0.2680730000
124995,2000-08-25 00:00:00Z,PE7 3ZP,Detached,New Build,Freehold,25,,STEPHENSON CLOSE,YAXLEY,PETERBOROUGH,HUNTINGDONSHIRE,CAMBRIDGESHIRE,Standard,Addition,52.5196330000,-0.2680730000
85500,2000-08-09 00:00:00Z,PE7 3YU,Detached,Established,Freehold,6,,STONEHOUSE ROAD,YAXLEY,PETERBOROUGH,HUNTINGDONSHIRE,CAMBRIDGESHIRE,Standard,Addition,52.5136880000,-0.2618230000
169995,2000-09-20 00:00:00Z,PE7 3ZP,Detached,New Build,Freehold,3,,STEPHENSON CLOSE,YAXLEY,PETERBOROUGH,HUNTINGDONSHIRE,CAMBRIDGESHIRE,Standard,Addition,52.5196330000,-0.2680730000
116500,2000-04-26 00:00:00Z,PE7 3LH,Detached,Established,Freehold,19A,,CHURCH STREET,YAXLEY,PETERBOROUGH,HUNTINGDONSHIRE,CAMBRIDGESHIRE,Standard,Addition,52.5114190000,-0.2646680000
81500,2000-05-08 00:00:00Z,PE7 3YT,Detached,Established,Freehold,20,,FIELD RISE,YAXLEY,PETERBOROUGH,HUNTINGDONSHIRE,CAMBRIDGESHIRE,Standard,Addition,52.5139240000,-0.2644220000
119450,2000-05-26 00:00:00Z,PE7 3ZL,Detached,New Build,Freehold,16,,TELFORD DRIVE,YAXLEY,PETERBOROUGH,HUNTINGDONSHIRE,CAMBRIDGESHIRE,Standard,Addition,52.5192020000,-0.2668820000
64000,2000-11-17 00:00:00Z,PE7 3YJ,Semi-Detached,Established,Freehold,16,,GREEN LANE,YAXLEY,PETERBOROUGH,HUNTINGDONSHIRE,CAMBRIDGESHIRE,Standard,Addition,52.5177220000,-0.2640340000
69000,2000-11-17 00:00:00Z,PE7 3ZW,Terraced,New Build,Freehold,60,,FERNDALE,YAXLEY,PETERBOROUGH,HUNTINGDONSHIRE,CAMBRIDGESHIRE,Standard,Addition,52.5191520000,-0.2659940000
117500,2000-06-30 00:00:00Z,PE7 3ZP,Detached,New Build,Freehold,11,,STEPHENSON CLOSE,YAXLEY,PETERBOROUGH,HUNTINGDONSHIRE,CAMBRIDGESHIRE,Standard,Addition,52.5196330000,-0.2680730000
140000,2000-08-31 00:00:00Z,PE7 3ZW,Detached,New Build,Freehold,36,,FERNDALE,YAXLEY,PETERBOROUGH,HUNTINGDONSHIRE,CAMBRIDGESHIRE,Standard,Addition,52.5191520000,-0.2659940000
86500,2000-04-03 00:00:00Z,PE7 3NR,Semi-Detached,Established,Freehold,258,,BROADWAY,YAXLEY,PETERBOROUGH,HUNTINGDONSHIRE,CAMBRIDGESHIRE,Standard,Addition,52.5161780000,-0.2663390000
89950,2000-12-08 00:00:00Z,PE7 3ZW,Semi-Detached,New Build,Freehold,58,,FERNDALE,YAXLEY,PETERBOROUGH,HUNTINGDONSHIRE,CAMBRIDGESHIRE,Standard,Addition,52.5191520000,-0.2659940000
60000,2000-04-03 00:00:00Z,PE7 3HN,Semi-Detached,Established,Freehold,3,,PHEASANT WAY,YAXLEY,PETERBOROUGH,HUNTINGDONSHIRE,CAMBRIDGESHIRE,Standard,Addition,52.5167260000,-0.2679080000
82500,2000-10-13 00:00:00Z,PE7 3ZW,Terraced,New Build,Freehold,74,,FERNDALE,YAXLEY,PETERBOROUGH,HUNTINGDONSHIRE,CAMBRIDGESHIRE,Standard,Addition,52.5191520000,-0.2659940000
83450,2000-12-20 00:00:00Z,PE7 3ZQ,Terraced,New Build,Freehold,59,,FERNDALE,YAXLEY,PETERBOROUGH,HUNTINGDONSHIRE,CAMBRIDGESHIRE,Standard,Addition,52.5192260000,-0.2654510000
120000,2000-08-10 00:00:00Z,PE7 3ZL,Detached,New Build,Freehold,30,,TELFORD DRIVE,YAXLEY,PETERBOROUGH,HUNTINGDONSHIRE,CAMBRIDGESHIRE,Standard,Addition,52.5192020000,-0.2668820000
145995,2000-11-24 00:00:00Z,PE7 3ZL,Detached,New Build,Freehold,9,,TELFORD DRIVE,YAXLEY,PETERBOROUGH,HUNTINGDONSHIRE,CAMBRIDGESHIRE,Standard,Addition,52.5192020000,-0.2668820000
250000,2000-09-08 00:00:00Z,PE7 3YJ,Semi-Detached,Established,Freehold,29,,GREEN LANE,YAXLEY,PETERBOROUGH,HUNTINGDONSHIRE,CAMBRIDGESHIRE,Standard,Addition,52.5177220000,-0.2640340000
81000,2000-06-02 00:00:00Z,PE7 3HN,Detached,Established,Freehold,30,,PHEASANT WAY,YAXLEY,PETERBOROUGH,CITY OF PETERBOROUGH,CITY OF PETERBOROUGH,Standard,Addition,52.5167260000,-0.2679080000
149995,2000-10-27 00:00:00Z,PE7 3ZN,Detached,New Build,Freehold,11,,BRUNEL DRIVE,YAXLEY,PETERBOROUGH,HUNTINGDONSHIRE,CAMBRIDGESHIRE,Standard,Addition,52.5190640000,-0.2679040000
120950,2000-09-08 00:00:00Z,PE7 3ZL,Detached,New Build,Freehold,32,,TELFORD DRIVE,YAXLEY,PETERBOROUGH,HUNTINGDONSHIRE,CAMBRIDGESHIRE,Standard,Addition,52.5192020000,-0.2668820000
98950,2000-06-30 00:00:00Z,PE7 3ZL,Detached,New Build,Freehold,28,,TELFORD DRIVE,YAXLEY,PETERBOROUGH,HUNTINGDONSHIRE,CAMBRIDGESHIRE,Standard,Addition,52.5192020000,-0.2668820000
59000,2000-11-10 00:00:00Z,PE7 3HW,Terraced,Established,Freehold,40,,OWL END WALK,YAXLEY,PETERBOROUGH,HUNTINGDONSHIRE,CAMBRIDGESHIRE,Standard,Addition,52.5172370000,-0.2671650000
101000,2000-06-29 00:00:00Z,PE7 3YY,Detached,Established,Freehold,23,,VICARAGE WAY,YAXLEY,PETERBOROUGH,HUNTINGDONSHIRE,CAMBRIDGESHIRE,Standard,Addition,52.5129230000,-0.2648000000
49500,2000-01-14 00:00:00Z,PE7 3HW,Terraced,Established,Freehold,38,,OWL END WALK,YAXLEY,PETERBOROUGH,HUNTINGDONSHIRE,CAMBRIDGESHIRE,Standard,Addition,52.5172370000,-0.2671650000
90000,2000-12-15 00:00:00Z,PE7 3ZW,Detached,New Build,Freehold,54,,FERNDALE,YAXLEY,PETERBOROUGH,HUNTINGDONSHIRE,CAMBRIDGESHIRE,Standard,Addition,52.5191520000,-0.2659940000
52440,2000-12-20 00:00:00Z,PE7 3LB,Terraced,Established,Freehold,136,,MAIN STREET,YAXLEY,PETERBOROUGH,HUNTINGDONSHIRE,CAMBRIDGESHIRE,Standard,Addition,52.5123250000,-0.2608450000
127500,2000-09-15 00:00:00Z,PE7 3ZP,Detached,New Build,Freehold,35,,STEPHENSON CLOSE,YAXLEY,PETERBOROUGH,HUNTINGDONSHIRE,CAMBRIDGESHIRE,Standard,Addition,52.5196330000,-0.2680730000
85000,2000-07-28 00:00:00Z,PE7 3HW,Detached,Established,Freehold,27,,OWL END WALK,YAXLEY,PETERBOROUGH,HUNTINGDONSHIRE,CAMBRIDGESHIRE,Standard,Addition,52.5172370000,-0.2671650000
72700,2000-05-24 00:00:00Z,PE7 3YU,Detached,Established,Freehold,23,,STONEHOUSE ROAD,YAXLEY,PETERBOROUGH,HUNTINGDONSHIRE,CAMBRIDGESHIRE,Standard,Addition,52.5136880000,-0.2618230000
126500,2000-05-05 00:00:00Z,PE7 3ZL,Detached,New Build,Freehold,6,,TELFORD DRIVE,YAXLEY,PETERBOROUGH,HUNTINGDONSHIRE,CAMBRIDGESHIRE,Standard,Addition,52.5192020000,-0.2668820000
169995,2000-08-31 00:00:00Z,PE7 3ZP,Detached,New Build,Freehold,29,,STEPHENSON CLOSE,YAXLEY,PETERBOROUGH,HUNTINGDONSHIRE,CAMBRIDGESHIRE,Standard,Addition,52.5196330000,-0.2680730000
131500,2000-10-25 00:00:00Z,PE7 3ZL,Detached,New Build,Freehold,18,,TELFORD DRIVE,YAXLEY,PETERBOROUGH,HUNTINGDONSHIRE,CAMBRIDGESHIRE,Standard,Addition,52.5192020000,-0.2668820000
55000,2000-10-31 00:00:00Z,PE7 3HW,Terraced,Established,Freehold,2,,OWL END WALK,YAXLEY,PETERBOROUGH,HUNTINGDONSHIRE,CAMBRIDGESHIRE,Standard,Addition,52.5172370000,-0.2671650000
149995,2000-11-24 00:00:00Z,PE7 3ZP,Detached,New Build,Freehold,9,,STEPHENSON CLOSE,YAXLEY,PETERBOROUGH,HUNTINGDONSHIRE,CAMBRIDGESHIRE,Standard,Addition,52.5196330000,-0.2680730000
84950,2000-04-28 00:00:00Z,PE7 3ZL,Semi-Detached,New Build,Freehold,2,,TELFORD DRIVE,YAXLEY,PETERBOROUGH,HUNTINGDONSHIRE,CAMBRIDGESHIRE,Standard,Addition,52.5192020000,-0.2668820000
66500,2000-12-15 00:00:00Z,PE7 3ZQ,Terraced,New Build,Freehold,61,,FERNDALE,YAXLEY,PETERBOROUGH,HUNTINGDONSHIRE,CAMBRIDGESHIRE,Standard,Addition,52.5192260000,-0.2654510000
54000,2000-04-07 00:00:00Z,PE7 3HW,Terraced,Established,Freehold,26,,OWL END WALK,YAXLEY,PETERBOROUGH,HUNTINGDONSHIRE,CAMBRIDGESHIRE,Standard,Addition,52.5172370000,-0.2671650000
124495,2000-06-02 00:00:00Z,PE7 3ZN,Detached,New Build,Freehold,17,,BRUNEL DRIVE,YAXLEY,PETERBOROUGH,HUNTINGDONSHIRE,CAMBRIDGESHIRE,Standard,Addition,52.5190640000,-0.2679040000
45000,2000-05-31 00:00:00Z,PE7 3HW,Semi-Detached,Established,Freehold,8,,OWL END WALK,YAXLEY,PETERBOROUGH,HUNTINGDONSHIRE,CAMBRIDGESHIRE,Standard,Addition,52.5172370000,-0.2671650000
128500,2000-10-31 00:00:00Z,PE7 3ZP,Detached,New Build,Freehold,12,,STEPHENSON CLOSE,YAXLEY,PETERBOROUGH,HUNTINGDONSHIRE,CAMBRIDGESHIRE,Standard,Addition,52.5196330000,-0.2680730000
79000,2000-09-15 00:00:00Z,PE7 3LF,Detached,Established,Freehold,15,,WESTFIELD ROAD,YAXLEY,PETERBOROUGH,HUNTINGDONSHIRE,CAMBRIDGESHIRE,Standard,Addition,52.5133680000,-0.2633090000
43384,2000-03-24 00:00:00Z,PE7 3YT,Detached,Established,Freehold,20,,FIELD RISE,YAXLEY,PETERBOROUGH,HUNTINGDONSHIRE,CAMBRIDGESHIRE,Standard,Addition,52.5139240000,-0.2644220000
65000,2000-11-30 00:00:00Z,PE7 3ZW,Terraced,New Build,Freehold,72,,FERNDALE,YAXLEY,PETERBOROUGH,HUNTINGDONSHIRE,CAMBRIDGESHIRE,Standard,Addition,52.5191520000,-0.2659940000
159950,2000-08-25 00:00:00Z,PE7 3ZW,Detached,New Build,Freehold,42,,FERNDALE,YAXLEY,PETERBOROUGH,HUNTINGDONSHIRE,CAMBRIDGESHIRE,Standard,Addition,52.5191520000,-0.2659940000
70000,2000-07-28 00:00:00Z,PE7 3HR,Detached,Established,Freehold,6,,NIGHTINGALE DRIVE,YAXLEY,PETERBOROUGH,CITY OF PETERBOROUGH,CITY OF PETERBOROUGH,Standard,Addition,52.5181080000,-0.2664970000
128995,2000-12-15 00:00:00Z,PE7 3ZP,Detached,New Build,Freehold,4,,STEPHENSON CLOSE,YAXLEY,PETERBOROUGH,HUNTINGDONSHIRE,CAMBRIDGESHIRE,Standard,Addition,52.5196330000,-0.2680730000
127500,2000-08-31 00:00:00Z,PE7 3ZP,Detached,New Build,Freehold,27,,STEPHENSON CLOSE,YAXLEY,PETERBOROUGH,HUNTINGDONSHIRE,CAMBRIDGESHIRE,Standard,Addition,52.5196330000,-0.2680730000
98000,2000-11-24 00:00:00Z,PE7 3HJ,Detached,Established,Freehold,16,,COCK CLOSE ROAD,YAXLEY,PETERBOROUGH,HUNTINGDONSHIRE,CAMBRIDGESHIRE,Standard,Addition,52.5172050000,-0.2668420000
135995,2000-12-20 00:00:00Z,PE7 3ZN,Detached,New Build,Freehold,16,,BRUNEL DRIVE,YAXLEY,PETERBOROUGH,HUNTINGDONSHIRE,CAMBRIDGESHIRE,Standard,Addition,52.5190640000,-0.2679040000
93150,2000-06-30 00:00:00Z,PE7 3HN,Semi-Detached,Established,Freehold,15,,PHEASANT WAY,YAXLEY,PETERBOROUGH,HUNTINGDONSHIRE,CAMBRIDGESHIRE,Standard,Addition,52.5167260000,-0.2679080000
40000,2000-08-23 00:00:00Z,PE7 3LH,Terraced,Established,Freehold,30,,CHURCH STREET,YAXLEY,PETERBOROUGH,HUNTINGDONSHIRE,CAMBRIDGESHIRE,Standard,Addition,52.5114190000,-0.2646680000
82500,2000-09-20 00:00:00Z,PE7 3ZQ,Terraced,New Build,Freehold,65,,FERNDALE,YAXLEY,PETERBOROUGH,HUNTINGDONSHIRE,CAMBRIDGESHIRE,Standard,Addition,52.5192260000,-0.2654510000
128000,2000-07-07 00:00:00Z,PE7 3NJ,Detached,Established,Freehold,4,,BEAUVOIR PLACE,YAXLEY,PETERBOROUGH,HUNTINGDONSHIRE,CAMBRIDGESHIRE,Standard,Addition,52.5134380000,-0.2601230000
66950,2000-10-13 00:00:00Z,PE7 3ZQ,Terraced,New Build,Freehold,71,,FERNDALE,YAXLEY,PETERBOROUGH,HUNTINGDONSHIRE,CAMBRIDGESHIRE,Standard,Addition,52.5192260000,-0.2654510000
210000,2000-06-30 00:00:00Z,PE7 3ZF,Detached,New Build,Freehold,1,,PROBY CLOSE,YAXLEY,PETERBOROUGH,HUNTINGDONSHIRE,CAMBRIDGESHIRE,Standard,Addition,52.5133250000,-0.2689400000
105000,2000-09-08 00:00:00Z,PE7 3ZW,Detached,New Build,Freehold,44,,FERNDALE,YAXLEY,PETERBOROUGH,HUNTINGDONSHIRE,CAMBRIDGESHIRE,Standard,Addition,52.5191520000,-0.2659940000
120000,2000-08-31 00:00:00Z,PE7 3ZL,Detached,New Build,Freehold,15,,TELFORD DRIVE,YAXLEY,PETERBOROUGH,HUNTINGDONSHIRE,CAMBRIDGESHIRE,Standard,Addition,52.5192020000,-0.2668820000
75000,2000-12-21 00:00:00Z,PE7 3ZQ,Terraced,New Build,Freehold,63,,FERNDALE,YAXLEY,PETERBOROUGH,HUNTINGDONSHIRE,CAMBRIDGESHIRE,Standard,Addition,52.5192260000,-0.2654510000
94995,2000-06-30 00:00:00Z,PE7 3ZP,Detached,New Build,Freehold,23,,STEPHENSON CLOSE,YAXLEY,PETERBOROUGH,HUNTINGDONSHIRE,CAMBRIDGESHIRE,Standard,Addition,52.5196330000,-0.2680730000
154995,2000-12-12 00:00:00Z,PE7 3ZP,Detached,New Build,Freehold,17,,STEPHENSON CLOSE,YAXLEY,PETERBOROUGH,HUNTINGDONSHIRE,CAMBRIDGESHIRE,Standard,Addition,52.5196330000,-0.2680730000
90950,2000-12-15 00:00:00Z,PE7 3ZW,Detached,New Build,Freehold,52,,FERNDALE,YAXLEY,PETERBOROUGH,HUNTINGDONSHIRE,CAMBRIDGESHIRE,Standard,Addition,52.5191520000,-0.2659940000
120000,2000-06-30 00:00:00Z,PE7 3ZL,Detached,New Build,Freehold,22,,TELFORD DRIVE,YAXLEY,PETERBOROUGH,HUNTINGDONSHIRE,CAMBRIDGESHIRE,Standard,Addition,52.5192020000,-0.2668820000
114995,2000-03-31 00:00:00Z,PE7 3ZN,Detached,New Build,Freehold,1,,BRUNEL DRIVE,YAXLEY,PETERBOROUGH,HUNTINGDONSHIRE,CAMBRIDGESHIRE,Standard,Addition,52.5190640000,-0.2679040000
169995,2000-11-30 00:00:00Z,PE7 3ZP,Detached,New Build,Freehold,6,,STEPHENSON CLOSE,YAXLEY,PETERBOROUGH,HUNTINGDONSHIRE,CAMBRIDGESHIRE,Standard,Addition,52.5196330000,-0.2680730000
149995,2000-12-15 00:00:00Z,PE7 3ZS,Detached,New Build,Freehold,1,,BENTLEY AVENUE,YAXLEY,PETERBOROUGH,HUNTINGDONSHIRE,CAMBRIDGESHIRE,Standard,Addition,52.5198920000,-0.2605760000
119000,2000-05-12 00:00:00Z,PE7 3NJ,Detached,Established,Freehold,5,,BEAUVOIR PLACE,YAXLEY,PETERBOROUGH,HUNTINGDONSHIRE,CAMBRIDGESHIRE,Standard,Addition,52.5134380000,-0.2601230000
67000,2000-03-31 00:00:00Z,PE7 3YZ,Detached,Established,Freehold,6,,LEE ROAD,YAXLEY,PETERBOROUGH,HUNTINGDONSHIRE,CAMBRIDGESHIRE,Standard,Addition,52.5127340000,-0.2617570000
55500,2000-03-31 00:00:00Z,PE7 3HW,Terraced,Established,Freehold,23,,OWL END WALK,YAXLEY,PETERBOROUGH,HUNTINGDONSHIRE,CAMBRIDGESHIRE,Standard,Addition,52.5172370000,-0.2671650000
149995,2000-12-08 00:00:00Z,PE7 3ZP,Detached,New Build,Freehold,7,,STEPHENSON CLOSE,YAXLEY,PETERBOROUGH,HUNTINGDONSHIRE,CAMBRIDGESHIRE,Standard,Addition,52.5196330000,-0.2680730000
140000,2000-06-16 00:00:00Z,PE7 3ZL,Detached,New Build,Freehold,17,,TELFORD DRIVE,YAXLEY,PETERBOROUGH,HUNTINGDONSHIRE,CAMBRIDGESHIRE,Standard,Addition,52.5192020000,-0.2668820000
89995,2000-12-18 00:00:00Z,PE7 3LW,Semi-Detached,Established,Freehold,33,,CHAPEL STREET,YAXLEY,PETERBOROUGH,HUNTINGDONSHIRE,CAMBRIDGESHIRE,Standard,Addition,52.5148250000,-0.2614980000
82500,2000-11-03 00:00:00Z,PE7 3ZW,Terraced,New Build,Freehold,68,,FERNDALE,YAXLEY,PETERBOROUGH,HUNTINGDONSHIRE,CAMBRIDGESHIRE,Standard,Addition,52.5191520000,-0.2659940000
135995,2000-12-01 00:00:00Z,PE7 3ZL,Detached,New Build,Freehold,3,,TELFORD DRIVE,YAXLEY,PETERBOROUGH,HUNTINGDONSHIRE,CAMBRIDGESHIRE,Standard,Addition,52.5192020000,-0.2668820000
124000,2000-11-10 00:00:00Z,PE7 3ZP,Detached,Established,Freehold,11,,STEPHENSON CLOSE,YAXLEY,PETERBOROUGH,HUNTINGDONSHIRE,CAMBRIDGESHIRE,Standard,Addition,52.5196330000,-0.2680730000
87500,2000-09-05 00:00:00Z,PE7 3LW,Detached,Established,Freehold,17,,CHAPEL STREET,YAXLEY,PETERBOROUGH,HUNTINGDONSHIRE,CAMBRIDGESHIRE,Standard,Addition,52.5148250000,-0.2614980000
129000,2000-05-30 00:00:00Z,PE7 3ZL,Detached,New Build,Freehold,14,,TELFORD DRIVE,YAXLEY,PETERBOROUGH,HUNTINGDONSHIRE,CAMBRIDGESHIRE,Standard,Addition,52.5192020000,-0.2668820000
57000,2000-11-27 00:00:00Z,PE7 3YT,Detached,Established,Freehold,41,,FIELD RISE,YAXLEY,PETERBOROUGH,HUNTINGDONSHIRE,CAMBRIDGESHIRE,Standard,Addition,52.5139240000,-0.2644220000
189500,2000-04-20 00:00:00Z,PE7 3ZF,Detached,New Build,Freehold,2,,PROBY CLOSE,YAXLEY,PETERBOROUGH,HUNTINGDONSHIRE,CAMBRIDGESHIRE,Standard,Addition,52.5133250000,-0.2689400000
67950,2000-11-17 00:00:00Z,PE7 3ZW,Terraced,New Build,Freehold,64,,FERNDALE,YAXLEY,PETERBOROUGH,HUNTINGDONSHIRE,CAMBRIDGESHIRE,Standard,Addition,52.5191520000,-0.2659940000
79995,2000-06-09 00:00:00Z,PE7 3HL,Detached,Established,Freehold,27,,THE ROOKERY,YAXLEY,PETERBOROUGH,HUNTINGDONSHIRE,CAMBRIDGESHIRE,Standard,Addition,52.5169480000,-0.2646270000
127000,2000-08-25 00:00:00Z,PE7 3ZL,Detached,New Build,Freehold,24,,TELFORD DRIVE,YAXLEY,PETERBOROUGH,HUNTINGDONSHIRE,CAMBRIDGESHIRE,Standard,Addition,52.5192020000,-0.2668820000
114995,2000-05-26 00:00:00Z,PE7 3ZN,Detached,New Build,Freehold,9,,BRUNEL DRIVE,YAXLEY,PETERBOROUGH,HUNTINGDONSHIRE,CAMBRIDGESHIRE,Standard,Addition,52.5190640000,-0.2679040000
121995,2000-11-27 00:00:00Z,PE7 3ZN,Detached,New Build,Freehold,14,,BRUNEL DRIVE,YAXLEY,PETERBOROUGH,HUNTINGDONSHIRE,CAMBRIDGESHIRE,Standard,Addition,52.5190640000,-0.2679040000
124950,2000-10-31 00:00:00Z,PE7 3ZL,Detached,New Build,Freehold,26,,TELFORD DRIVE,YAXLEY,PETERBOROUGH,HUNTINGDONSHIRE,CAMBRIDGESHIRE,Standard,Addition,52.5192020000,-0.2668820000
215000,2000-06-16 00:00:00Z,PE7 3ZF,Detached,New Build,Freehold,6,,PROBY CLOSE,YAXLEY,PETERBOROUGH,HUNTINGDONSHIRE,CAMBRIDGESHIRE,Standard,Addition,52.5133250000,-0.2689400000
120950,2000-06-30 00:00:00Z,PE7 3ZL,Detached,New Build,Freehold,20,,TELFORD DRIVE,YAXLEY,PETERBOROUGH,HUNTINGDONSHIRE,CAMBRIDGESHIRE,Standard,Addition,52.5192020000,-0.2668820000
82500,2000-10-13 00:00:00Z,PE7 3ZQ,Terraced,New Build,Freehold,73,,FERNDALE,YAXLEY,PETERBOROUGH,HUNTINGDONSHIRE,CAMBRIDGESHIRE,Standard,Addition,52.5192260000,-0.2654510000
89950,2000-11-30 00:00:00Z,PE7 3ZW,Semi-Detached,New Build,Freehold,56,,FERNDALE,YAXLEY,PETERBOROUGH,HUNTINGDONSHIRE,CAMBRIDGESHIRE,Standard,Addition,52.5191520000,-0.2659940000
127495,2000-10-06 00:00:00Z,PE7 3ZP,Detached,New Build,Freehold,2,,STEPHENSON CLOSE,YAXLEY,PETERBOROUGH,HUNTINGDONSHIRE,CAMBRIDGESHIRE,Standard,Addition,52.5196330000,-0.2680730000
99950,2000-06-23 00:00:00Z,PE7 3YT,Detached,Established,Freehold,45,,FIELD RISE,YAXLEY,PETERBOROUGH,HUNTINGDONSHIRE,CAMBRIDGESHIRE,Standard,Addition,52.5139240000,-0.2644220000
102000,2000-11-24 00:00:00Z,PE7 3YY,Detached,Established,Freehold,20,,VICARAGE WAY,YAXLEY,PETERBOROUGH,HUNTINGDONSHIRE,CAMBRIDGESHIRE,Standard,Addition,52.5129230000,-0.2648000000
69500,2000-11-30 00:00:00Z,PE7 3ZW,Terraced,New Build,Freehold,66,,FERNDALE,YAXLEY,PETERBOROUGH,HUNTINGDONSHIRE,CAMBRIDGESHIRE,Standard,Addition,52.5191520000,-0.2659940000
110000,2000-08-21 00:00:00Z,PE7 3ZW,Detached,New Build,Freehold,46,,FERNDALE,YAXLEY,PETERBOROUGH,HUNTINGDONSHIRE,CAMBRIDGESHIRE,Standard,Addition,52.5191520000,-0.2659940000
65000,2000-12-04 00:00:00Z,PE7 3ZW,Terraced,New Build,Freehold,62,,FERNDALE,YAXLEY,PETERBOROUGH,HUNTINGDONSHIRE,CAMBRIDGESHIRE,Standard,Addition,52.5191520000,-0.2659940000
149995,2000-10-20 00:00:00Z,PE7 3ZN,Detached,New Build,Freehold,19,,BRUNEL DRIVE,YAXLEY,PETERBOROUGH,HUNTINGDONSHIRE,CAMBRIDGESHIRE,Standard,Addition,52.5190640000,-0.2679040000
52500,2000-02-25 00:00:00Z,PE7 3YG,Semi-Detached,Established,Freehold,13,,KINGFISHER CLOSE,YAXLEY,PETERBOROUGH,HUNTINGDONSHIRE,CAMBRIDGESHIRE,Standard,Addition,52.5175720000,-0.2661060000
144995,2000-10-27 00:00:00Z,PE7 3ZP,Detached,New Build,Freehold,31,,STEPHENSON CLOSE,YAXLEY,PETERBOROUGH,HUNTINGDONSHIRE,CAMBRIDGESHIRE,Standard,Addition,52.5196330000,-0.2680730000
119995,2000-07-31 00:00:00Z,PE7 3ZP,Detached,New Build,Freehold,1,,STEPHENSON CLOSE,YAXLEY,PETERBOROUGH,HUNTINGDONSHIRE,CAMBRIDGESHIRE,Standard,Addition,52.5196330000,-0.2680730000
59995,2000-06-09 00:00:00Z,PE7 3NF,Detached,Established,Freehold,3,,DOVECOTE LANE,YAXLEY,PETERBOROUGH,HUNTINGDONSHIRE,CAMBRIDGESHIRE,Standard,Addition,52.5148280000,-0.2696480000
200000,2000-11-21 00:00:00Z,PE7 3LD,Detached,Established,Freehold,197,,MAIN STREET,YAXLEY,PETERBOROUGH,HUNTINGDONSHIRE,CAMBRIDGESHIRE,Standard,Addition,52.5116060000,-0.2608290000
58500,2000-03-31 00:00:00Z,PE7 3HJ,Semi-Detached,Established,Freehold,6,,COCK CLOSE ROAD,YAXLEY,PETERBOROUGH,HUNTINGDONSHIRE,CAMBRIDGESHIRE,Standard,Addition,52.5172050000,-0.2668420000
130250,2000-10-06 00:00:00Z,PE7 3LJ,Detached,Established,Freehold,5,,WEST END,YAXLEY,PETERBOROUGH,HUNTINGDONSHIRE,CAMBRIDGESHIRE,Standard,Addition,52.5101800000,-0.2641270000
111950,2000-09-29 00:00:00Z,PE7 3ZW,Detached,New Build,Freehold,38,,FERNDALE,YAXLEY,PETERBOROUGH,HUNTINGDONSHIRE,CAMBRIDGESHIRE,Standard,Addition,52.5191520000,-0.2659940000
134995,2000-05-31 00:00:00Z,PE7 3ZN,Detached,New Build,Freehold,15,,BRUNEL DRIVE,YAXLEY,PETERBOROUGH,HUNTINGDONSHIRE,CAMBRIDGESHIRE,Standard,Addition,52.5190640000,-0.2679040000
140000,2001-12-20 00:00:00Z,PE7 3NR,Detached,Established,Freehold,232,,BROADWAY,YAXLEY,PETERBOROUGH,HUNTINGDONSHIRE,CAMBRIDGESHIRE,Standard,Addition,52.5161780000,-0.2663390000
67000,2001-09-10 00:00:00Z,PE7 3HW,Terraced,Established,Freehold,13,,OWL END WALK,YAXLEY,PETERBOROUGH,HUNTINGDONSHIRE,CAMBRIDGESHIRE,Standard,Addition,52.5172370000,-0.2671650000
90000,2001-11-30 00:00:00Z,PE7 3LG,Detached,Established,Freehold,12,,WESTFIELD ROAD,YAXLEY,PETERBOROUGH,HUNTINGDONSHIRE,CAMBRIDGESHIRE,Standard,Addition,52.5129640000,-0.2627210000
130995,2001-11-30 00:00:00Z,PE7 3ZQ,Detached,New Build,Freehold,29,,FERNDALE,YAXLEY,PETERBOROUGH,HUNTINGDONSHIRE,CAMBRIDGESHIRE,Standard,Addition,52.5192260000,-0.2654510000
85750,2001-11-30 00:00:00Z,PE7 3ZQ,Terraced,Established,Freehold,73,,FERNDALE,YAXLEY,PETERBOROUGH,HUNTINGDONSHIRE,CAMBRIDGESHIRE,Standard,Addition,52.5192260000,-0.2654510000
143950,2001-11-30 00:00:00Z,PE7 3ZS,Detached,New Build,Freehold,61,,BENTLEY AVENUE,YAXLEY,PETERBOROUGH,HUNTINGDONSHIRE,CAMBRIDGESHIRE,Standard,Addition,52.5198920000,-0.2605760000
125950,2001-12-14 00:00:00Z,PE7 3ZS,Detached,New Build,Freehold,63,,BENTLEY AVENUE,YAXLEY,PETERBOROUGH,HUNTINGDONSHIRE,CAMBRIDGESHIRE,Standard,Addition,52.5198920000,-0.2605760000
129500,2001-05-31 00:00:00Z,PE7 3ZS,Detached,New Build,Freehold,17,,BENTLEY AVENUE,YAXLEY,PETERBOROUGH,HUNTINGDONSHIRE,CAMBRIDGESHIRE,Standard,Addition,52.5198920000,-0.2605760000
52500,2001-08-31 00:00:00Z,PE7 3LH,Terraced,Established,Freehold,28,,CHURCH STREET,YAXLEY,PETERBOROUGH,HUNTINGDONSHIRE,CAMBRIDGESHIRE,Standard,Addition,52.5114190000,-0.2646680000
124000,2001-12-20 00:00:00Z,PE7 3ZS,Detached,New Build,Freehold,59,,BENTLEY AVENUE,YAXLEY,PETERBOROUGH,HUNTINGDONSHIRE,CAMBRIDGESHIRE,Standard,Addition,52.5198920000,-0.2605760000
104995,2001-02-26 00:00:00Z,PE7 3LB,Detached,Established,Freehold,148A,,MAIN STREET,YAXLEY,PETERBOROUGH,HUNTINGDONSHIRE,CAMBRIDGESHIRE,Standard,Addition,52.5123250000,-0.2608450000
125950,2001-11-30 00:00:00Z,PE7 3ZS,Detached,New Build,Freehold,57,,BENTLEY AVENUE,YAXLEY,PETERBOROUGH,HUNTINGDONSHIRE,CAMBRIDGESHIRE,Standard,Addition,52.5198920000,-0.2605760000
105000,2001-07-27 00:00:00Z,PE7 3HJ,Detached,Established,Freehold,9,,COCK CLOSE ROAD,YAXLEY,PETERBOROUGH,HUNTINGDONSHIRE,CAMBRIDGESHIRE,Standard,Addition,52.5172050000,-0.2668420000
138000,2001-03-26 00:00:00Z,PE7 3ZL,Detached,Established,Freehold,6,,TELFORD DRIVE,YAXLEY,PETERBOROUGH,HUNTINGDONSHIRE,CAMBRIDGESHIRE,Standard,Addition,52.5192020000,-0.2668820000
90950,2001-01-31 00:00:00Z,PE7 3ZQ,Detached,New Build,Freehold,57,,FERNDALE,YAXLEY,PETERBOROUGH,HUNTINGDONSHIRE,CAMBRIDGESHIRE,Standard,Addition,52.5192260000,-0.2654510000
131995,2001-12-21 00:00:00Z,PE7 3QD,Detached,New Build,Freehold,6,,RILEY CLOSE,YAXLEY,PETERBOROUGH,HUNTINGDONSHIRE,CAMBRIDGESHIRE,Standard,Addition,52.5194650000,-0.2645570000
78000,2001-12-13 00:00:00Z,PE7 3HW,Detached,Established,Freehold,3,,OWL END WALK,YAXLEY,PETERBOROUGH,HUNTINGDONSHIRE,CAMBRIDGESHIRE,Standard,Addition,52.5172370000,-0.2671650000
82000,2001-01-26 00:00:00Z,PE7 3LN,Detached,Established,Freehold,82,,CHAPEL STREET,YAXLEY,PETERBOROUGH,HUNTINGDONSHIRE,CAMBRIDGESHIRE,Standard,Addition,52.5145890000,-0.2613010000
68000,2001-05-30 00:00:00Z,PE7 3HJ,Semi-Detached,Established,Freehold,21,,COCK CLOSE ROAD,YAXLEY,PETERBOROUGH,HUNTINGDONSHIRE,CAMBRIDGESHIRE,Standard,Addition,52.5172050000,-0.2668420000
135495,2001-04-27 00:00:00Z,PE7 3ZS,Detached,New Build,Freehold,15,,BENTLEY AVENUE,YAXLEY,PETERBOROUGH,HUNTINGDONSHIRE,CAMBRIDGESHIRE,Standard,Addition,52.5198920000,-0.2605760000
135500,2001-04-06 00:00:00Z,PE7 3ZN,Detached,Established,Freehold,16,,BRUNEL DRIVE,YAXLEY,PETERBOROUGH,HUNTINGDONSHIRE,CAMBRIDGESHIRE,Standard,Addition,52.5190640000,-0.2679040000
83950,2001-02-23 00:00:00Z,PE7 3ZQ,Detached,New Build,Freehold,49,,FERNDALE,YAXLEY,PETERBOROUGH,HUNTINGDONSHIRE,CAMBRIDGESHIRE,Standard,Addition,52.5192260000,-0.2654510000
146500,2001-11-30 00:00:00Z,PE7 3ZL,Detached,Established,Freehold,14,,TELFORD DRIVE,YAXLEY,PETERBOROUGH,HUNTINGDONSHIRE,CAMBRIDGESHIRE,Standard,Addition,52.5192020000,-0.2668820000
107500,2001-12-14 00:00:00Z,PE7 3QD,Detached,New Build,Freehold,14,,RILEY CLOSE,YAXLEY,PETERBOROUGH,HUNTINGDONSHIRE,CAMBRIDGESHIRE,Standard,Addition,52.5194650000,-0.2645570000
88000,2001-04-20 00:00:00Z,PE7 3ZQ,Detached,Established,Freehold,57,,FERNDALE,YAXLEY,PETERBOROUGH,HUNTINGDONSHIRE,CAMBRIDGESHIRE,Standard,Addition,52.5192260000,-0.2654510000
139995,2001-09-03 00:00:00Z,PE7 3ZS,Detached,New Build,Freehold,39,,BENTLEY AVENUE,YAXLEY,PETERBOROUGH,HUNTINGDONSHIRE,CAMBRIDGESHIRE,Standard,Addition,52.5198920000,-0.2605760000
72000,2001-08-17 00:00:00Z,PE7 3ZQ,Terraced,Established,Freehold,67,,FERNDALE,YAXLEY,PETERBOROUGH,HUNTINGDONSHIRE,CAMBRIDGESHIRE,Standard,Addition,52.5192260000,-0.2654510000
160000,2001-12-14 00:00:00Z,PE7 3ZN,Detached,New Build,Freehold,8,,BRUNEL DRIVE,YAXLEY,PETERBOROUGH,HUNTINGDONSHIRE,CAMBRIDGESHIRE,Standard,Addition,52.5190640000,-0.2679040000
124995,2001-06-29 00:00:00Z,PE7 3ZS,Detached,New Build,Freehold,23,,BENTLEY AVENUE,YAXLEY,PETERBOROUGH,HUNTINGDONSHIRE,CAMBRIDGESHIRE,Standard,Addition,52.5198920000,-0.2605760000
130995,2001-11-23 00:00:00Z,PE7 3ZQ,Detached,New Build,Freehold,31,,FERNDALE,YAXLEY,PETERBOROUGH,HUNTINGDONSHIRE,CAMBRIDGESHIRE,Standard,Addition,52.5192260000,-0.2654510000
86950,2001-07-27 00:00:00Z,PE7 3YT,Semi-Detached,Established,Freehold,6,,FIELD RISE,YAXLEY,PETERBOROUGH,HUNTINGDONSHIRE,CAMBRIDGESHIRE,Standard,Addition,52.5139240000,-0.2644220000
94000,2001-10-17 00:00:00Z,PE7 3NS,Detached,Established,Freehold,11,,MANOR CLOSE,YAXLEY,PETERBOROUGH,HUNTINGDONSHIRE,CAMBRIDGESHIRE,Standard,Addition,52.5151680000,-0.2646230000
132000,2001-01-18 00:00:00Z,PE7 3ZL,Detached,New Build,Freehold,11,,TELFORD DRIVE,YAXLEY,PETERBOROUGH,HUNTINGDONSHIRE,CAMBRIDGESHIRE,Standard,Addition,52.5192020000,-0.2668820000
52500,2001-09-28 00:00:00Z,PE7 3HW,Terraced,Established,Freehold,19,,OWL END WALK,YAXLEY,PETERBOROUGH,HUNTINGDONSHIRE,CAMBRIDGESHIRE,Standard,Addition,52.5172370000,-0.2671650000
267500,2001-10-26 00:00:00Z,PE7 3LD,Detached,Established,Freehold,203,,MAIN STREET,YAXLEY,PETERBOROUGH,HUNTINGDONSHIRE,CAMBRIDGESHIRE,Standard,Addition,52.5116060000,-0.2608290000
93000,2001-09-06 00:00:00Z,PE7 3WH,Detached,Established,Freehold,17,,POOLEY WAY,YAXLEY,PETERBOROUGH,HUNTINGDONSHIRE,CAMBRIDGESHIRE,Standard,Addition,52.5184080000,-0.2624030000
107500,2001-12-20 00:00:00Z,PE7 3QD,Detached,New Build,Freehold,12,,RILEY CLOSE,YAXLEY,PETERBOROUGH,HUNTINGDONSHIRE,CAMBRIDGESHIRE,Standard,Addition,52.5194650000,-0.2645570000
147995,2001-09-14 00:00:00Z,PE7 3ZS,Detached,New Build,Freehold,31,,BENTLEY AVENUE,YAXLEY,PETERBOROUGH,HUNTINGDONSHIRE,CAMBRIDGESHIRE,Standard,Addition,52.5198920000,-0.2605760000
57000,2001-08-03 00:00:00Z,PE7 3LH,Terraced,Established,Freehold,30,,CHURCH STREET,YAXLEY,PETERBOROUGH,HUNTINGDONSHIRE,CAMBRIDGESHIRE,Standard,Addition,52.5114190000,-0.2646680000
129995,2001-10-31 00:00:00Z,PE7 3ZQ,Detached,New Build,Freehold,25,,FERNDALE,YAXLEY,PETERBOROUGH,HUNTINGDONSHIRE,CAMBRIDGESHIRE,Standard,Addition,52.5192260000,-0.2654510000
157995,2001-11-30 00:00:00Z,PE7 3ZN,Detached,New Build,Freehold,5,,BRUNEL DRIVE,YAXLEY,PETERBOROUGH,HUNTINGDONSHIRE,CAMBRIDGESHIRE,Standard,Addition,52.5190640000,-0.2679040000
154950,2001-11-30 00:00:00Z,PE7 3ZS,Detached,New Build,Freehold,65,,BENTLEY AVENUE,YAXLEY,PETERBOROUGH,HUNTINGDONSHIRE,CAMBRIDGESHIRE,Standard,Addition,52.5198920000,-0.2605760000
139995,2001-08-31 00:00:00Z,PE7 3ZS,Detached,New Build,Freehold,37,,BENTLEY AVENUE,YAXLEY,PETERBOROUGH,HUNTINGDONSHIRE,CAMBRIDGESHIRE,Standard,Addition,52.5198920000,-0.2605760000
185000,2001-07-02 00:00:00Z,PE7 3ZN,Detached,New Build,Freehold,3,,BRUNEL DRIVE,YAXLEY,PETERBOROUGH,HUNTINGDONSHIRE,CAMBRIDGESHIRE,Standard,Addition,52.5190640000,-0.2679040000
154995,2001-02-28 00:00:00Z,PE7 3ZL,Detached,New Build,Freehold,5,,TELFORD DRIVE,YAXLEY,PETERBOROUGH,HUNTINGDONSHIRE,CAMBRIDGESHIRE,Standard,Addition,52.5192020000,-0.2668820000
125995,2001-08-17 00:00:00Z,PE7 3ZS,Detached,New Build,Freehold,27,,BENTLEY AVENUE,YAXLEY,PETERBOROUGH,HUNTINGDONSHIRE,CAMBRIDGESHIRE,Standard,Addition,52.5198920000,-0.2605760000
94000,2001-03-15 00:00:00Z,PE7 3HL,Semi-Detached,Established,Freehold,19,,THE ROOKERY,YAXLEY,PETERBOROUGH,HUNTINGDONSHIRE,CAMBRIDGESHIRE,Standard,Addition,52.5169480000,-0.2646270000
129995,2001-08-24 00:00:00Z,PE7 3ZS,Detached,New Build,Freehold,29,,BENTLEY AVENUE,YAXLEY,PETERBOROUGH,HUNTINGDONSHIRE,CAMBRIDGESHIRE,Standard,Addition,52.5198920000,-0.2605760000
77500,2001-01-18 00:00:00Z,PE7 3WH,Semi-Detached,Established,Freehold,16,,POOLEY WAY,YAXLEY,PETERBOROUGH,HUNTINGDONSHIRE,CAMBRIDGESHIRE,Standard,Addition,52.5184080000,-0.2624030000
105995,2001-12-14 00:00:00Z,PE7 3QD,Detached,New Build,Freehold,8,,RILEY CLOSE,YAXLEY,PETERBOROUGH,HUNTINGDONSHIRE,CAMBRIDGESHIRE,Standard,Addition,52.5194650000,-0.2645570000
118500,2001-11-09 00:00:00Z,PE7 3YX,Detached,Established,Freehold,11,,WISTERIA ROAD,YAXLEY,PETERBOROUGH,CITY OF PETERBOROUGH,CITY OF PETERBOROUGH,Standard,Addition,52.5124070000,-0.2639510000
157995,2001-06-22 00:00:00Z,PE7 3ZS,Detached,New Build,Freehold,19,,BENTLEY AVENUE,YAXLEY,PETERBOROUGH,HUNTINGDONSHIRE,CAMBRIDGESHIRE,Standard,Addition,52.5198920000,-0.2605760000
74995,2001-09-28 00:00:00Z,PE7 3HL,Semi-Detached,Established,Freehold,21,,THE ROOKERY,YAXLEY,PETERBOROUGH,HUNTINGDONSHIRE,CAMBRIDGESHIRE,Standard,Addition,52.5169480000,-0.2646270000
78500,2001-11-30 00:00:00Z,PE7 3NR,Semi-Detached,Established,Freehold,244,,BROADWAY,YAXLEY,PETERBOROUGH,HUNTINGDONSHIRE,CAMBRIDGESHIRE,Standard,Addition,52.5161780000,-0.2663390000
168000,2001-04-12 00:00:00Z,PE7 3LH,Detached,Established,Freehold,21,,CHURCH STREET,YAXLEY,PETERBOROUGH,HUNTINGDONSHIRE,CAMBRIDGESHIRE,Standard,Addition,52.5114190000,-0.2646680000
57895,2001-05-14 00:00:00Z,PE7 3HW,Terraced,Established,Freehold,17,,OWL END WALK,YAXLEY,PETERBOROUGH,HUNTINGDONSHIRE,CAMBRIDGESHIRE,Standard,Addition,52.5172370000,-0.2671650000
52400,2001-02-01 00:00:00Z,PE7 3LN,Terraced,Established,Freehold,34,,CHAPEL STREET,YAXLEY,PETERBOROUGH,HUNTINGDONSHIRE,CAMBRIDGESHIRE,Standard,Addition,52.5145890000,-0.2613010000
89950,2001-03-30 00:00:00Z,PE7 3ZQ,Semi-Detached,Established,Freehold,53,,FERNDALE,YAXLEY,PETERBOROUGH,HUNTINGDONSHIRE,CAMBRIDGESHIRE,Standard,Addition,52.5192260000,-0.2654510000
145995,2001-12-20 00:00:00Z,PE7 3QD,Detached,New Build,Freehold,16,,RILEY CLOSE,YAXLEY,PETERBOROUGH,HUNTINGDONSHIRE,CAMBRIDGESHIRE,Standard,Addition,52.5194650000,-0.2645570000
154995,2001-01-26 00:00:00Z,PE7 3ZL,Detached,New Build,Freehold,1,,TELFORD DRIVE,YAXLEY,PETERBOROUGH,HUNTINGDONSHIRE,CAMBRIDGESHIRE,Standard,Addition,52.5192020000,-0.2668820000
154995,2001-05-12 00:00:00Z,PE7 3ZP,Detached,New Build,Freehold,33,,STEPHENSON CLOSE,YAXLEY,PETERBOROUGH,HUNTINGDONSHIRE,CAMBRIDGESHIRE,Standard,Addition,52.5196330000,-0.2680730000
110000,2001-08-03 00:00:00Z,PE7 3LG,Detached,Established,Freehold,34,,WESTFIELD ROAD,YAXLEY,PETERBOROUGH,HUNTINGDONSHIRE,CAMBRIDGESHIRE,Standard,Addition,52.5129640000,-0.2627210000
76950,2001-12-14 00:00:00Z,PE7 3ZN,Semi-Detached,New Build,Freehold,4,,BRUNEL DRIVE,YAXLEY,PETERBOROUGH,HUNTINGDONSHIRE,CAMBRIDGESHIRE,Standard,Addition,52.5190640000,-0.2679040000
162950,2001-11-30 00:00:00Z,PE7 3ZS,Detached,New Build,Freehold,53,,BENTLEY AVENUE,YAXLEY,PETERBOROUGH,HUNTINGDONSHIRE,CAMBRIDGESHIRE,Standard,Addition,52.5198920000,-0.2605760000
105995,2001-08-31 00:00:00Z,PE7 3ZS,Detached,New Build,Freehold,35,,BENTLEY AVENUE,YAXLEY,PETERBOROUGH,HUNTINGDONSHIRE,CAMBRIDGESHIRE,Standard,Addition,52.5198920000,-0.2605760000
64000,2001-07-20 00:00:00Z,PE7 3HW,Semi-Detached,Established,Freehold,15,,OWL END WALK,YAXLEY,PETERBOROUGH,HUNTINGDONSHIRE,CAMBRIDGESHIRE,Standard,Addition,52.5172370000,-0.2671650000
68000,2001-04-19 00:00:00Z,PE7 3HJ,Semi-Detached,Established,Freehold,12,,COCK CLOSE ROAD,YAXLEY,PETERBOROUGH,HUNTINGDONSHIRE,CAMBRIDGESHIRE,Standard,Addition,52.5172050000,-0.2668420000
122995,2001-03-28 00:00:00Z,PE7 3ZS,Detached,New Build,Freehold,11,,BENTLEY AVENUE,YAXLEY,PETERBOROUGH,HUNTINGDONSHIRE,CAMBRIDGESHIRE,Standard,Addition,52.5198920000,-0.2605760000
89950,2001-03-30 00:00:00Z,PE7 3ZQ,Semi-Detached,New Build,Freehold,41,,FERNDALE,YAXLEY,PETERBOROUGH,HUNTINGDONSHIRE,CAMBRIDGESHIRE,Standard,Addition,52.5192260000,-0.2654510000
87000,2001-06-07 00:00:00Z,PE7 3YU,Detached,Established,Freehold,29,,STONEHOUSE ROAD,YAXLEY,PETERBOROUGH,HUNTINGDONSHIRE,CAMBRIDGESHIRE,Standard,Addition,52.5136880000,-0.2618230000
147995,2001-07-27 00:00:00Z,PE7 3ZS,Detached,New Build,Freehold,33,,BENTLEY AVENUE,YAXLEY,PETERBOROUGH,HUNTINGDONSHIRE,CAMBRIDGESHIRE,Standard,Addition,52.5198920000,-0.2605760000
104995,2001-08-31 00:00:00Z,PE7 3ZQ,Detached,New Build,Freehold,39,,FERNDALE,YAXLEY,PETERBOROUGH,HUNTINGDONSHIRE,CAMBRIDGESHIRE,Standard,Addition,52.5192260000,-0.2654510000
192995,2001-11-30 00:00:00Z,PE7 3ZQ,Detached,New Build,Freehold,33,,FERNDALE,YAXLEY,PETERBOROUGH,HUNTINGDONSHIRE,CAMBRIDGESHIRE,Standard,Addition,52.5192260000,-0.2654510000
85950,2001-06-01 00:00:00Z,PE7 3ZQ,Semi-Detached,New Build,Freehold,51,,FERNDALE,YAXLEY,PETERBOROUGH,HUNTINGDONSHIRE,CAMBRIDGESHIRE,Standard,Addition,52.5192260000,-0.2654510000
54840,2001-05-25 00:00:00Z,PE7 3LN,Terraced,Established,Freehold,18,,CHAPEL STREET,YAXLEY,PETERBOROUGH,HUNTINGDONSHIRE,CAMBRIDGESHIRE,Standard,Addition,52.5145890000,-0.2613010000
152000,2001-12-18 00:00:00Z,PE7 3ZN,Detached,New Build,Freehold,2,,BRUNEL DRIVE,YAXLEY,PETERBOROUGH,HUNTINGDONSHIRE,CAMBRIDGESHIRE,Standard,Addition,52.5190640000,-0.2679040000
108500,2001-05-23 00:00:00Z,PE7 3NT,Detached,Established,Freehold,198,,BROADWAY,YAXLEY,PETERBOROUGH,HUNTINGDONSHIRE,CAMBRIDGESHIRE,Standard,Addition,52.5169790000,-0.2606320000
104995,2001-09-14 00:00:00Z,PE7 3ZQ,Detached,New Build,Freehold,37,,FERNDALE,YAXLEY,PETERBOROUGH,HUNTINGDONSHIRE,CAMBRIDGESHIRE,Standard,Addition,52.5192260000,-0.2654510000
67950,2001-03-02 00:00:00Z,PE7 3ZW,Terraced,Established,Freehold,62,,FERNDALE,YAXLEY,PETERBOROUGH,HUNTINGDONSHIRE,CAMBRIDGESHIRE,Standard,Addition,52.5191520000,-0.2659940000
169995,2001-02-28 00:00:00Z,PE7 3ZP,Detached,New Build,Freehold,8,,STEPHENSON CLOSE,YAXLEY,PETERBOROUGH,HUNTINGDONSHIRE,CAMBRIDGESHIRE,Standard,Addition,52.5196330000,-0.2680730000
125950,2001-12-19 00:00:00Z,PE7 3ZS,Detached,New Build,Freehold,55,,BENTLEY AVENUE,YAXLEY,PETERBOROUGH,HUNTINGDONSHIRE,CAMBRIDGESHIRE,Standard,Addition,52.5198920000,-0.2605760000
124995,2001-06-15 00:00:00Z,PE7 3ZS,Detached,New Build,Freehold,25,,BENTLEY AVENUE,YAXLEY,PETERBOROUGH,HUNTINGDONSHIRE,CAMBRIDGESHIRE,Standard,Addition,52.5198920000,-0.2605760000
145000,2001-09-14 00:00:00Z,PE7 3ZS,Detached,New Build,Freehold,3,,BENTLEY AVENUE,YAXLEY,PETERBOROUGH,HUNTINGDONSHIRE,CAMBRIDGESHIRE,Standard,Addition,52.5198920000,-0.2605760000
155000,2001-10-26 00:00:00Z,PE7 3LD,Detached,Established,Freehold,189A,,MAIN STREET,YAXLEY,PETERBOROUGH,HUNTINGDONSHIRE,CAMBRIDGESHIRE,Standard,Addition,52.5116060000,-0.2608290000
143950,2001-10-26 00:00:00Z,PE7 3ZS,Detached,New Build,Freehold,69,,BENTLEY AVENUE,YAXLEY,PETERBOROUGH,HUNTINGDONSHIRE,CAMBRIDGESHIRE,Standard,Addition,52.5198920000,-0.2605760000
169995,2001-02-28 00:00:00Z,PE7 3ZP,Detached,New Build,Freehold,14,,STEPHENSON CLOSE,YAXLEY,PETERBOROUGH,HUNTINGDONSHIRE,CAMBRIDGESHIRE,Standard,Addition,52.5196330000,-0.2680730000
102500,2001-09-10 00:00:00Z,PE7 3NR,Semi-Detached,Established,Freehold,256,,BROADWAY,YAXLEY,PETERBOROUGH,HUNTINGDONSHIRE,CAMBRIDGESHIRE,Standard,Addition,52.5161780000,-0.2663390000
140000,2001-03-30 00:00:00Z,PE7 3ZW,Detached,New Build,Freehold,48,,FERNDALE,YAXLEY,PETERBOROUGH,HUNTINGDONSHIRE,CAMBRIDGESHIRE,Standard,Addition,52.5191520000,-0.2659940000
88000,2001-09-21 00:00:00Z,PE7 3HR,Detached,Established,Freehold,7,,NIGHTINGALE DRIVE,YAXLEY,PETERBOROUGH,HUNTINGDONSHIRE,CAMBRIDGESHIRE,Standard,Addition,52.5181080000,-0.2664970000
154995,2001-03-30 00:00:00Z,PE7 3ZS,Detached,New Build,Freehold,7,,BENTLEY AVENUE,YAXLEY,PETERBOROUGH,HUNTINGDONSHIRE,CAMBRIDGESHIRE,Standard,Addition,52.5198920000,-0.2605760000
90950,2001-02-01 00:00:00Z,PE7 3ZQ,Detached,New Build,Freehold,55,,FERNDALE,YAXLEY,PETERBOROUGH,HUNTINGDONSHIRE,CAMBRIDGESHIRE,Standard,Addition,52.5192260000,-0.2654510000
143950,2001-11-02 00:00:00Z,PE7 3ZS,Detached,New Build,Freehold,67,,BENTLEY AVENUE,YAXLEY,PETERBOROUGH,HUNTINGDONSHIRE,CAMBRIDGESHIRE,Standard,Addition,52.5198920000,-0.2605760000
81995,2001-07-20 00:00:00Z,PE7 3NR,Detached,Established,Freehold,226,,BROADWAY,YAXLEY,PETERBOROUGH,HUNTINGDONSHIRE,CAMBRIDGESHIRE,Standard,Addition,52.5161780000,-0.2663390000
121995,2001-01-26 00:00:00Z,PE7 3ZL,Detached,New Build,Freehold,7,,TELFORD DRIVE,YAXLEY,PETERBOROUGH,HUNTINGDONSHIRE,CAMBRIDGESHIRE,Standard,Addition,52.5192020000,-0.2668820000
65500,2001-03-09 00:00:00Z,PE7 3HW,Semi-Detached,Established,Freehold,18,,OWL END WALK,YAXLEY,PETERBOROUGH,CITY OF PETERBOROUGH,CITY OF PETERBOROUGH,Standard,Addition,52.5172370000,-0.2671650000
124995,2001-09-25 00:00:00Z,PE7 3YT,Detached,Established,Freehold,41,,FIELD RISE,YAXLEY,PETERBOROUGH,HUNTINGDONSHIRE,CAMBRIDGESHIRE,Standard,Addition,52.5139240000,-0.2644220000
92500,2001-07-20 00:00:00Z,PE7 3HN,Detached,Established,Freehold,16,,PHEASANT WAY,YAXLEY,PETERBOROUGH,HUNTINGDONSHIRE,CAMBRIDGESHIRE,Standard,Addition,52.5167260000,-0.2679080000
59999,2001-01-25 00:00:00Z,PE7 3NT,Detached,Established,Freehold,177,,BROADWAY,YAXLEY,PETERBOROUGH,HUNTINGDONSHIRE,CAMBRIDGESHIRE,Standard,Addition,52.5169790000,-0.2606320000
154995,2001-02-28 00:00:00Z,PE7 3ZP,Detached,New Build,Freehold,10,,STEPHENSON CLOSE,YAXLEY,PETERBOROUGH,HUNTINGDONSHIRE,CAMBRIDGESHIRE,Standard,Addition,52.5196330000,-0.2680730000
161995,2001-10-31 00:00:00Z,PE7 3ZQ,Detached,New Build,Freehold,23,,FERNDALE,YAXLEY,PETERBOROUGH,HUNTINGDONSHIRE,CAMBRIDGESHIRE,Standard,Addition,52.5192260000,-0.2654510000
105995,2001-12-21 00:00:00Z,PE7 3QD,Detached,New Build,Freehold,4,,RILEY CLOSE,YAXLEY,PETERBOROUGH,HUNTINGDONSHIRE,CAMBRIDGESHIRE,Standard,Addition,52.5194650000,-0.2645570000
83450,2001-03-13 00:00:00Z,PE7 3ZQ,Terraced,New Build,Freehold,45,,FERNDALE,YAXLEY,PETERBOROUGH,HUNTINGDONSHIRE,CAMBRIDGESHIRE,Standard,Addition,52.5192260000,-0.2654510000
192995,2001-12-07 00:00:00Z,PE7 3ZS,Detached,New Build,Freehold,41,,BENTLEY AVENUE,YAXLEY,PETERBOROUGH,HUNTINGDONSHIRE,CAMBRIDGESHIRE,Standard,Addition,52.5198920000,-0.2605760000
129995,2001-11-29 00:00:00Z,PE7 3ZQ,Detached,New Build,Freehold,27,,FERNDALE,YAXLEY,PETERBOROUGH,HUNTINGDONSHIRE,CAMBRIDGESHIRE,Standard,Addition,52.5192260000,-0.2654510000
52000,2001-02-14 00:00:00Z,PE7 3HW,Terraced,Established,Freehold,22,,OWL END WALK,YAXLEY,PETERBOROUGH,HUNTINGDONSHIRE,CAMBRIDGESHIRE,Standard,Addition,52.5172370000,-0.2671650000
67950,2001-02-28 00:00:00Z,PE7 3ZQ,Terraced,New Build,Freehold,47,,FERNDALE,YAXLEY,PETERBOROUGH,HUNTINGDONSHIRE,CAMBRIDGESHIRE,Standard,Addition,52.5192260000,-0.2654510000
42000,2001-03-09 00:00:00Z,PE7 3LH,Detached,Established,Freehold,26A,,CHURCH STREET,YAXLEY,PETERBOROUGH,HUNTINGDONSHIRE,CAMBRIDGESHIRE,Standard,Addition,52.5114190000,-0.2646680000
97500,2001-08-17 00:00:00Z,PE7 3HR,Detached,Established,Freehold,13,,NIGHTINGALE DRIVE,YAXLEY,PETERBOROUGH,HUNTINGDONSHIRE,CAMBRIDGESHIRE,Standard,Addition,52.5181080000,-0.2664970000
95000,2001-07-02 00:00:00Z,PE7 3ZQ,Detached,Established,Freehold,57,,FERNDALE,YAXLEY,PETERBOROUGH,HUNTINGDONSHIRE,CAMBRIDGESHIRE,Standard,Addition,52.5192260000,-0.2654510000
89950,2001-03-23 00:00:00Z,PE7 3ZQ,Semi-Detached,New Build,Freehold,43,,FERNDALE,YAXLEY,PETERBOROUGH,HUNTINGDONSHIRE,CAMBRIDGESHIRE,Standard,Addition,52.5192260000,-0.2654510000
83250,2001-12-13 00:00:00Z,PE7 3WH,Semi-Detached,Established,Freehold,7,,POOLEY WAY,YAXLEY,PETERBOROUGH,HUNTINGDONSHIRE,CAMBRIDGESHIRE,Standard,Addition,52.5184080000,-0.2624030000
136995,2001-03-01 00:00:00Z,PE7 3ZS,Detached,New Build,Freehold,9,,BENTLEY AVENUE,YAXLEY,PETERBOROUGH,HUNTINGDONSHIRE,CAMBRIDGESHIRE,Standard,Addition,52.5198920000,-0.2605760000
136995,2001-06-29 00:00:00Z,PE7 3ZS,Detached,New Build,Freehold,21,,BENTLEY AVENUE,YAXLEY,PETERBOROUGH,HUNTINGDONSHIRE,CAMBRIDGESHIRE,Standard,Addition,52.5198920000,-0.2605760000
122950,2002-07-26 00:00:00Z,PE7 3ZU,Detached,New Build,Freehold,4,,WOLSELEY CLOSE,YAXLEY,PETERBOROUGH,HUNTINGDONSHIRE,CAMBRIDGESHIRE,Standard,Addition,52.5195700000,-0.2612960000
126000,2002-09-06 00:00:00Z,PE7 3ZW,Detached,Established,Freehold,50,,FERNDALE,YAXLEY,PETERBOROUGH,HUNTINGDONSHIRE,CAMBRIDGESHIRE,Standard,Addition,52.5191520000,-0.2659940000
70250,2002-05-13 00:00:00Z,PE7 3LB,Terraced,Established,Freehold,136,,MAIN STREET,YAXLEY,PETERBOROUGH,HUNTINGDONSHIRE,CAMBRIDGESHIRE,Standard,Addition,52.5123250000,-0.2608450000
87500,2002-07-30 00:00:00Z,PE7 3NT,Semi-Detached,Established,Freehold,173,,BROADWAY,YAXLEY,PETERBOROUGH,HUNTINGDONSHIRE,CAMBRIDGESHIRE,Standard,Addition,52.5169790000,-0.2606320000
177500,2002-06-28 00:00:00Z,PE7 3ZS,Detached,New Build,Freehold,51,,BENTLEY AVENUE,YAXLEY,PETERBOROUGH,HUNTINGDONSHIRE,CAMBRIDGESHIRE,Standard,Addition,52.5198920000,-0.2605760000
130000,2002-12-02 00:00:00Z,PE7 3YJ,Detached,Established,Freehold,32,,GREEN LANE,YAXLEY,PETERBOROUGH,HUNTINGDONSHIRE,CAMBRIDGESHIRE,Standard,Addition,52.5177220000,-0.2640340000
175000,2002-09-25 00:00:00Z,PE7 3ZW,Detached,New Build,Freehold,28,,FERNDALE,YAXLEY,PETERBOROUGH,HUNTINGDONSHIRE,CAMBRIDGESHIRE,Standard,Addition,52.5191520000,-0.2659940000
128950,2002-10-31 00:00:00Z,PE7 3QD,Detached,Established,Freehold,12,,RILEY CLOSE,YAXLEY,PETERBOROUGH,HUNTINGDONSHIRE,CAMBRIDGESHIRE,Standard,Addition,52.5194650000,-0.2645570000
132995,2002-06-28 00:00:00Z,PE7 3ZQ,Detached,New Build,Freehold,7,,FERNDALE,YAXLEY,PETERBOROUGH,HUNTINGDONSHIRE,CAMBRIDGESHIRE,Standard,Addition,52.5192260000,-0.2654510000
135000,2002-07-26 00:00:00Z,PE7 3YY,Detached,Established,Freehold,25,,VICARAGE WAY,YAXLEY,PETERBOROUGH,HUNTINGDONSHIRE,CAMBRIDGESHIRE,Standard,Addition,52.5129230000,-0.2648000000
192995,2002-07-05 00:00:00Z,PE7 3ZU,Detached,New Build,Freehold,16,,WOLSELEY CLOSE,YAXLEY,PETERBOROUGH,HUNTINGDONSHIRE,CAMBRIDGESHIRE,Standard,Addition,52.5195700000,-0.2612960000
152550,2002-06-14 00:00:00Z,PE7 3ZL,Detached,Established,Freehold,16,,TELFORD DRIVE,YAXLEY,PETERBOROUGH,HUNTINGDONSHIRE,CAMBRIDGESHIRE,Standard,Addition,52.5192020000,-0.2668820000
119995,2002-10-29 00:00:00Z,PE7 3YT,Semi-Detached,Established,Freehold,31,,FIELD RISE,YAXLEY,PETERBOROUGH,HUNTINGDONSHIRE,CAMBRIDGESHIRE,Standard,Addition,52.5139240000,-0.2644220000
106500,2002-03-22 00:00:00Z,PE7 3QD,Detached,New Build,Freehold,10,,RILEY CLOSE,YAXLEY,PETERBOROUGH,HUNTINGDONSHIRE,CAMBRIDGESHIRE,Standard,Addition,52.5194650000,-0.2645570000
93000,2002-04-22 00:00:00Z,PE7 3NT,Semi-Detached,Established,Freehold,176,,BROADWAY,YAXLEY,PETERBOROUGH,HUNTINGDONSHIRE,CAMBRIDGESHIRE,Standard,Addition,52.5169790000,-0.2606320000
142995,2002-05-24 00:00:00Z,PE7 3ZU,Detached,New Build,Freehold,8,,WOLSELEY CLOSE,YAXLEY,PETERBOROUGH,HUNTINGDONSHIRE,CAMBRIDGESHIRE,Standard,Addition,52.5195700000,-0.2612960000
170000,2002-12-23 00:00:00Z,PE7 3NF,Detached,Established,Freehold,18,,DOVECOTE LANE,YAXLEY,PETERBOROUGH,HUNTINGDONSHIRE,CAMBRIDGESHIRE,Standard,Addition,52.5148280000,-0.2696480000
151995,2002-05-31 00:00:00Z,PE7 3ZU,Detached,New Build,Freehold,12,,WOLSELEY CLOSE,YAXLEY,PETERBOROUGH,HUNTINGDONSHIRE,CAMBRIDGESHIRE,Standard,Addition,52.5195700000,-0.2612960000
132995,2002-05-03 00:00:00Z,PE7 3QD,Detached,Established,Freehold,3,,RILEY CLOSE,YAXLEY,PETERBOROUGH,HUNTINGDONSHIRE,CAMBRIDGESHIRE,Standard,Addition,52.5194650000,-0.2645570000
68000,2002-04-26 00:00:00Z,PE7 3LN,Terraced,Established,Freehold,46,,CHAPEL STREET,YAXLEY,PETERBOROUGH,HUNTINGDONSHIRE,CAMBRIDGESHIRE,Standard,Addition,52.5145890000,-0.2613010000
136000,2002-10-11 00:00:00Z,PE7 3NP,Detached,Established,Freehold,54,,LONDON ROAD,YAXLEY,PETERBOROUGH,HUNTINGDONSHIRE,CAMBRIDGESHIRE,Standard,Addition,52.5189090000,-0.2689690000
86000,2002-12-04 00:00:00Z,PE7 3NS,Semi-Detached,Established,Freehold,12,,MANOR CLOSE,YAXLEY,PETERBOROUGH,HUNTINGDONSHIRE,CAMBRIDGESHIRE,Standard,Addition,52.5151680000,-0.2646230000
116000,2002-11-22 00:00:00Z,PE7 3ZQ,Semi-Detached,Established,Freehold,53,,FERNDALE,YAXLEY,PETERBOROUGH,HUNTINGDONSHIRE,CAMBRIDGESHIRE,Standard,Addition,52.5192260000,-0.2654510000
161995,2002-09-25 00:00:00Z,PE7 3ZQ,Detached,New Build,Freehold,17,,FERNDALE,YAXLEY,PETERBOROUGH,HUNTINGDONSHIRE,CAMBRIDGESHIRE,Standard,Addition,52.5192260000,-0.2654510000
195000,2002-09-26 00:00:00Z,PE7 3ZP,Detached,Established,Freehold,7,,STEPHENSON CLOSE,YAXLEY,PETERBOROUGH,HUNTINGDONSHIRE,CAMBRIDGESHIRE,Standard,Addition,52.5196330000,-0.2680730000
131995,2002-11-04 00:00:00Z,PE7 3LF,Semi-Detached,Established,Freehold,25,,WESTFIELD ROAD,YAXLEY,PETERBOROUGH,HUNTINGDONSHIRE,CAMBRIDGESHIRE,Standard,Addition,52.5133680000,-0.2633090000
80000,2002-07-26 00:00:00Z,PE7 3HJ,Terraced,Established,Freehold,27,,COCK CLOSE ROAD,YAXLEY,PETERBOROUGH,HUNTINGDONSHIRE,CAMBRIDGESHIRE,Standard,Addition,52.5172050000,-0.2668420000
149000,2002-04-03 00:00:00Z,PE7 3ZW,Detached,New Build,Freehold,14,,FERNDALE,YAXLEY,PETERBOROUGH,HUNTINGDONSHIRE,CAMBRIDGESHIRE,Standard,Addition,52.5191520000,-0.2659940000
185000,2002-10-31 00:00:00Z,PE7 3ZW,Detached,New Build,Freehold,34,,FERNDALE,YAXLEY,PETERBOROUGH,HUNTINGDONSHIRE,CAMBRIDGESHIRE,Standard,Addition,52.5191520000,-0.2659940000
176995,2002-10-07 00:00:00Z,PE7 3ZQ,Detached,New Build,Freehold,15,,FERNDALE,YAXLEY,PETERBOROUGH,HUNTINGDONSHIRE,CAMBRIDGESHIRE,Standard,Addition,52.5192260000,-0.2654510000
124995,2002-06-28 00:00:00Z,PE7 3ZU,Detached,New Build,Freehold,1,,WOLSELEY CLOSE,YAXLEY,PETERBOROUGH,HUNTINGDONSHIRE,CAMBRIDGESHIRE,Standard,Addition,52.5195700000,-0.2612960000
106500,2002-03-28 00:00:00Z,PE7 3QD,Detached,New Build,Freehold,5,,RILEY CLOSE,YAXLEY,PETERBOROUGH,HUNTINGDONSHIRE,CAMBRIDGESHIRE,Standard,Addition,52.5194650000,-0.2645570000
158000,2002-07-17 00:00:00Z,PE7 3LH,Detached,Established,Freehold,19A,,CHURCH STREET,YAXLEY,PETERBOROUGH,HUNTINGDONSHIRE,CAMBRIDGESHIRE,Standard,Addition,52.5114190000,-0.2646680000
153000,2002-05-10 00:00:00Z,PE7 3NR,Detached,Established,Freehold,218,,BROADWAY,YAXLEY,PETERBOROUGH,HUNTINGDONSHIRE,CAMBRIDGESHIRE,Standard,Addition,52.5161780000,-0.2663390000
132995,2002-05-22 00:00:00Z,PE7 3ZU,Detached,New Build,Freehold,10,,WOLSELEY CLOSE,YAXLEY,PETERBOROUGH,HUNTINGDONSHIRE,CAMBRIDGESHIRE,Standard,Addition,52.5195700000,-0.2612960000
148000,2002-11-01 00:00:00Z,PE7 3ZW,Detached,Established,Freehold,46,,FERNDALE,YAXLEY,PETERBOROUGH,HUNTINGDONSHIRE,CAMBRIDGESHIRE,Standard,Addition,52.5191520000,-0.2659940000
91000,2002-01-11 00:00:00Z,PE7 3ZN,Semi-Detached,New Build,Freehold,6,,BRUNEL DRIVE,YAXLEY,PETERBOROUGH,HUNTINGDONSHIRE,CAMBRIDGESHIRE,Standard,Addition,52.5190640000,-0.2679040000
155000,2002-11-01 00:00:00Z,PE7 3ZS,Detached,Established,Freehold,55,,BENTLEY AVENUE,YAXLEY,PETERBOROUGH,HUNTINGDONSHIRE,CAMBRIDGESHIRE,Standard,Addition,52.5198920000,-0.2605760000
180995,2002-06-14 00:00:00Z,PE7 3ZU,Detached,New Build,Freehold,11,,WOLSELEY CLOSE,YAXLEY,PETERBOROUGH,HUNTINGDONSHIRE,CAMBRIDGESHIRE,Standard,Addition,52.5195700000,-0.2612960000
100000,2002-07-26 00:00:00Z,PE7 3NR,Semi-Detached,Established,Freehold,281,,BROADWAY,YAXLEY,PETERBOROUGH,HUNTINGDONSHIRE,CAMBRIDGESHIRE,Standard,Addition,52.5161780000,-0.2663390000
127000,2002-03-28 00:00:00Z,PE7 3ZW,Detached,New Build,Freehold,16,,FERNDALE,YAXLEY,PETERBOROUGH,HUNTINGDONSHIRE,CAMBRIDGESHIRE,Standard,Addition,52.5191520000,-0.2659940000
94000,2002-06-28 00:00:00Z,PE7 3HN,Detached,Established,Freehold,10,,PHEASANT WAY,YAXLEY,PETERBOROUGH,HUNTINGDONSHIRE,CAMBRIDGESHIRE,Standard,Addition,52.5167260000,-0.2679080000
190000,2002-02-15 00:00:00Z,PE7 3LH,Detached,Established,Freehold,19,,CHURCH STREET,YAXLEY,PETERBOROUGH,HUNTINGDONSHIRE,CAMBRIDGESHIRE,Standard,Addition,52.5114190000,-0.2646680000
130000,2002-02-28 00:00:00Z,PE7 3YY,Semi-Detached,Established,Freehold,32,,VICARAGE WAY,YAXLEY,PETERBOROUGH,HUNTINGDONSHIRE,CAMBRIDGESHIRE,Standard,Addition,52.5129230000,-0.2648000000
165000,2002-08-16 00:00:00Z,PE7 3LJ,Detached,Established,Freehold,19,,WEST END,YAXLEY,PETERBOROUGH,HUNTINGDONSHIRE,CAMBRIDGESHIRE,Standard,Addition,52.5101800000,-0.2641270000
112000,2002-04-29 00:00:00Z,PE7 3ZW,Detached,New Build,Freehold,12,,FERNDALE,YAXLEY,PETERBOROUGH,HUNTINGDONSHIRE,CAMBRIDGESHIRE,Standard,Addition,52.5191520000,-0.2659940000
110000,2002-04-26 00:00:00Z,PE7 3LN,Detached,Established,Freehold,80,,CHAPEL STREET,YAXLEY,PETERBOROUGH,HUNTINGDONSHIRE,CAMBRIDGESHIRE,Standard,Addition,52.5145890000,-0.2613010000
80000,2002-09-06 00:00:00Z,PE7 3ZQ,Terraced,Established,Freehold,71,,FERNDALE,YAXLEY,PETERBOROUGH,HUNTINGDONSHIRE,CAMBRIDGESHIRE,Standard,Addition,52.5192260000,-0.2654510000
93000,2002-10-22 00:00:00Z,PE7 3ZN,Semi-Detached,Established,Freehold,4,,BRUNEL DRIVE,YAXLEY,PETERBOROUGH,HUNTINGDONSHIRE,CAMBRIDGESHIRE,Standard,Addition,52.5190640000,-0.2679040000
119995,2002-01-31 00:00:00Z,PE7 3ZU,Detached,New Build,Freehold,3,,WOLSELEY CLOSE,YAXLEY,PETERBOROUGH,HUNTINGDONSHIRE,CAMBRIDGESHIRE,Standard,Addition,52.5195700000,-0.2612960000
119000,2002-08-16 00:00:00Z,PE7 3HP,Detached,Established,Freehold,1,,PARTRIDGE CLOSE,YAXLEY,PETERBOROUGH,HUNTINGDONSHIRE,CAMBRIDGESHIRE,Standard,Addition,52.5178030000,-0.2683370000
128000,2002-04-05 00:00:00Z,PE7 3ZW,Detached,New Build,Freehold,8,,FERNDALE,YAXLEY,PETERBOROUGH,HUNTINGDONSHIRE,CAMBRIDGESHIRE,Standard,Addition,52.5191520000,-0.2659940000
155000,2002-03-28 00:00:00Z,PE7 3ZW,Detached,New Build,Freehold,32,,FERNDALE,YAXLEY,PETERBOROUGH,HUNTINGDONSHIRE,CAMBRIDGESHIRE,Standard,Addition,52.5191520000,-0.2659940000
169000,2002-02-21 00:00:00Z,PE7 3ZS,Detached,New Build,Freehold,71,,BENTLEY AVENUE,YAXLEY,PETERBOROUGH,HUNTINGDONSHIRE,CAMBRIDGESHIRE,Standard,Addition,52.5198920000,-0.2605760000
89500,2002-03-28 00:00:00Z,PE7 3NR,Semi-Detached,Established,Freehold,281,,BROADWAY,YAXLEY,PETERBOROUGH,HUNTINGDONSHIRE,CAMBRIDGESHIRE,Standard,Addition,52.5161780000,-0.2663390000
88000,2002-05-14 00:00:00Z,PE7 3WH,Semi-Detached,Established,Freehold,9,,POOLEY WAY,YAXLEY,PETERBOROUGH,HUNTINGDONSHIRE,CAMBRIDGESHIRE,Standard,Addition,52.5184080000,-0.2624030000
174995,2002-09-23 00:00:00Z,PE7 3ZQ,Detached,New Build,Freehold,11,,FERNDALE,YAXLEY,PETERBOROUGH,HUNTINGDONSHIRE,CAMBRIDGESHIRE,Standard,Addition,52.5192260000,-0.2654510000
184995,2002-07-16 00:00:00Z,PE7 3ZU,Detached,New Build,Freehold,14,,WOLSELEY CLOSE,YAXLEY,PETERBOROUGH,HUNTINGDONSHIRE,CAMBRIDGESHIRE,Standard,Addition,52.5195700000,-0.2612960000
95500,2002-02-04 00:00:00Z,PE7 3HN,Detached,Established,Freehold,8,,PHEASANT WAY,YAXLEY,PETERBOROUGH,HUNTINGDONSHIRE,CAMBRIDGESHIRE,Standard,Addition,52.5167260000,-0.2679080000
154995,2002-06-28 00:00:00Z,PE7 3ZU,Detached,New Build,Freehold,9,,WOLSELEY CLOSE,YAXLEY,PETERBOROUGH,HUNTINGDONSHIRE,CAMBRIDGESHIRE,Standard,Addition,52.5195700000,-0.2612960000
131995,2002-02-20 00:00:00Z,PE7 3QD,Detached,New Build,Freehold,2,,RILEY CLOSE,YAXLEY,PETERBOROUGH,HUNTINGDONSHIRE,CAMBRIDGESHIRE,Standard,Addition,52.5194650000,-0.2645570000
131995,2002-12-16 00:00:00Z,PE7 3YU,Detached,Established,Freehold,17,,STONEHOUSE ROAD,YAXLEY,PETERBOROUGH,HUNTINGDONSHIRE,CAMBRIDGESHIRE,Standard,Addition,52.5136880000,-0.2618230000
76000,2002-12-13 00:00:00Z,PE7 3NT,Terraced,Established,Freehold,229,,BROADWAY,YAXLEY,PETERBOROUGH,HUNTINGDONSHIRE,CAMBRIDGESHIRE,Standard,Addition,52.5169790000,-0.2606320000
100000,2002-12-11 00:00:00Z,PE7 3YU,Detached,Established,Freehold,23,,STONEHOUSE ROAD,YAXLEY,PETERBOROUGH,HUNTINGDONSHIRE,CAMBRIDGESHIRE,Standard,Addition,52.5136880000,-0.2618230000
235000,2002-01-31 00:00:00Z,PE7 3LD,Detached,Established,Freehold,199,,MAIN STREET,YAXLEY,PETERBOROUGH,HUNTINGDONSHIRE,CAMBRIDGESHIRE,Standard,Addition,52.5116060000,-0.2608290000
111500,2002-05-20 00:00:00Z,PE7 3HR,Detached,Established,Freehold,3,,NIGHTINGALE DRIVE,YAXLEY,PETERBOROUGH,HUNTINGDONSHIRE,CAMBRIDGESHIRE,Standard,Addition,52.5181080000,-0.2664970000
116500,2002-02-04 00:00:00Z,PE7 3LN,Detached,Established,Freehold,82,,CHAPEL STREET,YAXLEY,PETERBOROUGH,HUNTINGDONSHIRE,CAMBRIDGESHIRE,Standard,Addition,52.5145890000,-0.2613010000
108000,2002-07-17 00:00:00Z,PE7 3HL,Detached,Established,Freehold,5,,THE ROOKERY,YAXLEY,PETERBOROUGH,HUNTINGDONSHIRE,CAMBRIDGESHIRE,Standard,Addition,52.5169480000,-0.2646270000
132995,2002-03-22 00:00:00Z,PE7 3QD,Detached,New Build,Freehold,9,,RILEY CLOSE,YAXLEY,PETERBOROUGH,HUNTINGDONSHIRE,CAMBRIDGESHIRE,Standard,Addition,52.5194650000,-0.2645570000
124000,2002-08-23 00:00:00Z,PE7 3HJ,Terraced,Established,Freehold,3,,COCK CLOSE ROAD,YAXLEY,PETERBOROUGH,HUNTINGDONSHIRE,CAMBRIDGESHIRE,Standard,Addition,52.5172050000,-0.2668420000
94500,2002-05-09 00:00:00Z,PE7 3ZQ,Terraced,Established,Freehold,59,,FERNDALE,YAXLEY,PETERBOROUGH,HUNTINGDONSHIRE,CAMBRIDGESHIRE,Standard,Addition,52.5192260000,-0.2654510000
106000,2002-08-15 00:00:00Z,PE7 3ZQ,Terraced,Established,Freehold,73,,FERNDALE,YAXLEY,PETERBOROUGH,HUNTINGDONSHIRE,CAMBRIDGESHIRE,Standard,Addition,52.5192260000,-0.2654510000
56000,2002-07-29 00:00:00Z,PE7 3NF,Detached,Established,Freehold,1,,DOVECOTE LANE,YAXLEY,PETERBOROUGH,HUNTINGDONSHIRE,CAMBRIDGESHIRE,Standard,Addition,52.5148280000,-0.2696480000
70500,2002-01-25 00:00:00Z,PE7 3HW,Terraced,Established,Freehold,4,,OWL END WALK,YAXLEY,PETERBOROUGH,HUNTINGDONSHIRE,CAMBRIDGESHIRE,Standard,Addition,52.5172370000,-0.2671650000
121955,2002-03-22 00:00:00Z,PE7 3ZU,Detached,New Build,Freehold,7,,WOLSELEY CLOSE,YAXLEY,PETERBOROUGH,HUNTINGDONSHIRE,CAMBRIDGESHIRE,Standard,Addition,52.5195700000,-0.2612960000
174000,2002-10-04 00:00:00Z,PE7 3ZP,Detached,Established,Freehold,33,,STEPHENSON CLOSE,YAXLEY,PETERBOROUGH,HUNTINGDONSHIRE,CAMBRIDGESHIRE,Standard,Addition,52.5196330000,-0.2680730000
155000,2002-10-14 00:00:00Z,PE7 3ZL,Detached,Established,Freehold,32,,TELFORD DRIVE,YAXLEY,PETERBOROUGH,HUNTINGDONSHIRE,CAMBRIDGESHIRE,Standard,Addition,52.5192020000,-0.2668820000
115000,2002-06-21 00:00:00Z,PE7 3YZ,Detached,Established,Freehold,3,,LEE ROAD,YAXLEY,PETERBOROUGH,HUNTINGDONSHIRE,CAMBRIDGESHIRE,Standard,Addition,52.5127340000,-0.2617570000
119500,2002-08-02 00:00:00Z,PE7 3LG,Detached,Established,Freehold,8,,WESTFIELD ROAD,YAXLEY,PETERBOROUGH,HUNTINGDONSHIRE,CAMBRIDGESHIRE,Standard,Addition,52.5129640000,-0.2627210000
195995,2002-07-31 00:00:00Z,PE7 3ZQ,Detached,New Build,Freehold,3,,FERNDALE,YAXLEY,PETERBOROUGH,HUNTINGDONSHIRE,CAMBRIDGESHIRE,Standard,Addition,52.5192260000,-0.2654510000
155000,2002-02-28 00:00:00Z,PE7 3ZW,Detached,New Build,Freehold,6,,FERNDALE,YAXLEY,PETERBOROUGH,HUNTINGDONSHIRE,CAMBRIDGESHIRE,Standard,Addition,52.5191520000,-0.2659940000
120000,2002-06-21 00:00:00Z,PE7 3HP,Detached,Established,Freehold,2,,PARTRIDGE CLOSE,YAXLEY,PETERBOROUGH,HUNTINGDONSHIRE,CAMBRIDGESHIRE,Standard,Addition,52.5178030000,-0.2683370000
117500,2002-04-12 00:00:00Z,PE7 3NR,Semi-Detached,Established,Freehold,216,,BROADWAY,YAXLEY,PETERBOROUGH,HUNTINGDONSHIRE,CAMBRIDGESHIRE,Standard,Addition,52.5161780000,-0.2663390000
154995,2002-08-07 00:00:00Z,PE7 3WH,Detached,Established,Freehold,23,,POOLEY WAY,YAXLEY,PETERBOROUGH,HUNTINGDONSHIRE,CAMBRIDGESHIRE,Standard,Addition,52.5184080000,-0.2624030000
192995,2002-08-12 00:00:00Z,PE7 3ZU,Semi-Detached,Established,Freehold,2,,WOLSELEY CLOSE,YAXLEY,PETERBOROUGH,HUNTINGDONSHIRE,CAMBRIDGESHIRE,Standard,Addition,52.5195700000,-0.2612960000
151995,2002-03-22 00:00:00Z,PE7 3ZU,Detached,New Build,Freehold,15,,WOLSELEY CLOSE,YAXLEY,PETERBOROUGH,HUNTINGDONSHIRE,CAMBRIDGESHIRE,Standard,Addition,52.5195700000,-0.2612960000
110000,2002-06-28 00:00:00Z,PE7 3WH,Detached,Established,Freehold,15,,POOLEY WAY,YAXLEY,PETERBOROUGH,HUNTINGDONSHIRE,CAMBRIDGESHIRE,Standard,Addition,52.5184080000,-0.2624030000
160000,2002-01-25 00:00:00Z,PE7 3YF,Detached,Established,Freehold,14,,ABBOTT WAY,YAXLEY,PETERBOROUGH,HUNTINGDONSHIRE,CAMBRIDGESHIRE,Standard,Addition,52.5106450000,-0.2645950000
185000,2002-04-29 00:00:00Z,PE7 3ZW,Detached,New Build,Freehold,30,,FERNDALE,YAXLEY,PETERBOROUGH,HUNTINGDONSHIRE,CAMBRIDGESHIRE,Standard,Addition,52.5191520000,-0.2659940000
130000,2002-11-01 00:00:00Z,PE7 3HW,Detached,Established,Freehold,30,,OWL END WALK,YAXLEY,PETERBOROUGH,HUNTINGDONSHIRE,CAMBRIDGESHIRE,Standard,Addition,52.5172370000,-0.2671650000
82500,2002-02-20 00:00:00Z,PE7 3WH,Semi-Detached,Established,Freehold,10,,POOLEY WAY,YAXLEY,PETERBOROUGH,HUNTINGDONSHIRE,CAMBRIDGESHIRE,Standard,Addition,52.5184080000,-0.2624030000
189995,2002-07-18 00:00:00Z,PE7 3ZQ,Detached,New Build,Freehold,1,,FERNDALE,YAXLEY,PETERBOROUGH,HUNTINGDONSHIRE,CAMBRIDGESHIRE,Standard,Addition,52.5192260000,-0.2654510000
155995,2002-05-17 00:00:00Z,PE7 3ZS,Detached,New Build,Freehold,49,,BENTLEY AVENUE,YAXLEY,PETERBOROUGH,HUNTINGDONSHIRE,CAMBRIDGESHIRE,Standard,Addition,52.5198920000,-0.2605760000
101000,2002-06-14 00:00:00Z,PE7 3ZQ,Semi-Detached,Established,Freehold,41,,FERNDALE,YAXLEY,PETERBOROUGH,HUNTINGDONSHIRE,CAMBRIDGESHIRE,Standard,Addition,52.5192260000,-0.2654510000
134995,2002-06-27 00:00:00Z,PE7 3ZQ,Detached,New Build,Freehold,9,,FERNDALE,YAXLEY,PETERBOROUGH,HUNTINGDONSHIRE,CAMBRIDGESHIRE,Standard,Addition,52.5192260000,-0.2654510000
35000,2002-02-21 00:00:00Z,PE7 3LJ,Detached,Established,Freehold,5,,WEST END,YAXLEY,PETERBOROUGH,HUNTINGDONSHIRE,CAMBRIDGESHIRE,Standard,Addition,52.5101800000,-0.2641270000
170000,2002-11-04 00:00:00Z,PE7 3ZS,Detached,Established,Freehold,9,,BENTLEY AVENUE,YAXLEY,PETERBOROUGH,HUNTINGDONSHIRE,CAMBRIDGESHIRE,Standard,Addition,52.5198920000,-0.2605760000
128000,2002-03-26 00:00:00Z,PE7 3ZW,Detached,New Build,Freehold,10,,FERNDALE,YAXLEY,PETERBOROUGH,HUNTINGDONSHIRE,CAMBRIDGESHIRE,Standard,Addition,52.5191520000,-0.2659940000
194995,2002-06-28 00:00:00Z,PE7 3ZQ,Detached,New Build,Freehold,5,,FERNDALE,YAXLEY,PETERBOROUGH,HUNTINGDONSHIRE,CAMBRIDGESHIRE,Standard,Addition,52.5192260000,-0.2654510000
118000,2002-07-17 00:00:00Z,PE7 3HN,Semi-Detached,Established,Freehold,23,,PHEASANT WAY,YAXLEY,PETERBOROUGH,HUNTINGDONSHIRE,CAMBRIDGESHIRE,Standard,Addition,52.5167260000,-0.2679080000
135500,2002-12-13 00:00:00Z,PE7 3LF,Semi-Detached,Established,Freehold,27,,WESTFIELD ROAD,YAXLEY,PETERBOROUGH,HUNTINGDONSHIRE,CAMBRIDGESHIRE,Standard,Addition,52.5133680000,-0.2633090000
165000,2002-05-14 00:00:00Z,PE7 3YY,Detached,Established,Freehold,38,,VICARAGE WAY,YAXLEY,PETERBOROUGH,HUNTINGDONSHIRE,CAMBRIDGESHIRE,Standard,Addition,52.5129230000,-0.2648000000
129995,2002-04-12 00:00:00Z,PE7 3ZU,Detached,New Build,Freehold,6,,WOLSELEY CLOSE,YAXLEY,PETERBOROUGH,HUNTINGDONSHIRE,CAMBRIDGESHIRE,Standard,Addition,52.5195700000,-0.2612960000
120000,2002-05-03 00:00:00Z,PE7 3YU,Detached,Established,Freehold,9,,STONEHOUSE ROAD,YAXLEY,PETERBOROUGH,HUNTINGDONSHIRE,CAMBRIDGESHIRE,Standard,Addition,52.5136880000,-0.2618230000
132995,2002-02-28 00:00:00Z,PE7 3QD,Detached,New Build,Freehold,1,,RILEY CLOSE,YAXLEY,PETERBOROUGH,HUNTINGDONSHIRE,CAMBRIDGESHIRE,Standard,Addition,52.5194650000,-0.2645570000
126500,2002-07-08 00:00:00Z,PE7 3QD,Detached,Established,Freehold,5,,RILEY CLOSE,YAXLEY,PETERBOROUGH,HUNTINGDONSHIRE,CAMBRIDGESHIRE,Standard,Addition,52.5194650000,-0.2645570000
104500,2002-03-22 00:00:00Z,PE7 3QD,Detached,New Build,Freehold,7,,RILEY CLOSE,YAXLEY,PETERBOROUGH,HUNTINGDONSHIRE,CAMBRIDGESHIRE,Standard,Addition,52.5194650000,-0.2645570000
35000,2002-10-02 00:00:00Z,PE7 3YZ,Detached,Established,Freehold,17,,LEE ROAD,YAXLEY,PETERBOROUGH,HUNTINGDONSHIRE,CAMBRIDGESHIRE,Standard,Addition,52.5127340000,-0.2617570000
149995,2002-04-12 00:00:00Z,PE7 3ZU,Detached,New Build,Freehold,5,,WOLSELEY CLOSE,YAXLEY,PETERBOROUGH,HUNTINGDONSHIRE,CAMBRIDGESHIRE,Standard,Addition,52.5195700000,-0.2612960000
77000,2002-01-25 00:00:00Z,PE7 3LJ,Semi-Detached,Established,Freehold,16,,WEST END,YAXLEY,PETERBOROUGH,HUNTINGDONSHIRE,CAMBRIDGESHIRE,Standard,Addition,52.5101800000,-0.2641270000
105000,2002-02-28 00:00:00Z,PE7 3ZQ,Detached,Established,Freehold,55,,FERNDALE,YAXLEY,PETERBOROUGH,HUNTINGDONSHIRE,CAMBRIDGESHIRE,Standard,Addition,52.5192260000,-0.2654510000
158000,2002-10-04 00:00:00Z,PE7 3YZ,Detached,Established,Freehold,11,,LEE ROAD,YAXLEY,PETERBOROUGH,HUNTINGDONSHIRE,CAMBRIDGESHIRE,Standard,Addition,52.5127340000,-0.2617570000
78500,2002-02-27 00:00:00Z,PE7 3YG,Semi-Detached,Established,Freehold,13,,KINGFISHER CLOSE,YAXLEY,PETERBOROUGH,HUNTINGDONSHIRE,CAMBRIDGESHIRE,Standard,Addition,52.5175720000,-0.2661060000
158000,2003-01-31 00:00:00Z,PE7 3ZW,Detached,Established,Freehold,10,,FERNDALE,YAXLEY,PETERBOROUGH,HUNTINGDONSHIRE,CAMBRIDGESHIRE,Standard,Addition,52.5191520000,-0.2659940000
112000,2003-10-28 00:00:00Z,PE7 3NT,Semi-Detached,Established,Freehold,169,,BROADWAY,YAXLEY,PETERBOROUGH,HUNTINGDONSHIRE,CAMBRIDGESHIRE,Standard,Addition,52.5169790000,-0.2606320000
178000,2003-08-18 00:00:00Z,PE7 3ZW,Detached,New Build,Freehold,26,,FERNDALE,YAXLEY,PETERBOROUGH,HUNTINGDONSHIRE,CAMBRIDGESHIRE,Standard,Addition,52.5191520000,-0.2659940000
197950,2003-04-25 00:00:00Z,PE7 3ZQ,Detached,New Build,Freehold,21,,FERNDALE,YAXLEY,PETERBOROUGH,HUNTINGDONSHIRE,CAMBRIDGESHIRE,Standard,Addition,52.5192260000,-0.2654510000
148995,2003-07-31 00:00:00Z,PE7 3HL,Semi-Detached,Established,Freehold,19,,THE ROOKERY,YAXLEY,PETERBOROUGH,HUNTINGDONSHIRE,CAMBRIDGESHIRE,Standard,Addition,52.5169480000,-0.2646270000
187000,2003-12-08 00:00:00Z,PE7 3ZL,Detached,Established,Freehold,24,,TELFORD DRIVE,YAXLEY,PETERBOROUGH,HUNTINGDONSHIRE,CAMBRIDGESHIRE,Standard,Addition,52.5192020000,-0.2668820000
107000,2003-05-30 00:00:00Z,PE7 3WH,Semi-Detached,Established,Freehold,6,,POOLEY WAY,YAXLEY,PETERBOROUGH,HUNTINGDONSHIRE,CAMBRIDGESHIRE,Standard,Addition,52.5184080000,-0.2624030000
194995,2003-04-30 00:00:00Z,PE7 3ZQ,Detached,New Build,Freehold,19,,FERNDALE,YAXLEY,PETERBOROUGH,HUNTINGDONSHIRE,CAMBRIDGESHIRE,Standard,Addition,52.5192260000,-0.2654510000
183000,2003-07-18 00:00:00Z,PE7 3LJ,Detached,Established,Freehold,25,,WEST END,YAXLEY,PETERBOROUGH,HUNTINGDONSHIRE,CAMBRIDGESHIRE,Standard,Addition,52.5101800000,-0.2641270000
137000,2003-11-14 00:00:00Z,PE7 3YJ,Semi-Detached,Established,Freehold,27,,GREEN LANE,YAXLEY,PETERBOROUGH,HUNTINGDONSHIRE,CAMBRIDGESHIRE,Standard,Addition,52.5177220000,-0.2640340000
229000,2003-11-21 00:00:00Z,PE7 3ZW,Detached,New Build,Freehold,20,,FERNDALE,YAXLEY,PETERBOROUGH,HUNTINGDONSHIRE,CAMBRIDGESHIRE,Standard,Addition,52.5191520000,-0.2659940000
136500,2003-01-03 00:00:00Z,PE7 3YG,Detached,Established,Freehold,3,,KINGFISHER CLOSE,YAXLEY,PETERBOROUGH,HUNTINGDONSHIRE,CAMBRIDGESHIRE,Standard,Addition,52.5175720000,-0.2661060000
132000,2003-05-02 00:00:00Z,PE7 3YU,Detached,Established,Freehold,21,,STONEHOUSE ROAD,YAXLEY,PETERBOROUGH,HUNTINGDONSHIRE,CAMBRIDGESHIRE,Standard,Addition,52.5136880000,-0.2618230000
155000,2003-07-25 00:00:00Z,PE7 3NR,Detached,Established,Freehold,212A,,BROADWAY,YAXLEY,PETERBOROUGH,HUNTINGDONSHIRE,CAMBRIDGESHIRE,Standard,Addition,52.5161780000,-0.2663390000
85500,2003-12-12 00:00:00Z,PE7 3NT,Semi-Detached,Established,Freehold,237,,BROADWAY,YAXLEY,PETERBOROUGH,HUNTINGDONSHIRE,CAMBRIDGESHIRE,Standard,Addition,52.5169790000,-0.2606320000
182500,2003-12-22 00:00:00Z,PE7 3NP,Detached,Established,Freehold,44,,LONDON ROAD,YAXLEY,PETERBOROUGH,HUNTINGDONSHIRE,CAMBRIDGESHIRE,Standard,Addition,52.5189090000,-0.2689690000
134000,2003-03-24 00:00:00Z,PE7 3YT,Detached,Established,Freehold,25,,FIELD RISE,YAXLEY,PETERBOROUGH,HUNTINGDONSHIRE,CAMBRIDGESHIRE,Standard,Addition,52.5139240000,-0.2644220000
180000,2003-10-31 00:00:00Z,PE7 3ZW,Detached,New Build,Freehold,24,,FERNDALE,YAXLEY,PETERBOROUGH,HUNTINGDONSHIRE,CAMBRIDGESHIRE,Standard,Addition,52.5191520000,-0.2659940000
174000,2003-12-01 00:00:00Z,PE7 3QD,Detached,Established,Freehold,9,,RILEY CLOSE,YAXLEY,PETERBOROUGH,HUNTINGDONSHIRE,CAMBRIDGESHIRE,Standard,Addition,52.5194650000,-0.2645570000
150000,2003-02-17 00:00:00Z,PE7 3YY,Detached,Established,Freehold,23,,VICARAGE WAY,YAXLEY,PETERBOROUGH,HUNTINGDONSHIRE,CAMBRIDGESHIRE,Standard,Addition,52.5129230000,-0.2648000000
135000,2003-07-31 00:00:00Z,PE7 3LH,Detached,Established,Freehold,26A,,CHURCH STREET,YAXLEY,PETERBOROUGH,HUNTINGDONSHIRE,CAMBRIDGESHIRE,Standard,Addition,52.5114190000,-0.2646680000
179000,2003-06-27 00:00:00Z,PE7 3NR,Detached,Established,Freehold,273,,BROADWAY,YAXLEY,PETERBOROUGH,CITY OF PETERBOROUGH,CITY OF PETERBOROUGH,Standard,Addition,52.5161780000,-0.2663390000
78000,2003-03-12 00:00:00Z,PE7 3NT,Detached,Established,Freehold,239,,BROADWAY,YAXLEY,PETERBOROUGH,HUNTINGDONSHIRE,CAMBRIDGESHIRE,Standard,Addition,52.5169790000,-0.2606320000
92000,2003-04-25 00:00:00Z,PE7 3HJ,Terraced,Established,Freehold,27,,COCK CLOSE ROAD,YAXLEY,PETERBOROUGH,HUNTINGDONSHIRE,CAMBRIDGESHIRE,Standard,Addition,52.5172050000,-0.2668420000
156995,2003-06-02 00:00:00Z,PE7 3ZQ,Detached,Established,Freehold,39,,FERNDALE,YAXLEY,PETERBOROUGH,HUNTINGDONSHIRE,CAMBRIDGESHIRE,Standard,Addition,52.5192260000,-0.2654510000
270000,2003-07-25 00:00:00Z,PE7 3NR,Detached,Established,Freehold,"OAKTREE COURT, 212",FLAT 20,BROADWAY,YAXLEY,PETERBOROUGH,HUNTINGDONSHIRE,CAMBRIDGESHIRE,Standard,Addition,52.5161780000,-0.2663390000
219995,2003-02-28 00:00:00Z,PE7 3ZS,Detached,New Build,Freehold,45,,BENTLEY AVENUE,YAXLEY,PETERBOROUGH,HUNTINGDONSHIRE,CAMBRIDGESHIRE,Standard,Addition,52.5198920000,-0.2605760000
144000,2003-05-12 00:00:00Z,PE7 3HP,Detached,Established,Freehold,8,,PARTRIDGE CLOSE,YAXLEY,PETERBOROUGH,HUNTINGDONSHIRE,CAMBRIDGESHIRE,Standard,Addition,52.5178030000,-0.2683370000
185000,2003-04-17 00:00:00Z,PE7 3YF,Detached,Established,Freehold,12,,ABBOTT WAY,YAXLEY,PETERBOROUGH,HUNTINGDONSHIRE,CAMBRIDGESHIRE,Standard,Addition,52.5106450000,-0.2645950000
120000,2003-12-19 00:00:00Z,PE7 3NR,Semi-Detached,Established,Freehold,249,,BROADWAY,YAXLEY,PETERBOROUGH,HUNTINGDONSHIRE,CAMBRIDGESHIRE,Standard,Addition,52.5161780000,-0.2663390000
212995,2003-01-31 00:00:00Z,PE7 3ZS,Detached,New Build,Freehold,47,,BENTLEY AVENUE,YAXLEY,PETERBOROUGH,HUNTINGDONSHIRE,CAMBRIDGESHIRE,Standard,Addition,52.5198920000,-0.2605760000
170000,2003-12-05 00:00:00Z,PE7 3ZU,Detached,Established,Freehold,10,,WOLSELEY CLOSE,YAXLEY,PETERBOROUGH,HUNTINGDONSHIRE,CAMBRIDGESHIRE,Standard,Addition,52.5195700000,-0.2612960000
233000,2003-12-05 00:00:00Z,PE7 3NT,Detached,Established,Freehold,235,,BROADWAY,YAXLEY,PETERBOROUGH,HUNTINGDONSHIRE,CAMBRIDGESHIRE,Standard,Addition,52.5169790000,-0.2606320000
128000,2003-07-11 00:00:00Z,PE7 3YZ,Detached,Established,Freehold,7,,LEE ROAD,YAXLEY,PETERBOROUGH,HUNTINGDONSHIRE,CAMBRIDGESHIRE,Standard,Addition,52.5127340000,-0.2617570000
179995,2003-09-19 00:00:00Z,PE7 3NY,Detached,Established,Freehold,27,,MOUNTBATTEN AVENUE,YAXLEY,PETERBOROUGH,HUNTINGDONSHIRE,CAMBRIDGESHIRE,Standard,Addition,52.5158230000,-0.2614590000
89500,2003-02-27 00:00:00Z,PE7 3ZW,Terraced,Established,Freehold,64,,FERNDALE,YAXLEY,PETERBOROUGH,HUNTINGDONSHIRE,CAMBRIDGESHIRE,Standard,Addition,52.5191520000,-0.2659940000
145000,2003-02-03 00:00:00Z,PE7 3NR,Detached,Established,Freehold,285,,BROADWAY,YAXLEY,PETERBOROUGH,HUNTINGDONSHIRE,CAMBRIDGESHIRE,Standard,Addition,52.5161780000,-0.2663390000
78000,2003-10-06 00:00:00Z,PE7 3LB,Terraced,Established,Freehold,134,,MAIN STREET,YAXLEY,PETERBOROUGH,HUNTINGDONSHIRE,CAMBRIDGESHIRE,Standard,Addition,52.5123250000,-0.2608450000
127000,2003-11-17 00:00:00Z,PE7 3ZQ,Terraced,Established,Freehold,65,,FERNDALE,YAXLEY,PETERBOROUGH,HUNTINGDONSHIRE,CAMBRIDGESHIRE,Standard,Addition,52.5192260000,-0.2654510000
129995,2003-12-10 00:00:00Z,PE7 3YX,Detached,Established,Freehold,2,,WISTERIA ROAD,YAXLEY,PETERBOROUGH,HUNTINGDONSHIRE,CAMBRIDGESHIRE,Standard,Addition,52.5124070000,-0.2639510000
182500,2003-04-25 00:00:00Z,PE7 3NY,Detached,Established,Freehold,25,,MOUNTBATTEN AVENUE,YAXLEY,PETERBOROUGH,HUNTINGDONSHIRE,CAMBRIDGESHIRE,Standard,Addition,52.5158230000,-0.2614590000
150000,2003-07-18 00:00:00Z,PE7 3YX,Detached,Established,Freehold,5,,WISTERIA ROAD,YAXLEY,PETERBOROUGH,HUNTINGDONSHIRE,CAMBRIDGESHIRE,Standard,Addition,52.5124070000,-0.2639510000
171000,2003-08-22 00:00:00Z,PE7 3ZS,Detached,Established,Freehold,29,,BENTLEY AVENUE,YAXLEY,PETERBOROUGH,HUNTINGDONSHIRE,CAMBRIDGESHIRE,Standard,Addition,52.5198920000,-0.2605760000
235000,2003-12-05 00:00:00Z,PE7 3ZW,Detached,New Build,Freehold,22,,FERNDALE,YAXLEY,PETERBOROUGH,HUNTINGDONSHIRE,CAMBRIDGESHIRE,Standard,Addition,52.5191520000,-0.2659940000
118000,2003-03-07 00:00:00Z,PE7 3YT,Semi-Detached,Established,Freehold,8,,FIELD RISE,YAXLEY,PETERBOROUGH,HUNTINGDONSHIRE,CAMBRIDGESHIRE,Standard,Addition,52.5139240000,-0.2644220000
133000,2003-06-27 00:00:00Z,PE7 3HN,Semi-Detached,Established,Freehold,17,,PHEASANT WAY,YAXLEY,PETERBOROUGH,HUNTINGDONSHIRE,CAMBRIDGESHIRE,Standard,Addition,52.5167260000,-0.2679080000
169950,2003-08-01 00:00:00Z,PE7 3ZW,Detached,Established,Freehold,8,,FERNDALE,YAXLEY,PETERBOROUGH,HUNTINGDONSHIRE,CAMBRIDGESHIRE,Standard,Addition,52.5191520000,-0.2659940000
92000,2003-09-05 00:00:00Z,PE7 3YX,Detached,Established,Freehold,2,,WISTERIA ROAD,YAXLEY,PETERBOROUGH,HUNTINGDONSHIRE,CAMBRIDGESHIRE,Standard,Addition,52.5124070000,-0.2639510000
167500,2003-10-10 00:00:00Z,PE7 3HR,Semi-Detached,Established,Freehold,5,,NIGHTINGALE DRIVE,YAXLEY,PETERBOROUGH,HUNTINGDONSHIRE,CAMBRIDGESHIRE,Standard,Addition,52.5181080000,-0.2664970000
168000,2003-11-18 00:00:00Z,PE7 3ZU,Detached,Established,Freehold,7,,WOLSELEY CLOSE,YAXLEY,PETERBOROUGH,HUNTINGDONSHIRE,CAMBRIDGESHIRE,Standard,Addition,52.5195700000,-0.2612960000
138000,2003-07-30 00:00:00Z,PE7 3NR,Semi-Detached,Established,Freehold,214,,BROADWAY,YAXLEY,PETERBOROUGH,HUNTINGDONSHIRE,CAMBRIDGESHIRE,Standard,Addition,52.5161780000,-0.2663390000
224995,2003-05-23 00:00:00Z,PE7 3ZS,Detached,New Build,Freehold,43,,BENTLEY AVENUE,YAXLEY,PETERBOROUGH,HUNTINGDONSHIRE,CAMBRIDGESHIRE,Standard,Addition,52.5198920000,-0.2605760000
145000,2003-09-19 00:00:00Z,PE7 3ZQ,Detached,Established,Freehold,39,,FERNDALE,YAXLEY,PETERBOROUGH,HUNTINGDONSHIRE,CAMBRIDGESHIRE,Standard,Addition,52.5192260000,-0.2654510000
179995,2003-08-22 00:00:00Z,PE7 3YY,Detached,Established,Freehold,14,,VICARAGE WAY,YAXLEY,PETERBOROUGH,HUNTINGDONSHIRE,CAMBRIDGESHIRE,Standard,Addition,52.5129230000,-0.2648000000
103000,2003-10-17 00:00:00Z,PE7 3ZW,Terraced,Established,Freehold,66,,FERNDALE,YAXLEY,PETERBOROUGH,HUNTINGDONSHIRE,CAMBRIDGESHIRE,Standard,Addition,52.5191520000,-0.2659940000
122000,2003-08-08 00:00:00Z,PE7 3ZQ,Terraced,Established,Freehold,73,,FERNDALE,YAXLEY,PETERBOROUGH,HUNTINGDONSHIRE,CAMBRIDGESHIRE,Standard,Addition,52.5192260000,-0.2654510000
90000,2003-01-10 00:00:00Z,PE7 3NT,Semi-Detached,Established,Freehold,169,,BROADWAY,YAXLEY,PETERBOROUGH,HUNTINGDONSHIRE,CAMBRIDGESHIRE,Standard,Addition,52.5169790000,-0.2606320000
184995,2003-03-31 00:00:00Z,PE7 3ZS,Detached,Established,Freehold,39,,BENTLEY AVENUE,YAXLEY,PETERBOROUGH,HUNTINGDONSHIRE,CAMBRIDGESHIRE,Standard,Addition,52.5198920000,-0.2605760000
186000,2003-09-30 00:00:00Z,PE7 3ZW,Detached,Established,Freehold,36,,FERNDALE,YAXLEY,PETERBOROUGH,HUNTINGDONSHIRE,CAMBRIDGESHIRE,Standard,Addition,52.5191520000,-0.2659940000
101995,2003-04-28 00:00:00Z,PE7 3LH,Terraced,Established,Freehold,26,,CHURCH STREET,YAXLEY,PETERBOROUGH,HUNTINGDONSHIRE,CAMBRIDGESHIRE,Standard,Addition,52.5114190000,-0.2646680000
125000,2003-04-11 00:00:00Z,PE7 3LG,Detached,Established,Freehold,10,,WESTFIELD ROAD,YAXLEY,PETERBOROUGH,HUNTINGDONSHIRE,CAMBRIDGESHIRE,Standard,Addition,52.5129640000,-0.2627210000
265000,2003-04-30 00:00:00Z,PE7 3ZQ,Detached,New Build,Freehold,35,,FERNDALE,YAXLEY,PETERBOROUGH,HUNTINGDONSHIRE,CAMBRIDGESHIRE,Standard,Addition,52.5192260000,-0.2654510000
148000,2003-12-04 00:00:00Z,PE7 3YJ,Detached,Established,Freehold,4,,GREEN LANE,YAXLEY,PETERBOROUGH,HUNTINGDONSHIRE,CAMBRIDGESHIRE,Standard,Addition,52.5177220000,-0.2640340000
113000,2003-07-04 00:00:00Z,PE7 3YT,Detached,Established,Freehold,5,,FIELD RISE,YAXLEY,PETERBOROUGH,HUNTINGDONSHIRE,CAMBRIDGESHIRE,Standard,Addition,52.5139240000,-0.2644220000
100000,2003-06-12 00:00:00Z,PE7 3NT,Semi-Detached,Established,Freehold,207,,BROADWAY,YAXLEY,PETERBOROUGH,HUNTINGDONSHIRE,CAMBRIDGESHIRE,Standard,Addition,52.5169790000,-0.2606320000
106000,2003-01-24 00:00:00Z,PE7 3ZN,Semi-Detached,Established,Freehold,4,,BRUNEL DRIVE,YAXLEY,PETERBOROUGH,HUNTINGDONSHIRE,CAMBRIDGESHIRE,Standard,Addition,52.5190640000,-0.2679040000
115000,2003-11-14 00:00:00Z,PE7 3ZQ,Terraced,Established,Freehold,67,,FERNDALE,YAXLEY,PETERBOROUGH,HUNTINGDONSHIRE,CAMBRIDGESHIRE,Standard,Addition,52.5192260000,-0.2654510000
92000,2003-06-27 00:00:00Z,PE7 3HW,Terraced,Established,Freehold,23,,OWL END WALK,YAXLEY,PETERBOROUGH,HUNTINGDONSHIRE,CAMBRIDGESHIRE,Standard,Addition,52.5172370000,-0.2671650000
94000,2003-04-17 00:00:00Z,PE7 3ZW,Terraced,Established,Freehold,62,,FERNDALE,YAXLEY,PETERBOROUGH,HUNTINGDONSHIRE,CAMBRIDGESHIRE,Standard,Addition,52.5191520000,-0.2659940000
130000,2003-01-15 00:00:00Z,PE7 3ZQ,Detached,Established,Freehold,57,,FERNDALE,YAXLEY,PETERBOROUGH,HUNTINGDONSHIRE,CAMBRIDGESHIRE,Standard,Addition,52.5192260000,-0.2654510000
115000,2003-04-11 00:00:00Z,PE7 3ZW,Terraced,Established,Freehold,74,,FERNDALE,YAXLEY,PETERBOROUGH,HUNTINGDONSHIRE,CAMBRIDGESHIRE,Standard,Addition,52.5191520000,-0.2659940000
101000,2003-02-14 00:00:00Z,PE7 3WH,Detached,Established,Freehold,12,,POOLEY WAY,YAXLEY,PETERBOROUGH,HUNTINGDONSHIRE,CAMBRIDGESHIRE,Standard,Addition,52.5184080000,-0.2624030000
156000,2003-07-15 00:00:00Z,PE7 3HL,Detached,Established,Freehold,10,,THE ROOKERY,YAXLEY,PETERBOROUGH,HUNTINGDONSHIRE,CAMBRIDGESHIRE,Standard,Addition,52.5169480000,-0.2646270000
96000,2003-01-10 00:00:00Z,PE7 3WZ,Semi-Detached,Established,Freehold,2,,SEATON CLOSE,YAXLEY,PETERBOROUGH,HUNTINGDONSHIRE,CAMBRIDGESHIRE,Standard,Addition,52.5183220000,-0.2632610000
126500,2003-09-10 00:00:00Z,PE7 3HR,Detached,Established,Freehold,6,,NIGHTINGALE DRIVE,YAXLEY,PETERBOROUGH,CITY OF PETERBOROUGH,CITY OF PETERBOROUGH,Standard,Addition,52.5181080000,-0.2664970000
180000,2003-07-18 00:00:00Z,PE7 3YT,Detached,Established,Freehold,35,,FIELD RISE,YAXLEY,PETERBOROUGH,HUNTINGDONSHIRE,CAMBRIDGESHIRE,Standard,Addition,52.5139240000,-0.2644220000
162000,2003-12-05 00:00:00Z,PE7 3HP,Detached,Established,Freehold,6,,PARTRIDGE CLOSE,YAXLEY,PETERBOROUGH,HUNTINGDONSHIRE,CAMBRIDGESHIRE,Standard,Addition,52.5178030000,-0.2683370000
158000,2003-05-21 00:00:00Z,PE7 3ZW,Detached,New Build,Freehold,18,,FERNDALE,YAXLEY,PETERBOROUGH,HUNTINGDONSHIRE,CAMBRIDGESHIRE,Standard,Addition,52.5191520000,-0.2659940000
245000,2004-05-10 00:00:00Z,PE7 3NT,Detached,Established,Freehold,189,,BROADWAY,YAXLEY,PETERBOROUGH,HUNTINGDONSHIRE,CAMBRIDGESHIRE,Standard,Addition,52.5169790000,-0.2606320000
158000,2004-10-08 00:00:00Z,PE7 3HJ,Detached,Established,Freehold,33,,COCK CLOSE ROAD,YAXLEY,PETERBOROUGH,HUNTINGDONSHIRE,CAMBRIDGESHIRE,Standard,Addition,52.5172050000,-0.2668420000
123000,2004-08-05 00:00:00Z,PE7 3HJ,Terraced,Established,Freehold,27,,COCK CLOSE ROAD,YAXLEY,PETERBOROUGH,HUNTINGDONSHIRE,CAMBRIDGESHIRE,Standard,Addition,52.5172050000,-0.2668420000
200000,2004-11-08 00:00:00Z,PE7 3HJ,Detached,Established,Freehold,1,,COCK CLOSE ROAD,YAXLEY,PETERBOROUGH,HUNTINGDONSHIRE,CAMBRIDGESHIRE,Standard,Addition,52.5172050000,-0.2668420000
235000,2004-05-28 00:00:00Z,PE7 3ZQ,Detached,Established,Freehold,1,,FERNDALE,YAXLEY,PETERBOROUGH,HUNTINGDONSHIRE,CAMBRIDGESHIRE,Standard,Addition,52.5192260000,-0.2654510000
75000,2004-05-14 00:00:00Z,PE7 3LN,Semi-Detached,Established,Freehold,36,,CHAPEL STREET,YAXLEY,PETERBOROUGH,HUNTINGDONSHIRE,CAMBRIDGESHIRE,Standard,Addition,52.5145890000,-0.2613010000
185000,2004-12-22 00:00:00Z,PE7 3QD,Detached,Established,Freehold,3,,RILEY CLOSE,YAXLEY,PETERBOROUGH,HUNTINGDONSHIRE,CAMBRIDGESHIRE,Standard,Addition,52.5194650000,-0.2645570000
120000,2004-05-27 00:00:00Z,PE7 3YT,Detached,Established,Freehold,37,,FIELD RISE,YAXLEY,PETERBOROUGH,HUNTINGDONSHIRE,CAMBRIDGESHIRE,Standard,Addition,52.5139240000,-0.2644220000
226500,2004-07-02 00:00:00Z,PE7 3ZW,Detached,Established,Freehold,34,,FERNDALE,YAXLEY,PETERBOROUGH,HUNTINGDONSHIRE,CAMBRIDGESHIRE,Standard,Addition,52.5191520000,-0.2659940000
153500,2004-05-17 00:00:00Z,PE7 3YZ,Detached,Established,Freehold,2,,LEE ROAD,YAXLEY,PETERBOROUGH,HUNTINGDONSHIRE,CAMBRIDGESHIRE,Standard,Addition,52.5127340000,-0.2617570000
152000,2004-04-02 00:00:00Z,PE7 3QD,Detached,Established,Freehold,14,,RILEY CLOSE,YAXLEY,PETERBOROUGH,HUNTINGDONSHIRE,CAMBRIDGESHIRE,Standard,Addition,52.5194650000,-0.2645570000
247000,2004-07-09 00:00:00Z,PE7 3ZU,Detached,Established,Freehold,14,,WOLSELEY CLOSE,YAXLEY,PETERBOROUGH,HUNTINGDONSHIRE,CAMBRIDGESHIRE,Standard,Addition,52.5195700000,-0.2612960000
108500,2004-03-12 00:00:00Z,PE7 3ZW,Terraced,Established,Freehold,70,,FERNDALE,YAXLEY,PETERBOROUGH,HUNTINGDONSHIRE,CAMBRIDGESHIRE,Standard,Addition,52.5191520000,-0.2659940000
188500,2004-01-05 00:00:00Z,PE7 3ZS,Detached,Established,Freehold,37,,BENTLEY AVENUE,YAXLEY,PETERBOROUGH,HUNTINGDONSHIRE,CAMBRIDGESHIRE,Standard,Addition,52.5198920000,-0.2605760000
154995,2004-12-09 00:00:00Z,PE7 3HR,Detached,Established,Freehold,7,,NIGHTINGALE DRIVE,YAXLEY,PETERBOROUGH,HUNTINGDONSHIRE,CAMBRIDGESHIRE,Standard,Addition,52.5181080000,-0.2664970000
224000,2004-08-25 00:00:00Z,PE7 3ZW,Detached,Established,Freehold,28,,FERNDALE,YAXLEY,PETERBOROUGH,HUNTINGDONSHIRE,CAMBRIDGESHIRE,Standard,Addition,52.5191520000,-0.2659940000
180000,2004-03-30 00:00:00Z,PE7 3YT,Detached,Established,Freehold,11,,FIELD RISE,YAXLEY,PETERBOROUGH,HUNTINGDONSHIRE,CAMBRIDGESHIRE,Standard,Addition,52.5139240000,-0.2644220000
165500,2004-04-08 00:00:00Z,PE7 3ZL,Detached,Established,Freehold,28,,TELFORD DRIVE,YAXLEY,PETERBOROUGH,HUNTINGDONSHIRE,CAMBRIDGESHIRE,Standard,Addition,52.5192020000,-0.2668820000
400000,2004-06-30 00:00:00Z,PE7 3ZG,Detached,New Build,Freehold,6,,CARYSFORT CLOSE,YAXLEY,PETERBOROUGH,HUNTINGDONSHIRE,CAMBRIDGESHIRE,Standard,Addition,52.5131060000,-0.2677110000
172000,2004-11-19 00:00:00Z,PE7 3NY,Detached,Established,Freehold,35,,MOUNTBATTEN AVENUE,YAXLEY,PETERBOROUGH,HUNTINGDONSHIRE,CAMBRIDGESHIRE,Standard,Addition,52.5158230000,-0.2614590000
105000,2004-06-25 00:00:00Z,PE7 3NT,Terraced,Established,Freehold,223,,BROADWAY,YAXLEY,PETERBOROUGH,HUNTINGDONSHIRE,CAMBRIDGESHIRE,Standard,Addition,52.5169790000,-0.2606320000
155000,2004-01-30 00:00:00Z,PE7 3YU,Detached,Established,Freehold,23,,STONEHOUSE ROAD,YAXLEY,PETERBOROUGH,HUNTINGDONSHIRE,CAMBRIDGESHIRE,Standard,Addition,52.5136880000,-0.2618230000
170000,2004-11-19 00:00:00Z,PE7 3YG,Detached,Established,Freehold,1,,KINGFISHER CLOSE,YAXLEY,PETERBOROUGH,HUNTINGDONSHIRE,CAMBRIDGESHIRE,Standard,Addition,52.5175720000,-0.2661060000
114000,2004-04-08 00:00:00Z,PE7 3HJ,Terraced,Established,Freehold,27,,COCK CLOSE ROAD,YAXLEY,PETERBOROUGH,HUNTINGDONSHIRE,CAMBRIDGESHIRE,Standard,Addition,52.5172050000,-0.2668420000
103000,2004-01-05 00:00:00Z,PE7 3YX,Detached,Established,Freehold,8,,WISTERIA ROAD,YAXLEY,PETERBOROUGH,HUNTINGDONSHIRE,CAMBRIDGESHIRE,Standard,Addition,52.5124070000,-0.2639510000
137500,2004-10-25 00:00:00Z,PE7 3WZ,Semi-Detached,Established,Freehold,5,,SEATON CLOSE,YAXLEY,PETERBOROUGH,HUNTINGDONSHIRE,CAMBRIDGESHIRE,Standard,Addition,52.5183220000,-0.2632610000
235000,2004-04-02 00:00:00Z,PE7 3ZG,Detached,New Build,Freehold,5,,CARYSFORT CLOSE,YAXLEY,PETERBOROUGH,HUNTINGDONSHIRE,CAMBRIDGESHIRE,Standard,Addition,52.5131060000,-0.2677110000
199500,2004-01-30 00:00:00Z,PE7 3ZL,Detached,Established,Freehold,14,,TELFORD DRIVE,YAXLEY,PETERBOROUGH,HUNTINGDONSHIRE,CAMBRIDGESHIRE,Standard,Addition,52.5192020000,-0.2668820000
270000,2004-03-19 00:00:00Z,PE7 3LN,Detached,Established,Freehold,54,,CHAPEL STREET,YAXLEY,PETERBOROUGH,HUNTINGDONSHIRE,CAMBRIDGESHIRE,Standard,Addition,52.5145890000,-0.2613010000
199000,2004-02-02 00:00:00Z,PE7 3ZW,Detached,Established,Freehold,42,,FERNDALE,YAXLEY,PETERBOROUGH,HUNTINGDONSHIRE,CAMBRIDGESHIRE,Standard,Addition,52.5191520000,-0.2659940000
174500,2004-02-06 00:00:00Z,PE7 3ZS,Detached,Established,Freehold,59,,BENTLEY AVENUE,YAXLEY,PETERBOROUGH,HUNTINGDONSHIRE,CAMBRIDGESHIRE,Standard,Addition,52.5198920000,-0.2605760000
249995,2004-08-03 00:00:00Z,PE7 3NR,Detached,Established,Freehold,295,,BROADWAY,YAXLEY,PETERBOROUGH,HUNTINGDONSHIRE,CAMBRIDGESHIRE,Standard,Addition,52.5161780000,-0.2663390000
172000,2004-10-15 00:00:00Z,PE7 3ZU,Detached,Established,Freehold,3,,WOLSELEY CLOSE,YAXLEY,PETERBOROUGH,HUNTINGDONSHIRE,CAMBRIDGESHIRE,Standard,Addition,52.5195700000,-0.2612960000
235000,2004-04-02 00:00:00Z,PE7 3ZG,Detached,New Build,Freehold,4,,CARYSFORT CLOSE,YAXLEY,PETERBOROUGH,HUNTINGDONSHIRE,CAMBRIDGESHIRE,Standard,Addition,52.5131060000,-0.2677110000
164995,2004-05-14 00:00:00Z,PE7 3LG,Detached,Established,Freehold,18,,WESTFIELD ROAD,YAXLEY,PETERBOROUGH,HUNTINGDONSHIRE,CAMBRIDGESHIRE,Standard,Addition,52.5129640000,-0.2627210000
102000,2004-04-23 00:00:00Z,PE7 3HW,Terraced,Established,Freehold,13,,OWL END WALK,YAXLEY,PETERBOROUGH,HUNTINGDONSHIRE,CAMBRIDGESHIRE,Standard,Addition,52.5172370000,-0.2671650000
250000,2004-09-24 00:00:00Z,PE7 3NT,Detached,Established,Freehold,208,,BROADWAY,YAXLEY,PETERBOROUGH,HUNTINGDONSHIRE,CAMBRIDGESHIRE,Standard,Addition,52.5169790000,-0.2606320000
114245,2004-06-18 00:00:00Z,PE7 3NT,Semi-Detached,Established,Freehold,233,,BROADWAY,YAXLEY,PETERBOROUGH,HUNTINGDONSHIRE,CAMBRIDGESHIRE,Standard,Addition,52.5169790000,-0.2606320000
158000,2004-05-28 00:00:00Z,PE7 3YY,Detached,Established,Freehold,18,,VICARAGE WAY,YAXLEY,PETERBOROUGH,HUNTINGDONSHIRE,CAMBRIDGESHIRE,Standard,Addition,52.5129230000,-0.2648000000
248000,2004-09-09 00:00:00Z,PE7 3ZP,Detached,Established,Freehold,8,,STEPHENSON CLOSE,YAXLEY,PETERBOROUGH,HUNTINGDONSHIRE,CAMBRIDGESHIRE,Standard,Addition,52.5196330000,-0.2680730000
184995,2004-08-03 00:00:00Z,PE7 3NJ,Detached,Established,Freehold,2,,BEAUVOIR PLACE,YAXLEY,PETERBOROUGH,HUNTINGDONSHIRE,CAMBRIDGESHIRE,Standard,Addition,52.5134380000,-0.2601230000
375000,2004-09-30 00:00:00Z,PE7 3LH,Detached,Established,Freehold,26A,,CHURCH STREET,YAXLEY,PETERBOROUGH,HUNTINGDONSHIRE,CAMBRIDGESHIRE,Standard,Addition,52.5114190000,-0.2646680000
240000,2004-04-19 00:00:00Z,PE7 3ZQ,Detached,Established,Freehold,33,,FERNDALE,YAXLEY,PETERBOROUGH,HUNTINGDONSHIRE,CAMBRIDGESHIRE,Standard,Addition,52.5192260000,-0.2654510000
175000,2004-05-20 00:00:00Z,PE7 3ZL,Detached,Established,Freehold,32,,TELFORD DRIVE,YAXLEY,PETERBOROUGH,HUNTINGDONSHIRE,CAMBRIDGESHIRE,Standard,Addition,52.5192020000,-0.2668820000
225000,2004-07-16 00:00:00Z,PE7 3NJ,Detached,Established,Freehold,3,,BEAUVOIR PLACE,YAXLEY,PETERBOROUGH,HUNTINGDONSHIRE,CAMBRIDGESHIRE,Standard,Addition,52.5134380000,-0.2601230000
199700,2004-07-29 00:00:00Z,PE7 3ZU,Semi-Detached,Established,Freehold,8,,WOLSELEY CLOSE,YAXLEY,PETERBOROUGH,HUNTINGDONSHIRE,CAMBRIDGESHIRE,Standard,Addition,52.5195700000,-0.2612960000
140000,2004-07-30 00:00:00Z,PE7 3NT,Semi-Detached,Established,Freehold,207,,BROADWAY,YAXLEY,PETERBOROUGH,HUNTINGDONSHIRE,CAMBRIDGESHIRE,Standard,Addition,52.5169790000,-0.2606320000
244000,2004-09-23 00:00:00Z,PE7 3ZS,Detached,Established,Freehold,43,,BENTLEY AVENUE,YAXLEY,PETERBOROUGH,HUNTINGDONSHIRE,CAMBRIDGESHIRE,Standard,Addition,52.5198920000,-0.2605760000
236000,2004-01-30 00:00:00Z,PE7 3NP,Detached,Established,Freehold,28,,LONDON ROAD,YAXLEY,PETERBOROUGH,HUNTINGDONSHIRE,CAMBRIDGESHIRE,Standard,Addition,52.5189090000,-0.2689690000
245000,2004-04-02 00:00:00Z,PE7 3ZU,Semi-Detached,Established,Freehold,2,,WOLSELEY CLOSE,YAXLEY,PETERBOROUGH,HUNTINGDONSHIRE,CAMBRIDGESHIRE,Standard,Addition,52.5195700000,-0.2612960000
193000,2004-11-12 00:00:00Z,PE7 3ZU,Detached,Established,Freehold,10,,WOLSELEY CLOSE,YAXLEY,PETERBOROUGH,HUNTINGDONSHIRE,CAMBRIDGESHIRE,Standard,Addition,52.5195700000,-0.2612960000
149000,2004-04-08 00:00:00Z,PE7 3ZW,Semi-Detached,Established,Freehold,58,,FERNDALE,YAXLEY,PETERBOROUGH,HUNTINGDONSHIRE,CAMBRIDGESHIRE,Standard,Addition,52.5191520000,-0.2659940000
104995,2004-02-26 00:00:00Z,PE7 3NT,Detached,Established,Freehold,239,,BROADWAY,YAXLEY,PETERBOROUGH,HUNTINGDONSHIRE,CAMBRIDGESHIRE,Standard,Addition,52.5169790000,-0.2606320000
162000,2004-08-27 00:00:00Z,PE7 3WZ,Detached,Established,Freehold,1,,SEATON CLOSE,YAXLEY,PETERBOROUGH,HUNTINGDONSHIRE,CAMBRIDGESHIRE,Standard,Addition,52.5183220000,-0.2632610000
154000,2004-11-12 00:00:00Z,PE7 3NR,Semi-Detached,Established,Freehold,279,,BROADWAY,YAXLEY,PETERBOROUGH,HUNTINGDONSHIRE,CAMBRIDGESHIRE,Standard,Addition,52.5161780000,-0.2663390000
490000,2004-11-10 00:00:00Z,PE7 3LH,Detached,Established,Freehold,24,,CHURCH STREET,YAXLEY,PETERBOROUGH,HUNTINGDONSHIRE,CAMBRIDGESHIRE,Standard,Addition,52.5114190000,-0.2646680000
160000,2004-06-18 00:00:00Z,PE7 3HW,Detached,Established,Freehold,30,,OWL END WALK,YAXLEY,PETERBOROUGH,HUNTINGDONSHIRE,CAMBRIDGESHIRE,Standard,Addition,52.5172370000,-0.2671650000
157000,2004-07-20 00:00:00Z,PE7 3HN,Semi-Detached,Established,Freehold,2,,PHEASANT WAY,YAXLEY,PETERBOROUGH,HUNTINGDONSHIRE,CAMBRIDGESHIRE,Standard,Addition,52.5167260000,-0.2679080000
140000,2004-07-30 00:00:00Z,PE7 3HN,Semi-Detached,Established,Freehold,29,,PHEASANT WAY,YAXLEY,PETERBOROUGH,HUNTINGDONSHIRE,CAMBRIDGESHIRE,Standard,Addition,52.5167260000,-0.2679080000
129995,2004-09-21 00:00:00Z,PE7 3HJ,Semi-Detached,Established,Freehold,6,,COCK CLOSE ROAD,YAXLEY,PETERBOROUGH,HUNTINGDONSHIRE,CAMBRIDGESHIRE,Standard,Addition,52.5172050000,-0.2668420000
157500,2004-03-12 00:00:00Z,PE7 3QD,Detached,Established,Freehold,12,,RILEY CLOSE,YAXLEY,PETERBOROUGH,HUNTINGDONSHIRE,CAMBRIDGESHIRE,Standard,Addition,52.5194650000,-0.2645570000
106000,2004-01-09 00:00:00Z,PE7 3ZW,Terraced,Established,Freehold,72,,FERNDALE,YAXLEY,PETERBOROUGH,HUNTINGDONSHIRE,CAMBRIDGESHIRE,Standard,Addition,52.5191520000,-0.2659940000
164000,2004-06-04 00:00:00Z,PE7 3ZU,Detached,Established,Freehold,4,,WOLSELEY CLOSE,YAXLEY,PETERBOROUGH,HUNTINGDONSHIRE,CAMBRIDGESHIRE,Standard,Addition,52.5195700000,-0.2612960000
365000,2004-05-07 00:00:00Z,PE7 3ZG,Detached,New Build,Freehold,8,,CARYSFORT CLOSE,YAXLEY,PETERBOROUGH,HUNTINGDONSHIRE,CAMBRIDGESHIRE,Standard,Addition,52.5131060000,-0.2677110000
131000,2004-03-30 00:00:00Z,PE7 3ZQ,Terraced,Established,Freehold,73,,FERNDALE,YAXLEY,PETERBOROUGH,HUNTINGDONSHIRE,CAMBRIDGESHIRE,Standard,Addition,52.5192260000,-0.2654510000
149995,2004-05-19 00:00:00Z,PE7 3YX,Detached,Established,Freehold,8,,WISTERIA ROAD,YAXLEY,PETERBOROUGH,HUNTINGDONSHIRE,CAMBRIDGESHIRE,Standard,Addition,52.5124070000,-0.2639510000
148500,2004-06-01 00:00:00Z,PE7 3LF,Semi-Detached,Established,Freehold,9,,WESTFIELD ROAD,YAXLEY,PETERBOROUGH,HUNTINGDONSHIRE,CAMBRIDGESHIRE,Standard,Addition,52.5133680000,-0.2633090000
395000,2004-05-28 00:00:00Z,PE7 3ZG,Detached,New Build,Freehold,9,,CARYSFORT CLOSE,YAXLEY,PETERBOROUGH,HUNTINGDONSHIRE,CAMBRIDGESHIRE,Standard,Addition,52.5131060000,-0.2677110000
125000,2004-07-05 00:00:00Z,PE7 3HP,Semi-Detached,Established,Freehold,18,,PARTRIDGE CLOSE,YAXLEY,PETERBOROUGH,HUNTINGDONSHIRE,CAMBRIDGESHIRE,Standard,Addition,52.5178030000,-0.2683370000
420000,2004-10-01 00:00:00Z,PE7 3ZG,Detached,New Build,Freehold,7,,CARYSFORT CLOSE,YAXLEY,PETERBOROUGH,HUNTINGDONSHIRE,CAMBRIDGESHIRE,Standard,Addition,52.5131060000,-0.2677110000
115000,2004-11-26 00:00:00Z,PE7 3LH,Terraced,Established,Freehold,30,,CHURCH STREET,YAXLEY,PETERBOROUGH,HUNTINGDONSHIRE,CAMBRIDGESHIRE,Standard,Addition,52.5114190000,-0.2646680000
210000,2004-05-27 00:00:00Z,PE7 3ZP,Detached,Established,Freehold,31,,STEPHENSON CLOSE,YAXLEY,PETERBOROUGH,HUNTINGDONSHIRE,CAMBRIDGESHIRE,Standard,Addition,52.5196330000,-0.2680730000
235000,2004-05-28 00:00:00Z,PE7 3WT,Detached,Established,Freehold,3,,LAWN CLOSE,YAXLEY,PETERBOROUGH,HUNTINGDONSHIRE,CAMBRIDGESHIRE,Standard,Addition,52.5131380000,-0.2604740000
179000,2004-07-16 00:00:00Z,PE7 3ZS,Detached,Established,Freehold,55,,BENTLEY AVENUE,YAXLEY,PETERBOROUGH,HUNTINGDONSHIRE,CAMBRIDGESHIRE,Standard,Addition,52.5198920000,-0.2605760000
109000,2004-05-21 00:00:00Z,PE7 3ZQ,Detached,Established,Freehold,69,,FERNDALE,YAXLEY,PETERBOROUGH,HUNTINGDONSHIRE,CAMBRIDGESHIRE,Standard,Addition,52.5192260000,-0.2654510000
249995,2004-09-10 00:00:00Z,PE7 3LQ,Semi-Detached,Established,Freehold,4,,LAUREL CLOSE,YAXLEY,PETERBOROUGH,HUNTINGDONSHIRE,CAMBRIDGESHIRE,Standard,Addition,52.5116560000,-0.2632570000
170000,2004-08-26 00:00:00Z,PE7 3ZU,Detached,Established,Freehold,1,,WOLSELEY CLOSE,YAXLEY,PETERBOROUGH,HUNTINGDONSHIRE,CAMBRIDGESHIRE,Standard,Addition,52.5195700000,-0.2612960000
143000,2004-08-19 00:00:00Z,PE7 3WZ,Semi-Detached,Established,Freehold,4,,SEATON CLOSE,YAXLEY,PETERBOROUGH,HUNTINGDONSHIRE,CAMBRIDGESHIRE,Standard,Addition,52.5183220000,-0.2632610000
143000,2005-09-16 00:00:00Z,PE7 3NT,Semi-Detached,Established,Freehold,180,,BROADWAY,YAXLEY,PETERBOROUGH,HUNTINGDONSHIRE,CAMBRIDGESHIRE,Standard,Addition,52.5169790000,-0.2606320000
217000,2005-02-25 00:00:00Z,PE7 3LD,Terraced,Established,Freehold,189,,MAIN STREET,YAXLEY,PETERBOROUGH,HUNTINGDONSHIRE,CAMBRIDGESHIRE,Standard,Addition,52.5116060000,-0.2608290000
116500,2005-05-27 00:00:00Z,PE7 3ZQ,Terraced,Established,Freehold,47,,FERNDALE,YAXLEY,PETERBOROUGH,HUNTINGDONSHIRE,CAMBRIDGESHIRE,Standard,Addition,52.5192260000,-0.2654510000
137500,2005-09-30 00:00:00Z,PE7 3ZQ,Semi-Detached,Established,Freehold,51,,FERNDALE,YAXLEY,PETERBOROUGH,HUNTINGDONSHIRE,CAMBRIDGESHIRE,Standard,Addition,52.5192260000,-0.2654510000
147500,2005-09-22 00:00:00Z,PE7 3WH,Semi-Detached,Established,Freehold,7,,POOLEY WAY,YAXLEY,PETERBOROUGH,HUNTINGDONSHIRE,CAMBRIDGESHIRE,Standard,Addition,52.5184080000,-0.2624030000
173000,2005-02-04 00:00:00Z,PE7 3YJ,Detached,Established,Freehold,32,,GREEN LANE,YAXLEY,PETERBOROUGH,HUNTINGDONSHIRE,CAMBRIDGESHIRE,Standard,Addition,52.5177220000,-0.2640340000
185000,2005-12-14 00:00:00Z,PE7 3YT,Detached,Established,Freehold,21,,FIELD RISE,YAXLEY,PETERBOROUGH,HUNTINGDONSHIRE,CAMBRIDGESHIRE,Standard,Addition,52.5139240000,-0.2644220000
113500,2005-01-28 00:00:00Z,PE7 3LN,Terraced,Established,Freehold,34,,CHAPEL STREET,YAXLEY,PETERBOROUGH,HUNTINGDONSHIRE,CAMBRIDGESHIRE,Standard,Addition,52.5145890000,-0.2613010000
165000,2005-08-25 00:00:00Z,PE7 3NT,Detached,Established,Freehold,191,,BROADWAY,YAXLEY,PETERBOROUGH,HUNTINGDONSHIRE,CAMBRIDGESHIRE,Standard,Addition,52.5169790000,-0.2606320000
315000,2005-07-22 00:00:00Z,PE7 3LW,Detached,Established,Freehold,THE BIRCHES,,CHAPEL STREET,YAXLEY,PETERBOROUGH,HUNTINGDONSHIRE,CAMBRIDGESHIRE,Standard,Addition,52.5148250000,-0.2614980000
250000,2005-05-16 00:00:00Z,PE7 3NP,Detached,Established,Freehold,8,,LONDON ROAD,YAXLEY,PETERBOROUGH,HUNTINGDONSHIRE,CAMBRIDGESHIRE,Standard,Addition,52.5189090000,-0.2689690000
132000,2005-12-16 00:00:00Z,PE7 3NR,Flats/Maisonettes,New Build,Leasehold,"OAKTREE COURT, 212",FLAT 17,BROADWAY,YAXLEY,PETERBOROUGH,HUNTINGDONSHIRE,CAMBRIDGESHIRE,Standard,Addition,52.5161780000,-0.2663390000
175000,2005-07-29 00:00:00Z,PE7 3LN,Semi-Detached,Established,Freehold,14,,CHAPEL STREET,YAXLEY,PETERBOROUGH,HUNTINGDONSHIRE,CAMBRIDGESHIRE,Standard,Addition,52.5145890000,-0.2613010000
170000,2005-08-02 00:00:00Z,PE7 3YX,Detached,Established,Freehold,1,,WISTERIA ROAD,YAXLEY,PETERBOROUGH,HUNTINGDONSHIRE,CAMBRIDGESHIRE,Standard,Addition,52.5124070000,-0.2639510000
110000,2005-09-27 00:00:00Z,PE7 3NR,Semi-Detached,Established,Freehold,216,,BROADWAY,YAXLEY,PETERBOROUGH,HUNTINGDONSHIRE,CAMBRIDGESHIRE,Standard,Addition,52.5161780000,-0.2663390000
165000,2005-03-18 00:00:00Z,PE7 3YZ,Detached,Established,Freehold,7,,LEE ROAD,YAXLEY,PETERBOROUGH,HUNTINGDONSHIRE,CAMBRIDGESHIRE,Standard,Addition,52.5127340000,-0.2617570000
151000,2005-06-10 00:00:00Z,PE7 3LG,Detached,Established,Freehold,12,,WESTFIELD ROAD,YAXLEY,PETERBOROUGH,HUNTINGDONSHIRE,CAMBRIDGESHIRE,Standard,Addition,52.5129640000,-0.2627210000
154995,2005-07-29 00:00:00Z,PE7 3ZQ,Semi-Detached,Established,Freehold,43,,FERNDALE,YAXLEY,PETERBOROUGH,HUNTINGDONSHIRE,CAMBRIDGESHIRE,Standard,Addition,52.5192260000,-0.2654510000
650000,2005-12-09 00:00:00Z,PE7 3LH,Detached,Established,Freehold,24,,CHURCH STREET,YAXLEY,PETERBOROUGH,HUNTINGDONSHIRE,CAMBRIDGESHIRE,Standard,Addition,52.5114190000,-0.2646680000
245000,2005-01-17 00:00:00Z,PE7 3LH,Detached,Established,Freehold,1,,CHURCH STREET,YAXLEY,PETERBOROUGH,HUNTINGDONSHIRE,CAMBRIDGESHIRE,Standard,Addition,52.5114190000,-0.2646680000
106200,2005-12-20 00:00:00Z,PE7 3NT,Detached,Established,Freehold,239,,BROADWAY,YAXLEY,PETERBOROUGH,HUNTINGDONSHIRE,CAMBRIDGESHIRE,Standard,Addition,52.5169790000,-0.2606320000
177500,2005-10-14 00:00:00Z,PE7 3YJ,Detached,Established,Freehold,19,,GREEN LANE,YAXLEY,PETERBOROUGH,HUNTINGDONSHIRE,CAMBRIDGESHIRE,Standard,Addition,52.5177220000,-0.2640340000
114000,2005-12-16 00:00:00Z,PE7 3NR,Flats/Maisonettes,New Build,Leasehold,"OAKTREE COURT, 212",FLAT 3,BROADWAY,YAXLEY,PETERBOROUGH,HUNTINGDONSHIRE,CAMBRIDGESHIRE,Standard,Addition,52.5161780000,-0.2663390000
120000,2005-05-20 00:00:00Z,PE7 3LH,Terraced,Established,Freehold,26,,CHURCH STREET,YAXLEY,PETERBOROUGH,HUNTINGDONSHIRE,CAMBRIDGESHIRE,Standard,Addition,52.5114190000,-0.2646680000
153500,2005-08-08 00:00:00Z,PE7 3HJ,Detached,Established,Freehold,4,,COCK CLOSE ROAD,YAXLEY,PETERBOROUGH,HUNTINGDONSHIRE,CAMBRIDGESHIRE,Standard,Addition,52.5172050000,-0.2668420000
248500,2005-08-05 00:00:00Z,PE7 3LN,Detached,Established,Freehold,"NORTH RIDING, 1",,CHAPEL STREET,YAXLEY,PETERBOROUGH,HUNTINGDONSHIRE,CAMBRIDGESHIRE,Standard,Addition,52.5145890000,-0.2613010000
147000,2005-05-20 00:00:00Z,PE7 3NP,Semi-Detached,Established,Freehold,30,,LONDON ROAD,YAXLEY,PETERBOROUGH,HUNTINGDONSHIRE,CAMBRIDGESHIRE,Standard,Addition,52.5189090000,-0.2689690000
208000,2005-12-02 00:00:00Z,PE7 3HL,Detached,Established,Freehold,6,,THE ROOKERY,YAXLEY,PETERBOROUGH,HUNTINGDONSHIRE,CAMBRIDGESHIRE,Standard,Addition,52.5169480000,-0.2646270000
120000,2005-12-22 00:00:00Z,PE7 3NR,Flats/Maisonettes,New Build,Leasehold,"OAKTREE COURT, 212",FLAT 16,BROADWAY,YAXLEY,PETERBOROUGH,HUNTINGDONSHIRE,CAMBRIDGESHIRE,Standard,Addition,52.5161780000,-0.2663390000
173000,2005-10-31 00:00:00Z,PE7 3NY,Detached,Established,Freehold,5,,MOUNTBATTEN AVENUE,YAXLEY,PETERBOROUGH,HUNTINGDONSHIRE,CAMBRIDGESHIRE,Standard,Addition,52.5158230000,-0.2614590000
127000,2005-06-17 00:00:00Z,PE7 3LN,Terraced,Established,Freehold,24,,CHAPEL STREET,YAXLEY,PETERBOROUGH,HUNTINGDONSHIRE,CAMBRIDGESHIRE,Standard,Addition,52.5145890000,-0.2613010000
330000,2005-06-04 00:00:00Z,PE7 3ZG,Semi-Detached,New Build,Freehold,3,,CARYSFORT CLOSE,YAXLEY,PETERBOROUGH,HUNTINGDONSHIRE,CAMBRIDGESHIRE,Standard,Addition,52.5131060000,-0.2677110000
114000,2005-12-16 00:00:00Z,PE7 3NR,Flats/Maisonettes,New Build,Leasehold,"OAKTREE COURT, 212",FLAT 18,BROADWAY,YAXLEY,PETERBOROUGH,HUNTINGDONSHIRE,CAMBRIDGESHIRE,Standard,Addition,52.5161780000,-0.2663390000
137000,2005-09-14 00:00:00Z,PE7 3NR,Semi-Detached,Established,Freehold,246,,BROADWAY,YAXLEY,PETERBOROUGH,HUNTINGDONSHIRE,CAMBRIDGESHIRE,Standard,Addition,52.5161780000,-0.2663390000
129995,2005-12-16 00:00:00Z,PE7 3NR,Flats/Maisonettes,New Build,Leasehold,"OAKTREE COURT, 212",FLAT 21,BROADWAY,YAXLEY,PETERBOROUGH,HUNTINGDONSHIRE,CAMBRIDGESHIRE,Standard,Addition,52.5161780000,-0.2663390000
170000,2005-06-09 00:00:00Z,PE7 3ZW,Detached,Established,Freehold,12,,FERNDALE,YAXLEY,PETERBOROUGH,HUNTINGDONSHIRE,CAMBRIDGESHIRE,Standard,Addition,52.5191520000,-0.2659940000
248000,2005-04-28 00:00:00Z,PE7 3YF,Detached,Established,Freehold,16,,ABBOTT WAY,YAXLEY,PETERBOROUGH,HUNTINGDONSHIRE,CAMBRIDGESHIRE,Standard,Addition,52.5106450000,-0.2645950000
100000,2005-08-12 00:00:00Z,PE7 3HW,Semi-Detached,Established,Freehold,15,,OWL END WALK,YAXLEY,PETERBOROUGH,HUNTINGDONSHIRE,CAMBRIDGESHIRE,Standard,Addition,52.5172370000,-0.2671650000
145000,2005-06-24 00:00:00Z,PE7 3HN,Detached,Established,Freehold,24,,PHEASANT WAY,YAXLEY,PETERBOROUGH,HUNTINGDONSHIRE,CAMBRIDGESHIRE,Standard,Addition,52.5167260000,-0.2679080000
183000,2005-03-24 00:00:00Z,PE7 3ZW,Detached,Established,Freehold,16,,FERNDALE,YAXLEY,PETERBOROUGH,HUNTINGDONSHIRE,CAMBRIDGESHIRE,Standard,Addition,52.5191520000,-0.2659940000
146000,2005-10-24 00:00:00Z,PE7 3ZL,Semi-Detached,Established,Freehold,2,,TELFORD DRIVE,YAXLEY,PETERBOROUGH,HUNTINGDONSHIRE,CAMBRIDGESHIRE,Standard,Addition,52.5192020000,-0.2668820000
155000,2005-04-18 00:00:00Z,PE7 3HL,Detached,Established,Freehold,5,,THE ROOKERY,YAXLEY,PETERBOROUGH,HUNTINGDONSHIRE,CAMBRIDGESHIRE,Standard,Addition,52.5169480000,-0.2646270000
119950,2005-09-30 00:00:00Z,PE7 3ZW,Terraced,Established,Freehold,72,,FERNDALE,YAXLEY,PETERBOROUGH,HUNTINGDONSHIRE,CAMBRIDGESHIRE,Standard,Addition,52.5191520000,-0.2659940000
158000,2005-08-19 00:00:00Z,PE7 3HN,Detached,Established,Freehold,26,,PHEASANT WAY,YAXLEY,PETERBOROUGH,HUNTINGDONSHIRE,CAMBRIDGESHIRE,Standard,Addition,52.5167260000,-0.2679080000
237000,2005-05-06 00:00:00Z,PE7 3ZQ,Detached,Established,Freehold,19,,FERNDALE,YAXLEY,PETERBOROUGH,HUNTINGDONSHIRE,CAMBRIDGESHIRE,Standard,Addition,52.5192260000,-0.2654510000
167000,2005-05-31 00:00:00Z,PE7 3HJ,Detached,Established,Freehold,16,,COCK CLOSE ROAD,YAXLEY,PETERBOROUGH,HUNTINGDONSHIRE,CAMBRIDGESHIRE,Standard,Addition,52.5172050000,-0.2668420000
159000,2005-08-25 00:00:00Z,PE7 3YJ,Detached,Established,Freehold,15,,GREEN LANE,YAXLEY,PETERBOROUGH,HUNTINGDONSHIRE,CAMBRIDGESHIRE,Standard,Addition,52.5177220000,-0.2640340000
146000,2005-06-24 00:00:00Z,PE7 3HN,Semi-Detached,Established,Freehold,20,,PHEASANT WAY,YAXLEY,PETERBOROUGH,HUNTINGDONSHIRE,CAMBRIDGESHIRE,Standard,Addition,52.5167260000,-0.2679080000
118000,2005-09-23 00:00:00Z,PE7 3ZW,Terraced,Established,Freehold,62,,FERNDALE,YAXLEY,PETERBOROUGH,HUNTINGDONSHIRE,CAMBRIDGESHIRE,Standard,Addition,52.5191520000,-0.2659940000
120000,2005-09-30 00:00:00Z,PE7 3ZW,Terraced,Established,Freehold,60,,FERNDALE,YAXLEY,PETERBOROUGH,HUNTINGDONSHIRE,CAMBRIDGESHIRE,Standard,Addition,52.5191520000,-0.2659940000
133000,2005-12-16 00:00:00Z,PE7 3NR,Flats/Maisonettes,New Build,Leasehold,"OAKTREE COURT, 212",FLAT 2,BROADWAY,YAXLEY,PETERBOROUGH,HUNTINGDONSHIRE,CAMBRIDGESHIRE,Standard,Addition,52.5161780000,-0.2663390000
170000,2005-05-06 00:00:00Z,PE7 3LW,Detached,Established,Freehold,17,,CHAPEL STREET,YAXLEY,PETERBOROUGH,HUNTINGDONSHIRE,CAMBRIDGESHIRE,Standard,Addition,52.5148250000,-0.2614980000
207000,2005-07-12 00:00:00Z,PE7 3ZL,Detached,Established,Freehold,15,,TELFORD DRIVE,YAXLEY,PETERBOROUGH,HUNTINGDONSHIRE,CAMBRIDGESHIRE,Standard,Addition,52.5192020000,-0.2668820000
217500,2005-12-22 00:00:00Z,PE7 3LJ,Detached,Established,Freehold,17,,WEST END,YAXLEY,PETERBOROUGH,HUNTINGDONSHIRE,CAMBRIDGESHIRE,Standard,Addition,52.5101800000,-0.2641270000
152000,2006-10-27 00:00:00Z,PE7 3YX,Detached,Established,Freehold,2,,WISTERIA ROAD,YAXLEY,PETERBOROUGH,HUNTINGDONSHIRE,CAMBRIDGESHIRE,Standard,Addition,52.5124070000,-0.2639510000
124000,2006-08-31 00:00:00Z,PE7 3HW,Terraced,Established,Freehold,26,,OWL END WALK,YAXLEY,PETERBOROUGH,HUNTINGDONSHIRE,CAMBRIDGESHIRE,Standard,Addition,52.5172370000,-0.2671650000
180000,2006-06-30 00:00:00Z,PE7 3ZL,Detached,Established,Freehold,7,,TELFORD DRIVE,YAXLEY,PETERBOROUGH,HUNTINGDONSHIRE,CAMBRIDGESHIRE,Standard,Addition,52.5192020000,-0.2668820000
220000,2006-08-02 00:00:00Z,PE7 3ZW,Detached,Established,Freehold,14,,FERNDALE,YAXLEY,PETERBOROUGH,HUNTINGDONSHIRE,CAMBRIDGESHIRE,Standard,Addition,52.5191520000,-0.2659940000
146000,2006-07-19 00:00:00Z,PE7 3HL,Semi-Detached,Established,Freehold,19A,,THE ROOKERY,YAXLEY,PETERBOROUGH,HUNTINGDONSHIRE,CAMBRIDGESHIRE,Standard,Addition,52.5169480000,-0.2646270000
169995,2006-02-09 00:00:00Z,PE7 3YT,Semi-Detached,Established,Freehold,4,,FIELD RISE,YAXLEY,PETERBOROUGH,HUNTINGDONSHIRE,CAMBRIDGESHIRE,Standard,Addition,52.5139240000,-0.2644220000
155000,2006-04-07 00:00:00Z,PE7 3LB,Semi-Detached,Established,Freehold,144,,MAIN STREET,YAXLEY,PETERBOROUGH,HUNTINGDONSHIRE,CAMBRIDGESHIRE,Standard,Addition,52.5123250000,-0.2608450000
222000,2006-11-15 00:00:00Z,PE7 3NF,Detached,Established,Freehold,22,,DOVECOTE LANE,YAXLEY,PETERBOROUGH,HUNTINGDONSHIRE,CAMBRIDGESHIRE,Standard,Addition,52.5148280000,-0.2696480000
124995,2006-03-10 00:00:00Z,PE7 3NR,Flats/Maisonettes,New Build,Leasehold,"OAKTREE COURT, 212",FLAT 15,BROADWAY,YAXLEY,PETERBOROUGH,HUNTINGDONSHIRE,CAMBRIDGESHIRE,Standard,Addition,52.5161780000,-0.2663390000
137000,2006-04-21 00:00:00Z,PE7 3YG,Semi-Detached,Established,Freehold,13,,KINGFISHER CLOSE,YAXLEY,PETERBOROUGH,HUNTINGDONSHIRE,CAMBRIDGESHIRE,Standard,Addition,52.5175720000,-0.2661060000
400000,2006-03-31 00:00:00Z,PE7 3ZG,Detached,New Build,Freehold,1,,CARYSFORT CLOSE,YAXLEY,PETERBOROUGH,HUNTINGDONSHIRE,CAMBRIDGESHIRE,Standard,Addition,52.5131060000,-0.2677110000
227500,2006-09-01 00:00:00Z,PE7 3ZP,Detached,Established,Freehold,25,,STEPHENSON CLOSE,YAXLEY,PETERBOROUGH,HUNTINGDONSHIRE,CAMBRIDGESHIRE,Standard,Addition,52.5196330000,-0.2680730000
225000,2006-04-06 00:00:00Z,PE7 3WH,Detached,Established,Freehold,1,,POOLEY WAY,YAXLEY,PETERBOROUGH,HUNTINGDONSHIRE,CAMBRIDGESHIRE,Standard,Addition,52.5184080000,-0.2624030000
124995,2006-03-01 00:00:00Z,PE7 3NR,Flats/Maisonettes,New Build,Leasehold,"OAKTREE COURT, 212",FLAT 10,BROADWAY,YAXLEY,PETERBOROUGH,HUNTINGDONSHIRE,CAMBRIDGESHIRE,Standard,Addition,52.5161780000,-0.2663390000
120000,2006-10-19 00:00:00Z,PE7 3NR,Flats/Maisonettes,Established,Leasehold,"OAKTREE COURT, 212",FLAT 16,BROADWAY,YAXLEY,PETERBOROUGH,HUNTINGDONSHIRE,CAMBRIDGESHIRE,Standard,Addition,52.5161780000,-0.2663390000
129995,2006-03-01 00:00:00Z,PE7 3NR,Flats/Maisonettes,New Build,Leasehold,"OAKTREE COURT, 212",FLAT 4,BROADWAY,YAXLEY,PETERBOROUGH,HUNTINGDONSHIRE,CAMBRIDGESHIRE,Standard,Addition,52.5161780000,-0.2663390000
227000,2006-11-06 00:00:00Z,PE7 3ZS,Detached,Established,Freehold,9,,BENTLEY AVENUE,YAXLEY,PETERBOROUGH,HUNTINGDONSHIRE,CAMBRIDGESHIRE,Standard,Addition,52.5198920000,-0.2605760000
240000,2006-08-18 00:00:00Z,PE7 3ZN,Detached,Established,Freehold,5,,BRUNEL DRIVE,YAXLEY,PETERBOROUGH,HUNTINGDONSHIRE,CAMBRIDGESHIRE,Standard,Addition,52.5190640000,-0.2679040000
153000,2006-01-27 00:00:00Z,PE7 3HL,Detached,Established,Freehold,27,,THE ROOKERY,YAXLEY,PETERBOROUGH,HUNTINGDONSHIRE,CAMBRIDGESHIRE,Standard,Addition,52.5169480000,-0.2646270000
134995,2006-02-22 00:00:00Z,PE7 3NR,Flats/Maisonettes,New Build,Leasehold,"OAKTREE COURT, 212",FLAT 1,BROADWAY,YAXLEY,PETERBOROUGH,HUNTINGDONSHIRE,CAMBRIDGESHIRE,Standard,Addition,52.5161780000,-0.2663390000
680000,2006-06-09 00:00:00Z,PE7 3ND,Detached,Established,Freehold,MANOR FARM HOUSE,,CHURCH STREET,YAXLEY,PETERBOROUGH,HUNTINGDONSHIRE,CAMBRIDGESHIRE,Standard,Addition,52.5128130000,-0.2677230000
134995,2006-02-28 00:00:00Z,PE7 3NR,Flats/Maisonettes,New Build,Leasehold,"OAKTREE COURT, 212",FLAT 5,BROADWAY,YAXLEY,PETERBOROUGH,HUNTINGDONSHIRE,CAMBRIDGESHIRE,Standard,Addition,52.5161780000,-0.2663390000
185000,2006-05-04 00:00:00Z,PE7 3YT,Detached,Established,Freehold,14,,FIELD RISE,YAXLEY,PETERBOROUGH,HUNTINGDONSHIRE,CAMBRIDGESHIRE,Standard,Addition,52.5139240000,-0.2644220000
124995,2006-03-01 00:00:00Z,PE7 3NR,Flats/Maisonettes,New Build,Leasehold,"OAKTREE COURT, 212",FLAT 11,BROADWAY,YAXLEY,PETERBOROUGH,HUNTINGDONSHIRE,CAMBRIDGESHIRE,Standard,Addition,52.5161780000,-0.2663390000
120000,2006-12-01 00:00:00Z,PE7 3LB,Terraced,Established,Freehold,136,,MAIN STREET,YAXLEY,PETERBOROUGH,HUNTINGDONSHIRE,CAMBRIDGESHIRE,Standard,Addition,52.5123250000,-0.2608450000
145000,2006-05-11 00:00:00Z,PE7 3ZQ,Terraced,Established,Freehold,45,,FERNDALE,YAXLEY,PETERBOROUGH,HUNTINGDONSHIRE,CAMBRIDGESHIRE,Standard,Addition,52.5192260000,-0.2654510000
173000,2006-07-21 00:00:00Z,PE7 3ZW,Detached,Established,Freehold,12,,FERNDALE,YAXLEY,PETERBOROUGH,HUNTINGDONSHIRE,CAMBRIDGESHIRE,Standard,Addition,52.5191520000,-0.2659940000
123000,2006-08-29 00:00:00Z,PE7 3HW,Terraced,Established,Freehold,19,,OWL END WALK,YAXLEY,PETERBOROUGH,HUNTINGDONSHIRE,CAMBRIDGESHIRE,Standard,Addition,52.5172370000,-0.2671650000
190000,2006-07-12 00:00:00Z,PE7 3HJ,Detached,Established,Freehold,33,,COCK CLOSE ROAD,YAXLEY,PETERBOROUGH,HUNTINGDONSHIRE,CAMBRIDGESHIRE,Standard,Addition,52.5172050000,-0.2668420000
190000,2006-06-23 00:00:00Z,PE7 3ZW,Detached,Established,Freehold,50,,FERNDALE,YAXLEY,PETERBOROUGH,HUNTINGDONSHIRE,CAMBRIDGESHIRE,Standard,Addition,52.5191520000,-0.2659940000
110000,2006-06-30 00:00:00Z,PE7 3HW,Terraced,Established,Freehold,8,,OWL END WALK,YAXLEY,PETERBOROUGH,HUNTINGDONSHIRE,CAMBRIDGESHIRE,Standard,Addition,52.5172370000,-0.2671650000
128995,2006-03-07 00:00:00Z,PE7 3NR,Flats/Maisonettes,New Build,Leasehold,"OAKTREE COURT, 212",FLAT 8,BROADWAY,YAXLEY,PETERBOROUGH,HUNTINGDONSHIRE,CAMBRIDGESHIRE,Standard,Addition,52.5161780000,-0.2663390000
124995,2006-03-06 00:00:00Z,PE7 3NR,Flats/Maisonettes,New Build,Leasehold,"OAKTREE COURT, 212",FLAT 7,BROADWAY,YAXLEY,PETERBOROUGH,HUNTINGDONSHIRE,CAMBRIDGESHIRE,Standard,Addition,52.5161780000,-0.2663390000
130000,2006-01-30 00:00:00Z,PE7 3HL,Semi-Detached,Established,Freehold,9,,THE ROOKERY,YAXLEY,PETERBOROUGH,HUNTINGDONSHIRE,CAMBRIDGESHIRE,Standard,Addition,52.5169480000,-0.2646270000
148000,2006-05-30 00:00:00Z,PE7 3YJ,Detached,Established,Freehold,11,,GREEN LANE,YAXLEY,PETERBOROUGH,HUNTINGDONSHIRE,CAMBRIDGESHIRE,Standard,Addition,52.5177220000,-0.2640340000
220000,2006-02-15 00:00:00Z,PE7 3ZW,Detached,Established,Freehold,6,,FERNDALE,YAXLEY,PETERBOROUGH,HUNTINGDONSHIRE,CAMBRIDGESHIRE,Standard,Addition,52.5191520000,-0.2659940000
127995,2006-02-03 00:00:00Z,PE7 3NR,Flats/Maisonettes,New Build,Leasehold,"OAKTREE COURT, 212",FLAT 20,BROADWAY,YAXLEY,PETERBOROUGH,HUNTINGDONSHIRE,CAMBRIDGESHIRE,Standard,Addition,52.5161780000,-0.2663390000
195000,2006-11-27 00:00:00Z,PE7 3ZS,Detached,Established,Freehold,55,,BENTLEY AVENUE,YAXLEY,PETERBOROUGH,HUNTINGDONSHIRE,CAMBRIDGESHIRE,Standard,Addition,52.5198920000,-0.2605760000
129995,2006-02-09 00:00:00Z,PE7 3NR,Flats/Maisonettes,New Build,Leasehold,"OAKTREE COURT, 212",FLAT 19,BROADWAY,YAXLEY,PETERBOROUGH,HUNTINGDONSHIRE,CAMBRIDGESHIRE,Standard,Addition,52.5161780000,-0.2663390000
110000,2006-12-19 00:00:00Z,PE7 3HW,Terraced,Established,Freehold,21,,OWL END WALK,YAXLEY,PETERBOROUGH,HUNTINGDONSHIRE,CAMBRIDGESHIRE,Standard,Addition,52.5172370000,-0.2671650000
160000,2006-09-15 00:00:00Z,PE7 3HR,Detached,Established,Freehold,8,,NIGHTINGALE DRIVE,YAXLEY,PETERBOROUGH,HUNTINGDONSHIRE,CAMBRIDGESHIRE,Standard,Addition,52.5181080000,-0.2664970000
265000,2006-10-05 00:00:00Z,PE7 3ZQ,Detached,Established,Freehold,15,,FERNDALE,YAXLEY,PETERBOROUGH,HUNTINGDONSHIRE,CAMBRIDGESHIRE,Standard,Addition,52.5192260000,-0.2654510000
145000,2006-05-05 00:00:00Z,PE7 3ZQ,Semi-Detached,Established,Freehold,53,,FERNDALE,YAXLEY,PETERBOROUGH,HUNTINGDONSHIRE,CAMBRIDGESHIRE,Standard,Addition,52.5192260000,-0.2654510000
230000,2006-12-14 00:00:00Z,PE7 3ZN,Detached,Established,Freehold,17,,BRUNEL DRIVE,YAXLEY,PETERBOROUGH,HUNTINGDONSHIRE,CAMBRIDGESHIRE,Standard,Addition,52.5190640000,-0.2679040000
230000,2006-03-10 00:00:00Z,PE7 3WH,Detached,Established,Freehold,21,,POOLEY WAY,YAXLEY,PETERBOROUGH,HUNTINGDONSHIRE,CAMBRIDGESHIRE,Standard,Addition,52.5184080000,-0.2624030000
146000,2006-03-03 00:00:00Z,PE7 3ZW,Terraced,Established,Freehold,68,,FERNDALE,YAXLEY,PETERBOROUGH,HUNTINGDONSHIRE,CAMBRIDGESHIRE,Standard,Addition,52.5191520000,-0.2659940000
219000,2006-09-29 00:00:00Z,PE7 3ZQ,Detached,Established,Freehold,9,,FERNDALE,YAXLEY,PETERBOROUGH,HUNTINGDONSHIRE,CAMBRIDGESHIRE,Standard,Addition,52.5192260000,-0.2654510000
135000,2006-06-09 00:00:00Z,PE7 3NR,Detached,Established,Freehold,222,,BROADWAY,YAXLEY,PETERBOROUGH,HUNTINGDONSHIRE,CAMBRIDGESHIRE,Standard,Addition,52.5161780000,-0.2663390000
124995,2006-03-06 00:00:00Z,PE7 3NR,Flats/Maisonettes,New Build,Leasehold,"OAKTREE COURT, 212",FLAT 14,BROADWAY,YAXLEY,PETERBOROUGH,HUNTINGDONSHIRE,CAMBRIDGESHIRE,Standard,Addition,52.5161780000,-0.2663390000
173000,2006-09-01 00:00:00Z,PE7 3HL,Detached,Established,Freehold,1,,THE ROOKERY,YAXLEY,PETERBOROUGH,HUNTINGDONSHIRE,CAMBRIDGESHIRE,Standard,Addition,52.5169480000,-0.2646270000
104995,2006-03-06 00:00:00Z,PE7 3NR,Flats/Maisonettes,New Build,Leasehold,"OAKTREE COURT, 212",FLAT 6,BROADWAY,YAXLEY,PETERBOROUGH,HUNTINGDONSHIRE,CAMBRIDGESHIRE,Standard,Addition,52.5161780000,-0.2663390000
109000,2006-05-02 00:00:00Z,PE7 3NR,Semi-Detached,Established,Freehold,251,,BROADWAY,YAXLEY,PETERBOROUGH,HUNTINGDONSHIRE,CAMBRIDGESHIRE,Standard,Addition,52.5161780000,-0.2663390000
214000,2006-05-11 00:00:00Z,PE7 3NJ,Detached,Established,Freehold,2,,BEAUVOIR PLACE,YAXLEY,PETERBOROUGH,HUNTINGDONSHIRE,CAMBRIDGESHIRE,Standard,Addition,52.5134380000,-0.2601230000
146500,2006-07-27 00:00:00Z,PE7 3WH,Semi-Detached,Established,Freehold,6,,POOLEY WAY,YAXLEY,PETERBOROUGH,HUNTINGDONSHIRE,CAMBRIDGESHIRE,Standard,Addition,52.5184080000,-0.2624030000
178000,2006-02-24 00:00:00Z,PE7 3HN,Semi-Detached,Established,Freehold,15,,PHEASANT WAY,YAXLEY,PETERBOROUGH,HUNTINGDONSHIRE,CAMBRIDGESHIRE,Standard,Addition,52.5167260000,-0.2679080000
175000,2006-07-13 00:00:00Z,PE7 3HL,Semi-Detached,Established,Freehold,15,,THE ROOKERY,YAXLEY,PETERBOROUGH,HUNTINGDONSHIRE,CAMBRIDGESHIRE,Standard,Addition,52.5169480000,-0.2646270000
178000,2006-08-03 00:00:00Z,PE7 3ZU,Detached,Established,Freehold,1,,WOLSELEY CLOSE,YAXLEY,PETERBOROUGH,HUNTINGDONSHIRE,CAMBRIDGESHIRE,Standard,Addition,52.5195700000,-0.2612960000
180000,2006-10-26 00:00:00Z,PE7 3HP,Detached,Established,Freehold,3,,PARTRIDGE CLOSE,YAXLEY,PETERBOROUGH,HUNTINGDONSHIRE,CAMBRIDGESHIRE,Standard,Addition,52.5178030000,-0.2683370000
215000,2006-03-30 00:00:00Z,PE7 3ZP,Detached,Established,Freehold,2,,STEPHENSON CLOSE,YAXLEY,PETERBOROUGH,HUNTINGDONSHIRE,CAMBRIDGESHIRE,Standard,Addition,52.5196330000,-0.2680730000
127995,2006-03-06 00:00:00Z,PE7 3NR,Flats/Maisonettes,New Build,Leasehold,"OAKTREE COURT, 212",FLAT 9,BROADWAY,YAXLEY,PETERBOROUGH,HUNTINGDONSHIRE,CAMBRIDGESHIRE,Standard,Addition,52.5161780000,-0.2663390000
185500,2006-05-11 00:00:00Z,PE7 3HL,Detached,Established,Freehold,14,,THE ROOKERY,YAXLEY,PETERBOROUGH,HUNTINGDONSHIRE,CAMBRIDGESHIRE,Standard,Addition,52.5169480000,-0.2646270000
121500,2006-10-20 00:00:00Z,PE7 3ZQ,Terraced,Established,Freehold,71,,FERNDALE,YAXLEY,PETERBOROUGH,HUNTINGDONSHIRE,CAMBRIDGESHIRE,Standard,Addition,52.5192260000,-0.2654510000
185000,2006-09-15 00:00:00Z,PE7 3QD,Detached,Established,Freehold,8,,RILEY CLOSE,YAXLEY,PETERBOROUGH,HUNTINGDONSHIRE,CAMBRIDGESHIRE,Standard,Addition,52.5194650000,-0.2645570000
124995,2006-02-10 00:00:00Z,PE7 3NR,Flats/Maisonettes,New Build,Leasehold,"OAKTREE COURT, 212",FLAT 12,BROADWAY,YAXLEY,PETERBOROUGH,HUNTINGDONSHIRE,CAMBRIDGESHIRE,Standard,Addition,52.5161780000,-0.2663390000
215000,2006-09-15 00:00:00Z,PE7 3ZL,Detached,Established,Freehold,14,,TELFORD DRIVE,YAXLEY,PETERBOROUGH,HUNTINGDONSHIRE,CAMBRIDGESHIRE,Standard,Addition,52.5192020000,-0.2668820000
156000,2006-07-07 00:00:00Z,PE7 3YY,Detached,Established,Freehold,1,,VICARAGE WAY,YAXLEY,PETERBOROUGH,HUNTINGDONSHIRE,CAMBRIDGESHIRE,Standard,Addition,52.5129230000,-0.2648000000
202000,2006-09-26 00:00:00Z,PE7 3ZS,Detached,Established,Freehold,3,,BENTLEY AVENUE,YAXLEY,PETERBOROUGH,HUNTINGDONSHIRE,CAMBRIDGESHIRE,Standard,Addition,52.5198920000,-0.2605760000
221000,2006-12-08 00:00:00Z,PE7 3HJ,Semi-Detached,Established,Freehold,7,,COCK CLOSE ROAD,YAXLEY,PETERBOROUGH,HUNTINGDONSHIRE,CAMBRIDGESHIRE,Standard,Addition,52.5172050000,-0.2668420000
129500,2006-08-29 00:00:00Z,PE7 3HW,Semi-Detached,Established,Freehold,24,,OWL END WALK,YAXLEY,PETERBOROUGH,HUNTINGDONSHIRE,CAMBRIDGESHIRE,Standard,Addition,52.5172370000,-0.2671650000
70200,2006-05-26 00:00:00Z,PE7 3YT,Semi-Detached,Established,Freehold,43,,FIELD RISE,YAXLEY,PETERBOROUGH,HUNTINGDONSHIRE,CAMBRIDGESHIRE,Standard,Addition,52.5139240000,-0.2644220000
170000,2006-10-26 00:00:00Z,PE7 3QD,Detached,Established,Freehold,5,,RILEY CLOSE,YAXLEY,PETERBOROUGH,HUNTINGDONSHIRE,CAMBRIDGESHIRE,Standard,Addition,52.5194650000,-0.2645570000
102000,2006-09-22 00:00:00Z,PE7 3YE,Flats/Maisonettes,Established,Leasehold,7,,WYKES ROAD,YAXLEY,PETERBOROUGH,HUNTINGDONSHIRE,CAMBRIDGESHIRE,Standard,Addition,52.5107360000,-0.2652990000
217500,2006-05-10 00:00:00Z,PE7 3LJ,Detached,Established,Freehold,17,,WEST END,YAXLEY,PETERBOROUGH,HUNTINGDONSHIRE,CAMBRIDGESHIRE,Standard,Addition,52.5101800000,-0.2641270000
246000,2006-10-27 00:00:00Z,PE7 3NJ,Detached,Established,Freehold,4,,BEAUVOIR PLACE,YAXLEY,PETERBOROUGH,HUNTINGDONSHIRE,CAMBRIDGESHIRE,Standard,Addition,52.5134380000,-0.2601230000
170000,2006-08-16 00:00:00Z,PE7 3YT,Detached,Established,Freehold,23,,FIELD RISE,YAXLEY,PETERBOROUGH,HUNTINGDONSHIRE,CAMBRIDGESHIRE,Standard,Addition,52.5139240000,-0.2644220000
121000,2006-06-05 00:00:00Z,PE7 3HW,Terraced,Established,Freehold,19,,OWL END WALK,YAXLEY,PETERBOROUGH,HUNTINGDONSHIRE,CAMBRIDGESHIRE,Standard,Addition,52.5172370000,-0.2671650000
138000,2006-10-25 00:00:00Z,PE7 3NR,Semi-Detached,Established,Freehold,249,,BROADWAY,YAXLEY,PETERBOROUGH,HUNTINGDONSHIRE,CAMBRIDGESHIRE,Standard,Addition,52.5161780000,-0.2663390000
145000,2006-05-31 00:00:00Z,PE7 3WH,Semi-Detached,Established,Freehold,16,,POOLEY WAY,YAXLEY,PETERBOROUGH,HUNTINGDONSHIRE,CAMBRIDGESHIRE,Standard,Addition,52.5184080000,-0.2624030000
181000,2006-07-19 00:00:00Z,PE7 3YJ,Detached,Established,Freehold,25,,GREEN LANE,YAXLEY,PETERBOROUGH,HUNTINGDONSHIRE,CAMBRIDGESHIRE,Standard,Addition,52.5177220000,-0.2640340000
140000,2006-10-13 00:00:00Z,PE7 3NR,Semi-Detached,Established,Freehold,260,,BROADWAY,YAXLEY,PETERBOROUGH,HUNTINGDONSHIRE,CAMBRIDGESHIRE,Standard,Addition,52.5161780000,-0.2663390000
187500,2006-03-31 00:00:00Z,PE7 3ZL,Detached,Established,Freehold,22,,TELFORD DRIVE,YAXLEY,PETERBOROUGH,HUNTINGDONSHIRE,CAMBRIDGESHIRE,Standard,Addition,52.5192020000,-0.2668820000
274000,2007-05-08 00:00:00Z,PE7 3ZQ,Detached,Established,Freehold,1,,FERNDALE,YAXLEY,PETERBOROUGH,HUNTINGDONSHIRE,CAMBRIDGESHIRE,Standard,Addition,52.5192260000,-0.2654510000
155500,2007-05-04 00:00:00Z,PE7 3WZ,Semi-Detached,Established,Freehold,4,,SEATON CLOSE,YAXLEY,PETERBOROUGH,HUNTINGDONSHIRE,CAMBRIDGESHIRE,Standard,Addition,52.5183220000,-0.2632610000
230000,2007-04-05 00:00:00Z,PE7 3ZL,Detached,Established,Freehold,16,,TELFORD DRIVE,YAXLEY,PETERBOROUGH,HUNTINGDONSHIRE,CAMBRIDGESHIRE,Standard,Addition,52.5192020000,-0.2668820000
145000,2007-10-05 00:00:00Z,PE7 3NP,Detached,Established,Freehold,34A,,LONDON ROAD,YAXLEY,PETERBOROUGH,HUNTINGDONSHIRE,CAMBRIDGESHIRE,Standard,Addition,52.5189090000,-0.2689690000
135000,2007-05-31 00:00:00Z,PE7 3NT,Detached,Established,Freehold,239,,BROADWAY,YAXLEY,PETERBOROUGH,HUNTINGDONSHIRE,CAMBRIDGESHIRE,Standard,Addition,52.5169790000,-0.2606320000
260000,2007-08-23 00:00:00Z,PE7 3YY,Detached,Established,Freehold,43,,VICARAGE WAY,YAXLEY,PETERBOROUGH,HUNTINGDONSHIRE,CAMBRIDGESHIRE,Standard,Addition,52.5129230000,-0.2648000000
275000,2007-01-04 00:00:00Z,PE7 3ZP,Detached,Established,Freehold,29,,STEPHENSON CLOSE,YAXLEY,PETERBOROUGH,HUNTINGDONSHIRE,CAMBRIDGESHIRE,Standard,Addition,52.5196330000,-0.2680730000
225000,2007-01-26 00:00:00Z,PE7 3ZP,Detached,Established,Freehold,1,,STEPHENSON CLOSE,YAXLEY,PETERBOROUGH,HUNTINGDONSHIRE,CAMBRIDGESHIRE,Standard,Addition,52.5196330000,-0.2680730000
162000,2007-01-12 00:00:00Z,PE7 3YT,Semi-Detached,Established,Freehold,8,,FIELD RISE,YAXLEY,PETERBOROUGH,HUNTINGDONSHIRE,CAMBRIDGESHIRE,Standard,Addition,52.5139240000,-0.2644220000
210000,2007-04-27 00:00:00Z,PE7 3HL,Detached,Established,Freehold,10,,THE ROOKERY,YAXLEY,PETERBOROUGH,HUNTINGDONSHIRE,CAMBRIDGESHIRE,Standard,Addition,52.5169480000,-0.2646270000
152500,2007-12-21 00:00:00Z,PE7 3AD,Terraced,New Build,Freehold,5,,SCOTT DRIVE,YAXLEY,PETERBOROUGH,HUNTINGDONSHIRE,CAMBRIDGESHIRE,Standard,Addition,52.5149040000,-0.2656510000
710000,2007-05-11 00:00:00Z,PE7 3LH,Detached,Established,Freehold,42,,CHURCH STREET,YAXLEY,PETERBOROUGH,HUNTINGDONSHIRE,CAMBRIDGESHIRE,Standard,Addition,52.5114190000,-0.2646680000
220000,2007-05-31 00:00:00Z,PE7 3YT,Detached,Established,Freehold,41,,FIELD RISE,YAXLEY,PETERBOROUGH,HUNTINGDONSHIRE,CAMBRIDGESHIRE,Standard,Addition,52.5139240000,-0.2644220000
183000,2007-04-11 00:00:00Z,PE7 3HP,Detached,Established,Freehold,1,,PARTRIDGE CLOSE,YAXLEY,PETERBOROUGH,HUNTINGDONSHIRE,CAMBRIDGESHIRE,Standard,Addition,52.5178030000,-0.2683370000
180000,2007-08-03 00:00:00Z,PE7 3YY,Detached,Established,Freehold,1,,VICARAGE WAY,YAXLEY,PETERBOROUGH,HUNTINGDONSHIRE,CAMBRIDGESHIRE,Standard,Addition,52.5129230000,-0.2648000000
174000,2007-04-04 00:00:00Z,PE7 3NP,Semi-Detached,Established,Freehold,52,,LONDON ROAD,YAXLEY,PETERBOROUGH,HUNTINGDONSHIRE,CAMBRIDGESHIRE,Standard,Addition,52.5189090000,-0.2689690000
152500,2007-12-21 00:00:00Z,PE7 3AD,Terraced,New Build,Freehold,7,,SCOTT DRIVE,YAXLEY,PETERBOROUGH,HUNTINGDONSHIRE,CAMBRIDGESHIRE,Standard,Addition,52.5149040000,-0.2656510000
179000,2007-11-16 00:00:00Z,PE7 3HN,Detached,Established,Freehold,8,,PHEASANT WAY,YAXLEY,PETERBOROUGH,HUNTINGDONSHIRE,CAMBRIDGESHIRE,Standard,Addition,52.5167260000,-0.2679080000
275000,2007-03-13 00:00:00Z,PE7 3LW,Detached,Established,Freehold,1B,,CHAPEL STREET,YAXLEY,PETERBOROUGH,HUNTINGDONSHIRE,CAMBRIDGESHIRE,Standard,Addition,52.5148250000,-0.2614980000
280000,2007-10-26 00:00:00Z,PE7 3LB,Detached,Established,Freehold,156,,MAIN STREET,YAXLEY,PETERBOROUGH,HUNTINGDONSHIRE,CAMBRIDGESHIRE,Standard,Addition,52.5123250000,-0.2608450000
195000,2007-01-26 00:00:00Z,PE7 3HJ,Terraced,Established,Freehold,3,,COCK CLOSE ROAD,YAXLEY,PETERBOROUGH,HUNTINGDONSHIRE,CAMBRIDGESHIRE,Standard,Addition,52.5172050000,-0.2668420000
122500,2007-05-31 00:00:00Z,PE7 3NT,Semi-Detached,Established,Freehold,237,,BROADWAY,YAXLEY,PETERBOROUGH,HUNTINGDONSHIRE,CAMBRIDGESHIRE,Standard,Addition,52.5169790000,-0.2606320000
152000,2007-01-29 00:00:00Z,PE7 3HN,Semi-Detached,Established,Freehold,9,,PHEASANT WAY,YAXLEY,PETERBOROUGH,HUNTINGDONSHIRE,CAMBRIDGESHIRE,Standard,Addition,52.5167260000,-0.2679080000
215000,2007-10-22 00:00:00Z,PE7 3YY,Detached,Established,Freehold,29,,VICARAGE WAY,YAXLEY,PETERBOROUGH,HUNTINGDONSHIRE,CAMBRIDGESHIRE,Standard,Addition,52.5129230000,-0.2648000000
147000,2007-10-12 00:00:00Z,PE7 3NR,Flats/Maisonettes,Established,Leasehold,"OAKTREE COURT, 212",FLAT 2,BROADWAY,YAXLEY,PETERBOROUGH,HUNTINGDONSHIRE,CAMBRIDGESHIRE,Standard,Addition,52.5161780000,-0.2663390000
149995,2007-12-21 00:00:00Z,PE7 3AD,Terraced,New Build,Freehold,3,,SCOTT DRIVE,YAXLEY,PETERBOROUGH,HUNTINGDONSHIRE,CAMBRIDGESHIRE,Standard,Addition,52.5149040000,-0.2656510000
183000,2007-06-04 00:00:00Z,PE7 3LG,Detached,Established,Freehold,6,,WESTFIELD ROAD,YAXLEY,PETERBOROUGH,HUNTINGDONSHIRE,CAMBRIDGESHIRE,Standard,Addition,52.5129640000,-0.2627210000
187000,2007-05-17 00:00:00Z,PE7 3ZS,Detached,Established,Freehold,35,,BENTLEY AVENUE,YAXLEY,PETERBOROUGH,HUNTINGDONSHIRE,CAMBRIDGESHIRE,Standard,Addition,52.5198920000,-0.2605760000
169000,2007-03-23 00:00:00Z,PE7 3HP,Detached,Established,Freehold,8,,PARTRIDGE CLOSE,YAXLEY,PETERBOROUGH,HUNTINGDONSHIRE,CAMBRIDGESHIRE,Standard,Addition,52.5178030000,-0.2683370000
218500,2007-10-31 00:00:00Z,PE7 3ZS,Detached,Established,Freehold,27,,BENTLEY AVENUE,YAXLEY,PETERBOROUGH,HUNTINGDONSHIRE,CAMBRIDGESHIRE,Standard,Addition,52.5198920000,-0.2605760000
133000,2007-07-07 00:00:00Z,PE7 3NT,Terraced,Established,Freehold,209,,BROADWAY,YAXLEY,PETERBOROUGH,HUNTINGDONSHIRE,CAMBRIDGESHIRE,Standard,Addition,52.5169790000,-0.2606320000
160000,2007-03-02 00:00:00Z,PE7 3YU,Detached,Established,Freehold,2,,STONEHOUSE ROAD,YAXLEY,PETERBOROUGH,HUNTINGDONSHIRE,CAMBRIDGESHIRE,Standard,Addition,52.5136880000,-0.2618230000
124999,2007-02-20 00:00:00Z,PE7 3NR,Flats/Maisonettes,Established,Leasehold,"OAKTREE COURT, 212",FLAT 10,BROADWAY,YAXLEY,PETERBOROUGH,HUNTINGDONSHIRE,CAMBRIDGESHIRE,Standard,Addition,52.5161780000,-0.2663390000
185000,2007-03-28 00:00:00Z,PE7 3ZL,Detached,Established,Freehold,28,,TELFORD DRIVE,YAXLEY,PETERBOROUGH,HUNTINGDONSHIRE,CAMBRIDGESHIRE,Standard,Addition,52.5192020000,-0.2668820000
143995,2007-12-20 00:00:00Z,PE7 3AD,Terraced,New Build,Freehold,9,,SCOTT DRIVE,YAXLEY,PETERBOROUGH,HUNTINGDONSHIRE,CAMBRIDGESHIRE,Standard,Addition,52.5149040000,-0.2656510000
180000,2007-10-31 00:00:00Z,PE7 3HN,Detached,Established,Freehold,8,,PHEASANT WAY,YAXLEY,PETERBOROUGH,HUNTINGDONSHIRE,CAMBRIDGESHIRE,Standard,Addition,52.5167260000,-0.2679080000
165000,2007-02-09 00:00:00Z,PE7 3ZQ,Terraced,Established,Freehold,73,,FERNDALE,YAXLEY,PETERBOROUGH,HUNTINGDONSHIRE,CAMBRIDGESHIRE,Standard,Addition,52.5192260000,-0.2654510000
149995,2007-12-21 00:00:00Z,PE7 3AD,Terraced,New Build,Freehold,11,,SCOTT DRIVE,YAXLEY,PETERBOROUGH,HUNTINGDONSHIRE,CAMBRIDGESHIRE,Standard,Addition,52.5149040000,-0.2656510000
230000,2007-10-12 00:00:00Z,PE7 3NR,Detached,Established,Freehold,285,,BROADWAY,YAXLEY,PETERBOROUGH,HUNTINGDONSHIRE,CAMBRIDGESHIRE,Standard,Addition,52.5161780000,-0.2663390000
190000,2007-06-22 00:00:00Z,PE7 3NR,Semi-Detached,Established,Freehold,256,,BROADWAY,YAXLEY,PETERBOROUGH,HUNTINGDONSHIRE,CAMBRIDGESHIRE,Standard,Addition,52.5161780000,-0.2663390000
297000,2007-09-21 00:00:00Z,PE7 3ZS,Detached,Established,Freehold,45,,BENTLEY AVENUE,YAXLEY,PETERBOROUGH,HUNTINGDONSHIRE,CAMBRIDGESHIRE,Standard,Addition,52.5198920000,-0.2605760000
249995,2007-11-28 00:00:00Z,PE7 3ZW,Detached,Established,Freehold,30,,FERNDALE,YAXLEY,PETERBOROUGH,HUNTINGDONSHIRE,CAMBRIDGESHIRE,Standard,Addition,52.5191520000,-0.2659940000
415000,2007-04-04 00:00:00Z,PE7 3ZF,Detached,Established,Freehold,4,,PROBY CLOSE,YAXLEY,PETERBOROUGH,HUNTINGDONSHIRE,CAMBRIDGESHIRE,Standard,Addition,52.5133250000,-0.2689400000
249995,2007-04-13 00:00:00Z,PE7 3LJ,Detached,Established,Freehold,25,,WEST END,YAXLEY,PETERBOROUGH,HUNTINGDONSHIRE,CAMBRIDGESHIRE,Standard,Addition,52.5101800000,-0.2641270000
249995,2007-10-10 00:00:00Z,PE7 3NF,Detached,Established,Freehold,18,,DOVECOTE LANE,YAXLEY,PETERBOROUGH,HUNTINGDONSHIRE,CAMBRIDGESHIRE,Standard,Addition,52.5148280000,-0.2696480000
165000,2007-05-31 00:00:00Z,PE7 3ZQ,Detached,Established,Freehold,57,,FERNDALE,YAXLEY,PETERBOROUGH,HUNTINGDONSHIRE,CAMBRIDGESHIRE,Standard,Addition,52.5192260000,-0.2654510000
145000,2007-08-09 00:00:00Z,PE7 3HL,Semi-Detached,Established,Freehold,11,,THE ROOKERY,YAXLEY,PETERBOROUGH,HUNTINGDONSHIRE,CAMBRIDGESHIRE,Standard,Addition,52.5169480000,-0.2646270000
165000,2007-05-11 00:00:00Z,PE7 3YY,Detached,Established,Freehold,4,,VICARAGE WAY,YAXLEY,PETERBOROUGH,HUNTINGDONSHIRE,CAMBRIDGESHIRE,Standard,Addition,52.5129230000,-0.2648000000
226500,2007-07-27 00:00:00Z,PE7 3ZL,Detached,Established,Freehold,26,,TELFORD DRIVE,YAXLEY,PETERBOROUGH,HUNTINGDONSHIRE,CAMBRIDGESHIRE,Standard,Addition,52.5192020000,-0.2668820000
122000,2007-11-16 00:00:00Z,PE7 3LH,Terraced,Established,Freehold,28,,CHURCH STREET,YAXLEY,PETERBOROUGH,HUNTINGDONSHIRE,CAMBRIDGESHIRE,Standard,Addition,52.5114190000,-0.2646680000
158000,2007-07-03 00:00:00Z,PE7 3LJ,Semi-Detached,Established,Freehold,16,,WEST END,YAXLEY,PETERBOROUGH,HUNTINGDONSHIRE,CAMBRIDGESHIRE,Standard,Addition,52.5101800000,-0.2641270000
200000,2007-11-09 00:00:00Z,PE7 3YU,Detached,Established,Freehold,2,,STONEHOUSE ROAD,YAXLEY,PETERBOROUGH,HUNTINGDONSHIRE,CAMBRIDGESHIRE,Standard,Addition,52.5136880000,-0.2618230000
280000,2007-04-09 00:00:00Z,PE7 3LN,Detached,Established,Freehold,"THE HAWTHORNS, 14B",,CHAPEL STREET,YAXLEY,PETERBOROUGH,HUNTINGDONSHIRE,CAMBRIDGESHIRE,Standard,Addition,52.5145890000,-0.2613010000
500000,2007-05-21 00:00:00Z,PE7 3ZG,Detached,New Build,Freehold,2,,CARYSFORT CLOSE,YAXLEY,PETERBOROUGH,HUNTINGDONSHIRE,CAMBRIDGESHIRE,Standard,Addition,52.5131060000,-0.2677110000
200000,2007-07-10 00:00:00Z,PE7 3LW,Detached,Established,Freehold,9,,CHAPEL STREET,YAXLEY,PETERBOROUGH,HUNTINGDONSHIRE,CAMBRIDGESHIRE,Standard,Addition,52.5148250000,-0.2614980000
300000,2007-07-31 00:00:00Z,PE7 3NR,Detached,Established,Freehold,266,,BROADWAY,YAXLEY,PETERBOROUGH,HUNTINGDONSHIRE,CAMBRIDGESHIRE,Standard,Addition,52.5161780000,-0.2663390000
133000,2007-03-30 00:00:00Z,PE7 3HW,Terraced,Established,Freehold,2,,OWL END WALK,YAXLEY,PETERBOROUGH,HUNTINGDONSHIRE,CAMBRIDGESHIRE,Standard,Addition,52.5172370000,-0.2671650000
249000,2007-10-04 00:00:00Z,PE7 3ZL,Detached,Established,Freehold,5,,TELFORD DRIVE,YAXLEY,PETERBOROUGH,HUNTINGDONSHIRE,CAMBRIDGESHIRE,Standard,Addition,52.5192020000,-0.2668820000
260000,2007-01-25 00:00:00Z,PE7 3ZS,Detached,Established,Freehold,47,,BENTLEY AVENUE,YAXLEY,PETERBOROUGH,HUNTINGDONSHIRE,CAMBRIDGESHIRE,Standard,Addition,52.5198920000,-0.2605760000
325000,2007-06-28 00:00:00Z,PE7 3ZG,Detached,Established,Freehold,5,,CARYSFORT CLOSE,YAXLEY,PETERBOROUGH,HUNTINGDONSHIRE,CAMBRIDGESHIRE,Standard,Addition,52.5131060000,-0.2677110000
196000,2007-04-23 00:00:00Z,PE7 3ZW,Detached,Established,Freehold,46,,FERNDALE,YAXLEY,PETERBOROUGH,HUNTINGDONSHIRE,CAMBRIDGESHIRE,Standard,Addition,52.5191520000,-0.2659940000
200000,2007-09-28 00:00:00Z,PE7 3ZU,Detached,Established,Freehold,10,,WOLSELEY CLOSE,YAXLEY,PETERBOROUGH,HUNTINGDONSHIRE,CAMBRIDGESHIRE,Standard,Addition,52.5195700000,-0.2612960000
175000,2007-07-16 00:00:00Z,PE7 3QD,Detached,Established,Freehold,12,,RILEY CLOSE,YAXLEY,PETERBOROUGH,HUNTINGDONSHIRE,CAMBRIDGESHIRE,Standard,Addition,52.5194650000,-0.2645570000
172000,2007-09-28 00:00:00Z,PE7 3YT,Detached,Established,Freehold,5,,FIELD RISE,YAXLEY,PETERBOROUGH,HUNTINGDONSHIRE,CAMBRIDGESHIRE,Standard,Addition,52.5139240000,-0.2644220000
270000,2007-11-09 00:00:00Z,PE7 3NF,Detached,Established,Freehold,26,,DOVECOTE LANE,YAXLEY,PETERBOROUGH,HUNTINGDONSHIRE,CAMBRIDGESHIRE,Standard,Addition,52.5148280000,-0.2696480000
122500,2007-10-29 00:00:00Z,PE7 3LH,Detached,Established,Freehold,15A,,CHURCH STREET,YAXLEY,PETERBOROUGH,HUNTINGDONSHIRE,CAMBRIDGESHIRE,Standard,Addition,52.5114190000,-0.2646680000
125000,2008-05-23 00:00:00Z,PE7 3HJ,Semi-Detached,Established,Freehold,12,,COCK CLOSE ROAD,YAXLEY,PETERBOROUGH,HUNTINGDONSHIRE,CAMBRIDGESHIRE,Standard,Addition,52.5172050000,-0.2668420000
152000,2008-09-25 00:00:00Z,PE7 3QD,Detached,Established,Freehold,14,,RILEY CLOSE,YAXLEY,PETERBOROUGH,HUNTINGDONSHIRE,CAMBRIDGESHIRE,Standard,Addition,52.5194650000,-0.2645570000
90000,2008-07-04 00:00:00Z,PE7 3LJ,Semi-Detached,Established,Freehold,14,,WEST END,YAXLEY,PETERBOROUGH,HUNTINGDONSHIRE,CAMBRIDGESHIRE,Standard,Addition,52.5101800000,-0.2641270000
125000,2008-11-21 00:00:00Z,PE7 3AD,Terraced,New Build,Freehold,1,,SCOTT DRIVE,YAXLEY,PETERBOROUGH,HUNTINGDONSHIRE,CAMBRIDGESHIRE,Standard,Addition,52.5149040000,-0.2656510000
178250,2008-04-30 00:00:00Z,PE7 3QD,Detached,Established,Freehold,8,,RILEY CLOSE,YAXLEY,PETERBOROUGH,HUNTINGDONSHIRE,CAMBRIDGESHIRE,Standard,Addition,52.5194650000,-0.2645570000
274995,2008-04-30 00:00:00Z,PE7 3AB,Semi-Detached,New Build,Freehold,5,,SHACKLETON WAY,YAXLEY,PETERBOROUGH,HUNTINGDONSHIRE,CAMBRIDGESHIRE,Standard,Addition,52.5146540000,-0.2676210000
149995,2008-05-02 00:00:00Z,PE7 3AD,Terraced,New Build,Freehold,15,,SCOTT DRIVE,YAXLEY,PETERBOROUGH,HUNTINGDONSHIRE,CAMBRIDGESHIRE,Standard,Addition,52.5149040000,-0.2656510000
205000,2008-10-31 00:00:00Z,PE7 3ZS,Detached,Established,Freehold,37,,BENTLEY AVENUE,YAXLEY,PETERBOROUGH,HUNTINGDONSHIRE,CAMBRIDGESHIRE,Standard,Addition,52.5198920000,-0.2605760000
157500,2008-10-07 00:00:00Z,PE7 3LG,Detached,Established,Freehold,48,,WESTFIELD ROAD,YAXLEY,PETERBOROUGH,HUNTINGDONSHIRE,CAMBRIDGESHIRE,Standard,Addition,52.5129640000,-0.2627210000
138500,2008-01-25 00:00:00Z,PE7 3HW,Terraced,Established,Freehold,11,,OWL END WALK,YAXLEY,PETERBOROUGH,HUNTINGDONSHIRE,CAMBRIDGESHIRE,Standard,Addition,52.5172370000,-0.2671650000
149995,2008-12-19 00:00:00Z,PE7 3AF,Terraced,New Build,Freehold,45,,MALLORY DRIVE,YAXLEY,PETERBOROUGH,HUNTINGDONSHIRE,CAMBRIDGESHIRE,Standard,Addition,52.5139820000,-0.2657180000
151995,2008-12-22 00:00:00Z,PE7 3AF,Terraced,New Build,Freehold,61,,MALLORY DRIVE,YAXLEY,PETERBOROUGH,HUNTINGDONSHIRE,CAMBRIDGESHIRE,Standard,Addition,52.5139820000,-0.2657180000
200000,2008-10-13 00:00:00Z,PE7 3LD,Terraced,Established,Freehold,215 - 217,,MAIN STREET,YAXLEY,PETERBOROUGH,HUNTINGDONSHIRE,CAMBRIDGESHIRE,Standard,Addition,52.5116060000,-0.2608290000
190000,2008-03-14 00:00:00Z,PE7 3YZ,Detached,Established,Freehold,7,,LEE ROAD,YAXLEY,PETERBOROUGH,HUNTINGDONSHIRE,CAMBRIDGESHIRE,Standard,Addition,52.5127340000,-0.2617570000
170000,2008-11-13 00:00:00Z,PE7 3NR,Semi-Detached,Established,Freehold,279,,BROADWAY,YAXLEY,PETERBOROUGH,HUNTINGDONSHIRE,CAMBRIDGESHIRE,Standard,Addition,52.5161780000,-0.2663390000
132500,2008-08-04 00:00:00Z,PE7 3YY,Detached,Established,Freehold,9,,VICARAGE WAY,YAXLEY,PETERBOROUGH,HUNTINGDONSHIRE,CAMBRIDGESHIRE,Standard,Addition,52.5129230000,-0.2648000000
245000,2008-01-10 00:00:00Z,PE7 3NJ,Detached,Established,Freehold,3,,BEAUVOIR PLACE,YAXLEY,PETERBOROUGH,HUNTINGDONSHIRE,CAMBRIDGESHIRE,Standard,Addition,52.5134380000,-0.2601230000
150995,2008-12-22 00:00:00Z,PE7 3AF,Detached,New Build,Freehold,57,,MALLORY DRIVE,YAXLEY,PETERBOROUGH,HUNTINGDONSHIRE,CAMBRIDGESHIRE,Standard,Addition,52.5139820000,-0.2657180000
249395,2008-06-02 00:00:00Z,PE7 3AD,Detached,New Build,Freehold,2,,SCOTT DRIVE,YAXLEY,PETERBOROUGH,HUNTINGDONSHIRE,CAMBRIDGESHIRE,Standard,Addition,52.5149040000,-0.2656510000
165000,2008-08-13 00:00:00Z,PE7 3NF,Semi-Detached,Established,Freehold,4,,DOVECOTE LANE,YAXLEY,PETERBOROUGH,HUNTINGDONSHIRE,CAMBRIDGESHIRE,Standard,Addition,52.5148280000,-0.2696480000
137000,2008-11-06 00:00:00Z,PE7 3AD,Terraced,New Build,Freehold,19,,SCOTT DRIVE,YAXLEY,PETERBOROUGH,HUNTINGDONSHIRE,CAMBRIDGESHIRE,Standard,Addition,52.5149040000,-0.2656510000
242000,2008-10-31 00:00:00Z,PE7 3AB,Detached,New Build,Freehold,2,,SHACKLETON WAY,YAXLEY,PETERBOROUGH,HUNTINGDONSHIRE,CAMBRIDGESHIRE,Standard,Addition,52.5146540000,-0.2676210000
132000,2008-01-16 00:00:00Z,PE7 3ZQ,Terraced,Established,Freehold,61,,FERNDALE,YAXLEY,PETERBOROUGH,HUNTINGDONSHIRE,CAMBRIDGESHIRE,Standard,Addition,52.5192260000,-0.2654510000
360000,2008-11-05 00:00:00Z,PE7 3LD,Detached,Established,Freehold,199,,MAIN STREET,YAXLEY,PETERBOROUGH,HUNTINGDONSHIRE,CAMBRIDGESHIRE,Standard,Addition,52.5116060000,-0.2608290000
249000,2008-10-07 00:00:00Z,PE7 3NT,Detached,Established,Freehold,208B,,BROADWAY,YAXLEY,PETERBOROUGH,HUNTINGDONSHIRE,CAMBRIDGESHIRE,Standard,Addition,52.5169790000,-0.2606320000
143375,2008-12-19 00:00:00Z,PE7 3AF,Terraced,New Build,Freehold,55,,MALLORY DRIVE,YAXLEY,PETERBOROUGH,HUNTINGDONSHIRE,CAMBRIDGESHIRE,Standard,Addition,52.5139820000,-0.2657180000
187000,2008-08-11 00:00:00Z,PE7 3LG,Detached,Established,Freehold,10,,WESTFIELD ROAD,YAXLEY,PETERBOROUGH,HUNTINGDONSHIRE,CAMBRIDGESHIRE,Standard,Addition,52.5129640000,-0.2627210000
99000,2008-11-28 00:00:00Z,PE7 3NT,Terraced,Established,Freehold,233,,BROADWAY,YAXLEY,PETERBOROUGH,HUNTINGDONSHIRE,CAMBRIDGESHIRE,Standard,Addition,52.5169790000,-0.2606320000
176382,2008-06-30 00:00:00Z,PE7 3AD,Terraced,New Build,Freehold,17,,SCOTT DRIVE,YAXLEY,PETERBOROUGH,HUNTINGDONSHIRE,CAMBRIDGESHIRE,Standard,Addition,52.5149040000,-0.2656510000
120000,2008-10-20 00:00:00Z,PE7 3HW,Terraced,Established,Freehold,26,,OWL END WALK,YAXLEY,PETERBOROUGH,HUNTINGDONSHIRE,CAMBRIDGESHIRE,Standard,Addition,52.5172370000,-0.2671650000
179995,2008-02-29 00:00:00Z,PE7 3NT,Semi-Detached,Established,Freehold,173,,BROADWAY,YAXLEY,PETERBOROUGH,HUNTINGDONSHIRE,CAMBRIDGESHIRE,Standard,Addition,52.5169790000,-0.2606320000
240000,2008-04-23 00:00:00Z,PE7 3ZN,Detached,Established,Freehold,15,,BRUNEL DRIVE,YAXLEY,PETERBOROUGH,HUNTINGDONSHIRE,CAMBRIDGESHIRE,Standard,Addition,52.5190640000,-0.2679040000
108500,2008-12-19 00:00:00Z,PE7 3AF,Terraced,New Build,Freehold,53,,MALLORY DRIVE,YAXLEY,PETERBOROUGH,HUNTINGDONSHIRE,CAMBRIDGESHIRE,Standard,Addition,52.5139820000,-0.2657180000
197500,2008-05-23 00:00:00Z,PE7 3ZS,Detached,Established,Freehold,55,,BENTLEY AVENUE,YAXLEY,PETERBOROUGH,HUNTINGDONSHIRE,CAMBRIDGESHIRE,Standard,Addition,52.5198920000,-0.2605760000
155000,2008-04-07 00:00:00Z,PE7 3HW,Detached,Established,Freehold,5,,OWL END WALK,YAXLEY,PETERBOROUGH,HUNTINGDONSHIRE,CAMBRIDGESHIRE,Standard,Addition,52.5172370000,-0.2671650000
190000,2008-11-07 00:00:00Z,PE7 3ZW,Detached,Established,Freehold,46,,FERNDALE,YAXLEY,PETERBOROUGH,HUNTINGDONSHIRE,CAMBRIDGESHIRE,Standard,Addition,52.5191520000,-0.2659940000
180000,2008-10-31 00:00:00Z,PE7 3WH,Detached,Established,Freehold,15,,POOLEY WAY,YAXLEY,PETERBOROUGH,HUNTINGDONSHIRE,CAMBRIDGESHIRE,Standard,Addition,52.5184080000,-0.2624030000
162000,2008-10-15 00:00:00Z,PE7 3LD,Semi-Detached,Established,Leasehold,179,,MAIN STREET,YAXLEY,PETERBOROUGH,HUNTINGDONSHIRE,CAMBRIDGESHIRE,Standard,Addition,52.5116060000,-0.2608290000
140000,2008-08-29 00:00:00Z,PE7 3AD,Terraced,New Build,Freehold,25,,SCOTT DRIVE,YAXLEY,PETERBOROUGH,HUNTINGDONSHIRE,CAMBRIDGESHIRE,Standard,Addition,52.5149040000,-0.2656510000
170000,2008-12-22 00:00:00Z,PE7 3AD,Terraced,New Build,Freehold,18,,SCOTT DRIVE,YAXLEY,PETERBOROUGH,HUNTINGDONSHIRE,CAMBRIDGESHIRE,Standard,Addition,52.5149040000,-0.2656510000
140000,2008-10-16 00:00:00Z,PE7 3AD,Terraced,New Build,Freehold,23,,SCOTT DRIVE,YAXLEY,PETERBOROUGH,HUNTINGDONSHIRE,CAMBRIDGESHIRE,Standard,Addition,52.5149040000,-0.2656510000
141945,2008-06-30 00:00:00Z,PE7 3AB,Detached,New Build,Freehold,4,,SHACKLETON WAY,YAXLEY,PETERBOROUGH,HUNTINGDONSHIRE,CAMBRIDGESHIRE,Standard,Addition,52.5146540000,-0.2676210000
173995,2008-08-22 00:00:00Z,PE7 3HP,Detached,Established,Freehold,5,,PARTRIDGE CLOSE,YAXLEY,PETERBOROUGH,HUNTINGDONSHIRE,CAMBRIDGESHIRE,Standard,Addition,52.5178030000,-0.2683370000
125000,2008-12-22 00:00:00Z,PE7 3AF,Terraced,New Build,Freehold,65,,MALLORY DRIVE,YAXLEY,PETERBOROUGH,HUNTINGDONSHIRE,CAMBRIDGESHIRE,Standard,Addition,52.5139820000,-0.2657180000
178000,2008-01-18 00:00:00Z,PE7 3HJ,Detached,Established,Freehold,4,,COCK CLOSE ROAD,YAXLEY,PETERBOROUGH,HUNTINGDONSHIRE,CAMBRIDGESHIRE,Standard,Addition,52.5172050000,-0.2668420000
189000,2008-02-08 00:00:00Z,PE7 3YY,Semi-Detached,Established,Freehold,32,,VICARAGE WAY,YAXLEY,PETERBOROUGH,HUNTINGDONSHIRE,CAMBRIDGESHIRE,Standard,Addition,52.5129230000,-0.2648000000
215000,2008-08-11 00:00:00Z,PE7 3LJ,Detached,Established,Freehold,23,,WEST END,YAXLEY,PETERBOROUGH,HUNTINGDONSHIRE,CAMBRIDGESHIRE,Standard,Addition,52.5101800000,-0.2641270000
140000,2008-10-31 00:00:00Z,PE7 3AD,Terraced,New Build,Freehold,21,,SCOTT DRIVE,YAXLEY,PETERBOROUGH,HUNTINGDONSHIRE,CAMBRIDGESHIRE,Standard,Addition,52.5149040000,-0.2656510000
199995,2008-10-23 00:00:00Z,PE7 3ZS,Detached,Established,Freehold,69,,BENTLEY AVENUE,YAXLEY,PETERBOROUGH,HUNTINGDONSHIRE,CAMBRIDGESHIRE,Standard,Addition,52.5198920000,-0.2605760000
235000,2008-11-21 00:00:00Z,PE7 3AB,Semi-Detached,New Build,Freehold,3,,SHACKLETON WAY,YAXLEY,PETERBOROUGH,HUNTINGDONSHIRE,CAMBRIDGESHIRE,Standard,Addition,52.5146540000,-0.2676210000
160000,2008-08-01 00:00:00Z,PE7 3QD,Detached,Established,Freehold,14,,RILEY CLOSE,YAXLEY,PETERBOROUGH,HUNTINGDONSHIRE,CAMBRIDGESHIRE,Standard,Addition,52.5194650000,-0.2645570000
186500,2008-08-08 00:00:00Z,PE7 3LG,Detached,Established,Freehold,36,,WESTFIELD ROAD,YAXLEY,PETERBOROUGH,HUNTINGDONSHIRE,CAMBRIDGESHIRE,Standard,Addition,52.5129640000,-0.2627210000
112500,2009-06-30 00:00:00Z,PE7 3ZP,Detached,Established,Freehold,12,,STEPHENSON CLOSE,YAXLEY,PETERBOROUGH,HUNTINGDONSHIRE,CAMBRIDGESHIRE,Standard,Addition,52.5196330000,-0.2680730000
140000,2009-09-10 00:00:00Z,PE7 3NP,Semi-Detached,Established,Freehold,30,,LONDON ROAD,YAXLEY,PETERBOROUGH,HUNTINGDONSHIRE,CAMBRIDGESHIRE,Standard,Addition,52.5189090000,-0.2689690000
101000,2009-04-09 00:00:00Z,PE7 3NR,Flats/Maisonettes,Established,Leasehold,"OAKTREE COURT, 212",FLAT 16,BROADWAY,YAXLEY,PETERBOROUGH,HUNTINGDONSHIRE,CAMBRIDGESHIRE,Standard,Addition,52.5161780000,-0.2663390000
125000,2009-03-31 00:00:00Z,PE7 3HJ,Detached,Established,Freehold,16,,COCK CLOSE ROAD,YAXLEY,PETERBOROUGH,HUNTINGDONSHIRE,CAMBRIDGESHIRE,Standard,Addition,52.5172050000,-0.2668420000
185000,2009-09-25 00:00:00Z,PE7 3QD,Detached,Established,Freehold,3,,RILEY CLOSE,YAXLEY,PETERBOROUGH,HUNTINGDONSHIRE,CAMBRIDGESHIRE,Standard,Addition,52.5194650000,-0.2645570000
210000,2009-06-29 00:00:00Z,PE7 3AB,Detached,New Build,Freehold,50,,SHACKLETON WAY,YAXLEY,PETERBOROUGH,HUNTINGDONSHIRE,CAMBRIDGESHIRE,Standard,Addition,52.5146540000,-0.2676210000
123000,2009-09-22 00:00:00Z,PE7 3AE,Flats/Maisonettes,New Build,Freehold,35,,LIVINGSTONE ROAD,YAXLEY,PETERBOROUGH,HUNTINGDONSHIRE,CAMBRIDGESHIRE,Standard,Addition,52.5143500000,-0.2664820000
122000,2009-10-30 00:00:00Z,PE7 3AE,Terraced,New Build,Freehold,2,,LIVINGSTONE ROAD,YAXLEY,PETERBOROUGH,HUNTINGDONSHIRE,CAMBRIDGESHIRE,Standard,Addition,52.5143500000,-0.2664820000
261000,2009-06-04 00:00:00Z,PE7 3WT,Detached,Established,Freehold,3,,LAWN CLOSE,YAXLEY,PETERBOROUGH,HUNTINGDONSHIRE,CAMBRIDGESHIRE,Standard,Addition,52.5131380000,-0.2604740000
120000,2009-06-30 00:00:00Z,PE7 3AE,Terraced,New Build,Freehold,37,,LIVINGSTONE ROAD,YAXLEY,PETERBOROUGH,HUNTINGDONSHIRE,CAMBRIDGESHIRE,Standard,Addition,52.5143500000,-0.2664820000
462437,2009-07-31 00:00:00Z,PE7 3LD,Detached,New Build,Freehold,"LAWN HOUSE, 159",,MAIN STREET,YAXLEY,PETERBOROUGH,HUNTINGDONSHIRE,CAMBRIDGESHIRE,Standard,Addition,52.5116060000,-0.2608290000
120000,2009-06-24 00:00:00Z,PE7 3NR,Flats/Maisonettes,Established,Leasehold,"OAKTREE COURT, 212",FLAT 5,BROADWAY,YAXLEY,PETERBOROUGH,HUNTINGDONSHIRE,CAMBRIDGESHIRE,Standard,Addition,52.5161780000,-0.2663390000
135000,2009-02-12 00:00:00Z,PE7 3WH,Detached,Established,Freehold,15,,POOLEY WAY,YAXLEY,PETERBOROUGH,HUNTINGDONSHIRE,CAMBRIDGESHIRE,Standard,Addition,52.5184080000,-0.2624030000
136000,2009-12-22 00:00:00Z,PE7 3AE,Terraced,New Build,Freehold,11,,LIVINGSTONE ROAD,YAXLEY,PETERBOROUGH,HUNTINGDONSHIRE,CAMBRIDGESHIRE,Standard,Addition,52.5143500000,-0.2664820000
132000,2009-07-31 00:00:00Z,PE7 3AE,Terraced,New Build,Freehold,32,,LIVINGSTONE ROAD,YAXLEY,PETERBOROUGH,HUNTINGDONSHIRE,CAMBRIDGESHIRE,Standard,Addition,52.5143500000,-0.2664820000
125000,2009-11-06 00:00:00Z,PE7 3AE,Terraced,New Build,Freehold,4,,LIVINGSTONE ROAD,YAXLEY,PETERBOROUGH,HUNTINGDONSHIRE,CAMBRIDGESHIRE,Standard,Addition,52.5143500000,-0.2664820000
165000,2009-03-27 00:00:00Z,PE7 3LH,Detached,Established,Freehold,15A,,CHURCH STREET,YAXLEY,PETERBOROUGH,HUNTINGDONSHIRE,CAMBRIDGESHIRE,Standard,Addition,52.5114190000,-0.2646680000
140000,2009-08-11 00:00:00Z,PE7 3HJ,Detached,Established,Freehold,16,,COCK CLOSE ROAD,YAXLEY,PETERBOROUGH,HUNTINGDONSHIRE,CAMBRIDGESHIRE,Standard,Addition,52.5172050000,-0.2668420000
267500,2009-07-08 00:00:00Z,PE7 3LD,Detached,Established,Freehold,195,,MAIN STREET,YAXLEY,PETERBOROUGH,HUNTINGDONSHIRE,CAMBRIDGESHIRE,Standard,Addition,52.5116060000,-0.2608290000
165500,2009-12-04 00:00:00Z,PE7 3LF,Semi-Detached,Established,Freehold,25,,WESTFIELD ROAD,YAXLEY,PETERBOROUGH,HUNTINGDONSHIRE,CAMBRIDGESHIRE,Standard,Addition,52.5133680000,-0.2633090000
150000,2009-04-30 00:00:00Z,PE7 3AD,Terraced,New Build,Freehold,14,,SCOTT DRIVE,YAXLEY,PETERBOROUGH,HUNTINGDONSHIRE,CAMBRIDGESHIRE,Standard,Addition,52.5149040000,-0.2656510000
158500,2009-12-22 00:00:00Z,PE7 3HN,Detached,Established,Freehold,26,,PHEASANT WAY,YAXLEY,PETERBOROUGH,HUNTINGDONSHIRE,CAMBRIDGESHIRE,Standard,Addition,52.5167260000,-0.2679080000
250000,2009-11-04 00:00:00Z,PE7 3NP,Detached,Established,Freehold,28,,LONDON ROAD,YAXLEY,PETERBOROUGH,HUNTINGDONSHIRE,CAMBRIDGESHIRE,Standard,Addition,52.5189090000,-0.2689690000
112000,2009-04-24 00:00:00Z,PE7 3AF,Terraced,New Build,Freehold,59,,MALLORY DRIVE,YAXLEY,PETERBOROUGH,HUNTINGDONSHIRE,CAMBRIDGESHIRE,Standard,Addition,52.5139820000,-0.2657180000
122000,2009-11-27 00:00:00Z,PE7 3AE,Terraced,New Build,Freehold,6,,LIVINGSTONE ROAD,YAXLEY,PETERBOROUGH,HUNTINGDONSHIRE,CAMBRIDGESHIRE,Standard,Addition,52.5143500000,-0.2664820000
130000,2009-05-29 00:00:00Z,PE7 3AF,Semi-Detached,New Build,Freehold,22,,MALLORY DRIVE,YAXLEY,PETERBOROUGH,HUNTINGDONSHIRE,CAMBRIDGESHIRE,Standard,Addition,52.5139820000,-0.2657180000
125000,2009-11-30 00:00:00Z,PE7 3AE,Terraced,New Build,Freehold,3,,LIVINGSTONE ROAD,YAXLEY,PETERBOROUGH,HUNTINGDONSHIRE,CAMBRIDGESHIRE,Standard,Addition,52.5143500000,-0.2664820000
130000,2009-06-26 00:00:00Z,PE7 3AF,Terraced,New Build,Freehold,47,,MALLORY DRIVE,YAXLEY,PETERBOROUGH,HUNTINGDONSHIRE,CAMBRIDGESHIRE,Standard,Addition,52.5139820000,-0.2657180000
169500,2009-12-16 00:00:00Z,PE7 3HP,Detached,Established,Freehold,5,,PARTRIDGE CLOSE,YAXLEY,PETERBOROUGH,HUNTINGDONSHIRE,CAMBRIDGESHIRE,Standard,Addition,52.5178030000,-0.2683370000
122000,2009-12-18 00:00:00Z,PE7 3AE,Terraced,New Build,Freehold,9,,LIVINGSTONE ROAD,YAXLEY,PETERBOROUGH,HUNTINGDONSHIRE,CAMBRIDGESHIRE,Standard,Addition,52.5143500000,-0.2664820000
195000,2009-05-29 00:00:00Z,PE7 3ZL,Detached,Established,Freehold,11,,TELFORD DRIVE,YAXLEY,PETERBOROUGH,HUNTINGDONSHIRE,CAMBRIDGESHIRE,Standard,Addition,52.5192020000,-0.2668820000
162000,2009-02-23 00:00:00Z,PE7 3YT,Detached,Established,Freehold,11,,FIELD RISE,YAXLEY,PETERBOROUGH,HUNTINGDONSHIRE,CAMBRIDGESHIRE,Standard,Addition,52.5139240000,-0.2644220000
119000,2009-03-06 00:00:00Z,PE7 3NP,Semi-Detached,Established,Freehold,26,,LONDON ROAD,YAXLEY,PETERBOROUGH,HUNTINGDONSHIRE,CAMBRIDGESHIRE,Standard,Addition,52.5189090000,-0.2689690000
158000,2009-05-12 00:00:00Z,PE7 3HP,Detached,Established,Freehold,4,,PARTRIDGE CLOSE,YAXLEY,PETERBOROUGH,HUNTINGDONSHIRE,CAMBRIDGESHIRE,Standard,Addition,52.5178030000,-0.2683370000
122000,2009-11-27 00:00:00Z,PE7 3AE,Terraced,New Build,Freehold,8,,LIVINGSTONE ROAD,YAXLEY,PETERBOROUGH,HUNTINGDONSHIRE,CAMBRIDGESHIRE,Standard,Addition,52.5143500000,-0.2664820000
120000,2009-06-30 00:00:00Z,PE7 3AE,Terraced,New Build,Freehold,38,,LIVINGSTONE ROAD,YAXLEY,PETERBOROUGH,HUNTINGDONSHIRE,CAMBRIDGESHIRE,Standard,Addition,52.5143500000,-0.2664820000
175000,2009-11-05 00:00:00Z,PE7 3ZW,Detached,Established,Freehold,40,,FERNDALE,YAXLEY,PETERBOROUGH,HUNTINGDONSHIRE,CAMBRIDGESHIRE,Standard,Addition,52.5191520000,-0.2659940000
143500,2009-02-19 00:00:00Z,PE7 3YU,Detached,Established,Freehold,33,,STONEHOUSE ROAD,YAXLEY,PETERBOROUGH,HUNTINGDONSHIRE,CAMBRIDGESHIRE,Standard,Addition,52.5136880000,-0.2618230000
162000,2009-03-05 00:00:00Z,PE7 3AD,Semi-Detached,New Build,Freehold,12,,SCOTT DRIVE,YAXLEY,PETERBOROUGH,HUNTINGDONSHIRE,CAMBRIDGESHIRE,Standard,Addition,52.5149040000,-0.2656510000
130000,2009-06-30 00:00:00Z,PE7 3AE,Terraced,New Build,Freehold,36,,LIVINGSTONE ROAD,YAXLEY,PETERBOROUGH,HUNTINGDONSHIRE,CAMBRIDGESHIRE,Standard,Addition,52.5143500000,-0.2664820000
127000,2009-06-30 00:00:00Z,PE7 3AE,Terraced,New Build,Freehold,39,,LIVINGSTONE ROAD,YAXLEY,PETERBOROUGH,HUNTINGDONSHIRE,CAMBRIDGESHIRE,Standard,Addition,52.5143500000,-0.2664820000
150000,2009-03-12 00:00:00Z,PE7 3AD,Terraced,New Build,Freehold,16,,SCOTT DRIVE,YAXLEY,PETERBOROUGH,HUNTINGDONSHIRE,CAMBRIDGESHIRE,Standard,Addition,52.5149040000,-0.2656510000
125000,2009-11-10 00:00:00Z,PE7 3NR,Flats/Maisonettes,Established,Leasehold,"OAKTREE COURT, 212",FLAT 17,BROADWAY,YAXLEY,PETERBOROUGH,HUNTINGDONSHIRE,CAMBRIDGESHIRE,Standard,Addition,52.5161780000,-0.2663390000
119000,2009-12-22 00:00:00Z,PE7 3HW,Terraced,Established,Freehold,21,,OWL END WALK,YAXLEY,PETERBOROUGH,HUNTINGDONSHIRE,CAMBRIDGESHIRE,Standard,Addition,52.5172370000,-0.2671650000
140000,2009-06-11 00:00:00Z,PE7 3YT,Semi-Detached,Established,Freehold,6,,FIELD RISE,YAXLEY,PETERBOROUGH,HUNTINGDONSHIRE,CAMBRIDGESHIRE,Standard,Addition,52.5139240000,-0.2644220000
125000,2009-05-22 00:00:00Z,PE7 3AF,Semi-Detached,New Build,Freehold,20,,MALLORY DRIVE,YAXLEY,PETERBOROUGH,HUNTINGDONSHIRE,CAMBRIDGESHIRE,Standard,Addition,52.5139820000,-0.2657180000
175000,2009-12-18 00:00:00Z,PE7 3AB,Semi-Detached,New Build,Freehold,41,,SHACKLETON WAY,YAXLEY,PETERBOROUGH,HUNTINGDONSHIRE,CAMBRIDGESHIRE,Standard,Addition,52.5146540000,-0.2676210000
150000,2009-07-08 00:00:00Z,PE7 3YY,Detached,Established,Freehold,16,,VICARAGE WAY,YAXLEY,PETERBOROUGH,HUNTINGDONSHIRE,CAMBRIDGESHIRE,Standard,Addition,52.5129230000,-0.2648000000
170000,2009-06-30 00:00:00Z,PE7 3AF,Terraced,New Build,Freehold,63,,MALLORY DRIVE,YAXLEY,PETERBOROUGH,HUNTINGDONSHIRE,CAMBRIDGESHIRE,Standard,Addition,52.5139820000,-0.2657180000
174995,2009-06-30 00:00:00Z,PE7 3AF,Terraced,New Build,Freehold,49,,MALLORY DRIVE,YAXLEY,PETERBOROUGH,HUNTINGDONSHIRE,CAMBRIDGESHIRE,Standard,Addition,52.5139820000,-0.2657180000
223000,2009-05-29 00:00:00Z,PE7 3ZP,Detached,Established,Freehold,9,,STEPHENSON CLOSE,YAXLEY,PETERBOROUGH,HUNTINGDONSHIRE,CAMBRIDGESHIRE,Standard,Addition,52.5196330000,-0.2680730000
115000,2009-06-01 00:00:00Z,PE7 3NR,Semi-Detached,Established,Freehold,248,,BROADWAY,YAXLEY,PETERBOROUGH,HUNTINGDONSHIRE,CAMBRIDGESHIRE,Standard,Addition,52.5161780000,-0.2663390000
150000,2009-11-16 00:00:00Z,PE7 3LB,Detached,Established,Freehold,154,,MAIN STREET,YAXLEY,PETERBOROUGH,HUNTINGDONSHIRE,CAMBRIDGESHIRE,Standard,Addition,52.5123250000,-0.2608450000
166500,2009-10-15 00:00:00Z,PE7 3NF,Detached,Established,Freehold,8,,DOVECOTE LANE,YAXLEY,PETERBOROUGH,HUNTINGDONSHIRE,CAMBRIDGESHIRE,Standard,Addition,52.5148280000,-0.2696480000
200000,2009-11-10 00:00:00Z,PE7 3NW,Semi-Detached,Established,Freehold,4,,WESTFIELD CLOSE,YAXLEY,PETERBOROUGH,HUNTINGDONSHIRE,CAMBRIDGESHIRE,Standard,Addition,52.5145710000,-0.2625540000
126000,2009-11-30 00:00:00Z,PE7 3AE,Detached,New Build,Freehold,5,,LIVINGSTONE ROAD,YAXLEY,PETERBOROUGH,HUNTINGDONSHIRE,CAMBRIDGESHIRE,Standard,Addition,52.5143500000,-0.2664820000
125000,2009-07-16 00:00:00Z,PE7 3AE,Terraced,New Build,Freehold,34,,LIVINGSTONE ROAD,YAXLEY,PETERBOROUGH,HUNTINGDONSHIRE,CAMBRIDGESHIRE,Standard,Addition,52.5143500000,-0.2664820000
122000,2009-11-27 00:00:00Z,PE7 3AE,Terraced,New Build,Freehold,7,,LIVINGSTONE ROAD,YAXLEY,PETERBOROUGH,HUNTINGDONSHIRE,CAMBRIDGESHIRE,Standard,Addition,52.5143500000,-0.2664820000
121000,2009-07-02 00:00:00Z,PE7 3AE,Terraced,New Build,Freehold,33,,LIVINGSTONE ROAD,YAXLEY,PETERBOROUGH,HUNTINGDONSHIRE,CAMBRIDGESHIRE,Standard,Addition,52.5143500000,-0.2664820000
245000,2009-11-05 00:00:00Z,PE7 3ZS,Detached,Established,Freehold,51,,BENTLEY AVENUE,YAXLEY,PETERBOROUGH,HUNTINGDONSHIRE,CAMBRIDGESHIRE,Standard,Addition,52.5198920000,-0.2605760000
72000,2009-04-06 00:00:00Z,PE7 3NT,Detached,Established,Freehold,184,,BROADWAY,YAXLEY,PETERBOROUGH,HUNTINGDONSHIRE,CAMBRIDGESHIRE,Standard,Addition,52.5169790000,-0.2606320000
163500,2009-07-08 00:00:00Z,PE7 3YU,Detached,Established,Freehold,3,,STONEHOUSE ROAD,YAXLEY,PETERBOROUGH,HUNTINGDONSHIRE,CAMBRIDGESHIRE,Standard,Addition,52.5136880000,-0.2618230000
185000,2009-06-30 00:00:00Z,PE7 3AF,Terraced,New Build,Freehold,51,,MALLORY DRIVE,YAXLEY,PETERBOROUGH,HUNTINGDONSHIRE,CAMBRIDGESHIRE,Standard,Addition,52.5139820000,-0.2657180000
190000,2010-09-30 00:00:00Z,PE7 3YY,Detached,Established,Freehold,27,,VICARAGE WAY,YAXLEY,PETERBOROUGH,HUNTINGDONSHIRE,CAMBRIDGESHIRE,Standard,Addition,52.5129230000,-0.2648000000
198000,2010-09-30 00:00:00Z,PE7 3ZL,Detached,Established,Freehold,34,,TELFORD DRIVE,YAXLEY,PETERBOROUGH,HUNTINGDONSHIRE,CAMBRIDGESHIRE,Standard,Addition,52.5192020000,-0.2668820000
150000,2010-11-26 00:00:00Z,PE7 3HN,Semi-Detached,Established,Freehold,27,,PHEASANT WAY,YAXLEY,PETERBOROUGH,HUNTINGDONSHIRE,CAMBRIDGESHIRE,Standard,Addition,52.5167260000,-0.2679080000
159995,2010-11-11 00:00:00Z,PE7 3YU,Detached,Established,Freehold,19,,STONEHOUSE ROAD,YAXLEY,PETERBOROUGH,HUNTINGDONSHIRE,CAMBRIDGESHIRE,Standard,Addition,52.5136880000,-0.2618230000
260000,2010-06-04 00:00:00Z,PE7 3ZW,Detached,Established,Freehold,4,,FERNDALE,YAXLEY,PETERBOROUGH,HUNTINGDONSHIRE,CAMBRIDGESHIRE,Standard,Addition,52.5191520000,-0.2659940000
450000,2010-08-13 00:00:00Z,PE7 3LD,Detached,Established,Freehold,203,,MAIN STREET,YAXLEY,PETERBOROUGH,HUNTINGDONSHIRE,CAMBRIDGESHIRE,Standard,Addition,52.5116060000,-0.2608290000
126000,2010-10-14 00:00:00Z,PE7 3HJ,Semi-Detached,Established,Freehold,29,,COCK CLOSE ROAD,YAXLEY,PETERBOROUGH,HUNTINGDONSHIRE,CAMBRIDGESHIRE,Standard,Addition,52.5172050000,-0.2668420000
170000,2010-05-13 00:00:00Z,PE7 3LG,Detached,Established,Freehold,34,,WESTFIELD ROAD,YAXLEY,PETERBOROUGH,HUNTINGDONSHIRE,CAMBRIDGESHIRE,Standard,Addition,52.5129640000,-0.2627210000
207500,2010-06-18 00:00:00Z,PE7 3ZP,Detached,Established,Freehold,27,,STEPHENSON CLOSE,YAXLEY,PETERBOROUGH,HUNTINGDONSHIRE,CAMBRIDGESHIRE,Standard,Addition,52.5196330000,-0.2680730000
170000,2010-09-24 00:00:00Z,PE7 3LN,Detached,Established,Freehold,50A,,CHAPEL STREET,YAXLEY,PETERBOROUGH,HUNTINGDONSHIRE,CAMBRIDGESHIRE,Standard,Addition,52.5145890000,-0.2613010000
189500,2010-12-22 00:00:00Z,PE7 3AB,Terraced,New Build,Freehold,23,,SHACKLETON WAY,YAXLEY,PETERBOROUGH,HUNTINGDONSHIRE,CAMBRIDGESHIRE,Standard,Addition,52.5146540000,-0.2676210000
244000,2010-04-09 00:00:00Z,PE7 3ZU,Detached,Established,Freehold,14,,WOLSELEY CLOSE,YAXLEY,PETERBOROUGH,HUNTINGDONSHIRE,CAMBRIDGESHIRE,Standard,Addition,52.5195700000,-0.2612960000
155000,2010-05-04 00:00:00Z,PE7 3AF,Terraced,New Build,Freehold,12,,MALLORY DRIVE,YAXLEY,PETERBOROUGH,HUNTINGDONSHIRE,CAMBRIDGESHIRE,Standard,Addition,52.5139820000,-0.2657180000
230000,2010-11-30 00:00:00Z,PE7 3AB,Detached,New Build,Freehold,52,,SHACKLETON WAY,YAXLEY,PETERBOROUGH,HUNTINGDONSHIRE,CAMBRIDGESHIRE,Standard,Addition,52.5146540000,-0.2676210000
177500,2010-12-16 00:00:00Z,PE7 3YY,Detached,Established,Freehold,4,,VICARAGE WAY,YAXLEY,PETERBOROUGH,HUNTINGDONSHIRE,CAMBRIDGESHIRE,Standard,Addition,52.5129230000,-0.2648000000
188000,2010-03-08 00:00:00Z,PE7 3HL,Detached,Established,Freehold,12,,THE ROOKERY,YAXLEY,PETERBOROUGH,HUNTINGDONSHIRE,CAMBRIDGESHIRE,Standard,Addition,52.5169480000,-0.2646270000
182500,2010-12-08 00:00:00Z,PE7 3AB,Detached,New Build,Freehold,10,,SHACKLETON WAY,YAXLEY,PETERBOROUGH,HUNTINGDONSHIRE,CAMBRIDGESHIRE,Standard,Addition,52.5146540000,-0.2676210000
124500,2010-12-09 00:00:00Z,PE7 3ZQ,Terraced,Established,Freehold,65,,FERNDALE,YAXLEY,PETERBOROUGH,HUNTINGDONSHIRE,CAMBRIDGESHIRE,Standard,Addition,52.5192260000,-0.2654510000
226000,2010-01-14 00:00:00Z,PE7 3ZP,Detached,Established,Freehold,2,,STEPHENSON CLOSE,YAXLEY,PETERBOROUGH,HUNTINGDONSHIRE,CAMBRIDGESHIRE,Standard,Addition,52.5196330000,-0.2680730000
200000,2010-07-07 00:00:00Z,PE7 3ZW,Detached,Established,Freehold,26,,FERNDALE,YAXLEY,PETERBOROUGH,HUNTINGDONSHIRE,CAMBRIDGESHIRE,Standard,Addition,52.5191520000,-0.2659940000
125000,2010-08-16 00:00:00Z,PE7 3AE,Terraced,New Build,Freehold,18,,LIVINGSTONE ROAD,YAXLEY,PETERBOROUGH,HUNTINGDONSHIRE,CAMBRIDGESHIRE,Standard,Addition,52.5143500000,-0.2664820000
160000,2010-03-05 00:00:00Z,PE7 3NR,Semi-Detached,Established,Freehold,248,,BROADWAY,YAXLEY,PETERBOROUGH,HUNTINGDONSHIRE,CAMBRIDGESHIRE,Standard,Addition,52.5161780000,-0.2663390000
208000,2010-09-15 00:00:00Z,PE7 3ZP,Detached,Established,Freehold,31,,STEPHENSON CLOSE,YAXLEY,PETERBOROUGH,HUNTINGDONSHIRE,CAMBRIDGESHIRE,Standard,Addition,52.5196330000,-0.2680730000
149000,2010-04-09 00:00:00Z,PE7 3NR,Semi-Detached,Established,Freehold,249,,BROADWAY,YAXLEY,PETERBOROUGH,HUNTINGDONSHIRE,CAMBRIDGESHIRE,Standard,Addition,52.5161780000,-0.2663390000
235000,2010-05-27 00:00:00Z,PE7 3ZN,Detached,Established,Freehold,11,,BRUNEL DRIVE,YAXLEY,PETERBOROUGH,HUNTINGDONSHIRE,CAMBRIDGESHIRE,Standard,Addition,52.5190640000,-0.2679040000
165000,2010-02-26 00:00:00Z,PE7 3QD,Detached,Established,Freehold,5,,RILEY CLOSE,YAXLEY,PETERBOROUGH,HUNTINGDONSHIRE,CAMBRIDGESHIRE,Standard,Addition,52.5194650000,-0.2645570000
85000,2010-08-18 00:00:00Z,PE7 3YE,Flats/Maisonettes,Established,Leasehold,14,,WYKES ROAD,YAXLEY,PETERBOROUGH,HUNTINGDONSHIRE,CAMBRIDGESHIRE,Standard,Addition,52.5107360000,-0.2652990000
250000,2010-02-05 00:00:00Z,PE7 3ZP,Detached,Established,Freehold,10,,STEPHENSON CLOSE,YAXLEY,PETERBOROUGH,HUNTINGDONSHIRE,CAMBRIDGESHIRE,Standard,Addition,52.5196330000,-0.2680730000
130000,2010-06-30 00:00:00Z,PE7 3AE,Terraced,New Build,Freehold,19,,LIVINGSTONE ROAD,YAXLEY,PETERBOROUGH,HUNTINGDONSHIRE,CAMBRIDGESHIRE,Standard,Addition,52.5143500000,-0.2664820000
167000,2010-02-05 00:00:00Z,PE7 3HN,Semi-Detached,Established,Freehold,2,,PHEASANT WAY,YAXLEY,PETERBOROUGH,HUNTINGDONSHIRE,CAMBRIDGESHIRE,Standard,Addition,52.5167260000,-0.2679080000
130000,2010-12-16 00:00:00Z,PE7 3AF,Terraced,New Build,Freehold,6,,MALLORY DRIVE,YAXLEY,PETERBOROUGH,HUNTINGDONSHIRE,CAMBRIDGESHIRE,Standard,Addition,52.5139820000,-0.2657180000
189995,2010-03-23 00:00:00Z,PE7 3AB,Semi-Detached,New Build,Freehold,43,,SHACKLETON WAY,YAXLEY,PETERBOROUGH,HUNTINGDONSHIRE,CAMBRIDGESHIRE,Standard,Addition,52.5146540000,-0.2676210000
125000,2010-05-28 00:00:00Z,PE7 3AF,Flats/Maisonettes,New Build,Freehold,18,,MALLORY DRIVE,YAXLEY,PETERBOROUGH,HUNTINGDONSHIRE,CAMBRIDGESHIRE,Standard,Addition,52.5139820000,-0.2657180000
184995,2010-09-10 00:00:00Z,PE7 3AB,Terraced,New Build,Freehold,18,,SHACKLETON WAY,YAXLEY,PETERBOROUGH,HUNTINGDONSHIRE,CAMBRIDGESHIRE,Standard,Addition,52.5146540000,-0.2676210000
164000,2010-07-26 00:00:00Z,PE7 3YY,Detached,Established,Freehold,11,,VICARAGE WAY,YAXLEY,PETERBOROUGH,HUNTINGDONSHIRE,CAMBRIDGESHIRE,Standard,Addition,52.5129230000,-0.2648000000
174995,2010-04-30 00:00:00Z,PE7 3AF,Terraced,New Build,Freehold,14,,MALLORY DRIVE,YAXLEY,PETERBOROUGH,HUNTINGDONSHIRE,CAMBRIDGESHIRE,Standard,Addition,52.5139820000,-0.2657180000
117000,2010-01-29 00:00:00Z,PE7 3HW,Terraced,Established,Freehold,23,,OWL END WALK,YAXLEY,PETERBOROUGH,HUNTINGDONSHIRE,CAMBRIDGESHIRE,Standard,Addition,52.5172370000,-0.2671650000
269995,2010-10-27 00:00:00Z,PE7 3ZS,Detached,Established,Freehold,1,,BENTLEY AVENUE,YAXLEY,PETERBOROUGH,HUNTINGDONSHIRE,CAMBRIDGESHIRE,Standard,Addition,52.5198920000,-0.2605760000
220000,2010-01-29 00:00:00Z,PE7 3LN,Detached,Established,Freehold,52,,CHAPEL STREET,YAXLEY,PETERBOROUGH,HUNTINGDONSHIRE,CAMBRIDGESHIRE,Standard,Addition,52.5145890000,-0.2613010000
130000,2010-12-17 00:00:00Z,PE7 3AF,Terraced,New Build,Freehold,4,,MALLORY DRIVE,YAXLEY,PETERBOROUGH,HUNTINGDONSHIRE,CAMBRIDGESHIRE,Standard,Addition,52.5139820000,-0.2657180000
130000,2010-11-26 00:00:00Z,PE7 3AF,Detached,Established,Freehold,2,,MALLORY DRIVE,YAXLEY,PETERBOROUGH,HUNTINGDONSHIRE,CAMBRIDGESHIRE,Standard,Addition,52.5139820000,-0.2657180000
237000,2010-03-26 00:00:00Z,PE7 3ZP,Detached,Established,Freehold,33,,STEPHENSON CLOSE,YAXLEY,PETERBOROUGH,HUNTINGDONSHIRE,CAMBRIDGESHIRE,Standard,Addition,52.5196330000,-0.2680730000
480000,2010-04-30 00:00:00Z,PE7 3LH,Detached,Established,Freehold,44,,CHURCH STREET,YAXLEY,PETERBOROUGH,HUNTINGDONSHIRE,CAMBRIDGESHIRE,Standard,Addition,52.5114190000,-0.2646680000
118000,2010-04-01 00:00:00Z,PE7 3HW,Terraced,Established,Freehold,4,,OWL END WALK,YAXLEY,PETERBOROUGH,HUNTINGDONSHIRE,CAMBRIDGESHIRE,Standard,Addition,52.5172370000,-0.2671650000
199950,2010-02-05 00:00:00Z,PE7 3HR,Detached,Established,Freehold,14,,NIGHTINGALE DRIVE,YAXLEY,PETERBOROUGH,HUNTINGDONSHIRE,CAMBRIDGESHIRE,Standard,Addition,52.5181080000,-0.2664970000
220000,2010-06-11 00:00:00Z,PE7 3AB,Terraced,New Build,Freehold,6,,SHACKLETON WAY,YAXLEY,PETERBOROUGH,HUNTINGDONSHIRE,CAMBRIDGESHIRE,Standard,Addition,52.5146540000,-0.2676210000
195000,2010-01-15 00:00:00Z,PE7 3ZL,Detached,Established,Freehold,24,,TELFORD DRIVE,YAXLEY,PETERBOROUGH,HUNTINGDONSHIRE,CAMBRIDGESHIRE,Standard,Addition,52.5192020000,-0.2668820000
294995,2010-07-26 00:00:00Z,PE7 3NF,Detached,Established,Freehold,16,,DOVECOTE LANE,YAXLEY,PETERBOROUGH,HUNTINGDONSHIRE,CAMBRIDGESHIRE,Standard,Addition,52.5148280000,-0.2696480000
205000,2010-08-27 00:00:00Z,PE7 3ZW,Detached,Established,Freehold,24,,FERNDALE,YAXLEY,PETERBOROUGH,HUNTINGDONSHIRE,CAMBRIDGESHIRE,Standard,Addition,52.5191520000,-0.2659940000
140000,2010-06-30 00:00:00Z,PE7 3AE,Terraced,New Build,Freehold,16,,LIVINGSTONE ROAD,YAXLEY,PETERBOROUGH,HUNTINGDONSHIRE,CAMBRIDGESHIRE,Standard,Addition,52.5143500000,-0.2664820000
174000,2010-08-06 00:00:00Z,PE7 3YT,Detached,Established,Freehold,23,,FIELD RISE,YAXLEY,PETERBOROUGH,HUNTINGDONSHIRE,CAMBRIDGESHIRE,Standard,Addition,52.5139240000,-0.2644220000
115000,2010-07-07 00:00:00Z,PE7 3NT,Terraced,Established,Freehold,225,,BROADWAY,YAXLEY,PETERBOROUGH,HUNTINGDONSHIRE,CAMBRIDGESHIRE,Standard,Addition,52.5169790000,-0.2606320000
127000,2010-04-29 00:00:00Z,PE7 3AF,Terraced,New Build,Freehold,10,,MALLORY DRIVE,YAXLEY,PETERBOROUGH,HUNTINGDONSHIRE,CAMBRIDGESHIRE,Standard,Addition,52.5139820000,-0.2657180000
120000,2010-05-25 00:00:00Z,PE7 3HJ,Semi-Detached,Established,Freehold,29,,COCK CLOSE ROAD,YAXLEY,PETERBOROUGH,HUNTINGDONSHIRE,CAMBRIDGESHIRE,Standard,Addition,52.5172050000,-0.2668420000
182995,2010-12-17 00:00:00Z,PE7 3AB,Terraced,New Build,Freehold,11,,SHACKLETON WAY,YAXLEY,PETERBOROUGH,HUNTINGDONSHIRE,CAMBRIDGESHIRE,Standard,Addition,52.5146540000,-0.2676210000
124000,2010-07-05 00:00:00Z,PE7 3YE,Semi-Detached,Established,Freehold,1,,WYKES ROAD,YAXLEY,PETERBOROUGH,HUNTINGDONSHIRE,CAMBRIDGESHIRE,Standard,Addition,52.5107360000,-0.2652990000
124999,2010-06-30 00:00:00Z,PE7 3AB,Terraced,New Build,Freehold,12,,SHACKLETON WAY,YAXLEY,PETERBOROUGH,HUNTINGDONSHIRE,CAMBRIDGESHIRE,Standard,Addition,52.5146540000,-0.2676210000
160000,2010-04-07 00:00:00Z,PE7 3ZQ,Detached,Established,Freehold,39,,FERNDALE,YAXLEY,PETERBOROUGH,HUNTINGDONSHIRE,CAMBRIDGESHIRE,Standard,Addition,52.5192260000,-0.2654510000
159000,2010-02-05 00:00:00Z,PE7 3LH,Detached,Established,Freehold,4,,CHURCH STREET,YAXLEY,PETERBOROUGH,HUNTINGDONSHIRE,CAMBRIDGESHIRE,Standard,Addition,52.5114190000,-0.2646680000
196000,2010-11-25 00:00:00Z,PE7 3ZS,Detached,Established,Freehold,29,,BENTLEY AVENUE,YAXLEY,PETERBOROUGH,HUNTINGDONSHIRE,CAMBRIDGESHIRE,Standard,Addition,52.5198920000,-0.2605760000
137500,2010-05-27 00:00:00Z,PE7 3HW,Semi-Detached,Established,Freehold,18,,OWL END WALK,YAXLEY,PETERBOROUGH,CITY OF PETERBOROUGH,CITY OF PETERBOROUGH,Standard,Addition,52.5172370000,-0.2671650000
224995,2010-02-26 00:00:00Z,PE7 3AF,Terraced,New Build,Freehold,24,,MALLORY DRIVE,YAXLEY,PETERBOROUGH,HUNTINGDONSHIRE,CAMBRIDGESHIRE,Standard,Addition,52.5139820000,-0.2657180000
225000,2010-11-25 00:00:00Z,PE7 3AB,Detached,New Build,Freehold,39,,SHACKLETON WAY,YAXLEY,PETERBOROUGH,HUNTINGDONSHIRE,CAMBRIDGESHIRE,Standard,Addition,52.5146540000,-0.2676210000
128700,2010-06-30 00:00:00Z,PE7 3AE,Terraced,New Build,Freehold,17,,LIVINGSTONE ROAD,YAXLEY,PETERBOROUGH,HUNTINGDONSHIRE,CAMBRIDGESHIRE,Standard,Addition,52.5143500000,-0.2664820000
244995,2010-05-21 00:00:00Z,PE7 3AB,Detached,New Build,Freehold,45,,SHACKLETON WAY,YAXLEY,PETERBOROUGH,HUNTINGDONSHIRE,CAMBRIDGESHIRE,Standard,Addition,52.5146540000,-0.2676210000
179995,2010-04-30 00:00:00Z,PE7 3AF,Terraced,New Build,Freehold,16,,MALLORY DRIVE,YAXLEY,PETERBOROUGH,HUNTINGDONSHIRE,CAMBRIDGESHIRE,Standard,Addition,52.5139820000,-0.2657180000
187500,2010-09-24 00:00:00Z,PE7 3AB,Semi-Detached,New Build,Freehold,14,,SHACKLETON WAY,YAXLEY,PETERBOROUGH,HUNTINGDONSHIRE,CAMBRIDGESHIRE,Standard,Addition,52.5146540000,-0.2676210000
184995,2010-06-30 00:00:00Z,PE7 3AB,Terraced,New Build,Freehold,16,,SHACKLETON WAY,YAXLEY,PETERBOROUGH,HUNTINGDONSHIRE,CAMBRIDGESHIRE,Standard,Addition,52.5146540000,-0.2676210000
297500,2011-06-23 00:00:00Z,PE7 3ZG,Detached,Established,Freehold,5,,CARYSFORT CLOSE,YAXLEY,PETERBOROUGH,HUNTINGDONSHIRE,CAMBRIDGESHIRE,Standard,Addition,52.5131060000,-0.2677110000
244995,2011-12-22 00:00:00Z,PE7 3AB,Detached,New Build,Freehold,33,,SHACKLETON WAY,YAXLEY,PETERBOROUGH,HUNTINGDONSHIRE,CAMBRIDGESHIRE,Standard,Addition,52.5146540000,-0.2676210000
120000,2011-07-20 00:00:00Z,PE7 3LH,Terraced,Established,Freehold,30,,CHURCH STREET,YAXLEY,PETERBOROUGH,HUNTINGDONSHIRE,CAMBRIDGESHIRE,Standard,Addition,52.5114190000,-0.2646680000
215000,2011-09-09 00:00:00Z,PE7 3ZS,Detached,Established,Freehold,39,,BENTLEY AVENUE,YAXLEY,PETERBOROUGH,HUNTINGDONSHIRE,CAMBRIDGESHIRE,Standard,Addition,52.5198920000,-0.2605760000
229000,2011-08-12 00:00:00Z,PE7 3ZS,Detached,Established,Freehold,53,,BENTLEY AVENUE,YAXLEY,PETERBOROUGH,HUNTINGDONSHIRE,CAMBRIDGESHIRE,Standard,Addition,52.5198920000,-0.2605760000
129000,2011-12-09 00:00:00Z,PE7 3ZQ,Semi-Detached,Established,Freehold,41,,FERNDALE,YAXLEY,PETERBOROUGH,HUNTINGDONSHIRE,CAMBRIDGESHIRE,Standard,Addition,52.5192260000,-0.2654510000
230861,2011-06-30 00:00:00Z,PE7 3AB,Detached,New Build,Freehold,7,,SHACKLETON WAY,YAXLEY,PETERBOROUGH,HUNTINGDONSHIRE,CAMBRIDGESHIRE,Standard,Addition,52.5146540000,-0.2676210000
188500,2011-04-13 00:00:00Z,PE7 3ZN,Detached,Established,Freehold,14,,BRUNEL DRIVE,YAXLEY,PETERBOROUGH,HUNTINGDONSHIRE,CAMBRIDGESHIRE,Standard,Addition,52.5190640000,-0.2679040000
182000,2011-08-26 00:00:00Z,PE7 3NW,Semi-Detached,Established,Freehold,5,,WESTFIELD CLOSE,YAXLEY,PETERBOROUGH,HUNTINGDONSHIRE,CAMBRIDGESHIRE,Standard,Addition,52.5145710000,-0.2625540000
249995,2011-12-20 00:00:00Z,PE7 3AB,Detached,New Build,Freehold,31,,SHACKLETON WAY,YAXLEY,PETERBOROUGH,HUNTINGDONSHIRE,CAMBRIDGESHIRE,Standard,Addition,52.5146540000,-0.2676210000
322000,2011-10-17 00:00:00Z,PE7 3LN,Detached,Established,Freehold,54,,CHAPEL STREET,YAXLEY,PETERBOROUGH,HUNTINGDONSHIRE,CAMBRIDGESHIRE,Standard,Addition,52.5145890000,-0.2613010000
130000,2011-12-16 00:00:00Z,PE7 3AB,Semi-Detached,New Build,Freehold,27,,SHACKLETON WAY,YAXLEY,PETERBOROUGH,HUNTINGDONSHIRE,CAMBRIDGESHIRE,Standard,Addition,52.5146540000,-0.2676210000
226000,2011-06-30 00:00:00Z,PE7 3ZL,Detached,Established,Freehold,17,,TELFORD DRIVE,YAXLEY,PETERBOROUGH,HUNTINGDONSHIRE,CAMBRIDGESHIRE,Standard,Addition,52.5192020000,-0.2668820000
43500,2011-04-15 00:00:00Z,PE7 3AD,Terraced,Established,Leasehold,20,,SCOTT DRIVE,YAXLEY,PETERBOROUGH,HUNTINGDONSHIRE,CAMBRIDGESHIRE,Standard,Addition,52.5149040000,-0.2656510000
146000,2011-11-09 00:00:00Z,PE7 3HN,Semi-Detached,Established,Freehold,9,,PHEASANT WAY,YAXLEY,PETERBOROUGH,HUNTINGDONSHIRE,CAMBRIDGESHIRE,Standard,Addition,52.5167260000,-0.2679080000
111000,2011-02-14 00:00:00Z,PE7 3ZW,Terraced,Established,Freehold,70,,FERNDALE,YAXLEY,PETERBOROUGH,HUNTINGDONSHIRE,CAMBRIDGESHIRE,Standard,Addition,52.5191520000,-0.2659940000
79500,2011-09-27 00:00:00Z,PE7 3LH,Detached,Established,Freehold,4,,CHURCH STREET,YAXLEY,PETERBOROUGH,HUNTINGDONSHIRE,CAMBRIDGESHIRE,Standard,Addition,52.5114190000,-0.2646680000
220000,2011-07-25 00:00:00Z,PE7 3ZN,Detached,Established,Freehold,16,,BRUNEL DRIVE,YAXLEY,PETERBOROUGH,HUNTINGDONSHIRE,CAMBRIDGESHIRE,Standard,Addition,52.5190640000,-0.2679040000
192000,2011-03-25 00:00:00Z,PE7 3ZS,Detached,Established,Freehold,25,,BENTLEY AVENUE,YAXLEY,PETERBOROUGH,HUNTINGDONSHIRE,CAMBRIDGESHIRE,Standard,Addition,52.5198920000,-0.2605760000
184220,2011-05-20 00:00:00Z,PE7 3HR,Detached,Established,Freehold,13,,NIGHTINGALE DRIVE,YAXLEY,PETERBOROUGH,HUNTINGDONSHIRE,CAMBRIDGESHIRE,Standard,Addition,52.5181080000,-0.2664970000
250000,2011-12-08 00:00:00Z,PE7 3LN,Detached,Established,Freehold,"NORTH RIDING, 1",,CHAPEL STREET,YAXLEY,PETERBOROUGH,HUNTINGDONSHIRE,CAMBRIDGESHIRE,Standard,Addition,52.5145890000,-0.2613010000
220000,2011-04-28 00:00:00Z,PE7 3AF,Detached,New Build,Freehold,67,,MALLORY DRIVE,YAXLEY,PETERBOROUGH,HUNTINGDONSHIRE,CAMBRIDGESHIRE,Standard,Addition,52.5139820000,-0.2657180000
130000,2011-03-11 00:00:00Z,PE7 3HN,Terraced,Established,Freehold,18,,PHEASANT WAY,YAXLEY,PETERBOROUGH,HUNTINGDONSHIRE,CAMBRIDGESHIRE,Standard,Addition,52.5167260000,-0.2679080000
239000,2011-09-06 00:00:00Z,PE7 3ZN,Detached,Established,Freehold,7,,BRUNEL DRIVE,YAXLEY,PETERBOROUGH,HUNTINGDONSHIRE,CAMBRIDGESHIRE,Standard,Addition,52.5190640000,-0.2679040000
120000,2011-07-20 00:00:00Z,PE7 3LF,Semi-Detached,Established,Freehold,1,,WESTFIELD ROAD,YAXLEY,PETERBOROUGH,HUNTINGDONSHIRE,CAMBRIDGESHIRE,Standard,Addition,52.5133680000,-0.2633090000
125000,2011-01-13 00:00:00Z,PE7 3NR,Flats/Maisonettes,Established,Leasehold,"OAKTREE COURT, 212",FLAT 7,BROADWAY,YAXLEY,PETERBOROUGH,HUNTINGDONSHIRE,CAMBRIDGESHIRE,Standard,Addition,52.5161780000,-0.2663390000
193500,2011-11-18 00:00:00Z,PE7 3ZL,Detached,Established,Freehold,15,,TELFORD DRIVE,YAXLEY,PETERBOROUGH,HUNTINGDONSHIRE,CAMBRIDGESHIRE,Standard,Addition,52.5192020000,-0.2668820000
126500,2011-04-26 00:00:00Z,PE7 3LN,Terraced,Established,Freehold,22,,CHAPEL STREET,YAXLEY,PETERBOROUGH,HUNTINGDONSHIRE,CAMBRIDGESHIRE,Standard,Addition,52.5145890000,-0.2613010000
178920,2011-03-11 00:00:00Z,PE7 3QD,Detached,Established,Freehold,9,,RILEY CLOSE,YAXLEY,PETERBOROUGH,HUNTINGDONSHIRE,CAMBRIDGESHIRE,Standard,Addition,52.5194650000,-0.2645570000
180000,2011-06-30 00:00:00Z,PE7 3AB,Terraced,New Build,Freehold,21,,SHACKLETON WAY,YAXLEY,PETERBOROUGH,HUNTINGDONSHIRE,CAMBRIDGESHIRE,Standard,Addition,52.5146540000,-0.2676210000
230000,2011-02-25 00:00:00Z,PE7 3AE,Detached,New Build,Freehold,1,,LIVINGSTONE ROAD,YAXLEY,PETERBOROUGH,HUNTINGDONSHIRE,CAMBRIDGESHIRE,Standard,Addition,52.5143500000,-0.2664820000
214500,2011-09-23 00:00:00Z,PE7 3ZP,Detached,Established,Freehold,11,,STEPHENSON CLOSE,YAXLEY,PETERBOROUGH,HUNTINGDONSHIRE,CAMBRIDGESHIRE,Standard,Addition,52.5196330000,-0.2680730000
144000,2011-10-21 00:00:00Z,PE7 3HW,Detached,Established,Freehold,16,,OWL END WALK,YAXLEY,PETERBOROUGH,HUNTINGDONSHIRE,CAMBRIDGESHIRE,Standard,Addition,52.5172370000,-0.2671650000
125000,2011-10-31 00:00:00Z,PE7 3LG,Detached,Established,Freehold,44,,WESTFIELD ROAD,YAXLEY,PETERBOROUGH,HUNTINGDONSHIRE,CAMBRIDGESHIRE,Standard,Addition,52.5129640000,-0.2627210000
102105,2011-07-15 00:00:00Z,PE7 3HW,Terraced,Established,Freehold,13,,OWL END WALK,YAXLEY,PETERBOROUGH,HUNTINGDONSHIRE,CAMBRIDGESHIRE,Standard,Addition,52.5172370000,-0.2671650000
182500,2011-06-30 00:00:00Z,PE7 3AB,Terraced,New Build,Freehold,15,,SHACKLETON WAY,YAXLEY,PETERBOROUGH,HUNTINGDONSHIRE,CAMBRIDGESHIRE,Standard,Addition,52.5146540000,-0.2676210000
163000,2011-11-18 00:00:00Z,PE7 3NR,Semi-Detached,Established,Freehold,214,,BROADWAY,YAXLEY,PETERBOROUGH,HUNTINGDONSHIRE,CAMBRIDGESHIRE,Standard,Addition,52.5161780000,-0.2663390000
450000,2011-05-31 00:00:00Z,PE7 3NP,Detached,Established,Freehold,4,,LONDON ROAD,YAXLEY,PETERBOROUGH,HUNTINGDONSHIRE,CAMBRIDGESHIRE,Standard,Addition,52.5189090000,-0.2689690000
130000,2011-03-30 00:00:00Z,PE7 3YY,Detached,Established,Freehold,7,,VICARAGE WAY,YAXLEY,PETERBOROUGH,HUNTINGDONSHIRE,CAMBRIDGESHIRE,Standard,Addition,52.5129230000,-0.2648000000
210000,2011-12-21 00:00:00Z,PE7 3YJ,Detached,Established,Freehold,30,,GREEN LANE,YAXLEY,PETERBOROUGH,HUNTINGDONSHIRE,CAMBRIDGESHIRE,Standard,Addition,52.5177220000,-0.2640340000
157000,2011-12-07 00:00:00Z,PE7 3NT,Semi-Detached,Established,Freehold,167,,BROADWAY,YAXLEY,PETERBOROUGH,HUNTINGDONSHIRE,CAMBRIDGESHIRE,Standard,Addition,52.5169790000,-0.2606320000
219995,2011-12-22 00:00:00Z,PE7 3AE,Detached,New Build,Freehold,12,,LIVINGSTONE ROAD,YAXLEY,PETERBOROUGH,HUNTINGDONSHIRE,CAMBRIDGESHIRE,Standard,Addition,52.5143500000,-0.2664820000
125000,2011-07-19 00:00:00Z,PE7 3LN,Terraced,Established,Freehold,46,,CHAPEL STREET,YAXLEY,PETERBOROUGH,HUNTINGDONSHIRE,CAMBRIDGESHIRE,Standard,Addition,52.5145890000,-0.2613010000
190000,2011-05-17 00:00:00Z,PE7 3AE,Semi-Detached,New Build,Freehold,14,,LIVINGSTONE ROAD,YAXLEY,PETERBOROUGH,HUNTINGDONSHIRE,CAMBRIDGESHIRE,Standard,Addition,52.5143500000,-0.2664820000
167500,2011-03-18 00:00:00Z,PE7 3AB,Terraced,New Build,Freehold,19,,SHACKLETON WAY,YAXLEY,PETERBOROUGH,HUNTINGDONSHIRE,CAMBRIDGESHIRE,Standard,Addition,52.5146540000,-0.2676210000
130000,2011-06-30 00:00:00Z,PE7 3AF,Terraced,New Build,Freehold,8,,MALLORY DRIVE,YAXLEY,PETERBOROUGH,HUNTINGDONSHIRE,CAMBRIDGESHIRE,Standard,Addition,52.5139820000,-0.2657180000
395995,2012-06-29 00:00:00Z,PE7 3AB,Detached,New Build,Freehold,46,,SHACKLETON WAY,YAXLEY,PETERBOROUGH,HUNTINGDONSHIRE,CAMBRIDGESHIRE,Standard,Addition,52.5146540000,-0.2676210000
144000,2012-04-02 00:00:00Z,PE7 3HN,Semi-Detached,Established,Freehold,13,,PHEASANT WAY,YAXLEY,PETERBOROUGH,HUNTINGDONSHIRE,CAMBRIDGESHIRE,Standard,Addition,52.5167260000,-0.2679080000
215000,2012-10-12 00:00:00Z,PE7 3NT,Detached,Established,Freehold,192,,BROADWAY,YAXLEY,PETERBOROUGH,HUNTINGDONSHIRE,CAMBRIDGESHIRE,Standard,Addition,52.5169790000,-0.2606320000
143000,2012-11-09 00:00:00Z,PE7 3LF,Detached,Established,Freehold,49,,WESTFIELD ROAD,YAXLEY,PETERBOROUGH,HUNTINGDONSHIRE,CAMBRIDGESHIRE,Standard,Addition,52.5133680000,-0.2633090000
180000,2012-06-29 00:00:00Z,PE7 3YY,Detached,Established,Freehold,10,,VICARAGE WAY,YAXLEY,PETERBOROUGH,HUNTINGDONSHIRE,CAMBRIDGESHIRE,Standard,Addition,52.5129230000,-0.2648000000
120000,2012-01-30 00:00:00Z,PE7 3AE,Terraced,Established,Freehold,36,,LIVINGSTONE ROAD,YAXLEY,PETERBOROUGH,HUNTINGDONSHIRE,CAMBRIDGESHIRE,Standard,Addition,52.5143500000,-0.2664820000
118000,2012-07-27 00:00:00Z,PE7 3AB,Flats/Maisonettes,New Build,Freehold,9,,SHACKLETON WAY,YAXLEY,PETERBOROUGH,HUNTINGDONSHIRE,CAMBRIDGESHIRE,Standard,Addition,52.5146540000,-0.2676210000
208000,2012-10-19 00:00:00Z,PE7 3ZU,Detached,Established,Freehold,9,,WOLSELEY CLOSE,YAXLEY,PETERBOROUGH,HUNTINGDONSHIRE,CAMBRIDGESHIRE,Standard,Addition,52.5195700000,-0.2612960000
217500,2012-01-26 00:00:00Z,PE7 3NJ,Detached,Established,Freehold,3,,BEAUVOIR PLACE,YAXLEY,PETERBOROUGH,HUNTINGDONSHIRE,CAMBRIDGESHIRE,Standard,Addition,52.5134380000,-0.2601230000
220000,2012-05-31 00:00:00Z,PE7 3ZN,Detached,Established,Freehold,16,,BRUNEL DRIVE,YAXLEY,PETERBOROUGH,HUNTINGDONSHIRE,CAMBRIDGESHIRE,Standard,Addition,52.5190640000,-0.2679040000
105000,2012-09-14 00:00:00Z,PE7 3NT,Terraced,Established,Freehold,229,,BROADWAY,YAXLEY,PETERBOROUGH,HUNTINGDONSHIRE,CAMBRIDGESHIRE,Standard,Addition,52.5169790000,-0.2606320000
225000,2012-11-30 00:00:00Z,PE7 3AB,Semi-Detached,New Build,Freehold,34,,SHACKLETON WAY,YAXLEY,PETERBOROUGH,HUNTINGDONSHIRE,CAMBRIDGESHIRE,Standard,Addition,52.5146540000,-0.2676210000
345000,2012-06-29 00:00:00Z,PE7 3AB,Detached,New Build,Freehold,44,,SHACKLETON WAY,YAXLEY,PETERBOROUGH,HUNTINGDONSHIRE,CAMBRIDGESHIRE,Standard,Addition,52.5146540000,-0.2676210000
209995,2012-09-28 00:00:00Z,PE7 3ZW,Detached,Established,Freehold,26,,FERNDALE,YAXLEY,PETERBOROUGH,HUNTINGDONSHIRE,CAMBRIDGESHIRE,Standard,Addition,52.5191520000,-0.2659940000
250000,2012-06-29 00:00:00Z,PE7 3AB,Detached,New Build,Freehold,38,,SHACKLETON WAY,YAXLEY,PETERBOROUGH,HUNTINGDONSHIRE,CAMBRIDGESHIRE,Standard,Addition,52.5146540000,-0.2676210000
250000,2012-12-04 00:00:00Z,PE7 3AB,Detached,New Build,Freehold,22,,SHACKLETON WAY,YAXLEY,PETERBOROUGH,HUNTINGDONSHIRE,CAMBRIDGESHIRE,Standard,Addition,52.5146540000,-0.2676210000
90000,2012-05-18 00:00:00Z,PE7 3LW,Semi-Detached,Established,Freehold,37,,CHAPEL STREET,YAXLEY,PETERBOROUGH,HUNTINGDONSHIRE,CAMBRIDGESHIRE,Standard,Addition,52.5148250000,-0.2614980000
240000,2012-08-24 00:00:00Z,PE7 3ZN,Detached,Established,Freehold,19,,BRUNEL DRIVE,YAXLEY,PETERBOROUGH,HUNTINGDONSHIRE,CAMBRIDGESHIRE,Standard,Addition,52.5190640000,-0.2679040000
227000,2012-03-16 00:00:00Z,PE7 3ZS,Detached,Established,Freehold,15,,BENTLEY AVENUE,YAXLEY,PETERBOROUGH,HUNTINGDONSHIRE,CAMBRIDGESHIRE,Standard,Addition,52.5198920000,-0.2605760000
345000,2012-09-28 00:00:00Z,PE7 3AB,Detached,New Build,Freehold,42,,SHACKLETON WAY,YAXLEY,PETERBOROUGH,HUNTINGDONSHIRE,CAMBRIDGESHIRE,Standard,Addition,52.5146540000,-0.2676210000
195000,2012-07-09 00:00:00Z,PE7 3ZU,Detached,Established,Freehold,8,,WOLSELEY CLOSE,YAXLEY,PETERBOROUGH,HUNTINGDONSHIRE,CAMBRIDGESHIRE,Standard,Addition,52.5195700000,-0.2612960000
170000,2012-11-05 00:00:00Z,PE7 3HP,Detached,Established,Freehold,4,,PARTRIDGE CLOSE,YAXLEY,PETERBOROUGH,HUNTINGDONSHIRE,CAMBRIDGESHIRE,Standard,Addition,52.5178030000,-0.2683370000
235000,2012-11-23 00:00:00Z,PE7 3ZL,Detached,Established,Freehold,9,,TELFORD DRIVE,YAXLEY,PETERBOROUGH,HUNTINGDONSHIRE,CAMBRIDGESHIRE,Standard,Addition,52.5192020000,-0.2668820000
163000,2012-01-09 00:00:00Z,PE7 3ZW,Detached,Established,Freehold,12,,FERNDALE,YAXLEY,PETERBOROUGH,HUNTINGDONSHIRE,CAMBRIDGESHIRE,Standard,Addition,52.5191520000,-0.2659940000
249995,2012-03-30 00:00:00Z,PE7 3AB,Detached,New Build,Freehold,1,,SHACKLETON WAY,YAXLEY,PETERBOROUGH,HUNTINGDONSHIRE,CAMBRIDGESHIRE,Standard,Addition,52.5146540000,-0.2676210000
60000,2012-08-28 00:00:00Z,PE7 3LN,Terraced,Established,Freehold,16,,CHAPEL STREET,YAXLEY,PETERBOROUGH,HUNTINGDONSHIRE,CAMBRIDGESHIRE,Standard,Addition,52.5145890000,-0.2613010000
277000,2012-05-25 00:00:00Z,PE7 3NF,Detached,Established,Freehold,8,,DOVECOTE LANE,YAXLEY,PETERBOROUGH,HUNTINGDONSHIRE,CAMBRIDGESHIRE,Standard,Addition,52.5148280000,-0.2696480000
147000,2012-03-22 00:00:00Z,PE7 3HN,Semi-Detached,Established,Freehold,26,,PHEASANT WAY,YAXLEY,PETERBOROUGH,HUNTINGDONSHIRE,CAMBRIDGESHIRE,Standard,Addition,52.5167260000,-0.2679080000
140000,2012-07-27 00:00:00Z,PE7 3WH,Detached,Established,Freehold,17,,POOLEY WAY,YAXLEY,PETERBOROUGH,HUNTINGDONSHIRE,CAMBRIDGESHIRE,Standard,Addition,52.5184080000,-0.2624030000
210000,2012-12-14 00:00:00Z,PE7 3AB,Detached,New Build,Freehold,37,,SHACKLETON WAY,YAXLEY,PETERBOROUGH,HUNTINGDONSHIRE,CAMBRIDGESHIRE,Standard,Addition,52.5146540000,-0.2676210000
195500,2012-02-16 00:00:00Z,PE7 3NT,Detached,Established,Freehold,194,,BROADWAY,YAXLEY,PETERBOROUGH,HUNTINGDONSHIRE,CAMBRIDGESHIRE,Standard,Addition,52.5169790000,-0.2606320000
166000,2012-07-02 00:00:00Z,PE7 3WZ,Detached,Established,Freehold,1,,SEATON CLOSE,YAXLEY,PETERBOROUGH,HUNTINGDONSHIRE,CAMBRIDGESHIRE,Standard,Addition,52.5183220000,-0.2632610000
128500,2012-06-11 00:00:00Z,PE7 3AE,Terraced,Established,Freehold,2,,LIVINGSTONE ROAD,YAXLEY,PETERBOROUGH,HUNTINGDONSHIRE,CAMBRIDGESHIRE,Standard,Addition,52.5143500000,-0.2664820000
240000,2012-06-15 00:00:00Z,PE7 3AB,Detached,New Build,Freehold,40,,SHACKLETON WAY,YAXLEY,PETERBOROUGH,HUNTINGDONSHIRE,CAMBRIDGESHIRE,Standard,Addition,52.5146540000,-0.2676210000
247500,2012-12-20 00:00:00Z,PE7 3AB,Detached,New Build,Freehold,24,,SHACKLETON WAY,YAXLEY,PETERBOROUGH,HUNTINGDONSHIRE,CAMBRIDGESHIRE,Standard,Addition,52.5146540000,-0.2676210000
216000,2012-01-26 00:00:00Z,PE7 3ZS,Detached,Established,Freehold,69,,BENTLEY AVENUE,YAXLEY,PETERBOROUGH,HUNTINGDONSHIRE,CAMBRIDGESHIRE,Standard,Addition,52.5198920000,-0.2605760000
154000,2012-01-20 00:00:00Z,PE7 3HN,Detached,Established,Freehold,8,,PHEASANT WAY,YAXLEY,PETERBOROUGH,HUNTINGDONSHIRE,CAMBRIDGESHIRE,Standard,Addition,52.5167260000,-0.2679080000
265000,2012-09-28 00:00:00Z,PE7 3AB,Semi-Detached,New Build,Freehold,32,,SHACKLETON WAY,YAXLEY,PETERBOROUGH,HUNTINGDONSHIRE,CAMBRIDGESHIRE,Standard,Addition,52.5146540000,-0.2676210000
234995,2012-05-31 00:00:00Z,PE7 3AB,Detached,New Build,Freehold,35,,SHACKLETON WAY,YAXLEY,PETERBOROUGH,HUNTINGDONSHIRE,CAMBRIDGESHIRE,Standard,Addition,52.5146540000,-0.2676210000
165000,2012-12-14 00:00:00Z,PE7 3HP,Detached,Established,Freehold,6,,PARTRIDGE CLOSE,YAXLEY,PETERBOROUGH,HUNTINGDONSHIRE,CAMBRIDGESHIRE,Standard,Addition,52.5178030000,-0.2683370000
131500,2012-10-17 00:00:00Z,PE7 3AF,Terraced,Established,Freehold,61,,MALLORY DRIVE,YAXLEY,PETERBOROUGH,HUNTINGDONSHIRE,CAMBRIDGESHIRE,Standard,Addition,52.5139820000,-0.2657180000
235000,2012-10-31 00:00:00Z,PE7 3AB,Semi-Detached,New Build,Freehold,26,,SHACKLETON WAY,YAXLEY,PETERBOROUGH,HUNTINGDONSHIRE,CAMBRIDGESHIRE,Standard,Addition,52.5146540000,-0.2676210000
138000,2012-09-17 00:00:00Z,PE7 3AB,Semi-Detached,Established,Freehold,4,,SHACKLETON WAY,YAXLEY,PETERBOROUGH,HUNTINGDONSHIRE,CAMBRIDGESHIRE,Standard,Addition,52.5146540000,-0.2676210000
170000,2012-12-21 00:00:00Z,PE7 3NF,Semi-Detached,Established,Freehold,4,,DOVECOTE LANE,YAXLEY,PETERBOROUGH,HUNTINGDONSHIRE,CAMBRIDGESHIRE,Standard,Addition,52.5148280000,-0.2696480000
117000,2012-09-17 00:00:00Z,PE7 3LB,Semi-Detached,Established,Freehold,136,,MAIN STREET,YAXLEY,PETERBOROUGH,HUNTINGDONSHIRE,CAMBRIDGESHIRE,Standard,Addition,52.5123250000,-0.2608450000
169500,2012-02-16 00:00:00Z,PE7 3YT,Detached,Established,Freehold,11,,FIELD RISE,YAXLEY,PETERBOROUGH,HUNTINGDONSHIRE,CAMBRIDGESHIRE,Standard,Addition,52.5139240000,-0.2644220000
395000,2012-06-28 00:00:00Z,PE7 3AB,Detached,New Build,Freehold,48,,SHACKLETON WAY,YAXLEY,PETERBOROUGH,HUNTINGDONSHIRE,CAMBRIDGESHIRE,Standard,Addition,52.5146540000,-0.2676210000
188000,2012-02-03 00:00:00Z,PE7 3QD,Detached,Established,Freehold,9,,RILEY CLOSE,YAXLEY,PETERBOROUGH,HUNTINGDONSHIRE,CAMBRIDGESHIRE,Standard,Addition,52.5194650000,-0.2645570000
145000,2012-01-04 00:00:00Z,PE7 3NP,Semi-Detached,Established,Freehold,32,,LONDON ROAD,YAXLEY,PETERBOROUGH,HUNTINGDONSHIRE,CAMBRIDGESHIRE,Standard,Addition,52.5189090000,-0.2689690000
235000,2012-09-28 00:00:00Z,PE7 3AB,Detached,New Build,Freehold,36,,SHACKLETON WAY,YAXLEY,PETERBOROUGH,HUNTINGDONSHIRE,CAMBRIDGESHIRE,Standard,Addition,52.5146540000,-0.2676210000
172500,2012-12-20 00:00:00Z,PE7 3NT,Detached,Established,Freehold,190,,BROADWAY,YAXLEY,PETERBOROUGH,HUNTINGDONSHIRE,CAMBRIDGESHIRE,Standard,Addition,52.5169790000,-0.2606320000
237000,2012-09-28 00:00:00Z,PE7 3AB,Detached,New Build,Freehold,30,,SHACKLETON WAY,YAXLEY,PETERBOROUGH,HUNTINGDONSHIRE,CAMBRIDGESHIRE,Standard,Addition,52.5146540000,-0.2676210000
210000,2012-10-12 00:00:00Z,PE7 3ZQ,Detached,Established,Freehold,7,,FERNDALE,YAXLEY,PETERBOROUGH,HUNTINGDONSHIRE,CAMBRIDGESHIRE,Standard,Addition,52.5192260000,-0.2654510000
112500,2012-04-05 00:00:00Z,PE7 3YZ,Detached,Established,Freehold,4,,LEE ROAD,YAXLEY,PETERBOROUGH,HUNTINGDONSHIRE,CAMBRIDGESHIRE,Standard,Addition,52.5127340000,-0.2617570000
114000,2012-05-25 00:00:00Z,PE7 3NR,Flats/Maisonettes,Established,Leasehold,"OAKTREE COURT, 212",FLAT 10,BROADWAY,YAXLEY,PETERBOROUGH,HUNTINGDONSHIRE,CAMBRIDGESHIRE,Standard,Addition,52.5161780000,-0.2663390000
185000,2012-04-05 00:00:00Z,PE7 3NY,Detached,Established,Freehold,28,,MOUNTBATTEN AVENUE,YAXLEY,PETERBOROUGH,HUNTINGDONSHIRE,CAMBRIDGESHIRE,Standard,Addition,52.5158230000,-0.2614590000
135000,2012-06-21 00:00:00Z,PE7 3AD,Terraced,Established,Freehold,1,,SCOTT DRIVE,YAXLEY,PETERBOROUGH,HUNTINGDONSHIRE,CAMBRIDGESHIRE,Standard,Addition,52.5149040000,-0.2656510000
160000,2012-02-07 00:00:00Z,PE7 3HP,Detached,Established,Freehold,1,,PARTRIDGE CLOSE,YAXLEY,PETERBOROUGH,HUNTINGDONSHIRE,CAMBRIDGESHIRE,Standard,Addition,52.5178030000,-0.2683370000
231600,2012-04-30 00:00:00Z,PE7 3AB,Detached,New Build,Freehold,29,,SHACKLETON WAY,YAXLEY,PETERBOROUGH,HUNTINGDONSHIRE,CAMBRIDGESHIRE,Standard,Addition,52.5146540000,-0.2676210000
115000,2013-10-11 00:00:00Z,PE7 3NR,Flats/Maisonettes,Established,Leasehold,"OAKTREE COURT, 212",FLAT 19,BROADWAY,YAXLEY,PETERBOROUGH,HUNTINGDONSHIRE,CAMBRIDGESHIRE,Standard,Addition,52.5161780000,-0.2663390000
110000,2013-05-16 00:00:00Z,PE7 3ZW,Terraced,Established,Freehold,72,,FERNDALE,YAXLEY,PETERBOROUGH,HUNTINGDONSHIRE,CAMBRIDGESHIRE,Standard,Addition,52.5191520000,-0.2659940000
144000,2013-05-16 00:00:00Z,PE7 3NR,Semi-Detached,Established,Freehold,255,,BROADWAY,YAXLEY,PETERBOROUGH,HUNTINGDONSHIRE,CAMBRIDGESHIRE,Standard,Addition,52.5161780000,-0.2663390000
222000,2013-10-04 00:00:00Z,PE7 3AE,Detached,Established,Freehold,1,,LIVINGSTONE ROAD,YAXLEY,PETERBOROUGH,HUNTINGDONSHIRE,CAMBRIDGESHIRE,Standard,Addition,52.5143500000,-0.2664820000
135000,2013-05-03 00:00:00Z,PE7 3HL,Detached,Established,Freehold,7,,THE ROOKERY,YAXLEY,PETERBOROUGH,HUNTINGDONSHIRE,CAMBRIDGESHIRE,Standard,Addition,52.5169480000,-0.2646270000
167000,2013-08-02 00:00:00Z,PE7 3LG,Semi-Detached,Established,Freehold,2,,WESTFIELD ROAD,YAXLEY,PETERBOROUGH,HUNTINGDONSHIRE,CAMBRIDGESHIRE,Standard,Addition,52.5129640000,-0.2627210000
175000,2013-12-20 00:00:00Z,PE7 3YG,Detached,Established,Freehold,1,,KINGFISHER CLOSE,YAXLEY,PETERBOROUGH,HUNTINGDONSHIRE,CAMBRIDGESHIRE,Standard,Addition,52.5175720000,-0.2661060000
133000,2013-12-18 00:00:00Z,PE7 3AF,Terraced,Established,Freehold,65,,MALLORY DRIVE,YAXLEY,PETERBOROUGH,HUNTINGDONSHIRE,CAMBRIDGESHIRE,Standard,Addition,52.5139820000,-0.2657180000
270000,2013-08-21 00:00:00Z,PE7 3LH,Detached,Established,Freehold,21A,,CHURCH STREET,YAXLEY,PETERBOROUGH,HUNTINGDONSHIRE,CAMBRIDGESHIRE,Standard,Addition,52.5114190000,-0.2646680000
155000,2013-07-05 00:00:00Z,PE7 3LN,Flats/Maisonettes,Established,Leasehold,"SPINNEY HOUSE, 52",APARTMENT 9,CHAPEL STREET,YAXLEY,PETERBOROUGH,HUNTINGDONSHIRE,CAMBRIDGESHIRE,Standard,Addition,52.5145890000,-0.2613010000
83500,2013-07-12 00:00:00Z,PE7 3NR,Flats/Maisonettes,Established,Leasehold,"OAKTREE COURT, 212",FLAT 6,BROADWAY,YAXLEY,PETERBOROUGH,HUNTINGDONSHIRE,CAMBRIDGESHIRE,Standard,Addition,52.5161780000,-0.2663390000
625000,2013-07-17 00:00:00Z,PE7 3LH,Detached,Established,Freehold,24,,CHURCH STREET,YAXLEY,PETERBOROUGH,HUNTINGDONSHIRE,CAMBRIDGESHIRE,Standard,Addition,52.5114190000,-0.2646680000
299000,2013-03-25 00:00:00Z,PE7 3NR,Detached,Established,Freehold,270,,BROADWAY,YAXLEY,PETERBOROUGH,HUNTINGDONSHIRE,CAMBRIDGESHIRE,Standard,Addition,52.5161780000,-0.2663390000
247000,2013-03-25 00:00:00Z,PE7 3ZL,Detached,Established,Freehold,5,,TELFORD DRIVE,YAXLEY,PETERBOROUGH,HUNTINGDONSHIRE,CAMBRIDGESHIRE,Standard,Addition,52.5192020000,-0.2668820000
110000,2013-02-21 00:00:00Z,PE7 3HW,Terraced,Established,Freehold,23,,OWL END WALK,YAXLEY,PETERBOROUGH,HUNTINGDONSHIRE,CAMBRIDGESHIRE,Standard,Addition,52.5172370000,-0.2671650000
174000,2013-06-26 00:00:00Z,PE7 3YY,Detached,Established,Freehold,9,,VICARAGE WAY,YAXLEY,PETERBOROUGH,HUNTINGDONSHIRE,CAMBRIDGESHIRE,Standard,Addition,52.5129230000,-0.2648000000
100000,2013-07-31 00:00:00Z,PE7 3NR,Flats/Maisonettes,Established,Leasehold,"OAKTREE COURT, 212",FLAT 11,BROADWAY,YAXLEY,PETERBOROUGH,HUNTINGDONSHIRE,CAMBRIDGESHIRE,Standard,Addition,52.5161780000,-0.2663390000
127000,2013-10-28 00:00:00Z,PE7 3HW,Detached,Established,Freehold,5,,OWL END WALK,YAXLEY,PETERBOROUGH,HUNTINGDONSHIRE,CAMBRIDGESHIRE,Standard,Addition,52.5172370000,-0.2671650000
160000,2013-09-30 00:00:00Z,PE7 3LF,Semi-Detached,Established,Freehold,9,,WESTFIELD ROAD,YAXLEY,PETERBOROUGH,HUNTINGDONSHIRE,CAMBRIDGESHIRE,Standard,Addition,52.5133680000,-0.2633090000
132500,2013-03-15 00:00:00Z,PE7 3AE,Terraced,Established,Freehold,39,,LIVINGSTONE ROAD,YAXLEY,PETERBOROUGH,HUNTINGDONSHIRE,CAMBRIDGESHIRE,Standard,Addition,52.5143500000,-0.2664820000
199995,2013-05-29 00:00:00Z,PE7 3YJ,Detached,Established,Freehold,19,,GREEN LANE,YAXLEY,PETERBOROUGH,HUNTINGDONSHIRE,CAMBRIDGESHIRE,Standard,Addition,52.5177220000,-0.2640340000
225000,2013-11-29 00:00:00Z,PE7 3AB,Semi-Detached,Established,Freehold,2,,SHACKLETON WAY,YAXLEY,PETERBOROUGH,HUNTINGDONSHIRE,CAMBRIDGESHIRE,Standard,Addition,52.5146540000,-0.2676210000
225000,2013-05-08 00:00:00Z,PE7 3AB,Terraced,New Build,Freehold,25,,SHACKLETON WAY,YAXLEY,PETERBOROUGH,HUNTINGDONSHIRE,CAMBRIDGESHIRE,Standard,Addition,52.5146540000,-0.2676210000
129000,2013-12-11 00:00:00Z,PE7 3ZQ,Terraced,Established,Freehold,65,,FERNDALE,YAXLEY,PETERBOROUGH,HUNTINGDONSHIRE,CAMBRIDGESHIRE,Standard,Addition,52.5192260000,-0.2654510000
123000,2013-12-12 00:00:00Z,PE7 3ZQ,Terraced,Established,Freehold,47,,FERNDALE,YAXLEY,PETERBOROUGH,HUNTINGDONSHIRE,CAMBRIDGESHIRE,Standard,Addition,52.5192260000,-0.2654510000
249995,2013-12-12 00:00:00Z,PE7 3LH,Detached,Established,Freehold,19A,,CHURCH STREET,YAXLEY,PETERBOROUGH,HUNTINGDONSHIRE,CAMBRIDGESHIRE,Standard,Addition,52.5114190000,-0.2646680000
450000,2013-10-04 00:00:00Z,PE7 3YA,Detached,Established,Freehold,HADDON HOUSE,,CHURCH STREET,YAXLEY,PETERBOROUGH,HUNTINGDONSHIRE,CAMBRIDGESHIRE,Standard,Addition,52.5112570000,-0.2670910000
158000,2013-11-01 00:00:00Z,PE7 3YJ,Detached,Established,Freehold,18,,GREEN LANE,YAXLEY,PETERBOROUGH,HUNTINGDONSHIRE,CAMBRIDGESHIRE,Standard,Addition,52.5177220000,-0.2640340000
200000,2013-04-19 00:00:00Z,PE7 3ZQ,Detached,Established,Freehold,27,,FERNDALE,YAXLEY,PETERBOROUGH,HUNTINGDONSHIRE,CAMBRIDGESHIRE,Standard,Addition,52.5192260000,-0.2654510000
230000,2013-01-24 00:00:00Z,PE7 3AB,Detached,Established,Freehold,20,,SHACKLETON WAY,YAXLEY,PETERBOROUGH,HUNTINGDONSHIRE,CAMBRIDGESHIRE,Standard,Addition,52.5146540000,-0.2676210000
240000,2013-11-15 00:00:00Z,PE7 3ZS,Detached,Established,Freehold,31,,BENTLEY AVENUE,YAXLEY,PETERBOROUGH,HUNTINGDONSHIRE,CAMBRIDGESHIRE,Standard,Addition,52.5198920000,-0.2605760000
130000,2013-03-28 00:00:00Z,PE7 3HJ,Detached,Established,Freehold,13,,COCK CLOSE ROAD,YAXLEY,PETERBOROUGH,HUNTINGDONSHIRE,CAMBRIDGESHIRE,Standard,Addition,52.5172050000,-0.2668420000
250000,2013-06-14 00:00:00Z,PE7 3ZN,Detached,Established,Freehold,1,,BRUNEL DRIVE,YAXLEY,PETERBOROUGH,HUNTINGDONSHIRE,CAMBRIDGESHIRE,Standard,Addition,52.5190640000,-0.2679040000
170000,2013-12-18 00:00:00Z,PE7 3NS,Detached,New Build,Freehold,9A,,MANOR CLOSE,YAXLEY,PETERBOROUGH,HUNTINGDONSHIRE,CAMBRIDGESHIRE,Standard,Addition,52.5151680000,-0.2646230000
219995,2013-03-01 00:00:00Z,PE7 3ZL,Detached,Established,Freehold,11,,TELFORD DRIVE,YAXLEY,PETERBOROUGH,HUNTINGDONSHIRE,CAMBRIDGESHIRE,Standard,Addition,52.5192020000,-0.2668820000
123000,2013-10-11 00:00:00Z,PE7 3NT,Semi-Detached,Established,Freehold,172,,BROADWAY,YAXLEY,PETERBOROUGH,HUNTINGDONSHIRE,CAMBRIDGESHIRE,Standard,Addition,52.5169790000,-0.2606320000
260000,2013-06-07 00:00:00Z,PE7 3NJ,Detached,Established,Freehold,4,,BEAUVOIR PLACE,YAXLEY,PETERBOROUGH,HUNTINGDONSHIRE,CAMBRIDGESHIRE,Standard,Addition,52.5134380000,-0.2601230000
190000,2013-10-25 00:00:00Z,PE7 3YU,Detached,Established,Freehold,10,,STONEHOUSE ROAD,YAXLEY,PETERBOROUGH,HUNTINGDONSHIRE,CAMBRIDGESHIRE,Standard,Addition,52.5136880000,-0.2618230000
99600,2013-10-25 00:00:00Z,PE7 3YE,Semi-Detached,Established,Freehold,4,,WYKES ROAD,YAXLEY,PETERBOROUGH,HUNTINGDONSHIRE,CAMBRIDGESHIRE,Standard,Addition,52.5107360000,-0.2652990000
184000,2013-10-25 00:00:00Z,PE7 3AB,Semi-Detached,Established,Freehold,41,,SHACKLETON WAY,YAXLEY,PETERBOROUGH,HUNTINGDONSHIRE,CAMBRIDGESHIRE,Standard,Addition,52.5146540000,-0.2676210000
127000,2013-11-22 00:00:00Z,PE7 3HW,Terraced,Established,Freehold,17,,OWL END WALK,YAXLEY,PETERBOROUGH,HUNTINGDONSHIRE,CAMBRIDGESHIRE,Standard,Addition,52.5172370000,-0.2671650000
172250,2013-11-15 00:00:00Z,PE7 3YX,Detached,Established,Freehold,11,,WISTERIA ROAD,YAXLEY,PETERBOROUGH,HUNTINGDONSHIRE,CAMBRIDGESHIRE,Standard,Addition,52.5124070000,-0.2639510000
190000,2013-12-11 00:00:00Z,PE7 3ZL,Detached,Established,Freehold,32,,TELFORD DRIVE,YAXLEY,PETERBOROUGH,HUNTINGDONSHIRE,CAMBRIDGESHIRE,Standard,Addition,52.5192020000,-0.2668820000
130500,2013-06-19 00:00:00Z,PE7 3YJ,Semi-Detached,Established,Freehold,24,,GREEN LANE,YAXLEY,PETERBOROUGH,HUNTINGDONSHIRE,CAMBRIDGESHIRE,Standard,Addition,52.5177220000,-0.2640340000
165000,2013-12-18 00:00:00Z,PE7 3AF,Terraced,Established,Freehold,12,,MALLORY DRIVE,YAXLEY,PETERBOROUGH,HUNTINGDONSHIRE,CAMBRIDGESHIRE,Standard,Addition,52.5139820000,-0.2657180000
70000,2013-07-26 00:00:00Z,PE7 3HR,Detached,Established,Freehold,9,,NIGHTINGALE DRIVE,YAXLEY,PETERBOROUGH,HUNTINGDONSHIRE,CAMBRIDGESHIRE,Standard,Addition,52.5181080000,-0.2664970000
575000,2013-11-21 00:00:00Z,PE7 3NP,Other,Established,Freehold,"APPLE DROP LODGE, 6C",,LONDON ROAD,YAXLEY,PETERBOROUGH,HUNTINGDONSHIRE,CAMBRIDGESHIRE,Additional,Addition,52.5189090000,-0.2689690000
125000,2013-06-26 00:00:00Z,PE7 3NR,Flats/Maisonettes,Established,Leasehold,"OAKTREE COURT, 212",FLAT 4,BROADWAY,YAXLEY,PETERBOROUGH,HUNTINGDONSHIRE,CAMBRIDGESHIRE,Standard,Addition,52.5161780000,-0.2663390000
124250,2013-12-10 00:00:00Z,PE7 3AD,Terraced,Established,Freehold,7,,SCOTT DRIVE,YAXLEY,PETERBOROUGH,HUNTINGDONSHIRE,CAMBRIDGESHIRE,Standard,Addition,52.5149040000,-0.2656510000
140000,2013-05-29 00:00:00Z,PE7 3YZ,Detached,Established,Freehold,18,,LEE ROAD,YAXLEY,PETERBOROUGH,HUNTINGDONSHIRE,CAMBRIDGESHIRE,Standard,Addition,52.5127340000,-0.2617570000
105000,2013-08-01 00:00:00Z,PE7 3LN,Terraced,Established,Freehold,30,,CHAPEL STREET,YAXLEY,PETERBOROUGH,HUNTINGDONSHIRE,CAMBRIDGESHIRE,Standard,Addition,52.5145890000,-0.2613010000
235000,2013-12-10 00:00:00Z,PE7 3YZ,Detached,Established,Freehold,6,,LEE ROAD,YAXLEY,PETERBOROUGH,HUNTINGDONSHIRE,CAMBRIDGESHIRE,Standard,Addition,52.5127340000,-0.2617570000
225000,2013-06-28 00:00:00Z,PE7 3AB,Semi-Detached,New Build,Freehold,28,,SHACKLETON WAY,YAXLEY,PETERBOROUGH,HUNTINGDONSHIRE,CAMBRIDGESHIRE,Standard,Addition,52.5146540000,-0.2676210000
220000,2014-08-29 00:00:00Z,PE7 3YY,Detached,Established,Freehold,42,,VICARAGE WAY,YAXLEY,PETERBOROUGH,HUNTINGDONSHIRE,CAMBRIDGESHIRE,Standard,Addition,52.5129230000,-0.2648000000
192000,2014-09-19 00:00:00Z,PE7 3YU,Detached,Established,Freehold,11,,STONEHOUSE ROAD,YAXLEY,PETERBOROUGH,HUNTINGDONSHIRE,CAMBRIDGESHIRE,Standard,Addition,52.5136880000,-0.2618230000
188000,2014-11-14 00:00:00Z,PE7 3YU,Detached,Established,Freehold,4,,STONEHOUSE ROAD,YAXLEY,PETERBOROUGH,HUNTINGDONSHIRE,CAMBRIDGESHIRE,Standard,Addition,52.5136880000,-0.2618230000
284000,2014-11-24 00:00:00Z,PE7 3ZW,Detached,Established,Freehold,22,,FERNDALE,YAXLEY,PETERBOROUGH,HUNTINGDONSHIRE,CAMBRIDGESHIRE,Standard,Addition,52.5191520000,-0.2659940000
213000,2014-10-30 00:00:00Z,PE7 3ZL,Detached,Established,Freehold,28,,TELFORD DRIVE,YAXLEY,PETERBOROUGH,HUNTINGDONSHIRE,CAMBRIDGESHIRE,Standard,Addition,52.5192020000,-0.2668820000
147200,2014-06-06 00:00:00Z,PE7 3YJ,Semi-Detached,Established,Freehold,24,,GREEN LANE,YAXLEY,PETERBOROUGH,HUNTINGDONSHIRE,CAMBRIDGESHIRE,Standard,Addition,52.5177220000,-0.2640340000
170000,2014-06-06 00:00:00Z,PE7 3AD,Terraced,Established,Freehold,14,,SCOTT DRIVE,YAXLEY,PETERBOROUGH,HUNTINGDONSHIRE,CAMBRIDGESHIRE,Standard,Addition,52.5149040000,-0.2656510000
248000,2014-11-14 00:00:00Z,PE7 3AB,Detached,Established,Freehold,33,,SHACKLETON WAY,YAXLEY,PETERBOROUGH,HUNTINGDONSHIRE,CAMBRIDGESHIRE,Standard,Addition,52.5146540000,-0.2676210000
210000,2014-12-12 00:00:00Z,PE7 3NT,Detached,Established,Freehold,184,,BROADWAY,YAXLEY,PETERBOROUGH,HUNTINGDONSHIRE,CAMBRIDGESHIRE,Standard,Addition,52.5169790000,-0.2606320000
153000,2014-11-14 00:00:00Z,PE7 3HL,Semi-Detached,Established,Freehold,9,,THE ROOKERY,YAXLEY,PETERBOROUGH,HUNTINGDONSHIRE,CAMBRIDGESHIRE,Standard,Addition,52.5169480000,-0.2646270000
135000,2014-11-25 00:00:00Z,PE7 3HJ,Semi-Detached,Established,Freehold,21,,COCK CLOSE ROAD,YAXLEY,PETERBOROUGH,HUNTINGDONSHIRE,CAMBRIDGESHIRE,Standard,Addition,52.5172050000,-0.2668420000
208500,2014-07-17 00:00:00Z,PE7 3NT,Semi-Detached,Established,Freehold,180,,BROADWAY,YAXLEY,PETERBOROUGH,HUNTINGDONSHIRE,CAMBRIDGESHIRE,Standard,Addition,52.5169790000,-0.2606320000
250000,2014-01-10 00:00:00Z,PE7 3AB,Detached,Established,Freehold,38,,SHACKLETON WAY,YAXLEY,PETERBOROUGH,HUNTINGDONSHIRE,CAMBRIDGESHIRE,Standard,Addition,52.5146540000,-0.2676210000
250000,2014-12-05 00:00:00Z,PE7 3LJ,Detached,Established,Freehold,5,,WEST END,YAXLEY,PETERBOROUGH,HUNTINGDONSHIRE,CAMBRIDGESHIRE,Standard,Addition,52.5101800000,-0.2641270000
133500,2014-01-31 00:00:00Z,PE7 3NS,Semi-Detached,Established,Freehold,9,,MANOR CLOSE,YAXLEY,PETERBOROUGH,HUNTINGDONSHIRE,CAMBRIDGESHIRE,Standard,Addition,52.5151680000,-0.2646230000
265000,2014-10-30 00:00:00Z,PE7 3ZS,Detached,Established,Freehold,53,,BENTLEY AVENUE,YAXLEY,PETERBOROUGH,HUNTINGDONSHIRE,CAMBRIDGESHIRE,Standard,Addition,52.5198920000,-0.2605760000
137500,2014-03-14 00:00:00Z,PE7 3LN,Terraced,Established,Freehold,46,,CHAPEL STREET,YAXLEY,PETERBOROUGH,HUNTINGDONSHIRE,CAMBRIDGESHIRE,Standard,Addition,52.5145890000,-0.2613010000
190000,2014-07-18 00:00:00Z,PE7 3HR,Detached,Established,Freehold,13,,NIGHTINGALE DRIVE,YAXLEY,PETERBOROUGH,HUNTINGDONSHIRE,CAMBRIDGESHIRE,Standard,Addition,52.5181080000,-0.2664970000
250000,2014-10-09 00:00:00Z,PE7 3ZS,Detached,Established,Freehold,61,,BENTLEY AVENUE,YAXLEY,PETERBOROUGH,HUNTINGDONSHIRE,CAMBRIDGESHIRE,Standard,Addition,52.5198920000,-0.2605760000
189000,2014-06-12 00:00:00Z,PE7 3HP,Detached,Established,Freehold,5,,PARTRIDGE CLOSE,YAXLEY,PETERBOROUGH,HUNTINGDONSHIRE,CAMBRIDGESHIRE,Standard,Addition,52.5178030000,-0.2683370000
147500,2014-09-19 00:00:00Z,PE7 3YG,Semi-Detached,Established,Freehold,13,,KINGFISHER CLOSE,YAXLEY,PETERBOROUGH,HUNTINGDONSHIRE,CAMBRIDGESHIRE,Standard,Addition,52.5175720000,-0.2661060000
125000,2014-01-31 00:00:00Z,PE7 3NT,Semi-Detached,Established,Freehold,193,,BROADWAY,YAXLEY,PETERBOROUGH,HUNTINGDONSHIRE,CAMBRIDGESHIRE,Additional,Addition,52.5169790000,-0.2606320000
175000,2014-06-25 00:00:00Z,PE7 3QD,Detached,Established,Freehold,7,,RILEY CLOSE,YAXLEY,PETERBOROUGH,HUNTINGDONSHIRE,CAMBRIDGESHIRE,Additional,Addition,52.5194650000,-0.2645570000
113500,2014-07-02 00:00:00Z,PE7 3NR,Flats/Maisonettes,Established,Leasehold,"OAKTREE COURT, 212",FLAT 2,BROADWAY,YAXLEY,PETERBOROUGH,HUNTINGDONSHIRE,CAMBRIDGESHIRE,Additional,Addition,52.5161780000,-0.2663390000
248750,2014-11-04 00:00:00Z,PE7 3ZN,Detached,Established,Freehold,9,,BRUNEL DRIVE,YAXLEY,PETERBOROUGH,HUNTINGDONSHIRE,CAMBRIDGESHIRE,Standard,Addition,52.5190640000,-0.2679040000
250000,2014-06-12 00:00:00Z,PE7 3ZP,Detached,Established,Freehold,33,,STEPHENSON CLOSE,YAXLEY,PETERBOROUGH,HUNTINGDONSHIRE,CAMBRIDGESHIRE,Standard,Addition,52.5196330000,-0.2680730000
257500,2014-06-27 00:00:00Z,PE7 3YY,Detached,Established,Freehold,48,,VICARAGE WAY,YAXLEY,PETERBOROUGH,HUNTINGDONSHIRE,CAMBRIDGESHIRE,Standard,Addition,52.5129230000,-0.2648000000
189500,2014-08-06 00:00:00Z,PE7 3NT,Semi-Detached,Established,Freehold,172,,BROADWAY,YAXLEY,PETERBOROUGH,HUNTINGDONSHIRE,CAMBRIDGESHIRE,Standard,Addition,52.5169790000,-0.2606320000
126750,2014-02-07 00:00:00Z,PE7 3YE,Semi-Detached,Established,Freehold,4,,WYKES ROAD,YAXLEY,PETERBOROUGH,HUNTINGDONSHIRE,CAMBRIDGESHIRE,Standard,Addition,52.5107360000,-0.2652990000
380000,2014-04-01 00:00:00Z,PE7 3LD,Detached,Established,Freehold,197,,MAIN STREET,YAXLEY,PETERBOROUGH,HUNTINGDONSHIRE,CAMBRIDGESHIRE,Standard,Addition,52.5116060000,-0.2608290000
279950,2014-09-26 00:00:00Z,PE7 3ZU,Detached,Established,Freehold,11,,WOLSELEY CLOSE,YAXLEY,PETERBOROUGH,HUNTINGDONSHIRE,CAMBRIDGESHIRE,Standard,Addition,52.5195700000,-0.2612960000
129950,2014-06-02 00:00:00Z,PE7 3AE,Terraced,Established,Freehold,37,,LIVINGSTONE ROAD,YAXLEY,PETERBOROUGH,HUNTINGDONSHIRE,CAMBRIDGESHIRE,Standard,Addition,52.5143500000,-0.2664820000
136000,2014-02-21 00:00:00Z,PE7 3HN,Semi-Detached,Established,Freehold,20,,PHEASANT WAY,YAXLEY,PETERBOROUGH,HUNTINGDONSHIRE,CAMBRIDGESHIRE,Standard,Addition,52.5167260000,-0.2679080000
210000,2014-01-10 00:00:00Z,PE7 3YT,Detached,Established,Freehold,35,,FIELD RISE,YAXLEY,PETERBOROUGH,HUNTINGDONSHIRE,CAMBRIDGESHIRE,Standard,Addition,52.5139240000,-0.2644220000
170000,2014-03-19 00:00:00Z,PE7 3YZ,Detached,Established,Freehold,2,,LEE ROAD,YAXLEY,PETERBOROUGH,HUNTINGDONSHIRE,CAMBRIDGESHIRE,Standard,Addition,52.5127340000,-0.2617570000
145000,2014-07-25 00:00:00Z,PE7 3HJ,Detached,Established,Freehold,17,,COCK CLOSE ROAD,YAXLEY,PETERBOROUGH,HUNTINGDONSHIRE,CAMBRIDGESHIRE,Standard,Addition,52.5172050000,-0.2668420000
210000,2014-11-14 00:00:00Z,PE7 3NP,Detached,Established,Freehold,56,,LONDON ROAD,YAXLEY,PETERBOROUGH,HUNTINGDONSHIRE,CAMBRIDGESHIRE,Standard,Addition,52.5189090000,-0.2689690000
114500,2014-03-17 00:00:00Z,PE7 3HW,Terraced,Established,Freehold,4,,OWL END WALK,YAXLEY,PETERBOROUGH,HUNTINGDONSHIRE,CAMBRIDGESHIRE,Standard,Addition,52.5172370000,-0.2671650000
185000,2014-04-07 00:00:00Z,PE7 3HR,Detached,Established,Freehold,5,,NIGHTINGALE DRIVE,YAXLEY,PETERBOROUGH,HUNTINGDONSHIRE,CAMBRIDGESHIRE,Standard,Addition,52.5181080000,-0.2664970000
118000,2014-12-05 00:00:00Z,PE7 3AB,Terraced,Established,Freehold,12,,SHACKLETON WAY,YAXLEY,PETERBOROUGH,HUNTINGDONSHIRE,CAMBRIDGESHIRE,Standard,Addition,52.5146540000,-0.2676210000
105000,2014-10-24 00:00:00Z,PE7 3NR,Flats/Maisonettes,Established,Leasehold,"OAKTREE COURT, 212",FLAT 14,BROADWAY,YAXLEY,PETERBOROUGH,HUNTINGDONSHIRE,CAMBRIDGESHIRE,Standard,Addition,52.5161780000,-0.2663390000
123000,2014-05-02 00:00:00Z,PE7 3ZQ,Terraced,Established,Freehold,71,,FERNDALE,YAXLEY,PETERBOROUGH,HUNTINGDONSHIRE,CAMBRIDGESHIRE,Standard,Addition,52.5192260000,-0.2654510000
158000,2014-06-27 00:00:00Z,PE7 3WZ,Semi-Detached,Established,Freehold,2,,SEATON CLOSE,YAXLEY,PETERBOROUGH,HUNTINGDONSHIRE,CAMBRIDGESHIRE,Standard,Addition,52.5183220000,-0.2632610000
229000,2014-10-06 00:00:00Z,PE7 3NT,Detached,Established,Freehold,172A,,BROADWAY,YAXLEY,PETERBOROUGH,HUNTINGDONSHIRE,CAMBRIDGESHIRE,Standard,Addition,52.5169790000,-0.2606320000
130000,2014-10-31 00:00:00Z,PE7 3AE,Terraced,Established,Freehold,38,,LIVINGSTONE ROAD,YAXLEY,PETERBOROUGH,HUNTINGDONSHIRE,CAMBRIDGESHIRE,Standard,Addition,52.5143500000,-0.2664820000
139000,2014-12-19 00:00:00Z,PE7 3AF,Terraced,Established,Freehold,45,,MALLORY DRIVE,YAXLEY,PETERBOROUGH,HUNTINGDONSHIRE,CAMBRIDGESHIRE,Standard,Addition,52.5139820000,-0.2657180000
180000,2014-12-03 00:00:00Z,PE7 3YT,Detached,Established,Freehold,37,,FIELD RISE,YAXLEY,PETERBOROUGH,HUNTINGDONSHIRE,CAMBRIDGESHIRE,Standard,Addition,52.5139240000,-0.2644220000
190000,2014-10-31 00:00:00Z,PE7 3LD,Semi-Detached,Established,Freehold,161,,MAIN STREET,YAXLEY,PETERBOROUGH,HUNTINGDONSHIRE,CAMBRIDGESHIRE,Standard,Addition,52.5116060000,-0.2608290000
126750,2014-02-07 00:00:00Z,PE7 3YE,Semi-Detached,Established,Freehold,1,,WYKES ROAD,YAXLEY,PETERBOROUGH,HUNTINGDONSHIRE,CAMBRIDGESHIRE,Standard,Addition,52.5107360000,-0.2652990000
140000,2014-05-09 00:00:00Z,PE7 3NR,Semi-Detached,Established,Freehold,243,,BROADWAY,YAXLEY,PETERBOROUGH,HUNTINGDONSHIRE,CAMBRIDGESHIRE,Standard,Addition,52.5161780000,-0.2663390000
188000,2014-08-08 00:00:00Z,PE7 3HP,Detached,Established,Freehold,10,,PARTRIDGE CLOSE,YAXLEY,PETERBOROUGH,HUNTINGDONSHIRE,CAMBRIDGESHIRE,Standard,Addition,52.5178030000,-0.2683370000
145000,2014-05-09 00:00:00Z,PE7 3LD,Terraced,Established,Freehold,209,,MAIN STREET,YAXLEY,PETERBOROUGH,HUNTINGDONSHIRE,CAMBRIDGESHIRE,Standard,Addition,52.5116060000,-0.2608290000
134000,2014-03-21 00:00:00Z,PE7 3AF,Terraced,Established,Freehold,61,,MALLORY DRIVE,YAXLEY,PETERBOROUGH,HUNTINGDONSHIRE,CAMBRIDGESHIRE,Standard,Addition,52.5139820000,-0.2657180000
270000,2014-07-04 00:00:00Z,PE7 3YY,Detached,Established,Freehold,47,,VICARAGE WAY,YAXLEY,PETERBOROUGH,HUNTINGDONSHIRE,CAMBRIDGESHIRE,Standard,Addition,52.5129230000,-0.2648000000
173000,2014-11-28 00:00:00Z,PE7 3YT,Semi-Detached,Established,Freehold,29,,FIELD RISE,YAXLEY,PETERBOROUGH,HUNTINGDONSHIRE,CAMBRIDGESHIRE,Standard,Addition,52.5139240000,-0.2644220000
225000,2014-07-14 00:00:00Z,PE7 3HJ,Detached,Established,Freehold,2,,COCK CLOSE ROAD,YAXLEY,PETERBOROUGH,HUNTINGDONSHIRE,CAMBRIDGESHIRE,Standard,Addition,52.5172050000,-0.2668420000
187500,2014-04-10 00:00:00Z,PE7 3AB,Semi-Detached,Established,Freehold,43,,SHACKLETON WAY,YAXLEY,PETERBOROUGH,HUNTINGDONSHIRE,CAMBRIDGESHIRE,Standard,Addition,52.5146540000,-0.2676210000
125000,2014-12-01 00:00:00Z,PE7 3PS,Detached,New Build,Freehold,4,,JAYENN CLOSE,YAXLEY,PETERBOROUGH,HUNTINGDONSHIRE,CAMBRIDGESHIRE,Standard,Addition,52.5163710000,-0.2688210000
161000,2014-04-07 00:00:00Z,PE7 3NT,Semi-Detached,Established,Freehold,176,,BROADWAY,YAXLEY,PETERBOROUGH,HUNTINGDONSHIRE,CAMBRIDGESHIRE,Standard,Addition,52.5169790000,-0.2606320000
96500,2015-03-06 00:00:00Z,PE7 3YE,Flats/Maisonettes,Established,Leasehold,17,,WYKES ROAD,YAXLEY,PETERBOROUGH,HUNTINGDONSHIRE,CAMBRIDGESHIRE,Standard,Addition,52.5107360000,-0.2652990000
405000,2015-03-23 00:00:00Z,PE7 3ZF,Detached,Established,Freehold,3,,PROBY CLOSE,YAXLEY,PETERBOROUGH,HUNTINGDONSHIRE,CAMBRIDGESHIRE,Standard,Addition,52.5133250000,-0.2689400000
251000,2015-09-11 00:00:00Z,PE7 3ZL,Detached,Established,Freehold,34,,TELFORD DRIVE,YAXLEY,PETERBOROUGH,HUNTINGDONSHIRE,CAMBRIDGESHIRE,Standard,Addition,52.5192020000,-0.2668820000
240000,2015-09-17 00:00:00Z,PE7 3ZW,Detached,Established,Freehold,46,,FERNDALE,YAXLEY,PETERBOROUGH,HUNTINGDONSHIRE,CAMBRIDGESHIRE,Standard,Addition,52.5191520000,-0.2659940000
180000,2015-10-02 00:00:00Z,PE7 3AD,Terraced,Established,Freehold,23,,SCOTT DRIVE,YAXLEY,PETERBOROUGH,HUNTINGDONSHIRE,CAMBRIDGESHIRE,Standard,Addition,52.5149040000,-0.2656510000
212000,2015-09-04 00:00:00Z,PE7 3YT,Detached,Established,Freehold,19,,FIELD RISE,YAXLEY,PETERBOROUGH,HUNTINGDONSHIRE,CAMBRIDGESHIRE,Standard,Addition,52.5139240000,-0.2644220000
76000,2015-07-24 00:00:00Z,PE7 3AE,Flats/Maisonettes,Established,Freehold,35,,LIVINGSTONE ROAD,YAXLEY,PETERBOROUGH,HUNTINGDONSHIRE,CAMBRIDGESHIRE,Standard,Addition,52.5143500000,-0.2664820000
145000,2015-03-31 00:00:00Z,PE7 3AE,Terraced,Established,Freehold,6,,LIVINGSTONE ROAD,YAXLEY,PETERBOROUGH,HUNTINGDONSHIRE,CAMBRIDGESHIRE,Standard,Addition,52.5143500000,-0.2664820000
249500,2015-04-30 00:00:00Z,PE7 3NT,Detached,Established,Freehold,179,,BROADWAY,YAXLEY,PETERBOROUGH,HUNTINGDONSHIRE,CAMBRIDGESHIRE,Standard,Addition,52.5169790000,-0.2606320000
285000,2015-01-09 00:00:00Z,PE7 3ZU,Detached,Established,Freehold,14,,WOLSELEY CLOSE,YAXLEY,PETERBOROUGH,HUNTINGDONSHIRE,CAMBRIDGESHIRE,Standard,Addition,52.5195700000,-0.2612960000
152500,2015-06-08 00:00:00Z,PE7 3ZQ,Terraced,Established,Freehold,49,,FERNDALE,YAXLEY,PETERBOROUGH,HUNTINGDONSHIRE,CAMBRIDGESHIRE,Additional,Addition,52.5192260000,-0.2654510000
127500,2015-08-14 00:00:00Z,PE7 3AB,Flats/Maisonettes,Established,Freehold,9,,SHACKLETON WAY,YAXLEY,PETERBOROUGH,HUNTINGDONSHIRE,CAMBRIDGESHIRE,Standard,Addition,52.5146540000,-0.2676210000
245000,2015-06-01 00:00:00Z,PE7 3ZS,Detached,Established,Freehold,63,,BENTLEY AVENUE,YAXLEY,PETERBOROUGH,HUNTINGDONSHIRE,CAMBRIDGESHIRE,Standard,Addition,52.5198920000,-0.2605760000
225000,2015-11-27 00:00:00Z,PE7 3AB,Detached,Established,Freehold,7,,SHACKLETON WAY,YAXLEY,PETERBOROUGH,HUNTINGDONSHIRE,CAMBRIDGESHIRE,Standard,Addition,52.5146540000,-0.2676210000
207000,2015-05-22 00:00:00Z,PE7 3LH,Detached,Established,Freehold,4,,CHURCH STREET,YAXLEY,PETERBOROUGH,HUNTINGDONSHIRE,CAMBRIDGESHIRE,Standard,Addition,52.5114190000,-0.2646680000
485000,2015-12-15 00:00:00Z,PE7 3NP,Detached,Established,Freehold,"TY HELYG, 6A",,LONDON ROAD,YAXLEY,PETERBOROUGH,HUNTINGDONSHIRE,CAMBRIDGESHIRE,Standard,Addition,52.5189090000,-0.2689690000
275000,2015-06-25 00:00:00Z,PE7 3LD,Detached,Established,Freehold,169,,MAIN STREET,YAXLEY,PETERBOROUGH,HUNTINGDONSHIRE,CAMBRIDGESHIRE,Standard,Addition,52.5116060000,-0.2608290000
155000,2015-12-22 00:00:00Z,PE7 3NR,Semi-Detached,Established,Freehold,264A,,BROADWAY,YAXLEY,PETERBOROUGH,HUNTINGDONSHIRE,CAMBRIDGESHIRE,Standard,Addition,52.5161780000,-0.2663390000
340000,2015-12-11 00:00:00Z,PE7 3NP,Semi-Detached,Established,Freehold,16,,LONDON ROAD,YAXLEY,PETERBOROUGH,HUNTINGDONSHIRE,CAMBRIDGESHIRE,Standard,Addition,52.5189090000,-0.2689690000
450000,2015-10-30 00:00:00Z,PE7 3NR,Detached,Established,Freehold,295,,BROADWAY,YAXLEY,PETERBOROUGH,HUNTINGDONSHIRE,CAMBRIDGESHIRE,Standard,Addition,52.5161780000,-0.2663390000
492000,2015-08-28 00:00:00Z,PE7 3NR,Detached,Established,Freehold,293,,BROADWAY,YAXLEY,PETERBOROUGH,HUNTINGDONSHIRE,CAMBRIDGESHIRE,Standard,Addition,52.5161780000,-0.2663390000
250000,2015-11-02 00:00:00Z,PE7 3ZP,Detached,Established,Freehold,1,,STEPHENSON CLOSE,YAXLEY,PETERBOROUGH,HUNTINGDONSHIRE,CAMBRIDGESHIRE,Standard,Addition,52.5196330000,-0.2680730000
190000,2015-04-10 00:00:00Z,PE7 3PS,Semi-Detached,Established,Freehold,1,,JAYENN CLOSE,YAXLEY,PETERBOROUGH,HUNTINGDONSHIRE,CAMBRIDGESHIRE,Standard,Addition,52.5163710000,-0.2688210000
190000,2015-07-17 00:00:00Z,PE7 3PS,Semi-Detached,Established,Freehold,2,,JAYENN CLOSE,YAXLEY,PETERBOROUGH,HUNTINGDONSHIRE,CAMBRIDGESHIRE,Standard,Addition,52.5163710000,-0.2688210000
320000,2015-10-26 00:00:00Z,PE7 3NR,Detached,Established,Freehold,266A,,BROADWAY,YAXLEY,PETERBOROUGH,HUNTINGDONSHIRE,CAMBRIDGESHIRE,Standard,Addition,52.5161780000,-0.2663390000
275000,2015-07-29 00:00:00Z,PE7 3ZP,Detached,Established,Freehold,9,,STEPHENSON CLOSE,YAXLEY,PETERBOROUGH,HUNTINGDONSHIRE,CAMBRIDGESHIRE,Standard,Addition,52.5196330000,-0.2680730000
167000,2015-03-27 00:00:00Z,PE7 3WH,Semi-Detached,Established,Freehold,12,,POOLEY WAY,YAXLEY,PETERBOROUGH,HUNTINGDONSHIRE,CAMBRIDGESHIRE,Standard,Addition,52.5184080000,-0.2624030000
205000,2015-01-19 00:00:00Z,PE7 3YJ,Detached,Established,Freehold,32,,GREEN LANE,YAXLEY,PETERBOROUGH,HUNTINGDONSHIRE,CAMBRIDGESHIRE,Standard,Addition,52.5177220000,-0.2640340000
255000,2015-06-29 00:00:00Z,PE7 3AB,Detached,Established,Freehold,36,,SHACKLETON WAY,YAXLEY,PETERBOROUGH,HUNTINGDONSHIRE,CAMBRIDGESHIRE,Standard,Addition,52.5146540000,-0.2676210000
119000,2015-04-01 00:00:00Z,PE7 3LB,Terraced,Established,Freehold,136,,MAIN STREET,YAXLEY,PETERBOROUGH,HUNTINGDONSHIRE,CAMBRIDGESHIRE,Standard,Addition,52.5123250000,-0.2608450000
262000,2015-10-02 00:00:00Z,PE7 3LJ,Detached,Established,Freehold,19,,WEST END,YAXLEY,PETERBOROUGH,HUNTINGDONSHIRE,CAMBRIDGESHIRE,Standard,Addition,52.5101800000,-0.2641270000
104000,2015-02-26 00:00:00Z,PE7 3NR,Flats/Maisonettes,Established,Leasehold,"OAKTREE COURT, 212",FLAT 16,BROADWAY,YAXLEY,PETERBOROUGH,HUNTINGDONSHIRE,CAMBRIDGESHIRE,Standard,Addition,52.5161780000,-0.2663390000
195000,2015-12-18 00:00:00Z,PE7 3LW,Detached,Established,Freehold,23,,CHAPEL STREET,YAXLEY,PETERBOROUGH,HUNTINGDONSHIRE,CAMBRIDGESHIRE,Standard,Addition,52.5148250000,-0.2614980000
241000,2015-01-23 00:00:00Z,PE7 3ZS,Detached,Established,Freehold,3,,BENTLEY AVENUE,YAXLEY,PETERBOROUGH,HUNTINGDONSHIRE,CAMBRIDGESHIRE,Standard,Addition,52.5198920000,-0.2605760000
175000,2015-12-10 00:00:00Z,PE7 3LF,Semi-Detached,Established,Freehold,7,,WESTFIELD ROAD,YAXLEY,PETERBOROUGH,HUNTINGDONSHIRE,CAMBRIDGESHIRE,Standard,Addition,52.5133680000,-0.2633090000
170000,2015-11-20 00:00:00Z,PE7 3NT,Semi-Detached,Established,Freehold,162,,BROADWAY,YAXLEY,PETERBOROUGH,HUNTINGDONSHIRE,CAMBRIDGESHIRE,Standard,Addition,52.5169790000,-0.2606320000
185000,2015-12-10 00:00:00Z,PE7 3LF,Detached,Established,Freehold,15,,WESTFIELD ROAD,YAXLEY,PETERBOROUGH,HUNTINGDONSHIRE,CAMBRIDGESHIRE,Standard,Addition,52.5133680000,-0.2633090000
226000,2015-12-11 00:00:00Z,PE7 3ZU,Detached,Established,Freehold,7,,WOLSELEY CLOSE,YAXLEY,PETERBOROUGH,HUNTINGDONSHIRE,CAMBRIDGESHIRE,Standard,Addition,52.5195700000,-0.2612960000
256000,2015-07-02 00:00:00Z,PE7 3ZW,Detached,Established,Freehold,36,,FERNDALE,YAXLEY,PETERBOROUGH,HUNTINGDONSHIRE,CAMBRIDGESHIRE,Standard,Addition,52.5191520000,-0.2659940000
162600,2015-06-19 00:00:00Z,PE7 3ZQ,Terraced,Established,Freehold,45,,FERNDALE,YAXLEY,PETERBOROUGH,HUNTINGDONSHIRE,CAMBRIDGESHIRE,Standard,Addition,52.5192260000,-0.2654510000
139000,2015-01-30 00:00:00Z,PE7 3AB,Semi-Detached,Established,Freehold,4,,SHACKLETON WAY,YAXLEY,PETERBOROUGH,HUNTINGDONSHIRE,CAMBRIDGESHIRE,Standard,Addition,52.5146540000,-0.2676210000
315000,2015-02-27 00:00:00Z,PE7 3NF,Detached,Established,Freehold,24,,DOVECOTE LANE,YAXLEY,PETERBOROUGH,HUNTINGDONSHIRE,CAMBRIDGESHIRE,Standard,Addition,52.5148280000,-0.2696480000
198000,2015-01-15 00:00:00Z,PE7 3NT,Detached,Established,Freehold,191,,BROADWAY,YAXLEY,PETERBOROUGH,HUNTINGDONSHIRE,CAMBRIDGESHIRE,Standard,Addition,52.5169790000,-0.2606320000
155500,2015-12-11 00:00:00Z,PE7 3NR,Semi-Detached,Established,Freehold,264,,BROADWAY,YAXLEY,PETERBOROUGH,HUNTINGDONSHIRE,CAMBRIDGESHIRE,Standard,Addition,52.5161780000,-0.2663390000
145000,2015-11-26 00:00:00Z,PE7 3AE,Terraced,Established,Freehold,2,,LIVINGSTONE ROAD,YAXLEY,PETERBOROUGH,HUNTINGDONSHIRE,CAMBRIDGESHIRE,Standard,Addition,52.5143500000,-0.2664820000
145000,2015-06-26 00:00:00Z,PE7 3AF,Terraced,Established,Freehold,6,,MALLORY DRIVE,YAXLEY,PETERBOROUGH,HUNTINGDONSHIRE,CAMBRIDGESHIRE,Standard,Addition,52.5139820000,-0.2657180000
217500,2015-08-14 00:00:00Z,PE7 3ZU,Detached,Established,Freehold,3,,WOLSELEY CLOSE,YAXLEY,PETERBOROUGH,HUNTINGDONSHIRE,CAMBRIDGESHIRE,Standard,Addition,52.5195700000,-0.2612960000
175000,2015-07-20 00:00:00Z,PE7 3ZQ,Semi-Detached,Established,Freehold,53,,FERNDALE,YAXLEY,PETERBOROUGH,HUNTINGDONSHIRE,CAMBRIDGESHIRE,Standard,Addition,52.5192260000,-0.2654510000
485000,2015-08-10 00:00:00Z,PE7 3ZG,Detached,Established,Freehold,8,,CARYSFORT CLOSE,YAXLEY,PETERBOROUGH,HUNTINGDONSHIRE,CAMBRIDGESHIRE,Standard,Addition,52.5131060000,-0.2677110000
120000,2015-05-20 00:00:00Z,PE7 3NR,Flats/Maisonettes,Established,Leasehold,"OAKTREE COURT, 212",FLAT 18,BROADWAY,YAXLEY,PETERBOROUGH,HUNTINGDONSHIRE,CAMBRIDGESHIRE,Standard,Addition,52.5161780000,-0.2663390000
137000,2015-01-19 00:00:00Z,PE7 3AE,Terraced,Established,Freehold,16,,LIVINGSTONE ROAD,YAXLEY,PETERBOROUGH,HUNTINGDONSHIRE,CAMBRIDGESHIRE,Standard,Addition,52.5143500000,-0.2664820000
167000,2015-01-23 00:00:00Z,PE7 3NR,Semi-Detached,Established,Freehold,250,,BROADWAY,YAXLEY,PETERBOROUGH,HUNTINGDONSHIRE,CAMBRIDGESHIRE,Standard,Addition,52.5161780000,-0.2663390000
180000,2015-01-19 00:00:00Z,PE7 3ZQ,Detached,Established,Freehold,39,,FERNDALE,YAXLEY,PETERBOROUGH,HUNTINGDONSHIRE,CAMBRIDGESHIRE,Standard,Addition,52.5192260000,-0.2654510000
222500,2015-07-17 00:00:00Z,PE7 3YT,Detached,Established,Freehold,11,,FIELD RISE,YAXLEY,PETERBOROUGH,HUNTINGDONSHIRE,CAMBRIDGESHIRE,Standard,Addition,52.5139240000,-0.2644220000
269000,2015-08-07 00:00:00Z,PE7 3LD,Detached,Established,Freehold,169A,,MAIN STREET,YAXLEY,PETERBOROUGH,HUNTINGDONSHIRE,CAMBRIDGESHIRE,Standard,Addition,52.5116060000,-0.2608290000
170000,2015-01-19 00:00:00Z,PE7 3YT,Semi-Detached,Established,Freehold,31,,FIELD RISE,YAXLEY,PETERBOROUGH,HUNTINGDONSHIRE,CAMBRIDGESHIRE,Standard,Addition,52.5139240000,-0.2644220000
170000,2015-06-12 00:00:00Z,PE7 3YU,Detached,Established,Freehold,6,,STONEHOUSE ROAD,YAXLEY,PETERBOROUGH,HUNTINGDONSHIRE,CAMBRIDGESHIRE,Standard,Addition,52.5136880000,-0.2618230000
191000,2015-06-25 00:00:00Z,PE7 3HL,Semi-Detached,Established,Freehold,19A,,THE ROOKERY,YAXLEY,PETERBOROUGH,HUNTINGDONSHIRE,CAMBRIDGESHIRE,Standard,Addition,52.5169480000,-0.2646270000
210000,2015-06-12 00:00:00Z,PE7 3HR,Detached,Established,Freehold,3,,NIGHTINGALE DRIVE,YAXLEY,PETERBOROUGH,HUNTINGDONSHIRE,CAMBRIDGESHIRE,Standard,Addition,52.5181080000,-0.2664970000
167000,2015-11-13 00:00:00Z,PE7 3ZW,Terraced,Established,Freehold,74,,FERNDALE,YAXLEY,PETERBOROUGH,HUNTINGDONSHIRE,CAMBRIDGESHIRE,Standard,Addition,52.5191520000,-0.2659940000
230000,2015-11-10 00:00:00Z,PE7 3NT,Detached,Established,Freehold,198,,BROADWAY,YAXLEY,PETERBOROUGH,HUNTINGDONSHIRE,CAMBRIDGESHIRE,Standard,Addition,52.5169790000,-0.2606320000
215000,2015-10-16 00:00:00Z,PE7 3NY,Detached,Established,Freehold,27,,MOUNTBATTEN AVENUE,YAXLEY,PETERBOROUGH,HUNTINGDONSHIRE,CAMBRIDGESHIRE,Standard,Addition,52.5158230000,-0.2614590000
305000,2015-04-10 00:00:00Z,PE7 3NY,Detached,Established,Freehold,21,,MOUNTBATTEN AVENUE,YAXLEY,PETERBOROUGH,HUNTINGDONSHIRE,CAMBRIDGESHIRE,Standard,Addition,52.5158230000,-0.2614590000
260000,2015-05-26 00:00:00Z,PE7 3YF,Detached,Established,Freehold,14,,ABBOTT WAY,YAXLEY,PETERBOROUGH,HUNTINGDONSHIRE,CAMBRIDGESHIRE,Standard,Addition,52.5106450000,-0.2645950000
217000,2015-07-15 00:00:00Z,PE7 3ZL,Detached,Established,Freehold,24,,TELFORD DRIVE,YAXLEY,PETERBOROUGH,HUNTINGDONSHIRE,CAMBRIDGESHIRE,Standard,Addition,52.5192020000,-0.2668820000
277500,2015-07-24 00:00:00Z,PE7 3ZP,Detached,Established,Freehold,31,,STEPHENSON CLOSE,YAXLEY,PETERBOROUGH,HUNTINGDONSHIRE,CAMBRIDGESHIRE,Standard,Addition,52.5196330000,-0.2680730000
247250,2015-01-23 00:00:00Z,PE7 3YF,Detached,Established,Freehold,16,,ABBOTT WAY,YAXLEY,PETERBOROUGH,HUNTINGDONSHIRE,CAMBRIDGESHIRE,Standard,Addition,52.5106450000,-0.2645950000
246500,2015-05-22 00:00:00Z,PE7 3ZW,Detached,Established,Freehold,14,,FERNDALE,YAXLEY,PETERBOROUGH,HUNTINGDONSHIRE,CAMBRIDGESHIRE,Standard,Addition,52.5191520000,-0.2659940000
193700,2015-10-15 00:00:00Z,PE7 3YX,Detached,Established,Freehold,8,,WISTERIA ROAD,YAXLEY,PETERBOROUGH,HUNTINGDONSHIRE,CAMBRIDGESHIRE,Standard,Addition,52.5124070000,-0.2639510000
125000,2015-10-16 00:00:00Z,PE7 3NR,Flats/Maisonettes,Established,Leasehold,"OAKTREE COURT, 212",FLAT 21,BROADWAY,YAXLEY,PETERBOROUGH,HUNTINGDONSHIRE,CAMBRIDGESHIRE,Standard,Addition,52.5161780000,-0.2663390000
195000,2015-11-27 00:00:00Z,PE7 3NR,Semi-Detached,Established,Freehold,281,,BROADWAY,YAXLEY,PETERBOROUGH,HUNTINGDONSHIRE,CAMBRIDGESHIRE,Standard,Addition,52.5161780000,-0.2663390000
148000,2015-10-26 00:00:00Z,PE7 3AF,Terraced,Established,Freehold,20,,MALLORY DRIVE,YAXLEY,PETERBOROUGH,HUNTINGDONSHIRE,CAMBRIDGESHIRE,Standard,Addition,52.5139820000,-0.2657180000
400000,2016-06-23 00:00:00Z,PE7 3NF,Detached,Established,Freehold,8,,DOVECOTE LANE,YAXLEY,PETERBOROUGH,HUNTINGDONSHIRE,CAMBRIDGESHIRE,Standard,Addition,52.5148280000,-0.2696480000
470000,2016-07-15 00:00:00Z,PE7 3YA,Detached,Established,Freehold,HADDON HOUSE,,CHURCH STREET,YAXLEY,PETERBOROUGH,HUNTINGDONSHIRE,CAMBRIDGESHIRE,Standard,Addition,52.5112570000,-0.2670910000
225000,2016-07-15 00:00:00Z,PE7 3NR,Semi-Detached,Established,Freehold,258,,BROADWAY,YAXLEY,PETERBOROUGH,HUNTINGDONSHIRE,CAMBRIDGESHIRE,Standard,Addition,52.5161780000,-0.2663390000
174000,2016-06-23 00:00:00Z,PE7 3HN,Detached,Established,Freehold,2,,PHEASANT WAY,YAXLEY,PETERBOROUGH,HUNTINGDONSHIRE,CAMBRIDGESHIRE,Standard,Addition,52.5167260000,-0.2679080000
265000,2016-08-19 00:00:00Z,PE7 3ZL,Detached,Established,Freehold,7,,TELFORD DRIVE,YAXLEY,PETERBOROUGH,HUNTINGDONSHIRE,CAMBRIDGESHIRE,Standard,Addition,52.5192020000,-0.2668820000
176500,2016-03-04 00:00:00Z,PE7 3LG,Detached,Established,Freehold,22,,WESTFIELD ROAD,YAXLEY,PETERBOROUGH,HUNTINGDONSHIRE,CAMBRIDGESHIRE,Standard,Addition,52.5129640000,-0.2627210000
300000,2016-01-14 00:00:00Z,PE7 3ZQ,Detached,Established,Freehold,1,,FERNDALE,YAXLEY,PETERBOROUGH,HUNTINGDONSHIRE,CAMBRIDGESHIRE,Additional,Addition,52.5192260000,-0.2654510000
427000,2016-08-30 00:00:00Z,PE7 3NP,Detached,Established,Freehold,"THE ROOST, 6B",,LONDON ROAD,YAXLEY,PETERBOROUGH,HUNTINGDONSHIRE,CAMBRIDGESHIRE,Standard,Addition,52.5189090000,-0.2689690000
160000,2016-08-18 00:00:00Z,PE7 3HL,Semi-Detached,Established,Freehold,13,,THE ROOKERY,YAXLEY,PETERBOROUGH,HUNTINGDONSHIRE,CAMBRIDGESHIRE,Standard,Addition,52.5169480000,-0.2646270000
195000,2016-07-22 00:00:00Z,PE7 3NS,Detached,Established,Freehold,18,,MANOR CLOSE,YAXLEY,PETERBOROUGH,HUNTINGDONSHIRE,CAMBRIDGESHIRE,Standard,Addition,52.5151680000,-0.2646230000
315000,2016-07-22 00:00:00Z,PE7 3ZP,Detached,Established,Freehold,29,,STEPHENSON CLOSE,YAXLEY,PETERBOROUGH,HUNTINGDONSHIRE,CAMBRIDGESHIRE,Standard,Addition,52.5196330000,-0.2680730000
185000,2016-08-15 00:00:00Z,PE7 3HW,Detached,Established,Freehold,3,,OWL END WALK,YAXLEY,PETERBOROUGH,HUNTINGDONSHIRE,CAMBRIDGESHIRE,Standard,Addition,52.5172370000,-0.2671650000
275000,2016-08-12 00:00:00Z,PE7 3ZS,Detached,Established,Freehold,59,,BENTLEY AVENUE,YAXLEY,PETERBOROUGH,HUNTINGDONSHIRE,CAMBRIDGESHIRE,Standard,Addition,52.5198920000,-0.2605760000
267000,2016-07-04 00:00:00Z,PE7 3ZW,Detached,Established,Freehold,16,,FERNDALE,YAXLEY,PETERBOROUGH,HUNTINGDONSHIRE,CAMBRIDGESHIRE,Standard,Addition,52.5191520000,-0.2659940000
352500,2016-07-15 00:00:00Z,PE7 3ZQ,Detached,Established,Freehold,5,,FERNDALE,YAXLEY,PETERBOROUGH,HUNTINGDONSHIRE,CAMBRIDGESHIRE,Standard,Addition,52.5192260000,-0.2654510000
237000,2016-06-08 00:00:00Z,PE7 3AB,Terraced,Established,Freehold,11,,SHACKLETON WAY,YAXLEY,PETERBOROUGH,HUNTINGDONSHIRE,CAMBRIDGESHIRE,Additional,Addition,52.5146540000,-0.2676210000
212000,2016-08-19 00:00:00Z,PE7 3NT,Semi-Detached,Established,Freehold,172,,BROADWAY,YAXLEY,PETERBOROUGH,HUNTINGDONSHIRE,CAMBRIDGESHIRE,Standard,Addition,52.5169790000,-0.2606320000
290000,2016-02-26 00:00:00Z,PE7 3ZN,Detached,Established,Freehold,3,,BRUNEL DRIVE,YAXLEY,PETERBOROUGH,HUNTINGDONSHIRE,CAMBRIDGESHIRE,Standard,Addition,52.5190640000,-0.2679040000
203000,2016-03-02 00:00:00Z,PE7 3YT,Detached,Established,Freehold,21,,FIELD RISE,YAXLEY,PETERBOROUGH,HUNTINGDONSHIRE,CAMBRIDGESHIRE,Standard,Addition,52.5139240000,-0.2644220000
160000,2016-03-23 00:00:00Z,PE7 3HP,Semi-Detached,Established,Freehold,28,,PARTRIDGE CLOSE,YAXLEY,PETERBOROUGH,HUNTINGDONSHIRE,CAMBRIDGESHIRE,Standard,Addition,52.5178030000,-0.2683370000
245000,2016-03-24 00:00:00Z,PE7 3AB,Detached,Established,Freehold,45,,SHACKLETON WAY,YAXLEY,PETERBOROUGH,HUNTINGDONSHIRE,CAMBRIDGESHIRE,Standard,Addition,52.5146540000,-0.2676210000
190000,2016-07-15 00:00:00Z,PE7 3NR,Detached,Established,Freehold,224,,BROADWAY,YAXLEY,PETERBOROUGH,HUNTINGDONSHIRE,CAMBRIDGESHIRE,Standard,Addition,52.5161780000,-0.2663390000
125000,2016-05-16 00:00:00Z,PE7 3NR,Flats/Maisonettes,Established,Leasehold,"OAKTREE COURT, 212",FLAT 8,BROADWAY,YAXLEY,PETERBOROUGH,HUNTINGDONSHIRE,CAMBRIDGESHIRE,Standard,Addition,52.5161780000,-0.2663390000
337000,2016-02-15 00:00:00Z,PE7 3ZG,Semi-Detached,Established,Freehold,5,,CARYSFORT CLOSE,YAXLEY,PETERBOROUGH,HUNTINGDONSHIRE,CAMBRIDGESHIRE,Standard,Addition,52.5131060000,-0.2677110000
227500,2016-03-11 00:00:00Z,PE7 3YT,Detached,Established,Freehold,4,,FIELD RISE,YAXLEY,PETERBOROUGH,HUNTINGDONSHIRE,CAMBRIDGESHIRE,Standard,Addition,52.5139240000,-0.2644220000
117000,2016-03-23 00:00:00Z,PE7 3LN,Terraced,Established,Freehold,30,,CHAPEL STREET,YAXLEY,PETERBOROUGH,HUNTINGDONSHIRE,CAMBRIDGESHIRE,Standard,Addition,52.5145890000,-0.2613010000
124500,2016-03-30 00:00:00Z,PE7 3AF,Flats/Maisonettes,Established,Freehold,18,,MALLORY DRIVE,YAXLEY,PETERBOROUGH,HUNTINGDONSHIRE,CAMBRIDGESHIRE,Standard,Addition,52.5139820000,-0.2657180000
128000,2016-03-31 00:00:00Z,PE7 3AB,Terraced,Established,Freehold,12,,SHACKLETON WAY,YAXLEY,PETERBOROUGH,HUNTINGDONSHIRE,CAMBRIDGESHIRE,Standard,Addition,52.5146540000,-0.2676210000
240000,2016-04-22 00:00:00Z,PE7 3AF,Detached,Established,Freehold,67,,MALLORY DRIVE,YAXLEY,PETERBOROUGH,HUNTINGDONSHIRE,CAMBRIDGESHIRE,Standard,Addition,52.5139820000,-0.2657180000
198000,2016-03-29 00:00:00Z,PE7 3WH,Detached,Established,Freehold,17,,POOLEY WAY,YAXLEY,PETERBOROUGH,HUNTINGDONSHIRE,CAMBRIDGESHIRE,Standard,Addition,52.5184080000,-0.2624030000
139950,2016-04-26 00:00:00Z,PE7 3ZQ,Terraced,Established,Freehold,71,,FERNDALE,YAXLEY,PETERBOROUGH,HUNTINGDONSHIRE,CAMBRIDGESHIRE,Standard,Addition,52.5192260000,-0.2654510000
345000,2016-08-19 00:00:00Z,PE7 3LB,Detached,Established,Freehold,142A,,MAIN STREET,YAXLEY,PETERBOROUGH,HUNTINGDONSHIRE,CAMBRIDGESHIRE,Standard,Addition,52.5123250000,-0.2608450000
215000,2016-11-02 00:00:00Z,PE7 3AB,Terraced,Established,Freehold,18,,SHACKLETON WAY,YAXLEY,PETERBOROUGH,HUNTINGDONSHIRE,CAMBRIDGESHIRE,Standard,Addition,52.5146540000,-0.2676210000
148000,2016-11-18 00:00:00Z,PE7 3AF,Semi-Detached,Established,Freehold,22,,MALLORY DRIVE,YAXLEY,PETERBOROUGH,HUNTINGDONSHIRE,CAMBRIDGESHIRE,Standard,Addition,52.5139820000,-0.2657180000
268000,2016-11-11 00:00:00Z,PE7 3AB,Detached,Established,Freehold,52,,SHACKLETON WAY,YAXLEY,PETERBOROUGH,HUNTINGDONSHIRE,CAMBRIDGESHIRE,Standard,Addition,52.5146540000,-0.2676210000
142500,2016-04-04 00:00:00Z,PE7 3AD,Terraced,Established,Freehold,11,,SCOTT DRIVE,YAXLEY,PETERBOROUGH,HUNTINGDONSHIRE,CAMBRIDGESHIRE,Standard,Addition,52.5149040000,-0.2656510000
220000,2016-04-01 00:00:00Z,PE7 3AB,Semi-Detached,Established,Freehold,43,,SHACKLETON WAY,YAXLEY,PETERBOROUGH,HUNTINGDONSHIRE,CAMBRIDGESHIRE,Standard,Addition,52.5146540000,-0.2676210000
245000,2016-04-29 00:00:00Z,PE7 3AB,Detached,Established,Freehold,1,,SHACKLETON WAY,YAXLEY,PETERBOROUGH,HUNTINGDONSHIRE,CAMBRIDGESHIRE,Standard,Addition,52.5146540000,-0.2676210000
175000,2016-11-09 00:00:00Z,PE7 3LN,Flats/Maisonettes,Established,Leasehold,"SPINNEY HOUSE, 52",APARTMENT 15,CHAPEL STREET,YAXLEY,PETERBOROUGH,HUNTINGDONSHIRE,CAMBRIDGESHIRE,Standard,Addition,52.5145890000,-0.2613010000
187000,2016-11-11 00:00:00Z,PE7 3WH,Semi-Detached,Established,Freehold,10,,POOLEY WAY,YAXLEY,PETERBOROUGH,HUNTINGDONSHIRE,CAMBRIDGESHIRE,Standard,Addition,52.5184080000,-0.2624030000
262000,2016-10-14 00:00:00Z,PE7 3LG,Detached,Established,Freehold,10,,WESTFIELD ROAD,YAXLEY,PETERBOROUGH,HUNTINGDONSHIRE,CAMBRIDGESHIRE,Standard,Addition,52.5129640000,-0.2627210000
291000,2016-11-18 00:00:00Z,PE7 3ZP,Detached,Established,Freehold,12,,STEPHENSON CLOSE,YAXLEY,PETERBOROUGH,HUNTINGDONSHIRE,CAMBRIDGESHIRE,Standard,Addition,52.5196330000,-0.2680730000
262000,2016-11-14 00:00:00Z,PE7 3ZS,Detached,Established,Freehold,57,,BENTLEY AVENUE,YAXLEY,PETERBOROUGH,HUNTINGDONSHIRE,CAMBRIDGESHIRE,Standard,Addition,52.5198920000,-0.2605760000
79750,2016-08-12 00:00:00Z,PE7 3AE,Terraced,Established,Leasehold,28,,LIVINGSTONE ROAD,YAXLEY,PETERBOROUGH,HUNTINGDONSHIRE,CAMBRIDGESHIRE,Standard,Addition,52.5143500000,-0.2664820000
170000,2016-03-22 00:00:00Z,PE7 3NR,Semi-Detached,Established,Freehold,247,,BROADWAY,YAXLEY,PETERBOROUGH,HUNTINGDONSHIRE,CAMBRIDGESHIRE,Additional,Addition,52.5161780000,-0.2663390000
224500,2016-02-12 00:00:00Z,PE7 3QD,Detached,Established,Freehold,14,,RILEY CLOSE,YAXLEY,PETERBOROUGH,HUNTINGDONSHIRE,CAMBRIDGESHIRE,Standard,Addition,52.5194650000,-0.2645570000
297500,2016-02-05 00:00:00Z,PE7 3ZW,Detached,Established,Freehold,20,,FERNDALE,YAXLEY,PETERBOROUGH,HUNTINGDONSHIRE,CAMBRIDGESHIRE,Standard,Addition,52.5191520000,-0.2659940000
183000,2016-02-05 00:00:00Z,PE7 3AD,Terraced,Established,Freehold,16,,SCOTT DRIVE,YAXLEY,PETERBOROUGH,HUNTINGDONSHIRE,CAMBRIDGESHIRE,Standard,Addition,52.5149040000,-0.2656510000
211000,2016-01-15 00:00:00Z,PE7 3HL,Detached,Established,Freehold,16,,THE ROOKERY,YAXLEY,PETERBOROUGH,HUNTINGDONSHIRE,CAMBRIDGESHIRE,Standard,Addition,52.5169480000,-0.2646270000
235000,2016-09-20 00:00:00Z,PE7 3YJ,Detached,Established,Freehold,25,,GREEN LANE,YAXLEY,PETERBOROUGH,HUNTINGDONSHIRE,CAMBRIDGESHIRE,Standard,Addition,52.5177220000,-0.2640340000
235000,2016-05-27 00:00:00Z,PE7 3ZQ,Detached,Established,Freehold,25,,FERNDALE,YAXLEY,PETERBOROUGH,HUNTINGDONSHIRE,CAMBRIDGESHIRE,Standard,Addition,52.5192260000,-0.2654510000
215000,2016-06-15 00:00:00Z,PE7 3ZW,Detached,Established,Freehold,12,,FERNDALE,YAXLEY,PETERBOROUGH,HUNTINGDONSHIRE,CAMBRIDGESHIRE,Standard,Addition,52.5191520000,-0.2659940000
229000,2016-10-04 00:00:00Z,PE7 3HL,Detached,Established,Freehold,12,,THE ROOKERY,YAXLEY,PETERBOROUGH,HUNTINGDONSHIRE,CAMBRIDGESHIRE,Standard,Addition,52.5169480000,-0.2646270000
176000,2016-09-07 00:00:00Z,PE7 3YZ,Detached,Established,Freehold,1,,LEE ROAD,YAXLEY,PETERBOROUGH,HUNTINGDONSHIRE,CAMBRIDGESHIRE,Standard,Addition,52.5127340000,-0.2617570000
273000,2016-09-30 00:00:00Z,PE7 3ZW,Detached,Established,Freehold,32,,FERNDALE,YAXLEY,PETERBOROUGH,HUNTINGDONSHIRE,CAMBRIDGESHIRE,Standard,Addition,52.5191520000,-0.2659940000
159995,2016-09-23 00:00:00Z,PE7 3AE,Terraced,Established,Freehold,32,,LIVINGSTONE ROAD,YAXLEY,PETERBOROUGH,HUNTINGDONSHIRE,CAMBRIDGESHIRE,Standard,Addition,52.5143500000,-0.2664820000
187500,2016-12-06 00:00:00Z,PE7 3YJ,Semi-Detached,Established,Freehold,16,,GREEN LANE,YAXLEY,PETERBOROUGH,HUNTINGDONSHIRE,CAMBRIDGESHIRE,Standard,Addition,52.5177220000,-0.2640340000
157000,2016-12-21 00:00:00Z,PE7 3AF,Terraced,Established,Freehold,55,,MALLORY DRIVE,YAXLEY,PETERBOROUGH,HUNTINGDONSHIRE,CAMBRIDGESHIRE,Standard,Addition,52.5139820000,-0.2657180000
145000,2016-09-30 00:00:00Z,PE7 3AE,Terraced,Established,Freehold,18,,LIVINGSTONE ROAD,YAXLEY,PETERBOROUGH,HUNTINGDONSHIRE,CAMBRIDGESHIRE,Standard,Addition,52.5143500000,-0.2664820000
290000,2017-08-18 00:00:00Z,PE7 3AB,Detached,Established,Freehold,40,,SHACKLETON WAY,YAXLEY,PETERBOROUGH,HUNTINGDONSHIRE,CAMBRIDGESHIRE,Standard,Addition,52.5146540000,-0.2676210000
305000,2017-07-26 00:00:00Z,PE7 3ZL,Detached,Established,Freehold,22,,TELFORD DRIVE,YAXLEY,PETERBOROUGH,HUNTINGDONSHIRE,CAMBRIDGESHIRE,Standard,Addition,52.5192020000,-0.2668820000
264000,2017-08-09 00:00:00Z,PE7 3ZU,Detached,Established,Freehold,10,,WOLSELEY CLOSE,YAXLEY,PETERBOROUGH,HUNTINGDONSHIRE,CAMBRIDGESHIRE,Standard,Addition,52.5195700000,-0.2612960000
340000,2017-07-31 00:00:00Z,PE7 3ZW,Detached,Established,Freehold,30,,FERNDALE,YAXLEY,PETERBOROUGH,HUNTINGDONSHIRE,CAMBRIDGESHIRE,Standard,Addition,52.5191520000,-0.2659940000
352000,2017-08-31 00:00:00Z,PE7 3ZL,Detached,Established,Freehold,5,,TELFORD DRIVE,YAXLEY,PETERBOROUGH,HUNTINGDONSHIRE,CAMBRIDGESHIRE,Standard,Addition,52.5192020000,-0.2668820000
239000,2017-08-25 00:00:00Z,PE7 3NR,Semi-Detached,Established,Freehold,279,,BROADWAY,YAXLEY,PETERBOROUGH,HUNTINGDONSHIRE,CAMBRIDGESHIRE,Standard,Addition,52.5161780000,-0.2663390000
580000,2017-08-09 00:00:00Z,PE7 3ZG,Detached,Established,Freehold,1,,CARYSFORT CLOSE,YAXLEY,PETERBOROUGH,HUNTINGDONSHIRE,CAMBRIDGESHIRE,Standard,Addition,52.5131060000,-0.2677110000
144000,2017-04-28 00:00:00Z,PE7 3ZQ,Terraced,Established,Freehold,67,,FERNDALE,YAXLEY,PETERBOROUGH,HUNTINGDONSHIRE,CAMBRIDGESHIRE,Additional,Addition,52.5192260000,-0.2654510000
128000,2017-12-14 00:00:00Z,PE7 3NR,Flats/Maisonettes,Established,Leasehold,"OAKTREE COURT, 212",FLAT 3,BROADWAY,YAXLEY,PETERBOROUGH,HUNTINGDONSHIRE,CAMBRIDGESHIRE,Standard,Addition,52.5161780000,-0.2663390000
200000,2017-12-08 00:00:00Z,PE7 3YY,Detached,Established,Freehold,39,,VICARAGE WAY,YAXLEY,PETERBOROUGH,HUNTINGDONSHIRE,CAMBRIDGESHIRE,Standard,Addition,52.5129230000,-0.2648000000
500000,2017-08-10 00:00:00Z,PE7 3LN,Detached,Established,Freehold,50,,CHAPEL STREET,YAXLEY,PETERBOROUGH,HUNTINGDONSHIRE,CAMBRIDGESHIRE,Standard,Addition,52.5145890000,-0.2613010000
237000,2017-12-01 00:00:00Z,PE7 3ZS,Detached,Established,Freehold,35,,BENTLEY AVENUE,YAXLEY,PETERBOROUGH,HUNTINGDONSHIRE,CAMBRIDGESHIRE,Standard,Addition,52.5198920000,-0.2605760000
450000,2017-07-28 00:00:00Z,PE7 3NP,Detached,Established,Freehold,"APPLE DROP LODGE, 6C",,LONDON ROAD,YAXLEY,PETERBOROUGH,HUNTINGDONSHIRE,CAMBRIDGESHIRE,Standard,Addition,52.5189090000,-0.2689690000
300000,2017-12-08 00:00:00Z,PE7 3HL,Detached,Established,Freehold,6,,THE ROOKERY,YAXLEY,PETERBOROUGH,HUNTINGDONSHIRE,CAMBRIDGESHIRE,Standard,Addition,52.5169480000,-0.2646270000
170000,2017-10-19 00:00:00Z,PE7 3AF,Terraced,Established,Freehold,65,,MALLORY DRIVE,YAXLEY,PETERBOROUGH,HUNTINGDONSHIRE,CAMBRIDGESHIRE,Additional,Addition,52.5139820000,-0.2657180000
460000,2017-11-07 00:00:00Z,PE7 3NR,Other,Established,Freehold,289,,BROADWAY,YAXLEY,PETERBOROUGH,HUNTINGDONSHIRE,CAMBRIDGESHIRE,Additional,Addition,52.5161780000,-0.2663390000
132500,2017-01-27 00:00:00Z,PE7 3AF,Terraced,Established,Freehold,59,,MALLORY DRIVE,YAXLEY,PETERBOROUGH,HUNTINGDONSHIRE,CAMBRIDGESHIRE,Additional,Addition,52.5139820000,-0.2657180000
210000,2017-06-09 00:00:00Z,PE7 3YJ,Detached,Established,Freehold,18,,GREEN LANE,YAXLEY,PETERBOROUGH,HUNTINGDONSHIRE,CAMBRIDGESHIRE,Standard,Addition,52.5177220000,-0.2640340000
230000,2017-12-20 00:00:00Z,PE7 3HP,Detached,Established,Freehold,5,,PARTRIDGE CLOSE,YAXLEY,PETERBOROUGH,HUNTINGDONSHIRE,CAMBRIDGESHIRE,Standard,Addition,52.5178030000,-0.2683370000
270000,2017-05-31 00:00:00Z,PE7 3ZW,Detached,Established,Freehold,26,,FERNDALE,YAXLEY,PETERBOROUGH,HUNTINGDONSHIRE,CAMBRIDGESHIRE,Standard,Addition,52.5191520000,-0.2659940000
688000,2017-05-26 00:00:00Z,PE7 3LH,Detached,Established,Freehold,24,,CHURCH STREET,YAXLEY,PETERBOROUGH,HUNTINGDONSHIRE,CAMBRIDGESHIRE,Standard,Addition,52.5114190000,-0.2646680000
450000,2017-06-02 00:00:00Z,PE7 3NF,Detached,Established,Freehold,5,,DOVECOTE LANE,YAXLEY,PETERBOROUGH,HUNTINGDONSHIRE,CAMBRIDGESHIRE,Standard,Addition,52.5148280000,-0.2696480000
167000,2017-09-29 00:00:00Z,PE7 3AE,Terraced,Established,Freehold,10,,LIVINGSTONE ROAD,YAXLEY,PETERBOROUGH,HUNTINGDONSHIRE,CAMBRIDGESHIRE,Standard,Addition,52.5143500000,-0.2664820000
329000,2017-10-13 00:00:00Z,PE7 3ZP,Detached,Established,Freehold,25,,STEPHENSON CLOSE,YAXLEY,PETERBOROUGH,HUNTINGDONSHIRE,CAMBRIDGESHIRE,Standard,Addition,52.5196330000,-0.2680730000
217000,2017-11-03 00:00:00Z,PE7 3YT,Detached,Established,Freehold,24,,FIELD RISE,YAXLEY,PETERBOROUGH,HUNTINGDONSHIRE,CAMBRIDGESHIRE,Standard,Addition,52.5139240000,-0.2644220000
270000,2017-12-20 00:00:00Z,PE7 3AB,Semi-Detached,Established,Freehold,28,,SHACKLETON WAY,YAXLEY,PETERBOROUGH,HUNTINGDONSHIRE,CAMBRIDGESHIRE,Standard,Addition,52.5146540000,-0.2676210000
249000,2017-10-19 00:00:00Z,PE7 3ZW,Detached,Established,Freehold,50,,FERNDALE,YAXLEY,PETERBOROUGH,HUNTINGDONSHIRE,CAMBRIDGESHIRE,Standard,Addition,52.5191520000,-0.2659940000
372000,2017-10-12 00:00:00Z,PE7 3NF,Detached,Established,Freehold,18,,DOVECOTE LANE,YAXLEY,PETERBOROUGH,HUNTINGDONSHIRE,CAMBRIDGESHIRE,Standard,Addition,52.5148280000,-0.2696480000
245000,2017-02-10 00:00:00Z,PE7 3AF,Terraced,Established,Freehold,24,,MALLORY DRIVE,YAXLEY,PETERBOROUGH,HUNTINGDONSHIRE,CAMBRIDGESHIRE,Standard,Addition,52.5139820000,-0.2657180000
290000,2017-01-20 00:00:00Z,PE7 3AB,Detached,Established,Freehold,31,,SHACKLETON WAY,YAXLEY,PETERBOROUGH,HUNTINGDONSHIRE,CAMBRIDGESHIRE,Standard,Addition,52.5146540000,-0.2676210000
215000,2017-01-27 00:00:00Z,PE7 3LB,Semi-Detached,Established,Freehold,144,,MAIN STREET,YAXLEY,PETERBOROUGH,HUNTINGDONSHIRE,CAMBRIDGESHIRE,Standard,Addition,52.5123250000,-0.2608450000
170000,2017-01-27 00:00:00Z,PE7 3LF,Detached,Established,Freehold,41,,WESTFIELD ROAD,YAXLEY,PETERBOROUGH,HUNTINGDONSHIRE,CAMBRIDGESHIRE,Standard,Addition,52.5133680000,-0.2633090000
265000,2017-01-20 00:00:00Z,PE7 3ZS,Detached,Established,Freehold,27,,BENTLEY AVENUE,YAXLEY,PETERBOROUGH,HUNTINGDONSHIRE,CAMBRIDGESHIRE,Standard,Addition,52.5198920000,-0.2605760000
251000,2017-07-14 00:00:00Z,PE7 3ZW,Detached,Established,Freehold,12,,FERNDALE,YAXLEY,PETERBOROUGH,HUNTINGDONSHIRE,CAMBRIDGESHIRE,Standard,Addition,52.5191520000,-0.2659940000
368000,2017-06-21 00:00:00Z,PE7 3ZW,Detached,Established,Freehold,34,,FERNDALE,YAXLEY,PETERBOROUGH,HUNTINGDONSHIRE,CAMBRIDGESHIRE,Standard,Addition,52.5191520000,-0.2659940000
125000,2017-06-23 00:00:00Z,PE7 3NR,Flats/Maisonettes,Established,Leasehold,"OAKTREE COURT, 212",FLAT 19,BROADWAY,YAXLEY,PETERBOROUGH,HUNTINGDONSHIRE,CAMBRIDGESHIRE,Standard,Addition,52.5161780000,-0.2663390000
282000,2017-09-15 00:00:00Z,PE7 3HW,Detached,Established,Freehold,1,,OWL END WALK,YAXLEY,PETERBOROUGH,HUNTINGDONSHIRE,CAMBRIDGESHIRE,Standard,Addition,52.5172370000,-0.2671650000
210000,2017-07-20 00:00:00Z,PE7 3NT,Semi-Detached,Established,Freehold,199,,BROADWAY,YAXLEY,PETERBOROUGH,HUNTINGDONSHIRE,CAMBRIDGESHIRE,Standard,Addition,52.5169790000,-0.2606320000
295000,2017-06-29 00:00:00Z,PE7 3AB,Detached,Established,Freehold,30,,SHACKLETON WAY,YAXLEY,PETERBOROUGH,HUNTINGDONSHIRE,CAMBRIDGESHIRE,Standard,Addition,52.5146540000,-0.2676210000
327500,2017-07-07 00:00:00Z,PE7 3AB,Detached,Established,Freehold,24,,SHACKLETON WAY,YAXLEY,PETERBOROUGH,HUNTINGDONSHIRE,CAMBRIDGESHIRE,Standard,Addition,52.5146540000,-0.2676210000
210000,2017-03-17 00:00:00Z,PE7 3LB,Other,Established,Freehold,164,,MAIN STREET,YAXLEY,PETERBOROUGH,HUNTINGDONSHIRE,CAMBRIDGESHIRE,Additional,Addition,52.5123250000,-0.2608450000
455000,2017-04-03 00:00:00Z,PE7 3NP,Detached,Established,Freehold,"FIG TREE HOUSE, 6D",,LONDON ROAD,YAXLEY,PETERBOROUGH,HUNTINGDONSHIRE,CAMBRIDGESHIRE,Standard,Addition,52.5189090000,-0.2689690000
125000,2017-05-05 00:00:00Z,PE7 3NR,Flats/Maisonettes,Established,Leasehold,"OAKTREE COURT, 212",FLAT 15,BROADWAY,YAXLEY,PETERBOROUGH,HUNTINGDONSHIRE,CAMBRIDGESHIRE,Standard,Addition,52.5161780000,-0.2663390000
272000,2017-05-19 00:00:00Z,PE7 3HJ,Semi-Detached,Established,Freehold,7,,COCK CLOSE ROAD,YAXLEY,PETERBOROUGH,HUNTINGDONSHIRE,CAMBRIDGESHIRE,Standard,Addition,52.5172050000,-0.2668420000
185000,2017-01-27 00:00:00Z,PE7 3NP,Semi-Detached,Established,Freehold,48,,LONDON ROAD,YAXLEY,PETERBOROUGH,HUNTINGDONSHIRE,CAMBRIDGESHIRE,Standard,Addition,52.5189090000,-0.2689690000
227500,2017-03-29 00:00:00Z,PE7 3YJ,Detached,Established,Freehold,20,,GREEN LANE,YAXLEY,PETERBOROUGH,HUNTINGDONSHIRE,CAMBRIDGESHIRE,Standard,Addition,52.5177220000,-0.2640340000
152000,2017-04-19 00:00:00Z,PE7 3AD,Terraced,Established,Freehold,3,,SCOTT DRIVE,YAXLEY,PETERBOROUGH,HUNTINGDONSHIRE,CAMBRIDGESHIRE,Standard,Addition,52.5149040000,-0.2656510000
226500,2017-03-31 00:00:00Z,PE7 3LG,Detached,Established,Freehold,44,,WESTFIELD ROAD,YAXLEY,PETERBOROUGH,HUNTINGDONSHIRE,CAMBRIDGESHIRE,Standard,Addition,52.5129640000,-0.2627210000
165000,2017-03-31 00:00:00Z,PE7 3AE,Terraced,Established,Freehold,3,,LIVINGSTONE ROAD,YAXLEY,PETERBOROUGH,HUNTINGDONSHIRE,CAMBRIDGESHIRE,Standard,Addition,52.5143500000,-0.2664820000
281000,2017-03-31 00:00:00Z,PE7 3AB,Detached,Established,Freehold,29,,SHACKLETON WAY,YAXLEY,PETERBOROUGH,HUNTINGDONSHIRE,CAMBRIDGESHIRE,Standard,Addition,52.5146540000,-0.2676210000
250000,2017-04-13 00:00:00Z,PE7 3YZ,Detached,Established,Freehold,1,,LEE ROAD,YAXLEY,PETERBOROUGH,HUNTINGDONSHIRE,CAMBRIDGESHIRE,Standard,Addition,52.5127340000,-0.2617570000
255000,2017-03-29 00:00:00Z,PE7 3YJ,Detached,Established,Freehold,32,,GREEN LANE,YAXLEY,PETERBOROUGH,HUNTINGDONSHIRE,CAMBRIDGESHIRE,Standard,Addition,52.5177220000,-0.2640340000
237000,2017-03-31 00:00:00Z,PE7 3HL,Semi-Detached,Established,Freehold,8,,THE ROOKERY,YAXLEY,PETERBOROUGH,HUNTINGDONSHIRE,CAMBRIDGESHIRE,Standard,Addition,52.5169480000,-0.2646270000
210000,2017-04-17 00:00:00Z,PE7 3LB,Detached,Established,Freehold,164,,MAIN STREET,YAXLEY,PETERBOROUGH,HUNTINGDONSHIRE,CAMBRIDGESHIRE,Standard,Addition,52.5123250000,-0.2608450000
320000,2018-05-31 00:00:00Z,PE7 3LG,Detached,Established,Freehold,14,,WESTFIELD ROAD,YAXLEY,PETERBOROUGH,HUNTINGDONSHIRE,CAMBRIDGESHIRE,Standard,Addition,52.5129640000,-0.2627210000
128000,2018-05-02 00:00:00Z,PE7 3NR,Flats/Maisonettes,Established,Leasehold,"OAKTREE COURT, 212",FLAT 11,BROADWAY,YAXLEY,PETERBOROUGH,HUNTINGDONSHIRE,CAMBRIDGESHIRE,Standard,Addition,52.5161780000,-0.2663390000
238500,2018-06-26 00:00:00Z,PE7 3NR,Semi-Detached,Established,Freehold,281,,BROADWAY,YAXLEY,PETERBOROUGH,HUNTINGDONSHIRE,CAMBRIDGESHIRE,Standard,Addition,52.5161780000,-0.2663390000
221000,2018-06-04 00:00:00Z,PE7 3AB,Terraced,Established,Freehold,21,,SHACKLETON WAY,YAXLEY,PETERBOROUGH,HUNTINGDONSHIRE,CAMBRIDGESHIRE,Standard,Addition,52.5146540000,-0.2676210000
300000,2018-01-17 00:00:00Z,PE7 3YY,Detached,Established,Freehold,44,,VICARAGE WAY,YAXLEY,PETERBOROUGH,HUNTINGDONSHIRE,CAMBRIDGESHIRE,Standard,Addition,52.5129230000,-0.2648000000
481000,2018-01-05 00:00:00Z,PE7 3WT,Detached,Established,Freehold,1,,LAWN CLOSE,YAXLEY,PETERBOROUGH,HUNTINGDONSHIRE,CAMBRIDGESHIRE,Standard,Addition,52.5131380000,-0.2604740000
270000,2018-01-26 00:00:00Z,PE7 3LG,Detached,Established,Freehold,18,,WESTFIELD ROAD,YAXLEY,PETERBOROUGH,HUNTINGDONSHIRE,CAMBRIDGESHIRE,Standard,Addition,52.5129640000,-0.2627210000
255000,2018-02-05 00:00:00Z,PE7 3HJ,Detached,Established,Freehold,16,,COCK CLOSE ROAD,YAXLEY,PETERBOROUGH,HUNTINGDONSHIRE,CAMBRIDGESHIRE,Standard,Addition,52.5172050000,-0.2668420000
268000,2018-01-18 00:00:00Z,PE7 3NY,Detached,Established,Freehold,25,,MOUNTBATTEN AVENUE,YAXLEY,PETERBOROUGH,HUNTINGDONSHIRE,CAMBRIDGESHIRE,Standard,Addition,52.5158230000,-0.2614590000
235000,2018-11-07 00:00:00Z,PE7 3YX,Detached,Established,Freehold,11,,WISTERIA ROAD,YAXLEY,PETERBOROUGH,HUNTINGDONSHIRE,CAMBRIDGESHIRE,Standard,Addition,52.5124070000,-0.2639510000
337250,2018-12-10 00:00:00Z,PE7 3NF,Detached,Established,Freehold,26,,DOVECOTE LANE,YAXLEY,PETERBOROUGH,HUNTINGDONSHIRE,CAMBRIDGESHIRE,Standard,Addition,52.5148280000,-0.2696480000
175000,2018-08-28 00:00:00Z,PE7 3HW,Detached,Established,Freehold,14,,OWL END WALK,YAXLEY,PETERBOROUGH,HUNTINGDONSHIRE,CAMBRIDGESHIRE,Standard,Addition,52.5172370000,-0.2671650000
375000,2018-08-28 00:00:00Z,PE7 3LJ,Semi-Detached,Established,Freehold,10,,WEST END,YAXLEY,PETERBOROUGH,HUNTINGDONSHIRE,CAMBRIDGESHIRE,Standard,Addition,52.5101800000,-0.2641270000
205000,2018-05-18 00:00:00Z,PE7 3ZW,Detached,Established,Freehold,52,,FERNDALE,YAXLEY,PETERBOROUGH,HUNTINGDONSHIRE,CAMBRIDGESHIRE,Standard,Addition,52.5191520000,-0.2659940000
178000,2018-08-17 00:00:00Z,PE7 3AE,Terraced,Established,Freehold,4,,LIVINGSTONE ROAD,YAXLEY,PETERBOROUGH,HUNTINGDONSHIRE,CAMBRIDGESHIRE,Standard,Addition,52.5143500000,-0.2664820000
302000,2018-08-31 00:00:00Z,PE7 3AB,Detached,Established,Freehold,45,,SHACKLETON WAY,YAXLEY,PETERBOROUGH,HUNTINGDONSHIRE,CAMBRIDGESHIRE,Standard,Addition,52.5146540000,-0.2676210000
380000,2018-08-23 00:00:00Z,PE7 3LB,Detached,Established,Freehold,130A,,MAIN STREET,YAXLEY,PETERBOROUGH,HUNTINGDONSHIRE,CAMBRIDGESHIRE,Standard,Addition,52.5123250000,-0.2608450000
900000,2018-07-26 00:00:00Z,PE7 3LH,Detached,Established,Freehold,42,,CHURCH STREET,YAXLEY,PETERBOROUGH,HUNTINGDONSHIRE,CAMBRIDGESHIRE,Standard,Addition,52.5114190000,-0.2646680000
210000,2018-08-17 00:00:00Z,PE7 3WZ,Semi-Detached,Established,Freehold,4,,SEATON CLOSE,YAXLEY,PETERBOROUGH,HUNTINGDONSHIRE,CAMBRIDGESHIRE,Standard,Addition,52.5183220000,-0.2632610000
212000,2018-08-13 00:00:00Z,PE7 3NR,Semi-Detached,Established,Freehold,264,,BROADWAY,YAXLEY,PETERBOROUGH,HUNTINGDONSHIRE,CAMBRIDGESHIRE,Standard,Addition,52.5161780000,-0.2663390000
262000,2018-08-03 00:00:00Z,PE7 3ZW,Detached,Established,Freehold,50,,FERNDALE,YAXLEY,PETERBOROUGH,HUNTINGDONSHIRE,CAMBRIDGESHIRE,Standard,Addition,52.5191520000,-0.2659940000
176500,2018-08-31 00:00:00Z,PE7 3ZQ,Terraced,Established,Freehold,45,,FERNDALE,YAXLEY,PETERBOROUGH,HUNTINGDONSHIRE,CAMBRIDGESHIRE,Standard,Addition,52.5192260000,-0.2654510000
115000,2018-10-09 00:00:00Z,PE7 3LN,Other,Established,Freehold,CHAPEL STUDIO,,CHAPEL STREET,YAXLEY,PETERBOROUGH,HUNTINGDONSHIRE,CAMBRIDGESHIRE,Additional,Addition,52.5145890000,-0.2613010000
215000,2018-09-28 00:00:00Z,PE7 3HN,Semi-Detached,Established,Freehold,19,,PHEASANT WAY,YAXLEY,PETERBOROUGH,HUNTINGDONSHIRE,CAMBRIDGESHIRE,Additional,Addition,52.5167260000,-0.2679080000
170000,2018-09-14 00:00:00Z,PE7 3YE,Semi-Detached,Established,Freehold,4,,WYKES ROAD,YAXLEY,PETERBOROUGH,HUNTINGDONSHIRE,CAMBRIDGESHIRE,Additional,Addition,52.5107360000,-0.2652990000
176500,2018-08-13 00:00:00Z,PE7 3NP,Semi-Detached,Established,Freehold,30,,LONDON ROAD,YAXLEY,PETERBOROUGH,HUNTINGDONSHIRE,CAMBRIDGESHIRE,Standard,Addition,52.5189090000,-0.2689690000
169000,2018-07-27 00:00:00Z,PE7 3AF,Terraced,Established,Freehold,47,,MALLORY DRIVE,YAXLEY,PETERBOROUGH,HUNTINGDONSHIRE,CAMBRIDGESHIRE,Standard,Addition,52.5139820000,-0.2657180000
328000,2018-01-05 00:00:00Z,PE7 3YY,Detached,Established,Freehold,14,,VICARAGE WAY,YAXLEY,PETERBOROUGH,HUNTINGDONSHIRE,CAMBRIDGESHIRE,Standard,Addition,52.5129230000,-0.2648000000
277000,2018-01-17 00:00:00Z,PE7 3AE,Detached,Established,Freehold,12,,LIVINGSTONE ROAD,YAXLEY,PETERBOROUGH,HUNTINGDONSHIRE,CAMBRIDGESHIRE,Standard,Addition,52.5143500000,-0.2664820000
147000,2018-01-24 00:00:00Z,PE7 3HW,Terraced,Established,Freehold,2,,OWL END WALK,YAXLEY,PETERBOROUGH,HUNTINGDONSHIRE,CAMBRIDGESHIRE,Standard,Addition,52.5172370000,-0.2671650000
158000,2018-12-14 00:00:00Z,PE7 3ZQ,Terraced,Established,Freehold,71,,FERNDALE,YAXLEY,PETERBOROUGH,HUNTINGDONSHIRE,CAMBRIDGESHIRE,Standard,Addition,52.5192260000,-0.2654510000
340000,2018-03-08 00:00:00Z,PE7 3AB,Detached,Established,Freehold,8,,SHACKLETON WAY,YAXLEY,PETERBOROUGH,HUNTINGDONSHIRE,CAMBRIDGESHIRE,Standard,Addition,52.5146540000,-0.2676210000
230000,2018-11-29 00:00:00Z,PE7 3NR,Semi-Detached,Established,Freehold,243,,BROADWAY,YAXLEY,PETERBOROUGH,HUNTINGDONSHIRE,CAMBRIDGESHIRE,Standard,Addition,52.5161780000,-0.2663390000
174000,2018-02-23 00:00:00Z,PE7 3HJ,Semi-Detached,Established,Freehold,29,,COCK CLOSE ROAD,YAXLEY,PETERBOROUGH,HUNTINGDONSHIRE,CAMBRIDGESHIRE,Standard,Addition,52.5172050000,-0.2668420000
125000,2018-10-05 00:00:00Z,PE7 3NR,Flats/Maisonettes,Established,Leasehold,"OAKTREE COURT, 212",FLAT 20,BROADWAY,YAXLEY,PETERBOROUGH,HUNTINGDONSHIRE,CAMBRIDGESHIRE,Standard,Addition,52.5161780000,-0.2663390000
245000,2018-10-26 00:00:00Z,PE7 3WZ,Detached,Established,Freehold,1,,SEATON CLOSE,YAXLEY,PETERBOROUGH,HUNTINGDONSHIRE,CAMBRIDGESHIRE,Standard,Addition,52.5183220000,-0.2632610000
330000,2018-10-25 00:00:00Z,PE7 3NY,Detached,Established,Freehold,29,,MOUNTBATTEN AVENUE,YAXLEY,PETERBOROUGH,HUNTINGDONSHIRE,CAMBRIDGESHIRE,Standard,Addition,52.5158230000,-0.2614590000
215000,2018-11-23 00:00:00Z,PE7 3HN,Semi-Detached,Established,Freehold,19,,PHEASANT WAY,YAXLEY,PETERBOROUGH,HUNTINGDONSHIRE,CAMBRIDGESHIRE,Standard,Addition,52.5167260000,-0.2679080000
194000,2018-11-14 00:00:00Z,PE7 3ZQ,Terraced,Established,Freehold,65,,FERNDALE,YAXLEY,PETERBOROUGH,HUNTINGDONSHIRE,CAMBRIDGESHIRE,Standard,Addition,52.5192260000,-0.2654510000
365000,2018-11-30 00:00:00Z,PE7 3ZP,Detached,Established,Freehold,3,,STEPHENSON CLOSE,YAXLEY,PETERBOROUGH,HUNTINGDONSHIRE,CAMBRIDGESHIRE,Standard,Addition,52.5196330000,-0.2680730000
560000,2018-03-06 00:00:00Z,PE7 3ZG,Detached,Established,Freehold,9,,CARYSFORT CLOSE,YAXLEY,PETERBOROUGH,HUNTINGDONSHIRE,CAMBRIDGESHIRE,Standard,Addition,52.5131060000,-0.2677110000
220000,2018-04-12 00:00:00Z,PE7 3HN,Terraced,Established,Freehold,18,,PHEASANT WAY,YAXLEY,PETERBOROUGH,HUNTINGDONSHIRE,CAMBRIDGESHIRE,Standard,Addition,52.5167260000,-0.2679080000
285000,2018-12-07 00:00:00Z,PE7 3NT,Detached,Established,Freehold,194,,BROADWAY,YAXLEY,PETERBOROUGH,HUNTINGDONSHIRE,CAMBRIDGESHIRE,Standard,Addition,52.5169790000,-0.2606320000
405000,2018-03-29 00:00:00Z,PE7 3ZQ,Detached,Established,Freehold,3,,FERNDALE,YAXLEY,PETERBOROUGH,HUNTINGDONSHIRE,CAMBRIDGESHIRE,Standard,Addition,52.5192260000,-0.2654510000
520000,2018-12-11 00:00:00Z,PE7 3LD,Detached,Established,Freehold,171,,MAIN STREET,YAXLEY,PETERBOROUGH,HUNTINGDONSHIRE,CAMBRIDGESHIRE,Standard,Addition,52.5116060000,-0.2608290000
204500,2018-05-18 00:00:00Z,PE7 3YZ,Detached,Established,Freehold,8,,LEE ROAD,YAXLEY,PETERBOROUGH,HUNTINGDONSHIRE,CAMBRIDGESHIRE,Standard,Addition,52.5127340000,-0.2617570000
310000,2018-05-21 00:00:00Z,PE7 3ZS,Detached,Established,Freehold,61,,BENTLEY AVENUE,YAXLEY,PETERBOROUGH,HUNTINGDONSHIRE,CAMBRIDGESHIRE,Standard,Addition,52.5198920000,-0.2605760000
275000,2018-01-17 00:00:00Z,PE7 3HL,Detached,Established,Freehold,4,,THE ROOKERY,YAXLEY,PETERBOROUGH,HUNTINGDONSHIRE,CAMBRIDGESHIRE,Standard,Addition,52.5169480000,-0.2646270000
160000,2018-08-16 00:00:00Z,PE7 3AF,Terraced,Established,Freehold,10,,MALLORY DRIVE,YAXLEY,PETERBOROUGH,HUNTINGDONSHIRE,CAMBRIDGESHIRE,Standard,Addition,52.5139820000,-0.2657180000
240000,2018-10-31 00:00:00Z,PE7 3YX,Detached,Established,Freehold,11,,WISTERIA ROAD,YAXLEY,PETERBOROUGH,HUNTINGDONSHIRE,CAMBRIDGESHIRE,Additional,Addition,52.5124070000,-0.2639510000
277500,2018-09-28 00:00:00Z,PE7 3LG,Detached,Established,Freehold,38,,WESTFIELD ROAD,YAXLEY,PETERBOROUGH,HUNTINGDONSHIRE,CAMBRIDGESHIRE,Standard,Addition,52.5129640000,-0.2627210000
379000,2018-08-31 00:00:00Z,PE7 3NJ,Detached,Established,Freehold,4,,BEAUVOIR PLACE,YAXLEY,PETERBOROUGH,HUNTINGDONSHIRE,CAMBRIDGESHIRE,Standard,Addition,52.5134380000,-0.2601230000
314000,2018-10-05 00:00:00Z,PE7 3ZS,Detached,Established,Freehold,27,,BENTLEY AVENUE,YAXLEY,PETERBOROUGH,HUNTINGDONSHIRE,CAMBRIDGESHIRE,Standard,Addition,52.5198920000,-0.2605760000
291000,2018-09-18 00:00:00Z,PE7 3ZN,Detached,Established,Freehold,9,,BRUNEL DRIVE,YAXLEY,PETERBOROUGH,HUNTINGDONSHIRE,CAMBRIDGESHIRE,Standard,Addition,52.5190640000,-0.2679040000
346000,2019-09-27 00:00:00Z,PE7 3ZS,Detached,Established,Freehold,11,,BENTLEY AVENUE,YAXLEY,PETERBOROUGH,HUNTINGDONSHIRE,CAMBRIDGESHIRE,Standard,Addition,52.5198920000,-0.2605760000
178000,2019-10-15 00:00:00Z,PE7 3AF,Detached,Established,Freehold,57,,MALLORY DRIVE,YAXLEY,PETERBOROUGH,HUNTINGDONSHIRE,CAMBRIDGESHIRE,Standard,Addition,52.5139820000,-0.2657180000
197000,2019-02-15 00:00:00Z,PE7 3HL,Semi-Detached,Established,Freehold,11,,THE ROOKERY,YAXLEY,PETERBOROUGH,HUNTINGDONSHIRE,CAMBRIDGESHIRE,Standard,Addition,52.5169480000,-0.2646270000
215000,2019-11-15 00:00:00Z,PE7 3AD,Terraced,Established,Freehold,16,,SCOTT DRIVE,YAXLEY,PETERBOROUGH,HUNTINGDONSHIRE,CAMBRIDGESHIRE,Standard,Addition,52.5149040000,-0.2656510000
282000,2019-03-08 00:00:00Z,PE7 3AB,Detached,Established,Freehold,52,,SHACKLETON WAY,YAXLEY,PETERBOROUGH,HUNTINGDONSHIRE,CAMBRIDGESHIRE,Standard,Addition,52.5146540000,-0.2676210000
295000,2019-02-22 00:00:00Z,PE7 3AB,Detached,Established,Freehold,1,,SHACKLETON WAY,YAXLEY,PETERBOROUGH,HUNTINGDONSHIRE,CAMBRIDGESHIRE,Standard,Addition,52.5146540000,-0.2676210000
205000,2019-03-12 00:00:00Z,PE7 3ZQ,Semi-Detached,Established,Freehold,43,,FERNDALE,YAXLEY,PETERBOROUGH,HUNTINGDONSHIRE,CAMBRIDGESHIRE,Standard,Addition,52.5192260000,-0.2654510000
210000,2019-11-27 00:00:00Z,PE7 3LQ,Detached,Established,Freehold,2,,LAUREL CLOSE,YAXLEY,PETERBOROUGH,HUNTINGDONSHIRE,CAMBRIDGESHIRE,Standard,Addition,52.5116560000,-0.2632570000
300000,2019-03-11 00:00:00Z,PE7 3NT,Detached,Established,Freehold,206,,BROADWAY,YAXLEY,PETERBOROUGH,HUNTINGDONSHIRE,CAMBRIDGESHIRE,Additional,Addition,52.5169790000,-0.2606320000
175000,2019-12-04 00:00:00Z,PE7 3ZN,Semi-Detached,Established,Freehold,4,,BRUNEL DRIVE,YAXLEY,PETERBOROUGH,HUNTINGDONSHIRE,CAMBRIDGESHIRE,Standard,Addition,52.5190640000,-0.2679040000
231000,2019-05-10 00:00:00Z,PE7 3HJ,Detached,Established,Freehold,11,,COCK CLOSE ROAD,YAXLEY,PETERBOROUGH,HUNTINGDONSHIRE,CAMBRIDGESHIRE,Standard,Addition,52.5172050000,-0.2668420000
290000,2019-04-18 00:00:00Z,PE7 3AB,Detached,Established,Freehold,50,,SHACKLETON WAY,YAXLEY,PETERBOROUGH,HUNTINGDONSHIRE,CAMBRIDGESHIRE,Standard,Addition,52.5146540000,-0.2676210000
250000,2019-04-26 00:00:00Z,PE7 3AB,Terraced,Established,Freehold,17,,SHACKLETON WAY,YAXLEY,PETERBOROUGH,HUNTINGDONSHIRE,CAMBRIDGESHIRE,Standard,Addition,52.5146540000,-0.2676210000
290000,2019-04-29 00:00:00Z,PE7 3NY,Detached,Established,Freehold,28,,MOUNTBATTEN AVENUE,YAXLEY,PETERBOROUGH,HUNTINGDONSHIRE,CAMBRIDGESHIRE,Standard,Addition,52.5158230000,-0.2614590000
430000,2019-04-30 00:00:00Z,PE7 3NR,Detached,Established,Freehold,266,,BROADWAY,YAXLEY,PETERBOROUGH,HUNTINGDONSHIRE,CAMBRIDGESHIRE,Standard,Addition,52.5161780000,-0.2663390000
130000,2019-05-23 00:00:00Z,PE7 3LN,Flats/Maisonettes,Established,Leasehold,"SPINNEY HOUSE, 52",APARTMENT 6,CHAPEL STREET,YAXLEY,PETERBOROUGH,HUNTINGDONSHIRE,CAMBRIDGESHIRE,Standard,Addition,52.5145890000,-0.2613010000
215000,2019-04-05 00:00:00Z,PE7 3ZL,Semi-Detached,Established,Freehold,4,,TELFORD DRIVE,YAXLEY,PETERBOROUGH,HUNTINGDONSHIRE,CAMBRIDGESHIRE,Standard,Addition,52.5192020000,-0.2668820000
317000,2019-04-12 00:00:00Z,PE7 3ZL,Detached,Established,Freehold,24,,TELFORD DRIVE,YAXLEY,PETERBOROUGH,HUNTINGDONSHIRE,CAMBRIDGESHIRE,Standard,Addition,52.5192020000,-0.2668820000
232500,2019-04-18 00:00:00Z,PE7 3ZQ,Detached,Established,Freehold,39,,FERNDALE,YAXLEY,PETERBOROUGH,HUNTINGDONSHIRE,CAMBRIDGESHIRE,Standard,Addition,52.5192260000,-0.2654510000
124000,2019-12-06 00:00:00Z,PE7 3NT,Semi-Detached,Established,Freehold,165,,BROADWAY,YAXLEY,PETERBOROUGH,HUNTINGDONSHIRE,CAMBRIDGESHIRE,Additional,Addition,52.5169790000,-0.2606320000
180000,2019-04-08 00:00:00Z,PE7 3AE,Terraced,Established,Freehold,3,,LIVINGSTONE ROAD,YAXLEY,PETERBOROUGH,HUNTINGDONSHIRE,CAMBRIDGESHIRE,Standard,Addition,52.5143500000,-0.2664820000
290000,2019-08-23 00:00:00Z,PE7 3LF,Semi-Detached,Established,Freehold,21,,WESTFIELD ROAD,YAXLEY,PETERBOROUGH,HUNTINGDONSHIRE,CAMBRIDGESHIRE,Standard,Addition,52.5133680000,-0.2633090000
240000,2019-08-30 00:00:00Z,PE7 3HL,Semi-Detached,Established,Freehold,19,,THE ROOKERY,YAXLEY,PETERBOROUGH,HUNTINGDONSHIRE,CAMBRIDGESHIRE,Standard,Addition,52.5169480000,-0.2646270000
542500,2019-09-20 00:00:00Z,PE7 3LN,Detached,Established,Freehold,50A,,CHAPEL STREET,YAXLEY,PETERBOROUGH,HUNTINGDONSHIRE,CAMBRIDGESHIRE,Standard,Addition,52.5145890000,-0.2613010000
280000,2019-08-23 00:00:00Z,PE7 3YY,Detached,Established,Freehold,4,,VICARAGE WAY,YAXLEY,PETERBOROUGH,HUNTINGDONSHIRE,CAMBRIDGESHIRE,Standard,Addition,52.5129230000,-0.2648000000
275000,2019-08-02 00:00:00Z,PE7 3LQ,Detached,Established,Freehold,3,,LAUREL CLOSE,YAXLEY,PETERBOROUGH,HUNTINGDONSHIRE,CAMBRIDGESHIRE,Standard,Addition,52.5116560000,-0.2632570000
215000,2019-02-01 00:00:00Z,PE7 3HN,Semi-Detached,Established,Freehold,13,,PHEASANT WAY,YAXLEY,PETERBOROUGH,HUNTINGDONSHIRE,CAMBRIDGESHIRE,Standard,Addition,52.5167260000,-0.2679080000
175000,2019-02-08 00:00:00Z,PE7 3LN,Terraced,Established,Freehold,46,,CHAPEL STREET,YAXLEY,PETERBOROUGH,HUNTINGDONSHIRE,CAMBRIDGESHIRE,Standard,Addition,52.5145890000,-0.2613010000
372500,2019-02-15 00:00:00Z,PE7 3NY,Detached,Established,Freehold,21,,MOUNTBATTEN AVENUE,YAXLEY,PETERBOROUGH,HUNTINGDONSHIRE,CAMBRIDGESHIRE,Standard,Addition,52.5158230000,-0.2614590000
285000,2019-01-23 00:00:00Z,PE7 3ZW,Detached,Established,Freehold,46,,FERNDALE,YAXLEY,PETERBOROUGH,HUNTINGDONSHIRE,CAMBRIDGESHIRE,Standard,Addition,52.5191520000,-0.2659940000
334000,2019-02-15 00:00:00Z,PE7 3ZP,Detached,Established,Freehold,2,,STEPHENSON CLOSE,YAXLEY,PETERBOROUGH,HUNTINGDONSHIRE,CAMBRIDGESHIRE,Standard,Addition,52.5196330000,-0.2680730000
300000,2019-02-01 00:00:00Z,PE7 3AE,Detached,Established,Freehold,1,,LIVINGSTONE ROAD,YAXLEY,PETERBOROUGH,HUNTINGDONSHIRE,CAMBRIDGESHIRE,Standard,Addition,52.5143500000,-0.2664820000
210000,2019-08-30 00:00:00Z,PE7 3LN,Flats/Maisonettes,Established,Leasehold,"SPINNEY HOUSE, 52",APARTMENT 14,CHAPEL STREET,YAXLEY,PETERBOROUGH,HUNTINGDONSHIRE,CAMBRIDGESHIRE,Standard,Addition,52.5145890000,-0.2613010000
590000,2019-06-03 00:00:00Z,PE7 3ZG,Detached,Established,Freehold,1,,CARYSFORT CLOSE,YAXLEY,PETERBOROUGH,HUNTINGDONSHIRE,CAMBRIDGESHIRE,Standard,Addition,52.5131060000,-0.2677110000
180000,2019-06-25 00:00:00Z,PE7 3AD,Terraced,Established,Freehold,5,,SCOTT DRIVE,YAXLEY,PETERBOROUGH,HUNTINGDONSHIRE,CAMBRIDGESHIRE,Standard,Addition,52.5149040000,-0.2656510000
218000,2019-05-24 00:00:00Z,PE7 3AD,Semi-Detached,Established,Freehold,12,,SCOTT DRIVE,YAXLEY,PETERBOROUGH,HUNTINGDONSHIRE,CAMBRIDGESHIRE,Standard,Addition,52.5149040000,-0.2656510000
360000,2019-06-21 00:00:00Z,PE7 3LH,Detached,Established,Freehold,1,,CHURCH STREET,YAXLEY,PETERBOROUGH,HUNTINGDONSHIRE,CAMBRIDGESHIRE,Standard,Addition,52.5114190000,-0.2646680000
313000,2019-07-16 00:00:00Z,PE7 3AB,Semi-Detached,Established,Freehold,32,,SHACKLETON WAY,YAXLEY,PETERBOROUGH,HUNTINGDONSHIRE,CAMBRIDGESHIRE,Standard,Addition,52.5146540000,-0.2676210000
299995,2019-07-26 00:00:00Z,PE7 3AB,Detached,Established,Freehold,37,,SHACKLETON WAY,YAXLEY,PETERBOROUGH,HUNTINGDONSHIRE,CAMBRIDGESHIRE,Standard,Addition,52.5146540000,-0.2676210000
200000,2019-08-21 00:00:00Z,PE7 3YU,Detached,Established,Freehold,33,,STONEHOUSE ROAD,YAXLEY,PETERBOROUGH,HUNTINGDONSHIRE,CAMBRIDGESHIRE,Standard,Addition,52.5136880000,-0.2618230000
130000,2019-07-11 00:00:00Z,PE7 3LN,Flats/Maisonettes,Established,Leasehold,"SPINNEY HOUSE, 52",APARTMENT 5,CHAPEL STREET,YAXLEY,PETERBOROUGH,HUNTINGDONSHIRE,CAMBRIDGESHIRE,Standard,Addition,52.5145890000,-0.2613010000
250000,2019-07-11 00:00:00Z,PE7 3LG,Detached,Established,Freehold,54,,WESTFIELD ROAD,YAXLEY,PETERBOROUGH,HUNTINGDONSHIRE,CAMBRIDGESHIRE,Standard,Addition,52.5129640000,-0.2627210000
386000,2019-06-28 00:00:00Z,PE7 3ZS,Detached,Established,Freehold,33,,BENTLEY AVENUE,YAXLEY,PETERBOROUGH,HUNTINGDONSHIRE,CAMBRIDGESHIRE,Standard,Addition,52.5198920000,-0.2605760000
232500,2019-06-28 00:00:00Z,PE7 3YJ,Detached,Established,Freehold,4,,GREEN LANE,YAXLEY,PETERBOROUGH,HUNTINGDONSHIRE,CAMBRIDGESHIRE,Standard,Addition,52.5177220000,-0.2640340000
255000,2019-06-21 00:00:00Z,PE7 3YT,Detached,Established,Freehold,39,,FIELD RISE,YAXLEY,PETERBOROUGH,HUNTINGDONSHIRE,CAMBRIDGESHIRE,Standard,Addition,52.5139240000,-0.2644220000
240000,2019-06-25 00:00:00Z,PE7 3LW,Semi-Detached,Established,Freehold,21,,CHAPEL STREET,YAXLEY,PETERBOROUGH,HUNTINGDONSHIRE,CAMBRIDGESHIRE,Standard,Addition,52.5148250000,-0.2614980000
392500,2019-01-11 00:00:00Z,PE7 3LB,Detached,Established,Freehold,139,,MAIN STREET,YAXLEY,PETERBOROUGH,HUNTINGDONSHIRE,CAMBRIDGESHIRE,Standard,Addition,52.5123250000,-0.2608450000
272500,2019-01-18 00:00:00Z,PE7 3YT,Detached,Established,Freehold,11,,FIELD RISE,YAXLEY,PETERBOROUGH,HUNTINGDONSHIRE,CAMBRIDGESHIRE,Standard,Addition,52.5139240000,-0.2644220000
345000,2019-01-09 00:00:00Z,PE7 3YY,Detached,Established,Freehold,41,,VICARAGE WAY,YAXLEY,PETERBOROUGH,HUNTINGDONSHIRE,CAMBRIDGESHIRE,Standard,Addition,52.5129230000,-0.2648000000
260000,2019-02-28 00:00:00Z,PE7 3YT,Semi-Detached,Established,Freehold,16,,FIELD RISE,YAXLEY,PETERBOROUGH,HUNTINGDONSHIRE,CAMBRIDGESHIRE,Standard,Addition,52.5139240000,-0.2644220000
232500,2020-06-29 00:00:00Z,PE7 3HW,Semi-Detached,Established,Freehold,29,,OWL END WALK,YAXLEY,PETERBOROUGH,HUNTINGDONSHIRE,CAMBRIDGESHIRE,Standard,Addition,52.5172370000,-0.2671650000
160000,2020-05-29 00:00:00Z,PE7 3NR,Flats/Maisonettes,Established,Leasehold,"OAKTREE COURT, 212",FLAT 17,BROADWAY,YAXLEY,PETERBOROUGH,HUNTINGDONSHIRE,CAMBRIDGESHIRE,Standard,Addition,52.5161780000,-0.2663390000
500000,2020-02-28 00:00:00Z,PE7 3AB,Detached,Established,Freehold,42,,SHACKLETON WAY,YAXLEY,PETERBOROUGH,HUNTINGDONSHIRE,CAMBRIDGESHIRE,Standard,Addition,52.5146540000,-0.2676210000
277500,2020-10-01 00:00:00Z,PE7 3AB,Detached,Established,Freehold,10,,SHACKLETON WAY,YAXLEY,PETERBOROUGH,HUNTINGDONSHIRE,CAMBRIDGESHIRE,Standard,Addition,52.5146540000,-0.2676210000
190000,2020-10-09 00:00:00Z,PE7 3YU,Detached,Established,Freehold,27,,STONEHOUSE ROAD,YAXLEY,PETERBOROUGH,HUNTINGDONSHIRE,CAMBRIDGESHIRE,Standard,Addition,52.5136880000,-0.2618230000
255000,2020-09-30 00:00:00Z,PE7 3YJ,Detached,Established,Freehold,12,,GREEN LANE,YAXLEY,PETERBOROUGH,HUNTINGDONSHIRE,CAMBRIDGESHIRE,Standard,Addition,52.5177220000,-0.2640340000
227500,2020-12-18 00:00:00Z,PE7 3YZ,Detached,Established,Freehold,4,,LEE ROAD,YAXLEY,PETERBOROUGH,HUNTINGDONSHIRE,CAMBRIDGESHIRE,Standard,Addition,52.5127340000,-0.2617570000
210000,2020-06-26 00:00:00Z,PE7 3HW,Detached,Established,Freehold,5,,OWL END WALK,YAXLEY,PETERBOROUGH,HUNTINGDONSHIRE,CAMBRIDGESHIRE,Standard,Addition,52.5172370000,-0.2671650000
158000,2020-06-08 00:00:00Z,PE7 3YE,Semi-Detached,Established,Freehold,1,,WYKES ROAD,YAXLEY,PETERBOROUGH,HUNTINGDONSHIRE,CAMBRIDGESHIRE,Standard,Addition,52.5107360000,-0.2652990000
322000,2020-12-04 00:00:00Z,PE7 3QD,Detached,Established,Freehold,16,,RILEY CLOSE,YAXLEY,PETERBOROUGH,HUNTINGDONSHIRE,CAMBRIDGESHIRE,Standard,Addition,52.5194650000,-0.2645570000
340000,2020-12-04 00:00:00Z,PE7 3ZQ,Detached,Established,Freehold,15,,FERNDALE,YAXLEY,PETERBOROUGH,HUNTINGDONSHIRE,CAMBRIDGESHIRE,Standard,Addition,52.5192260000,-0.2654510000
250000,2020-12-14 00:00:00Z,PE7 3YX,Detached,Established,Freehold,8,,WISTERIA ROAD,YAXLEY,PETERBOROUGH,HUNTINGDONSHIRE,CAMBRIDGESHIRE,Standard,Addition,52.5124070000,-0.2639510000
255000,2020-06-29 00:00:00Z,PE7 3LG,Detached,Established,Freehold,44,,WESTFIELD ROAD,YAXLEY,PETERBOROUGH,HUNTINGDONSHIRE,CAMBRIDGESHIRE,Standard,Addition,52.5129640000,-0.2627210000
130000,2020-12-14 00:00:00Z,PE7 3LN,Flats/Maisonettes,Established,Leasehold,"SPINNEY HOUSE, 52",APARTMENT 3,CHAPEL STREET,YAXLEY,PETERBOROUGH,HUNTINGDONSHIRE,CAMBRIDGESHIRE,Standard,Addition,52.5145890000,-0.2613010000
275000,2020-11-09 00:00:00Z,PE7 3HN,Detached,Established,Freehold,30,,PHEASANT WAY,YAXLEY,PETERBOROUGH,HUNTINGDONSHIRE,CAMBRIDGESHIRE,Standard,Addition,52.5167260000,-0.2679080000
175000,2020-10-16 00:00:00Z,PE7 3LN,Terraced,Established,Freehold,30,,CHAPEL STREET,YAXLEY,PETERBOROUGH,HUNTINGDONSHIRE,CAMBRIDGESHIRE,Standard,Addition,52.5145890000,-0.2613010000
185000,2020-12-16 00:00:00Z,PE7 3YJ,Detached,Established,Freehold,28,,GREEN LANE,YAXLEY,PETERBOROUGH,HUNTINGDONSHIRE,CAMBRIDGESHIRE,Standard,Addition,52.5177220000,-0.2640340000
368000,2020-10-23 00:00:00Z,PE7 3LJ,Detached,Established,Freehold,5,,WEST END,YAXLEY,PETERBOROUGH,HUNTINGDONSHIRE,CAMBRIDGESHIRE,Standard,Addition,52.5101800000,-0.2641270000
278000,2020-11-13 00:00:00Z,PE7 3LN,Detached,Established,Freehold,84,,CHAPEL STREET,YAXLEY,PETERBOROUGH,HUNTINGDONSHIRE,CAMBRIDGESHIRE,Standard,Addition,52.5145890000,-0.2613010000
422750,2020-11-27 00:00:00Z,PE7 3YY,Detached,Established,Freehold,39,,VICARAGE WAY,YAXLEY,PETERBOROUGH,HUNTINGDONSHIRE,CAMBRIDGESHIRE,Standard,Addition,52.5129230000,-0.2648000000
182000,2020-11-10 00:00:00Z,PE7 3HL,Semi-Detached,Established,Freehold,13,,THE ROOKERY,YAXLEY,PETERBOROUGH,HUNTINGDONSHIRE,CAMBRIDGESHIRE,Standard,Addition,52.5169480000,-0.2646270000
500000,2020-12-18 00:00:00Z,PE7 3LW,Detached,Established,Freehold,THE BIRCHES,,CHAPEL STREET,YAXLEY,PETERBOROUGH,HUNTINGDONSHIRE,CAMBRIDGESHIRE,Standard,Addition,52.5148250000,-0.2614980000
255000,2020-02-21 00:00:00Z,PE7 3LG,Detached,Established,Freehold,44,,WESTFIELD ROAD,YAXLEY,PETERBOROUGH,HUNTINGDONSHIRE,CAMBRIDGESHIRE,Additional,Addition,52.5129640000,-0.2627210000
190000,2020-02-14 00:00:00Z,PE7 3HW,Terraced,Established,Freehold,38,,OWL END WALK,YAXLEY,PETERBOROUGH,HUNTINGDONSHIRE,CAMBRIDGESHIRE,Standard,Addition,52.5172370000,-0.2671650000
395000,2020-08-10 00:00:00Z,PE7 3ZP,Detached,Established,Freehold,9,,STEPHENSON CLOSE,YAXLEY,PETERBOROUGH,HUNTINGDONSHIRE,CAMBRIDGESHIRE,Standard,Addition,52.5196330000,-0.2680730000
435000,2020-08-27 00:00:00Z,PE7 3NF,Detached,Established,Freehold,28,,DOVECOTE LANE,YAXLEY,PETERBOROUGH,HUNTINGDONSHIRE,CAMBRIDGESHIRE,Standard,Addition,52.5148280000,-0.2696480000
402000,2020-02-28 00:00:00Z,PE7 3ZW,Detached,Established,Freehold,20,,FERNDALE,YAXLEY,PETERBOROUGH,HUNTINGDONSHIRE,CAMBRIDGESHIRE,Standard,Addition,52.5191520000,-0.2659940000
250000,2020-04-14 00:00:00Z,PE7 3LF,Semi-Detached,Established,Freehold,25,,WESTFIELD ROAD,YAXLEY,PETERBOROUGH,HUNTINGDONSHIRE,CAMBRIDGESHIRE,Standard,Addition,52.5133680000,-0.2633090000
260000,2020-01-24 00:00:00Z,PE7 3ZS,Detached,Established,Freehold,35,,BENTLEY AVENUE,YAXLEY,PETERBOROUGH,HUNTINGDONSHIRE,CAMBRIDGESHIRE,Standard,Addition,52.5198920000,-0.2605760000
122000,2020-02-13 00:00:00Z,PE7 3NR,Flats/Maisonettes,Established,Leasehold,"OAKTREE COURT, 212",FLAT 14,BROADWAY,YAXLEY,PETERBOROUGH,HUNTINGDONSHIRE,CAMBRIDGESHIRE,Additional,Addition,52.5161780000,-0.2663390000
138000,2020-08-26 00:00:00Z,PE7 3NP,Other,Established,Freehold,10A,,LONDON ROAD,YAXLEY,PETERBOROUGH,HUNTINGDONSHIRE,CAMBRIDGESHIRE,Additional,Addition,52.5189090000,-0.2689690000
355000,2020-08-10 00:00:00Z,PE7 3NF,Detached,Established,Freehold,7,,DOVECOTE LANE,YAXLEY,PETERBOROUGH,HUNTINGDONSHIRE,CAMBRIDGESHIRE,Standard,Addition,52.5148280000,-0.2696480000
160000,2020-07-03 00:00:00Z,PE7 3YG,Semi-Detached,Established,Freehold,6,,KINGFISHER CLOSE,YAXLEY,PETERBOROUGH,HUNTINGDONSHIRE,CAMBRIDGESHIRE,Standard,Addition,52.5175720000,-0.2661060000
285000,2020-01-24 00:00:00Z,PE7 3YJ,Detached,Established,Freehold,2A,,GREEN LANE,YAXLEY,PETERBOROUGH,HUNTINGDONSHIRE,CAMBRIDGESHIRE,Standard,Addition,52.5177220000,-0.2640340000
175000,2020-01-23 00:00:00Z,PE7 3HW,Terraced,Established,Freehold,17,,OWL END WALK,YAXLEY,PETERBOROUGH,HUNTINGDONSHIRE,CAMBRIDGESHIRE,Standard,Addition,52.5172370000,-0.2671650000
111000,2021-10-21 00:00:00Z,PE7 3NR,Flats/Maisonettes,Established,Leasehold,"OAKTREE COURT, 212",FLAT 6,BROADWAY,YAXLEY,PETERBOROUGH,HUNTINGDONSHIRE,CAMBRIDGESHIRE,Standard,Addition,52.5161780000,-0.2663390000
230000,2021-09-20 00:00:00Z,PE7 3AD,Terraced,Established,Freehold,18,,SCOTT DRIVE,YAXLEY,PETERBOROUGH,HUNTINGDONSHIRE,CAMBRIDGESHIRE,Standard,Addition,52.5149040000,-0.2656510000
210000,2021-06-18 00:00:00Z,PE7 3YJ,Semi-Detached,Established,Freehold,24,,GREEN LANE,YAXLEY,PETERBOROUGH,HUNTINGDONSHIRE,CAMBRIDGESHIRE,Standard,Addition,52.5177220000,-0.2640340000
256000,2021-11-01 00:00:00Z,PE7 3AB,Terraced,Established,Freehold,21,,SHACKLETON WAY,YAXLEY,PETERBOROUGH,HUNTINGDONSHIRE,CAMBRIDGESHIRE,Standard,Addition,52.5146540000,-0.2676210000
240000,2021-06-28 00:00:00Z,PE7 3HN,Detached,Established,Freehold,8,,PHEASANT WAY,YAXLEY,PETERBOROUGH,HUNTINGDONSHIRE,CAMBRIDGESHIRE,Standard,Addition,52.5167260000,-0.2679080000
280000,2021-11-17 00:00:00Z,PE7 3YU,Detached,Established,Freehold,33,,STONEHOUSE ROAD,YAXLEY,PETERBOROUGH,HUNTINGDONSHIRE,CAMBRIDGESHIRE,Standard,Addition,52.5136880000,-0.2618230000
200000,2021-11-26 00:00:00Z,PE7 3AE,Terraced,Established,Freehold,8,,LIVINGSTONE ROAD,YAXLEY,PETERBOROUGH,HUNTINGDONSHIRE,CAMBRIDGESHIRE,Standard,Addition,52.5143500000,-0.2664820000
185000,2021-09-03 00:00:00Z,PE7 3YG,Detached,Established,Freehold,10,,KINGFISHER CLOSE,YAXLEY,PETERBOROUGH,HUNTINGDONSHIRE,CAMBRIDGESHIRE,Standard,Addition,52.5175720000,-0.2661060000
217000,2021-07-20 00:00:00Z,PE7 3YG,Semi-Detached,Established,Freehold,13,,KINGFISHER CLOSE,YAXLEY,PETERBOROUGH,HUNTINGDONSHIRE,CAMBRIDGESHIRE,Standard,Addition,52.5175720000,-0.2661060000
425000,2021-09-22 00:00:00Z,PE7 3ZL,Detached,Established,Freehold,5,,TELFORD DRIVE,YAXLEY,PETERBOROUGH,HUNTINGDONSHIRE,CAMBRIDGESHIRE,Standard,Addition,52.5192020000,-0.2668820000
530000,2021-06-28 00:00:00Z,PE7 3NP,Detached,Established,Freehold,"THE ROOST, 6B",,LONDON ROAD,YAXLEY,PETERBOROUGH,HUNTINGDONSHIRE,CAMBRIDGESHIRE,Standard,Addition,52.5189090000,-0.2689690000
287500,2021-09-10 00:00:00Z,PE7 3HL,Detached,Established,Freehold,4,,THE ROOKERY,YAXLEY,PETERBOROUGH,HUNTINGDONSHIRE,CAMBRIDGESHIRE,Standard,Addition,52.5169480000,-0.2646270000
290500,2021-09-30 00:00:00Z,PE7 3NR,Semi-Detached,Established,Freehold,260,,BROADWAY,YAXLEY,PETERBOROUGH,HUNTINGDONSHIRE,CAMBRIDGESHIRE,Standard,Addition,52.5161780000,-0.2663390000
340000,2021-12-22 00:00:00Z,PE7 3NP,Semi-Detached,Established,Freehold,40,,LONDON ROAD,YAXLEY,PETERBOROUGH,HUNTINGDONSHIRE,CAMBRIDGESHIRE,Standard,Addition,52.5189090000,-0.2689690000
250000,2021-06-11 00:00:00Z,PE7 3YJ,Detached,Established,Freehold,4,,GREEN LANE,YAXLEY,PETERBOROUGH,HUNTINGDONSHIRE,CAMBRIDGESHIRE,Standard,Addition,52.5177220000,-0.2640340000
250000,2021-06-16 00:00:00Z,PE7 3NP,Semi-Detached,Established,Freehold,24,,LONDON ROAD,YAXLEY,PETERBOROUGH,HUNTINGDONSHIRE,CAMBRIDGESHIRE,Standard,Addition,52.5189090000,-0.2689690000
220500,2021-03-19 00:00:00Z,PE7 3LF,Semi-Detached,Established,Freehold,7,,WESTFIELD ROAD,YAXLEY,PETERBOROUGH,HUNTINGDONSHIRE,CAMBRIDGESHIRE,Standard,Addition,52.5133680000,-0.2633090000
220000,2021-02-22 00:00:00Z,PE7 3NR,Semi-Detached,Established,Freehold,253,,BROADWAY,YAXLEY,PETERBOROUGH,HUNTINGDONSHIRE,CAMBRIDGESHIRE,Standard,Addition,52.5161780000,-0.2663390000
385000,2021-12-10 00:00:00Z,PE7 3AB,Detached,Established,Freehold,40,,SHACKLETON WAY,YAXLEY,PETERBOROUGH,HUNTINGDONSHIRE,CAMBRIDGESHIRE,Standard,Addition,52.5146540000,-0.2676210000
310000,2021-01-29 00:00:00Z,PE7 3AF,Detached,Established,Freehold,67,,MALLORY DRIVE,YAXLEY,PETERBOROUGH,HUNTINGDONSHIRE,CAMBRIDGESHIRE,Standard,Addition,52.5139820000,-0.2657180000
247000,2021-03-04 00:00:00Z,PE7 3AB,Terraced,Established,Freehold,18,,SHACKLETON WAY,YAXLEY,PETERBOROUGH,HUNTINGDONSHIRE,CAMBRIDGESHIRE,Standard,Addition,52.5146540000,-0.2676210000
425000,2021-06-25 00:00:00Z,PE7 3LW,Detached,Established,Freehold,23,,CHAPEL STREET,YAXLEY,PETERBOROUGH,HUNTINGDONSHIRE,CAMBRIDGESHIRE,Standard,Addition,52.5148250000,-0.2614980000
215000,2021-02-09 00:00:00Z,PE7 3LB,Detached,Established,Freehold,166,,MAIN STREET,YAXLEY,PETERBOROUGH,HUNTINGDONSHIRE,CAMBRIDGESHIRE,Standard,Addition,52.5123250000,-0.2608450000
220000,2021-03-22 00:00:00Z,PE7 3HL,Detached,Established,Freehold,7,,THE ROOKERY,YAXLEY,PETERBOROUGH,HUNTINGDONSHIRE,CAMBRIDGESHIRE,Standard,Addition,52.5169480000,-0.2646270000
375000,2021-06-18 00:00:00Z,PE7 3ZL,Detached,Established,Freehold,8,,TELFORD DRIVE,YAXLEY,PETERBOROUGH,HUNTINGDONSHIRE,CAMBRIDGESHIRE,Standard,Addition,52.5192020000,-0.2668820000
385000,2021-06-29 00:00:00Z,PE7 3ZL,Detached,Established,Freehold,14,,TELFORD DRIVE,YAXLEY,PETERBOROUGH,HUNTINGDONSHIRE,CAMBRIDGESHIRE,Standard,Addition,52.5192020000,-0.2668820000
475000,2021-01-29 00:00:00Z,PE7 3NR,Other,Established,Freehold,289,,BROADWAY,YAXLEY,PETERBOROUGH,HUNTINGDONSHIRE,CAMBRIDGESHIRE,Additional,Addition,52.5161780000,-0.2663390000
270000,2021-01-29 00:00:00Z,PE7 3LN,Detached,Established,Freehold,82,,CHAPEL STREET,YAXLEY,PETERBOROUGH,HUNTINGDONSHIRE,CAMBRIDGESHIRE,Standard,Addition,52.5145890000,-0.2613010000
169000,2021-01-29 00:00:00Z,PE7 3AE,Terraced,Established,Freehold,9,,LIVINGSTONE ROAD,YAXLEY,PETERBOROUGH,HUNTINGDONSHIRE,CAMBRIDGESHIRE,Standard,Addition,52.5143500000,-0.2664820000
295000,2021-12-03 00:00:00Z,PE7 3HP,Detached,Established,Freehold,3,,PARTRIDGE CLOSE,YAXLEY,PETERBOROUGH,HUNTINGDONSHIRE,CAMBRIDGESHIRE,Standard,Addition,52.5178030000,-0.2683370000
245000,2021-08-03 00:00:00Z,PE7 3NP,Semi-Detached,Established,Freehold,26,,LONDON ROAD,YAXLEY,PETERBOROUGH,HUNTINGDONSHIRE,CAMBRIDGESHIRE,Standard,Addition,52.5189090000,-0.2689690000
370000,2021-05-28 00:00:00Z,PE7 3AB,Detached,Established,Freehold,39,,SHACKLETON WAY,YAXLEY,PETERBOROUGH,HUNTINGDONSHIRE,CAMBRIDGESHIRE,Standard,Addition,52.5146540000,-0.2676210000
375000,2021-06-23 00:00:00Z,PE7 3AE,Detached,Established,Freehold,1,,LIVINGSTONE ROAD,YAXLEY,PETERBOROUGH,HUNTINGDONSHIRE,CAMBRIDGESHIRE,Standard,Addition,52.5143500000,-0.2664820000
346000,2021-04-16 00:00:00Z,PE7 3AB,Detached,Established,Freehold,22,,SHACKLETON WAY,YAXLEY,PETERBOROUGH,HUNTINGDONSHIRE,CAMBRIDGESHIRE,Standard,Addition,52.5146540000,-0.2676210000
227000,2021-04-20 00:00:00Z,PE7 3AF,Terraced,Established,Freehold,12,,MALLORY DRIVE,YAXLEY,PETERBOROUGH,HUNTINGDONSHIRE,CAMBRIDGESHIRE,Additional,Addition,52.5139820000,-0.2657180000
245000,2021-10-14 00:00:00Z,PE7 3QD,Detached,Established,Freehold,7,,RILEY CLOSE,YAXLEY,PETERBOROUGH,HUNTINGDONSHIRE,CAMBRIDGESHIRE,Standard,Addition,52.5194650000,-0.2645570000
305000,2021-08-24 00:00:00Z,PE7 3HP,Detached,Established,Freehold,5,,PARTRIDGE CLOSE,YAXLEY,PETERBOROUGH,HUNTINGDONSHIRE,CAMBRIDGESHIRE,Standard,Addition,52.5178030000,-0.2683370000
440000,2021-06-04 00:00:00Z,PE7 3NT,Detached,Established,Freehold,208,,BROADWAY,YAXLEY,PETERBOROUGH,HUNTINGDONSHIRE,CAMBRIDGESHIRE,Standard,Addition,52.5169790000,-0.2606320000
185000,2021-01-22 00:00:00Z,PE7 3YZ,Detached,Established,Freehold,16,,LEE ROAD,YAXLEY,PETERBOROUGH,HUNTINGDONSHIRE,CAMBRIDGESHIRE,Standard,Addition,52.5127340000,-0.2617570000
250000,2021-09-02 00:00:00Z,PE7 3HL,Semi-Detached,Established,Freehold,15,,THE ROOKERY,YAXLEY,PETERBOROUGH,HUNTINGDONSHIRE,CAMBRIDGESHIRE,Standard,Addition,52.5169480000,-0.2646270000
166000,2021-09-27 00:00:00Z,PE7 3LN,Terraced,Established,Freehold,22,,CHAPEL STREET,YAXLEY,PETERBOROUGH,HUNTINGDONSHIRE,CAMBRIDGESHIRE,Standard,Addition,52.5145890000,-0.2613010000
258000,2021-09-29 00:00:00Z,PE7 3LF,Detached,Established,Freehold,41,,WESTFIELD ROAD,YAXLEY,PETERBOROUGH,HUNTINGDONSHIRE,CAMBRIDGESHIRE,Standard,Addition,52.5133680000,-0.2633090000
300000,2021-10-14 00:00:00Z,PE7 3QD,Detached,Established,Freehold,8,,RILEY CLOSE,YAXLEY,PETERBOROUGH,HUNTINGDONSHIRE,CAMBRIDGESHIRE,Standard,Addition,52.5194650000,-0.2645570000
365000,2021-06-29 00:00:00Z,PE7 3LB,Other,Established,Freehold,152,,MAIN STREET,YAXLEY,PETERBOROUGH,HUNTINGDONSHIRE,CAMBRIDGESHIRE,Additional,Addition,52.5123250000,-0.2608450000
187000,2021-09-03 00:00:00Z,PE7 3LN,Terraced,Established,Freehold,24,,CHAPEL STREET,YAXLEY,PETERBOROUGH,HUNTINGDONSHIRE,CAMBRIDGESHIRE,Standard,Addition,52.5145890000,-0.2613010000
295000,2021-04-09 00:00:00Z,PE7 3LH,Detached,Established,Freehold,15A,,CHURCH STREET,YAXLEY,PETERBOROUGH,HUNTINGDONSHIRE,CAMBRIDGESHIRE,Standard,Addition,52.5114190000,-0.2646680000
306000,2021-03-26 00:00:00Z,PE7 3YJ,Detached,Established,Freehold,25,,GREEN LANE,YAXLEY,PETERBOROUGH,HUNTINGDONSHIRE,CAMBRIDGESHIRE,Standard,Addition,52.5177220000,-0.2640340000
337500,2021-03-26 00:00:00Z,PE7 3NJ,Detached,Established,Freehold,5,,BEAUVOIR PLACE,YAXLEY,PETERBOROUGH,HUNTINGDONSHIRE,CAMBRIDGESHIRE,Standard,Addition,52.5134380000,-0.2601230000
175000,2021-05-14 00:00:00Z,PE7 3HJ,Terraced,Established,Freehold,27,,COCK CLOSE ROAD,YAXLEY,PETERBOROUGH,HUNTINGDONSHIRE,CAMBRIDGESHIRE,Standard,Addition,52.5172050000,-0.2668420000
235000,2021-01-19 00:00:00Z,PE7 3QD,Detached,Established,Freehold,7,,RILEY CLOSE,YAXLEY,PETERBOROUGH,HUNTINGDONSHIRE,CAMBRIDGESHIRE,Standard,Addition,52.5194650000,-0.2645570000
227500,2021-04-16 00:00:00Z,PE7 3AF,Terraced,Established,Freehold,14,,MALLORY DRIVE,YAXLEY,PETERBOROUGH,HUNTINGDONSHIRE,CAMBRIDGESHIRE,Additional,Addition,52.5139820000,-0.2657180000
285000,2022-02-10 00:00:00Z,PE7 3WH,Semi-Detached,Established,Freehold,5,,POOLEY WAY,YAXLEY,PETERBOROUGH,HUNTINGDONSHIRE,CAMBRIDGESHIRE,Standard,Addition,52.5184080000,-0.2624030000
101750,2022-03-08 00:00:00Z,PE7 3AD,Terraced,Established,Leasehold,24,,SCOTT DRIVE,YAXLEY,PETERBOROUGH,HUNTINGDONSHIRE,CAMBRIDGESHIRE,Standard,Addition,52.5149040000,-0.2656510000
370000,2022-02-24 00:00:00Z,PE7 3NJ,Detached,Established,Freehold,3,,BEAUVOIR PLACE,YAXLEY,PETERBOROUGH,HUNTINGDONSHIRE,CAMBRIDGESHIRE,Standard,Addition,52.5134380000,-0.2601230000
340000,2022-01-07 00:00:00Z,PE7 3NT,Detached,Established,Freehold,172A,,BROADWAY,YAXLEY,PETERBOROUGH,HUNTINGDONSHIRE,CAMBRIDGESHIRE,Standard,Addition,52.5169790000,-0.2606320000
425000,2022-01-28 00:00:00Z,PE7 3ZW,Detached,Established,Freehold,30,,FERNDALE,YAXLEY,PETERBOROUGH,HUNTINGDONSHIRE,CAMBRIDGESHIRE,Standard,Addition,52.5191520000,-0.2659940000
195000,2022-01-28 00:00:00Z,PE7 3HW,Terraced,Established,Freehold,11,,OWL END WALK,YAXLEY,PETERBOROUGH,HUNTINGDONSHIRE,CAMBRIDGESHIRE,Standard,Addition,52.5172370000,-0.2671650000
