48000,1995-12-11 00:00:00Z,WS7 1FA,Detached,Established,Leasehold,11,,LANCE DRIVE,BURNTWOOD,BURNTWOOD,LICHFIELD,STAFFORDSHIRE,Standard,Addition,52.6906290000,-1.9347420000
48000,1995-06-09 00:00:00Z,WS7 1PT,Semi-Detached,Established,Leasehold,20,,EARL DRIVE,BURNTWOOD,BURNTWOOD,LICHFIELD,STAFFORDSHIRE,Standard,Addition,52.6907300000,-1.9373450000
48000,1995-03-24 00:00:00Z,WS7 1NT,Semi-Detached,Established,Freehold,158,,RUGELEY ROAD,CHASE TERRACE,BURNTWOOD,LICHFIELD,STAFFORDSHIRE,Standard,Addition,52.6908530000,-1.9332320000
47000,1995-06-23 00:00:00Z,WS7 1PY,Semi-Detached,Established,Leasehold,12,,DUKE ROAD,BURNTWOOD,BURNTWOOD,LICHFIELD,STAFFORDSHIRE,Standard,Addition,52.6920770000,-1.9356420000
36500,1995-10-06 00:00:00Z,WS7 2NX,Flats/Maisonettes,Established,Freehold,72,,CHORLEY ROAD,BURNTWOOD,BURNTWOOD,LICHFIELD,STAFFORDSHIRE,Standard,Addition,52.6907620000,-1.9307470000
45000,1995-12-15 00:00:00Z,WS7 1PY,Detached,Established,Leasehold,6,,DUKE ROAD,BURNTWOOD,BURNTWOOD,LICHFIELD,STAFFORDSHIRE,Standard,Addition,52.6920770000,-1.9356420000
44500,1995-01-20 00:00:00Z,WS7 2PA,Semi-Detached,Established,Freehold,13,,THE CRESCENT,BURNTWOOD,BURNTWOOD,LICHFIELD,STAFFORDSHIRE,Standard,Addition,52.6910950000,-1.9315750000
48000,1995-05-25 00:00:00Z,WS7 1FA,Detached,Established,Leasehold,4,,LANCE DRIVE,BURNTWOOD,BURNTWOOD,STOKE-ON-TRENT,STOKE-ON-TRENT,Standard,Addition,52.6906290000,-1.9347420000
53950,1995-10-13 00:00:00Z,WS7 1PT,Detached,Established,Leasehold,19,,EARL DRIVE,BURNTWOOD,BURNTWOOD,LICHFIELD,STAFFORDSHIRE,Standard,Addition,52.6907300000,-1.9373450000
53500,1995-08-18 00:00:00Z,WS7 1QA,Detached,Established,Freehold,38,,HOLLY GROVE LANE,BURNTWOOD,BURNTWOOD,STAFFORD,STAFFORDSHIRE,Standard,Addition,52.6902900000,-1.9386330000
42500,1995-10-20 00:00:00Z,WS7 1PY,Semi-Detached,Established,Freehold,10,,DUKE ROAD,BURNTWOOD,BURNTWOOD,LICHFIELD,STAFFORDSHIRE,Standard,Addition,52.6920770000,-1.9356420000
50500,1995-11-22 00:00:00Z,WS7 1PU,Detached,Established,Leasehold,21,,VISCOUNT ROAD,BURNTWOOD,BURNTWOOD,LICHFIELD,STAFFORDSHIRE,Standard,Addition,52.6909360000,-1.9361020000
46500,1995-12-21 00:00:00Z,WS7 1PU,Semi-Detached,Established,Leasehold,37,,VISCOUNT ROAD,BURNTWOOD,BURNTWOOD,LICHFIELD,STAFFORDSHIRE,Standard,Addition,52.6909360000,-1.9361020000
42995,1995-10-10 00:00:00Z,WS7 1PR,Semi-Detached,Established,Freehold,21,,SANDRINGHAM CLOSE,BURNTWOOD,BURNTWOOD,LICHFIELD,STAFFORDSHIRE,Standard,Addition,52.6905780000,-1.9392100000
55000,1995-09-29 00:00:00Z,WS7 1PX,Detached,Established,Freehold,7,,KNIGHT ROAD,BURNTWOOD,BURNTWOOD,LICHFIELD,STAFFORDSHIRE,Standard,Addition,52.6913490000,-1.9352430000
51000,1995-12-15 00:00:00Z,WS7 1PY,Semi-Detached,Established,Leasehold,25,,DUKE ROAD,BURNTWOOD,BURNTWOOD,LICHFIELD,STAFFORDSHIRE,Standard,Addition,52.6920770000,-1.9356420000
53000,1996-12-13 00:00:00Z,WS7 1PU,Semi-Detached,Established,Leasehold,33,,VISCOUNT ROAD,BURNTWOOD,BURNTWOOD,LICHFIELD,STAFFORDSHIRE,Standard,Addition,52.6909360000,-1.9361020000
53000,1996-05-24 00:00:00Z,WS7 1FA,Semi-Detached,Established,Leasehold,5,,LANCE DRIVE,BURNTWOOD,BURNTWOOD,LICHFIELD,STAFFORDSHIRE,Standard,Addition,52.6906290000,-1.9347420000
59950,1996-07-26 00:00:00Z,WS7 1PT,Semi-Detached,Established,Leasehold,12A,,EARL DRIVE,BURNTWOOD,BURNTWOOD,LICHFIELD,STAFFORDSHIRE,Standard,Addition,52.6907300000,-1.9373450000
45500,1996-10-11 00:00:00Z,WS7 1PT,Semi-Detached,Established,Leasehold,15,,EARL DRIVE,BURNTWOOD,BURNTWOOD,LICHFIELD,STAFFORDSHIRE,Standard,Addition,52.6907300000,-1.9373450000
42700,1996-06-07 00:00:00Z,WS7 2PA,Semi-Detached,Established,Freehold,8,,THE CRESCENT,BURNTWOOD,BURNTWOOD,LICHFIELD,STAFFORDSHIRE,Standard,Addition,52.6910950000,-1.9315750000
55000,1996-08-16 00:00:00Z,WS7 1QA,Semi-Detached,Established,Leasehold,135,,HOLLY GROVE LANE,BURNTWOOD,BURNTWOOD,LICHFIELD,STAFFORDSHIRE,Standard,Addition,52.6902900000,-1.9386330000
57500,1996-07-31 00:00:00Z,WS7 1PZ,Semi-Detached,Established,Freehold,73,,KINGSDOWN ROAD,BURNTWOOD,BURNTWOOD,LICHFIELD,STAFFORDSHIRE,Standard,Addition,52.6913600000,-1.9387350000
47500,1996-03-29 00:00:00Z,WS7 1PU,Semi-Detached,Established,Leasehold,5,,VISCOUNT ROAD,BURNTWOOD,BURNTWOOD,LICHFIELD,STAFFORDSHIRE,Standard,Addition,52.6909360000,-1.9361020000
42000,1996-10-31 00:00:00Z,WS7 2PA,Semi-Detached,Established,Freehold,31,,THE CRESCENT,BURNTWOOD,BURNTWOOD,LICHFIELD,STAFFORDSHIRE,Standard,Addition,52.6910950000,-1.9315750000
52000,1996-05-31 00:00:00Z,WS7 1PX,Detached,Established,Freehold,7,,KNIGHT ROAD,BURNTWOOD,BURNTWOOD,LICHFIELD,STAFFORDSHIRE,Standard,Addition,52.6913490000,-1.9352430000
20000,1996-07-22 00:00:00Z,WS7 1PT,Semi-Detached,Established,Leasehold,26,,EARL DRIVE,BURNTWOOD,BURNTWOOD,LICHFIELD,STAFFORDSHIRE,Standard,Addition,52.6907300000,-1.9373450000
52750,1996-06-14 00:00:00Z,WS7 1QA,Detached,Established,Freehold,50,,HOLLY GROVE LANE,BURNTWOOD,BURNTWOOD,LICHFIELD,STAFFORDSHIRE,Standard,Addition,52.6902900000,-1.9386330000
56500,1997-12-05 00:00:00Z,WS7 1PU,Semi-Detached,Established,Freehold,26,,VISCOUNT ROAD,BURNTWOOD,BURNTWOOD,LICHFIELD,STAFFORDSHIRE,Standard,Addition,52.6909360000,-1.9361020000
46000,1997-09-12 00:00:00Z,WS7 1PU,Semi-Detached,Established,Leasehold,9,,VISCOUNT ROAD,BURNTWOOD,BURNTWOOD,LICHFIELD,STAFFORDSHIRE,Standard,Addition,52.6909360000,-1.9361020000
47250,1997-08-27 00:00:00Z,WS7 1PT,Semi-Detached,Established,Leasehold,15,,EARL DRIVE,BURNTWOOD,BURNTWOOD,LICHFIELD,STAFFORDSHIRE,Standard,Addition,52.6907300000,-1.9373450000
140000,1997-08-22 00:00:00Z,WS15 4RX,Detached,Established,Freehold,LODGE HILL,,SEVENS ROAD,RUGELEY,RUGELEY,CANNOCK CHASE,STAFFORDSHIRE,Standard,Addition,52.6964370000,-1.9360200000
59950,1997-07-07 00:00:00Z,WS7 1QA,Detached,Established,Freehold,121,,HOLLY GROVE LANE,BURNTWOOD,BURNTWOOD,LICHFIELD,STAFFORDSHIRE,Standard,Addition,52.6902900000,-1.9386330000
53750,1997-12-12 00:00:00Z,WS7 1PY,Semi-Detached,Established,Leasehold,7,,DUKE ROAD,BURNTWOOD,BURNTWOOD,LICHFIELD,STAFFORDSHIRE,Standard,Addition,52.6920770000,-1.9356420000
50000,1997-10-02 00:00:00Z,WS7 1PY,Semi-Detached,Established,Leasehold,18,,DUKE ROAD,BURNTWOOD,BURNTWOOD,LICHFIELD,STAFFORDSHIRE,Standard,Addition,52.6920770000,-1.9356420000
60000,1997-09-18 00:00:00Z,WS7 1QA,Detached,Established,Freehold,32,,HOLLY GROVE LANE,BURNTWOOD,BURNTWOOD,LICHFIELD,STAFFORDSHIRE,Standard,Addition,52.6902900000,-1.9386330000
55000,1997-05-23 00:00:00Z,WS7 1NT,Semi-Detached,Established,Freehold,188,,RUGELEY ROAD,CHASE TERRACE,BURNTWOOD,LICHFIELD,STAFFORDSHIRE,Standard,Addition,52.6908530000,-1.9332320000
49950,1997-07-23 00:00:00Z,WS7 1PX,Semi-Detached,Established,Leasehold,26,,KNIGHT ROAD,BURNTWOOD,BURNTWOOD,LICHFIELD,STAFFORDSHIRE,Standard,Addition,52.6913490000,-1.9352430000
75500,1997-05-02 00:00:00Z,WS7 2NX,Semi-Detached,Established,Freehold,78,,CHORLEY ROAD,BURNTWOOD,BURNTWOOD,LICHFIELD,STAFFORDSHIRE,Standard,Addition,52.6907620000,-1.9307470000
51000,1997-10-27 00:00:00Z,WS7 1PU,Semi-Detached,Established,Leasehold,8,,VISCOUNT ROAD,BURNTWOOD,BURNTWOOD,LICHFIELD,STAFFORDSHIRE,Standard,Addition,52.6909360000,-1.9361020000
59950,1997-11-14 00:00:00Z,WS7 1PU,Semi-Detached,Established,Leasehold,18,,VISCOUNT ROAD,BURNTWOOD,BURNTWOOD,LICHFIELD,STAFFORDSHIRE,Standard,Addition,52.6909360000,-1.9361020000
54950,1997-05-28 00:00:00Z,WS7 1PR,Semi-Detached,Established,Freehold,11,,SANDRINGHAM CLOSE,BURNTWOOD,BURNTWOOD,LICHFIELD,STAFFORDSHIRE,Standard,Addition,52.6905780000,-1.9392100000
52500,1997-02-28 00:00:00Z,WS7 1QA,Detached,Established,Leasehold,74,,HOLLY GROVE LANE,BURNTWOOD,BURNTWOOD,LICHFIELD,STAFFORDSHIRE,Standard,Addition,52.6902900000,-1.9386330000
79950,1997-12-19 00:00:00Z,WS7 2NX,Semi-Detached,Established,Freehold,70,,CHORLEY ROAD,BURNTWOOD,BURNTWOOD,LICHFIELD,STAFFORDSHIRE,Standard,Addition,52.6907620000,-1.9307470000
59995,1997-09-19 00:00:00Z,WS7 1PT,Detached,Established,Leasehold,7A,,EARL DRIVE,BURNTWOOD,BURNTWOOD,LICHFIELD,STAFFORDSHIRE,Standard,Addition,52.6907300000,-1.9373450000
53500,1997-02-28 00:00:00Z,WS7 1PT,Detached,Established,Leasehold,24,,EARL DRIVE,BURNTWOOD,BURNTWOOD,LICHFIELD,STAFFORDSHIRE,Standard,Addition,52.6907300000,-1.9373450000
53995,1997-05-02 00:00:00Z,WS7 2PA,Semi-Detached,Established,Freehold,77,,THE CRESCENT,BURNTWOOD,BURNTWOOD,LICHFIELD,STAFFORDSHIRE,Standard,Addition,52.6910950000,-1.9315750000
59000,1998-06-19 00:00:00Z,WS7 1QA,Detached,Established,Leasehold,82,,HOLLY GROVE LANE,BURNTWOOD,BURNTWOOD,LICHFIELD,STAFFORDSHIRE,Standard,Addition,52.6902900000,-1.9386330000
53950,1998-04-23 00:00:00Z,WS7 1PR,Semi-Detached,Established,Leasehold,4,,SANDRINGHAM CLOSE,BURNTWOOD,BURNTWOOD,LICHFIELD,STAFFORDSHIRE,Standard,Addition,52.6905780000,-1.9392100000
38000,1998-06-05 00:00:00Z,WS7 1PU,Semi-Detached,Established,Leasehold,27,,VISCOUNT ROAD,BURNTWOOD,BURNTWOOD,LICHFIELD,STAFFORDSHIRE,Standard,Addition,52.6909360000,-1.9361020000
56000,1998-11-13 00:00:00Z,WS7 1PT,Detached,Established,Freehold,9,,EARL DRIVE,BURNTWOOD,BURNTWOOD,LICHFIELD,STAFFORDSHIRE,Standard,Addition,52.6907300000,-1.9373450000
65000,1998-03-06 00:00:00Z,WS7 1PY,Detached,Established,Freehold,22,,DUKE ROAD,BURNTWOOD,BURNTWOOD,LICHFIELD,STAFFORDSHIRE,Standard,Addition,52.6920770000,-1.9356420000
50000,1998-09-15 00:00:00Z,WS7 1QA,Detached,Established,Freehold,54,,HOLLY GROVE LANE,BURNTWOOD,BURNTWOOD,LICHFIELD,STAFFORDSHIRE,Standard,Addition,52.6902900000,-1.9386330000
56950,1998-03-27 00:00:00Z,WS7 1PT,Semi-Detached,Established,Leasehold,5,,EARL DRIVE,BURNTWOOD,BURNTWOOD,LICHFIELD,STAFFORDSHIRE,Standard,Addition,52.6907300000,-1.9373450000
59000,1998-10-30 00:00:00Z,WS7 1QA,Detached,Established,Freehold,44,,HOLLY GROVE LANE,BURNTWOOD,BURNTWOOD,LICHFIELD,STAFFORDSHIRE,Standard,Addition,52.6902900000,-1.9386330000
54000,1998-05-01 00:00:00Z,WS7 1FA,Detached,Established,Leasehold,12,,LANCE DRIVE,BURNTWOOD,BURNTWOOD,LICHFIELD,STAFFORDSHIRE,Standard,Addition,52.6906290000,-1.9347420000
54950,1998-09-30 00:00:00Z,WS7 1PX,Semi-Detached,Established,Leasehold,12,,KNIGHT ROAD,BURNTWOOD,BURNTWOOD,LICHFIELD,STAFFORDSHIRE,Standard,Addition,52.6913490000,-1.9352430000
59950,1998-05-29 00:00:00Z,WS7 1PT,Detached,Established,Leasehold,7A,,EARL DRIVE,BURNTWOOD,BURNTWOOD,LICHFIELD,STAFFORDSHIRE,Standard,Addition,52.6907300000,-1.9373450000
52950,1998-12-23 00:00:00Z,WS7 1LH,Semi-Detached,Established,Leasehold,3,,BARON CLOSE,BURNTWOOD,BURNTWOOD,LICHFIELD,STAFFORDSHIRE,Standard,Addition,52.6907560000,-1.9368870000
50000,1998-12-18 00:00:00Z,WS7 2PA,Semi-Detached,Established,Freehold,30,,THE CRESCENT,BURNTWOOD,BURNTWOOD,LICHFIELD,STAFFORDSHIRE,Standard,Addition,52.6910950000,-1.9315750000
50000,1999-09-27 00:00:00Z,WS7 1PU,Semi-Detached,Established,Leasehold,9,,VISCOUNT ROAD,,BURNTWOOD,LICHFIELD,STAFFORDSHIRE,Standard,Addition,52.6909360000,-1.9361020000
43500,1999-01-29 00:00:00Z,WS7 1PU,Semi-Detached,Established,Leasehold,7,,VISCOUNT ROAD,,BURNTWOOD,LICHFIELD,STAFFORDSHIRE,Standard,Addition,52.6909360000,-1.9361020000
54950,1999-03-31 00:00:00Z,WS7 1PY,Semi-Detached,Established,Leasehold,16,,DUKE ROAD,,BURNTWOOD,LICHFIELD,STAFFORDSHIRE,Standard,Addition,52.6920770000,-1.9356420000
58500,1999-12-03 00:00:00Z,WS7 1PY,Semi-Detached,Established,Freehold,5,,DUKE ROAD,,BURNTWOOD,LICHFIELD,STAFFORDSHIRE,Standard,Addition,52.6920770000,-1.9356420000
59950,1999-10-29 00:00:00Z,WS7 1PX,Detached,Established,Leasehold,17,,KNIGHT ROAD,,BURNTWOOD,LICHFIELD,STAFFORDSHIRE,Standard,Addition,52.6913490000,-1.9352430000
74995,1999-12-17 00:00:00Z,WS7 1PZ,Detached,Established,Leasehold,63,,KINGSDOWN ROAD,,BURNTWOOD,LICHFIELD,STAFFORDSHIRE,Standard,Addition,52.6913600000,-1.9387350000
52000,1999-04-30 00:00:00Z,WS7 1PT,Semi-Detached,Established,Leasehold,23,,EARL DRIVE,,BURNTWOOD,LICHFIELD,STAFFORDSHIRE,Standard,Addition,52.6907300000,-1.9373450000
58000,1999-04-23 00:00:00Z,WS7 1PY,Detached,Established,Leasehold,19,,DUKE ROAD,,BURNTWOOD,LICHFIELD,STAFFORDSHIRE,Standard,Addition,52.6920770000,-1.9356420000
60000,1999-08-20 00:00:00Z,WS7 1QA,Semi-Detached,Established,Freehold,40,,HOLLY GROVE LANE,,BURNTWOOD,LICHFIELD,STAFFORDSHIRE,Standard,Addition,52.6902900000,-1.9386330000
55500,1999-12-09 00:00:00Z,WS7 1PT,Semi-Detached,Established,Leasehold,23,,EARL DRIVE,,BURNTWOOD,LICHFIELD,STAFFORDSHIRE,Standard,Addition,52.6907300000,-1.9373450000
25300,1999-09-13 00:00:00Z,WS7 2PA,Semi-Detached,Established,Freehold,34,,THE CRESCENT,,BURNTWOOD,LICHFIELD,STAFFORDSHIRE,Standard,Addition,52.6910950000,-1.9315750000
52500,1999-10-01 00:00:00Z,WS7 1FA,Semi-Detached,Established,Leasehold,2,,LANCE DRIVE,,BURNTWOOD,LICHFIELD,STAFFORDSHIRE,Standard,Addition,52.6906290000,-1.9347420000
59500,1999-10-01 00:00:00Z,WS7 1QA,Semi-Detached,Established,Leasehold,145,,HOLLY GROVE LANE,,BURNTWOOD,LICHFIELD,STAFFORDSHIRE,Standard,Addition,52.6902900000,-1.9386330000
59950,1999-12-03 00:00:00Z,WS7 1PT,Detached,Established,Leasehold,24,,EARL DRIVE,,BURNTWOOD,LICHFIELD,STAFFORDSHIRE,Standard,Addition,52.6907300000,-1.9373450000
53000,2000-05-04 00:00:00Z,WS7 2PA,Semi-Detached,Established,Freehold,75,,THE CRESCENT,,BURNTWOOD,LICHFIELD,STAFFORDSHIRE,Standard,Addition,52.6910950000,-1.9315750000
57000,2000-07-28 00:00:00Z,WS7 1PT,Semi-Detached,Established,Leasehold,20,,EARL DRIVE,,BURNTWOOD,LICHFIELD,STAFFORDSHIRE,Standard,Addition,52.6907300000,-1.9373450000
64000,2000-03-31 00:00:00Z,WS7 1PX,Detached,Established,Leasehold,21,,KNIGHT ROAD,,BURNTWOOD,LICHFIELD,STAFFORDSHIRE,Standard,Addition,52.6913490000,-1.9352430000
56000,2000-02-11 00:00:00Z,WS7 1PZ,Semi-Detached,Established,Freehold,101,,KINGSDOWN ROAD,,BURNTWOOD,LICHFIELD,STAFFORDSHIRE,Standard,Addition,52.6913600000,-1.9387350000
78500,2000-07-28 00:00:00Z,WS7 1PU,Detached,Established,Freehold,13,,VISCOUNT ROAD,,BURNTWOOD,LICHFIELD,STAFFORDSHIRE,Standard,Addition,52.6909360000,-1.9361020000
59000,2000-05-19 00:00:00Z,WS7 1PU,Semi-Detached,Established,Leasehold,20,,VISCOUNT ROAD,,BURNTWOOD,LICHFIELD,STAFFORDSHIRE,Standard,Addition,52.6909360000,-1.9361020000
53000,2000-04-20 00:00:00Z,WS7 2PA,Semi-Detached,Established,Freehold,47,,THE CRESCENT,,BURNTWOOD,LICHFIELD,STAFFORDSHIRE,Standard,Addition,52.6910950000,-1.9315750000
56500,2000-06-08 00:00:00Z,WS7 1PZ,Semi-Detached,Established,Freehold,101,,KINGSDOWN ROAD,,BURNTWOOD,LICHFIELD,STAFFORDSHIRE,Standard,Addition,52.6913600000,-1.9387350000
76000,2000-10-06 00:00:00Z,WS7 1QA,Detached,Established,Freehold,76,,HOLLY GROVE LANE,,BURNTWOOD,LICHFIELD,STAFFORDSHIRE,Standard,Addition,52.6902900000,-1.9386330000
54000,2000-09-01 00:00:00Z,WS7 2PA,Semi-Detached,Established,Freehold,39,,THE CRESCENT,,BURNTWOOD,LICHFIELD,STAFFORDSHIRE,Standard,Addition,52.6910950000,-1.9315750000
58500,2000-02-28 00:00:00Z,WS7 1PT,Terraced,Established,Freehold,12,,EARL DRIVE,,BURNTWOOD,LICHFIELD,STAFFORDSHIRE,Standard,Addition,52.6907300000,-1.9373450000
68500,2000-11-16 00:00:00Z,WS7 1PT,Terraced,Established,Freehold,12,,EARL DRIVE,,BURNTWOOD,LICHFIELD,STAFFORDSHIRE,Standard,Addition,52.6907300000,-1.9373450000
58500,2000-11-03 00:00:00Z,WS7 1PX,Semi-Detached,Established,Leasehold,8,,KNIGHT ROAD,,BURNTWOOD,LICHFIELD,STAFFORDSHIRE,Standard,Addition,52.6913490000,-1.9352430000
71500,2000-01-24 00:00:00Z,WS7 1QA,Detached,Established,Freehold,50,,HOLLY GROVE LANE,,BURNTWOOD,LICHFIELD,STAFFORDSHIRE,Standard,Addition,52.6902900000,-1.9386330000
55000,2000-05-18 00:00:00Z,WS7 1PZ,Semi-Detached,Established,Freehold,109,,KINGSDOWN ROAD,,BURNTWOOD,LICHFIELD,STAFFORDSHIRE,Standard,Addition,52.6913600000,-1.9387350000
68000,2000-09-01 00:00:00Z,WS7 1LH,Semi-Detached,Established,Leasehold,2,,BARON CLOSE,,BURNTWOOD,LICHFIELD,STAFFORDSHIRE,Standard,Addition,52.6907560000,-1.9368870000
59950,2000-10-06 00:00:00Z,WS7 1PT,Semi-Detached,Established,Leasehold,20,,EARL DRIVE,,BURNTWOOD,LICHFIELD,STAFFORDSHIRE,Standard,Addition,52.6907300000,-1.9373450000
62950,2000-08-25 00:00:00Z,WS7 1PR,Semi-Detached,Established,Freehold,21,,SANDRINGHAM CLOSE,,BURNTWOOD,LICHFIELD,STAFFORDSHIRE,Standard,Addition,52.6905780000,-1.9392100000
62000,2000-02-11 00:00:00Z,WS7 1FA,Detached,Established,Leasehold,12,,LANCE DRIVE,,BURNTWOOD,LICHFIELD,STAFFORDSHIRE,Standard,Addition,52.6906290000,-1.9347420000
55000,2000-08-18 00:00:00Z,WS7 1PZ,Semi-Detached,Established,Freehold,81,,KINGSDOWN ROAD,,BURNTWOOD,LICHFIELD,STAFFORDSHIRE,Standard,Addition,52.6913600000,-1.9387350000
66950,2000-11-08 00:00:00Z,WS7 1PY,Semi-Detached,Established,Freehold,5,,DUKE ROAD,,BURNTWOOD,LICHFIELD,STAFFORDSHIRE,Standard,Addition,52.6920770000,-1.9356420000
63950,2000-08-04 00:00:00Z,WS7 1PY,Semi-Detached,Established,Leasehold,16,,DUKE ROAD,,BURNTWOOD,LICHFIELD,STAFFORDSHIRE,Standard,Addition,52.6920770000,-1.9356420000
56500,2000-10-16 00:00:00Z,WS7 2PA,Semi-Detached,Established,Freehold,47,,THE CRESCENT,,BURNTWOOD,LICHFIELD,STAFFORDSHIRE,Standard,Addition,52.6910950000,-1.9315750000
48000,2000-05-19 00:00:00Z,WS7 2NX,Terraced,Established,Freehold,66,,CHORLEY ROAD,,BURNTWOOD,LICHFIELD,STAFFORDSHIRE,Standard,Addition,52.6907620000,-1.9307470000
83995,2001-10-26 00:00:00Z,WS7 1PY,Detached,Established,Freehold,13,,DUKE ROAD,BURNTWOOD,BURNTWOOD,LICHFIELD,STAFFORDSHIRE,Standard,Addition,52.6920770000,-1.9356420000
71500,2001-11-26 00:00:00Z,WS7 2NX,Flats/Maisonettes,Established,Freehold,72,,CHORLEY ROAD,BURNTWOOD,BURNTWOOD,LICHFIELD,STAFFORDSHIRE,Standard,Addition,52.6907620000,-1.9307470000
57000,2001-01-19 00:00:00Z,WS7 1PR,Semi-Detached,Established,Freehold,6,,SANDRINGHAM CLOSE,BURNTWOOD,BURNTWOOD,LICHFIELD,STAFFORDSHIRE,Standard,Addition,52.6905780000,-1.9392100000
64000,2001-10-08 00:00:00Z,WS7 1PT,Semi-Detached,Established,Leasehold,26,,EARL DRIVE,BURNTWOOD,BURNTWOOD,LICHFIELD,STAFFORDSHIRE,Standard,Addition,52.6907300000,-1.9373450000
82500,2001-12-14 00:00:00Z,WS7 2NX,Semi-Detached,Established,Freehold,54,,CHORLEY ROAD,BURNTWOOD,BURNTWOOD,LICHFIELD,STAFFORDSHIRE,Standard,Addition,52.6907620000,-1.9307470000
74950,2001-12-21 00:00:00Z,WS7 1FA,Semi-Detached,Established,Leasehold,2,,LANCE DRIVE,BURNTWOOD,BURNTWOOD,LICHFIELD,STAFFORDSHIRE,Standard,Addition,52.6906290000,-1.9347420000
65000,2001-03-20 00:00:00Z,WS7 1PU,Semi-Detached,Established,Leasehold,5,,VISCOUNT ROAD,BURNTWOOD,BURNTWOOD,LICHFIELD,STAFFORDSHIRE,Standard,Addition,52.6909360000,-1.9361020000
60000,2001-08-10 00:00:00Z,WS7 1PR,Semi-Detached,Established,Freehold,2,,SANDRINGHAM CLOSE,BURNTWOOD,BURNTWOOD,LICHFIELD,STAFFORDSHIRE,Standard,Addition,52.6905780000,-1.9392100000
90500,2002-07-26 00:00:00Z,WS7 1PX,Detached,Established,Freehold,19,,KNIGHT ROAD,BURNTWOOD,BURNTWOOD,LICHFIELD,STAFFORDSHIRE,Standard,Addition,52.6913490000,-1.9352430000
128500,2002-12-06 00:00:00Z,WS7 2NX,Semi-Detached,Established,Freehold,78,,CHORLEY ROAD,BURNTWOOD,BURNTWOOD,LICHFIELD,STAFFORDSHIRE,Standard,Addition,52.6907620000,-1.9307470000
72000,2002-03-08 00:00:00Z,WS7 1PZ,Semi-Detached,Established,Leasehold,85,,KINGSDOWN ROAD,BURNTWOOD,BURNTWOOD,LICHFIELD,STAFFORDSHIRE,Standard,Addition,52.6913600000,-1.9387350000
74950,2002-03-01 00:00:00Z,WS7 1NT,Semi-Detached,Established,Freehold,158,,RUGELEY ROAD,CHASE TERRACE,BURNTWOOD,LICHFIELD,STAFFORDSHIRE,Standard,Addition,52.6908530000,-1.9332320000
84000,2002-05-03 00:00:00Z,WS7 1PX,Detached,Established,Freehold,18,,KNIGHT ROAD,BURNTWOOD,BURNTWOOD,LICHFIELD,STAFFORDSHIRE,Standard,Addition,52.6913490000,-1.9352430000
58000,2002-03-01 00:00:00Z,WS7 2PA,Semi-Detached,Established,Freehold,47,,THE CRESCENT,BURNTWOOD,BURNTWOOD,LICHFIELD,STAFFORDSHIRE,Standard,Addition,52.6910950000,-1.9315750000
79000,2002-04-26 00:00:00Z,WS7 1PZ,Semi-Detached,Established,Freehold,73,,KINGSDOWN ROAD,BURNTWOOD,BURNTWOOD,LICHFIELD,STAFFORDSHIRE,Standard,Addition,52.6913600000,-1.9387350000
77500,2002-04-30 00:00:00Z,WS7 1PY,Semi-Detached,Established,Leasehold,12,,DUKE ROAD,BURNTWOOD,BURNTWOOD,LICHFIELD,STAFFORDSHIRE,Standard,Addition,52.6920770000,-1.9356420000
81000,2002-04-26 00:00:00Z,WS7 1PY,Semi-Detached,Established,Leasehold,8,,DUKE ROAD,BURNTWOOD,BURNTWOOD,LICHFIELD,STAFFORDSHIRE,Standard,Addition,52.6920770000,-1.9356420000
84950,2002-05-15 00:00:00Z,WS7 1QA,Semi-Detached,Established,Freehold,60,,HOLLY GROVE LANE,BURNTWOOD,BURNTWOOD,LICHFIELD,STAFFORDSHIRE,Standard,Addition,52.6902900000,-1.9386330000
81500,2002-06-21 00:00:00Z,WS7 1PU,Semi-Detached,Established,Leasehold,37,,VISCOUNT ROAD,BURNTWOOD,BURNTWOOD,LICHFIELD,STAFFORDSHIRE,Standard,Addition,52.6909360000,-1.9361020000
74950,2002-01-11 00:00:00Z,WS7 1PU,Semi-Detached,Established,Leasehold,29,,VISCOUNT ROAD,BURNTWOOD,BURNTWOOD,LICHFIELD,STAFFORDSHIRE,Standard,Addition,52.6909360000,-1.9361020000
92000,2002-07-05 00:00:00Z,WS7 1NT,Semi-Detached,Established,Freehold,172,,RUGELEY ROAD,CHASE TERRACE,BURNTWOOD,LICHFIELD,STAFFORDSHIRE,Standard,Addition,52.6908530000,-1.9332320000
87000,2002-09-27 00:00:00Z,WS7 1PY,Semi-Detached,Established,Leasehold,16,,DUKE ROAD,BURNTWOOD,BURNTWOOD,LICHFIELD,STAFFORDSHIRE,Standard,Addition,52.6920770000,-1.9356420000
79950,2002-07-05 00:00:00Z,WS7 1PU,Semi-Detached,Established,Leasehold,5,,VISCOUNT ROAD,BURNTWOOD,BURNTWOOD,LICHFIELD,STAFFORDSHIRE,Standard,Addition,52.6909360000,-1.9361020000
86500,2002-05-30 00:00:00Z,WS7 1FA,Detached,Established,Freehold,5,,LANCE DRIVE,BURNTWOOD,BURNTWOOD,LICHFIELD,STAFFORDSHIRE,Standard,Addition,52.6906290000,-1.9347420000
87950,2002-06-27 00:00:00Z,WS7 1PZ,Semi-Detached,Established,Freehold,83,,KINGSDOWN ROAD,BURNTWOOD,BURNTWOOD,LICHFIELD,STAFFORDSHIRE,Standard,Addition,52.6913600000,-1.9387350000
75000,2002-02-04 00:00:00Z,WS7 1PU,Semi-Detached,Established,Leasehold,8,,VISCOUNT ROAD,BURNTWOOD,BURNTWOOD,LICHFIELD,STAFFORDSHIRE,Standard,Addition,52.6909360000,-1.9361020000
80000,2003-01-10 00:00:00Z,WS7 2PA,Semi-Detached,Established,Freehold,15,,THE CRESCENT,BURNTWOOD,BURNTWOOD,LICHFIELD,STAFFORDSHIRE,Standard,Addition,52.6910950000,-1.9315750000
92950,2003-02-14 00:00:00Z,WS7 1PT,Semi-Detached,Established,Leasehold,20,,EARL DRIVE,BURNTWOOD,BURNTWOOD,LICHFIELD,STAFFORDSHIRE,Standard,Addition,52.6907300000,-1.9373450000
100000,2003-12-04 00:00:00Z,WS7 1PU,Semi-Detached,Established,Leasehold,9,,VISCOUNT ROAD,BURNTWOOD,BURNTWOOD,LICHFIELD,STAFFORDSHIRE,Standard,Addition,52.6909360000,-1.9361020000
125000,2003-08-15 00:00:00Z,WS7 1PY,Semi-Detached,Established,Leasehold,9,,DUKE ROAD,BURNTWOOD,BURNTWOOD,LICHFIELD,STAFFORDSHIRE,Standard,Addition,52.6920770000,-1.9356420000
90000,2003-01-24 00:00:00Z,WS7 1PX,Detached,Established,Leasehold,17,,KNIGHT ROAD,BURNTWOOD,BURNTWOOD,LICHFIELD,STAFFORDSHIRE,Standard,Addition,52.6913490000,-1.9352430000
122000,2003-10-03 00:00:00Z,WS7 1PX,Detached,Established,Freehold,7,,KNIGHT ROAD,BURNTWOOD,BURNTWOOD,LICHFIELD,STAFFORDSHIRE,Standard,Addition,52.6913490000,-1.9352430000
121000,2003-05-16 00:00:00Z,WS7 1QA,Semi-Detached,Established,Freehold,40,,HOLLY GROVE LANE,BURNTWOOD,BURNTWOOD,LICHFIELD,STAFFORDSHIRE,Standard,Addition,52.6902900000,-1.9386330000
112000,2003-08-22 00:00:00Z,WS7 1NT,Semi-Detached,Established,Freehold,184,,RUGELEY ROAD,CHASE TERRACE,BURNTWOOD,LICHFIELD,STAFFORDSHIRE,Standard,Addition,52.6908530000,-1.9332320000
64000,2003-11-28 00:00:00Z,WS7 2PA,Semi-Detached,Established,Freehold,18,,THE CRESCENT,BURNTWOOD,BURNTWOOD,LICHFIELD,STAFFORDSHIRE,Standard,Addition,52.6910950000,-1.9315750000
83000,2003-02-14 00:00:00Z,WS7 2PA,Semi-Detached,Established,Freehold,27,,THE CRESCENT,BURNTWOOD,BURNTWOOD,LICHFIELD,STAFFORDSHIRE,Standard,Addition,52.6910950000,-1.9315750000
106000,2003-08-15 00:00:00Z,WS15 4RX,Terraced,Established,Freehold,REDMOOR COTTAGES,2,SEVENS ROAD,RUGELEY,RUGELEY,CANNOCK CHASE,STAFFORDSHIRE,Standard,Addition,52.6964370000,-1.9360200000
110000,2003-08-15 00:00:00Z,WS7 1PY,Semi-Detached,Established,Leasehold,7,,DUKE ROAD,BURNTWOOD,BURNTWOOD,LICHFIELD,STAFFORDSHIRE,Standard,Addition,52.6920770000,-1.9356420000
52000,2003-01-24 00:00:00Z,WS15 4RX,Terraced,Established,Freehold,REDMOOR COTTAGES,3,SEVENS ROAD,RUGELEY,RUGELEY,CANNOCK CHASE,STAFFORDSHIRE,Standard,Addition,52.6964370000,-1.9360200000
116500,2003-07-25 00:00:00Z,WS7 1PZ,Detached,Established,Freehold,107,,KINGSDOWN ROAD,BURNTWOOD,BURNTWOOD,LICHFIELD,STAFFORDSHIRE,Standard,Addition,52.6913600000,-1.9387350000
110000,2003-02-14 00:00:00Z,WS7 1QA,Semi-Detached,Established,Leasehold,135,,HOLLY GROVE LANE,BURNTWOOD,BURNTWOOD,LICHFIELD,STAFFORDSHIRE,Standard,Addition,52.6902900000,-1.9386330000
46500,2003-02-10 00:00:00Z,WS7 2PA,Semi-Detached,Established,Freehold,22,,THE CRESCENT,BURNTWOOD,BURNTWOOD,LICHFIELD,STAFFORDSHIRE,Standard,Addition,52.6910950000,-1.9315750000
108000,2003-10-31 00:00:00Z,WS7 1PX,Semi-Detached,Established,Leasehold,12,,KNIGHT ROAD,BURNTWOOD,BURNTWOOD,LICHFIELD,STAFFORDSHIRE,Standard,Addition,52.6913490000,-1.9352430000
115000,2003-05-09 00:00:00Z,WS7 1QA,Detached,Established,Freehold,44,,HOLLY GROVE LANE,BURNTWOOD,BURNTWOOD,LICHFIELD,STAFFORDSHIRE,Standard,Addition,52.6902900000,-1.9386330000
85950,2003-07-16 00:00:00Z,WS7 2PA,Semi-Detached,Established,Freehold,9,,THE CRESCENT,BURNTWOOD,BURNTWOOD,LICHFIELD,STAFFORDSHIRE,Standard,Addition,52.6910950000,-1.9315750000
78000,2003-08-08 00:00:00Z,WS7 2PA,Semi-Detached,Established,Freehold,57,,THE CRESCENT,BURNTWOOD,BURNTWOOD,LICHFIELD,STAFFORDSHIRE,Standard,Addition,52.6910950000,-1.9315750000
129999,2004-06-18 00:00:00Z,WS7 1PT,Detached,Established,Leasehold,24,,EARL DRIVE,BURNTWOOD,BURNTWOOD,LICHFIELD,STAFFORDSHIRE,Standard,Addition,52.6907300000,-1.9373450000
114000,2004-06-14 00:00:00Z,WS7 1PY,Semi-Detached,Established,Freehold,5,,DUKE ROAD,BURNTWOOD,BURNTWOOD,LICHFIELD,STAFFORDSHIRE,Standard,Addition,52.6920770000,-1.9356420000
100000,2004-03-15 00:00:00Z,WS7 1PX,Semi-Detached,Established,Leasehold,14,,KNIGHT ROAD,BURNTWOOD,BURNTWOOD,LICHFIELD,STAFFORDSHIRE,Standard,Addition,52.6913490000,-1.9352430000
159950,2004-09-09 00:00:00Z,WS7 1NT,Semi-Detached,Established,Freehold,188,,RUGELEY ROAD,CHASE TERRACE,BURNTWOOD,LICHFIELD,STAFFORDSHIRE,Standard,Addition,52.6908530000,-1.9332320000
126500,2004-11-05 00:00:00Z,WS7 1PY,Semi-Detached,Established,Leasehold,8,,DUKE ROAD,BURNTWOOD,BURNTWOOD,LICHFIELD,STAFFORDSHIRE,Standard,Addition,52.6920770000,-1.9356420000
124950,2004-08-13 00:00:00Z,WS7 1LH,Semi-Detached,Established,Leasehold,3,,BARON CLOSE,BURNTWOOD,BURNTWOOD,LICHFIELD,STAFFORDSHIRE,Standard,Addition,52.6907560000,-1.9368870000
124000,2004-09-10 00:00:00Z,WS7 1PT,Semi-Detached,Established,Leasehold,15,,EARL DRIVE,BURNTWOOD,BURNTWOOD,LICHFIELD,STAFFORDSHIRE,Standard,Addition,52.6907300000,-1.9373450000
115000,2004-01-16 00:00:00Z,WS7 1FA,Semi-Detached,Established,Freehold,12,,LANCE DRIVE,BURNTWOOD,BURNTWOOD,LICHFIELD,STAFFORDSHIRE,Standard,Addition,52.6906290000,-1.9347420000
90000,2004-08-20 00:00:00Z,WS7 2PA,Semi-Detached,Established,Freehold,30,,THE CRESCENT,BURNTWOOD,BURNTWOOD,LICHFIELD,STAFFORDSHIRE,Standard,Addition,52.6910950000,-1.9315750000
116500,2004-04-22 00:00:00Z,WS7 1FA,Detached,Established,Leasehold,11,,LANCE DRIVE,BURNTWOOD,BURNTWOOD,LICHFIELD,STAFFORDSHIRE,Standard,Addition,52.6906290000,-1.9347420000
144950,2004-11-26 00:00:00Z,WS7 1PY,Detached,Established,Leasehold,19,,DUKE ROAD,BURNTWOOD,BURNTWOOD,LICHFIELD,STAFFORDSHIRE,Standard,Addition,52.6920770000,-1.9356420000
101500,2004-02-02 00:00:00Z,WS7 1PR,Semi-Detached,Established,Leasehold,3,,SANDRINGHAM CLOSE,BURNTWOOD,BURNTWOOD,LICHFIELD,STAFFORDSHIRE,Standard,Addition,52.6905780000,-1.9392100000
117500,2004-08-06 00:00:00Z,WS7 1PY,Semi-Detached,Established,Freehold,10,,DUKE ROAD,BURNTWOOD,BURNTWOOD,LICHFIELD,STAFFORDSHIRE,Standard,Addition,52.6920770000,-1.9356420000
145000,2004-02-27 00:00:00Z,WS7 1PY,Detached,Established,Leasehold,26,,DUKE ROAD,BURNTWOOD,BURNTWOOD,LICHFIELD,STAFFORDSHIRE,Standard,Addition,52.6920770000,-1.9356420000
118806,2005-12-16 00:00:00Z,WS7 2PA,Semi-Detached,Established,Freehold,31,,THE CRESCENT,BURNTWOOD,BURNTWOOD,LICHFIELD,STAFFORDSHIRE,Standard,Addition,52.6910950000,-1.9315750000
133000,2005-08-26 00:00:00Z,WS7 1PX,Semi-Detached,Established,Freehold,8,,KNIGHT ROAD,BURNTWOOD,BURNTWOOD,LICHFIELD,STAFFORDSHIRE,Standard,Addition,52.6913490000,-1.9352430000
115000,2005-05-27 00:00:00Z,WS7 1PT,Semi-Detached,Established,Leasehold,17,,EARL DRIVE,,BURNTWOOD,LICHFIELD,STAFFORDSHIRE,Standard,Addition,52.6907300000,-1.9373450000
177500,2005-06-14 00:00:00Z,WS7 1PY,Detached,Established,Freehold,24,,DUKE ROAD,BURNTWOOD,BURNTWOOD,LICHFIELD,STAFFORDSHIRE,Standard,Addition,52.6920770000,-1.9356420000
119999,2005-07-29 00:00:00Z,WS7 1QA,Terraced,Established,Leasehold,48,,HOLLY GROVE LANE,BURNTWOOD,BURNTWOOD,LICHFIELD,STAFFORDSHIRE,Standard,Addition,52.6902900000,-1.9386330000
120000,2005-10-12 00:00:00Z,WS7 2PA,Semi-Detached,Established,Freehold,39,,THE CRESCENT,BURNTWOOD,BURNTWOOD,LICHFIELD,STAFFORDSHIRE,Standard,Addition,52.6910950000,-1.9315750000
126000,2005-04-15 00:00:00Z,WS7 1PT,Semi-Detached,Established,Leasehold,26,,EARL DRIVE,,BURNTWOOD,LICHFIELD,STAFFORDSHIRE,Standard,Addition,52.6907300000,-1.9373450000
145000,2006-11-30 00:00:00Z,WS7 1QA,Semi-Detached,Established,Leasehold,149,,HOLLY GROVE LANE,BURNTWOOD,BURNTWOOD,LICHFIELD,STAFFORDSHIRE,Standard,Addition,52.6902900000,-1.9386330000
142000,2006-05-26 00:00:00Z,WS7 1PR,Semi-Detached,Established,Freehold,23,,SANDRINGHAM CLOSE,BURNTWOOD,BURNTWOOD,LICHFIELD,STAFFORDSHIRE,Standard,Addition,52.6905780000,-1.9392100000
145000,2006-06-01 00:00:00Z,WS7 1QA,Detached,Established,Leasehold,119,,HOLLY GROVE LANE,BURNTWOOD,BURNTWOOD,LICHFIELD,STAFFORDSHIRE,Standard,Addition,52.6902900000,-1.9386330000
160000,2006-08-11 00:00:00Z,WS7 1QA,Semi-Detached,Established,Leasehold,143,,HOLLY GROVE LANE,BURNTWOOD,BURNTWOOD,LICHFIELD,STAFFORDSHIRE,Standard,Addition,52.6902900000,-1.9386330000
118000,2006-05-05 00:00:00Z,WS7 2PA,Semi-Detached,Established,Freehold,30,,THE CRESCENT,BURNTWOOD,BURNTWOOD,LICHFIELD,STAFFORDSHIRE,Standard,Addition,52.6910950000,-1.9315750000
105000,2006-07-28 00:00:00Z,WS7 2PA,Semi-Detached,Established,Freehold,18,,THE CRESCENT,BURNTWOOD,BURNTWOOD,LICHFIELD,STAFFORDSHIRE,Standard,Addition,52.6910950000,-1.9315750000
165000,2006-11-29 00:00:00Z,WS7 1QA,Detached,Established,Freehold,32,,HOLLY GROVE LANE,BURNTWOOD,BURNTWOOD,LICHFIELD,STAFFORDSHIRE,Standard,Addition,52.6902900000,-1.9386330000
147000,2006-03-31 00:00:00Z,WS7 1PY,Detached,Established,Leasehold,19,,DUKE ROAD,BURNTWOOD,BURNTWOOD,LICHFIELD,STAFFORDSHIRE,Standard,Addition,52.6920770000,-1.9356420000
190000,2006-10-06 00:00:00Z,WS7 1PZ,Detached,Established,Freehold,63,,KINGSDOWN ROAD,BURNTWOOD,BURNTWOOD,LICHFIELD,STAFFORDSHIRE,Standard,Addition,52.6913600000,-1.9387350000
120000,2006-03-31 00:00:00Z,WS7 1QA,Terraced,Established,Freehold,125,,HOLLY GROVE LANE,,BURNTWOOD,LICHFIELD,STAFFORDSHIRE,Standard,Addition,52.6902900000,-1.9386330000
140000,2006-03-27 00:00:00Z,WS7 1PT,Semi-Detached,Established,Leasehold,28,,EARL DRIVE,BURNTWOOD,BURNTWOOD,LICHFIELD,STAFFORDSHIRE,Standard,Addition,52.6907300000,-1.9373450000
140000,2006-09-29 00:00:00Z,WS7 1LH,Semi-Detached,Established,Freehold,2,,BARON CLOSE,,BURNTWOOD,LICHFIELD,STAFFORDSHIRE,Standard,Addition,52.6907560000,-1.9368870000
142500,2006-05-26 00:00:00Z,WS7 1PX,Semi-Detached,Established,Freehold,49,,KNIGHT ROAD,BURNTWOOD,BURNTWOOD,LICHFIELD,STAFFORDSHIRE,Standard,Addition,52.6913490000,-1.9352430000
145000,2006-06-01 00:00:00Z,WS7 1QA,Detached,Established,Freehold,119,,HOLLY GROVE LANE,BURNTWOOD,BURNTWOOD,LICHFIELD,STAFFORDSHIRE,Standard,Addition,52.6902900000,-1.9386330000
139450,2006-03-15 00:00:00Z,WS7 1PX,Terraced,Established,Leasehold,9,,KNIGHT ROAD,BURNTWOOD,BURNTWOOD,LICHFIELD,STAFFORDSHIRE,Standard,Addition,52.6913490000,-1.9352430000
112500,2006-03-29 00:00:00Z,WS7 2PA,Semi-Detached,Established,Freehold,44,,THE CRESCENT,BURNTWOOD,BURNTWOOD,LICHFIELD,STAFFORDSHIRE,Standard,Addition,52.6910950000,-1.9315750000
142500,2006-05-26 00:00:00Z,WS7 1PX,Semi-Detached,Established,Leasehold,49,,KNIGHT ROAD,BURNTWOOD,BURNTWOOD,LICHFIELD,STAFFORDSHIRE,Standard,Addition,52.6913490000,-1.9352430000
139500,2006-03-27 00:00:00Z,WS7 1PX,Detached,Established,Leasehold,5,,KNIGHT ROAD,BURNTWOOD,BURNTWOOD,LICHFIELD,STAFFORDSHIRE,Standard,Addition,52.6913490000,-1.9352430000
112000,2006-10-04 00:00:00Z,WS7 2PA,Semi-Detached,Established,Freehold,43,,THE CRESCENT,BURNTWOOD,BURNTWOOD,LICHFIELD,STAFFORDSHIRE,Standard,Addition,52.6910950000,-1.9315750000
140000,2007-11-07 00:00:00Z,WS7 1QA,Terraced,Established,Freehold,125,,HOLLY GROVE LANE,BURNTWOOD,BURNTWOOD,LICHFIELD,STAFFORDSHIRE,Standard,Addition,52.6902900000,-1.9386330000
40000,2007-01-26 00:00:00Z,WS7 1PZ,Terraced,Established,Leasehold,103,,KINGSDOWN ROAD,BURNTWOOD,BURNTWOOD,LICHFIELD,STAFFORDSHIRE,Standard,Addition,52.6913600000,-1.9387350000
128850,2007-05-18 00:00:00Z,WS7 1PT,Terraced,Established,Leasehold,21,,EARL DRIVE,BURNTWOOD,BURNTWOOD,LICHFIELD,STAFFORDSHIRE,Standard,Addition,52.6907300000,-1.9373450000
137000,2007-04-27 00:00:00Z,WS7 1PY,Semi-Detached,Established,Freehold,10,,DUKE ROAD,BURNTWOOD,BURNTWOOD,LICHFIELD,STAFFORDSHIRE,Standard,Addition,52.6920770000,-1.9356420000
152500,2007-07-02 00:00:00Z,WS7 1PU,Semi-Detached,Established,Leasehold,20,,VISCOUNT ROAD,BURNTWOOD,BURNTWOOD,LICHFIELD,STAFFORDSHIRE,Standard,Addition,52.6909360000,-1.9361020000
177000,2007-08-07 00:00:00Z,WS7 1PU,Detached,Established,Freehold,13,,VISCOUNT ROAD,BURNTWOOD,BURNTWOOD,LICHFIELD,STAFFORDSHIRE,Standard,Addition,52.6909360000,-1.9361020000
145950,2007-08-24 00:00:00Z,WS7 1PU,Semi-Detached,Established,Leasehold,35,,VISCOUNT ROAD,BURNTWOOD,BURNTWOOD,LICHFIELD,STAFFORDSHIRE,Standard,Addition,52.6909360000,-1.9361020000
151000,2007-07-11 00:00:00Z,WS7 1LH,Detached,Established,Freehold,1,,BARON CLOSE,BURNTWOOD,BURNTWOOD,LICHFIELD,STAFFORDSHIRE,Standard,Addition,52.6907560000,-1.9368870000
162500,2007-07-02 00:00:00Z,WS7 1PU,Semi-Detached,Established,Freehold,19,,VISCOUNT ROAD,BURNTWOOD,BURNTWOOD,LICHFIELD,STAFFORDSHIRE,Standard,Addition,52.6909360000,-1.9361020000
133250,2007-06-08 00:00:00Z,WS7 1PU,Semi-Detached,Established,Leasehold,9,,VISCOUNT ROAD,BURNTWOOD,BURNTWOOD,LICHFIELD,STAFFORDSHIRE,Standard,Addition,52.6909360000,-1.9361020000
123000,2007-11-02 00:00:00Z,WS7 2PA,Semi-Detached,Established,Freehold,71,,THE CRESCENT,BURNTWOOD,BURNTWOOD,LICHFIELD,STAFFORDSHIRE,Standard,Addition,52.6910950000,-1.9315750000
155000,2007-05-04 00:00:00Z,WS7 1PT,Semi-Detached,Established,Leasehold,11,,EARL DRIVE,BURNTWOOD,BURNTWOOD,LICHFIELD,STAFFORDSHIRE,Standard,Addition,52.6907300000,-1.9373450000
130000,2008-04-28 00:00:00Z,WS7 1QA,Detached,Established,Leasehold,56,,HOLLY GROVE LANE,BURNTWOOD,BURNTWOOD,LICHFIELD,STAFFORDSHIRE,Standard,Addition,52.6902900000,-1.9386330000
130000,2008-04-28 00:00:00Z,WS7 1QA,Detached,Established,Freehold,56,,HOLLY GROVE LANE,BURNTWOOD,BURNTWOOD,LICHFIELD,STAFFORDSHIRE,Standard,Addition,52.6902900000,-1.9386330000
121000,2009-08-07 00:00:00Z,WS7 2PA,Semi-Detached,Established,Freehold,75,,THE CRESCENT,,BURNTWOOD,LICHFIELD,STAFFORDSHIRE,Standard,Addition,52.6910950000,-1.9315750000
140000,2009-10-02 00:00:00Z,WS7 1QA,Semi-Detached,Established,Freehold,147,,HOLLY GROVE LANE,,BURNTWOOD,LICHFIELD,STAFFORDSHIRE,Standard,Addition,52.6902900000,-1.9386330000
80000,2009-06-10 00:00:00Z,WS7 2PA,Semi-Detached,Established,Freehold,21,,THE CRESCENT,,BURNTWOOD,LICHFIELD,STAFFORDSHIRE,Standard,Addition,52.6910950000,-1.9315750000
85000,2009-09-25 00:00:00Z,WS7 2NX,Semi-Detached,Established,Freehold,66,,CHORLEY ROAD,,BURNTWOOD,LICHFIELD,STAFFORDSHIRE,Standard,Addition,52.6907620000,-1.9307470000
130000,2009-07-31 00:00:00Z,WS7 1PU,Semi-Detached,Established,Freehold,8,,VISCOUNT ROAD,,BURNTWOOD,LICHFIELD,STAFFORDSHIRE,Standard,Addition,52.6909360000,-1.9361020000
100000,2009-03-13 00:00:00Z,WS7 1QA,Detached,Established,Leasehold,68,,HOLLY GROVE LANE,BURNTWOOD,BURNTWOOD,LICHFIELD,STAFFORDSHIRE,Standard,Addition,52.6902900000,-1.9386330000
157000,2010-03-19 00:00:00Z,WS7 1QA,Semi-Detached,Established,Freehold,42,,HOLLY GROVE LANE,,BURNTWOOD,LICHFIELD,STAFFORDSHIRE,Standard,Addition,52.6902900000,-1.9386330000
118000,2010-11-30 00:00:00Z,WS7 2PA,Semi-Detached,Established,Freehold,13,,THE CRESCENT,,BURNTWOOD,LICHFIELD,STAFFORDSHIRE,Standard,Addition,52.6910950000,-1.9315750000
85000,2010-11-12 00:00:00Z,WS7 2PA,Semi-Detached,Established,Freehold,45,,THE CRESCENT,,BURNTWOOD,LICHFIELD,STAFFORDSHIRE,Standard,Addition,52.6910950000,-1.9315750000
155000,2010-03-19 00:00:00Z,WS7 1QA,Detached,Established,Freehold,70,,HOLLY GROVE LANE,,BURNTWOOD,LICHFIELD,STAFFORDSHIRE,Standard,Addition,52.6902900000,-1.9386330000
136750,2011-09-09 00:00:00Z,WS7 1QA,Semi-Detached,Established,Freehold,139,,HOLLY GROVE LANE,,BURNTWOOD,LICHFIELD,STAFFORDSHIRE,Standard,Addition,52.6902900000,-1.9386330000
135000,2011-05-13 00:00:00Z,WS7 1PY,Semi-Detached,Established,Leasehold,7,,DUKE ROAD,,BURNTWOOD,LICHFIELD,STAFFORDSHIRE,Standard,Addition,52.6920770000,-1.9356420000
150000,2011-04-15 00:00:00Z,WS7 1PZ,Semi-Detached,Established,Freehold,73,,KINGSDOWN ROAD,,BURNTWOOD,LICHFIELD,STAFFORDSHIRE,Standard,Addition,52.6913600000,-1.9387350000
100000,2011-06-24 00:00:00Z,WS7 1PT,Semi-Detached,Established,Freehold,7,,EARL DRIVE,,BURNTWOOD,LICHFIELD,STAFFORDSHIRE,Standard,Addition,52.6907300000,-1.9373450000
131500,2011-12-07 00:00:00Z,WS7 1FA,Semi-Detached,Established,Freehold,7,,LANCE DRIVE,,BURNTWOOD,LICHFIELD,STAFFORDSHIRE,Standard,Addition,52.6906290000,-1.9347420000
100000,2011-06-24 00:00:00Z,WS7 1PT,Semi-Detached,Established,Leasehold,7,,EARL DRIVE,,BURNTWOOD,LICHFIELD,STAFFORDSHIRE,Standard,Addition,52.6907300000,-1.9373450000
465000,2011-03-18 00:00:00Z,WS7 1NT,Detached,Established,Freehold,CONEY LODGE FARM,,RUGELEY ROAD,CHASE TERRACE,BURNTWOOD,LICHFIELD,STAFFORDSHIRE,Standard,Addition,52.6908530000,-1.9332320000
145000,2011-01-31 00:00:00Z,WS7 1QA,Semi-Detached,Established,Freehold,145,,HOLLY GROVE LANE,,BURNTWOOD,LICHFIELD,STAFFORDSHIRE,Standard,Addition,52.6902900000,-1.9386330000
134950,2011-03-10 00:00:00Z,WS7 1PZ,Semi-Detached,Established,Leasehold,115,,KINGSDOWN ROAD,,BURNTWOOD,LICHFIELD,STAFFORDSHIRE,Standard,Addition,52.6913600000,-1.9387350000
117000,2012-03-30 00:00:00Z,WS7 1PT,Detached,Established,Freehold,5,,EARL DRIVE,,BURNTWOOD,LICHFIELD,STAFFORDSHIRE,Standard,Addition,52.6907300000,-1.9373450000
124995,2012-04-23 00:00:00Z,WS7 1PT,Semi-Detached,Established,Leasehold,15,,EARL DRIVE,,BURNTWOOD,LICHFIELD,STAFFORDSHIRE,Standard,Addition,52.6907300000,-1.9373450000
117000,2012-03-30 00:00:00Z,WS7 1PT,Semi-Detached,Established,Leasehold,5,,EARL DRIVE,,BURNTWOOD,LICHFIELD,STAFFORDSHIRE,Standard,Addition,52.6907300000,-1.9373450000
175000,2012-11-16 00:00:00Z,WS7 1PY,Detached,Established,Freehold,24,,DUKE ROAD,,BURNTWOOD,LICHFIELD,STAFFORDSHIRE,Standard,Addition,52.6920770000,-1.9356420000
111000,2012-10-19 00:00:00Z,WS7 1PR,Semi-Detached,Established,Freehold,11,,SANDRINGHAM CLOSE,,BURNTWOOD,LICHFIELD,STAFFORDSHIRE,Standard,Addition,52.6905780000,-1.9392100000
110000,2013-11-08 00:00:00Z,WS7 1PZ,Semi-Detached,Established,Leasehold,87,,KINGSDOWN ROAD,,BURNTWOOD,LICHFIELD,STAFFORDSHIRE,Standard,Addition,52.6913600000,-1.9387350000
125000,2013-07-12 00:00:00Z,WS7 1PU,Other,Established,Leasehold,12,,VISCOUNT ROAD,,BURNTWOOD,LICHFIELD,STAFFORDSHIRE,Additional,Addition,52.6909360000,-1.9361020000
141950,2013-12-19 00:00:00Z,WS7 1LH,Semi-Detached,Established,Leasehold,2,,BARON CLOSE,,BURNTWOOD,LICHFIELD,STAFFORDSHIRE,Standard,Addition,52.6907560000,-1.9368870000
124000,2013-10-25 00:00:00Z,WS7 1PR,Semi-Detached,Established,Freehold,21,,SANDRINGHAM CLOSE,,BURNTWOOD,LICHFIELD,STAFFORDSHIRE,Standard,Addition,52.6905780000,-1.9392100000
130000,2013-09-06 00:00:00Z,WS7 1PU,Semi-Detached,Established,Leasehold,37,,VISCOUNT ROAD,,BURNTWOOD,LICHFIELD,STAFFORDSHIRE,Standard,Addition,52.6909360000,-1.9361020000
117000,2013-03-13 00:00:00Z,WS7 1PR,Semi-Detached,Established,Freehold,2,,SANDRINGHAM CLOSE,,BURNTWOOD,LICHFIELD,STAFFORDSHIRE,Standard,Addition,52.6905780000,-1.9392100000
118000,2013-10-23 00:00:00Z,WS7 1PZ,Semi-Detached,Established,Freehold,85,,KINGSDOWN ROAD,,BURNTWOOD,LICHFIELD,STAFFORDSHIRE,Standard,Addition,52.6913600000,-1.9387350000
157000,2013-05-31 00:00:00Z,WS7 1QA,Detached,Established,Freehold,44,,HOLLY GROVE LANE,,BURNTWOOD,LICHFIELD,STAFFORDSHIRE,Standard,Addition,52.6902900000,-1.9386330000
125000,2013-07-12 00:00:00Z,WS7 1PU,Detached,Established,Leasehold,12,,VISCOUNT ROAD,,BURNTWOOD,LICHFIELD,STAFFORDSHIRE,Standard,Addition,52.6909360000,-1.9361020000
118000,2013-10-23 00:00:00Z,WS7 1PZ,Semi-Detached,Established,Leasehold,85,,KINGSDOWN ROAD,,BURNTWOOD,LICHFIELD,STAFFORDSHIRE,Standard,Addition,52.6913600000,-1.9387350000
122000,2014-11-04 00:00:00Z,WS7 2PA,Semi-Detached,Established,Freehold,18,,THE CRESCENT,,BURNTWOOD,LICHFIELD,STAFFORDSHIRE,Standard,Addition,52.6910950000,-1.9315750000
139000,2014-07-04 00:00:00Z,WS7 2NX,Semi-Detached,Established,Freehold,76,,CHORLEY ROAD,,BURNTWOOD,LICHFIELD,STAFFORDSHIRE,Standard,Addition,52.6907620000,-1.9307470000
131865,2014-08-01 00:00:00Z,WS7 1FA,Detached,Established,Leasehold,11,,LANCE DRIVE,,BURNTWOOD,LICHFIELD,STAFFORDSHIRE,Standard,Addition,52.6906290000,-1.9347420000
135000,2014-01-16 00:00:00Z,WS7 1PX,Semi-Detached,Established,Freehold,13,,KNIGHT ROAD,,BURNTWOOD,LICHFIELD,STAFFORDSHIRE,Additional,Addition,52.6913490000,-1.9352430000
132500,2014-04-17 00:00:00Z,WS7 2PA,Semi-Detached,Established,Freehold,30,,THE CRESCENT,,BURNTWOOD,LICHFIELD,STAFFORDSHIRE,Standard,Addition,52.6910950000,-1.9315750000
120000,2014-01-16 00:00:00Z,WS7 1PU,Semi-Detached,Established,Leasehold,39,,VISCOUNT ROAD,,BURNTWOOD,LICHFIELD,STAFFORDSHIRE,Standard,Addition,52.6909360000,-1.9361020000
155000,2014-06-13 00:00:00Z,WS7 1LH,Detached,Established,Freehold,1,,BARON CLOSE,,BURNTWOOD,LICHFIELD,STAFFORDSHIRE,Standard,Addition,52.6907560000,-1.9368870000
150000,2014-12-17 00:00:00Z,WS7 1PT,Detached,Established,Freehold,8,,EARL DRIVE,,BURNTWOOD,LICHFIELD,STAFFORDSHIRE,Standard,Addition,52.6907300000,-1.9373450000
162500,2014-11-28 00:00:00Z,WS7 1PY,Semi-Detached,Established,Leasehold,9,,DUKE ROAD,,BURNTWOOD,LICHFIELD,STAFFORDSHIRE,Standard,Addition,52.6920770000,-1.9356420000
158000,2014-06-06 00:00:00Z,WS7 1PY,Detached,Established,Freehold,19,,DUKE ROAD,,BURNTWOOD,LICHFIELD,STAFFORDSHIRE,Standard,Addition,52.6920770000,-1.9356420000
112500,2014-06-12 00:00:00Z,WS7 1PR,Semi-Detached,Established,Leasehold,19,,SANDRINGHAM CLOSE,,BURNTWOOD,LICHFIELD,STAFFORDSHIRE,Standard,Addition,52.6905780000,-1.9392100000
115000,2014-09-12 00:00:00Z,WS7 1PT,Semi-Detached,Established,Leasehold,4,,EARL DRIVE,,BURNTWOOD,LICHFIELD,STAFFORDSHIRE,Standard,Addition,52.6907300000,-1.9373450000
135000,2014-01-16 00:00:00Z,WS7 1PX,Semi-Detached,Established,Leasehold,13,,KNIGHT ROAD,,BURNTWOOD,LICHFIELD,STAFFORDSHIRE,Standard,Addition,52.6913490000,-1.9352430000
112500,2015-05-19 00:00:00Z,WS7 1PZ,Semi-Detached,Established,Leasehold,79,,KINGSDOWN ROAD,,BURNTWOOD,LICHFIELD,STAFFORDSHIRE,Standard,Addition,52.6913600000,-1.9387350000
159000,2015-10-02 00:00:00Z,WS7 1PZ,Semi-Detached,Established,Leasehold,79,,KINGSDOWN ROAD,,BURNTWOOD,LICHFIELD,STAFFORDSHIRE,Standard,Addition,52.6913600000,-1.9387350000
124000,2015-04-07 00:00:00Z,WS7 2PA,Semi-Detached,Established,Freehold,41,,THE CRESCENT,,BURNTWOOD,LICHFIELD,STAFFORDSHIRE,Standard,Addition,52.6910950000,-1.9315750000
215000,2015-03-02 00:00:00Z,WS7 1PX,Detached,Established,Leasehold,1,,KNIGHT ROAD,,BURNTWOOD,LICHFIELD,STAFFORDSHIRE,Standard,Addition,52.6913490000,-1.9352430000
127500,2015-12-01 00:00:00Z,WS7 2PA,Semi-Detached,Established,Freehold,45,,THE CRESCENT,,BURNTWOOD,LICHFIELD,STAFFORDSHIRE,Standard,Addition,52.6910950000,-1.9315750000
159000,2015-08-21 00:00:00Z,WS7 1PT,Detached,Established,Leasehold,11,,EARL DRIVE,,BURNTWOOD,LICHFIELD,STAFFORDSHIRE,Standard,Addition,52.6907300000,-1.9373450000
162500,2015-04-10 00:00:00Z,WS7 1NT,Semi-Detached,Established,Freehold,182,,RUGELEY ROAD,CHASE TERRACE,BURNTWOOD,LICHFIELD,STAFFORDSHIRE,Standard,Addition,52.6908530000,-1.9332320000
153000,2015-04-30 00:00:00Z,WS7 1PY,Semi-Detached,Established,Leasehold,12,,DUKE ROAD,,BURNTWOOD,LICHFIELD,STAFFORDSHIRE,Standard,Addition,52.6920770000,-1.9356420000
164000,2015-07-03 00:00:00Z,WS7 1PR,Semi-Detached,Established,Leasehold,4,,SANDRINGHAM CLOSE,,BURNTWOOD,LICHFIELD,STAFFORDSHIRE,Standard,Addition,52.6905780000,-1.9392100000
125000,2015-02-27 00:00:00Z,WS7 2PA,Semi-Detached,Established,Freehold,44,,THE CRESCENT,,BURNTWOOD,LICHFIELD,STAFFORDSHIRE,Standard,Addition,52.6910950000,-1.9315750000
154000,2015-05-29 00:00:00Z,WS7 1PX,Semi-Detached,Established,Leasehold,47,,KNIGHT ROAD,,BURNTWOOD,LICHFIELD,STAFFORDSHIRE,Standard,Addition,52.6913490000,-1.9352430000
160000,2016-09-15 00:00:00Z,WS7 2NX,Flats/Maisonettes,Established,Freehold,72,,CHORLEY ROAD,,BURNTWOOD,LICHFIELD,STAFFORDSHIRE,Standard,Addition,52.6907620000,-1.9307470000
140000,2016-02-05 00:00:00Z,WS7 1QA,Detached,Established,Leasehold,46,,HOLLY GROVE LANE,,BURNTWOOD,LICHFIELD,STAFFORDSHIRE,Standard,Addition,52.6902900000,-1.9386330000
290000,2016-12-09 00:00:00Z,WS7 1PZ,Detached,Established,Leasehold,95,,KINGSDOWN ROAD,,BURNTWOOD,LICHFIELD,STAFFORDSHIRE,Standard,Addition,52.6913600000,-1.9387350000
215000,2016-05-06 00:00:00Z,WS7 1PZ,Detached,Established,Leasehold,65,,KINGSDOWN ROAD,,BURNTWOOD,LICHFIELD,STAFFORDSHIRE,Standard,Addition,52.6913600000,-1.9387350000
165000,2016-06-03 00:00:00Z,WS7 1PT,Semi-Detached,Established,Leasehold,16,,EARL DRIVE,,BURNTWOOD,LICHFIELD,STAFFORDSHIRE,Standard,Addition,52.6907300000,-1.9373450000
150000,2016-05-20 00:00:00Z,WS7 1LH,Semi-Detached,Established,Leasehold,2,,BARON CLOSE,,BURNTWOOD,LICHFIELD,STAFFORDSHIRE,Standard,Addition,52.6907560000,-1.9368870000
187500,2017-07-07 00:00:00Z,WS7 1PZ,Terraced,Established,Leasehold,123,,KINGSDOWN ROAD,,BURNTWOOD,LICHFIELD,STAFFORDSHIRE,Standard,Addition,52.6913600000,-1.9387350000
405000,2017-10-03 00:00:00Z,WS7 1NU,Semi-Detached,New Build,Freehold,16,,CONEY LODGE VIEW,CHASE TERRACE,BURNTWOOD,LICHFIELD,STAFFORDSHIRE,Standard,Addition,52.6922000000,-1.9321730000
170000,2017-10-13 00:00:00Z,WS7 1QA,Semi-Detached,Established,Freehold,139,,HOLLY GROVE LANE,,BURNTWOOD,LICHFIELD,STAFFORDSHIRE,Standard,Addition,52.6902900000,-1.9386330000
223000,2017-02-24 00:00:00Z,WS7 1PU,Semi-Detached,Established,Freehold,19,,VISCOUNT ROAD,,BURNTWOOD,LICHFIELD,STAFFORDSHIRE,Standard,Addition,52.6909360000,-1.9361020000
427500,2017-08-25 00:00:00Z,WS7 1NU,Semi-Detached,New Build,Freehold,6,,CONEY LODGE VIEW,CHASE TERRACE,BURNTWOOD,LICHFIELD,STAFFORDSHIRE,Standard,Addition,52.6922000000,-1.9321730000
342000,2017-09-01 00:00:00Z,WS7 1NU,Semi-Detached,New Build,Freehold,4,,CONEY LODGE VIEW,CHASE TERRACE,BURNTWOOD,LICHFIELD,STAFFORDSHIRE,Standard,Addition,52.6922000000,-1.9321730000
450000,2017-09-29 00:00:00Z,WS7 1NU,Detached,New Build,Freehold,2,,CONEY LODGE VIEW,CHASE TERRACE,BURNTWOOD,LICHFIELD,STAFFORDSHIRE,Standard,Addition,52.6922000000,-1.9321730000
330000,2017-09-20 00:00:00Z,WS7 1NU,Semi-Detached,New Build,Freehold,14,,CONEY LODGE VIEW,CHASE TERRACE,BURNTWOOD,LICHFIELD,STAFFORDSHIRE,Standard,Addition,52.6922000000,-1.9321730000
7525,2017-11-16 00:00:00Z,WS7 1PR,Other,Established,Freehold,5,,SANDRINGHAM CLOSE,,BURNTWOOD,LICHFIELD,STAFFORDSHIRE,Additional,Addition,52.6905780000,-1.9392100000
170000,2017-09-08 00:00:00Z,WS7 1FA,Detached,Established,Leasehold,4,,LANCE DRIVE,,BURNTWOOD,LICHFIELD,STAFFORDSHIRE,Standard,Addition,52.6906290000,-1.9347420000
138000,2017-08-10 00:00:00Z,WS7 1PT,Semi-Detached,Established,Leasehold,22,,EARL DRIVE,,BURNTWOOD,LICHFIELD,STAFFORDSHIRE,Standard,Addition,52.6907300000,-1.9373450000
188000,2017-07-21 00:00:00Z,WS7 1PT,Detached,Established,Freehold,9,,EARL DRIVE,,BURNTWOOD,LICHFIELD,STAFFORDSHIRE,Standard,Addition,52.6907300000,-1.9373450000
190000,2017-07-21 00:00:00Z,WS7 1NT,Other,Established,Freehold,CONEY LODGE FARM,,RUGELEY ROAD,CHASE TERRACE,BURNTWOOD,LICHFIELD,STAFFORDSHIRE,Additional,Addition,52.6908530000,-1.9332320000
165000,2017-11-24 00:00:00Z,WS7 1PX,Semi-Detached,Established,Leasehold,22,,KNIGHT ROAD,,BURNTWOOD,LICHFIELD,STAFFORDSHIRE,Standard,Addition,52.6913490000,-1.9352430000
352500,2017-08-25 00:00:00Z,WS7 1NU,Semi-Detached,New Build,Freehold,10,,CONEY LODGE VIEW,CHASE TERRACE,BURNTWOOD,LICHFIELD,STAFFORDSHIRE,Standard,Addition,52.6922000000,-1.9321730000
178000,2017-07-14 00:00:00Z,WS7 1PX,Detached,Established,Freehold,19,,KNIGHT ROAD,,BURNTWOOD,LICHFIELD,STAFFORDSHIRE,Standard,Addition,52.6913490000,-1.9352430000
340000,2017-07-31 00:00:00Z,WS7 1NU,Semi-Detached,New Build,Freehold,12,,CONEY LODGE VIEW,CHASE TERRACE,BURNTWOOD,LICHFIELD,STAFFORDSHIRE,Standard,Addition,52.6922000000,-1.9321730000
418000,2017-07-31 00:00:00Z,WS7 1NU,Detached,New Build,Freehold,8,,CONEY LODGE VIEW,CHASE TERRACE,BURNTWOOD,LICHFIELD,STAFFORDSHIRE,Standard,Addition,52.6922000000,-1.9321730000
215000,2018-08-03 00:00:00Z,WS7 1NT,Semi-Detached,Established,Freehold,192,,RUGELEY ROAD,CHASE TERRACE,BURNTWOOD,LICHFIELD,STAFFORDSHIRE,Standard,Addition,52.6908530000,-1.9332320000
165000,2018-05-16 00:00:00Z,WS7 1PY,Semi-Detached,Established,Leasehold,8,,DUKE ROAD,,BURNTWOOD,LICHFIELD,STAFFORDSHIRE,Standard,Addition,52.6920770000,-1.9356420000
175000,2018-06-26 00:00:00Z,WS7 1PZ,Semi-Detached,Established,Freehold,101,,KINGSDOWN ROAD,,BURNTWOOD,LICHFIELD,STAFFORDSHIRE,Standard,Addition,52.6913600000,-1.9387350000
200000,2018-03-29 00:00:00Z,WS7 1NT,Detached,Established,Freehold,CONEY LODGE FARM,,RUGELEY ROAD,CHASE TERRACE,BURNTWOOD,LICHFIELD,STAFFORDSHIRE,Standard,Addition,52.6908530000,-1.9332320000
182500,2018-12-12 00:00:00Z,WS7 1PY,Semi-Detached,Established,Leasehold,7,,DUKE ROAD,,BURNTWOOD,LICHFIELD,STAFFORDSHIRE,Standard,Addition,52.6920770000,-1.9356420000
150000,2018-11-23 00:00:00Z,WS7 2PA,Semi-Detached,Established,Freehold,30,,THE CRESCENT,,BURNTWOOD,LICHFIELD,STAFFORDSHIRE,Standard,Addition,52.6910950000,-1.9315750000
166000,2018-03-29 00:00:00Z,WS7 1PT,Detached,Established,Freehold,5,,EARL DRIVE,,BURNTWOOD,LICHFIELD,STAFFORDSHIRE,Standard,Addition,52.6907300000,-1.9373450000
184000,2018-02-23 00:00:00Z,WS7 1FA,Detached,Established,Freehold,5,,LANCE DRIVE,,BURNTWOOD,LICHFIELD,STAFFORDSHIRE,Standard,Addition,52.6906290000,-1.9347420000
165000,2018-03-29 00:00:00Z,WS7 1PU,Terraced,Established,Freehold,35,,VISCOUNT ROAD,,BURNTWOOD,LICHFIELD,STAFFORDSHIRE,Standard,Addition,52.6909360000,-1.9361020000
225000,2019-10-18 00:00:00Z,WS7 1PU,Detached,Established,Freehold,13,,VISCOUNT ROAD,,BURNTWOOD,LICHFIELD,STAFFORDSHIRE,Standard,Addition,52.6909360000,-1.9361020000
190000,2019-09-06 00:00:00Z,WS7 1PT,Detached,Established,Freehold,11,,EARL DRIVE,,BURNTWOOD,LICHFIELD,STAFFORDSHIRE,Standard,Addition,52.6907300000,-1.9373450000
219950,2019-09-06 00:00:00Z,WS7 1QA,Semi-Detached,Established,Leasehold,143,,HOLLY GROVE LANE,,BURNTWOOD,LICHFIELD,STAFFORDSHIRE,Standard,Addition,52.6902900000,-1.9386330000
335000,2019-09-20 00:00:00Z,WS7 1NU,Semi-Detached,Established,Freehold,14,,CONEY LODGE VIEW,CHASE TERRACE,BURNTWOOD,LICHFIELD,STAFFORDSHIRE,Standard,Addition,52.6922000000,-1.9321730000
118000,2019-03-20 00:00:00Z,WS7 2PA,Semi-Detached,Established,Freehold,6,,THE CRESCENT,,BURNTWOOD,LICHFIELD,STAFFORDSHIRE,Additional,Addition,52.6910950000,-1.9315750000
215000,2019-07-12 00:00:00Z,WS7 1FA,Semi-Detached,Established,Freehold,12,,LANCE DRIVE,,BURNTWOOD,LICHFIELD,STAFFORDSHIRE,Standard,Addition,52.6906290000,-1.9347420000
185000,2019-03-22 00:00:00Z,WS7 1QA,Semi-Detached,Established,Freehold,145,,HOLLY GROVE LANE,,BURNTWOOD,LICHFIELD,STAFFORDSHIRE,Standard,Addition,52.6902900000,-1.9386330000
171000,2020-01-09 00:00:00Z,WS7 2PA,Semi-Detached,Established,Freehold,6,,THE CRESCENT,,BURNTWOOD,LICHFIELD,STAFFORDSHIRE,Standard,Addition,52.6910950000,-1.9315750000
163000,2020-01-17 00:00:00Z,WS7 2PA,Semi-Detached,Established,Freehold,37,,THE CRESCENT,,BURNTWOOD,LICHFIELD,STAFFORDSHIRE,Standard,Addition,52.6910950000,-1.9315750000
175000,2020-07-24 00:00:00Z,WS7 1PT,Semi-Detached,Established,Leasehold,20,,EARL DRIVE,,BURNTWOOD,LICHFIELD,STAFFORDSHIRE,Standard,Addition,52.6907300000,-1.9373450000
165000,2020-08-28 00:00:00Z,WS7 2PA,Semi-Detached,Established,Freehold,13,,THE CRESCENT,,BURNTWOOD,LICHFIELD,STAFFORDSHIRE,Standard,Addition,52.6910950000,-1.9315750000
220000,2020-09-04 00:00:00Z,WS7 1QA,Detached,Established,Leasehold,62,,HOLLY GROVE LANE,,BURNTWOOD,LICHFIELD,STAFFORDSHIRE,Standard,Addition,52.6902900000,-1.9386330000
175000,2020-11-27 00:00:00Z,WS7 1PX,Detached,Established,Freehold,7,,KNIGHT ROAD,,BURNTWOOD,LICHFIELD,STAFFORDSHIRE,Standard,Addition,52.6913490000,-1.9352430000
182000,2020-11-19 00:00:00Z,WS7 1PR,Semi-Detached,Established,Freehold,11,,SANDRINGHAM CLOSE,,BURNTWOOD,LICHFIELD,STAFFORDSHIRE,Standard,Addition,52.6905780000,-1.9392100000
190000,2020-02-14 00:00:00Z,WS7 1PZ,Semi-Detached,Established,Freehold,101,,KINGSDOWN ROAD,,BURNTWOOD,LICHFIELD,STAFFORDSHIRE,Standard,Addition,52.6913600000,-1.9387350000
228000,2020-05-22 00:00:00Z,WS7 1QA,Detached,Established,Freehold,38,,HOLLY GROVE LANE,,BURNTWOOD,LICHFIELD,STAFFORDSHIRE,Standard,Addition,52.6902900000,-1.9386330000
195000,2020-06-05 00:00:00Z,WS7 1PT,Semi-Detached,Established,Leasehold,16,,EARL DRIVE,,BURNTWOOD,LICHFIELD,STAFFORDSHIRE,Standard,Addition,52.6907300000,-1.9373450000
210000,2020-01-10 00:00:00Z,WS7 1PY,Detached,Established,Freehold,26,,DUKE ROAD,,BURNTWOOD,LICHFIELD,STAFFORDSHIRE,Standard,Addition,52.6920770000,-1.9356420000
230000,2021-01-28 00:00:00Z,WS7 1QA,Terraced,Established,Freehold,125,,HOLLY GROVE LANE,,BURNTWOOD,LICHFIELD,STAFFORDSHIRE,Standard,Addition,52.6902900000,-1.9386330000
182000,2021-02-19 00:00:00Z,WS7 1PU,Detached,Established,Freehold,2,,VISCOUNT ROAD,,BURNTWOOD,LICHFIELD,STAFFORDSHIRE,Standard,Addition,52.6909360000,-1.9361020000
279950,2021-01-27 00:00:00Z,WS7 1QA,Semi-Detached,Established,Freehold,60,,HOLLY GROVE LANE,,BURNTWOOD,LICHFIELD,STAFFORDSHIRE,Standard,Addition,52.6902900000,-1.9386330000
250000,2021-02-08 00:00:00Z,WS7 1NT,Other,Established,Freehold,150,,RUGELEY ROAD,CHASE TERRACE,BURNTWOOD,LICHFIELD,STAFFORDSHIRE,Additional,Addition,52.6908530000,-1.9332320000
176000,2021-04-20 00:00:00Z,WS7 1PZ,Semi-Detached,Established,Freehold,107,,KINGSDOWN ROAD,,BURNTWOOD,LICHFIELD,STAFFORDSHIRE,Standard,Addition,52.6913600000,-1.9387350000
220000,2021-01-14 00:00:00Z,WS7 1PY,Detached,Established,Leasehold,6,,DUKE ROAD,,BURNTWOOD,LICHFIELD,STAFFORDSHIRE,Standard,Addition,52.6920770000,-1.9356420000
235000,2021-11-08 00:00:00Z,WS7 1QA,Detached,Established,Leasehold,123,,HOLLY GROVE LANE,,BURNTWOOD,LICHFIELD,STAFFORDSHIRE,Standard,Addition,52.6902900000,-1.9386330000
212000,2021-01-22 00:00:00Z,WS7 1PX,Semi-Detached,Established,Freehold,14,,KNIGHT ROAD,,BURNTWOOD,LICHFIELD,STAFFORDSHIRE,Standard,Addition,52.6913490000,-1.9352430000
212000,2021-01-22 00:00:00Z,WS7 1PX,Semi-Detached,Established,Leasehold,14,,KNIGHT ROAD,,BURNTWOOD,LICHFIELD,STAFFORDSHIRE,Standard,Addition,52.6913490000,-1.9352430000
270000,2021-08-26 00:00:00Z,WS7 1PY,Semi-Detached,Established,Freehold,33,,DUKE ROAD,,BURNTWOOD,LICHFIELD,STAFFORDSHIRE,Standard,Addition,52.6920770000,-1.9356420000
286000,2021-06-25 00:00:00Z,WS7 1PZ,Terraced,Established,Freehold,129,,KINGSDOWN ROAD,,BURNTWOOD,LICHFIELD,STAFFORDSHIRE,Standard,Addition,52.6913600000,-1.9387350000
385000,2021-06-30 00:00:00Z,WS7 1NU,Semi-Detached,Established,Freehold,12,,CONEY LODGE VIEW,CHASE TERRACE,BURNTWOOD,LICHFIELD,STAFFORDSHIRE,Standard,Addition,52.6922000000,-1.9321730000
235000,2021-07-30 00:00:00Z,WS7 1PZ,Semi-Detached,Established,Freehold,81,,KINGSDOWN ROAD,,BURNTWOOD,LICHFIELD,STAFFORDSHIRE,Standard,Addition,52.6913600000,-1.9387350000
335000,2022-02-11 00:00:00Z,WS7 1QA,Semi-Detached,Established,Freehold,60,,HOLLY GROVE LANE,,BURNTWOOD,LICHFIELD,STAFFORDSHIRE,Standard,Addition,52.6902900000,-1.9386330000
