31500,1995-05-26 00:00:00Z,DE75 7AU,Terraced,Established,Freehold,45,,HOWITT STREET,HEANOR,HEANOR,AMBER VALLEY,DERBYSHIRE,Standard,Addition,53.0157570000,-1.3441740000
28500,1995-04-13 00:00:00Z,DE75 7AX,Terraced,Established,Freehold,32,,STARTHE BANK,HEANOR,HEANOR,AMBER VALLEY,DERBYSHIRE,Standard,Addition,53.0136560000,-1.3462620000
26350,1995-04-28 00:00:00Z,DE75 7HB,Semi-Detached,Established,Freehold,87,,HANDS ROAD,HEANOR,HEANOR,AMBER VALLEY,DERBYSHIRE,Standard,Addition,53.0125200000,-1.3439100000
34000,1995-06-02 00:00:00Z,DE75 7HS,Semi-Detached,Established,Freehold,8,,CLARAMOUNT ROAD,HEANOR,HEANOR,AMBER VALLEY,DERBYSHIRE,Standard,Addition,53.0105640000,-1.3414210000
39000,1995-06-09 00:00:00Z,DE75 7AW,Semi-Detached,Established,Freehold,123,,HOWITT STREET,HEANOR,HEANOR,AMBER VALLEY,DERBYSHIRE,Standard,Addition,53.0146480000,-1.3466650000
48500,1995-07-24 00:00:00Z,DE75 7AW,Semi-Detached,Established,Freehold,68,,HOWITT STREET,HEANOR,HEANOR,AMBER VALLEY,DERBYSHIRE,Standard,Addition,53.0146480000,-1.3466650000
70500,1995-05-19 00:00:00Z,DE75 7AR,Detached,Established,Freehold,2,,WATSON AVENUE,HEANOR,HEANOR,AMBER VALLEY,DERBYSHIRE,Standard,Addition,53.0159090000,-1.3488670000
26000,1995-06-09 00:00:00Z,DE75 7AQ,Terraced,Established,Freehold,68,,MANSFIELD ROAD,HEANOR,HEANOR,AMBER VALLEY,DERBYSHIRE,Standard,Addition,53.0163190000,-1.3450150000
15250,1995-06-20 00:00:00Z,DE75 7HF,Terraced,Established,Freehold,52,,ELLABANK ROAD,HEANOR,HEANOR,AMBER VALLEY,DERBYSHIRE,Standard,Addition,53.0109620000,-1.3449770000
46500,1995-04-11 00:00:00Z,DE75 7AW,Semi-Detached,Established,Freehold,85,,HOWITT STREET,HEANOR,HEANOR,AMBER VALLEY,DERBYSHIRE,Standard,Addition,53.0146480000,-1.3466650000
66000,1995-04-21 00:00:00Z,DE75 7YT,Detached,Established,Freehold,11,,BRAMPTON AVENUE,HEANOR,HEANOR,AMBER VALLEY,DERBYSHIRE,Standard,Addition,53.0178170000,-1.3428010000
38950,1995-08-04 00:00:00Z,DE75 7TH,Semi-Detached,Established,Freehold,14,,ASTCOTE CLOSE,HEANOR,HEANOR,AMBER VALLEY,DERBYSHIRE,Standard,Addition,53.0112000000,-1.3409490000
28500,1995-10-12 00:00:00Z,DE75 7AW,Terraced,Established,Freehold,83,,HOWITT STREET,HEANOR,HEANOR,AMBER VALLEY,DERBYSHIRE,Standard,Addition,53.0146480000,-1.3466650000
45000,1995-02-09 00:00:00Z,DE75 7HA,Semi-Detached,Established,Freehold,25,,HANDS ROAD,HEANOR,HEANOR,AMBER VALLEY,DERBYSHIRE,Standard,Addition,53.0131870000,-1.3490870000
23000,1995-07-28 00:00:00Z,DE75 7HS,Terraced,Established,Freehold,7,,CLARAMOUNT ROAD,HEANOR,HEANOR,AMBER VALLEY,DERBYSHIRE,Standard,Addition,53.0105640000,-1.3414210000
65000,1995-12-29 00:00:00Z,DE75 7AR,Detached,Established,Freehold,27,,WATSON AVENUE,HEANOR,HEANOR,AMBER VALLEY,DERBYSHIRE,Standard,Addition,53.0159090000,-1.3488670000
55000,1995-02-07 00:00:00Z,DE75 7AS,Detached,Established,Freehold,22,,GARNETT AVENUE,HEANOR,HEANOR,AMBER VALLEY,DERBYSHIRE,Standard,Addition,53.0155300000,-1.3486340000
55500,1995-12-19 00:00:00Z,DE75 7TR,Detached,Established,Freehold,29,,LAWN CLOSE,HEANOR,HEANOR,AMBER VALLEY,DERBYSHIRE,Standard,Addition,53.0166870000,-1.3481550000
38000,1995-08-11 00:00:00Z,DE75 7AR,Semi-Detached,Established,Freehold,11,,WATSON AVENUE,HEANOR,HEANOR,AMBER VALLEY,DERBYSHIRE,Standard,Addition,53.0159090000,-1.3488670000
59500,1995-01-04 00:00:00Z,DE75 7YU,Detached,Established,Freehold,12,,DARFIELD DRIVE,HEANOR,HEANOR,AMBER VALLEY,DERBYSHIRE,Standard,Addition,53.0179790000,-1.3443790000
36500,1995-06-02 00:00:00Z,DE75 7HD,Semi-Detached,Established,Freehold,149,,HANDS ROAD,HEANOR,HEANOR,AMBER VALLEY,DERBYSHIRE,Standard,Addition,53.0129080000,-1.3409380000
66000,1995-02-28 00:00:00Z,DE75 7YT,Detached,Established,Freehold,8,,BRAMPTON AVENUE,HEANOR,HEANOR,AMBER VALLEY,DERBYSHIRE,Standard,Addition,53.0178170000,-1.3428010000
21950,1995-03-31 00:00:00Z,DE75 7AU,Terraced,Established,Freehold,26,,HOWITT STREET,HEANOR,HEANOR,AMBER VALLEY,DERBYSHIRE,Standard,Addition,53.0157570000,-1.3441740000
59000,1995-12-21 00:00:00Z,DE75 7YU,Detached,Established,Freehold,23,,DARFIELD DRIVE,HEANOR,HEANOR,AMBER VALLEY,DERBYSHIRE,Standard,Addition,53.0179790000,-1.3443790000
39474,1995-08-25 00:00:00Z,DE75 7TH,Terraced,New Build,Freehold,2,,ASTCOTE CLOSE,HEANOR,HEANOR,AMBER VALLEY,DERBYSHIRE,Standard,Addition,53.0112000000,-1.3409490000
41000,1995-05-12 00:00:00Z,DE75 7TS,Semi-Detached,Established,Freehold,14,,UPPER BARN CLOSE,HEANOR,HEANOR,AMBER VALLEY,DERBYSHIRE,Standard,Addition,53.0166770000,-1.3494960000
23000,1995-07-25 00:00:00Z,DE75 7AX,Terraced,Established,Freehold,2,,STARTHE BANK,HEANOR,HEANOR,AMBER VALLEY,DERBYSHIRE,Standard,Addition,53.0136560000,-1.3462620000
28000,1995-03-29 00:00:00Z,DE75 7AT,Terraced,Established,Freehold,22,,MARSHALL STREET,HEANOR,HEANOR,AMBER VALLEY,DERBYSHIRE,Standard,Addition,53.0172950000,-1.3458350000
23000,1995-05-05 00:00:00Z,DE75 7AU,Terraced,Established,Freehold,34,,HOWITT STREET,HEANOR,HEANOR,AMBER VALLEY,DERBYSHIRE,Standard,Addition,53.0157570000,-1.3441740000
36500,1995-04-28 00:00:00Z,DE75 7AU,Semi-Detached,Established,Freehold,9,,HOWITT STREET,HEANOR,HEANOR,AMBER VALLEY,DERBYSHIRE,Standard,Addition,53.0157570000,-1.3441740000
49500,1995-07-07 00:00:00Z,DE75 7TS,Detached,Established,Freehold,10,,UPPER BARN CLOSE,HEANOR,HEANOR,AMBER VALLEY,DERBYSHIRE,Standard,Addition,53.0166770000,-1.3494960000
40000,1995-09-22 00:00:00Z,DE75 7HF,Detached,Established,Freehold,59,,ELLABANK ROAD,HEANOR,HEANOR,AMBER VALLEY,DERBYSHIRE,Standard,Addition,53.0109620000,-1.3449770000
59950,1995-11-30 00:00:00Z,DE75 7AR,Detached,Established,Freehold,29,,WATSON AVENUE,HEANOR,HEANOR,AMBER VALLEY,DERBYSHIRE,Standard,Addition,53.0159090000,-1.3488670000
39000,1995-09-01 00:00:00Z,DE75 7TH,Terraced,Established,Freehold,4,,ASTCOTE CLOSE,HEANOR,HEANOR,AMBER VALLEY,DERBYSHIRE,Standard,Addition,53.0112000000,-1.3409490000
56000,1995-07-28 00:00:00Z,DE75 7TR,Detached,Established,Freehold,15,,LAWN CLOSE,HEANOR,HEANOR,AMBER VALLEY,DERBYSHIRE,Standard,Addition,53.0166870000,-1.3481550000
39000,1995-09-29 00:00:00Z,DE75 7AP,Semi-Detached,Established,Freehold,16,,GRACE CRESCENT,HEANOR,HEANOR,AMBER VALLEY,DERBYSHIRE,Standard,Addition,53.0137780000,-1.3487650000
38000,1995-09-28 00:00:00Z,DE75 7SX,Terraced,Established,Freehold,6,,LOWLANDS LEA,HEANOR,HEANOR,AMBER VALLEY,DERBYSHIRE,Standard,Addition,53.0178710000,-1.3492400000
40000,1995-10-31 00:00:00Z,DE75 7AN,Terraced,Established,Freehold,4,,ST LAWRENCE CLOSE,HEANOR,HEANOR,AMBER VALLEY,DERBYSHIRE,Standard,Addition,53.0147370000,-1.3498240000
75000,1995-03-17 00:00:00Z,DE75 7AJ,Detached,Established,Freehold,16,,MANSFIELD ROAD,HEANOR,HEANOR,AMBER VALLEY,DERBYSHIRE,Standard,Addition,53.0148620000,-1.3478210000
36000,1995-01-05 00:00:00Z,DE75 7AT,Semi-Detached,Established,Freehold,56,,MARSHALL STREET,HEANOR,HEANOR,AMBER VALLEY,DERBYSHIRE,Standard,Addition,53.0172950000,-1.3458350000
24000,1995-02-16 00:00:00Z,DE75 7AU,Terraced,Established,Freehold,37,,HOWITT STREET,HEANOR,HEANOR,AMBER VALLEY,DERBYSHIRE,Standard,Addition,53.0157570000,-1.3441740000
27000,1995-11-17 00:00:00Z,DE75 7AQ,Semi-Detached,Established,Freehold,54,,MANSFIELD ROAD,HEANOR,HEANOR,AMBER VALLEY,DERBYSHIRE,Standard,Addition,53.0163190000,-1.3450150000
48000,1995-10-27 00:00:00Z,DE75 7AS,Semi-Detached,Established,Freehold,9,,GARNETT AVENUE,HEANOR,HEANOR,AMBER VALLEY,DERBYSHIRE,Standard,Addition,53.0155300000,-1.3486340000
37002,1995-03-17 00:00:00Z,DE75 7TT,Semi-Detached,New Build,Freehold,6,,UPTON CLOSE,HEANOR,HEANOR,AMBER VALLEY,DERBYSHIRE,Standard,Addition,53.0119740000,-1.3411310000
63500,1995-07-28 00:00:00Z,DE75 7YU,Detached,Established,Freehold,2,,DARFIELD DRIVE,HEANOR,HEANOR,AMBER VALLEY,DERBYSHIRE,Standard,Addition,53.0179790000,-1.3443790000
39950,1995-05-12 00:00:00Z,DE75 7AQ,Terraced,Established,Freehold,25,,MANSFIELD ROAD,HEANOR,HEANOR,AMBER VALLEY,DERBYSHIRE,Standard,Addition,53.0163190000,-1.3450150000
18000,1995-03-22 00:00:00Z,DE75 7AX,Terraced,Established,Freehold,24,,STARTHE BANK,HEANOR,HEANOR,AMBER VALLEY,DERBYSHIRE,Standard,Addition,53.0136560000,-1.3462620000
59950,1995-11-24 00:00:00Z,DE75 7US,Detached,Established,Freehold,1,,ORCHARD RISE,HEANOR,HEANOR,AMBER VALLEY,DERBYSHIRE,Standard,Addition,53.0171870000,-1.3474610000
20000,1996-07-31 00:00:00Z,DE75 7HF,Detached,Established,Freehold,1,,ELLABANK ROAD,HEANOR,HEANOR,AMBER VALLEY,DERBYSHIRE,Standard,Addition,53.0109620000,-1.3449770000
36000,1996-12-13 00:00:00Z,DE75 7TH,Semi-Detached,Established,Freehold,8,,ASTCOTE CLOSE,HEANOR,HEANOR,AMBER VALLEY,DERBYSHIRE,Standard,Addition,53.0112000000,-1.3409490000
21500,1996-07-09 00:00:00Z,DE75 7AX,Terraced,Established,Freehold,30,,STARTHE BANK,HEANOR,HEANOR,AMBER VALLEY,DERBYSHIRE,Standard,Addition,53.0136560000,-1.3462620000
31750,1996-04-12 00:00:00Z,DE75 7BD,Terraced,Established,Freehold,23,,ELMSFIELD AVENUE,HEANOR,HEANOR,AMBER VALLEY,DERBYSHIRE,Standard,Addition,53.0161890000,-1.3409770000
19500,1996-11-29 00:00:00Z,DE75 7HF,Terraced,Established,Freehold,44A,,ELLABANK ROAD,HEANOR,HEANOR,AMBER VALLEY,DERBYSHIRE,Standard,Addition,53.0109620000,-1.3449770000
27500,1996-10-18 00:00:00Z,DE75 7AT,Terraced,Established,Freehold,12,,MARSHALL STREET,HEANOR,HEANOR,AMBER VALLEY,DERBYSHIRE,Standard,Addition,53.0172950000,-1.3458350000
34000,1996-12-17 00:00:00Z,DE75 7BB,Terraced,Established,Freehold,32,,OAKLANDS AVENUE,HEANOR,HEANOR,AMBER VALLEY,DERBYSHIRE,Standard,Addition,53.0155780000,-1.3409120000
84500,1996-11-19 00:00:00Z,DE75 7AU,Terraced,Established,Freehold,6,,HOWITT STREET,HEANOR,HEANOR,AMBER VALLEY,DERBYSHIRE,Standard,Addition,53.0157570000,-1.3441740000
33000,1996-03-01 00:00:00Z,DE75 7AP,Semi-Detached,Established,Freehold,7,,GRACE CRESCENT,HEANOR,HEANOR,AMBER VALLEY,DERBYSHIRE,Standard,Addition,53.0137780000,-1.3487650000
56000,1996-12-05 00:00:00Z,DE75 7TS,Detached,Established,Freehold,8,,UPPER BARN CLOSE,HEANOR,HEANOR,AMBER VALLEY,DERBYSHIRE,Standard,Addition,53.0166770000,-1.3494960000
25000,1996-08-23 00:00:00Z,DE75 7AW,Terraced,Established,Freehold,125,,HOWITT STREET,HEANOR,HEANOR,AMBER VALLEY,DERBYSHIRE,Standard,Addition,53.0146480000,-1.3466650000
43000,1996-05-24 00:00:00Z,DE75 7HA,Semi-Detached,Established,Freehold,31,,HANDS ROAD,HEANOR,HEANOR,AMBER VALLEY,DERBYSHIRE,Standard,Addition,53.0131870000,-1.3490870000
22500,1996-05-31 00:00:00Z,DE75 7BA,Semi-Detached,Established,Freehold,131,,HOLBROOK STREET,HEANOR,HEANOR,AMBER VALLEY,DERBYSHIRE,Standard,Addition,53.0137850000,-1.3417890000
59950,1996-05-24 00:00:00Z,DE75 7AS,Detached,Established,Freehold,2,,GARNETT AVENUE,HEANOR,HEANOR,AMBER VALLEY,DERBYSHIRE,Standard,Addition,53.0155300000,-1.3486340000
26000,1996-08-15 00:00:00Z,DE75 7AT,Semi-Detached,Established,Freehold,24,,MARSHALL STREET,HEANOR,HEANOR,AMBER VALLEY,DERBYSHIRE,Standard,Addition,53.0172950000,-1.3458350000
23000,1996-05-24 00:00:00Z,DE75 7BD,Terraced,Established,Freehold,3,,ELMSFIELD AVENUE,HEANOR,HEANOR,AMBER VALLEY,DERBYSHIRE,Standard,Addition,53.0161890000,-1.3409770000
81000,1996-07-30 00:00:00Z,DE75 7DT,Detached,Established,Freehold,31,,ILKESTON ROAD,HEANOR,HEANOR,AMBER VALLEY,DERBYSHIRE,Standard,Addition,53.0103040000,-1.3497260000
55000,1996-11-01 00:00:00Z,DE75 7HB,Detached,Established,Freehold,137,,HANDS ROAD,,HEANOR,AMBER VALLEY,DERBYSHIRE,Standard,Addition,53.0125200000,-1.3439100000
37250,1996-05-24 00:00:00Z,DE75 7TH,Terraced,Established,Freehold,9,,ASTCOTE CLOSE,HEANOR,HEANOR,AMBER VALLEY,DERBYSHIRE,Standard,Addition,53.0112000000,-1.3409490000
69000,1996-07-31 00:00:00Z,DE75 7YR,Detached,Established,Freehold,40,,GREENACRE AVENUE,,HEANOR,AMBER VALLEY,DERBYSHIRE,Standard,Addition,53.0184030000,-1.3429410000
14250,1996-04-22 00:00:00Z,DE75 7AX,Terraced,Established,Freehold,23,,STARTHE BANK,HEANOR,HEANOR,AMBER VALLEY,DERBYSHIRE,Standard,Addition,53.0136560000,-1.3462620000
41500,1996-02-14 00:00:00Z,DE75 7AU,Detached,Established,Freehold,57,,HOWITT STREET,HEANOR,HEANOR,AMBER VALLEY,DERBYSHIRE,Standard,Addition,53.0157570000,-1.3441740000
37000,1996-08-09 00:00:00Z,DE75 7AQ,Semi-Detached,Established,Freehold,70,,MANSFIELD ROAD,HEANOR,HEANOR,AMBER VALLEY,DERBYSHIRE,Standard,Addition,53.0163190000,-1.3450150000
14500,1996-07-08 00:00:00Z,DE75 7AT,Terraced,Established,Freehold,12,,MARSHALL STREET,HEANOR,HEANOR,AMBER VALLEY,DERBYSHIRE,Standard,Addition,53.0172950000,-1.3458350000
33950,1996-07-05 00:00:00Z,DE75 7BB,Terraced,Established,Freehold,28,,OAKLANDS AVENUE,HEANOR,HEANOR,AMBER VALLEY,DERBYSHIRE,Standard,Addition,53.0155780000,-1.3409120000
29500,1996-11-14 00:00:00Z,DE75 7HD,Semi-Detached,Established,Freehold,143,,HANDS ROAD,HEANOR,HEANOR,AMBER VALLEY,DERBYSHIRE,Standard,Addition,53.0129080000,-1.3409380000
31500,1996-10-11 00:00:00Z,DE75 7TH,Terraced,Established,Freehold,20,,ASTCOTE CLOSE,HEANOR,HEANOR,AMBER VALLEY,DERBYSHIRE,Standard,Addition,53.0112000000,-1.3409490000
50500,1996-10-25 00:00:00Z,DE75 7US,Detached,Established,Freehold,10,,ORCHARD RISE,HEANOR,HEANOR,AMBER VALLEY,DERBYSHIRE,Standard,Addition,53.0171870000,-1.3474610000
57400,1996-05-24 00:00:00Z,DE75 7YS,Detached,Established,Freehold,10,,ARDSLEY CLOSE,HEANOR,HEANOR,AMBER VALLEY,DERBYSHIRE,Standard,Addition,53.0174200000,-1.3423900000
37000,1996-05-31 00:00:00Z,DE75 7BB,Terraced,Established,Freehold,36,,OAKLANDS AVENUE,HEANOR,HEANOR,AMBER VALLEY,DERBYSHIRE,Standard,Addition,53.0155780000,-1.3409120000
15000,1996-01-10 00:00:00Z,DE75 7BD,Terraced,Established,Freehold,16,,ELMSFIELD AVENUE,HEANOR,HEANOR,AMBER VALLEY,DERBYSHIRE,Standard,Addition,53.0161890000,-1.3409770000
80000,1996-08-16 00:00:00Z,DE75 7AJ,Detached,Established,Freehold,28,,MANSFIELD ROAD,HEANOR,HEANOR,AMBER VALLEY,DERBYSHIRE,Standard,Addition,53.0148620000,-1.3478210000
60000,1996-05-31 00:00:00Z,DE75 7YU,Detached,Established,Freehold,17,,DARFIELD DRIVE,HEANOR,HEANOR,AMBER VALLEY,DERBYSHIRE,Standard,Addition,53.0179790000,-1.3443790000
36650,1996-12-23 00:00:00Z,DE75 7TH,Semi-Detached,Established,Freehold,10,,ASTCOTE CLOSE,HEANOR,HEANOR,AMBER VALLEY,DERBYSHIRE,Standard,Addition,53.0112000000,-1.3409490000
56500,1996-07-02 00:00:00Z,DE75 7BB,Detached,Established,Freehold,47,,OAKLANDS AVENUE,HEANOR,HEANOR,AMBER VALLEY,DERBYSHIRE,Standard,Addition,53.0155780000,-1.3409120000
87500,1996-03-01 00:00:00Z,DE75 7HA,Detached,Established,Freehold,1,,VICARAGE GARDENS,HEANOR,HEANOR,AMBER VALLEY,DERBYSHIRE,Standard,Addition,53.0131870000,-1.3490870000
90000,1996-11-25 00:00:00Z,DE75 7TQ,Detached,Established,Freehold,19,,NEWTON DRIVE,,HEANOR,AMBER VALLEY,DERBYSHIRE,Standard,Addition,53.0134050000,-1.3445190000
31000,1996-12-02 00:00:00Z,DE75 7HB,Semi-Detached,Established,Freehold,85,,HANDS ROAD,HEANOR,HEANOR,AMBER VALLEY,DERBYSHIRE,Standard,Addition,53.0125200000,-1.3439100000
23000,1996-05-09 00:00:00Z,DE75 7BB,Terraced,Established,Freehold,20,,OAKLANDS AVENUE,HEANOR,HEANOR,AMBER VALLEY,DERBYSHIRE,Standard,Addition,53.0155780000,-1.3409120000
63500,1996-12-02 00:00:00Z,DE75 7YR,Detached,Established,Freehold,5,,GREENACRE AVENUE,HEANOR,HEANOR,AMBER VALLEY,DERBYSHIRE,Standard,Addition,53.0184030000,-1.3429410000
63500,1996-10-28 00:00:00Z,DE75 7YS,Detached,Established,Freehold,4,,ARDSLEY CLOSE,HEANOR,HEANOR,AMBER VALLEY,DERBYSHIRE,Standard,Addition,53.0174200000,-1.3423900000
33000,1996-05-22 00:00:00Z,DE75 7BD,Terraced,Established,Freehold,35,,ELMSFIELD AVENUE,HEANOR,HEANOR,AMBER VALLEY,DERBYSHIRE,Standard,Addition,53.0161890000,-1.3409770000
21100,1996-12-06 00:00:00Z,DE75 7AT,Terraced,Established,Freehold,36,,MARSHALL STREET,HEANOR,HEANOR,AMBER VALLEY,DERBYSHIRE,Standard,Addition,53.0172950000,-1.3458350000
31000,1996-03-29 00:00:00Z,DE75 7AX,Terraced,Established,Freehold,2,,STARTHE BANK,HEANOR,HEANOR,AMBER VALLEY,DERBYSHIRE,Standard,Addition,53.0136560000,-1.3462620000
55500,1996-05-24 00:00:00Z,DE75 7AR,Detached,Established,Freehold,33,,WATSON AVENUE,HEANOR,HEANOR,AMBER VALLEY,DERBYSHIRE,Standard,Addition,53.0159090000,-1.3488670000
23500,1996-12-23 00:00:00Z,DE75 7HA,Semi-Detached,Established,Freehold,33,,HANDS ROAD,HEANOR,HEANOR,AMBER VALLEY,DERBYSHIRE,Standard,Addition,53.0131870000,-1.3490870000
58700,1996-08-02 00:00:00Z,DE75 7YS,Detached,Established,Freehold,8,,ARDSLEY CLOSE,HEANOR,HEANOR,AMBER VALLEY,DERBYSHIRE,Standard,Addition,53.0174200000,-1.3423900000
64000,1997-08-22 00:00:00Z,DE75 7HF,Semi-Detached,Established,Freehold,64,,ELLABANK ROAD,HEANOR,HEANOR,AMBER VALLEY,DERBYSHIRE,Standard,Addition,53.0109620000,-1.3449770000
38000,1997-06-06 00:00:00Z,DE75 7AY,Terraced,Established,Freehold,34,,HOLBROOK STREET,HEANOR,HEANOR,AMBER VALLEY,DERBYSHIRE,Standard,Addition,53.0154890000,-1.3425350000
24000,1997-11-28 00:00:00Z,DE75 7BA,Terraced,Established,Freehold,84,,HOLBROOK STREET,HEANOR,HEANOR,AMBER VALLEY,DERBYSHIRE,Standard,Addition,53.0137850000,-1.3417890000
34000,1997-09-12 00:00:00Z,DE75 7AY,Terraced,Established,Freehold,77,,HOLBROOK STREET,HEANOR,HEANOR,AMBER VALLEY,DERBYSHIRE,Standard,Addition,53.0154890000,-1.3425350000
37500,1997-12-12 00:00:00Z,DE75 7HA,Semi-Detached,Established,Freehold,33,,HANDS ROAD,HEANOR,HEANOR,AMBER VALLEY,DERBYSHIRE,Standard,Addition,53.0131870000,-1.3490870000
25663,1997-07-16 00:00:00Z,DE75 7US,Semi-Detached,Established,Freehold,7,,ORCHARD RISE,HEANOR,HEANOR,AMBER VALLEY,DERBYSHIRE,Standard,Addition,53.0171870000,-1.3474610000
24500,1997-08-04 00:00:00Z,DE75 7TH,Semi-Detached,Established,Freehold,26,,ASTCOTE CLOSE,HEANOR,HEANOR,AMBER VALLEY,DERBYSHIRE,Standard,Addition,53.0112000000,-1.3409490000
77500,1997-03-07 00:00:00Z,DE75 7TR,Detached,Established,Freehold,1,,LAWN CLOSE,HEANOR,HEANOR,AMBER VALLEY,DERBYSHIRE,Standard,Addition,53.0166870000,-1.3481550000
28000,1997-08-15 00:00:00Z,DE75 7AY,Terraced,Established,Freehold,81,,HOLBROOK STREET,HEANOR,HEANOR,AMBER VALLEY,DERBYSHIRE,Standard,Addition,53.0154890000,-1.3425350000
57000,1997-03-07 00:00:00Z,DE75 7TS,Detached,Established,Freehold,4,,UPPER BARN CLOSE,HEANOR,HEANOR,AMBER VALLEY,DERBYSHIRE,Standard,Addition,53.0166770000,-1.3494960000
34500,1997-12-19 00:00:00Z,DE75 7AW,Terraced,Established,Freehold,96,,HOWITT STREET,HEANOR,HEANOR,AMBER VALLEY,DERBYSHIRE,Standard,Addition,53.0146480000,-1.3466650000
39500,1997-06-03 00:00:00Z,DE75 7HS,Semi-Detached,Established,Freehold,44,,CLARAMOUNT ROAD,HEANOR,HEANOR,AMBER VALLEY,DERBYSHIRE,Standard,Addition,53.0105640000,-1.3414210000
25500,1997-05-30 00:00:00Z,DE75 7AP,Semi-Detached,Established,Freehold,8,,GRACE CRESCENT,HEANOR,HEANOR,AMBER VALLEY,DERBYSHIRE,Standard,Addition,53.0137780000,-1.3487650000
28500,1997-07-04 00:00:00Z,DE75 7AT,Terraced,Established,Freehold,15,,MARSHALL STREET,HEANOR,HEANOR,AMBER VALLEY,DERBYSHIRE,Standard,Addition,53.0172950000,-1.3458350000
25000,1997-09-12 00:00:00Z,DE75 7AY,Terraced,Established,Freehold,36,,HOLBROOK STREET,HEANOR,HEANOR,AMBER VALLEY,DERBYSHIRE,Standard,Addition,53.0154890000,-1.3425350000
39995,1997-08-11 00:00:00Z,DE75 7HB,Detached,Established,Freehold,135,,HANDS ROAD,HEANOR,HEANOR,AMBER VALLEY,DERBYSHIRE,Standard,Addition,53.0125200000,-1.3439100000
53000,1997-02-14 00:00:00Z,DE75 7TS,Detached,Established,Freehold,17,,UPPER BARN CLOSE,HEANOR,HEANOR,AMBER VALLEY,DERBYSHIRE,Standard,Addition,53.0166770000,-1.3494960000
63700,1997-03-07 00:00:00Z,DE75 7YY,Detached,Established,Freehold,11,,CARLTON CLOSE,,HEANOR,AMBER VALLEY,DERBYSHIRE,Standard,Addition,53.0183890000,-1.3436870000
59500,1997-11-21 00:00:00Z,DE75 7AW,Semi-Detached,Established,Freehold,85,,HOWITT STREET,HEANOR,HEANOR,AMBER VALLEY,DERBYSHIRE,Standard,Addition,53.0146480000,-1.3466650000
42500,1997-01-17 00:00:00Z,DE75 7HD,Semi-Detached,Established,Freehold,151,,HANDS ROAD,HEANOR,HEANOR,AMBER VALLEY,DERBYSHIRE,Standard,Addition,53.0129080000,-1.3409380000
32950,1997-10-14 00:00:00Z,DE75 7TH,Terraced,Established,Freehold,9,,ASTCOTE CLOSE,HEANOR,HEANOR,AMBER VALLEY,DERBYSHIRE,Standard,Addition,53.0112000000,-1.3409490000
38700,1997-03-26 00:00:00Z,DE75 7SU,Terraced,Established,Freehold,70,,JOHNSON DRIVE,HEANOR,HEANOR,AMBER VALLEY,DERBYSHIRE,Standard,Addition,53.0178630000,-1.3478980000
38000,1997-04-02 00:00:00Z,DE75 7TH,Terraced,Established,Freehold,15,,ASTCOTE CLOSE,HEANOR,HEANOR,AMBER VALLEY,DERBYSHIRE,Standard,Addition,53.0112000000,-1.3409490000
16500,1997-01-06 00:00:00Z,DE75 7AU,Terraced,Established,Freehold,10,,HOWITT STREET,HEANOR,HEANOR,AMBER VALLEY,DERBYSHIRE,Standard,Addition,53.0157570000,-1.3441740000
25000,1997-01-28 00:00:00Z,DE75 7BD,Terraced,Established,Freehold,18,,ELMSFIELD AVENUE,HEANOR,HEANOR,AMBER VALLEY,DERBYSHIRE,Standard,Addition,53.0161890000,-1.3409770000
37000,1997-06-03 00:00:00Z,DE75 7BB,Semi-Detached,Established,Freehold,33,,OAKLANDS AVENUE,HEANOR,HEANOR,AMBER VALLEY,DERBYSHIRE,Standard,Addition,53.0155780000,-1.3409120000
60000,1997-02-28 00:00:00Z,DE75 7UT,Detached,Established,Freehold,4,,CLAY LANE,HEANOR,HEANOR,AMBER VALLEY,DERBYSHIRE,Standard,Addition,53.0170970000,-1.3491920000
65000,1997-01-03 00:00:00Z,DE75 7YU,Detached,Established,Freehold,3,,DARFIELD DRIVE,HEANOR,HEANOR,AMBER VALLEY,DERBYSHIRE,Standard,Addition,53.0179790000,-1.3443790000
26000,1997-07-04 00:00:00Z,DE75 7HF,Terraced,Established,Freehold,56,,ELLABANK ROAD,HEANOR,HEANOR,AMBER VALLEY,DERBYSHIRE,Standard,Addition,53.0109620000,-1.3449770000
21000,1997-12-19 00:00:00Z,DE75 7AT,Terraced,Established,Freehold,19,,MARSHALL STREET,HEANOR,HEANOR,AMBER VALLEY,DERBYSHIRE,Standard,Addition,53.0172950000,-1.3458350000
28000,1997-10-15 00:00:00Z,DE75 7HS,Terraced,Established,Freehold,47,,CLARAMOUNT ROAD,HEANOR,HEANOR,AMBER VALLEY,DERBYSHIRE,Standard,Addition,53.0105640000,-1.3414210000
57000,1997-11-14 00:00:00Z,DE75 7TR,Detached,Established,Freehold,4,,LAWN CLOSE,HEANOR,HEANOR,AMBER VALLEY,DERBYSHIRE,Standard,Addition,53.0166870000,-1.3481550000
67500,1997-09-26 00:00:00Z,DE75 7AR,Detached,Established,Freehold,2,,WATSON AVENUE,HEANOR,HEANOR,AMBER VALLEY,DERBYSHIRE,Standard,Addition,53.0159090000,-1.3488670000
42500,1997-12-15 00:00:00Z,DE75 7HS,Detached,Established,Freehold,29,,CLARAMOUNT ROAD,HEANOR,HEANOR,AMBER VALLEY,DERBYSHIRE,Standard,Addition,53.0105640000,-1.3414210000
27500,1997-12-19 00:00:00Z,DE75 7BB,Terraced,Established,Freehold,20,,OAKLANDS AVENUE,HEANOR,HEANOR,AMBER VALLEY,DERBYSHIRE,Standard,Addition,53.0155780000,-1.3409120000
56000,1997-11-21 00:00:00Z,DE75 7AR,Detached,Established,Freehold,4,,WATSON AVENUE,HEANOR,HEANOR,AMBER VALLEY,DERBYSHIRE,Standard,Addition,53.0159090000,-1.3488670000
40000,1997-05-23 00:00:00Z,DE75 7AW,Semi-Detached,Established,Freehold,113,,HOWITT STREET,HEANOR,HEANOR,AMBER VALLEY,DERBYSHIRE,Standard,Addition,53.0146480000,-1.3466650000
73000,1997-03-20 00:00:00Z,DE75 7DT,Detached,Established,Freehold,15,,ILKESTON ROAD,HEANOR,HEANOR,AMBER VALLEY,DERBYSHIRE,Standard,Addition,53.0103040000,-1.3497260000
31500,1997-09-03 00:00:00Z,DE75 7BD,Terraced,Established,Freehold,18,,ELMSFIELD AVENUE,HEANOR,HEANOR,AMBER VALLEY,DERBYSHIRE,Standard,Addition,53.0161890000,-1.3409770000
30500,1997-08-29 00:00:00Z,DE75 7AU,Terraced,Established,Freehold,12,,HOWITT STREET,HEANOR,HEANOR,AMBER VALLEY,DERBYSHIRE,Standard,Addition,53.0157570000,-1.3441740000
59950,1997-10-10 00:00:00Z,DE75 7YX,Detached,Established,Freehold,9,,WENTWORTH CROFT,HEANOR,HEANOR,AMBER VALLEY,DERBYSHIRE,Standard,Addition,53.0186920000,-1.3449640000
60000,1997-07-11 00:00:00Z,DE75 7TR,Detached,Established,Freehold,15,,LAWN CLOSE,HEANOR,HEANOR,AMBER VALLEY,DERBYSHIRE,Standard,Addition,53.0166870000,-1.3481550000
54000,1997-05-02 00:00:00Z,DE75 7HF,Detached,Established,Freehold,74,,ELLABANK ROAD,HEANOR,HEANOR,AMBER VALLEY,DERBYSHIRE,Standard,Addition,53.0109620000,-1.3449770000
45000,1997-09-03 00:00:00Z,DE75 7HA,Semi-Detached,Established,Freehold,20,,HANDS ROAD,HEANOR,HEANOR,AMBER VALLEY,DERBYSHIRE,Standard,Addition,53.0131870000,-1.3490870000
35950,1997-10-03 00:00:00Z,DE75 7AP,Semi-Detached,Established,Freehold,16,,GRACE CRESCENT,HEANOR,HEANOR,AMBER VALLEY,DERBYSHIRE,Standard,Addition,53.0137780000,-1.3487650000
31000,1997-07-22 00:00:00Z,DE75 7HA,Semi-Detached,Established,Freehold,2,,HANDS ROAD,HEANOR,HEANOR,AMBER VALLEY,DERBYSHIRE,Standard,Addition,53.0131870000,-1.3490870000
67500,1997-12-12 00:00:00Z,DE75 7DT,Detached,Established,Freehold,51,,ILKESTON ROAD,HEANOR,HEANOR,AMBER VALLEY,DERBYSHIRE,Standard,Addition,53.0103040000,-1.3497260000
30500,1997-12-19 00:00:00Z,DE75 7AW,Semi-Detached,Established,Freehold,73,,HOWITT STREET,HEANOR,HEANOR,AMBER VALLEY,DERBYSHIRE,Standard,Addition,53.0146480000,-1.3466650000
69000,1997-09-26 00:00:00Z,DE75 7HF,Detached,Established,Freehold,31,,ELLABANK ROAD,HEANOR,HEANOR,AMBER VALLEY,DERBYSHIRE,Standard,Addition,53.0109620000,-1.3449770000
34000,1997-01-15 00:00:00Z,DE75 7AX,Terraced,Established,Freehold,23,,STARTHE BANK,HEANOR,HEANOR,AMBER VALLEY,DERBYSHIRE,Standard,Addition,53.0136560000,-1.3462620000
30000,1997-03-06 00:00:00Z,DE75 7BB,Terraced,Established,Freehold,8,,OAKLANDS AVENUE,HEANOR,HEANOR,AMBER VALLEY,DERBYSHIRE,Standard,Addition,53.0155780000,-1.3409120000
36500,1997-09-12 00:00:00Z,DE75 7HA,Semi-Detached,Established,Freehold,11,,HANDS ROAD,HEANOR,HEANOR,AMBER VALLEY,DERBYSHIRE,Standard,Addition,53.0131870000,-1.3490870000
25000,1997-02-28 00:00:00Z,DE75 7HS,Terraced,Established,Freehold,24,,CLARAMOUNT ROAD,HEANOR,HEANOR,AMBER VALLEY,DERBYSHIRE,Standard,Addition,53.0105640000,-1.3414210000
39250,1997-10-03 00:00:00Z,DE75 7TH,Semi-Detached,Established,Freehold,29,,ASTCOTE CLOSE,HEANOR,HEANOR,AMBER VALLEY,DERBYSHIRE,Standard,Addition,53.0112000000,-1.3409490000
59995,1997-03-07 00:00:00Z,DE75 7AQ,Semi-Detached,Established,Freehold,52,,MANSFIELD ROAD,HEANOR,HEANOR,AMBER VALLEY,DERBYSHIRE,Standard,Addition,53.0163190000,-1.3450150000
52500,1997-02-14 00:00:00Z,DE75 7US,Semi-Detached,Established,Freehold,8,,ORCHARD RISE,HEANOR,HEANOR,AMBER VALLEY,DERBYSHIRE,Standard,Addition,53.0171870000,-1.3474610000
39000,1997-08-22 00:00:00Z,DE75 7TH,Terraced,Established,Freehold,19,,ASTCOTE CLOSE,HEANOR,HEANOR,AMBER VALLEY,DERBYSHIRE,Standard,Addition,53.0112000000,-1.3409490000
29500,1997-09-12 00:00:00Z,DE75 7SU,Terraced,Established,Freehold,69,,JOHNSON DRIVE,HEANOR,HEANOR,AMBER VALLEY,DERBYSHIRE,Standard,Addition,53.0178630000,-1.3478980000
46000,1997-10-10 00:00:00Z,DE75 7AU,Terraced,Established,Freehold,55,,HOWITT STREET,HEANOR,HEANOR,AMBER VALLEY,DERBYSHIRE,Standard,Addition,53.0157570000,-1.3441740000
63000,1997-01-10 00:00:00Z,DE75 7YU,Detached,Established,Freehold,33,,DARFIELD DRIVE,HEANOR,HEANOR,AMBER VALLEY,DERBYSHIRE,Standard,Addition,53.0179790000,-1.3443790000
67500,1997-08-13 00:00:00Z,DE75 7YX,Detached,Established,Freehold,12,,WENTWORTH CROFT,HEANOR,HEANOR,AMBER VALLEY,DERBYSHIRE,Standard,Addition,53.0186920000,-1.3449640000
53500,1997-11-14 00:00:00Z,DE75 7HF,Detached,Established,Freehold,12,,ELLABANK ROAD,HEANOR,HEANOR,AMBER VALLEY,DERBYSHIRE,Standard,Addition,53.0109620000,-1.3449770000
16000,1997-01-29 00:00:00Z,DE75 7BD,Terraced,Established,Freehold,30,,ELMSFIELD AVENUE,HEANOR,HEANOR,AMBER VALLEY,DERBYSHIRE,Standard,Addition,53.0161890000,-1.3409770000
32000,1997-10-03 00:00:00Z,DE75 7BB,Terraced,Established,Freehold,23,,OAKLANDS AVENUE,HEANOR,HEANOR,AMBER VALLEY,DERBYSHIRE,Standard,Addition,53.0155780000,-1.3409120000
32000,1997-03-27 00:00:00Z,DE75 7BA,Semi-Detached,Established,Freehold,121,,HOLBROOK STREET,HEANOR,HEANOR,AMBER VALLEY,DERBYSHIRE,Standard,Addition,53.0137850000,-1.3417890000
70000,1997-07-04 00:00:00Z,DE75 7HB,Detached,Established,Freehold,54,,HANDS ROAD,HEANOR,HEANOR,AMBER VALLEY,DERBYSHIRE,Standard,Addition,53.0125200000,-1.3439100000
34750,1997-03-21 00:00:00Z,DE75 7AQ,Terraced,Established,Freehold,63,,MANSFIELD ROAD,HEANOR,HEANOR,AMBER VALLEY,DERBYSHIRE,Standard,Addition,53.0163190000,-1.3450150000
39000,1998-09-25 00:00:00Z,DE75 7AQ,Terraced,Established,Freehold,25,,MANSFIELD ROAD,HEANOR,HEANOR,AMBER VALLEY,DERBYSHIRE,Standard,Addition,53.0163190000,-1.3450150000
32000,1998-03-27 00:00:00Z,DE75 7TR,Terraced,Established,Freehold,19,,LAWN CLOSE,HEANOR,HEANOR,AMBER VALLEY,DERBYSHIRE,Standard,Addition,53.0166870000,-1.3481550000
41250,1998-10-16 00:00:00Z,DE75 7TH,Semi-Detached,Established,Freehold,3,,ASTCOTE CLOSE,HEANOR,HEANOR,AMBER VALLEY,DERBYSHIRE,Standard,Addition,53.0112000000,-1.3409490000
45000,1998-12-15 00:00:00Z,DE75 7AQ,Semi-Detached,Established,Freehold,58,,MANSFIELD ROAD,HEANOR,HEANOR,AMBER VALLEY,DERBYSHIRE,Standard,Addition,53.0163190000,-1.3450150000
45000,1998-07-31 00:00:00Z,DE75 7HB,Detached,Established,Freehold,68,,HANDS ROAD,HEANOR,HEANOR,AMBER VALLEY,DERBYSHIRE,Standard,Addition,53.0125200000,-1.3439100000
59950,1998-05-27 00:00:00Z,DE75 7TS,Detached,Established,Freehold,6,,UPPER BARN CLOSE,HEANOR,HEANOR,AMBER VALLEY,DERBYSHIRE,Standard,Addition,53.0166770000,-1.3494960000
68000,1998-03-20 00:00:00Z,DE75 7YU,Detached,Established,Freehold,22,,DARFIELD DRIVE,HEANOR,HEANOR,AMBER VALLEY,DERBYSHIRE,Standard,Addition,53.0179790000,-1.3443790000
41000,1998-11-20 00:00:00Z,DE75 7TH,Semi-Detached,Established,Freehold,6,,ASTCOTE CLOSE,HEANOR,HEANOR,AMBER VALLEY,DERBYSHIRE,Standard,Addition,53.0112000000,-1.3409490000
28000,1998-08-04 00:00:00Z,DE75 7AQ,Terraced,Established,Freehold,61,,MANSFIELD ROAD,HEANOR,HEANOR,AMBER VALLEY,DERBYSHIRE,Standard,Addition,53.0163190000,-1.3450150000
76000,1998-12-18 00:00:00Z,DE75 7HF,Detached,Established,Freehold,33,,ELLABANK ROAD,HEANOR,HEANOR,AMBER VALLEY,DERBYSHIRE,Standard,Addition,53.0109620000,-1.3449770000
32500,1998-08-14 00:00:00Z,DE75 7AX,Semi-Detached,Established,Freehold,16,,STARTHE BANK,HEANOR,HEANOR,AMBER VALLEY,DERBYSHIRE,Standard,Addition,53.0136560000,-1.3462620000
19000,1998-01-23 00:00:00Z,DE75 7AX,Terraced,Established,Freehold,41,,STARTHE BANK,HEANOR,HEANOR,AMBER VALLEY,DERBYSHIRE,Standard,Addition,53.0136560000,-1.3462620000
63500,1998-06-10 00:00:00Z,DE75 7TS,Detached,Established,Freehold,2,,UPPER BARN CLOSE,HEANOR,HEANOR,AMBER VALLEY,DERBYSHIRE,Standard,Addition,53.0166770000,-1.3494960000
29000,1998-05-19 00:00:00Z,DE75 7AU,Terraced,Established,Freehold,26,,HOWITT STREET,HEANOR,HEANOR,AMBER VALLEY,DERBYSHIRE,Standard,Addition,53.0157570000,-1.3441740000
31000,1998-11-27 00:00:00Z,DE75 7BB,Terraced,Established,Freehold,7,,OAKLANDS AVENUE,HEANOR,HEANOR,AMBER VALLEY,DERBYSHIRE,Standard,Addition,53.0155780000,-1.3409120000
31500,1998-09-18 00:00:00Z,DE75 7AT,Semi-Detached,Established,Freehold,24,,MARSHALL STREET,HEANOR,HEANOR,AMBER VALLEY,DERBYSHIRE,Standard,Addition,53.0172950000,-1.3458350000
34500,1998-03-20 00:00:00Z,DE75 7TH,Terraced,Established,Freehold,28,,ASTCOTE CLOSE,HEANOR,HEANOR,AMBER VALLEY,DERBYSHIRE,Standard,Addition,53.0112000000,-1.3409490000
59000,1998-06-30 00:00:00Z,DE75 7AW,Detached,New Build,Freehold,104,,HOWITT STREET,HEANOR,HEANOR,AMBER VALLEY,DERBYSHIRE,Standard,Addition,53.0146480000,-1.3466650000
30000,1998-05-01 00:00:00Z,DE75 7AY,Terraced,Established,Freehold,79,,HOLBROOK STREET,HEANOR,HEANOR,AMBER VALLEY,DERBYSHIRE,Standard,Addition,53.0154890000,-1.3425350000
26000,1998-01-14 00:00:00Z,DE75 7BB,Terraced,Established,Freehold,25,,OAKLANDS AVENUE,HEANOR,HEANOR,AMBER VALLEY,DERBYSHIRE,Standard,Addition,53.0155780000,-1.3409120000
38000,1998-07-02 00:00:00Z,DE75 7AW,Terraced,Established,Freehold,77,,HOWITT STREET,HEANOR,HEANOR,AMBER VALLEY,DERBYSHIRE,Standard,Addition,53.0146480000,-1.3466650000
64750,1998-06-05 00:00:00Z,DE75 7YU,Detached,Established,Freehold,29,,DARFIELD DRIVE,HEANOR,HEANOR,AMBER VALLEY,DERBYSHIRE,Standard,Addition,53.0179790000,-1.3443790000
65000,1998-09-25 00:00:00Z,DE75 7YU,Detached,Established,Freehold,9,,DARFIELD DRIVE,HEANOR,HEANOR,AMBER VALLEY,DERBYSHIRE,Standard,Addition,53.0179790000,-1.3443790000
37700,1998-08-28 00:00:00Z,DE75 7BB,Semi-Detached,Established,Freehold,33,,OAKLANDS AVENUE,HEANOR,HEANOR,AMBER VALLEY,DERBYSHIRE,Standard,Addition,53.0155780000,-1.3409120000
27000,1998-07-17 00:00:00Z,DE75 7AX,Terraced,Established,Freehold,21,,STARTHE BANK,HEANOR,HEANOR,AMBER VALLEY,DERBYSHIRE,Standard,Addition,53.0136560000,-1.3462620000
31400,1998-10-12 00:00:00Z,DE75 7HS,Semi-Detached,Established,Freehold,51,,CLARAMOUNT ROAD,HEANOR,HEANOR,AMBER VALLEY,DERBYSHIRE,Standard,Addition,53.0105640000,-1.3414210000
15000,1998-06-26 00:00:00Z,DE75 7BB,Terraced,Established,Freehold,30,,OAKLANDS AVENUE,HEANOR,HEANOR,AMBER VALLEY,DERBYSHIRE,Standard,Addition,53.0155780000,-1.3409120000
35000,1998-12-11 00:00:00Z,DE75 7AX,Terraced,Established,Freehold,41,,STARTHE BANK,HEANOR,HEANOR,AMBER VALLEY,DERBYSHIRE,Standard,Addition,53.0136560000,-1.3462620000
41500,1998-08-14 00:00:00Z,DE75 7BA,Terraced,Established,Freehold,84,,HOLBROOK STREET,HEANOR,HEANOR,AMBER VALLEY,DERBYSHIRE,Standard,Addition,53.0137850000,-1.3417890000
36000,1998-12-16 00:00:00Z,DE75 7AY,Terraced,Established,Freehold,24,,HOLBROOK STREET,HEANOR,HEANOR,AMBER VALLEY,DERBYSHIRE,Standard,Addition,53.0154890000,-1.3425350000
49000,1998-07-31 00:00:00Z,DE75 7AQ,Detached,Established,Freehold,78,,MANSFIELD ROAD,HEANOR,HEANOR,AMBER VALLEY,DERBYSHIRE,Standard,Addition,53.0163190000,-1.3450150000
54500,1998-11-27 00:00:00Z,DE75 7AJ,Terraced,Established,Freehold,12,,MANSFIELD ROAD,HEANOR,HEANOR,AMBER VALLEY,DERBYSHIRE,Standard,Addition,53.0148620000,-1.3478210000
40750,1998-07-24 00:00:00Z,DE75 7HS,Detached,Established,Freehold,38,,CLARAMOUNT ROAD,HEANOR,HEANOR,AMBER VALLEY,DERBYSHIRE,Standard,Addition,53.0105640000,-1.3414210000
58000,1998-06-02 00:00:00Z,DE75 7AN,Semi-Detached,Established,Freehold,12,,ST LAWRENCE CLOSE,HEANOR,HEANOR,AMBER VALLEY,DERBYSHIRE,Standard,Addition,53.0147370000,-1.3498240000
27000,1998-12-04 00:00:00Z,DE75 7BD,Terraced,Established,Freehold,26,,ELMSFIELD AVENUE,HEANOR,HEANOR,AMBER VALLEY,DERBYSHIRE,Standard,Addition,53.0161890000,-1.3409770000
67500,1998-06-26 00:00:00Z,DE75 7YY,Detached,Established,Freehold,7,,CARLTON CLOSE,,HEANOR,AMBER VALLEY,DERBYSHIRE,Standard,Addition,53.0183890000,-1.3436870000
49000,1998-04-09 00:00:00Z,DE75 7HF,Detached,Established,Freehold,16,,ELLABANK ROAD,HEANOR,HEANOR,AMBER VALLEY,DERBYSHIRE,Standard,Addition,53.0109620000,-1.3449770000
32000,1998-03-27 00:00:00Z,DE75 7HS,Terraced,Established,Freehold,15,,CLARAMOUNT ROAD,HEANOR,HEANOR,AMBER VALLEY,DERBYSHIRE,Standard,Addition,53.0105640000,-1.3414210000
36950,1998-04-07 00:00:00Z,DE75 7BD,Terraced,Established,Freehold,30,,ELMSFIELD AVENUE,HEANOR,HEANOR,AMBER VALLEY,DERBYSHIRE,Standard,Addition,53.0161890000,-1.3409770000
33950,1998-12-11 00:00:00Z,DE75 7AU,Terraced,Established,Freehold,6,,HOWITT STREET,HEANOR,HEANOR,AMBER VALLEY,DERBYSHIRE,Standard,Addition,53.0157570000,-1.3441740000
59500,1998-05-14 00:00:00Z,DE75 7YT,Detached,Established,Freehold,1,,BRAMPTON AVENUE,HEANOR,HEANOR,AMBER VALLEY,DERBYSHIRE,Standard,Addition,53.0178170000,-1.3428010000
57950,1998-05-29 00:00:00Z,DE75 7AR,Detached,Established,Freehold,21,,WATSON AVENUE,HEANOR,HEANOR,AMBER VALLEY,DERBYSHIRE,Standard,Addition,53.0159090000,-1.3488670000
32000,1998-01-30 00:00:00Z,DE75 7TT,Terraced,Established,Freehold,4,,UPTON CLOSE,HEANOR,HEANOR,AMBER VALLEY,DERBYSHIRE,Standard,Addition,53.0119740000,-1.3411310000
17500,1999-08-25 00:00:00Z,DE75 7AT,Semi-Detached,Established,Freehold,30,FLAT A,MARSHALL STREET,,HEANOR,AMBER VALLEY,DERBYSHIRE,Standard,Addition,53.0172950000,-1.3458350000
33700,1999-04-01 00:00:00Z,DE75 7AU,Terraced,Established,Freehold,39,,HOWITT STREET,,HEANOR,AMBER VALLEY,DERBYSHIRE,Standard,Addition,53.0157570000,-1.3441740000
25000,1999-03-10 00:00:00Z,DE75 7AQ,Terraced,Established,Freehold,23,,MANSFIELD ROAD,,HEANOR,AMBER VALLEY,DERBYSHIRE,Standard,Addition,53.0163190000,-1.3450150000
34500,1999-03-19 00:00:00Z,DE75 7TH,Terraced,Established,Freehold,20,,ASTCOTE CLOSE,,HEANOR,AMBER VALLEY,DERBYSHIRE,Standard,Addition,53.0112000000,-1.3409490000
33950,1999-11-11 00:00:00Z,DE75 7HS,Detached,Established,Freehold,53,,CLARAMOUNT ROAD,,HEANOR,AMBER VALLEY,DERBYSHIRE,Standard,Addition,53.0105640000,-1.3414210000
41000,1999-09-03 00:00:00Z,DE75 7TH,Semi-Detached,Established,Freehold,10,,ASTCOTE CLOSE,,HEANOR,AMBER VALLEY,DERBYSHIRE,Standard,Addition,53.0112000000,-1.3409490000
59000,1999-03-19 00:00:00Z,DE75 7TS,Detached,Established,Freehold,5,,UPPER BARN CLOSE,,HEANOR,AMBER VALLEY,DERBYSHIRE,Standard,Addition,53.0166770000,-1.3494960000
21000,1999-11-19 00:00:00Z,DE75 7BA,Terraced,Established,Freehold,106,,HOLBROOK STREET,,HEANOR,AMBER VALLEY,DERBYSHIRE,Standard,Addition,53.0137850000,-1.3417890000
60000,1999-07-23 00:00:00Z,DE75 7YS,Detached,Established,Freehold,16,,ARDSLEY CLOSE,,HEANOR,AMBER VALLEY,DERBYSHIRE,Standard,Addition,53.0174200000,-1.3423900000
18250,1999-07-28 00:00:00Z,DE75 7HF,Semi-Detached,Established,Freehold,45,,ELLABANK ROAD,,HEANOR,AMBER VALLEY,DERBYSHIRE,Standard,Addition,53.0109620000,-1.3449770000
27375,1999-05-27 00:00:00Z,DE75 7HS,Terraced,Established,Freehold,81,,CLARAMOUNT ROAD,,HEANOR,AMBER VALLEY,DERBYSHIRE,Standard,Addition,53.0105640000,-1.3414210000
47950,1999-11-29 00:00:00Z,DE75 7HA,Semi-Detached,Established,Freehold,45,,HANDS ROAD,,HEANOR,AMBER VALLEY,DERBYSHIRE,Standard,Addition,53.0131870000,-1.3490870000
63450,1999-09-07 00:00:00Z,DE75 7HS,Semi-Detached,Established,Freehold,21,,CLARAMOUNT ROAD,,HEANOR,AMBER VALLEY,DERBYSHIRE,Standard,Addition,53.0105640000,-1.3414210000
29450,1999-02-18 00:00:00Z,DE75 7AW,Terraced,Established,Freehold,98,,HOWITT STREET,,HEANOR,AMBER VALLEY,DERBYSHIRE,Standard,Addition,53.0146480000,-1.3466650000
64000,1999-05-14 00:00:00Z,DE75 7YS,Detached,Established,Freehold,8,,ARDSLEY CLOSE,,HEANOR,AMBER VALLEY,DERBYSHIRE,Standard,Addition,53.0174200000,-1.3423900000
34000,1999-07-30 00:00:00Z,DE75 7BD,Terraced,Established,Freehold,17,,ELMSFIELD AVENUE,,HEANOR,AMBER VALLEY,DERBYSHIRE,Standard,Addition,53.0161890000,-1.3409770000
83500,1999-10-18 00:00:00Z,DE75 7HB,Detached,Established,Freehold,54,,HANDS ROAD,,HEANOR,AMBER VALLEY,DERBYSHIRE,Standard,Addition,53.0125200000,-1.3439100000
34500,1999-07-28 00:00:00Z,DE75 7AU,Terraced,Established,Freehold,34,,HOWITT STREET,,HEANOR,AMBER VALLEY,DERBYSHIRE,Standard,Addition,53.0157570000,-1.3441740000
43000,1999-04-09 00:00:00Z,DE75 7AQ,Semi-Detached,Established,Freehold,50,,MANSFIELD ROAD,,HEANOR,AMBER VALLEY,DERBYSHIRE,Standard,Addition,53.0163190000,-1.3450150000
41450,1999-09-07 00:00:00Z,DE75 7HS,Semi-Detached,Established,Freehold,56,,CLARAMOUNT ROAD,,HEANOR,AMBER VALLEY,DERBYSHIRE,Standard,Addition,53.0105640000,-1.3414210000
32000,1999-12-01 00:00:00Z,DE75 7BB,Terraced,Established,Freehold,23,,OAKLANDS AVENUE,,HEANOR,AMBER VALLEY,DERBYSHIRE,Standard,Addition,53.0155780000,-1.3409120000
39950,1999-04-23 00:00:00Z,DE75 7HS,Semi-Detached,Established,Freehold,67,,CLARAMOUNT ROAD,,HEANOR,AMBER VALLEY,DERBYSHIRE,Standard,Addition,53.0105640000,-1.3414210000
35500,1999-03-10 00:00:00Z,DE75 7HA,Detached,Established,Freehold,13,,HANDS ROAD,,HEANOR,AMBER VALLEY,DERBYSHIRE,Standard,Addition,53.0131870000,-1.3490870000
65000,1999-01-29 00:00:00Z,DE75 7YT,Detached,Established,Freehold,7,,BRAMPTON AVENUE,,HEANOR,AMBER VALLEY,DERBYSHIRE,Standard,Addition,53.0178170000,-1.3428010000
33000,1999-10-01 00:00:00Z,DE75 7AY,Terraced,Established,Freehold,77,,HOLBROOK STREET,,HEANOR,AMBER VALLEY,DERBYSHIRE,Standard,Addition,53.0154890000,-1.3425350000
60000,1999-02-23 00:00:00Z,DE75 7TS,Detached,Established,Freehold,4,,UPPER BARN CLOSE,,HEANOR,AMBER VALLEY,DERBYSHIRE,Standard,Addition,53.0166770000,-1.3494960000
32250,1999-09-24 00:00:00Z,DE75 7AY,Terraced,Established,Freehold,54,,HOLBROOK STREET,,HEANOR,AMBER VALLEY,DERBYSHIRE,Standard,Addition,53.0154890000,-1.3425350000
65000,1999-05-21 00:00:00Z,DE75 7AU,Detached,Established,Freehold,65,,HOWITT STREET,,HEANOR,AMBER VALLEY,DERBYSHIRE,Standard,Addition,53.0157570000,-1.3441740000
66500,1999-12-17 00:00:00Z,DE75 7SU,Detached,Established,Freehold,42,,JOHNSON DRIVE,,HEANOR,AMBER VALLEY,DERBYSHIRE,Standard,Addition,53.0178630000,-1.3478980000
72000,1999-06-18 00:00:00Z,DE75 7YS,Detached,Established,Freehold,18,,ARDSLEY CLOSE,,HEANOR,AMBER VALLEY,DERBYSHIRE,Standard,Addition,53.0174200000,-1.3423900000
29750,1999-11-05 00:00:00Z,DE75 7HS,Terraced,Established,Freehold,79,,CLARAMOUNT ROAD,,HEANOR,AMBER VALLEY,DERBYSHIRE,Standard,Addition,53.0105640000,-1.3414210000
67000,1999-05-25 00:00:00Z,DE75 7YU,Detached,Established,Freehold,8,,DARFIELD DRIVE,,HEANOR,AMBER VALLEY,DERBYSHIRE,Standard,Addition,53.0179790000,-1.3443790000
37000,1999-11-30 00:00:00Z,DE75 7TH,Semi-Detached,Established,Freehold,24,,ASTCOTE CLOSE,,HEANOR,AMBER VALLEY,DERBYSHIRE,Standard,Addition,53.0112000000,-1.3409490000
27500,1999-11-09 00:00:00Z,DE75 7HS,Terraced,Established,Freehold,34,,CLARAMOUNT ROAD,,HEANOR,AMBER VALLEY,DERBYSHIRE,Standard,Addition,53.0105640000,-1.3414210000
28000,1999-07-30 00:00:00Z,DE75 7BA,Terraced,Established,Freehold,89,,HOLBROOK STREET,,HEANOR,AMBER VALLEY,DERBYSHIRE,Standard,Addition,53.0137850000,-1.3417890000
32500,1999-09-24 00:00:00Z,DE75 7HF,Terraced,Established,Freehold,38,,ELLABANK ROAD,,HEANOR,AMBER VALLEY,DERBYSHIRE,Standard,Addition,53.0109620000,-1.3449770000
49000,1999-03-26 00:00:00Z,DE75 7AS,Detached,Established,Freehold,15,,GARNETT AVENUE,,HEANOR,AMBER VALLEY,DERBYSHIRE,Standard,Addition,53.0155300000,-1.3486340000
37000,1999-01-15 00:00:00Z,DE75 7TH,Terraced,Established,Freehold,30,,ASTCOTE CLOSE,,HEANOR,AMBER VALLEY,DERBYSHIRE,Standard,Addition,53.0112000000,-1.3409490000
31600,1999-09-17 00:00:00Z,DE75 7HS,Semi-Detached,Established,Freehold,17,,CLARAMOUNT ROAD,,HEANOR,AMBER VALLEY,DERBYSHIRE,Standard,Addition,53.0105640000,-1.3414210000
32000,1999-04-07 00:00:00Z,DE75 7TR,Semi-Detached,Established,Freehold,21,,LAWN CLOSE,,HEANOR,AMBER VALLEY,DERBYSHIRE,Standard,Addition,53.0166870000,-1.3481550000
31950,1999-12-20 00:00:00Z,DE75 7HS,Terraced,Established,Freehold,77,,CLARAMOUNT ROAD,,HEANOR,AMBER VALLEY,DERBYSHIRE,Standard,Addition,53.0105640000,-1.3414210000
32500,1999-12-13 00:00:00Z,DE75 7AT,Semi-Detached,Established,Freehold,24,,MARSHALL STREET,,HEANOR,AMBER VALLEY,DERBYSHIRE,Standard,Addition,53.0172950000,-1.3458350000
48500,1999-04-16 00:00:00Z,DE75 7AU,Terraced,Established,Freehold,50,,HOWITT STREET,,HEANOR,AMBER VALLEY,DERBYSHIRE,Standard,Addition,53.0157570000,-1.3441740000
54000,1999-05-28 00:00:00Z,DE75 7BA,Detached,Established,Freehold,110,,HOLBROOK STREET,,HEANOR,AMBER VALLEY,DERBYSHIRE,Standard,Addition,53.0137850000,-1.3417890000
17750,1999-06-08 00:00:00Z,DE75 7AU,Terraced,Established,Freehold,30,,HOWITT STREET,,HEANOR,AMBER VALLEY,DERBYSHIRE,Standard,Addition,53.0157570000,-1.3441740000
28000,1999-11-12 00:00:00Z,DE75 7HS,Terraced,Established,Freehold,9,,CLARAMOUNT ROAD,,HEANOR,AMBER VALLEY,DERBYSHIRE,Standard,Addition,53.0105640000,-1.3414210000
21500,1999-08-27 00:00:00Z,DE75 7AW,Semi-Detached,Established,Freehold,115,,HOWITT STREET,,HEANOR,AMBER VALLEY,DERBYSHIRE,Standard,Addition,53.0146480000,-1.3466650000
34500,1999-05-20 00:00:00Z,DE75 7AU,Terraced,Established,Freehold,34,,HOWITT STREET,,HEANOR,AMBER VALLEY,DERBYSHIRE,Standard,Addition,53.0157570000,-1.3441740000
56500,1999-06-24 00:00:00Z,DE75 7AW,Semi-Detached,Established,Freehold,64,,HOWITT STREET,,HEANOR,AMBER VALLEY,DERBYSHIRE,Standard,Addition,53.0146480000,-1.3466650000
59995,1999-08-12 00:00:00Z,DE75 7AQ,Detached,Established,Freehold,42,,MANSFIELD ROAD,,HEANOR,AMBER VALLEY,DERBYSHIRE,Standard,Addition,53.0163190000,-1.3450150000
116000,1999-10-18 00:00:00Z,DE75 7AJ,Detached,Established,Freehold,28,,MANSFIELD ROAD,,HEANOR,AMBER VALLEY,DERBYSHIRE,Standard,Addition,53.0148620000,-1.3478210000
46000,1999-12-10 00:00:00Z,DE75 7SU,Semi-Detached,Established,Freehold,52,,JOHNSON DRIVE,,HEANOR,AMBER VALLEY,DERBYSHIRE,Standard,Addition,53.0178630000,-1.3478980000
65000,1999-08-20 00:00:00Z,DE75 7TR,Detached,Established,Freehold,18,,LAWN CLOSE,,HEANOR,AMBER VALLEY,DERBYSHIRE,Standard,Addition,53.0166870000,-1.3481550000
66500,1999-07-15 00:00:00Z,DE75 7YX,Detached,Established,Freehold,16,,WENTWORTH CROFT,,HEANOR,AMBER VALLEY,DERBYSHIRE,Standard,Addition,53.0186920000,-1.3449640000
41500,1999-04-22 00:00:00Z,DE75 7AP,Semi-Detached,Established,Freehold,16,,GRACE CRESCENT,,HEANOR,AMBER VALLEY,DERBYSHIRE,Standard,Addition,53.0137780000,-1.3487650000
37000,1999-09-24 00:00:00Z,DE75 7TH,Semi-Detached,Established,Freehold,7,,ASTCOTE CLOSE,,HEANOR,AMBER VALLEY,DERBYSHIRE,Standard,Addition,53.0112000000,-1.3409490000
36550,1999-10-15 00:00:00Z,DE75 7BB,Terraced,Established,Freehold,30,,OAKLANDS AVENUE,,HEANOR,AMBER VALLEY,DERBYSHIRE,Standard,Addition,53.0155780000,-1.3409120000
35000,1999-02-05 00:00:00Z,DE75 7HF,Semi-Detached,Established,Freehold,42,,ELLABANK ROAD,,HEANOR,AMBER VALLEY,DERBYSHIRE,Standard,Addition,53.0109620000,-1.3449770000
39500,1999-12-10 00:00:00Z,DE75 7HA,Semi-Detached,Established,Freehold,19,,HANDS ROAD,,HEANOR,AMBER VALLEY,DERBYSHIRE,Standard,Addition,53.0131870000,-1.3490870000
69950,1999-12-29 00:00:00Z,DE75 7YU,Detached,Established,Freehold,15,,DARFIELD DRIVE,,HEANOR,AMBER VALLEY,DERBYSHIRE,Standard,Addition,53.0179790000,-1.3443790000
42000,1999-11-01 00:00:00Z,DE75 7AX,Terraced,Established,Freehold,19,,STARTHE BANK,,HEANOR,AMBER VALLEY,DERBYSHIRE,Standard,Addition,53.0136560000,-1.3462620000
67000,1999-11-05 00:00:00Z,DE75 7YU,Detached,Established,Freehold,18,,DARFIELD DRIVE,,HEANOR,AMBER VALLEY,DERBYSHIRE,Standard,Addition,53.0179790000,-1.3443790000
44950,1999-04-16 00:00:00Z,DE75 7HA,Semi-Detached,Established,Freehold,11,,HANDS ROAD,,HEANOR,AMBER VALLEY,DERBYSHIRE,Standard,Addition,53.0131870000,-1.3490870000
27950,1999-03-29 00:00:00Z,DE75 7HF,Terraced,Established,Freehold,44A,,ELLABANK ROAD,,HEANOR,AMBER VALLEY,DERBYSHIRE,Standard,Addition,53.0109620000,-1.3449770000
30000,1999-05-21 00:00:00Z,DE75 7HF,Detached,Established,Freehold,2,,ELLABANK ROAD,,HEANOR,AMBER VALLEY,DERBYSHIRE,Standard,Addition,53.0109620000,-1.3449770000
32750,1999-01-15 00:00:00Z,DE75 7BA,Terraced,Established,Freehold,90,,HOLBROOK STREET,,HEANOR,AMBER VALLEY,DERBYSHIRE,Standard,Addition,53.0137850000,-1.3417890000
36000,1999-12-17 00:00:00Z,DE75 7TH,Terraced,Established,Freehold,9,,ASTCOTE CLOSE,,HEANOR,AMBER VALLEY,DERBYSHIRE,Standard,Addition,53.0112000000,-1.3409490000
20000,1999-10-01 00:00:00Z,DE75 7HF,Terraced,Established,Freehold,54,,ELLABANK ROAD,,HEANOR,AMBER VALLEY,DERBYSHIRE,Standard,Addition,53.0109620000,-1.3449770000
34000,2000-03-31 00:00:00Z,DE75 7BB,Terraced,Established,Freehold,25,,OAKLANDS AVENUE,,HEANOR,AMBER VALLEY,DERBYSHIRE,Standard,Addition,53.0155780000,-1.3409120000
83000,2000-12-01 00:00:00Z,DE75 7YU,Detached,Established,Freehold,22,,DARFIELD DRIVE,,HEANOR,AMBER VALLEY,DERBYSHIRE,Standard,Addition,53.0179790000,-1.3443790000
32000,2000-03-31 00:00:00Z,DE75 7BD,Terraced,Established,Freehold,25,,ELMSFIELD AVENUE,,HEANOR,AMBER VALLEY,DERBYSHIRE,Standard,Addition,53.0161890000,-1.3409770000
73000,2000-05-05 00:00:00Z,DE75 7YX,Detached,Established,Freehold,2,,WENTWORTH CROFT,,HEANOR,AMBER VALLEY,DERBYSHIRE,Standard,Addition,53.0186920000,-1.3449640000
40950,2000-05-05 00:00:00Z,DE75 7TH,Semi-Detached,Established,Freehold,31,,ASTCOTE CLOSE,,HEANOR,AMBER VALLEY,DERBYSHIRE,Standard,Addition,53.0112000000,-1.3409490000
28000,2000-08-25 00:00:00Z,DE75 7HS,Terraced,Established,Freehold,24,,CLARAMOUNT ROAD,,HEANOR,AMBER VALLEY,DERBYSHIRE,Standard,Addition,53.0105640000,-1.3414210000
23500,2000-12-21 00:00:00Z,DE75 7AX,Terraced,Established,Freehold,18,,STARTHE BANK,,HEANOR,AMBER VALLEY,DERBYSHIRE,Standard,Addition,53.0136560000,-1.3462620000
36500,2000-12-20 00:00:00Z,DE75 7BD,Terraced,Established,Freehold,26,,ELMSFIELD AVENUE,,HEANOR,AMBER VALLEY,DERBYSHIRE,Standard,Addition,53.0161890000,-1.3409770000
29950,2000-06-30 00:00:00Z,DE75 7AX,Terraced,Established,Freehold,28,,STARTHE BANK,,HEANOR,AMBER VALLEY,DERBYSHIRE,Standard,Addition,53.0136560000,-1.3462620000
54250,2000-12-15 00:00:00Z,DE75 7SU,Semi-Detached,Established,Freehold,50,,JOHNSON DRIVE,,HEANOR,AMBER VALLEY,DERBYSHIRE,Standard,Addition,53.0178630000,-1.3478980000
31000,2000-04-20 00:00:00Z,DE75 7BB,Terraced,Established,Freehold,22,,OAKLANDS AVENUE,,HEANOR,AMBER VALLEY,DERBYSHIRE,Standard,Addition,53.0155780000,-1.3409120000
39500,2000-03-10 00:00:00Z,DE75 7TH,Terraced,Established,Freehold,17,,ASTCOTE CLOSE,,HEANOR,AMBER VALLEY,DERBYSHIRE,Standard,Addition,53.0112000000,-1.3409490000
81000,2000-12-19 00:00:00Z,DE75 7DT,Detached,Established,Freehold,55,,ILKESTON ROAD,,HEANOR,AMBER VALLEY,DERBYSHIRE,Standard,Addition,53.0103040000,-1.3497260000
26000,2000-03-17 00:00:00Z,DE75 7BD,Terraced,Established,Freehold,8,,ELMSFIELD AVENUE,,HEANOR,AMBER VALLEY,DERBYSHIRE,Standard,Addition,53.0161890000,-1.3409770000
82000,2000-10-23 00:00:00Z,DE75 7YU,Detached,Established,Freehold,9,,DARFIELD DRIVE,,HEANOR,AMBER VALLEY,DERBYSHIRE,Standard,Addition,53.0179790000,-1.3443790000
48500,2000-03-31 00:00:00Z,DE75 7HA,Semi-Detached,Established,Freehold,37,,HANDS ROAD,,HEANOR,AMBER VALLEY,DERBYSHIRE,Standard,Addition,53.0131870000,-1.3490870000
31500,2000-06-05 00:00:00Z,DE75 7HF,Terraced,Established,Freehold,52,,ELLABANK ROAD,,HEANOR,AMBER VALLEY,DERBYSHIRE,Standard,Addition,53.0109620000,-1.3449770000
68950,2000-03-24 00:00:00Z,DE75 7AW,Detached,Established,Freehold,133,,HOWITT STREET,,HEANOR,AMBER VALLEY,DERBYSHIRE,Standard,Addition,53.0146480000,-1.3466650000
29000,2000-07-14 00:00:00Z,DE75 7AY,Terraced,Established,Freehold,38,,HOLBROOK STREET,,HEANOR,AMBER VALLEY,DERBYSHIRE,Standard,Addition,53.0154890000,-1.3425350000
44000,2000-11-17 00:00:00Z,DE75 7BA,Detached,Established,Freehold,100,,HOLBROOK STREET,,HEANOR,AMBER VALLEY,DERBYSHIRE,Standard,Addition,53.0137850000,-1.3417890000
30950,2000-02-29 00:00:00Z,DE75 7BD,Terraced,Established,Freehold,18,,ELMSFIELD AVENUE,,HEANOR,AMBER VALLEY,DERBYSHIRE,Standard,Addition,53.0161890000,-1.3409770000
55000,2000-02-29 00:00:00Z,DE75 7DT,Detached,Established,Freehold,102,,ILKESTON ROAD,,HEANOR,AMBER VALLEY,DERBYSHIRE,Standard,Addition,53.0103040000,-1.3497260000
40000,2000-03-01 00:00:00Z,DE75 7TH,Terraced,Established,Freehold,19,,ASTCOTE CLOSE,,HEANOR,AMBER VALLEY,DERBYSHIRE,Standard,Addition,53.0112000000,-1.3409490000
30000,2000-05-02 00:00:00Z,DE75 7HB,Terraced,Established,Freehold,89,,HANDS ROAD,,HEANOR,AMBER VALLEY,DERBYSHIRE,Standard,Addition,53.0125200000,-1.3439100000
42500,2000-10-27 00:00:00Z,DE75 7SU,Terraced,Established,Freehold,74,,JOHNSON DRIVE,,HEANOR,AMBER VALLEY,DERBYSHIRE,Standard,Addition,53.0178630000,-1.3478980000
93000,2000-06-30 00:00:00Z,DE75 7AJ,Semi-Detached,Established,Freehold,22,,MANSFIELD ROAD,,HEANOR,AMBER VALLEY,DERBYSHIRE,Standard,Addition,53.0148620000,-1.3478210000
77500,2000-06-30 00:00:00Z,DE75 7YU,Detached,Established,Freehold,11,,DARFIELD DRIVE,,HEANOR,AMBER VALLEY,DERBYSHIRE,Standard,Addition,53.0179790000,-1.3443790000
35000,2000-07-21 00:00:00Z,DE75 7AT,Semi-Detached,Established,Freehold,16,,MARSHALL STREET,,HEANOR,AMBER VALLEY,DERBYSHIRE,Standard,Addition,53.0172950000,-1.3458350000
25250,2000-05-18 00:00:00Z,DE75 7AU,Terraced,Established,Freehold,30,,HOWITT STREET,,HEANOR,AMBER VALLEY,DERBYSHIRE,Standard,Addition,53.0157570000,-1.3441740000
52500,2000-11-23 00:00:00Z,DE75 7HB,Terraced,Established,Freehold,134,,HANDS ROAD,,HEANOR,AMBER VALLEY,DERBYSHIRE,Standard,Addition,53.0125200000,-1.3439100000
65000,2000-12-06 00:00:00Z,DE75 7HF,Detached,Established,Freehold,16,,ELLABANK ROAD,,HEANOR,AMBER VALLEY,DERBYSHIRE,Standard,Addition,53.0109620000,-1.3449770000
82000,2000-10-23 00:00:00Z,DE75 7YY,Detached,Established,Freehold,8,,CARLTON CLOSE,,HEANOR,AMBER VALLEY,DERBYSHIRE,Standard,Addition,53.0183890000,-1.3436870000
80000,2000-11-23 00:00:00Z,DE75 7DT,Detached,Established,Freehold,53,,ILKESTON ROAD,,HEANOR,AMBER VALLEY,DERBYSHIRE,Standard,Addition,53.0103040000,-1.3497260000
87500,2000-05-05 00:00:00Z,DE75 7TR,Detached,Established,Freehold,1,,LAWN CLOSE,,HEANOR,AMBER VALLEY,DERBYSHIRE,Standard,Addition,53.0166870000,-1.3481550000
35000,2000-03-08 00:00:00Z,DE75 7AY,Detached,Established,Freehold,51,,HOLBROOK STREET,,HEANOR,AMBER VALLEY,DERBYSHIRE,Standard,Addition,53.0154890000,-1.3425350000
60000,2000-06-16 00:00:00Z,DE75 7AQ,Semi-Detached,Established,Freehold,5,,MANSFIELD ROAD,,HEANOR,AMBER VALLEY,DERBYSHIRE,Standard,Addition,53.0163190000,-1.3450150000
20500,2000-11-30 00:00:00Z,DE75 7HF,Terraced,Established,Freehold,56,,ELLABANK ROAD,,HEANOR,AMBER VALLEY,DERBYSHIRE,Standard,Addition,53.0109620000,-1.3449770000
42950,2000-12-18 00:00:00Z,DE75 7HF,Terraced,Established,Freehold,32,,ELLABANK ROAD,,HEANOR,AMBER VALLEY,DERBYSHIRE,Standard,Addition,53.0109620000,-1.3449770000
68000,2000-05-05 00:00:00Z,DE75 7TR,Detached,Established,Freehold,15,,LAWN CLOSE,,HEANOR,AMBER VALLEY,DERBYSHIRE,Standard,Addition,53.0166870000,-1.3481550000
38950,2000-11-30 00:00:00Z,DE75 7AU,Semi-Detached,Established,Freehold,15,,HOWITT STREET,,HEANOR,AMBER VALLEY,DERBYSHIRE,Standard,Addition,53.0157570000,-1.3441740000
64950,2000-09-28 00:00:00Z,DE75 7AR,Detached,Established,Freehold,12,,WATSON AVENUE,,HEANOR,AMBER VALLEY,DERBYSHIRE,Standard,Addition,53.0159090000,-1.3488670000
33250,2000-08-07 00:00:00Z,DE75 7AW,Terraced,Established,Freehold,81,,HOWITT STREET,,HEANOR,AMBER VALLEY,DERBYSHIRE,Standard,Addition,53.0146480000,-1.3466650000
25000,2000-07-14 00:00:00Z,DE75 7BB,Terraced,Established,Freehold,18,,OAKLANDS AVENUE,,HEANOR,AMBER VALLEY,DERBYSHIRE,Standard,Addition,53.0155780000,-1.3409120000
40000,2000-08-25 00:00:00Z,DE75 7AY,Terraced,Established,Freehold,83,,HOLBROOK STREET,,HEANOR,AMBER VALLEY,DERBYSHIRE,Standard,Addition,53.0154890000,-1.3425350000
33000,2000-10-19 00:00:00Z,DE75 7AU,Terraced,Established,Freehold,26,,HOWITT STREET,,HEANOR,AMBER VALLEY,DERBYSHIRE,Standard,Addition,53.0157570000,-1.3441740000
70950,2000-04-07 00:00:00Z,DE75 7YR,Detached,Established,Freehold,3,,GREENACRE AVENUE,,HEANOR,AMBER VALLEY,DERBYSHIRE,Standard,Addition,53.0184030000,-1.3429410000
74000,2000-06-28 00:00:00Z,DE75 7HF,Semi-Detached,Established,Freehold,64,,ELLABANK ROAD,,HEANOR,AMBER VALLEY,DERBYSHIRE,Standard,Addition,53.0109620000,-1.3449770000
39950,2000-08-11 00:00:00Z,DE75 7AW,Terraced,Established,Freehold,96,,HOWITT STREET,,HEANOR,AMBER VALLEY,DERBYSHIRE,Standard,Addition,53.0146480000,-1.3466650000
71000,2000-01-21 00:00:00Z,DE75 7AJ,Detached,Established,Freehold,30,,MANSFIELD ROAD,,HEANOR,AMBER VALLEY,DERBYSHIRE,Standard,Addition,53.0148620000,-1.3478210000
71500,2000-08-04 00:00:00Z,DE75 7AJ,Semi-Detached,Established,Freehold,20,,MANSFIELD ROAD,,HEANOR,AMBER VALLEY,DERBYSHIRE,Standard,Addition,53.0148620000,-1.3478210000
42000,2000-09-22 00:00:00Z,DE75 7AY,Terraced,Established,Freehold,52,,HOLBROOK STREET,,HEANOR,AMBER VALLEY,DERBYSHIRE,Standard,Addition,53.0154890000,-1.3425350000
34500,2000-07-06 00:00:00Z,DE75 7HS,Terraced,Established,Freehold,26,,CLARAMOUNT ROAD,,HEANOR,AMBER VALLEY,DERBYSHIRE,Standard,Addition,53.0105640000,-1.3414210000
115000,2000-09-22 00:00:00Z,DE75 7DT,Detached,Established,Freehold,39,,ILKESTON ROAD,,HEANOR,AMBER VALLEY,DERBYSHIRE,Standard,Addition,53.0103040000,-1.3497260000
42500,2000-12-01 00:00:00Z,DE75 7SX,Terraced,Established,Freehold,6,,LOWLANDS LEA,,HEANOR,AMBER VALLEY,DERBYSHIRE,Standard,Addition,53.0178710000,-1.3492400000
33950,2000-04-28 00:00:00Z,DE75 7AU,Terraced,Established,Freehold,51,,HOWITT STREET,,HEANOR,AMBER VALLEY,DERBYSHIRE,Standard,Addition,53.0157570000,-1.3441740000
72500,2000-12-15 00:00:00Z,DE75 7AQ,Detached,Established,Freehold,11,,MANSFIELD ROAD,,HEANOR,AMBER VALLEY,DERBYSHIRE,Standard,Addition,53.0163190000,-1.3450150000
53000,2000-02-09 00:00:00Z,DE75 7TR,Detached,Established,Freehold,2,,LAWN CLOSE,,HEANOR,AMBER VALLEY,DERBYSHIRE,Standard,Addition,53.0166870000,-1.3481550000
37000,2000-07-05 00:00:00Z,DE75 7TH,Terraced,Established,Freehold,30,,ASTCOTE CLOSE,,HEANOR,AMBER VALLEY,DERBYSHIRE,Standard,Addition,53.0112000000,-1.3409490000
36950,2000-06-26 00:00:00Z,DE75 7AY,Terraced,Established,Freehold,65,,HOLBROOK STREET,,HEANOR,AMBER VALLEY,DERBYSHIRE,Standard,Addition,53.0154890000,-1.3425350000
45000,2000-01-28 00:00:00Z,DE75 7HA,Semi-Detached,Established,Freehold,6,,HANDS ROAD,,HEANOR,AMBER VALLEY,DERBYSHIRE,Standard,Addition,53.0131870000,-1.3490870000
59995,2000-09-01 00:00:00Z,DE75 7HA,Semi-Detached,Established,Freehold,12,,HANDS ROAD,,HEANOR,AMBER VALLEY,DERBYSHIRE,Standard,Addition,53.0131870000,-1.3490870000
26000,2000-07-26 00:00:00Z,DE75 7AX,Terraced,Established,Freehold,15,,STARTHE BANK,,HEANOR,AMBER VALLEY,DERBYSHIRE,Standard,Addition,53.0136560000,-1.3462620000
30000,2000-08-30 00:00:00Z,DE75 7AU,Terraced,Established,Freehold,45,,HOWITT STREET,,HEANOR,AMBER VALLEY,DERBYSHIRE,Standard,Addition,53.0157570000,-1.3441740000
77000,2000-06-23 00:00:00Z,DE75 7YS,Detached,Established,Freehold,18,,ARDSLEY CLOSE,,HEANOR,AMBER VALLEY,DERBYSHIRE,Standard,Addition,53.0174200000,-1.3423900000
12000,2000-01-17 00:00:00Z,DE75 7AX,Terraced,Established,Freehold,43,,STARTHE BANK,,HEANOR,AMBER VALLEY,DERBYSHIRE,Standard,Addition,53.0136560000,-1.3462620000
34000,2000-05-05 00:00:00Z,DE75 7TH,Terraced,Established,Freehold,2,,ASTCOTE CLOSE,,HEANOR,AMBER VALLEY,DERBYSHIRE,Standard,Addition,53.0112000000,-1.3409490000
41500,2000-08-18 00:00:00Z,DE75 7TH,Terraced,Established,Freehold,42,,ASTCOTE CLOSE,,HEANOR,AMBER VALLEY,DERBYSHIRE,Standard,Addition,53.0112000000,-1.3409490000
41950,2000-12-15 00:00:00Z,DE75 7BA,Terraced,Established,Freehold,96,,HOLBROOK STREET,,HEANOR,AMBER VALLEY,DERBYSHIRE,Standard,Addition,53.0137850000,-1.3417890000
50000,2000-06-16 00:00:00Z,DE75 7AW,Detached,Established,Freehold,139,,HOWITT STREET,,HEANOR,AMBER VALLEY,DERBYSHIRE,Standard,Addition,53.0146480000,-1.3466650000
41500,2000-11-17 00:00:00Z,DE75 7BD,Terraced,Established,Freehold,30,,ELMSFIELD AVENUE,,HEANOR,AMBER VALLEY,DERBYSHIRE,Standard,Addition,53.0161890000,-1.3409770000
42500,2000-04-17 00:00:00Z,DE75 7BB,Terraced,Established,Freehold,36,,OAKLANDS AVENUE,,HEANOR,AMBER VALLEY,DERBYSHIRE,Standard,Addition,53.0155780000,-1.3409120000
43950,2001-07-20 00:00:00Z,DE75 7BB,Semi-Detached,Established,Freehold,33,,OAKLANDS AVENUE,HEANOR,HEANOR,AMBER VALLEY,DERBYSHIRE,Standard,Addition,53.0155780000,-1.3409120000
44000,2001-01-22 00:00:00Z,DE75 7AQ,Terraced,Established,Freehold,29,,MANSFIELD ROAD,HEANOR,HEANOR,AMBER VALLEY,DERBYSHIRE,Standard,Addition,53.0163190000,-1.3450150000
67950,2001-11-09 00:00:00Z,DE75 7HA,Semi-Detached,Established,Freehold,41,,HANDS ROAD,HEANOR,HEANOR,AMBER VALLEY,DERBYSHIRE,Standard,Addition,53.0131870000,-1.3490870000
37500,2001-12-18 00:00:00Z,DE75 7BD,Terraced,Established,Freehold,6,,ELMSFIELD AVENUE,HEANOR,HEANOR,AMBER VALLEY,DERBYSHIRE,Standard,Addition,53.0161890000,-1.3409770000
77000,2001-07-13 00:00:00Z,DE75 7HS,Semi-Detached,Established,Freehold,35,,CLARAMOUNT ROAD,HEANOR,HEANOR,AMBER VALLEY,DERBYSHIRE,Standard,Addition,53.0105640000,-1.3414210000
39000,2001-07-11 00:00:00Z,DE75 7AT,Terraced,Established,Freehold,34,,MARSHALL STREET,HEANOR,HEANOR,AMBER VALLEY,DERBYSHIRE,Standard,Addition,53.0172950000,-1.3458350000
59950,2001-07-27 00:00:00Z,DE75 7HS,Terraced,Established,Freehold,34,,CLARAMOUNT ROAD,HEANOR,HEANOR,AMBER VALLEY,DERBYSHIRE,Standard,Addition,53.0105640000,-1.3414210000
30000,2001-04-04 00:00:00Z,DE75 7BD,Terraced,Established,Freehold,16,,ELMSFIELD AVENUE,HEANOR,HEANOR,AMBER VALLEY,DERBYSHIRE,Standard,Addition,53.0161890000,-1.3409770000
27950,2001-11-02 00:00:00Z,DE75 7TH,Terraced,Established,Freehold,40,,ASTCOTE CLOSE,HEANOR,HEANOR,AMBER VALLEY,DERBYSHIRE,Standard,Addition,53.0112000000,-1.3409490000
59950,2001-12-14 00:00:00Z,DE75 7AW,Detached,Established,Freehold,76,,HOWITT STREET,HEANOR,HEANOR,AMBER VALLEY,DERBYSHIRE,Standard,Addition,53.0146480000,-1.3466650000
42500,2001-07-06 00:00:00Z,DE75 7BA,Terraced,Established,Freehold,68,,HOLBROOK STREET,HEANOR,HEANOR,AMBER VALLEY,DERBYSHIRE,Standard,Addition,53.0137850000,-1.3417890000
49500,2001-08-29 00:00:00Z,DE75 7SX,Terraced,Established,Freehold,36,,LOWLANDS LEA,HEANOR,HEANOR,AMBER VALLEY,DERBYSHIRE,Standard,Addition,53.0178710000,-1.3492400000
24500,2001-02-28 00:00:00Z,DE75 7TH,Semi-Detached,Established,Freehold,26,,ASTCOTE CLOSE,HEANOR,HEANOR,AMBER VALLEY,DERBYSHIRE,Standard,Addition,53.0112000000,-1.3409490000
77500,2001-10-12 00:00:00Z,DE75 7BD,Detached,Established,Freehold,38,,ELMSFIELD AVENUE,HEANOR,HEANOR,AMBER VALLEY,DERBYSHIRE,Standard,Addition,53.0161890000,-1.3409770000
78950,2001-04-11 00:00:00Z,DE75 7YS,Detached,Established,Freehold,12,,ARDSLEY CLOSE,HEANOR,HEANOR,AMBER VALLEY,DERBYSHIRE,Standard,Addition,53.0174200000,-1.3423900000
33500,2001-10-26 00:00:00Z,DE75 7AQ,Terraced,Established,Freehold,55,,MANSFIELD ROAD,HEANOR,HEANOR,AMBER VALLEY,DERBYSHIRE,Standard,Addition,53.0163190000,-1.3450150000
95000,2001-03-01 00:00:00Z,DE75 7HB,Detached,Established,Freehold,54,,HANDS ROAD,HEANOR,HEANOR,AMBER VALLEY,DERBYSHIRE,Standard,Addition,53.0125200000,-1.3439100000
39950,2001-01-19 00:00:00Z,DE75 7AU,Terraced,Established,Freehold,30,,HOWITT STREET,HEANOR,HEANOR,AMBER VALLEY,DERBYSHIRE,Standard,Addition,53.0157570000,-1.3441740000
39950,2001-11-23 00:00:00Z,DE75 7HS,Terraced,Established,Freehold,81,,CLARAMOUNT ROAD,HEANOR,HEANOR,AMBER VALLEY,DERBYSHIRE,Standard,Addition,53.0105640000,-1.3414210000
98000,2001-10-25 00:00:00Z,DE75 7YR,Detached,Established,Freehold,30,,GREENACRE AVENUE,HEANOR,HEANOR,AMBER VALLEY,DERBYSHIRE,Standard,Addition,53.0184030000,-1.3429410000
44500,2001-09-05 00:00:00Z,DE75 7TH,Terraced,Established,Freehold,22,,ASTCOTE CLOSE,HEANOR,HEANOR,AMBER VALLEY,DERBYSHIRE,Standard,Addition,53.0112000000,-1.3409490000
89450,2001-09-07 00:00:00Z,DE75 7AU,Detached,Established,Freehold,65,,HOWITT STREET,HEANOR,HEANOR,AMBER VALLEY,DERBYSHIRE,Standard,Addition,53.0157570000,-1.3441740000
72500,2001-03-20 00:00:00Z,DE75 7AW,Detached,Established,Freehold,76,,HOWITT STREET,HEANOR,HEANOR,AMBER VALLEY,DERBYSHIRE,Standard,Addition,53.0146480000,-1.3466650000
55500,2001-12-14 00:00:00Z,DE75 7AW,Semi-Detached,Established,Freehold,74,,HOWITT STREET,HEANOR,HEANOR,AMBER VALLEY,DERBYSHIRE,Standard,Addition,53.0146480000,-1.3466650000
78500,2001-06-12 00:00:00Z,DE75 7AR,Detached,Established,Freehold,19,,WATSON AVENUE,HEANOR,HEANOR,AMBER VALLEY,DERBYSHIRE,Standard,Addition,53.0159090000,-1.3488670000
98000,2001-03-30 00:00:00Z,DE75 7AR,Detached,Established,Freehold,1,,WATSON AVENUE,HEANOR,HEANOR,AMBER VALLEY,DERBYSHIRE,Standard,Addition,53.0159090000,-1.3488670000
39950,2001-09-14 00:00:00Z,DE75 7AU,Terraced,Established,Freehold,17,,HOWITT STREET,HEANOR,HEANOR,AMBER VALLEY,DERBYSHIRE,Standard,Addition,53.0157570000,-1.3441740000
44000,2001-07-23 00:00:00Z,DE75 7AW,Semi-Detached,Established,Freehold,117,,HOWITT STREET,HEANOR,HEANOR,AMBER VALLEY,DERBYSHIRE,Standard,Addition,53.0146480000,-1.3466650000
31500,2001-07-05 00:00:00Z,DE75 7AX,Terraced,Established,Freehold,33,,STARTHE BANK,HEANOR,HEANOR,AMBER VALLEY,DERBYSHIRE,Standard,Addition,53.0136560000,-1.3462620000
42000,2001-06-22 00:00:00Z,DE75 7TH,Detached,Established,Freehold,16,,ASTCOTE CLOSE,HEANOR,HEANOR,AMBER VALLEY,DERBYSHIRE,Standard,Addition,53.0112000000,-1.3409490000
49950,2001-05-24 00:00:00Z,DE75 7AR,Semi-Detached,Established,Freehold,9,,WATSON AVENUE,HEANOR,HEANOR,AMBER VALLEY,DERBYSHIRE,Standard,Addition,53.0159090000,-1.3488670000
39000,2001-06-29 00:00:00Z,DE75 7BD,Terraced,Established,Freehold,23,,ELMSFIELD AVENUE,HEANOR,HEANOR,AMBER VALLEY,DERBYSHIRE,Standard,Addition,53.0161890000,-1.3409770000
42950,2001-09-07 00:00:00Z,DE75 7AU,Terraced,Established,Freehold,48,,HOWITT STREET,HEANOR,HEANOR,AMBER VALLEY,DERBYSHIRE,Standard,Addition,53.0157570000,-1.3441740000
36500,2001-11-16 00:00:00Z,DE75 7AY,Terraced,Established,Freehold,77,,HOLBROOK STREET,HEANOR,HEANOR,AMBER VALLEY,DERBYSHIRE,Standard,Addition,53.0154890000,-1.3425350000
45500,2001-02-12 00:00:00Z,DE75 7TH,Semi-Detached,Established,Freehold,36,,ASTCOTE CLOSE,HEANOR,HEANOR,AMBER VALLEY,DERBYSHIRE,Standard,Addition,53.0112000000,-1.3409490000
41500,2001-01-26 00:00:00Z,DE75 7SX,Terraced,Established,Freehold,36,,LOWLANDS LEA,HEANOR,HEANOR,AMBER VALLEY,DERBYSHIRE,Standard,Addition,53.0178710000,-1.3492400000
97000,2001-12-03 00:00:00Z,DE75 7AR,Detached,Established,Freehold,25,,WATSON AVENUE,HEANOR,HEANOR,AMBER VALLEY,DERBYSHIRE,Standard,Addition,53.0159090000,-1.3488670000
84950,2001-11-09 00:00:00Z,DE75 7HF,Detached,Established,Freehold,72,,ELLABANK ROAD,HEANOR,HEANOR,AMBER VALLEY,DERBYSHIRE,Standard,Addition,53.0109620000,-1.3449770000
29500,2001-06-01 00:00:00Z,DE75 7BB,Terraced,Established,Freehold,24,,OAKLANDS AVENUE,HEANOR,HEANOR,AMBER VALLEY,DERBYSHIRE,Standard,Addition,53.0155780000,-1.3409120000
49950,2001-01-12 00:00:00Z,DE75 7AR,Semi-Detached,Established,Freehold,11,,WATSON AVENUE,HEANOR,HEANOR,AMBER VALLEY,DERBYSHIRE,Standard,Addition,53.0159090000,-1.3488670000
38000,2001-03-09 00:00:00Z,DE75 7TH,Terraced,Established,Freehold,33,,ASTCOTE CLOSE,HEANOR,HEANOR,AMBER VALLEY,DERBYSHIRE,Standard,Addition,53.0112000000,-1.3409490000
92000,2001-02-05 00:00:00Z,DE75 7AS,Detached,Established,Freehold,13,,GARNETT AVENUE,HEANOR,HEANOR,AMBER VALLEY,DERBYSHIRE,Standard,Addition,53.0155300000,-1.3486340000
85000,2001-05-17 00:00:00Z,DE75 7HA,Detached,New Build,Freehold,4,,HANDS ROAD,HEANOR,HEANOR,AMBER VALLEY,DERBYSHIRE,Standard,Addition,53.0131870000,-1.3490870000
69000,2001-02-05 00:00:00Z,DE75 7TR,Detached,Established,Freehold,8,,LAWN CLOSE,HEANOR,HEANOR,AMBER VALLEY,DERBYSHIRE,Standard,Addition,53.0166870000,-1.3481550000
95950,2001-08-29 00:00:00Z,DE75 7SU,Detached,Established,Freehold,48,,JOHNSON DRIVE,HEANOR,HEANOR,AMBER VALLEY,DERBYSHIRE,Standard,Addition,53.0178630000,-1.3478980000
56000,2001-05-09 00:00:00Z,DE75 7HA,Detached,Established,Freehold,13,,HANDS ROAD,HEANOR,HEANOR,AMBER VALLEY,DERBYSHIRE,Standard,Addition,53.0131870000,-1.3490870000
35500,2001-07-06 00:00:00Z,DE75 7AX,Terraced,Established,Freehold,32,,STARTHE BANK,HEANOR,HEANOR,AMBER VALLEY,DERBYSHIRE,Standard,Addition,53.0136560000,-1.3462620000
43500,2001-01-31 00:00:00Z,DE75 7HS,Semi-Detached,Established,Freehold,58,,CLARAMOUNT ROAD,HEANOR,HEANOR,AMBER VALLEY,DERBYSHIRE,Standard,Addition,53.0105640000,-1.3414210000
57000,2001-06-15 00:00:00Z,DE75 7AU,Detached,Established,Freehold,57,,HOWITT STREET,HEANOR,HEANOR,AMBER VALLEY,DERBYSHIRE,Standard,Addition,53.0157570000,-1.3441740000
42000,2001-11-16 00:00:00Z,DE75 7HF,Semi-Detached,Established,Freehold,45,,ELLABANK ROAD,HEANOR,HEANOR,AMBER VALLEY,DERBYSHIRE,Standard,Addition,53.0109620000,-1.3449770000
34000,2001-07-30 00:00:00Z,DE75 7AW,Semi-Detached,Established,Freehold,119,,HOWITT STREET,HEANOR,HEANOR,AMBER VALLEY,DERBYSHIRE,Standard,Addition,53.0146480000,-1.3466650000
89500,2001-03-16 00:00:00Z,DE75 7SU,Detached,Established,Freehold,46,,JOHNSON DRIVE,HEANOR,HEANOR,AMBER VALLEY,DERBYSHIRE,Standard,Addition,53.0178630000,-1.3478980000
55000,2001-06-19 00:00:00Z,DE75 7HF,Detached,Established,Freehold,70,,ELLABANK ROAD,HEANOR,HEANOR,AMBER VALLEY,DERBYSHIRE,Standard,Addition,53.0109620000,-1.3449770000
92995,2001-10-19 00:00:00Z,DE75 7AT,Detached,Established,Freehold,44,,MARSHALL STREET,HEANOR,HEANOR,AMBER VALLEY,DERBYSHIRE,Standard,Addition,53.0172950000,-1.3458350000
32950,2001-10-24 00:00:00Z,DE75 7BA,Terraced,Established,Freehold,104,,HOLBROOK STREET,HEANOR,HEANOR,AMBER VALLEY,DERBYSHIRE,Standard,Addition,53.0137850000,-1.3417890000
67500,2002-02-22 00:00:00Z,DE75 7AU,Semi-Detached,Established,Freehold,59,,HOWITT STREET,HEANOR,HEANOR,AMBER VALLEY,DERBYSHIRE,Standard,Addition,53.0157570000,-1.3441740000
45000,2002-04-12 00:00:00Z,DE75 7AX,Terraced,Established,Freehold,37,,STARTHE BANK,HEANOR,HEANOR,AMBER VALLEY,DERBYSHIRE,Standard,Addition,53.0136560000,-1.3462620000
98000,2002-04-19 00:00:00Z,DE75 7AR,Detached,Established,Freehold,29,,WATSON AVENUE,HEANOR,HEANOR,AMBER VALLEY,DERBYSHIRE,Standard,Addition,53.0159090000,-1.3488670000
47500,2002-05-10 00:00:00Z,DE75 7BD,Terraced,Established,Freehold,23,,ELMSFIELD AVENUE,HEANOR,HEANOR,AMBER VALLEY,DERBYSHIRE,Standard,Addition,53.0161890000,-1.3409770000
37950,2002-08-16 00:00:00Z,DE75 7TH,Terraced,Established,Freehold,21,,ASTCOTE CLOSE,HEANOR,HEANOR,AMBER VALLEY,DERBYSHIRE,Standard,Addition,53.0112000000,-1.3409490000
55500,2002-11-22 00:00:00Z,DE75 7AU,Terraced,Established,Freehold,18,,HOWITT STREET,HEANOR,HEANOR,AMBER VALLEY,DERBYSHIRE,Standard,Addition,53.0157570000,-1.3441740000
51500,2002-10-25 00:00:00Z,DE75 7HS,Terraced,Established,Freehold,77,,CLARAMOUNT ROAD,HEANOR,HEANOR,AMBER VALLEY,DERBYSHIRE,Standard,Addition,53.0105640000,-1.3414210000
56950,2002-10-30 00:00:00Z,DE75 7TH,Semi-Detached,Established,Freehold,7,,ASTCOTE CLOSE,HEANOR,HEANOR,AMBER VALLEY,DERBYSHIRE,Standard,Addition,53.0112000000,-1.3409490000
29500,2002-02-01 00:00:00Z,DE75 7AU,Terraced,Established,Freehold,14,,HOWITT STREET,HEANOR,HEANOR,AMBER VALLEY,DERBYSHIRE,Standard,Addition,53.0157570000,-1.3441740000
69500,2002-06-14 00:00:00Z,DE75 7AU,Semi-Detached,Established,Freehold,61,,HOWITT STREET,HEANOR,HEANOR,AMBER VALLEY,DERBYSHIRE,Standard,Addition,53.0157570000,-1.3441740000
94000,2002-10-21 00:00:00Z,DE75 7AY,Detached,Established,Freehold,47,,HOLBROOK STREET,HEANOR,HEANOR,AMBER VALLEY,DERBYSHIRE,Standard,Addition,53.0154890000,-1.3425350000
129000,2002-11-15 00:00:00Z,DE75 7YR,Detached,Established,Freehold,38,,GREENACRE AVENUE,HEANOR,HEANOR,AMBER VALLEY,DERBYSHIRE,Standard,Addition,53.0184030000,-1.3429410000
68000,2002-03-22 00:00:00Z,DE75 7AU,Terraced,Established,Freehold,46,,HOWITT STREET,HEANOR,HEANOR,AMBER VALLEY,DERBYSHIRE,Standard,Addition,53.0157570000,-1.3441740000
49950,2002-07-26 00:00:00Z,DE75 7AY,Terraced,Established,Freehold,77,,HOLBROOK STREET,HEANOR,HEANOR,AMBER VALLEY,DERBYSHIRE,Standard,Addition,53.0154890000,-1.3425350000
95000,2002-01-25 00:00:00Z,DE75 7DT,Detached,Established,Freehold,51,,ILKESTON ROAD,HEANOR,HEANOR,AMBER VALLEY,DERBYSHIRE,Standard,Addition,53.0103040000,-1.3497260000
80000,2002-12-18 00:00:00Z,DE75 7AQ,Semi-Detached,Established,Freehold,72,,MANSFIELD ROAD,HEANOR,HEANOR,AMBER VALLEY,DERBYSHIRE,Standard,Addition,53.0163190000,-1.3450150000
79950,2002-06-28 00:00:00Z,DE75 7AU,Detached,Established,Freehold,44,,HOWITT STREET,HEANOR,HEANOR,AMBER VALLEY,DERBYSHIRE,Standard,Addition,53.0157570000,-1.3441740000
34500,2002-02-21 00:00:00Z,DE75 7HS,Terraced,Established,Freehold,79,,CLARAMOUNT ROAD,HEANOR,HEANOR,AMBER VALLEY,DERBYSHIRE,Standard,Addition,53.0105640000,-1.3414210000
84000,2002-02-08 00:00:00Z,DE75 7AW,Detached,Established,Freehold,76,,HOWITT STREET,HEANOR,HEANOR,AMBER VALLEY,DERBYSHIRE,Standard,Addition,53.0146480000,-1.3466650000
44000,2002-12-17 00:00:00Z,DE75 7TH,Terraced,Established,Freehold,40,,ASTCOTE CLOSE,HEANOR,HEANOR,AMBER VALLEY,DERBYSHIRE,Standard,Addition,53.0112000000,-1.3409490000
170000,2002-07-15 00:00:00Z,DE75 7DT,Detached,Established,Freehold,15,,ILKESTON ROAD,HEANOR,HEANOR,AMBER VALLEY,DERBYSHIRE,Standard,Addition,53.0103040000,-1.3497260000
44950,2002-05-03 00:00:00Z,DE75 7AX,Terraced,Established,Freehold,10,,STARTHE BANK,HEANOR,HEANOR,AMBER VALLEY,DERBYSHIRE,Standard,Addition,53.0136560000,-1.3462620000
66000,2002-10-04 00:00:00Z,DE75 7AU,Terraced,Established,Freehold,25,,HOWITT STREET,HEANOR,HEANOR,AMBER VALLEY,DERBYSHIRE,Standard,Addition,53.0157570000,-1.3441740000
70000,2002-08-30 00:00:00Z,DE75 7AQ,Semi-Detached,Established,Freehold,17,,MANSFIELD ROAD,HEANOR,HEANOR,AMBER VALLEY,DERBYSHIRE,Standard,Addition,53.0163190000,-1.3450150000
66000,2002-10-11 00:00:00Z,DE75 7HS,Semi-Detached,Established,Freehold,20,,CLARAMOUNT ROAD,HEANOR,HEANOR,AMBER VALLEY,DERBYSHIRE,Standard,Addition,53.0105640000,-1.3414210000
130000,2002-08-09 00:00:00Z,DE75 7YR,Detached,Established,Freehold,30,,GREENACRE AVENUE,HEANOR,HEANOR,AMBER VALLEY,DERBYSHIRE,Standard,Addition,53.0184030000,-1.3429410000
49950,2002-06-28 00:00:00Z,DE75 7AU,Terraced,Established,Freehold,16,,HOWITT STREET,HEANOR,HEANOR,AMBER VALLEY,DERBYSHIRE,Standard,Addition,53.0157570000,-1.3441740000
52500,2002-07-12 00:00:00Z,DE75 7AP,Semi-Detached,Established,Freehold,14,,GRACE CRESCENT,HEANOR,HEANOR,AMBER VALLEY,DERBYSHIRE,Standard,Addition,53.0137780000,-1.3487650000
50000,2002-02-01 00:00:00Z,DE75 7AY,Semi-Detached,Established,Freehold,"BAY TREE COTTAGE, 14",,HOLBROOK STREET,HEANOR,HEANOR,AMBER VALLEY,DERBYSHIRE,Standard,Addition,53.0154890000,-1.3425350000
100000,2002-12-02 00:00:00Z,DE75 7HS,Semi-Detached,Established,Freehold,60,,CLARAMOUNT ROAD,HEANOR,HEANOR,AMBER VALLEY,DERBYSHIRE,Standard,Addition,53.0105640000,-1.3414210000
103000,2002-07-10 00:00:00Z,DE75 7YU,Detached,Established,Freehold,11,,DARFIELD DRIVE,HEANOR,HEANOR,AMBER VALLEY,DERBYSHIRE,Standard,Addition,53.0179790000,-1.3443790000
54000,2002-09-12 00:00:00Z,DE75 7TT,Terraced,Established,Freehold,14,,UPTON CLOSE,HEANOR,HEANOR,AMBER VALLEY,DERBYSHIRE,Standard,Addition,53.0119740000,-1.3411310000
51500,2002-12-20 00:00:00Z,DE75 7BD,Terraced,Established,Freehold,30,,ELMSFIELD AVENUE,HEANOR,HEANOR,AMBER VALLEY,DERBYSHIRE,Standard,Addition,53.0161890000,-1.3409770000
65000,2002-04-08 00:00:00Z,DE75 7HA,Semi-Detached,Established,Freehold,29,,HANDS ROAD,HEANOR,HEANOR,AMBER VALLEY,DERBYSHIRE,Standard,Addition,53.0131870000,-1.3490870000
40000,2002-08-30 00:00:00Z,DE75 7AX,Terraced,Established,Freehold,27,,STARTHE BANK,HEANOR,HEANOR,AMBER VALLEY,DERBYSHIRE,Standard,Addition,53.0136560000,-1.3462620000
24000,2002-03-14 00:00:00Z,DE75 7HB,Semi-Detached,Established,Freehold,133,,HANDS ROAD,HEANOR,HEANOR,AMBER VALLEY,DERBYSHIRE,Standard,Addition,53.0125200000,-1.3439100000
47000,2002-08-30 00:00:00Z,DE75 7AX,Semi-Detached,Established,Freehold,16,,STARTHE BANK,HEANOR,HEANOR,AMBER VALLEY,DERBYSHIRE,Standard,Addition,53.0136560000,-1.3462620000
57000,2002-12-20 00:00:00Z,DE75 7AY,Semi-Detached,Established,Freehold,71,,HOLBROOK STREET,HEANOR,HEANOR,AMBER VALLEY,DERBYSHIRE,Standard,Addition,53.0154890000,-1.3425350000
74950,2002-05-31 00:00:00Z,DE75 7HA,Semi-Detached,Established,Freehold,31,,HANDS ROAD,HEANOR,HEANOR,AMBER VALLEY,DERBYSHIRE,Standard,Addition,53.0131870000,-1.3490870000
103000,2002-03-04 00:00:00Z,DE75 7YR,Detached,Established,Freehold,44,,GREENACRE AVENUE,HEANOR,HEANOR,AMBER VALLEY,DERBYSHIRE,Standard,Addition,53.0184030000,-1.3429410000
90000,2002-04-12 00:00:00Z,DE75 7TS,Detached,Established,Freehold,6,,UPPER BARN CLOSE,HEANOR,HEANOR,AMBER VALLEY,DERBYSHIRE,Standard,Addition,53.0166770000,-1.3494960000
50000,2002-12-13 00:00:00Z,DE75 7HF,Terraced,Established,Freehold,62,,ELLABANK ROAD,HEANOR,HEANOR,AMBER VALLEY,DERBYSHIRE,Standard,Addition,53.0109620000,-1.3449770000
39950,2002-07-12 00:00:00Z,DE75 7AU,Terraced,Established,Freehold,8,,HOWITT STREET,HEANOR,HEANOR,AMBER VALLEY,DERBYSHIRE,Standard,Addition,53.0157570000,-1.3441740000
45950,2002-07-31 00:00:00Z,DE75 7HS,Terraced,Established,Freehold,26,,CLARAMOUNT ROAD,HEANOR,HEANOR,AMBER VALLEY,DERBYSHIRE,Standard,Addition,53.0105640000,-1.3414210000
189950,2002-11-01 00:00:00Z,DE75 7AQ,Detached,Established,Freehold,13,,MANSFIELD ROAD,HEANOR,HEANOR,AMBER VALLEY,DERBYSHIRE,Standard,Addition,53.0163190000,-1.3450150000
59000,2002-08-23 00:00:00Z,DE75 7TH,Terraced,Established,Freehold,1,,ASTCOTE CLOSE,HEANOR,HEANOR,AMBER VALLEY,DERBYSHIRE,Standard,Addition,53.0112000000,-1.3409490000
72950,2002-11-01 00:00:00Z,DE75 7AW,Semi-Detached,Established,Freehold,123,,HOWITT STREET,HEANOR,HEANOR,AMBER VALLEY,DERBYSHIRE,Standard,Addition,53.0146480000,-1.3466650000
62000,2002-09-20 00:00:00Z,DE75 7TT,Semi-Detached,Established,Freehold,2,,UPTON CLOSE,HEANOR,HEANOR,AMBER VALLEY,DERBYSHIRE,Standard,Addition,53.0119740000,-1.3411310000
102000,2002-03-28 00:00:00Z,DE75 7YR,Detached,Established,Freehold,32,,GREENACRE AVENUE,HEANOR,HEANOR,AMBER VALLEY,DERBYSHIRE,Standard,Addition,53.0184030000,-1.3429410000
46950,2002-09-04 00:00:00Z,DE75 7AX,Terraced,Established,Freehold,32,,STARTHE BANK,HEANOR,HEANOR,AMBER VALLEY,DERBYSHIRE,Standard,Addition,53.0136560000,-1.3462620000
44500,2002-03-27 00:00:00Z,DE75 7BD,Terraced,Established,Freehold,33,,ELMSFIELD AVENUE,HEANOR,HEANOR,AMBER VALLEY,DERBYSHIRE,Standard,Addition,53.0161890000,-1.3409770000
99500,2002-01-28 00:00:00Z,DE75 7YR,Detached,Established,Freehold,42,,GREENACRE AVENUE,HEANOR,HEANOR,AMBER VALLEY,DERBYSHIRE,Standard,Addition,53.0184030000,-1.3429410000
36000,2002-07-12 00:00:00Z,DE75 7BA,Terraced,Established,Freehold,97,,HOLBROOK STREET,HEANOR,HEANOR,AMBER VALLEY,DERBYSHIRE,Standard,Addition,53.0137850000,-1.3417890000
87500,2002-01-28 00:00:00Z,DE75 7YU,Detached,Established,Freehold,8,,DARFIELD DRIVE,HEANOR,HEANOR,AMBER VALLEY,DERBYSHIRE,Standard,Addition,53.0179790000,-1.3443790000
87500,2002-03-08 00:00:00Z,DE75 7SU,Detached,Established,Freehold,54,,JOHNSON DRIVE,HEANOR,HEANOR,AMBER VALLEY,DERBYSHIRE,Standard,Addition,53.0178630000,-1.3478980000
45950,2002-01-14 00:00:00Z,DE75 7BA,Terraced,Established,Freehold,96,,HOLBROOK STREET,HEANOR,HEANOR,AMBER VALLEY,DERBYSHIRE,Standard,Addition,53.0137850000,-1.3417890000
120000,2002-11-14 00:00:00Z,DE75 7AQ,Semi-Detached,Established,Freehold,5,,MANSFIELD ROAD,HEANOR,HEANOR,AMBER VALLEY,DERBYSHIRE,Standard,Addition,53.0163190000,-1.3450150000
58000,2002-06-25 00:00:00Z,DE75 7TH,Terraced,Established,Freehold,34,,ASTCOTE CLOSE,HEANOR,HEANOR,AMBER VALLEY,DERBYSHIRE,Standard,Addition,53.0112000000,-1.3409490000
16605,2002-04-29 00:00:00Z,DE75 7HF,Semi-Detached,Established,Freehold,13,,ELLABANK ROAD,HEANOR,HEANOR,AMBER VALLEY,DERBYSHIRE,Standard,Addition,53.0109620000,-1.3449770000
54950,2002-06-07 00:00:00Z,DE75 7TH,Semi-Detached,Established,Freehold,14,,ASTCOTE CLOSE,HEANOR,HEANOR,AMBER VALLEY,DERBYSHIRE,Standard,Addition,53.0112000000,-1.3409490000
59500,2002-07-19 00:00:00Z,DE75 7TH,Terraced,Established,Freehold,18,,ASTCOTE CLOSE,HEANOR,HEANOR,AMBER VALLEY,DERBYSHIRE,Standard,Addition,53.0112000000,-1.3409490000
116000,2002-07-10 00:00:00Z,DE75 7AJ,Semi-Detached,Established,Freehold,22,,MANSFIELD ROAD,HEANOR,HEANOR,AMBER VALLEY,DERBYSHIRE,Standard,Addition,53.0148620000,-1.3478210000
94000,2002-03-22 00:00:00Z,DE75 7HS,Semi-Detached,Established,Freehold,60,,CLARAMOUNT ROAD,HEANOR,HEANOR,AMBER VALLEY,DERBYSHIRE,Standard,Addition,53.0105640000,-1.3414210000
123000,2002-09-12 00:00:00Z,DE75 7YX,Detached,Established,Freehold,5,,WENTWORTH CROFT,HEANOR,HEANOR,AMBER VALLEY,DERBYSHIRE,Standard,Addition,53.0186920000,-1.3449640000
44950,2002-10-18 00:00:00Z,DE75 7HF,Terraced,Established,Freehold,44A,,ELLABANK ROAD,HEANOR,HEANOR,AMBER VALLEY,DERBYSHIRE,Standard,Addition,53.0109620000,-1.3449770000
104000,2002-09-06 00:00:00Z,DE75 7HE,Detached,Established,Freehold,1,,LOWER CLARAMOUNT ROAD,HEANOR,HEANOR,AMBER VALLEY,DERBYSHIRE,Standard,Addition,53.0120120000,-1.3430830000
47500,2002-09-11 00:00:00Z,DE75 7BB,Semi-Detached,Established,Freehold,34,,OAKLANDS AVENUE,HEANOR,HEANOR,AMBER VALLEY,DERBYSHIRE,Standard,Addition,53.0155780000,-1.3409120000
80500,2002-08-30 00:00:00Z,DE75 7AQ,Terraced,Established,Freehold,55,,MANSFIELD ROAD,HEANOR,HEANOR,AMBER VALLEY,DERBYSHIRE,Standard,Addition,53.0163190000,-1.3450150000
119000,2002-08-23 00:00:00Z,DE75 7YS,Detached,Established,Freehold,8,,ARDSLEY CLOSE,HEANOR,HEANOR,AMBER VALLEY,DERBYSHIRE,Standard,Addition,53.0174200000,-1.3423900000
45000,2002-10-22 00:00:00Z,DE75 7HS,Terraced,Established,Freehold,17A,,CLARAMOUNT ROAD,HEANOR,HEANOR,AMBER VALLEY,DERBYSHIRE,Standard,Addition,53.0105640000,-1.3414210000
59950,2002-11-15 00:00:00Z,DE75 7TH,Semi-Detached,Established,Freehold,31,,ASTCOTE CLOSE,HEANOR,HEANOR,AMBER VALLEY,DERBYSHIRE,Standard,Addition,53.0112000000,-1.3409490000
86000,2002-04-26 00:00:00Z,DE75 7AQ,Detached,Established,Freehold,38,,MANSFIELD ROAD,HEANOR,HEANOR,AMBER VALLEY,DERBYSHIRE,Standard,Addition,53.0163190000,-1.3450150000
46500,2002-02-08 00:00:00Z,DE75 7TT,Terraced,Established,Freehold,18,,UPTON CLOSE,HEANOR,HEANOR,AMBER VALLEY,DERBYSHIRE,Standard,Addition,53.0119740000,-1.3411310000
37000,2002-02-12 00:00:00Z,DE75 7HS,Terraced,Established,Freehold,45,,CLARAMOUNT ROAD,HEANOR,HEANOR,AMBER VALLEY,DERBYSHIRE,Standard,Addition,53.0105640000,-1.3414210000
59000,2002-03-28 00:00:00Z,DE75 7AQ,Terraced,Established,Freehold,64,,MANSFIELD ROAD,HEANOR,HEANOR,AMBER VALLEY,DERBYSHIRE,Standard,Addition,53.0163190000,-1.3450150000
59950,2002-11-29 00:00:00Z,DE75 7TT,Terraced,Established,Freehold,12,,UPTON CLOSE,HEANOR,HEANOR,AMBER VALLEY,DERBYSHIRE,Standard,Addition,53.0119740000,-1.3411310000
43000,2002-05-02 00:00:00Z,DE75 7AU,Terraced,Established,Freehold,13,,HOWITT STREET,HEANOR,HEANOR,AMBER VALLEY,DERBYSHIRE,Standard,Addition,53.0157570000,-1.3441740000
103000,2002-02-15 00:00:00Z,DE75 7YR,Detached,Established,Freehold,46,,GREENACRE AVENUE,HEANOR,HEANOR,AMBER VALLEY,DERBYSHIRE,Standard,Addition,53.0184030000,-1.3429410000
95000,2003-02-17 00:00:00Z,DE75 7AW,Detached,Established,Freehold,101,,HOWITT STREET,HEANOR,HEANOR,AMBER VALLEY,DERBYSHIRE,Standard,Addition,53.0146480000,-1.3466650000
35100,2003-10-13 00:00:00Z,NG16 4FW,Semi-Detached,Established,Freehold,10,,TURTON CLOSE,LANGLEY MILL,NOTTINGHAM,AMBER VALLEY,DERBYSHIRE,Standard,Addition,53.0198260000,-1.3403110000
64000,2003-04-04 00:00:00Z,DE75 7TH,Terraced,Established,Freehold,35,,ASTCOTE CLOSE,HEANOR,HEANOR,AMBER VALLEY,DERBYSHIRE,Standard,Addition,53.0112000000,-1.3409490000
88000,2003-06-27 00:00:00Z,DE75 7AT,Detached,Established,Freehold,48,,MARSHALL STREET,HEANOR,HEANOR,AMBER VALLEY,DERBYSHIRE,Standard,Addition,53.0172950000,-1.3458350000
78000,2003-07-11 00:00:00Z,DE75 7AU,Terraced,Established,Freehold,5,,HOWITT STREET,HEANOR,HEANOR,AMBER VALLEY,DERBYSHIRE,Standard,Addition,53.0157570000,-1.3441740000
54000,2003-12-23 00:00:00Z,DE75 7AQ,Detached,Established,Freehold,19A,,MANSFIELD ROAD,HEANOR,HEANOR,AMBER VALLEY,DERBYSHIRE,Standard,Addition,53.0163190000,-1.3450150000
135000,2003-03-21 00:00:00Z,DE75 7YT,Detached,Established,Freehold,7,,BRAMPTON AVENUE,HEANOR,HEANOR,AMBER VALLEY,DERBYSHIRE,Standard,Addition,53.0178170000,-1.3428010000
88000,2003-06-19 00:00:00Z,DE75 7AN,Detached,Established,Freehold,10,,ST LAWRENCE CLOSE,HEANOR,HEANOR,AMBER VALLEY,DERBYSHIRE,Standard,Addition,53.0147370000,-1.3498240000
100000,2003-05-12 00:00:00Z,DE75 7AW,Semi-Detached,Established,Freehold,135,,HOWITT STREET,HEANOR,HEANOR,AMBER VALLEY,DERBYSHIRE,Standard,Addition,53.0146480000,-1.3466650000
59950,2003-04-11 00:00:00Z,DE75 7HS,Terraced,Established,Freehold,26,,CLARAMOUNT ROAD,HEANOR,HEANOR,AMBER VALLEY,DERBYSHIRE,Standard,Addition,53.0105640000,-1.3414210000
90000,2003-10-20 00:00:00Z,DE75 7AN,Semi-Detached,Established,Freehold,3,,ST LAWRENCE CLOSE,HEANOR,HEANOR,AMBER VALLEY,DERBYSHIRE,Standard,Addition,53.0147370000,-1.3498240000
64000,2003-12-19 00:00:00Z,DE75 7AU,Terraced,Established,Freehold,6,,HOWITT STREET,HEANOR,HEANOR,AMBER VALLEY,DERBYSHIRE,Standard,Addition,53.0157570000,-1.3441740000
68000,2003-05-16 00:00:00Z,DE75 7BB,Semi-Detached,Established,Freehold,34,,OAKLANDS AVENUE,HEANOR,HEANOR,AMBER VALLEY,DERBYSHIRE,Standard,Addition,53.0155780000,-1.3409120000
75000,2003-09-04 00:00:00Z,DE75 7TH,Semi-Detached,Established,Freehold,6,,ASTCOTE CLOSE,HEANOR,HEANOR,AMBER VALLEY,DERBYSHIRE,Standard,Addition,53.0112000000,-1.3409490000
125000,2003-08-05 00:00:00Z,DE75 7HS,Semi-Detached,Established,Freehold,60,,CLARAMOUNT ROAD,HEANOR,HEANOR,AMBER VALLEY,DERBYSHIRE,Standard,Addition,53.0105640000,-1.3414210000
67000,2003-10-22 00:00:00Z,DE75 7HS,Semi-Detached,Established,Freehold,41,,CLARAMOUNT ROAD,HEANOR,HEANOR,AMBER VALLEY,DERBYSHIRE,Standard,Addition,53.0105640000,-1.3414210000
150000,2003-12-01 00:00:00Z,DE75 7TR,Detached,Established,Freehold,14,,LAWN CLOSE,HEANOR,HEANOR,AMBER VALLEY,DERBYSHIRE,Standard,Addition,53.0166870000,-1.3481550000
69000,2003-11-28 00:00:00Z,DE75 7AX,Terraced,Established,Freehold,39,,STARTHE BANK,HEANOR,HEANOR,AMBER VALLEY,DERBYSHIRE,Standard,Addition,53.0136560000,-1.3462620000
145000,2003-05-30 00:00:00Z,DE75 7YU,Detached,Established,Freehold,7,,DARFIELD DRIVE,HEANOR,HEANOR,AMBER VALLEY,DERBYSHIRE,Standard,Addition,53.0179790000,-1.3443790000
77950,2003-09-26 00:00:00Z,DE75 7TT,Semi-Detached,Established,Freehold,2,,UPTON CLOSE,HEANOR,HEANOR,AMBER VALLEY,DERBYSHIRE,Standard,Addition,53.0119740000,-1.3411310000
76500,2003-02-14 00:00:00Z,DE75 7AY,Semi-Detached,Established,Freehold,10,,HOLBROOK STREET,HEANOR,HEANOR,AMBER VALLEY,DERBYSHIRE,Standard,Addition,53.0154890000,-1.3425350000
51500,2003-03-21 00:00:00Z,DE75 7AW,Terraced,Established,Freehold,79,,HOWITT STREET,HEANOR,HEANOR,AMBER VALLEY,DERBYSHIRE,Standard,Addition,53.0146480000,-1.3466650000
99950,2003-08-14 00:00:00Z,DE75 7SU,Semi-Detached,Established,Freehold,50,,JOHNSON DRIVE,HEANOR,HEANOR,AMBER VALLEY,DERBYSHIRE,Standard,Addition,53.0178630000,-1.3478980000
66000,2003-05-02 00:00:00Z,DE75 7TT,Terraced,Established,Freehold,14,,UPTON CLOSE,HEANOR,HEANOR,AMBER VALLEY,DERBYSHIRE,Standard,Addition,53.0119740000,-1.3411310000
59950,2003-10-02 00:00:00Z,DE75 7BD,Terraced,Established,Freehold,33,,ELMSFIELD AVENUE,HEANOR,HEANOR,AMBER VALLEY,DERBYSHIRE,Standard,Addition,53.0161890000,-1.3409770000
34000,2003-12-16 00:00:00Z,DE75 7HF,Terraced,Established,Freehold,58,,ELLABANK ROAD,HEANOR,HEANOR,AMBER VALLEY,DERBYSHIRE,Standard,Addition,53.0109620000,-1.3449770000
99500,2003-09-15 00:00:00Z,DE75 7HS,Detached,Established,Freehold,33,,CLARAMOUNT ROAD,HEANOR,HEANOR,AMBER VALLEY,DERBYSHIRE,Standard,Addition,53.0105640000,-1.3414210000
65990,2003-09-26 00:00:00Z,DE75 7BA,Terraced,Established,Freehold,66,,HOLBROOK STREET,HEANOR,HEANOR,AMBER VALLEY,DERBYSHIRE,Standard,Addition,53.0137850000,-1.3417890000
85000,2003-10-22 00:00:00Z,DE75 7HA,Semi-Detached,Established,Freehold,15,,HANDS ROAD,HEANOR,HEANOR,AMBER VALLEY,DERBYSHIRE,Standard,Addition,53.0131870000,-1.3490870000
125000,2003-02-24 00:00:00Z,DE75 7HB,Detached,Established,Freehold,68,,HANDS ROAD,HEANOR,HEANOR,AMBER VALLEY,DERBYSHIRE,Standard,Addition,53.0125200000,-1.3439100000
122000,2003-01-31 00:00:00Z,DE75 7UT,Detached,Established,Freehold,3,,CLAY LANE,HEANOR,HEANOR,AMBER VALLEY,DERBYSHIRE,Standard,Addition,53.0170970000,-1.3491920000
59950,2003-03-28 00:00:00Z,DE75 7AT,Terraced,Established,Freehold,34,,MARSHALL STREET,HEANOR,HEANOR,AMBER VALLEY,DERBYSHIRE,Standard,Addition,53.0172950000,-1.3458350000
56500,2003-05-21 00:00:00Z,DE75 7HF,Terraced,Established,Freehold,52,,ELLABANK ROAD,HEANOR,HEANOR,AMBER VALLEY,DERBYSHIRE,Standard,Addition,53.0109620000,-1.3449770000
57950,2003-09-19 00:00:00Z,DE75 7TR,Semi-Detached,Established,Freehold,17,,LAWN CLOSE,HEANOR,HEANOR,AMBER VALLEY,DERBYSHIRE,Standard,Addition,53.0166870000,-1.3481550000
132250,2003-07-15 00:00:00Z,DE75 7AR,Detached,Established,Freehold,27,,WATSON AVENUE,HEANOR,HEANOR,AMBER VALLEY,DERBYSHIRE,Standard,Addition,53.0159090000,-1.3488670000
99000,2003-08-13 00:00:00Z,DE75 7AW,Semi-Detached,Established,Freehold,68,,HOWITT STREET,HEANOR,HEANOR,AMBER VALLEY,DERBYSHIRE,Standard,Addition,53.0146480000,-1.3466650000
95000,2003-02-21 00:00:00Z,DE75 7HS,Semi-Detached,Established,Freehold,22,,CLARAMOUNT ROAD,HEANOR,HEANOR,AMBER VALLEY,DERBYSHIRE,Standard,Addition,53.0105640000,-1.3414210000
50000,2003-09-02 00:00:00Z,DE75 7HF,Semi-Detached,Established,Freehold,20,,ELLABANK ROAD,HEANOR,HEANOR,AMBER VALLEY,DERBYSHIRE,Standard,Addition,53.0109620000,-1.3449770000
128000,2003-02-27 00:00:00Z,DE75 7TS,Detached,Established,Freehold,8,,UPPER BARN CLOSE,HEANOR,HEANOR,AMBER VALLEY,DERBYSHIRE,Standard,Addition,53.0166770000,-1.3494960000
83000,2003-01-06 00:00:00Z,DE75 7AW,Semi-Detached,Established,Freehold,135,,HOWITT STREET,HEANOR,HEANOR,AMBER VALLEY,DERBYSHIRE,Standard,Addition,53.0146480000,-1.3466650000
150000,2003-05-29 00:00:00Z,DE75 7YU,Detached,Established,Freehold,10,,DARFIELD DRIVE,HEANOR,HEANOR,AMBER VALLEY,DERBYSHIRE,Standard,Addition,53.0179790000,-1.3443790000
50000,2003-07-16 00:00:00Z,DE75 7HF,Terraced,Established,Freehold,44A,,ELLABANK ROAD,HEANOR,HEANOR,AMBER VALLEY,DERBYSHIRE,Standard,Addition,53.0109620000,-1.3449770000
72000,2003-10-15 00:00:00Z,DE75 7HB,Semi-Detached,Established,Freehold,158,,HANDS ROAD,HEANOR,HEANOR,AMBER VALLEY,DERBYSHIRE,Standard,Addition,53.0125200000,-1.3439100000
105000,2003-03-14 00:00:00Z,DE75 7BB,Detached,Established,Freehold,54,,OAKLANDS AVENUE,HEANOR,HEANOR,AMBER VALLEY,DERBYSHIRE,Standard,Addition,53.0155780000,-1.3409120000
72000,2003-08-28 00:00:00Z,DE75 7AT,Semi-Detached,Established,Freehold,50,,MARSHALL STREET,HEANOR,HEANOR,AMBER VALLEY,DERBYSHIRE,Standard,Addition,53.0172950000,-1.3458350000
98000,2003-12-12 00:00:00Z,DE75 7HA,Semi-Detached,Established,Freehold,11,,HANDS ROAD,HEANOR,HEANOR,AMBER VALLEY,DERBYSHIRE,Standard,Addition,53.0131870000,-1.3490870000
47500,2003-10-16 00:00:00Z,DE75 7HB,Semi-Detached,Established,Freehold,87,,HANDS ROAD,HEANOR,HEANOR,AMBER VALLEY,DERBYSHIRE,Standard,Addition,53.0125200000,-1.3439100000
95000,2003-10-31 00:00:00Z,DE75 7HD,Semi-Detached,Established,Freehold,153,,HANDS ROAD,HEANOR,HEANOR,AMBER VALLEY,DERBYSHIRE,Standard,Addition,53.0129080000,-1.3409380000
89950,2003-04-25 00:00:00Z,DE75 7HA,Semi-Detached,Established,Freehold,6,,HANDS ROAD,HEANOR,HEANOR,AMBER VALLEY,DERBYSHIRE,Standard,Addition,53.0131870000,-1.3490870000
79950,2003-04-09 00:00:00Z,DE75 7AP,Semi-Detached,Established,Freehold,16,,GRACE CRESCENT,HEANOR,HEANOR,AMBER VALLEY,DERBYSHIRE,Standard,Addition,53.0137780000,-1.3487650000
37000,2003-01-31 00:00:00Z,DE75 7AU,Terraced,Established,Leasehold,40,,HOWITT STREET,HEANOR,HEANOR,AMBER VALLEY,DERBYSHIRE,Standard,Addition,53.0157570000,-1.3441740000
95000,2003-11-27 00:00:00Z,DE75 7AY,Detached,Established,Freehold,51,,HOLBROOK STREET,HEANOR,HEANOR,AMBER VALLEY,DERBYSHIRE,Standard,Addition,53.0154890000,-1.3425350000
72500,2003-03-14 00:00:00Z,DE75 7TH,Terraced,Established,Freehold,17,,ASTCOTE CLOSE,HEANOR,HEANOR,AMBER VALLEY,DERBYSHIRE,Standard,Addition,53.0112000000,-1.3409490000
110000,2003-07-07 00:00:00Z,DE75 7HS,Terraced,Established,Freehold,34,,CLARAMOUNT ROAD,HEANOR,HEANOR,AMBER VALLEY,DERBYSHIRE,Standard,Addition,53.0105640000,-1.3414210000
144950,2003-11-25 00:00:00Z,DE75 7TR,Detached,Established,Freehold,12,,LAWN CLOSE,HEANOR,HEANOR,AMBER VALLEY,DERBYSHIRE,Standard,Addition,53.0166870000,-1.3481550000
67950,2003-08-29 00:00:00Z,DE75 7BA,Terraced,Established,Freehold,97,,HOLBROOK STREET,HEANOR,HEANOR,AMBER VALLEY,DERBYSHIRE,Standard,Addition,53.0137850000,-1.3417890000
49000,2003-07-01 00:00:00Z,DE75 7BB,Terraced,Established,Freehold,17,,OAKLANDS AVENUE,HEANOR,HEANOR,AMBER VALLEY,DERBYSHIRE,Standard,Addition,53.0155780000,-1.3409120000
125000,2003-07-18 00:00:00Z,DE75 7AR,Detached,Established,Freehold,15,,WATSON AVENUE,HEANOR,HEANOR,AMBER VALLEY,DERBYSHIRE,Standard,Addition,53.0159090000,-1.3488670000
80000,2003-03-07 00:00:00Z,DE75 7AQ,Semi-Detached,Established,Freehold,80,,MANSFIELD ROAD,HEANOR,HEANOR,AMBER VALLEY,DERBYSHIRE,Standard,Addition,53.0163190000,-1.3450150000
95000,2003-11-21 00:00:00Z,DE75 7AT,Terraced,Established,Freehold,38,,MARSHALL STREET,HEANOR,HEANOR,AMBER VALLEY,DERBYSHIRE,Standard,Addition,53.0172950000,-1.3458350000
155000,2003-11-11 00:00:00Z,DE75 7YR,Detached,Established,Freehold,42,,GREENACRE AVENUE,HEANOR,HEANOR,AMBER VALLEY,DERBYSHIRE,Standard,Addition,53.0184030000,-1.3429410000
135000,2003-12-29 00:00:00Z,DE75 7AJ,Detached,Established,Freehold,4,,MANSFIELD ROAD,HEANOR,HEANOR,AMBER VALLEY,DERBYSHIRE,Standard,Addition,53.0148620000,-1.3478210000
68000,2003-02-28 00:00:00Z,DE75 7TH,Semi-Detached,Established,Freehold,8,,ASTCOTE CLOSE,HEANOR,HEANOR,AMBER VALLEY,DERBYSHIRE,Standard,Addition,53.0112000000,-1.3409490000
120000,2003-12-05 00:00:00Z,DE75 7HF,Semi-Detached,Established,Freehold,64,,ELLABANK ROAD,HEANOR,HEANOR,AMBER VALLEY,DERBYSHIRE,Standard,Addition,53.0109620000,-1.3449770000
69950,2003-08-12 00:00:00Z,DE75 7BD,Terraced,Established,Freehold,22,,ELMSFIELD AVENUE,HEANOR,HEANOR,AMBER VALLEY,DERBYSHIRE,Standard,Addition,53.0161890000,-1.3409770000
54000,2003-07-04 00:00:00Z,DE75 7HS,Terraced,Established,Freehold,45,,CLARAMOUNT ROAD,HEANOR,HEANOR,AMBER VALLEY,DERBYSHIRE,Standard,Addition,53.0105640000,-1.3414210000
132000,2003-02-07 00:00:00Z,DE75 7AJ,Detached,Established,Freehold,4,,MANSFIELD ROAD,HEANOR,HEANOR,AMBER VALLEY,DERBYSHIRE,Standard,Addition,53.0148620000,-1.3478210000
69000,2003-07-04 00:00:00Z,DE75 7AY,Terraced,Established,Freehold,83,,HOLBROOK STREET,HEANOR,HEANOR,AMBER VALLEY,DERBYSHIRE,Standard,Addition,53.0154890000,-1.3425350000
95000,2003-02-24 00:00:00Z,DE75 7BB,Detached,Established,Freehold,61,,OAKLANDS AVENUE,HEANOR,HEANOR,AMBER VALLEY,DERBYSHIRE,Standard,Addition,53.0155780000,-1.3409120000
120000,2004-02-27 00:00:00Z,DE75 7AP,Semi-Detached,Established,Freehold,2,,GRACE CRESCENT,HEANOR,HEANOR,AMBER VALLEY,DERBYSHIRE,Standard,Addition,53.0137780000,-1.3487650000
118000,2004-09-10 00:00:00Z,DE75 7HA,Semi-Detached,Established,Freehold,6,,HANDS ROAD,HEANOR,HEANOR,AMBER VALLEY,DERBYSHIRE,Standard,Addition,53.0131870000,-1.3490870000
145000,2004-11-22 00:00:00Z,DE75 7AW,Detached,Established,Freehold,101,,HOWITT STREET,HEANOR,HEANOR,AMBER VALLEY,DERBYSHIRE,Standard,Addition,53.0146480000,-1.3466650000
162000,2004-07-14 00:00:00Z,DE75 7YU,Detached,Established,Freehold,10,,DARFIELD DRIVE,HEANOR,HEANOR,AMBER VALLEY,DERBYSHIRE,Standard,Addition,53.0179790000,-1.3443790000
140000,2004-11-12 00:00:00Z,DE75 7HB,Semi-Detached,Established,Freehold,103,,HANDS ROAD,HEANOR,HEANOR,AMBER VALLEY,DERBYSHIRE,Standard,Addition,53.0125200000,-1.3439100000
80000,2004-05-07 00:00:00Z,DE75 7BD,Terraced,Established,Freehold,23,,ELMSFIELD AVENUE,HEANOR,HEANOR,AMBER VALLEY,DERBYSHIRE,Standard,Addition,53.0161890000,-1.3409770000
89500,2004-09-24 00:00:00Z,DE75 7TH,Terraced,Established,Freehold,20,,ASTCOTE CLOSE,HEANOR,HEANOR,AMBER VALLEY,DERBYSHIRE,Standard,Addition,53.0112000000,-1.3409490000
77500,2004-03-05 00:00:00Z,DE75 7TH,Detached,Established,Freehold,16,,ASTCOTE CLOSE,HEANOR,HEANOR,AMBER VALLEY,DERBYSHIRE,Standard,Addition,53.0112000000,-1.3409490000
79000,2004-03-31 00:00:00Z,DE75 7AW,Terraced,Established,Freehold,77,,HOWITT STREET,HEANOR,HEANOR,AMBER VALLEY,DERBYSHIRE,Standard,Addition,53.0146480000,-1.3466650000
84500,2004-07-09 00:00:00Z,DE75 7BA,Detached,Established,Freehold,72,,HOLBROOK STREET,HEANOR,HEANOR,AMBER VALLEY,DERBYSHIRE,Standard,Addition,53.0137850000,-1.3417890000
125000,2004-06-24 00:00:00Z,DE75 7AN,Terraced,Established,Freehold,4,,ST LAWRENCE CLOSE,HEANOR,HEANOR,AMBER VALLEY,DERBYSHIRE,Standard,Addition,53.0147370000,-1.3498240000
73000,2004-01-16 00:00:00Z,DE75 7BB,Semi-Detached,Established,Freehold,23,,OAKLANDS AVENUE,HEANOR,HEANOR,AMBER VALLEY,DERBYSHIRE,Standard,Addition,53.0155780000,-1.3409120000
115000,2004-02-18 00:00:00Z,DE75 7HB,Detached,Established,Freehold,73,,HANDS ROAD,HEANOR,HEANOR,AMBER VALLEY,DERBYSHIRE,Standard,Addition,53.0125200000,-1.3439100000
250000,2004-10-07 00:00:00Z,DE75 7HB,Detached,Established,Freehold,5,,LEAFY LANE,HEANOR,HEANOR,AMBER VALLEY,DERBYSHIRE,Standard,Addition,53.0125200000,-1.3439100000
175000,2004-05-21 00:00:00Z,DE75 7AR,Detached,Established,Freehold,2,,WATSON AVENUE,HEANOR,HEANOR,AMBER VALLEY,DERBYSHIRE,Standard,Addition,53.0159090000,-1.3488670000
72950,2004-02-23 00:00:00Z,DE75 7AU,Terraced,Established,Freehold,17,,HOWITT STREET,HEANOR,HEANOR,AMBER VALLEY,DERBYSHIRE,Standard,Addition,53.0157570000,-1.3441740000
72000,2004-09-24 00:00:00Z,DE75 7HS,Terraced,Established,Freehold,11,,CLARAMOUNT ROAD,HEANOR,HEANOR,AMBER VALLEY,DERBYSHIRE,Standard,Addition,53.0105640000,-1.3414210000
80500,2004-01-09 00:00:00Z,DE75 7AT,Semi-Detached,Established,Freehold,56,,MARSHALL STREET,HEANOR,HEANOR,AMBER VALLEY,DERBYSHIRE,Standard,Addition,53.0172950000,-1.3458350000
78000,2004-05-28 00:00:00Z,DE75 7BD,Terraced,Established,Freehold,33,,ELMSFIELD AVENUE,HEANOR,HEANOR,AMBER VALLEY,DERBYSHIRE,Standard,Addition,53.0161890000,-1.3409770000
177000,2004-06-28 00:00:00Z,DE75 7HF,Detached,Established,Freehold,37,,ELLABANK ROAD,HEANOR,HEANOR,AMBER VALLEY,DERBYSHIRE,Standard,Addition,53.0109620000,-1.3449770000
54000,2004-03-15 00:00:00Z,DE75 7AQ,Terraced,Established,Freehold,19A,,MANSFIELD ROAD,HEANOR,HEANOR,AMBER VALLEY,DERBYSHIRE,Standard,Addition,53.0163190000,-1.3450150000
78000,2004-09-21 00:00:00Z,DE75 7HB,Semi-Detached,Established,Freehold,133,,HANDS ROAD,HEANOR,HEANOR,AMBER VALLEY,DERBYSHIRE,Standard,Addition,53.0125200000,-1.3439100000
75000,2004-05-27 00:00:00Z,DE75 7HS,Detached,Established,Freehold,53,,CLARAMOUNT ROAD,HEANOR,HEANOR,AMBER VALLEY,DERBYSHIRE,Standard,Addition,53.0105640000,-1.3414210000
97500,2004-03-05 00:00:00Z,DE75 7AQ,Terraced,Established,Freehold,45,,MANSFIELD ROAD,HEANOR,HEANOR,AMBER VALLEY,DERBYSHIRE,Standard,Addition,53.0163190000,-1.3450150000
87000,2004-05-28 00:00:00Z,DE75 7TH,Semi-Detached,Established,Freehold,3,,ASTCOTE CLOSE,HEANOR,HEANOR,AMBER VALLEY,DERBYSHIRE,Standard,Addition,53.0112000000,-1.3409490000
123000,2004-08-26 00:00:00Z,DE75 7AQ,Terraced,Established,Freehold,55,,MANSFIELD ROAD,HEANOR,HEANOR,AMBER VALLEY,DERBYSHIRE,Standard,Addition,53.0163190000,-1.3450150000
142000,2004-02-06 00:00:00Z,DE75 7US,Detached,Established,Freehold,1,,ORCHARD RISE,HEANOR,HEANOR,AMBER VALLEY,DERBYSHIRE,Standard,Addition,53.0171870000,-1.3474610000
64000,2004-01-28 00:00:00Z,DE75 7AY,Semi-Detached,Established,Freehold,67,,HOLBROOK STREET,HEANOR,HEANOR,AMBER VALLEY,DERBYSHIRE,Standard,Addition,53.0154890000,-1.3425350000
86950,2004-07-16 00:00:00Z,DE75 7AW,Terraced,Established,Freehold,100,,HOWITT STREET,HEANOR,HEANOR,AMBER VALLEY,DERBYSHIRE,Standard,Addition,53.0146480000,-1.3466650000
145000,2004-04-02 00:00:00Z,DE75 7TS,Detached,Established,Freehold,2,,UPPER BARN CLOSE,HEANOR,HEANOR,AMBER VALLEY,DERBYSHIRE,Standard,Addition,53.0166770000,-1.3494960000
125000,2004-05-28 00:00:00Z,DE75 7HA,Semi-Detached,Established,Freehold,29,,HANDS ROAD,HEANOR,HEANOR,AMBER VALLEY,DERBYSHIRE,Standard,Addition,53.0131870000,-1.3490870000
110000,2004-07-15 00:00:00Z,DE75 7HA,Semi-Detached,Established,Freehold,41,,HANDS ROAD,HEANOR,HEANOR,AMBER VALLEY,DERBYSHIRE,Standard,Addition,53.0131870000,-1.3490870000
89950,2004-07-27 00:00:00Z,DE75 7BB,Terraced,Established,Freehold,26,,OAKLANDS AVENUE,HEANOR,HEANOR,AMBER VALLEY,DERBYSHIRE,Standard,Addition,53.0155780000,-1.3409120000
90000,2004-12-20 00:00:00Z,DE75 7HS,Detached,Established,Freehold,6,,CLARAMOUNT ROAD,HEANOR,HEANOR,AMBER VALLEY,DERBYSHIRE,Standard,Addition,53.0105640000,-1.3414210000
154000,2004-08-20 00:00:00Z,DE75 7AQ,Semi-Detached,Established,Freehold,17,,MANSFIELD ROAD,HEANOR,HEANOR,AMBER VALLEY,DERBYSHIRE,Standard,Addition,53.0163190000,-1.3450150000
138550,2004-02-27 00:00:00Z,DE75 7AW,Detached,Established,Freehold,104,,HOWITT STREET,HEANOR,HEANOR,AMBER VALLEY,DERBYSHIRE,Standard,Addition,53.0146480000,-1.3466650000
56000,2004-03-19 00:00:00Z,DE75 7AW,Terraced,Established,Freehold,96,,HOWITT STREET,HEANOR,HEANOR,AMBER VALLEY,DERBYSHIRE,Standard,Addition,53.0146480000,-1.3466650000
90000,2004-08-13 00:00:00Z,DE75 7SU,Terraced,Established,Freehold,74,,JOHNSON DRIVE,HEANOR,HEANOR,AMBER VALLEY,DERBYSHIRE,Standard,Addition,53.0178630000,-1.3478980000
79950,2004-02-27 00:00:00Z,DE75 7BB,Terraced,Established,Freehold,36,,OAKLANDS AVENUE,HEANOR,HEANOR,AMBER VALLEY,DERBYSHIRE,Standard,Addition,53.0155780000,-1.3409120000
83950,2004-09-03 00:00:00Z,DE75 7AU,Terraced,Established,Freehold,26,,HOWITT STREET,HEANOR,HEANOR,AMBER VALLEY,DERBYSHIRE,Standard,Addition,53.0157570000,-1.3441740000
97500,2004-10-29 00:00:00Z,DE75 7AU,Terraced,Established,Freehold,25,,HOWITT STREET,HEANOR,HEANOR,AMBER VALLEY,DERBYSHIRE,Standard,Addition,53.0157570000,-1.3441740000
110000,2004-06-25 00:00:00Z,DE75 7HD,Semi-Detached,Established,Freehold,151,,HANDS ROAD,HEANOR,HEANOR,AMBER VALLEY,DERBYSHIRE,Standard,Addition,53.0129080000,-1.3409380000
98000,2004-08-06 00:00:00Z,DE75 7HF,Terraced,Established,Freehold,38,,ELLABANK ROAD,HEANOR,HEANOR,AMBER VALLEY,DERBYSHIRE,Standard,Addition,53.0109620000,-1.3449770000
88000,2004-06-01 00:00:00Z,DE75 7TH,Terraced,Established,Freehold,2,,ASTCOTE CLOSE,HEANOR,HEANOR,AMBER VALLEY,DERBYSHIRE,Standard,Addition,53.0112000000,-1.3409490000
130000,2004-04-02 00:00:00Z,DE75 7AW,Detached,Established,Freehold,76,,HOWITT STREET,HEANOR,HEANOR,AMBER VALLEY,DERBYSHIRE,Standard,Addition,53.0146480000,-1.3466650000
86500,2004-06-25 00:00:00Z,DE75 7TR,Terraced,Established,Freehold,19,,LAWN CLOSE,HEANOR,HEANOR,AMBER VALLEY,DERBYSHIRE,Standard,Addition,53.0166870000,-1.3481550000
97000,2004-09-17 00:00:00Z,DE75 7AW,Semi-Detached,Established,Freehold,92,,HOWITT STREET,HEANOR,HEANOR,AMBER VALLEY,DERBYSHIRE,Standard,Addition,53.0146480000,-1.3466650000
167000,2004-07-16 00:00:00Z,DE75 7YS,Detached,Established,Freehold,2,,ARDSLEY CLOSE,HEANOR,HEANOR,AMBER VALLEY,DERBYSHIRE,Standard,Addition,53.0174200000,-1.3423900000
74000,2004-12-01 00:00:00Z,DE75 7HS,Semi-Detached,Established,Freehold,41,,CLARAMOUNT ROAD,HEANOR,HEANOR,AMBER VALLEY,DERBYSHIRE,Standard,Addition,53.0105640000,-1.3414210000
40000,2004-12-01 00:00:00Z,DE75 7AX,Terraced,Established,Freehold,21,,STARTHE BANK,HEANOR,HEANOR,AMBER VALLEY,DERBYSHIRE,Standard,Addition,53.0136560000,-1.3462620000
65000,2004-12-17 00:00:00Z,DE75 7HS,Terraced,Established,Freehold,81,,CLARAMOUNT ROAD,HEANOR,HEANOR,AMBER VALLEY,DERBYSHIRE,Standard,Addition,53.0105640000,-1.3414210000
70000,2004-11-12 00:00:00Z,DE75 7AX,Terraced,Established,Freehold,9,,STARTHE BANK,HEANOR,HEANOR,AMBER VALLEY,DERBYSHIRE,Standard,Addition,53.0136560000,-1.3462620000
105000,2004-02-18 00:00:00Z,DE75 7HB,Detached,Established,Freehold,137,,HANDS ROAD,,HEANOR,AMBER VALLEY,DERBYSHIRE,Standard,Addition,53.0125200000,-1.3439100000
84950,2004-06-04 00:00:00Z,DE75 7AT,Terraced,Established,Freehold,34,,MARSHALL STREET,HEANOR,HEANOR,AMBER VALLEY,DERBYSHIRE,Standard,Addition,53.0172950000,-1.3458350000
56000,2004-02-18 00:00:00Z,DE75 7BB,Terraced,Established,Freehold,1,,OAKLANDS AVENUE,HEANOR,HEANOR,AMBER VALLEY,DERBYSHIRE,Standard,Addition,53.0155780000,-1.3409120000
72000,2004-01-08 00:00:00Z,DE75 7BB,Terraced,Established,Freehold,29,,OAKLANDS AVENUE,HEANOR,HEANOR,AMBER VALLEY,DERBYSHIRE,Standard,Addition,53.0155780000,-1.3409120000
103000,2004-10-29 00:00:00Z,DE75 7AU,Detached,Established,Freehold,1A,,HOWITT STREET,HEANOR,HEANOR,AMBER VALLEY,DERBYSHIRE,Standard,Addition,53.0157570000,-1.3441740000
117500,2004-10-06 00:00:00Z,DE75 7US,Semi-Detached,Established,Freehold,3,,ORCHARD RISE,HEANOR,HEANOR,AMBER VALLEY,DERBYSHIRE,Standard,Addition,53.0171870000,-1.3474610000
48000,2004-02-13 00:00:00Z,DE75 7HF,Terraced,Established,Freehold,44,,ELLABANK ROAD,HEANOR,HEANOR,AMBER VALLEY,DERBYSHIRE,Standard,Addition,53.0109620000,-1.3449770000
81622,2004-05-24 00:00:00Z,DE75 7AY,Semi-Detached,Established,Freehold,67,,HOLBROOK STREET,HEANOR,HEANOR,AMBER VALLEY,DERBYSHIRE,Standard,Addition,53.0154890000,-1.3425350000
124950,2004-05-05 00:00:00Z,DE75 7AW,Semi-Detached,Established,Freehold,68,,HOWITT STREET,HEANOR,HEANOR,AMBER VALLEY,DERBYSHIRE,Standard,Addition,53.0146480000,-1.3466650000
87300,2004-02-11 00:00:00Z,DE75 7AU,Semi-Detached,Established,Freehold,71,,HOWITT STREET,HEANOR,HEANOR,AMBER VALLEY,DERBYSHIRE,Standard,Addition,53.0157570000,-1.3441740000
165000,2004-08-25 00:00:00Z,DE75 7YR,Detached,Established,Freehold,10,,GREENACRE AVENUE,HEANOR,HEANOR,AMBER VALLEY,DERBYSHIRE,Standard,Addition,53.0184030000,-1.3429410000
77000,2004-05-28 00:00:00Z,DE75 7HS,Terraced,Established,Freehold,45,,CLARAMOUNT ROAD,HEANOR,HEANOR,AMBER VALLEY,DERBYSHIRE,Standard,Addition,53.0105640000,-1.3414210000
80000,2005-11-18 00:00:00Z,DE75 7AX,Semi-Detached,Established,Freehold,16,,STARTHE BANK,HEANOR,HEANOR,AMBER VALLEY,DERBYSHIRE,Standard,Addition,53.0136560000,-1.3462620000
65950,2005-04-15 00:00:00Z,DE75 7AU,Terraced,Established,Leasehold,40,,HOWITT STREET,HEANOR,HEANOR,AMBER VALLEY,DERBYSHIRE,Standard,Addition,53.0157570000,-1.3441740000
88500,2005-01-28 00:00:00Z,DE75 7AT,Semi-Detached,Established,Freehold,50,,MARSHALL STREET,HEANOR,HEANOR,AMBER VALLEY,DERBYSHIRE,Standard,Addition,53.0172950000,-1.3458350000
89950,2005-05-27 00:00:00Z,DE75 7AX,Terraced,Established,Freehold,21,,STARTHE BANK,HEANOR,HEANOR,AMBER VALLEY,DERBYSHIRE,Standard,Addition,53.0136560000,-1.3462620000
179950,2005-06-16 00:00:00Z,DE75 7US,Detached,Established,Freehold,1,,ORCHARD RISE,HEANOR,HEANOR,AMBER VALLEY,DERBYSHIRE,Standard,Addition,53.0171870000,-1.3474610000
90000,2005-08-19 00:00:00Z,DE75 7BB,Semi-Detached,Established,Freehold,33,,OAKLANDS AVENUE,HEANOR,HEANOR,AMBER VALLEY,DERBYSHIRE,Standard,Addition,53.0155780000,-1.3409120000
82500,2005-05-10 00:00:00Z,DE75 7HB,Semi-Detached,Established,Freehold,85,,HANDS ROAD,HEANOR,HEANOR,AMBER VALLEY,DERBYSHIRE,Standard,Addition,53.0125200000,-1.3439100000
140000,2005-10-26 00:00:00Z,DE75 7HS,Semi-Detached,Established,Freehold,21,,CLARAMOUNT ROAD,HEANOR,HEANOR,AMBER VALLEY,DERBYSHIRE,Standard,Addition,53.0105640000,-1.3414210000
112000,2005-02-04 00:00:00Z,DE75 7HF,Detached,Established,Freehold,1,,ELLABANK ROAD,HEANOR,HEANOR,AMBER VALLEY,DERBYSHIRE,Standard,Addition,53.0109620000,-1.3449770000
144950,2005-05-10 00:00:00Z,DE75 7HS,Semi-Detached,Established,Freehold,20,,CLARAMOUNT ROAD,HEANOR,HEANOR,AMBER VALLEY,DERBYSHIRE,Standard,Addition,53.0105640000,-1.3414210000
75000,2005-03-04 00:00:00Z,DE75 7HF,Terraced,Established,Freehold,44,,ELLABANK ROAD,HEANOR,HEANOR,AMBER VALLEY,DERBYSHIRE,Standard,Addition,53.0109620000,-1.3449770000
95000,2005-08-23 00:00:00Z,DE75 7TH,Terraced,Established,Freehold,18,,ASTCOTE CLOSE,HEANOR,HEANOR,AMBER VALLEY,DERBYSHIRE,Standard,Addition,53.0112000000,-1.3409490000
99000,2005-07-08 00:00:00Z,DE75 7TH,Semi-Detached,Established,Freehold,36,,ASTCOTE CLOSE,HEANOR,HEANOR,AMBER VALLEY,DERBYSHIRE,Standard,Addition,53.0112000000,-1.3409490000
102500,2005-04-13 00:00:00Z,DE75 7AR,Semi-Detached,Established,Freehold,9,,WATSON AVENUE,HEANOR,HEANOR,AMBER VALLEY,DERBYSHIRE,Standard,Addition,53.0159090000,-1.3488670000
105000,2005-04-29 00:00:00Z,DE75 7AU,Semi-Detached,Established,Freehold,61,,HOWITT STREET,HEANOR,HEANOR,AMBER VALLEY,DERBYSHIRE,Standard,Addition,53.0157570000,-1.3441740000
85500,2005-07-01 00:00:00Z,DE75 7AU,Terraced,Established,Freehold,16,,HOWITT STREET,HEANOR,HEANOR,AMBER VALLEY,DERBYSHIRE,Standard,Addition,53.0157570000,-1.3441740000
159950,2005-06-06 00:00:00Z,DE75 7YT,Detached,Established,Freehold,6,,BRAMPTON AVENUE,HEANOR,HEANOR,AMBER VALLEY,DERBYSHIRE,Standard,Addition,53.0178170000,-1.3428010000
85000,2005-03-18 00:00:00Z,DE75 7HS,Terraced,Established,Freehold,13,,CLARAMOUNT ROAD,HEANOR,HEANOR,AMBER VALLEY,DERBYSHIRE,Standard,Addition,53.0105640000,-1.3414210000
103000,2005-03-18 00:00:00Z,DE75 7AQ,Semi-Detached,Established,Freehold,80,,MANSFIELD ROAD,HEANOR,HEANOR,AMBER VALLEY,DERBYSHIRE,Standard,Addition,53.0163190000,-1.3450150000
86500,2005-06-13 00:00:00Z,DE75 7AU,Terraced,Established,Freehold,17,,HOWITT STREET,HEANOR,HEANOR,AMBER VALLEY,DERBYSHIRE,Standard,Addition,53.0157570000,-1.3441740000
130500,2005-07-29 00:00:00Z,DE75 7HA,Semi-Detached,Established,Freehold,11,,HANDS ROAD,HEANOR,HEANOR,AMBER VALLEY,DERBYSHIRE,Standard,Addition,53.0131870000,-1.3490870000
55000,2005-02-16 00:00:00Z,DE75 7AX,Terraced,Established,Freehold,22,,STARTHE BANK,HEANOR,HEANOR,AMBER VALLEY,DERBYSHIRE,Standard,Addition,53.0136560000,-1.3462620000
105000,2005-10-21 00:00:00Z,DE75 7BA,Semi-Detached,Established,Freehold,94,,HOLBROOK STREET,HEANOR,HEANOR,AMBER VALLEY,DERBYSHIRE,Standard,Addition,53.0137850000,-1.3417890000
91000,2005-05-19 00:00:00Z,DE75 7BD,Terraced,Established,Freehold,3,,ELMSFIELD AVENUE,HEANOR,HEANOR,AMBER VALLEY,DERBYSHIRE,Standard,Addition,53.0161890000,-1.3409770000
82500,2005-09-05 00:00:00Z,DE75 7BB,Terraced,Established,Freehold,23,,OAKLANDS AVENUE,HEANOR,HEANOR,AMBER VALLEY,DERBYSHIRE,Standard,Addition,53.0155780000,-1.3409120000
94000,2005-05-04 00:00:00Z,DE75 7TT,Terraced,Established,Freehold,4,,UPTON CLOSE,HEANOR,HEANOR,AMBER VALLEY,DERBYSHIRE,Standard,Addition,53.0119740000,-1.3411310000
185000,2005-09-20 00:00:00Z,DE75 7AJ,Semi-Detached,Established,Freehold,26,,MANSFIELD ROAD,HEANOR,HEANOR,AMBER VALLEY,DERBYSHIRE,Standard,Addition,53.0148620000,-1.3478210000
155000,2005-10-21 00:00:00Z,DE75 7TS,Detached,Established,Freehold,6,,UPPER BARN CLOSE,HEANOR,HEANOR,AMBER VALLEY,DERBYSHIRE,Standard,Addition,53.0166770000,-1.3494960000
80000,2005-08-19 00:00:00Z,DE75 7BB,Terraced,Established,Freehold,27,,OAKLANDS AVENUE,HEANOR,HEANOR,AMBER VALLEY,DERBYSHIRE,Standard,Addition,53.0155780000,-1.3409120000
88000,2005-10-21 00:00:00Z,DE75 7BA,Terraced,Established,Freehold,96,,HOLBROOK STREET,HEANOR,HEANOR,AMBER VALLEY,DERBYSHIRE,Standard,Addition,53.0137850000,-1.3417890000
80000,2005-08-15 00:00:00Z,DE75 7AX,Terraced,Established,Freehold,29,,STARTHE BANK,HEANOR,HEANOR,AMBER VALLEY,DERBYSHIRE,Standard,Addition,53.0136560000,-1.3462620000
72000,2005-02-25 00:00:00Z,DE75 7BD,Terraced,Established,Freehold,7,,ELMSFIELD AVENUE,HEANOR,HEANOR,AMBER VALLEY,DERBYSHIRE,Standard,Addition,53.0161890000,-1.3409770000
110000,2005-11-23 00:00:00Z,DE75 7UT,Detached,Established,Freehold,6,,CLAY LANE,HEANOR,HEANOR,AMBER VALLEY,DERBYSHIRE,Standard,Addition,53.0170970000,-1.3491920000
97000,2005-03-31 00:00:00Z,DE75 7TR,Semi-Detached,Established,Freehold,17,,LAWN CLOSE,HEANOR,HEANOR,AMBER VALLEY,DERBYSHIRE,Standard,Addition,53.0166870000,-1.3481550000
95000,2005-03-22 00:00:00Z,DE75 7HS,Detached,Established,Freehold,6,,CLARAMOUNT ROAD,HEANOR,HEANOR,AMBER VALLEY,DERBYSHIRE,Standard,Addition,53.0105640000,-1.3414210000
92500,2005-12-16 00:00:00Z,DE75 7HS,Terraced,Established,Freehold,10,,CLARAMOUNT ROAD,HEANOR,HEANOR,AMBER VALLEY,DERBYSHIRE,Standard,Addition,53.0105640000,-1.3414210000
175000,2005-01-17 00:00:00Z,DE75 7DT,Detached,Established,Freehold,55,,ILKESTON ROAD,HEANOR,HEANOR,AMBER VALLEY,DERBYSHIRE,Standard,Addition,53.0103040000,-1.3497260000
79950,2005-07-29 00:00:00Z,DE75 7BD,Terraced,Established,Freehold,20,,ELMSFIELD AVENUE,HEANOR,HEANOR,AMBER VALLEY,DERBYSHIRE,Standard,Addition,53.0161890000,-1.3409770000
97000,2005-10-12 00:00:00Z,DE75 7TH,Terraced,Established,Freehold,17,,ASTCOTE CLOSE,HEANOR,HEANOR,AMBER VALLEY,DERBYSHIRE,Standard,Addition,53.0112000000,-1.3409490000
75000,2005-03-17 00:00:00Z,DE75 7BD,Semi-Detached,Established,Freehold,36,,ELMSFIELD AVENUE,HEANOR,HEANOR,AMBER VALLEY,DERBYSHIRE,Standard,Addition,53.0161890000,-1.3409770000
184000,2006-03-31 00:00:00Z,DE75 7HB,Detached,New Build,Freehold,152,,HANDS ROAD,HEANOR,HEANOR,AMBER VALLEY,DERBYSHIRE,Standard,Addition,53.0125200000,-1.3439100000
135000,2006-04-28 00:00:00Z,DE75 7AW,Semi-Detached,Established,Freehold,92,,HOWITT STREET,HEANOR,HEANOR,AMBER VALLEY,DERBYSHIRE,Standard,Addition,53.0146480000,-1.3466650000
130000,2006-09-29 00:00:00Z,DE75 7AT,Semi-Detached,Established,Freehold,1,,MARSHALL STREET,HEANOR,HEANOR,AMBER VALLEY,DERBYSHIRE,Standard,Addition,53.0172950000,-1.3458350000
103950,2006-06-30 00:00:00Z,DE75 7TH,Terraced,Established,Freehold,1,,ASTCOTE CLOSE,HEANOR,HEANOR,AMBER VALLEY,DERBYSHIRE,Standard,Addition,53.0112000000,-1.3409490000
114950,2006-06-02 00:00:00Z,DE75 7BD,Semi-Detached,Established,Freehold,15,,ELMSFIELD AVENUE,HEANOR,HEANOR,AMBER VALLEY,DERBYSHIRE,Standard,Addition,53.0161890000,-1.3409770000
120000,2006-02-06 00:00:00Z,DE75 7US,Semi-Detached,Established,Freehold,8,,ORCHARD RISE,HEANOR,HEANOR,AMBER VALLEY,DERBYSHIRE,Standard,Addition,53.0171870000,-1.3474610000
165000,2006-03-29 00:00:00Z,DE75 7YU,Detached,Established,Freehold,17,,DARFIELD DRIVE,HEANOR,HEANOR,AMBER VALLEY,DERBYSHIRE,Standard,Addition,53.0179790000,-1.3443790000
78000,2006-09-27 00:00:00Z,DE75 7HS,Terraced,Established,Freehold,49,,CLARAMOUNT ROAD,HEANOR,HEANOR,AMBER VALLEY,DERBYSHIRE,Standard,Addition,53.0105640000,-1.3414210000
182500,2006-10-26 00:00:00Z,DE75 7AQ,Terraced,Established,Freehold,19A,,MANSFIELD ROAD,HEANOR,HEANOR,AMBER VALLEY,DERBYSHIRE,Standard,Addition,53.0163190000,-1.3450150000
102000,2006-03-03 00:00:00Z,DE75 7BA,Semi-Detached,Established,Freehold,121,,HOLBROOK STREET,HEANOR,HEANOR,AMBER VALLEY,DERBYSHIRE,Standard,Addition,53.0137850000,-1.3417890000
147500,2006-12-21 00:00:00Z,DE75 7HB,Semi-Detached,Established,Freehold,158,,HANDS ROAD,HEANOR,HEANOR,AMBER VALLEY,DERBYSHIRE,Standard,Addition,53.0125200000,-1.3439100000
100000,2006-12-01 00:00:00Z,DE75 7BD,Terraced,Established,Freehold,26,,ELMSFIELD AVENUE,HEANOR,HEANOR,AMBER VALLEY,DERBYSHIRE,Standard,Addition,53.0161890000,-1.3409770000
121770,2006-01-16 00:00:00Z,DE75 7AY,Semi-Detached,Established,Freehold,59,,HOLBROOK STREET,HEANOR,HEANOR,AMBER VALLEY,DERBYSHIRE,Standard,Addition,53.0154890000,-1.3425350000
89000,2006-02-03 00:00:00Z,DE75 7BB,Terraced,Established,Freehold,18,,OAKLANDS AVENUE,HEANOR,HEANOR,AMBER VALLEY,DERBYSHIRE,Standard,Addition,53.0155780000,-1.3409120000
95000,2006-06-15 00:00:00Z,DE75 7AW,Semi-Detached,Established,Freehold,73,,HOWITT STREET,HEANOR,HEANOR,AMBER VALLEY,DERBYSHIRE,Standard,Addition,53.0146480000,-1.3466650000
132950,2006-09-29 00:00:00Z,DE75 7HD,Detached,Established,Freehold,159,,HANDS ROAD,HEANOR,HEANOR,AMBER VALLEY,DERBYSHIRE,Standard,Addition,53.0129080000,-1.3409380000
143000,2006-04-26 00:00:00Z,DE75 7HA,Semi-Detached,Established,Freehold,2,,HANDS ROAD,HEANOR,HEANOR,AMBER VALLEY,DERBYSHIRE,Standard,Addition,53.0131870000,-1.3490870000
134000,2006-07-14 00:00:00Z,DE75 7AN,Semi-Detached,Established,Freehold,11,,ST LAWRENCE CLOSE,HEANOR,HEANOR,AMBER VALLEY,DERBYSHIRE,Standard,Addition,53.0147370000,-1.3498240000
97950,2006-04-21 00:00:00Z,DE75 7TH,Semi-Detached,Established,Freehold,14,,ASTCOTE CLOSE,HEANOR,HEANOR,AMBER VALLEY,DERBYSHIRE,Standard,Addition,53.0112000000,-1.3409490000
93000,2006-06-30 00:00:00Z,DE75 7TH,Terraced,Established,Freehold,32,,ASTCOTE CLOSE,HEANOR,HEANOR,AMBER VALLEY,DERBYSHIRE,Standard,Addition,53.0112000000,-1.3409490000
112000,2006-07-31 00:00:00Z,DE75 7HS,Semi-Detached,Established,Freehold,67,,CLARAMOUNT ROAD,HEANOR,HEANOR,AMBER VALLEY,DERBYSHIRE,Standard,Addition,53.0105640000,-1.3414210000
90000,2006-04-13 00:00:00Z,DE75 7TH,Terraced,Established,Freehold,9,,ASTCOTE CLOSE,HEANOR,HEANOR,AMBER VALLEY,DERBYSHIRE,Standard,Addition,53.0112000000,-1.3409490000
162000,2006-12-08 00:00:00Z,DE75 7AQ,Semi-Detached,Established,Freehold,46,,MANSFIELD ROAD,HEANOR,HEANOR,AMBER VALLEY,DERBYSHIRE,Standard,Addition,53.0163190000,-1.3450150000
108000,2006-12-20 00:00:00Z,DE75 7BD,Semi-Detached,Established,Freehold,18,,ELMSFIELD AVENUE,HEANOR,HEANOR,AMBER VALLEY,DERBYSHIRE,Standard,Addition,53.0161890000,-1.3409770000
109950,2006-03-17 00:00:00Z,DE75 7TH,Semi-Detached,Established,Freehold,6,,ASTCOTE CLOSE,HEANOR,HEANOR,AMBER VALLEY,DERBYSHIRE,Standard,Addition,53.0112000000,-1.3409490000
155000,2006-12-11 00:00:00Z,DE75 7YT,Detached,Established,Freehold,1,,BRAMPTON AVENUE,HEANOR,HEANOR,AMBER VALLEY,DERBYSHIRE,Standard,Addition,53.0178170000,-1.3428010000
97000,2006-04-07 00:00:00Z,DE75 7TH,Semi-Detached,Established,Freehold,7,,ASTCOTE CLOSE,HEANOR,HEANOR,AMBER VALLEY,DERBYSHIRE,Standard,Addition,53.0112000000,-1.3409490000
109000,2006-02-03 00:00:00Z,DE75 7AT,Semi-Detached,Established,Freehold,50,,MARSHALL STREET,HEANOR,HEANOR,AMBER VALLEY,DERBYSHIRE,Standard,Addition,53.0172950000,-1.3458350000
139950,2006-04-20 00:00:00Z,DE75 7TR,Detached,Established,Freehold,15,,LAWN CLOSE,HEANOR,HEANOR,AMBER VALLEY,DERBYSHIRE,Standard,Addition,53.0166870000,-1.3481550000
183500,2006-06-05 00:00:00Z,DE75 7AQ,Semi-Detached,Established,Freehold,46,,MANSFIELD ROAD,HEANOR,HEANOR,AMBER VALLEY,DERBYSHIRE,Standard,Addition,53.0163190000,-1.3450150000
103950,2006-08-31 00:00:00Z,DE75 7TH,Terraced,Established,Freehold,1,,ASTCOTE CLOSE,HEANOR,HEANOR,AMBER VALLEY,DERBYSHIRE,Standard,Addition,53.0112000000,-1.3409490000
190000,2006-09-22 00:00:00Z,DE75 7HA,Detached,Established,Freehold,1,,VICARAGE GARDENS,HEANOR,HEANOR,AMBER VALLEY,DERBYSHIRE,Standard,Addition,53.0131870000,-1.3490870000
100000,2006-07-07 00:00:00Z,DE75 7AY,Terraced,Established,Freehold,52,,HOLBROOK STREET,HEANOR,HEANOR,AMBER VALLEY,DERBYSHIRE,Standard,Addition,53.0154890000,-1.3425350000
92500,2006-04-07 00:00:00Z,DE75 7HF,Terraced,Established,Freehold,58,,ELLABANK ROAD,HEANOR,HEANOR,AMBER VALLEY,DERBYSHIRE,Standard,Addition,53.0109620000,-1.3449770000
174500,2006-02-15 00:00:00Z,DE75 7YR,Detached,Established,Freehold,46,,GREENACRE AVENUE,HEANOR,HEANOR,AMBER VALLEY,DERBYSHIRE,Standard,Addition,53.0184030000,-1.3429410000
97500,2006-08-14 00:00:00Z,DE75 7AX,Terraced,Established,Freehold,15,,STARTHE BANK,HEANOR,HEANOR,AMBER VALLEY,DERBYSHIRE,Standard,Addition,53.0136560000,-1.3462620000
112000,2006-07-10 00:00:00Z,DE75 7HF,Detached,Established,Freehold,70,,ELLABANK ROAD,HEANOR,HEANOR,AMBER VALLEY,DERBYSHIRE,Standard,Addition,53.0109620000,-1.3449770000
86500,2006-12-08 00:00:00Z,DE75 7HF,Semi-Detached,Established,Freehold,60,,ELLABANK ROAD,HEANOR,HEANOR,AMBER VALLEY,DERBYSHIRE,Standard,Addition,53.0109620000,-1.3449770000
97000,2006-01-13 00:00:00Z,DE75 7TT,Semi-Detached,Established,Freehold,6,,UPTON CLOSE,HEANOR,HEANOR,AMBER VALLEY,DERBYSHIRE,Standard,Addition,53.0119740000,-1.3411310000
101000,2006-10-31 00:00:00Z,DE75 7TH,Terraced,Established,Freehold,42,,ASTCOTE CLOSE,HEANOR,HEANOR,AMBER VALLEY,DERBYSHIRE,Standard,Addition,53.0112000000,-1.3409490000
106500,2006-06-09 00:00:00Z,DE75 7TH,Semi-Detached,Established,Freehold,29,,ASTCOTE CLOSE,HEANOR,HEANOR,AMBER VALLEY,DERBYSHIRE,Standard,Addition,53.0112000000,-1.3409490000
89000,2006-04-13 00:00:00Z,DE75 7HF,Semi-Detached,Established,Freehold,42,,ELLABANK ROAD,HEANOR,HEANOR,AMBER VALLEY,DERBYSHIRE,Standard,Addition,53.0109620000,-1.3449770000
145000,2006-05-22 00:00:00Z,DE75 7YS,Detached,Established,Freehold,14,,ARDSLEY CLOSE,HEANOR,HEANOR,AMBER VALLEY,DERBYSHIRE,Standard,Addition,53.0174200000,-1.3423900000
136950,2006-12-01 00:00:00Z,DE75 7HS,Semi-Detached,Established,Freehold,36,,CLARAMOUNT ROAD,HEANOR,HEANOR,AMBER VALLEY,DERBYSHIRE,Standard,Addition,53.0105640000,-1.3414210000
169000,2006-09-29 00:00:00Z,DE75 7YX,Detached,Established,Freehold,2,,WENTWORTH CROFT,HEANOR,HEANOR,AMBER VALLEY,DERBYSHIRE,Standard,Addition,53.0186920000,-1.3449640000
194000,2006-01-12 00:00:00Z,DE75 7HU,Detached,New Build,Freehold,3,,CASTLE COURT,HEANOR,HEANOR,AMBER VALLEY,DERBYSHIRE,Standard,Addition,53.0118730000,-1.3437230000
119000,2006-03-17 00:00:00Z,DE75 7HA,Semi-Detached,Established,Freehold,45,,HANDS ROAD,HEANOR,HEANOR,AMBER VALLEY,DERBYSHIRE,Standard,Addition,53.0131870000,-1.3490870000
152500,2006-06-30 00:00:00Z,DE75 7AQ,Semi-Detached,Established,Freehold,60,,MANSFIELD ROAD,HEANOR,HEANOR,AMBER VALLEY,DERBYSHIRE,Standard,Addition,53.0163190000,-1.3450150000
119000,2006-07-14 00:00:00Z,DE75 7AY,Terraced,Established,Freehold,20,,HOLBROOK STREET,HEANOR,HEANOR,AMBER VALLEY,DERBYSHIRE,Standard,Addition,53.0154890000,-1.3425350000
90000,2006-06-30 00:00:00Z,DE75 7AX,Semi-Detached,Established,Freehold,4,,STARTHE BANK,HEANOR,HEANOR,AMBER VALLEY,DERBYSHIRE,Standard,Addition,53.0136560000,-1.3462620000
215000,2006-08-29 00:00:00Z,DE75 7AR,Detached,Established,Freehold,2,,WATSON AVENUE,HEANOR,HEANOR,AMBER VALLEY,DERBYSHIRE,Standard,Addition,53.0159090000,-1.3488670000
110000,2006-02-10 00:00:00Z,DE75 7HU,Detached,New Build,Freehold,4,,CASTLE COURT,HEANOR,HEANOR,AMBER VALLEY,DERBYSHIRE,Standard,Addition,53.0118730000,-1.3437230000
123950,2006-11-15 00:00:00Z,DE75 7AQ,Terraced,Established,Freehold,29,,MANSFIELD ROAD,HEANOR,HEANOR,AMBER VALLEY,DERBYSHIRE,Standard,Addition,53.0163190000,-1.3450150000
227000,2006-11-17 00:00:00Z,DE75 7HU,Detached,New Build,Freehold,2,,CASTLE COURT,HEANOR,HEANOR,AMBER VALLEY,DERBYSHIRE,Standard,Addition,53.0118730000,-1.3437230000
165500,2006-08-11 00:00:00Z,DE75 7BD,Detached,Established,Freehold,43,,ELMSFIELD AVENUE,HEANOR,HEANOR,AMBER VALLEY,DERBYSHIRE,Standard,Addition,53.0161890000,-1.3409770000
185000,2006-08-21 00:00:00Z,DE75 7AU,Detached,Established,Freehold,47A,,HOWITT STREET,HEANOR,HEANOR,AMBER VALLEY,DERBYSHIRE,Standard,Addition,53.0157570000,-1.3441740000
93500,2006-12-01 00:00:00Z,DE75 7HB,Semi-Detached,Established,Freehold,87,,HANDS ROAD,HEANOR,HEANOR,AMBER VALLEY,DERBYSHIRE,Standard,Addition,53.0125200000,-1.3439100000
140000,2006-06-30 00:00:00Z,DE75 7SU,Detached,Established,Freehold,46,,JOHNSON DRIVE,HEANOR,HEANOR,AMBER VALLEY,DERBYSHIRE,Standard,Addition,53.0178630000,-1.3478980000
162000,2006-07-08 00:00:00Z,DE75 7DT,Semi-Detached,Established,Freehold,94,,ILKESTON ROAD,HEANOR,HEANOR,AMBER VALLEY,DERBYSHIRE,Standard,Addition,53.0103040000,-1.3497260000
85524,2006-08-16 00:00:00Z,DE75 7HA,Semi-Detached,Established,Freehold,31,,HANDS ROAD,HEANOR,HEANOR,AMBER VALLEY,DERBYSHIRE,Standard,Addition,53.0131870000,-1.3490870000
105000,2006-12-18 00:00:00Z,DE75 7AY,Terraced,Established,Freehold,54,,HOLBROOK STREET,HEANOR,HEANOR,AMBER VALLEY,DERBYSHIRE,Standard,Addition,53.0154890000,-1.3425350000
103000,2006-07-21 00:00:00Z,DE75 7TH,Terraced,Established,Freehold,19,,ASTCOTE CLOSE,HEANOR,HEANOR,AMBER VALLEY,DERBYSHIRE,Standard,Addition,53.0112000000,-1.3409490000
159950,2006-11-03 00:00:00Z,DE75 7HS,Detached,Established,Freehold,6,,CLARAMOUNT ROAD,HEANOR,HEANOR,AMBER VALLEY,DERBYSHIRE,Standard,Addition,53.0105640000,-1.3414210000
168000,2006-05-03 00:00:00Z,DE75 7AR,Semi-Detached,Established,Freehold,16,,WATSON AVENUE,HEANOR,HEANOR,AMBER VALLEY,DERBYSHIRE,Standard,Addition,53.0159090000,-1.3488670000
96500,2006-04-21 00:00:00Z,DE75 7SU,Semi-Detached,Established,Freehold,78,,JOHNSON DRIVE,HEANOR,HEANOR,AMBER VALLEY,DERBYSHIRE,Standard,Addition,53.0178630000,-1.3478980000
176000,2006-12-08 00:00:00Z,DE75 7YX,Detached,Established,Freehold,6,,WENTWORTH CROFT,HEANOR,HEANOR,AMBER VALLEY,DERBYSHIRE,Standard,Addition,53.0186920000,-1.3449640000
97500,2006-06-23 00:00:00Z,DE75 7BA,Terraced,Established,Freehold,105,,HOLBROOK STREET,HEANOR,HEANOR,AMBER VALLEY,DERBYSHIRE,Standard,Addition,53.0137850000,-1.3417890000
79950,2006-04-12 00:00:00Z,DE75 7BB,Terraced,Established,Freehold,9,,OAKLANDS AVENUE,HEANOR,HEANOR,AMBER VALLEY,DERBYSHIRE,Standard,Addition,53.0155780000,-1.3409120000
121000,2006-12-08 00:00:00Z,DE75 7HS,Terraced,Established,Freehold,15,,CLARAMOUNT ROAD,HEANOR,HEANOR,AMBER VALLEY,DERBYSHIRE,Standard,Addition,53.0105640000,-1.3414210000
87750,2006-05-12 00:00:00Z,DE75 7SX,Terraced,Established,Freehold,12,,LOWLANDS LEA,HEANOR,HEANOR,AMBER VALLEY,DERBYSHIRE,Standard,Addition,53.0178710000,-1.3492400000
118950,2007-07-04 00:00:00Z,NG16 4BR,Semi-Detached,New Build,Freehold,17,,WILLIAMSON GARDENS,LANGLEY MILL,NOTTINGHAM,AMBER VALLEY,DERBYSHIRE,Standard,Addition,53.0182300000,-1.3410360000
98000,2007-04-05 00:00:00Z,DE75 7TH,Terraced,Established,Freehold,35,,ASTCOTE CLOSE,HEANOR,HEANOR,AMBER VALLEY,DERBYSHIRE,Standard,Addition,53.0112000000,-1.3409490000
73000,2007-05-18 00:00:00Z,DE75 7TH,Terraced,Established,Freehold,40,,ASTCOTE CLOSE,HEANOR,HEANOR,AMBER VALLEY,DERBYSHIRE,Standard,Addition,53.0112000000,-1.3409490000
118950,2007-06-29 00:00:00Z,NG16 4BR,Terraced,New Build,Freehold,7,,WILLIAMSON GARDENS,LANGLEY MILL,NOTTINGHAM,AMBER VALLEY,DERBYSHIRE,Standard,Addition,53.0182300000,-1.3410360000
173000,2007-03-09 00:00:00Z,DE75 7YU,Detached,Established,Freehold,8,,DARFIELD DRIVE,HEANOR,HEANOR,AMBER VALLEY,DERBYSHIRE,Standard,Addition,53.0179790000,-1.3443790000
152500,2007-02-23 00:00:00Z,DE75 7AJ,Terraced,Established,Freehold,12,,MANSFIELD ROAD,HEANOR,HEANOR,AMBER VALLEY,DERBYSHIRE,Standard,Addition,53.0148620000,-1.3478210000
190000,2007-05-16 00:00:00Z,DE75 7AT,Detached,Established,Freehold,11,,MARSHALL STREET,HEANOR,HEANOR,AMBER VALLEY,DERBYSHIRE,Standard,Addition,53.0172950000,-1.3458350000
149950,2007-09-04 00:00:00Z,NG16 4BR,Terraced,Established,Freehold,25,,WILLIAMSON GARDENS,LANGLEY MILL,NOTTINGHAM,AMBER VALLEY,DERBYSHIRE,Standard,Addition,53.0182300000,-1.3410360000
102000,2007-09-07 00:00:00Z,DE75 7BB,Semi-Detached,Established,Freehold,11,,OAKLANDS AVENUE,HEANOR,HEANOR,AMBER VALLEY,DERBYSHIRE,Standard,Addition,53.0155780000,-1.3409120000
107000,2007-09-21 00:00:00Z,DE75 7BB,Terraced,Established,Freehold,22,,OAKLANDS AVENUE,HEANOR,HEANOR,AMBER VALLEY,DERBYSHIRE,Standard,Addition,53.0155780000,-1.3409120000
118950,2007-07-05 00:00:00Z,NG16 4BR,Terraced,New Build,Freehold,19,,WILLIAMSON GARDENS,LANGLEY MILL,NOTTINGHAM,AMBER VALLEY,DERBYSHIRE,Standard,Addition,53.0182300000,-1.3410360000
118950,2007-06-22 00:00:00Z,NG16 4BR,Terraced,New Build,Freehold,9,,WILLIAMSON GARDENS,LANGLEY MILL,NOTTINGHAM,AMBER VALLEY,DERBYSHIRE,Standard,Addition,53.0182300000,-1.3410360000
134500,2007-03-23 00:00:00Z,DE75 7AW,Semi-Detached,Established,Freehold,111,,HOWITT STREET,HEANOR,HEANOR,AMBER VALLEY,DERBYSHIRE,Standard,Addition,53.0146480000,-1.3466650000
220000,2007-03-23 00:00:00Z,DE75 7AS,Detached,Established,Freehold,20,,GARNETT AVENUE,HEANOR,HEANOR,AMBER VALLEY,DERBYSHIRE,Standard,Addition,53.0155300000,-1.3486340000
149950,2007-09-12 00:00:00Z,NG16 4BR,Terraced,Established,Freehold,27,,WILLIAMSON GARDENS,LANGLEY MILL,NOTTINGHAM,AMBER VALLEY,DERBYSHIRE,Standard,Addition,53.0182300000,-1.3410360000
188000,2007-05-25 00:00:00Z,DE75 7YU,Detached,Established,Freehold,35,,DARFIELD DRIVE,HEANOR,HEANOR,AMBER VALLEY,DERBYSHIRE,Standard,Addition,53.0179790000,-1.3443790000
97500,2007-07-20 00:00:00Z,DE75 7AU,Terraced,Established,Freehold,18,,HOWITT STREET,HEANOR,HEANOR,AMBER VALLEY,DERBYSHIRE,Standard,Addition,53.0157570000,-1.3441740000
113000,2007-01-26 00:00:00Z,DE75 7AT,Semi-Detached,Established,Freehold,52,,MARSHALL STREET,HEANOR,HEANOR,AMBER VALLEY,DERBYSHIRE,Standard,Addition,53.0172950000,-1.3458350000
92500,2007-04-27 00:00:00Z,DE75 7TH,Terraced,Established,Freehold,15,,ASTCOTE CLOSE,HEANOR,HEANOR,AMBER VALLEY,DERBYSHIRE,Standard,Addition,53.0112000000,-1.3409490000
124000,2007-05-02 00:00:00Z,DE75 7HS,Semi-Detached,Established,Freehold,56,,CLARAMOUNT ROAD,HEANOR,HEANOR,AMBER VALLEY,DERBYSHIRE,Standard,Addition,53.0105640000,-1.3414210000
177500,2007-11-05 00:00:00Z,DE75 7AS,Detached,Established,Freehold,11,,GARNETT AVENUE,HEANOR,HEANOR,AMBER VALLEY,DERBYSHIRE,Standard,Addition,53.0155300000,-1.3486340000
125000,2007-06-15 00:00:00Z,DE75 7AQ,Terraced,Established,Freehold,55,,MANSFIELD ROAD,HEANOR,HEANOR,AMBER VALLEY,DERBYSHIRE,Standard,Addition,53.0163190000,-1.3450150000
82500,2007-12-17 00:00:00Z,DE75 7BA,Terraced,Established,Freehold,106,,HOLBROOK STREET,HEANOR,HEANOR,AMBER VALLEY,DERBYSHIRE,Standard,Addition,53.0137850000,-1.3417890000
124950,2007-05-25 00:00:00Z,DE75 7AR,Semi-Detached,Established,Freehold,11,,WATSON AVENUE,HEANOR,HEANOR,AMBER VALLEY,DERBYSHIRE,Standard,Addition,53.0159090000,-1.3488670000
135000,2007-04-10 00:00:00Z,DE75 7BB,Terraced,Established,Freehold,43,,OAKLANDS AVENUE,HEANOR,HEANOR,AMBER VALLEY,DERBYSHIRE,Standard,Addition,53.0155780000,-1.3409120000
89950,2007-04-27 00:00:00Z,DE75 7BA,Terraced,Established,Freehold,66,,HOLBROOK STREET,HEANOR,HEANOR,AMBER VALLEY,DERBYSHIRE,Standard,Addition,53.0137850000,-1.3417890000
94000,2007-11-30 00:00:00Z,DE75 7HF,Semi-Detached,Established,Freehold,60,,ELLABANK ROAD,HEANOR,HEANOR,AMBER VALLEY,DERBYSHIRE,Standard,Addition,53.0109620000,-1.3449770000
154950,2007-07-04 00:00:00Z,NG16 4BR,Detached,New Build,Freehold,21,,WILLIAMSON GARDENS,LANGLEY MILL,NOTTINGHAM,AMBER VALLEY,DERBYSHIRE,Standard,Addition,53.0182300000,-1.3410360000
167000,2007-12-14 00:00:00Z,DE75 7AQ,Semi-Detached,Established,Freehold,17,,MANSFIELD ROAD,HEANOR,HEANOR,AMBER VALLEY,DERBYSHIRE,Standard,Addition,53.0163190000,-1.3450150000
99950,2007-05-18 00:00:00Z,DE75 7AY,Terraced,Established,Freehold,83,,HOLBROOK STREET,HEANOR,HEANOR,AMBER VALLEY,DERBYSHIRE,Standard,Addition,53.0154890000,-1.3425350000
118950,2007-07-05 00:00:00Z,NG16 4BR,Terraced,New Build,Freehold,11,,WILLIAMSON GARDENS,LANGLEY MILL,NOTTINGHAM,AMBER VALLEY,DERBYSHIRE,Standard,Addition,53.0182300000,-1.3410360000
144000,2007-08-30 00:00:00Z,DE75 7HS,Semi-Detached,Established,Freehold,54,,CLARAMOUNT ROAD,HEANOR,HEANOR,AMBER VALLEY,DERBYSHIRE,Standard,Addition,53.0105640000,-1.3414210000
143950,2007-10-12 00:00:00Z,NG16 4BR,Terraced,New Build,Freehold,6,,WILLIAMSON GARDENS,LANGLEY MILL,NOTTINGHAM,AMBER VALLEY,DERBYSHIRE,Standard,Addition,53.0182300000,-1.3410360000
111000,2007-08-31 00:00:00Z,DE75 7TH,Semi-Detached,Established,Freehold,36,,ASTCOTE CLOSE,HEANOR,HEANOR,AMBER VALLEY,DERBYSHIRE,Standard,Addition,53.0112000000,-1.3409490000
95000,2007-05-23 00:00:00Z,DE75 7TH,Terraced,Established,Freehold,30,,ASTCOTE CLOSE,HEANOR,HEANOR,AMBER VALLEY,DERBYSHIRE,Standard,Addition,53.0112000000,-1.3409490000
200000,2007-11-23 00:00:00Z,DE75 7DT,Detached,Established,Freehold,98,,ILKESTON ROAD,HEANOR,HEANOR,AMBER VALLEY,DERBYSHIRE,Standard,Addition,53.0103040000,-1.3497260000
81500,2007-03-02 00:00:00Z,DE75 7AR,Detached,Established,Freehold,35,,WATSON AVENUE,HEANOR,HEANOR,AMBER VALLEY,DERBYSHIRE,Standard,Addition,53.0159090000,-1.3488670000
168000,2007-06-14 00:00:00Z,DE75 7YU,Detached,Established,Freehold,18,,DARFIELD DRIVE,HEANOR,HEANOR,AMBER VALLEY,DERBYSHIRE,Standard,Addition,53.0179790000,-1.3443790000
115000,2007-07-23 00:00:00Z,DE75 7AU,Semi-Detached,Established,Freehold,59,,HOWITT STREET,HEANOR,HEANOR,AMBER VALLEY,DERBYSHIRE,Standard,Addition,53.0157570000,-1.3441740000
139950,2007-12-20 00:00:00Z,NG16 4BR,Semi-Detached,Established,Freehold,8,,WILLIAMSON GARDENS,LANGLEY MILL,NOTTINGHAM,AMBER VALLEY,DERBYSHIRE,Standard,Addition,53.0182300000,-1.3410360000
185000,2007-10-18 00:00:00Z,DE75 7SU,Detached,Established,Freehold,48,,JOHNSON DRIVE,HEANOR,HEANOR,AMBER VALLEY,DERBYSHIRE,Standard,Addition,53.0178630000,-1.3478980000
107500,2007-11-16 00:00:00Z,DE75 7AU,Terraced,Established,Freehold,5,,HOWITT STREET,HEANOR,HEANOR,AMBER VALLEY,DERBYSHIRE,Standard,Addition,53.0157570000,-1.3441740000
122500,2007-03-30 00:00:00Z,DE75 7AT,Detached,Established,Freehold,48,,MARSHALL STREET,HEANOR,HEANOR,AMBER VALLEY,DERBYSHIRE,Standard,Addition,53.0172950000,-1.3458350000
100000,2007-01-26 00:00:00Z,DE75 7AQ,Semi-Detached,Established,Freehold,76,,MANSFIELD ROAD,HEANOR,HEANOR,AMBER VALLEY,DERBYSHIRE,Standard,Addition,53.0163190000,-1.3450150000
110000,2007-04-30 00:00:00Z,DE75 7AT,Semi-Detached,Established,Freehold,50,,MARSHALL STREET,HEANOR,HEANOR,AMBER VALLEY,DERBYSHIRE,Standard,Addition,53.0172950000,-1.3458350000
109000,2007-11-30 00:00:00Z,DE75 7BD,Terraced,Established,Freehold,25,,ELMSFIELD AVENUE,HEANOR,HEANOR,AMBER VALLEY,DERBYSHIRE,Standard,Addition,53.0161890000,-1.3409770000
145000,2007-03-02 00:00:00Z,DE75 7HS,Semi-Detached,Established,Freehold,58,,CLARAMOUNT ROAD,HEANOR,HEANOR,AMBER VALLEY,DERBYSHIRE,Standard,Addition,53.0105640000,-1.3414210000
93000,2007-04-16 00:00:00Z,DE75 7TH,Terraced,Established,Freehold,27,,ASTCOTE CLOSE,HEANOR,HEANOR,AMBER VALLEY,DERBYSHIRE,Standard,Addition,53.0112000000,-1.3409490000
96000,2007-04-06 00:00:00Z,DE75 7TH,Terraced,Established,Freehold,20,,ASTCOTE CLOSE,HEANOR,HEANOR,AMBER VALLEY,DERBYSHIRE,Standard,Addition,53.0112000000,-1.3409490000
90500,2007-03-23 00:00:00Z,DE75 7HB,Terraced,Established,Freehold,89,,HANDS ROAD,HEANOR,HEANOR,AMBER VALLEY,DERBYSHIRE,Standard,Addition,53.0125200000,-1.3439100000
97000,2007-05-29 00:00:00Z,DE75 7AY,Terraced,Established,Freehold,40,,HOLBROOK STREET,HEANOR,HEANOR,AMBER VALLEY,DERBYSHIRE,Standard,Addition,53.0154890000,-1.3425350000
100000,2007-01-19 00:00:00Z,DE75 7AS,Detached,Established,Freehold,3,,GARNETT AVENUE,HEANOR,HEANOR,AMBER VALLEY,DERBYSHIRE,Standard,Addition,53.0155300000,-1.3486340000
143950,2007-09-21 00:00:00Z,NG16 4BR,Terraced,Established,Freehold,4,,WILLIAMSON GARDENS,LANGLEY MILL,NOTTINGHAM,AMBER VALLEY,DERBYSHIRE,Standard,Addition,53.0182300000,-1.3410360000
94000,2007-09-28 00:00:00Z,DE75 7BB,Terraced,Established,Freehold,1,,OAKLANDS AVENUE,HEANOR,HEANOR,AMBER VALLEY,DERBYSHIRE,Standard,Addition,53.0155780000,-1.3409120000
198500,2007-12-12 00:00:00Z,DE75 7AQ,Detached,Established,Freehold,42,,MANSFIELD ROAD,HEANOR,HEANOR,AMBER VALLEY,DERBYSHIRE,Standard,Addition,53.0163190000,-1.3450150000
127000,2007-04-05 00:00:00Z,DE75 7HD,Semi-Detached,Established,Freehold,151,,HANDS ROAD,HEANOR,HEANOR,AMBER VALLEY,DERBYSHIRE,Standard,Addition,53.0129080000,-1.3409380000
305000,2007-01-05 00:00:00Z,DE75 7HB,Detached,Established,Freehold,52,,HANDS ROAD,HEANOR,HEANOR,AMBER VALLEY,DERBYSHIRE,Standard,Addition,53.0125200000,-1.3439100000
89500,2007-06-13 00:00:00Z,DE75 7AX,Terraced,Established,Freehold,27,,STARTHE BANK,HEANOR,HEANOR,AMBER VALLEY,DERBYSHIRE,Standard,Addition,53.0136560000,-1.3462620000
165000,2007-07-17 00:00:00Z,DE75 7YU,Semi-Detached,Established,Freehold,33,,DARFIELD DRIVE,HEANOR,HEANOR,AMBER VALLEY,DERBYSHIRE,Standard,Addition,53.0179790000,-1.3443790000
90000,2007-03-26 00:00:00Z,DE75 7HS,Semi-Detached,Established,Freehold,28,,CLARAMOUNT ROAD,HEANOR,HEANOR,AMBER VALLEY,DERBYSHIRE,Standard,Addition,53.0105640000,-1.3414210000
98500,2007-06-15 00:00:00Z,DE75 7SX,Terraced,Established,Freehold,12,,LOWLANDS LEA,HEANOR,HEANOR,AMBER VALLEY,DERBYSHIRE,Standard,Addition,53.0178710000,-1.3492400000
102000,2007-08-28 00:00:00Z,DE75 7AX,Terraced,Established,Freehold,39,,STARTHE BANK,HEANOR,HEANOR,AMBER VALLEY,DERBYSHIRE,Standard,Addition,53.0136560000,-1.3462620000
118950,2007-06-14 00:00:00Z,NG16 4BR,Terraced,New Build,Freehold,5,,WILLIAMSON GARDENS,LANGLEY MILL,NOTTINGHAM,AMBER VALLEY,DERBYSHIRE,Standard,Addition,53.0182300000,-1.3410360000
85000,2007-08-17 00:00:00Z,DE75 7AY,Semi-Detached,Established,Freehold,67,,HOLBROOK STREET,HEANOR,HEANOR,AMBER VALLEY,DERBYSHIRE,Standard,Addition,53.0154890000,-1.3425350000
124950,2007-08-10 00:00:00Z,DE75 7HA,Semi-Detached,Established,Freehold,35,,HANDS ROAD,HEANOR,HEANOR,AMBER VALLEY,DERBYSHIRE,Standard,Addition,53.0131870000,-1.3490870000
148950,2007-05-31 00:00:00Z,NG16 4BR,Semi-Detached,New Build,Freehold,12,,WILLIAMSON GARDENS,LANGLEY MILL,NOTTINGHAM,AMBER VALLEY,DERBYSHIRE,Standard,Addition,53.0182300000,-1.3410360000
107000,2007-06-14 00:00:00Z,DE75 7TH,Terraced,Established,Freehold,17,,ASTCOTE CLOSE,HEANOR,HEANOR,AMBER VALLEY,DERBYSHIRE,Standard,Addition,53.0112000000,-1.3409490000
147950,2007-12-19 00:00:00Z,NG16 4BR,Semi-Detached,Established,Freehold,2,,WILLIAMSON GARDENS,LANGLEY MILL,NOTTINGHAM,AMBER VALLEY,DERBYSHIRE,Standard,Addition,53.0182300000,-1.3410360000
149995,2008-05-30 00:00:00Z,DE75 7HS,Semi-Detached,Established,Freehold,22,,CLARAMOUNT ROAD,HEANOR,HEANOR,AMBER VALLEY,DERBYSHIRE,Standard,Addition,53.0105640000,-1.3414210000
105000,2008-03-20 00:00:00Z,DE75 7BB,Terraced,Established,Freehold,28,,OAKLANDS AVENUE,HEANOR,HEANOR,AMBER VALLEY,DERBYSHIRE,Standard,Addition,53.0155780000,-1.3409120000
175000,2008-06-27 00:00:00Z,DE75 7TS,Detached,Established,Freehold,4,,UPPER BARN CLOSE,HEANOR,HEANOR,AMBER VALLEY,DERBYSHIRE,Standard,Addition,53.0166770000,-1.3494960000
168000,2008-07-31 00:00:00Z,DE75 7TS,Detached,Established,Freehold,4,,UPPER BARN CLOSE,HEANOR,HEANOR,AMBER VALLEY,DERBYSHIRE,Standard,Addition,53.0166770000,-1.3494960000
89000,2008-04-11 00:00:00Z,DE75 7HS,Semi-Detached,Established,Freehold,2B,,CLARAMOUNT ROAD,HEANOR,HEANOR,AMBER VALLEY,DERBYSHIRE,Standard,Addition,53.0105640000,-1.3414210000
145000,2008-05-30 00:00:00Z,DE75 7AS,Detached,Established,Freehold,5,,GARNETT AVENUE,HEANOR,HEANOR,AMBER VALLEY,DERBYSHIRE,Standard,Addition,53.0155300000,-1.3486340000
150000,2008-11-03 00:00:00Z,DE75 7HF,Semi-Detached,Established,Freehold,64,,ELLABANK ROAD,HEANOR,HEANOR,AMBER VALLEY,DERBYSHIRE,Standard,Addition,53.0109620000,-1.3449770000
127500,2008-12-19 00:00:00Z,DE75 7AW,Detached,Established,Freehold,76,,HOWITT STREET,,HEANOR,AMBER VALLEY,DERBYSHIRE,Standard,Addition,53.0146480000,-1.3466650000
130000,2008-05-16 00:00:00Z,DE75 7AP,Terraced,Established,Freehold,10,,GRACE CRESCENT,HEANOR,HEANOR,AMBER VALLEY,DERBYSHIRE,Standard,Addition,53.0137780000,-1.3487650000
112000,2008-01-28 00:00:00Z,DE75 7AQ,Terraced,Established,Freehold,45,,MANSFIELD ROAD,HEANOR,HEANOR,AMBER VALLEY,DERBYSHIRE,Standard,Addition,53.0163190000,-1.3450150000
127200,2008-05-08 00:00:00Z,NG16 4BR,Semi-Detached,Established,Freehold,20,,WILLIAMSON GARDENS,LANGLEY MILL,NOTTINGHAM,AMBER VALLEY,DERBYSHIRE,Standard,Addition,53.0182300000,-1.3410360000
136000,2008-06-27 00:00:00Z,DE75 7US,Semi-Detached,Established,Freehold,3,,ORCHARD RISE,HEANOR,HEANOR,AMBER VALLEY,DERBYSHIRE,Standard,Addition,53.0171870000,-1.3474610000
115000,2008-08-29 00:00:00Z,NG16 4BR,Semi-Detached,Established,Freehold,18,,WILLIAMSON GARDENS,LANGLEY MILL,NOTTINGHAM,AMBER VALLEY,DERBYSHIRE,Standard,Addition,53.0182300000,-1.3410360000
145000,2008-04-11 00:00:00Z,NG16 4BG,Semi-Detached,Established,Freehold,5,,STATION ROAD,LANGLEY MILL,NOTTINGHAM,AMBER VALLEY,DERBYSHIRE,Standard,Addition,53.0182430000,-1.3400520000
130682,2008-03-25 00:00:00Z,DE75 7HS,Semi-Detached,Established,Freehold,8,,CLARAMOUNT ROAD,HEANOR,HEANOR,AMBER VALLEY,DERBYSHIRE,Standard,Addition,53.0105640000,-1.3414210000
105000,2008-12-01 00:00:00Z,NG16 4BR,Semi-Detached,Established,Freehold,22,,WILLIAMSON GARDENS,LANGLEY MILL,NOTTINGHAM,AMBER VALLEY,DERBYSHIRE,Standard,Addition,53.0182300000,-1.3410360000
129950,2008-03-14 00:00:00Z,NG16 4BR,Semi-Detached,Established,Freehold,16,,WILLIAMSON GARDENS,LANGLEY MILL,NOTTINGHAM,AMBER VALLEY,DERBYSHIRE,Standard,Addition,53.0182300000,-1.3410360000
110000,2008-07-25 00:00:00Z,DE75 7HF,Detached,Established,Freehold,16,,ELLABANK ROAD,HEANOR,HEANOR,AMBER VALLEY,DERBYSHIRE,Standard,Addition,53.0109620000,-1.3449770000
95000,2008-04-10 00:00:00Z,DE75 7TT,Terraced,Established,Freehold,16,,UPTON CLOSE,HEANOR,HEANOR,AMBER VALLEY,DERBYSHIRE,Standard,Addition,53.0119740000,-1.3411310000
219950,2008-09-26 00:00:00Z,DE75 7HU,Detached,Established,Freehold,4,,CASTLE COURT,HEANOR,HEANOR,AMBER VALLEY,DERBYSHIRE,Standard,Addition,53.0118730000,-1.3437230000
105000,2008-12-01 00:00:00Z,NG16 4BR,Semi-Detached,Established,Freehold,24,,WILLIAMSON GARDENS,LANGLEY MILL,NOTTINGHAM,AMBER VALLEY,DERBYSHIRE,Standard,Addition,53.0182300000,-1.3410360000
99000,2008-03-14 00:00:00Z,DE75 7TH,Semi-Detached,Established,Freehold,3,,ASTCOTE CLOSE,HEANOR,HEANOR,AMBER VALLEY,DERBYSHIRE,Standard,Addition,53.0112000000,-1.3409490000
138950,2008-01-31 00:00:00Z,NG16 4BR,Detached,Established,Freehold,3,,WILLIAMSON GARDENS,LANGLEY MILL,NOTTINGHAM,AMBER VALLEY,DERBYSHIRE,Standard,Addition,53.0182300000,-1.3410360000
90000,2008-04-10 00:00:00Z,DE75 7AY,Terraced,Established,Freehold,65,,HOLBROOK STREET,HEANOR,HEANOR,AMBER VALLEY,DERBYSHIRE,Standard,Addition,53.0154890000,-1.3425350000
108000,2008-04-14 00:00:00Z,DE75 7AY,Terraced,Established,Freehold,81,,HOLBROOK STREET,HEANOR,HEANOR,AMBER VALLEY,DERBYSHIRE,Standard,Addition,53.0154890000,-1.3425350000
125000,2008-05-02 00:00:00Z,DE75 7HF,Detached,Established,Freehold,72,,ELLABANK ROAD,HEANOR,HEANOR,AMBER VALLEY,DERBYSHIRE,Standard,Addition,53.0109620000,-1.3449770000
107000,2008-10-24 00:00:00Z,DE75 7AR,Semi-Detached,Established,Freehold,5,,WATSON AVENUE,HEANOR,HEANOR,AMBER VALLEY,DERBYSHIRE,Standard,Addition,53.0159090000,-1.3488670000
117500,2008-08-12 00:00:00Z,NG16 4BR,Terraced,Established,Freehold,10,,WILLIAMSON GARDENS,LANGLEY MILL,NOTTINGHAM,AMBER VALLEY,DERBYSHIRE,Standard,Addition,53.0182300000,-1.3410360000
119950,2008-06-13 00:00:00Z,NG16 4BR,Semi-Detached,Established,Freehold,23,,WILLIAMSON GARDENS,LANGLEY MILL,NOTTINGHAM,AMBER VALLEY,DERBYSHIRE,Standard,Addition,53.0182300000,-1.3410360000
136800,2008-04-18 00:00:00Z,NG16 4BR,Detached,Established,Freehold,1,,WILLIAMSON GARDENS,LANGLEY MILL,NOTTINGHAM,AMBER VALLEY,DERBYSHIRE,Standard,Addition,53.0182300000,-1.3410360000
250000,2009-11-27 00:00:00Z,DE75 7HU,Detached,Established,Freehold,1,,CASTLE COURT,,HEANOR,AMBER VALLEY,DERBYSHIRE,Standard,Addition,53.0118730000,-1.3437230000
101000,2009-11-02 00:00:00Z,DE75 7HS,Semi-Detached,Established,Freehold,2B,,CLARAMOUNT ROAD,,HEANOR,AMBER VALLEY,DERBYSHIRE,Standard,Addition,53.0105640000,-1.3414210000
77000,2009-07-31 00:00:00Z,DE75 7HF,Terraced,Established,Freehold,8,,ELLABANK ROAD,,HEANOR,AMBER VALLEY,DERBYSHIRE,Standard,Addition,53.0109620000,-1.3449770000
86000,2009-05-01 00:00:00Z,DE75 7AU,Terraced,Established,Freehold,37,,HOWITT STREET,,HEANOR,AMBER VALLEY,DERBYSHIRE,Standard,Addition,53.0157570000,-1.3441740000
65000,2009-01-29 00:00:00Z,DE75 7HA,Semi-Detached,Established,Freehold,39,,HANDS ROAD,HEANOR,HEANOR,AMBER VALLEY,DERBYSHIRE,Standard,Addition,53.0131870000,-1.3490870000
200000,2009-08-05 00:00:00Z,DE75 7AW,Detached,Established,Freehold,97,,HOWITT STREET,,HEANOR,AMBER VALLEY,DERBYSHIRE,Standard,Addition,53.0146480000,-1.3466650000
86000,2009-09-16 00:00:00Z,DE75 7TT,Semi-Detached,Established,Freehold,6,,UPTON CLOSE,,HEANOR,AMBER VALLEY,DERBYSHIRE,Standard,Addition,53.0119740000,-1.3411310000
68000,2009-12-16 00:00:00Z,DE75 7AT,Semi-Detached,Established,Freehold,14,,MARSHALL STREET,,HEANOR,AMBER VALLEY,DERBYSHIRE,Standard,Addition,53.0172950000,-1.3458350000
132000,2009-07-31 00:00:00Z,DE75 7HS,Semi-Detached,Established,Freehold,35,,CLARAMOUNT ROAD,,HEANOR,AMBER VALLEY,DERBYSHIRE,Standard,Addition,53.0105640000,-1.3414210000
126000,2009-08-07 00:00:00Z,DE75 7AR,Detached,Established,Freehold,3,,WATSON AVENUE,,HEANOR,AMBER VALLEY,DERBYSHIRE,Standard,Addition,53.0159090000,-1.3488670000
82500,2009-06-08 00:00:00Z,NG16 4FW,Semi-Detached,Established,Freehold,2,,TURTON CLOSE,LANGLEY MILL,NOTTINGHAM,AMBER VALLEY,DERBYSHIRE,Standard,Addition,53.0198260000,-1.3403110000
86000,2009-07-20 00:00:00Z,DE75 7BA,Semi-Detached,Established,Freehold,80,,HOLBROOK STREET,,HEANOR,AMBER VALLEY,DERBYSHIRE,Standard,Addition,53.0137850000,-1.3417890000
90000,2009-12-14 00:00:00Z,DE75 7AU,Terraced,Established,Freehold,19,,HOWITT STREET,,HEANOR,AMBER VALLEY,DERBYSHIRE,Standard,Addition,53.0157570000,-1.3441740000
95000,2009-08-07 00:00:00Z,DE75 7AW,Terraced,Established,Freehold,96,,HOWITT STREET,,HEANOR,AMBER VALLEY,DERBYSHIRE,Standard,Addition,53.0146480000,-1.3466650000
55000,2009-01-30 00:00:00Z,DE75 7AX,Terraced,Established,Freehold,24,,STARTHE BANK,HEANOR,HEANOR,AMBER VALLEY,DERBYSHIRE,Standard,Addition,53.0136560000,-1.3462620000
69000,2009-12-09 00:00:00Z,DE75 7HF,Terraced,Established,Freehold,32,,ELLABANK ROAD,,HEANOR,AMBER VALLEY,DERBYSHIRE,Standard,Addition,53.0109620000,-1.3449770000
60000,2009-03-27 00:00:00Z,DE75 7BD,Terraced,Established,Freehold,10,,ELMSFIELD AVENUE,,HEANOR,AMBER VALLEY,DERBYSHIRE,Standard,Addition,53.0161890000,-1.3409770000
210000,2009-06-05 00:00:00Z,DE75 7AQ,Detached,Established,Freehold,19,,MANSFIELD ROAD,,HEANOR,AMBER VALLEY,DERBYSHIRE,Standard,Addition,53.0163190000,-1.3450150000
104950,2009-07-03 00:00:00Z,NG16 4BR,Terraced,New Build,Freehold,14,,WILLIAMSON GARDENS,LANGLEY MILL,NOTTINGHAM,AMBER VALLEY,DERBYSHIRE,Standard,Addition,53.0182300000,-1.3410360000
82000,2009-09-22 00:00:00Z,DE75 7AU,Terraced,Established,Freehold,37,,HOWITT STREET,,HEANOR,AMBER VALLEY,DERBYSHIRE,Standard,Addition,53.0157570000,-1.3441740000
105000,2009-03-03 00:00:00Z,NG16 4BR,Detached,Established,Freehold,15,,WILLIAMSON GARDENS,LANGLEY MILL,NOTTINGHAM,AMBER VALLEY,DERBYSHIRE,Standard,Addition,53.0182300000,-1.3410360000
183000,2009-01-16 00:00:00Z,DE75 7AJ,Detached,Established,Freehold,4,,MANSFIELD ROAD,HEANOR,HEANOR,AMBER VALLEY,DERBYSHIRE,Standard,Addition,53.0148620000,-1.3478210000
235000,2009-03-13 00:00:00Z,DE75 7HU,Detached,Established,Freehold,2,,CASTLE COURT,HEANOR,HEANOR,AMBER VALLEY,DERBYSHIRE,Standard,Addition,53.0118730000,-1.3437230000
145000,2009-09-30 00:00:00Z,DE75 7AS,Detached,Established,Freehold,10,,GARNETT AVENUE,,HEANOR,AMBER VALLEY,DERBYSHIRE,Standard,Addition,53.0155300000,-1.3486340000
66000,2010-11-18 00:00:00Z,DE75 7AU,Semi-Detached,Established,Freehold,53,,HOWITT STREET,,HEANOR,AMBER VALLEY,DERBYSHIRE,Standard,Addition,53.0157570000,-1.3441740000
58500,2010-04-30 00:00:00Z,DE75 7HD,Detached,Established,Freehold,157,,HANDS ROAD,,HEANOR,AMBER VALLEY,DERBYSHIRE,Standard,Addition,53.0129080000,-1.3409380000
99500,2010-08-12 00:00:00Z,DE75 7AW,Terraced,Established,Freehold,79,,HOWITT STREET,,HEANOR,AMBER VALLEY,DERBYSHIRE,Standard,Addition,53.0146480000,-1.3466650000
75000,2010-01-21 00:00:00Z,DE75 7HS,Semi-Detached,Established,Freehold,16,,CLARAMOUNT ROAD,,HEANOR,AMBER VALLEY,DERBYSHIRE,Standard,Addition,53.0105640000,-1.3414210000
120000,2010-03-05 00:00:00Z,DE75 7AN,Semi-Detached,Established,Freehold,12,,ST LAWRENCE CLOSE,,HEANOR,AMBER VALLEY,DERBYSHIRE,Standard,Addition,53.0147370000,-1.3498240000
85000,2010-11-18 00:00:00Z,DE75 7HF,Semi-Detached,Established,Freehold,45,,ELLA BANK ROAD,,HEANOR,AMBER VALLEY,DERBYSHIRE,Standard,Addition,53.0109620000,-1.3449770000
70000,2010-09-24 00:00:00Z,DE75 7AU,Terraced,Established,Freehold,45,,HOWITT STREET,,HEANOR,AMBER VALLEY,DERBYSHIRE,Standard,Addition,53.0157570000,-1.3441740000
73500,2010-03-10 00:00:00Z,DE75 7HF,Terraced,Established,Freehold,44A,,ELLABANK ROAD,,HEANOR,AMBER VALLEY,DERBYSHIRE,Standard,Addition,53.0109620000,-1.3449770000
111000,2010-06-24 00:00:00Z,DE75 7HS,Semi-Detached,Established,Freehold,17,,CLARAMOUNT ROAD,,HEANOR,AMBER VALLEY,DERBYSHIRE,Standard,Addition,53.0105640000,-1.3414210000
99000,2010-03-19 00:00:00Z,DE75 7BA,Terraced,Established,Freehold,68,,HOLBROOK STREET,,HEANOR,AMBER VALLEY,DERBYSHIRE,Standard,Addition,53.0137850000,-1.3417890000
73000,2010-02-09 00:00:00Z,DE75 7AX,Terraced,Established,Freehold,1,,STARTHE BANK,,HEANOR,AMBER VALLEY,DERBYSHIRE,Standard,Addition,53.0136560000,-1.3462620000
87500,2010-05-21 00:00:00Z,DE75 7AP,Semi-Detached,Established,Freehold,1,,GRACE CRESCENT,,HEANOR,AMBER VALLEY,DERBYSHIRE,Standard,Addition,53.0137780000,-1.3487650000
85000,2010-09-03 00:00:00Z,DE75 7BA,Terraced,Established,Freehold,97,,HOLBROOK STREET,,HEANOR,AMBER VALLEY,DERBYSHIRE,Standard,Addition,53.0137850000,-1.3417890000
88000,2010-04-30 00:00:00Z,DE75 7TH,Terraced,Established,Freehold,22,,ASTCOTE CLOSE,,HEANOR,AMBER VALLEY,DERBYSHIRE,Standard,Addition,53.0112000000,-1.3409490000
93000,2010-08-02 00:00:00Z,DE75 7SU,Terraced,Established,Freehold,69,,JOHNSON DRIVE,,HEANOR,AMBER VALLEY,DERBYSHIRE,Standard,Addition,53.0178630000,-1.3478980000
105000,2010-10-15 00:00:00Z,DE75 7AY,Semi-Detached,Established,Freehold,12,,HOLBROOK STREET,,HEANOR,AMBER VALLEY,DERBYSHIRE,Standard,Addition,53.0154890000,-1.3425350000
130000,2010-08-06 00:00:00Z,DE75 7TS,Detached,Established,Freehold,19,,UPPER BARN CLOSE,,HEANOR,AMBER VALLEY,DERBYSHIRE,Standard,Addition,53.0166770000,-1.3494960000
165000,2010-04-01 00:00:00Z,DE75 7SU,Detached,Established,Freehold,44,,JOHNSON DRIVE,,HEANOR,AMBER VALLEY,DERBYSHIRE,Standard,Addition,53.0178630000,-1.3478980000
158000,2010-04-30 00:00:00Z,DE75 7AR,Detached,Established,Freehold,17,,WATSON AVENUE,,HEANOR,AMBER VALLEY,DERBYSHIRE,Standard,Addition,53.0159090000,-1.3488670000
270000,2010-08-26 00:00:00Z,DE75 7HU,Detached,Established,Freehold,1,,CASTLE COURT,,HEANOR,AMBER VALLEY,DERBYSHIRE,Standard,Addition,53.0118730000,-1.3437230000
150000,2010-11-22 00:00:00Z,DE75 7TR,Detached,Established,Freehold,27,,LAWN CLOSE,,HEANOR,AMBER VALLEY,DERBYSHIRE,Standard,Addition,53.0166870000,-1.3481550000
169000,2010-08-27 00:00:00Z,DE75 7TS,Detached,Established,Freehold,4,,UPPER BARN CLOSE,,HEANOR,AMBER VALLEY,DERBYSHIRE,Standard,Addition,53.0166770000,-1.3494960000
95000,2010-04-09 00:00:00Z,DE75 7TT,Terraced,Established,Freehold,14,,UPTON CLOSE,,HEANOR,AMBER VALLEY,DERBYSHIRE,Standard,Addition,53.0119740000,-1.3411310000
70000,2010-07-02 00:00:00Z,DE75 7AX,Terraced,Established,Freehold,13,,STARTHE BANK,,HEANOR,AMBER VALLEY,DERBYSHIRE,Standard,Addition,53.0136560000,-1.3462620000
104000,2011-08-05 00:00:00Z,DE75 7US,Semi-Detached,Established,Freehold,5,,ORCHARD RISE,,HEANOR,AMBER VALLEY,DERBYSHIRE,Standard,Addition,53.0171870000,-1.3474610000
69000,2011-10-27 00:00:00Z,DE75 7BA,Terraced,Established,Freehold,87,,HOLBROOK STREET,,HEANOR,AMBER VALLEY,DERBYSHIRE,Standard,Addition,53.0137850000,-1.3417890000
50000,2011-01-11 00:00:00Z,DE75 7AU,Terraced,Established,Freehold,10,,HOWITT STREET,,HEANOR,AMBER VALLEY,DERBYSHIRE,Standard,Addition,53.0157570000,-1.3441740000
82000,2011-06-10 00:00:00Z,DE75 7BB,Terraced,Established,Freehold,25,,OAKLANDS AVENUE,,HEANOR,AMBER VALLEY,DERBYSHIRE,Standard,Addition,53.0155780000,-1.3409120000
94000,2011-05-12 00:00:00Z,NG16 4FW,Terraced,Established,Freehold,12,,TURTON CLOSE,LANGLEY MILL,NOTTINGHAM,AMBER VALLEY,DERBYSHIRE,Standard,Addition,53.0198260000,-1.3403110000
139950,2011-04-21 00:00:00Z,DE75 7AQ,Semi-Detached,Established,Freehold,72,,MANSFIELD ROAD,,HEANOR,AMBER VALLEY,DERBYSHIRE,Standard,Addition,53.0163190000,-1.3450150000
89999,2011-03-31 00:00:00Z,DE75 7BD,Terraced,Established,Freehold,9,,ELMSFIELD AVENUE,,HEANOR,AMBER VALLEY,DERBYSHIRE,Standard,Addition,53.0161890000,-1.3409770000
90000,2011-03-18 00:00:00Z,NG16 4BR,Terraced,Established,Freehold,10,,WILLIAMSON GARDENS,LANGLEY MILL,NOTTINGHAM,AMBER VALLEY,DERBYSHIRE,Standard,Addition,53.0182300000,-1.3410360000
165000,2011-07-15 00:00:00Z,DE75 7AS,Detached,Established,Freehold,13,,GARNETT AVENUE,,HEANOR,AMBER VALLEY,DERBYSHIRE,Standard,Addition,53.0155300000,-1.3486340000
108500,2011-07-04 00:00:00Z,DE75 7HF,Semi-Detached,Established,Freehold,22,,ELLA BANK ROAD,,HEANOR,AMBER VALLEY,DERBYSHIRE,Standard,Addition,53.0109620000,-1.3449770000
90000,2011-03-18 00:00:00Z,DE75 7BB,Terraced,Established,Freehold,5,,OAKLANDS AVENUE,,HEANOR,AMBER VALLEY,DERBYSHIRE,Standard,Addition,53.0155780000,-1.3409120000
80000,2011-06-16 00:00:00Z,DE75 7HE,Semi-Detached,Established,Freehold,2,,LOWER CLARAMOUNT ROAD,,HEANOR,AMBER VALLEY,DERBYSHIRE,Standard,Addition,53.0120120000,-1.3430830000
95000,2011-03-17 00:00:00Z,NG16 4FW,Semi-Detached,Established,Freehold,7,,TURTON CLOSE,LANGLEY MILL,NOTTINGHAM,AMBER VALLEY,DERBYSHIRE,Standard,Addition,53.0198260000,-1.3403110000
145000,2011-02-28 00:00:00Z,DE75 7AS,Detached,Established,Freehold,3,,GARNETT AVENUE,,HEANOR,AMBER VALLEY,DERBYSHIRE,Standard,Addition,53.0155300000,-1.3486340000
140000,2011-09-09 00:00:00Z,DE75 7HS,Semi-Detached,Established,Freehold,54,,CLARAMOUNT ROAD,,HEANOR,AMBER VALLEY,DERBYSHIRE,Standard,Addition,53.0105640000,-1.3414210000
80000,2011-12-19 00:00:00Z,DE75 7AT,Terraced,Established,Freehold,12,,MARSHALL STREET,,HEANOR,AMBER VALLEY,DERBYSHIRE,Standard,Addition,53.0172950000,-1.3458350000
100000,2011-02-25 00:00:00Z,NG16 4BR,Terraced,Established,Freehold,10,,WILLIAMSON GARDENS,LANGLEY MILL,NOTTINGHAM,AMBER VALLEY,DERBYSHIRE,Standard,Addition,53.0182300000,-1.3410360000
78000,2011-05-11 00:00:00Z,DE75 7AP,Semi-Detached,Established,Freehold,17,,GRACE CRESCENT,,HEANOR,AMBER VALLEY,DERBYSHIRE,Standard,Addition,53.0137780000,-1.3487650000
83000,2011-10-28 00:00:00Z,DE75 7HS,Terraced,Established,Freehold,49,,CLARAMOUNT ROAD,,HEANOR,AMBER VALLEY,DERBYSHIRE,Standard,Addition,53.0105640000,-1.3414210000
59500,2011-08-04 00:00:00Z,DE75 7AU,Terraced,Established,Freehold,8,,HOWITT STREET,,HEANOR,AMBER VALLEY,DERBYSHIRE,Standard,Addition,53.0157570000,-1.3441740000
97250,2011-03-25 00:00:00Z,DE75 7AW,Semi-Detached,Established,Freehold,77,,HOWITT STREET,,HEANOR,AMBER VALLEY,DERBYSHIRE,Standard,Addition,53.0146480000,-1.3466650000
86500,2011-05-12 00:00:00Z,DE75 7AT,Semi-Detached,Established,Freehold,34,,MARSHALL STREET,,HEANOR,AMBER VALLEY,DERBYSHIRE,Standard,Addition,53.0172950000,-1.3458350000
115000,2011-06-10 00:00:00Z,DE75 7AN,Semi-Detached,Established,Freehold,16,,ST LAWRENCE CLOSE,,HEANOR,AMBER VALLEY,DERBYSHIRE,Standard,Addition,53.0147370000,-1.3498240000
90000,2011-09-16 00:00:00Z,DE75 7HS,Semi-Detached,Established,Freehold,12,,CLARAMOUNT ROAD,,HEANOR,AMBER VALLEY,DERBYSHIRE,Standard,Addition,53.0105640000,-1.3414210000
150000,2011-11-21 00:00:00Z,DE75 7AS,Semi-Detached,Established,Freehold,8,,GARNETT AVENUE,,HEANOR,AMBER VALLEY,DERBYSHIRE,Standard,Addition,53.0155300000,-1.3486340000
130000,2011-02-11 00:00:00Z,DE75 7AN,Semi-Detached,Established,Freehold,3,,ST LAWRENCE CLOSE,,HEANOR,AMBER VALLEY,DERBYSHIRE,Standard,Addition,53.0147370000,-1.3498240000
171000,2011-02-18 00:00:00Z,DE75 7YU,Detached,Established,Freehold,33,,DARFIELD DRIVE,,HEANOR,AMBER VALLEY,DERBYSHIRE,Standard,Addition,53.0179790000,-1.3443790000
77000,2011-06-16 00:00:00Z,DE75 7AY,Detached,Established,Freehold,57,,HOLBROOK STREET,,HEANOR,AMBER VALLEY,DERBYSHIRE,Standard,Addition,53.0154890000,-1.3425350000
125000,2011-05-27 00:00:00Z,DE75 7HS,Terraced,Established,Freehold,15,,CLARAMOUNT ROAD,,HEANOR,AMBER VALLEY,DERBYSHIRE,Standard,Addition,53.0105640000,-1.3414210000
80000,2011-07-22 00:00:00Z,DE75 7HF,Semi-Detached,Established,Freehold,7,,ELLA BANK ROAD,,HEANOR,AMBER VALLEY,DERBYSHIRE,Standard,Addition,53.0109620000,-1.3449770000
89000,2011-02-18 00:00:00Z,DE75 7AU,Terraced,Established,Freehold,16,,HOWITT STREET,,HEANOR,AMBER VALLEY,DERBYSHIRE,Standard,Addition,53.0157570000,-1.3441740000
133000,2011-07-29 00:00:00Z,DE75 7BA,Detached,Established,Freehold,86,,HOLBROOK STREET,,HEANOR,AMBER VALLEY,DERBYSHIRE,Standard,Addition,53.0137850000,-1.3417890000
182000,2011-08-24 00:00:00Z,DE75 7AW,Detached,Established,Freehold,101,,HOWITT STREET,,HEANOR,AMBER VALLEY,DERBYSHIRE,Standard,Addition,53.0146480000,-1.3466650000
65000,2011-07-08 00:00:00Z,DE75 7TH,Terraced,Established,Freehold,23,,ASTCOTE CLOSE,,HEANOR,AMBER VALLEY,DERBYSHIRE,Standard,Addition,53.0112000000,-1.3409490000
140000,2011-11-18 00:00:00Z,DE75 7HB,Detached,Established,Freehold,137,,HANDS ROAD,,HEANOR,AMBER VALLEY,DERBYSHIRE,Standard,Addition,53.0125200000,-1.3439100000
168500,2011-07-22 00:00:00Z,DE75 7YY,Detached,Established,Freehold,8,,CARLTON CLOSE,,HEANOR,AMBER VALLEY,DERBYSHIRE,Standard,Addition,53.0183890000,-1.3436870000
144000,2011-05-23 00:00:00Z,DE75 7SU,Detached,Established,Freehold,44,,JOHNSON DRIVE,,HEANOR,AMBER VALLEY,DERBYSHIRE,Standard,Addition,53.0178630000,-1.3478980000
105000,2012-11-15 00:00:00Z,DE75 7BA,Semi-Detached,Established,Freehold,101,,HOLBROOK STREET,,HEANOR,AMBER VALLEY,DERBYSHIRE,Standard,Addition,53.0137850000,-1.3417890000
125000,2012-11-09 00:00:00Z,DE75 7BA,Detached,Established,Freehold,110,,HOLBROOK STREET,,HEANOR,AMBER VALLEY,DERBYSHIRE,Standard,Addition,53.0137850000,-1.3417890000
93000,2012-01-27 00:00:00Z,DE75 7SU,Terraced,Established,Freehold,74,,JOHNSON DRIVE,,HEANOR,AMBER VALLEY,DERBYSHIRE,Standard,Addition,53.0178630000,-1.3478980000
140000,2012-02-03 00:00:00Z,DE75 7TR,Detached,Established,Freehold,5,,LAWN CLOSE,,HEANOR,AMBER VALLEY,DERBYSHIRE,Standard,Addition,53.0166870000,-1.3481550000
160000,2012-01-06 00:00:00Z,DE75 7BA,Detached,Established,Freehold,113,,HOLBROOK STREET,,HEANOR,AMBER VALLEY,DERBYSHIRE,Standard,Addition,53.0137850000,-1.3417890000
78000,2012-07-16 00:00:00Z,DE75 7AT,Semi-Detached,Established,Freehold,3,,MARSHALL STREET,,HEANOR,AMBER VALLEY,DERBYSHIRE,Standard,Addition,53.0172950000,-1.3458350000
117500,2012-09-24 00:00:00Z,DE75 7HE,Semi-Detached,Established,Freehold,2,,LOWER CLARAMOUNT ROAD,,HEANOR,AMBER VALLEY,DERBYSHIRE,Standard,Addition,53.0120120000,-1.3430830000
85000,2012-02-01 00:00:00Z,DE75 7AW,Semi-Detached,Established,Freehold,62,,HOWITT STREET,,HEANOR,AMBER VALLEY,DERBYSHIRE,Standard,Addition,53.0146480000,-1.3466650000
90000,2012-01-27 00:00:00Z,DE75 7AT,Terraced,Established,Freehold,22,,MARSHALL STREET,,HEANOR,AMBER VALLEY,DERBYSHIRE,Standard,Addition,53.0172950000,-1.3458350000
72000,2012-03-08 00:00:00Z,DE75 7HA,Semi-Detached,Established,Freehold,47,,HANDS ROAD,,HEANOR,AMBER VALLEY,DERBYSHIRE,Standard,Addition,53.0131870000,-1.3490870000
154000,2012-02-08 00:00:00Z,DE75 7YR,Detached,Established,Freehold,38,,GREENACRE AVENUE,,HEANOR,AMBER VALLEY,DERBYSHIRE,Standard,Addition,53.0184030000,-1.3429410000
93250,2012-11-09 00:00:00Z,DE75 7AU,Terraced,Established,Freehold,17,,HOWITT STREET,,HEANOR,AMBER VALLEY,DERBYSHIRE,Standard,Addition,53.0157570000,-1.3441740000
78000,2012-07-09 00:00:00Z,DE75 7HS,Semi-Detached,Established,Freehold,11,,CLARAMOUNT ROAD,,HEANOR,AMBER VALLEY,DERBYSHIRE,Standard,Addition,53.0105640000,-1.3414210000
90000,2012-05-04 00:00:00Z,DE75 7TH,Semi-Detached,Established,Freehold,8,,ASTCOTE CLOSE,,HEANOR,AMBER VALLEY,DERBYSHIRE,Standard,Addition,53.0112000000,-1.3409490000
80000,2012-03-02 00:00:00Z,DE75 7BA,Semi-Detached,Established,Freehold,99,,HOLBROOK STREET,,HEANOR,AMBER VALLEY,DERBYSHIRE,Standard,Addition,53.0137850000,-1.3417890000
97500,2012-04-13 00:00:00Z,DE75 7AP,Semi-Detached,Established,Freehold,9,,GRACE CRESCENT,,HEANOR,AMBER VALLEY,DERBYSHIRE,Standard,Addition,53.0137780000,-1.3487650000
86250,2012-01-13 00:00:00Z,DE75 7BA,Semi-Detached,Established,Freehold,115,,HOLBROOK STREET,,HEANOR,AMBER VALLEY,DERBYSHIRE,Standard,Addition,53.0137850000,-1.3417890000
169950,2012-07-20 00:00:00Z,DE75 7YX,Detached,Established,Freehold,16,,WENTWORTH CROFT,,HEANOR,AMBER VALLEY,DERBYSHIRE,Standard,Addition,53.0186920000,-1.3449640000
172000,2012-11-30 00:00:00Z,DE75 7AT,Terraced,Established,Freehold,31,,MARSHALL STREET,,HEANOR,AMBER VALLEY,DERBYSHIRE,Standard,Addition,53.0172950000,-1.3458350000
150000,2012-10-12 00:00:00Z,DE75 7AU,Semi-Detached,Established,Freehold,71,,HOWITT STREET,,HEANOR,AMBER VALLEY,DERBYSHIRE,Standard,Addition,53.0157570000,-1.3441740000
80000,2012-12-07 00:00:00Z,DE75 7TT,Terraced,Established,Freehold,6,,UPTON CLOSE,,HEANOR,AMBER VALLEY,DERBYSHIRE,Standard,Addition,53.0119740000,-1.3411310000
123500,2012-02-24 00:00:00Z,DE75 7AJ,Semi-Detached,Established,Freehold,18,,MANSFIELD ROAD,,HEANOR,AMBER VALLEY,DERBYSHIRE,Standard,Addition,53.0148620000,-1.3478210000
139950,2012-08-10 00:00:00Z,DE75 7BB,Detached,Established,Freehold,59,,OAKLANDS AVENUE,,HEANOR,AMBER VALLEY,DERBYSHIRE,Standard,Addition,53.0155780000,-1.3409120000
85000,2012-01-31 00:00:00Z,DE75 7AW,Semi-Detached,New Build,Freehold,62A,,HOWITT STREET,,HEANOR,AMBER VALLEY,DERBYSHIRE,Standard,Addition,53.0146480000,-1.3466650000
82000,2012-02-17 00:00:00Z,DE75 7BD,Terraced,Established,Freehold,20,,ELMSFIELD AVENUE,,HEANOR,AMBER VALLEY,DERBYSHIRE,Standard,Addition,53.0161890000,-1.3409770000
74000,2013-08-05 00:00:00Z,DE75 7HF,Terraced,Established,Freehold,44A,,ELLA BANK ROAD,,HEANOR,AMBER VALLEY,DERBYSHIRE,Standard,Addition,53.0109620000,-1.3449770000
114000,2013-10-04 00:00:00Z,DE75 7AQ,Terraced,Established,Freehold,54,,MANSFIELD ROAD,,HEANOR,AMBER VALLEY,DERBYSHIRE,Standard,Addition,53.0163190000,-1.3450150000
188000,2013-07-09 00:00:00Z,DE75 7AR,Detached,Established,Freehold,3,,WATSON AVENUE,,HEANOR,AMBER VALLEY,DERBYSHIRE,Standard,Addition,53.0159090000,-1.3488670000
123950,2013-09-27 00:00:00Z,DE75 7WF,Semi-Detached,New Build,Freehold,4,,POTTERS HILL VIEW,,HEANOR,AMBER VALLEY,DERBYSHIRE,Standard,Addition,53.0117620000,-1.3418200000
245000,2013-10-30 00:00:00Z,DE75 7AW,Detached,Established,Freehold,133,,HOWITT STREET,,HEANOR,AMBER VALLEY,DERBYSHIRE,Standard,Addition,53.0146480000,-1.3466650000
66000,2013-07-17 00:00:00Z,DE75 7AU,Terraced,Established,Freehold,43,,HOWITT STREET,,HEANOR,AMBER VALLEY,DERBYSHIRE,Standard,Addition,53.0157570000,-1.3441740000
77500,2013-12-13 00:00:00Z,DE75 7TT,Terraced,Established,Freehold,18,,UPTON CLOSE,,HEANOR,AMBER VALLEY,DERBYSHIRE,Standard,Addition,53.0119740000,-1.3411310000
110000,2013-02-22 00:00:00Z,DE75 7AW,Detached,Established,Freehold,137,,HOWITT STREET,,HEANOR,AMBER VALLEY,DERBYSHIRE,Standard,Addition,53.0146480000,-1.3466650000
90000,2013-06-24 00:00:00Z,DE75 7AT,Terraced,Established,Freehold,14,,MARSHALL STREET,,HEANOR,AMBER VALLEY,DERBYSHIRE,Standard,Addition,53.0172950000,-1.3458350000
183000,2013-12-05 00:00:00Z,DE75 7AQ,Detached,Established,Freehold,42,,MANSFIELD ROAD,,HEANOR,AMBER VALLEY,DERBYSHIRE,Standard,Addition,53.0163190000,-1.3450150000
155000,2013-09-20 00:00:00Z,DE75 7AR,Detached,Established,Freehold,14,,WATSON AVENUE,,HEANOR,AMBER VALLEY,DERBYSHIRE,Standard,Addition,53.0159090000,-1.3488670000
75000,2013-08-09 00:00:00Z,DE75 7BA,Terraced,Established,Freehold,82,,HOLBROOK STREET,,HEANOR,AMBER VALLEY,DERBYSHIRE,Standard,Addition,53.0137850000,-1.3417890000
165000,2013-12-13 00:00:00Z,DE75 7AQ,Detached,Established,Freehold,40,,MANSFIELD ROAD,,HEANOR,AMBER VALLEY,DERBYSHIRE,Standard,Addition,53.0163190000,-1.3450150000
230000,2013-10-25 00:00:00Z,DE75 7DT,Detached,Established,Freehold,23,,ILKESTON ROAD,,HEANOR,AMBER VALLEY,DERBYSHIRE,Standard,Addition,53.0103040000,-1.3497260000
104950,2013-09-13 00:00:00Z,DE75 7WF,Semi-Detached,New Build,Freehold,7,,POTTERS HILL VIEW,,HEANOR,AMBER VALLEY,DERBYSHIRE,Standard,Addition,53.0117620000,-1.3418200000
195000,2013-06-21 00:00:00Z,DE75 7WF,Detached,New Build,Freehold,2,,OAKHANGER ROAD,,HEANOR,AMBER VALLEY,DERBYSHIRE,Standard,Addition,53.0117620000,-1.3418200000
138000,2013-10-04 00:00:00Z,DE75 7BA,Detached,Established,Freehold,86,,HOLBROOK STREET,,HEANOR,AMBER VALLEY,DERBYSHIRE,Standard,Addition,53.0137850000,-1.3417890000
86000,2013-10-07 00:00:00Z,DE75 7BA,Terraced,Established,Freehold,64,,HOLBROOK STREET,,HEANOR,AMBER VALLEY,DERBYSHIRE,Standard,Addition,53.0137850000,-1.3417890000
65000,2013-12-20 00:00:00Z,DE75 7BA,Terraced,Established,Freehold,80,,HOLBROOK STREET,,HEANOR,AMBER VALLEY,DERBYSHIRE,Standard,Addition,53.0137850000,-1.3417890000
84000,2013-04-22 00:00:00Z,DE75 7BB,Terraced,Established,Freehold,1,,OAKLANDS AVENUE,,HEANOR,AMBER VALLEY,DERBYSHIRE,Standard,Addition,53.0155780000,-1.3409120000
85000,2013-07-12 00:00:00Z,DE75 7AU,Terraced,Established,Freehold,41,,HOWITT STREET,,HEANOR,AMBER VALLEY,DERBYSHIRE,Standard,Addition,53.0157570000,-1.3441740000
88000,2013-10-10 00:00:00Z,DE75 7AT,Semi-Detached,Established,Freehold,34,,MARSHALL STREET,,HEANOR,AMBER VALLEY,DERBYSHIRE,Standard,Addition,53.0172950000,-1.3458350000
159950,2013-11-29 00:00:00Z,DE75 7WF,Detached,New Build,Freehold,3,,POTTERS HILL VIEW,,HEANOR,AMBER VALLEY,DERBYSHIRE,Standard,Addition,53.0117620000,-1.3418200000
130000,2013-07-12 00:00:00Z,DE75 7BB,Detached,Established,Freehold,39,,OAKLANDS AVENUE,,HEANOR,AMBER VALLEY,DERBYSHIRE,Standard,Addition,53.0155780000,-1.3409120000
75000,2013-06-25 00:00:00Z,DE75 7AT,Terraced,Established,Freehold,35A,FLAT,MARSHALL STREET,,HEANOR,AMBER VALLEY,DERBYSHIRE,Standard,Addition,53.0172950000,-1.3458350000
162500,2013-07-19 00:00:00Z,DE75 7AS,Detached,Established,Freehold,16,,GARNETT AVENUE,,HEANOR,AMBER VALLEY,DERBYSHIRE,Standard,Addition,53.0155300000,-1.3486340000
92000,2013-10-18 00:00:00Z,DE75 7AY,Terraced,Established,Freehold,42,,HOLBROOK STREET,,HEANOR,AMBER VALLEY,DERBYSHIRE,Standard,Addition,53.0154890000,-1.3425350000
113500,2013-12-20 00:00:00Z,DE75 7AY,Detached,Established,Freehold,49,,HOLBROOK STREET,,HEANOR,AMBER VALLEY,DERBYSHIRE,Standard,Addition,53.0154890000,-1.3425350000
109000,2013-03-18 00:00:00Z,DE75 7HB,Detached,Established,Freehold,135,,HANDS ROAD,,HEANOR,AMBER VALLEY,DERBYSHIRE,Standard,Addition,53.0125200000,-1.3439100000
119950,2013-07-18 00:00:00Z,DE75 7AY,Detached,Established,Freehold,47,,HOLBROOK STREET,,HEANOR,AMBER VALLEY,DERBYSHIRE,Standard,Addition,53.0154890000,-1.3425350000
135000,2013-01-25 00:00:00Z,DE75 7AN,Semi-Detached,Established,Freehold,7,,ST LAWRENCE CLOSE,,HEANOR,AMBER VALLEY,DERBYSHIRE,Standard,Addition,53.0147370000,-1.3498240000
87500,2013-01-25 00:00:00Z,DE75 7AX,Terraced,Established,Freehold,15,,STARTHE BANK,,HEANOR,AMBER VALLEY,DERBYSHIRE,Standard,Addition,53.0136560000,-1.3462620000
82000,2013-11-29 00:00:00Z,DE75 7BB,Terraced,Established,Freehold,34,,OAKLANDS AVENUE,,HEANOR,AMBER VALLEY,DERBYSHIRE,Standard,Addition,53.0155780000,-1.3409120000
119000,2013-01-11 00:00:00Z,DE75 7HF,Semi-Detached,Established,Freehold,28,,ELLA BANK ROAD,,HEANOR,AMBER VALLEY,DERBYSHIRE,Standard,Addition,53.0109620000,-1.3449770000
80500,2013-07-26 00:00:00Z,DE75 7TT,Terraced,Established,Freehold,12,,UPTON CLOSE,,HEANOR,AMBER VALLEY,DERBYSHIRE,Standard,Addition,53.0119740000,-1.3411310000
152500,2013-01-04 00:00:00Z,DE75 7TS,Detached,Established,Freehold,6,,UPPER BARN CLOSE,,HEANOR,AMBER VALLEY,DERBYSHIRE,Standard,Addition,53.0166770000,-1.3494960000
158000,2013-09-20 00:00:00Z,DE75 7AQ,Semi-Detached,Established,Freehold,15,,MANSFIELD ROAD,,HEANOR,AMBER VALLEY,DERBYSHIRE,Standard,Addition,53.0163190000,-1.3450150000
99000,2013-08-30 00:00:00Z,DE75 7WF,Semi-Detached,New Build,Freehold,8,,POTTERS HILL VIEW,,HEANOR,AMBER VALLEY,DERBYSHIRE,Standard,Addition,53.0117620000,-1.3418200000
90000,2013-10-25 00:00:00Z,DE75 7TH,Terraced,Established,Freehold,14,,ASTCOTE CLOSE,,HEANOR,AMBER VALLEY,DERBYSHIRE,Standard,Addition,53.0112000000,-1.3409490000
156000,2013-02-01 00:00:00Z,DE75 7YT,Detached,Established,Freehold,6,,BRAMPTON AVENUE,,HEANOR,AMBER VALLEY,DERBYSHIRE,Standard,Addition,53.0178170000,-1.3428010000
248000,2013-10-04 00:00:00Z,DE75 7AJ,Detached,Established,Freehold,28,,MANSFIELD ROAD,,HEANOR,AMBER VALLEY,DERBYSHIRE,Standard,Addition,53.0148620000,-1.3478210000
127000,2013-04-19 00:00:00Z,DE75 7AN,Semi-Detached,Established,Freehold,6,,ST LAWRENCE CLOSE,,HEANOR,AMBER VALLEY,DERBYSHIRE,Standard,Addition,53.0147370000,-1.3498240000
97000,2013-03-28 00:00:00Z,DE75 7SU,Semi-Detached,Established,Freehold,76,,JOHNSON DRIVE,,HEANOR,AMBER VALLEY,DERBYSHIRE,Standard,Addition,53.0178630000,-1.3478980000
115000,2013-09-27 00:00:00Z,DE75 7WF,Semi-Detached,New Build,Freehold,5,,POTTERS HILL VIEW,,HEANOR,AMBER VALLEY,DERBYSHIRE,Standard,Addition,53.0117620000,-1.3418200000
148000,2013-04-18 00:00:00Z,DE75 7HS,Semi-Detached,Established,Freehold,62,,CLARAMOUNT ROAD,,HEANOR,AMBER VALLEY,DERBYSHIRE,Standard,Addition,53.0105640000,-1.3414210000
80000,2013-05-31 00:00:00Z,DE75 7TT,Terraced,Established,Freehold,8,,UPTON CLOSE,,HEANOR,AMBER VALLEY,DERBYSHIRE,Standard,Addition,53.0119740000,-1.3411310000
143000,2013-12-20 00:00:00Z,DE75 7WF,Detached,New Build,Freehold,9,,POTTERS HILL VIEW,,HEANOR,AMBER VALLEY,DERBYSHIRE,Standard,Addition,53.0117620000,-1.3418200000
115000,2013-09-27 00:00:00Z,DE75 7US,Semi-Detached,Established,Freehold,3,,ORCHARD RISE,,HEANOR,AMBER VALLEY,DERBYSHIRE,Standard,Addition,53.0171870000,-1.3474610000
143500,2013-06-21 00:00:00Z,DE75 7HS,Terraced,Established,Freehold,34,,CLARAMOUNT ROAD,,HEANOR,AMBER VALLEY,DERBYSHIRE,Standard,Addition,53.0105640000,-1.3414210000
115000,2013-01-25 00:00:00Z,DE75 7HS,Terraced,Established,Freehold,17A,,CLARAMOUNT ROAD,,HEANOR,AMBER VALLEY,DERBYSHIRE,Standard,Addition,53.0105640000,-1.3414210000
154000,2013-10-31 00:00:00Z,DE75 7YT,Detached,Established,Freehold,8,,BRAMPTON AVENUE,,HEANOR,AMBER VALLEY,DERBYSHIRE,Standard,Addition,53.0178170000,-1.3428010000
158000,2014-08-29 00:00:00Z,DE75 7AQ,Detached,Established,Freehold,38,,MANSFIELD ROAD,,HEANOR,AMBER VALLEY,DERBYSHIRE,Standard,Addition,53.0163190000,-1.3450150000
161500,2014-06-13 00:00:00Z,DE75 7TS,Detached,Established,Freehold,8,,UPPER BARN CLOSE,,HEANOR,AMBER VALLEY,DERBYSHIRE,Standard,Addition,53.0166770000,-1.3494960000
124950,2014-05-14 00:00:00Z,DE75 7AP,Semi-Detached,Established,Freehold,6,,GRACE CRESCENT,,HEANOR,AMBER VALLEY,DERBYSHIRE,Standard,Addition,53.0137780000,-1.3487650000
124995,2014-04-04 00:00:00Z,DE75 7AQ,Terraced,Established,Freehold,68,,MANSFIELD ROAD,,HEANOR,AMBER VALLEY,DERBYSHIRE,Standard,Addition,53.0163190000,-1.3450150000
85000,2014-01-24 00:00:00Z,DE75 7AU,Terraced,Established,Freehold,16,,HOWITT STREET,,HEANOR,AMBER VALLEY,DERBYSHIRE,Standard,Addition,53.0157570000,-1.3441740000
150000,2014-03-31 00:00:00Z,DE75 7YU,Detached,Established,Freehold,22,,DARFIELD DRIVE,,HEANOR,AMBER VALLEY,DERBYSHIRE,Standard,Addition,53.0179790000,-1.3443790000
145000,2014-09-19 00:00:00Z,DE75 7BD,Detached,Established,Freehold,43,,ELMSFIELD AVENUE,,HEANOR,AMBER VALLEY,DERBYSHIRE,Standard,Addition,53.0161890000,-1.3409770000
95000,2014-08-15 00:00:00Z,DE75 7AW,Terraced,Established,Freehold,96,,HOWITT STREET,,HEANOR,AMBER VALLEY,DERBYSHIRE,Standard,Addition,53.0146480000,-1.3466650000
425000,2014-12-19 00:00:00Z,DE75 7HB,Detached,New Build,Freehold,STARTHE VIEW,2,HANDS ROAD,,HEANOR,AMBER VALLEY,DERBYSHIRE,Standard,Addition,53.0125200000,-1.3439100000
87000,2014-04-24 00:00:00Z,DE75 7HS,Terraced,Established,Freehold,77,,CLARAMOUNT ROAD,,HEANOR,AMBER VALLEY,DERBYSHIRE,Standard,Addition,53.0105640000,-1.3414210000
88000,2014-02-14 00:00:00Z,DE75 7BB,Terraced,Established,Freehold,24,,OAKLANDS AVENUE,,HEANOR,AMBER VALLEY,DERBYSHIRE,Standard,Addition,53.0155780000,-1.3409120000
115000,2014-11-14 00:00:00Z,DE75 7HA,Semi-Detached,Established,Freehold,6,,HANDS ROAD,,HEANOR,AMBER VALLEY,DERBYSHIRE,Standard,Addition,53.0131870000,-1.3490870000
85000,2014-12-08 00:00:00Z,DE75 7BB,Terraced,Established,Freehold,8,,OAKLANDS AVENUE,,HEANOR,AMBER VALLEY,DERBYSHIRE,Standard,Addition,53.0155780000,-1.3409120000
184000,2014-11-21 00:00:00Z,DE75 7YR,Detached,Established,Freehold,40,,GREENACRE AVENUE,,HEANOR,AMBER VALLEY,DERBYSHIRE,Standard,Addition,53.0184030000,-1.3429410000
91000,2014-05-23 00:00:00Z,DE75 7BD,Terraced,Established,Freehold,9,,ELMSFIELD AVENUE,,HEANOR,AMBER VALLEY,DERBYSHIRE,Standard,Addition,53.0161890000,-1.3409770000
125000,2014-01-06 00:00:00Z,DE75 7AU,Detached,Established,Freehold,57,,HOWITT STREET,,HEANOR,AMBER VALLEY,DERBYSHIRE,Standard,Addition,53.0157570000,-1.3441740000
105000,2014-06-06 00:00:00Z,DE75 7AU,Semi-Detached,Established,Freehold,69,,HOWITT STREET,,HEANOR,AMBER VALLEY,DERBYSHIRE,Additional,Addition,53.0157570000,-1.3441740000
101200,2014-06-30 00:00:00Z,DE75 7US,Semi-Detached,Established,Freehold,4,,ORCHARD RISE,,HEANOR,AMBER VALLEY,DERBYSHIRE,Additional,Addition,53.0171870000,-1.3474610000
69500,2014-12-05 00:00:00Z,DE75 7AT,Terraced,Established,Freehold,20,,MARSHALL STREET,,HEANOR,AMBER VALLEY,DERBYSHIRE,Standard,Addition,53.0172950000,-1.3458350000
118000,2014-12-12 00:00:00Z,DE75 7US,Semi-Detached,Established,Freehold,5,,ORCHARD RISE,,HEANOR,AMBER VALLEY,DERBYSHIRE,Standard,Addition,53.0171870000,-1.3474610000
94000,2014-07-18 00:00:00Z,DE75 7AT,Terraced,Established,Freehold,22,,MARSHALL STREET,,HEANOR,AMBER VALLEY,DERBYSHIRE,Standard,Addition,53.0172950000,-1.3458350000
88000,2014-10-15 00:00:00Z,DE75 7AY,Terraced,Established,Freehold,18,,HOLBROOK STREET,,HEANOR,AMBER VALLEY,DERBYSHIRE,Standard,Addition,53.0154890000,-1.3425350000
125000,2014-03-24 00:00:00Z,DE75 7YR,Detached,Established,Freehold,34,,GREENACRE AVENUE,,HEANOR,AMBER VALLEY,DERBYSHIRE,Standard,Addition,53.0184030000,-1.3429410000
66000,2014-01-03 00:00:00Z,DE75 7AU,Terraced,Established,Freehold,31,,HOWITT STREET,,HEANOR,AMBER VALLEY,DERBYSHIRE,Standard,Addition,53.0157570000,-1.3441740000
130000,2014-03-07 00:00:00Z,DE75 7AS,Detached,Established,Freehold,1,,GARNETT AVENUE,,HEANOR,AMBER VALLEY,DERBYSHIRE,Standard,Addition,53.0155300000,-1.3486340000
167950,2014-12-12 00:00:00Z,DE75 7BD,Detached,Established,Freehold,42,,ELMSFIELD AVENUE,,HEANOR,AMBER VALLEY,DERBYSHIRE,Standard,Addition,53.0161890000,-1.3409770000
75000,2014-03-07 00:00:00Z,DE75 7AX,Terraced,Established,Freehold,39,,STARTHE BANK,,HEANOR,AMBER VALLEY,DERBYSHIRE,Additional,Addition,53.0136560000,-1.3462620000
149950,2014-03-14 00:00:00Z,DE75 7AY,Detached,Established,Freehold,57,,HOLBROOK STREET,,HEANOR,AMBER VALLEY,DERBYSHIRE,Standard,Addition,53.0154890000,-1.3425350000
250000,2014-08-29 00:00:00Z,DE75 7HB,Detached,New Build,Freehold,STARTHE VIEW,5,HANDS ROAD,,HEANOR,AMBER VALLEY,DERBYSHIRE,Standard,Addition,53.0125200000,-1.3439100000
120000,2014-08-22 00:00:00Z,DE75 7AT,Semi-Detached,Established,Freehold,48,,MARSHALL STREET,,HEANOR,AMBER VALLEY,DERBYSHIRE,Standard,Addition,53.0172950000,-1.3458350000
102000,2014-07-18 00:00:00Z,DE75 7TH,Terraced,Established,Freehold,32,,ASTCOTE CLOSE,,HEANOR,AMBER VALLEY,DERBYSHIRE,Standard,Addition,53.0112000000,-1.3409490000
144000,2014-01-14 00:00:00Z,DE75 7WF,Detached,New Build,Freehold,6,,POTTERS HILL VIEW,,HEANOR,AMBER VALLEY,DERBYSHIRE,Standard,Addition,53.0117620000,-1.3418200000
149950,2014-08-08 00:00:00Z,DE75 7AQ,Semi-Detached,Established,Freehold,72,,MANSFIELD ROAD,,HEANOR,AMBER VALLEY,DERBYSHIRE,Standard,Addition,53.0163190000,-1.3450150000
124995,2014-07-04 00:00:00Z,NG16 4BR,Semi-Detached,Established,Freehold,16,,WILLIAMSON GARDENS,LANGLEY MILL,NOTTINGHAM,AMBER VALLEY,DERBYSHIRE,Standard,Addition,53.0182300000,-1.3410360000
105000,2014-11-21 00:00:00Z,DE75 7HB,Detached,Established,Freehold,133,,HANDS ROAD,,HEANOR,AMBER VALLEY,DERBYSHIRE,Standard,Addition,53.0125200000,-1.3439100000
375000,2014-11-14 00:00:00Z,DE75 7HB,Detached,New Build,Freehold,STARTHE VIEW,3,HANDS ROAD,,HEANOR,AMBER VALLEY,DERBYSHIRE,Standard,Addition,53.0125200000,-1.3439100000
108000,2014-07-31 00:00:00Z,DE75 7AU,Semi-Detached,Established,Freehold,69,,HOWITT STREET,,HEANOR,AMBER VALLEY,DERBYSHIRE,Standard,Addition,53.0157570000,-1.3441740000
120000,2014-07-31 00:00:00Z,DE75 7AR,Detached,Established,Freehold,21,,WATSON AVENUE,,HEANOR,AMBER VALLEY,DERBYSHIRE,Standard,Addition,53.0159090000,-1.3488670000
62000,2014-05-23 00:00:00Z,DE75 7BB,Terraced,Established,Freehold,19,,OAKLANDS AVENUE,,HEANOR,AMBER VALLEY,DERBYSHIRE,Standard,Addition,53.0155780000,-1.3409120000
136000,2014-06-02 00:00:00Z,DE75 7AW,Detached,Established,Freehold,93,,HOWITT STREET,,HEANOR,AMBER VALLEY,DERBYSHIRE,Standard,Addition,53.0146480000,-1.3466650000
82000,2014-08-22 00:00:00Z,DE75 7BA,Terraced,Established,Freehold,80,,HOLBROOK STREET,,HEANOR,AMBER VALLEY,DERBYSHIRE,Standard,Addition,53.0137850000,-1.3417890000
167000,2014-01-10 00:00:00Z,DE75 7YY,Detached,Established,Freehold,2,,CARLTON CLOSE,,HEANOR,AMBER VALLEY,DERBYSHIRE,Standard,Addition,53.0183890000,-1.3436870000
375000,2014-08-28 00:00:00Z,DE75 7HB,Detached,New Build,Freehold,STARTHE VIEW,1,HANDS ROAD,,HEANOR,AMBER VALLEY,DERBYSHIRE,Standard,Addition,53.0125200000,-1.3439100000
97500,2014-06-06 00:00:00Z,NG16 4FW,Semi-Detached,Established,Freehold,2,,TURTON CLOSE,LANGLEY MILL,NOTTINGHAM,AMBER VALLEY,DERBYSHIRE,Standard,Addition,53.0198260000,-1.3403110000
155500,2014-02-12 00:00:00Z,DE75 7YX,Detached,Established,Freehold,10,,WENTWORTH CROFT,,HEANOR,AMBER VALLEY,DERBYSHIRE,Standard,Addition,53.0186920000,-1.3449640000
85000,2014-08-08 00:00:00Z,DE75 7BB,Terraced,Established,Freehold,36,,OAKLANDS AVENUE,,HEANOR,AMBER VALLEY,DERBYSHIRE,Standard,Addition,53.0155780000,-1.3409120000
187000,2014-05-23 00:00:00Z,DE75 7YR,Detached,Established,Freehold,10,,GREENACRE AVENUE,,HEANOR,AMBER VALLEY,DERBYSHIRE,Standard,Addition,53.0184030000,-1.3429410000
115000,2014-08-29 00:00:00Z,DE75 7US,Semi-Detached,Established,Freehold,4,,ORCHARD RISE,,HEANOR,AMBER VALLEY,DERBYSHIRE,Standard,Addition,53.0171870000,-1.3474610000
105000,2014-04-25 00:00:00Z,DE75 7AW,Detached,Established,Freehold,139,,HOWITT STREET,,HEANOR,AMBER VALLEY,DERBYSHIRE,Standard,Addition,53.0146480000,-1.3466650000
176000,2014-07-04 00:00:00Z,DE75 7YU,Detached,Established,Freehold,33,,DARFIELD DRIVE,,HEANOR,AMBER VALLEY,DERBYSHIRE,Standard,Addition,53.0179790000,-1.3443790000
71860,2014-01-21 00:00:00Z,DE75 7AU,Semi-Detached,Established,Freehold,3,,HOWITT STREET,,HEANOR,AMBER VALLEY,DERBYSHIRE,Additional,Addition,53.0157570000,-1.3441740000
89000,2014-04-24 00:00:00Z,DE75 7BB,Terraced,Established,Freehold,18,,OAKLANDS AVENUE,,HEANOR,AMBER VALLEY,DERBYSHIRE,Standard,Addition,53.0155780000,-1.3409120000
105000,2014-09-08 00:00:00Z,DE75 7SU,Semi-Detached,Established,Freehold,78,,JOHNSON DRIVE,,HEANOR,AMBER VALLEY,DERBYSHIRE,Additional,Addition,53.0178630000,-1.3478980000
116000,2014-01-22 00:00:00Z,DE75 7HS,Semi-Detached,Established,Freehold,65,,CLARAMOUNT ROAD,,HEANOR,AMBER VALLEY,DERBYSHIRE,Standard,Addition,53.0105640000,-1.3414210000
140000,2015-03-11 00:00:00Z,DE75 7BB,Detached,Established,Freehold,52,,OAKLANDS AVENUE,,HEANOR,AMBER VALLEY,DERBYSHIRE,Standard,Addition,53.0155780000,-1.3409120000
100000,2015-06-03 00:00:00Z,DE75 7AT,Terraced,Established,Freehold,34,,MARSHALL STREET,,HEANOR,AMBER VALLEY,DERBYSHIRE,Standard,Addition,53.0172950000,-1.3458350000
215000,2015-06-11 00:00:00Z,DE75 7AR,Detached,Established,Freehold,3,,WATSON AVENUE,,HEANOR,AMBER VALLEY,DERBYSHIRE,Standard,Addition,53.0159090000,-1.3488670000
100500,2015-10-20 00:00:00Z,DE75 7BB,Semi-Detached,Established,Freehold,22,,OAKLANDS AVENUE,,HEANOR,AMBER VALLEY,DERBYSHIRE,Standard,Addition,53.0155780000,-1.3409120000
87950,2015-10-23 00:00:00Z,DE75 7AW,Terraced,Established,Freehold,100,,HOWITT STREET,,HEANOR,AMBER VALLEY,DERBYSHIRE,Standard,Addition,53.0146480000,-1.3466650000
99500,2015-10-02 00:00:00Z,DE75 7SU,Semi-Detached,Established,Freehold,76,,JOHNSON DRIVE,,HEANOR,AMBER VALLEY,DERBYSHIRE,Standard,Addition,53.0178630000,-1.3478980000
134065,2015-08-21 00:00:00Z,DE75 7AT,Terraced,Established,Freehold,38,,MARSHALL STREET,,HEANOR,AMBER VALLEY,DERBYSHIRE,Standard,Addition,53.0172950000,-1.3458350000
142000,2015-11-24 00:00:00Z,NG16 4BR,Detached,Established,Freehold,2,,WILLIAMSON GARDENS,LANGLEY MILL,NOTTINGHAM,AMBER VALLEY,DERBYSHIRE,Standard,Addition,53.0182300000,-1.3410360000
171000,2015-01-23 00:00:00Z,DE75 7YY,Detached,Established,Freehold,10,,CARLTON CLOSE,,HEANOR,AMBER VALLEY,DERBYSHIRE,Standard,Addition,53.0183890000,-1.3436870000
90000,2015-10-30 00:00:00Z,DE75 7AU,Terraced,Established,Freehold,26,,HOWITT STREET,,HEANOR,AMBER VALLEY,DERBYSHIRE,Standard,Addition,53.0157570000,-1.3441740000
120000,2015-12-17 00:00:00Z,DE75 7AU,Detached,Established,Freehold,67,,HOWITT STREET,,HEANOR,AMBER VALLEY,DERBYSHIRE,Standard,Addition,53.0157570000,-1.3441740000
160000,2015-11-27 00:00:00Z,DE75 7HS,Semi-Detached,Established,Freehold,52,,CLARAMOUNT ROAD,,HEANOR,AMBER VALLEY,DERBYSHIRE,Standard,Addition,53.0105640000,-1.3414210000
85000,2015-10-14 00:00:00Z,DE75 7AY,Terraced,Established,Freehold,56,,HOLBROOK STREET,,HEANOR,AMBER VALLEY,DERBYSHIRE,Standard,Addition,53.0154890000,-1.3425350000
172000,2015-12-17 00:00:00Z,DE75 7TS,Detached,Established,Freehold,5,,UPPER BARN CLOSE,,HEANOR,AMBER VALLEY,DERBYSHIRE,Standard,Addition,53.0166770000,-1.3494960000
95000,2015-01-09 00:00:00Z,DE75 7HS,Terraced,Established,Freehold,5,,CLARAMOUNT ROAD,,HEANOR,AMBER VALLEY,DERBYSHIRE,Standard,Addition,53.0105640000,-1.3414210000
160000,2015-03-31 00:00:00Z,DE75 7AR,Detached,Established,Freehold,16,,WATSON AVENUE,,HEANOR,AMBER VALLEY,DERBYSHIRE,Additional,Addition,53.0159090000,-1.3488670000
85000,2015-11-13 00:00:00Z,DE75 7AW,Semi-Detached,Established,Freehold,115,,HOWITT STREET,,HEANOR,AMBER VALLEY,DERBYSHIRE,Additional,Addition,53.0146480000,-1.3466650000
78500,2015-12-11 00:00:00Z,DE75 7AX,Terraced,Established,Freehold,3,,STARTHE BANK,,HEANOR,AMBER VALLEY,DERBYSHIRE,Standard,Addition,53.0136560000,-1.3462620000
126000,2015-12-14 00:00:00Z,DE75 7AT,Semi-Detached,Established,Freehold,1,,MARSHALL STREET,,HEANOR,AMBER VALLEY,DERBYSHIRE,Standard,Addition,53.0172950000,-1.3458350000
133000,2015-12-04 00:00:00Z,DE75 7BD,Detached,Established,Freehold,39,,ELMSFIELD AVENUE,,HEANOR,AMBER VALLEY,DERBYSHIRE,Standard,Addition,53.0161890000,-1.3409770000
75000,2015-11-27 00:00:00Z,DE75 7AT,Terraced,Established,Freehold,20,,MARSHALL STREET,,HEANOR,AMBER VALLEY,DERBYSHIRE,Standard,Addition,53.0172950000,-1.3458350000
70000,2015-01-27 00:00:00Z,DE75 7BA,Terraced,Established,Freehold,89,,HOLBROOK STREET,,HEANOR,AMBER VALLEY,DERBYSHIRE,Standard,Addition,53.0137850000,-1.3417890000
95000,2015-01-23 00:00:00Z,DE75 7AQ,Terraced,Established,Freehold,29,,MANSFIELD ROAD,,HEANOR,AMBER VALLEY,DERBYSHIRE,Standard,Addition,53.0163190000,-1.3450150000
84500,2015-02-25 00:00:00Z,DE75 7AU,Terraced,Established,Freehold,22,,HOWITT STREET,,HEANOR,AMBER VALLEY,DERBYSHIRE,Standard,Addition,53.0157570000,-1.3441740000
305503,2015-12-11 00:00:00Z,DE75 7AT,Detached,Established,Freehold,39,,MARSHALL STREET,,HEANOR,AMBER VALLEY,DERBYSHIRE,Standard,Addition,53.0172950000,-1.3458350000
160000,2015-08-21 00:00:00Z,DE75 7HS,Semi-Detached,Established,Freehold,62,,CLARAMOUNT ROAD,,HEANOR,AMBER VALLEY,DERBYSHIRE,Standard,Addition,53.0105640000,-1.3414210000
145000,2015-11-20 00:00:00Z,DE75 7HB,Detached,Established,Freehold,73,,HANDS ROAD,,HEANOR,AMBER VALLEY,DERBYSHIRE,Standard,Addition,53.0125200000,-1.3439100000
90000,2015-08-24 00:00:00Z,DE75 7AP,Semi-Detached,Established,Freehold,11,,GRACE CRESCENT,,HEANOR,AMBER VALLEY,DERBYSHIRE,Standard,Addition,53.0137780000,-1.3487650000
230000,2015-07-20 00:00:00Z,DE75 7AR,Detached,Established,Freehold,2,,WATSON AVENUE,,HEANOR,AMBER VALLEY,DERBYSHIRE,Standard,Addition,53.0159090000,-1.3488670000
97000,2015-06-05 00:00:00Z,DE75 7BD,Terraced,Established,Freehold,8,,ELMSFIELD AVENUE,,HEANOR,AMBER VALLEY,DERBYSHIRE,Standard,Addition,53.0161890000,-1.3409770000
85000,2015-01-09 00:00:00Z,DE75 7BD,Terraced,Established,Freehold,23,,ELMSFIELD AVENUE,,HEANOR,AMBER VALLEY,DERBYSHIRE,Standard,Addition,53.0161890000,-1.3409770000
95000,2015-04-17 00:00:00Z,DE75 7AT,Terraced,Established,Freehold,15,,MARSHALL STREET,,HEANOR,AMBER VALLEY,DERBYSHIRE,Standard,Addition,53.0172950000,-1.3458350000
99000,2015-07-16 00:00:00Z,DE75 7HS,Terraced,Established,Freehold,28,,CLARAMOUNT ROAD,,HEANOR,AMBER VALLEY,DERBYSHIRE,Standard,Addition,53.0105640000,-1.3414210000
87000,2015-08-28 00:00:00Z,DE75 7AQ,Terraced,Established,Freehold,62,,MANSFIELD ROAD,,HEANOR,AMBER VALLEY,DERBYSHIRE,Standard,Addition,53.0163190000,-1.3450150000
83500,2015-08-27 00:00:00Z,DE75 7AX,Terraced,Established,Freehold,21,,STARTHE BANK,,HEANOR,AMBER VALLEY,DERBYSHIRE,Standard,Addition,53.0136560000,-1.3462620000
127500,2015-11-13 00:00:00Z,DE75 7AW,Semi-Detached,Established,Freehold,92,,HOWITT STREET,,HEANOR,AMBER VALLEY,DERBYSHIRE,Additional,Addition,53.0146480000,-1.3466650000
185000,2015-08-21 00:00:00Z,DE75 7HF,Detached,Established,Freehold,37,,ELLA BANK ROAD,,HEANOR,AMBER VALLEY,DERBYSHIRE,Standard,Addition,53.0109620000,-1.3449770000
126000,2015-04-10 00:00:00Z,DE75 7AQ,Semi-Detached,Established,Freehold,76,,MANSFIELD ROAD,,HEANOR,AMBER VALLEY,DERBYSHIRE,Standard,Addition,53.0163190000,-1.3450150000
125000,2015-05-08 00:00:00Z,DE75 7AP,Semi-Detached,Established,Freehold,8,,GRACE CRESCENT,,HEANOR,AMBER VALLEY,DERBYSHIRE,Standard,Addition,53.0137780000,-1.3487650000
94000,2015-02-27 00:00:00Z,DE75 7BB,Terraced,Established,Freehold,5,,OAKLANDS AVENUE,,HEANOR,AMBER VALLEY,DERBYSHIRE,Standard,Addition,53.0155780000,-1.3409120000
112000,2015-07-28 00:00:00Z,DE75 7AQ,Terraced,Established,Freehold,25,,MANSFIELD ROAD,,HEANOR,AMBER VALLEY,DERBYSHIRE,Standard,Addition,53.0163190000,-1.3450150000
97000,2015-08-21 00:00:00Z,DE75 7HF,Semi-Detached,Established,Freehold,45,,ELLA BANK ROAD,,HEANOR,AMBER VALLEY,DERBYSHIRE,Standard,Addition,53.0109620000,-1.3449770000
82500,2015-03-06 00:00:00Z,DE75 7HF,Terraced,Established,Freehold,44,,ELLA BANK ROAD,,HEANOR,AMBER VALLEY,DERBYSHIRE,Standard,Addition,53.0109620000,-1.3449770000
105000,2015-07-03 00:00:00Z,DE75 7TH,Terraced,Established,Freehold,31,,ASTCOTE CLOSE,,HEANOR,AMBER VALLEY,DERBYSHIRE,Standard,Addition,53.0112000000,-1.3409490000
77000,2015-07-10 00:00:00Z,DE75 7AY,Terraced,Established,Freehold,79,,HOLBROOK STREET,,HEANOR,AMBER VALLEY,DERBYSHIRE,Standard,Addition,53.0154890000,-1.3425350000
99500,2015-03-24 00:00:00Z,DE75 7HS,Terraced,Established,Freehold,41,,CLARAMOUNT ROAD,,HEANOR,AMBER VALLEY,DERBYSHIRE,Standard,Addition,53.0105640000,-1.3414210000
83950,2015-08-07 00:00:00Z,DE75 7SU,Terraced,Established,Freehold,72,,JOHNSON DRIVE,,HEANOR,AMBER VALLEY,DERBYSHIRE,Standard,Addition,53.0178630000,-1.3478980000
295000,2015-03-31 00:00:00Z,DE75 7HB,Detached,New Build,Freehold,71,,HANDS ROAD,,HEANOR,AMBER VALLEY,DERBYSHIRE,Standard,Addition,53.0125200000,-1.3439100000
129950,2015-07-16 00:00:00Z,NG16 4BR,Semi-Detached,Established,Freehold,25,,WILLIAMSON GARDENS,LANGLEY MILL,NOTTINGHAM,AMBER VALLEY,DERBYSHIRE,Standard,Addition,53.0182300000,-1.3410360000
92000,2015-10-12 00:00:00Z,DE75 7AU,Terraced,Established,Freehold,31,,HOWITT STREET,,HEANOR,AMBER VALLEY,DERBYSHIRE,Standard,Addition,53.0157570000,-1.3441740000
93000,2015-11-16 00:00:00Z,DE75 7AU,Terraced,Established,Freehold,37,,HOWITT STREET,,HEANOR,AMBER VALLEY,DERBYSHIRE,Standard,Addition,53.0157570000,-1.3441740000
75000,2015-09-28 00:00:00Z,DE75 7AU,Detached,Established,Freehold,2,,HOWITT STREET,,HEANOR,AMBER VALLEY,DERBYSHIRE,Standard,Addition,53.0157570000,-1.3441740000
176000,2015-03-20 00:00:00Z,DE75 7YU,Detached,Established,Freehold,12,,DARFIELD DRIVE,,HEANOR,AMBER VALLEY,DERBYSHIRE,Standard,Addition,53.0179790000,-1.3443790000
78000,2015-02-23 00:00:00Z,DE75 7AX,Terraced,Established,Freehold,41,,STARTHE BANK,,HEANOR,AMBER VALLEY,DERBYSHIRE,Standard,Addition,53.0136560000,-1.3462620000
178500,2016-03-18 00:00:00Z,DE75 7AR,Detached,Established,Freehold,25,,WATSON AVENUE,,HEANOR,AMBER VALLEY,DERBYSHIRE,Standard,Addition,53.0159090000,-1.3488670000
72500,2016-02-17 00:00:00Z,DE75 7BA,Terraced,Established,Freehold,104,,HOLBROOK STREET,,HEANOR,AMBER VALLEY,DERBYSHIRE,Standard,Addition,53.0137850000,-1.3417890000
199950,2016-12-09 00:00:00Z,DE75 7YU,Detached,Established,Freehold,22,,DARFIELD DRIVE,,HEANOR,AMBER VALLEY,DERBYSHIRE,Standard,Addition,53.0179790000,-1.3443790000
145000,2016-06-03 00:00:00Z,DE75 7DT,Detached,Established,Freehold,55,,ILKESTON ROAD,,HEANOR,AMBER VALLEY,DERBYSHIRE,Standard,Addition,53.0103040000,-1.3497260000
119950,2016-04-15 00:00:00Z,DE75 7TB,Terraced,New Build,Freehold,11,,STONE AVENUE,,HEANOR,AMBER VALLEY,DERBYSHIRE,Standard,Addition,53.0137720000,-1.3441860000
124950,2016-04-05 00:00:00Z,DE75 7TB,Terraced,New Build,Freehold,9,,STONE AVENUE,,HEANOR,AMBER VALLEY,DERBYSHIRE,Standard,Addition,53.0137720000,-1.3441860000
165000,2016-04-29 00:00:00Z,DE75 7TB,Detached,New Build,Freehold,19,,STONE AVENUE,,HEANOR,AMBER VALLEY,DERBYSHIRE,Standard,Addition,53.0137720000,-1.3441860000
118000,2016-04-29 00:00:00Z,DE75 7TB,Terraced,New Build,Freehold,15,,STONE AVENUE,,HEANOR,AMBER VALLEY,DERBYSHIRE,Standard,Addition,53.0137720000,-1.3441860000
124950,2016-04-29 00:00:00Z,DE75 7TB,Terraced,New Build,Freehold,17,,STONE AVENUE,,HEANOR,AMBER VALLEY,DERBYSHIRE,Standard,Addition,53.0137720000,-1.3441860000
132000,2016-05-04 00:00:00Z,DE75 7BD,Detached,Established,Freehold,40,,ELMSFIELD AVENUE,,HEANOR,AMBER VALLEY,DERBYSHIRE,Standard,Addition,53.0161890000,-1.3409770000
180000,2016-01-29 00:00:00Z,DE75 7YY,Detached,Established,Freehold,3,,CARLTON CLOSE,,HEANOR,AMBER VALLEY,DERBYSHIRE,Additional,Addition,53.0183890000,-1.3436870000
132950,2016-05-19 00:00:00Z,DE75 7TB,Semi-Detached,New Build,Freehold,23,,STONE AVENUE,,HEANOR,AMBER VALLEY,DERBYSHIRE,Standard,Addition,53.0137720000,-1.3441860000
189950,2016-05-27 00:00:00Z,DE75 7TB,Detached,New Build,Freehold,25,,STONE AVENUE,,HEANOR,AMBER VALLEY,DERBYSHIRE,Standard,Addition,53.0137720000,-1.3441860000
184950,2016-05-27 00:00:00Z,DE75 7TB,Detached,New Build,Freehold,27,,STONE AVENUE,,HEANOR,AMBER VALLEY,DERBYSHIRE,Standard,Addition,53.0137720000,-1.3441860000
129000,2016-06-17 00:00:00Z,DE75 7TQ,Semi-Detached,New Build,Freehold,1,,NEWTON DRIVE,,HEANOR,AMBER VALLEY,DERBYSHIRE,Standard,Addition,53.0134050000,-1.3445190000
131950,2016-06-17 00:00:00Z,DE75 7TQ,Semi-Detached,New Build,Freehold,2,,NEWTON DRIVE,,HEANOR,AMBER VALLEY,DERBYSHIRE,Standard,Addition,53.0134050000,-1.3445190000
92500,2016-03-17 00:00:00Z,DE75 7AQ,Other,Established,Freehold,33,,MANSFIELD ROAD,,HEANOR,AMBER VALLEY,DERBYSHIRE,Additional,Addition,53.0163190000,-1.3450150000
154000,2016-03-11 00:00:00Z,DE75 7AP,Terraced,Established,Freehold,2,,GRACE CRESCENT,,HEANOR,AMBER VALLEY,DERBYSHIRE,Standard,Addition,53.0137780000,-1.3487650000
92000,2016-02-18 00:00:00Z,DE75 7AQ,Terraced,Established,Freehold,63A,,MANSFIELD ROAD,,HEANOR,AMBER VALLEY,DERBYSHIRE,Standard,Addition,53.0163190000,-1.3450150000
125000,2016-12-09 00:00:00Z,DE75 7HF,Terraced,Established,Freehold,8,,ELLA BANK ROAD,,HEANOR,AMBER VALLEY,DERBYSHIRE,Standard,Addition,53.0109620000,-1.3449770000
219950,2016-10-21 00:00:00Z,DE75 7TQ,Detached,New Build,Freehold,24,,NEWTON DRIVE,,HEANOR,AMBER VALLEY,DERBYSHIRE,Standard,Addition,53.0134050000,-1.3445190000
130000,2016-11-18 00:00:00Z,DE75 7HA,Semi-Detached,Established,Freehold,45,,HANDS ROAD,,HEANOR,AMBER VALLEY,DERBYSHIRE,Standard,Addition,53.0131870000,-1.3490870000
132000,2016-10-28 00:00:00Z,DE75 7TB,Semi-Detached,New Build,Freehold,29,,STONE AVENUE,,HEANOR,AMBER VALLEY,DERBYSHIRE,Standard,Addition,53.0137720000,-1.3441860000
129950,2016-10-28 00:00:00Z,DE75 7TB,Semi-Detached,New Build,Freehold,31,,STONE AVENUE,,HEANOR,AMBER VALLEY,DERBYSHIRE,Standard,Addition,53.0137720000,-1.3441860000
129950,2016-12-16 00:00:00Z,DE75 7TB,Terraced,New Build,Freehold,49,,STONE AVENUE,,HEANOR,AMBER VALLEY,DERBYSHIRE,Standard,Addition,53.0137720000,-1.3441860000
136950,2016-12-21 00:00:00Z,DE75 7TB,Terraced,New Build,Freehold,47,,STONE AVENUE,,HEANOR,AMBER VALLEY,DERBYSHIRE,Standard,Addition,53.0137720000,-1.3441860000
129950,2016-12-19 00:00:00Z,DE75 7TB,Terraced,New Build,Freehold,53,,STONE AVENUE,,HEANOR,AMBER VALLEY,DERBYSHIRE,Standard,Addition,53.0137720000,-1.3441860000
136950,2016-12-20 00:00:00Z,DE75 7TB,Terraced,New Build,Freehold,45,,STONE AVENUE,,HEANOR,AMBER VALLEY,DERBYSHIRE,Standard,Addition,53.0137720000,-1.3441860000
120000,2016-03-18 00:00:00Z,DE75 7BA,Semi-Detached,Established,Freehold,117,,HOLBROOK STREET,,HEANOR,AMBER VALLEY,DERBYSHIRE,Standard,Addition,53.0137850000,-1.3417890000
155000,2016-03-09 00:00:00Z,DE75 7YU,Detached,Established,Freehold,7,,DARFIELD DRIVE,,HEANOR,AMBER VALLEY,DERBYSHIRE,Additional,Addition,53.0179790000,-1.3443790000
90000,2016-03-24 00:00:00Z,DE75 7HF,Semi-Detached,Established,Freehold,7,,ELLA BANK ROAD,,HEANOR,AMBER VALLEY,DERBYSHIRE,Standard,Addition,53.0109620000,-1.3449770000
117500,2016-04-07 00:00:00Z,DE75 7AW,Semi-Detached,Established,Freehold,92,,HOWITT STREET,,HEANOR,AMBER VALLEY,DERBYSHIRE,Standard,Addition,53.0146480000,-1.3466650000
91500,2016-03-04 00:00:00Z,DE75 7AU,Terraced,Established,Freehold,41,,HOWITT STREET,,HEANOR,AMBER VALLEY,DERBYSHIRE,Standard,Addition,53.0157570000,-1.3441740000
184950,2016-01-08 00:00:00Z,DE75 7TB,Detached,New Build,Freehold,10,,STONE AVENUE,,HEANOR,AMBER VALLEY,DERBYSHIRE,Standard,Addition,53.0137720000,-1.3441860000
224950,2016-01-08 00:00:00Z,DE75 7TB,Detached,New Build,Freehold,4,,STONE AVENUE,,HEANOR,AMBER VALLEY,DERBYSHIRE,Standard,Addition,53.0137720000,-1.3441860000
184950,2016-01-29 00:00:00Z,DE75 7TB,Detached,New Build,Freehold,12,,STONE AVENUE,,HEANOR,AMBER VALLEY,DERBYSHIRE,Standard,Addition,53.0137720000,-1.3441860000
209950,2016-02-18 00:00:00Z,DE75 7TB,Detached,New Build,Freehold,16,,STONE AVENUE,,HEANOR,AMBER VALLEY,DERBYSHIRE,Standard,Addition,53.0137720000,-1.3441860000
214950,2016-02-19 00:00:00Z,DE75 7TB,Detached,New Build,Freehold,8,,STONE AVENUE,,HEANOR,AMBER VALLEY,DERBYSHIRE,Standard,Addition,53.0137720000,-1.3441860000
123000,2016-02-26 00:00:00Z,DE75 7BA,Terraced,Established,Freehold,72,,HOLBROOK STREET,,HEANOR,AMBER VALLEY,DERBYSHIRE,Standard,Addition,53.0137850000,-1.3417890000
97500,2016-12-08 00:00:00Z,DE75 7AT,Semi-Detached,Established,Freehold,54,,MARSHALL STREET,,HEANOR,AMBER VALLEY,DERBYSHIRE,Standard,Addition,53.0172950000,-1.3458350000
81000,2016-05-05 00:00:00Z,DE75 7HF,Terraced,Established,Freehold,52,,ELLA BANK ROAD,,HEANOR,AMBER VALLEY,DERBYSHIRE,Standard,Addition,53.0109620000,-1.3449770000
158000,2016-02-05 00:00:00Z,DE75 7AP,Detached,Established,Freehold,1A,,GRACE CRESCENT,,HEANOR,AMBER VALLEY,DERBYSHIRE,Standard,Addition,53.0137780000,-1.3487650000
97000,2016-04-29 00:00:00Z,DE75 7AW,Terraced,Established,Freehold,98,,HOWITT STREET,,HEANOR,AMBER VALLEY,DERBYSHIRE,Standard,Addition,53.0146480000,-1.3466650000
174950,2016-03-03 00:00:00Z,DE75 7TB,Detached,New Build,Freehold,7,,STONE AVENUE,,HEANOR,AMBER VALLEY,DERBYSHIRE,Standard,Addition,53.0137720000,-1.3441860000
205000,2016-01-22 00:00:00Z,DE75 7TB,Detached,New Build,Freehold,6,,STONE AVENUE,,HEANOR,AMBER VALLEY,DERBYSHIRE,Standard,Addition,53.0137720000,-1.3441860000
150000,2016-02-26 00:00:00Z,DE75 7TB,Detached,New Build,Freehold,5,,STONE AVENUE,,HEANOR,AMBER VALLEY,DERBYSHIRE,Standard,Addition,53.0137720000,-1.3441860000
148000,2016-02-26 00:00:00Z,DE75 7HF,Detached,Established,Freehold,24,,ELLA BANK ROAD,,HEANOR,AMBER VALLEY,DERBYSHIRE,Standard,Addition,53.0109620000,-1.3449770000
184950,2016-02-19 00:00:00Z,DE75 7TB,Detached,New Build,Freehold,14,,STONE AVENUE,,HEANOR,AMBER VALLEY,DERBYSHIRE,Standard,Addition,53.0137720000,-1.3441860000
199950,2016-03-18 00:00:00Z,DE75 7TB,Detached,New Build,Freehold,18,,STONE AVENUE,,HEANOR,AMBER VALLEY,DERBYSHIRE,Standard,Addition,53.0137720000,-1.3441860000
104000,2016-10-31 00:00:00Z,DE75 7BD,Semi-Detached,Established,Freehold,18,,ELMSFIELD AVENUE,,HEANOR,AMBER VALLEY,DERBYSHIRE,Standard,Addition,53.0161890000,-1.3409770000
111000,2016-11-11 00:00:00Z,DE75 7AW,Semi-Detached,Established,Freehold,77,,HOWITT STREET,,HEANOR,AMBER VALLEY,DERBYSHIRE,Standard,Addition,53.0146480000,-1.3466650000
155000,2016-09-26 00:00:00Z,DE75 7TQ,Detached,New Build,Freehold,22,,NEWTON DRIVE,,HEANOR,AMBER VALLEY,DERBYSHIRE,Standard,Addition,53.0134050000,-1.3445190000
140000,2016-09-02 00:00:00Z,DE75 7TQ,Detached,New Build,Freehold,21,,NEWTON DRIVE,,HEANOR,AMBER VALLEY,DERBYSHIRE,Standard,Addition,53.0134050000,-1.3445190000
76000,2016-09-12 00:00:00Z,DE75 7HS,Semi-Detached,Established,Freehold,11,,CLARAMOUNT ROAD,,HEANOR,AMBER VALLEY,DERBYSHIRE,Standard,Addition,53.0105640000,-1.3414210000
159950,2016-10-14 00:00:00Z,DE75 7TQ,Detached,New Build,Freehold,23,,NEWTON DRIVE,,HEANOR,AMBER VALLEY,DERBYSHIRE,Standard,Addition,53.0134050000,-1.3445190000
117000,2016-10-19 00:00:00Z,DE75 7AW,Detached,Established,Freehold,103,,HOWITT STREET,,HEANOR,AMBER VALLEY,DERBYSHIRE,Standard,Addition,53.0146480000,-1.3466650000
63500,2016-08-31 00:00:00Z,DE75 7AY,Terraced,Established,Freehold,58,,HOLBROOK STREET,,HEANOR,AMBER VALLEY,DERBYSHIRE,Standard,Addition,53.0154890000,-1.3425350000
147500,2016-10-28 00:00:00Z,DE75 7HS,Semi-Detached,Established,Freehold,63,,CLARAMOUNT ROAD,,HEANOR,AMBER VALLEY,DERBYSHIRE,Standard,Addition,53.0105640000,-1.3414210000
65000,2016-11-17 00:00:00Z,DE75 7HA,Semi-Detached,Established,Freehold,39,,HANDS ROAD,,HEANOR,AMBER VALLEY,DERBYSHIRE,Standard,Addition,53.0131870000,-1.3490870000
118000,2016-07-11 00:00:00Z,DE75 7AU,Terraced,Established,Freehold,38,,HOWITT STREET,,HEANOR,AMBER VALLEY,DERBYSHIRE,Standard,Addition,53.0157570000,-1.3441740000
100000,2016-07-05 00:00:00Z,DE75 7TH,Terraced,Established,Freehold,19,,ASTCOTE CLOSE,,HEANOR,AMBER VALLEY,DERBYSHIRE,Standard,Addition,53.0112000000,-1.3409490000
120000,2016-07-22 00:00:00Z,DE75 7BA,Detached,Established,Freehold,86,,HOLBROOK STREET,,HEANOR,AMBER VALLEY,DERBYSHIRE,Standard,Addition,53.0137850000,-1.3417890000
87000,2016-07-22 00:00:00Z,DE75 7HF,Terraced,Established,Freehold,60,,ELLA BANK ROAD,,HEANOR,AMBER VALLEY,DERBYSHIRE,Standard,Addition,53.0109620000,-1.3449770000
270000,2016-08-10 00:00:00Z,DE75 7AW,Detached,Established,Freehold,133,,HOWITT STREET,,HEANOR,AMBER VALLEY,DERBYSHIRE,Standard,Addition,53.0146480000,-1.3466650000
138500,2016-07-01 00:00:00Z,DE75 7HS,Terraced,Established,Freehold,5,,CLARAMOUNT ROAD,,HEANOR,AMBER VALLEY,DERBYSHIRE,Standard,Addition,53.0105640000,-1.3414210000
113000,2016-10-12 00:00:00Z,DE75 7TT,Semi-Detached,Established,Freehold,2,,UPTON CLOSE,,HEANOR,AMBER VALLEY,DERBYSHIRE,Standard,Addition,53.0119740000,-1.3411310000
95000,2016-09-30 00:00:00Z,DE75 7AU,Terraced,Established,Freehold,19,,HOWITT STREET,,HEANOR,AMBER VALLEY,DERBYSHIRE,Standard,Addition,53.0157570000,-1.3441740000
122000,2016-10-20 00:00:00Z,DE75 7BA,Semi-Detached,Established,Freehold,99,,HOLBROOK STREET,,HEANOR,AMBER VALLEY,DERBYSHIRE,Standard,Addition,53.0137850000,-1.3417890000
174950,2016-07-15 00:00:00Z,DE75 7TQ,Semi-Detached,New Build,Freehold,3,,NEWTON DRIVE,,HEANOR,AMBER VALLEY,DERBYSHIRE,Standard,Addition,53.0134050000,-1.3445190000
179950,2016-07-29 00:00:00Z,DE75 7TQ,Detached,New Build,Freehold,4,,NEWTON DRIVE,,HEANOR,AMBER VALLEY,DERBYSHIRE,Standard,Addition,53.0134050000,-1.3445190000
132950,2016-07-29 00:00:00Z,DE75 7TB,Semi-Detached,New Build,Freehold,21,,STONE AVENUE,,HEANOR,AMBER VALLEY,DERBYSHIRE,Standard,Addition,53.0137720000,-1.3441860000
134950,2016-08-18 00:00:00Z,DE75 7TQ,Semi-Detached,New Build,Freehold,5,,NEWTON DRIVE,,HEANOR,AMBER VALLEY,DERBYSHIRE,Standard,Addition,53.0134050000,-1.3445190000
134950,2016-08-12 00:00:00Z,DE75 7TQ,Semi-Detached,New Build,Freehold,6,,NEWTON DRIVE,,HEANOR,AMBER VALLEY,DERBYSHIRE,Standard,Addition,53.0134050000,-1.3445190000
130000,2016-08-05 00:00:00Z,DE75 7TQ,Semi-Detached,New Build,Freehold,7,,NEWTON DRIVE,,HEANOR,AMBER VALLEY,DERBYSHIRE,Standard,Addition,53.0134050000,-1.3445190000
128000,2016-08-19 00:00:00Z,DE75 7TQ,Semi-Detached,New Build,Freehold,8,,NEWTON DRIVE,,HEANOR,AMBER VALLEY,DERBYSHIRE,Standard,Addition,53.0134050000,-1.3445190000
80000,2016-09-12 00:00:00Z,DE75 7HS,Semi-Detached,Established,Freehold,11,,CLARAMOUNT ROAD,,HEANOR,AMBER VALLEY,DERBYSHIRE,Additional,Addition,53.0105640000,-1.3414210000
180000,2016-05-04 00:00:00Z,DE75 7YY,Detached,Established,Freehold,3,,CARLTON CLOSE,,HEANOR,AMBER VALLEY,DERBYSHIRE,Standard,Addition,53.0183890000,-1.3436870000
180000,2016-01-29 00:00:00Z,DE75 7YT,Detached,Established,Freehold,6,,BRAMPTON AVENUE,,HEANOR,AMBER VALLEY,DERBYSHIRE,Standard,Addition,53.0178170000,-1.3428010000
79000,2016-12-22 00:00:00Z,DE75 7AX,Semi-Detached,Established,Freehold,16,,STARTHE BANK,,HEANOR,AMBER VALLEY,DERBYSHIRE,Additional,Addition,53.0136560000,-1.3462620000
127250,2016-12-16 00:00:00Z,DE75 7TB,Terraced,New Build,Freehold,51,,STONE AVENUE,,HEANOR,AMBER VALLEY,DERBYSHIRE,Standard,Addition,53.0137720000,-1.3441860000
107000,2016-05-04 00:00:00Z,DE75 7TH,Terraced,Established,Freehold,36,,ASTCOTE CLOSE,,HEANOR,AMBER VALLEY,DERBYSHIRE,Standard,Addition,53.0112000000,-1.3409490000
115000,2016-03-04 00:00:00Z,DE75 7AQ,Semi-Detached,Established,Freehold,9,,MANSFIELD ROAD,,HEANOR,AMBER VALLEY,DERBYSHIRE,Standard,Addition,53.0163190000,-1.3450150000
112500,2016-03-23 00:00:00Z,DE75 7HF,Detached,Established,Freehold,16,,ELLA BANK ROAD,,HEANOR,AMBER VALLEY,DERBYSHIRE,Standard,Addition,53.0109620000,-1.3449770000
112500,2016-02-05 00:00:00Z,DE75 7AT,Semi-Detached,Established,Freehold,7,,MARSHALL STREET,,HEANOR,AMBER VALLEY,DERBYSHIRE,Standard,Addition,53.0172950000,-1.3458350000
92500,2016-01-29 00:00:00Z,DE75 7AT,Semi-Detached,Established,Freehold,5,,MARSHALL STREET,,HEANOR,AMBER VALLEY,DERBYSHIRE,Standard,Addition,53.0172950000,-1.3458350000
131000,2016-01-29 00:00:00Z,DE75 7HB,Semi-Detached,Established,Freehold,154,,HANDS ROAD,,HEANOR,AMBER VALLEY,DERBYSHIRE,Standard,Addition,53.0125200000,-1.3439100000
75000,2016-09-09 00:00:00Z,DE75 7AQ,Terraced,Established,Freehold,61,,MANSFIELD ROAD,,HEANOR,AMBER VALLEY,DERBYSHIRE,Standard,Addition,53.0163190000,-1.3450150000
165000,2016-08-10 00:00:00Z,DE75 7AR,Detached,Established,Freehold,16,,WATSON AVENUE,,HEANOR,AMBER VALLEY,DERBYSHIRE,Standard,Addition,53.0159090000,-1.3488670000
187000,2016-09-05 00:00:00Z,DE75 7YU,Detached,Established,Freehold,7,,DARFIELD DRIVE,,HEANOR,AMBER VALLEY,DERBYSHIRE,Standard,Addition,53.0179790000,-1.3443790000
167000,2016-08-25 00:00:00Z,DE75 7TS,Detached,Established,Freehold,2,,UPPER BARN CLOSE,,HEANOR,AMBER VALLEY,DERBYSHIRE,Standard,Addition,53.0166770000,-1.3494960000
192000,2016-08-26 00:00:00Z,DE75 7YY,Detached,Established,Freehold,1,,CARLTON CLOSE,,HEANOR,AMBER VALLEY,DERBYSHIRE,Standard,Addition,53.0183890000,-1.3436870000
213000,2016-09-02 00:00:00Z,DE75 7HS,Detached,Established,Freehold,6,,CLARAMOUNT ROAD,,HEANOR,AMBER VALLEY,DERBYSHIRE,Standard,Addition,53.0105640000,-1.3414210000
90000,2016-09-16 00:00:00Z,DE75 7AX,Terraced,Established,Freehold,4,,STARTHE BANK,,HEANOR,AMBER VALLEY,DERBYSHIRE,Additional,Addition,53.0136560000,-1.3462620000
249950,2017-07-07 00:00:00Z,DE75 7TF,Detached,New Build,Freehold,23,,VARLEY CLOSE,,HEANOR,AMBER VALLEY,DERBYSHIRE,Standard,Addition,53.0144730000,-1.3441010000
196950,2017-07-12 00:00:00Z,DE75 7TF,Detached,New Build,Freehold,24,,VARLEY CLOSE,,HEANOR,AMBER VALLEY,DERBYSHIRE,Standard,Addition,53.0144730000,-1.3441010000
229950,2017-07-14 00:00:00Z,DE75 7TF,Detached,New Build,Freehold,25,,VARLEY CLOSE,,HEANOR,AMBER VALLEY,DERBYSHIRE,Standard,Addition,53.0144730000,-1.3441010000
124950,2017-06-23 00:00:00Z,DE75 7TQ,Terraced,New Build,Freehold,12,,NEWTON DRIVE,,HEANOR,AMBER VALLEY,DERBYSHIRE,Standard,Addition,53.0134050000,-1.3445190000
95000,2017-08-03 00:00:00Z,DE75 7HA,Semi-Detached,Established,Freehold,39,,HANDS ROAD,,HEANOR,AMBER VALLEY,DERBYSHIRE,Standard,Addition,53.0131870000,-1.3490870000
127500,2017-08-18 00:00:00Z,NG16 4FW,Semi-Detached,Established,Freehold,8,,TURTON CLOSE,LANGLEY MILL,NOTTINGHAM,AMBER VALLEY,DERBYSHIRE,Standard,Addition,53.0198260000,-1.3403110000
240000,2017-04-20 00:00:00Z,DE75 7HU,Detached,Established,Freehold,4,,CASTLE COURT,,HEANOR,AMBER VALLEY,DERBYSHIRE,Standard,Addition,53.0118730000,-1.3437230000
129500,2017-05-05 00:00:00Z,NG16 4BR,Semi-Detached,Established,Freehold,23,,WILLIAMSON GARDENS,LANGLEY MILL,NOTTINGHAM,AMBER VALLEY,DERBYSHIRE,Standard,Addition,53.0182300000,-1.3410360000
122450,2017-02-24 00:00:00Z,DE75 7TB,Terraced,New Build,Freehold,35,,STONE AVENUE,,HEANOR,AMBER VALLEY,DERBYSHIRE,Standard,Addition,53.0137720000,-1.3441860000
212950,2017-03-31 00:00:00Z,DE75 7TB,Detached,New Build,Freehold,32,,STONE AVENUE,,HEANOR,AMBER VALLEY,DERBYSHIRE,Standard,Addition,53.0137720000,-1.3441860000
179950,2017-04-21 00:00:00Z,DE75 7TB,Detached,New Build,Freehold,30,,STONE AVENUE,,HEANOR,AMBER VALLEY,DERBYSHIRE,Standard,Addition,53.0137720000,-1.3441860000
179950,2017-04-26 00:00:00Z,DE75 7TB,Detached,New Build,Freehold,26,,STONE AVENUE,,HEANOR,AMBER VALLEY,DERBYSHIRE,Standard,Addition,53.0137720000,-1.3441860000
88000,2017-04-27 00:00:00Z,DE75 7AP,Semi-Detached,Established,Freehold,12,,GRACE CRESCENT,,HEANOR,AMBER VALLEY,DERBYSHIRE,Standard,Addition,53.0137780000,-1.3487650000
25000,2017-03-30 00:00:00Z,DE75 7AX,Other,Established,Freehold,THE WILLOWS,,STARTHE BANK,,HEANOR,AMBER VALLEY,DERBYSHIRE,Additional,Addition,53.0136560000,-1.3462620000
124950,2017-01-27 00:00:00Z,DE75 7TB,Terraced,New Build,Freehold,39,,STONE AVENUE,,HEANOR,AMBER VALLEY,DERBYSHIRE,Standard,Addition,53.0137720000,-1.3441860000
129950,2017-02-24 00:00:00Z,DE75 7TB,Terraced,New Build,Freehold,33,,STONE AVENUE,,HEANOR,AMBER VALLEY,DERBYSHIRE,Standard,Addition,53.0137720000,-1.3441860000
86000,2017-02-10 00:00:00Z,DE75 7AQ,Terraced,Established,Freehold,51,,MANSFIELD ROAD,,HEANOR,AMBER VALLEY,DERBYSHIRE,Standard,Addition,53.0163190000,-1.3450150000
123450,2017-02-17 00:00:00Z,DE75 7TB,Terraced,New Build,Freehold,37,,STONE AVENUE,,HEANOR,AMBER VALLEY,DERBYSHIRE,Standard,Addition,53.0137720000,-1.3441860000
134950,2017-03-31 00:00:00Z,DE75 7TB,Terraced,New Build,Freehold,55,,STONE AVENUE,,HEANOR,AMBER VALLEY,DERBYSHIRE,Standard,Addition,53.0137720000,-1.3441860000
124950,2017-04-28 00:00:00Z,DE75 7TQ,Terraced,New Build,Freehold,14,,NEWTON DRIVE,,HEANOR,AMBER VALLEY,DERBYSHIRE,Standard,Addition,53.0134050000,-1.3445190000
194950,2017-04-21 00:00:00Z,DE75 7TB,Detached,New Build,Freehold,28,,STONE AVENUE,,HEANOR,AMBER VALLEY,DERBYSHIRE,Standard,Addition,53.0137720000,-1.3441860000
229950,2017-05-12 00:00:00Z,DE75 7TB,Detached,New Build,Freehold,24,,STONE AVENUE,,HEANOR,AMBER VALLEY,DERBYSHIRE,Standard,Addition,53.0137720000,-1.3441860000
132950,2017-04-28 00:00:00Z,DE75 7TQ,Terraced,New Build,Freehold,15,,NEWTON DRIVE,,HEANOR,AMBER VALLEY,DERBYSHIRE,Standard,Addition,53.0134050000,-1.3445190000
249950,2017-05-15 00:00:00Z,DE75 7TB,Detached,New Build,Freehold,22,,STONE AVENUE,,HEANOR,AMBER VALLEY,DERBYSHIRE,Standard,Addition,53.0137720000,-1.3441860000
131950,2017-05-26 00:00:00Z,DE75 7TQ,Terraced,New Build,Freehold,9,,NEWTON DRIVE,,HEANOR,AMBER VALLEY,DERBYSHIRE,Standard,Addition,53.0134050000,-1.3445190000
190000,2017-06-09 00:00:00Z,DE75 7YR,Detached,Established,Freehold,30,,GREENACRE AVENUE,,HEANOR,AMBER VALLEY,DERBYSHIRE,Standard,Addition,53.0184030000,-1.3429410000
97000,2017-05-31 00:00:00Z,DE75 7BB,Terraced,Established,Freehold,23,,OAKLANDS AVENUE,,HEANOR,AMBER VALLEY,DERBYSHIRE,Standard,Addition,53.0155780000,-1.3409120000
149950,2017-11-30 00:00:00Z,DE75 7TF,Semi-Detached,New Build,Freehold,16,,VARLEY CLOSE,,HEANOR,AMBER VALLEY,DERBYSHIRE,Standard,Addition,53.0144730000,-1.3441010000
136000,2017-11-29 00:00:00Z,DE75 7AY,Semi-Detached,Established,Freehold,49B,,HOLBROOK STREET,,HEANOR,AMBER VALLEY,DERBYSHIRE,Standard,Addition,53.0154890000,-1.3425350000
200000,2017-11-08 00:00:00Z,DE75 7HA,Other,Established,Freehold,21,,HANDS ROAD,,HEANOR,AMBER VALLEY,DERBYSHIRE,Additional,Addition,53.0131870000,-1.3490870000
112000,2017-05-19 00:00:00Z,DE75 7SX,Terraced,Established,Freehold,6,,LOWLANDS LEA,,HEANOR,AMBER VALLEY,DERBYSHIRE,Additional,Addition,53.0178710000,-1.3492400000
75000,2017-02-09 00:00:00Z,DE75 7HB,Other,Established,Freehold,"THE BUTCHERS ARMS, 127",,HANDS ROAD,,HEANOR,AMBER VALLEY,DERBYSHIRE,Additional,Addition,53.0125200000,-1.3439100000
194950,2017-03-31 00:00:00Z,DE75 7TB,Detached,New Build,Freehold,36,,STONE AVENUE,,HEANOR,AMBER VALLEY,DERBYSHIRE,Standard,Addition,53.0137720000,-1.3441860000
229950,2017-03-31 00:00:00Z,DE75 7TB,Detached,New Build,Freehold,34,,STONE AVENUE,,HEANOR,AMBER VALLEY,DERBYSHIRE,Standard,Addition,53.0137720000,-1.3441860000
98000,2017-12-01 00:00:00Z,DE75 7TT,Terraced,Established,Freehold,12,,UPTON CLOSE,,HEANOR,AMBER VALLEY,DERBYSHIRE,Standard,Addition,53.0119740000,-1.3411310000
139950,2017-02-24 00:00:00Z,DE75 7AY,Terraced,Established,Freehold,28,,HOLBROOK STREET,,HEANOR,AMBER VALLEY,DERBYSHIRE,Standard,Addition,53.0154890000,-1.3425350000
122000,2017-03-31 00:00:00Z,NG16 4BR,Semi-Detached,Established,Freehold,17,,WILLIAMSON GARDENS,LANGLEY MILL,NOTTINGHAM,AMBER VALLEY,DERBYSHIRE,Standard,Addition,53.0182300000,-1.3410360000
200000,2017-12-08 00:00:00Z,DE75 7AS,Detached,Established,Freehold,7,,GARNETT AVENUE,,HEANOR,AMBER VALLEY,DERBYSHIRE,Standard,Addition,53.0155300000,-1.3486340000
85000,2017-12-04 00:00:00Z,DE75 7BB,Terraced,Established,Freehold,3,,OAKLANDS AVENUE,,HEANOR,AMBER VALLEY,DERBYSHIRE,Standard,Addition,53.0155780000,-1.3409120000
120000,2017-07-28 00:00:00Z,DE75 7TQ,Terraced,New Build,Freehold,10,,NEWTON DRIVE,,HEANOR,AMBER VALLEY,DERBYSHIRE,Standard,Addition,53.0134050000,-1.3445190000
246950,2017-07-14 00:00:00Z,DE75 7TF,Detached,New Build,Freehold,27,,VARLEY CLOSE,,HEANOR,AMBER VALLEY,DERBYSHIRE,Standard,Addition,53.0144730000,-1.3441010000
235950,2017-07-13 00:00:00Z,DE75 7TF,Detached,New Build,Freehold,26,,VARLEY CLOSE,,HEANOR,AMBER VALLEY,DERBYSHIRE,Standard,Addition,53.0144730000,-1.3441010000
139950,2017-07-14 00:00:00Z,DE75 7TF,Semi-Detached,New Build,Freehold,31,,VARLEY CLOSE,,HEANOR,AMBER VALLEY,DERBYSHIRE,Standard,Addition,53.0144730000,-1.3441010000
154950,2017-03-24 00:00:00Z,DE75 7TQ,Detached,New Build,Freehold,20,,NEWTON DRIVE,,HEANOR,AMBER VALLEY,DERBYSHIRE,Standard,Addition,53.0134050000,-1.3445190000
210000,2017-10-27 00:00:00Z,DE75 7YR,Detached,Established,Freehold,40,,GREENACRE AVENUE,,HEANOR,AMBER VALLEY,DERBYSHIRE,Additional,Addition,53.0184030000,-1.3429410000
150000,2017-11-10 00:00:00Z,DE75 7TQ,Semi-Detached,Established,Freehold,2,,NEWTON DRIVE,,HEANOR,AMBER VALLEY,DERBYSHIRE,Standard,Addition,53.0134050000,-1.3445190000
196950,2017-05-12 00:00:00Z,DE75 7TB,Detached,New Build,Freehold,38,,STONE AVENUE,,HEANOR,AMBER VALLEY,DERBYSHIRE,Standard,Addition,53.0137720000,-1.3441860000
93500,2017-03-03 00:00:00Z,DE75 7AY,Semi-Detached,Established,Freehold,67,,HOLBROOK STREET,,HEANOR,AMBER VALLEY,DERBYSHIRE,Standard,Addition,53.0154890000,-1.3425350000
330000,2017-03-03 00:00:00Z,DE75 7HU,Detached,Established,Freehold,1,,CASTLE COURT,,HEANOR,AMBER VALLEY,DERBYSHIRE,Standard,Addition,53.0118730000,-1.3437230000
117500,2017-02-24 00:00:00Z,DE75 7HS,Semi-Detached,Established,Freehold,56,,CLARAMOUNT ROAD,,HEANOR,AMBER VALLEY,DERBYSHIRE,Standard,Addition,53.0105640000,-1.3414210000
222000,2017-03-03 00:00:00Z,DE75 7TS,Detached,Established,Freehold,11,,UPPER BARN CLOSE,,HEANOR,AMBER VALLEY,DERBYSHIRE,Standard,Addition,53.0166770000,-1.3494960000
270000,2017-02-17 00:00:00Z,DE75 7YU,Detached,Established,Freehold,35,,DARFIELD DRIVE,,HEANOR,AMBER VALLEY,DERBYSHIRE,Standard,Addition,53.0179790000,-1.3443790000
215000,2017-12-15 00:00:00Z,DE75 7YU,Detached,Established,Freehold,9,,DARFIELD DRIVE,,HEANOR,AMBER VALLEY,DERBYSHIRE,Standard,Addition,53.0179790000,-1.3443790000
124950,2017-10-27 00:00:00Z,DE75 7AY,Semi-Detached,Established,Freehold,49C,,HOLBROOK STREET,,HEANOR,AMBER VALLEY,DERBYSHIRE,Standard,Addition,53.0154890000,-1.3425350000
136150,2017-11-03 00:00:00Z,DE75 7AY,Semi-Detached,Established,Freehold,49A,,HOLBROOK STREET,,HEANOR,AMBER VALLEY,DERBYSHIRE,Standard,Addition,53.0154890000,-1.3425350000
120000,2017-03-31 00:00:00Z,NG16 4BR,Semi-Detached,Established,Freehold,17,,WILLIAMSON GARDENS,LANGLEY MILL,NOTTINGHAM,AMBER VALLEY,DERBYSHIRE,Additional,Addition,53.0182300000,-1.3410360000
111000,2017-10-02 00:00:00Z,DE75 7HF,Terraced,Established,Freehold,40,,ELLA BANK ROAD,,HEANOR,AMBER VALLEY,DERBYSHIRE,Standard,Addition,53.0109620000,-1.3449770000
110000,2017-10-20 00:00:00Z,DE75 7BB,Terraced,Established,Freehold,36,,OAKLANDS AVENUE,,HEANOR,AMBER VALLEY,DERBYSHIRE,Standard,Addition,53.0155780000,-1.3409120000
215000,2017-10-23 00:00:00Z,DE75 7YT,Detached,Established,Freehold,7,,BRAMPTON AVENUE,,HEANOR,AMBER VALLEY,DERBYSHIRE,Standard,Addition,53.0178170000,-1.3428010000
89000,2017-12-20 00:00:00Z,DE75 7AW,Semi-Detached,Established,Freehold,119,,HOWITT STREET,,HEANOR,AMBER VALLEY,DERBYSHIRE,Standard,Addition,53.0146480000,-1.3466650000
205000,2017-12-08 00:00:00Z,DE75 7YR,Detached,Established,Freehold,40,,GREENACRE AVENUE,,HEANOR,AMBER VALLEY,DERBYSHIRE,Standard,Addition,53.0184030000,-1.3429410000
118000,2017-07-28 00:00:00Z,DE75 7AT,Detached,Established,Freehold,40,,MARSHALL STREET,,HEANOR,AMBER VALLEY,DERBYSHIRE,Standard,Addition,53.0172950000,-1.3458350000
91000,2017-07-31 00:00:00Z,DE75 7HB,Terraced,Established,Freehold,89,,HANDS ROAD,,HEANOR,AMBER VALLEY,DERBYSHIRE,Standard,Addition,53.0125200000,-1.3439100000
148000,2017-07-14 00:00:00Z,DE75 7HB,Semi-Detached,Established,Freehold,154,,HANDS ROAD,,HEANOR,AMBER VALLEY,DERBYSHIRE,Standard,Addition,53.0125200000,-1.3439100000
82500,2017-04-07 00:00:00Z,DE75 7TQ,Flats/Maisonettes,New Build,Leasehold,18,,NEWTON DRIVE,,HEANOR,AMBER VALLEY,DERBYSHIRE,Standard,Addition,53.0134050000,-1.3445190000
88000,2017-08-04 00:00:00Z,DE75 7HB,Terraced,Established,Freehold,93,,HANDS ROAD,,HEANOR,AMBER VALLEY,DERBYSHIRE,Standard,Addition,53.0125200000,-1.3439100000
125000,2017-09-06 00:00:00Z,DE75 7AY,Detached,Established,Freehold,49,,HOLBROOK STREET,,HEANOR,AMBER VALLEY,DERBYSHIRE,Standard,Addition,53.0154890000,-1.3425350000
119000,2017-06-09 00:00:00Z,DE75 7AW,Semi-Detached,Established,Freehold,115,,HOWITT STREET,,HEANOR,AMBER VALLEY,DERBYSHIRE,Standard,Addition,53.0146480000,-1.3466650000
84950,2017-05-26 00:00:00Z,DE75 7TQ,Flats/Maisonettes,New Build,Leasehold,19,,NEWTON DRIVE,,HEANOR,AMBER VALLEY,DERBYSHIRE,Standard,Addition,53.0134050000,-1.3445190000
89950,2017-06-02 00:00:00Z,DE75 7TQ,Flats/Maisonettes,New Build,Leasehold,17,,NEWTON DRIVE,,HEANOR,AMBER VALLEY,DERBYSHIRE,Standard,Addition,53.0134050000,-1.3445190000
79000,2017-05-11 00:00:00Z,DE75 7TQ,Flats/Maisonettes,New Build,Leasehold,16,,NEWTON DRIVE,,HEANOR,AMBER VALLEY,DERBYSHIRE,Standard,Addition,53.0134050000,-1.3445190000
194950,2017-05-19 00:00:00Z,DE75 7TB,Detached,New Build,Freehold,40,,STONE AVENUE,,HEANOR,AMBER VALLEY,DERBYSHIRE,Standard,Addition,53.0137720000,-1.3441860000
142950,2017-06-16 00:00:00Z,DE75 7TF,Semi-Detached,New Build,Freehold,30,,VARLEY CLOSE,,HEANOR,AMBER VALLEY,DERBYSHIRE,Standard,Addition,53.0144730000,-1.3441010000
229950,2017-06-30 00:00:00Z,DE75 7TF,Detached,New Build,Freehold,28,,VARLEY CLOSE,,HEANOR,AMBER VALLEY,DERBYSHIRE,Standard,Addition,53.0144730000,-1.3441010000
205000,2017-07-14 00:00:00Z,DE75 7YU,Detached,Established,Freehold,10,,DARFIELD DRIVE,,HEANOR,AMBER VALLEY,DERBYSHIRE,Standard,Addition,53.0179790000,-1.3443790000
129950,2017-05-11 00:00:00Z,DE75 7TQ,Terraced,New Build,Freehold,11,,NEWTON DRIVE,,HEANOR,AMBER VALLEY,DERBYSHIRE,Standard,Addition,53.0134050000,-1.3445190000
147950,2017-09-29 00:00:00Z,DE75 7TF,Semi-Detached,New Build,Freehold,21,,VARLEY CLOSE,,HEANOR,AMBER VALLEY,DERBYSHIRE,Standard,Addition,53.0144730000,-1.3441010000
152950,2017-09-29 00:00:00Z,DE75 7TF,Semi-Detached,New Build,Freehold,22,,VARLEY CLOSE,,HEANOR,AMBER VALLEY,DERBYSHIRE,Standard,Addition,53.0144730000,-1.3441010000
232950,2017-10-27 00:00:00Z,DE75 7TF,Detached,New Build,Freehold,20,,VARLEY CLOSE,,HEANOR,AMBER VALLEY,DERBYSHIRE,Standard,Addition,53.0144730000,-1.3441010000
199950,2017-10-27 00:00:00Z,DE75 7TF,Detached,New Build,Freehold,19,,VARLEY CLOSE,,HEANOR,AMBER VALLEY,DERBYSHIRE,Standard,Addition,53.0144730000,-1.3441010000
151950,2017-11-17 00:00:00Z,DE75 7TF,Semi-Detached,New Build,Freehold,17,,VARLEY CLOSE,,HEANOR,AMBER VALLEY,DERBYSHIRE,Standard,Addition,53.0144730000,-1.3441010000
151950,2017-11-30 00:00:00Z,DE75 7TF,Semi-Detached,New Build,Freehold,15,,VARLEY CLOSE,,HEANOR,AMBER VALLEY,DERBYSHIRE,Standard,Addition,53.0144730000,-1.3441010000
147950,2017-11-24 00:00:00Z,DE75 7TF,Semi-Detached,New Build,Freehold,18,,VARLEY CLOSE,,HEANOR,AMBER VALLEY,DERBYSHIRE,Standard,Addition,53.0144730000,-1.3441010000
148000,2017-11-03 00:00:00Z,DE75 7AP,Semi-Detached,Established,Freehold,9,,GRACE CRESCENT,,HEANOR,AMBER VALLEY,DERBYSHIRE,Standard,Addition,53.0137780000,-1.3487650000
190000,2017-05-10 00:00:00Z,DE75 7YS,Detached,Established,Freehold,6,,ARDSLEY CLOSE,,HEANOR,AMBER VALLEY,DERBYSHIRE,Standard,Addition,53.0174200000,-1.3423900000
155000,2017-04-27 00:00:00Z,DE75 7AN,Semi-Detached,Established,Freehold,6,,ST LAWRENCE CLOSE,,HEANOR,AMBER VALLEY,DERBYSHIRE,Standard,Addition,53.0147370000,-1.3498240000
248000,2017-04-07 00:00:00Z,DE75 7TR,Detached,Established,Freehold,1,,LAWN CLOSE,,HEANOR,AMBER VALLEY,DERBYSHIRE,Standard,Addition,53.0166870000,-1.3481550000
150000,2017-05-05 00:00:00Z,DE75 7BB,Detached,Established,Freehold,47,,OAKLANDS AVENUE,,HEANOR,AMBER VALLEY,DERBYSHIRE,Standard,Addition,53.0155780000,-1.3409120000
175000,2017-04-28 00:00:00Z,DE75 7TR,Detached,Established,Freehold,5,,LAWN CLOSE,,HEANOR,AMBER VALLEY,DERBYSHIRE,Standard,Addition,53.0166870000,-1.3481550000
229950,2017-06-30 00:00:00Z,DE75 7TF,Detached,New Build,Freehold,29,,VARLEY CLOSE,,HEANOR,AMBER VALLEY,DERBYSHIRE,Standard,Addition,53.0144730000,-1.3441010000
100000,2017-08-25 00:00:00Z,DE75 7TH,Terraced,Established,Freehold,14,,ASTCOTE CLOSE,,HEANOR,AMBER VALLEY,DERBYSHIRE,Standard,Addition,53.0112000000,-1.3409490000
125000,2017-08-29 00:00:00Z,DE75 7AN,Semi-Detached,Established,Freehold,5,,ST LAWRENCE CLOSE,,HEANOR,AMBER VALLEY,DERBYSHIRE,Standard,Addition,53.0147370000,-1.3498240000
111000,2017-08-30 00:00:00Z,DE75 7HA,Semi-Detached,Established,Freehold,33,,HANDS ROAD,,HEANOR,AMBER VALLEY,DERBYSHIRE,Standard,Addition,53.0131870000,-1.3490870000
200000,2017-08-17 00:00:00Z,DE75 7AS,Semi-Detached,Established,Freehold,8,,GARNETT AVENUE,,HEANOR,AMBER VALLEY,DERBYSHIRE,Additional,Addition,53.0155300000,-1.3486340000
307000,2017-01-27 00:00:00Z,DE75 7HB,Detached,Established,Freehold,52,,HANDS ROAD,,HEANOR,AMBER VALLEY,DERBYSHIRE,Standard,Addition,53.0125200000,-1.3439100000
123000,2017-01-31 00:00:00Z,NG16 4BR,Terraced,Established,Freehold,5,,WILLIAMSON GARDENS,LANGLEY MILL,NOTTINGHAM,AMBER VALLEY,DERBYSHIRE,Standard,Addition,53.0182300000,-1.3410360000
134950,2017-01-27 00:00:00Z,DE75 7TB,Terraced,New Build,Freehold,41,,STONE AVENUE,,HEANOR,AMBER VALLEY,DERBYSHIRE,Standard,Addition,53.0137720000,-1.3441860000
185000,2017-01-20 00:00:00Z,DE75 7DT,Detached,Established,Freehold,100,,ILKESTON ROAD,,HEANOR,AMBER VALLEY,DERBYSHIRE,Standard,Addition,53.0103040000,-1.3497260000
144950,2017-01-20 00:00:00Z,DE75 7TB,Terraced,New Build,Freehold,43,,STONE AVENUE,,HEANOR,AMBER VALLEY,DERBYSHIRE,Standard,Addition,53.0137720000,-1.3441860000
77500,2018-01-12 00:00:00Z,DE75 7AU,Terraced,Established,Freehold,35,,HOWITT STREET,,HEANOR,AMBER VALLEY,DERBYSHIRE,Standard,Addition,53.0157570000,-1.3441740000
104950,2018-01-12 00:00:00Z,DE75 7AU,Terraced,Established,Freehold,19,,HOWITT STREET,,HEANOR,AMBER VALLEY,DERBYSHIRE,Standard,Addition,53.0157570000,-1.3441740000
136000,2018-08-30 00:00:00Z,DE75 7TB,Terraced,Established,Freehold,17,,STONE AVENUE,,HEANOR,AMBER VALLEY,DERBYSHIRE,Standard,Addition,53.0137720000,-1.3441860000
165000,2018-12-07 00:00:00Z,DE75 7WQ,Semi-Detached,New Build,Freehold,7,,BUTCHERS WAY,,HEANOR,AMBER VALLEY,DERBYSHIRE,Standard,Addition,53.0129810000,-1.3426480000
66000,2018-08-13 00:00:00Z,DE75 7AL,Other,Established,Freehold,67,,MANSFIELD ROAD,,HEANOR,AMBER VALLEY,DERBYSHIRE,Additional,Addition,53.0171880000,-1.3426140000
120000,2018-08-13 00:00:00Z,DE75 7DT,Other,Established,Freehold,19 - 21,,ILKESTON ROAD,,HEANOR,AMBER VALLEY,DERBYSHIRE,Additional,Addition,53.0103040000,-1.3497260000
630000,2018-07-24 00:00:00Z,DE75 7HB,Detached,Established,Freehold,63,,HANDS ROAD,,HEANOR,AMBER VALLEY,DERBYSHIRE,Additional,Addition,53.0125200000,-1.3439100000
85000,2018-04-11 00:00:00Z,DE75 7BA,Terraced,Established,Freehold,70,,HOLBROOK STREET,,HEANOR,AMBER VALLEY,DERBYSHIRE,Additional,Addition,53.0137850000,-1.3417890000
129950,2018-04-04 00:00:00Z,DE75 7HF,Terraced,Established,Freehold,50,,ELLA BANK ROAD,,HEANOR,AMBER VALLEY,DERBYSHIRE,Standard,Addition,53.0109620000,-1.3449770000
122500,2018-06-08 00:00:00Z,DE75 7AY,Detached,Established,Freehold,51,,HOLBROOK STREET,,HEANOR,AMBER VALLEY,DERBYSHIRE,Standard,Addition,53.0154890000,-1.3425350000
135000,2018-07-11 00:00:00Z,DE75 7AR,Semi-Detached,Established,Freehold,9,,WATSON AVENUE,,HEANOR,AMBER VALLEY,DERBYSHIRE,Standard,Addition,53.0159090000,-1.3488670000
146000,2018-08-08 00:00:00Z,DE75 7HS,Semi-Detached,Established,Freehold,60,,CLARAMOUNT ROAD,,HEANOR,AMBER VALLEY,DERBYSHIRE,Standard,Addition,53.0105640000,-1.3414210000
174000,2018-04-27 00:00:00Z,DE75 7TB,Detached,New Build,Freehold,3,,STONE AVENUE,,HEANOR,AMBER VALLEY,DERBYSHIRE,Standard,Addition,53.0137720000,-1.3441860000
140000,2018-04-27 00:00:00Z,DE75 7TF,Terraced,New Build,Freehold,6,,VARLEY CLOSE,,HEANOR,AMBER VALLEY,DERBYSHIRE,Standard,Addition,53.0144730000,-1.3441010000
210000,2018-08-10 00:00:00Z,DE75 7HB,Detached,Established,Freehold,5,,LEAFY LANE,,HEANOR,AMBER VALLEY,DERBYSHIRE,Standard,Addition,53.0125200000,-1.3439100000
134500,2018-05-18 00:00:00Z,NG16 4BR,Semi-Detached,Established,Freehold,16,,WILLIAMSON GARDENS,LANGLEY MILL,NOTTINGHAM,AMBER VALLEY,DERBYSHIRE,Standard,Addition,53.0182300000,-1.3410360000
270000,2018-08-10 00:00:00Z,DE75 7HB,Detached,Established,Freehold,3,,LEAFY LANE,,HEANOR,AMBER VALLEY,DERBYSHIRE,Standard,Addition,53.0125200000,-1.3439100000
230000,2018-07-12 00:00:00Z,DE75 7AW,Detached,Established,Freehold,93,,HOWITT STREET,,HEANOR,AMBER VALLEY,DERBYSHIRE,Standard,Addition,53.0146480000,-1.3466650000
92000,2018-09-20 00:00:00Z,DE75 7BA,Terraced,Established,Freehold,93,,HOLBROOK STREET,,HEANOR,AMBER VALLEY,DERBYSHIRE,Standard,Addition,53.0137850000,-1.3417890000
147000,2018-10-15 00:00:00Z,DE75 7HS,Semi-Detached,Established,Freehold,67,,CLARAMOUNT ROAD,,HEANOR,AMBER VALLEY,DERBYSHIRE,Standard,Addition,53.0105640000,-1.3414210000
250000,2018-10-01 00:00:00Z,DE75 7HB,Detached,Established,Freehold,66,,HANDS ROAD,,HEANOR,AMBER VALLEY,DERBYSHIRE,Standard,Addition,53.0125200000,-1.3439100000
163000,2018-08-28 00:00:00Z,DE75 7HF,Other,Established,Freehold,46,,ELLA BANK ROAD,,HEANOR,AMBER VALLEY,DERBYSHIRE,Additional,Addition,53.0109620000,-1.3449770000
143000,2018-02-23 00:00:00Z,DE75 7TQ,Semi-Detached,Established,Freehold,5,,NEWTON DRIVE,,HEANOR,AMBER VALLEY,DERBYSHIRE,Standard,Addition,53.0134050000,-1.3445190000
152950,2018-01-12 00:00:00Z,DE75 7TF,Semi-Detached,New Build,Freehold,14,,VARLEY CLOSE,,HEANOR,AMBER VALLEY,DERBYSHIRE,Standard,Addition,53.0144730000,-1.3441010000
150950,2018-01-26 00:00:00Z,DE75 7TF,Semi-Detached,New Build,Freehold,12,,VARLEY CLOSE,,HEANOR,AMBER VALLEY,DERBYSHIRE,Standard,Addition,53.0144730000,-1.3441010000
160000,2018-06-29 00:00:00Z,DE75 7AQ,Terraced,Established,Freehold,54,,MANSFIELD ROAD,,HEANOR,AMBER VALLEY,DERBYSHIRE,Additional,Addition,53.0163190000,-1.3450150000
195000,2018-08-10 00:00:00Z,DE75 7AW,Detached,Established,Freehold,76,,HOWITT STREET,,HEANOR,AMBER VALLEY,DERBYSHIRE,Standard,Addition,53.0146480000,-1.3466650000
93000,2018-07-20 00:00:00Z,DE75 7BB,Terraced,Established,Freehold,4,,OAKLANDS AVENUE,,HEANOR,AMBER VALLEY,DERBYSHIRE,Additional,Addition,53.0155780000,-1.3409120000
460000,2018-01-05 00:00:00Z,DE75 7DT,Detached,Established,Freehold,34,,ILKESTON ROAD,,HEANOR,AMBER VALLEY,DERBYSHIRE,Additional,Addition,53.0103040000,-1.3497260000
106000,2018-12-07 00:00:00Z,DE75 7BB,Terraced,Established,Freehold,25,,OAKLANDS AVENUE,,HEANOR,AMBER VALLEY,DERBYSHIRE,Standard,Addition,53.0155780000,-1.3409120000
165000,2018-11-30 00:00:00Z,DE75 7WQ,Terraced,New Build,Freehold,10,,BUTCHERS WAY,,HEANOR,AMBER VALLEY,DERBYSHIRE,Standard,Addition,53.0129810000,-1.3426480000
229950,2018-04-20 00:00:00Z,DE75 7TF,Detached,New Build,Freehold,7,,VARLEY CLOSE,,HEANOR,AMBER VALLEY,DERBYSHIRE,Standard,Addition,53.0144730000,-1.3441010000
155000,2018-12-20 00:00:00Z,DE75 7HS,Semi-Detached,Established,Freehold,19,,CLARAMOUNT ROAD,,HEANOR,AMBER VALLEY,DERBYSHIRE,Standard,Addition,53.0105640000,-1.3414210000
79000,2018-11-30 00:00:00Z,DE75 7HF,Terraced,Established,Freehold,44A,,ELLA BANK ROAD,,HEANOR,AMBER VALLEY,DERBYSHIRE,Standard,Addition,53.0109620000,-1.3449770000
137000,2018-11-16 00:00:00Z,DE75 7WF,Semi-Detached,Established,Freehold,5,,POTTERS HILL VIEW,,HEANOR,AMBER VALLEY,DERBYSHIRE,Standard,Addition,53.0117620000,-1.3418200000
163000,2018-12-21 00:00:00Z,DE75 7AQ,Terraced,Established,Freehold,54,,MANSFIELD ROAD,,HEANOR,AMBER VALLEY,DERBYSHIRE,Standard,Addition,53.0163190000,-1.3450150000
187950,2018-09-14 00:00:00Z,DE75 7TB,Detached,New Build,Freehold,2,,STONE AVENUE,,HEANOR,AMBER VALLEY,DERBYSHIRE,Standard,Addition,53.0137720000,-1.3441860000
110000,2018-10-25 00:00:00Z,DE75 7BB,Terraced,Established,Freehold,24,,OAKLANDS AVENUE,,HEANOR,AMBER VALLEY,DERBYSHIRE,Standard,Addition,53.0155780000,-1.3409120000
122500,2018-11-23 00:00:00Z,DE75 7SX,Terraced,Established,Freehold,12,,LOWLANDS LEA,,HEANOR,AMBER VALLEY,DERBYSHIRE,Standard,Addition,53.0178710000,-1.3492400000
140000,2018-10-31 00:00:00Z,DE75 7AU,Semi-Detached,Established,Freehold,61,,HOWITT STREET,,HEANOR,AMBER VALLEY,DERBYSHIRE,Standard,Addition,53.0157570000,-1.3441740000
121400,2018-12-21 00:00:00Z,DE75 7AU,Terraced,Established,Freehold,35,,HOWITT STREET,,HEANOR,AMBER VALLEY,DERBYSHIRE,Standard,Addition,53.0157570000,-1.3441740000
127500,2018-11-22 00:00:00Z,DE75 7AQ,Terraced,Established,Freehold,61,,MANSFIELD ROAD,,HEANOR,AMBER VALLEY,DERBYSHIRE,Standard,Addition,53.0163190000,-1.3450150000
250000,2018-11-08 00:00:00Z,DE75 7TR,Detached,Established,Freehold,27,,LAWN CLOSE,,HEANOR,AMBER VALLEY,DERBYSHIRE,Standard,Addition,53.0166870000,-1.3481550000
252500,2018-09-28 00:00:00Z,DE75 7TB,Detached,Established,Freehold,24,,STONE AVENUE,,HEANOR,AMBER VALLEY,DERBYSHIRE,Standard,Addition,53.0137720000,-1.3441860000
255000,2018-11-05 00:00:00Z,DE75 7TF,Detached,Established,Freehold,25,,VARLEY CLOSE,,HEANOR,AMBER VALLEY,DERBYSHIRE,Standard,Addition,53.0144730000,-1.3441010000
100000,2018-11-30 00:00:00Z,DE75 7AX,Terraced,Established,Freehold,21,,STARTHE BANK,,HEANOR,AMBER VALLEY,DERBYSHIRE,Standard,Addition,53.0136560000,-1.3462620000
172500,2018-12-19 00:00:00Z,DE75 7AN,Semi-Detached,Established,Freehold,16,,ST LAWRENCE CLOSE,,HEANOR,AMBER VALLEY,DERBYSHIRE,Standard,Addition,53.0147370000,-1.3498240000
165000,2018-10-10 00:00:00Z,DE75 7WQ,Semi-Detached,New Build,Freehold,4,,"BUTCHERS WAY, HANDS ROAD",,HEANOR,AMBER VALLEY,DERBYSHIRE,Standard,Addition,53.0129810000,-1.3426480000
165000,2018-10-12 00:00:00Z,DE75 7WQ,Semi-Detached,New Build,Freehold,2,,BUTCHERS WAY,,HEANOR,AMBER VALLEY,DERBYSHIRE,Standard,Addition,53.0129810000,-1.3426480000
165000,2018-10-19 00:00:00Z,DE75 7WQ,Semi-Detached,New Build,Freehold,6,,BUTCHERS WAY,,HEANOR,AMBER VALLEY,DERBYSHIRE,Standard,Addition,53.0129810000,-1.3426480000
122500,2018-11-23 00:00:00Z,DE75 7HS,Terraced,Established,Freehold,41,,CLARAMOUNT ROAD,,HEANOR,AMBER VALLEY,DERBYSHIRE,Standard,Addition,53.0105640000,-1.3414210000
165000,2018-11-01 00:00:00Z,DE75 7WQ,Semi-Detached,New Build,Freehold,5,,"BUTCHERS WAY, HANDS ROAD",,HEANOR,AMBER VALLEY,DERBYSHIRE,Standard,Addition,53.0129810000,-1.3426480000
108000,2018-11-06 00:00:00Z,DE75 7TT,Terraced,Established,Freehold,16,,UPTON CLOSE,,HEANOR,AMBER VALLEY,DERBYSHIRE,Standard,Addition,53.0119740000,-1.3411310000
141000,2018-11-23 00:00:00Z,NG16 4BR,Semi-Detached,Established,Freehold,20,,WILLIAMSON GARDENS,LANGLEY MILL,NOTTINGHAM,AMBER VALLEY,DERBYSHIRE,Standard,Addition,53.0182300000,-1.3410360000
78000,2018-12-14 00:00:00Z,DE75 7BA,Terraced,Established,Freehold,74,,HOLBROOK STREET,,HEANOR,AMBER VALLEY,DERBYSHIRE,Standard,Addition,53.0137850000,-1.3417890000
234950,2018-02-23 00:00:00Z,DE75 7TF,Detached,New Build,Freehold,10,,VARLEY CLOSE,,HEANOR,AMBER VALLEY,DERBYSHIRE,Standard,Addition,53.0144730000,-1.3441010000
257950,2018-03-23 00:00:00Z,DE75 7TF,Detached,New Build,Freehold,8,,VARLEY CLOSE,,HEANOR,AMBER VALLEY,DERBYSHIRE,Standard,Addition,53.0144730000,-1.3441010000
222500,2018-03-16 00:00:00Z,DE75 7YY,Detached,Established,Freehold,5,,CARLTON CLOSE,,HEANOR,AMBER VALLEY,DERBYSHIRE,Standard,Addition,53.0183890000,-1.3436870000
130000,2018-11-22 00:00:00Z,DE75 7AP,Semi-Detached,Established,Freehold,7,,GRACE CRESCENT,,HEANOR,AMBER VALLEY,DERBYSHIRE,Standard,Addition,53.0137780000,-1.3487650000
200000,2018-02-20 00:00:00Z,DE75 7HS,Semi-Detached,Established,Freehold,54,,CLARAMOUNT ROAD,,HEANOR,AMBER VALLEY,DERBYSHIRE,Standard,Addition,53.0105640000,-1.3414210000
167950,2018-03-23 00:00:00Z,DE75 7AS,Semi-Detached,Established,Freehold,9,,GARNETT AVENUE,,HEANOR,AMBER VALLEY,DERBYSHIRE,Standard,Addition,53.0155300000,-1.3486340000
190000,2018-02-16 00:00:00Z,NG16 4BG,Other,Established,Freehold,7,,STATION ROAD,LANGLEY MILL,NOTTINGHAM,AMBER VALLEY,DERBYSHIRE,Additional,Addition,53.0182430000,-1.3400520000
165000,2018-02-28 00:00:00Z,DE75 7HS,Semi-Detached,Established,Freehold,60,,CLARAMOUNT ROAD,,HEANOR,AMBER VALLEY,DERBYSHIRE,Additional,Addition,53.0105640000,-1.3414210000
202450,2018-03-26 00:00:00Z,DE75 7TF,Detached,New Build,Freehold,9,,VARLEY CLOSE,,HEANOR,AMBER VALLEY,DERBYSHIRE,Standard,Addition,53.0144730000,-1.3441010000
78000,2018-05-25 00:00:00Z,DE75 7BA,Terraced,Established,Freehold,98,,HOLBROOK STREET,,HEANOR,AMBER VALLEY,DERBYSHIRE,Standard,Addition,53.0137850000,-1.3417890000
145000,2018-02-01 00:00:00Z,DE75 7HB,Semi-Detached,Established,Freehold,158,,HANDS ROAD,,HEANOR,AMBER VALLEY,DERBYSHIRE,Standard,Addition,53.0125200000,-1.3439100000
117700,2018-05-31 00:00:00Z,DE75 7TF,Terraced,New Build,Freehold,1,,VARLEY CLOSE,,HEANOR,AMBER VALLEY,DERBYSHIRE,Standard,Addition,53.0144730000,-1.3441010000
210000,2018-09-14 00:00:00Z,DE75 7TR,Detached,Established,Freehold,3,,LAWN CLOSE,,HEANOR,AMBER VALLEY,DERBYSHIRE,Standard,Addition,53.0166870000,-1.3481550000
119450,2018-05-25 00:00:00Z,DE75 7TF,Terraced,New Build,Freehold,5,,VARLEY CLOSE,,HEANOR,AMBER VALLEY,DERBYSHIRE,Standard,Addition,53.0144730000,-1.3441010000
132950,2018-05-25 00:00:00Z,DE75 7TF,Terraced,New Build,Freehold,4,,VARLEY CLOSE,,HEANOR,AMBER VALLEY,DERBYSHIRE,Standard,Addition,53.0144730000,-1.3441010000
143500,2018-06-29 00:00:00Z,DE75 7TF,Terraced,New Build,Freehold,2,,VARLEY CLOSE,,HEANOR,AMBER VALLEY,DERBYSHIRE,Standard,Addition,53.0144730000,-1.3441010000
210000,2018-09-21 00:00:00Z,DE75 7YT,Detached,Established,Freehold,3,,BRAMPTON AVENUE,,HEANOR,AMBER VALLEY,DERBYSHIRE,Standard,Addition,53.0178170000,-1.3428010000
249950,2018-07-26 00:00:00Z,DE75 7TB,Detached,New Build,Freehold,1,,STONE AVENUE,,HEANOR,AMBER VALLEY,DERBYSHIRE,Standard,Addition,53.0137720000,-1.3441860000
89000,2018-08-17 00:00:00Z,DE75 7TH,Terraced,Established,Freehold,23,,ASTCOTE CLOSE,,HEANOR,AMBER VALLEY,DERBYSHIRE,Standard,Addition,53.0112000000,-1.3409490000
115000,2018-05-01 00:00:00Z,DE75 7BB,Semi-Detached,Established,Freehold,33,,OAKLANDS AVENUE,,HEANOR,AMBER VALLEY,DERBYSHIRE,Standard,Addition,53.0155780000,-1.3409120000
110000,2018-05-04 00:00:00Z,DE75 7HF,Terraced,Established,Freehold,32,,ELLA BANK ROAD,,HEANOR,AMBER VALLEY,DERBYSHIRE,Standard,Addition,53.0109620000,-1.3449770000
110000,2018-04-20 00:00:00Z,DE75 7BD,Terraced,Established,Freehold,7,,ELMSFIELD AVENUE,,HEANOR,AMBER VALLEY,DERBYSHIRE,Standard,Addition,53.0161890000,-1.3409770000
77500,2018-05-03 00:00:00Z,DE75 7BD,Semi-Detached,Established,Freehold,24,,ELMSFIELD AVENUE,,HEANOR,AMBER VALLEY,DERBYSHIRE,Standard,Addition,53.0161890000,-1.3409770000
184950,2018-06-22 00:00:00Z,DE75 7TF,Detached,New Build,Freehold,3,,VARLEY CLOSE,,HEANOR,AMBER VALLEY,DERBYSHIRE,Standard,Addition,53.0144730000,-1.3441010000
139950,2018-06-05 00:00:00Z,DE75 7TB,Terraced,New Build,Freehold,20,,STONE AVENUE,,HEANOR,AMBER VALLEY,DERBYSHIRE,Standard,Addition,53.0137720000,-1.3441860000
125000,2018-12-21 00:00:00Z,DE75 7HB,Other,Established,Freehold,"THE BUTCHERS ARMS, 127",,HANDS ROAD,,HEANOR,AMBER VALLEY,DERBYSHIRE,Additional,Addition,53.0125200000,-1.3439100000
152000,2018-12-17 00:00:00Z,DE75 7AX,Other,Established,Freehold,THE WILLOWS,,STARTHE BANK,,HEANOR,AMBER VALLEY,DERBYSHIRE,Additional,Addition,53.0136560000,-1.3462620000
113500,2018-03-16 00:00:00Z,DE75 7BD,Terraced,Established,Freehold,23,,ELMSFIELD AVENUE,,HEANOR,AMBER VALLEY,DERBYSHIRE,Standard,Addition,53.0161890000,-1.3409770000
140000,2018-04-09 00:00:00Z,DE75 7AY,Semi-Detached,New Build,Freehold,49,,HOLBROOK STREET,,HEANOR,AMBER VALLEY,DERBYSHIRE,Standard,Addition,53.0154890000,-1.3425350000
140000,2018-04-12 00:00:00Z,DE75 7TR,Detached,Established,Freehold,4,,LAWN CLOSE,,HEANOR,AMBER VALLEY,DERBYSHIRE,Standard,Addition,53.0166870000,-1.3481550000
225000,2018-03-16 00:00:00Z,DE75 7HF,Semi-Detached,Established,Freehold,53,,ELLA BANK ROAD,,HEANOR,AMBER VALLEY,DERBYSHIRE,Standard,Addition,53.0109620000,-1.3449770000
155000,2018-03-23 00:00:00Z,DE75 7BB,Detached,Established,Freehold,66,,OAKLANDS AVENUE,,HEANOR,AMBER VALLEY,DERBYSHIRE,Standard,Addition,53.0155780000,-1.3409120000
185000,2019-10-30 00:00:00Z,DE75 7HF,Detached,Established,Freehold,24,,ELLA BANK ROAD,,HEANOR,AMBER VALLEY,DERBYSHIRE,Standard,Addition,53.0109620000,-1.3449770000
120000,2019-10-25 00:00:00Z,DE75 7TH,Terraced,Established,Freehold,17,,ASTCOTE CLOSE,,HEANOR,AMBER VALLEY,DERBYSHIRE,Standard,Addition,53.0112000000,-1.3409490000
212250,2019-12-03 00:00:00Z,DE75 7AW,Detached,Established,Freehold,88,,HOWITT STREET,,HEANOR,AMBER VALLEY,DERBYSHIRE,Standard,Addition,53.0146480000,-1.3466650000
12000,2019-04-17 00:00:00Z,DE75 7AT,Other,Established,Leasehold,2,,MARSHALL STREET,,HEANOR,AMBER VALLEY,DERBYSHIRE,Additional,Addition,53.0172950000,-1.3458350000
152000,2019-09-20 00:00:00Z,DE75 7TQ,Semi-Detached,Established,Freehold,5,,NEWTON DRIVE,,HEANOR,AMBER VALLEY,DERBYSHIRE,Standard,Addition,53.0134050000,-1.3445190000
168000,2019-10-13 00:00:00Z,DE75 7AU,Terraced,Established,Freehold,4,,HOWITT STREET,,HEANOR,AMBER VALLEY,DERBYSHIRE,Standard,Addition,53.0157570000,-1.3441740000
130000,2019-07-19 00:00:00Z,DE75 7BA,Terraced,Established,Freehold,64,,HOLBROOK STREET,,HEANOR,AMBER VALLEY,DERBYSHIRE,Standard,Addition,53.0137850000,-1.3417890000
113000,2019-07-19 00:00:00Z,DE75 7HF,Semi-Detached,Established,Freehold,68,,ELLA BANK ROAD,,HEANOR,AMBER VALLEY,DERBYSHIRE,Standard,Addition,53.0109620000,-1.3449770000
275000,2019-08-05 00:00:00Z,DE75 7HS,Detached,Established,Freehold,33,,CLARAMOUNT ROAD,,HEANOR,AMBER VALLEY,DERBYSHIRE,Standard,Addition,53.0105640000,-1.3414210000
120000,2019-07-26 00:00:00Z,DE75 7TH,Semi-Detached,Established,Freehold,6,,ASTCOTE CLOSE,,HEANOR,AMBER VALLEY,DERBYSHIRE,Standard,Addition,53.0112000000,-1.3409490000
111000,2019-07-05 00:00:00Z,DE75 7TH,Terraced,Established,Freehold,4,,ASTCOTE CLOSE,,HEANOR,AMBER VALLEY,DERBYSHIRE,Additional,Addition,53.0112000000,-1.3409490000
190000,2019-08-02 00:00:00Z,DE75 7HA,Semi-Detached,Established,Freehold,27,,HANDS ROAD,,HEANOR,AMBER VALLEY,DERBYSHIRE,Standard,Addition,53.0131870000,-1.3490870000
125000,2019-06-27 00:00:00Z,DE75 7HS,Detached,Established,Freehold,37,,CLARAMOUNT ROAD,,HEANOR,AMBER VALLEY,DERBYSHIRE,Standard,Addition,53.0105640000,-1.3414210000
164000,2019-06-28 00:00:00Z,DE75 7AQ,Terraced,Established,Freehold,51,,MANSFIELD ROAD,,HEANOR,AMBER VALLEY,DERBYSHIRE,Standard,Addition,53.0163190000,-1.3450150000
170000,2019-04-18 00:00:00Z,DE75 7AU,Detached,Established,Freehold,1A,,HOWITT STREET,,HEANOR,AMBER VALLEY,DERBYSHIRE,Standard,Addition,53.0157570000,-1.3441740000
130000,2019-04-17 00:00:00Z,DE75 7TB,Terraced,Established,Freehold,15,,STONE AVENUE,,HEANOR,AMBER VALLEY,DERBYSHIRE,Standard,Addition,53.0137720000,-1.3441860000
139000,2019-03-01 00:00:00Z,DE75 7TQ,Semi-Detached,Established,Freehold,8,,NEWTON DRIVE,,HEANOR,AMBER VALLEY,DERBYSHIRE,Standard,Addition,53.0134050000,-1.3445190000
160000,2019-01-22 00:00:00Z,DE75 7WQ,Terraced,New Build,Freehold,9,,BUTCHERS WAY,,HEANOR,AMBER VALLEY,DERBYSHIRE,Standard,Addition,53.0129810000,-1.3426480000
165000,2019-02-15 00:00:00Z,DE75 7WQ,Semi-Detached,New Build,Freehold,3,,BUTCHERS WAY,,HEANOR,AMBER VALLEY,DERBYSHIRE,Standard,Addition,53.0129810000,-1.3426480000
110000,2019-04-18 00:00:00Z,DE75 7TT,Terraced,Established,Freehold,18,,UPTON CLOSE,,HEANOR,AMBER VALLEY,DERBYSHIRE,Standard,Addition,53.0119740000,-1.3411310000
165000,2019-04-18 00:00:00Z,DE75 7WQ,Terraced,New Build,Freehold,8,,BUTCHERS WAY,,HEANOR,AMBER VALLEY,DERBYSHIRE,Standard,Addition,53.0129810000,-1.3426480000
163500,2019-04-18 00:00:00Z,DE75 7BD,Detached,Established,Freehold,43,,ELMSFIELD AVENUE,,HEANOR,AMBER VALLEY,DERBYSHIRE,Standard,Addition,53.0161890000,-1.3409770000
170000,2019-09-11 00:00:00Z,DE75 7HA,Semi-Detached,Established,Freehold,29,,HANDS ROAD,,HEANOR,AMBER VALLEY,DERBYSHIRE,Standard,Addition,53.0131870000,-1.3490870000
113000,2019-04-03 00:00:00Z,DE75 7AT,Terraced,Established,Freehold,14,,MARSHALL STREET,,HEANOR,AMBER VALLEY,DERBYSHIRE,Standard,Addition,53.0172950000,-1.3458350000
102000,2019-05-15 00:00:00Z,DE75 7BD,Terraced,Established,Freehold,8,,ELMSFIELD AVENUE,,HEANOR,AMBER VALLEY,DERBYSHIRE,Standard,Addition,53.0161890000,-1.3409770000
195000,2019-02-15 00:00:00Z,DE75 7AQ,Semi-Detached,Established,Freehold,9,,MANSFIELD ROAD,,HEANOR,AMBER VALLEY,DERBYSHIRE,Standard,Addition,53.0163190000,-1.3450150000
60000,2019-01-30 00:00:00Z,DE75 7BD,Terraced,Established,Freehold,34,,ELMSFIELD AVENUE,,HEANOR,AMBER VALLEY,DERBYSHIRE,Standard,Addition,53.0161890000,-1.3409770000
125000,2019-04-18 00:00:00Z,DE75 7AT,Semi-Detached,Established,Freehold,52,,MARSHALL STREET,,HEANOR,AMBER VALLEY,DERBYSHIRE,Standard,Addition,53.0172950000,-1.3458350000
120000,2019-03-08 00:00:00Z,NG16 4BR,Terraced,Established,Freehold,9,,WILLIAMSON GARDENS,LANGLEY MILL,NOTTINGHAM,AMBER VALLEY,DERBYSHIRE,Standard,Addition,53.0182300000,-1.3410360000
85000,2019-03-29 00:00:00Z,DE75 7SU,Terraced,Established,Freehold,72,,JOHNSON DRIVE,,HEANOR,AMBER VALLEY,DERBYSHIRE,Standard,Addition,53.0178630000,-1.3478980000
155000,2019-10-10 00:00:00Z,DE75 7AY,Terraced,Established,Freehold,58,,HOLBROOK STREET,,HEANOR,AMBER VALLEY,DERBYSHIRE,Standard,Addition,53.0154890000,-1.3425350000
95000,2019-11-08 00:00:00Z,DE75 7AX,Terraced,Established,Freehold,8,,STARTHE BANK,,HEANOR,AMBER VALLEY,DERBYSHIRE,Standard,Addition,53.0136560000,-1.3462620000
110000,2019-10-25 00:00:00Z,DE75 7AY,Terraced,Established,Freehold,77,,HOLBROOK STREET,,HEANOR,AMBER VALLEY,DERBYSHIRE,Standard,Addition,53.0154890000,-1.3425350000
135000,2019-11-07 00:00:00Z,DE75 7HS,Detached,Established,Freehold,27,,CLARAMOUNT ROAD,,HEANOR,AMBER VALLEY,DERBYSHIRE,Standard,Addition,53.0105640000,-1.3414210000
129950,2019-09-20 00:00:00Z,DE75 7HD,Detached,Established,Freehold,157,,HANDS ROAD,,HEANOR,AMBER VALLEY,DERBYSHIRE,Standard,Addition,53.0129080000,-1.3409380000
175000,2019-12-03 00:00:00Z,DE75 7AN,Detached,Established,Freehold,8,,ST LAWRENCE CLOSE,,HEANOR,AMBER VALLEY,DERBYSHIRE,Standard,Addition,53.0147370000,-1.3498240000
128000,2019-12-20 00:00:00Z,DE75 7TB,Terraced,Established,Freehold,37,,STONE AVENUE,,HEANOR,AMBER VALLEY,DERBYSHIRE,Standard,Addition,53.0137720000,-1.3441860000
145000,2019-11-22 00:00:00Z,DE75 7TF,Terraced,Established,Freehold,6,,VARLEY CLOSE,,HEANOR,AMBER VALLEY,DERBYSHIRE,Standard,Addition,53.0144730000,-1.3441010000
154000,2019-07-12 00:00:00Z,DE75 7AP,Semi-Detached,Established,Freehold,6,,GRACE CRESCENT,,HEANOR,AMBER VALLEY,DERBYSHIRE,Standard,Addition,53.0137780000,-1.3487650000
123000,2019-06-21 00:00:00Z,DE75 7BA,Terraced,Established,Freehold,82,,HOLBROOK STREET,,HEANOR,AMBER VALLEY,DERBYSHIRE,Standard,Addition,53.0137850000,-1.3417890000
103000,2019-06-24 00:00:00Z,DE75 7BA,Terraced,Established,Freehold,104,,HOLBROOK STREET,,HEANOR,AMBER VALLEY,DERBYSHIRE,Standard,Addition,53.0137850000,-1.3417890000
550000,2019-03-29 00:00:00Z,DE75 7HB,Other,Established,Freehold,"THE BUTCHERS ARMS, 127",,HANDS ROAD,,HEANOR,AMBER VALLEY,DERBYSHIRE,Additional,Addition,53.0125200000,-1.3439100000
90000,2019-05-31 00:00:00Z,DE75 7BA,Terraced,Established,Freehold,93,,HOLBROOK STREET,,HEANOR,AMBER VALLEY,DERBYSHIRE,Standard,Addition,53.0137850000,-1.3417890000
132000,2019-05-24 00:00:00Z,DE75 7BD,Detached,Established,Freehold,1,,ELMSFIELD AVENUE,,HEANOR,AMBER VALLEY,DERBYSHIRE,Standard,Addition,53.0161890000,-1.3409770000
102000,2019-06-14 00:00:00Z,DE75 7TR,Semi-Detached,Established,Freehold,17,,LAWN CLOSE,,HEANOR,AMBER VALLEY,DERBYSHIRE,Standard,Addition,53.0166870000,-1.3481550000
118000,2019-10-04 00:00:00Z,DE75 7BD,Terraced,Established,Freehold,23,,ELMSFIELD AVENUE,,HEANOR,AMBER VALLEY,DERBYSHIRE,Standard,Addition,53.0161890000,-1.3409770000
191000,2019-08-29 00:00:00Z,DE75 7TQ,Semi-Detached,Established,Freehold,3,,NEWTON DRIVE,,HEANOR,AMBER VALLEY,DERBYSHIRE,Standard,Addition,53.0134050000,-1.3445190000
158000,2019-03-07 00:00:00Z,DE75 7AY,Semi-Detached,Established,Freehold,12,,HOLBROOK STREET,,HEANOR,AMBER VALLEY,DERBYSHIRE,Standard,Addition,53.0154890000,-1.3425350000
157000,2019-02-04 00:00:00Z,NG16 4BR,Terraced,Established,Freehold,4,,WILLIAMSON GARDENS,LANGLEY MILL,NOTTINGHAM,AMBER VALLEY,DERBYSHIRE,Additional,Addition,53.0182300000,-1.3410360000
200000,2019-02-15 00:00:00Z,DE75 7YR,Detached,Established,Freehold,2,,GREENACRE AVENUE,,HEANOR,AMBER VALLEY,DERBYSHIRE,Standard,Addition,53.0184030000,-1.3429410000
180000,2019-08-22 00:00:00Z,DE75 7WQ,Detached,Established,Freehold,14,,BUTCHERS WAY,,HEANOR,AMBER VALLEY,DERBYSHIRE,Standard,Addition,53.0129810000,-1.3426480000
184000,2019-04-18 00:00:00Z,DE75 7TB,Detached,Established,Freehold,5,,STONE AVENUE,,HEANOR,AMBER VALLEY,DERBYSHIRE,Standard,Addition,53.0137720000,-1.3441860000
135000,2019-07-19 00:00:00Z,DE75 7TQ,Terraced,Established,Freehold,11,,NEWTON DRIVE,,HEANOR,AMBER VALLEY,DERBYSHIRE,Standard,Addition,53.0134050000,-1.3445190000
120000,2019-08-28 00:00:00Z,DE75 7AP,Semi-Detached,Established,Freehold,11,,GRACE CRESCENT,,HEANOR,AMBER VALLEY,DERBYSHIRE,Standard,Addition,53.0137780000,-1.3487650000
115000,2019-08-30 00:00:00Z,DE75 7BB,Terraced,Established,Freehold,19,,OAKLANDS AVENUE,,HEANOR,AMBER VALLEY,DERBYSHIRE,Standard,Addition,53.0155780000,-1.3409120000
146000,2020-06-26 00:00:00Z,NG16 4BR,Terraced,Established,Freehold,14,,WILLIAMSON GARDENS,LANGLEY MILL,NOTTINGHAM,AMBER VALLEY,DERBYSHIRE,Standard,Addition,53.0182300000,-1.3410360000
128500,2020-06-03 00:00:00Z,DE75 7TH,Semi-Detached,Established,Freehold,8,,ASTCOTE CLOSE,,HEANOR,AMBER VALLEY,DERBYSHIRE,Standard,Addition,53.0112000000,-1.3409490000
134000,2020-05-28 00:00:00Z,DE75 7TT,Semi-Detached,Established,Freehold,2,,UPTON CLOSE,,HEANOR,AMBER VALLEY,DERBYSHIRE,Standard,Addition,53.0119740000,-1.3411310000
145000,2020-05-29 00:00:00Z,DE75 7BA,Semi-Detached,Established,Freehold,125,,HOLBROOK STREET,,HEANOR,AMBER VALLEY,DERBYSHIRE,Standard,Addition,53.0137850000,-1.3417890000
135000,2020-12-22 00:00:00Z,DE75 7TH,Semi-Detached,Established,Freehold,29,,ASTCOTE CLOSE,,HEANOR,AMBER VALLEY,DERBYSHIRE,Standard,Addition,53.0112000000,-1.3409490000
95000,2020-08-28 00:00:00Z,DE75 7BA,Terraced,Established,Freehold,78,,HOLBROOK STREET,,HEANOR,AMBER VALLEY,DERBYSHIRE,Standard,Addition,53.0137850000,-1.3417890000
217500,2020-07-03 00:00:00Z,DE75 7TB,Detached,Established,Freehold,10,,STONE AVENUE,,HEANOR,AMBER VALLEY,DERBYSHIRE,Standard,Addition,53.0137720000,-1.3441860000
68000,2020-07-28 00:00:00Z,DE75 7TH,Terraced,Established,Freehold,40,,ASTCOTE CLOSE,,HEANOR,AMBER VALLEY,DERBYSHIRE,Standard,Addition,53.0112000000,-1.3409490000
214000,2020-07-03 00:00:00Z,DE75 7HF,Detached,Established,Freehold,18,,ELLA BANK ROAD,,HEANOR,AMBER VALLEY,DERBYSHIRE,Standard,Addition,53.0109620000,-1.3449770000
136000,2020-07-24 00:00:00Z,DE75 7BA,Terraced,Established,Freehold,66,,HOLBROOK STREET,,HEANOR,AMBER VALLEY,DERBYSHIRE,Standard,Addition,53.0137850000,-1.3417890000
119950,2020-12-14 00:00:00Z,DE75 7AX,Terraced,Established,Freehold,15,,STARTHE BANK,,HEANOR,AMBER VALLEY,DERBYSHIRE,Standard,Addition,53.0136560000,-1.3462620000
120000,2020-11-05 00:00:00Z,DE75 7AY,Terraced,Established,Freehold,18,,HOLBROOK STREET,,HEANOR,AMBER VALLEY,DERBYSHIRE,Standard,Addition,53.0154890000,-1.3425350000
75000,2020-10-07 00:00:00Z,DE75 7TH,Semi-Detached,Established,Freehold,26,,ASTCOTE CLOSE,,HEANOR,AMBER VALLEY,DERBYSHIRE,Standard,Addition,53.0112000000,-1.3409490000
130000,2020-07-02 00:00:00Z,DE75 7AY,Terraced,Established,Freehold,42,,HOLBROOK STREET,,HEANOR,AMBER VALLEY,DERBYSHIRE,Standard,Addition,53.0154890000,-1.3425350000
146995,2020-10-09 00:00:00Z,DE75 7AP,Semi-Detached,Established,Freehold,16,,GRACE CRESCENT,,HEANOR,AMBER VALLEY,DERBYSHIRE,Standard,Addition,53.0137780000,-1.3487650000
135000,2020-10-14 00:00:00Z,NG16 4BR,Semi-Detached,Established,Freehold,18,,WILLIAMSON GARDENS,LANGLEY MILL,NOTTINGHAM,AMBER VALLEY,DERBYSHIRE,Additional,Addition,53.0182300000,-1.3410360000
76000,2020-02-20 00:00:00Z,DE75 7BA,Terraced,Established,Freehold,95,,HOLBROOK STREET,,HEANOR,AMBER VALLEY,DERBYSHIRE,Standard,Addition,53.0137850000,-1.3417890000
210000,2020-10-09 00:00:00Z,DE75 7HA,Semi-Detached,Established,Freehold,20,,HANDS ROAD,,HEANOR,AMBER VALLEY,DERBYSHIRE,Standard,Addition,53.0131870000,-1.3490870000
105000,2020-03-17 00:00:00Z,DE75 7BA,Terraced,Established,Freehold,98,,HOLBROOK STREET,,HEANOR,AMBER VALLEY,DERBYSHIRE,Standard,Addition,53.0137850000,-1.3417890000
161500,2020-03-10 00:00:00Z,DE75 7AW,Detached,Established,Freehold,88A,,HOWITT STREET,,HEANOR,AMBER VALLEY,DERBYSHIRE,Standard,Addition,53.0146480000,-1.3466650000
114000,2020-02-14 00:00:00Z,DE75 7BD,Terraced,Established,Freehold,34,,ELMSFIELD AVENUE,,HEANOR,AMBER VALLEY,DERBYSHIRE,Standard,Addition,53.0161890000,-1.3409770000
130000,2020-02-06 00:00:00Z,DE75 7HF,Detached,Established,Freehold,2,,ELLA BANK ROAD,,HEANOR,AMBER VALLEY,DERBYSHIRE,Standard,Addition,53.0109620000,-1.3449770000
180000,2020-04-02 00:00:00Z,DE75 7AQ,Semi-Detached,Established,Freehold,7,,MANSFIELD ROAD,,HEANOR,AMBER VALLEY,DERBYSHIRE,Standard,Addition,53.0163190000,-1.3450150000
185000,2020-06-19 00:00:00Z,DE75 7HS,Semi-Detached,Established,Freehold,62,,CLARAMOUNT ROAD,,HEANOR,AMBER VALLEY,DERBYSHIRE,Standard,Addition,53.0105640000,-1.3414210000
190000,2020-03-24 00:00:00Z,DE75 7TR,Detached,Established,Freehold,25,,LAWN CLOSE,,HEANOR,AMBER VALLEY,DERBYSHIRE,Standard,Addition,53.0166870000,-1.3481550000
247500,2020-03-13 00:00:00Z,DE75 7YS,Detached,Established,Freehold,18,,ARDSLEY CLOSE,,HEANOR,AMBER VALLEY,DERBYSHIRE,Standard,Addition,53.0174200000,-1.3423900000
104000,2020-03-10 00:00:00Z,DE75 7AU,Terraced,Established,Freehold,43,,HOWITT STREET,,HEANOR,AMBER VALLEY,DERBYSHIRE,Standard,Addition,53.0157570000,-1.3441740000
152000,2020-04-30 00:00:00Z,DE75 7AY,Semi-Detached,Established,Freehold,49A,,HOLBROOK STREET,,HEANOR,AMBER VALLEY,DERBYSHIRE,Standard,Addition,53.0154890000,-1.3425350000
127000,2020-09-29 00:00:00Z,DE75 7AY,Semi-Detached,Established,Freehold,67,,HOLBROOK STREET,,HEANOR,AMBER VALLEY,DERBYSHIRE,Standard,Addition,53.0154890000,-1.3425350000
100000,2020-10-28 00:00:00Z,DE75 7AU,Terraced,Established,Freehold,50,,HOWITT STREET,,HEANOR,AMBER VALLEY,DERBYSHIRE,Standard,Addition,53.0157570000,-1.3441740000
251000,2020-11-20 00:00:00Z,DE75 7DT,Detached,Established,Freehold,51,,ILKESTON ROAD,,HEANOR,AMBER VALLEY,DERBYSHIRE,Standard,Addition,53.0103040000,-1.3497260000
155000,2020-10-12 00:00:00Z,DE75 7TB,Terraced,Established,Freehold,45,,STONE AVENUE,,HEANOR,AMBER VALLEY,DERBYSHIRE,Standard,Addition,53.0137720000,-1.3441860000
139500,2020-10-23 00:00:00Z,DE75 7TQ,Terraced,Established,Freehold,10,,NEWTON DRIVE,,HEANOR,AMBER VALLEY,DERBYSHIRE,Standard,Addition,53.0134050000,-1.3445190000
258000,2020-12-18 00:00:00Z,DE75 7YU,Detached,Established,Freehold,21,,DARFIELD DRIVE,,HEANOR,AMBER VALLEY,DERBYSHIRE,Standard,Addition,53.0179790000,-1.3443790000
165000,2020-12-10 00:00:00Z,DE75 7AQ,Other,Established,Freehold,43,,MANSFIELD ROAD,,HEANOR,AMBER VALLEY,DERBYSHIRE,Additional,Addition,53.0163190000,-1.3450150000
280000,2020-08-07 00:00:00Z,DE75 7AR,Detached,Established,Freehold,29,,WATSON AVENUE,,HEANOR,AMBER VALLEY,DERBYSHIRE,Standard,Addition,53.0159090000,-1.3488670000
110000,2020-07-13 00:00:00Z,DE75 7AW,Semi-Detached,Established,Freehold,90,,HOWITT STREET,,HEANOR,AMBER VALLEY,DERBYSHIRE,Standard,Addition,53.0146480000,-1.3466650000
130000,2020-07-24 00:00:00Z,DE75 7HF,Semi-Detached,Established,Freehold,11,,ELLA BANK ROAD,,HEANOR,AMBER VALLEY,DERBYSHIRE,Standard,Addition,53.0109620000,-1.3449770000
152000,2020-01-24 00:00:00Z,DE75 7AY,Detached,Established,Freehold,51,,HOLBROOK STREET,,HEANOR,AMBER VALLEY,DERBYSHIRE,Standard,Addition,53.0154890000,-1.3425350000
112000,2020-01-10 00:00:00Z,DE75 7HF,Semi-Detached,Established,Freehold,7,,ELLA BANK ROAD,,HEANOR,AMBER VALLEY,DERBYSHIRE,Standard,Addition,53.0109620000,-1.3449770000
173500,2020-02-18 00:00:00Z,DE75 7AR,Detached,Established,Freehold,31,,WATSON AVENUE,,HEANOR,AMBER VALLEY,DERBYSHIRE,Standard,Addition,53.0159090000,-1.3488670000
160000,2020-01-24 00:00:00Z,DE75 7HA,Semi-Detached,Established,Freehold,22,,HANDS ROAD,,HEANOR,AMBER VALLEY,DERBYSHIRE,Standard,Addition,53.0131870000,-1.3490870000
300000,2021-09-29 00:00:00Z,DE75 7AT,Detached,Established,Freehold,41,,MARSHALL STREET,,HEANOR,AMBER VALLEY,DERBYSHIRE,Standard,Addition,53.0172950000,-1.3458350000
110000,2021-07-30 00:00:00Z,DE75 7AW,Semi-Detached,Established,Freehold,119,,HOWITT STREET,,HEANOR,AMBER VALLEY,DERBYSHIRE,Standard,Addition,53.0146480000,-1.3466650000
140000,2021-09-24 00:00:00Z,DE75 7BA,Semi-Detached,Established,Freehold,131,,HOLBROOK STREET,,HEANOR,AMBER VALLEY,DERBYSHIRE,Standard,Addition,53.0137850000,-1.3417890000
115000,2021-10-21 00:00:00Z,DE75 7AU,Terraced,Established,Freehold,14,,HOWITT STREET,,HEANOR,AMBER VALLEY,DERBYSHIRE,Additional,Addition,53.0157570000,-1.3441740000
135000,2021-05-28 00:00:00Z,DE75 7WF,Semi-Detached,Established,Freehold,7,,POTTERS HILL VIEW,,HEANOR,AMBER VALLEY,DERBYSHIRE,Additional,Addition,53.0117620000,-1.3418200000
173000,2021-03-03 00:00:00Z,DE75 7AP,Semi-Detached,Established,Freehold,9,,GRACE CRESCENT,,HEANOR,AMBER VALLEY,DERBYSHIRE,Standard,Addition,53.0137780000,-1.3487650000
150000,2021-02-19 00:00:00Z,DE75 7HF,Terraced,Established,Freehold,50,,ELLA BANK ROAD,,HEANOR,AMBER VALLEY,DERBYSHIRE,Standard,Addition,53.0109620000,-1.3449770000
96000,2021-02-26 00:00:00Z,DE75 7AX,Terraced,Established,Freehold,41,,STARTHE BANK,,HEANOR,AMBER VALLEY,DERBYSHIRE,Standard,Addition,53.0136560000,-1.3462620000
143000,2021-02-26 00:00:00Z,DE75 7HB,Semi-Detached,Established,Freehold,103,,HANDS ROAD,,HEANOR,AMBER VALLEY,DERBYSHIRE,Standard,Addition,53.0125200000,-1.3439100000
85000,2021-03-19 00:00:00Z,DE75 7AU,Terraced,Established,Freehold,11,,HOWITT STREET,,HEANOR,AMBER VALLEY,DERBYSHIRE,Standard,Addition,53.0157570000,-1.3441740000
128500,2021-04-30 00:00:00Z,DE75 7HB,Terraced,Established,Freehold,93,,HANDS ROAD,,HEANOR,AMBER VALLEY,DERBYSHIRE,Standard,Addition,53.0125200000,-1.3439100000
126000,2021-04-22 00:00:00Z,DE75 7BA,Semi-Detached,Established,Freehold,131,,HOLBROOK STREET,,HEANOR,AMBER VALLEY,DERBYSHIRE,Standard,Addition,53.0137850000,-1.3417890000
70000,2021-02-05 00:00:00Z,DE75 7AU,Semi-Detached,Established,Freehold,71,,HOWITT STREET,,HEANOR,AMBER VALLEY,DERBYSHIRE,Standard,Addition,53.0157570000,-1.3441740000
140000,2021-12-01 00:00:00Z,DE75 7AW,Semi-Detached,Established,Freehold,115,,HOWITT STREET,,HEANOR,AMBER VALLEY,DERBYSHIRE,Standard,Addition,53.0146480000,-1.3466650000
340000,2021-07-23 00:00:00Z,DE75 7DT,Detached,Established,Freehold,15,,ILKESTON ROAD,,HEANOR,AMBER VALLEY,DERBYSHIRE,Standard,Addition,53.0103040000,-1.3497260000
186000,2021-05-21 00:00:00Z,DE75 7BA,Detached,Established,Freehold,100,,HOLBROOK STREET,,HEANOR,AMBER VALLEY,DERBYSHIRE,Standard,Addition,53.0137850000,-1.3417890000
425000,2021-02-04 00:00:00Z,DE75 7HB,Detached,Established,Freehold,52,,HANDS ROAD,,HEANOR,AMBER VALLEY,DERBYSHIRE,Standard,Addition,53.0125200000,-1.3439100000
160000,2021-02-16 00:00:00Z,DE75 7HE,Semi-Detached,Established,Freehold,2,,LOWER CLARAMOUNT ROAD,,HEANOR,AMBER VALLEY,DERBYSHIRE,Standard,Addition,53.0120120000,-1.3430830000
119000,2021-01-15 00:00:00Z,DE75 7TT,Terraced,Established,Freehold,6,,UPTON CLOSE,,HEANOR,AMBER VALLEY,DERBYSHIRE,Standard,Addition,53.0119740000,-1.3411310000
131500,2021-02-12 00:00:00Z,DE75 7BA,Terraced,Established,Freehold,95,,HOLBROOK STREET,,HEANOR,AMBER VALLEY,DERBYSHIRE,Standard,Addition,53.0137850000,-1.3417890000
175000,2021-09-08 00:00:00Z,DE75 7HS,Terraced,Established,Freehold,5,,CLARAMOUNT ROAD,,HEANOR,AMBER VALLEY,DERBYSHIRE,Standard,Addition,53.0105640000,-1.3414210000
121000,2021-08-09 00:00:00Z,DE75 7AU,Terraced,Established,Freehold,23,,HOWITT STREET,,HEANOR,AMBER VALLEY,DERBYSHIRE,Standard,Addition,53.0157570000,-1.3441740000
132500,2021-08-25 00:00:00Z,DE75 7SX,Terraced,Established,Freehold,12,,LOWLANDS LEA,,HEANOR,AMBER VALLEY,DERBYSHIRE,Standard,Addition,53.0178710000,-1.3492400000
190000,2021-08-26 00:00:00Z,DE75 7TS,Detached,Established,Freehold,17,,UPPER BARN CLOSE,,HEANOR,AMBER VALLEY,DERBYSHIRE,Standard,Addition,53.0166770000,-1.3494960000
167000,2021-05-14 00:00:00Z,DE75 7TB,Terraced,Established,Freehold,20,,STONE AVENUE,,HEANOR,AMBER VALLEY,DERBYSHIRE,Standard,Addition,53.0137720000,-1.3441860000
125000,2021-06-02 00:00:00Z,DE75 7AX,Terraced,Established,Freehold,24,,STARTHE BANK,,HEANOR,AMBER VALLEY,DERBYSHIRE,Standard,Addition,53.0136560000,-1.3462620000
142000,2021-07-02 00:00:00Z,DE75 7AU,Terraced,Established,Freehold,50,,HOWITT STREET,,HEANOR,AMBER VALLEY,DERBYSHIRE,Standard,Addition,53.0157570000,-1.3441740000
144000,2021-04-23 00:00:00Z,DE75 7HS,Semi-Detached,Established,Freehold,16,,CLARAMOUNT ROAD,,HEANOR,AMBER VALLEY,DERBYSHIRE,Standard,Addition,53.0105640000,-1.3414210000
195000,2021-07-23 00:00:00Z,DE75 7HA,Semi-Detached,Established,Freehold,47,,HANDS ROAD,,HEANOR,AMBER VALLEY,DERBYSHIRE,Standard,Addition,53.0131870000,-1.3490870000
142500,2021-07-23 00:00:00Z,DE75 7AR,Semi-Detached,Established,Freehold,9,,WATSON AVENUE,,HEANOR,AMBER VALLEY,DERBYSHIRE,Standard,Addition,53.0159090000,-1.3488670000
125000,2021-02-17 00:00:00Z,DE75 7HS,Semi-Detached,Established,Freehold,55,,CLARAMOUNT ROAD,,HEANOR,AMBER VALLEY,DERBYSHIRE,Additional,Addition,53.0105640000,-1.3414210000
155000,2021-04-26 00:00:00Z,DE75 7UT,Detached,Established,Freehold,7,,CLAY LANE,,HEANOR,AMBER VALLEY,DERBYSHIRE,Standard,Addition,53.0170970000,-1.3491920000
165000,2021-09-30 00:00:00Z,DE75 7AN,Semi-Detached,Established,Freehold,11,,ST LAWRENCE CLOSE,,HEANOR,AMBER VALLEY,DERBYSHIRE,Standard,Addition,53.0147370000,-1.3498240000
311100,2021-06-28 00:00:00Z,DE75 7AW,Detached,Established,Freehold,131,,HOWITT STREET,,HEANOR,AMBER VALLEY,DERBYSHIRE,Standard,Addition,53.0146480000,-1.3466650000
142500,2021-06-01 00:00:00Z,DE75 7WF,Semi-Detached,Established,Freehold,7,,POTTERS HILL VIEW,,HEANOR,AMBER VALLEY,DERBYSHIRE,Standard,Addition,53.0117620000,-1.3418200000
335000,2021-01-08 00:00:00Z,DE75 7AJ,Detached,Established,Freehold,30,,MANSFIELD ROAD,,HEANOR,AMBER VALLEY,DERBYSHIRE,Standard,Addition,53.0148620000,-1.3478210000
263000,2021-09-14 00:00:00Z,DE75 7YT,Detached,Established,Freehold,8,,BRAMPTON AVENUE,,HEANOR,AMBER VALLEY,DERBYSHIRE,Standard,Addition,53.0178170000,-1.3428010000
240000,2021-03-12 00:00:00Z,DE75 7YR,Detached,Established,Freehold,5,,GREENACRE AVENUE,,HEANOR,AMBER VALLEY,DERBYSHIRE,Standard,Addition,53.0184030000,-1.3429410000
236000,2021-05-13 00:00:00Z,DE75 7SU,Detached,Established,Freehold,44,,JOHNSON DRIVE,,HEANOR,AMBER VALLEY,DERBYSHIRE,Standard,Addition,53.0178630000,-1.3478980000
176000,2021-03-05 00:00:00Z,DE75 7HF,Detached,Established,Freehold,72,,ELLA BANK ROAD,,HEANOR,AMBER VALLEY,DERBYSHIRE,Standard,Addition,53.0109620000,-1.3449770000
200000,2021-07-26 00:00:00Z,DE75 7HF,Detached,Established,Freehold,43,,ELLA BANK ROAD,,HEANOR,AMBER VALLEY,DERBYSHIRE,Standard,Addition,53.0109620000,-1.3449770000
253000,2021-05-07 00:00:00Z,DE75 7YT,Detached,Established,Freehold,6,,BRAMPTON AVENUE,,HEANOR,AMBER VALLEY,DERBYSHIRE,Standard,Addition,53.0178170000,-1.3428010000
240000,2021-06-03 00:00:00Z,DE75 7HS,Semi-Detached,Established,Freehold,54,,CLARAMOUNT ROAD,,HEANOR,AMBER VALLEY,DERBYSHIRE,Standard,Addition,53.0105640000,-1.3414210000
175000,2021-04-30 00:00:00Z,DE75 7TF,Semi-Detached,Established,Freehold,14,,VARLEY CLOSE,,HEANOR,AMBER VALLEY,DERBYSHIRE,Standard,Addition,53.0144730000,-1.3441010000
250000,2021-06-18 00:00:00Z,DE75 7AW,Semi-Detached,Established,Freehold,135,,HOWITT STREET,,HEANOR,AMBER VALLEY,DERBYSHIRE,Standard,Addition,53.0146480000,-1.3466650000
117000,2021-09-06 00:00:00Z,DE75 7BD,Terraced,Established,Freehold,32,,ELMSFIELD AVENUE,,HEANOR,AMBER VALLEY,DERBYSHIRE,Standard,Addition,53.0161890000,-1.3409770000
270000,2022-01-27 00:00:00Z,NG16 4BG,Other,Established,Freehold,5A,,STATION ROAD,LANGLEY MILL,NOTTINGHAM,AMBER VALLEY,DERBYSHIRE,Additional,Addition,53.0182430000,-1.3400520000
102000,2022-03-04 00:00:00Z,DE75 7SX,Terraced,Established,Freehold,36,,LOWLANDS LEA,,HEANOR,AMBER VALLEY,DERBYSHIRE,Standard,Addition,53.0178710000,-1.3492400000
245000,2022-03-31 00:00:00Z,DE75 7AR,Detached,Established,Freehold,12,,WATSON AVENUE,,HEANOR,AMBER VALLEY,DERBYSHIRE,Standard,Addition,53.0159090000,-1.3488670000
112000,2022-04-04 00:00:00Z,DE75 7AU,Terraced,Established,Freehold,24,,HOWITT STREET,,HEANOR,AMBER VALLEY,DERBYSHIRE,Standard,Addition,53.0157570000,-1.3441740000
367500,2022-03-31 00:00:00Z,DE75 7AT,Terraced,Established,Freehold,31,,MARSHALL STREET,,HEANOR,AMBER VALLEY,DERBYSHIRE,Standard,Addition,53.0172950000,-1.3458350000
