46000,1995-05-12 00:00:00Z,LL57 2HT,Semi-Detached,Established,Freehold,34,,BELMONT AVENUE,BANGOR,BANGOR,ARFON,GWYNEDD,Standard,Addition,53.2216040000,-4.1475460000
65000,1995-08-14 00:00:00Z,LL57 2HS,Semi-Detached,Established,Freehold,10,,BELMONT DRIVE,BANGOR,BANGOR,ARFON,GWYNEDD,Standard,Addition,53.2225080000,-4.1463500000
70000,1995-09-04 00:00:00Z,LL57 2HS,Detached,Established,Freehold,26,,BELMONT DRIVE,BANGOR,BANGOR,ARFON,GWYNEDD,Standard,Addition,53.2225080000,-4.1463500000
60000,1995-07-07 00:00:00Z,LL57 2HT,Semi-Detached,Established,Freehold,31,,BELMONT AVENUE,BANGOR,BANGOR,ARFON,GWYNEDD,Standard,Addition,53.2216040000,-4.1475460000
59500,1995-11-10 00:00:00Z,LL57 2TT,Semi-Detached,Established,Freehold,74,,FFRIDDOEDD ROAD,BANGOR,BANGOR,ARFON,GWYNEDD,Standard,Addition,53.2216740000,-4.1456170000
33000,1995-10-12 00:00:00Z,LL57 2UA,Terraced,Established,Freehold,12,,LON Y GLYDER,BANGOR,BANGOR,ARFON,GWYNEDD,Standard,Addition,53.2217890000,-4.1442440000
35000,1995-08-25 00:00:00Z,LL57 2YF,Semi-Detached,Established,Freehold,111,,PENCHWINTAN ROAD,BANGOR,BANGOR,ARFON,GWYNEDD,Standard,Addition,53.2200100000,-4.1411590000
54000,1996-04-04 00:00:00Z,LL57 2HY,Semi-Detached,Established,Freehold,49,,BELMONT ROAD,BANGOR,BANGOR,GWYNEDD,GWYNEDD,Standard,Addition,53.2204690000,-4.1481630000
40000,1996-05-27 00:00:00Z,LL57 2HT,Semi-Detached,Established,Freehold,36,,BELMONT AVENUE,BANGOR,BANGOR,GWYNEDD,GWYNEDD,Standard,Addition,53.2216040000,-4.1475460000
40000,1996-07-26 00:00:00Z,LL57 2UD,Semi-Detached,Established,Freehold,15,,LON OGWEN,BANGOR,BANGOR,GWYNEDD,GWYNEDD,Standard,Addition,53.2213180000,-4.1434570000
53000,1996-06-21 00:00:00Z,LL57 2YF,Terraced,Established,Freehold,96,,PENCHWINTAN ROAD,BANGOR,BANGOR,GWYNEDD,GWYNEDD,Standard,Addition,53.2200100000,-4.1411590000
35000,1996-05-24 00:00:00Z,LL57 2UF,Terraced,Established,Freehold,34,,TREM ELIDIR,BANGOR,BANGOR,GWYNEDD,GWYNEDD,Standard,Addition,53.2212290000,-4.1423500000
43500,1996-09-03 00:00:00Z,LL57 2HT,Semi-Detached,Established,Freehold,40,,BELMONT AVENUE,BANGOR,BANGOR,GWYNEDD,GWYNEDD,Standard,Addition,53.2216040000,-4.1475460000
55000,1996-08-23 00:00:00Z,LL57 2HT,Semi-Detached,Established,Freehold,15,,BELMONT AVENUE,BANGOR,BANGOR,GWYNEDD,GWYNEDD,Standard,Addition,53.2216040000,-4.1475460000
34000,1996-09-09 00:00:00Z,LL57 2UA,Terraced,Established,Freehold,24,,LON Y GLYDER,BANGOR,BANGOR,GWYNEDD,GWYNEDD,Standard,Addition,53.2217890000,-4.1442440000
43000,1996-10-04 00:00:00Z,LL57 2UF,Semi-Detached,Established,Freehold,21,,TREM ELIDIR,BANGOR,BANGOR,GWYNEDD,GWYNEDD,Standard,Addition,53.2212290000,-4.1423500000
90000,1996-04-04 00:00:00Z,LL57 2TW,Detached,Established,Freehold,17,,FFRIDDOEDD ROAD,BANGOR,BANGOR,GWYNEDD,GWYNEDD,Standard,Addition,53.2241780000,-4.1414120000
115000,1996-09-06 00:00:00Z,LL57 2TW,Detached,Established,Freehold,22,,FFRIDDOEDD ROAD,BANGOR,BANGOR,GWYNEDD,GWYNEDD,Standard,Addition,53.2241780000,-4.1414120000
46000,1996-03-18 00:00:00Z,LL57 2HT,Semi-Detached,Established,Freehold,33,,BELMONT AVENUE,BANGOR,BANGOR,GWYNEDD,GWYNEDD,Standard,Addition,53.2216040000,-4.1475460000
57500,1996-08-16 00:00:00Z,LL57 2TT,Semi-Detached,Established,Freehold,31,,FFRIDDOEDD ROAD,BANGOR,BANGOR,GWYNEDD,GWYNEDD,Standard,Addition,53.2216740000,-4.1456170000
59000,1997-06-26 00:00:00Z,LL57 2HT,Semi-Detached,Established,Freehold,37,,BELMONT AVENUE,BANGOR,BANGOR,GWYNEDD,GWYNEDD,Standard,Addition,53.2216040000,-4.1475460000
59000,1997-12-12 00:00:00Z,LL57 2HT,Semi-Detached,Established,Freehold,24,,BELMONT AVENUE,BANGOR,BANGOR,GWYNEDD,GWYNEDD,Standard,Addition,53.2216040000,-4.1475460000
46000,1997-05-07 00:00:00Z,LL57 2UF,Terraced,Established,Freehold,26,,TREM ELIDIR,BANGOR,BANGOR,GWYNEDD,GWYNEDD,Standard,Addition,53.2212290000,-4.1423500000
97500,1997-04-25 00:00:00Z,LL57 2HU,Detached,Established,Freehold,1,,TREFONWYS,BANGOR,BANGOR,GWYNEDD,GWYNEDD,Standard,Addition,53.2224460000,-4.1487260000
190000,1997-02-26 00:00:00Z,LL57 2TW,Detached,Established,Freehold,30,,FFRIDDOEDD ROAD,BANGOR,BANGOR,GWYNEDD,GWYNEDD,Standard,Addition,53.2241780000,-4.1414120000
67500,1997-11-26 00:00:00Z,LL57 2HT,Semi-Detached,Established,Freehold,36,,BELMONT AVENUE,BANGOR,BANGOR,GWYNEDD,GWYNEDD,Standard,Addition,53.2216040000,-4.1475460000
60000,1997-06-06 00:00:00Z,LL57 2HT,Semi-Detached,Established,Freehold,32,,BELMONT AVENUE,BANGOR,BANGOR,GWYNEDD,GWYNEDD,Standard,Addition,53.2216040000,-4.1475460000
97000,1998-06-11 00:00:00Z,LL57 2HU,Detached,Established,Freehold,11,,TREFONWYS,BANGOR,BANGOR,GWYNEDD,GWYNEDD,Standard,Addition,53.2224460000,-4.1487260000
52000,1998-08-24 00:00:00Z,LL57 2TT,Semi-Detached,Established,Freehold,39,,FFRIDDOEDD ROAD,BANGOR,BANGOR,GWYNEDD,GWYNEDD,Standard,Addition,53.2216740000,-4.1456170000
67000,1998-09-04 00:00:00Z,LL57 2HY,Semi-Detached,Established,Freehold,49,,BELMONT ROAD,BANGOR,BANGOR,GWYNEDD,GWYNEDD,Standard,Addition,53.2204690000,-4.1481630000
44500,1998-12-16 00:00:00Z,LL57 2UF,Terraced,Established,Freehold,13,,TREM ELIDIR,BANGOR,BANGOR,GWYNEDD,GWYNEDD,Standard,Addition,53.2212290000,-4.1423500000
42000,1998-07-27 00:00:00Z,LL57 2UF,Terraced,Established,Freehold,40,,TREM ELIDIR,BANGOR,BANGOR,GWYNEDD,GWYNEDD,Standard,Addition,53.2212290000,-4.1423500000
17800,1998-06-29 00:00:00Z,LL57 2YF,Semi-Detached,Established,Freehold,85,,PENCHWINTAN ROAD,BANGOR,BANGOR,GWYNEDD,GWYNEDD,Standard,Addition,53.2200100000,-4.1411590000
44000,1998-08-10 00:00:00Z,LL57 2UD,Semi-Detached,Established,Freehold,33,,LON OGWEN,BANGOR,BANGOR,GWYNEDD,GWYNEDD,Standard,Addition,53.2213180000,-4.1434570000
57000,1998-08-20 00:00:00Z,LL57 2TT,Semi-Detached,Established,Freehold,58,,FFRIDDOEDD ROAD,BANGOR,BANGOR,GWYNEDD,GWYNEDD,Standard,Addition,53.2216740000,-4.1456170000
43500,1998-07-30 00:00:00Z,LL57 2UA,Terraced,Established,Freehold,14,,LON Y GLYDER,BANGOR,BANGOR,GWYNEDD,GWYNEDD,Standard,Addition,53.2217890000,-4.1442440000
99000,1998-11-06 00:00:00Z,LL57 2HU,Detached,Established,Freehold,26,,TREFONWYS,BANGOR,BANGOR,GWYNEDD,GWYNEDD,Standard,Addition,53.2224460000,-4.1487260000
50375,1998-10-19 00:00:00Z,LL57 2HT,Semi-Detached,Established,Freehold,4,,BELMONT AVENUE,BANGOR,BANGOR,GWYNEDD,GWYNEDD,Standard,Addition,53.2216040000,-4.1475460000
69500,1998-09-11 00:00:00Z,LL57 2HS,Semi-Detached,Established,Freehold,10,,BELMONT DRIVE,BANGOR,BANGOR,GWYNEDD,GWYNEDD,Standard,Addition,53.2225080000,-4.1463500000
37000,1998-05-29 00:00:00Z,LL57 2UD,Terraced,Established,Freehold,29,,LON OGWEN,BANGOR,BANGOR,GWYNEDD,GWYNEDD,Standard,Addition,53.2213180000,-4.1434570000
48000,1998-12-18 00:00:00Z,LL57 2HY,Semi-Detached,Established,Freehold,45,,BELMONT ROAD,BANGOR,BANGOR,GWYNEDD,GWYNEDD,Standard,Addition,53.2204690000,-4.1481630000
69500,1998-03-11 00:00:00Z,LL57 2TT,Detached,Established,Freehold,62,,FFRIDDOEDD ROAD,BANGOR,BANGOR,GWYNEDD,GWYNEDD,Standard,Addition,53.2216740000,-4.1456170000
21600,1998-08-03 00:00:00Z,LL57 2UF,Semi-Detached,Established,Freehold,9,,TREM ELIDIR,BANGOR,BANGOR,GWYNEDD,GWYNEDD,Standard,Addition,53.2212290000,-4.1423500000
53000,1999-09-29 00:00:00Z,LL57 2YF,Semi-Detached,Established,Freehold,106,,PENCHWINTAN ROAD,,BANGOR,GWYNEDD,GWYNEDD,Standard,Addition,53.2200100000,-4.1411590000
49950,1999-08-12 00:00:00Z,LL57 2UF,Terraced,Established,Freehold,42,,TREM ELIDIR,,BANGOR,GWYNEDD,GWYNEDD,Standard,Addition,53.2212290000,-4.1423500000
57000,1999-02-26 00:00:00Z,LL57 2HT,Semi-Detached,Established,Freehold,8,,BELMONT AVENUE,,BANGOR,GWYNEDD,GWYNEDD,Standard,Addition,53.2216040000,-4.1475460000
126750,1999-11-23 00:00:00Z,LL57 2TW,Detached,Established,Freehold,46,,FFRIDDOEDD ROAD,,BANGOR,GWYNEDD,GWYNEDD,Standard,Addition,53.2241780000,-4.1414120000
62000,1999-10-22 00:00:00Z,LL57 2HY,Semi-Detached,Established,Freehold,45,,BELMONT ROAD,,BANGOR,GWYNEDD,GWYNEDD,Standard,Addition,53.2204690000,-4.1481630000
59000,1999-09-17 00:00:00Z,LL57 2HY,Semi-Detached,Established,Freehold,21,,BELMONT ROAD,,BANGOR,GWYNEDD,GWYNEDD,Standard,Addition,53.2204690000,-4.1481630000
38000,1999-06-28 00:00:00Z,LL57 2UA,Terraced,Established,Freehold,12,,LON Y GLYDER,,BANGOR,GWYNEDD,GWYNEDD,Standard,Addition,53.2217890000,-4.1442440000
55000,1999-05-28 00:00:00Z,LL57 2YF,Terraced,Established,Freehold,96,,PENCHWINTAN ROAD,,BANGOR,GWYNEDD,GWYNEDD,Standard,Addition,53.2200100000,-4.1411590000
127500,1999-07-16 00:00:00Z,LL57 2TW,Detached,Established,Freehold,15,,FFRIDDOEDD ROAD,,BANGOR,GWYNEDD,GWYNEDD,Standard,Addition,53.2241780000,-4.1414120000
60000,1999-07-23 00:00:00Z,LL57 2HT,Semi-Detached,Established,Freehold,21,,BELMONT AVENUE,,BANGOR,GWYNEDD,GWYNEDD,Standard,Addition,53.2216040000,-4.1475460000
54000,1999-06-30 00:00:00Z,LL57 2YF,Semi-Detached,Established,Freehold,83,,PENCHWINTAN ROAD,,BANGOR,GWYNEDD,GWYNEDD,Standard,Addition,53.2200100000,-4.1411590000
56300,2000-01-21 00:00:00Z,LL57 2TT,Semi-Detached,Established,Freehold,31,,FFRIDDOEDD ROAD,,BANGOR,GWYNEDD,GWYNEDD,Standard,Addition,53.2216740000,-4.1456170000
34000,2000-11-17 00:00:00Z,LL57 2UA,Terraced,Established,Freehold,12,,LON Y GLYDER,,BANGOR,GWYNEDD,GWYNEDD,Standard,Addition,53.2217890000,-4.1442440000
76995,2000-09-15 00:00:00Z,LL57 2TT,Semi-Detached,Established,Freehold,23,,FFRIDDOEDD ROAD,,BANGOR,GWYNEDD,GWYNEDD,Standard,Addition,53.2216740000,-4.1456170000
43500,2000-11-02 00:00:00Z,LL57 2TU,Terraced,Established,Freehold,25,,LON POWYS,,BANGOR,GWYNEDD,GWYNEDD,Standard,Addition,53.2212220000,-4.1452650000
52950,2000-06-14 00:00:00Z,LL57 2YL,Semi-Detached,Established,Freehold,16,,FFORDD CYNFAL,,BANGOR,GWYNEDD,GWYNEDD,Standard,Addition,53.2221580000,-4.1402480000
68000,2000-06-01 00:00:00Z,LL57 2HY,Semi-Detached,Established,Freehold,23,,BELMONT ROAD,,BANGOR,GWYNEDD,GWYNEDD,Standard,Addition,53.2204690000,-4.1481630000
73000,2000-09-21 00:00:00Z,LL57 2TT,Semi-Detached,Established,Freehold,53,,FFRIDDOEDD ROAD,,BANGOR,GWYNEDD,GWYNEDD,Standard,Addition,53.2216740000,-4.1456170000
75000,2000-06-22 00:00:00Z,LL57 2HY,Semi-Detached,Established,Freehold,33,,BELMONT ROAD,,BANGOR,GWYNEDD,GWYNEDD,Standard,Addition,53.2204690000,-4.1481630000
120000,2000-10-27 00:00:00Z,LL57 2TT,Detached,Established,Freehold,56,,FFRIDDOEDD ROAD,,BANGOR,GWYNEDD,GWYNEDD,Standard,Addition,53.2216740000,-4.1456170000
72500,2000-05-24 00:00:00Z,LL57 2TT,Semi-Detached,Established,Freehold,31,,FFRIDDOEDD ROAD,,BANGOR,GWYNEDD,GWYNEDD,Standard,Addition,53.2216740000,-4.1456170000
64000,2000-08-21 00:00:00Z,LL57 2YF,Semi-Detached,Established,Freehold,120,,PENCHWINTAN ROAD,,BANGOR,GWYNEDD,GWYNEDD,Standard,Addition,53.2200100000,-4.1411590000
47950,2000-04-14 00:00:00Z,LL57 2UD,Semi-Detached,Established,Freehold,15,,LON OGWEN,,BANGOR,GWYNEDD,GWYNEDD,Standard,Addition,53.2213180000,-4.1434570000
73000,2000-08-25 00:00:00Z,LL57 2HT,Semi-Detached,Established,Freehold,18,,BELMONT AVENUE,,BANGOR,GWYNEDD,GWYNEDD,Standard,Addition,53.2216040000,-4.1475460000
39500,2000-03-17 00:00:00Z,LL57 2UD,Terraced,Established,Freehold,50,,LON OGWEN,,BANGOR,GWYNEDD,GWYNEDD,Standard,Addition,53.2213180000,-4.1434570000
115000,2001-03-20 00:00:00Z,LL57 2TW,Semi-Detached,Established,Freehold,40,,FFRIDDOEDD ROAD,BANGOR,BANGOR,GWYNEDD,GWYNEDD,Standard,Addition,53.2241780000,-4.1414120000
69950,2001-11-23 00:00:00Z,LL57 2HQ,Detached,Established,Freehold,TAL ARDD,,HOLYHEAD ROAD,BANGOR,BANGOR,GWYNEDD,GWYNEDD,Standard,Addition,53.2244550000,-4.1499500000
48500,2001-08-10 00:00:00Z,LL57 2UA,Terraced,Established,Freehold,50,,LON Y GLYDER,BANGOR,BANGOR,GWYNEDD,GWYNEDD,Standard,Addition,53.2217890000,-4.1442440000
75000,2001-04-12 00:00:00Z,LL57 2TT,Semi-Detached,Established,Freehold,43,,FFRIDDOEDD ROAD,BANGOR,BANGOR,GWYNEDD,GWYNEDD,Standard,Addition,53.2216740000,-4.1456170000
145000,2001-07-30 00:00:00Z,LL57 2TW,Detached,Established,Freehold,30,,FFRIDDOEDD ROAD,BANGOR,BANGOR,GWYNEDD,GWYNEDD,Standard,Addition,53.2241780000,-4.1414120000
127500,2001-08-01 00:00:00Z,LL57 2TW,Terraced,Established,Freehold,18,,FFRIDDOEDD ROAD,BANGOR,BANGOR,GWYNEDD,GWYNEDD,Standard,Addition,53.2241780000,-4.1414120000
61500,2001-09-28 00:00:00Z,LL57 2YF,Semi-Detached,Established,Freehold,82,,PENCHWINTAN ROAD,BANGOR,BANGOR,GWYNEDD,GWYNEDD,Standard,Addition,53.2200100000,-4.1411590000
48000,2001-07-27 00:00:00Z,LL57 2UD,Terraced,Established,Freehold,29,,LON OGWEN,BANGOR,BANGOR,GWYNEDD,GWYNEDD,Standard,Addition,53.2213180000,-4.1434570000
68000,2001-12-07 00:00:00Z,LL57 2YF,Semi-Detached,Established,Freehold,116,,PENCHWINTAN ROAD,BANGOR,BANGOR,GWYNEDD,GWYNEDD,Standard,Addition,53.2200100000,-4.1411590000
58000,2001-08-31 00:00:00Z,LL57 2UA,Terraced,Established,Freehold,52,,LON Y GLYDER,BANGOR,BANGOR,GWYNEDD,GWYNEDD,Standard,Addition,53.2217890000,-4.1442440000
78012,2002-05-07 00:00:00Z,LL57 2TT,Semi-Detached,Established,Freehold,96,,FFRIDDOEDD ROAD,BANGOR,BANGOR,GWYNEDD,GWYNEDD,Standard,Addition,53.2216740000,-4.1456170000
106000,2002-12-12 00:00:00Z,LL57 2YF,Semi-Detached,Established,Freehold,111,,PENCHWINTAN ROAD,BANGOR,BANGOR,GWYNEDD,GWYNEDD,Standard,Addition,53.2200100000,-4.1411590000
59750,2002-11-08 00:00:00Z,LL57 2UA,Terraced,Established,Freehold,24,,LON Y GLYDER,BANGOR,BANGOR,GWYNEDD,GWYNEDD,Standard,Addition,53.2217890000,-4.1442440000
68000,2002-03-22 00:00:00Z,LL57 2HT,Semi-Detached,Established,Freehold,35,,BELMONT AVENUE,BANGOR,BANGOR,GWYNEDD,GWYNEDD,Standard,Addition,53.2216040000,-4.1475460000
73000,2002-08-13 00:00:00Z,LL57 2UF,Terraced,Established,Freehold,40,,TREM ELIDIR,BANGOR,BANGOR,GWYNEDD,GWYNEDD,Standard,Addition,53.2212290000,-4.1423500000
85000,2002-07-26 00:00:00Z,LL57 2UF,Terraced,Established,Freehold,38,,TREM ELIDIR,BANGOR,BANGOR,GWYNEDD,GWYNEDD,Standard,Addition,53.2212290000,-4.1423500000
135000,2002-09-02 00:00:00Z,LL57 2TW,Detached,Established,Freehold,13,,FFRIDDOEDD ROAD,BANGOR,BANGOR,GWYNEDD,GWYNEDD,Standard,Addition,53.2241780000,-4.1414120000
30870,2002-02-25 00:00:00Z,LL57 2TU,Semi-Detached,Established,Freehold,19,,LON POWYS,BANGOR,BANGOR,GWYNEDD,GWYNEDD,Standard,Addition,53.2212220000,-4.1452650000
145000,2002-07-30 00:00:00Z,LL57 2HS,Terraced,Established,Freehold,7,,BELMONT DRIVE,BANGOR,BANGOR,GWYNEDD,GWYNEDD,Standard,Addition,53.2225080000,-4.1463500000
85500,2002-08-02 00:00:00Z,LL57 2TT,Semi-Detached,Established,Freehold,96,,FFRIDDOEDD ROAD,BANGOR,BANGOR,GWYNEDD,GWYNEDD,Standard,Addition,53.2216740000,-4.1456170000
145000,2002-07-30 00:00:00Z,LL57 2HU,Detached,Established,Freehold,26,,TREFONWYS,BANGOR,BANGOR,GWYNEDD,GWYNEDD,Standard,Addition,53.2224460000,-4.1487260000
69000,2002-08-02 00:00:00Z,LL57 2UA,Semi-Detached,Established,Freehold,29,,LON Y GLYDER,BANGOR,BANGOR,GWYNEDD,GWYNEDD,Standard,Addition,53.2217890000,-4.1442440000
34000,2002-03-04 00:00:00Z,LL57 2UF,Semi-Detached,Established,Freehold,48,,TREM ELIDIR,BANGOR,BANGOR,GWYNEDD,GWYNEDD,Standard,Addition,53.2212290000,-4.1423500000
63000,2002-05-07 00:00:00Z,LL57 2UF,Terraced,Established,Freehold,32,,TREM ELIDIR,BANGOR,BANGOR,GWYNEDD,GWYNEDD,Standard,Addition,53.2212290000,-4.1423500000
84500,2002-09-12 00:00:00Z,LL57 2UF,Terraced,Established,Freehold,37,,TREM ELIDIR,BANGOR,BANGOR,GWYNEDD,GWYNEDD,Standard,Addition,53.2212290000,-4.1423500000
65000,2002-11-15 00:00:00Z,LL57 2UD,Semi-Detached,Established,Freehold,20,,LON OGWEN,BANGOR,BANGOR,GWYNEDD,GWYNEDD,Standard,Addition,53.2213180000,-4.1434570000
85000,2002-01-18 00:00:00Z,LL57 2HS,Semi-Detached,Established,Freehold,10,,BELMONT DRIVE,BANGOR,BANGOR,GWYNEDD,GWYNEDD,Standard,Addition,53.2225080000,-4.1463500000
200000,2003-09-26 00:00:00Z,LL57 2HU,Detached,Established,Freehold,10,,TREFONWYS,BANGOR,BANGOR,GWYNEDD,GWYNEDD,Standard,Addition,53.2224460000,-4.1487260000
82000,2003-07-10 00:00:00Z,LL57 2TU,Terraced,Established,Freehold,25,,LON POWYS,BANGOR,BANGOR,GWYNEDD,GWYNEDD,Standard,Addition,53.2212220000,-4.1452650000
131000,2003-12-18 00:00:00Z,LL57 2HS,Semi-Detached,Established,Freehold,6,,BELMONT DRIVE,BANGOR,BANGOR,GWYNEDD,GWYNEDD,Standard,Addition,53.2225080000,-4.1463500000
66500,2003-04-15 00:00:00Z,LL57 2UD,Terraced,Established,Freehold,48,,LON OGWEN,BANGOR,BANGOR,GWYNEDD,GWYNEDD,Standard,Addition,53.2213180000,-4.1434570000
28500,2003-04-14 00:00:00Z,LL57 2UA,Terraced,Established,Freehold,42,,LON Y GLYDER,BANGOR,BANGOR,GWYNEDD,GWYNEDD,Standard,Addition,53.2217890000,-4.1442440000
107000,2003-10-03 00:00:00Z,LL57 2TT,Semi-Detached,Established,Freehold,90,,FFRIDDOEDD ROAD,BANGOR,BANGOR,GWYNEDD,GWYNEDD,Standard,Addition,53.2216740000,-4.1456170000
92000,2003-08-19 00:00:00Z,LL57 2YF,Semi-Detached,Established,Freehold,106,,PENCHWINTAN ROAD,BANGOR,BANGOR,GWYNEDD,GWYNEDD,Standard,Addition,53.2200100000,-4.1411590000
110500,2003-05-20 00:00:00Z,LL57 2HT,Semi-Detached,Established,Freehold,36,,BELMONT AVENUE,BANGOR,BANGOR,GWYNEDD,GWYNEDD,Standard,Addition,53.2216040000,-4.1475460000
134000,2003-03-28 00:00:00Z,LL57 2HY,Semi-Detached,Established,Freehold,33,,BELMONT ROAD,BANGOR,BANGOR,GWYNEDD,GWYNEDD,Standard,Addition,53.2204690000,-4.1481630000
195000,2003-10-27 00:00:00Z,LL57 2TW,Terraced,Established,Freehold,18,,FFRIDDOEDD ROAD,BANGOR,BANGOR,GWYNEDD,GWYNEDD,Standard,Addition,53.2241780000,-4.1414120000
92500,2003-05-14 00:00:00Z,LL57 2TT,Terraced,Established,Freehold,88,,FFRIDDOEDD ROAD,BANGOR,BANGOR,GWYNEDD,GWYNEDD,Standard,Addition,53.2216740000,-4.1456170000
92000,2003-06-23 00:00:00Z,LL57 2UF,Semi-Detached,Established,Freehold,21,,TREM ELIDIR,BANGOR,BANGOR,GWYNEDD,GWYNEDD,Standard,Addition,53.2212290000,-4.1423500000
148000,2003-12-19 00:00:00Z,LL57 2HY,Semi-Detached,Established,Freehold,33,,BELMONT ROAD,BANGOR,BANGOR,GWYNEDD,GWYNEDD,Standard,Addition,53.2204690000,-4.1481630000
148500,2003-12-19 00:00:00Z,LL57 2HS,Semi-Detached,Established,Freehold,12,,BELMONT DRIVE,BANGOR,BANGOR,GWYNEDD,GWYNEDD,Standard,Addition,53.2225080000,-4.1463500000
87000,2003-05-30 00:00:00Z,LL57 2YF,Semi-Detached,Established,Freehold,75,,PENCHWINTAN ROAD,BANGOR,BANGOR,GWYNEDD,GWYNEDD,Standard,Addition,53.2200100000,-4.1411590000
155000,2003-04-30 00:00:00Z,LL57 2HU,Detached,Established,Freehold,4,,TREFONWYS,BANGOR,BANGOR,GWYNEDD,GWYNEDD,Standard,Addition,53.2224460000,-4.1487260000
77000,2003-12-05 00:00:00Z,LL57 2HQ,Detached,Established,Freehold,Y BWTHYN,,HOLYHEAD ROAD,BANGOR,BANGOR,GWYNEDD,GWYNEDD,Standard,Addition,53.2244550000,-4.1499500000
122000,2003-10-13 00:00:00Z,LL57 2TT,Semi-Detached,Established,Freehold,92,,FFRIDDOEDD ROAD,BANGOR,BANGOR,GWYNEDD,GWYNEDD,Standard,Addition,53.2216740000,-4.1456170000
98000,2003-06-30 00:00:00Z,LL57 2TT,Semi-Detached,Established,Freehold,84,,FFRIDDOEDD ROAD,BANGOR,BANGOR,GWYNEDD,GWYNEDD,Standard,Addition,53.2216740000,-4.1456170000
225000,2004-04-30 00:00:00Z,LL57 2HU,Detached,Established,Freehold,18,,TREFONWYS,BANGOR,BANGOR,GWYNEDD,GWYNEDD,Standard,Addition,53.2224460000,-4.1487260000
36000,2004-05-24 00:00:00Z,LL57 2YL,Terraced,Established,Freehold,12,,FFORDD CYNFAL,BANGOR,BANGOR,GWYNEDD,GWYNEDD,Standard,Addition,53.2221580000,-4.1402480000
36600,2004-02-16 00:00:00Z,LL57 2TU,Terraced,Established,Freehold,21,,LON POWYS,BANGOR,BANGOR,GWYNEDD,GWYNEDD,Standard,Addition,53.2212220000,-4.1452650000
86000,2004-04-08 00:00:00Z,LL57 2UA,Terraced,Established,Freehold,24,,LON Y GLYDER,BANGOR,BANGOR,GWYNEDD,GWYNEDD,Standard,Addition,53.2217890000,-4.1442440000
100000,2004-08-31 00:00:00Z,LL57 2UD,Terraced,Established,Freehold,29,,LON OGWEN,BANGOR,BANGOR,GWYNEDD,GWYNEDD,Standard,Addition,53.2213180000,-4.1434570000
141000,2004-01-12 00:00:00Z,LL57 2YF,Semi-Detached,Established,Freehold,111,,PENCHWINTAN ROAD,BANGOR,BANGOR,GWYNEDD,GWYNEDD,Standard,Addition,53.2200100000,-4.1411590000
87550,2004-02-28 00:00:00Z,LL57 2YF,Semi-Detached,Established,Freehold,107,,PENCHWINTAN ROAD,BANGOR,BANGOR,GWYNEDD,GWYNEDD,Standard,Addition,53.2200100000,-4.1411590000
233000,2004-09-22 00:00:00Z,LL57 2HS,Detached,Established,Freehold,7,,BELMONT DRIVE,BANGOR,BANGOR,GWYNEDD,GWYNEDD,Standard,Addition,53.2225080000,-4.1463500000
39375,2004-05-24 00:00:00Z,LL57 2UA,Terraced,Established,Freehold,10,,LON Y GLYDER,BANGOR,BANGOR,GWYNEDD,GWYNEDD,Standard,Addition,53.2217890000,-4.1442440000
95000,2004-04-23 00:00:00Z,LL57 2UF,Semi-Detached,Established,Freehold,9,,TREM ELIDIR,BANGOR,BANGOR,GWYNEDD,GWYNEDD,Standard,Addition,53.2212290000,-4.1423500000
129950,2004-10-29 00:00:00Z,LL57 2YF,Terraced,Established,Freehold,103,,PENCHWINTAN ROAD,BANGOR,BANGOR,GWYNEDD,GWYNEDD,Standard,Addition,53.2200100000,-4.1411590000
220000,2004-01-30 00:00:00Z,LL57 2HU,Detached,Established,Freehold,26,,TREFONWYS,BANGOR,BANGOR,GWYNEDD,GWYNEDD,Standard,Addition,53.2224460000,-4.1487260000
155000,2004-02-27 00:00:00Z,LL57 2TT,Semi-Detached,Established,Freehold,23,,FFRIDDOEDD ROAD,BANGOR,BANGOR,GWYNEDD,GWYNEDD,Standard,Addition,53.2216740000,-4.1456170000
144950,2004-07-19 00:00:00Z,LL57 2TT,Semi-Detached,Established,Freehold,78,,FFRIDDOEDD ROAD,BANGOR,BANGOR,GWYNEDD,GWYNEDD,Standard,Addition,53.2216740000,-4.1456170000
90500,2004-05-07 00:00:00Z,LL57 2UA,Terraced,Established,Freehold,52,,LON Y GLYDER,BANGOR,BANGOR,GWYNEDD,GWYNEDD,Standard,Addition,53.2217890000,-4.1442440000
137000,2005-11-15 00:00:00Z,LL57 2YF,Semi-Detached,Established,Freehold,102,,PENCHWINTAN ROAD,BANGOR,BANGOR,GWYNEDD,GWYNEDD,Standard,Addition,53.2200100000,-4.1411590000
108000,2005-04-22 00:00:00Z,LL57 2UA,Terraced,Established,Freehold,52,,LON Y GLYDER,BANGOR,BANGOR,GWYNEDD,GWYNEDD,Standard,Addition,53.2217890000,-4.1442440000
279000,2005-07-01 00:00:00Z,LL57 2TT,Detached,Established,Freehold,56,,FFRIDDOEDD ROAD,BANGOR,BANGOR,GWYNEDD,GWYNEDD,Standard,Addition,53.2216740000,-4.1456170000
235000,2005-07-29 00:00:00Z,LL57 2HQ,Detached,Established,Freehold,Y BWTHYN,,HOLYHEAD ROAD,BANGOR,BANGOR,GWYNEDD,GWYNEDD,Standard,Addition,53.2244550000,-4.1499500000
118000,2005-09-19 00:00:00Z,LL57 2UA,Semi-Detached,Established,Freehold,33,,LON Y GLYDER,BANGOR,BANGOR,GWYNEDD,GWYNEDD,Standard,Addition,53.2217890000,-4.1442440000
145000,2005-07-29 00:00:00Z,LL57 2UF,Semi-Detached,Established,Freehold,20,,TREM ELIDIR,BANGOR,BANGOR,GWYNEDD,GWYNEDD,Standard,Addition,53.2212290000,-4.1423500000
175500,2005-11-25 00:00:00Z,LL57 2TT,Semi-Detached,Established,Freehold,94,,FFRIDDOEDD ROAD,BANGOR,BANGOR,GWYNEDD,GWYNEDD,Standard,Addition,53.2216740000,-4.1456170000
125000,2005-07-22 00:00:00Z,LL57 2UD,Semi-Detached,Established,Freehold,7,,LON OGWEN,BANGOR,BANGOR,GWYNEDD,GWYNEDD,Standard,Addition,53.2213180000,-4.1434570000
122500,2005-09-26 00:00:00Z,LL57 2UF,Terraced,Established,Freehold,25,,TREM ELIDIR,BANGOR,BANGOR,GWYNEDD,GWYNEDD,Standard,Addition,53.2212290000,-4.1423500000
119950,2005-10-27 00:00:00Z,LL57 2UA,Semi-Detached,Established,Freehold,29,,LON Y GLYDER,BANGOR,BANGOR,GWYNEDD,GWYNEDD,Standard,Addition,53.2217890000,-4.1442440000
110000,2005-08-05 00:00:00Z,LL57 2UA,Semi-Detached,Established,Freehold,41,,LON Y GLYDER,BANGOR,BANGOR,GWYNEDD,GWYNEDD,Standard,Addition,53.2217890000,-4.1442440000
120000,2005-11-28 00:00:00Z,LL57 2YF,Semi-Detached,Established,Freehold,98,,PENCHWINTAN ROAD,BANGOR,BANGOR,GWYNEDD,GWYNEDD,Standard,Addition,53.2200100000,-4.1411590000
135000,2005-09-19 00:00:00Z,LL57 2UF,Semi-Detached,Established,Freehold,21,,TREM ELIDIR,BANGOR,BANGOR,GWYNEDD,GWYNEDD,Standard,Addition,53.2212290000,-4.1423500000
148000,2005-10-28 00:00:00Z,LL57 2YF,Terraced,Established,Freehold,96,,PENCHWINTAN ROAD,BANGOR,BANGOR,GWYNEDD,GWYNEDD,Standard,Addition,53.2200100000,-4.1411590000
200000,2005-08-12 00:00:00Z,LL57 2TW,Detached,Established,Freehold,32,,FFRIDDOEDD ROAD,BANGOR,BANGOR,GWYNEDD,GWYNEDD,Standard,Addition,53.2241780000,-4.1414120000
165000,2005-01-18 00:00:00Z,LL57 2HY,Semi-Detached,Established,Freehold,25,,BELMONT ROAD,BANGOR,BANGOR,GWYNEDD,GWYNEDD,Standard,Addition,53.2204690000,-4.1481630000
115000,2005-04-28 00:00:00Z,LL57 2TU,Terraced,Established,Freehold,25,,LON POWYS,BANGOR,BANGOR,GWYNEDD,GWYNEDD,Standard,Addition,53.2212220000,-4.1452650000
110000,2005-01-14 00:00:00Z,LL57 2TT,Semi-Detached,Established,Freehold,94,,FFRIDDOEDD ROAD,BANGOR,BANGOR,GWYNEDD,GWYNEDD,Standard,Addition,53.2216740000,-4.1456170000
100000,2005-06-17 00:00:00Z,LL57 2UF,Semi-Detached,Established,Freehold,20,,TREM ELIDIR,BANGOR,BANGOR,GWYNEDD,GWYNEDD,Standard,Addition,53.2212290000,-4.1423500000
475000,2005-10-12 00:00:00Z,LL57 2HQ,Detached,Established,Freehold,Y GWYLAIN,,HOLYHEAD ROAD,BANGOR,BANGOR,GWYNEDD,GWYNEDD,Standard,Addition,53.2244550000,-4.1499500000
118750,2005-08-05 00:00:00Z,LL57 2UA,Terraced,Established,Freehold,56,,LON Y GLYDER,BANGOR,BANGOR,GWYNEDD,GWYNEDD,Standard,Addition,53.2217890000,-4.1442440000
113000,2005-04-20 00:00:00Z,LL57 2YH,Terraced,Established,Freehold,8,,GARDD DENMAN,BANGOR,BANGOR,GWYNEDD,GWYNEDD,Standard,Addition,53.2211370000,-4.1405270000
133500,2005-11-22 00:00:00Z,LL57 2UF,Terraced,Established,Freehold,13,,TREM ELIDIR,BANGOR,BANGOR,GWYNEDD,GWYNEDD,Standard,Addition,53.2212290000,-4.1423500000
166250,2005-08-05 00:00:00Z,LL57 2HS,Semi-Detached,Established,Freehold,6,,BELMONT DRIVE,BANGOR,BANGOR,GWYNEDD,GWYNEDD,Standard,Addition,53.2225080000,-4.1463500000
126000,2005-04-15 00:00:00Z,LL57 2TU,Terraced,Established,Freehold,23,,LON POWYS,,BANGOR,GWYNEDD,GWYNEDD,Standard,Addition,53.2212220000,-4.1452650000
148500,2005-09-22 00:00:00Z,LL57 2TT,Terraced,Established,Freehold,88,,FFRIDDOEDD ROAD,BANGOR,BANGOR,GWYNEDD,GWYNEDD,Standard,Addition,53.2216740000,-4.1456170000
157000,2005-01-21 00:00:00Z,LL57 2YF,Semi-Detached,Established,Freehold,109,,PENCHWINTAN ROAD,,BANGOR,GWYNEDD,GWYNEDD,Standard,Addition,53.2200100000,-4.1411590000
775000,2005-09-13 00:00:00Z,LL57 2HQ,Detached,Established,Freehold,PLAS BACH,,HOLYHEAD ROAD,BANGOR,BANGOR,GWYNEDD,GWYNEDD,Standard,Addition,53.2244550000,-4.1499500000
129000,2006-01-17 00:00:00Z,LL57 2YH,Terraced,Established,Freehold,14,,GARDD DENMAN,BANGOR,BANGOR,GWYNEDD,GWYNEDD,Standard,Addition,53.2211370000,-4.1405270000
200000,2006-12-15 00:00:00Z,LL57 2TW,Semi-Detached,Established,Freehold,34,,FFRIDDOEDD ROAD,BANGOR,BANGOR,GWYNEDD,GWYNEDD,Standard,Addition,53.2241780000,-4.1414120000
205000,2006-03-22 00:00:00Z,LL57 2HT,Semi-Detached,Established,Freehold,8,,BELMONT AVENUE,BANGOR,BANGOR,GWYNEDD,GWYNEDD,Standard,Addition,53.2216040000,-4.1475460000
270000,2006-08-25 00:00:00Z,LL57 2HU,Detached,Established,Freehold,20,,TREFONWYS,,BANGOR,GWYNEDD,GWYNEDD,Standard,Addition,53.2224460000,-4.1487260000
130000,2006-07-31 00:00:00Z,LL57 2YH,Terraced,Established,Freehold,6,,GARDD DENMAN,BANGOR,BANGOR,GWYNEDD,GWYNEDD,Standard,Addition,53.2211370000,-4.1405270000
55000,2006-03-02 00:00:00Z,LL57 2UA,Terraced,Established,Freehold,12,,LON Y GLYDER,BANGOR,BANGOR,GWYNEDD,GWYNEDD,Standard,Addition,53.2217890000,-4.1442440000
164000,2006-11-24 00:00:00Z,LL57 2TT,Semi-Detached,Established,Freehold,78,,FFRIDDOEDD ROAD,BANGOR,BANGOR,GWYNEDD,GWYNEDD,Standard,Addition,53.2216740000,-4.1456170000
66250,2006-07-26 00:00:00Z,LL57 2UD,Semi-Detached,Established,Freehold,45,,LON OGWEN,BANGOR,BANGOR,GWYNEDD,GWYNEDD,Standard,Addition,53.2213180000,-4.1434570000
124950,2006-10-13 00:00:00Z,LL57 2UA,Semi-Detached,Established,Freehold,35,,LON Y GLYDER,BANGOR,BANGOR,GWYNEDD,GWYNEDD,Standard,Addition,53.2217890000,-4.1442440000
105000,2006-02-03 00:00:00Z,LL57 2UA,Terraced,Established,Freehold,50,,LON Y GLYDER,BANGOR,BANGOR,GWYNEDD,GWYNEDD,Standard,Addition,53.2217890000,-4.1442440000
140000,2007-10-23 00:00:00Z,LL57 2YF,Semi-Detached,Established,Freehold,106,,PENCHWINTAN ROAD,BANGOR,BANGOR,GWYNEDD,GWYNEDD,Standard,Addition,53.2200100000,-4.1411590000
138000,2007-11-01 00:00:00Z,LL57 2UA,Semi-Detached,Established,Freehold,45,,LON Y GLYDER,BANGOR,BANGOR,GWYNEDD,GWYNEDD,Standard,Addition,53.2217890000,-4.1442440000
163000,2007-06-01 00:00:00Z,LL57 2YF,Semi-Detached,Established,Freehold,111,,PENCHWINTAN ROAD,BANGOR,BANGOR,GWYNEDD,GWYNEDD,Standard,Addition,53.2200100000,-4.1411590000
182000,2007-11-02 00:00:00Z,LL57 2TT,Semi-Detached,Established,Freehold,31,,FFRIDDOEDD ROAD,BANGOR,BANGOR,GWYNEDD,GWYNEDD,Standard,Addition,53.2216740000,-4.1456170000
140000,2007-11-27 00:00:00Z,LL57 2UA,Terraced,Established,Freehold,57,,LON Y GLYDER,BANGOR,BANGOR,GWYNEDD,GWYNEDD,Standard,Addition,53.2217890000,-4.1442440000
143000,2007-06-15 00:00:00Z,LL57 2YH,Terraced,Established,Freehold,22,,GARDD DENMAN,BANGOR,BANGOR,GWYNEDD,GWYNEDD,Standard,Addition,53.2211370000,-4.1405270000
152000,2007-01-12 00:00:00Z,LL57 2UF,Terraced,Established,Freehold,32,,TREM ELIDIR,BANGOR,BANGOR,GWYNEDD,GWYNEDD,Standard,Addition,53.2212290000,-4.1423500000
215000,2007-04-05 00:00:00Z,LL57 2HT,Semi-Detached,Established,Freehold,4,,BELMONT AVENUE,BANGOR,BANGOR,GWYNEDD,GWYNEDD,Standard,Addition,53.2216040000,-4.1475460000
147500,2007-07-06 00:00:00Z,LL57 2UA,Terraced,Established,Freehold,56,,LON Y GLYDER,BANGOR,BANGOR,GWYNEDD,GWYNEDD,Standard,Addition,53.2217890000,-4.1442440000
250000,2007-09-07 00:00:00Z,LL57 2TW,Detached,Established,Freehold,11,,FFRIDDOEDD ROAD,BANGOR,BANGOR,GWYNEDD,GWYNEDD,Standard,Addition,53.2241780000,-4.1414120000
155000,2007-07-04 00:00:00Z,LL57 2HT,Semi-Detached,Established,Freehold,22,,BELMONT AVENUE,BANGOR,BANGOR,GWYNEDD,GWYNEDD,Standard,Addition,53.2216040000,-4.1475460000
179950,2007-06-20 00:00:00Z,LL57 2YF,Semi-Detached,Established,Freehold,116,,PENCHWINTAN ROAD,BANGOR,BANGOR,GWYNEDD,GWYNEDD,Standard,Addition,53.2200100000,-4.1411590000
131000,2007-03-29 00:00:00Z,LL57 2YH,Terraced,Established,Freehold,8,,GARDD DENMAN,BANGOR,BANGOR,GWYNEDD,GWYNEDD,Standard,Addition,53.2211370000,-4.1405270000
205000,2007-01-05 00:00:00Z,LL57 2HY,Semi-Detached,Established,Freehold,31,,BELMONT ROAD,BANGOR,BANGOR,GWYNEDD,GWYNEDD,Standard,Addition,53.2204690000,-4.1481630000
174500,2008-08-05 00:00:00Z,LL57 2HT,Semi-Detached,Established,Freehold,24,,BELMONT AVENUE,BANGOR,BANGOR,GWYNEDD,GWYNEDD,Standard,Addition,53.2216040000,-4.1475460000
165000,2008-09-29 00:00:00Z,LL57 2HY,Semi-Detached,Established,Freehold,47,,BELMONT ROAD,BANGOR,BANGOR,GWYNEDD,GWYNEDD,Standard,Addition,53.2204690000,-4.1481630000
162500,2008-06-02 00:00:00Z,LL57 2HS,Semi-Detached,Established,Freehold,22,,BELMONT DRIVE,BANGOR,BANGOR,GWYNEDD,GWYNEDD,Standard,Addition,53.2225080000,-4.1463500000
124945,2008-05-08 00:00:00Z,LL57 2UA,Terraced,Established,Freehold,24,,LON Y GLYDER,BANGOR,BANGOR,GWYNEDD,GWYNEDD,Standard,Addition,53.2217890000,-4.1442440000
120000,2008-05-02 00:00:00Z,LL57 2YH,Terraced,Established,Freehold,20,,GARDD DENMAN,BANGOR,BANGOR,GWYNEDD,GWYNEDD,Standard,Addition,53.2211370000,-4.1405270000
175000,2008-06-09 00:00:00Z,LL57 2YF,Semi-Detached,Established,Freehold,84,,PENCHWINTAN ROAD,BANGOR,BANGOR,GWYNEDD,GWYNEDD,Standard,Addition,53.2200100000,-4.1411590000
125000,2008-06-05 00:00:00Z,LL57 2UF,Terraced,Established,Freehold,40,,TREM ELIDIR,BANGOR,BANGOR,GWYNEDD,GWYNEDD,Standard,Addition,53.2212290000,-4.1423500000
137000,2008-02-29 00:00:00Z,LL57 2UA,Semi-Detached,Established,Freehold,55,,LON Y GLYDER,BANGOR,BANGOR,GWYNEDD,GWYNEDD,Standard,Addition,53.2217890000,-4.1442440000
105000,2008-09-30 00:00:00Z,LL57 2TU,Terraced,Established,Freehold,21,,LON POWYS,BANGOR,BANGOR,GWYNEDD,GWYNEDD,Standard,Addition,53.2212220000,-4.1452650000
190000,2008-01-02 00:00:00Z,LL57 2HS,Semi-Detached,Established,Freehold,12,,BELMONT DRIVE,BANGOR,BANGOR,GWYNEDD,GWYNEDD,Standard,Addition,53.2225080000,-4.1463500000
170000,2008-07-11 00:00:00Z,LL57 2YF,Terraced,Established,Freehold,96,,PENCHWINTAN ROAD,BANGOR,BANGOR,GWYNEDD,GWYNEDD,Standard,Addition,53.2200100000,-4.1411590000
100000,2008-07-29 00:00:00Z,LL57 2UA,Terraced,Established,Freehold,47,,LON Y GLYDER,BANGOR,BANGOR,GWYNEDD,GWYNEDD,Standard,Addition,53.2217890000,-4.1442440000
186000,2008-06-06 00:00:00Z,LL57 2HS,Semi-Detached,Established,Freehold,20,,BELMONT DRIVE,BANGOR,BANGOR,GWYNEDD,GWYNEDD,Standard,Addition,53.2225080000,-4.1463500000
296000,2009-11-18 00:00:00Z,LL57 2TW,Detached,Established,Freehold,30,,FFRIDDOEDD ROAD,,BANGOR,GWYNEDD,GWYNEDD,Standard,Addition,53.2241780000,-4.1414120000
130000,2009-07-24 00:00:00Z,LL57 2UF,Terraced,Established,Freehold,38,,TREM ELIDIR,,BANGOR,GWYNEDD,GWYNEDD,Standard,Addition,53.2212290000,-4.1423500000
154600,2009-09-04 00:00:00Z,LL57 2HT,Semi-Detached,Established,Freehold,20,,BELMONT AVENUE,,BANGOR,GWYNEDD,GWYNEDD,Standard,Addition,53.2216040000,-4.1475460000
136500,2009-11-13 00:00:00Z,LL57 2UF,Terraced,Established,Freehold,18,,TREM ELIDIR,,BANGOR,GWYNEDD,GWYNEDD,Standard,Addition,53.2212290000,-4.1423500000
185000,2009-08-13 00:00:00Z,LL57 2HY,Semi-Detached,Established,Freehold,31,,BELMONT ROAD,,BANGOR,GWYNEDD,GWYNEDD,Standard,Addition,53.2204690000,-4.1481630000
178000,2010-08-27 00:00:00Z,LL57 2HT,Semi-Detached,Established,Freehold,31,,BELMONT AVENUE,,BANGOR,GWYNEDD,GWYNEDD,Standard,Addition,53.2216040000,-4.1475460000
192000,2010-07-19 00:00:00Z,LL57 2HY,Semi-Detached,Established,Freehold,33,,BELMONT ROAD,,BANGOR,GWYNEDD,GWYNEDD,Standard,Addition,53.2204690000,-4.1481630000
158000,2010-06-25 00:00:00Z,LL57 2TT,Semi-Detached,Established,Freehold,43,,FFRIDDOEDD ROAD,,BANGOR,GWYNEDD,GWYNEDD,Standard,Addition,53.2216740000,-4.1456170000
171250,2010-05-11 00:00:00Z,LL57 2TT,Terraced,Established,Freehold,29,,FFRIDDOEDD ROAD,,BANGOR,GWYNEDD,GWYNEDD,Standard,Addition,53.2216740000,-4.1456170000
136000,2010-09-10 00:00:00Z,LL57 2YF,Semi-Detached,Established,Freehold,108,,PENCHWINTAN ROAD,,BANGOR,GWYNEDD,GWYNEDD,Standard,Addition,53.2200100000,-4.1411590000
148000,2010-05-04 00:00:00Z,LL57 2YF,Semi-Detached,Established,Freehold,86,,PENCHWINTAN ROAD,,BANGOR,GWYNEDD,GWYNEDD,Standard,Addition,53.2200100000,-4.1411590000
174750,2010-09-10 00:00:00Z,LL57 2HS,Semi-Detached,Established,Freehold,6,,BELMONT DRIVE,,BANGOR,GWYNEDD,GWYNEDD,Standard,Addition,53.2225080000,-4.1463500000
137500,2010-10-15 00:00:00Z,LL57 2UA,Semi-Detached,Established,Freehold,55,,LON Y GLYDER,,BANGOR,GWYNEDD,GWYNEDD,Standard,Addition,53.2217890000,-4.1442440000
295000,2010-07-30 00:00:00Z,LL57 2HU,Detached,Established,Freehold,29,,TREFONWYS,,BANGOR,GWYNEDD,GWYNEDD,Standard,Addition,53.2224460000,-4.1487260000
130000,2010-02-10 00:00:00Z,LL57 2YH,Terraced,Established,Freehold,20,,GARDD DENMAN,,BANGOR,GWYNEDD,GWYNEDD,Standard,Addition,53.2211370000,-4.1405270000
145000,2010-12-10 00:00:00Z,LL57 2YF,Terraced,Established,Freehold,96,,PENCHWINTAN ROAD,,BANGOR,GWYNEDD,GWYNEDD,Standard,Addition,53.2200100000,-4.1411590000
145000,2010-07-14 00:00:00Z,LL57 2UF,Semi-Detached,Established,Freehold,22,,TREM ELIDIR,,BANGOR,GWYNEDD,GWYNEDD,Standard,Addition,53.2212290000,-4.1423500000
137000,2010-04-12 00:00:00Z,LL57 2YF,Terraced,Established,Freehold,103,,PENCHWINTAN ROAD,,BANGOR,GWYNEDD,GWYNEDD,Standard,Addition,53.2200100000,-4.1411590000
160000,2010-05-12 00:00:00Z,LL57 2HS,Semi-Detached,Established,Freehold,10,,BELMONT DRIVE,,BANGOR,GWYNEDD,GWYNEDD,Standard,Addition,53.2225080000,-4.1463500000
127000,2010-09-15 00:00:00Z,LL57 2UA,Semi-Detached,Established,Freehold,51,,LON Y GLYDER,,BANGOR,GWYNEDD,GWYNEDD,Standard,Addition,53.2217890000,-4.1442440000
150000,2011-05-31 00:00:00Z,LL57 2YF,Semi-Detached,Established,Freehold,102,,PENCHWINTAN ROAD,,BANGOR,GWYNEDD,GWYNEDD,Standard,Addition,53.2200100000,-4.1411590000
230000,2011-04-18 00:00:00Z,LL57 2TW,Detached,Established,Freehold,19,,FFRIDDOEDD ROAD,,BANGOR,GWYNEDD,GWYNEDD,Standard,Addition,53.2241780000,-4.1414120000
170000,2011-08-19 00:00:00Z,LL57 2TT,Semi-Detached,Established,Freehold,92,,FFRIDDOEDD ROAD,,BANGOR,GWYNEDD,GWYNEDD,Standard,Addition,53.2216740000,-4.1456170000
175000,2011-09-05 00:00:00Z,LL57 2HY,Semi-Detached,Established,Freehold,27,,BELMONT ROAD,,BANGOR,GWYNEDD,GWYNEDD,Standard,Addition,53.2204690000,-4.1481630000
175000,2011-02-17 00:00:00Z,LL57 2TT,Semi-Detached,Established,Freehold,74,,FFRIDDOEDD ROAD,,BANGOR,GWYNEDD,GWYNEDD,Standard,Addition,53.2216740000,-4.1456170000
250000,2011-04-27 00:00:00Z,LL57 2TW,Detached,Established,Freehold,17,,FFRIDDOEDD ROAD,,BANGOR,GWYNEDD,GWYNEDD,Standard,Addition,53.2241780000,-4.1414120000
167000,2011-03-07 00:00:00Z,LL57 2HT,Semi-Detached,Established,Freehold,39,,BELMONT AVENUE,,BANGOR,GWYNEDD,GWYNEDD,Standard,Addition,53.2216040000,-4.1475460000
305000,2011-04-15 00:00:00Z,LL57 2HU,Detached,Established,Freehold,18,,TREFONWYS,,BANGOR,GWYNEDD,GWYNEDD,Standard,Addition,53.2224460000,-4.1487260000
120000,2011-08-10 00:00:00Z,LL57 2UD,Terraced,Established,Freehold,28,,LON OGWEN,,BANGOR,GWYNEDD,GWYNEDD,Standard,Addition,53.2213180000,-4.1434570000
121000,2011-12-07 00:00:00Z,LL57 2UD,Semi-Detached,Established,Freehold,15,,LON OGWEN,,BANGOR,GWYNEDD,GWYNEDD,Standard,Addition,53.2213180000,-4.1434570000
155000,2011-04-21 00:00:00Z,LL57 2UA,Terraced,Established,Freehold,14,,LON Y GLYDER,,BANGOR,GWYNEDD,GWYNEDD,Standard,Addition,53.2217890000,-4.1442440000
140000,2012-04-02 00:00:00Z,LL57 2YH,Terraced,Established,Freehold,2,,GARDD DENMAN,,BANGOR,GWYNEDD,GWYNEDD,Standard,Addition,53.2211370000,-4.1405270000
175000,2012-06-29 00:00:00Z,LL57 2TT,Detached,Established,Freehold,21,,FFRIDDOEDD ROAD,,BANGOR,GWYNEDD,GWYNEDD,Standard,Addition,53.2216740000,-4.1456170000
132000,2012-07-20 00:00:00Z,LL57 2UD,Terraced,Established,Freehold,29,,LON OGWEN,,BANGOR,GWYNEDD,GWYNEDD,Standard,Addition,53.2213180000,-4.1434570000
150000,2012-10-26 00:00:00Z,LL57 2HT,Semi-Detached,Established,Freehold,36,,BELMONT AVENUE,,BANGOR,GWYNEDD,GWYNEDD,Standard,Addition,53.2216040000,-4.1475460000
163000,2012-09-25 00:00:00Z,LL57 2TT,Semi-Detached,Established,Freehold,31,,FFRIDDOEDD ROAD,,BANGOR,GWYNEDD,GWYNEDD,Standard,Addition,53.2216740000,-4.1456170000
120000,2012-02-29 00:00:00Z,LL57 2YH,Terraced,Established,Freehold,6,,GARDD DENMAN,,BANGOR,GWYNEDD,GWYNEDD,Standard,Addition,53.2211370000,-4.1405270000
160000,2012-09-25 00:00:00Z,LL57 2HT,Semi-Detached,Established,Freehold,25,,BELMONT AVENUE,,BANGOR,GWYNEDD,GWYNEDD,Standard,Addition,53.2216040000,-4.1475460000
120000,2012-02-14 00:00:00Z,LL57 2YH,Terraced,Established,Freehold,1,,GARDD DENMAN,,BANGOR,GWYNEDD,GWYNEDD,Standard,Addition,53.2211370000,-4.1405270000
295000,2012-02-02 00:00:00Z,LL57 2HU,Detached,Established,Freehold,17,,TREFONWYS,,BANGOR,GWYNEDD,GWYNEDD,Standard,Addition,53.2224460000,-4.1487260000
140000,2013-02-01 00:00:00Z,LL57 2UF,Terraced,Established,Freehold,32,,TREM ELIDIR,,BANGOR,GWYNEDD,GWYNEDD,Standard,Addition,53.2212290000,-4.1423500000
170000,2013-08-06 00:00:00Z,LL57 2HY,Semi-Detached,Established,Freehold,43,,BELMONT ROAD,,BANGOR,GWYNEDD,GWYNEDD,Standard,Addition,53.2204690000,-4.1481630000
154000,2013-08-30 00:00:00Z,LL57 2TT,Semi-Detached,Established,Freehold,88,,FFRIDDOEDD ROAD,,BANGOR,GWYNEDD,GWYNEDD,Standard,Addition,53.2216740000,-4.1456170000
230000,2013-01-18 00:00:00Z,LL57 2HU,Detached,Established,Freehold,2,,TREFONWYS,,BANGOR,GWYNEDD,GWYNEDD,Standard,Addition,53.2224460000,-4.1487260000
135000,2013-08-20 00:00:00Z,LL57 2TU,Semi-Detached,Established,Freehold,3,,LON POWYS,,BANGOR,GWYNEDD,GWYNEDD,Standard,Addition,53.2212220000,-4.1452650000
125000,2013-05-10 00:00:00Z,LL57 2TU,Terraced,Established,Freehold,25,,LON POWYS,,BANGOR,GWYNEDD,GWYNEDD,Standard,Addition,53.2212220000,-4.1452650000
166000,2013-10-15 00:00:00Z,LL57 2HY,Semi-Detached,Established,Freehold,45,,BELMONT ROAD,,BANGOR,GWYNEDD,GWYNEDD,Standard,Addition,53.2204690000,-4.1481630000
185500,2013-03-06 00:00:00Z,LL57 2TW,Semi-Detached,Established,Freehold,38,,FFRIDDOEDD ROAD,,BANGOR,GWYNEDD,GWYNEDD,Standard,Addition,53.2241780000,-4.1414120000
174000,2014-05-30 00:00:00Z,LL57 2TT,Semi-Detached,Established,Freehold,72,,FFRIDDOEDD ROAD,,BANGOR,GWYNEDD,GWYNEDD,Additional,Addition,53.2216740000,-4.1456170000
910000,2014-04-17 00:00:00Z,LL57 2HQ,Detached,Established,Freehold,Y GWYLAIN,,HOLYHEAD ROAD,,BANGOR,GWYNEDD,GWYNEDD,Additional,Addition,53.2244550000,-4.1499500000
275000,2014-09-17 00:00:00Z,LL57 2TW,Detached,Established,Freehold,32,,FFRIDDOEDD ROAD,,BANGOR,GWYNEDD,GWYNEDD,Standard,Addition,53.2241780000,-4.1414120000
145000,2014-11-28 00:00:00Z,LL57 2TT,Semi-Detached,Established,Freehold,25,,FFRIDDOEDD ROAD,,BANGOR,GWYNEDD,GWYNEDD,Standard,Addition,53.2216740000,-4.1456170000
190000,2014-06-16 00:00:00Z,LL57 2HT,Semi-Detached,Established,Freehold,34,,BELMONT AVENUE,,BANGOR,GWYNEDD,GWYNEDD,Standard,Addition,53.2216040000,-4.1475460000
165000,2014-03-03 00:00:00Z,LL57 2YF,Semi-Detached,Established,Freehold,92,,PENCHWINTAN ROAD,,BANGOR,GWYNEDD,GWYNEDD,Standard,Addition,53.2200100000,-4.1411590000
243000,2014-07-11 00:00:00Z,LL57 2HU,Detached,Established,Freehold,21,,TREFONWYS,,BANGOR,GWYNEDD,GWYNEDD,Standard,Addition,53.2224460000,-4.1487260000
183000,2015-02-20 00:00:00Z,LL57 2HT,Semi-Detached,Established,Freehold,8,,BELMONT AVENUE,,BANGOR,GWYNEDD,GWYNEDD,Standard,Addition,53.2216040000,-4.1475460000
133000,2015-07-16 00:00:00Z,LL57 2UF,Terraced,Established,Freehold,19,,TREM ELIDIR,,BANGOR,GWYNEDD,GWYNEDD,Standard,Addition,53.2212290000,-4.1423500000
125000,2015-08-21 00:00:00Z,LL57 2UD,Semi-Detached,Established,Freehold,51,,LON OGWEN,,BANGOR,GWYNEDD,GWYNEDD,Standard,Addition,53.2213180000,-4.1434570000
135000,2015-11-19 00:00:00Z,LL57 2HT,Semi-Detached,Established,Freehold,18,,BELMONT AVENUE,,BANGOR,GWYNEDD,GWYNEDD,Standard,Addition,53.2216040000,-4.1475460000
280000,2015-07-16 00:00:00Z,LL57 2HU,Detached,Established,Freehold,27,,TREFONWYS,,BANGOR,GWYNEDD,GWYNEDD,Standard,Addition,53.2224460000,-4.1487260000
125000,2015-08-28 00:00:00Z,LL57 2YF,Semi-Detached,Established,Freehold,87,,PENCHWINTAN ROAD,,BANGOR,GWYNEDD,GWYNEDD,Standard,Addition,53.2200100000,-4.1411590000
150000,2015-05-22 00:00:00Z,LL57 2TT,Semi-Detached,Established,Freehold,29,,FFRIDDOEDD ROAD,,BANGOR,GWYNEDD,GWYNEDD,Standard,Addition,53.2216740000,-4.1456170000
178000,2015-04-24 00:00:00Z,LL57 2TT,Semi-Detached,Established,Freehold,35,,FFRIDDOEDD ROAD,,BANGOR,GWYNEDD,GWYNEDD,Standard,Addition,53.2216740000,-4.1456170000
135000,2015-04-24 00:00:00Z,LL57 2UF,Terraced,Established,Freehold,33,,TREM ELIDIR,,BANGOR,GWYNEDD,GWYNEDD,Standard,Addition,53.2212290000,-4.1423500000
1150000,2016-10-28 00:00:00Z,LL57 2HQ,Other,Established,Freehold,PLAS BACH,,HOLYHEAD ROAD,,BANGOR,GWYNEDD,GWYNEDD,Additional,Addition,53.2244550000,-4.1499500000
115000,2016-10-28 00:00:00Z,LL57 2UF,Terraced,Established,Freehold,37,,TREM ELIDIR,,BANGOR,GWYNEDD,GWYNEDD,Standard,Addition,53.2212290000,-4.1423500000
176500,2016-09-01 00:00:00Z,LL57 2TT,Semi-Detached,Established,Freehold,27,,FFRIDDOEDD ROAD,,BANGOR,GWYNEDD,GWYNEDD,Additional,Addition,53.2216740000,-4.1456170000
134750,2016-02-05 00:00:00Z,LL57 2TT,Semi-Detached,Established,Freehold,27,,FFRIDDOEDD ROAD,,BANGOR,GWYNEDD,GWYNEDD,Standard,Addition,53.2216740000,-4.1456170000
200000,2016-11-23 00:00:00Z,LL57 2TW,Detached,Established,Freehold,28,,FFRIDDOEDD ROAD,,BANGOR,GWYNEDD,GWYNEDD,Standard,Addition,53.2241780000,-4.1414120000
138500,2016-08-02 00:00:00Z,LL57 2TT,Semi-Detached,Established,Freehold,76,,FFRIDDOEDD ROAD,,BANGOR,GWYNEDD,GWYNEDD,Standard,Addition,53.2216740000,-4.1456170000
132750,2016-08-05 00:00:00Z,LL57 2UF,Terraced,Established,Freehold,38,,TREM ELIDIR,,BANGOR,GWYNEDD,GWYNEDD,Standard,Addition,53.2212290000,-4.1423500000
157000,2016-05-13 00:00:00Z,LL57 2YF,Semi-Detached,Established,Freehold,109,,PENCHWINTAN ROAD,,BANGOR,GWYNEDD,GWYNEDD,Standard,Addition,53.2200100000,-4.1411590000
112500,2016-11-25 00:00:00Z,LL57 2UA,Terraced,Established,Freehold,36,,LON Y GLYDER,,BANGOR,GWYNEDD,GWYNEDD,Standard,Addition,53.2217890000,-4.1442440000
178000,2016-09-23 00:00:00Z,LL57 2HT,Semi-Detached,Established,Freehold,24,,BELMONT AVENUE,,BANGOR,GWYNEDD,GWYNEDD,Standard,Addition,53.2216040000,-4.1475460000
120000,2016-01-08 00:00:00Z,LL57 2YH,Terraced,Established,Freehold,22,,GARDD DENMAN,,BANGOR,GWYNEDD,GWYNEDD,Standard,Addition,53.2211370000,-4.1405270000
116250,2016-03-23 00:00:00Z,LL57 2UA,Semi-Detached,Established,Freehold,51,,LON Y GLYDER,,BANGOR,GWYNEDD,GWYNEDD,Standard,Addition,53.2217890000,-4.1442440000
240000,2016-08-26 00:00:00Z,LL57 2HU,Detached,Established,Freehold,17,,TREFONWYS,,BANGOR,GWYNEDD,GWYNEDD,Standard,Addition,53.2224460000,-4.1487260000
169000,2016-07-11 00:00:00Z,LL57 2HT,Semi-Detached,Established,Freehold,40,,BELMONT AVENUE,,BANGOR,GWYNEDD,GWYNEDD,Additional,Addition,53.2216040000,-4.1475460000
100000,2017-01-06 00:00:00Z,LL57 2YH,Terraced,Established,Freehold,8,,GARDD DENMAN,,BANGOR,GWYNEDD,GWYNEDD,Standard,Addition,53.2211370000,-4.1405270000
133000,2017-06-27 00:00:00Z,LL57 2YF,Terraced,Established,Freehold,103,,PENCHWINTAN ROAD,,BANGOR,GWYNEDD,GWYNEDD,Standard,Addition,53.2200100000,-4.1411590000
300000,2017-07-21 00:00:00Z,LL57 2HQ,Other,Established,Freehold,THE PINE MINE,,HOLYHEAD ROAD,,BANGOR,GWYNEDD,GWYNEDD,Additional,Addition,53.2244550000,-4.1499500000
166000,2017-06-30 00:00:00Z,LL57 2TT,Semi-Detached,Established,Freehold,74,,FFRIDDOEDD ROAD,,BANGOR,GWYNEDD,GWYNEDD,Standard,Addition,53.2216740000,-4.1456170000
131500,2017-08-18 00:00:00Z,LL57 2YF,Semi-Detached,Established,Freehold,116,,PENCHWINTAN ROAD,,BANGOR,GWYNEDD,GWYNEDD,Standard,Addition,53.2200100000,-4.1411590000
152000,2017-08-11 00:00:00Z,LL57 2YF,Semi-Detached,Established,Freehold,84,,PENCHWINTAN ROAD,,BANGOR,GWYNEDD,GWYNEDD,Standard,Addition,53.2200100000,-4.1411590000
105000,2017-12-05 00:00:00Z,LL57 2HY,Semi-Detached,Established,Freehold,29,,BELMONT ROAD,,BANGOR,GWYNEDD,GWYNEDD,Standard,Addition,53.2204690000,-4.1481630000
145000,2017-10-03 00:00:00Z,LL57 2HY,Semi-Detached,Established,Freehold,51,,BELMONT ROAD,,BANGOR,GWYNEDD,GWYNEDD,Standard,Addition,53.2204690000,-4.1481630000
112500,2017-04-26 00:00:00Z,LL57 2UA,Terraced,Established,Freehold,52,,LON Y GLYDER,,BANGOR,GWYNEDD,GWYNEDD,Standard,Addition,53.2217890000,-4.1442440000
118000,2017-02-17 00:00:00Z,LL57 2UA,Semi-Detached,Established,Freehold,35,,LON Y GLYDER,,BANGOR,GWYNEDD,GWYNEDD,Standard,Addition,53.2217890000,-4.1442440000
205000,2017-02-17 00:00:00Z,LL57 2HS,Semi-Detached,Established,Freehold,8,,BELMONT DRIVE,,BANGOR,GWYNEDD,GWYNEDD,Standard,Addition,53.2225080000,-4.1463500000
191000,2017-03-03 00:00:00Z,LL57 2HY,Semi-Detached,Established,Freehold,31,,BELMONT ROAD,,BANGOR,GWYNEDD,GWYNEDD,Standard,Addition,53.2204690000,-4.1481630000
151250,2017-11-10 00:00:00Z,LL57 2TT,Semi-Detached,Established,Freehold,51,,FFRIDDOEDD ROAD,,BANGOR,GWYNEDD,GWYNEDD,Standard,Addition,53.2216740000,-4.1456170000
187500,2017-11-17 00:00:00Z,LL57 2HY,Semi-Detached,Established,Freehold,33,,BELMONT ROAD,,BANGOR,GWYNEDD,GWYNEDD,Standard,Addition,53.2204690000,-4.1481630000
138000,2017-05-22 00:00:00Z,LL57 2HT,Semi-Detached,Established,Freehold,18,,BELMONT AVENUE,,BANGOR,GWYNEDD,GWYNEDD,Standard,Addition,53.2216040000,-4.1475460000
160000,2017-06-19 00:00:00Z,LL57 2TT,Semi-Detached,Established,Freehold,43,,FFRIDDOEDD ROAD,,BANGOR,GWYNEDD,GWYNEDD,Standard,Addition,53.2216740000,-4.1456170000
122500,2018-06-29 00:00:00Z,LL57 2UD,Terraced,Established,Freehold,28,,LON OGWEN,,BANGOR,GWYNEDD,GWYNEDD,Standard,Addition,53.2213180000,-4.1434570000
260000,2018-10-31 00:00:00Z,LL57 2HU,Detached,Established,Freehold,32,,TREFONWYS,,BANGOR,GWYNEDD,GWYNEDD,Standard,Addition,53.2224460000,-4.1487260000
289950,2018-04-12 00:00:00Z,LL57 2TW,Detached,Established,Freehold,17,,FFRIDDOEDD ROAD,,BANGOR,GWYNEDD,GWYNEDD,Standard,Addition,53.2241780000,-4.1414120000
190000,2018-01-19 00:00:00Z,LL57 2HT,Semi-Detached,Established,Freehold,23,,BELMONT AVENUE,,BANGOR,GWYNEDD,GWYNEDD,Standard,Addition,53.2216040000,-4.1475460000
125000,2018-01-17 00:00:00Z,LL57 2UA,Semi-Detached,Established,Freehold,29,,LON Y GLYDER,,BANGOR,GWYNEDD,GWYNEDD,Standard,Addition,53.2217890000,-4.1442440000
106000,2018-06-01 00:00:00Z,LL57 2YH,Terraced,Established,Freehold,2,,GARDD DENMAN,,BANGOR,GWYNEDD,GWYNEDD,Standard,Addition,53.2211370000,-4.1405270000
142500,2018-06-08 00:00:00Z,LL57 2YF,Semi-Detached,Established,Freehold,89,,PENCHWINTAN ROAD,,BANGOR,GWYNEDD,GWYNEDD,Standard,Addition,53.2200100000,-4.1411590000
135000,2018-09-03 00:00:00Z,LL57 2UF,Terraced,Established,Freehold,42,,TREM ELIDIR,,BANGOR,GWYNEDD,GWYNEDD,Standard,Addition,53.2212290000,-4.1423500000
258000,2018-03-29 00:00:00Z,LL57 2HS,Semi-Detached,Established,Freehold,22,,BELMONT DRIVE,,BANGOR,GWYNEDD,GWYNEDD,Standard,Addition,53.2225080000,-4.1463500000
126000,2018-10-12 00:00:00Z,LL57 2YL,Semi-Detached,Established,Freehold,16,,FFORDD CYNFAL,,BANGOR,GWYNEDD,GWYNEDD,Standard,Addition,53.2221580000,-4.1402480000
123750,2019-04-24 00:00:00Z,LL57 2UF,Terraced,Established,Freehold,34,,TREM ELIDIR,,BANGOR,GWYNEDD,GWYNEDD,Standard,Addition,53.2212290000,-4.1423500000
195000,2019-04-18 00:00:00Z,LL57 2TW,Semi-Detached,Established,Freehold,34,,FFRIDDOEDD ROAD,,BANGOR,GWYNEDD,GWYNEDD,Standard,Addition,53.2241780000,-4.1414120000
154000,2019-08-02 00:00:00Z,LL57 2TT,Semi-Detached,Established,Freehold,25,,FFRIDDOEDD ROAD,,BANGOR,GWYNEDD,GWYNEDD,Standard,Addition,53.2216740000,-4.1456170000
165000,2019-07-19 00:00:00Z,LL57 2TT,Detached,Established,Freehold,80,,FFRIDDOEDD ROAD,,BANGOR,GWYNEDD,GWYNEDD,Standard,Addition,53.2216740000,-4.1456170000
167500,2019-10-01 00:00:00Z,LL57 2UA,Terraced,Established,Freehold,14,,LON Y GLYDER,,BANGOR,GWYNEDD,GWYNEDD,Standard,Addition,53.2217890000,-4.1442440000
136000,2019-05-13 00:00:00Z,LL57 2TU,Terraced,Established,Freehold,23,,LON POWYS,,BANGOR,GWYNEDD,GWYNEDD,Standard,Addition,53.2212220000,-4.1452650000
160000,2019-08-09 00:00:00Z,LL57 2HT,Semi-Detached,Established,Freehold,18,,BELMONT AVENUE,,BANGOR,GWYNEDD,GWYNEDD,Standard,Addition,53.2216040000,-4.1475460000
185000,2019-09-18 00:00:00Z,LL57 2TT,Semi-Detached,Established,Freehold,92,,FFRIDDOEDD ROAD,,BANGOR,GWYNEDD,GWYNEDD,Standard,Addition,53.2216740000,-4.1456170000
147500,2019-03-01 00:00:00Z,LL57 2TT,Semi-Detached,Established,Freehold,41,,FFRIDDOEDD ROAD,,BANGOR,GWYNEDD,GWYNEDD,Standard,Addition,53.2216740000,-4.1456170000
111000,2020-02-17 00:00:00Z,LL57 2UD,Semi-Detached,Established,Freehold,46,,LON OGWEN,,BANGOR,GWYNEDD,GWYNEDD,Standard,Addition,53.2213180000,-4.1434570000
137000,2020-03-11 00:00:00Z,LL57 2YH,Terraced,Established,Freehold,8,,GARDD DENMAN,,BANGOR,GWYNEDD,GWYNEDD,Standard,Addition,53.2211370000,-4.1405270000
125000,2020-11-20 00:00:00Z,LL57 2UD,Semi-Detached,Established,Freehold,7,,LON OGWEN,,BANGOR,GWYNEDD,GWYNEDD,Standard,Addition,53.2213180000,-4.1434570000
140000,2020-11-26 00:00:00Z,LL57 2YF,Semi-Detached,Established,Freehold,77,,PENCHWINTAN ROAD,,BANGOR,GWYNEDD,GWYNEDD,Standard,Addition,53.2200100000,-4.1411590000
128000,2020-09-10 00:00:00Z,LL57 2YH,Terraced,Established,Freehold,20,,GARDD DENMAN,,BANGOR,GWYNEDD,GWYNEDD,Standard,Addition,53.2211370000,-4.1405270000
160000,2020-03-11 00:00:00Z,LL57 2HY,Semi-Detached,Established,Freehold,25,,BELMONT ROAD,,BANGOR,GWYNEDD,GWYNEDD,Standard,Addition,53.2204690000,-4.1481630000
178000,2020-07-17 00:00:00Z,LL57 2HY,Semi-Detached,Established,Freehold,19,,BELMONT ROAD,,BANGOR,GWYNEDD,GWYNEDD,Standard,Addition,53.2204690000,-4.1481630000
155000,2020-06-15 00:00:00Z,LL57 2YH,Terraced,Established,Freehold,22,,GARDD DENMAN,,BANGOR,GWYNEDD,GWYNEDD,Standard,Addition,53.2211370000,-4.1405270000
150000,2020-10-27 00:00:00Z,LL57 2UF,Terraced,Established,Freehold,18,,TREM ELIDIR,,BANGOR,GWYNEDD,GWYNEDD,Standard,Addition,53.2212290000,-4.1423500000
130950,2020-01-15 00:00:00Z,LL57 2UF,Terraced,Established,Freehold,40,,TREM ELIDIR,,BANGOR,GWYNEDD,GWYNEDD,Standard,Addition,53.2212290000,-4.1423500000
1050000,2020-08-28 00:00:00Z,LL57 2HQ,Other,Established,Freehold,WOODSIDE CARAVAN PARK,,HOLYHEAD ROAD,,BANGOR,GWYNEDD,GWYNEDD,Additional,Addition,53.2244550000,-4.1499500000
220000,2020-08-14 00:00:00Z,LL57 2HT,Semi-Detached,Established,Freehold,1,,BELMONT AVENUE,,BANGOR,GWYNEDD,GWYNEDD,Standard,Addition,53.2216040000,-4.1475460000
175000,2021-12-21 00:00:00Z,LL57 2TT,Semi-Detached,Established,Freehold,27,,FFRIDDOEDD ROAD,,BANGOR,GWYNEDD,GWYNEDD,Standard,Addition,53.2216740000,-4.1456170000
185000,2021-07-07 00:00:00Z,LL57 2HY,Semi-Detached,Established,Freehold,25,,BELMONT ROAD,,BANGOR,GWYNEDD,GWYNEDD,Standard,Addition,53.2204690000,-4.1481630000
840000,2021-12-09 00:00:00Z,LL57 2HQ,Detached,Established,Freehold,YR HAFOD,,HOLYHEAD ROAD,,BANGOR,GWYNEDD,GWYNEDD,Standard,Addition,53.2244550000,-4.1499500000
195000,2021-02-03 00:00:00Z,LL57 2HY,Semi-Detached,Established,Freehold,"LLEIFIOR, 47",,BELMONT ROAD,,BANGOR,GWYNEDD,GWYNEDD,Standard,Addition,53.2204690000,-4.1481630000
257500,2021-01-22 00:00:00Z,LL57 2HS,Detached,Established,Freehold,9,,BELMONT DRIVE,,BANGOR,GWYNEDD,GWYNEDD,Standard,Addition,53.2225080000,-4.1463500000
169950,2021-12-14 00:00:00Z,LL57 2YF,Semi-Detached,Established,Freehold,102,,PENCHWINTAN ROAD,,BANGOR,GWYNEDD,GWYNEDD,Standard,Addition,53.2200100000,-4.1411590000
139950,2021-11-17 00:00:00Z,LL57 2TU,Semi-Detached,Established,Freehold,3,,LON POWYS,,BANGOR,GWYNEDD,GWYNEDD,Standard,Addition,53.2212220000,-4.1452650000
278000,2021-02-03 00:00:00Z,LL57 2HU,Detached,Established,Freehold,26,,TREFONWYS,,BANGOR,GWYNEDD,GWYNEDD,Standard,Addition,53.2224460000,-4.1487260000
162500,2021-06-30 00:00:00Z,LL57 2UA,Terraced,Established,Freehold,57,,LON Y GLYDER,,BANGOR,GWYNEDD,GWYNEDD,Standard,Addition,53.2217890000,-4.1442440000
125000,2021-03-12 00:00:00Z,LL57 2UD,Semi-Detached,Established,Freehold,23,,LON OGWEN,,BANGOR,GWYNEDD,GWYNEDD,Standard,Addition,53.2213180000,-4.1434570000
303000,2021-10-01 00:00:00Z,LL57 2TW,Detached,Established,Freehold,19,,FFRIDDOEDD ROAD,,BANGOR,GWYNEDD,GWYNEDD,Standard,Addition,53.2241780000,-4.1414120000
175000,2021-05-28 00:00:00Z,LL57 2HT,Semi-Detached,Established,Freehold,14,,BELMONT AVENUE,,BANGOR,GWYNEDD,GWYNEDD,Standard,Addition,53.2216040000,-4.1475460000
150000,2021-10-01 00:00:00Z,LL57 2TT,Semi-Detached,Established,Freehold,49,,FFRIDDOEDD ROAD,,BANGOR,GWYNEDD,GWYNEDD,Standard,Addition,53.2216740000,-4.1456170000
194000,2021-11-03 00:00:00Z,LL57 2HT,Semi-Detached,Established,Freehold,27,,BELMONT AVENUE,,BANGOR,GWYNEDD,GWYNEDD,Standard,Addition,53.2216040000,-4.1475460000
150000,2022-01-28 00:00:00Z,LL57 2TU,Terraced,Established,Freehold,25,,LON POWYS,,BANGOR,GWYNEDD,GWYNEDD,Standard,Addition,53.2212220000,-4.1452650000
191100,2022-03-29 00:00:00Z,LL57 2UA,Terraced,Established,Freehold,54,,LON Y GLYDER,,BANGOR,GWYNEDD,GWYNEDD,Standard,Addition,53.2217890000,-4.1442440000
