60000,1995-02-27 00:00:00Z,DN21 3SE,Detached,Established,Freehold,30,,MILL CRESCENT,SCOTTER,GAINSBOROUGH,WEST LINDSEY,LINCOLNSHIRE,Standard,Addition,53.4940920000,-0.6688580000
64950,1995-07-21 00:00:00Z,DN21 3TN,Detached,New Build,Freehold,53A,,HIGH STREET,SCOTTER,GAINSBOROUGH,WEST LINDSEY,LINCOLNSHIRE,Standard,Addition,53.4987910000,-0.6699510000
117500,1995-08-11 00:00:00Z,DN21 3UG,Detached,Established,Freehold,2,,RIVERSIDE,SCOTTER,GAINSBOROUGH,WEST LINDSEY,LINCOLNSHIRE,Standard,Addition,53.4990560000,-0.6641950000
58500,1995-02-28 00:00:00Z,DN21 3SH,Semi-Detached,Established,Freehold,31,,ASTLEY CRESCENT,SCOTTER,GAINSBOROUGH,WEST LINDSEY,LINCOLNSHIRE,Standard,Addition,53.4959830000,-0.6690850000
43000,1995-08-18 00:00:00Z,DN21 3SR,Semi-Detached,Established,Freehold,12,,COLINS WALK,SCOTTER,GAINSBOROUGH,WEST LINDSEY,LINCOLNSHIRE,Standard,Addition,53.4998400000,-0.6627230000
46000,1995-07-06 00:00:00Z,DN21 3SR,Detached,Established,Freehold,8,,COLINS WALK,SCOTTER,GAINSBOROUGH,WEST LINDSEY,LINCOLNSHIRE,Standard,Addition,53.4998400000,-0.6627230000
60000,1995-08-29 00:00:00Z,DN21 3SL,Detached,Established,Freehold,20,,ASTLEY CRESCENT,SCOTTER,GAINSBOROUGH,WEST LINDSEY,LINCOLNSHIRE,Standard,Addition,53.4955640000,-0.6679060000
55000,1995-02-28 00:00:00Z,DN21 3SD,Semi-Detached,Established,Freehold,6,,WESTCLIFFE ROAD,SCOTTER,GAINSBOROUGH,WEST LINDSEY,LINCOLNSHIRE,Standard,Addition,53.4937620000,-0.6666530000
69950,1995-06-26 00:00:00Z,DN21 3TG,Detached,Established,Freehold,2,,REVILLS CLOSE,SCOTTER,GAINSBOROUGH,WEST LINDSEY,LINCOLNSHIRE,Standard,Addition,53.4943590000,-0.6661820000
29750,1995-05-31 00:00:00Z,DN21 3TP,Detached,Established,Freehold,6,,THE ELMS,SCOTTER,GAINSBOROUGH,WEST LINDSEY,LINCOLNSHIRE,Standard,Addition,53.4955620000,-0.6646530000
47000,1995-08-17 00:00:00Z,DN21 3SG,Detached,Established,Freehold,17,,ST PETERS ROAD,SCOTTER,GAINSBOROUGH,WEST LINDSEY,LINCOLNSHIRE,Standard,Addition,53.4961610000,-0.6665320000
35000,1996-07-31 00:00:00Z,DN21 3SG,Detached,Established,Freehold,18,,ST PETERS ROAD,SCOTTER,GAINSBOROUGH,WEST LINDSEY,LINCOLNSHIRE,Standard,Addition,53.4961610000,-0.6665320000
36950,1996-08-16 00:00:00Z,DN21 3SJ,Detached,Established,Freehold,8,,CECIL CLOSE,SCOTTER,GAINSBOROUGH,WEST LINDSEY,LINCOLNSHIRE,Standard,Addition,53.4952330000,-0.6663950000
47500,1996-12-24 00:00:00Z,DN21 3SE,Detached,Established,Freehold,8,,MILL CRESCENT,SCOTTER,GAINSBOROUGH,WEST LINDSEY,LINCOLNSHIRE,Standard,Addition,53.4940920000,-0.6688580000
50000,1996-03-01 00:00:00Z,DN21 3SJ,Detached,Established,Freehold,3,,CECIL CLOSE,SCOTTER,GAINSBOROUGH,WEST LINDSEY,LINCOLNSHIRE,Standard,Addition,53.4952330000,-0.6663950000
20000,1996-05-31 00:00:00Z,DN21 3TN,Semi-Detached,Established,Freehold,5,,HIGH STREET,SCOTTER,GAINSBOROUGH,WEST LINDSEY,LINCOLNSHIRE,Standard,Addition,53.4987910000,-0.6699510000
50000,1996-05-16 00:00:00Z,DN21 3UB,Detached,Established,Freehold,13,,GAINSBOROUGH ROAD,SCOTTER,GAINSBOROUGH,WEST LINDSEY,LINCOLNSHIRE,Standard,Addition,53.4972300000,-0.6688650000
50000,1996-06-24 00:00:00Z,DN21 3SD,Semi-Detached,Established,Freehold,16,,WESTCLIFFE ROAD,SCOTTER,GAINSBOROUGH,WEST LINDSEY,LINCOLNSHIRE,Standard,Addition,53.4937620000,-0.6666530000
36500,1996-05-01 00:00:00Z,DN21 3SN,Semi-Detached,Established,Freehold,2,,ST PETERS GROVE,SCOTTER,GAINSBOROUGH,WEST LINDSEY,LINCOLNSHIRE,Standard,Addition,53.4952330000,-0.6695460000
49950,1996-12-12 00:00:00Z,DN21 3SJ,Detached,Established,Freehold,4,,CECIL CLOSE,SCOTTER,GAINSBOROUGH,WEST LINDSEY,LINCOLNSHIRE,Standard,Addition,53.4952330000,-0.6663950000
50000,1996-07-05 00:00:00Z,DN21 3SF,Semi-Detached,Established,Freehold,90,,HIGH STREET,SCOTTER,GAINSBOROUGH,WEST LINDSEY,LINCOLNSHIRE,Standard,Addition,53.4950770000,-0.6652390000
54950,1996-12-20 00:00:00Z,DN21 3SJ,Detached,Established,Freehold,1,,CECIL CLOSE,SCOTTER,GAINSBOROUGH,WEST LINDSEY,LINCOLNSHIRE,Standard,Addition,53.4952330000,-0.6663950000
34000,1996-10-31 00:00:00Z,DN21 3SW,Semi-Detached,Established,Freehold,3,,KIRTON ROAD,SCOTTER,GAINSBOROUGH,WEST LINDSEY,LINCOLNSHIRE,Standard,Addition,53.4994540000,-0.6620260000
37500,1996-09-27 00:00:00Z,DN21 3TZ,Terraced,Established,Freehold,22,,POPLAR GROVE,SCOTTER,GAINSBOROUGH,WEST LINDSEY,LINCOLNSHIRE,Standard,Addition,53.4977550000,-0.6691960000
33000,1996-04-30 00:00:00Z,DN21 3TJ,Terraced,Established,Freehold,5,,PROSPECT COURT,SCOTTER,GAINSBOROUGH,WEST LINDSEY,LINCOLNSHIRE,Standard,Addition,53.4987230000,-0.6673560000
50500,1996-03-29 00:00:00Z,DN21 3TN,Detached,New Build,Freehold,53,,HIGH STREET,SCOTTER,GAINSBOROUGH,WEST LINDSEY,LINCOLNSHIRE,Standard,Addition,53.4987910000,-0.6699510000
43500,1996-11-28 00:00:00Z,DN21 3SE,Semi-Detached,Established,Freehold,2,,MILL CRESCENT,SCOTTER,GAINSBOROUGH,WEST LINDSEY,LINCOLNSHIRE,Standard,Addition,53.4940920000,-0.6688580000
76000,1997-08-08 00:00:00Z,DN21 3RY,Detached,Established,Freehold,105,,HIGH STREET,SCOTTER,GAINSBOROUGH,WEST LINDSEY,LINCOLNSHIRE,Standard,Addition,53.4957290000,-0.6648720000
37500,1997-02-26 00:00:00Z,DN21 3SH,Detached,Established,Freehold,9,,ASTLEY CRESCENT,SCOTTER,GAINSBOROUGH,WEST LINDSEY,LINCOLNSHIRE,Standard,Addition,53.4959830000,-0.6690850000
38000,1997-10-07 00:00:00Z,DN21 3UB,Semi-Detached,Established,Freehold,22,,GAINSBOROUGH ROAD,SCOTTER,GAINSBOROUGH,WEST LINDSEY,LINCOLNSHIRE,Standard,Addition,53.4972300000,-0.6688650000
48000,1997-09-05 00:00:00Z,DN21 3SH,Detached,Established,Freehold,9,,ASTLEY CRESCENT,SCOTTER,GAINSBOROUGH,WEST LINDSEY,LINCOLNSHIRE,Standard,Addition,53.4959830000,-0.6690850000
55000,1997-11-21 00:00:00Z,DN21 3UB,Semi-Detached,Established,Freehold,7,,GAINSBOROUGH ROAD,SCOTTER,GAINSBOROUGH,WEST LINDSEY,LINCOLNSHIRE,Standard,Addition,53.4972300000,-0.6688650000
30000,1997-07-21 00:00:00Z,DN21 3SR,Semi-Detached,Established,Freehold,7,,COLINS WALK,SCOTTER,GAINSBOROUGH,WEST LINDSEY,LINCOLNSHIRE,Standard,Addition,53.4998400000,-0.6627230000
51500,1997-06-18 00:00:00Z,DN21 3RL,Detached,New Build,Freehold,23,,GAINSBOROUGH ROAD,SCOTTER,GAINSBOROUGH,WEST LINDSEY,LINCOLNSHIRE,Standard,Addition,53.4957760000,-0.6699360000
60000,1997-01-31 00:00:00Z,DN21 3TZ,Detached,Established,Freehold,3,,POPLAR GROVE,SCOTTER,GAINSBOROUGH,WEST LINDSEY,LINCOLNSHIRE,Standard,Addition,53.4977550000,-0.6691960000
35500,1997-02-25 00:00:00Z,DN21 3UB,Detached,Established,Freehold,9A,,GAINSBOROUGH ROAD,SCOTTER,GAINSBOROUGH,WEST LINDSEY,LINCOLNSHIRE,Standard,Addition,53.4972300000,-0.6688650000
55000,1997-05-30 00:00:00Z,DN21 3SH,Detached,Established,Freehold,29,,ASTLEY CRESCENT,SCOTTER,GAINSBOROUGH,WEST LINDSEY,LINCOLNSHIRE,Standard,Addition,53.4959830000,-0.6690850000
65500,1997-08-26 00:00:00Z,DN21 3TZ,Detached,Established,Freehold,14,,POPLAR GROVE,SCOTTER,GAINSBOROUGH,WEST LINDSEY,LINCOLNSHIRE,Standard,Addition,53.4977550000,-0.6691960000
39000,1997-08-15 00:00:00Z,DN21 3SE,Detached,Established,Freehold,27,,MILL CRESCENT,SCOTTER,GAINSBOROUGH,WEST LINDSEY,LINCOLNSHIRE,Standard,Addition,53.4940920000,-0.6688580000
55000,1997-07-09 00:00:00Z,DN21 3SH,Semi-Detached,Established,Freehold,33,,ASTLEY CRESCENT,SCOTTER,GAINSBOROUGH,WEST LINDSEY,LINCOLNSHIRE,Standard,Addition,53.4959830000,-0.6690850000
68000,1997-03-10 00:00:00Z,DN21 3UA,Detached,Established,Freehold,4,,ORCHARD AVENUE,SCOTTER,GAINSBOROUGH,WEST LINDSEY,LINCOLNSHIRE,Standard,Addition,53.4966250000,-0.6678440000
38000,1997-05-30 00:00:00Z,DN21 3SG,Detached,Established,Freehold,15,,ST PETERS ROAD,SCOTTER,GAINSBOROUGH,WEST LINDSEY,LINCOLNSHIRE,Standard,Addition,53.4961610000,-0.6665320000
44000,1997-11-17 00:00:00Z,DN21 3SN,Semi-Detached,Established,Freehold,2,,ST PETERS GROVE,SCOTTER,GAINSBOROUGH,WEST LINDSEY,LINCOLNSHIRE,Standard,Addition,53.4952330000,-0.6695460000
53500,1997-12-15 00:00:00Z,DN21 3SL,Semi-Detached,Established,Freehold,10,,ASTLEY CRESCENT,SCOTTER,GAINSBOROUGH,WEST LINDSEY,LINCOLNSHIRE,Standard,Addition,53.4955640000,-0.6679060000
67000,1997-03-21 00:00:00Z,DN21 3SG,Detached,Established,Freehold,22,,ST PETERS ROAD,SCOTTER,GAINSBOROUGH,WEST LINDSEY,LINCOLNSHIRE,Standard,Addition,53.4961610000,-0.6665320000
54000,1997-07-18 00:00:00Z,DN21 3SN,Detached,Established,Freehold,15,,ST PETERS GROVE,SCOTTER,GAINSBOROUGH,WEST LINDSEY,LINCOLNSHIRE,Standard,Addition,53.4952330000,-0.6695460000
59500,1997-12-11 00:00:00Z,DN21 3UG,Detached,Established,Freehold,4,,RIVERSIDE,SCOTTER,GAINSBOROUGH,WEST LINDSEY,LINCOLNSHIRE,Standard,Addition,53.4990560000,-0.6641950000
86500,1997-10-31 00:00:00Z,DN21 3UQ,Detached,Established,Freehold,8,,MESSINGHAM ROAD,SCOTTER,GAINSBOROUGH,WEST LINDSEY,LINCOLNSHIRE,Standard,Addition,53.4988280000,-0.6662830000
87500,1998-09-21 00:00:00Z,DN21 3UF,Detached,Established,Freehold,1,,CHERRY TREE RISE,SCOTTER,GAINSBOROUGH,EAST LINDSEY,LINCOLNSHIRE,Standard,Addition,53.4986950000,-0.6624420000
65000,1998-09-02 00:00:00Z,DN21 3TG,Detached,Established,Freehold,5,,REVILLS CLOSE,SCOTTER,GAINSBOROUGH,WEST LINDSEY,LINCOLNSHIRE,Standard,Addition,53.4943590000,-0.6661820000
89950,1998-08-07 00:00:00Z,DN21 3RX,Detached,Established,Freehold,76,,HIGH STREET,SCOTTER,GAINSBOROUGH,WEST LINDSEY,LINCOLNSHIRE,Standard,Addition,53.4970000000,-0.6659930000
45000,1998-01-30 00:00:00Z,DN21 3TL,Semi-Detached,Established,Freehold,77,,HIGH STREET,SCOTTER,GAINSBOROUGH,WEST LINDSEY,LINCOLNSHIRE,Standard,Addition,53.4978890000,-0.6667640000
38000,1998-09-30 00:00:00Z,DN21 3TJ,Terraced,Established,Freehold,4,,PROSPECT COURT,SCOTTER,GAINSBOROUGH,WEST LINDSEY,LINCOLNSHIRE,Standard,Addition,53.4987230000,-0.6673560000
108000,1998-03-19 00:00:00Z,DN21 3UD,Detached,Established,Freehold,7,,THE GREEN,SCOTTER,GAINSBOROUGH,WEST LINDSEY,LINCOLNSHIRE,Standard,Addition,53.4973620000,-0.6651110000
54000,1998-03-27 00:00:00Z,DN21 3SR,Detached,Established,Freehold,10,,COLINS WALK,SCOTTER,GAINSBOROUGH,WEST LINDSEY,LINCOLNSHIRE,Standard,Addition,53.4998400000,-0.6627230000
39950,1998-07-07 00:00:00Z,DN21 3TZ,Semi-Detached,Established,Freehold,24,,POPLAR GROVE,SCOTTER,GAINSBOROUGH,WEST LINDSEY,LINCOLNSHIRE,Standard,Addition,53.4977550000,-0.6691960000
60000,1998-01-30 00:00:00Z,DN21 3SF,Detached,Established,Freehold,98,,HIGH STREET,SCOTTER,GAINSBOROUGH,WEST LINDSEY,LINCOLNSHIRE,Standard,Addition,53.4950770000,-0.6652390000
59995,1998-03-20 00:00:00Z,DN21 3SF,Semi-Detached,Established,Freehold,80,,HIGH STREET,SCOTTER,GAINSBOROUGH,WEST LINDSEY,LINCOLNSHIRE,Standard,Addition,53.4950770000,-0.6652390000
128000,1998-07-14 00:00:00Z,DN21 3RZ,Detached,Established,Freehold,BRANDS CROFT,,CHURCH LANE,SCOTTER,GAINSBOROUGH,WEST LINDSEY,LINCOLNSHIRE,Standard,Addition,53.4961500000,-0.6644250000
32000,1998-11-13 00:00:00Z,DN21 3TL,Terraced,Established,Freehold,95,,HIGH STREET,SCOTTER,GAINSBOROUGH,WEST LINDSEY,LINCOLNSHIRE,Standard,Addition,53.4978890000,-0.6667640000
51950,1998-07-31 00:00:00Z,DN21 3SJ,Detached,Established,Freehold,1,,CECIL CLOSE,SCOTTER,GAINSBOROUGH,WEST LINDSEY,LINCOLNSHIRE,Standard,Addition,53.4952330000,-0.6663950000
40000,1998-08-14 00:00:00Z,DN21 3RY,Semi-Detached,Established,Freehold,105A,,HIGH STREET,SCOTTER,GAINSBOROUGH,WEST LINDSEY,LINCOLNSHIRE,Standard,Addition,53.4957290000,-0.6648720000
60000,1998-01-19 00:00:00Z,DN21 3SL,Detached,Established,Freehold,6,,ASTLEY CRESCENT,SCOTTER,GAINSBOROUGH,WEST LINDSEY,LINCOLNSHIRE,Standard,Addition,53.4955640000,-0.6679060000
60000,1998-01-30 00:00:00Z,DN21 3SD,Semi-Detached,Established,Freehold,10,,WESTCLIFFE ROAD,SCOTTER,GAINSBOROUGH,WEST LINDSEY,LINCOLNSHIRE,Standard,Addition,53.4937620000,-0.6666530000
36000,1998-02-06 00:00:00Z,DN21 3UB,Semi-Detached,Established,Freehold,16,,GAINSBOROUGH ROAD,SCOTTER,GAINSBOROUGH,WEST LINDSEY,LINCOLNSHIRE,Standard,Addition,53.4972300000,-0.6688650000
72000,1998-09-28 00:00:00Z,DN21 3TZ,Detached,Established,Freehold,19,,POPLAR GROVE,SCOTTER,GAINSBOROUGH,WEST LINDSEY,LINCOLNSHIRE,Standard,Addition,53.4977550000,-0.6691960000
48000,1998-01-30 00:00:00Z,DN21 3UA,Detached,Established,Freehold,8,,ORCHARD AVENUE,SCOTTER,GAINSBOROUGH,WEST LINDSEY,LINCOLNSHIRE,Standard,Addition,53.4966250000,-0.6678440000
51000,1999-12-21 00:00:00Z,DN21 3SG,Detached,Established,Freehold,11,,ST PETERS ROAD,SCOTTER,GAINSBOROUGH,WEST LINDSEY,LINCOLNSHIRE,Standard,Addition,53.4961610000,-0.6665320000
72000,1999-07-08 00:00:00Z,DN21 3TL,Detached,Established,Freehold,101,,HIGH STREET,SCOTTER,GAINSBOROUGH,WEST LINDSEY,LINCOLNSHIRE,Standard,Addition,53.4978890000,-0.6667640000
35000,1999-07-01 00:00:00Z,DN21 3TN,Semi-Detached,Established,Freehold,55,,HIGH STREET,SCOTTER,GAINSBOROUGH,WEST LINDSEY,LINCOLNSHIRE,Standard,Addition,53.4987910000,-0.6699510000
76000,1999-10-29 00:00:00Z,DN21 3TN,Detached,New Build,Freehold,BRADWELL,,HIGH STREET,SCOTTER,GAINSBOROUGH,WEST LINDSEY,LINCOLNSHIRE,Standard,Addition,53.4987910000,-0.6699510000
69950,1999-10-25 00:00:00Z,DN21 3SL,Semi-Detached,Established,Freehold,8,,ASTLEY CRESCENT,SCOTTER,GAINSBOROUGH,WEST LINDSEY,LINCOLNSHIRE,Standard,Addition,53.4955640000,-0.6679060000
81000,1999-08-27 00:00:00Z,DN21 3TY,Detached,Established,Freehold,14,,PINE TREE AVENUE,SCOTTER,GAINSBOROUGH,WEST LINDSEY,LINCOLNSHIRE,Standard,Addition,53.4964950000,-0.6699290000
42000,1999-12-15 00:00:00Z,DN21 3TN,Semi-Detached,Established,Freehold,3,,,PROSPECT ROAD,GAINSBOROUGH,WEST LINDSEY,LINCOLNSHIRE,Standard,Addition,53.4987910000,-0.6699510000
150000,1999-08-09 00:00:00Z,DN21 3UR,Detached,Established,Freehold,18,,LINDHOLME,SCOTTER,GAINSBOROUGH,WEST LINDSEY,LINCOLNSHIRE,Standard,Addition,53.4972250000,-0.6628200000
45000,1999-12-03 00:00:00Z,DN21 3SE,Semi-Detached,Established,Freehold,6,,MILL CRESCENT,SCOTTER,GAINSBOROUGH,WEST LINDSEY,LINCOLNSHIRE,Standard,Addition,53.4940920000,-0.6688580000
50500,1999-06-25 00:00:00Z,DN21 3RL,Detached,Established,Freehold,25,,GAINSBOROUGH ROAD,SCOTTER,GAINSBOROUGH,WEST LINDSEY,LINCOLNSHIRE,Standard,Addition,53.4957760000,-0.6699360000
85500,1999-07-02 00:00:00Z,DN21 3TN,Detached,New Build,Freehold,KENMORE,,HIGH STREET,SCOTTER,GAINSBOROUGH,WEST LINDSEY,LINCOLNSHIRE,Standard,Addition,53.4987910000,-0.6699510000
92500,1999-07-09 00:00:00Z,DN21 3SB,Detached,Established,Freehold,SAGANA LODGE,,SCOTTON ROAD,SCOTTER,GAINSBOROUGH,WEST LINDSEY,LINCOLNSHIRE,Standard,Addition,53.4926750000,-0.6642450000
52950,1999-12-03 00:00:00Z,DN21 3UA,Detached,Established,Freehold,9,,ORCHARD AVENUE,SCOTTER,GAINSBOROUGH,WEST LINDSEY,LINCOLNSHIRE,Standard,Addition,53.4966250000,-0.6678440000
67500,1999-09-03 00:00:00Z,DN21 3TN,Semi-Detached,Established,Freehold,21,,HIGH STREET,SCOTTER,GAINSBOROUGH,WEST LINDSEY,LINCOLNSHIRE,Standard,Addition,53.4987910000,-0.6699510000
59950,1999-01-28 00:00:00Z,DN21 3SE,Semi-Detached,Established,Freehold,23,,MILL CRESCENT,SCOTTER,GAINSBOROUGH,WEST LINDSEY,LINCOLNSHIRE,Standard,Addition,53.4940920000,-0.6688580000
37000,1999-12-10 00:00:00Z,DN21 3SG,Semi-Detached,Established,Freehold,10,,ST PETERS ROAD,SCOTTER,GAINSBOROUGH,WEST LINDSEY,LINCOLNSHIRE,Standard,Addition,53.4961610000,-0.6665320000
42500,1999-09-10 00:00:00Z,DN21 3SN,Semi-Detached,Established,Freehold,2,,ST PETERS GROVE,SCOTTER,GAINSBOROUGH,WEST LINDSEY,LINCOLNSHIRE,Standard,Addition,53.4952330000,-0.6695460000
129000,1999-09-01 00:00:00Z,DN21 3UR,Detached,Established,Freehold,12,,LINDHOLME,SCOTTER,GAINSBOROUGH,WEST LINDSEY,LINCOLNSHIRE,Standard,Addition,53.4972250000,-0.6628200000
37500,1999-08-27 00:00:00Z,DN21 3SE,Detached,Established,Freehold,48,,MILL CRESCENT,SCOTTER,GAINSBOROUGH,WEST LINDSEY,LINCOLNSHIRE,Standard,Addition,53.4940920000,-0.6688580000
49000,1999-02-15 00:00:00Z,DN21 3SH,Detached,Established,Freehold,17,,ASTLEY CRESCENT,SCOTTER,GAINSBOROUGH,WEST LINDSEY,LINCOLNSHIRE,Standard,Addition,53.4959830000,-0.6690850000
37500,1999-03-31 00:00:00Z,DN21 3TJ,Terraced,Established,Freehold,8,,PROSPECT COURT,SCOTTER,GAINSBOROUGH,WEST LINDSEY,LINCOLNSHIRE,Standard,Addition,53.4987230000,-0.6673560000
48000,1999-11-04 00:00:00Z,DN21 3SG,Semi-Detached,Established,Freehold,4,,ST PETERS ROAD,SCOTTER,GAINSBOROUGH,WEST LINDSEY,LINCOLNSHIRE,Standard,Addition,53.4961610000,-0.6665320000
42000,1999-09-10 00:00:00Z,DN21 3RY,Detached,Established,Freehold,103,,HIGH STREET,SCOTTER,GAINSBOROUGH,WEST LINDSEY,LINCOLNSHIRE,Standard,Addition,53.4957290000,-0.6648720000
52950,1999-07-08 00:00:00Z,DN21 3SG,Detached,Established,Freehold,9,,ST PETERS ROAD,SCOTTER,GAINSBOROUGH,WEST LINDSEY,LINCOLNSHIRE,Standard,Addition,53.4961610000,-0.6665320000
69000,2000-08-14 00:00:00Z,DN21 3RY,Detached,Established,Freehold,107,,HIGH STREET,SCOTTER,GAINSBOROUGH,WEST LINDSEY,LINCOLNSHIRE,Standard,Addition,53.4957290000,-0.6648720000
82950,2000-02-25 00:00:00Z,DN21 3TY,Semi-Detached,Established,Freehold,10,,PINE TREE AVENUE,SCOTTER,GAINSBOROUGH,WEST LINDSEY,LINCOLNSHIRE,Standard,Addition,53.4964950000,-0.6699290000
73500,2000-01-20 00:00:00Z,DN21 3SH,Detached,Established,Freehold,1,,ASTLEY CRESCENT,SCOTTER,GAINSBOROUGH,WEST LINDSEY,LINCOLNSHIRE,Standard,Addition,53.4959830000,-0.6690850000
59950,2000-02-25 00:00:00Z,DN21 3TN,Terraced,Established,Freehold,43,,HIGH STREET,SCOTTER,GAINSBOROUGH,WEST LINDSEY,LINCOLNSHIRE,Standard,Addition,53.4987910000,-0.6699510000
68500,2000-11-17 00:00:00Z,DN21 3SJ,Detached,Established,Freehold,3,,CECIL CLOSE,SCOTTER,GAINSBOROUGH,WEST LINDSEY,LINCOLNSHIRE,Standard,Addition,53.4952330000,-0.6663950000
73000,2000-08-10 00:00:00Z,DN21 3TY,Detached,Established,Freehold,8,,PINE TREE AVENUE,SCOTTER,GAINSBOROUGH,WEST LINDSEY,LINCOLNSHIRE,Standard,Addition,53.4964950000,-0.6699290000
180000,2000-01-12 00:00:00Z,DN21 3UD,Terraced,Established,Freehold,22,,THE GREEN,SCOTTER,GAINSBOROUGH,WEST LINDSEY,LINCOLNSHIRE,Standard,Addition,53.4973620000,-0.6651110000
105000,2000-06-28 00:00:00Z,DN21 3UG,Detached,Established,Freehold,MOORINGS,,RIVERSIDE,SCOTTER,GAINSBOROUGH,WEST LINDSEY,LINCOLNSHIRE,Standard,Addition,53.4990560000,-0.6641950000
249000,2000-11-10 00:00:00Z,DN21 3RZ,Detached,Established,Freehold,THE OLD RECTORY,,CHURCH LANE,SCOTTER,GAINSBOROUGH,WEST LINDSEY,LINCOLNSHIRE,Standard,Addition,53.4961500000,-0.6644250000
215000,2000-10-19 00:00:00Z,DN21 3UR,Detached,Established,Freehold,THE PADDOCKS,,LINDHOLME,SCOTTER,GAINSBOROUGH,WEST LINDSEY,LINCOLNSHIRE,Standard,Addition,53.4972250000,-0.6628200000
41000,2000-11-24 00:00:00Z,DN21 3UQ,Terraced,Established,Freehold,WILLOW COURT,4B,MESSINGHAM ROAD,SCOTTER,GAINSBOROUGH,WEST LINDSEY,LINCOLNSHIRE,Standard,Addition,53.4988280000,-0.6662830000
39000,2000-06-16 00:00:00Z,DN21 3TJ,Terraced,Established,Freehold,3,,PROSPECT COURT,SCOTTER,GAINSBOROUGH,WEST LINDSEY,LINCOLNSHIRE,Standard,Addition,53.4987230000,-0.6673560000
40000,2000-10-26 00:00:00Z,DN21 3UQ,Terraced,Established,Freehold,WILLOW COURT,6,MESSINGHAM ROAD,SCOTTER,GAINSBOROUGH,WEST LINDSEY,LINCOLNSHIRE,Standard,Addition,53.4988280000,-0.6662830000
71000,2000-10-27 00:00:00Z,DN21 3SL,Detached,Established,Freehold,6,,ASTLEY CRESCENT,SCOTTER,GAINSBOROUGH,WEST LINDSEY,LINCOLNSHIRE,Standard,Addition,53.4955640000,-0.6679060000
58000,2000-03-31 00:00:00Z,DN21 3SE,Semi-Detached,Established,Freehold,12,,MILL CRESCENT,SCOTTER,GAINSBOROUGH,WEST LINDSEY,LINCOLNSHIRE,Standard,Addition,53.4940920000,-0.6688580000
63750,2000-12-12 00:00:00Z,DN21 3SD,Semi-Detached,Established,Freehold,16,,WESTCLIFFE ROAD,SCOTTER,GAINSBOROUGH,WEST LINDSEY,LINCOLNSHIRE,Standard,Addition,53.4937620000,-0.6666530000
59500,2001-12-10 00:00:00Z,DN21 3TL,Semi-Detached,Established,Freehold,79,,HIGH STREET,SCOTTER,GAINSBOROUGH,WEST LINDSEY,LINCOLNSHIRE,Standard,Addition,53.4978890000,-0.6667640000
63000,2001-11-07 00:00:00Z,DN21 3UR,Detached,Established,Freehold,10,,LINDHOLME,SCOTTER,GAINSBOROUGH,WEST LINDSEY,LINCOLNSHIRE,Standard,Addition,53.4972250000,-0.6628200000
107000,2001-12-14 00:00:00Z,DN21 3UQ,Detached,Established,Freehold,LISMORE,,MESSINGHAM ROAD,SCOTTER,GAINSBOROUGH,WEST LINDSEY,LINCOLNSHIRE,Standard,Addition,53.4988280000,-0.6662830000
75000,2001-12-10 00:00:00Z,DN21 3TY,Detached,Established,Freehold,2,,PINE TREE AVENUE,SCOTTER,GAINSBOROUGH,WEST LINDSEY,LINCOLNSHIRE,Standard,Addition,53.4964950000,-0.6699290000
40000,2001-12-14 00:00:00Z,DN21 3UB,Semi-Detached,Established,Freehold,20,,GAINSBOROUGH ROAD,SCOTTER,GAINSBOROUGH,WEST LINDSEY,LINCOLNSHIRE,Standard,Addition,53.4972300000,-0.6688650000
44500,2001-08-23 00:00:00Z,DN21 3TZ,Terraced,Established,Freehold,22,,POPLAR GROVE,SCOTTER,GAINSBOROUGH,WEST LINDSEY,LINCOLNSHIRE,Standard,Addition,53.4977550000,-0.6691960000
69950,2001-07-05 00:00:00Z,DN21 3SF,Semi-Detached,Established,Freehold,80,,HIGH STREET,SCOTTER,GAINSBOROUGH,WEST LINDSEY,LINCOLNSHIRE,Standard,Addition,53.4950770000,-0.6652390000
70000,2001-08-23 00:00:00Z,DN21 3TG,Detached,Established,Freehold,2,,REVILLS CLOSE,SCOTTER,GAINSBOROUGH,WEST LINDSEY,LINCOLNSHIRE,Standard,Addition,53.4943590000,-0.6661820000
51000,2001-06-07 00:00:00Z,DN21 3SG,Detached,Established,Freehold,1,,ST PETERS ROAD,SCOTTER,GAINSBOROUGH,WEST LINDSEY,LINCOLNSHIRE,Standard,Addition,53.4961610000,-0.6665320000
26700,2001-08-30 00:00:00Z,DN21 3TP,Semi-Detached,Established,Freehold,1,,THE ELMS,SCOTTER,GAINSBOROUGH,WEST LINDSEY,LINCOLNSHIRE,Standard,Addition,53.4955620000,-0.6646530000
40000,2001-05-11 00:00:00Z,DN21 3TN,Semi-Detached,Established,Freehold,41B,,HIGH STREET,SCOTTER,GAINSBOROUGH,WEST LINDSEY,LINCOLNSHIRE,Standard,Addition,53.4987910000,-0.6699510000
51000,2001-12-19 00:00:00Z,DN21 3SE,Detached,Established,Freehold,13,,MILL CRESCENT,SCOTTER,GAINSBOROUGH,WEST LINDSEY,LINCOLNSHIRE,Standard,Addition,53.4940920000,-0.6688580000
70000,2001-10-30 00:00:00Z,DN21 3SJ,Detached,Established,Freehold,14,,CECIL CLOSE,SCOTTER,GAINSBOROUGH,WEST LINDSEY,LINCOLNSHIRE,Standard,Addition,53.4952330000,-0.6663950000
170000,2001-04-20 00:00:00Z,DN21 3UF,Detached,Established,Freehold,5,,CHERRY TREE RISE,SCOTTER,GAINSBOROUGH,WEST LINDSEY,LINCOLNSHIRE,Standard,Addition,53.4986950000,-0.6624420000
217500,2001-08-23 00:00:00Z,DN21 3UG,Detached,Established,Freehold,2,,RIVERSIDE,SCOTTER,GAINSBOROUGH,WEST LINDSEY,LINCOLNSHIRE,Standard,Addition,53.4990560000,-0.6641950000
65500,2001-09-28 00:00:00Z,DN21 3SJ,Detached,Established,Freehold,2,,CECIL CLOSE,SCOTTER,GAINSBOROUGH,WEST LINDSEY,LINCOLNSHIRE,Standard,Addition,53.4952330000,-0.6663950000
69950,2001-04-11 00:00:00Z,DN21 3SE,Detached,Established,Freehold,30,,MILL CRESCENT,SCOTTER,GAINSBOROUGH,WEST LINDSEY,LINCOLNSHIRE,Standard,Addition,53.4940920000,-0.6688580000
72500,2001-05-04 00:00:00Z,DN21 3TY,Detached,Established,Freehold,13,,PINE TREE AVENUE,SCOTTER,GAINSBOROUGH,WEST LINDSEY,LINCOLNSHIRE,Standard,Addition,53.4964950000,-0.6699290000
47000,2001-11-02 00:00:00Z,DN21 3TZ,Terraced,Established,Freehold,18,,POPLAR GROVE,SCOTTER,GAINSBOROUGH,WEST LINDSEY,LINCOLNSHIRE,Standard,Addition,53.4977550000,-0.6691960000
39950,2001-09-25 00:00:00Z,DN21 3SH,Detached,Established,Freehold,21,,ASTLEY CRESCENT,SCOTTER,GAINSBOROUGH,WEST LINDSEY,LINCOLNSHIRE,Standard,Addition,53.4959830000,-0.6690850000
61000,2001-07-09 00:00:00Z,DN21 3SH,Detached,Established,Freehold,9,,ASTLEY CRESCENT,SCOTTER,GAINSBOROUGH,WEST LINDSEY,LINCOLNSHIRE,Standard,Addition,53.4959830000,-0.6690850000
100000,2002-04-26 00:00:00Z,DN21 3TN,Semi-Detached,Established,Freehold,59,,HIGH STREET,SCOTTER,GAINSBOROUGH,WEST LINDSEY,LINCOLNSHIRE,Standard,Addition,53.4987910000,-0.6699510000
73000,2002-02-22 00:00:00Z,DN21 3SN,Detached,Established,Freehold,15,,ST PETERS GROVE,SCOTTER,GAINSBOROUGH,WEST LINDSEY,LINCOLNSHIRE,Standard,Addition,53.4952330000,-0.6695460000
66000,2002-04-05 00:00:00Z,DN21 3SE,Semi-Detached,Established,Freehold,23,,MILL CRESCENT,SCOTTER,GAINSBOROUGH,WEST LINDSEY,LINCOLNSHIRE,Standard,Addition,53.4940920000,-0.6688580000
96500,2002-11-15 00:00:00Z,DN21 3SJ,Detached,Established,Freehold,14,,CECIL CLOSE,SCOTTER,GAINSBOROUGH,WEST LINDSEY,LINCOLNSHIRE,Standard,Addition,53.4952330000,-0.6663950000
105000,2002-03-08 00:00:00Z,DN21 3TZ,Detached,Established,Freehold,19,,POPLAR GROVE,SCOTTER,GAINSBOROUGH,WEST LINDSEY,LINCOLNSHIRE,Standard,Addition,53.4977550000,-0.6691960000
16000,2002-07-19 00:00:00Z,DN21 3SG,Semi-Detached,Established,Freehold,12,,ST PETERS ROAD,SCOTTER,GAINSBOROUGH,WEST LINDSEY,LINCOLNSHIRE,Standard,Addition,53.4961610000,-0.6665320000
52100,2002-03-20 00:00:00Z,DN21 3SE,Semi-Detached,Established,Freehold,26,,MILL CRESCENT,SCOTTER,GAINSBOROUGH,WEST LINDSEY,LINCOLNSHIRE,Standard,Addition,53.4940920000,-0.6688580000
121000,2002-09-30 00:00:00Z,DN21 3TN,Semi-Detached,Established,Freehold,49A,,HIGH STREET,SCOTTER,GAINSBOROUGH,WEST LINDSEY,LINCOLNSHIRE,Standard,Addition,53.4987910000,-0.6699510000
95000,2002-10-11 00:00:00Z,DN21 3SL,Detached,Established,Freehold,18,,ASTLEY CRESCENT,SCOTTER,GAINSBOROUGH,WEST LINDSEY,LINCOLNSHIRE,Standard,Addition,53.4955640000,-0.6679060000
25750,2002-08-16 00:00:00Z,DN21 3TP,Flats/Maisonettes,Established,Freehold,2,,THE ELMS,SCOTTER,GAINSBOROUGH,WEST LINDSEY,LINCOLNSHIRE,Standard,Addition,53.4955620000,-0.6646530000
149950,2002-03-15 00:00:00Z,DN21 3UG,Detached,Established,Freehold,MOORINGS,,RIVERSIDE,SCOTTER,GAINSBOROUGH,WEST LINDSEY,LINCOLNSHIRE,Standard,Addition,53.4990560000,-0.6641950000
49000,2002-03-08 00:00:00Z,DN21 3SW,Semi-Detached,Established,Freehold,5,,KIRTON ROAD,SCOTTER,GAINSBOROUGH,WEST LINDSEY,LINCOLNSHIRE,Standard,Addition,53.4994540000,-0.6620260000
65000,2002-01-14 00:00:00Z,DN21 3SQ,Detached,Established,Freehold,23,,ST PETERS ROAD,SCOTTER,GAINSBOROUGH,WEST LINDSEY,LINCOLNSHIRE,Standard,Addition,53.4957430000,-0.6680820000
74000,2002-07-26 00:00:00Z,DN21 3SH,Detached,Established,Freehold,17,,ASTLEY CRESCENT,SCOTTER,GAINSBOROUGH,WEST LINDSEY,LINCOLNSHIRE,Standard,Addition,53.4959830000,-0.6690850000
67000,2002-06-21 00:00:00Z,DN21 3SG,Detached,Established,Freehold,22,,ST PETERS ROAD,SCOTTER,GAINSBOROUGH,WEST LINDSEY,LINCOLNSHIRE,Standard,Addition,53.4961610000,-0.6665320000
46500,2002-05-20 00:00:00Z,DN21 3SE,Semi-Detached,Established,Freehold,15,,MILL CRESCENT,SCOTTER,GAINSBOROUGH,WEST LINDSEY,LINCOLNSHIRE,Standard,Addition,53.4940920000,-0.6688580000
70000,2002-03-15 00:00:00Z,DN21 3SW,Detached,Established,Freehold,21,,KIRTON ROAD,SCOTTER,GAINSBOROUGH,WEST LINDSEY,LINCOLNSHIRE,Standard,Addition,53.4994540000,-0.6620260000
68000,2002-04-26 00:00:00Z,DN21 3SJ,Detached,Established,Freehold,4,,CECIL CLOSE,SCOTTER,GAINSBOROUGH,WEST LINDSEY,LINCOLNSHIRE,Standard,Addition,53.4952330000,-0.6663950000
39950,2002-06-28 00:00:00Z,DN21 3TJ,Terraced,Established,Freehold,1,,PROSPECT COURT,SCOTTER,GAINSBOROUGH,WEST LINDSEY,LINCOLNSHIRE,Standard,Addition,53.4987230000,-0.6673560000
35000,2002-10-15 00:00:00Z,DN21 3TN,Terraced,Established,Freehold,39,,HIGH STREET,SCOTTER,GAINSBOROUGH,WEST LINDSEY,LINCOLNSHIRE,Standard,Addition,53.4987910000,-0.6699510000
93000,2002-07-19 00:00:00Z,DN21 3UG,Detached,Established,Freehold,6,,RIVERSIDE,SCOTTER,GAINSBOROUGH,WEST LINDSEY,LINCOLNSHIRE,Standard,Addition,53.4990560000,-0.6641950000
43500,2002-03-15 00:00:00Z,DN21 3TL,Terraced,Established,Freehold,95,,HIGH STREET,SCOTTER,GAINSBOROUGH,WEST LINDSEY,LINCOLNSHIRE,Standard,Addition,53.4978890000,-0.6667640000
94500,2003-03-03 00:00:00Z,DN21 3SG,Detached,Established,Freehold,22,,ST PETERS ROAD,SCOTTER,GAINSBOROUGH,WEST LINDSEY,LINCOLNSHIRE,Standard,Addition,53.4961610000,-0.6665320000
104950,2003-07-11 00:00:00Z,DN21 3SH,Detached,Established,Freehold,29,,ASTLEY CRESCENT,SCOTTER,GAINSBOROUGH,WEST LINDSEY,LINCOLNSHIRE,Standard,Addition,53.4959830000,-0.6690850000
55000,2003-02-28 00:00:00Z,DN21 3UB,Semi-Detached,Established,Freehold,26,,GAINSBOROUGH ROAD,SCOTTER,GAINSBOROUGH,WEST LINDSEY,LINCOLNSHIRE,Standard,Addition,53.4972300000,-0.6688650000
107000,2003-10-03 00:00:00Z,DN21 3UR,Detached,New Build,Freehold,MARLEAU HOUSE,,LINDHOLME,SCOTTER,GAINSBOROUGH,WEST LINDSEY,LINCOLNSHIRE,Standard,Addition,53.4972250000,-0.6628200000
115000,2003-03-31 00:00:00Z,DN21 3SF,Detached,Established,Freehold,98,,HIGH STREET,SCOTTER,GAINSBOROUGH,WEST LINDSEY,LINCOLNSHIRE,Standard,Addition,53.4950770000,-0.6652390000
55000,2003-12-19 00:00:00Z,DN21 3SR,Terraced,Established,Freehold,17,,COLINS WALK,SCOTTER,GAINSBOROUGH,WEST LINDSEY,LINCOLNSHIRE,Standard,Addition,53.4998400000,-0.6627230000
140000,2003-09-23 00:00:00Z,DN21 3UQ,Detached,Established,Freehold,3,,MESSINGHAM ROAD,SCOTTER,GAINSBOROUGH,WEST LINDSEY,LINCOLNSHIRE,Standard,Addition,53.4988280000,-0.6662830000
135000,2003-11-05 00:00:00Z,DN21 3UF,Detached,Established,Freehold,3,,CHERRY TREE RISE,SCOTTER,GAINSBOROUGH,WEST LINDSEY,LINCOLNSHIRE,Standard,Addition,53.4986950000,-0.6624420000
103000,2003-10-10 00:00:00Z,DN21 3SH,Detached,Established,Freehold,17,,ASTLEY CRESCENT,SCOTTER,GAINSBOROUGH,WEST LINDSEY,LINCOLNSHIRE,Standard,Addition,53.4959830000,-0.6690850000
59500,2003-02-17 00:00:00Z,DN21 3TN,Semi-Detached,Established,Freehold,49,,HIGH STREET,SCOTTER,GAINSBOROUGH,WEST LINDSEY,LINCOLNSHIRE,Standard,Addition,53.4987910000,-0.6699510000
303000,2003-10-31 00:00:00Z,DN21 3RZ,Detached,Established,Freehold,THE LAURELS,,CHURCH LANE,SCOTTER,GAINSBOROUGH,WEST LINDSEY,LINCOLNSHIRE,Standard,Addition,53.4961500000,-0.6644250000
161000,2003-08-08 00:00:00Z,DN21 3TL,Detached,Established,Freehold,PROSPECT HOUSE,,HIGH STREET,SCOTTER,GAINSBOROUGH,WEST LINDSEY,LINCOLNSHIRE,Standard,Addition,53.4978890000,-0.6667640000
89000,2003-05-02 00:00:00Z,DN21 3SR,Semi-Detached,Established,Freehold,12,,COLINS WALK,SCOTTER,GAINSBOROUGH,WEST LINDSEY,LINCOLNSHIRE,Standard,Addition,53.4998400000,-0.6627230000
66950,2003-05-02 00:00:00Z,DN21 3UQ,Terraced,Established,Freehold,4C,,MESSINGHAM ROAD,SCOTTER,GAINSBOROUGH,WEST LINDSEY,LINCOLNSHIRE,Standard,Addition,53.4988280000,-0.6662830000
31200,2003-11-28 00:00:00Z,DN21 3RX,Detached,Established,Leasehold,64,,HIGH STREET,SCOTTER,GAINSBOROUGH,WEST LINDSEY,LINCOLNSHIRE,Standard,Addition,53.4970000000,-0.6659930000
140000,2003-11-21 00:00:00Z,DN21 3RL,Detached,Established,Freehold,25,,GAINSBOROUGH ROAD,SCOTTER,GAINSBOROUGH,WEST LINDSEY,LINCOLNSHIRE,Standard,Addition,53.4957760000,-0.6699360000
119950,2003-10-30 00:00:00Z,DN21 3SE,Detached,Established,Freehold,13,,MILL CRESCENT,SCOTTER,GAINSBOROUGH,WEST LINDSEY,LINCOLNSHIRE,Standard,Addition,53.4940920000,-0.6688580000
80000,2003-06-06 00:00:00Z,DN21 3TN,Detached,New Build,Freehold,HOLMELEA,,HIGH STREET,SCOTTER,GAINSBOROUGH,WEST LINDSEY,LINCOLNSHIRE,Standard,Addition,53.4987910000,-0.6699510000
224000,2003-12-12 00:00:00Z,DN21 3TY,Detached,Established,Freehold,7,,PINE TREE AVENUE,SCOTTER,GAINSBOROUGH,WEST LINDSEY,LINCOLNSHIRE,Standard,Addition,53.4964950000,-0.6699290000
90000,2003-09-02 00:00:00Z,DN21 3SR,Detached,Established,Freehold,1A,,COLINS WALK,SCOTTER,GAINSBOROUGH,WEST LINDSEY,LINCOLNSHIRE,Standard,Addition,53.4998400000,-0.6627230000
125000,2003-06-20 00:00:00Z,DN21 3UB,Detached,Established,Freehold,9A,,GAINSBOROUGH ROAD,SCOTTER,GAINSBOROUGH,WEST LINDSEY,LINCOLNSHIRE,Standard,Addition,53.4972300000,-0.6688650000
155000,2003-04-23 00:00:00Z,DN21 3RY,Semi-Detached,Established,Freehold,113,,HIGH STREET,SCOTTER,GAINSBOROUGH,WEST LINDSEY,LINCOLNSHIRE,Standard,Addition,53.4957290000,-0.6648720000
140000,2003-10-16 00:00:00Z,DN21 3TH,Semi-Detached,Established,Freehold,3A,,HOBB LANE,SCOTTER,GAINSBOROUGH,WEST LINDSEY,LINCOLNSHIRE,Standard,Addition,53.4975460000,-0.6674380000
55000,2003-07-18 00:00:00Z,DN21 3UQ,Detached,Established,Freehold,6A,,MESSINGHAM ROAD,SCOTTER,GAINSBOROUGH,WEST LINDSEY,LINCOLNSHIRE,Standard,Addition,53.4988280000,-0.6662830000
78000,2003-01-31 00:00:00Z,DN21 3SG,Semi-Detached,Established,Freehold,10,,ST PETERS ROAD,SCOTTER,GAINSBOROUGH,WEST LINDSEY,LINCOLNSHIRE,Standard,Addition,53.4961610000,-0.6665320000
59950,2003-11-20 00:00:00Z,DN21 3TJ,Terraced,Established,Freehold,1,,PROSPECT COURT,SCOTTER,GAINSBOROUGH,WEST LINDSEY,LINCOLNSHIRE,Standard,Addition,53.4987230000,-0.6673560000
162500,2004-10-11 00:00:00Z,DN21 3RY,Semi-Detached,Established,Freehold,113,,HIGH STREET,SCOTTER,GAINSBOROUGH,WEST LINDSEY,LINCOLNSHIRE,Standard,Addition,53.4957290000,-0.6648720000
87000,2004-05-07 00:00:00Z,DN21 3TZ,Semi-Detached,Established,Freehold,26,,POPLAR GROVE,SCOTTER,GAINSBOROUGH,WEST LINDSEY,LINCOLNSHIRE,Standard,Addition,53.4977550000,-0.6691960000
152000,2004-02-27 00:00:00Z,DN21 3SG,Detached,Established,Freehold,19,,ST PETERS ROAD,SCOTTER,GAINSBOROUGH,WEST LINDSEY,LINCOLNSHIRE,Standard,Addition,53.4961610000,-0.6665320000
56500,2004-02-27 00:00:00Z,DN21 3TL,Terraced,Established,Freehold,MANCHESTER HOUSE,8,HIGH STREET,SCOTTER,GAINSBOROUGH,WEST LINDSEY,LINCOLNSHIRE,Standard,Addition,53.4978890000,-0.6667640000
140000,2004-04-26 00:00:00Z,DN21 3WA,Detached,New Build,Freehold,PLOT 3,,HIGH STREET WEST,SCOTTER,GAINSBOROUGH,WEST LINDSEY,LINCOLNSHIRE,Standard,Addition,53.4983220000,-0.6698150000
90000,2004-05-24 00:00:00Z,DN21 3SD,Semi-Detached,Established,Freehold,2,,WESTCLIFFE ROAD,SCOTTER,GAINSBOROUGH,WEST LINDSEY,LINCOLNSHIRE,Standard,Addition,53.4937620000,-0.6666530000
87000,2004-02-11 00:00:00Z,DN21 3UB,Semi-Detached,Established,Freehold,20,,GAINSBOROUGH ROAD,SCOTTER,GAINSBOROUGH,WEST LINDSEY,LINCOLNSHIRE,Standard,Addition,53.4972300000,-0.6688650000
73500,2004-11-09 00:00:00Z,DN21 3TN,Terraced,Established,Freehold,35,,HIGH STREET,SCOTTER,GAINSBOROUGH,WEST LINDSEY,LINCOLNSHIRE,Standard,Addition,53.4987910000,-0.6699510000
85000,2004-11-04 00:00:00Z,DN21 3SL,Detached,New Build,Freehold,28,,ASTLEY CRESCENT,SCOTTER,GAINSBOROUGH,WEST LINDSEY,LINCOLNSHIRE,Standard,Addition,53.4955640000,-0.6679060000
85000,2004-07-23 00:00:00Z,DN21 3SL,Detached,New Build,Freehold,36,,ASTLEY CRESCENT,SCOTTER,GAINSBOROUGH,WEST LINDSEY,LINCOLNSHIRE,Standard,Addition,53.4955640000,-0.6679060000
195000,2004-02-18 00:00:00Z,DN21 3UE,Detached,Established,Freehold,RIVERSIDE LODGE,,CLAY LANE,SCOTTER,GAINSBOROUGH,WEST LINDSEY,LINCOLNSHIRE,Standard,Addition,53.4984020000,-0.6632390000
122000,2004-02-13 00:00:00Z,DN21 3SE,Semi-Detached,Established,Freehold,26,,MILL CRESCENT,SCOTTER,GAINSBOROUGH,WEST LINDSEY,LINCOLNSHIRE,Standard,Addition,53.4940920000,-0.6688580000
115000,2004-04-21 00:00:00Z,DN21 3SG,Semi-Detached,Established,Freehold,16,,ST PETERS ROAD,SCOTTER,GAINSBOROUGH,WEST LINDSEY,LINCOLNSHIRE,Standard,Addition,53.4961610000,-0.6665320000
76500,2004-07-16 00:00:00Z,DN21 3TJ,Terraced,Established,Freehold,7,,PROSPECT COURT,SCOTTER,GAINSBOROUGH,WEST LINDSEY,LINCOLNSHIRE,Standard,Addition,53.4987230000,-0.6673560000
81950,2004-08-16 00:00:00Z,DN21 3TJ,Terraced,Established,Freehold,2,,PROSPECT COURT,SCOTTER,GAINSBOROUGH,WEST LINDSEY,LINCOLNSHIRE,Standard,Addition,53.4987230000,-0.6673560000
89950,2004-06-25 00:00:00Z,DN21 3TZ,Terraced,Established,Freehold,18,,POPLAR GROVE,SCOTTER,GAINSBOROUGH,WEST LINDSEY,LINCOLNSHIRE,Standard,Addition,53.4977550000,-0.6691960000
118000,2004-06-09 00:00:00Z,DN21 3SN,Semi-Detached,Established,Freehold,4,,ST PETERS GROVE,SCOTTER,GAINSBOROUGH,WEST LINDSEY,LINCOLNSHIRE,Standard,Addition,53.4952330000,-0.6695460000
133000,2004-03-31 00:00:00Z,DN21 3SL,Detached,Established,Freehold,16,,ASTLEY CRESCENT,SCOTTER,GAINSBOROUGH,WEST LINDSEY,LINCOLNSHIRE,Standard,Addition,53.4955640000,-0.6679060000
85000,2004-07-28 00:00:00Z,DN21 3SH,Detached,New Build,Freehold,47,,ASTLEY CRESCENT,SCOTTER,GAINSBOROUGH,WEST LINDSEY,LINCOLNSHIRE,Standard,Addition,53.4959830000,-0.6690850000
70000,2004-04-16 00:00:00Z,DN21 3UQ,Terraced,Established,Freehold,WILLOW COURT,4B,MESSINGHAM ROAD,SCOTTER,GAINSBOROUGH,WEST LINDSEY,LINCOLNSHIRE,Standard,Addition,53.4988280000,-0.6662830000
98000,2004-09-01 00:00:00Z,DN21 3UB,Semi-Detached,Established,Freehold,20,,GAINSBOROUGH ROAD,SCOTTER,GAINSBOROUGH,WEST LINDSEY,LINCOLNSHIRE,Standard,Addition,53.4972300000,-0.6688650000
122500,2004-03-25 00:00:00Z,DN21 3SH,Detached,Established,Freehold,9,,ASTLEY CRESCENT,SCOTTER,GAINSBOROUGH,WEST LINDSEY,LINCOLNSHIRE,Standard,Addition,53.4959830000,-0.6690850000
59950,2004-01-09 00:00:00Z,DN21 3TL,Terraced,Established,Freehold,MANCHESTER HOUSE,6,HIGH STREET,SCOTTER,GAINSBOROUGH,WEST LINDSEY,LINCOLNSHIRE,Standard,Addition,53.4978890000,-0.6667640000
96500,2004-02-27 00:00:00Z,DN21 3SW,Semi-Detached,Established,Freehold,5,,KIRTON ROAD,SCOTTER,GAINSBOROUGH,WEST LINDSEY,LINCOLNSHIRE,Standard,Addition,53.4994540000,-0.6620260000
133000,2004-06-16 00:00:00Z,DN21 3SJ,Detached,Established,Freehold,3,,CECIL CLOSE,SCOTTER,GAINSBOROUGH,WEST LINDSEY,LINCOLNSHIRE,Standard,Addition,53.4952330000,-0.6663950000
51000,2004-11-18 00:00:00Z,DN21 3TN,Terraced,Established,Freehold,39,,HIGH STREET,SCOTTER,GAINSBOROUGH,WEST LINDSEY,LINCOLNSHIRE,Standard,Addition,53.4987910000,-0.6699510000
239500,2004-05-21 00:00:00Z,DN21 3SJ,Detached,Established,Freehold,6,,CECIL CLOSE,SCOTTER,GAINSBOROUGH,WEST LINDSEY,LINCOLNSHIRE,Standard,Addition,53.4952330000,-0.6663950000
87500,2004-05-20 00:00:00Z,DN21 3TZ,Semi-Detached,Established,Freehold,24,,POPLAR GROVE,SCOTTER,GAINSBOROUGH,WEST LINDSEY,LINCOLNSHIRE,Standard,Addition,53.4977550000,-0.6691960000
247950,2005-11-04 00:00:00Z,DN21 3SL,Detached,Established,Freehold,40,,ASTLEY CRESCENT,SCOTTER,GAINSBOROUGH,WEST LINDSEY,LINCOLNSHIRE,Standard,Addition,53.4955640000,-0.6679060000
215000,2005-12-02 00:00:00Z,DN21 3TN,Detached,Established,Freehold,9,,HIGH STREET,SCOTTER,GAINSBOROUGH,WEST LINDSEY,LINCOLNSHIRE,Standard,Addition,53.4987910000,-0.6699510000
85000,2005-03-31 00:00:00Z,DN21 3SH,Detached,New Build,Freehold,57,,ASTLEY CRESCENT,SCOTTER,GAINSBOROUGH,WEST LINDSEY,LINCOLNSHIRE,Standard,Addition,53.4959830000,-0.6690850000
119950,2005-11-04 00:00:00Z,DN21 3TN,Semi-Detached,Established,Freehold,59,,HIGH STREET,SCOTTER,GAINSBOROUGH,WEST LINDSEY,LINCOLNSHIRE,Standard,Addition,53.4987910000,-0.6699510000
162950,2005-10-28 00:00:00Z,DN21 3SE,Detached,Established,Freehold,52,,MILL CRESCENT,SCOTTER,GAINSBOROUGH,WEST LINDSEY,LINCOLNSHIRE,Standard,Addition,53.4940920000,-0.6688580000
105000,2005-12-22 00:00:00Z,DN21 3SR,Semi-Detached,Established,Freehold,7,,COLINS WALK,SCOTTER,GAINSBOROUGH,WEST LINDSEY,LINCOLNSHIRE,Standard,Addition,53.4998400000,-0.6627230000
116500,2005-10-28 00:00:00Z,DN21 3SG,Semi-Detached,Established,Freehold,2,,ST PETERS ROAD,SCOTTER,GAINSBOROUGH,WEST LINDSEY,LINCOLNSHIRE,Standard,Addition,53.4961610000,-0.6665320000
85000,2005-06-02 00:00:00Z,DN21 3SH,Detached,New Build,Freehold,49,,ASTLEY CRESCENT,SCOTTER,GAINSBOROUGH,WEST LINDSEY,LINCOLNSHIRE,Standard,Addition,53.4959830000,-0.6690850000
145000,2005-05-13 00:00:00Z,DN21 3SW,Detached,Established,Freehold,CASA MIA,,KIRTON ROAD,SCOTTER,GAINSBOROUGH,WEST LINDSEY,LINCOLNSHIRE,Standard,Addition,53.4994540000,-0.6620260000
85000,2005-10-14 00:00:00Z,DN21 3SL,Terraced,Established,Freehold,38,,ASTLEY CRESCENT,SCOTTER,GAINSBOROUGH,WEST LINDSEY,LINCOLNSHIRE,Standard,Addition,53.4955640000,-0.6679060000
152000,2005-08-05 00:00:00Z,DN21 3WA,Detached,Established,Freehold,1,,CHAPEL COURT,SCOTTER,GAINSBOROUGH,WEST LINDSEY,LINCOLNSHIRE,Standard,Addition,53.4983220000,-0.6698150000
85000,2005-05-09 00:00:00Z,DN21 3SH,Detached,New Build,Freehold,45,,ASTLEY CRESCENT,SCOTTER,GAINSBOROUGH,WEST LINDSEY,LINCOLNSHIRE,Standard,Addition,53.4959830000,-0.6690850000
125000,2005-07-19 00:00:00Z,DN21 3SH,Detached,Established,Freehold,27,,ASTLEY CRESCENT,SCOTTER,GAINSBOROUGH,WEST LINDSEY,LINCOLNSHIRE,Standard,Addition,53.4959830000,-0.6690850000
265000,2005-12-09 00:00:00Z,DN21 3TN,Detached,Established,Freehold,11,,HIGH STREET,SCOTTER,GAINSBOROUGH,WEST LINDSEY,LINCOLNSHIRE,Standard,Addition,53.4987910000,-0.6699510000
85000,2005-06-22 00:00:00Z,DN21 3SH,Detached,New Build,Freehold,55,,ASTLEY CRESCENT,SCOTTER,GAINSBOROUGH,WEST LINDSEY,LINCOLNSHIRE,Standard,Addition,53.4959830000,-0.6690850000
144000,2005-07-29 00:00:00Z,DN21 3RY,Semi-Detached,Established,Freehold,105B,,HIGH STREET,SCOTTER,GAINSBOROUGH,WEST LINDSEY,LINCOLNSHIRE,Standard,Addition,53.4957290000,-0.6648720000
83500,2005-09-30 00:00:00Z,DN21 3TJ,Terraced,Established,Freehold,6,,PROSPECT COURT,SCOTTER,GAINSBOROUGH,WEST LINDSEY,LINCOLNSHIRE,Standard,Addition,53.4987230000,-0.6673560000
85000,2005-10-21 00:00:00Z,DN21 3SH,Terraced,New Build,Freehold,39,,ASTLEY CRESCENT,SCOTTER,GAINSBOROUGH,WEST LINDSEY,LINCOLNSHIRE,Standard,Addition,53.4959830000,-0.6690850000
157950,2005-04-18 00:00:00Z,DN21 3UB,Detached,Established,Freehold,13,,GAINSBOROUGH ROAD,SCOTTER,GAINSBOROUGH,WEST LINDSEY,LINCOLNSHIRE,Standard,Addition,53.4972300000,-0.6688650000
167950,2006-02-10 00:00:00Z,DN21 3TN,Semi-Detached,Established,Freehold,59,,HIGH STREET,SCOTTER,GAINSBOROUGH,WEST LINDSEY,LINCOLNSHIRE,Standard,Addition,53.4987910000,-0.6699510000
85000,2006-05-22 00:00:00Z,DN21 3SH,Detached,New Build,Freehold,53,,ASTLEY CRESCENT,SCOTTER,GAINSBOROUGH,WEST LINDSEY,LINCOLNSHIRE,Standard,Addition,53.4959830000,-0.6690850000
90000,2006-02-15 00:00:00Z,DN21 3SH,Detached,New Build,Freehold,41,,ASTLEY CRESCENT,SCOTTER,GAINSBOROUGH,WEST LINDSEY,LINCOLNSHIRE,Standard,Addition,53.4959830000,-0.6690850000
100000,2006-09-18 00:00:00Z,DN21 3TL,Semi-Detached,New Build,Freehold,85,,HIGH STREET,SCOTTER,GAINSBOROUGH,WEST LINDSEY,LINCOLNSHIRE,Standard,Addition,53.4978890000,-0.6667640000
94950,2006-08-04 00:00:00Z,DN21 3TJ,Terraced,Established,Freehold,1,,PROSPECT COURT,SCOTTER,GAINSBOROUGH,WEST LINDSEY,LINCOLNSHIRE,Standard,Addition,53.4987230000,-0.6673560000
154950,2006-08-04 00:00:00Z,DN21 3TZ,Detached,Established,Freehold,8,,POPLAR GROVE,SCOTTER,GAINSBOROUGH,WEST LINDSEY,LINCOLNSHIRE,Standard,Addition,53.4977550000,-0.6691960000
90000,2006-02-16 00:00:00Z,DN21 3SL,Detached,New Build,Freehold,34,,ASTLEY CRESCENT,SCOTTER,GAINSBOROUGH,WEST LINDSEY,LINCOLNSHIRE,Standard,Addition,53.4955640000,-0.6679060000
85000,2006-01-03 00:00:00Z,DN21 3SL,Semi-Detached,New Build,Freehold,26,,ASTLEY CRESCENT,SCOTTER,GAINSBOROUGH,WEST LINDSEY,LINCOLNSHIRE,Standard,Addition,53.4955640000,-0.6679060000
168000,2006-10-19 00:00:00Z,DN21 3TG,Detached,Established,Freehold,8,,REVILLS CLOSE,SCOTTER,GAINSBOROUGH,WEST LINDSEY,LINCOLNSHIRE,Standard,Addition,53.4943590000,-0.6661820000
290000,2006-06-07 00:00:00Z,DN21 3UR,Detached,Established,Freehold,2,,LINDHOLME,SCOTTER,GAINSBOROUGH,WEST LINDSEY,LINCOLNSHIRE,Standard,Addition,53.4972250000,-0.6628200000
158995,2006-10-06 00:00:00Z,DN21 3SG,Detached,Established,Freehold,19,,ST PETERS ROAD,SCOTTER,GAINSBOROUGH,WEST LINDSEY,LINCOLNSHIRE,Standard,Addition,53.4961610000,-0.6665320000
167500,2006-10-23 00:00:00Z,DN21 3RG,Semi-Detached,Established,Freehold,3,,EMINSON CLOSE,SCOTTER,GAINSBOROUGH,EAST LINDSEY,LINCOLNSHIRE,Standard,Addition,53.4990680000,-0.6692900000
95000,2006-01-10 00:00:00Z,DN21 3TJ,Terraced,Established,Freehold,1,,PROSPECT COURT,SCOTTER,GAINSBOROUGH,WEST LINDSEY,LINCOLNSHIRE,Standard,Addition,53.4987230000,-0.6673560000
144000,2006-09-18 00:00:00Z,DN21 3SF,Detached,Established,Freehold,98,,HIGH STREET,SCOTTER,GAINSBOROUGH,WEST LINDSEY,LINCOLNSHIRE,Standard,Addition,53.4950770000,-0.6652390000
274995,2006-08-15 00:00:00Z,DN21 3SW,Detached,Established,Freehold,GREENCROFT,,KIRTON ROAD,SCOTTER,GAINSBOROUGH,WEST LINDSEY,LINCOLNSHIRE,Standard,Addition,53.4994540000,-0.6620260000
72250,2006-07-06 00:00:00Z,DN21 3TL,Terraced,Established,Freehold,MANCHESTER HOUSE,8,HIGH STREET,SCOTTER,GAINSBOROUGH,WEST LINDSEY,LINCOLNSHIRE,Standard,Addition,53.4978890000,-0.6667640000
140000,2006-09-15 00:00:00Z,DN21 3TN,Semi-Detached,Established,Freehold,21,,HIGH STREET,SCOTTER,GAINSBOROUGH,WEST LINDSEY,LINCOLNSHIRE,Standard,Addition,53.4987910000,-0.6699510000
90000,2006-09-01 00:00:00Z,DN21 3SL,Detached,New Build,Freehold,32,,ASTLEY CRESCENT,SCOTTER,GAINSBOROUGH,WEST LINDSEY,LINCOLNSHIRE,Standard,Addition,53.4955640000,-0.6679060000
165000,2006-12-05 00:00:00Z,DN21 3RY,Detached,Established,Freehold,105,,HIGH STREET,SCOTTER,GAINSBOROUGH,WEST LINDSEY,LINCOLNSHIRE,Standard,Addition,53.4957290000,-0.6648720000
90000,2006-08-11 00:00:00Z,DN21 3UQ,Terraced,Established,Freehold,WILLOW COURT,4B,MESSINGHAM ROAD,SCOTTER,GAINSBOROUGH,WEST LINDSEY,LINCOLNSHIRE,Standard,Addition,53.4988280000,-0.6662830000
107000,2006-01-06 00:00:00Z,DN21 3SH,Detached,Established,Freehold,43,,ASTLEY CRESCENT,SCOTTER,GAINSBOROUGH,WEST LINDSEY,LINCOLNSHIRE,Standard,Addition,53.4959830000,-0.6690850000
135000,2006-09-22 00:00:00Z,DN21 3SL,Detached,Established,Freehold,6,,ASTLEY CRESCENT,SCOTTER,GAINSBOROUGH,WEST LINDSEY,LINCOLNSHIRE,Standard,Addition,53.4955640000,-0.6679060000
94000,2006-08-04 00:00:00Z,DN21 3TJ,Terraced,Established,Freehold,1,,PROSPECT COURT,SCOTTER,GAINSBOROUGH,WEST LINDSEY,LINCOLNSHIRE,Standard,Addition,53.4987230000,-0.6673560000
85000,2006-04-24 00:00:00Z,DN21 3SH,Detached,Established,Freehold,51,,ASTLEY CRESCENT,SCOTTER,GAINSBOROUGH,WEST LINDSEY,LINCOLNSHIRE,Standard,Addition,53.4959830000,-0.6690850000
145000,2006-04-07 00:00:00Z,DN21 3UA,Detached,Established,Freehold,2,,ORCHARD AVENUE,SCOTTER,GAINSBOROUGH,WEST LINDSEY,LINCOLNSHIRE,Standard,Addition,53.4966250000,-0.6678440000
75000,2006-02-02 00:00:00Z,DN21 3TN,Terraced,Established,Freehold,37,,HIGH STREET,SCOTTER,GAINSBOROUGH,WEST LINDSEY,LINCOLNSHIRE,Standard,Addition,53.4987910000,-0.6699510000
141000,2006-05-05 00:00:00Z,DN21 3SE,Semi-Detached,Established,Freehold,3,,MILL CRESCENT,SCOTTER,GAINSBOROUGH,WEST LINDSEY,LINCOLNSHIRE,Standard,Addition,53.4940920000,-0.6688580000
109500,2007-04-19 00:00:00Z,DN21 3UB,Semi-Detached,Established,Freehold,20,,GAINSBOROUGH ROAD,SCOTTER,GAINSBOROUGH,WEST LINDSEY,LINCOLNSHIRE,Standard,Addition,53.4972300000,-0.6688650000
131000,2007-02-09 00:00:00Z,DN21 3SW,Semi-Detached,Established,Freehold,19,,KIRTON ROAD,SCOTTER,GAINSBOROUGH,WEST LINDSEY,LINCOLNSHIRE,Standard,Addition,53.4994540000,-0.6620260000
299950,2007-11-16 00:00:00Z,DN21 3SL,Detached,Established,Freehold,24,,ASTLEY CRESCENT,SCOTTER,GAINSBOROUGH,WEST LINDSEY,LINCOLNSHIRE,Standard,Addition,53.4955640000,-0.6679060000
205000,2007-09-21 00:00:00Z,DN21 3SL,Terraced,Established,Freehold,38,,ASTLEY CRESCENT,SCOTTER,GAINSBOROUGH,WEST LINDSEY,LINCOLNSHIRE,Standard,Addition,53.4955640000,-0.6679060000
17000,2007-09-19 00:00:00Z,DN21 3TG,Detached,Established,Freehold,2,,REVILLS CLOSE,SCOTTER,GAINSBOROUGH,WEST LINDSEY,LINCOLNSHIRE,Standard,Addition,53.4943590000,-0.6661820000
249999,2007-08-13 00:00:00Z,DN21 3SH,Detached,Established,Freehold,41,,ASTLEY CRESCENT,SCOTTER,GAINSBOROUGH,WEST LINDSEY,LINCOLNSHIRE,Standard,Addition,53.4959830000,-0.6690850000
249500,2007-01-26 00:00:00Z,DN21 3UG,Detached,Established,Freehold,MOORINGS,,RIVERSIDE,SCOTTER,GAINSBOROUGH,WEST LINDSEY,LINCOLNSHIRE,Standard,Addition,53.4990560000,-0.6641950000
160000,2007-10-01 00:00:00Z,DN21 3SG,Detached,Established,Freehold,21,,ST PETERS ROAD,SCOTTER,GAINSBOROUGH,WEST LINDSEY,LINCOLNSHIRE,Standard,Addition,53.4961610000,-0.6665320000
135000,2007-08-30 00:00:00Z,DN21 3SD,Detached,Established,Freehold,4,,WESTCLIFFE ROAD,SCOTTER,GAINSBOROUGH,WEST LINDSEY,LINCOLNSHIRE,Standard,Addition,53.4937620000,-0.6666530000
128500,2007-09-28 00:00:00Z,DN21 3SH,Detached,Established,Freehold,17,,ASTLEY CRESCENT,SCOTTER,GAINSBOROUGH,WEST LINDSEY,LINCOLNSHIRE,Standard,Addition,53.4959830000,-0.6690850000
325000,2007-05-18 00:00:00Z,DN21 3SH,Detached,Established,Freehold,43,,ASTLEY CRESCENT,SCOTTER,GAINSBOROUGH,WEST LINDSEY,LINCOLNSHIRE,Standard,Addition,53.4959830000,-0.6690850000
155950,2007-10-23 00:00:00Z,DN21 3SR,Detached,Established,Freehold,10,,COLINS WALK,SCOTTER,GAINSBOROUGH,WEST LINDSEY,LINCOLNSHIRE,Standard,Addition,53.4998400000,-0.6627230000
135000,2007-05-18 00:00:00Z,DN21 3SE,Semi-Detached,Established,Freehold,2,,MILL CRESCENT,SCOTTER,GAINSBOROUGH,WEST LINDSEY,LINCOLNSHIRE,Standard,Addition,53.4940920000,-0.6688580000
165000,2007-05-25 00:00:00Z,DN21 3UB,Detached,Established,Freehold,13,,GAINSBOROUGH ROAD,SCOTTER,GAINSBOROUGH,WEST LINDSEY,LINCOLNSHIRE,Standard,Addition,53.4972300000,-0.6688650000
177000,2007-12-17 00:00:00Z,DN21 3TY,Detached,Established,Freehold,13,,PINE TREE AVENUE,SCOTTER,GAINSBOROUGH,WEST LINDSEY,LINCOLNSHIRE,Standard,Addition,53.4964950000,-0.6699290000
235400,2007-03-27 00:00:00Z,DN21 3SH,Detached,Established,Freehold,51,,ASTLEY CRESCENT,SCOTTER,GAINSBOROUGH,WEST LINDSEY,LINCOLNSHIRE,Standard,Addition,53.4959830000,-0.6690850000
232000,2007-05-11 00:00:00Z,DN21 3UG,Detached,Established,Freehold,SWAN HOUSE,,RIVERSIDE,SCOTTER,GAINSBOROUGH,WEST LINDSEY,LINCOLNSHIRE,Standard,Addition,53.4990560000,-0.6641950000
99950,2007-03-13 00:00:00Z,DN21 3TZ,Semi-Detached,Established,Freehold,26,,POPLAR GROVE,SCOTTER,GAINSBOROUGH,WEST LINDSEY,LINCOLNSHIRE,Standard,Addition,53.4977550000,-0.6691960000
123000,2007-11-22 00:00:00Z,DN21 3SR,Semi-Detached,Established,Freehold,20,,COLINS WALK,SCOTTER,GAINSBOROUGH,WEST LINDSEY,LINCOLNSHIRE,Standard,Addition,53.4998400000,-0.6627230000
117000,2007-06-29 00:00:00Z,DN21 3SR,Semi-Detached,Established,Freehold,7,,COLINS WALK,SCOTTER,GAINSBOROUGH,WEST LINDSEY,LINCOLNSHIRE,Standard,Addition,53.4998400000,-0.6627230000
155000,2007-07-18 00:00:00Z,DN21 3SJ,Detached,Established,Freehold,1,,CECIL CLOSE,SCOTTER,GAINSBOROUGH,WEST LINDSEY,LINCOLNSHIRE,Standard,Addition,53.4952330000,-0.6663950000
120000,2008-03-28 00:00:00Z,DN21 3SE,Detached,Established,Freehold,8,,MILL CRESCENT,SCOTTER,GAINSBOROUGH,WEST LINDSEY,LINCOLNSHIRE,Standard,Addition,53.4940920000,-0.6688580000
200000,2008-09-30 00:00:00Z,DN21 3UG,Detached,Established,Freehold,8,,RIVERSIDE,SCOTTER,GAINSBOROUGH,WEST LINDSEY,LINCOLNSHIRE,Standard,Addition,53.4990560000,-0.6641950000
230000,2008-05-08 00:00:00Z,DN21 3SL,Detached,Established,Freehold,34,,ASTLEY CRESCENT,SCOTTER,GAINSBOROUGH,WEST LINDSEY,LINCOLNSHIRE,Standard,Addition,53.4955640000,-0.6679060000
235000,2008-01-18 00:00:00Z,DN21 3SH,Detached,Established,Freehold,53,,ASTLEY CRESCENT,SCOTTER,GAINSBOROUGH,WEST LINDSEY,LINCOLNSHIRE,Standard,Addition,53.4959830000,-0.6690850000
115000,2008-05-23 00:00:00Z,DN21 3SN,Semi-Detached,Established,Freehold,10,,ST PETERS GROVE,SCOTTER,GAINSBOROUGH,WEST LINDSEY,LINCOLNSHIRE,Standard,Addition,53.4952330000,-0.6695460000
85000,2008-03-20 00:00:00Z,DN21 3RX,Flats/Maisonettes,Established,Freehold,52B,,HIGH STREET,SCOTTER,GAINSBOROUGH,WEST LINDSEY,LINCOLNSHIRE,Standard,Addition,53.4970000000,-0.6659930000
300000,2008-08-04 00:00:00Z,DN21 3TH,Semi-Detached,Established,Freehold,3A,,HOBB LANE,SCOTTER,GAINSBOROUGH,WEST LINDSEY,LINCOLNSHIRE,Standard,Addition,53.4975460000,-0.6674380000
190000,2008-10-10 00:00:00Z,DN21 3SH,Detached,Established,Freehold,3,,ASTLEY CRESCENT,SCOTTER,GAINSBOROUGH,WEST LINDSEY,LINCOLNSHIRE,Standard,Addition,53.4959830000,-0.6690850000
134500,2008-05-02 00:00:00Z,DN21 3SH,Detached,Established,Freehold,29,,ASTLEY CRESCENT,SCOTTER,GAINSBOROUGH,WEST LINDSEY,LINCOLNSHIRE,Standard,Addition,53.4959830000,-0.6690850000
160000,2009-11-13 00:00:00Z,DN21 3SF,Semi-Detached,Established,Freehold,82,,HIGH STREET,SCOTTER,GAINSBOROUGH,WEST LINDSEY,LINCOLNSHIRE,Standard,Addition,53.4950770000,-0.6652390000
40000,2009-05-27 00:00:00Z,DN21 3TL,Flats/Maisonettes,Established,Leasehold,85,FLAT 1,HIGH STREET,SCOTTER,GAINSBOROUGH,WEST LINDSEY,LINCOLNSHIRE,Standard,Addition,53.4978890000,-0.6667640000
70000,2009-06-02 00:00:00Z,DN21 3TL,Flats/Maisonettes,Established,Leasehold,85,FLAT 2,HIGH STREET,SCOTTER,GAINSBOROUGH,WEST LINDSEY,LINCOLNSHIRE,Standard,Addition,53.4978890000,-0.6667640000
120000,2009-08-28 00:00:00Z,DN21 3SW,Detached,Established,Freehold,29,,KIRTON ROAD,SCOTTER,GAINSBOROUGH,WEST LINDSEY,LINCOLNSHIRE,Standard,Addition,53.4994540000,-0.6620260000
120000,2009-07-08 00:00:00Z,DN21 3SJ,Detached,Established,Freehold,2,,CECIL CLOSE,SCOTTER,GAINSBOROUGH,WEST LINDSEY,LINCOLNSHIRE,Standard,Addition,53.4952330000,-0.6663950000
480000,2009-01-27 00:00:00Z,DN21 3SB,Detached,Established,Freehold,HIGHFIELD HOUSE,,SCOTTON ROAD,SCOTTER,GAINSBOROUGH,WEST LINDSEY,LINCOLNSHIRE,Standard,Addition,53.4926750000,-0.6642450000
240000,2009-12-11 00:00:00Z,DN21 3SL,Detached,Established,Freehold,32,,ASTLEY CRESCENT,SCOTTER,GAINSBOROUGH,WEST LINDSEY,LINCOLNSHIRE,Standard,Addition,53.4955640000,-0.6679060000
130000,2009-04-03 00:00:00Z,DN21 3TY,Detached,Established,Freehold,12,,PINE TREE AVENUE,SCOTTER,GAINSBOROUGH,WEST LINDSEY,LINCOLNSHIRE,Standard,Addition,53.4964950000,-0.6699290000
335000,2009-07-23 00:00:00Z,DN21 3UR,Detached,Established,Freehold,7,,LINDHOLME,SCOTTER,GAINSBOROUGH,WEST LINDSEY,LINCOLNSHIRE,Standard,Addition,53.4972250000,-0.6628200000
130000,2009-03-24 00:00:00Z,DN21 3TY,Detached,Established,Freehold,3,,PINE TREE AVENUE,SCOTTER,GAINSBOROUGH,WEST LINDSEY,LINCOLNSHIRE,Standard,Addition,53.4964950000,-0.6699290000
127000,2009-05-22 00:00:00Z,DN21 3UA,Detached,Established,Freehold,3,,ORCHARD AVENUE,SCOTTER,GAINSBOROUGH,WEST LINDSEY,LINCOLNSHIRE,Standard,Addition,53.4966250000,-0.6678440000
200000,2009-12-11 00:00:00Z,DN21 3UB,Semi-Detached,Established,Freehold,28,,GAINSBOROUGH ROAD,SCOTTER,GAINSBOROUGH,WEST LINDSEY,LINCOLNSHIRE,Standard,Addition,53.4972300000,-0.6688650000
220000,2009-12-14 00:00:00Z,DN21 3SH,Detached,Established,Freehold,37,,ASTLEY CRESCENT,SCOTTER,GAINSBOROUGH,WEST LINDSEY,LINCOLNSHIRE,Standard,Addition,53.4959830000,-0.6690850000
232500,2010-04-23 00:00:00Z,DN21 3SH,Detached,Established,Freehold,49,,ASTLEY CRESCENT,SCOTTER,GAINSBOROUGH,WEST LINDSEY,LINCOLNSHIRE,Standard,Addition,53.4959830000,-0.6690850000
155000,2010-12-17 00:00:00Z,DN21 3TH,Detached,Established,Freehold,1,,HOBB LANE,SCOTTER,GAINSBOROUGH,WEST LINDSEY,LINCOLNSHIRE,Standard,Addition,53.4975460000,-0.6674380000
125000,2010-07-12 00:00:00Z,DN21 3TN,Detached,Established,Freehold,7,,HIGH STREET,SCOTTER,GAINSBOROUGH,WEST LINDSEY,LINCOLNSHIRE,Standard,Addition,53.4987910000,-0.6699510000
115000,2010-04-19 00:00:00Z,DN21 3SW,Detached,Established,Freehold,27,,KIRTON ROAD,SCOTTER,GAINSBOROUGH,WEST LINDSEY,LINCOLNSHIRE,Standard,Addition,53.4994540000,-0.6620260000
220000,2010-01-25 00:00:00Z,DN21 3RY,Detached,Established,Freehold,117,,HIGH STREET,SCOTTER,GAINSBOROUGH,WEST LINDSEY,LINCOLNSHIRE,Standard,Addition,53.4957290000,-0.6648720000
246000,2010-07-29 00:00:00Z,DN21 3UB,Detached,Established,Freehold,24,,GAINSBOROUGH ROAD,SCOTTER,GAINSBOROUGH,WEST LINDSEY,LINCOLNSHIRE,Standard,Addition,53.4972300000,-0.6688650000
145000,2010-11-19 00:00:00Z,DN21 3TG,Detached,Established,Freehold,2,,REVILLS CLOSE,SCOTTER,GAINSBOROUGH,WEST LINDSEY,LINCOLNSHIRE,Standard,Addition,53.4943590000,-0.6661820000
138000,2010-09-22 00:00:00Z,DN21 3TY,Detached,Established,Freehold,5,,PINE TREE AVENUE,SCOTTER,GAINSBOROUGH,WEST LINDSEY,LINCOLNSHIRE,Standard,Addition,53.4964950000,-0.6699290000
100000,2010-09-13 00:00:00Z,DN21 3SR,Semi-Detached,Established,Freehold,16,,COLINS WALK,SCOTTER,GAINSBOROUGH,WEST LINDSEY,LINCOLNSHIRE,Standard,Addition,53.4998400000,-0.6627230000
155950,2010-08-09 00:00:00Z,DN21 3SR,Detached,Established,Freehold,8,,COLINS WALK,SCOTTER,GAINSBOROUGH,WEST LINDSEY,LINCOLNSHIRE,Standard,Addition,53.4998400000,-0.6627230000
38000,2010-04-23 00:00:00Z,DN21 3TP,Terraced,Established,Freehold,5,,THE ELMS,SCOTTER,GAINSBOROUGH,WEST LINDSEY,LINCOLNSHIRE,Standard,Addition,53.4955620000,-0.6646530000
93000,2010-08-06 00:00:00Z,DN21 3SR,Semi-Detached,Established,Freehold,6,,COLINS WALK,SCOTTER,GAINSBOROUGH,WEST LINDSEY,LINCOLNSHIRE,Standard,Addition,53.4998400000,-0.6627230000
147500,2010-11-29 00:00:00Z,DN21 3SW,Detached,Established,Freehold,EASTGATE,,KIRTON ROAD,SCOTTER,GAINSBOROUGH,WEST LINDSEY,LINCOLNSHIRE,Standard,Addition,53.4994540000,-0.6620260000
629950,2010-07-09 00:00:00Z,DN21 3UR,Detached,Established,Freehold,THE PADDOCKS,,LINDHOLME,SCOTTER,GAINSBOROUGH,WEST LINDSEY,LINCOLNSHIRE,Standard,Addition,53.4972250000,-0.6628200000
125000,2011-03-30 00:00:00Z,DN21 3SJ,Detached,Established,Freehold,6A,,CECIL CLOSE,SCOTTER,GAINSBOROUGH,WEST LINDSEY,LINCOLNSHIRE,Standard,Addition,53.4952330000,-0.6663950000
130000,2011-12-16 00:00:00Z,DN21 3SW,Detached,Established,Freehold,25,,KIRTON ROAD,SCOTTER,GAINSBOROUGH,WEST LINDSEY,LINCOLNSHIRE,Standard,Addition,53.4994540000,-0.6620260000
80000,2011-12-19 00:00:00Z,DN21 3SR,Semi-Detached,Established,Freehold,3,,COLINS WALK,SCOTTER,GAINSBOROUGH,WEST LINDSEY,LINCOLNSHIRE,Standard,Addition,53.4998400000,-0.6627230000
102000,2011-01-14 00:00:00Z,DN21 3SW,Semi-Detached,Established,Freehold,15,,KIRTON ROAD,SCOTTER,GAINSBOROUGH,WEST LINDSEY,LINCOLNSHIRE,Standard,Addition,53.4994540000,-0.6620260000
91000,2011-03-24 00:00:00Z,DN21 3TZ,Semi-Detached,Established,Freehold,16,,POPLAR GROVE,SCOTTER,GAINSBOROUGH,WEST LINDSEY,LINCOLNSHIRE,Standard,Addition,53.4977550000,-0.6691960000
410000,2011-01-26 00:00:00Z,DN21 3TN,Detached,Established,Freehold,9,,HIGH STREET,SCOTTER,GAINSBOROUGH,WEST LINDSEY,LINCOLNSHIRE,Standard,Addition,53.4987910000,-0.6699510000
129950,2011-10-21 00:00:00Z,DN21 3SH,Detached,Established,Freehold,23,,ASTLEY CRESCENT,SCOTTER,GAINSBOROUGH,WEST LINDSEY,LINCOLNSHIRE,Standard,Addition,53.4959830000,-0.6690850000
292500,2011-09-05 00:00:00Z,DN21 3TN,Detached,Established,Freehold,49A,,HIGH STREET,SCOTTER,GAINSBOROUGH,WEST LINDSEY,LINCOLNSHIRE,Standard,Addition,53.4987910000,-0.6699510000
140000,2011-11-18 00:00:00Z,DN21 3TY,Semi-Detached,Established,Freehold,10,,PINE TREE AVENUE,SCOTTER,GAINSBOROUGH,WEST LINDSEY,LINCOLNSHIRE,Standard,Addition,53.4964950000,-0.6699290000
180000,2011-06-16 00:00:00Z,DN21 3RG,Detached,Established,Freehold,3,,EMINSON CLOSE,SCOTTER,GAINSBOROUGH,WEST LINDSEY,LINCOLNSHIRE,Standard,Addition,53.4990680000,-0.6692900000
141000,2011-03-16 00:00:00Z,DN21 3SR,Detached,Established,Freehold,8,,COLINS WALK,SCOTTER,GAINSBOROUGH,WEST LINDSEY,LINCOLNSHIRE,Standard,Addition,53.4998400000,-0.6627230000
135000,2012-01-17 00:00:00Z,DN21 3UA,Detached,Established,Freehold,6,,ORCHARD AVENUE,SCOTTER,GAINSBOROUGH,WEST LINDSEY,LINCOLNSHIRE,Standard,Addition,53.4966250000,-0.6678440000
122000,2012-02-03 00:00:00Z,DN21 3SR,Detached,Established,Freehold,21,,COLINS WALK,SCOTTER,GAINSBOROUGH,WEST LINDSEY,LINCOLNSHIRE,Standard,Addition,53.4998400000,-0.6627230000
142500,2012-03-27 00:00:00Z,DN21 3TY,Detached,Established,Freehold,5,,PINE TREE AVENUE,SCOTTER,GAINSBOROUGH,WEST LINDSEY,LINCOLNSHIRE,Standard,Addition,53.4964950000,-0.6699290000
130000,2012-09-21 00:00:00Z,DN21 3SG,Detached,Established,Freehold,3,,ST PETERS ROAD,SCOTTER,GAINSBOROUGH,WEST LINDSEY,LINCOLNSHIRE,Standard,Addition,53.4961610000,-0.6665320000
65000,2012-04-27 00:00:00Z,DN21 3SF,Semi-Detached,Established,Freehold,88,,HIGH STREET,SCOTTER,GAINSBOROUGH,NORTH LINCOLNSHIRE,NORTH LINCOLNSHIRE,Standard,Addition,53.4950770000,-0.6652390000
249950,2012-09-12 00:00:00Z,DN21 3QG,Detached,Established,Freehold,2,,WOODLAND LANE,SCOTTER,GAINSBOROUGH,WEST LINDSEY,LINCOLNSHIRE,Standard,Addition,53.4991080000,-0.6677400000
310000,2012-06-01 00:00:00Z,DN21 3UD,Terraced,Established,Freehold,22,,THE GREEN,SCOTTER,GAINSBOROUGH,WEST LINDSEY,LINCOLNSHIRE,Standard,Addition,53.4973620000,-0.6651110000
125000,2012-01-27 00:00:00Z,DN21 3SG,Detached,Established,Freehold,20,,ST PETERS ROAD,SCOTTER,GAINSBOROUGH,WEST LINDSEY,LINCOLNSHIRE,Standard,Addition,53.4961610000,-0.6665320000
125000,2012-05-31 00:00:00Z,DN21 3RY,Detached,Established,Freehold,103,,HIGH STREET,SCOTTER,GAINSBOROUGH,WEST LINDSEY,LINCOLNSHIRE,Standard,Addition,53.4957290000,-0.6648720000
116000,2012-02-14 00:00:00Z,DN21 3TZ,Detached,Established,Freehold,10,,POPLAR GROVE,SCOTTER,GAINSBOROUGH,WEST LINDSEY,LINCOLNSHIRE,Standard,Addition,53.4977550000,-0.6691960000
79000,2012-07-20 00:00:00Z,DN21 3SR,Semi-Detached,Established,Freehold,5,,COLINS WALK,SCOTTER,GAINSBOROUGH,WEST LINDSEY,LINCOLNSHIRE,Standard,Addition,53.4998400000,-0.6627230000
147000,2012-09-14 00:00:00Z,DN21 3SR,Detached,Established,Freehold,10,,COLINS WALK,SCOTTER,GAINSBOROUGH,WEST LINDSEY,LINCOLNSHIRE,Standard,Addition,53.4998400000,-0.6627230000
280000,2013-06-14 00:00:00Z,DN21 3UE,Detached,Established,Freehold,WILLOW-DENE,,CLAY LANE,SCOTTER,GAINSBOROUGH,WEST LINDSEY,LINCOLNSHIRE,Standard,Addition,53.4984020000,-0.6632390000
120000,2013-06-14 00:00:00Z,DN21 3SN,Semi-Detached,Established,Freehold,2,,ST PETERS GROVE,SCOTTER,GAINSBOROUGH,WEST LINDSEY,LINCOLNSHIRE,Standard,Addition,53.4952330000,-0.6695460000
217000,2013-06-14 00:00:00Z,DN21 3SL,Detached,Established,Freehold,26,,ASTLEY CRESCENT,SCOTTER,GAINSBOROUGH,WEST LINDSEY,LINCOLNSHIRE,Standard,Addition,53.4955640000,-0.6679060000
78500,2013-04-08 00:00:00Z,DN21 3UQ,Terraced,Established,Freehold,WILLOW COURT,6,MESSINGHAM ROAD,SCOTTER,GAINSBOROUGH,WEST LINDSEY,LINCOLNSHIRE,Standard,Addition,53.4988280000,-0.6662830000
110000,2013-02-21 00:00:00Z,DN21 3SW,Semi-Detached,Established,Freehold,7,,KIRTON ROAD,SCOTTER,GAINSBOROUGH,WEST LINDSEY,LINCOLNSHIRE,Standard,Addition,53.4994540000,-0.6620260000
159500,2013-03-13 00:00:00Z,DN21 3WA,Detached,Established,Freehold,3,,CHAPEL COURT,SCOTTER,GAINSBOROUGH,WEST LINDSEY,LINCOLNSHIRE,Standard,Addition,53.4983220000,-0.6698150000
84000,2013-08-23 00:00:00Z,DN21 3TN,Detached,Established,Freehold,KEEPERS LODGE,,HIGH STREET,SCOTTER,GAINSBOROUGH,WEST LINDSEY,LINCOLNSHIRE,Standard,Addition,53.4987910000,-0.6699510000
250000,2013-11-25 00:00:00Z,DN21 3SH,Detached,Established,Freehold,47,,ASTLEY CRESCENT,SCOTTER,GAINSBOROUGH,WEST LINDSEY,LINCOLNSHIRE,Standard,Addition,53.4959830000,-0.6690850000
155000,2013-12-19 00:00:00Z,DN21 3UQ,Detached,Established,Freehold,LYNEAS,,MESSINGHAM ROAD,SCOTTER,GAINSBOROUGH,WEST LINDSEY,LINCOLNSHIRE,Standard,Addition,53.4988280000,-0.6662830000
605000,2013-04-02 00:00:00Z,DN21 3UR,Detached,Established,Freehold,11,,LINDHOLME,SCOTTER,GAINSBOROUGH,WEST LINDSEY,LINCOLNSHIRE,Standard,Addition,53.4972250000,-0.6628200000
43280,2013-07-25 00:00:00Z,DN21 3TZ,Semi-Detached,Established,Freehold,28,,POPLAR GROVE,SCOTTER,GAINSBOROUGH,WEST LINDSEY,LINCOLNSHIRE,Standard,Addition,53.4977550000,-0.6691960000
157500,2013-09-20 00:00:00Z,DN21 3TN,Semi-Detached,Established,Freehold,21,,HIGH STREET,SCOTTER,GAINSBOROUGH,WEST LINDSEY,LINCOLNSHIRE,Standard,Addition,53.4987910000,-0.6699510000
81500,2013-07-05 00:00:00Z,DN21 3SR,Semi-Detached,Established,Freehold,3,,COLINS WALK,SCOTTER,GAINSBOROUGH,WEST LINDSEY,LINCOLNSHIRE,Standard,Addition,53.4998400000,-0.6627230000
40500,2013-08-28 00:00:00Z,DN21 3TP,Terraced,Established,Freehold,6,,THE ELMS,SCOTTER,GAINSBOROUGH,WEST LINDSEY,LINCOLNSHIRE,Standard,Addition,53.4955620000,-0.6646530000
240000,2013-12-11 00:00:00Z,DN21 3UR,Detached,Established,Freehold,12,,LINDHOLME,SCOTTER,GAINSBOROUGH,WEST LINDSEY,LINCOLNSHIRE,Standard,Addition,53.4972250000,-0.6628200000
270000,2013-12-06 00:00:00Z,DN21 3UF,Detached,Established,Freehold,1,,CHERRY TREE RISE,SCOTTER,GAINSBOROUGH,WEST LINDSEY,LINCOLNSHIRE,Standard,Addition,53.4986950000,-0.6624420000
179000,2013-08-30 00:00:00Z,DN21 3UF,Detached,Established,Freehold,3,,CHERRY TREE RISE,SCOTTER,GAINSBOROUGH,WEST LINDSEY,LINCOLNSHIRE,Standard,Addition,53.4986950000,-0.6624420000
51500,2013-04-16 00:00:00Z,DN21 3TP,Terraced,Established,Freehold,5,,THE ELMS,SCOTTER,GAINSBOROUGH,WEST LINDSEY,LINCOLNSHIRE,Standard,Addition,53.4955620000,-0.6646530000
65000,2013-11-15 00:00:00Z,DN21 3TJ,Terraced,Established,Freehold,8,,PROSPECT COURT,SCOTTER,GAINSBOROUGH,WEST LINDSEY,LINCOLNSHIRE,Standard,Addition,53.4987230000,-0.6673560000
67500,2014-06-25 00:00:00Z,DN21 3TJ,Terraced,Established,Freehold,5,,PROSPECT COURT,SCOTTER,GAINSBOROUGH,WEST LINDSEY,LINCOLNSHIRE,Standard,Addition,53.4987230000,-0.6673560000
120000,2014-11-14 00:00:00Z,DN21 3UA,Detached,Established,Freehold,10,,ORCHARD AVENUE,SCOTTER,GAINSBOROUGH,WEST LINDSEY,LINCOLNSHIRE,Standard,Addition,53.4966250000,-0.6678440000
125000,2014-07-04 00:00:00Z,DN21 3SR,Detached,Established,Freehold,8,,COLINS WALK,SCOTTER,GAINSBOROUGH,WEST LINDSEY,LINCOLNSHIRE,Standard,Addition,53.4998400000,-0.6627230000
217500,2014-07-24 00:00:00Z,DN21 3SL,Detached,Established,Freehold,38,,ASTLEY CRESCENT,SCOTTER,GAINSBOROUGH,WEST LINDSEY,LINCOLNSHIRE,Standard,Addition,53.4955640000,-0.6679060000
130000,2014-01-21 00:00:00Z,DN21 3SG,Semi-Detached,Established,Freehold,2,,ST PETERS ROAD,SCOTTER,GAINSBOROUGH,WEST LINDSEY,LINCOLNSHIRE,Standard,Addition,53.4961610000,-0.6665320000
92500,2014-02-28 00:00:00Z,DN21 3SW,Semi-Detached,Established,Freehold,9,,KIRTON ROAD,SCOTTER,GAINSBOROUGH,WEST LINDSEY,LINCOLNSHIRE,Standard,Addition,53.4994540000,-0.6620260000
317000,2014-04-17 00:00:00Z,DN21 3QG,Detached,Established,Freehold,1,,WOODLAND LANE,SCOTTER,GAINSBOROUGH,WEST LINDSEY,LINCOLNSHIRE,Standard,Addition,53.4991080000,-0.6677400000
283000,2014-08-01 00:00:00Z,DN21 3SJ,Detached,Established,Freehold,6,,CECIL CLOSE,SCOTTER,GAINSBOROUGH,WEST LINDSEY,LINCOLNSHIRE,Standard,Addition,53.4952330000,-0.6663950000
117000,2014-11-04 00:00:00Z,DN21 3SE,Detached,Established,Freehold,14,,MILL CRESCENT,SCOTTER,GAINSBOROUGH,WEST LINDSEY,LINCOLNSHIRE,Standard,Addition,53.4940920000,-0.6688580000
170000,2014-07-10 00:00:00Z,DN21 3TY,Detached,Established,Freehold,11,,PINE TREE AVENUE,SCOTTER,GAINSBOROUGH,WEST LINDSEY,LINCOLNSHIRE,Standard,Addition,53.4964950000,-0.6699290000
180000,2014-08-01 00:00:00Z,DN21 3TZ,Detached,Established,Freehold,19,,POPLAR GROVE,SCOTTER,GAINSBOROUGH,WEST LINDSEY,LINCOLNSHIRE,Standard,Addition,53.4977550000,-0.6691960000
118000,2014-05-30 00:00:00Z,DN21 3SR,Semi-Detached,Established,Freehold,17,,COLINS WALK,SCOTTER,GAINSBOROUGH,WEST LINDSEY,LINCOLNSHIRE,Standard,Addition,53.4998400000,-0.6627230000
249950,2014-02-25 00:00:00Z,DN21 3TN,Detached,Established,Freehold,11,,HIGH STREET,SCOTTER,GAINSBOROUGH,WEST LINDSEY,LINCOLNSHIRE,Standard,Addition,53.4987910000,-0.6699510000
110000,2014-10-03 00:00:00Z,DN21 3SR,Semi-Detached,Established,Freehold,6,,COLINS WALK,SCOTTER,GAINSBOROUGH,WEST LINDSEY,LINCOLNSHIRE,Standard,Addition,53.4998400000,-0.6627230000
150000,2014-08-14 00:00:00Z,DN21 3SG,Detached,Established,Freehold,17,,ST PETERS ROAD,SCOTTER,GAINSBOROUGH,WEST LINDSEY,LINCOLNSHIRE,Standard,Addition,53.4961610000,-0.6665320000
248000,2014-06-25 00:00:00Z,DN21 3SH,Detached,Established,Freehold,51,,ASTLEY CRESCENT,SCOTTER,GAINSBOROUGH,WEST LINDSEY,LINCOLNSHIRE,Standard,Addition,53.4959830000,-0.6690850000
235000,2014-01-21 00:00:00Z,DN21 3SE,Detached,Established,Freehold,18,,MILL CRESCENT,SCOTTER,GAINSBOROUGH,WEST LINDSEY,LINCOLNSHIRE,Standard,Addition,53.4940920000,-0.6688580000
132500,2014-08-28 00:00:00Z,DN21 3SL,Detached,Established,Freehold,4,,ASTLEY CRESCENT,SCOTTER,GAINSBOROUGH,WEST LINDSEY,LINCOLNSHIRE,Standard,Addition,53.4955640000,-0.6679060000
310000,2014-09-11 00:00:00Z,DN21 3UR,Detached,Established,Freehold,18,,LINDHOLME,SCOTTER,GAINSBOROUGH,WEST LINDSEY,LINCOLNSHIRE,Standard,Addition,53.4972250000,-0.6628200000
235000,2014-07-22 00:00:00Z,DN21 3SW,Detached,Established,Freehold,29,,KIRTON ROAD,SCOTTER,GAINSBOROUGH,WEST LINDSEY,LINCOLNSHIRE,Standard,Addition,53.4994540000,-0.6620260000
220000,2014-09-23 00:00:00Z,DN21 3UR,Detached,Established,Freehold,6,,LINDHOLME,SCOTTER,GAINSBOROUGH,WEST LINDSEY,LINCOLNSHIRE,Standard,Addition,53.4972250000,-0.6628200000
110000,2014-08-07 00:00:00Z,DN21 3SE,Semi-Detached,Established,Freehold,40,,MILL CRESCENT,SCOTTER,GAINSBOROUGH,WEST LINDSEY,LINCOLNSHIRE,Additional,Addition,53.4940920000,-0.6688580000
104000,2015-07-17 00:00:00Z,DN21 3SW,Semi-Detached,Established,Freehold,15,,KIRTON ROAD,SCOTTER,GAINSBOROUGH,WEST LINDSEY,LINCOLNSHIRE,Standard,Addition,53.4994540000,-0.6620260000
440000,2015-07-22 00:00:00Z,DN21 3TN,Detached,Established,Freehold,9,,HIGH STREET,SCOTTER,GAINSBOROUGH,WEST LINDSEY,LINCOLNSHIRE,Standard,Addition,53.4987910000,-0.6699510000
125000,2015-03-20 00:00:00Z,DN21 3UD,Detached,Established,Freehold,7,,THE GREEN,SCOTTER,GAINSBOROUGH,WEST LINDSEY,LINCOLNSHIRE,Additional,Addition,53.4973620000,-0.6651110000
139000,2015-11-06 00:00:00Z,DN21 3SE,Semi-Detached,Established,Freehold,40,,MILL CRESCENT,SCOTTER,GAINSBOROUGH,WEST LINDSEY,LINCOLNSHIRE,Standard,Addition,53.4940920000,-0.6688580000
261000,2015-06-03 00:00:00Z,DN21 3SL,Detached,Established,Freehold,30,,ASTLEY CRESCENT,SCOTTER,GAINSBOROUGH,WEST LINDSEY,LINCOLNSHIRE,Standard,Addition,53.4955640000,-0.6679060000
160000,2015-09-14 00:00:00Z,DN21 3SE,Detached,Established,Freehold,3,,MILL CRESCENT,SCOTTER,GAINSBOROUGH,WEST LINDSEY,LINCOLNSHIRE,Standard,Addition,53.4940920000,-0.6688580000
145000,2015-02-27 00:00:00Z,DN21 3UB,Detached,Established,Freehold,9A,,GAINSBOROUGH ROAD,SCOTTER,GAINSBOROUGH,WEST LINDSEY,LINCOLNSHIRE,Standard,Addition,53.4972300000,-0.6688650000
395000,2015-06-24 00:00:00Z,DN21 3UR,Detached,Established,Freehold,MARLEAU HOUSE,,LINDHOLME,SCOTTER,GAINSBOROUGH,WEST LINDSEY,LINCOLNSHIRE,Standard,Addition,53.4972250000,-0.6628200000
105000,2015-02-04 00:00:00Z,DN21 3UB,Semi-Detached,Established,Freehold,22,,GAINSBOROUGH ROAD,SCOTTER,GAINSBOROUGH,WEST LINDSEY,LINCOLNSHIRE,Standard,Addition,53.4972300000,-0.6688650000
94000,2015-02-27 00:00:00Z,DN21 3UQ,Semi-Detached,Established,Freehold,2A,,MESSINGHAM ROAD,SCOTTER,GAINSBOROUGH,WEST LINDSEY,LINCOLNSHIRE,Standard,Addition,53.4988280000,-0.6662830000
45000,2015-01-21 00:00:00Z,DN21 3TP,Terraced,Established,Freehold,5,,THE ELMS,SCOTTER,GAINSBOROUGH,WEST LINDSEY,LINCOLNSHIRE,Standard,Addition,53.4955620000,-0.6646530000
138000,2015-10-29 00:00:00Z,DN21 3SL,Semi-Detached,Established,Freehold,14,,ASTLEY CRESCENT,SCOTTER,GAINSBOROUGH,WEST LINDSEY,LINCOLNSHIRE,Standard,Addition,53.4955640000,-0.6679060000
125000,2015-07-23 00:00:00Z,DN21 3SR,Semi-Detached,Established,Freehold,17,,COLINS WALK,SCOTTER,GAINSBOROUGH,WEST LINDSEY,LINCOLNSHIRE,Standard,Addition,53.4998400000,-0.6627230000
120000,2015-07-17 00:00:00Z,DN21 3RZ,Detached,Established,Freehold,3,,CHURCH LANE,SCOTTER,GAINSBOROUGH,WEST LINDSEY,LINCOLNSHIRE,Standard,Addition,53.4961500000,-0.6644250000
205000,2015-10-09 00:00:00Z,DN21 3UQ,Detached,Established,Freehold,8,,MESSINGHAM ROAD,SCOTTER,GAINSBOROUGH,WEST LINDSEY,LINCOLNSHIRE,Standard,Addition,53.4988280000,-0.6662830000
125000,2015-06-19 00:00:00Z,DN21 3TZ,Detached,Established,Freehold,14,,POPLAR GROVE,SCOTTER,GAINSBOROUGH,WEST LINDSEY,LINCOLNSHIRE,Standard,Addition,53.4977550000,-0.6691960000
120000,2015-01-23 00:00:00Z,DN21 3SH,Detached,Established,Freehold,1,,ASTLEY CRESCENT,SCOTTER,GAINSBOROUGH,WEST LINDSEY,LINCOLNSHIRE,Standard,Addition,53.4959830000,-0.6690850000
127000,2015-09-04 00:00:00Z,DN21 3SR,Semi-Detached,Established,Freehold,21,,COLINS WALK,SCOTTER,GAINSBOROUGH,WEST LINDSEY,LINCOLNSHIRE,Standard,Addition,53.4998400000,-0.6627230000
119500,2015-03-02 00:00:00Z,DN21 3TN,Detached,Established,Freehold,KEEPERS LODGE,,HIGH STREET,SCOTTER,GAINSBOROUGH,WEST LINDSEY,LINCOLNSHIRE,Standard,Addition,53.4987910000,-0.6699510000
124300,2015-05-11 00:00:00Z,DN21 3SR,Semi-Detached,Established,Freehold,16,,COLINS WALK,SCOTTER,GAINSBOROUGH,WEST LINDSEY,LINCOLNSHIRE,Standard,Addition,53.4998400000,-0.6627230000
113000,2016-07-29 00:00:00Z,DN21 3SE,Detached,Established,Freehold,"CESTRIA, 5",,MILL CRESCENT,SCOTTER,GAINSBOROUGH,WEST LINDSEY,LINCOLNSHIRE,Standard,Addition,53.4940920000,-0.6688580000
155000,2016-11-25 00:00:00Z,DN21 3SG,Detached,Established,Freehold,22,,ST PETERS ROAD,SCOTTER,GAINSBOROUGH,WEST LINDSEY,LINCOLNSHIRE,Standard,Addition,53.4961610000,-0.6665320000
131000,2016-08-10 00:00:00Z,DN21 3SJ,Detached,Established,Freehold,4,,CECIL CLOSE,SCOTTER,GAINSBOROUGH,WEST LINDSEY,LINCOLNSHIRE,Standard,Addition,53.4952330000,-0.6663950000
122500,2016-11-22 00:00:00Z,DN21 3SR,Semi-Detached,Established,Freehold,4,,COLINS WALK,SCOTTER,GAINSBOROUGH,WEST LINDSEY,LINCOLNSHIRE,Standard,Addition,53.4998400000,-0.6627230000
75000,2016-03-31 00:00:00Z,DN21 3TJ,Terraced,Established,Freehold,2,,PROSPECT COURT,SCOTTER,GAINSBOROUGH,WEST LINDSEY,LINCOLNSHIRE,Standard,Addition,53.4987230000,-0.6673560000
59500,2016-12-15 00:00:00Z,DN21 3TL,Terraced,Established,Freehold,MANCHESTER HOUSE,8,HIGH STREET,SCOTTER,GAINSBOROUGH,WEST LINDSEY,LINCOLNSHIRE,Standard,Addition,53.4978890000,-0.6667640000
120000,2016-08-05 00:00:00Z,DN21 3TH,Terraced,Established,Freehold,3,,HOBB LANE,SCOTTER,GAINSBOROUGH,WEST LINDSEY,LINCOLNSHIRE,Standard,Addition,53.4975460000,-0.6674380000
147500,2016-02-26 00:00:00Z,DN21 3SG,Detached,Established,Freehold,3,,ST PETERS ROAD,SCOTTER,GAINSBOROUGH,WEST LINDSEY,LINCOLNSHIRE,Standard,Addition,53.4961610000,-0.6665320000
179000,2016-12-01 00:00:00Z,DN21 3TZ,Detached,Established,Freehold,13,,POPLAR GROVE,SCOTTER,GAINSBOROUGH,WEST LINDSEY,LINCOLNSHIRE,Standard,Addition,53.4977550000,-0.6691960000
235000,2016-10-28 00:00:00Z,DN21 3RY,Detached,Established,Freehold,119,,HIGH STREET,SCOTTER,GAINSBOROUGH,WEST LINDSEY,LINCOLNSHIRE,Standard,Addition,53.4957290000,-0.6648720000
161000,2016-09-21 00:00:00Z,DN21 3RL,Detached,Established,Freehold,27,,GAINSBOROUGH ROAD,SCOTTER,GAINSBOROUGH,WEST LINDSEY,LINCOLNSHIRE,Standard,Addition,53.4957760000,-0.6699360000
145000,2016-03-11 00:00:00Z,DN21 3TZ,Detached,Established,Freehold,2,,POPLAR GROVE,SCOTTER,GAINSBOROUGH,WEST LINDSEY,LINCOLNSHIRE,Standard,Addition,53.4977550000,-0.6691960000
250000,2016-05-27 00:00:00Z,DN21 3SH,Detached,Established,Freehold,39,,ASTLEY CRESCENT,SCOTTER,GAINSBOROUGH,WEST LINDSEY,LINCOLNSHIRE,Standard,Addition,53.4959830000,-0.6690850000
135000,2016-11-04 00:00:00Z,DN21 3SE,Semi-Detached,Established,Freehold,19,,MILL CRESCENT,SCOTTER,GAINSBOROUGH,WEST LINDSEY,LINCOLNSHIRE,Additional,Addition,53.4940920000,-0.6688580000
270000,2016-05-26 00:00:00Z,DN21 3SH,Detached,Established,Freehold,45,,ASTLEY CRESCENT,SCOTTER,GAINSBOROUGH,WEST LINDSEY,LINCOLNSHIRE,Standard,Addition,53.4959830000,-0.6690850000
82000,2016-05-24 00:00:00Z,DN21 3UQ,Terraced,Established,Freehold,WILLOW COURT,4B,MESSINGHAM ROAD,SCOTTER,GAINSBOROUGH,WEST LINDSEY,LINCOLNSHIRE,Standard,Addition,53.4988280000,-0.6662830000
210000,2016-10-04 00:00:00Z,DN21 3TZ,Detached,Established,Freehold,14,,POPLAR GROVE,SCOTTER,GAINSBOROUGH,WEST LINDSEY,LINCOLNSHIRE,Standard,Addition,53.4977550000,-0.6691960000
155000,2017-04-13 00:00:00Z,DN21 3SJ,Detached,Established,Freehold,1,,CECIL CLOSE,SCOTTER,GAINSBOROUGH,WEST LINDSEY,LINCOLNSHIRE,Standard,Addition,53.4952330000,-0.6663950000
119000,2017-05-12 00:00:00Z,DN21 3SR,Semi-Detached,Established,Freehold,20,,COLINS WALK,SCOTTER,GAINSBOROUGH,WEST LINDSEY,LINCOLNSHIRE,Standard,Addition,53.4998400000,-0.6627230000
345000,2017-09-08 00:00:00Z,DN21 3UR,Detached,Established,Freehold,7,,LINDHOLME,SCOTTER,GAINSBOROUGH,WEST LINDSEY,LINCOLNSHIRE,Standard,Addition,53.4972250000,-0.6628200000
136000,2017-01-27 00:00:00Z,DN21 3SN,Semi-Detached,Established,Freehold,10,,ST PETERS GROVE,SCOTTER,GAINSBOROUGH,WEST LINDSEY,LINCOLNSHIRE,Standard,Addition,53.4952330000,-0.6695460000
165000,2017-06-08 00:00:00Z,DN21 3RL,Detached,Established,Freehold,31,,GAINSBOROUGH ROAD,SCOTTER,GAINSBOROUGH,WEST LINDSEY,LINCOLNSHIRE,Standard,Addition,53.4957760000,-0.6699360000
155000,2017-06-08 00:00:00Z,DN21 3SE,Detached,Established,Freehold,52,,MILL CRESCENT,SCOTTER,GAINSBOROUGH,WEST LINDSEY,LINCOLNSHIRE,Standard,Addition,53.4940920000,-0.6688580000
184000,2017-05-12 00:00:00Z,DN21 3TN,Detached,Established,Freehold,"BRADWELL, 5",,HIGH STREET,SCOTTER,GAINSBOROUGH,WEST LINDSEY,LINCOLNSHIRE,Standard,Addition,53.4987910000,-0.6699510000
231000,2017-07-07 00:00:00Z,DN21 3UG,Detached,Established,Freehold,THE WILLOWS,,RIVERSIDE,SCOTTER,GAINSBOROUGH,WEST LINDSEY,LINCOLNSHIRE,Standard,Addition,53.4990560000,-0.6641950000
252500,2017-07-23 00:00:00Z,DN21 3SH,Detached,Established,Freehold,53,,ASTLEY CRESCENT,SCOTTER,GAINSBOROUGH,WEST LINDSEY,LINCOLNSHIRE,Standard,Addition,53.4959830000,-0.6690850000
160000,2017-07-17 00:00:00Z,DN21 3RL,Detached,Established,Freehold,29,,GAINSBOROUGH ROAD,SCOTTER,GAINSBOROUGH,WEST LINDSEY,LINCOLNSHIRE,Standard,Addition,53.4957760000,-0.6699360000
147500,2017-08-23 00:00:00Z,DN21 3SG,Detached,Established,Freehold,13,,ST PETERS ROAD,SCOTTER,GAINSBOROUGH,WEST LINDSEY,LINCOLNSHIRE,Standard,Addition,53.4961610000,-0.6665320000
279950,2017-08-07 00:00:00Z,DN21 3SD,Semi-Detached,Established,Freehold,2,,WESTCLIFFE ROAD,SCOTTER,GAINSBOROUGH,WEST LINDSEY,LINCOLNSHIRE,Standard,Addition,53.4937620000,-0.6666530000
118000,2017-06-30 00:00:00Z,DN21 3SR,Semi-Detached,Established,Freehold,7,,COLINS WALK,SCOTTER,GAINSBOROUGH,WEST LINDSEY,LINCOLNSHIRE,Standard,Addition,53.4998400000,-0.6627230000
141500,2017-11-24 00:00:00Z,DN21 3SN,Detached,Established,Freehold,16,,ST PETERS GROVE,SCOTTER,GAINSBOROUGH,WEST LINDSEY,LINCOLNSHIRE,Standard,Addition,53.4952330000,-0.6695460000
295000,2017-11-14 00:00:00Z,DN21 3UG,Detached,Established,Freehold,SWAN HOUSE,,RIVERSIDE,SCOTTER,GAINSBOROUGH,WEST LINDSEY,LINCOLNSHIRE,Standard,Addition,53.4990560000,-0.6641950000
146000,2017-03-23 00:00:00Z,DN21 3UB,Detached,Established,Freehold,9A,,GAINSBOROUGH ROAD,SCOTTER,GAINSBOROUGH,WEST LINDSEY,LINCOLNSHIRE,Standard,Addition,53.4972300000,-0.6688650000
235000,2017-07-21 00:00:00Z,DN21 3TN,Detached,Established,Freehold,KENMORE,,HIGH STREET,SCOTTER,GAINSBOROUGH,WEST LINDSEY,LINCOLNSHIRE,Standard,Addition,53.4987910000,-0.6699510000
45000,2017-10-19 00:00:00Z,DN21 3TP,Flats/Maisonettes,Established,Freehold,3,,THE ELMS,SCOTTER,GAINSBOROUGH,WEST LINDSEY,LINCOLNSHIRE,Standard,Addition,53.4955620000,-0.6646530000
140000,2017-12-08 00:00:00Z,DN21 3SG,Detached,Established,Freehold,18,,ST PETERS ROAD,SCOTTER,GAINSBOROUGH,WEST LINDSEY,LINCOLNSHIRE,Standard,Addition,53.4961610000,-0.6665320000
202500,2017-09-15 00:00:00Z,DN21 3TN,Detached,Established,Freehold,51,,HIGH STREET,SCOTTER,GAINSBOROUGH,WEST LINDSEY,LINCOLNSHIRE,Standard,Addition,53.4987910000,-0.6699510000
84000,2017-08-29 00:00:00Z,DN21 3TJ,Terraced,Established,Freehold,4,,PROSPECT COURT,SCOTTER,GAINSBOROUGH,WEST LINDSEY,LINCOLNSHIRE,Additional,Addition,53.4987230000,-0.6673560000
198500,2017-11-20 00:00:00Z,DN21 3TL,Terraced,Established,Freehold,87,,HIGH STREET,SCOTTER,GAINSBOROUGH,WEST LINDSEY,LINCOLNSHIRE,Standard,Addition,53.4978890000,-0.6667640000
125000,2017-08-04 00:00:00Z,DN21 3SG,Semi-Detached,Established,Freehold,12,,ST PETERS ROAD,SCOTTER,GAINSBOROUGH,WEST LINDSEY,LINCOLNSHIRE,Standard,Addition,53.4961610000,-0.6665320000
165000,2017-08-14 00:00:00Z,DN21 3UQ,Detached,Established,Freehold,6A,,MESSINGHAM ROAD,SCOTTER,GAINSBOROUGH,WEST LINDSEY,LINCOLNSHIRE,Standard,Addition,53.4988280000,-0.6662830000
100000,2017-05-17 00:00:00Z,DN21 3SB,Detached,Established,Freehold,FIELDSIDE,,SCOTTON ROAD,SCOTTER,GAINSBOROUGH,WEST LINDSEY,LINCOLNSHIRE,Standard,Addition,53.4926750000,-0.6642450000
153000,2018-06-29 00:00:00Z,DN21 3SJ,Detached,Established,Freehold,4,,CECIL CLOSE,SCOTTER,GAINSBOROUGH,WEST LINDSEY,LINCOLNSHIRE,Standard,Addition,53.4952330000,-0.6663950000
230000,2018-07-30 00:00:00Z,DN21 3TZ,Detached,Established,Freehold,14,,POPLAR GROVE,SCOTTER,GAINSBOROUGH,WEST LINDSEY,LINCOLNSHIRE,Standard,Addition,53.4977550000,-0.6691960000
140000,2018-08-10 00:00:00Z,DN21 3SE,Detached,Established,Freehold,7,,MILL CRESCENT,SCOTTER,GAINSBOROUGH,WEST LINDSEY,LINCOLNSHIRE,Standard,Addition,53.4940920000,-0.6688580000
75000,2018-09-21 00:00:00Z,DN21 3TL,Semi-Detached,Established,Freehold,77,,HIGH STREET,SCOTTER,GAINSBOROUGH,WEST LINDSEY,LINCOLNSHIRE,Standard,Addition,53.4978890000,-0.6667640000
205000,2018-09-07 00:00:00Z,DN21 3UA,Detached,Established,Freehold,6,,ORCHARD AVENUE,SCOTTER,GAINSBOROUGH,WEST LINDSEY,LINCOLNSHIRE,Standard,Addition,53.4966250000,-0.6678440000
140000,2018-08-13 00:00:00Z,DN21 3SG,Semi-Detached,Established,Freehold,12,,ST PETERS ROAD,SCOTTER,GAINSBOROUGH,WEST LINDSEY,LINCOLNSHIRE,Standard,Addition,53.4961610000,-0.6665320000
110000,2018-04-27 00:00:00Z,DN21 3TN,Semi-Detached,Established,Freehold,55,,HIGH STREET,SCOTTER,GAINSBOROUGH,WEST LINDSEY,LINCOLNSHIRE,Standard,Addition,53.4987910000,-0.6699510000
142000,2018-04-16 00:00:00Z,DN21 3SN,Semi-Detached,Established,Freehold,2,,ST PETERS GROVE,SCOTTER,GAINSBOROUGH,WEST LINDSEY,LINCOLNSHIRE,Standard,Addition,53.4952330000,-0.6695460000
139000,2018-04-11 00:00:00Z,DN21 3SE,Semi-Detached,Established,Freehold,28,,MILL CRESCENT,SCOTTER,GAINSBOROUGH,WEST LINDSEY,LINCOLNSHIRE,Standard,Addition,53.4940920000,-0.6688580000
129000,2018-01-22 00:00:00Z,DN21 3TZ,Detached,Established,Freehold,12,,POPLAR GROVE,SCOTTER,GAINSBOROUGH,WEST LINDSEY,LINCOLNSHIRE,Standard,Addition,53.4977550000,-0.6691960000
270000,2018-12-13 00:00:00Z,DN21 3SH,Detached,Established,Freehold,35,,ASTLEY CRESCENT,SCOTTER,GAINSBOROUGH,WEST LINDSEY,LINCOLNSHIRE,Standard,Addition,53.4959830000,-0.6690850000
167500,2018-12-18 00:00:00Z,DN21 3SG,Detached,Established,Freehold,20,,ST PETERS ROAD,SCOTTER,GAINSBOROUGH,WEST LINDSEY,LINCOLNSHIRE,Standard,Addition,53.4961610000,-0.6665320000
292000,2018-05-18 00:00:00Z,DN21 3SJ,Detached,Established,Freehold,6,,CECIL CLOSE,SCOTTER,GAINSBOROUGH,WEST LINDSEY,LINCOLNSHIRE,Standard,Addition,53.4952330000,-0.6663950000
400000,2018-11-09 00:00:00Z,DN21 3SH,Detached,Established,Freehold,57,,ASTLEY CRESCENT,SCOTTER,GAINSBOROUGH,WEST LINDSEY,LINCOLNSHIRE,Standard,Addition,53.4959830000,-0.6690850000
107000,2018-10-31 00:00:00Z,DN21 3UB,Semi-Detached,Established,Freehold,22,,GAINSBOROUGH ROAD,SCOTTER,GAINSBOROUGH,WEST LINDSEY,LINCOLNSHIRE,Standard,Addition,53.4972300000,-0.6688650000
127500,2018-10-26 00:00:00Z,DN21 3SW,Semi-Detached,Established,Freehold,5,,KIRTON ROAD,SCOTTER,GAINSBOROUGH,WEST LINDSEY,LINCOLNSHIRE,Standard,Addition,53.4994540000,-0.6620260000
310000,2018-06-25 00:00:00Z,DN21 3UR,Detached,Established,Freehold,12,,LINDHOLME,SCOTTER,GAINSBOROUGH,WEST LINDSEY,LINCOLNSHIRE,Standard,Addition,53.4972250000,-0.6628200000
310000,2018-08-08 00:00:00Z,DN21 3SH,Detached,Established,Freehold,45,,ASTLEY CRESCENT,SCOTTER,GAINSBOROUGH,WEST LINDSEY,LINCOLNSHIRE,Standard,Addition,53.4959830000,-0.6690850000
142000,2018-09-06 00:00:00Z,DN21 3SE,Detached,Established,Freehold,25,,MILL CRESCENT,SCOTTER,GAINSBOROUGH,WEST LINDSEY,LINCOLNSHIRE,Standard,Addition,53.4940920000,-0.6688580000
270000,2018-08-06 00:00:00Z,DN21 3SA,Detached,Established,Freehold,104,,HIGH STREET,SCOTTER,GAINSBOROUGH,WEST LINDSEY,LINCOLNSHIRE,Standard,Addition,53.4939420000,-0.6655500000
119950,2018-10-16 00:00:00Z,DN21 3SR,Semi-Detached,Established,Freehold,14,,COLINS WALK,SCOTTER,GAINSBOROUGH,WEST LINDSEY,LINCOLNSHIRE,Standard,Addition,53.4998400000,-0.6627230000
120000,2018-11-07 00:00:00Z,DN21 3SR,Semi-Detached,Established,Freehold,6,,COLINS WALK,SCOTTER,GAINSBOROUGH,WEST LINDSEY,LINCOLNSHIRE,Standard,Addition,53.4998400000,-0.6627230000
155000,2019-02-12 00:00:00Z,DN21 3UB,Detached,Established,Freehold,13,,GAINSBOROUGH ROAD,SCOTTER,GAINSBOROUGH,WEST LINDSEY,LINCOLNSHIRE,Standard,Addition,53.4972300000,-0.6688650000
132000,2019-11-15 00:00:00Z,DN21 3SR,Semi-Detached,Established,Freehold,5,,COLINS WALK,SCOTTER,GAINSBOROUGH,WEST LINDSEY,LINCOLNSHIRE,Standard,Addition,53.4998400000,-0.6627230000
123500,2019-05-22 00:00:00Z,DN21 3TZ,Semi-Detached,Established,Freehold,16,,POPLAR GROVE,SCOTTER,GAINSBOROUGH,WEST LINDSEY,LINCOLNSHIRE,Standard,Addition,53.4977550000,-0.6691960000
225000,2019-06-28 00:00:00Z,DN21 3TZ,Detached,Established,Freehold,13,,POPLAR GROVE,SCOTTER,GAINSBOROUGH,WEST LINDSEY,LINCOLNSHIRE,Standard,Addition,53.4977550000,-0.6691960000
342500,2019-03-22 00:00:00Z,DN21 3SW,Detached,Established,Freehold,23,,KIRTON ROAD,SCOTTER,GAINSBOROUGH,WEST LINDSEY,LINCOLNSHIRE,Standard,Addition,53.4994540000,-0.6620260000
375000,2019-09-13 00:00:00Z,DN21 3TN,Detached,Established,Freehold,49A,,HIGH STREET,SCOTTER,GAINSBOROUGH,WEST LINDSEY,LINCOLNSHIRE,Standard,Addition,53.4987910000,-0.6699510000
197000,2019-09-27 00:00:00Z,DN21 3SW,Semi-Detached,Established,Freehold,19,,KIRTON ROAD,SCOTTER,GAINSBOROUGH,WEST LINDSEY,LINCOLNSHIRE,Standard,Addition,53.4994540000,-0.6620260000
123000,2019-09-27 00:00:00Z,DN21 3UB,Semi-Detached,Established,Freehold,20,,GAINSBOROUGH ROAD,SCOTTER,GAINSBOROUGH,WEST LINDSEY,LINCOLNSHIRE,Standard,Addition,53.4972300000,-0.6688650000
159950,2019-09-30 00:00:00Z,DN21 3SG,Semi-Detached,Established,Freehold,12,,ST PETERS ROAD,SCOTTER,GAINSBOROUGH,WEST LINDSEY,LINCOLNSHIRE,Standard,Addition,53.4961610000,-0.6665320000
93500,2019-11-29 00:00:00Z,DN21 3TZ,Terraced,Established,Freehold,18,,POPLAR GROVE,SCOTTER,GAINSBOROUGH,WEST LINDSEY,LINCOLNSHIRE,Standard,Addition,53.4977550000,-0.6691960000
95000,2019-08-29 00:00:00Z,DN21 3TL,Other,Established,Freehold,81 - 83,,HIGH STREET,SCOTTER,GAINSBOROUGH,WEST LINDSEY,LINCOLNSHIRE,Additional,Addition,53.4978890000,-0.6667640000
215000,2020-12-01 00:00:00Z,DN21 3SG,Detached,Established,Freehold,15,,ST PETERS ROAD,SCOTTER,GAINSBOROUGH,WEST LINDSEY,LINCOLNSHIRE,Standard,Addition,53.4961610000,-0.6665320000
172000,2020-06-15 00:00:00Z,DN21 3SJ,Detached,Established,Freehold,5,,CECIL CLOSE,SCOTTER,GAINSBOROUGH,WEST LINDSEY,LINCOLNSHIRE,Standard,Addition,53.4952330000,-0.6663950000
100000,2020-11-13 00:00:00Z,DN21 3RX,Other,Established,Freehold,64,,HIGH STREET,SCOTTER,GAINSBOROUGH,WEST LINDSEY,LINCOLNSHIRE,Additional,Addition,53.4970000000,-0.6659930000
180550,2020-09-25 00:00:00Z,DN21 3RY,Semi-Detached,Established,Freehold,105B,,HIGH STREET,SCOTTER,GAINSBOROUGH,WEST LINDSEY,LINCOLNSHIRE,Standard,Addition,53.4957290000,-0.6648720000
237500,2020-09-18 00:00:00Z,DN21 3TG,Detached,Established,Freehold,2,,REVILLS CLOSE,SCOTTER,GAINSBOROUGH,WEST LINDSEY,LINCOLNSHIRE,Standard,Addition,53.4943590000,-0.6661820000
160500,2020-08-20 00:00:00Z,DN21 3UB,Detached,Established,Freehold,13,,GAINSBOROUGH ROAD,SCOTTER,GAINSBOROUGH,WEST LINDSEY,LINCOLNSHIRE,Standard,Addition,53.4972300000,-0.6688650000
310000,2020-08-28 00:00:00Z,DN21 3TY,Detached,Established,Freehold,8,,PINE TREE AVENUE,SCOTTER,GAINSBOROUGH,WEST LINDSEY,LINCOLNSHIRE,Standard,Addition,53.4964950000,-0.6699290000
315000,2020-09-03 00:00:00Z,DN21 3UR,Detached,Established,Freehold,2,,LINDHOLME,SCOTTER,GAINSBOROUGH,WEST LINDSEY,LINCOLNSHIRE,Standard,Addition,53.4972250000,-0.6628200000
228000,2020-05-01 00:00:00Z,DN21 3RL,Detached,Established,Freehold,15,,GAINSBOROUGH ROAD,SCOTTER,GAINSBOROUGH,WEST LINDSEY,LINCOLNSHIRE,Standard,Addition,53.4957760000,-0.6699360000
330000,2020-09-04 00:00:00Z,DN21 3SL,Detached,Established,Freehold,30,,ASTLEY CRESCENT,SCOTTER,GAINSBOROUGH,WEST LINDSEY,LINCOLNSHIRE,Standard,Addition,53.4955640000,-0.6679060000
340000,2020-09-23 00:00:00Z,DN21 3UD,Detached,Established,Freehold,SWANFIELD,,THE GREEN,SCOTTER,GAINSBOROUGH,WEST LINDSEY,LINCOLNSHIRE,Standard,Addition,53.4973620000,-0.6651110000
195000,2020-09-21 00:00:00Z,DN21 3SE,Detached,Established,Freehold,50,,MILL CRESCENT,SCOTTER,GAINSBOROUGH,WEST LINDSEY,LINCOLNSHIRE,Standard,Addition,53.4940920000,-0.6688580000
255000,2020-10-05 00:00:00Z,DN21 3UF,Detached,Established,Freehold,2,,CHERRY TREE RISE,SCOTTER,GAINSBOROUGH,WEST LINDSEY,LINCOLNSHIRE,Standard,Addition,53.4986950000,-0.6624420000
217500,2020-06-26 00:00:00Z,DN21 3UF,Detached,Established,Freehold,4,,CHERRY TREE RISE,SCOTTER,GAINSBOROUGH,WEST LINDSEY,LINCOLNSHIRE,Standard,Addition,53.4986950000,-0.6624420000
134000,2020-02-18 00:00:00Z,DN21 3SE,Semi-Detached,Established,Freehold,26,,MILL CRESCENT,SCOTTER,GAINSBOROUGH,WEST LINDSEY,LINCOLNSHIRE,Standard,Addition,53.4940920000,-0.6688580000
190000,2020-11-17 00:00:00Z,DN21 3SB,Detached,Established,Freehold,FIELDSIDE,,SCOTTON ROAD,SCOTTER,GAINSBOROUGH,WEST LINDSEY,LINCOLNSHIRE,Standard,Addition,53.4926750000,-0.6642450000
130000,2020-10-23 00:00:00Z,DN21 3TZ,Detached,Established,Freehold,14A,,POPLAR GROVE,SCOTTER,GAINSBOROUGH,WEST LINDSEY,LINCOLNSHIRE,Standard,Addition,53.4977550000,-0.6691960000
183093,2020-11-13 00:00:00Z,DN21 3SH,Detached,Established,Freehold,27,,ASTLEY CRESCENT,SCOTTER,GAINSBOROUGH,WEST LINDSEY,LINCOLNSHIRE,Standard,Addition,53.4959830000,-0.6690850000
280000,2020-12-07 00:00:00Z,DN21 3SH,Detached,Established,Freehold,51,,ASTLEY CRESCENT,SCOTTER,GAINSBOROUGH,WEST LINDSEY,LINCOLNSHIRE,Standard,Addition,53.4959830000,-0.6690850000
220000,2020-12-01 00:00:00Z,DN21 3TG,Detached,Established,Freehold,5,,REVILLS CLOSE,SCOTTER,GAINSBOROUGH,WEST LINDSEY,LINCOLNSHIRE,Standard,Addition,53.4943590000,-0.6661820000
180000,2020-12-04 00:00:00Z,DN21 3SL,Detached,Established,Freehold,6,,ASTLEY CRESCENT,SCOTTER,GAINSBOROUGH,WEST LINDSEY,LINCOLNSHIRE,Standard,Addition,53.4955640000,-0.6679060000
285000,2021-09-13 00:00:00Z,DN21 3UF,Detached,Established,Freehold,4,,CHERRY TREE RISE,SCOTTER,GAINSBOROUGH,WEST LINDSEY,LINCOLNSHIRE,Standard,Addition,53.4986950000,-0.6624420000
325000,2021-12-08 00:00:00Z,DN21 3UG,Detached,Established,Freehold,10,,RIVERSIDE,SCOTTER,GAINSBOROUGH,WEST LINDSEY,LINCOLNSHIRE,Standard,Addition,53.4990560000,-0.6641950000
74000,2021-02-01 00:00:00Z,DN21 3TL,Terraced,Established,Freehold,MANCHESTER HOUSE,6,HIGH STREET,SCOTTER,GAINSBOROUGH,WEST LINDSEY,LINCOLNSHIRE,Standard,Addition,53.4978890000,-0.6667640000
245000,2021-09-24 00:00:00Z,DN21 3RZ,Detached,Established,Freehold,3,,CHURCH LANE,SCOTTER,GAINSBOROUGH,WEST LINDSEY,LINCOLNSHIRE,Standard,Addition,53.4961500000,-0.6644250000
199995,2021-09-21 00:00:00Z,DN21 3SR,Detached,Established,Freehold,8,,COLINS WALK,SCOTTER,GAINSBOROUGH,WEST LINDSEY,LINCOLNSHIRE,Standard,Addition,53.4998400000,-0.6627230000
295000,2021-08-16 00:00:00Z,DN21 3SE,Detached,Established,Freehold,48,,MILL CRESCENT,SCOTTER,GAINSBOROUGH,WEST LINDSEY,LINCOLNSHIRE,Standard,Addition,53.4940920000,-0.6688580000
237500,2021-02-25 00:00:00Z,DN21 3TZ,Detached,Established,Freehold,11,,POPLAR GROVE,SCOTTER,GAINSBOROUGH,WEST LINDSEY,LINCOLNSHIRE,Standard,Addition,53.4977550000,-0.6691960000
182000,2021-09-28 00:00:00Z,DN21 3SN,Semi-Detached,Established,Freehold,2,,ST PETERS GROVE,SCOTTER,GAINSBOROUGH,WEST LINDSEY,LINCOLNSHIRE,Standard,Addition,53.4952330000,-0.6695460000
625000,2021-04-19 00:00:00Z,DN21 3SB,Other,Established,Freehold,HIGHFIELD HOUSE,,SCOTTON ROAD,SCOTTER,GAINSBOROUGH,WEST LINDSEY,LINCOLNSHIRE,Additional,Addition,53.4926750000,-0.6642450000
82500,2021-05-10 00:00:00Z,DN21 3TJ,Terraced,Established,Freehold,1,,PROSPECT COURT,SCOTTER,GAINSBOROUGH,WEST LINDSEY,LINCOLNSHIRE,Additional,Addition,53.4987230000,-0.6673560000
310000,2021-06-29 00:00:00Z,DN21 3SH,Detached,Established,Freehold,37,,ASTLEY CRESCENT,SCOTTER,GAINSBOROUGH,WEST LINDSEY,LINCOLNSHIRE,Standard,Addition,53.4959830000,-0.6690850000
322000,2021-09-28 00:00:00Z,DN21 3SH,Detached,Established,Freehold,55,,ASTLEY CRESCENT,SCOTTER,GAINSBOROUGH,WEST LINDSEY,LINCOLNSHIRE,Standard,Addition,53.4959830000,-0.6690850000
315000,2021-06-30 00:00:00Z,DN21 3UG,Detached,Established,Freehold,THE WILLOWS,,RIVERSIDE,SCOTTER,GAINSBOROUGH,WEST LINDSEY,LINCOLNSHIRE,Standard,Addition,53.4990560000,-0.6641950000
140000,2021-08-31 00:00:00Z,DN21 3SW,Semi-Detached,Established,Freehold,1,,KIRTON ROAD,SCOTTER,GAINSBOROUGH,WEST LINDSEY,LINCOLNSHIRE,Standard,Addition,53.4994540000,-0.6620260000
179950,2021-09-29 00:00:00Z,DN21 3SR,Semi-Detached,Established,Freehold,12,,COLINS WALK,SCOTTER,GAINSBOROUGH,WEST LINDSEY,LINCOLNSHIRE,Standard,Addition,53.4998400000,-0.6627230000
315000,2021-05-21 00:00:00Z,DN21 3UR,Detached,Established,Freehold,14,,LINDHOLME,SCOTTER,GAINSBOROUGH,WEST LINDSEY,LINCOLNSHIRE,Standard,Addition,53.4972250000,-0.6628200000
312000,2022-01-28 00:00:00Z,DN21 3SH,Detached,Established,Freehold,53,,ASTLEY CRESCENT,SCOTTER,GAINSBOROUGH,WEST LINDSEY,LINCOLNSHIRE,Standard,Addition,53.4959830000,-0.6690850000
