34000,1995-02-17 00:00:00Z,S5 0SB,Semi-Detached,Established,Freehold,67,,FIRCROFT AVENUE,SHEFFIELD,SHEFFIELD,SHEFFIELD,SOUTH YORKSHIRE,Standard,Addition,53.4276830000,-1.4444810000
28500,1995-11-30 00:00:00Z,S5 0TR,Terraced,Established,Freehold,166,,MASON LATHE ROAD,SHEFFIELD,SHEFFIELD,SHEFFIELD,SOUTH YORKSHIRE,Standard,Addition,53.4260760000,-1.4411000000
34750,1995-04-11 00:00:00Z,S5 6NL,Terraced,Established,Freehold,69,,SICEY AVENUE,SHEFFIELD,SHEFFIELD,SHEFFIELD,SOUTH YORKSHIRE,Standard,Addition,53.4230540000,-1.4484690000
35000,1995-03-31 00:00:00Z,S5 6AE,Semi-Detached,Established,Freehold,265,,SHIREGREEN LANE,SHEFFIELD,SHEFFIELD,SHEFFIELD,SOUTH YORKSHIRE,Standard,Addition,53.4229060000,-1.4416990000
15900,1995-09-01 00:00:00Z,S5 0RD,Terraced,Established,Leasehold,329,,BELLHOUSE ROAD,SHEFFIELD,SHEFFIELD,SHEFFIELD,SOUTH YORKSHIRE,Standard,Addition,53.4254650000,-1.4430500000
47750,1995-06-01 00:00:00Z,S5 0TA,Detached,Established,Freehold,31,,OAKS LANE,SHEFFIELD,SHEFFIELD,SHEFFIELD,SOUTH YORKSHIRE,Standard,Addition,53.4256480000,-1.4417380000
12250,1995-04-25 00:00:00Z,S5 0RD,Terraced,Established,Freehold,301,,BELLHOUSE ROAD,SHEFFIELD,SHEFFIELD,SHEFFIELD,SOUTH YORKSHIRE,Standard,Addition,53.4254650000,-1.4430500000
35000,1995-05-03 00:00:00Z,S5 0RE,Semi-Detached,Established,Freehold,350,,BELLHOUSE ROAD,SHEFFIELD,SHEFFIELD,SHEFFIELD,SOUTH YORKSHIRE,Standard,Addition,53.4251310000,-1.4426480000
30000,1995-07-20 00:00:00Z,S5 6NL,Terraced,Established,Freehold,61,,SICEY AVENUE,SHEFFIELD,SHEFFIELD,SHEFFIELD,SOUTH YORKSHIRE,Standard,Addition,53.4230540000,-1.4484690000
14000,1995-02-09 00:00:00Z,S5 0RE,Terraced,Established,Leasehold,304,,BELLHOUSE ROAD,SHEFFIELD,SHEFFIELD,SHEFFIELD,SOUTH YORKSHIRE,Standard,Addition,53.4251310000,-1.4426480000
29000,1995-12-18 00:00:00Z,S5 0RD,Semi-Detached,Established,Leasehold,313,,BELLHOUSE ROAD,SHEFFIELD,SHEFFIELD,SHEFFIELD,SOUTH YORKSHIRE,Standard,Addition,53.4254650000,-1.4430500000
9000,1995-11-24 00:00:00Z,S5 6NN,Flats/Maisonettes,Established,Leasehold,56A,,SICEY AVENUE,SHEFFIELD,SHEFFIELD,SHEFFIELD,SOUTH YORKSHIRE,Standard,Addition,53.4217450000,-1.4471610000
59450,1995-06-23 00:00:00Z,S5 0RF,Detached,Established,Freehold,476,,BELLHOUSE ROAD,SHEFFIELD,SHEFFIELD,SHEFFIELD,SOUTH YORKSHIRE,Standard,Addition,53.4276890000,-1.4419220000
30150,1995-04-07 00:00:00Z,S5 0RE,Terraced,Established,Leasehold,352,,BELLHOUSE ROAD,SHEFFIELD,SHEFFIELD,SHEFFIELD,SOUTH YORKSHIRE,Standard,Addition,53.4251310000,-1.4426480000
29000,1995-12-01 00:00:00Z,S5 0TA,Semi-Detached,Established,Freehold,11,,OAKS LANE,SHEFFIELD,SHEFFIELD,SHEFFIELD,SOUTH YORKSHIRE,Standard,Addition,53.4256480000,-1.4417380000
32500,1995-05-26 00:00:00Z,S5 6HZ,Terraced,Established,Freehold,120,,HATFIELD HOUSE LANE,SHEFFIELD,SHEFFIELD,SHEFFIELD,SOUTH YORKSHIRE,Standard,Addition,53.4240450000,-1.4469810000
12700,1995-12-04 00:00:00Z,S5 0RE,Terraced,Established,Leasehold,302,,BELLHOUSE ROAD,,SHEFFIELD,SHEFFIELD,SOUTH YORKSHIRE,Standard,Addition,53.4251310000,-1.4426480000
5000,1995-09-08 00:00:00Z,S5 6HT,Semi-Detached,Established,Freehold,270,,BELLHOUSE ROAD,,SHEFFIELD,SHEFFIELD,SOUTH YORKSHIRE,Standard,Addition,53.4223020000,-1.4433170000
31950,1995-07-14 00:00:00Z,S5 0RH,Semi-Detached,Established,Freehold,167,,SICEY AVENUE,SHEFFIELD,SHEFFIELD,SHEFFIELD,SOUTH YORKSHIRE,Standard,Addition,53.4256970000,-1.4483740000
37000,1995-10-31 00:00:00Z,S5 0TJ,Terraced,Established,Freehold,159,,OAKS FOLD ROAD,SHEFFIELD,SHEFFIELD,SHEFFIELD,SOUTH YORKSHIRE,Standard,Addition,53.4264850000,-1.4400570000
35000,1995-04-21 00:00:00Z,S5 0RF,Terraced,Established,Leasehold,444,,BELLHOUSE ROAD,SHEFFIELD,SHEFFIELD,SHEFFIELD,SOUTH YORKSHIRE,Standard,Addition,53.4276890000,-1.4419220000
31500,1995-01-06 00:00:00Z,S5 0RF,Terraced,Established,Freehold,462,,BELLHOUSE ROAD,SHEFFIELD,SHEFFIELD,SHEFFIELD,SOUTH YORKSHIRE,Standard,Addition,53.4276890000,-1.4419220000
28500,1995-12-08 00:00:00Z,S5 0RE,Terraced,Established,Leasehold,306,,BELLHOUSE ROAD,SHEFFIELD,SHEFFIELD,SHEFFIELD,SOUTH YORKSHIRE,Standard,Addition,53.4251310000,-1.4426480000
83000,1995-12-04 00:00:00Z,S5 0TA,Detached,Established,Freehold,11A,,OAKS LANE,SHEFFIELD,SHEFFIELD,SHEFFIELD,SOUTH YORKSHIRE,Standard,Addition,53.4256480000,-1.4417380000
31750,1995-03-30 00:00:00Z,S5 0RE,Terraced,Established,Leasehold,344,,BELLHOUSE ROAD,SHEFFIELD,SHEFFIELD,SHEFFIELD,SOUTH YORKSHIRE,Standard,Addition,53.4251310000,-1.4426480000
38000,1996-10-11 00:00:00Z,S5 0TA,Terraced,Established,Freehold,17,,OAKS LANE,SHEFFIELD,SHEFFIELD,SHEFFIELD,SOUTH YORKSHIRE,Standard,Addition,53.4256480000,-1.4417380000
34000,1996-08-16 00:00:00Z,S5 0RD,Terraced,Established,Freehold,321,,BELLHOUSE ROAD,SHEFFIELD,SHEFFIELD,SHEFFIELD,SOUTH YORKSHIRE,Standard,Addition,53.4254650000,-1.4430500000
10000,1996-03-05 00:00:00Z,S5 6NN,Terraced,New Build,Leasehold,68,,SICEY AVENUE,SHEFFIELD,SHEFFIELD,SHEFFIELD,SOUTH YORKSHIRE,Standard,Addition,53.4217450000,-1.4471610000
25500,1996-12-06 00:00:00Z,S5 0TB,Terraced,Established,Freehold,16,,OAKS FOLD AVENUE,SHEFFIELD,SHEFFIELD,SHEFFIELD,SOUTH YORKSHIRE,Standard,Addition,53.4265510000,-1.4407480000
32000,1996-11-01 00:00:00Z,S5 0SD,Semi-Detached,Established,Freehold,64,,FIRCROFT AVENUE,SHEFFIELD,SHEFFIELD,SHEFFIELD,SOUTH YORKSHIRE,Standard,Addition,53.4265880000,-1.4447510000
25000,1996-04-26 00:00:00Z,S5 0RW,Terraced,Established,Freehold,46,,GREGG HOUSE CRESCENT,SHEFFIELD,SHEFFIELD,SHEFFIELD,SOUTH YORKSHIRE,Standard,Addition,53.4280030000,-1.4457260000
57500,1996-07-26 00:00:00Z,S5 0TA,Detached,Established,Freehold,31,,OAKS LANE,SHEFFIELD,SHEFFIELD,SHEFFIELD,SOUTH YORKSHIRE,Standard,Addition,53.4256480000,-1.4417380000
19000,1996-10-26 00:00:00Z,S5 6NN,Terraced,New Build,Leasehold,52,,SICEY AVENUE,SHEFFIELD,SHEFFIELD,SHEFFIELD,SOUTH YORKSHIRE,Standard,Addition,53.4217450000,-1.4471610000
27500,1996-06-10 00:00:00Z,S5 6HT,Terraced,Established,Leasehold,216,,BELLHOUSE ROAD,SHEFFIELD,SHEFFIELD,SHEFFIELD,SOUTH YORKSHIRE,Standard,Addition,53.4223020000,-1.4433170000
24950,1996-11-01 00:00:00Z,S5 6HY,Terraced,Established,Freehold,285,,HATFIELD HOUSE LANE,SHEFFIELD,SHEFFIELD,SHEFFIELD,SOUTH YORKSHIRE,Standard,Addition,53.4243760000,-1.4446290000
41000,1996-11-29 00:00:00Z,S5 0RF,Semi-Detached,Established,Freehold,484,,BELLHOUSE ROAD,SHEFFIELD,SHEFFIELD,SHEFFIELD,SOUTH YORKSHIRE,Standard,Addition,53.4276890000,-1.4419220000
31000,1996-11-08 00:00:00Z,S5 0RY,Terraced,Established,Freehold,72,,FIRCROFT ROAD,SHEFFIELD,SHEFFIELD,SHEFFIELD,SOUTH YORKSHIRE,Standard,Addition,53.4295710000,-1.4425900000
27000,1996-07-12 00:00:00Z,S5 6HT,Terraced,Established,Leasehold,200,,BELLHOUSE ROAD,SHEFFIELD,SHEFFIELD,SHEFFIELD,SOUTH YORKSHIRE,Standard,Addition,53.4223020000,-1.4433170000
18500,1996-11-29 00:00:00Z,S5 0RD,Terraced,Established,Freehold,363,,BELLHOUSE ROAD,SHEFFIELD,SHEFFIELD,SHEFFIELD,SOUTH YORKSHIRE,Standard,Addition,53.4254650000,-1.4430500000
29500,1996-10-18 00:00:00Z,S5 6HT,Terraced,Established,Leasehold,212,,BELLHOUSE ROAD,SHEFFIELD,SHEFFIELD,SHEFFIELD,SOUTH YORKSHIRE,Standard,Addition,53.4223020000,-1.4433170000
18000,1996-04-16 00:00:00Z,S5 0SB,Semi-Detached,Established,Freehold,50,,FIRCROFT AVENUE,SHEFFIELD,SHEFFIELD,SHEFFIELD,SOUTH YORKSHIRE,Standard,Addition,53.4276830000,-1.4444810000
18500,1997-12-05 00:00:00Z,S5 6NN,Semi-Detached,Established,Leasehold,58,,SICEY AVENUE,SHEFFIELD,SHEFFIELD,SHEFFIELD,SOUTH YORKSHIRE,Standard,Addition,53.4217450000,-1.4471610000
17000,1997-10-13 00:00:00Z,S5 0JP,Semi-Detached,Established,Freehold,348,,SHIREHALL ROAD,SHEFFIELD,SHEFFIELD,SHEFFIELD,SOUTH YORKSHIRE,Standard,Addition,53.4287090000,-1.4487110000
33000,1997-12-19 00:00:00Z,S5 6HT,Terraced,Established,Freehold,266,,BELLHOUSE ROAD,SHEFFIELD,SHEFFIELD,SHEFFIELD,SOUTH YORKSHIRE,Standard,Addition,53.4223020000,-1.4433170000
27262,1997-01-27 00:00:00Z,S5 0JW,Terraced,Established,Freehold,89,,GREGG HOUSE ROAD,SHEFFIELD,SHEFFIELD,SHEFFIELD,SOUTH YORKSHIRE,Standard,Addition,53.4279050000,-1.4497450000
39000,1997-10-31 00:00:00Z,S5 6NN,Terraced,Established,Leasehold,52,,SICEY AVENUE,SHEFFIELD,SHEFFIELD,SHEFFIELD,SOUTH YORKSHIRE,Standard,Addition,53.4217450000,-1.4471610000
15280,1997-03-24 00:00:00Z,S5 0JW,Terraced,Established,Freehold,77,,GREGG HOUSE ROAD,SHEFFIELD,SHEFFIELD,SHEFFIELD,SOUTH YORKSHIRE,Standard,Addition,53.4279050000,-1.4497450000
22500,1997-08-29 00:00:00Z,S5 0RR,Semi-Detached,Established,Freehold,2,,SICEY LANE,SHEFFIELD,SHEFFIELD,SHEFFIELD,SOUTH YORKSHIRE,Standard,Addition,53.4298300000,-1.4461840000
22000,1997-02-24 00:00:00Z,S5 6NN,Semi-Detached,Established,Freehold,36,,SICEY AVENUE,SHEFFIELD,SHEFFIELD,SHEFFIELD,SOUTH YORKSHIRE,Standard,Addition,53.4217450000,-1.4471610000
26000,1997-08-08 00:00:00Z,S5 0NE,Semi-Detached,Established,Freehold,11,,HOMESTEAD CLOSE,SHEFFIELD,SHEFFIELD,SHEFFIELD,SOUTH YORKSHIRE,Standard,Addition,53.4273020000,-1.4495870000
30000,1997-04-30 00:00:00Z,S5 6HY,Terraced,Established,Leasehold,303,,HATFIELD HOUSE LANE,SHEFFIELD,SHEFFIELD,SHEFFIELD,SOUTH YORKSHIRE,Standard,Addition,53.4243760000,-1.4446290000
27500,1997-05-16 00:00:00Z,S5 6HT,Terraced,Established,Leasehold,214,,BELLHOUSE ROAD,SHEFFIELD,SHEFFIELD,SHEFFIELD,SOUTH YORKSHIRE,Standard,Addition,53.4223020000,-1.4433170000
25000,1997-11-28 00:00:00Z,S5 6NN,Terraced,Established,Leasehold,68,,SICEY AVENUE,SHEFFIELD,SHEFFIELD,SHEFFIELD,SOUTH YORKSHIRE,Standard,Addition,53.4217450000,-1.4471610000
35950,1997-10-31 00:00:00Z,S5 0ND,Semi-Detached,Established,Freehold,122,,HOMESTEAD ROAD,SHEFFIELD,SHEFFIELD,SHEFFIELD,SOUTH YORKSHIRE,Standard,Addition,53.4268220000,-1.4486610000
35000,1997-05-30 00:00:00Z,S5 0RE,Semi-Detached,Established,Freehold,350,,BELLHOUSE ROAD,SHEFFIELD,SHEFFIELD,SHEFFIELD,SOUTH YORKSHIRE,Standard,Addition,53.4251310000,-1.4426480000
30000,1997-10-27 00:00:00Z,S5 0JP,Semi-Detached,Established,Freehold,362,,SHIREHALL ROAD,SHEFFIELD,SHEFFIELD,SHEFFIELD,SOUTH YORKSHIRE,Standard,Addition,53.4287090000,-1.4487110000
21950,1997-09-09 00:00:00Z,S5 0JP,Semi-Detached,Established,Freehold,372,,SHIREHALL ROAD,SHEFFIELD,SHEFFIELD,SHEFFIELD,SOUTH YORKSHIRE,Standard,Addition,53.4287090000,-1.4487110000
19999,1997-05-06 00:00:00Z,S5 0RD,Terraced,Established,Freehold,307,,BELLHOUSE ROAD,SHEFFIELD,SHEFFIELD,SHEFFIELD,SOUTH YORKSHIRE,Standard,Addition,53.4254650000,-1.4430500000
19999,1997-05-06 00:00:00Z,S5 0RD,Terraced,Established,Leasehold,307,,BELLHOUSE ROAD,SHEFFIELD,SHEFFIELD,SHEFFIELD,SOUTH YORKSHIRE,Standard,Addition,53.4254650000,-1.4430500000
31000,1997-04-07 00:00:00Z,S5 0RZ,Semi-Detached,Established,Freehold,111,,FIRCROFT ROAD,SHEFFIELD,SHEFFIELD,SHEFFIELD,SOUTH YORKSHIRE,Standard,Addition,53.4295640000,-1.4430410000
32000,1997-08-28 00:00:00Z,S5 0RD,Terraced,Established,Leasehold,309,,BELLHOUSE ROAD,SHEFFIELD,SHEFFIELD,SHEFFIELD,SOUTH YORKSHIRE,Standard,Addition,53.4254650000,-1.4430500000
18750,1997-11-28 00:00:00Z,S5 6NN,Terraced,New Build,Leasehold,68,,SICEY AVENUE,SHEFFIELD,SHEFFIELD,SHEFFIELD,SOUTH YORKSHIRE,Standard,Addition,53.4217450000,-1.4471610000
17750,1998-01-09 00:00:00Z,S5 0TR,Semi-Detached,Established,Freehold,184,,MASON LATHE ROAD,SHEFFIELD,SHEFFIELD,SHEFFIELD,SOUTH YORKSHIRE,Standard,Addition,53.4260760000,-1.4411000000
33000,1998-11-06 00:00:00Z,S5 0JP,Semi-Detached,Established,Freehold,215,,SHIREHALL ROAD,SHEFFIELD,SHEFFIELD,SHEFFIELD,SOUTH YORKSHIRE,Standard,Addition,53.4287090000,-1.4487110000
26850,1998-06-10 00:00:00Z,S5 6NL,Semi-Detached,Established,Freehold,53,,SICEY AVENUE,SHEFFIELD,SHEFFIELD,SHEFFIELD,SOUTH YORKSHIRE,Standard,Addition,53.4230540000,-1.4484690000
29950,1998-07-10 00:00:00Z,S5 6NL,Semi-Detached,Established,Freehold,91,,SICEY AVENUE,SHEFFIELD,SHEFFIELD,SHEFFIELD,SOUTH YORKSHIRE,Standard,Addition,53.4230540000,-1.4484690000
34100,1998-01-23 00:00:00Z,S5 6AE,Semi-Detached,Established,Freehold,265,,SHIREGREEN LANE,SHEFFIELD,SHEFFIELD,SHEFFIELD,SOUTH YORKSHIRE,Standard,Addition,53.4229060000,-1.4416990000
38000,1998-11-27 00:00:00Z,S5 0RE,Terraced,Established,Freehold,346,,BELLHOUSE ROAD,SHEFFIELD,SHEFFIELD,SHEFFIELD,SOUTH YORKSHIRE,Standard,Addition,53.4251310000,-1.4426480000
15000,1998-11-20 00:00:00Z,S5 0RP,Semi-Detached,Established,Freehold,194,,SICEY AVENUE,SHEFFIELD,SHEFFIELD,SHEFFIELD,SOUTH YORKSHIRE,Standard,Addition,53.4284360000,-1.4458710000
21000,1998-09-29 00:00:00Z,S5 0RE,Terraced,Established,Freehold,382,,BELLHOUSE ROAD,SHEFFIELD,SHEFFIELD,SHEFFIELD,SOUTH YORKSHIRE,Standard,Addition,53.4251310000,-1.4426480000
33685,1998-02-06 00:00:00Z,S5 0JS,Terraced,Established,Freehold,17,,GREGG HOUSE ROAD,SHEFFIELD,SHEFFIELD,SHEFFIELD,SOUTH YORKSHIRE,Standard,Addition,53.4266730000,-1.4438770000
31500,1998-03-31 00:00:00Z,S5 0JS,Semi-Detached,Established,Freehold,21,,GREGG HOUSE ROAD,SHEFFIELD,SHEFFIELD,SHEFFIELD,SOUTH YORKSHIRE,Standard,Addition,53.4266730000,-1.4438770000
25000,1998-08-07 00:00:00Z,S5 0RY,Semi-Detached,Established,Freehold,112,,FIRCROFT ROAD,SHEFFIELD,SHEFFIELD,SHEFFIELD,SOUTH YORKSHIRE,Standard,Addition,53.4295710000,-1.4425900000
21000,1998-11-27 00:00:00Z,S5 0JP,Semi-Detached,Established,Freehold,358,,SHIREHALL ROAD,SHEFFIELD,SHEFFIELD,SHEFFIELD,SOUTH YORKSHIRE,Standard,Addition,53.4287090000,-1.4487110000
40000,1999-05-24 00:00:00Z,S5 0RF,Semi-Detached,Established,Freehold,416,,BELLHOUSE ROAD,,SHEFFIELD,SHEFFIELD,SOUTH YORKSHIRE,Standard,Addition,53.4276890000,-1.4419220000
21000,1999-12-17 00:00:00Z,S5 0JP,Semi-Detached,Established,Freehold,183,,SHIREHALL ROAD,,SHEFFIELD,SHEFFIELD,SOUTH YORKSHIRE,Standard,Addition,53.4287090000,-1.4487110000
45595,1999-12-17 00:00:00Z,S5 6AE,Semi-Detached,Established,Leasehold,273,,SHIREGREEN LANE,,SHEFFIELD,SHEFFIELD,SOUTH YORKSHIRE,Standard,Addition,53.4229060000,-1.4416990000
44000,1999-09-01 00:00:00Z,S5 0RE,Semi-Detached,Established,Freehold,360,,BELLHOUSE ROAD,,SHEFFIELD,SHEFFIELD,SOUTH YORKSHIRE,Standard,Addition,53.4251310000,-1.4426480000
21000,1999-10-15 00:00:00Z,S5 0JP,Semi-Detached,Established,Freehold,183,,SHIREHALL ROAD,,SHEFFIELD,SHEFFIELD,SOUTH YORKSHIRE,Standard,Addition,53.4287090000,-1.4487110000
31500,1999-01-25 00:00:00Z,S5 0TB,Semi-Detached,Established,Freehold,9,,OAKS FOLD AVENUE,,SHEFFIELD,SHEFFIELD,SOUTH YORKSHIRE,Standard,Addition,53.4265510000,-1.4407480000
25000,1999-01-22 00:00:00Z,S5 0RF,Semi-Detached,Established,Freehold,458,,BELLHOUSE ROAD,,SHEFFIELD,SHEFFIELD,SOUTH YORKSHIRE,Standard,Addition,53.4276890000,-1.4419220000
65000,1999-12-09 00:00:00Z,S5 0TA,Detached,Established,Freehold,11A,,OAKS LANE,,SHEFFIELD,SHEFFIELD,SOUTH YORKSHIRE,Standard,Addition,53.4256480000,-1.4417380000
24500,1999-10-08 00:00:00Z,S5 0RU,Semi-Detached,Established,Freehold,5,,GREGG HOUSE CRESCENT,,SHEFFIELD,SHEFFIELD,SOUTH YORKSHIRE,Standard,Addition,53.4283060000,-1.4430430000
28950,1999-08-20 00:00:00Z,S5 0RY,Terraced,Established,Freehold,58,,FIRCROFT ROAD,,SHEFFIELD,SHEFFIELD,SOUTH YORKSHIRE,Standard,Addition,53.4295710000,-1.4425900000
13250,1999-06-15 00:00:00Z,S5 0RD,Terraced,Established,Leasehold,331,,BELLHOUSE ROAD,,SHEFFIELD,SHEFFIELD,SOUTH YORKSHIRE,Standard,Addition,53.4254650000,-1.4430500000
25000,1999-04-19 00:00:00Z,S5 6HT,Terraced,Established,Leasehold,234,,BELLHOUSE ROAD,,SHEFFIELD,SHEFFIELD,SOUTH YORKSHIRE,Standard,Addition,53.4223020000,-1.4433170000
45000,1999-03-17 00:00:00Z,S5 0RH,Terraced,Established,Leasehold,101A,,SICEY AVENUE,,SHEFFIELD,SHEFFIELD,SOUTH YORKSHIRE,Standard,Addition,53.4256970000,-1.4483740000
32000,1999-04-16 00:00:00Z,S5 6HT,Semi-Detached,Established,Leasehold,250,,BELLHOUSE ROAD,,SHEFFIELD,SHEFFIELD,SOUTH YORKSHIRE,Standard,Addition,53.4223020000,-1.4433170000
31950,1999-03-31 00:00:00Z,S5 6LX,Terraced,Established,Freehold,23,,FAIRTHORN ROAD,,SHEFFIELD,SHEFFIELD,SOUTH YORKSHIRE,Standard,Addition,53.4212390000,-1.4484770000
29950,1999-12-16 00:00:00Z,S5 0RP,Semi-Detached,Established,Freehold,196,,SICEY AVENUE,,SHEFFIELD,SHEFFIELD,SOUTH YORKSHIRE,Standard,Addition,53.4284360000,-1.4458710000
34000,1999-02-12 00:00:00Z,S5 0RR,Semi-Detached,Established,Freehold,1,,SICEY LANE,,SHEFFIELD,SHEFFIELD,SOUTH YORKSHIRE,Standard,Addition,53.4298300000,-1.4461840000
13000,1999-06-24 00:00:00Z,S5 0RF,Terraced,Established,Freehold,438,,BELLHOUSE ROAD,,SHEFFIELD,SHEFFIELD,SOUTH YORKSHIRE,Standard,Addition,53.4276890000,-1.4419220000
29950,1999-05-21 00:00:00Z,S5 6FQ,Terraced,Established,Freehold,171,,FOXGLOVE ROAD,,SHEFFIELD,SHEFFIELD,SOUTH YORKSHIRE,Standard,Addition,53.4207650000,-1.4412450000
26500,1999-11-12 00:00:00Z,S5 0RE,Semi-Detached,Established,Freehold,394,,BELLHOUSE ROAD,,SHEFFIELD,SHEFFIELD,SOUTH YORKSHIRE,Standard,Addition,53.4251310000,-1.4426480000
19000,1999-01-14 00:00:00Z,S5 0RE,Terraced,Established,Leasehold,326,,BELLHOUSE ROAD,,SHEFFIELD,SHEFFIELD,SOUTH YORKSHIRE,Standard,Addition,53.4251310000,-1.4426480000
21500,1999-09-03 00:00:00Z,S5 6NB,Terraced,Established,Freehold,3,,NESFIELD WAY,,SHEFFIELD,SHEFFIELD,SOUTH YORKSHIRE,Standard,Addition,53.4228690000,-1.4492420000
32500,1999-01-22 00:00:00Z,S5 0RF,Terraced,Established,Freehold,434,,BELLHOUSE ROAD,,SHEFFIELD,SHEFFIELD,SOUTH YORKSHIRE,Standard,Addition,53.4276890000,-1.4419220000
23500,1999-10-18 00:00:00Z,S5 0RE,Terraced,Established,Leasehold,302,,BELLHOUSE ROAD,,SHEFFIELD,SHEFFIELD,SOUTH YORKSHIRE,Standard,Addition,53.4251310000,-1.4426480000
29000,1999-09-03 00:00:00Z,S5 0RP,Semi-Detached,Established,Freehold,194,,SICEY AVENUE,,SHEFFIELD,SHEFFIELD,SOUTH YORKSHIRE,Standard,Addition,53.4284360000,-1.4458710000
26000,1999-09-06 00:00:00Z,S5 0TQ,Semi-Detached,Established,Freehold,165,,MASON LATHE ROAD,,SHEFFIELD,SHEFFIELD,SOUTH YORKSHIRE,Standard,Addition,53.4278730000,-1.4408060000
18250,1999-01-22 00:00:00Z,S5 0TB,Semi-Detached,Established,Freehold,9,,OAKS FOLD AVENUE,,SHEFFIELD,SHEFFIELD,SOUTH YORKSHIRE,Standard,Addition,53.4265510000,-1.4407480000
15000,1999-06-18 00:00:00Z,S5 0RZ,Terraced,Established,Freehold,63,,FIRCROFT ROAD,,SHEFFIELD,SHEFFIELD,SOUTH YORKSHIRE,Standard,Addition,53.4295640000,-1.4430410000
33750,2000-01-28 00:00:00Z,S5 0TQ,Semi-Detached,Established,Freehold,130,,MASON LATHE ROAD,,SHEFFIELD,SHEFFIELD,SOUTH YORKSHIRE,Standard,Addition,53.4278730000,-1.4408060000
36000,2000-04-25 00:00:00Z,S5 0RE,Terraced,Established,Leasehold,352,,BELLHOUSE ROAD,,SHEFFIELD,SHEFFIELD,SOUTH YORKSHIRE,Standard,Addition,53.4251310000,-1.4426480000
14560,2000-05-08 00:00:00Z,S5 0RP,Semi-Detached,Established,Freehold,212,,SICEY AVENUE,,SHEFFIELD,SHEFFIELD,SOUTH YORKSHIRE,Standard,Addition,53.4284360000,-1.4458710000
21000,2000-05-02 00:00:00Z,S5 0JH,Terraced,Established,Freehold,50,,WHEATFIELD CRESCENT,,SHEFFIELD,SHEFFIELD,SOUTH YORKSHIRE,Standard,Addition,53.4292090000,-1.4478170000
29000,2000-10-27 00:00:00Z,S5 0TB,Semi-Detached,Established,Freehold,6,,OAKS FOLD AVENUE,,SHEFFIELD,SHEFFIELD,SOUTH YORKSHIRE,Standard,Addition,53.4265510000,-1.4407480000
34600,2000-12-04 00:00:00Z,S5 0RE,Terraced,Established,Freehold,388,,BELLHOUSE ROAD,,SHEFFIELD,SHEFFIELD,SOUTH YORKSHIRE,Standard,Addition,53.4251310000,-1.4426480000
27500,2000-10-17 00:00:00Z,S5 0TB,Terraced,Established,Freehold,16,,OAKS FOLD AVENUE,,SHEFFIELD,SHEFFIELD,SOUTH YORKSHIRE,Standard,Addition,53.4265510000,-1.4407480000
18000,2000-07-14 00:00:00Z,S5 0JW,Semi-Detached,Established,Freehold,103,,GREGG HOUSE ROAD,,SHEFFIELD,SHEFFIELD,SOUTH YORKSHIRE,Standard,Addition,53.4279050000,-1.4497450000
27000,2000-09-11 00:00:00Z,S5 0TJ,Terraced,Established,Freehold,153,,OAKS FOLD ROAD,,SHEFFIELD,SHEFFIELD,SOUTH YORKSHIRE,Standard,Addition,53.4264850000,-1.4400570000
45500,2000-02-22 00:00:00Z,S5 6HY,Semi-Detached,Established,Freehold,THE MONEY SHOP,,HATFIELD HOUSE LANE,,SHEFFIELD,SHEFFIELD,SOUTH YORKSHIRE,Standard,Addition,53.4243760000,-1.4446290000
26000,2000-01-26 00:00:00Z,S5 0TJ,Semi-Detached,Established,Freehold,162,,OAKS FOLD ROAD,,SHEFFIELD,SHEFFIELD,SOUTH YORKSHIRE,Standard,Addition,53.4264850000,-1.4400570000
24500,2000-09-22 00:00:00Z,S5 0JP,Semi-Detached,Established,Freehold,177,,SHIREHALL ROAD,,SHEFFIELD,SHEFFIELD,SOUTH YORKSHIRE,Standard,Addition,53.4287090000,-1.4487110000
29000,2000-02-04 00:00:00Z,S5 0NF,Semi-Detached,Established,Freehold,3,,MOLINEAUX CLOSE,,SHEFFIELD,SHEFFIELD,SOUTH YORKSHIRE,Standard,Addition,53.4260310000,-1.4488810000
18750,2000-08-31 00:00:00Z,S5 0JP,Semi-Detached,Established,Leasehold,368,,SHIREHALL ROAD,,SHEFFIELD,SHEFFIELD,SOUTH YORKSHIRE,Standard,Addition,53.4287090000,-1.4487110000
42950,2000-07-27 00:00:00Z,S5 0RW,Terraced,Established,Freehold,46,,GREGG HOUSE CRESCENT,,SHEFFIELD,SHEFFIELD,SOUTH YORKSHIRE,Standard,Addition,53.4280030000,-1.4457260000
33950,2000-08-22 00:00:00Z,S5 0RD,Terraced,Established,Freehold,305,,BELLHOUSE ROAD,,SHEFFIELD,SHEFFIELD,SOUTH YORKSHIRE,Standard,Addition,53.4254650000,-1.4430500000
22000,2000-06-09 00:00:00Z,S5 0RN,Semi-Detached,Established,Freehold,184,,SICEY AVENUE,,SHEFFIELD,SHEFFIELD,SOUTH YORKSHIRE,Standard,Addition,53.4262500000,-1.4475240000
13000,2000-06-09 00:00:00Z,S5 0RD,Terraced,Established,Freehold,299,,BELLHOUSE ROAD,,SHEFFIELD,SHEFFIELD,SOUTH YORKSHIRE,Standard,Addition,53.4254650000,-1.4430500000
38500,2000-12-04 00:00:00Z,S5 0RE,Terraced,Established,Freehold,404,,BELLHOUSE ROAD,,SHEFFIELD,SHEFFIELD,SOUTH YORKSHIRE,Standard,Addition,53.4251310000,-1.4426480000
31950,2000-11-02 00:00:00Z,S5 6LB,Terraced,Established,Freehold,45,,TORKSEY ROAD,,SHEFFIELD,SHEFFIELD,SOUTH YORKSHIRE,Standard,Addition,53.4232190000,-1.4451710000
34950,2000-12-15 00:00:00Z,S5 0NE,Detached,Established,Freehold,5,,HOMESTEAD CLOSE,,SHEFFIELD,SHEFFIELD,SOUTH YORKSHIRE,Standard,Addition,53.4273020000,-1.4495870000
33950,2000-07-31 00:00:00Z,S5 0RE,Terraced,Established,Leasehold,340,,BELLHOUSE ROAD,,SHEFFIELD,SHEFFIELD,SOUTH YORKSHIRE,Standard,Addition,53.4251310000,-1.4426480000
13500,2000-01-17 00:00:00Z,S5 6HT,Terraced,Established,Freehold,206,,BELLHOUSE ROAD,,SHEFFIELD,SHEFFIELD,SOUTH YORKSHIRE,Standard,Addition,53.4223020000,-1.4433170000
15000,2000-03-31 00:00:00Z,S5 0JH,Semi-Detached,Established,Freehold,26,,WHEATFIELD CRESCENT,,SHEFFIELD,SHEFFIELD,SOUTH YORKSHIRE,Standard,Addition,53.4292090000,-1.4478170000
24500,2001-12-21 00:00:00Z,S5 0RS,Terraced,Established,Freehold,3,,SHIREGREEN TERRACE,SHEFFIELD,SHEFFIELD,SHEFFIELD,SOUTH YORKSHIRE,Standard,Addition,53.4257960000,-1.4467180000
40600,2001-09-14 00:00:00Z,S5 0TJ,Terraced,Established,Freehold,159,,OAKS FOLD ROAD,SHEFFIELD,SHEFFIELD,SHEFFIELD,SOUTH YORKSHIRE,Standard,Addition,53.4264850000,-1.4400570000
47995,2001-03-02 00:00:00Z,S5 6AE,Semi-Detached,Established,Freehold,265,,SHIREGREEN LANE,SHEFFIELD,SHEFFIELD,SHEFFIELD,SOUTH YORKSHIRE,Standard,Addition,53.4229060000,-1.4416990000
46000,2001-05-25 00:00:00Z,S5 0RF,Detached,Established,Freehold,472,,BELLHOUSE ROAD,SHEFFIELD,SHEFFIELD,SHEFFIELD,SOUTH YORKSHIRE,Standard,Addition,53.4276890000,-1.4419220000
35950,2001-08-24 00:00:00Z,S5 0RE,Terraced,Established,Freehold,346,,BELLHOUSE ROAD,SHEFFIELD,SHEFFIELD,SHEFFIELD,SOUTH YORKSHIRE,Standard,Addition,53.4251310000,-1.4426480000
35000,2001-07-13 00:00:00Z,S5 0RE,Semi-Detached,Established,Freehold,348,,BELLHOUSE ROAD,SHEFFIELD,SHEFFIELD,SHEFFIELD,SOUTH YORKSHIRE,Standard,Addition,53.4251310000,-1.4426480000
40000,2001-01-25 00:00:00Z,S5 6HT,Semi-Detached,Established,Leasehold,272,,BELLHOUSE ROAD,SHEFFIELD,SHEFFIELD,SHEFFIELD,SOUTH YORKSHIRE,Standard,Addition,53.4223020000,-1.4433170000
26000,2001-02-16 00:00:00Z,S5 0RE,Terraced,Established,Leasehold,324,,BELLHOUSE ROAD,SHEFFIELD,SHEFFIELD,SHEFFIELD,SOUTH YORKSHIRE,Standard,Addition,53.4251310000,-1.4426480000
24800,2001-10-19 00:00:00Z,S5 0RR,Terraced,Established,Freehold,24,,SICEY LANE,SHEFFIELD,SHEFFIELD,SHEFFIELD,SOUTH YORKSHIRE,Standard,Addition,53.4298300000,-1.4461840000
43000,2001-01-29 00:00:00Z,S5 0RD,Terraced,Established,Freehold,357,,BELLHOUSE ROAD,SHEFFIELD,SHEFFIELD,SHEFFIELD,SOUTH YORKSHIRE,Standard,Addition,53.4254650000,-1.4430500000
23000,2001-08-13 00:00:00Z,S5 6HT,Terraced,Established,Leasehold,208,,BELLHOUSE ROAD,SHEFFIELD,SHEFFIELD,SHEFFIELD,SOUTH YORKSHIRE,Standard,Addition,53.4223020000,-1.4433170000
29000,2001-09-21 00:00:00Z,S5 6NA,Terraced,Established,Freehold,19,,ILKLEY ROAD,SHEFFIELD,SHEFFIELD,SHEFFIELD,SOUTH YORKSHIRE,Standard,Addition,53.4235650000,-1.4499820000
10000,2001-05-11 00:00:00Z,S5 0RY,Semi-Detached,Established,Freehold,56,,FIRCROFT ROAD,SHEFFIELD,SHEFFIELD,SHEFFIELD,SOUTH YORKSHIRE,Standard,Addition,53.4295710000,-1.4425900000
23000,2001-09-21 00:00:00Z,S5 0RD,Terraced,Established,Freehold,303,,BELLHOUSE ROAD,SHEFFIELD,SHEFFIELD,SHEFFIELD,SOUTH YORKSHIRE,Standard,Addition,53.4254650000,-1.4430500000
31500,2001-08-31 00:00:00Z,S5 6LX,Terraced,Established,Freehold,19,,FAIRTHORN ROAD,SHEFFIELD,SHEFFIELD,SHEFFIELD,SOUTH YORKSHIRE,Standard,Addition,53.4212390000,-1.4484770000
29000,2001-09-07 00:00:00Z,S5 0RW,Semi-Detached,Established,Freehold,17,,GREGG HOUSE CRESCENT,SHEFFIELD,SHEFFIELD,SHEFFIELD,SOUTH YORKSHIRE,Standard,Addition,53.4280030000,-1.4457260000
35000,2001-06-15 00:00:00Z,S5 0RU,Semi-Detached,Established,Freehold,4,,GREGG HOUSE CRESCENT,SHEFFIELD,SHEFFIELD,SHEFFIELD,SOUTH YORKSHIRE,Standard,Addition,53.4283060000,-1.4430430000
30950,2001-09-27 00:00:00Z,S5 0JP,Semi-Detached,Established,Freehold,340,,SHIREHALL ROAD,SHEFFIELD,SHEFFIELD,SHEFFIELD,SOUTH YORKSHIRE,Standard,Addition,53.4287090000,-1.4487110000
26950,2001-08-10 00:00:00Z,S5 0RD,Terraced,Established,Leasehold,347,,BELLHOUSE ROAD,SHEFFIELD,SHEFFIELD,SHEFFIELD,SOUTH YORKSHIRE,Standard,Addition,53.4254650000,-1.4430500000
31500,2001-07-20 00:00:00Z,S5 6HT,Terraced,Established,Leasehold,200,,BELLHOUSE ROAD,SHEFFIELD,SHEFFIELD,SHEFFIELD,SOUTH YORKSHIRE,Standard,Addition,53.4223020000,-1.4433170000
37500,2001-05-11 00:00:00Z,S5 0RW,Semi-Detached,Established,Freehold,18,,GREGG HOUSE CRESCENT,SHEFFIELD,SHEFFIELD,SHEFFIELD,SOUTH YORKSHIRE,Standard,Addition,53.4280030000,-1.4457260000
27999,2001-11-23 00:00:00Z,S5 6HT,Terraced,Established,Leasehold,190,,BELLHOUSE ROAD,SHEFFIELD,SHEFFIELD,SHEFFIELD,SOUTH YORKSHIRE,Standard,Addition,53.4223020000,-1.4433170000
34500,2001-12-14 00:00:00Z,S5 0RX,Semi-Detached,Established,Freehold,26,,FIRCROFT ROAD,SHEFFIELD,SHEFFIELD,SHEFFIELD,SOUTH YORKSHIRE,Standard,Addition,53.4274460000,-1.4438210000
31000,2001-02-23 00:00:00Z,S5 0RE,Terraced,Established,Leasehold,330,,BELLHOUSE ROAD,SHEFFIELD,SHEFFIELD,SHEFFIELD,SOUTH YORKSHIRE,Standard,Addition,53.4251310000,-1.4426480000
34500,2001-03-20 00:00:00Z,S5 0RD,Terraced,Established,Freehold,345,,BELLHOUSE ROAD,SHEFFIELD,SHEFFIELD,SHEFFIELD,SOUTH YORKSHIRE,Standard,Addition,53.4254650000,-1.4430500000
31000,2001-03-09 00:00:00Z,S5 0RE,Terraced,Established,Leasehold,344,,BELLHOUSE ROAD,SHEFFIELD,SHEFFIELD,SHEFFIELD,SOUTH YORKSHIRE,Standard,Addition,53.4251310000,-1.4426480000
24950,2001-08-31 00:00:00Z,S5 6NL,Semi-Detached,Established,Freehold,91,,SICEY AVENUE,SHEFFIELD,SHEFFIELD,SHEFFIELD,SOUTH YORKSHIRE,Standard,Addition,53.4230540000,-1.4484690000
26950,2001-12-14 00:00:00Z,S5 6NN,Semi-Detached,Established,Freehold,26,,SICEY AVENUE,SHEFFIELD,SHEFFIELD,SHEFFIELD,SOUTH YORKSHIRE,Standard,Addition,53.4217450000,-1.4471610000
34500,2001-12-07 00:00:00Z,S5 0ND,Terraced,Established,Freehold,116,,HOMESTEAD ROAD,SHEFFIELD,SHEFFIELD,SHEFFIELD,SOUTH YORKSHIRE,Standard,Addition,53.4268220000,-1.4486610000
35000,2001-08-31 00:00:00Z,S5 0RE,Terraced,Established,Leasehold,320,,BELLHOUSE ROAD,SHEFFIELD,SHEFFIELD,SHEFFIELD,SOUTH YORKSHIRE,Standard,Addition,53.4251310000,-1.4426480000
55000,2001-02-28 00:00:00Z,S5 0RE,Terraced,Established,Freehold,396,,BELLHOUSE ROAD,SHEFFIELD,SHEFFIELD,SHEFFIELD,SOUTH YORKSHIRE,Standard,Addition,53.4251310000,-1.4426480000
34000,2001-06-01 00:00:00Z,S5 0RW,Terraced,Established,Freehold,40,,GREGG HOUSE CRESCENT,SHEFFIELD,SHEFFIELD,SHEFFIELD,SOUTH YORKSHIRE,Standard,Addition,53.4280030000,-1.4457260000
42950,2001-07-27 00:00:00Z,S5 0RD,Terraced,Established,Freehold,319,,BELLHOUSE ROAD,SHEFFIELD,SHEFFIELD,SHEFFIELD,SOUTH YORKSHIRE,Standard,Addition,53.4254650000,-1.4430500000
34500,2001-12-07 00:00:00Z,S5 0ND,Terraced,Established,Freehold,116,,HOMESTEAD ROAD,SHEFFIELD,SHEFFIELD,SHEFFIELD,SOUTH YORKSHIRE,Standard,Addition,53.4268220000,-1.4486610000
80000,2001-10-16 00:00:00Z,S5 0JX,Detached,Established,Freehold,2A,,MOLINEAUX ROAD,,SHEFFIELD,SHEFFIELD,SOUTH YORKSHIRE,Standard,Addition,53.4251610000,-1.4492090000
35000,2001-03-05 00:00:00Z,S5 6HZ,Terraced,Established,Freehold,120,,HATFIELD HOUSE LANE,SHEFFIELD,SHEFFIELD,SHEFFIELD,SOUTH YORKSHIRE,Standard,Addition,53.4240450000,-1.4469810000
32000,2001-02-09 00:00:00Z,S5 0RE,Terraced,Established,Leasehold,326,,BELLHOUSE ROAD,SHEFFIELD,SHEFFIELD,SHEFFIELD,SOUTH YORKSHIRE,Standard,Addition,53.4251310000,-1.4426480000
80000,2002-08-30 00:00:00Z,S5 0TA,Detached,Established,Freehold,27,,OAKS LANE,SHEFFIELD,SHEFFIELD,SHEFFIELD,SOUTH YORKSHIRE,Standard,Addition,53.4256480000,-1.4417380000
34950,2002-04-08 00:00:00Z,S5 6HT,Terraced,Established,Leasehold,220,,BELLHOUSE ROAD,SHEFFIELD,SHEFFIELD,SHEFFIELD,SOUTH YORKSHIRE,Standard,Addition,53.4223020000,-1.4433170000
34950,2002-03-28 00:00:00Z,S5 6NN,Detached,Established,Leasehold,52A,,SICEY AVENUE,SHEFFIELD,SHEFFIELD,SHEFFIELD,SOUTH YORKSHIRE,Standard,Addition,53.4217450000,-1.4471610000
40000,2002-02-08 00:00:00Z,S5 0TJ,Semi-Detached,Established,Freehold,207,,OAKS FOLD ROAD,SHEFFIELD,SHEFFIELD,SHEFFIELD,SOUTH YORKSHIRE,Standard,Addition,53.4264850000,-1.4400570000
48000,2002-12-06 00:00:00Z,S5 0TQ,Semi-Detached,Established,Freehold,141,,MASON LATHE ROAD,SHEFFIELD,SHEFFIELD,SHEFFIELD,SOUTH YORKSHIRE,Standard,Addition,53.4278730000,-1.4408060000
40000,2002-01-18 00:00:00Z,S5 0TJ,Terraced,Established,Freehold,151,,OAKS FOLD ROAD,SHEFFIELD,SHEFFIELD,SHEFFIELD,SOUTH YORKSHIRE,Standard,Addition,53.4264850000,-1.4400570000
32950,2002-06-14 00:00:00Z,S5 0JP,Semi-Detached,Established,Freehold,340,,SHIREHALL ROAD,SHEFFIELD,SHEFFIELD,SHEFFIELD,SOUTH YORKSHIRE,Standard,Addition,53.4287090000,-1.4487110000
60000,2002-11-29 00:00:00Z,S5 6EE,Terraced,New Build,Leasehold,12,,PAVILION WAY,SHEFFIELD,SHEFFIELD,SHEFFIELD,SOUTH YORKSHIRE,Standard,Addition,53.4224830000,-1.4454060000
62000,2002-12-13 00:00:00Z,S5 6EE,Semi-Detached,New Build,Leasehold,16,,PAVILION WAY,SHEFFIELD,SHEFFIELD,SHEFFIELD,SOUTH YORKSHIRE,Standard,Addition,53.4224830000,-1.4454060000
38950,2002-12-06 00:00:00Z,S5 0RD,Terraced,Established,Freehold,303,,BELLHOUSE ROAD,SHEFFIELD,SHEFFIELD,SHEFFIELD,SOUTH YORKSHIRE,Standard,Addition,53.4254650000,-1.4430500000
64950,2002-12-19 00:00:00Z,S5 6EE,Flats/Maisonettes,New Build,Leasehold,18,,PAVILION WAY,SHEFFIELD,SHEFFIELD,SHEFFIELD,SOUTH YORKSHIRE,Standard,Addition,53.4224830000,-1.4454060000
36500,2002-01-11 00:00:00Z,S5 0RE,Terraced,Established,Freehold,358,,BELLHOUSE ROAD,SHEFFIELD,SHEFFIELD,SHEFFIELD,SOUTH YORKSHIRE,Standard,Addition,53.4251310000,-1.4426480000
27500,2002-04-12 00:00:00Z,S5 6HY,Terraced,Established,Freehold,285,,HATFIELD HOUSE LANE,SHEFFIELD,SHEFFIELD,SHEFFIELD,SOUTH YORKSHIRE,Standard,Addition,53.4243760000,-1.4446290000
24000,2002-11-14 00:00:00Z,S5 6HT,Terraced,Established,Leasehold,246,,BELLHOUSE ROAD,SHEFFIELD,SHEFFIELD,SHEFFIELD,SOUTH YORKSHIRE,Standard,Addition,53.4223020000,-1.4433170000
40000,2002-10-25 00:00:00Z,S5 0RE,Semi-Detached,Established,Freehold,350,,BELLHOUSE ROAD,SHEFFIELD,SHEFFIELD,SHEFFIELD,SOUTH YORKSHIRE,Standard,Addition,53.4251310000,-1.4426480000
62460,2002-12-13 00:00:00Z,S5 6EE,Terraced,New Build,Freehold,14,,PAVILION WAY,SHEFFIELD,SHEFFIELD,SHEFFIELD,SOUTH YORKSHIRE,Standard,Addition,53.4224830000,-1.4454060000
18500,2002-02-22 00:00:00Z,S5 0RH,Terraced,Established,Freehold,109,,SICEY AVENUE,SHEFFIELD,SHEFFIELD,SHEFFIELD,SOUTH YORKSHIRE,Standard,Addition,53.4256970000,-1.4483740000
36000,2002-06-19 00:00:00Z,S5 6NN,Terraced,Established,Leasehold,66A,,SICEY AVENUE,SHEFFIELD,SHEFFIELD,SHEFFIELD,SOUTH YORKSHIRE,Standard,Addition,53.4217450000,-1.4471610000
63000,2002-12-05 00:00:00Z,S5 0RE,Semi-Detached,Established,Freehold,394,,BELLHOUSE ROAD,SHEFFIELD,SHEFFIELD,SHEFFIELD,SOUTH YORKSHIRE,Standard,Addition,53.4251310000,-1.4426480000
16815,2002-12-02 00:00:00Z,S5 0TJ,Terraced,Established,Freehold,157,,OAKS FOLD ROAD,SHEFFIELD,SHEFFIELD,SHEFFIELD,SOUTH YORKSHIRE,Standard,Addition,53.4264850000,-1.4400570000
30000,2002-10-24 00:00:00Z,S5 6HQ,Terraced,Established,Freehold,211,,BELLHOUSE ROAD,SHEFFIELD,SHEFFIELD,SHEFFIELD,SOUTH YORKSHIRE,Standard,Addition,53.4223940000,-1.4437520000
24500,2002-08-12 00:00:00Z,S5 6FS,Terraced,Established,Freehold,78,,PRIMROSE AVENUE,SHEFFIELD,SHEFFIELD,SHEFFIELD,SOUTH YORKSHIRE,Standard,Addition,53.4206100000,-1.4427520000
75830,2002-12-19 00:00:00Z,S5 6ED,Semi-Detached,New Build,Freehold,23,,PAVILION WAY,SHEFFIELD,SHEFFIELD,SHEFFIELD,SOUTH YORKSHIRE,Standard,Addition,53.4223130000,-1.4456340000
9995,2002-03-08 00:00:00Z,S5 6NN,Flats/Maisonettes,Established,Leasehold,60A,,SICEY AVENUE,SHEFFIELD,SHEFFIELD,SHEFFIELD,SOUTH YORKSHIRE,Standard,Addition,53.4217450000,-1.4471610000
75950,2002-12-19 00:00:00Z,S5 6ED,Semi-Detached,New Build,Freehold,21,,PAVILION WAY,SHEFFIELD,SHEFFIELD,SHEFFIELD,SOUTH YORKSHIRE,Standard,Addition,53.4223130000,-1.4456340000
66750,2002-12-09 00:00:00Z,S5 0TA,Terraced,Established,Freehold,19,,OAKS LANE,SHEFFIELD,SHEFFIELD,SHEFFIELD,SOUTH YORKSHIRE,Standard,Addition,53.4256480000,-1.4417380000
34950,2002-03-28 00:00:00Z,S5 6NN,Semi-Detached,Established,Leasehold,52A,,SICEY AVENUE,SHEFFIELD,SHEFFIELD,SHEFFIELD,SOUTH YORKSHIRE,Standard,Addition,53.4217450000,-1.4471610000
40000,2002-08-12 00:00:00Z,S5 0JW,Semi-Detached,Established,Freehold,83,,GREGG HOUSE ROAD,SHEFFIELD,SHEFFIELD,SHEFFIELD,SOUTH YORKSHIRE,Standard,Addition,53.4279050000,-1.4497450000
29950,2002-07-22 00:00:00Z,S5 0RR,Terraced,Established,Freehold,6,,SICEY LANE,SHEFFIELD,SHEFFIELD,SHEFFIELD,SOUTH YORKSHIRE,Standard,Addition,53.4298300000,-1.4461840000
40000,2002-12-13 00:00:00Z,S5 6NN,Semi-Detached,Established,Leasehold,66,,SICEY AVENUE,SHEFFIELD,SHEFFIELD,SHEFFIELD,SOUTH YORKSHIRE,Standard,Addition,53.4217450000,-1.4471610000
55000,2002-12-16 00:00:00Z,S5 0RF,Semi-Detached,Established,Freehold,484,,BELLHOUSE ROAD,SHEFFIELD,SHEFFIELD,SHEFFIELD,SOUTH YORKSHIRE,Standard,Addition,53.4276890000,-1.4419220000
36000,2002-06-19 00:00:00Z,S5 6NN,Terraced,Established,Leasehold,66A,,SICEY AVENUE,SHEFFIELD,SHEFFIELD,SHEFFIELD,SOUTH YORKSHIRE,Standard,Addition,53.4217450000,-1.4471610000
35750,2002-01-16 00:00:00Z,S5 0ND,Semi-Detached,Established,Freehold,122,,HOMESTEAD ROAD,SHEFFIELD,SHEFFIELD,SHEFFIELD,SOUTH YORKSHIRE,Standard,Addition,53.4268220000,-1.4486610000
42000,2002-06-14 00:00:00Z,S5 0SB,Semi-Detached,Established,Freehold,50,,FIRCROFT AVENUE,SHEFFIELD,SHEFFIELD,SHEFFIELD,SOUTH YORKSHIRE,Standard,Addition,53.4276830000,-1.4444810000
72000,2002-05-31 00:00:00Z,S5 0RF,Semi-Detached,Established,Freehold,416,,BELLHOUSE ROAD,SHEFFIELD,SHEFFIELD,SHEFFIELD,SOUTH YORKSHIRE,Standard,Addition,53.4276890000,-1.4419220000
33950,2002-05-17 00:00:00Z,S5 0RP,Semi-Detached,Established,Freehold,190,,SICEY AVENUE,SHEFFIELD,SHEFFIELD,SHEFFIELD,SOUTH YORKSHIRE,Standard,Addition,53.4284360000,-1.4458710000
47000,2002-03-22 00:00:00Z,S5 0TJ,Terraced,Established,Freehold,159,,OAKS FOLD ROAD,SHEFFIELD,SHEFFIELD,SHEFFIELD,SOUTH YORKSHIRE,Standard,Addition,53.4264850000,-1.4400570000
38000,2002-07-12 00:00:00Z,S5 6NN,Terraced,Established,Leasehold,52,,SICEY AVENUE,SHEFFIELD,SHEFFIELD,SHEFFIELD,SOUTH YORKSHIRE,Standard,Addition,53.4217450000,-1.4471610000
34950,2002-12-13 00:00:00Z,S5 0RE,Terraced,Established,Leasehold,322,,BELLHOUSE ROAD,SHEFFIELD,SHEFFIELD,SHEFFIELD,SOUTH YORKSHIRE,Standard,Addition,53.4251310000,-1.4426480000
16245,2002-12-16 00:00:00Z,S5 0RA,Semi-Detached,Established,Freehold,397,,BELLHOUSE ROAD,SHEFFIELD,SHEFFIELD,SHEFFIELD,SOUTH YORKSHIRE,Standard,Addition,53.4273240000,-1.4426340000
38800,2002-07-02 00:00:00Z,S5 0RE,Terraced,Established,Freehold,400,,BELLHOUSE ROAD,SHEFFIELD,SHEFFIELD,SHEFFIELD,SOUTH YORKSHIRE,Standard,Addition,53.4251310000,-1.4426480000
43500,2002-08-23 00:00:00Z,S5 0JP,Semi-Detached,Established,Freehold,334,,SHIREHALL ROAD,SHEFFIELD,SHEFFIELD,SHEFFIELD,SOUTH YORKSHIRE,Standard,Addition,53.4287090000,-1.4487110000
18090,2002-07-15 00:00:00Z,S5 0SA,Terraced,Established,Freehold,16,,FIRCROFT AVENUE,SHEFFIELD,SHEFFIELD,SHEFFIELD,SOUTH YORKSHIRE,Standard,Addition,53.4290660000,-1.4441470000
61500,2002-11-29 00:00:00Z,S5 6EE,Terraced,New Build,Leasehold,10,,PAVILION WAY,SHEFFIELD,SHEFFIELD,SHEFFIELD,SOUTH YORKSHIRE,Standard,Addition,53.4224830000,-1.4454060000
44950,2002-10-04 00:00:00Z,S5 6NB,Semi-Detached,Established,Freehold,20,,NESFIELD WAY,SHEFFIELD,SHEFFIELD,SHEFFIELD,SOUTH YORKSHIRE,Standard,Addition,53.4228690000,-1.4492420000
27750,2002-03-28 00:00:00Z,S5 0SA,Semi-Detached,Established,Freehold,24,,FIRCROFT AVENUE,SHEFFIELD,SHEFFIELD,SHEFFIELD,SOUTH YORKSHIRE,Standard,Addition,53.4290660000,-1.4441470000
16520,2002-07-01 00:00:00Z,S5 6LE,Terraced,Established,Freehold,2,,VERDANT WAY,SHEFFIELD,SHEFFIELD,SHEFFIELD,SOUTH YORKSHIRE,Standard,Addition,53.4235670000,-1.4447000000
33000,2002-08-23 00:00:00Z,S5 0TJ,Semi-Detached,Established,Freehold,164,,OAKS FOLD ROAD,SHEFFIELD,SHEFFIELD,SHEFFIELD,SOUTH YORKSHIRE,Standard,Addition,53.4264850000,-1.4400570000
11250,2002-08-23 00:00:00Z,S5 0JG,Semi-Detached,Established,Freehold,29,,WHEATFIELD CRESCENT,SHEFFIELD,SHEFFIELD,SHEFFIELD,SOUTH YORKSHIRE,Standard,Addition,53.4289970000,-1.4468260000
87150,2002-12-19 00:00:00Z,S5 6ED,Detached,New Build,Freehold,17,,PAVILION WAY,SHEFFIELD,SHEFFIELD,SHEFFIELD,SOUTH YORKSHIRE,Standard,Addition,53.4223130000,-1.4456340000
27950,2002-02-15 00:00:00Z,S5 6NN,Semi-Detached,Established,Leasehold,60,,SICEY AVENUE,SHEFFIELD,SHEFFIELD,SHEFFIELD,SOUTH YORKSHIRE,Standard,Addition,53.4217450000,-1.4471610000
39500,2002-11-15 00:00:00Z,S5 0RE,Terraced,Established,Freehold,358,,BELLHOUSE ROAD,SHEFFIELD,SHEFFIELD,SHEFFIELD,SOUTH YORKSHIRE,Standard,Addition,53.4251310000,-1.4426480000
91390,2002-12-17 00:00:00Z,S5 6ED,Detached,New Build,Freehold,19,,PAVILION WAY,SHEFFIELD,SHEFFIELD,SHEFFIELD,SOUTH YORKSHIRE,Standard,Addition,53.4223130000,-1.4456340000
44500,2003-03-28 00:00:00Z,S5 6HQ,Terraced,Established,Freehold,211,,BELLHOUSE ROAD,SHEFFIELD,SHEFFIELD,SHEFFIELD,SOUTH YORKSHIRE,Standard,Addition,53.4223940000,-1.4437520000
55000,2003-09-12 00:00:00Z,S5 0RF,Terraced,Established,Freehold,460,,BELLHOUSE ROAD,SHEFFIELD,SHEFFIELD,SHEFFIELD,SOUTH YORKSHIRE,Standard,Addition,53.4276890000,-1.4419220000
9000,2003-06-27 00:00:00Z,S5 6NN,Flats/Maisonettes,Established,Leasehold,64A,,SICEY AVENUE,SHEFFIELD,SHEFFIELD,SHEFFIELD,SOUTH YORKSHIRE,Standard,Addition,53.4217450000,-1.4471610000
73250,2003-11-03 00:00:00Z,S5 6ED,Semi-Detached,New Build,Leasehold,35,,PAVILION WAY,SHEFFIELD,SHEFFIELD,SHEFFIELD,SOUTH YORKSHIRE,Standard,Addition,53.4223130000,-1.4456340000
105150,2003-08-29 00:00:00Z,S5 6EF,Semi-Detached,New Build,Leasehold,3,,KEEPERS CLOSE,SHEFFIELD,SHEFFIELD,SHEFFIELD,SOUTH YORKSHIRE,Standard,Addition,53.4217820000,-1.4454600000
67595,2003-07-09 00:00:00Z,S5 6EF,Flats/Maisonettes,New Build,Leasehold,30,,KEEPERS CLOSE,SHEFFIELD,SHEFFIELD,SHEFFIELD,SOUTH YORKSHIRE,Standard,Addition,53.4217820000,-1.4454600000
37950,2003-09-12 00:00:00Z,S5 0RR,Terraced,Established,Freehold,26,,SICEY LANE,SHEFFIELD,SHEFFIELD,SHEFFIELD,SOUTH YORKSHIRE,Standard,Addition,53.4298300000,-1.4461840000
75255,2003-09-01 00:00:00Z,S5 6ED,Terraced,New Build,Freehold,25,,PAVILION WAY,SHEFFIELD,SHEFFIELD,SHEFFIELD,SOUTH YORKSHIRE,Standard,Addition,53.4223130000,-1.4456340000
37250,2003-01-16 00:00:00Z,S5 6HT,Terraced,Established,Leasehold,246,,BELLHOUSE ROAD,SHEFFIELD,SHEFFIELD,SHEFFIELD,SOUTH YORKSHIRE,Standard,Addition,53.4223020000,-1.4433170000
79300,2003-11-07 00:00:00Z,S5 6EF,Flats/Maisonettes,New Build,Leasehold,22,,KEEPERS CLOSE,SHEFFIELD,SHEFFIELD,SHEFFIELD,SOUTH YORKSHIRE,Standard,Addition,53.4217820000,-1.4454600000
71650,2003-09-30 00:00:00Z,S5 6EF,Flats/Maisonettes,New Build,Leasehold,24,,KEEPERS CLOSE,SHEFFIELD,SHEFFIELD,SHEFFIELD,SOUTH YORKSHIRE,Standard,Addition,53.4217820000,-1.4454600000
64050,2003-04-11 00:00:00Z,S5 6EE,Terraced,New Build,Leasehold,54,,PAVILION WAY,SHEFFIELD,SHEFFIELD,SHEFFIELD,SOUTH YORKSHIRE,Standard,Addition,53.4224830000,-1.4454060000
47000,2003-04-16 00:00:00Z,S5 0RF,Terraced,Established,Freehold,438,,BELLHOUSE ROAD,SHEFFIELD,SHEFFIELD,SHEFFIELD,SOUTH YORKSHIRE,Standard,Addition,53.4276890000,-1.4419220000
72500,2003-08-28 00:00:00Z,S5 6ED,Terraced,New Build,Leasehold,27,,PAVILION WAY,SHEFFIELD,SHEFFIELD,SHEFFIELD,SOUTH YORKSHIRE,Standard,Addition,53.4223130000,-1.4456340000
81650,2003-02-28 00:00:00Z,S5 6EE,Terraced,New Build,Freehold,26,,PAVILION WAY,SHEFFIELD,SHEFFIELD,SHEFFIELD,SOUTH YORKSHIRE,Standard,Addition,53.4224830000,-1.4454060000
33500,2003-01-31 00:00:00Z,S5 0JP,Semi-Detached,Established,Freehold,370,,SHIREHALL ROAD,SHEFFIELD,SHEFFIELD,SHEFFIELD,SOUTH YORKSHIRE,Standard,Addition,53.4287090000,-1.4487110000
66795,2003-06-27 00:00:00Z,S5 6EF,Flats/Maisonettes,New Build,Leasehold,42,,KEEPERS CLOSE,SHEFFIELD,SHEFFIELD,SHEFFIELD,SOUTH YORKSHIRE,Standard,Addition,53.4217820000,-1.4454600000
40000,2003-03-31 00:00:00Z,S5 0ND,Terraced,Established,Freehold,97,,HOMESTEAD ROAD,SHEFFIELD,SHEFFIELD,SHEFFIELD,SOUTH YORKSHIRE,Standard,Addition,53.4268220000,-1.4486610000
102995,2003-12-22 00:00:00Z,S5 6ED,Semi-Detached,New Build,Leasehold,41,,PAVILION WAY,SHEFFIELD,SHEFFIELD,SHEFFIELD,SOUTH YORKSHIRE,Standard,Addition,53.4223130000,-1.4456340000
53000,2003-10-17 00:00:00Z,S5 0RE,Terraced,Established,Leasehold,352,,BELLHOUSE ROAD,SHEFFIELD,SHEFFIELD,SHEFFIELD,SOUTH YORKSHIRE,Standard,Addition,53.4251310000,-1.4426480000
30000,2003-09-05 00:00:00Z,S5 6NN,Semi-Detached,Established,Freehold,32,,SICEY AVENUE,SHEFFIELD,SHEFFIELD,SHEFFIELD,SOUTH YORKSHIRE,Standard,Addition,53.4217450000,-1.4471610000
80950,2003-04-04 00:00:00Z,S5 6EE,Terraced,New Build,Freehold,50,,PAVILION WAY,SHEFFIELD,SHEFFIELD,SHEFFIELD,SOUTH YORKSHIRE,Standard,Addition,53.4224830000,-1.4454060000
67595,2003-07-08 00:00:00Z,S5 6EF,Flats/Maisonettes,New Build,Leasehold,28,,KEEPERS CLOSE,SHEFFIELD,SHEFFIELD,SHEFFIELD,SOUTH YORKSHIRE,Standard,Addition,53.4217820000,-1.4454600000
60595,2003-06-27 00:00:00Z,S5 6EF,Flats/Maisonettes,New Build,Leasehold,48,,KEEPERS CLOSE,SHEFFIELD,SHEFFIELD,SHEFFIELD,SOUTH YORKSHIRE,Standard,Addition,53.4217820000,-1.4454600000
49000,2003-09-26 00:00:00Z,S5 0RD,Terraced,Established,Leasehold,337,,BELLHOUSE ROAD,SHEFFIELD,SHEFFIELD,SHEFFIELD,SOUTH YORKSHIRE,Standard,Addition,53.4254650000,-1.4430500000
97495,2003-12-12 00:00:00Z,S5 6EF,Terraced,New Build,Freehold,2,,KEEPERS CLOSE,SHEFFIELD,SHEFFIELD,SHEFFIELD,SOUTH YORKSHIRE,Standard,Addition,53.4217820000,-1.4454600000
77195,2003-10-28 00:00:00Z,S5 6EF,Flats/Maisonettes,New Build,Leasehold,26,,KEEPERS CLOSE,SHEFFIELD,SHEFFIELD,SHEFFIELD,SOUTH YORKSHIRE,Standard,Addition,53.4217820000,-1.4454600000
59995,2003-05-28 00:00:00Z,S5 0TB,Semi-Detached,Established,Freehold,9,,OAKS FOLD AVENUE,SHEFFIELD,SHEFFIELD,SHEFFIELD,SOUTH YORKSHIRE,Standard,Addition,53.4265510000,-1.4407480000
45500,2003-09-05 00:00:00Z,S5 0RF,Terraced,Established,Freehold,466,,BELLHOUSE ROAD,SHEFFIELD,SHEFFIELD,SHEFFIELD,SOUTH YORKSHIRE,Standard,Addition,53.4276890000,-1.4419220000
72000,2003-02-27 00:00:00Z,S5 6EE,Terraced,New Build,Leasehold,20,,PAVILION WAY,SHEFFIELD,SHEFFIELD,SHEFFIELD,SOUTH YORKSHIRE,Standard,Addition,53.4224830000,-1.4454060000
60150,2003-03-28 00:00:00Z,S5 6EE,Terraced,New Build,Leasehold,30,,PAVILION WAY,,SHEFFIELD,SHEFFIELD,SOUTH YORKSHIRE,Standard,Addition,53.4224830000,-1.4454060000
11000,2003-11-06 00:00:00Z,S5 6NN,Semi-Detached,Established,Leasehold,58A,,SICEY AVENUE,SHEFFIELD,SHEFFIELD,SHEFFIELD,SOUTH YORKSHIRE,Standard,Addition,53.4217450000,-1.4471610000
50000,2003-10-03 00:00:00Z,S5 0RD,Terraced,Established,Freehold,359,,BELLHOUSE ROAD,SHEFFIELD,SHEFFIELD,SHEFFIELD,SOUTH YORKSHIRE,Standard,Addition,53.4254650000,-1.4430500000
80000,2003-11-28 00:00:00Z,S5 6EF,Terraced,New Build,Freehold,8,,KEEPERS CLOSE,SHEFFIELD,SHEFFIELD,SHEFFIELD,SOUTH YORKSHIRE,Standard,Addition,53.4217820000,-1.4454600000
51000,2003-02-28 00:00:00Z,S5 6EE,Flats/Maisonettes,New Build,Leasehold,32,,PAVILION WAY,SHEFFIELD,SHEFFIELD,SHEFFIELD,SOUTH YORKSHIRE,Standard,Addition,53.4224830000,-1.4454060000
9000,2003-09-19 00:00:00Z,S5 6NN,Flats/Maisonettes,Established,Leasehold,56A,,SICEY AVENUE,SHEFFIELD,SHEFFIELD,SHEFFIELD,SOUTH YORKSHIRE,Standard,Addition,53.4217450000,-1.4471610000
100050,2003-07-01 00:00:00Z,S5 6EF,Detached,New Build,Freehold,12,,KEEPERS CLOSE,SHEFFIELD,SHEFFIELD,SHEFFIELD,SOUTH YORKSHIRE,Standard,Addition,53.4217820000,-1.4454600000
70400,2003-03-21 00:00:00Z,S5 6EE,Terraced,New Build,Leasehold,28,,PAVILION WAY,SHEFFIELD,SHEFFIELD,SHEFFIELD,SOUTH YORKSHIRE,Standard,Addition,53.4224830000,-1.4454060000
73250,2003-10-30 00:00:00Z,S5 6ED,Terraced,New Build,Leasehold,37,,PAVILION WAY,SHEFFIELD,SHEFFIELD,SHEFFIELD,SOUTH YORKSHIRE,Standard,Addition,53.4223130000,-1.4456340000
63395,2003-06-27 00:00:00Z,S5 6EF,Terraced,New Build,Leasehold,38,,KEEPERS CLOSE,SHEFFIELD,SHEFFIELD,SHEFFIELD,SOUTH YORKSHIRE,Standard,Addition,53.4217820000,-1.4454600000
61000,2003-06-27 00:00:00Z,S5 6EF,Flats/Maisonettes,New Build,Leasehold,44,,KEEPERS CLOSE,SHEFFIELD,SHEFFIELD,SHEFFIELD,SOUTH YORKSHIRE,Standard,Addition,53.4217820000,-1.4454600000
53000,2003-08-21 00:00:00Z,S5 6HT,Terraced,Established,Leasehold,246,,BELLHOUSE ROAD,SHEFFIELD,SHEFFIELD,SHEFFIELD,SOUTH YORKSHIRE,Standard,Addition,53.4223020000,-1.4433170000
37000,2003-02-28 00:00:00Z,S5 0RB,Semi-Detached,Established,Freehold,453,,BELLHOUSE ROAD,SHEFFIELD,SHEFFIELD,SHEFFIELD,SOUTH YORKSHIRE,Standard,Addition,53.4296830000,-1.4416550000
100950,2003-12-12 00:00:00Z,S5 6ED,Semi-Detached,New Build,Leasehold,43,,PAVILION WAY,SHEFFIELD,SHEFFIELD,SHEFFIELD,SOUTH YORKSHIRE,Standard,Addition,53.4223130000,-1.4456340000
92450,2003-08-01 00:00:00Z,S5 6EE,Semi-Detached,New Build,Leasehold,6,,PAVILION WAY,SHEFFIELD,SHEFFIELD,SHEFFIELD,SOUTH YORKSHIRE,Standard,Addition,53.4224830000,-1.4454060000
74295,2003-08-28 00:00:00Z,S5 6ED,Terraced,New Build,Leasehold,31,,PAVILION WAY,SHEFFIELD,SHEFFIELD,SHEFFIELD,SOUTH YORKSHIRE,Standard,Addition,53.4223130000,-1.4456340000
114440,2003-11-28 00:00:00Z,S5 6EF,Detached,New Build,Freehold,10,,KEEPERS CLOSE,SHEFFIELD,SHEFFIELD,SHEFFIELD,SOUTH YORKSHIRE,Standard,Addition,53.4217820000,-1.4454600000
77550,2003-11-21 00:00:00Z,S5 6EF,Terraced,New Build,Leasehold,7,,KEEPERS CLOSE,SHEFFIELD,SHEFFIELD,SHEFFIELD,SOUTH YORKSHIRE,Standard,Addition,53.4217820000,-1.4454600000
24000,2003-02-18 00:00:00Z,S5 6HQ,Terraced,Established,Freehold,209,,BELLHOUSE ROAD,SHEFFIELD,SHEFFIELD,SHEFFIELD,SOUTH YORKSHIRE,Standard,Addition,53.4223940000,-1.4437520000
74200,2003-11-21 00:00:00Z,S5 0TA,Terraced,Established,Freehold,23,,OAKS LANE,SHEFFIELD,SHEFFIELD,SHEFFIELD,SOUTH YORKSHIRE,Standard,Addition,53.4256480000,-1.4417380000
78095,2003-02-26 00:00:00Z,S5 6EE,Terraced,New Build,Leasehold,36,,PAVILION WAY,SHEFFIELD,SHEFFIELD,SHEFFIELD,SOUTH YORKSHIRE,Standard,Addition,53.4224830000,-1.4454060000
98295,2003-12-05 00:00:00Z,S5 6EF,Terraced,New Build,Leasehold,4,,KEEPERS CLOSE,SHEFFIELD,SHEFFIELD,SHEFFIELD,SOUTH YORKSHIRE,Standard,Addition,53.4217820000,-1.4454600000
42450,2003-10-10 00:00:00Z,S5 0JX,Semi-Detached,Established,Freehold,26,,MOLINEAUX ROAD,SHEFFIELD,SHEFFIELD,SHEFFIELD,SOUTH YORKSHIRE,Standard,Addition,53.4251610000,-1.4492090000
81000,2003-12-11 00:00:00Z,S5 6EF,Flats/Maisonettes,Established,Leasehold,30,,KEEPERS CLOSE,SHEFFIELD,SHEFFIELD,SHEFFIELD,SOUTH YORKSHIRE,Standard,Addition,53.4217820000,-1.4454600000
111295,2003-12-18 00:00:00Z,S5 6ED,Semi-Detached,New Build,Leasehold,49,,PAVILION WAY,SHEFFIELD,SHEFFIELD,SHEFFIELD,SOUTH YORKSHIRE,Standard,Addition,53.4223130000,-1.4456340000
74295,2003-10-08 00:00:00Z,S5 6ED,Semi-Detached,New Build,Leasehold,33,,PAVILION WAY,SHEFFIELD,SHEFFIELD,SHEFFIELD,SOUTH YORKSHIRE,Standard,Addition,53.4223130000,-1.4456340000
70750,2003-10-03 00:00:00Z,S5 6EF,Flats/Maisonettes,New Build,Leasehold,18,,KEEPERS CLOSE,SHEFFIELD,SHEFFIELD,SHEFFIELD,SOUTH YORKSHIRE,Standard,Addition,53.4217820000,-1.4454600000
74000,2003-10-23 00:00:00Z,S5 6EF,Flats/Maisonettes,Established,Leasehold,32,,KEEPERS CLOSE,SHEFFIELD,SHEFFIELD,SHEFFIELD,SOUTH YORKSHIRE,Standard,Addition,53.4217820000,-1.4454600000
64400,2003-06-27 00:00:00Z,S5 6EF,Flats/Maisonettes,Established,Leasehold,46,,KEEPERS CLOSE,SHEFFIELD,SHEFFIELD,SHEFFIELD,SOUTH YORKSHIRE,Standard,Addition,53.4217820000,-1.4454600000
67795,2003-06-30 00:00:00Z,S5 6EF,Flats/Maisonettes,New Build,Leasehold,32,,KEEPERS CLOSE,SHEFFIELD,SHEFFIELD,SHEFFIELD,SOUTH YORKSHIRE,Standard,Addition,53.4217820000,-1.4454600000
72780,2003-03-21 00:00:00Z,S5 6EE,Detached,New Build,Freehold,22,,PAVILION WAY,SHEFFIELD,SHEFFIELD,SHEFFIELD,SOUTH YORKSHIRE,Standard,Addition,53.4224830000,-1.4454060000
49950,2003-08-08 00:00:00Z,S5 0RE,Terraced,Established,Leasehold,356,,BELLHOUSE ROAD,SHEFFIELD,SHEFFIELD,SHEFFIELD,SOUTH YORKSHIRE,Standard,Addition,53.4251310000,-1.4426480000
50000,2003-09-15 00:00:00Z,S5 6HT,Terraced,Established,Leasehold,194,,BELLHOUSE ROAD,SHEFFIELD,SHEFFIELD,SHEFFIELD,SOUTH YORKSHIRE,Standard,Addition,53.4223020000,-1.4433170000
74295,2003-10-30 00:00:00Z,S5 6ED,Terraced,New Build,Leasehold,39,,PAVILION WAY,SHEFFIELD,SHEFFIELD,SHEFFIELD,SOUTH YORKSHIRE,Standard,Addition,53.4223130000,-1.4456340000
78510,2003-11-28 00:00:00Z,S5 6EF,Terraced,New Build,Freehold,9,,KEEPERS CLOSE,SHEFFIELD,SHEFFIELD,SHEFFIELD,SOUTH YORKSHIRE,Standard,Addition,53.4217820000,-1.4454600000
49000,2003-12-12 00:00:00Z,S5 0JP,Semi-Detached,Established,Freehold,340,,SHIREHALL ROAD,SHEFFIELD,SHEFFIELD,SHEFFIELD,SOUTH YORKSHIRE,Standard,Addition,53.4287090000,-1.4487110000
98850,2003-06-05 00:00:00Z,S5 6EF,Detached,New Build,Leasehold,14,,KEEPERS CLOSE,SHEFFIELD,SHEFFIELD,SHEFFIELD,SOUTH YORKSHIRE,Standard,Addition,53.4217820000,-1.4454600000
108450,2003-11-21 00:00:00Z,S5 6EF,Semi-Detached,New Build,Freehold,1,,KEEPERS CLOSE,SHEFFIELD,SHEFFIELD,SHEFFIELD,SOUTH YORKSHIRE,Standard,Addition,53.4217820000,-1.4454600000
72695,2003-10-31 00:00:00Z,S5 6EF,Terraced,New Build,Leasehold,17,,KEEPERS CLOSE,SHEFFIELD,SHEFFIELD,SHEFFIELD,SOUTH YORKSHIRE,Standard,Addition,53.4217820000,-1.4454600000
70400,2003-02-28 00:00:00Z,S5 6EE,Terraced,New Build,Leasehold,34,,PAVILION WAY,SHEFFIELD,SHEFFIELD,SHEFFIELD,SOUTH YORKSHIRE,Standard,Addition,53.4224830000,-1.4454060000
79300,2003-11-21 00:00:00Z,S5 6EF,Flats/Maisonettes,New Build,Leasehold,20,,KEEPERS CLOSE,SHEFFIELD,SHEFFIELD,SHEFFIELD,SOUTH YORKSHIRE,Standard,Addition,53.4217820000,-1.4454600000
20520,2003-12-22 00:00:00Z,S5 6NL,Terraced,Established,Freehold,83,,SICEY AVENUE,SHEFFIELD,SHEFFIELD,SHEFFIELD,SOUTH YORKSHIRE,Standard,Addition,53.4230540000,-1.4484690000
73655,2003-10-15 00:00:00Z,S5 6EF,Terraced,New Build,Freehold,19,,KEEPERS CLOSE,SHEFFIELD,SHEFFIELD,SHEFFIELD,SOUTH YORKSHIRE,Standard,Addition,53.4217820000,-1.4454600000
78150,2003-02-28 00:00:00Z,S5 6EE,Terraced,New Build,Leasehold,38,,PAVILION WAY,SHEFFIELD,SHEFFIELD,SHEFFIELD,SOUTH YORKSHIRE,Standard,Addition,53.4224830000,-1.4454060000
70750,2003-09-26 00:00:00Z,S5 6EF,Flats/Maisonettes,New Build,Leasehold,16,,KEEPERS CLOSE,SHEFFIELD,SHEFFIELD,SHEFFIELD,SOUTH YORKSHIRE,Standard,Addition,53.4217820000,-1.4454600000
63000,2003-11-21 00:00:00Z,S5 0RB,Semi-Detached,Established,Freehold,407,,BELLHOUSE ROAD,SHEFFIELD,SHEFFIELD,SHEFFIELD,SOUTH YORKSHIRE,Standard,Addition,53.4296830000,-1.4416550000
92795,2003-11-14 00:00:00Z,S5 6EF,Semi-Detached,New Build,Leasehold,11,,KEEPERS CLOSE,SHEFFIELD,SHEFFIELD,SHEFFIELD,SOUTH YORKSHIRE,Standard,Addition,53.4217820000,-1.4454600000
45000,2003-07-21 00:00:00Z,S5 0RE,Terraced,Established,Leasehold,320,,BELLHOUSE ROAD,SHEFFIELD,SHEFFIELD,SHEFFIELD,SOUTH YORKSHIRE,Standard,Addition,53.4251310000,-1.4426480000
86675,2003-05-30 00:00:00Z,S5 6EE,Semi-Detached,New Build,Freehold,8,,PAVILION WAY,SHEFFIELD,SHEFFIELD,SHEFFIELD,SOUTH YORKSHIRE,Standard,Addition,53.4224830000,-1.4454060000
51000,2003-06-23 00:00:00Z,S5 0NF,Semi-Detached,Established,Freehold,3,,MOLINEAUX CLOSE,SHEFFIELD,SHEFFIELD,SHEFFIELD,SOUTH YORKSHIRE,Standard,Addition,53.4260310000,-1.4488810000
74210,2003-09-12 00:00:00Z,S5 6ED,Terraced,New Build,Freehold,29,,PAVILION WAY,SHEFFIELD,SHEFFIELD,SHEFFIELD,SOUTH YORKSHIRE,Standard,Addition,53.4223130000,-1.4456340000
111500,2003-07-28 00:00:00Z,S5 6EE,Semi-Detached,New Build,Leasehold,2,,PAVILION WAY,SHEFFIELD,SHEFFIELD,SHEFFIELD,SOUTH YORKSHIRE,Standard,Addition,53.4224830000,-1.4454060000
88295,2003-09-30 00:00:00Z,S5 6EF,Semi-Detached,New Build,Leasehold,15,,KEEPERS CLOSE,SHEFFIELD,SHEFFIELD,SHEFFIELD,SOUTH YORKSHIRE,Standard,Addition,53.4217820000,-1.4454600000
42000,2003-12-19 00:00:00Z,S5 0JG,Semi-Detached,Established,Freehold,89,,WHEATFIELD CRESCENT,SHEFFIELD,SHEFFIELD,SHEFFIELD,SOUTH YORKSHIRE,Standard,Addition,53.4289970000,-1.4468260000
60000,2003-04-28 00:00:00Z,S5 0RP,Semi-Detached,Established,Freehold,196,,SICEY AVENUE,SHEFFIELD,SHEFFIELD,SHEFFIELD,SOUTH YORKSHIRE,Standard,Addition,53.4284360000,-1.4458710000
150000,2003-06-27 00:00:00Z,S5 6EF,Flats/Maisonettes,New Build,Leasehold,50,,KEEPERS CLOSE,SHEFFIELD,SHEFFIELD,SHEFFIELD,SOUTH YORKSHIRE,Standard,Addition,53.4217820000,-1.4454600000
67795,2003-06-27 00:00:00Z,S5 6EF,Flats/Maisonettes,New Build,Leasehold,34,,KEEPERS CLOSE,SHEFFIELD,SHEFFIELD,SHEFFIELD,SOUTH YORKSHIRE,Standard,Addition,53.4217820000,-1.4454600000
46000,2003-09-05 00:00:00Z,S5 6HT,Terraced,Established,Freehold,266,,BELLHOUSE ROAD,SHEFFIELD,SHEFFIELD,SHEFFIELD,SOUTH YORKSHIRE,Standard,Addition,53.4223020000,-1.4433170000
89830,2003-11-27 00:00:00Z,S5 6EF,Terraced,New Build,Freehold,6,,KEEPERS CLOSE,SHEFFIELD,SHEFFIELD,SHEFFIELD,SOUTH YORKSHIRE,Standard,Addition,53.4217820000,-1.4454600000
43000,2003-03-20 00:00:00Z,S5 0TA,Semi-Detached,Established,Freehold,35,,OAKS LANE,SHEFFIELD,SHEFFIELD,SHEFFIELD,SOUTH YORKSHIRE,Standard,Addition,53.4256480000,-1.4417380000
45000,2003-10-13 00:00:00Z,S5 6LT,Semi-Detached,Established,Freehold,107,,ROLLESTON ROAD,SHEFFIELD,SHEFFIELD,SHEFFIELD,SOUTH YORKSHIRE,Standard,Addition,53.4219300000,-1.4483480000
19125,2003-12-22 00:00:00Z,S5 0JS,Semi-Detached,Established,Freehold,23,,GREGG HOUSE ROAD,SHEFFIELD,SHEFFIELD,SHEFFIELD,SOUTH YORKSHIRE,Standard,Addition,53.4266730000,-1.4438770000
28500,2003-09-19 00:00:00Z,S5 0RY,Terraced,Established,Freehold,58,,FIRCROFT ROAD,SHEFFIELD,SHEFFIELD,SHEFFIELD,SOUTH YORKSHIRE,Standard,Addition,53.4295710000,-1.4425900000
42100,2003-10-24 00:00:00Z,S5 6LW,Terraced,Established,Freehold,28,,FOREMARK ROAD,SHEFFIELD,SHEFFIELD,SHEFFIELD,SOUTH YORKSHIRE,Standard,Addition,53.4204700000,-1.4494650000
62495,2003-04-25 00:00:00Z,S5 6EE,Terraced,New Build,Leasehold,52,,PAVILION WAY,SHEFFIELD,SHEFFIELD,SHEFFIELD,SOUTH YORKSHIRE,Standard,Addition,53.4224830000,-1.4454060000
102495,2003-12-18 00:00:00Z,S5 6ED,Semi-Detached,New Build,Leasehold,61,,PAVILION WAY,SHEFFIELD,SHEFFIELD,SHEFFIELD,SOUTH YORKSHIRE,Standard,Addition,53.4223130000,-1.4456340000
118850,2003-07-28 00:00:00Z,S5 6EE,Detached,New Build,Leasehold,4,,PAVILION WAY,SHEFFIELD,SHEFFIELD,SHEFFIELD,SOUTH YORKSHIRE,Standard,Addition,53.4224830000,-1.4454060000
60000,2003-12-12 00:00:00Z,S5 6NA,Semi-Detached,Established,Freehold,14,,ILKLEY ROAD,SHEFFIELD,SHEFFIELD,SHEFFIELD,SOUTH YORKSHIRE,Standard,Addition,53.4235650000,-1.4499820000
86995,2003-09-26 00:00:00Z,S5 6EF,Terraced,New Build,Leasehold,21,,KEEPERS CLOSE,SHEFFIELD,SHEFFIELD,SHEFFIELD,SOUTH YORKSHIRE,Standard,Addition,53.4217820000,-1.4454600000
85650,2003-12-19 00:00:00Z,S5 6ED,Terraced,New Build,Leasehold,59,,PAVILION WAY,SHEFFIELD,SHEFFIELD,SHEFFIELD,SOUTH YORKSHIRE,Standard,Addition,53.4223130000,-1.4456340000
82895,2003-03-14 00:00:00Z,S5 6EE,Terraced,New Build,Leasehold,24,,PAVILION WAY,SHEFFIELD,SHEFFIELD,SHEFFIELD,SOUTH YORKSHIRE,Standard,Addition,53.4224830000,-1.4454060000
100450,2003-12-12 00:00:00Z,S5 6EF,Semi-Detached,New Build,Leasehold,5,,KEEPERS CLOSE,SHEFFIELD,SHEFFIELD,SHEFFIELD,SOUTH YORKSHIRE,Standard,Addition,53.4217820000,-1.4454600000
122950,2004-07-28 00:00:00Z,S5 6EE,Terraced,Established,Freehold,64,,PAVILION WAY,SHEFFIELD,SHEFFIELD,SHEFFIELD,SOUTH YORKSHIRE,Standard,Addition,53.4224830000,-1.4454060000
109830,2004-04-20 00:00:00Z,S5 6EE,Terraced,New Build,Freehold,64,,PAVILION WAY,SHEFFIELD,SHEFFIELD,SHEFFIELD,SOUTH YORKSHIRE,Standard,Addition,53.4224830000,-1.4454060000
111950,2004-12-23 00:00:00Z,S5 6EE,Flats/Maisonettes,New Build,Leasehold,90,,PAVILION WAY,,SHEFFIELD,SHEFFIELD,SOUTH YORKSHIRE,Standard,Addition,53.4224830000,-1.4454060000
48000,2004-01-09 00:00:00Z,S5 0TJ,Terraced,Established,Freehold,181,,OAKS FOLD ROAD,SHEFFIELD,SHEFFIELD,SHEFFIELD,SOUTH YORKSHIRE,Standard,Addition,53.4264850000,-1.4400570000
89950,2004-05-28 00:00:00Z,S5 6EE,Terraced,New Build,Leasehold,72,,PAVILION WAY,SHEFFIELD,SHEFFIELD,SHEFFIELD,SOUTH YORKSHIRE,Standard,Addition,53.4224830000,-1.4454060000
110895,2004-05-24 00:00:00Z,S5 6EE,Semi-Detached,New Build,Leasehold,70,,PAVILION WAY,SHEFFIELD,SHEFFIELD,SHEFFIELD,SOUTH YORKSHIRE,Standard,Addition,53.4224830000,-1.4454060000
96250,2004-08-06 00:00:00Z,S5 6EF,Terraced,Established,Freehold,9,,KEEPERS CLOSE,SHEFFIELD,SHEFFIELD,SHEFFIELD,SOUTH YORKSHIRE,Standard,Addition,53.4217820000,-1.4454600000
72500,2004-05-21 00:00:00Z,S5 0RF,Terraced,Established,Freehold,438,,BELLHOUSE ROAD,SHEFFIELD,SHEFFIELD,SHEFFIELD,SOUTH YORKSHIRE,Standard,Addition,53.4276890000,-1.4419220000
139990,2004-06-01 00:00:00Z,S5 6EE,Detached,Established,Freehold,134,,PAVILION WAY,SHEFFIELD,SHEFFIELD,SHEFFIELD,SOUTH YORKSHIRE,Standard,Addition,53.4224830000,-1.4454060000
123180,2004-11-30 00:00:00Z,S5 6EE,Terraced,Established,Freehold,98,,PAVILION WAY,SHEFFIELD,SHEFFIELD,SHEFFIELD,SOUTH YORKSHIRE,Standard,Addition,53.4224830000,-1.4454060000
76000,2004-12-10 00:00:00Z,S5 0RW,Semi-Detached,Established,Freehold,36,,GREGG HOUSE CRESCENT,,SHEFFIELD,SHEFFIELD,SOUTH YORKSHIRE,Standard,Addition,53.4280030000,-1.4457260000
22800,2004-03-08 00:00:00Z,S5 0JW,Semi-Detached,Established,Freehold,101,,GREGG HOUSE ROAD,SHEFFIELD,SHEFFIELD,SHEFFIELD,SOUTH YORKSHIRE,Standard,Addition,53.4279050000,-1.4497450000
106330,2004-07-30 00:00:00Z,S5 6EE,Terraced,New Build,Leasehold,114,,PAVILION WAY,SHEFFIELD,SHEFFIELD,SHEFFIELD,SOUTH YORKSHIRE,Standard,Addition,53.4224830000,-1.4454060000
115800,2004-02-20 00:00:00Z,S5 6ED,Terraced,New Build,Freehold,45,,PAVILION WAY,SHEFFIELD,SHEFFIELD,SHEFFIELD,SOUTH YORKSHIRE,Standard,Addition,53.4223130000,-1.4456340000
49950,2004-07-09 00:00:00Z,S5 6FS,Semi-Detached,Established,Freehold,73,,PRIMROSE AVENUE,SHEFFIELD,SHEFFIELD,SHEFFIELD,SOUTH YORKSHIRE,Standard,Addition,53.4206100000,-1.4427520000
109460,2004-12-22 00:00:00Z,S5 6EE,Terraced,Established,Freehold,82,,PAVILION WAY,SHEFFIELD,SHEFFIELD,SHEFFIELD,SOUTH YORKSHIRE,Standard,Addition,53.4224830000,-1.4454060000
127635,2004-02-27 00:00:00Z,S5 6ED,Detached,New Build,Freehold,65,,PAVILION WAY,SHEFFIELD,SHEFFIELD,SHEFFIELD,SOUTH YORKSHIRE,Standard,Addition,53.4223130000,-1.4456340000
94650,2004-03-19 00:00:00Z,S5 6EE,Semi-Detached,New Build,Leasehold,62,,PAVILION WAY,SHEFFIELD,SHEFFIELD,SHEFFIELD,SOUTH YORKSHIRE,Standard,Addition,53.4224830000,-1.4454060000
117350,2004-02-27 00:00:00Z,S5 6ED,Semi-Detached,New Build,Freehold,51,,PAVILION WAY,SHEFFIELD,SHEFFIELD,SHEFFIELD,SOUTH YORKSHIRE,Standard,Addition,53.4223130000,-1.4456340000
48000,2004-11-15 00:00:00Z,S5 0RE,Terraced,Established,Leasehold,302,,BELLHOUSE ROAD,,SHEFFIELD,SHEFFIELD,SOUTH YORKSHIRE,Standard,Addition,53.4251310000,-1.4426480000
126950,2004-03-26 00:00:00Z,S5 6ED,Flats/Maisonettes,New Build,Leasehold,53,,PAVILION WAY,SHEFFIELD,SHEFFIELD,SHEFFIELD,SOUTH YORKSHIRE,Standard,Addition,53.4223130000,-1.4456340000
65000,2004-12-17 00:00:00Z,S5 6NN,Semi-Detached,Established,Freehold,26,,SICEY AVENUE,SHEFFIELD,SHEFFIELD,SHEFFIELD,SOUTH YORKSHIRE,Standard,Addition,53.4217450000,-1.4471610000
116235,2004-11-26 00:00:00Z,S5 6EE,Terraced,New Build,Leasehold,104,,PAVILION WAY,SHEFFIELD,SHEFFIELD,SHEFFIELD,SOUTH YORKSHIRE,Standard,Addition,53.4224830000,-1.4454060000
53000,2004-05-28 00:00:00Z,S5 6HZ,Terraced,Established,Freehold,108,,HATFIELD HOUSE LANE,SHEFFIELD,SHEFFIELD,SHEFFIELD,SOUTH YORKSHIRE,Standard,Addition,53.4240450000,-1.4469810000
130030,2004-12-23 00:00:00Z,S5 6EE,Terraced,New Build,Freehold,110,,PAVILION WAY,SHEFFIELD,SHEFFIELD,SHEFFIELD,SOUTH YORKSHIRE,Standard,Addition,53.4224830000,-1.4454060000
124485,2004-12-23 00:00:00Z,S5 6EE,Terraced,New Build,Leasehold,92,,PAVILION WAY,,SHEFFIELD,SHEFFIELD,SOUTH YORKSHIRE,Standard,Addition,53.4224830000,-1.4454060000
70000,2004-11-01 00:00:00Z,S5 6NA,Semi-Detached,Established,Freehold,29,,ILKLEY ROAD,,SHEFFIELD,SHEFFIELD,SOUTH YORKSHIRE,Standard,Addition,53.4235650000,-1.4499820000
40000,2004-08-13 00:00:00Z,S5 0RE,Semi-Detached,Established,Freehold,398,,BELLHOUSE ROAD,SHEFFIELD,SHEFFIELD,SHEFFIELD,SOUTH YORKSHIRE,Standard,Addition,53.4251310000,-1.4426480000
95566,2004-01-13 00:00:00Z,S5 6AE,Semi-Detached,Established,Leasehold,273,,SHIREGREEN LANE,SHEFFIELD,SHEFFIELD,SHEFFIELD,SOUTH YORKSHIRE,Standard,Addition,53.4229060000,-1.4416990000
69000,2004-11-19 00:00:00Z,S5 0JW,Terraced,Established,Freehold,71,,GREGG HOUSE ROAD,SHEFFIELD,SHEFFIELD,SHEFFIELD,SOUTH YORKSHIRE,Standard,Addition,53.4279050000,-1.4497450000
66500,2004-09-29 00:00:00Z,S5 0RE,Terraced,Established,Leasehold,322,,BELLHOUSE ROAD,SHEFFIELD,SHEFFIELD,SHEFFIELD,SOUTH YORKSHIRE,Standard,Addition,53.4251310000,-1.4426480000
99575,2004-03-18 00:00:00Z,S5 6EE,Terraced,New Build,Freehold,56,,PAVILION WAY,SHEFFIELD,SHEFFIELD,SHEFFIELD,SOUTH YORKSHIRE,Standard,Addition,53.4224830000,-1.4454060000
127565,2004-07-07 00:00:00Z,S5 6EE,Terraced,Established,Freehold,120,,PAVILION WAY,SHEFFIELD,SHEFFIELD,SHEFFIELD,SOUTH YORKSHIRE,Standard,Addition,53.4224830000,-1.4454060000
92650,2004-08-17 00:00:00Z,S5 6EE,Terraced,New Build,Leasehold,122,,PAVILION WAY,SHEFFIELD,SHEFFIELD,SHEFFIELD,SOUTH YORKSHIRE,Standard,Addition,53.4224830000,-1.4454060000
134995,2004-05-27 00:00:00Z,S5 6EE,Detached,New Build,Leasehold,136,,PAVILION WAY,SHEFFIELD,SHEFFIELD,SHEFFIELD,SOUTH YORKSHIRE,Standard,Addition,53.4224830000,-1.4454060000
68000,2004-06-04 00:00:00Z,S5 0TJ,Terraced,Established,Freehold,191,,OAKS FOLD ROAD,SHEFFIELD,SHEFFIELD,SHEFFIELD,SOUTH YORKSHIRE,Standard,Addition,53.4264850000,-1.4400570000
96400,2004-11-29 00:00:00Z,S5 6EE,Semi-Detached,New Build,Leasehold,106,,PAVILION WAY,,SHEFFIELD,SHEFFIELD,SOUTH YORKSHIRE,Standard,Addition,53.4224830000,-1.4454060000
90910,2004-05-28 00:00:00Z,S5 6EE,Terraced,New Build,Freehold,74,,PAVILION WAY,SHEFFIELD,SHEFFIELD,SHEFFIELD,SOUTH YORKSHIRE,Standard,Addition,53.4224830000,-1.4454060000
86500,2004-07-23 00:00:00Z,S5 6EF,Flats/Maisonettes,Established,Leasehold,42,,KEEPERS CLOSE,SHEFFIELD,SHEFFIELD,SHEFFIELD,SOUTH YORKSHIRE,Standard,Addition,53.4217820000,-1.4454600000
131030,2004-12-20 00:00:00Z,S5 6EE,Terraced,New Build,Freehold,86,,PAVILION WAY,SHEFFIELD,SHEFFIELD,SHEFFIELD,SOUTH YORKSHIRE,Standard,Addition,53.4224830000,-1.4454060000
80695,2004-03-22 00:00:00Z,S5 6EE,Terraced,New Build,Leasehold,58,,PAVILION WAY,SHEFFIELD,SHEFFIELD,SHEFFIELD,SOUTH YORKSHIRE,Standard,Addition,53.4224830000,-1.4454060000
59950,2004-05-07 00:00:00Z,S5 0NE,Semi-Detached,Established,Freehold,11A,,HOMESTEAD CLOSE,SHEFFIELD,SHEFFIELD,SHEFFIELD,SOUTH YORKSHIRE,Standard,Addition,53.4273020000,-1.4495870000
85000,2004-11-12 00:00:00Z,S5 0TA,Terraced,Established,Freehold,19,,OAKS LANE,SHEFFIELD,SHEFFIELD,SHEFFIELD,SOUTH YORKSHIRE,Standard,Addition,53.4256480000,-1.4417380000
60000,2004-06-28 00:00:00Z,S5 0RE,Terraced,Established,Freehold,402,,BELLHOUSE ROAD,SHEFFIELD,SHEFFIELD,SHEFFIELD,SOUTH YORKSHIRE,Standard,Addition,53.4251310000,-1.4426480000
65000,2004-12-10 00:00:00Z,S5 6HY,Terraced,Established,Freehold,283,,HATFIELD HOUSE LANE,SHEFFIELD,SHEFFIELD,SHEFFIELD,SOUTH YORKSHIRE,Standard,Addition,53.4243760000,-1.4446290000
110675,2004-05-28 00:00:00Z,S5 6EE,Terraced,New Build,Freehold,66,,PAVILION WAY,SHEFFIELD,SHEFFIELD,SHEFFIELD,SOUTH YORKSHIRE,Standard,Addition,53.4224830000,-1.4454060000
48500,2004-08-26 00:00:00Z,S5 0RR,Terraced,Established,Freehold,8,,SICEY LANE,SHEFFIELD,SHEFFIELD,SHEFFIELD,SOUTH YORKSHIRE,Standard,Addition,53.4298300000,-1.4461840000
77500,2004-05-28 00:00:00Z,S5 0RJ,Semi-Detached,Established,Freehold,205,,SICEY AVENUE,SHEFFIELD,SHEFFIELD,SHEFFIELD,SOUTH YORKSHIRE,Standard,Addition,53.4284570000,-1.4466530000
150000,2004-08-13 00:00:00Z,S5 6ED,Detached,Established,Leasehold,67,,PAVILION WAY,SHEFFIELD,SHEFFIELD,SHEFFIELD,SOUTH YORKSHIRE,Standard,Addition,53.4223130000,-1.4456340000
111195,2004-05-28 00:00:00Z,S5 6EE,Semi-Detached,New Build,Leasehold,76,,PAVILION WAY,SHEFFIELD,SHEFFIELD,SHEFFIELD,SOUTH YORKSHIRE,Standard,Addition,53.4224830000,-1.4454060000
105550,2004-01-30 00:00:00Z,S5 6ED,Semi-Detached,New Build,Leasehold,55,,PAVILION WAY,SHEFFIELD,SHEFFIELD,SHEFFIELD,SOUTH YORKSHIRE,Standard,Addition,53.4223130000,-1.4456340000
89155,2004-02-27 00:00:00Z,S5 6EE,Terraced,New Build,Freehold,60,,PAVILION WAY,SHEFFIELD,SHEFFIELD,SHEFFIELD,SOUTH YORKSHIRE,Standard,Addition,53.4224830000,-1.4454060000
24790,2004-02-16 00:00:00Z,S5 6LD,Terraced,Established,Freehold,34,,TORKSEY ROAD,SHEFFIELD,SHEFFIELD,SHEFFIELD,SOUTH YORKSHIRE,Standard,Addition,53.4229150000,-1.4454760000
78000,2004-07-19 00:00:00Z,S5 0TJ,Semi-Detached,Established,Freehold,162,,OAKS FOLD ROAD,SHEFFIELD,SHEFFIELD,SHEFFIELD,SOUTH YORKSHIRE,Standard,Addition,53.4264850000,-1.4400570000
79350,2004-08-13 00:00:00Z,S5 6EE,Terraced,New Build,Leasehold,124,,PAVILION WAY,,SHEFFIELD,SHEFFIELD,SOUTH YORKSHIRE,Standard,Addition,53.4224830000,-1.4454060000
68500,2004-02-06 00:00:00Z,S5 0RX,Semi-Detached,Established,Freehold,4,,FIRCROFT ROAD,SHEFFIELD,SHEFFIELD,SHEFFIELD,SOUTH YORKSHIRE,Standard,Addition,53.4274460000,-1.4438210000
116430,2004-07-30 00:00:00Z,S5 6EE,Terraced,New Build,Freehold,116,,PAVILION WAY,SHEFFIELD,SHEFFIELD,SHEFFIELD,SOUTH YORKSHIRE,Standard,Addition,53.4224830000,-1.4454060000
109595,2004-06-28 00:00:00Z,S5 6EE,Terraced,New Build,Leasehold,126,,PAVILION WAY,SHEFFIELD,SHEFFIELD,SHEFFIELD,SOUTH YORKSHIRE,Standard,Addition,53.4224830000,-1.4454060000
104250,2004-12-17 00:00:00Z,S5 6EE,Flats/Maisonettes,New Build,Leasehold,94,,PAVILION WAY,SHEFFIELD,SHEFFIELD,SHEFFIELD,SOUTH YORKSHIRE,Standard,Addition,53.4224830000,-1.4454060000
54000,2004-11-01 00:00:00Z,S5 0SB,Terraced,Established,Freehold,36,,FIRCROFT AVENUE,SHEFFIELD,SHEFFIELD,SHEFFIELD,SOUTH YORKSHIRE,Standard,Addition,53.4276830000,-1.4444810000
116235,2004-12-02 00:00:00Z,S5 6EE,Terraced,New Build,Leasehold,100,,PAVILION WAY,SHEFFIELD,SHEFFIELD,SHEFFIELD,SOUTH YORKSHIRE,Standard,Addition,53.4224830000,-1.4454060000
105550,2004-04-08 00:00:00Z,S5 6EE,Semi-Detached,New Build,Leasehold,68,,PAVILION WAY,SHEFFIELD,SHEFFIELD,SHEFFIELD,SOUTH YORKSHIRE,Standard,Addition,53.4224830000,-1.4454060000
132035,2004-04-06 00:00:00Z,S5 6ED,Detached,New Build,Freehold,69,,PAVILION WAY,SHEFFIELD,SHEFFIELD,SHEFFIELD,SOUTH YORKSHIRE,Standard,Addition,53.4223130000,-1.4456340000
157950,2004-08-27 00:00:00Z,S5 6EE,Flats/Maisonettes,New Build,Leasehold,138,,PAVILION WAY,SHEFFIELD,SHEFFIELD,SHEFFIELD,SOUTH YORKSHIRE,Standard,Addition,53.4224830000,-1.4454060000
103250,2004-02-27 00:00:00Z,S5 6ED,Terraced,New Build,Leasehold,47,,PAVILION WAY,SHEFFIELD,SHEFFIELD,SHEFFIELD,SOUTH YORKSHIRE,Standard,Addition,53.4223130000,-1.4456340000
59000,2004-01-15 00:00:00Z,S5 0RY,Semi-Detached,Established,Freehold,56,,FIRCROFT ROAD,SHEFFIELD,SHEFFIELD,SHEFFIELD,SOUTH YORKSHIRE,Standard,Addition,53.4295710000,-1.4425900000
139500,2004-05-14 00:00:00Z,S5 6ED,Detached,Established,Freehold,65,,PAVILION WAY,SHEFFIELD,SHEFFIELD,SHEFFIELD,SOUTH YORKSHIRE,Standard,Addition,53.4223130000,-1.4456340000
59950,2004-07-01 00:00:00Z,S5 0JG,Semi-Detached,Established,Freehold,89,,WHEATFIELD CRESCENT,SHEFFIELD,SHEFFIELD,SHEFFIELD,SOUTH YORKSHIRE,Standard,Addition,53.4289970000,-1.4468260000
84155,2004-10-29 00:00:00Z,S5 6EE,Terraced,New Build,Leasehold,108,,PAVILION WAY,SHEFFIELD,SHEFFIELD,SHEFFIELD,SOUTH YORKSHIRE,Standard,Addition,53.4224830000,-1.4454060000
90120,2004-12-23 00:00:00Z,S5 6EE,Flats/Maisonettes,New Build,Leasehold,96,,PAVILION WAY,SHEFFIELD,SHEFFIELD,SHEFFIELD,SOUTH YORKSHIRE,Standard,Addition,53.4224830000,-1.4454060000
53500,2004-09-20 00:00:00Z,S5 0RE,Terraced,Established,Leasehold,314,,BELLHOUSE ROAD,,SHEFFIELD,SHEFFIELD,SOUTH YORKSHIRE,Standard,Addition,53.4251310000,-1.4426480000
110895,2004-06-28 00:00:00Z,S5 6EE,Terraced,New Build,Leasehold,130,,PAVILION WAY,SHEFFIELD,SHEFFIELD,SHEFFIELD,SOUTH YORKSHIRE,Standard,Addition,53.4224830000,-1.4454060000
78000,2004-06-10 00:00:00Z,S5 0TQ,Semi-Detached,Established,Freehold,130,,MASON LATHE ROAD,SHEFFIELD,SHEFFIELD,SHEFFIELD,SOUTH YORKSHIRE,Standard,Addition,53.4278730000,-1.4408060000
75000,2004-08-13 00:00:00Z,S5 0JS,Terraced,Established,Freehold,1,,GREGG HOUSE ROAD,SHEFFIELD,SHEFFIELD,SHEFFIELD,SOUTH YORKSHIRE,Standard,Addition,53.4266730000,-1.4438770000
131110,2004-04-23 00:00:00Z,S5 6ED,Terraced,Established,Freehold,45,,PAVILION WAY,SHEFFIELD,SHEFFIELD,SHEFFIELD,SOUTH YORKSHIRE,Standard,Addition,53.4223130000,-1.4456340000
132035,2004-02-27 00:00:00Z,S5 6ED,Detached,New Build,Leasehold,63,,PAVILION WAY,SHEFFIELD,SHEFFIELD,SHEFFIELD,SOUTH YORKSHIRE,Standard,Addition,53.4223130000,-1.4456340000
86610,2004-01-30 00:00:00Z,S5 6ED,Terraced,New Build,Freehold,57,,PAVILION WAY,SHEFFIELD,SHEFFIELD,SHEFFIELD,SOUTH YORKSHIRE,Standard,Addition,53.4223130000,-1.4456340000
132350,2004-05-27 00:00:00Z,S5 6EE,Detached,Established,Leasehold,132,,PAVILION WAY,SHEFFIELD,SHEFFIELD,SHEFFIELD,SOUTH YORKSHIRE,Standard,Addition,53.4224830000,-1.4454060000
149200,2004-05-14 00:00:00Z,S5 6ED,Detached,Established,Freehold,69,,PAVILION WAY,SHEFFIELD,SHEFFIELD,SHEFFIELD,SOUTH YORKSHIRE,Standard,Addition,53.4223130000,-1.4456340000
130595,2004-04-19 00:00:00Z,S5 6ED,Detached,New Build,Leasehold,67,,PAVILION WAY,SHEFFIELD,SHEFFIELD,SHEFFIELD,SOUTH YORKSHIRE,Standard,Addition,53.4223130000,-1.4456340000
122850,2004-07-02 00:00:00Z,S5 6EE,Semi-Detached,New Build,Freehold,118,,PAVILION WAY,SHEFFIELD,SHEFFIELD,SHEFFIELD,SOUTH YORKSHIRE,Standard,Addition,53.4224830000,-1.4454060000
112910,2004-12-23 00:00:00Z,S5 6EE,Terraced,New Build,Freehold,80,,PAVILION WAY,SHEFFIELD,SHEFFIELD,SHEFFIELD,SOUTH YORKSHIRE,Standard,Addition,53.4224830000,-1.4454060000
96400,2004-08-27 00:00:00Z,S5 6EE,Terraced,New Build,Leasehold,112,,PAVILION WAY,SHEFFIELD,SHEFFIELD,SHEFFIELD,SOUTH YORKSHIRE,Standard,Addition,53.4224830000,-1.4454060000
62000,2004-12-06 00:00:00Z,S5 0TQ,Semi-Detached,Established,Freehold,165,,MASON LATHE ROAD,SHEFFIELD,SHEFFIELD,SHEFFIELD,SOUTH YORKSHIRE,Standard,Addition,53.4278730000,-1.4408060000
116235,2004-11-26 00:00:00Z,S5 6EE,Terraced,New Build,Leasehold,102,,PAVILION WAY,SHEFFIELD,SHEFFIELD,SHEFFIELD,SOUTH YORKSHIRE,Standard,Addition,53.4224830000,-1.4454060000
123180,2004-06-28 00:00:00Z,S5 6EE,Terraced,New Build,Freehold,128,,PAVILION WAY,SHEFFIELD,SHEFFIELD,SHEFFIELD,SOUTH YORKSHIRE,Standard,Addition,53.4224830000,-1.4454060000
165000,2005-09-16 00:00:00Z,S5 0JX,Detached,Established,Freehold,2A,,MOLINEAUX ROAD,,SHEFFIELD,SHEFFIELD,SOUTH YORKSHIRE,Standard,Addition,53.4251610000,-1.4492090000
117000,2005-04-29 00:00:00Z,S5 6ED,Semi-Detached,Established,Leasehold,55,,PAVILION WAY,SHEFFIELD,SHEFFIELD,SHEFFIELD,SOUTH YORKSHIRE,Standard,Addition,53.4223130000,-1.4456340000
75000,2005-04-01 00:00:00Z,S5 6HR,Flats/Maisonettes,New Build,Leasehold,"HAFFERTY COURT, 261",APARTMENT 19,BELLHOUSE ROAD,SHEFFIELD,SHEFFIELD,SHEFFIELD,SOUTH YORKSHIRE,Standard,Addition,53.4237860000,-1.4434630000
81000,2005-04-29 00:00:00Z,S5 0TB,Semi-Detached,Established,Freehold,13,,OAKS FOLD AVENUE,,SHEFFIELD,SHEFFIELD,SOUTH YORKSHIRE,Standard,Addition,53.4265510000,-1.4407480000
60000,2005-07-15 00:00:00Z,S5 0RE,Terraced,Established,Freehold,300,,BELLHOUSE ROAD,SHEFFIELD,SHEFFIELD,SHEFFIELD,SOUTH YORKSHIRE,Standard,Addition,53.4251310000,-1.4426480000
89950,2005-04-01 00:00:00Z,S5 6HR,Flats/Maisonettes,New Build,Leasehold,"HAFFERTY COURT, 261",APARTMENT 10,BELLHOUSE ROAD,,SHEFFIELD,SHEFFIELD,SOUTH YORKSHIRE,Standard,Addition,53.4237860000,-1.4434630000
65500,2005-11-21 00:00:00Z,S5 0RD,Semi-Detached,Established,Freehold,343,,BELLHOUSE ROAD,SHEFFIELD,SHEFFIELD,SHEFFIELD,SOUTH YORKSHIRE,Standard,Addition,53.4254650000,-1.4430500000
125000,2005-12-22 00:00:00Z,S5 6NN,Semi-Detached,Established,Leasehold,62A,,SICEY AVENUE,,SHEFFIELD,SHEFFIELD,SOUTH YORKSHIRE,Standard,Addition,53.4217450000,-1.4471610000
89950,2005-09-09 00:00:00Z,S5 6HR,Flats/Maisonettes,New Build,Leasehold,"HAFFERTY COURT, 261",APARTMENT 11,BELLHOUSE ROAD,,SHEFFIELD,SHEFFIELD,SOUTH YORKSHIRE,Standard,Addition,53.4237860000,-1.4434630000
80000,2005-05-13 00:00:00Z,S5 0RP,Terraced,Established,Freehold,228,,SICEY AVENUE,,SHEFFIELD,SHEFFIELD,SOUTH YORKSHIRE,Standard,Addition,53.4284360000,-1.4458710000
135030,2005-04-29 00:00:00Z,S5 6EE,Terraced,New Build,Freehold,44,,PAVILION WAY,,SHEFFIELD,SHEFFIELD,SOUTH YORKSHIRE,Standard,Addition,53.4224830000,-1.4454060000
88000,2005-07-29 00:00:00Z,S5 0JG,Semi-Detached,Established,Freehold,29,,WHEATFIELD CRESCENT,SHEFFIELD,SHEFFIELD,SHEFFIELD,SOUTH YORKSHIRE,Standard,Addition,53.4289970000,-1.4468260000
60000,2005-04-29 00:00:00Z,S5 6HR,Flats/Maisonettes,New Build,Leasehold,"HAFFERTY COURT, 261",APARTMENT 7,BELLHOUSE ROAD,,SHEFFIELD,SHEFFIELD,SOUTH YORKSHIRE,Standard,Addition,53.4237860000,-1.4434630000
98000,2005-08-12 00:00:00Z,S5 6ED,Terraced,Established,Freehold,25,,PAVILION WAY,SHEFFIELD,SHEFFIELD,SHEFFIELD,SOUTH YORKSHIRE,Standard,Addition,53.4223130000,-1.4456340000
89950,2005-08-16 00:00:00Z,S5 6HR,Flats/Maisonettes,New Build,Leasehold,"HAFFERTY COURT, 261",APARTMENT 1,BELLHOUSE ROAD,,SHEFFIELD,SHEFFIELD,SOUTH YORKSHIRE,Standard,Addition,53.4237860000,-1.4434630000
112500,2005-06-30 00:00:00Z,S5 6HQ,Flats/Maisonettes,New Build,Leasehold,221,,BELLHOUSE ROAD,,SHEFFIELD,SHEFFIELD,SOUTH YORKSHIRE,Standard,Addition,53.4223940000,-1.4437520000
76000,2005-09-15 00:00:00Z,S5 0RP,Semi-Detached,Established,Freehold,246,,SICEY AVENUE,,SHEFFIELD,SHEFFIELD,SOUTH YORKSHIRE,Standard,Addition,53.4284360000,-1.4458710000
103950,2005-06-30 00:00:00Z,S5 6HQ,Flats/Maisonettes,New Build,Leasehold,213,,BELLHOUSE ROAD,,SHEFFIELD,SHEFFIELD,SOUTH YORKSHIRE,Standard,Addition,53.4223940000,-1.4437520000
105500,2005-05-04 00:00:00Z,S5 0RF,Semi-Detached,Established,Leasehold,474A,,BELLHOUSE ROAD,SHEFFIELD,SHEFFIELD,SHEFFIELD,SOUTH YORKSHIRE,Standard,Addition,53.4276890000,-1.4419220000
80750,2005-12-15 00:00:00Z,S5 0RD,Terraced,Established,Leasehold,307,,BELLHOUSE ROAD,SHEFFIELD,SHEFFIELD,SHEFFIELD,SOUTH YORKSHIRE,Standard,Addition,53.4254650000,-1.4430500000
72000,2005-10-11 00:00:00Z,S5 6HT,Terraced,Established,Leasehold,236,,BELLHOUSE ROAD,SHEFFIELD,SHEFFIELD,SHEFFIELD,SOUTH YORKSHIRE,Standard,Addition,53.4223020000,-1.4433170000
79950,2005-11-24 00:00:00Z,S5 6HR,Flats/Maisonettes,New Build,Leasehold,"HAFFERTY COURT, 261",APARTMENT 26,BELLHOUSE ROAD,,SHEFFIELD,SHEFFIELD,SOUTH YORKSHIRE,Standard,Addition,53.4237860000,-1.4434630000
74950,2005-12-06 00:00:00Z,S5 0NF,Semi-Detached,Established,Freehold,10,,MOLINEAUX CLOSE,SHEFFIELD,SHEFFIELD,SHEFFIELD,SOUTH YORKSHIRE,Standard,Addition,53.4260310000,-1.4488810000
88950,2005-04-13 00:00:00Z,S5 6HR,Flats/Maisonettes,New Build,Leasehold,"HAFFERTY COURT, 261",APARTMENT 20,BELLHOUSE ROAD,,SHEFFIELD,SHEFFIELD,SOUTH YORKSHIRE,Standard,Addition,53.4237860000,-1.4434630000
77000,2005-04-15 00:00:00Z,S5 0SB,Terraced,Established,Freehold,71,,FIRCROFT AVENUE,,SHEFFIELD,SHEFFIELD,SOUTH YORKSHIRE,Standard,Addition,53.4276830000,-1.4444810000
83000,2005-03-24 00:00:00Z,S5 6EF,Flats/Maisonettes,Established,Leasehold,50,,KEEPERS CLOSE,,SHEFFIELD,SHEFFIELD,SOUTH YORKSHIRE,Standard,Addition,53.4217820000,-1.4454600000
86000,2005-06-10 00:00:00Z,S5 6LE,Terraced,Established,Freehold,2,,VERDANT WAY,,SHEFFIELD,SHEFFIELD,SOUTH YORKSHIRE,Standard,Addition,53.4235670000,-1.4447000000
87500,2005-02-11 00:00:00Z,S5 0TJ,Semi-Detached,Established,Freehold,166,,OAKS FOLD ROAD,,SHEFFIELD,SHEFFIELD,SOUTH YORKSHIRE,Standard,Addition,53.4264850000,-1.4400570000
63000,2005-12-09 00:00:00Z,S5 0RR,Terraced,Established,Freehold,4,,SICEY LANE,SHEFFIELD,SHEFFIELD,SHEFFIELD,SOUTH YORKSHIRE,Standard,Addition,53.4298300000,-1.4461840000
127925,2005-12-21 00:00:00Z,S5 6GY,Semi-Detached,New Build,Leasehold,11,,FIELDER MEWS,,SHEFFIELD,SHEFFIELD,SOUTH YORKSHIRE,Standard,Addition,53.4227200000,-1.4441990000
65000,2005-03-04 00:00:00Z,S5 6FS,Terraced,Established,Freehold,78,,PRIMROSE AVENUE,,SHEFFIELD,SHEFFIELD,SOUTH YORKSHIRE,Standard,Addition,53.4206100000,-1.4427520000
94950,2005-07-29 00:00:00Z,S5 6HR,Flats/Maisonettes,New Build,Leasehold,"HAFFERTY COURT, 261",APARTMENT 24,BELLHOUSE ROAD,,SHEFFIELD,SHEFFIELD,SOUTH YORKSHIRE,Standard,Addition,53.4237860000,-1.4434630000
72000,2005-07-15 00:00:00Z,S5 0TQ,Terraced,Established,Freehold,126,,MASON LATHE ROAD,SHEFFIELD,SHEFFIELD,SHEFFIELD,SOUTH YORKSHIRE,Standard,Addition,53.4278730000,-1.4408060000
60000,2005-06-03 00:00:00Z,S5 6HR,Flats/Maisonettes,New Build,Leasehold,"HAFFERTY COURT, 261",APARTMENT 9,BELLHOUSE ROAD,,SHEFFIELD,SHEFFIELD,SOUTH YORKSHIRE,Standard,Addition,53.4237860000,-1.4434630000
87950,2005-04-29 00:00:00Z,S5 6HR,Flats/Maisonettes,New Build,Leasehold,"HAFFERTY COURT, 261",APARTMENT 15,BELLHOUSE ROAD,,SHEFFIELD,SHEFFIELD,SOUTH YORKSHIRE,Standard,Addition,53.4237860000,-1.4434630000
119950,2005-11-04 00:00:00Z,S5 6AE,Semi-Detached,Established,Freehold,275,,SHIREGREEN LANE,SHEFFIELD,SHEFFIELD,SHEFFIELD,SOUTH YORKSHIRE,Standard,Addition,53.4229060000,-1.4416990000
144950,2005-06-30 00:00:00Z,S5 6EE,Semi-Detached,New Build,Leasehold,48,,PAVILION WAY,,SHEFFIELD,SHEFFIELD,SOUTH YORKSHIRE,Standard,Addition,53.4224830000,-1.4454060000
69950,2005-07-22 00:00:00Z,S5 0TR,Terraced,Established,Freehold,166,,MASON LATHE ROAD,SHEFFIELD,SHEFFIELD,SHEFFIELD,SOUTH YORKSHIRE,Standard,Addition,53.4260760000,-1.4411000000
80000,2005-09-30 00:00:00Z,S5 6HZ,Terraced,Established,Freehold,120,,HATFIELD HOUSE LANE,SHEFFIELD,SHEFFIELD,SHEFFIELD,SOUTH YORKSHIRE,Standard,Addition,53.4240450000,-1.4469810000
120000,2005-08-12 00:00:00Z,S5 6EF,Semi-Detached,Established,Leasehold,11,,KEEPERS CLOSE,,SHEFFIELD,SHEFFIELD,SOUTH YORKSHIRE,Standard,Addition,53.4217820000,-1.4454600000
134860,2005-02-28 00:00:00Z,S5 6EE,Semi-Detached,New Build,Freehold,78,,PAVILION WAY,,SHEFFIELD,SHEFFIELD,SOUTH YORKSHIRE,Standard,Addition,53.4224830000,-1.4454060000
121975,2005-12-21 00:00:00Z,S5 6GY,Terraced,New Build,Leasehold,7,,FIELDER MEWS,,SHEFFIELD,SHEFFIELD,SOUTH YORKSHIRE,Standard,Addition,53.4227200000,-1.4441990000
118500,2005-01-28 00:00:00Z,S5 6EE,Terraced,Established,Leasehold,38,,PAVILION WAY,,SHEFFIELD,SHEFFIELD,SOUTH YORKSHIRE,Standard,Addition,53.4224830000,-1.4454060000
100000,2005-10-05 00:00:00Z,S5 6HR,Flats/Maisonettes,New Build,Leasehold,"HAFFERTY COURT, 261",APARTMENT 8,BELLHOUSE ROAD,,SHEFFIELD,SHEFFIELD,SOUTH YORKSHIRE,Standard,Addition,53.4237860000,-1.4434630000
68000,2005-05-27 00:00:00Z,S5 0RE,Terraced,Established,Leasehold,320,,BELLHOUSE ROAD,SHEFFIELD,SHEFFIELD,SHEFFIELD,SOUTH YORKSHIRE,Standard,Addition,53.4251310000,-1.4426480000
89950,2005-06-29 00:00:00Z,S5 6HR,Flats/Maisonettes,New Build,Leasehold,"HAFFERTY COURT, 261",APARTMENT 6,BELLHOUSE ROAD,,SHEFFIELD,SHEFFIELD,SOUTH YORKSHIRE,Standard,Addition,53.4237860000,-1.4434630000
85000,2005-07-11 00:00:00Z,S5 0JS,Terraced,Established,Freehold,1,,GREGG HOUSE ROAD,SHEFFIELD,SHEFFIELD,SHEFFIELD,SOUTH YORKSHIRE,Standard,Addition,53.4266730000,-1.4438770000
130950,2005-05-27 00:00:00Z,S5 6EE,Semi-Detached,New Build,Leasehold,46,,PAVILION WAY,,SHEFFIELD,SHEFFIELD,SOUTH YORKSHIRE,Standard,Addition,53.4224830000,-1.4454060000
95000,2005-03-21 00:00:00Z,S5 0TQ,Semi-Detached,Established,Freehold,146,,MASON LATHE ROAD,,SHEFFIELD,SHEFFIELD,SOUTH YORKSHIRE,Standard,Addition,53.4278730000,-1.4408060000
107460,2005-01-05 00:00:00Z,S5 6EE,Terraced,New Build,Freehold,88,,PAVILION WAY,,SHEFFIELD,SHEFFIELD,SOUTH YORKSHIRE,Standard,Addition,53.4224830000,-1.4454060000
65000,2005-03-23 00:00:00Z,S5 0TQ,Terraced,Established,Freehold,155,,MASON LATHE ROAD,SHEFFIELD,SHEFFIELD,SHEFFIELD,SOUTH YORKSHIRE,Standard,Addition,53.4278730000,-1.4408060000
127925,2005-12-21 00:00:00Z,S5 6GY,Terraced,New Build,Leasehold,5,,FIELDER MEWS,,SHEFFIELD,SHEFFIELD,SOUTH YORKSHIRE,Standard,Addition,53.4227200000,-1.4441990000
87000,2005-04-18 00:00:00Z,S5 6HR,Flats/Maisonettes,New Build,Leasehold,"HAFFERTY COURT, 261",APARTMENT 12,BELLHOUSE ROAD,,SHEFFIELD,SHEFFIELD,SOUTH YORKSHIRE,Standard,Addition,53.4237860000,-1.4434630000
94950,2005-12-09 00:00:00Z,S5 6HR,Flats/Maisonettes,New Build,Leasehold,"HAFFERTY COURT, 261",APARTMENT 22,BELLHOUSE ROAD,,SHEFFIELD,SHEFFIELD,SOUTH YORKSHIRE,Standard,Addition,53.4237860000,-1.4434630000
112500,2005-06-30 00:00:00Z,S5 6HQ,Flats/Maisonettes,New Build,Leasehold,223,,BELLHOUSE ROAD,,SHEFFIELD,SHEFFIELD,SOUTH YORKSHIRE,Standard,Addition,53.4223940000,-1.4437520000
80750,2005-12-15 00:00:00Z,S5 0RD,Terraced,Established,Freehold,307,,BELLHOUSE ROAD,SHEFFIELD,SHEFFIELD,SHEFFIELD,SOUTH YORKSHIRE,Standard,Addition,53.4254650000,-1.4430500000
135030,2005-04-19 00:00:00Z,S5 6EE,Semi-Detached,New Build,Freehold,84,,PAVILION WAY,,SHEFFIELD,SHEFFIELD,SOUTH YORKSHIRE,Standard,Addition,53.4224830000,-1.4454060000
89950,2005-04-20 00:00:00Z,S5 6HR,Flats/Maisonettes,New Build,Leasehold,"HAFFERTY COURT, 261",APARTMENT 23,BELLHOUSE ROAD,,SHEFFIELD,SHEFFIELD,SOUTH YORKSHIRE,Standard,Addition,53.4237860000,-1.4434630000
100000,2005-08-05 00:00:00Z,S5 0TQ,Semi-Detached,Established,Freehold,148,,MASON LATHE ROAD,SHEFFIELD,SHEFFIELD,SHEFFIELD,SOUTH YORKSHIRE,Standard,Addition,53.4278730000,-1.4408060000
110000,2005-10-21 00:00:00Z,S5 6ED,Terraced,Established,Leasehold,37,,PAVILION WAY,SHEFFIELD,SHEFFIELD,SHEFFIELD,SOUTH YORKSHIRE,Standard,Addition,53.4223130000,-1.4456340000
54000,2005-01-28 00:00:00Z,S5 6HT,Terraced,Established,Leasehold,198,,BELLHOUSE ROAD,,SHEFFIELD,SHEFFIELD,SOUTH YORKSHIRE,Standard,Addition,53.4223020000,-1.4433170000
103950,2005-06-30 00:00:00Z,S5 6HQ,Flats/Maisonettes,New Build,Leasehold,215,,BELLHOUSE ROAD,,SHEFFIELD,SHEFFIELD,SOUTH YORKSHIRE,Standard,Addition,53.4223940000,-1.4437520000
114860,2005-06-10 00:00:00Z,S5 6EE,Terraced,New Build,Freehold,42,,PAVILION WAY,,SHEFFIELD,SHEFFIELD,SOUTH YORKSHIRE,Standard,Addition,53.4224830000,-1.4454060000
75000,2005-06-03 00:00:00Z,S5 0SD,Semi-Detached,Established,Freehold,64,,FIRCROFT AVENUE,SHEFFIELD,SHEFFIELD,SHEFFIELD,SOUTH YORKSHIRE,Standard,Addition,53.4265880000,-1.4447510000
82500,2005-12-16 00:00:00Z,S5 0RR,Semi-Detached,Established,Freehold,31,,SICEY LANE,SHEFFIELD,SHEFFIELD,SHEFFIELD,SOUTH YORKSHIRE,Standard,Addition,53.4298300000,-1.4461840000
167000,2005-05-13 00:00:00Z,S5 0TA,Detached,Established,Freehold,7,,OAKS LANE,SHEFFIELD,SHEFFIELD,SHEFFIELD,SOUTH YORKSHIRE,Standard,Addition,53.4256480000,-1.4417380000
78000,2005-06-02 00:00:00Z,S5 0ND,Semi-Detached,Established,Freehold,108,,HOMESTEAD ROAD,SHEFFIELD,SHEFFIELD,SHEFFIELD,SOUTH YORKSHIRE,Standard,Addition,53.4268220000,-1.4486610000
88500,2005-04-08 00:00:00Z,S5 6HR,Flats/Maisonettes,New Build,Leasehold,"HAFFERTY COURT, 261",APARTMENT 18,BELLHOUSE ROAD,,SHEFFIELD,SHEFFIELD,SOUTH YORKSHIRE,Standard,Addition,53.4237860000,-1.4434630000
65000,2005-10-07 00:00:00Z,S5 0RF,Terraced,Established,Freehold,462,,BELLHOUSE ROAD,SHEFFIELD,SHEFFIELD,SHEFFIELD,SOUTH YORKSHIRE,Standard,Addition,53.4276890000,-1.4419220000
69950,2005-09-30 00:00:00Z,S5 0RE,Terraced,Established,Freehold,358,,BELLHOUSE ROAD,SHEFFIELD,SHEFFIELD,SHEFFIELD,SOUTH YORKSHIRE,Standard,Addition,53.4251310000,-1.4426480000
89950,2005-05-06 00:00:00Z,S5 6HR,Flats/Maisonettes,New Build,Leasehold,"HAFFERTY COURT, 261",APARTMENT 16,BELLHOUSE ROAD,,SHEFFIELD,SHEFFIELD,SOUTH YORKSHIRE,Standard,Addition,53.4237860000,-1.4434630000
86950,2005-04-13 00:00:00Z,S5 6HR,Flats/Maisonettes,New Build,Leasehold,"HAFFERTY COURT, 261",APARTMENT 21,BELLHOUSE ROAD,,SHEFFIELD,SHEFFIELD,SOUTH YORKSHIRE,Standard,Addition,53.4237860000,-1.4434630000
87950,2005-04-08 00:00:00Z,S5 6HR,Flats/Maisonettes,New Build,Leasehold,"HAFFERTY COURT, 261",APARTMENT 14,BELLHOUSE ROAD,,SHEFFIELD,SHEFFIELD,SOUTH YORKSHIRE,Standard,Addition,53.4237860000,-1.4434630000
63500,2005-05-06 00:00:00Z,S5 6HQ,Terraced,Established,Freehold,211,,BELLHOUSE ROAD,SHEFFIELD,SHEFFIELD,SHEFFIELD,SOUTH YORKSHIRE,Standard,Addition,53.4223940000,-1.4437520000
64100,2005-07-29 00:00:00Z,S5 0JS,Semi-Detached,Established,Freehold,5,,GREGG HOUSE ROAD,SHEFFIELD,SHEFFIELD,SHEFFIELD,SOUTH YORKSHIRE,Standard,Addition,53.4266730000,-1.4438770000
73000,2005-11-25 00:00:00Z,S5 0SB,Semi-Detached,Established,Freehold,67,,FIRCROFT AVENUE,SHEFFIELD,SHEFFIELD,SHEFFIELD,SOUTH YORKSHIRE,Standard,Addition,53.4276830000,-1.4444810000
134257,2005-12-21 00:00:00Z,S5 6GY,Semi-Detached,New Build,Leasehold,1,,FIELDER MEWS,,SHEFFIELD,SHEFFIELD,SOUTH YORKSHIRE,Standard,Addition,53.4227200000,-1.4441990000
134257,2005-12-21 00:00:00Z,S5 6GY,Semi-Detached,New Build,Leasehold,3,,FIELDER MEWS,,SHEFFIELD,SHEFFIELD,SOUTH YORKSHIRE,Standard,Addition,53.4227200000,-1.4441990000
60000,2005-04-29 00:00:00Z,S5 6HR,Flats/Maisonettes,New Build,Leasehold,"HAFFERTY COURT, 261",APARTMENT 3,BELLHOUSE ROAD,,SHEFFIELD,SHEFFIELD,SOUTH YORKSHIRE,Standard,Addition,53.4237860000,-1.4434630000
137480,2005-06-23 00:00:00Z,S5 6EE,Detached,New Build,Freehold,40,,PAVILION WAY,,SHEFFIELD,SHEFFIELD,SOUTH YORKSHIRE,Standard,Addition,53.4224830000,-1.4454060000
79000,2005-11-14 00:00:00Z,S5 6NL,Terraced,Established,Freehold,69,,SICEY AVENUE,SHEFFIELD,SHEFFIELD,SHEFFIELD,SOUTH YORKSHIRE,Standard,Addition,53.4230540000,-1.4484690000
107950,2005-06-30 00:00:00Z,S5 6HQ,Flats/Maisonettes,New Build,Leasehold,217,,BELLHOUSE ROAD,,SHEFFIELD,SHEFFIELD,SOUTH YORKSHIRE,Standard,Addition,53.4223940000,-1.4437520000
79950,2006-09-29 00:00:00Z,S5 6EE,Terraced,Established,Leasehold,124,,PAVILION WAY,SHEFFIELD,SHEFFIELD,SHEFFIELD,SOUTH YORKSHIRE,Standard,Addition,53.4224830000,-1.4454060000
78000,2006-04-13 00:00:00Z,S5 6LB,Semi-Detached,Established,Freehold,53,,TORKSEY ROAD,SHEFFIELD,SHEFFIELD,SHEFFIELD,SOUTH YORKSHIRE,Standard,Addition,53.4232190000,-1.4451710000
106500,2006-06-30 00:00:00Z,S5 6GY,Flats/Maisonettes,New Build,Leasehold,10,,FIELDER MEWS,,SHEFFIELD,SHEFFIELD,SOUTH YORKSHIRE,Standard,Addition,53.4227200000,-1.4441990000
74000,2006-07-10 00:00:00Z,S5 0RS,Terraced,Established,Freehold,3,,SHIREGREEN TERRACE,SHEFFIELD,SHEFFIELD,SHEFFIELD,SOUTH YORKSHIRE,Standard,Addition,53.4257960000,-1.4467180000
98175,2006-09-29 00:00:00Z,S5 6GY,Flats/Maisonettes,New Build,Leasehold,8,,FIELDER MEWS,,SHEFFIELD,SHEFFIELD,SOUTH YORKSHIRE,Standard,Addition,53.4227200000,-1.4441990000
110950,2006-06-30 00:00:00Z,S5 6GY,Flats/Maisonettes,Established,Leasehold,18,,FIELDER MEWS,SHEFFIELD,SHEFFIELD,SHEFFIELD,SOUTH YORKSHIRE,Standard,Addition,53.4227200000,-1.4441990000
69950,2006-02-24 00:00:00Z,S5 0RN,Terraced,Established,Freehold,148,,SICEY AVENUE,,SHEFFIELD,SHEFFIELD,SOUTH YORKSHIRE,Standard,Addition,53.4262500000,-1.4475240000
115500,2006-06-30 00:00:00Z,S5 6GY,Flats/Maisonettes,New Build,Leasehold,12,,FIELDER MEWS,,SHEFFIELD,SHEFFIELD,SOUTH YORKSHIRE,Standard,Addition,53.4227200000,-1.4441990000
106500,2006-06-30 00:00:00Z,S5 6GY,Flats/Maisonettes,New Build,Leasehold,16,,FIELDER MEWS,,SHEFFIELD,SHEFFIELD,SOUTH YORKSHIRE,Standard,Addition,53.4227200000,-1.4441990000
99000,2006-05-05 00:00:00Z,S5 0RA,Semi-Detached,Established,Freehold,371,,BELLHOUSE ROAD,SHEFFIELD,SHEFFIELD,SHEFFIELD,SOUTH YORKSHIRE,Standard,Addition,53.4273240000,-1.4426340000
96900,2006-10-29 00:00:00Z,S5 6GY,Flats/Maisonettes,New Build,Leasehold,2,,FIELDER MEWS,,SHEFFIELD,SHEFFIELD,SOUTH YORKSHIRE,Standard,Addition,53.4227200000,-1.4441990000
69950,2006-03-24 00:00:00Z,S5 6HY,Terraced,Established,Leasehold,303,,HATFIELD HOUSE LANE,,SHEFFIELD,SHEFFIELD,SOUTH YORKSHIRE,Standard,Addition,53.4243760000,-1.4446290000
65000,2006-11-17 00:00:00Z,S5 0TA,Semi-Detached,Established,Freehold,21,,OAKS LANE,SHEFFIELD,SHEFFIELD,SHEFFIELD,SOUTH YORKSHIRE,Standard,Addition,53.4256480000,-1.4417380000
106500,2006-06-30 00:00:00Z,S5 6GY,Flats/Maisonettes,New Build,Leasehold,20,,FIELDER MEWS,,SHEFFIELD,SHEFFIELD,SOUTH YORKSHIRE,Standard,Addition,53.4227200000,-1.4441990000
90950,2006-07-14 00:00:00Z,S5 0RA,Terraced,Established,Freehold,395,,BELLHOUSE ROAD,SHEFFIELD,SHEFFIELD,SHEFFIELD,SOUTH YORKSHIRE,Standard,Addition,53.4273240000,-1.4426340000
112500,2006-02-03 00:00:00Z,S5 6ED,Semi-Detached,Established,Leasehold,33,,PAVILION WAY,SHEFFIELD,SHEFFIELD,SHEFFIELD,SOUTH YORKSHIRE,Standard,Addition,53.4223130000,-1.4456340000
77000,2006-11-30 00:00:00Z,S5 0RD,Terraced,Established,Freehold,305,,BELLHOUSE ROAD,SHEFFIELD,SHEFFIELD,SHEFFIELD,SOUTH YORKSHIRE,Standard,Addition,53.4254650000,-1.4430500000
95000,2006-06-16 00:00:00Z,S5 6EE,Terraced,Established,Leasehold,72,,PAVILION WAY,SHEFFIELD,SHEFFIELD,SHEFFIELD,SOUTH YORKSHIRE,Standard,Addition,53.4224830000,-1.4454060000
127000,2006-09-18 00:00:00Z,S5 6EE,Semi-Detached,Established,Leasehold,2,,PAVILION WAY,SHEFFIELD,SHEFFIELD,SHEFFIELD,SOUTH YORKSHIRE,Standard,Addition,53.4224830000,-1.4454060000
120000,2006-12-01 00:00:00Z,S5 6EE,Terraced,Established,Freehold,98,,PAVILION WAY,SHEFFIELD,SHEFFIELD,SHEFFIELD,SOUTH YORKSHIRE,Standard,Addition,53.4224830000,-1.4454060000
83950,2006-08-16 00:00:00Z,S5 0JP,Semi-Detached,Established,Freehold,362,,SHIREHALL ROAD,SHEFFIELD,SHEFFIELD,SHEFFIELD,SOUTH YORKSHIRE,Standard,Addition,53.4287090000,-1.4487110000
90000,2006-06-09 00:00:00Z,S5 6HT,Semi-Detached,Established,Freehold,188,,BELLHOUSE ROAD,SHEFFIELD,SHEFFIELD,SHEFFIELD,SOUTH YORKSHIRE,Standard,Addition,53.4223020000,-1.4433170000
90000,2006-06-23 00:00:00Z,S5 0TJ,Semi-Detached,Established,Freehold,166,,OAKS FOLD ROAD,SHEFFIELD,SHEFFIELD,SHEFFIELD,SOUTH YORKSHIRE,Standard,Addition,53.4264850000,-1.4400570000
65250,2006-06-29 00:00:00Z,S5 6NN,Semi-Detached,Established,Freehold,36,,SICEY AVENUE,SHEFFIELD,SHEFFIELD,SHEFFIELD,SOUTH YORKSHIRE,Standard,Addition,53.4217450000,-1.4471610000
78000,2006-01-30 00:00:00Z,S5 0RH,Semi-Detached,Established,Freehold,159,,SICEY AVENUE,SHEFFIELD,SHEFFIELD,SHEFFIELD,SOUTH YORKSHIRE,Standard,Addition,53.4256970000,-1.4483740000
83000,2006-06-23 00:00:00Z,S5 0RX,Terraced,Established,Freehold,25,,FIRCROFT ROAD,SHEFFIELD,SHEFFIELD,SHEFFIELD,SOUTH YORKSHIRE,Standard,Addition,53.4274460000,-1.4438210000
116000,2006-09-29 00:00:00Z,S5 6EE,Terraced,Established,Leasehold,126,,PAVILION WAY,SHEFFIELD,SHEFFIELD,SHEFFIELD,SOUTH YORKSHIRE,Standard,Addition,53.4224830000,-1.4454060000
87500,2006-02-27 00:00:00Z,S5 6LB,Semi-Detached,Established,Freehold,61,,TORKSEY ROAD,SHEFFIELD,SHEFFIELD,SHEFFIELD,SOUTH YORKSHIRE,Standard,Addition,53.4232190000,-1.4451710000
102000,2006-04-06 00:00:00Z,S5 6EE,Semi-Detached,Established,Leasehold,106,,PAVILION WAY,,SHEFFIELD,SHEFFIELD,SOUTH YORKSHIRE,Standard,Addition,53.4224830000,-1.4454060000
115000,2006-03-17 00:00:00Z,S5 6EE,Terraced,Established,Leasehold,24,,PAVILION WAY,SHEFFIELD,SHEFFIELD,SHEFFIELD,SOUTH YORKSHIRE,Standard,Addition,53.4224830000,-1.4454060000
67000,2006-09-08 00:00:00Z,S5 0TJ,Terraced,Established,Freehold,175,,OAKS FOLD ROAD,SHEFFIELD,SHEFFIELD,SHEFFIELD,SOUTH YORKSHIRE,Standard,Addition,53.4264850000,-1.4400570000
110950,2006-02-20 00:00:00Z,S5 6HQ,Flats/Maisonettes,Established,Leasehold,231,,BELLHOUSE ROAD,SHEFFIELD,SHEFFIELD,SHEFFIELD,SOUTH YORKSHIRE,Standard,Addition,53.4223940000,-1.4437520000
94000,2006-06-23 00:00:00Z,S5 6NL,Semi-Detached,Established,Freehold,53,,SICEY AVENUE,SHEFFIELD,SHEFFIELD,SHEFFIELD,SOUTH YORKSHIRE,Standard,Addition,53.4230540000,-1.4484690000
110950,2006-06-30 00:00:00Z,S5 6GY,Flats/Maisonettes,New Build,Leasehold,6,,FIELDER MEWS,,SHEFFIELD,SHEFFIELD,SOUTH YORKSHIRE,Standard,Addition,53.4227200000,-1.4441990000
81000,2006-03-02 00:00:00Z,S5 0SB,Detached,Established,Freehold,52,,FIRCROFT AVENUE,,SHEFFIELD,SHEFFIELD,SOUTH YORKSHIRE,Standard,Addition,53.4276830000,-1.4444810000
80000,2006-05-17 00:00:00Z,S5 6HR,Flats/Maisonettes,New Build,Leasehold,"HAFFERTY COURT, 261",APARTMENT 17,BELLHOUSE ROAD,,SHEFFIELD,SHEFFIELD,SOUTH YORKSHIRE,Standard,Addition,53.4237860000,-1.4434630000
115500,2006-02-20 00:00:00Z,S5 6HQ,Flats/Maisonettes,Established,Leasehold,233,,BELLHOUSE ROAD,SHEFFIELD,SHEFFIELD,SHEFFIELD,SOUTH YORKSHIRE,Standard,Addition,53.4223940000,-1.4437520000
115500,2006-02-20 00:00:00Z,S5 6HQ,Flats/Maisonettes,Established,Leasehold,235,,BELLHOUSE ROAD,SHEFFIELD,SHEFFIELD,SHEFFIELD,SOUTH YORKSHIRE,Standard,Addition,53.4223940000,-1.4437520000
81000,2006-08-04 00:00:00Z,S5 0RY,Semi-Detached,Established,Freehold,88,,FIRCROFT ROAD,SHEFFIELD,SHEFFIELD,SHEFFIELD,SOUTH YORKSHIRE,Standard,Addition,53.4295710000,-1.4425900000
73000,2006-05-10 00:00:00Z,S5 6HY,Terraced,Established,Freehold,279,,HATFIELD HOUSE LANE,,SHEFFIELD,SHEFFIELD,SOUTH YORKSHIRE,Standard,Addition,53.4243760000,-1.4446290000
72000,2006-08-25 00:00:00Z,S5 0RY,Semi-Detached,Established,Freehold,30,,FIRCROFT ROAD,SHEFFIELD,SHEFFIELD,SHEFFIELD,SOUTH YORKSHIRE,Standard,Addition,53.4295710000,-1.4425900000
75000,2006-05-26 00:00:00Z,S5 0ND,Semi-Detached,Established,Freehold,122,,HOMESTEAD ROAD,SHEFFIELD,SHEFFIELD,SHEFFIELD,SOUTH YORKSHIRE,Standard,Addition,53.4268220000,-1.4486610000
78950,2006-09-01 00:00:00Z,S5 0RS,Terraced,Established,Freehold,5,,SHIREGREEN TERRACE,SHEFFIELD,SHEFFIELD,SHEFFIELD,SOUTH YORKSHIRE,Standard,Addition,53.4257960000,-1.4467180000
75000,2006-07-06 00:00:00Z,S5 0RE,Semi-Detached,Established,Freehold,398,,BELLHOUSE ROAD,SHEFFIELD,SHEFFIELD,SHEFFIELD,SOUTH YORKSHIRE,Standard,Addition,53.4251310000,-1.4426480000
62000,2006-01-23 00:00:00Z,S5 0SD,Semi-Detached,Established,Freehold,70,,FIRCROFT AVENUE,,SHEFFIELD,SHEFFIELD,SOUTH YORKSHIRE,Standard,Addition,53.4265880000,-1.4447510000
106500,2006-02-20 00:00:00Z,S5 6HQ,Flats/Maisonettes,Established,Leasehold,227,,BELLHOUSE ROAD,SHEFFIELD,SHEFFIELD,SHEFFIELD,SOUTH YORKSHIRE,Standard,Addition,53.4223940000,-1.4437520000
79950,2006-10-12 00:00:00Z,S5 0SD,Semi-Detached,Established,Freehold,70,,FIRCROFT AVENUE,SHEFFIELD,SHEFFIELD,SHEFFIELD,SOUTH YORKSHIRE,Standard,Addition,53.4265880000,-1.4447510000
72000,2006-10-27 00:00:00Z,S5 0TA,Flats/Maisonettes,Established,Leasehold,5,,OAKS LANE,SHEFFIELD,SHEFFIELD,SHEFFIELD,SOUTH YORKSHIRE,Standard,Addition,53.4256480000,-1.4417380000
106500,2006-06-30 00:00:00Z,S5 6GY,Flats/Maisonettes,New Build,Leasehold,14,,FIELDER MEWS,,SHEFFIELD,SHEFFIELD,SOUTH YORKSHIRE,Standard,Addition,53.4227200000,-1.4441990000
110950,2006-06-30 00:00:00Z,S5 6GY,Flats/Maisonettes,New Build,Leasehold,18,,FIELDER MEWS,SHEFFIELD,SHEFFIELD,SHEFFIELD,SOUTH YORKSHIRE,Standard,Addition,53.4227200000,-1.4441990000
115500,2006-06-30 00:00:00Z,S5 6GY,Flats/Maisonettes,New Build,Leasehold,24,,FIELDER MEWS,,SHEFFIELD,SHEFFIELD,SOUTH YORKSHIRE,Standard,Addition,53.4227200000,-1.4441990000
129950,2006-10-12 00:00:00Z,S5 6EE,Detached,Established,Leasehold,4,,PAVILION WAY,SHEFFIELD,SHEFFIELD,SHEFFIELD,SOUTH YORKSHIRE,Standard,Addition,53.4224830000,-1.4454060000
95000,2006-09-08 00:00:00Z,S5 0RX,Semi-Detached,Established,Freehold,26,,FIRCROFT ROAD,SHEFFIELD,SHEFFIELD,SHEFFIELD,SOUTH YORKSHIRE,Standard,Addition,53.4274460000,-1.4438210000
83000,2006-12-08 00:00:00Z,S5 6NN,Semi-Detached,Established,Freehold,36,,SICEY AVENUE,SHEFFIELD,SHEFFIELD,SHEFFIELD,SOUTH YORKSHIRE,Standard,Addition,53.4217450000,-1.4471610000
58000,2006-11-07 00:00:00Z,S5 0RF,Terraced,Established,Leasehold,444,,BELLHOUSE ROAD,SHEFFIELD,SHEFFIELD,SHEFFIELD,SOUTH YORKSHIRE,Standard,Addition,53.4276890000,-1.4419220000
106500,2006-02-20 00:00:00Z,S5 6HQ,Flats/Maisonettes,Established,Leasehold,225,,BELLHOUSE ROAD,SHEFFIELD,SHEFFIELD,SHEFFIELD,SOUTH YORKSHIRE,Standard,Addition,53.4223940000,-1.4437520000
96000,2006-07-28 00:00:00Z,S5 6HR,Flats/Maisonettes,Established,Leasehold,"HAFFERTY COURT, 261",APARTMENT 23,BELLHOUSE ROAD,SHEFFIELD,SHEFFIELD,SHEFFIELD,SOUTH YORKSHIRE,Standard,Addition,53.4237860000,-1.4434630000
85000,2006-10-30 00:00:00Z,S5 0JH,Semi-Detached,Established,Freehold,24,,WHEATFIELD CRESCENT,SHEFFIELD,SHEFFIELD,SHEFFIELD,SOUTH YORKSHIRE,Standard,Addition,53.4292090000,-1.4478170000
18750,2006-04-21 00:00:00Z,S5 6NN,Terraced,Established,Leasehold,68A,,SICEY AVENUE,SHEFFIELD,SHEFFIELD,SHEFFIELD,SOUTH YORKSHIRE,Standard,Addition,53.4217450000,-1.4471610000
96900,2006-10-04 00:00:00Z,S5 6GY,Flats/Maisonettes,New Build,Leasehold,4,,FIELDER MEWS,,SHEFFIELD,SHEFFIELD,SOUTH YORKSHIRE,Standard,Addition,53.4227200000,-1.4441990000
110950,2006-02-20 00:00:00Z,S5 6HQ,Flats/Maisonettes,Established,Leasehold,229,,BELLHOUSE ROAD,SHEFFIELD,SHEFFIELD,SHEFFIELD,SOUTH YORKSHIRE,Standard,Addition,53.4223940000,-1.4437520000
80000,2006-05-17 00:00:00Z,S5 6HR,Flats/Maisonettes,New Build,Leasehold,"HAFFERTY COURT, 261",APARTMENT 5,BELLHOUSE ROAD,,SHEFFIELD,SHEFFIELD,SOUTH YORKSHIRE,Standard,Addition,53.4237860000,-1.4434630000
96950,2006-05-05 00:00:00Z,S5 0TA,Terraced,Established,Freehold,23,,OAKS LANE,SHEFFIELD,SHEFFIELD,SHEFFIELD,SOUTH YORKSHIRE,Standard,Addition,53.4256480000,-1.4417380000
109950,2006-02-06 00:00:00Z,S5 6ED,Semi-Detached,Established,Leasehold,33,,PAVILION WAY,SHEFFIELD,SHEFFIELD,SHEFFIELD,SOUTH YORKSHIRE,Standard,Addition,53.4223130000,-1.4456340000
99950,2006-04-05 00:00:00Z,S5 6HR,Flats/Maisonettes,Established,Leasehold,"HAFFERTY COURT, 261",APARTMENT 4,BELLHOUSE ROAD,,SHEFFIELD,SHEFFIELD,SOUTH YORKSHIRE,Standard,Addition,53.4237860000,-1.4434630000
79000,2006-12-18 00:00:00Z,S5 0RF,Terraced,Established,Freehold,466,,BELLHOUSE ROAD,,SHEFFIELD,SHEFFIELD,SOUTH YORKSHIRE,Standard,Addition,53.4276890000,-1.4419220000
25000,2006-03-15 00:00:00Z,S5 0RW,Semi-Detached,Established,Freehold,35,,GREGG HOUSE CRESCENT,SHEFFIELD,SHEFFIELD,SHEFFIELD,SOUTH YORKSHIRE,Standard,Addition,53.4280030000,-1.4457260000
114950,2006-07-17 00:00:00Z,S5 6EE,Terraced,Established,Leasehold,20,,PAVILION WAY,SHEFFIELD,SHEFFIELD,SHEFFIELD,SOUTH YORKSHIRE,Standard,Addition,53.4224830000,-1.4454060000
67000,2006-08-18 00:00:00Z,S5 6NN,Semi-Detached,Established,Freehold,32,,SICEY AVENUE,SHEFFIELD,SHEFFIELD,SHEFFIELD,SOUTH YORKSHIRE,Standard,Addition,53.4217450000,-1.4471610000
76000,2006-09-27 00:00:00Z,S5 6NN,Terraced,Established,Leasehold,52,,SICEY AVENUE,SHEFFIELD,SHEFFIELD,SHEFFIELD,SOUTH YORKSHIRE,Standard,Addition,53.4217450000,-1.4471610000
75000,2006-11-24 00:00:00Z,S5 0NE,Semi-Detached,Established,Freehold,6,,HOMESTEAD CLOSE,SHEFFIELD,SHEFFIELD,SHEFFIELD,SOUTH YORKSHIRE,Standard,Addition,53.4273020000,-1.4495870000
115500,2006-06-30 00:00:00Z,S5 6GY,Flats/Maisonettes,New Build,Leasehold,22,,FIELDER MEWS,,SHEFFIELD,SHEFFIELD,SOUTH YORKSHIRE,Standard,Addition,53.4227200000,-1.4441990000
84000,2006-01-12 00:00:00Z,S5 6EF,Flats/Maisonettes,Established,Leasehold,36,,KEEPERS CLOSE,SHEFFIELD,SHEFFIELD,SHEFFIELD,SOUTH YORKSHIRE,Standard,Addition,53.4217820000,-1.4454600000
118500,2007-07-30 00:00:00Z,S5 6ED,Terraced,Established,Leasehold,31,,PAVILION WAY,SHEFFIELD,SHEFFIELD,SHEFFIELD,SOUTH YORKSHIRE,Standard,Addition,53.4223130000,-1.4456340000
115995,2007-05-22 00:00:00Z,S5 6HQ,Flats/Maisonettes,Established,Leasehold,225,,BELLHOUSE ROAD,SHEFFIELD,SHEFFIELD,SHEFFIELD,SOUTH YORKSHIRE,Standard,Addition,53.4223940000,-1.4437520000
110000,2007-04-12 00:00:00Z,S5 6EE,Terraced,Established,Leasehold,112,,PAVILION WAY,SHEFFIELD,SHEFFIELD,SHEFFIELD,SOUTH YORKSHIRE,Standard,Addition,53.4224830000,-1.4454060000
85000,2007-03-02 00:00:00Z,S5 6FS,Terraced,Established,Freehold,90,,PRIMROSE AVENUE,SHEFFIELD,SHEFFIELD,SHEFFIELD,SOUTH YORKSHIRE,Standard,Addition,53.4206100000,-1.4427520000
101000,2007-05-11 00:00:00Z,S5 6NL,Terraced,Established,Freehold,59,,SICEY AVENUE,SHEFFIELD,SHEFFIELD,SHEFFIELD,SOUTH YORKSHIRE,Standard,Addition,53.4230540000,-1.4484690000
89950,2007-09-18 00:00:00Z,S5 0NF,Semi-Detached,Established,Freehold,3,,MOLINEAUX CLOSE,SHEFFIELD,SHEFFIELD,SHEFFIELD,SOUTH YORKSHIRE,Standard,Addition,53.4260310000,-1.4488810000
101000,2007-03-13 00:00:00Z,S5 6EF,Terraced,Established,Leasehold,7,,KEEPERS CLOSE,SHEFFIELD,SHEFFIELD,SHEFFIELD,SOUTH YORKSHIRE,Standard,Addition,53.4217820000,-1.4454600000
90000,2007-09-07 00:00:00Z,S5 6EF,Flats/Maisonettes,Established,Leasehold,50,,KEEPERS CLOSE,SHEFFIELD,SHEFFIELD,SHEFFIELD,SOUTH YORKSHIRE,Standard,Addition,53.4217820000,-1.4454600000
67000,2007-01-19 00:00:00Z,S5 0JP,Semi-Detached,Established,Freehold,177,,SHIREHALL ROAD,SHEFFIELD,SHEFFIELD,SHEFFIELD,SOUTH YORKSHIRE,Standard,Addition,53.4287090000,-1.4487110000
90000,2007-03-30 00:00:00Z,S5 0JT,Semi-Detached,Established,Freehold,34,,GREGG HOUSE ROAD,SHEFFIELD,SHEFFIELD,SHEFFIELD,SOUTH YORKSHIRE,Standard,Addition,53.4270440000,-1.4461440000
91500,2007-09-03 00:00:00Z,S5 0ND,Terraced,Established,Freehold,97,,HOMESTEAD ROAD,SHEFFIELD,SHEFFIELD,SHEFFIELD,SOUTH YORKSHIRE,Standard,Addition,53.4268220000,-1.4486610000
73000,2007-10-05 00:00:00Z,S5 0RB,Semi-Detached,Established,Freehold,411,,BELLHOUSE ROAD,SHEFFIELD,SHEFFIELD,SHEFFIELD,SOUTH YORKSHIRE,Standard,Addition,53.4296830000,-1.4416550000
129995,2007-11-29 00:00:00Z,S5 6EE,Detached,Established,Freehold,40,,PAVILION WAY,SHEFFIELD,SHEFFIELD,SHEFFIELD,SOUTH YORKSHIRE,Standard,Addition,53.4224830000,-1.4454060000
92500,2007-07-09 00:00:00Z,S5 6EE,Terraced,Established,Freehold,60,,PAVILION WAY,SHEFFIELD,SHEFFIELD,SHEFFIELD,SOUTH YORKSHIRE,Standard,Addition,53.4224830000,-1.4454060000
125995,2007-05-02 00:00:00Z,S5 6HQ,Flats/Maisonettes,Established,Leasehold,233,,BELLHOUSE ROAD,SHEFFIELD,SHEFFIELD,SHEFFIELD,SOUTH YORKSHIRE,Standard,Addition,53.4223940000,-1.4437520000
76000,2007-09-12 00:00:00Z,S5 0SB,Terraced,Established,Freehold,36,,FIRCROFT AVENUE,SHEFFIELD,SHEFFIELD,SHEFFIELD,SOUTH YORKSHIRE,Standard,Addition,53.4276830000,-1.4444810000
90000,2007-08-13 00:00:00Z,S5 6HT,Terraced,Established,Leasehold,220,,BELLHOUSE ROAD,SHEFFIELD,SHEFFIELD,SHEFFIELD,SOUTH YORKSHIRE,Standard,Addition,53.4223020000,-1.4433170000
116950,2007-05-25 00:00:00Z,S5 6EE,Semi-Detached,Established,Leasehold,70,,PAVILION WAY,SHEFFIELD,SHEFFIELD,SHEFFIELD,SOUTH YORKSHIRE,Standard,Addition,53.4224830000,-1.4454060000
87000,2007-06-26 00:00:00Z,S5 0RF,Terraced,Established,Freehold,466,,BELLHOUSE ROAD,SHEFFIELD,SHEFFIELD,SHEFFIELD,SOUTH YORKSHIRE,Standard,Addition,53.4276890000,-1.4419220000
90000,2007-10-11 00:00:00Z,S5 6LW,Terraced,Established,Freehold,28,,FOREMARK ROAD,SHEFFIELD,SHEFFIELD,SHEFFIELD,SOUTH YORKSHIRE,Standard,Addition,53.4204700000,-1.4494650000
71250,2007-01-19 00:00:00Z,S5 0RR,Terraced,Established,Freehold,4,,SICEY LANE,SHEFFIELD,SHEFFIELD,SHEFFIELD,SOUTH YORKSHIRE,Standard,Addition,53.4298300000,-1.4461840000
104950,2007-03-12 00:00:00Z,S5 6ED,Terraced,Established,Freehold,25,,PAVILION WAY,SHEFFIELD,SHEFFIELD,SHEFFIELD,SOUTH YORKSHIRE,Standard,Addition,53.4223130000,-1.4456340000
115955,2007-05-22 00:00:00Z,S5 6HQ,Flats/Maisonettes,Established,Leasehold,227,,BELLHOUSE ROAD,SHEFFIELD,SHEFFIELD,SHEFFIELD,SOUTH YORKSHIRE,Standard,Addition,53.4223940000,-1.4437520000
113000,2007-01-05 00:00:00Z,S5 6ED,Terraced,Established,Leasehold,47,,PAVILION WAY,SHEFFIELD,SHEFFIELD,SHEFFIELD,SOUTH YORKSHIRE,Standard,Addition,53.4223130000,-1.4456340000
88500,2007-01-05 00:00:00Z,S5 6EF,Flats/Maisonettes,Established,Leasehold,24,,KEEPERS CLOSE,SHEFFIELD,SHEFFIELD,SHEFFIELD,SOUTH YORKSHIRE,Standard,Addition,53.4217820000,-1.4454600000
93000,2007-06-04 00:00:00Z,S5 0RD,Terraced,Established,Freehold,345,,BELLHOUSE ROAD,SHEFFIELD,SHEFFIELD,SHEFFIELD,SOUTH YORKSHIRE,Standard,Addition,53.4254650000,-1.4430500000
87500,2007-12-17 00:00:00Z,S5 0RS,Terraced,Established,Freehold,2,,SHIREGREEN TERRACE,SHEFFIELD,SHEFFIELD,SHEFFIELD,SOUTH YORKSHIRE,Standard,Addition,53.4257960000,-1.4467180000
120995,2007-05-22 00:00:00Z,S5 6HQ,Flats/Maisonettes,Established,Leasehold,229,,BELLHOUSE ROAD,SHEFFIELD,SHEFFIELD,SHEFFIELD,SOUTH YORKSHIRE,Standard,Addition,53.4223940000,-1.4437520000
88500,2007-07-05 00:00:00Z,S5 0JG,Semi-Detached,Established,Freehold,23,,WHEATFIELD CRESCENT,SHEFFIELD,SHEFFIELD,SHEFFIELD,SOUTH YORKSHIRE,Standard,Addition,53.4289970000,-1.4468260000
99950,2007-08-13 00:00:00Z,S5 0RP,Semi-Detached,Established,Freehold,212,,SICEY AVENUE,SHEFFIELD,SHEFFIELD,SHEFFIELD,SOUTH YORKSHIRE,Standard,Addition,53.4284360000,-1.4458710000
94995,2007-05-25 00:00:00Z,S5 6FS,Semi-Detached,Established,Freehold,102,,PRIMROSE AVENUE,SHEFFIELD,SHEFFIELD,SHEFFIELD,SOUTH YORKSHIRE,Standard,Addition,53.4206100000,-1.4427520000
106000,2007-08-24 00:00:00Z,S5 6EE,Terraced,Established,Leasehold,122,,PAVILION WAY,SHEFFIELD,SHEFFIELD,SHEFFIELD,SOUTH YORKSHIRE,Standard,Addition,53.4224830000,-1.4454060000
100250,2007-03-22 00:00:00Z,S5 6EF,Terraced,Established,Freehold,19,,KEEPERS CLOSE,SHEFFIELD,SHEFFIELD,SHEFFIELD,SOUTH YORKSHIRE,Standard,Addition,53.4217820000,-1.4454600000
104950,2007-02-02 00:00:00Z,S5 6EE,Semi-Detached,Established,Freehold,8,,PAVILION WAY,SHEFFIELD,SHEFFIELD,SHEFFIELD,SOUTH YORKSHIRE,Standard,Addition,53.4224830000,-1.4454060000
89950,2007-02-16 00:00:00Z,S5 0JH,Terraced,Established,Freehold,2,,WHEATFIELD CRESCENT,SHEFFIELD,SHEFFIELD,SHEFFIELD,SOUTH YORKSHIRE,Standard,Addition,53.4292090000,-1.4478170000
130000,2007-03-30 00:00:00Z,S5 0RF,Semi-Detached,Established,Freehold,406,,BELLHOUSE ROAD,SHEFFIELD,SHEFFIELD,SHEFFIELD,SOUTH YORKSHIRE,Standard,Addition,53.4276890000,-1.4419220000
114950,2007-09-28 00:00:00Z,S5 6ED,Terraced,Established,Leasehold,39,,PAVILION WAY,SHEFFIELD,SHEFFIELD,SHEFFIELD,SOUTH YORKSHIRE,Standard,Addition,53.4223130000,-1.4456340000
89950,2007-11-09 00:00:00Z,S5 6HT,Terraced,Established,Leasehold,200,,BELLHOUSE ROAD,SHEFFIELD,SHEFFIELD,SHEFFIELD,SOUTH YORKSHIRE,Standard,Addition,53.4223020000,-1.4433170000
75250,2007-02-07 00:00:00Z,S5 0ND,Terraced,Established,Freehold,97,,HOMESTEAD ROAD,SHEFFIELD,SHEFFIELD,SHEFFIELD,SOUTH YORKSHIRE,Standard,Addition,53.4268220000,-1.4486610000
80000,2007-02-06 00:00:00Z,S5 6HY,Terraced,Established,Leasehold,311,,HATFIELD HOUSE LANE,SHEFFIELD,SHEFFIELD,SHEFFIELD,SOUTH YORKSHIRE,Standard,Addition,53.4243760000,-1.4446290000
94950,2007-11-02 00:00:00Z,S5 0RD,Terraced,Established,Leasehold,347,,BELLHOUSE ROAD,SHEFFIELD,SHEFFIELD,SHEFFIELD,SOUTH YORKSHIRE,Standard,Addition,53.4254650000,-1.4430500000
137000,2007-07-24 00:00:00Z,S5 6EE,Semi-Detached,Established,Freehold,118,,PAVILION WAY,SHEFFIELD,SHEFFIELD,SHEFFIELD,SOUTH YORKSHIRE,Standard,Addition,53.4224830000,-1.4454060000
86250,2007-11-15 00:00:00Z,S5 6GY,Terraced,Established,Leasehold,15,,FIELDER MEWS,SHEFFIELD,SHEFFIELD,SHEFFIELD,SOUTH YORKSHIRE,Standard,Addition,53.4227200000,-1.4441990000
93000,2007-06-12 00:00:00Z,S5 0RE,Terraced,Established,Leasehold,340,,BELLHOUSE ROAD,SHEFFIELD,SHEFFIELD,SHEFFIELD,SOUTH YORKSHIRE,Standard,Addition,53.4251310000,-1.4426480000
122000,2007-01-24 00:00:00Z,S5 6ED,Semi-Detached,Established,Leasehold,43,,PAVILION WAY,SHEFFIELD,SHEFFIELD,SHEFFIELD,SOUTH YORKSHIRE,Standard,Addition,53.4223130000,-1.4456340000
83000,2007-11-26 00:00:00Z,S5 0RN,Terraced,Established,Freehold,148,,SICEY AVENUE,SHEFFIELD,SHEFFIELD,SHEFFIELD,SOUTH YORKSHIRE,Standard,Addition,53.4262500000,-1.4475240000
74950,2007-04-12 00:00:00Z,S5 0RE,Terraced,Established,Leasehold,304,,BELLHOUSE ROAD,SHEFFIELD,SHEFFIELD,SHEFFIELD,SOUTH YORKSHIRE,Standard,Addition,53.4251310000,-1.4426480000
95800,2007-11-20 00:00:00Z,S5 6HT,Terraced,Established,Leasehold,194,,BELLHOUSE ROAD,SHEFFIELD,SHEFFIELD,SHEFFIELD,SOUTH YORKSHIRE,Standard,Addition,53.4223020000,-1.4433170000
79950,2007-08-21 00:00:00Z,S5 0JP,Semi-Detached,Established,Freehold,340,,SHIREHALL ROAD,SHEFFIELD,SHEFFIELD,SHEFFIELD,SOUTH YORKSHIRE,Standard,Addition,53.4287090000,-1.4487110000
79000,2007-10-05 00:00:00Z,S5 0RH,Terraced,Established,Freehold,115,,SICEY AVENUE,SHEFFIELD,SHEFFIELD,SHEFFIELD,SOUTH YORKSHIRE,Standard,Addition,53.4256970000,-1.4483740000
68000,2007-02-15 00:00:00Z,S5 0TQ,Terraced,Established,Freehold,122,,MASON LATHE ROAD,SHEFFIELD,SHEFFIELD,SHEFFIELD,SOUTH YORKSHIRE,Standard,Addition,53.4278730000,-1.4408060000
124999,2007-12-18 00:00:00Z,S5 6EF,Detached,Established,Leasehold,14,,KEEPERS CLOSE,SHEFFIELD,SHEFFIELD,SHEFFIELD,SOUTH YORKSHIRE,Standard,Addition,53.4217820000,-1.4454600000
89950,2007-03-19 00:00:00Z,S5 0JS,Semi-Detached,Established,Freehold,5,,GREGG HOUSE ROAD,SHEFFIELD,SHEFFIELD,SHEFFIELD,SOUTH YORKSHIRE,Standard,Addition,53.4266730000,-1.4438770000
141500,2007-02-02 00:00:00Z,S5 0RE,Terraced,Established,Freehold,396,,BELLHOUSE ROAD,SHEFFIELD,SHEFFIELD,SHEFFIELD,SOUTH YORKSHIRE,Standard,Addition,53.4251310000,-1.4426480000
70000,2007-10-17 00:00:00Z,S5 0SA,Semi-Detached,Established,Freehold,1,,FIRCROFT AVENUE,SHEFFIELD,SHEFFIELD,SHEFFIELD,SOUTH YORKSHIRE,Standard,Addition,53.4290660000,-1.4441470000
109995,2007-04-12 00:00:00Z,S5 6GY,Flats/Maisonettes,Established,Leasehold,2,,FIELDER MEWS,SHEFFIELD,SHEFFIELD,SHEFFIELD,SOUTH YORKSHIRE,Standard,Addition,53.4227200000,-1.4441990000
114950,2007-03-19 00:00:00Z,S5 0JS,Semi-Detached,Established,Freehold,7,,GREGG HOUSE ROAD,SHEFFIELD,SHEFFIELD,SHEFFIELD,SOUTH YORKSHIRE,Standard,Addition,53.4266730000,-1.4438770000
70000,2007-10-10 00:00:00Z,S5 6HZ,Terraced,Established,Freehold,114,,HATFIELD HOUSE LANE,SHEFFIELD,SHEFFIELD,SHEFFIELD,SOUTH YORKSHIRE,Standard,Addition,53.4240450000,-1.4469810000
65000,2007-01-12 00:00:00Z,S5 0JG,Semi-Detached,Established,Freehold,23,,WHEATFIELD CRESCENT,SHEFFIELD,SHEFFIELD,SHEFFIELD,SOUTH YORKSHIRE,Standard,Addition,53.4289970000,-1.4468260000
128950,2007-02-23 00:00:00Z,S5 6EE,Terraced,Established,Freehold,56,,PAVILION WAY,SHEFFIELD,SHEFFIELD,SHEFFIELD,SOUTH YORKSHIRE,Standard,Addition,53.4224830000,-1.4454060000
99950,2007-01-22 00:00:00Z,S5 6EE,Terraced,Established,Leasehold,52,,PAVILION WAY,SHEFFIELD,SHEFFIELD,SHEFFIELD,SOUTH YORKSHIRE,Standard,Addition,53.4224830000,-1.4454060000
109950,2007-10-22 00:00:00Z,S5 6ED,Terraced,Established,Freehold,29,,PAVILION WAY,SHEFFIELD,SHEFFIELD,SHEFFIELD,SOUTH YORKSHIRE,Standard,Addition,53.4223130000,-1.4456340000
91500,2007-07-27 00:00:00Z,S5 0SB,Semi-Detached,Established,Freehold,48,,FIRCROFT AVENUE,SHEFFIELD,SHEFFIELD,SHEFFIELD,SOUTH YORKSHIRE,Standard,Addition,53.4276830000,-1.4444810000
72500,2007-06-08 00:00:00Z,S5 6HQ,Terraced,Established,Freehold,201,,BELLHOUSE ROAD,SHEFFIELD,SHEFFIELD,SHEFFIELD,SOUTH YORKSHIRE,Standard,Addition,53.4223940000,-1.4437520000
115000,2007-06-15 00:00:00Z,S5 0RF,Semi-Detached,Established,Freehold,484,,BELLHOUSE ROAD,SHEFFIELD,SHEFFIELD,SHEFFIELD,SOUTH YORKSHIRE,Standard,Addition,53.4276890000,-1.4419220000
120995,2007-05-22 00:00:00Z,S5 6HQ,Flats/Maisonettes,Established,Leasehold,231,,BELLHOUSE ROAD,SHEFFIELD,SHEFFIELD,SHEFFIELD,SOUTH YORKSHIRE,Standard,Addition,53.4223940000,-1.4437520000
18750,2007-09-13 00:00:00Z,S5 6NN,Flats/Maisonettes,Established,Leasehold,60,,SICEY AVENUE,SHEFFIELD,SHEFFIELD,SHEFFIELD,SOUTH YORKSHIRE,Standard,Addition,53.4217450000,-1.4471610000
108000,2007-02-09 00:00:00Z,S5 6EE,Semi-Detached,Established,Leasehold,62,,PAVILION WAY,SHEFFIELD,SHEFFIELD,SHEFFIELD,SOUTH YORKSHIRE,Standard,Addition,53.4224830000,-1.4454060000
127500,2007-03-23 00:00:00Z,S5 6EF,Semi-Detached,Established,Leasehold,3,,KEEPERS CLOSE,SHEFFIELD,SHEFFIELD,SHEFFIELD,SOUTH YORKSHIRE,Standard,Addition,53.4217820000,-1.4454600000
83000,2007-06-21 00:00:00Z,S5 0JG,Semi-Detached,Established,Freehold,87,,WHEATFIELD CRESCENT,SHEFFIELD,SHEFFIELD,SHEFFIELD,SOUTH YORKSHIRE,Standard,Addition,53.4289970000,-1.4468260000
76700,2007-01-19 00:00:00Z,S5 6LD,Terraced,Established,Freehold,56,,TORKSEY ROAD,SHEFFIELD,SHEFFIELD,SHEFFIELD,SOUTH YORKSHIRE,Standard,Addition,53.4229150000,-1.4454760000
90000,2007-11-14 00:00:00Z,S5 0RE,Semi-Detached,Established,Freehold,398,,BELLHOUSE ROAD,SHEFFIELD,SHEFFIELD,SHEFFIELD,SOUTH YORKSHIRE,Standard,Addition,53.4251310000,-1.4426480000
77500,2007-07-12 00:00:00Z,S5 0RW,Terraced,Established,Leasehold,29,,GREGG HOUSE CRESCENT,SHEFFIELD,SHEFFIELD,SHEFFIELD,SOUTH YORKSHIRE,Standard,Addition,53.4280030000,-1.4457260000
50000,2007-07-06 00:00:00Z,S5 0ND,Terraced,Established,Freehold,116,,HOMESTEAD ROAD,SHEFFIELD,SHEFFIELD,SHEFFIELD,SOUTH YORKSHIRE,Standard,Addition,53.4268220000,-1.4486610000
81000,2007-08-28 00:00:00Z,S5 0JH,Semi-Detached,Established,Freehold,42,,WHEATFIELD CRESCENT,SHEFFIELD,SHEFFIELD,SHEFFIELD,SOUTH YORKSHIRE,Standard,Addition,53.4292090000,-1.4478170000
108000,2007-12-14 00:00:00Z,S5 0TQ,Semi-Detached,Established,Freehold,158,,MASON LATHE ROAD,SHEFFIELD,SHEFFIELD,SHEFFIELD,SOUTH YORKSHIRE,Standard,Addition,53.4278730000,-1.4408060000
129950,2007-11-08 00:00:00Z,S5 6EE,Terraced,Established,Freehold,110,,PAVILION WAY,SHEFFIELD,SHEFFIELD,SHEFFIELD,SOUTH YORKSHIRE,Standard,Addition,53.4224830000,-1.4454060000
107500,2007-09-21 00:00:00Z,S5 0JS,Semi-Detached,Established,Freehold,21,,GREGG HOUSE ROAD,SHEFFIELD,SHEFFIELD,SHEFFIELD,SOUTH YORKSHIRE,Standard,Addition,53.4266730000,-1.4438770000
125995,2007-05-22 00:00:00Z,S5 6HQ,Flats/Maisonettes,Established,Leasehold,235,,BELLHOUSE ROAD,SHEFFIELD,SHEFFIELD,SHEFFIELD,SOUTH YORKSHIRE,Standard,Addition,53.4223940000,-1.4437520000
118000,2008-02-29 00:00:00Z,S5 6EF,Terraced,Established,Leasehold,4,,KEEPERS CLOSE,SHEFFIELD,SHEFFIELD,SHEFFIELD,SOUTH YORKSHIRE,Standard,Addition,53.4217820000,-1.4454600000
75000,2008-09-26 00:00:00Z,S5 0RX,Terraced,Established,Freehold,15,,FIRCROFT ROAD,SHEFFIELD,SHEFFIELD,SHEFFIELD,SOUTH YORKSHIRE,Standard,Addition,53.4274460000,-1.4438210000
94550,2008-10-10 00:00:00Z,S5 6HQ,Terraced,Established,Freehold,201,,BELLHOUSE ROAD,SHEFFIELD,SHEFFIELD,SHEFFIELD,SOUTH YORKSHIRE,Standard,Addition,53.4223940000,-1.4437520000
125950,2008-08-08 00:00:00Z,S5 6ED,Terraced,Established,Freehold,45,,PAVILION WAY,SHEFFIELD,SHEFFIELD,SHEFFIELD,SOUTH YORKSHIRE,Standard,Addition,53.4223130000,-1.4456340000
83000,2008-08-04 00:00:00Z,S5 6FQ,Terraced,Established,Freehold,178,,FOXGLOVE ROAD,SHEFFIELD,SHEFFIELD,SHEFFIELD,SOUTH YORKSHIRE,Standard,Addition,53.4207650000,-1.4412450000
70000,2008-11-28 00:00:00Z,S5 0RR,Semi-Detached,Established,Freehold,,,SICEY LANE,SHEFFIELD,SHEFFIELD,SHEFFIELD,SOUTH YORKSHIRE,Standard,Addition,53.4298300000,-1.4461840000
80000,2008-05-28 00:00:00Z,S5 0JP,Semi-Detached,Established,Freehold,348,,SHIREHALL ROAD,SHEFFIELD,SHEFFIELD,SHEFFIELD,SOUTH YORKSHIRE,Standard,Addition,53.4287090000,-1.4487110000
90000,2008-04-11 00:00:00Z,S5 6EF,Flats/Maisonettes,Established,Leasehold,24,,KEEPERS CLOSE,SHEFFIELD,SHEFFIELD,SHEFFIELD,SOUTH YORKSHIRE,Standard,Addition,53.4217820000,-1.4454600000
93000,2008-01-25 00:00:00Z,S5 6HY,Terraced,Established,Freehold,279,,HATFIELD HOUSE LANE,SHEFFIELD,SHEFFIELD,SHEFFIELD,SOUTH YORKSHIRE,Standard,Addition,53.4243760000,-1.4446290000
78000,2008-07-07 00:00:00Z,S5 0NE,Detached,Established,Freehold,5,,HOMESTEAD CLOSE,SHEFFIELD,SHEFFIELD,SHEFFIELD,SOUTH YORKSHIRE,Standard,Addition,53.4273020000,-1.4495870000
89500,2008-12-08 00:00:00Z,S5 0RB,Terraced,Established,Freehold,,,BELLHOUSE ROAD,SHEFFIELD,SHEFFIELD,SHEFFIELD,SOUTH YORKSHIRE,Standard,Addition,53.4296830000,-1.4416550000
75000,2008-08-08 00:00:00Z,S5 6LB,Semi-Detached,Established,Freehold,59,,TORKSEY ROAD,SHEFFIELD,SHEFFIELD,SHEFFIELD,SOUTH YORKSHIRE,Standard,Addition,53.4232190000,-1.4451710000
125000,2008-06-27 00:00:00Z,S5 6ED,Terraced,Established,Freehold,45,,PAVILION WAY,SHEFFIELD,SHEFFIELD,SHEFFIELD,SOUTH YORKSHIRE,Standard,Addition,53.4223130000,-1.4456340000
75500,2008-03-10 00:00:00Z,S5 0ND,Terraced,Established,Freehold,116,,HOMESTEAD ROAD,SHEFFIELD,SHEFFIELD,SHEFFIELD,SOUTH YORKSHIRE,Standard,Addition,53.4268220000,-1.4486610000
110000,2008-04-17 00:00:00Z,S5 0RU,Semi-Detached,Established,Freehold,5,,GREGG HOUSE CRESCENT,SHEFFIELD,SHEFFIELD,SHEFFIELD,SOUTH YORKSHIRE,Standard,Addition,53.4283060000,-1.4430430000
66500,2008-02-18 00:00:00Z,S5 0JH,Semi-Detached,Established,Freehold,30,,WHEATFIELD CRESCENT,SHEFFIELD,SHEFFIELD,SHEFFIELD,SOUTH YORKSHIRE,Standard,Addition,53.4292090000,-1.4478170000
79950,2008-07-22 00:00:00Z,S5 0RS,Terraced,Established,Freehold,7,,SHIREGREEN TERRACE,SHEFFIELD,SHEFFIELD,SHEFFIELD,SOUTH YORKSHIRE,Standard,Addition,53.4257960000,-1.4467180000
85000,2008-04-11 00:00:00Z,S5 0JP,Semi-Detached,Established,Freehold,360,,SHIREHALL ROAD,SHEFFIELD,SHEFFIELD,SHEFFIELD,SOUTH YORKSHIRE,Standard,Addition,53.4287090000,-1.4487110000
65000,2008-09-15 00:00:00Z,S5 6NN,Semi-Detached,Established,Freehold,26,,SICEY AVENUE,SHEFFIELD,SHEFFIELD,SHEFFIELD,SOUTH YORKSHIRE,Standard,Addition,53.4217450000,-1.4471610000
35000,2008-02-26 00:00:00Z,S5 0SD,Semi-Detached,Established,Freehold,70,,FIRCROFT AVENUE,SHEFFIELD,SHEFFIELD,SHEFFIELD,SOUTH YORKSHIRE,Standard,Addition,53.4265880000,-1.4447510000
150000,2008-03-03 00:00:00Z,S5 6ED,Terraced,Established,Leasehold,55,,PAVILION WAY,SHEFFIELD,SHEFFIELD,SHEFFIELD,SOUTH YORKSHIRE,Standard,Addition,53.4223130000,-1.4456340000
87000,2008-04-11 00:00:00Z,S5 0TB,Semi-Detached,Established,Freehold,6,,OAKS FOLD AVENUE,SHEFFIELD,SHEFFIELD,SHEFFIELD,SOUTH YORKSHIRE,Standard,Addition,53.4265510000,-1.4407480000
96000,2008-03-07 00:00:00Z,S5 6EF,Flats/Maisonettes,Established,Leasehold,22,,KEEPERS CLOSE,SHEFFIELD,SHEFFIELD,SHEFFIELD,SOUTH YORKSHIRE,Standard,Addition,53.4217820000,-1.4454600000
45000,2008-10-28 00:00:00Z,S5 0SD,Semi-Detached,Established,Freehold,68,,FIRCROFT AVENUE,SHEFFIELD,SHEFFIELD,SHEFFIELD,SOUTH YORKSHIRE,Standard,Addition,53.4265880000,-1.4447510000
105000,2008-08-06 00:00:00Z,S5 6ED,Semi-Detached,Established,Leasehold,33,,PAVILION WAY,SHEFFIELD,SHEFFIELD,SHEFFIELD,SOUTH YORKSHIRE,Standard,Addition,53.4223130000,-1.4456340000
74750,2008-10-17 00:00:00Z,S5 6NN,Semi-Detached,Established,Freehold,36,,SICEY AVENUE,SHEFFIELD,SHEFFIELD,SHEFFIELD,SOUTH YORKSHIRE,Standard,Addition,53.4217450000,-1.4471610000
81000,2008-11-17 00:00:00Z,S5 0RX,Terraced,Established,Freehold,,,FIRCROFT ROAD,SHEFFIELD,SHEFFIELD,SHEFFIELD,SOUTH YORKSHIRE,Standard,Addition,53.4274460000,-1.4438210000
81950,2008-10-10 00:00:00Z,S5 6HQ,Semi-Detached,Established,Freehold,195,,BELLHOUSE ROAD,,SHEFFIELD,SHEFFIELD,SOUTH YORKSHIRE,Standard,Addition,53.4223940000,-1.4437520000
74000,2008-07-03 00:00:00Z,S5 0TQ,Semi-Detached,Established,Freehold,165,,MASON LATHE ROAD,SHEFFIELD,SHEFFIELD,SHEFFIELD,SOUTH YORKSHIRE,Standard,Addition,53.4278730000,-1.4408060000
84995,2008-01-25 00:00:00Z,S5 0JH,Terraced,Established,Freehold,50,,WHEATFIELD CRESCENT,SHEFFIELD,SHEFFIELD,SHEFFIELD,SOUTH YORKSHIRE,Standard,Addition,53.4292090000,-1.4478170000
104000,2008-03-27 00:00:00Z,S5 6LB,Semi-Detached,Established,Freehold,61,,TORKSEY ROAD,,SHEFFIELD,SHEFFIELD,SOUTH YORKSHIRE,Standard,Addition,53.4232190000,-1.4451710000
95000,2008-03-27 00:00:00Z,S5 6ND,Semi-Detached,Established,Freehold,25,,MILLTHORPE ROAD,SHEFFIELD,SHEFFIELD,SHEFFIELD,SOUTH YORKSHIRE,Standard,Addition,53.4200830000,-1.4492590000
80000,2008-06-06 00:00:00Z,S5 0JS,Semi-Detached,Established,Freehold,23,,GREGG HOUSE ROAD,SHEFFIELD,SHEFFIELD,SHEFFIELD,SOUTH YORKSHIRE,Standard,Addition,53.4266730000,-1.4438770000
60000,2008-03-28 00:00:00Z,S5 6GY,Semi-Detached,Established,Leasehold,1,,FIELDER MEWS,SHEFFIELD,SHEFFIELD,SHEFFIELD,SOUTH YORKSHIRE,Standard,Addition,53.4227200000,-1.4441990000
90000,2008-05-02 00:00:00Z,S5 0RE,Terraced,Established,Leasehold,348,,BELLHOUSE ROAD,SHEFFIELD,SHEFFIELD,SHEFFIELD,SOUTH YORKSHIRE,Standard,Addition,53.4251310000,-1.4426480000
125000,2008-07-11 00:00:00Z,S5 0RF,Semi-Detached,Established,Leasehold,474A,,BELLHOUSE ROAD,SHEFFIELD,SHEFFIELD,SHEFFIELD,SOUTH YORKSHIRE,Standard,Addition,53.4276890000,-1.4419220000
98000,2008-04-11 00:00:00Z,S5 0RY,Terraced,Established,Freehold,58,,FIRCROFT ROAD,SHEFFIELD,SHEFFIELD,SHEFFIELD,SOUTH YORKSHIRE,Standard,Addition,53.4295710000,-1.4425900000
89995,2008-05-30 00:00:00Z,S5 0RW,Semi-Detached,Established,Freehold,50,,GREGG HOUSE CRESCENT,SHEFFIELD,SHEFFIELD,SHEFFIELD,SOUTH YORKSHIRE,Standard,Addition,53.4280030000,-1.4457260000
92500,2008-06-27 00:00:00Z,S5 0JW,Semi-Detached,Established,Freehold,67,,GREGG HOUSE ROAD,SHEFFIELD,SHEFFIELD,SHEFFIELD,SOUTH YORKSHIRE,Standard,Addition,53.4279050000,-1.4497450000
88000,2008-10-10 00:00:00Z,S5 6HQ,Terraced,Established,Leasehold,197,,BELLHOUSE ROAD,SHEFFIELD,SHEFFIELD,SHEFFIELD,SOUTH YORKSHIRE,Standard,Addition,53.4223940000,-1.4437520000
116000,2008-08-05 00:00:00Z,S5 6LE,Terraced,Established,Freehold,2,,VERDANT WAY,SHEFFIELD,SHEFFIELD,SHEFFIELD,SOUTH YORKSHIRE,Standard,Addition,53.4235670000,-1.4447000000
80000,2009-07-06 00:00:00Z,S5 6NA,Semi-Detached,Established,Freehold,13,,ILKLEY ROAD,,SHEFFIELD,SHEFFIELD,SOUTH YORKSHIRE,Standard,Addition,53.4235650000,-1.4499820000
43000,2009-09-17 00:00:00Z,S5 0RZ,Terraced,Established,Freehold,73,,FIRCROFT ROAD,,SHEFFIELD,SHEFFIELD,SOUTH YORKSHIRE,Standard,Addition,53.4295640000,-1.4430410000
65000,2009-11-27 00:00:00Z,S5 0RX,Terraced,Established,Freehold,21,,FIRCROFT ROAD,,SHEFFIELD,SHEFFIELD,SOUTH YORKSHIRE,Standard,Addition,53.4274460000,-1.4438210000
48000,2009-09-21 00:00:00Z,S5 6ND,Terraced,Established,Freehold,41,,MILLTHORPE ROAD,,SHEFFIELD,SHEFFIELD,SOUTH YORKSHIRE,Standard,Addition,53.4200830000,-1.4492590000
50000,2009-01-21 00:00:00Z,S5 6HT,Semi-Detached,Established,Freehold,270,,BELLHOUSE ROAD,,SHEFFIELD,SHEFFIELD,SOUTH YORKSHIRE,Standard,Addition,53.4223020000,-1.4433170000
89950,2009-11-10 00:00:00Z,S5 0RF,Semi-Detached,Established,Freehold,410,,BELLHOUSE ROAD,,SHEFFIELD,SHEFFIELD,SOUTH YORKSHIRE,Standard,Addition,53.4276890000,-1.4419220000
62500,2009-07-31 00:00:00Z,S5 0RY,Semi-Detached,Established,Freehold,56,,FIRCROFT ROAD,,SHEFFIELD,SHEFFIELD,SOUTH YORKSHIRE,Standard,Addition,53.4295710000,-1.4425900000
62000,2009-12-18 00:00:00Z,S5 0JP,Terraced,Established,Freehold,320,,SHIREHALL ROAD,,SHEFFIELD,SHEFFIELD,SOUTH YORKSHIRE,Standard,Addition,53.4287090000,-1.4487110000
54000,2009-10-28 00:00:00Z,S5 0RD,Terraced,Established,Freehold,335,,BELLHOUSE ROAD,,SHEFFIELD,SHEFFIELD,SOUTH YORKSHIRE,Standard,Addition,53.4254650000,-1.4430500000
72000,2009-02-27 00:00:00Z,S5 0SD,Terraced,Established,Freehold,66,,FIRCROFT AVENUE,SHEFFIELD,SHEFFIELD,SHEFFIELD,SOUTH YORKSHIRE,Standard,Addition,53.4265880000,-1.4447510000
17750,2009-12-23 00:00:00Z,S5 6NN,Terraced,Established,Leasehold,68A,,SICEY AVENUE,,SHEFFIELD,SHEFFIELD,SOUTH YORKSHIRE,Standard,Addition,53.4217450000,-1.4471610000
171000,2009-08-27 00:00:00Z,S5 0RH,Terraced,Established,Leasehold,"HATFIELD HOUSE LANE POST OFFICE, 101",,SICEY AVENUE,,SHEFFIELD,SHEFFIELD,SOUTH YORKSHIRE,Standard,Addition,53.4256970000,-1.4483740000
74995,2009-07-31 00:00:00Z,S5 0RR,Semi-Detached,Established,Freehold,15,,SICEY LANE,,SHEFFIELD,SHEFFIELD,SOUTH YORKSHIRE,Standard,Addition,53.4298300000,-1.4461840000
60500,2009-02-24 00:00:00Z,S5 0RD,Terraced,Established,Freehold,339,,BELLHOUSE ROAD,SHEFFIELD,SHEFFIELD,SHEFFIELD,SOUTH YORKSHIRE,Standard,Addition,53.4254650000,-1.4430500000
40000,2009-03-27 00:00:00Z,S5 0JP,Terraced,Established,Freehold,320,,SHIREHALL ROAD,,SHEFFIELD,SHEFFIELD,SOUTH YORKSHIRE,Standard,Addition,53.4287090000,-1.4487110000
80250,2009-01-20 00:00:00Z,S5 0TQ,Terraced,Established,Freehold,125,,MASON LATHE ROAD,SHEFFIELD,SHEFFIELD,SHEFFIELD,SOUTH YORKSHIRE,Standard,Addition,53.4278730000,-1.4408060000
145000,2009-08-18 00:00:00Z,S5 6EF,Detached,Established,Leasehold,14,,KEEPERS CLOSE,,SHEFFIELD,SHEFFIELD,SOUTH YORKSHIRE,Standard,Addition,53.4217820000,-1.4454600000
60500,2009-02-24 00:00:00Z,S5 0RD,Terraced,Established,Freehold,341,,BELLHOUSE ROAD,SHEFFIELD,SHEFFIELD,SHEFFIELD,SOUTH YORKSHIRE,Standard,Addition,53.4254650000,-1.4430500000
61000,2009-05-01 00:00:00Z,S5 0TR,Semi-Detached,Established,Freehold,171,,MASON LATHE ROAD,,SHEFFIELD,SHEFFIELD,SOUTH YORKSHIRE,Standard,Addition,53.4260760000,-1.4411000000
54000,2009-12-04 00:00:00Z,S5 0RZ,Terraced,Established,Freehold,91,,FIRCROFT ROAD,,SHEFFIELD,SHEFFIELD,SOUTH YORKSHIRE,Standard,Addition,53.4295640000,-1.4430410000
46500,2009-03-27 00:00:00Z,S5 0TJ,Terraced,Established,Freehold,174,,OAKS FOLD ROAD,,SHEFFIELD,SHEFFIELD,SOUTH YORKSHIRE,Standard,Addition,53.4264850000,-1.4400570000
74950,2010-10-01 00:00:00Z,S5 0TJ,Terraced,Established,Freehold,151,,OAKS FOLD ROAD,,SHEFFIELD,SHEFFIELD,SOUTH YORKSHIRE,Standard,Addition,53.4264850000,-1.4400570000
70000,2010-07-26 00:00:00Z,S5 0RP,Semi-Detached,Established,Freehold,190,,SICEY AVENUE,,SHEFFIELD,SHEFFIELD,SOUTH YORKSHIRE,Standard,Addition,53.4284360000,-1.4458710000
84000,2010-04-23 00:00:00Z,S5 0TQ,Semi-Detached,Established,Freehold,155,,MASON LATHE ROAD,,SHEFFIELD,SHEFFIELD,SOUTH YORKSHIRE,Standard,Addition,53.4278730000,-1.4408060000
71000,2010-01-29 00:00:00Z,S5 0SB,Semi-Detached,Established,Freehold,50,,FIRCROFT AVENUE,,SHEFFIELD,SHEFFIELD,SOUTH YORKSHIRE,Standard,Addition,53.4276830000,-1.4444810000
70000,2010-10-26 00:00:00Z,S5 0RD,Terraced,Established,Freehold,335,,BELLHOUSE ROAD,,SHEFFIELD,SHEFFIELD,SOUTH YORKSHIRE,Standard,Addition,53.4254650000,-1.4430500000
80000,2010-08-16 00:00:00Z,S5 6HR,Flats/Maisonettes,Established,Leasehold,"HAFFERTY COURT, 261",APARTMENT 23,BELLHOUSE ROAD,,SHEFFIELD,SHEFFIELD,SOUTH YORKSHIRE,Standard,Addition,53.4237860000,-1.4434630000
118000,2010-04-08 00:00:00Z,S5 6EF,Detached,Established,Leasehold,14,,KEEPERS CLOSE,,SHEFFIELD,SHEFFIELD,SOUTH YORKSHIRE,Standard,Addition,53.4217820000,-1.4454600000
73000,2010-03-12 00:00:00Z,S5 0TR,Terraced,Established,Freehold,166,,MASON LATHE ROAD,,SHEFFIELD,SHEFFIELD,SOUTH YORKSHIRE,Standard,Addition,53.4260760000,-1.4411000000
55000,2010-11-30 00:00:00Z,S5 0TA,Terraced,Established,Leasehold,1,,OAKS LANE,,SHEFFIELD,SHEFFIELD,SOUTH YORKSHIRE,Standard,Addition,53.4256480000,-1.4417380000
55000,2010-08-18 00:00:00Z,S5 6FS,Terraced,Established,Freehold,90,,PRIMROSE AVENUE,,SHEFFIELD,SHEFFIELD,SOUTH YORKSHIRE,Standard,Addition,53.4206100000,-1.4427520000
49950,2010-11-18 00:00:00Z,S5 0RR,Terraced,Established,Freehold,3,,SICEY LANE,,SHEFFIELD,SHEFFIELD,SOUTH YORKSHIRE,Standard,Addition,53.4298300000,-1.4461840000
81000,2010-07-02 00:00:00Z,S5 0JW,Semi-Detached,Established,Freehold,83,,GREGG HOUSE ROAD,,SHEFFIELD,SHEFFIELD,SOUTH YORKSHIRE,Standard,Addition,53.4279050000,-1.4497450000
64000,2010-05-28 00:00:00Z,S5 0JP,Semi-Detached,Established,Freehold,332,,SHIREHALL ROAD,,SHEFFIELD,SHEFFIELD,SOUTH YORKSHIRE,Standard,Addition,53.4287090000,-1.4487110000
55000,2010-11-17 00:00:00Z,S5 0JP,Semi-Detached,Established,Freehold,175,,SHIREHALL ROAD,,SHEFFIELD,SHEFFIELD,SOUTH YORKSHIRE,Standard,Addition,53.4287090000,-1.4487110000
45000,2010-10-05 00:00:00Z,S5 0RE,Terraced,Established,Freehold,354,,BELLHOUSE ROAD,,SHEFFIELD,SHEFFIELD,SOUTH YORKSHIRE,Standard,Addition,53.4251310000,-1.4426480000
95000,2010-12-22 00:00:00Z,S5 6ED,Terraced,Established,Leasehold,31,,PAVILION WAY,,SHEFFIELD,SHEFFIELD,SOUTH YORKSHIRE,Standard,Addition,53.4223130000,-1.4456340000
74000,2010-04-09 00:00:00Z,S5 6EF,Flats/Maisonettes,Established,Leasehold,34,,KEEPERS CLOSE,,SHEFFIELD,SHEFFIELD,SOUTH YORKSHIRE,Standard,Addition,53.4217820000,-1.4454600000
94950,2010-07-30 00:00:00Z,S5 6FQ,Terraced,Established,Freehold,177,,FOXGLOVE ROAD,,SHEFFIELD,SHEFFIELD,SOUTH YORKSHIRE,Standard,Addition,53.4207650000,-1.4412450000
52500,2010-04-16 00:00:00Z,S5 0RZ,Terraced,Established,Leasehold,97,,FIRCROFT ROAD,,SHEFFIELD,SHEFFIELD,SOUTH YORKSHIRE,Standard,Addition,53.4295640000,-1.4430410000
41000,2010-08-17 00:00:00Z,S5 6HQ,Terraced,Established,Freehold,205,,BELLHOUSE ROAD,,SHEFFIELD,SHEFFIELD,SOUTH YORKSHIRE,Standard,Addition,53.4223940000,-1.4437520000
64000,2010-01-22 00:00:00Z,S5 0RE,Terraced,Established,Leasehold,312,,BELLHOUSE ROAD,,SHEFFIELD,SHEFFIELD,SOUTH YORKSHIRE,Standard,Addition,53.4251310000,-1.4426480000
47500,2010-08-27 00:00:00Z,S5 6HQ,Terraced,Established,Freehold,191,,BELLHOUSE ROAD,,SHEFFIELD,SHEFFIELD,SOUTH YORKSHIRE,Standard,Addition,53.4223940000,-1.4437520000
45000,2010-10-05 00:00:00Z,S5 0RE,Terraced,Established,Leasehold,354,,BELLHOUSE ROAD,,SHEFFIELD,SHEFFIELD,SOUTH YORKSHIRE,Standard,Addition,53.4251310000,-1.4426480000
122000,2011-08-26 00:00:00Z,S5 0TA,Semi-Detached,Established,Freehold,35,,OAKS LANE,,SHEFFIELD,SHEFFIELD,SOUTH YORKSHIRE,Standard,Addition,53.4256480000,-1.4417380000
53000,2011-11-11 00:00:00Z,S5 0RZ,Terraced,Established,Freehold,89,,FIRCROFT ROAD,,SHEFFIELD,SHEFFIELD,SOUTH YORKSHIRE,Standard,Addition,53.4295640000,-1.4430410000
95000,2011-11-18 00:00:00Z,S5 6FS,Semi-Detached,Established,Freehold,50,,PRIMROSE AVENUE,,SHEFFIELD,SHEFFIELD,SOUTH YORKSHIRE,Standard,Addition,53.4206100000,-1.4427520000
59950,2011-03-25 00:00:00Z,S5 6EE,Flats/Maisonettes,Established,Leasehold,32,,PAVILION WAY,,SHEFFIELD,SHEFFIELD,SOUTH YORKSHIRE,Standard,Addition,53.4224830000,-1.4454060000
89950,2011-08-05 00:00:00Z,S5 0JG,Semi-Detached,Established,Freehold,29,,WHEATFIELD CRESCENT,,SHEFFIELD,SHEFFIELD,SOUTH YORKSHIRE,Standard,Addition,53.4289970000,-1.4468260000
14500,2011-02-04 00:00:00Z,S5 6NN,Flats/Maisonettes,Established,Leasehold,62A,,SICEY AVENUE,,SHEFFIELD,SHEFFIELD,SOUTH YORKSHIRE,Standard,Addition,53.4217450000,-1.4471610000
46000,2011-03-21 00:00:00Z,S5 0RB,Terraced,Established,Freehold,413,,BELLHOUSE ROAD,,SHEFFIELD,SHEFFIELD,SOUTH YORKSHIRE,Standard,Addition,53.4296830000,-1.4416550000
85000,2011-08-12 00:00:00Z,S5 0RE,Terraced,Established,Leasehold,344,,BELLHOUSE ROAD,,SHEFFIELD,SHEFFIELD,SOUTH YORKSHIRE,Standard,Addition,53.4251310000,-1.4426480000
38000,2011-01-17 00:00:00Z,S5 6HT,Terraced,Established,Leasehold,254,,BELLHOUSE ROAD,,SHEFFIELD,SHEFFIELD,SOUTH YORKSHIRE,Standard,Addition,53.4223020000,-1.4433170000
99950,2011-06-16 00:00:00Z,S5 6HR,Flats/Maisonettes,Established,Leasehold,"HAFFERTY COURT, 261",APARTMENT 10,BELLHOUSE ROAD,,SHEFFIELD,SHEFFIELD,SOUTH YORKSHIRE,Standard,Addition,53.4237860000,-1.4434630000
78500,2011-03-25 00:00:00Z,S5 0RP,Terraced,Established,Freehold,228,,SICEY AVENUE,,SHEFFIELD,SHEFFIELD,SOUTH YORKSHIRE,Standard,Addition,53.4284360000,-1.4458710000
65000,2011-10-21 00:00:00Z,S5 0JW,Semi-Detached,Established,Freehold,71,,GREGG HOUSE ROAD,,SHEFFIELD,SHEFFIELD,SOUTH YORKSHIRE,Standard,Addition,53.4279050000,-1.4497450000
74950,2011-02-18 00:00:00Z,S5 0RW,Terraced,Established,Freehold,25,,GREGG HOUSE CRESCENT,,SHEFFIELD,SHEFFIELD,SOUTH YORKSHIRE,Standard,Addition,53.4280030000,-1.4457260000
78000,2012-03-19 00:00:00Z,S5 0SA,Terraced,Established,Freehold,29,,FIRCROFT AVENUE,,SHEFFIELD,SHEFFIELD,SOUTH YORKSHIRE,Standard,Addition,53.4290660000,-1.4441470000
72000,2012-05-10 00:00:00Z,S5 0JT,Semi-Detached,Established,Freehold,35,,GREGG HOUSE ROAD,,SHEFFIELD,SHEFFIELD,SOUTH YORKSHIRE,Standard,Addition,53.4270440000,-1.4461440000
70000,2012-04-13 00:00:00Z,S5 0RW,Semi-Detached,Established,Freehold,22,,GREGG HOUSE CRESCENT,,SHEFFIELD,SHEFFIELD,SOUTH YORKSHIRE,Standard,Addition,53.4280030000,-1.4457260000
66500,2012-07-09 00:00:00Z,S5 6HT,Terraced,Established,Freehold,206,,BELLHOUSE ROAD,,SHEFFIELD,SHEFFIELD,SOUTH YORKSHIRE,Standard,Addition,53.4223020000,-1.4433170000
79950,2012-03-30 00:00:00Z,S5 0TQ,Semi-Detached,Established,Freehold,141,,MASON LATHE ROAD,,SHEFFIELD,SHEFFIELD,SOUTH YORKSHIRE,Standard,Addition,53.4278730000,-1.4408060000
91000,2012-03-02 00:00:00Z,S5 6EE,Semi-Detached,Established,Freehold,8,,PAVILION WAY,,SHEFFIELD,SHEFFIELD,SOUTH YORKSHIRE,Standard,Addition,53.4224830000,-1.4454060000
67000,2012-05-25 00:00:00Z,S5 0TQ,Terraced,Established,Freehold,152,,MASON LATHE ROAD,,SHEFFIELD,SHEFFIELD,SOUTH YORKSHIRE,Standard,Addition,53.4278730000,-1.4408060000
69000,2012-03-16 00:00:00Z,S5 0ND,Terraced,Established,Freehold,116,,HOMESTEAD ROAD,,SHEFFIELD,SHEFFIELD,SOUTH YORKSHIRE,Standard,Addition,53.4268220000,-1.4486610000
90000,2012-04-30 00:00:00Z,S5 6HR,Flats/Maisonettes,Established,Leasehold,"HAFFERTY COURT, 261",APARTMENT 4,BELLHOUSE ROAD,,SHEFFIELD,SHEFFIELD,SOUTH YORKSHIRE,Standard,Addition,53.4237860000,-1.4434630000
64000,2012-11-30 00:00:00Z,S5 0TJ,Terraced,Established,Freehold,161,,OAKS FOLD ROAD,,SHEFFIELD,SHEFFIELD,SOUTH YORKSHIRE,Standard,Addition,53.4264850000,-1.4400570000
79950,2012-10-15 00:00:00Z,S5 0SD,Terraced,Established,Freehold,56,,FIRCROFT AVENUE,,SHEFFIELD,SHEFFIELD,SOUTH YORKSHIRE,Standard,Addition,53.4265880000,-1.4447510000
111000,2012-04-10 00:00:00Z,S5 6EF,Detached,Established,Freehold,12,,KEEPERS CLOSE,,SHEFFIELD,SHEFFIELD,SOUTH YORKSHIRE,Standard,Addition,53.4217820000,-1.4454600000
61000,2012-09-17 00:00:00Z,S5 0RW,Semi-Detached,Established,Freehold,33,,GREGG HOUSE CRESCENT,,SHEFFIELD,SHEFFIELD,SOUTH YORKSHIRE,Standard,Addition,53.4280030000,-1.4457260000
72500,2012-01-06 00:00:00Z,S5 0RE,Terraced,Established,Leasehold,312,,BELLHOUSE ROAD,,SHEFFIELD,SHEFFIELD,SOUTH YORKSHIRE,Standard,Addition,53.4251310000,-1.4426480000
48000,2012-10-31 00:00:00Z,S5 6NN,Flats/Maisonettes,Established,Leasehold,54A,,SICEY AVENUE,,SHEFFIELD,SHEFFIELD,SOUTH YORKSHIRE,Standard,Addition,53.4217450000,-1.4471610000
62000,2012-11-09 00:00:00Z,S5 6EE,Flats/Maisonettes,Established,Leasehold,32,,PAVILION WAY,,SHEFFIELD,SHEFFIELD,SOUTH YORKSHIRE,Standard,Addition,53.4224830000,-1.4454060000
82000,2012-02-06 00:00:00Z,S5 0RF,Terraced,Established,Freehold,438,,BELLHOUSE ROAD,,SHEFFIELD,SHEFFIELD,SOUTH YORKSHIRE,Standard,Addition,53.4276890000,-1.4419220000
84380,2012-05-04 00:00:00Z,S5 6NA,Semi-Detached,Established,Freehold,27,,ILKLEY ROAD,,SHEFFIELD,SHEFFIELD,SOUTH YORKSHIRE,Standard,Addition,53.4235650000,-1.4499820000
76000,2012-10-26 00:00:00Z,S5 6NN,Terraced,Established,Leasehold,50A,,SICEY AVENUE,,SHEFFIELD,SHEFFIELD,SOUTH YORKSHIRE,Standard,Addition,53.4217450000,-1.4471610000
83000,2012-05-04 00:00:00Z,S5 6LF,Terraced,Established,Freehold,10,,WINKLEY TERRACE,,SHEFFIELD,SHEFFIELD,SOUTH YORKSHIRE,Standard,Addition,53.4237540000,-1.4442610000
69950,2012-03-23 00:00:00Z,S5 0RF,Terraced,Established,Freehold,460,,BELLHOUSE ROAD,,SHEFFIELD,SHEFFIELD,SOUTH YORKSHIRE,Standard,Addition,53.4276890000,-1.4419220000
80000,2012-09-21 00:00:00Z,S5 6HT,Semi-Detached,Established,Freehold,272,,BELLHOUSE ROAD,,SHEFFIELD,SHEFFIELD,SOUTH YORKSHIRE,Standard,Addition,53.4223020000,-1.4433170000
53500,2012-09-14 00:00:00Z,S5 0JX,Terraced,Established,Freehold,19,,MOLINEAUX ROAD,,SHEFFIELD,SHEFFIELD,SOUTH YORKSHIRE,Standard,Addition,53.4251610000,-1.4492090000
61500,2012-07-06 00:00:00Z,S5 0TR,Terraced,Established,Freehold,180,,MASON LATHE ROAD,,SHEFFIELD,SHEFFIELD,SOUTH YORKSHIRE,Standard,Addition,53.4260760000,-1.4411000000
48500,2012-08-24 00:00:00Z,S5 0RR,Terraced,Established,Freehold,24,,SICEY LANE,,SHEFFIELD,SHEFFIELD,SOUTH YORKSHIRE,Standard,Addition,53.4298300000,-1.4461840000
95000,2012-06-29 00:00:00Z,S5 6HT,Terraced,Established,Leasehold,190,,BELLHOUSE ROAD,,SHEFFIELD,SHEFFIELD,SOUTH YORKSHIRE,Standard,Addition,53.4223020000,-1.4433170000
80000,2012-11-02 00:00:00Z,S5 6EF,Terraced,Established,Leasehold,7,,KEEPERS CLOSE,,SHEFFIELD,SHEFFIELD,SOUTH YORKSHIRE,Standard,Addition,53.4217820000,-1.4454600000
62000,2012-12-19 00:00:00Z,S5 0RD,Terraced,Established,Leasehold,361,,BELLHOUSE ROAD,,SHEFFIELD,SHEFFIELD,SOUTH YORKSHIRE,Standard,Addition,53.4254650000,-1.4430500000
77950,2012-12-17 00:00:00Z,S5 0NE,Semi-Detached,Established,Freehold,6,,HOMESTEAD CLOSE,,SHEFFIELD,SHEFFIELD,SOUTH YORKSHIRE,Standard,Addition,53.4273020000,-1.4495870000
35000,2013-10-03 00:00:00Z,S5 6LT,Terraced,Established,Freehold,108,,ROLLESTON ROAD,,SHEFFIELD,SHEFFIELD,SOUTH YORKSHIRE,Standard,Addition,53.4219300000,-1.4483480000
70000,2013-07-30 00:00:00Z,S5 6LT,Semi-Detached,Established,Freehold,107,,ROLLESTON ROAD,,SHEFFIELD,SHEFFIELD,SOUTH YORKSHIRE,Standard,Addition,53.4219300000,-1.4483480000
62000,2013-01-15 00:00:00Z,S5 0RE,Terraced,Established,Freehold,354,,BELLHOUSE ROAD,,SHEFFIELD,SHEFFIELD,SOUTH YORKSHIRE,Standard,Addition,53.4251310000,-1.4426480000
55000,2013-07-23 00:00:00Z,S5 6LA,Terraced,Established,Freehold,11,,LAVEROCK WAY,,SHEFFIELD,SHEFFIELD,SOUTH YORKSHIRE,Standard,Addition,53.4235090000,-1.4475900000
125000,2013-12-09 00:00:00Z,S5 6EE,Semi-Detached,Established,Leasehold,4,,PAVILION WAY,,SHEFFIELD,SHEFFIELD,SOUTH YORKSHIRE,Standard,Addition,53.4224830000,-1.4454060000
67500,2013-08-28 00:00:00Z,S5 0RE,Terraced,Established,Freehold,398,,BELLHOUSE ROAD,,SHEFFIELD,SHEFFIELD,SOUTH YORKSHIRE,Standard,Addition,53.4251310000,-1.4426480000
70000,2013-07-05 00:00:00Z,S5 6NL,Terraced,Established,Freehold,99,,SICEY AVENUE,,SHEFFIELD,SHEFFIELD,SOUTH YORKSHIRE,Standard,Addition,53.4230540000,-1.4484690000
47750,2013-03-28 00:00:00Z,S5 0RR,Terraced,Established,Freehold,5,,SICEY LANE,,SHEFFIELD,SHEFFIELD,SOUTH YORKSHIRE,Standard,Addition,53.4298300000,-1.4461840000
55000,2013-08-23 00:00:00Z,S5 0JX,Terraced,Established,Freehold,21,,MOLINEAUX ROAD,,SHEFFIELD,SHEFFIELD,SOUTH YORKSHIRE,Standard,Addition,53.4251610000,-1.4492090000
72000,2013-10-30 00:00:00Z,S5 0RJ,Terraced,Established,Freehold,197,,SICEY AVENUE,,SHEFFIELD,SHEFFIELD,SOUTH YORKSHIRE,Standard,Addition,53.4284570000,-1.4466530000
65000,2013-02-08 00:00:00Z,S5 0RB,Terraced,Established,Freehold,475,,BELLHOUSE ROAD,,SHEFFIELD,SHEFFIELD,SOUTH YORKSHIRE,Standard,Addition,53.4296830000,-1.4416550000
60000,2013-05-31 00:00:00Z,S5 0RF,Terraced,Established,Freehold,458,,BELLHOUSE ROAD,,SHEFFIELD,SHEFFIELD,SOUTH YORKSHIRE,Standard,Addition,53.4276890000,-1.4419220000
57000,2013-09-02 00:00:00Z,S5 0RA,Semi-Detached,Established,Freehold,381,,BELLHOUSE ROAD,,SHEFFIELD,SHEFFIELD,SOUTH YORKSHIRE,Standard,Addition,53.4273240000,-1.4426340000
74500,2013-03-14 00:00:00Z,S5 0SA,Terraced,Established,Freehold,11,,FIRCROFT AVENUE,,SHEFFIELD,SHEFFIELD,SOUTH YORKSHIRE,Standard,Addition,53.4290660000,-1.4441470000
47000,2013-12-19 00:00:00Z,S5 0RD,Terraced,Established,Freehold,299,,BELLHOUSE ROAD,,SHEFFIELD,SHEFFIELD,SOUTH YORKSHIRE,Standard,Addition,53.4254650000,-1.4430500000
50000,2013-01-31 00:00:00Z,S5 0TJ,Terraced,Established,Freehold,177,,OAKS FOLD ROAD,,SHEFFIELD,SHEFFIELD,SOUTH YORKSHIRE,Standard,Addition,53.4264850000,-1.4400570000
95000,2013-07-29 00:00:00Z,S5 0TQ,Terraced,Established,Freehold,149,,MASON LATHE ROAD,,SHEFFIELD,SHEFFIELD,SOUTH YORKSHIRE,Standard,Addition,53.4278730000,-1.4408060000
58000,2013-02-15 00:00:00Z,S5 6PB,Terraced,Established,Freehold,5,,TORKSEY ROAD WEST,,SHEFFIELD,SHEFFIELD,SOUTH YORKSHIRE,Standard,Addition,53.4229150000,-1.4474020000
140000,2013-10-24 00:00:00Z,S5 0RF,Other,Established,Leasehold,470,,BELLHOUSE ROAD,,SHEFFIELD,SHEFFIELD,SOUTH YORKSHIRE,Additional,Addition,53.4276890000,-1.4419220000
60000,2013-06-04 00:00:00Z,S5 6LX,Terraced,Established,Freehold,23,,FAIRTHORN ROAD,,SHEFFIELD,SHEFFIELD,SOUTH YORKSHIRE,Standard,Addition,53.4212390000,-1.4484770000
63000,2013-12-19 00:00:00Z,S5 0SB,Terraced,Established,Freehold,51,,FIRCROFT AVENUE,,SHEFFIELD,SHEFFIELD,SOUTH YORKSHIRE,Standard,Addition,53.4276830000,-1.4444810000
73000,2013-04-17 00:00:00Z,S5 0RU,Semi-Detached,Established,Freehold,13,,GREGG HOUSE CRESCENT,,SHEFFIELD,SHEFFIELD,SOUTH YORKSHIRE,Standard,Addition,53.4283060000,-1.4430430000
105000,2013-12-20 00:00:00Z,S5 6AE,Detached,Established,Freehold,279,,SHIREGREEN LANE,,SHEFFIELD,SHEFFIELD,SOUTH YORKSHIRE,Standard,Addition,53.4229060000,-1.4416990000
86000,2014-03-07 00:00:00Z,S5 6HZ,Semi-Detached,Established,Leasehold,101,,HATFIELD HOUSE LANE,,SHEFFIELD,SHEFFIELD,SOUTH YORKSHIRE,Standard,Addition,53.4240450000,-1.4469810000
50000,2014-10-10 00:00:00Z,S5 6HT,Terraced,Established,Freehold,186,,BELLHOUSE ROAD,,SHEFFIELD,SHEFFIELD,SOUTH YORKSHIRE,Standard,Addition,53.4223020000,-1.4433170000
40000,2014-11-11 00:00:00Z,S5 6NB,Semi-Detached,Established,Freehold,16,,NESFIELD WAY,,SHEFFIELD,SHEFFIELD,SOUTH YORKSHIRE,Standard,Addition,53.4228690000,-1.4492420000
60000,2014-12-17 00:00:00Z,S5 0TA,Terraced,Established,Leasehold,3,,OAKS LANE,,SHEFFIELD,SHEFFIELD,SOUTH YORKSHIRE,Standard,Addition,53.4256480000,-1.4417380000
74000,2014-06-27 00:00:00Z,S5 6FQ,Semi-Detached,Established,Freehold,158,,FOXGLOVE ROAD,,SHEFFIELD,SHEFFIELD,SOUTH YORKSHIRE,Additional,Addition,53.4207650000,-1.4412450000
55000,2014-06-30 00:00:00Z,S5 6FQ,Terraced,Established,Freehold,158,,FOXGLOVE ROAD,,SHEFFIELD,SHEFFIELD,SOUTH YORKSHIRE,Additional,Addition,53.4207650000,-1.4412450000
119000,2014-04-11 00:00:00Z,S5 6AE,Semi-Detached,Established,Freehold,269,,SHIREGREEN LANE,,SHEFFIELD,SHEFFIELD,SOUTH YORKSHIRE,Standard,Addition,53.4229060000,-1.4416990000
68500,2014-06-06 00:00:00Z,S5 6FS,Terraced,Established,Freehold,90,,PRIMROSE AVENUE,,SHEFFIELD,SHEFFIELD,SOUTH YORKSHIRE,Standard,Addition,53.4206100000,-1.4427520000
64500,2014-12-19 00:00:00Z,S5 0JS,Semi-Detached,Established,Freehold,25,,GREGG HOUSE ROAD,,SHEFFIELD,SHEFFIELD,SOUTH YORKSHIRE,Standard,Addition,53.4266730000,-1.4438770000
55000,2014-05-23 00:00:00Z,S5 0JP,Semi-Detached,Established,Leasehold,368,,SHIREHALL ROAD,,SHEFFIELD,SHEFFIELD,SOUTH YORKSHIRE,Standard,Addition,53.4287090000,-1.4487110000
76000,2014-04-01 00:00:00Z,S5 6HT,Terraced,Established,Leasehold,246,,BELLHOUSE ROAD,,SHEFFIELD,SHEFFIELD,SOUTH YORKSHIRE,Additional,Addition,53.4223020000,-1.4433170000
73000,2014-12-15 00:00:00Z,S5 6NN,Terraced,Established,Leasehold,52,,SICEY AVENUE,,SHEFFIELD,SHEFFIELD,SOUTH YORKSHIRE,Standard,Addition,53.4217450000,-1.4471610000
90000,2014-07-04 00:00:00Z,S5 0JX,Semi-Detached,Established,Freehold,11,,MOLINEAUX ROAD,,SHEFFIELD,SHEFFIELD,SOUTH YORKSHIRE,Standard,Addition,53.4251610000,-1.4492090000
75000,2014-12-01 00:00:00Z,S5 0JH,Semi-Detached,Established,Freehold,2,,WHEATFIELD CRESCENT,,SHEFFIELD,SHEFFIELD,SOUTH YORKSHIRE,Standard,Addition,53.4292090000,-1.4478170000
73000,2014-12-17 00:00:00Z,S5 0JH,Semi-Detached,Established,Freehold,30,,WHEATFIELD CRESCENT,,SHEFFIELD,SHEFFIELD,SOUTH YORKSHIRE,Standard,Addition,53.4292090000,-1.4478170000
51500,2014-02-21 00:00:00Z,S5 6GY,Flats/Maisonettes,Established,Leasehold,14,,FIELDER MEWS,,SHEFFIELD,SHEFFIELD,SOUTH YORKSHIRE,Additional,Addition,53.4227200000,-1.4441990000
675000,2014-05-30 00:00:00Z,S5 0RN,Semi-Detached,Established,Freehold,184,,SICEY AVENUE,,SHEFFIELD,SHEFFIELD,SOUTH YORKSHIRE,Standard,Addition,53.4262500000,-1.4475240000
59200,2014-01-24 00:00:00Z,S5 6NA,Terraced,Established,Freehold,45,,ILKLEY ROAD,,SHEFFIELD,SHEFFIELD,SOUTH YORKSHIRE,Standard,Addition,53.4235650000,-1.4499820000
80000,2014-09-12 00:00:00Z,S5 6ED,Terraced,Established,Freehold,25,,PAVILION WAY,,SHEFFIELD,SHEFFIELD,SOUTH YORKSHIRE,Standard,Addition,53.4223130000,-1.4456340000
56500,2014-03-21 00:00:00Z,S5 6GY,Flats/Maisonettes,Established,Leasehold,18,,FIELDER MEWS,,SHEFFIELD,SHEFFIELD,SOUTH YORKSHIRE,Standard,Addition,53.4227200000,-1.4441990000
75000,2014-04-17 00:00:00Z,S5 0JT,Semi-Detached,Established,Freehold,22,,GREGG HOUSE ROAD,,SHEFFIELD,SHEFFIELD,SOUTH YORKSHIRE,Standard,Addition,53.4270440000,-1.4461440000
70000,2014-06-27 00:00:00Z,S5 0JT,Semi-Detached,Established,Freehold,26,,GREGG HOUSE ROAD,,SHEFFIELD,SHEFFIELD,SOUTH YORKSHIRE,Standard,Addition,53.4270440000,-1.4461440000
97000,2014-08-26 00:00:00Z,S5 6ED,Terraced,Established,Leasehold,31,,PAVILION WAY,,SHEFFIELD,SHEFFIELD,SOUTH YORKSHIRE,Standard,Addition,53.4223130000,-1.4456340000
55000,2014-02-27 00:00:00Z,S5 0JG,Terraced,Established,Freehold,39,,WHEATFIELD CRESCENT,,SHEFFIELD,SHEFFIELD,SOUTH YORKSHIRE,Standard,Addition,53.4289970000,-1.4468260000
92000,2014-12-19 00:00:00Z,S5 6EE,Terraced,Established,Leasehold,70,,PAVILION WAY,,SHEFFIELD,SHEFFIELD,SOUTH YORKSHIRE,Standard,Addition,53.4224830000,-1.4454060000
70000,2014-09-05 00:00:00Z,S5 6NB,Terraced,Established,Freehold,6,,NESFIELD WAY,,SHEFFIELD,SHEFFIELD,SOUTH YORKSHIRE,Standard,Addition,53.4228690000,-1.4492420000
65000,2014-12-08 00:00:00Z,S5 6FQ,Terraced,Established,Freehold,158,,FOXGLOVE ROAD,,SHEFFIELD,SHEFFIELD,SOUTH YORKSHIRE,Standard,Addition,53.4207650000,-1.4412450000
58000,2014-03-25 00:00:00Z,S5 0RP,Semi-Detached,Established,Freehold,192,,SICEY AVENUE,,SHEFFIELD,SHEFFIELD,SOUTH YORKSHIRE,Standard,Addition,53.4284360000,-1.4458710000
55000,2014-12-22 00:00:00Z,S5 0RF,Terraced,Established,Freehold,466,,BELLHOUSE ROAD,,SHEFFIELD,SHEFFIELD,SOUTH YORKSHIRE,Additional,Addition,53.4276890000,-1.4419220000
63000,2015-08-25 00:00:00Z,S5 6NN,Terraced,Established,Freehold,46,,SICEY AVENUE,,SHEFFIELD,SHEFFIELD,SOUTH YORKSHIRE,Standard,Addition,53.4217450000,-1.4471610000
70000,2015-06-05 00:00:00Z,S5 6FS,Terraced,Established,Freehold,68,,PRIMROSE AVENUE,,SHEFFIELD,SHEFFIELD,SOUTH YORKSHIRE,Additional,Addition,53.4206100000,-1.4427520000
65000,2015-05-29 00:00:00Z,S5 0JP,Semi-Detached,Established,Freehold,175,,SHIREHALL ROAD,,SHEFFIELD,SHEFFIELD,SOUTH YORKSHIRE,Additional,Addition,53.4287090000,-1.4487110000
65000,2015-10-26 00:00:00Z,S5 6HT,Terraced,Established,Leasehold,210,,BELLHOUSE ROAD,,SHEFFIELD,SHEFFIELD,SOUTH YORKSHIRE,Standard,Addition,53.4223020000,-1.4433170000
65000,2015-04-15 00:00:00Z,S5 0RF,Terraced,Established,Freehold,462,,BELLHOUSE ROAD,,SHEFFIELD,SHEFFIELD,SOUTH YORKSHIRE,Standard,Addition,53.4276890000,-1.4419220000
75000,2015-03-13 00:00:00Z,S5 0RB,Terraced,Established,Freehold,473,,BELLHOUSE ROAD,,SHEFFIELD,SHEFFIELD,SOUTH YORKSHIRE,Additional,Addition,53.4296830000,-1.4416550000
62950,2015-05-21 00:00:00Z,S5 6NN,Terraced,Established,Leasehold,66,,SICEY AVENUE,,SHEFFIELD,SHEFFIELD,SOUTH YORKSHIRE,Standard,Addition,53.4217450000,-1.4471610000
85000,2015-04-15 00:00:00Z,S5 0JX,Terraced,Established,Freehold,21,,MOLINEAUX ROAD,,SHEFFIELD,SHEFFIELD,SOUTH YORKSHIRE,Standard,Addition,53.4251610000,-1.4492090000
69950,2015-05-20 00:00:00Z,S5 0SB,Terraced,Established,Freehold,36,,FIRCROFT AVENUE,,SHEFFIELD,SHEFFIELD,SOUTH YORKSHIRE,Additional,Addition,53.4276830000,-1.4444810000
85000,2015-04-13 00:00:00Z,S5 0RY,Terraced,Established,Freehold,110,,FIRCROFT ROAD,,SHEFFIELD,SHEFFIELD,SOUTH YORKSHIRE,Standard,Addition,53.4295710000,-1.4425900000
410000,2015-12-10 00:00:00Z,S5 0RF,Other,Established,Freehold,448B,,BELLHOUSE ROAD,,SHEFFIELD,SHEFFIELD,SOUTH YORKSHIRE,Additional,Addition,53.4276890000,-1.4419220000
87000,2015-10-07 00:00:00Z,S5 6ED,Terraced,Established,Leasehold,59,,PAVILION WAY,,SHEFFIELD,SHEFFIELD,SOUTH YORKSHIRE,Standard,Addition,53.4223130000,-1.4456340000
84950,2015-09-01 00:00:00Z,S5 6HR,Flats/Maisonettes,Established,Leasehold,"HAFFERTY COURT, 261",APARTMENT 4,BELLHOUSE ROAD,,SHEFFIELD,SHEFFIELD,SOUTH YORKSHIRE,Standard,Addition,53.4237860000,-1.4434630000
75000,2015-07-31 00:00:00Z,S5 6EF,Flats/Maisonettes,Established,Leasehold,50,,KEEPERS CLOSE,,SHEFFIELD,SHEFFIELD,SOUTH YORKSHIRE,Standard,Addition,53.4217820000,-1.4454600000
85000,2015-04-21 00:00:00Z,S5 6HY,Terraced,Established,Freehold,283,,HATFIELD HOUSE LANE,,SHEFFIELD,SHEFFIELD,SOUTH YORKSHIRE,Standard,Addition,53.4243760000,-1.4446290000
76000,2015-05-22 00:00:00Z,S5 6HY,Terraced,Established,Leasehold,311,,HATFIELD HOUSE LANE,,SHEFFIELD,SHEFFIELD,SOUTH YORKSHIRE,Standard,Addition,53.4243760000,-1.4446290000
70000,2015-07-08 00:00:00Z,S5 6HT,Semi-Detached,Established,Freehold,270,,BELLHOUSE ROAD,,SHEFFIELD,SHEFFIELD,SOUTH YORKSHIRE,Standard,Addition,53.4223020000,-1.4433170000
50000,2015-05-20 00:00:00Z,S5 6HT,Terraced,Established,Leasehold,226,,BELLHOUSE ROAD,,SHEFFIELD,SHEFFIELD,SOUTH YORKSHIRE,Standard,Addition,53.4223020000,-1.4433170000
79950,2015-07-22 00:00:00Z,S5 6NA,Terraced,Established,Freehold,10,,ILKLEY ROAD,,SHEFFIELD,SHEFFIELD,SOUTH YORKSHIRE,Standard,Addition,53.4235650000,-1.4499820000
110000,2015-08-14 00:00:00Z,S5 6EE,Terraced,Established,Leasehold,70,,PAVILION WAY,,SHEFFIELD,SHEFFIELD,SOUTH YORKSHIRE,Standard,Addition,53.4224830000,-1.4454060000
96000,2015-02-06 00:00:00Z,S5 6HT,Terraced,Established,Leasehold,190,,BELLHOUSE ROAD,,SHEFFIELD,SHEFFIELD,SOUTH YORKSHIRE,Standard,Addition,53.4223020000,-1.4433170000
85000,2015-08-28 00:00:00Z,S5 0SB,Semi-Detached,Established,Freehold,52,,FIRCROFT AVENUE,,SHEFFIELD,SHEFFIELD,SOUTH YORKSHIRE,Standard,Addition,53.4276830000,-1.4444810000
74000,2015-12-21 00:00:00Z,S5 0RX,Terraced,Established,Freehold,21,,FIRCROFT ROAD,,SHEFFIELD,SHEFFIELD,SOUTH YORKSHIRE,Standard,Addition,53.4274460000,-1.4438210000
40000,2015-12-07 00:00:00Z,S5 0RF,Terraced,Established,Leasehold,468,,BELLHOUSE ROAD,,SHEFFIELD,SHEFFIELD,SOUTH YORKSHIRE,Standard,Addition,53.4276890000,-1.4419220000
68500,2015-12-18 00:00:00Z,S5 6LX,Terraced,Established,Freehold,21,,FAIRTHORN ROAD,,SHEFFIELD,SHEFFIELD,SOUTH YORKSHIRE,Standard,Addition,53.4212390000,-1.4484770000
52000,2015-06-18 00:00:00Z,S5 6NA,Terraced,Established,Freehold,7,,ILKLEY ROAD,,SHEFFIELD,SHEFFIELD,SOUTH YORKSHIRE,Standard,Addition,53.4235650000,-1.4499820000
71000,2015-07-16 00:00:00Z,S5 6HT,Terraced,Established,Freehold,206,,BELLHOUSE ROAD,,SHEFFIELD,SHEFFIELD,SOUTH YORKSHIRE,Standard,Addition,53.4223020000,-1.4433170000
117500,2015-07-10 00:00:00Z,S5 6ED,Terraced,Established,Leasehold,61,,PAVILION WAY,,SHEFFIELD,SHEFFIELD,SOUTH YORKSHIRE,Standard,Addition,53.4223130000,-1.4456340000
87950,2015-06-19 00:00:00Z,S5 6EE,Flats/Maisonettes,Established,Leasehold,122,,PAVILION WAY,,SHEFFIELD,SHEFFIELD,SOUTH YORKSHIRE,Standard,Addition,53.4224830000,-1.4454060000
86000,2015-01-30 00:00:00Z,S5 6EE,Terraced,Established,Freehold,14,,PAVILION WAY,,SHEFFIELD,SHEFFIELD,SOUTH YORKSHIRE,Standard,Addition,53.4224830000,-1.4454060000
96000,2016-02-01 00:00:00Z,S5 0TB,Semi-Detached,Established,Freehold,11,,OAKS FOLD AVENUE,,SHEFFIELD,SHEFFIELD,SOUTH YORKSHIRE,Standard,Addition,53.4265510000,-1.4407480000
80000,2016-06-10 00:00:00Z,S5 0TQ,Semi-Detached,Established,Freehold,165,,MASON LATHE ROAD,,SHEFFIELD,SHEFFIELD,SOUTH YORKSHIRE,Additional,Addition,53.4278730000,-1.4408060000
90000,2016-08-17 00:00:00Z,S5 6LX,Terraced,Established,Freehold,26,,FAIRTHORN ROAD,,SHEFFIELD,SHEFFIELD,SOUTH YORKSHIRE,Standard,Addition,53.4212390000,-1.4484770000
76000,2016-07-06 00:00:00Z,S5 6FQ,Terraced,Established,Freehold,178,,FOXGLOVE ROAD,,SHEFFIELD,SHEFFIELD,SOUTH YORKSHIRE,Standard,Addition,53.4207650000,-1.4412450000
120000,2016-11-01 00:00:00Z,S5 0RF,Other,Established,Freehold,480,,BELLHOUSE ROAD,,SHEFFIELD,SHEFFIELD,SOUTH YORKSHIRE,Additional,Addition,53.4276890000,-1.4419220000
70000,2016-06-24 00:00:00Z,S5 0RP,Semi-Detached,Established,Freehold,210,,SICEY AVENUE,,SHEFFIELD,SHEFFIELD,SOUTH YORKSHIRE,Standard,Addition,53.4284360000,-1.4458710000
65000,2016-04-18 00:00:00Z,S5 0RZ,Terraced,Established,Freehold,83,,FIRCROFT ROAD,,SHEFFIELD,SHEFFIELD,SOUTH YORKSHIRE,Standard,Addition,53.4295640000,-1.4430410000
66000,2016-08-24 00:00:00Z,S5 0SA,Terraced,Established,Freehold,29,,FIRCROFT AVENUE,,SHEFFIELD,SHEFFIELD,SOUTH YORKSHIRE,Additional,Addition,53.4290660000,-1.4441470000
27000,2016-12-22 00:00:00Z,S5 0JX,Other,Established,Freehold,2,,MOLINEAUX ROAD,,SHEFFIELD,SHEFFIELD,SOUTH YORKSHIRE,Additional,Addition,53.4251610000,-1.4492090000
72000,2016-02-12 00:00:00Z,S5 6HR,Flats/Maisonettes,Established,Leasehold,"HAFFERTY COURT, 261",APARTMENT 26,BELLHOUSE ROAD,,SHEFFIELD,SHEFFIELD,SOUTH YORKSHIRE,Standard,Addition,53.4237860000,-1.4434630000
67000,2016-02-26 00:00:00Z,S5 0RD,Terraced,Established,Leasehold,351,,BELLHOUSE ROAD,,SHEFFIELD,SHEFFIELD,SOUTH YORKSHIRE,Standard,Addition,53.4254650000,-1.4430500000
95000,2016-03-11 00:00:00Z,S5 6HT,Terraced,Established,Freehold,192,,BELLHOUSE ROAD,,SHEFFIELD,SHEFFIELD,SOUTH YORKSHIRE,Standard,Addition,53.4223020000,-1.4433170000
84950,2016-11-07 00:00:00Z,S5 0RW,Terraced,Established,Freehold,40,,GREGG HOUSE CRESCENT,,SHEFFIELD,SHEFFIELD,SOUTH YORKSHIRE,Standard,Addition,53.4280030000,-1.4457260000
117500,2016-11-18 00:00:00Z,S5 6EE,Terraced,Established,Leasehold,130,,PAVILION WAY,,SHEFFIELD,SHEFFIELD,SOUTH YORKSHIRE,Standard,Addition,53.4224830000,-1.4454060000
75000,2016-07-29 00:00:00Z,S5 0RA,Terraced,Established,Freehold,379,,BELLHOUSE ROAD,,SHEFFIELD,SHEFFIELD,SOUTH YORKSHIRE,Standard,Addition,53.4273240000,-1.4426340000
85000,2016-08-18 00:00:00Z,S5 0RY,Semi-Detached,Established,Freehold,88,,FIRCROFT ROAD,,SHEFFIELD,SHEFFIELD,SOUTH YORKSHIRE,Standard,Addition,53.4295710000,-1.4425900000
79000,2016-07-14 00:00:00Z,S5 0SB,Semi-Detached,Established,Freehold,49,,FIRCROFT AVENUE,,SHEFFIELD,SHEFFIELD,SOUTH YORKSHIRE,Standard,Addition,53.4276830000,-1.4444810000
103000,2016-11-02 00:00:00Z,S5 6ED,Terraced,Established,Leasehold,37,,PAVILION WAY,,SHEFFIELD,SHEFFIELD,SOUTH YORKSHIRE,Standard,Addition,53.4223130000,-1.4456340000
105000,2016-04-22 00:00:00Z,S5 6EE,Terraced,Established,Leasehold,62,,PAVILION WAY,,SHEFFIELD,SHEFFIELD,SOUTH YORKSHIRE,Additional,Addition,53.4224830000,-1.4454060000
67000,2016-04-29 00:00:00Z,S5 0ND,Terraced,Established,Freehold,116,,HOMESTEAD ROAD,,SHEFFIELD,SHEFFIELD,SOUTH YORKSHIRE,Additional,Addition,53.4268220000,-1.4486610000
75000,2016-09-02 00:00:00Z,S5 0RE,Terraced,Established,Leasehold,326,,BELLHOUSE ROAD,,SHEFFIELD,SHEFFIELD,SOUTH YORKSHIRE,Standard,Addition,53.4251310000,-1.4426480000
84000,2016-08-19 00:00:00Z,S5 0SD,Terraced,Established,Freehold,56,,FIRCROFT AVENUE,,SHEFFIELD,SHEFFIELD,SOUTH YORKSHIRE,Standard,Addition,53.4265880000,-1.4447510000
75000,2016-09-06 00:00:00Z,S5 0RY,Terraced,Established,Freehold,44,,FIRCROFT ROAD,,SHEFFIELD,SHEFFIELD,SOUTH YORKSHIRE,Standard,Addition,53.4295710000,-1.4425900000
90000,2016-10-07 00:00:00Z,S5 0TA,Terraced,Established,Freehold,17,,OAKS LANE,,SHEFFIELD,SHEFFIELD,SOUTH YORKSHIRE,Standard,Addition,53.4256480000,-1.4417380000
80000,2016-03-31 00:00:00Z,S5 0RS,Terraced,Established,Freehold,5,,SHIREGREEN TERRACE,,SHEFFIELD,SHEFFIELD,SOUTH YORKSHIRE,Standard,Addition,53.4257960000,-1.4467180000
85500,2016-02-26 00:00:00Z,S5 6EE,Semi-Detached,Established,Leasehold,18,,PAVILION WAY,,SHEFFIELD,SHEFFIELD,SOUTH YORKSHIRE,Standard,Addition,53.4224830000,-1.4454060000
107000,2016-03-31 00:00:00Z,S5 6EE,Terraced,Established,Freehold,50,,PAVILION WAY,,SHEFFIELD,SHEFFIELD,SOUTH YORKSHIRE,Standard,Addition,53.4224830000,-1.4454060000
50000,2016-09-21 00:00:00Z,S5 6HQ,Terraced,Established,Freehold,191,,BELLHOUSE ROAD,,SHEFFIELD,SHEFFIELD,SOUTH YORKSHIRE,Additional,Addition,53.4223940000,-1.4437520000
74000,2016-03-01 00:00:00Z,S5 6HT,Terraced,Established,Freehold,266,,BELLHOUSE ROAD,,SHEFFIELD,SHEFFIELD,SOUTH YORKSHIRE,Additional,Addition,53.4223020000,-1.4433170000
81000,2016-02-11 00:00:00Z,S5 6HT,Terraced,Established,Leasehold,248,,BELLHOUSE ROAD,,SHEFFIELD,SHEFFIELD,SOUTH YORKSHIRE,Standard,Addition,53.4223020000,-1.4433170000
78000,2016-06-03 00:00:00Z,S5 0RY,Terraced,Established,Freehold,38,,FIRCROFT ROAD,,SHEFFIELD,SHEFFIELD,SOUTH YORKSHIRE,Standard,Addition,53.4295710000,-1.4425900000
72000,2016-05-27 00:00:00Z,S5 0RA,Terraced,Established,Freehold,395,,BELLHOUSE ROAD,,SHEFFIELD,SHEFFIELD,SOUTH YORKSHIRE,Standard,Addition,53.4273240000,-1.4426340000
93000,2016-04-22 00:00:00Z,S5 6EE,Terraced,Established,Leasehold,62,,PAVILION WAY,,SHEFFIELD,SHEFFIELD,SOUTH YORKSHIRE,Standard,Addition,53.4224830000,-1.4454060000
115000,2016-10-13 00:00:00Z,S5 6EE,Terraced,Established,Leasehold,38,,PAVILION WAY,,SHEFFIELD,SHEFFIELD,SOUTH YORKSHIRE,Standard,Addition,53.4224830000,-1.4454060000
67500,2016-10-03 00:00:00Z,S5 0RR,Semi-Detached,Established,Freehold,23,,SICEY LANE,,SHEFFIELD,SHEFFIELD,SOUTH YORKSHIRE,Standard,Addition,53.4298300000,-1.4461840000
76000,2016-08-26 00:00:00Z,S5 6ND,Terraced,Established,Freehold,35,,MILLTHORPE ROAD,,SHEFFIELD,SHEFFIELD,SOUTH YORKSHIRE,Standard,Addition,53.4200830000,-1.4492590000
70000,2016-12-08 00:00:00Z,S5 0TJ,Terraced,Established,Freehold,189,,OAKS FOLD ROAD,,SHEFFIELD,SHEFFIELD,SOUTH YORKSHIRE,Standard,Addition,53.4264850000,-1.4400570000
105000,2016-09-23 00:00:00Z,S5 6FS,Semi-Detached,Established,Freehold,50,,PRIMROSE AVENUE,,SHEFFIELD,SHEFFIELD,SOUTH YORKSHIRE,Standard,Addition,53.4206100000,-1.4427520000
90000,2017-12-01 00:00:00Z,S5 6LF,Terraced,Established,Freehold,14,,WINKLEY TERRACE,,SHEFFIELD,SHEFFIELD,SOUTH YORKSHIRE,Standard,Addition,53.4237540000,-1.4442610000
100000,2017-02-28 00:00:00Z,S5 6AE,Semi-Detached,Established,Leasehold,271,,SHIREGREEN LANE,,SHEFFIELD,SHEFFIELD,SOUTH YORKSHIRE,Additional,Addition,53.4229060000,-1.4416990000
96000,2017-02-10 00:00:00Z,S5 0RE,Terraced,Established,Leasehold,340,,BELLHOUSE ROAD,,SHEFFIELD,SHEFFIELD,SOUTH YORKSHIRE,Standard,Addition,53.4251310000,-1.4426480000
82000,2017-12-11 00:00:00Z,S5 6ED,Terraced,Established,Freehold,29,,PAVILION WAY,,SHEFFIELD,SHEFFIELD,SOUTH YORKSHIRE,Standard,Addition,53.4223130000,-1.4456340000
123500,2017-12-20 00:00:00Z,S5 6EF,Semi-Detached,Established,Leasehold,5,,KEEPERS CLOSE,,SHEFFIELD,SHEFFIELD,SOUTH YORKSHIRE,Standard,Addition,53.4217820000,-1.4454600000
85250,2017-11-17 00:00:00Z,S5 0RP,Semi-Detached,Established,Freehold,248,,SICEY AVENUE,,SHEFFIELD,SHEFFIELD,SOUTH YORKSHIRE,Standard,Addition,53.4284360000,-1.4458710000
50000,2017-12-18 00:00:00Z,S5 0TA,Flats/Maisonettes,Established,Leasehold,5,,OAKS LANE,,SHEFFIELD,SHEFFIELD,SOUTH YORKSHIRE,Standard,Addition,53.4256480000,-1.4417380000
2100000,2017-01-31 00:00:00Z,S5 6NG,Other,Established,Freehold,"SICEY HOUSE, 16",,SICEY AVENUE,,SHEFFIELD,SHEFFIELD,SOUTH YORKSHIRE,Additional,Addition,53.4200450000,-1.4468670000
9998,2017-03-15 00:00:00Z,S5 6HT,Other,Established,Leasehold,272,,BELLHOUSE ROAD,,SHEFFIELD,SHEFFIELD,SOUTH YORKSHIRE,Additional,Addition,53.4223020000,-1.4433170000
84950,2017-04-28 00:00:00Z,S5 0JH,Semi-Detached,Established,Freehold,24,,WHEATFIELD CRESCENT,,SHEFFIELD,SHEFFIELD,SOUTH YORKSHIRE,Standard,Addition,53.4292090000,-1.4478170000
85000,2017-04-21 00:00:00Z,S5 0RW,Terraced,Established,Freehold,25,,GREGG HOUSE CRESCENT,,SHEFFIELD,SHEFFIELD,SOUTH YORKSHIRE,Standard,Addition,53.4280030000,-1.4457260000
76000,2017-04-27 00:00:00Z,S5 6FQ,Terraced,Established,Freehold,164,,FOXGLOVE ROAD,,SHEFFIELD,SHEFFIELD,SOUTH YORKSHIRE,Standard,Addition,53.4207650000,-1.4412450000
86000,2017-04-21 00:00:00Z,S5 0TB,Semi-Detached,Established,Freehold,8,,OAKS FOLD AVENUE,,SHEFFIELD,SHEFFIELD,SOUTH YORKSHIRE,Standard,Addition,53.4265510000,-1.4407480000
105000,2017-09-15 00:00:00Z,S5 0TB,Semi-Detached,Established,Freehold,13,,OAKS FOLD AVENUE,,SHEFFIELD,SHEFFIELD,SOUTH YORKSHIRE,Standard,Addition,53.4265510000,-1.4407480000
76000,2017-10-09 00:00:00Z,S5 0RU,Semi-Detached,Established,Freehold,7,,GREGG HOUSE CRESCENT,,SHEFFIELD,SHEFFIELD,SOUTH YORKSHIRE,Standard,Addition,53.4283060000,-1.4430430000
182250,2017-11-22 00:00:00Z,S5 0RD,Detached,Established,Freehold,323,,BELLHOUSE ROAD,,SHEFFIELD,SHEFFIELD,SOUTH YORKSHIRE,Additional,Addition,53.4254650000,-1.4430500000
75000,2017-05-10 00:00:00Z,S5 6HT,Terraced,Established,Leasehold,210,,BELLHOUSE ROAD,,SHEFFIELD,SHEFFIELD,SOUTH YORKSHIRE,Standard,Addition,53.4223020000,-1.4433170000
73000,2017-05-22 00:00:00Z,S5 0JG,Semi-Detached,Established,Freehold,55,,WHEATFIELD CRESCENT,,SHEFFIELD,SHEFFIELD,SOUTH YORKSHIRE,Standard,Addition,53.4289970000,-1.4468260000
77000,2017-04-28 00:00:00Z,S5 0TJ,Terraced,Established,Freehold,153,,OAKS FOLD ROAD,,SHEFFIELD,SHEFFIELD,SOUTH YORKSHIRE,Standard,Addition,53.4264850000,-1.4400570000
95000,2017-07-10 00:00:00Z,S5 6HZ,Terraced,Established,Freehold,100,,HATFIELD HOUSE LANE,,SHEFFIELD,SHEFFIELD,SOUTH YORKSHIRE,Standard,Addition,53.4240450000,-1.4469810000
80000,2017-07-14 00:00:00Z,S5 0TR,Terraced,Established,Freehold,182,,MASON LATHE ROAD,,SHEFFIELD,SHEFFIELD,SOUTH YORKSHIRE,Additional,Addition,53.4260760000,-1.4411000000
56000,2017-08-18 00:00:00Z,S5 6NA,Terraced,Established,Freehold,45,,ILKLEY ROAD,,SHEFFIELD,SHEFFIELD,SOUTH YORKSHIRE,Standard,Addition,53.4235650000,-1.4499820000
101500,2017-08-18 00:00:00Z,S5 6HZ,Semi-Detached,Established,Freehold,101,,HATFIELD HOUSE LANE,,SHEFFIELD,SHEFFIELD,SOUTH YORKSHIRE,Standard,Addition,53.4240450000,-1.4469810000
105000,2017-08-25 00:00:00Z,S5 6EF,Terraced,Established,Freehold,19,,KEEPERS CLOSE,,SHEFFIELD,SHEFFIELD,SOUTH YORKSHIRE,Standard,Addition,53.4217820000,-1.4454600000
84000,2017-09-04 00:00:00Z,S5 0TJ,Terraced,Established,Freehold,161,,OAKS FOLD ROAD,,SHEFFIELD,SHEFFIELD,SOUTH YORKSHIRE,Standard,Addition,53.4264850000,-1.4400570000
95000,2017-08-09 00:00:00Z,S5 0JT,Semi-Detached,Established,Freehold,35,,GREGG HOUSE ROAD,,SHEFFIELD,SHEFFIELD,SOUTH YORKSHIRE,Standard,Addition,53.4270440000,-1.4461440000
87000,2017-08-25 00:00:00Z,S5 6HR,Flats/Maisonettes,Established,Leasehold,"HAFFERTY COURT, 261",APARTMENT 5,BELLHOUSE ROAD,,SHEFFIELD,SHEFFIELD,SOUTH YORKSHIRE,Standard,Addition,53.4237860000,-1.4434630000
86500,2017-07-28 00:00:00Z,S5 0JP,Semi-Detached,Established,Freehold,340,,SHIREHALL ROAD,,SHEFFIELD,SHEFFIELD,SOUTH YORKSHIRE,Standard,Addition,53.4287090000,-1.4487110000
77000,2017-09-15 00:00:00Z,S5 6HT,Terraced,Established,Leasehold,244,,BELLHOUSE ROAD,,SHEFFIELD,SHEFFIELD,SOUTH YORKSHIRE,Standard,Addition,53.4223020000,-1.4433170000
140000,2017-06-06 00:00:00Z,S5 0RF,Other,Established,Leasehold,470,,BELLHOUSE ROAD,,SHEFFIELD,SHEFFIELD,SOUTH YORKSHIRE,Additional,Addition,53.4276890000,-1.4419220000
77000,2017-06-01 00:00:00Z,S5 6HY,Terraced,Established,Leasehold,305,,HATFIELD HOUSE LANE,,SHEFFIELD,SHEFFIELD,SOUTH YORKSHIRE,Additional,Addition,53.4243760000,-1.4446290000
80000,2017-10-13 00:00:00Z,S5 0RE,Terraced,Established,Leasehold,352,,BELLHOUSE ROAD,,SHEFFIELD,SHEFFIELD,SOUTH YORKSHIRE,Standard,Addition,53.4251310000,-1.4426480000
108000,2017-09-29 00:00:00Z,S5 0RU,Semi-Detached,Established,Freehold,13,,GREGG HOUSE CRESCENT,,SHEFFIELD,SHEFFIELD,SOUTH YORKSHIRE,Standard,Addition,53.4283060000,-1.4430430000
82500,2017-11-02 00:00:00Z,S5 6HR,Flats/Maisonettes,Established,Leasehold,"HAFFERTY COURT, 261",APARTMENT 24,BELLHOUSE ROAD,,SHEFFIELD,SHEFFIELD,SOUTH YORKSHIRE,Standard,Addition,53.4237860000,-1.4434630000
88000,2017-11-20 00:00:00Z,S5 6NL,Terraced,Established,Freehold,99,,SICEY AVENUE,,SHEFFIELD,SHEFFIELD,SOUTH YORKSHIRE,Standard,Addition,53.4230540000,-1.4484690000
57500,2017-10-02 00:00:00Z,S5 6GY,Semi-Detached,Established,Leasehold,3,,FIELDER MEWS,,SHEFFIELD,SHEFFIELD,SOUTH YORKSHIRE,Standard,Addition,53.4227200000,-1.4441990000
64000,2017-11-10 00:00:00Z,S5 6HT,Terraced,Established,Leasehold,238,,BELLHOUSE ROAD,,SHEFFIELD,SHEFFIELD,SOUTH YORKSHIRE,Standard,Addition,53.4223020000,-1.4433170000
358711,2017-12-19 00:00:00Z,S5 0JX,Detached,Established,Freehold,2A,,MOLINEAUX ROAD,,SHEFFIELD,SHEFFIELD,SOUTH YORKSHIRE,Additional,Addition,53.4251610000,-1.4492090000
335000,2017-11-30 00:00:00Z,S5 0JX,Detached,Established,Freehold,2A,,MOLINEAUX ROAD,,SHEFFIELD,SHEFFIELD,SOUTH YORKSHIRE,Additional,Addition,53.4251610000,-1.4492090000
88000,2017-03-07 00:00:00Z,S5 6AE,Semi-Detached,Established,Leasehold,267,,SHIREGREEN LANE,,SHEFFIELD,SHEFFIELD,SOUTH YORKSHIRE,Standard,Addition,53.4229060000,-1.4416990000
55000,2017-03-10 00:00:00Z,S5 0TQ,Terraced,Established,Freehold,156,,MASON LATHE ROAD,,SHEFFIELD,SHEFFIELD,SOUTH YORKSHIRE,Standard,Addition,53.4278730000,-1.4408060000
85000,2017-02-10 00:00:00Z,S5 0RX,Terraced,Established,Freehold,12,,FIRCROFT ROAD,,SHEFFIELD,SHEFFIELD,SOUTH YORKSHIRE,Standard,Addition,53.4274460000,-1.4438210000
98000,2017-11-17 00:00:00Z,S5 0SA,Semi-Detached,Established,Freehold,45,,FIRCROFT AVENUE,,SHEFFIELD,SHEFFIELD,SOUTH YORKSHIRE,Standard,Addition,53.4290660000,-1.4441470000
92000,2017-11-02 00:00:00Z,S5 0NF,Semi-Detached,Established,Freehold,9,,MOLINEAUX CLOSE,,SHEFFIELD,SHEFFIELD,SOUTH YORKSHIRE,Standard,Addition,53.4260310000,-1.4488810000
53250,2017-03-13 00:00:00Z,S5 6HY,Terraced,Established,Freehold,289,,HATFIELD HOUSE LANE,,SHEFFIELD,SHEFFIELD,SOUTH YORKSHIRE,Additional,Addition,53.4243760000,-1.4446290000
1061667,2017-12-19 00:00:00Z,S5 0JX,Detached,Established,Freehold,2A,,MOLINEAUX ROAD,,SHEFFIELD,SHEFFIELD,SOUTH YORKSHIRE,Additional,Addition,53.4251610000,-1.4492090000
78000,2017-05-24 00:00:00Z,S5 0RE,Terraced,Established,Freehold,402,,BELLHOUSE ROAD,,SHEFFIELD,SHEFFIELD,SOUTH YORKSHIRE,Standard,Addition,53.4251310000,-1.4426480000
88000,2017-01-27 00:00:00Z,S5 6LT,Terraced,Established,Freehold,104,,ROLLESTON ROAD,,SHEFFIELD,SHEFFIELD,SOUTH YORKSHIRE,Standard,Addition,53.4219300000,-1.4483480000
87500,2018-11-23 00:00:00Z,S5 0RB,Terraced,Established,Freehold,473,,BELLHOUSE ROAD,,SHEFFIELD,SHEFFIELD,SOUTH YORKSHIRE,Standard,Addition,53.4296830000,-1.4416550000
105000,2018-05-31 00:00:00Z,S5 6HZ,Terraced,Established,Freehold,124,,HATFIELD HOUSE LANE,,SHEFFIELD,SHEFFIELD,SOUTH YORKSHIRE,Standard,Addition,53.4240450000,-1.4469810000
51000,2018-11-23 00:00:00Z,S5 0JP,Semi-Detached,Established,Freehold,356,,SHIREHALL ROAD,,SHEFFIELD,SHEFFIELD,SOUTH YORKSHIRE,Standard,Addition,53.4287090000,-1.4487110000
128500,2018-12-03 00:00:00Z,S5 6AE,Semi-Detached,Established,Freehold,269,,SHIREGREEN LANE,,SHEFFIELD,SHEFFIELD,SOUTH YORKSHIRE,Standard,Addition,53.4229060000,-1.4416990000
68000,2018-09-07 00:00:00Z,S5 0JP,Semi-Detached,Established,Freehold,338,,SHIREHALL ROAD,,SHEFFIELD,SHEFFIELD,SOUTH YORKSHIRE,Standard,Addition,53.4287090000,-1.4487110000
80000,2018-10-25 00:00:00Z,S5 0TA,Flats/Maisonettes,Established,Leasehold,5,,OAKS LANE,,SHEFFIELD,SHEFFIELD,SOUTH YORKSHIRE,Standard,Addition,53.4256480000,-1.4417380000
69950,2018-10-17 00:00:00Z,S5 6GY,Flats/Maisonettes,Established,Leasehold,20,,FIELDER MEWS,,SHEFFIELD,SHEFFIELD,SOUTH YORKSHIRE,Additional,Addition,53.4227200000,-1.4441990000
95000,2018-10-26 00:00:00Z,S5 0NE,Semi-Detached,Established,Freehold,4,,HOMESTEAD CLOSE,,SHEFFIELD,SHEFFIELD,SOUTH YORKSHIRE,Standard,Addition,53.4273020000,-1.4495870000
90000,2018-12-07 00:00:00Z,S5 6LB,Semi-Detached,Established,Freehold,61,,TORKSEY ROAD,,SHEFFIELD,SHEFFIELD,SOUTH YORKSHIRE,Additional,Addition,53.4232190000,-1.4451710000
39900,2018-12-20 00:00:00Z,S5 6LB,Terraced,Established,Freehold,37,,TORKSEY ROAD,,SHEFFIELD,SHEFFIELD,SOUTH YORKSHIRE,Additional,Addition,53.4232190000,-1.4451710000
43000,2018-12-31 00:00:00Z,S5 6HQ,Flats/Maisonettes,Established,Leasehold,227,,BELLHOUSE ROAD,,SHEFFIELD,SHEFFIELD,SOUTH YORKSHIRE,Additional,Addition,53.4223940000,-1.4437520000
43000,2018-12-31 00:00:00Z,S5 6HQ,Flats/Maisonettes,Established,Leasehold,229,,BELLHOUSE ROAD,,SHEFFIELD,SHEFFIELD,SOUTH YORKSHIRE,Additional,Addition,53.4223940000,-1.4437520000
63000,2018-05-14 00:00:00Z,S5 0TA,Terraced,Established,Leasehold,3,,OAKS LANE,,SHEFFIELD,SHEFFIELD,SOUTH YORKSHIRE,Standard,Addition,53.4256480000,-1.4417380000
50000,2018-11-15 00:00:00Z,S5 6GY,Flats/Maisonettes,Established,Leasehold,16,,FIELDER MEWS,,SHEFFIELD,SHEFFIELD,SOUTH YORKSHIRE,Additional,Addition,53.4227200000,-1.4441990000
81000,2018-11-19 00:00:00Z,S5 6NB,Terraced,Established,Freehold,12,,NESFIELD WAY,,SHEFFIELD,SHEFFIELD,SOUTH YORKSHIRE,Standard,Addition,53.4228690000,-1.4492420000
92000,2018-04-06 00:00:00Z,S5 0RR,Semi-Detached,Established,Freehold,31,,SICEY LANE,,SHEFFIELD,SHEFFIELD,SOUTH YORKSHIRE,Standard,Addition,53.4298300000,-1.4461840000
72500,2018-12-20 00:00:00Z,S5 0JS,Semi-Detached,Established,Freehold,3,,GREGG HOUSE ROAD,,SHEFFIELD,SHEFFIELD,SOUTH YORKSHIRE,Standard,Addition,53.4266730000,-1.4438770000
68500,2018-09-14 00:00:00Z,S5 0SB,Semi-Detached,Established,Freehold,67,,FIRCROFT AVENUE,,SHEFFIELD,SHEFFIELD,SOUTH YORKSHIRE,Additional,Addition,53.4276830000,-1.4444810000
100000,2018-01-26 00:00:00Z,S5 6HT,Semi-Detached,Established,Freehold,272,,BELLHOUSE ROAD,,SHEFFIELD,SHEFFIELD,SOUTH YORKSHIRE,Standard,Addition,53.4223020000,-1.4433170000
120000,2018-08-20 00:00:00Z,S5 6EE,Terraced,Established,Leasehold,36,,PAVILION WAY,,SHEFFIELD,SHEFFIELD,SOUTH YORKSHIRE,Standard,Addition,53.4224830000,-1.4454060000
73000,2018-08-28 00:00:00Z,S5 6NL,Terraced,Established,Freehold,69,,SICEY AVENUE,,SHEFFIELD,SHEFFIELD,SOUTH YORKSHIRE,Standard,Addition,53.4230540000,-1.4484690000
150500,2018-09-17 00:00:00Z,S5 0RF,Semi-Detached,Established,Freehold,406,,BELLHOUSE ROAD,,SHEFFIELD,SHEFFIELD,SOUTH YORKSHIRE,Standard,Addition,53.4276890000,-1.4419220000
150500,2018-09-17 00:00:00Z,S5 0RF,Semi-Detached,Established,Leasehold,406,,BELLHOUSE ROAD,,SHEFFIELD,SHEFFIELD,SOUTH YORKSHIRE,Standard,Addition,53.4276890000,-1.4419220000
124000,2018-10-04 00:00:00Z,S5 0RF,Semi-Detached,Established,Freehold,416,,BELLHOUSE ROAD,,SHEFFIELD,SHEFFIELD,SOUTH YORKSHIRE,Standard,Addition,53.4276890000,-1.4419220000
78000,2018-01-11 00:00:00Z,S5 0RR,Terraced,Established,Freehold,3,,SICEY LANE,,SHEFFIELD,SHEFFIELD,SOUTH YORKSHIRE,Standard,Addition,53.4298300000,-1.4461840000
89550,2018-01-26 00:00:00Z,S5 0JP,Semi-Detached,Established,Freehold,364,,SHIREHALL ROAD,,SHEFFIELD,SHEFFIELD,SOUTH YORKSHIRE,Standard,Addition,53.4287090000,-1.4487110000
113000,2018-02-28 00:00:00Z,S5 6ED,Terraced,Established,Leasehold,39,,PAVILION WAY,,SHEFFIELD,SHEFFIELD,SOUTH YORKSHIRE,Standard,Addition,53.4223130000,-1.4456340000
105000,2018-01-31 00:00:00Z,S5 0RW,Semi-Detached,Established,Freehold,50,,GREGG HOUSE CRESCENT,,SHEFFIELD,SHEFFIELD,SOUTH YORKSHIRE,Standard,Addition,53.4280030000,-1.4457260000
75000,2018-02-28 00:00:00Z,S5 0RE,Terraced,Established,Leasehold,356,,BELLHOUSE ROAD,,SHEFFIELD,SHEFFIELD,SOUTH YORKSHIRE,Standard,Addition,53.4251310000,-1.4426480000
77500,2018-09-07 00:00:00Z,S5 0RE,Terraced,Established,Leasehold,314,,BELLHOUSE ROAD,,SHEFFIELD,SHEFFIELD,SOUTH YORKSHIRE,Additional,Addition,53.4251310000,-1.4426480000
97000,2018-01-09 00:00:00Z,S5 6AE,Semi-Detached,Established,Freehold,277,,SHIREGREEN LANE,,SHEFFIELD,SHEFFIELD,SOUTH YORKSHIRE,Additional,Addition,53.4229060000,-1.4416990000
114500,2018-05-21 00:00:00Z,S5 6AE,Semi-Detached,Established,Freehold,265,,SHIREGREEN LANE,,SHEFFIELD,SHEFFIELD,SOUTH YORKSHIRE,Standard,Addition,53.4229060000,-1.4416990000
77500,2018-04-16 00:00:00Z,S5 0ND,Terraced,Established,Freehold,118,,HOMESTEAD ROAD,,SHEFFIELD,SHEFFIELD,SOUTH YORKSHIRE,Standard,Addition,53.4268220000,-1.4486610000
65000,2018-02-13 00:00:00Z,S5 0RE,Terraced,Established,Leasehold,320,,BELLHOUSE ROAD,,SHEFFIELD,SHEFFIELD,SOUTH YORKSHIRE,Additional,Addition,53.4251310000,-1.4426480000
68000,2018-03-26 00:00:00Z,S5 0RE,Terraced,Established,Freehold,346,,BELLHOUSE ROAD,,SHEFFIELD,SHEFFIELD,SOUTH YORKSHIRE,Standard,Addition,53.4251310000,-1.4426480000
112500,2018-02-27 00:00:00Z,S5 0RD,Terraced,Established,Leasehold,355,,BELLHOUSE ROAD,,SHEFFIELD,SHEFFIELD,SOUTH YORKSHIRE,Standard,Addition,53.4254650000,-1.4430500000
40000,2018-01-31 00:00:00Z,S5 0JX,Other,Established,Freehold,2,,MOLINEAUX ROAD,,SHEFFIELD,SHEFFIELD,SOUTH YORKSHIRE,Additional,Addition,53.4251610000,-1.4492090000
117000,2018-07-06 00:00:00Z,S5 0RE,Terraced,Established,Freehold,404,,BELLHOUSE ROAD,,SHEFFIELD,SHEFFIELD,SOUTH YORKSHIRE,Standard,Addition,53.4251310000,-1.4426480000
110000,2018-07-17 00:00:00Z,S5 6EE,Semi-Detached,Established,Leasehold,76,,PAVILION WAY,,SHEFFIELD,SHEFFIELD,SOUTH YORKSHIRE,Standard,Addition,53.4224830000,-1.4454060000
85000,2018-07-27 00:00:00Z,S5 6EE,Semi-Detached,Established,Leasehold,106,,PAVILION WAY,,SHEFFIELD,SHEFFIELD,SOUTH YORKSHIRE,Standard,Addition,53.4224830000,-1.4454060000
60000,2018-07-27 00:00:00Z,S5 6ND,Terraced,Established,Freehold,41,,MILLTHORPE ROAD,,SHEFFIELD,SHEFFIELD,SOUTH YORKSHIRE,Standard,Addition,53.4200830000,-1.4492590000
90000,2018-07-26 00:00:00Z,S5 0TA,Terraced,Established,Freehold,19,,OAKS LANE,,SHEFFIELD,SHEFFIELD,SOUTH YORKSHIRE,Standard,Addition,53.4256480000,-1.4417380000
83000,2018-01-17 00:00:00Z,S5 6LT,Terraced,Established,Freehold,98,,ROLLESTON ROAD,,SHEFFIELD,SHEFFIELD,SOUTH YORKSHIRE,Standard,Addition,53.4219300000,-1.4483480000
73000,2019-06-21 00:00:00Z,S5 6EF,Flats/Maisonettes,Established,Leasehold,18,,KEEPERS CLOSE,,SHEFFIELD,SHEFFIELD,SOUTH YORKSHIRE,Standard,Addition,53.4217820000,-1.4454600000
70300,2019-05-24 00:00:00Z,S5 6HY,Terraced,Established,Leasehold,309,,HATFIELD HOUSE LANE,,SHEFFIELD,SHEFFIELD,SOUTH YORKSHIRE,Standard,Addition,53.4243760000,-1.4446290000
87000,2019-01-21 00:00:00Z,S5 0JT,Semi-Detached,Established,Freehold,34,,GREGG HOUSE ROAD,,SHEFFIELD,SHEFFIELD,SOUTH YORKSHIRE,Additional,Addition,53.4270440000,-1.4461440000
59000,2019-10-31 00:00:00Z,S5 6HQ,Terraced,Established,Freehold,189,,BELLHOUSE ROAD,,SHEFFIELD,SHEFFIELD,SOUTH YORKSHIRE,Additional,Addition,53.4223940000,-1.4437520000
69000,2019-07-05 00:00:00Z,S5 0RE,Terraced,Established,Freehold,322,,BELLHOUSE ROAD,,SHEFFIELD,SHEFFIELD,SOUTH YORKSHIRE,Standard,Addition,53.4251310000,-1.4426480000
130000,2019-02-27 00:00:00Z,S5 0TJ,Terraced,Established,Freehold,157,,OAKS FOLD ROAD,,SHEFFIELD,SHEFFIELD,SOUTH YORKSHIRE,Standard,Addition,53.4264850000,-1.4400570000
103000,2019-10-14 00:00:00Z,S5 6NL,Semi-Detached,Established,Freehold,53,,SICEY AVENUE,,SHEFFIELD,SHEFFIELD,SOUTH YORKSHIRE,Standard,Addition,53.4230540000,-1.4484690000
107000,2019-12-20 00:00:00Z,S5 0JT,Semi-Detached,Established,Freehold,37,,GREGG HOUSE ROAD,,SHEFFIELD,SHEFFIELD,SOUTH YORKSHIRE,Standard,Addition,53.4270440000,-1.4461440000
116000,2019-11-21 00:00:00Z,S5 0JX,Semi-Detached,Established,Freehold,11,,MOLINEAUX ROAD,,SHEFFIELD,SHEFFIELD,SOUTH YORKSHIRE,Standard,Addition,53.4251610000,-1.4492090000
90000,2019-06-07 00:00:00Z,S5 6FS,Semi-Detached,Established,Freehold,73,,PRIMROSE AVENUE,,SHEFFIELD,SHEFFIELD,SOUTH YORKSHIRE,Standard,Addition,53.4206100000,-1.4427520000
154000,2019-07-01 00:00:00Z,S5 6EF,Semi-Detached,Established,Freehold,1,,KEEPERS CLOSE,,SHEFFIELD,SHEFFIELD,SOUTH YORKSHIRE,Standard,Addition,53.4217820000,-1.4454600000
140000,2019-02-08 00:00:00Z,S5 0RD,Semi-Detached,Established,Freehold,327,,BELLHOUSE ROAD,,SHEFFIELD,SHEFFIELD,SOUTH YORKSHIRE,Standard,Addition,53.4254650000,-1.4430500000
75000,2019-01-30 00:00:00Z,S5 0RJ,Semi-Detached,Established,Freehold,187,,SICEY AVENUE,,SHEFFIELD,SHEFFIELD,SOUTH YORKSHIRE,Additional,Addition,53.4284570000,-1.4466530000
60000,2019-12-18 00:00:00Z,S5 0RE,Semi-Detached,Established,Freehold,350,,BELLHOUSE ROAD,,SHEFFIELD,SHEFFIELD,SOUTH YORKSHIRE,Additional,Addition,53.4251310000,-1.4426480000
64000,2019-12-20 00:00:00Z,S5 0TJ,Terraced,Established,Freehold,170,,OAKS FOLD ROAD,,SHEFFIELD,SHEFFIELD,SOUTH YORKSHIRE,Additional,Addition,53.4264850000,-1.4400570000
96500,2019-11-15 00:00:00Z,S5 0ND,Semi-Detached,Established,Freehold,93,,HOMESTEAD ROAD,,SHEFFIELD,SHEFFIELD,SOUTH YORKSHIRE,Standard,Addition,53.4268220000,-1.4486610000
110000,2019-11-21 00:00:00Z,S5 6EE,Terraced,Established,Leasehold,52,,PAVILION WAY,,SHEFFIELD,SHEFFIELD,SOUTH YORKSHIRE,Standard,Addition,53.4224830000,-1.4454060000
68500,2019-04-30 00:00:00Z,S5 0RF,Terraced,Established,Freehold,460,,BELLHOUSE ROAD,,SHEFFIELD,SHEFFIELD,SOUTH YORKSHIRE,Standard,Addition,53.4276890000,-1.4419220000
100000,2019-03-25 00:00:00Z,S5 0RD,Semi-Detached,Established,Freehold,369,,BELLHOUSE ROAD,,SHEFFIELD,SHEFFIELD,SOUTH YORKSHIRE,Additional,Addition,53.4254650000,-1.4430500000
74000,2019-01-04 00:00:00Z,S5 6FQ,Terraced,Established,Freehold,158,,FOXGLOVE ROAD,,SHEFFIELD,SHEFFIELD,SOUTH YORKSHIRE,Standard,Addition,53.4207650000,-1.4412450000
65000,2019-09-04 00:00:00Z,S5 6HT,Terraced,Established,Leasehold,226,,BELLHOUSE ROAD,,SHEFFIELD,SHEFFIELD,SOUTH YORKSHIRE,Standard,Addition,53.4223020000,-1.4433170000
93500,2019-03-29 00:00:00Z,S5 0JT,Semi-Detached,Established,Freehold,26,,GREGG HOUSE ROAD,,SHEFFIELD,SHEFFIELD,SOUTH YORKSHIRE,Standard,Addition,53.4270440000,-1.4461440000
47500,2019-08-02 00:00:00Z,S5 6NN,Flats/Maisonettes,Established,Leasehold,62,,SICEY AVENUE,,SHEFFIELD,SHEFFIELD,SOUTH YORKSHIRE,Standard,Addition,53.4217450000,-1.4471610000
237500,2019-09-06 00:00:00Z,S5 0TA,Detached,Established,Freehold,27,,OAKS LANE,,SHEFFIELD,SHEFFIELD,SOUTH YORKSHIRE,Standard,Addition,53.4256480000,-1.4417380000
120000,2019-01-23 00:00:00Z,S5 6EE,Semi-Detached,Established,Freehold,84,,PAVILION WAY,,SHEFFIELD,SHEFFIELD,SOUTH YORKSHIRE,Standard,Addition,53.4224830000,-1.4454060000
95500,2019-02-20 00:00:00Z,S5 0TQ,Semi-Detached,Established,Freehold,123,,MASON LATHE ROAD,,SHEFFIELD,SHEFFIELD,SOUTH YORKSHIRE,Standard,Addition,53.4278730000,-1.4408060000
100000,2019-07-26 00:00:00Z,S5 0RS,Terraced,Established,Freehold,2,,SHIREGREEN TERRACE,,SHEFFIELD,SHEFFIELD,SOUTH YORKSHIRE,Standard,Addition,53.4257960000,-1.4467180000
117000,2019-03-25 00:00:00Z,S5 6EF,Terraced,Established,Freehold,6,,KEEPERS CLOSE,,SHEFFIELD,SHEFFIELD,SOUTH YORKSHIRE,Standard,Addition,53.4217820000,-1.4454600000
75000,2019-07-18 00:00:00Z,S5 0JT,Semi-Detached,Established,Freehold,30,,GREGG HOUSE ROAD,,SHEFFIELD,SHEFFIELD,SOUTH YORKSHIRE,Standard,Addition,53.4270440000,-1.4461440000
56500,2019-03-14 00:00:00Z,S5 6LB,Terraced,Established,Freehold,37,,TORKSEY ROAD,,SHEFFIELD,SHEFFIELD,SOUTH YORKSHIRE,Additional,Addition,53.4232190000,-1.4451710000
135000,2019-12-06 00:00:00Z,S5 6ED,Terraced,Established,Freehold,45,,PAVILION WAY,,SHEFFIELD,SHEFFIELD,SOUTH YORKSHIRE,Standard,Addition,53.4223130000,-1.4456340000
108000,2019-11-15 00:00:00Z,S5 0RP,Semi-Detached,Established,Freehold,246,,SICEY AVENUE,,SHEFFIELD,SHEFFIELD,SOUTH YORKSHIRE,Standard,Addition,53.4284360000,-1.4458710000
90000,2019-10-23 00:00:00Z,S5 0JP,Semi-Detached,Established,Freehold,356,,SHIREHALL ROAD,,SHEFFIELD,SHEFFIELD,SOUTH YORKSHIRE,Standard,Addition,53.4287090000,-1.4487110000
85500,2019-07-05 00:00:00Z,S5 0RU,Semi-Detached,Established,Freehold,1,,GREGG HOUSE CRESCENT,,SHEFFIELD,SHEFFIELD,SOUTH YORKSHIRE,Standard,Addition,53.4283060000,-1.4430430000
68000,2019-08-02 00:00:00Z,S5 6EF,Flats/Maisonettes,Established,Leasehold,34,,KEEPERS CLOSE,,SHEFFIELD,SHEFFIELD,SOUTH YORKSHIRE,Standard,Addition,53.4217820000,-1.4454600000
63000,2019-07-24 00:00:00Z,S5 6PB,Terraced,Established,Freehold,5,,TORKSEY ROAD WEST,,SHEFFIELD,SHEFFIELD,SOUTH YORKSHIRE,Standard,Addition,53.4229150000,-1.4474020000
70000,2019-10-04 00:00:00Z,S5 6HR,Flats/Maisonettes,Established,Leasehold,"HAFFERTY COURT, 261",APARTMENT 19,BELLHOUSE ROAD,,SHEFFIELD,SHEFFIELD,SOUTH YORKSHIRE,Standard,Addition,53.4237860000,-1.4434630000
135000,2020-02-28 00:00:00Z,S5 6ED,Semi-Detached,Established,Leasehold,41,,PAVILION WAY,,SHEFFIELD,SHEFFIELD,SOUTH YORKSHIRE,Standard,Addition,53.4223130000,-1.4456340000
107000,2020-02-14 00:00:00Z,S5 6EE,Terraced,Established,Leasehold,30,,PAVILION WAY,,SHEFFIELD,SHEFFIELD,SOUTH YORKSHIRE,Standard,Addition,53.4224830000,-1.4454060000
65000,2020-05-29 00:00:00Z,S5 6EF,Flats/Maisonettes,Established,Leasehold,44,,KEEPERS CLOSE,,SHEFFIELD,SHEFFIELD,SOUTH YORKSHIRE,Additional,Addition,53.4217820000,-1.4454600000
110000,2020-12-17 00:00:00Z,S5 6FS,Semi-Detached,Established,Freehold,96,,PRIMROSE AVENUE,,SHEFFIELD,SHEFFIELD,SOUTH YORKSHIRE,Standard,Addition,53.4206100000,-1.4427520000
105000,2020-12-10 00:00:00Z,S5 6PB,Terraced,Established,Freehold,1,,TORKSEY ROAD WEST,,SHEFFIELD,SHEFFIELD,SOUTH YORKSHIRE,Additional,Addition,53.4229150000,-1.4474020000
82000,2020-08-20 00:00:00Z,S5 6HZ,Terraced,Established,Freehold,114,,HATFIELD HOUSE LANE,,SHEFFIELD,SHEFFIELD,SOUTH YORKSHIRE,Additional,Addition,53.4240450000,-1.4469810000
155000,2020-12-23 00:00:00Z,S5 0TA,Detached,Established,Freehold,29,,OAKS LANE,,SHEFFIELD,SHEFFIELD,SOUTH YORKSHIRE,Standard,Addition,53.4256480000,-1.4417380000
75000,2020-02-24 00:00:00Z,S5 0TJ,Terraced,Established,Freehold,203,,OAKS FOLD ROAD,,SHEFFIELD,SHEFFIELD,SOUTH YORKSHIRE,Standard,Addition,53.4264850000,-1.4400570000
100000,2020-09-11 00:00:00Z,S5 0RA,Terraced,Established,Freehold,379,,BELLHOUSE ROAD,,SHEFFIELD,SHEFFIELD,SOUTH YORKSHIRE,Standard,Addition,53.4273240000,-1.4426340000
68000,2020-09-04 00:00:00Z,S5 6EF,Flats/Maisonettes,Established,Leasehold,16,,KEEPERS CLOSE,,SHEFFIELD,SHEFFIELD,SOUTH YORKSHIRE,Standard,Addition,53.4217820000,-1.4454600000
137500,2020-09-11 00:00:00Z,S5 0RX,Terraced,Established,Freehold,21,,FIRCROFT ROAD,,SHEFFIELD,SHEFFIELD,SOUTH YORKSHIRE,Standard,Addition,53.4274460000,-1.4438210000
76000,2020-12-04 00:00:00Z,S5 6LB,Terraced,Established,Freehold,23,,TORKSEY ROAD,,SHEFFIELD,SHEFFIELD,SOUTH YORKSHIRE,Additional,Addition,53.4232190000,-1.4451710000
75500,2020-09-18 00:00:00Z,S5 6FQ,Terraced,Established,Freehold,171,,FOXGLOVE ROAD,,SHEFFIELD,SHEFFIELD,SOUTH YORKSHIRE,Standard,Addition,53.4207650000,-1.4412450000
110000,2020-11-06 00:00:00Z,S5 0RZ,Terraced,Established,Freehold,83,,FIRCROFT ROAD,,SHEFFIELD,SHEFFIELD,SOUTH YORKSHIRE,Standard,Addition,53.4295640000,-1.4430410000
88000,2020-11-20 00:00:00Z,S5 0JX,Terraced,Established,Freehold,23,,MOLINEAUX ROAD,,SHEFFIELD,SHEFFIELD,SOUTH YORKSHIRE,Standard,Addition,53.4251610000,-1.4492090000
57500,2020-03-06 00:00:00Z,S5 0RD,Terraced,Established,Freehold,341,,BELLHOUSE ROAD,,SHEFFIELD,SHEFFIELD,SOUTH YORKSHIRE,Additional,Addition,53.4254650000,-1.4430500000
57500,2020-03-06 00:00:00Z,S5 0RD,Terraced,Established,Freehold,339,,BELLHOUSE ROAD,,SHEFFIELD,SHEFFIELD,SOUTH YORKSHIRE,Additional,Addition,53.4254650000,-1.4430500000
103000,2020-06-22 00:00:00Z,S5 6EE,Terraced,Established,Leasehold,58,,PAVILION WAY,,SHEFFIELD,SHEFFIELD,SOUTH YORKSHIRE,Standard,Addition,53.4224830000,-1.4454060000
81000,2020-05-29 00:00:00Z,S5 0RP,Terraced,Established,Freehold,222,,SICEY AVENUE,,SHEFFIELD,SHEFFIELD,SOUTH YORKSHIRE,Standard,Addition,53.4284360000,-1.4458710000
71000,2020-10-16 00:00:00Z,S5 6HR,Flats/Maisonettes,Established,Leasehold,"HAFFERTY COURT, 261",APARTMENT 1,BELLHOUSE ROAD,,SHEFFIELD,SHEFFIELD,SOUTH YORKSHIRE,Additional,Addition,53.4237860000,-1.4434630000
105000,2020-10-30 00:00:00Z,S5 6AE,Detached,Established,Freehold,279,,SHIREGREEN LANE,,SHEFFIELD,SHEFFIELD,SOUTH YORKSHIRE,Standard,Addition,53.4229060000,-1.4416990000
60000,2020-06-23 00:00:00Z,S5 0RE,Terraced,Established,Leasehold,304,,BELLHOUSE ROAD,,SHEFFIELD,SHEFFIELD,SOUTH YORKSHIRE,Additional,Addition,53.4251310000,-1.4426480000
395000,2020-06-10 00:00:00Z,S5 0RF,Other,Established,Freehold,446,,BELLHOUSE ROAD,,SHEFFIELD,SHEFFIELD,SOUTH YORKSHIRE,Additional,Addition,53.4276890000,-1.4419220000
78500,2020-10-19 00:00:00Z,S5 6GY,Flats/Maisonettes,Established,Leasehold,24,,FIELDER MEWS,,SHEFFIELD,SHEFFIELD,SOUTH YORKSHIRE,Additional,Addition,53.4227200000,-1.4441990000
99000,2020-12-18 00:00:00Z,S5 6FS,Terraced,Established,Freehold,53,,PRIMROSE AVENUE,,SHEFFIELD,SHEFFIELD,SOUTH YORKSHIRE,Additional,Addition,53.4206100000,-1.4427520000
104500,2020-02-03 00:00:00Z,S5 0RE,Terraced,Established,Freehold,346,,BELLHOUSE ROAD,,SHEFFIELD,SHEFFIELD,SOUTH YORKSHIRE,Standard,Addition,53.4251310000,-1.4426480000
120000,2020-02-11 00:00:00Z,S5 6FS,Semi-Detached,Established,Freehold,102,,PRIMROSE AVENUE,,SHEFFIELD,SHEFFIELD,SOUTH YORKSHIRE,Standard,Addition,53.4206100000,-1.4427520000
75000,2020-01-31 00:00:00Z,S5 6EF,Flats/Maisonettes,Established,Leasehold,50,,KEEPERS CLOSE,,SHEFFIELD,SHEFFIELD,SOUTH YORKSHIRE,Standard,Addition,53.4217820000,-1.4454600000
124000,2020-02-21 00:00:00Z,S5 6EE,Terraced,Established,Freehold,116,,PAVILION WAY,,SHEFFIELD,SHEFFIELD,SOUTH YORKSHIRE,Standard,Addition,53.4224830000,-1.4454060000
77100,2020-02-07 00:00:00Z,S5 0RU,Semi-Detached,Established,Freehold,2,,GREGG HOUSE CRESCENT,,SHEFFIELD,SHEFFIELD,SOUTH YORKSHIRE,Standard,Addition,53.4283060000,-1.4430430000
85000,2020-11-16 00:00:00Z,S5 0RX,Terraced,Established,Freehold,13,,FIRCROFT ROAD,,SHEFFIELD,SHEFFIELD,SOUTH YORKSHIRE,Standard,Addition,53.4274460000,-1.4438210000
75000,2020-07-21 00:00:00Z,S5 0RN,Terraced,Established,Freehold,148,,SICEY AVENUE,,SHEFFIELD,SHEFFIELD,SOUTH YORKSHIRE,Standard,Addition,53.4262500000,-1.4475240000
475000,2020-07-30 00:00:00Z,S5 6AE,Other,Established,Leasehold,CONCORD PARK GOLF CLUB,,SHIREGREEN LANE,,SHEFFIELD,SHEFFIELD,SOUTH YORKSHIRE,Additional,Addition,53.4229060000,-1.4416990000
76000,2020-07-02 00:00:00Z,S5 6EF,Flats/Maisonettes,Established,Leasehold,24,,KEEPERS CLOSE,,SHEFFIELD,SHEFFIELD,SOUTH YORKSHIRE,Additional,Addition,53.4217820000,-1.4454600000
71500,2020-05-01 00:00:00Z,S5 6HR,Flats/Maisonettes,Established,Leasehold,"HAFFERTY COURT, 261",APARTMENT 11,BELLHOUSE ROAD,,SHEFFIELD,SHEFFIELD,SOUTH YORKSHIRE,Standard,Addition,53.4237860000,-1.4434630000
125000,2021-03-25 00:00:00Z,S5 6EE,Semi-Detached,Established,Freehold,78,,PAVILION WAY,,SHEFFIELD,SHEFFIELD,SOUTH YORKSHIRE,Standard,Addition,53.4224830000,-1.4454060000
110000,2021-10-04 00:00:00Z,S5 0JP,Other,Established,Freehold,368,,SHIREHALL ROAD,,SHEFFIELD,SHEFFIELD,SOUTH YORKSHIRE,Additional,Addition,53.4287090000,-1.4487110000
153000,2021-06-18 00:00:00Z,S5 0NE,Semi-Detached,Established,Freehold,11,,HOMESTEAD CLOSE,,SHEFFIELD,SHEFFIELD,SOUTH YORKSHIRE,Standard,Addition,53.4273020000,-1.4495870000
110000,2021-10-04 00:00:00Z,S5 0JP,Other,Established,Leasehold,368,,SHIREHALL ROAD,,SHEFFIELD,SHEFFIELD,SOUTH YORKSHIRE,Additional,Addition,53.4287090000,-1.4487110000
132000,2021-08-20 00:00:00Z,S5 0RD,Terraced,Established,Freehold,301,,BELLHOUSE ROAD,,SHEFFIELD,SHEFFIELD,SOUTH YORKSHIRE,Additional,Addition,53.4254650000,-1.4430500000
117500,2021-10-15 00:00:00Z,S5 0RP,Semi-Detached,Established,Freehold,206,,SICEY AVENUE,,SHEFFIELD,SHEFFIELD,SOUTH YORKSHIRE,Additional,Addition,53.4284360000,-1.4458710000
107000,2021-02-26 00:00:00Z,S5 6EE,Terraced,Established,Leasehold,112,,PAVILION WAY,,SHEFFIELD,SHEFFIELD,SOUTH YORKSHIRE,Additional,Addition,53.4224830000,-1.4454060000
105000,2021-08-02 00:00:00Z,S5 0TA,Terraced,Established,Leasehold,3,,OAKS LANE,,SHEFFIELD,SHEFFIELD,SOUTH YORKSHIRE,Standard,Addition,53.4256480000,-1.4417380000
130000,2021-05-14 00:00:00Z,S5 0RP,Semi-Detached,Established,Freehold,226,,SICEY AVENUE,,SHEFFIELD,SHEFFIELD,SOUTH YORKSHIRE,Standard,Addition,53.4284360000,-1.4458710000
117000,2021-04-30 00:00:00Z,S5 0RY,Terraced,Established,Freehold,38,,FIRCROFT ROAD,,SHEFFIELD,SHEFFIELD,SOUTH YORKSHIRE,Standard,Addition,53.4295710000,-1.4425900000
80000,2021-06-15 00:00:00Z,S5 0RD,Terraced,Established,Leasehold,351,,BELLHOUSE ROAD,,SHEFFIELD,SHEFFIELD,SOUTH YORKSHIRE,Standard,Addition,53.4254650000,-1.4430500000
122000,2021-03-15 00:00:00Z,S5 0JS,Semi-Detached,Established,Freehold,18,,GREGG HOUSE ROAD,,SHEFFIELD,SHEFFIELD,SOUTH YORKSHIRE,Standard,Addition,53.4266730000,-1.4438770000
95000,2021-12-06 00:00:00Z,S5 0RE,Terraced,Established,Freehold,388,,BELLHOUSE ROAD,,SHEFFIELD,SHEFFIELD,SOUTH YORKSHIRE,Additional,Addition,53.4251310000,-1.4426480000
74000,2021-08-27 00:00:00Z,S5 0RW,Terraced,Established,Freehold,26,,GREGG HOUSE CRESCENT,,SHEFFIELD,SHEFFIELD,SOUTH YORKSHIRE,Standard,Addition,53.4280030000,-1.4457260000
125000,2021-01-29 00:00:00Z,S5 0RU,Semi-Detached,Established,Freehold,2,,GREGG HOUSE CRESCENT,,SHEFFIELD,SHEFFIELD,SOUTH YORKSHIRE,Standard,Addition,53.4283060000,-1.4430430000
67000,2021-04-26 00:00:00Z,S5 0RD,Terraced,Established,Freehold,301,,BELLHOUSE ROAD,,SHEFFIELD,SHEFFIELD,SOUTH YORKSHIRE,Standard,Addition,53.4254650000,-1.4430500000
90000,2021-01-15 00:00:00Z,S5 0RE,Terraced,Established,Leasehold,356,,BELLHOUSE ROAD,,SHEFFIELD,SHEFFIELD,SOUTH YORKSHIRE,Standard,Addition,53.4251310000,-1.4426480000
115000,2021-12-22 00:00:00Z,S5 6NA,Terraced,Established,Freehold,5,,ILKLEY ROAD,,SHEFFIELD,SHEFFIELD,SOUTH YORKSHIRE,Standard,Addition,53.4235650000,-1.4499820000
86000,2021-01-22 00:00:00Z,S5 0RD,Terraced,Established,Leasehold,333,,BELLHOUSE ROAD,,SHEFFIELD,SHEFFIELD,SOUTH YORKSHIRE,Standard,Addition,53.4254650000,-1.4430500000
92000,2021-02-11 00:00:00Z,S5 0RY,Terraced,Established,Freehold,40,,FIRCROFT ROAD,,SHEFFIELD,SHEFFIELD,SOUTH YORKSHIRE,Standard,Addition,53.4295710000,-1.4425900000
240000,2021-02-08 00:00:00Z,S5 0TA,Detached,Established,Freehold,11A,,OAKS LANE,,SHEFFIELD,SHEFFIELD,SOUTH YORKSHIRE,Standard,Addition,53.4256480000,-1.4417380000
335000,2021-02-05 00:00:00Z,S5 0TA,Detached,Established,Freehold,25,,OAKS LANE,,SHEFFIELD,SHEFFIELD,SOUTH YORKSHIRE,Standard,Addition,53.4256480000,-1.4417380000
75700,2021-04-16 00:00:00Z,S5 6LT,Semi-Detached,Established,Freehold,119,,ROLLESTON ROAD,,SHEFFIELD,SHEFFIELD,SOUTH YORKSHIRE,Additional,Addition,53.4219300000,-1.4483480000
92500,2021-05-21 00:00:00Z,S5 0RE,Terraced,Established,Freehold,322,,BELLHOUSE ROAD,,SHEFFIELD,SHEFFIELD,SOUTH YORKSHIRE,Standard,Addition,53.4251310000,-1.4426480000
130000,2021-02-05 00:00:00Z,S5 0RX,Terraced,Established,Freehold,23,,FIRCROFT ROAD,,SHEFFIELD,SHEFFIELD,SOUTH YORKSHIRE,Standard,Addition,53.4274460000,-1.4438210000
105000,2021-09-29 00:00:00Z,S5 6EE,Terraced,Established,Leasehold,114,,PAVILION WAY,,SHEFFIELD,SHEFFIELD,SOUTH YORKSHIRE,Standard,Addition,53.4224830000,-1.4454060000
95000,2021-08-27 00:00:00Z,S5 6FS,Terraced,Established,Freehold,59,,PRIMROSE AVENUE,,SHEFFIELD,SHEFFIELD,SOUTH YORKSHIRE,Standard,Addition,53.4206100000,-1.4427520000
110000,2021-06-29 00:00:00Z,S5 0SD,Terraced,Established,Freehold,56,,FIRCROFT AVENUE,,SHEFFIELD,SHEFFIELD,SOUTH YORKSHIRE,Standard,Addition,53.4265880000,-1.4447510000
131000,2021-03-10 00:00:00Z,S5 0JS,Semi-Detached,Established,Freehold,7,,GREGG HOUSE ROAD,,SHEFFIELD,SHEFFIELD,SOUTH YORKSHIRE,Standard,Addition,53.4266730000,-1.4438770000
130000,2021-06-23 00:00:00Z,S5 6EE,Terraced,Established,Leasehold,34,,PAVILION WAY,,SHEFFIELD,SHEFFIELD,SOUTH YORKSHIRE,Standard,Addition,53.4224830000,-1.4454060000
191000,2021-08-26 00:00:00Z,S5 0NE,Semi-Detached,Established,Freehold,23,,HOMESTEAD CLOSE,,SHEFFIELD,SHEFFIELD,SOUTH YORKSHIRE,Standard,Addition,53.4273020000,-1.4495870000
148000,2021-11-16 00:00:00Z,S5 6EF,Semi-Detached,Established,Leasehold,5,,KEEPERS CLOSE,,SHEFFIELD,SHEFFIELD,SOUTH YORKSHIRE,Standard,Addition,53.4217820000,-1.4454600000
82500,2021-07-20 00:00:00Z,S5 6HR,Flats/Maisonettes,Established,Leasehold,"HAFFERTY COURT, 261",APARTMENT 17,BELLHOUSE ROAD,,SHEFFIELD,SHEFFIELD,SOUTH YORKSHIRE,Standard,Addition,53.4237860000,-1.4434630000
86000,2021-09-29 00:00:00Z,S5 0JP,Terraced,Established,Freehold,346,,SHIREHALL ROAD,,SHEFFIELD,SHEFFIELD,SOUTH YORKSHIRE,Additional,Addition,53.4287090000,-1.4487110000
49000,2021-09-30 00:00:00Z,S5 6NN,Flats/Maisonettes,Established,Leasehold,54,,SICEY AVENUE,,SHEFFIELD,SHEFFIELD,SOUTH YORKSHIRE,Additional,Addition,53.4217450000,-1.4471610000
70000,2021-03-18 00:00:00Z,S5 6HQ,Other,Established,Leasehold,219,,BELLHOUSE ROAD,,SHEFFIELD,SHEFFIELD,SOUTH YORKSHIRE,Additional,Addition,53.4223940000,-1.4437520000
90000,2021-05-14 00:00:00Z,S5 0JP,Terraced,Established,Freehold,193,,SHIREHALL ROAD,,SHEFFIELD,SHEFFIELD,SOUTH YORKSHIRE,Additional,Addition,53.4287090000,-1.4487110000
112000,2021-06-04 00:00:00Z,S5 0RD,Semi-Detached,Established,Freehold,343,,BELLHOUSE ROAD,,SHEFFIELD,SHEFFIELD,SOUTH YORKSHIRE,Standard,Addition,53.4254650000,-1.4430500000
65000,2021-08-13 00:00:00Z,S5 6NB,Semi-Detached,Established,Freehold,9,,NESFIELD WAY,,SHEFFIELD,SHEFFIELD,SOUTH YORKSHIRE,Standard,Addition,53.4228690000,-1.4492420000
75000,2021-03-18 00:00:00Z,S5 6HQ,Flats/Maisonettes,Established,Leasehold,223,,BELLHOUSE ROAD,,SHEFFIELD,SHEFFIELD,SOUTH YORKSHIRE,Additional,Addition,53.4223940000,-1.4437520000
76000,2021-07-02 00:00:00Z,S5 0SB,Semi-Detached,Established,Freehold,73,,FIRCROFT AVENUE,,SHEFFIELD,SHEFFIELD,SOUTH YORKSHIRE,Additional,Addition,53.4276830000,-1.4444810000
66000,2021-06-25 00:00:00Z,S5 6NN,Flats/Maisonettes,Established,Leasehold,62,,SICEY AVENUE,,SHEFFIELD,SHEFFIELD,SOUTH YORKSHIRE,Standard,Addition,53.4217450000,-1.4471610000
83000,2021-10-19 00:00:00Z,S5 0TR,Semi-Detached,Established,Freehold,184,,MASON LATHE ROAD,,SHEFFIELD,SHEFFIELD,SOUTH YORKSHIRE,Standard,Addition,53.4260760000,-1.4411000000
135000,2021-10-15 00:00:00Z,S5 6NA,Semi-Detached,Established,Freehold,14,,ILKLEY ROAD,,SHEFFIELD,SHEFFIELD,SOUTH YORKSHIRE,Standard,Addition,53.4235650000,-1.4499820000
135000,2021-03-26 00:00:00Z,S5 0SB,Semi-Detached,Established,Freehold,67,,FIRCROFT AVENUE,,SHEFFIELD,SHEFFIELD,SOUTH YORKSHIRE,Standard,Addition,53.4276830000,-1.4444810000
115000,2022-02-17 00:00:00Z,S5 0JG,Semi-Detached,Established,Freehold,23,,WHEATFIELD CRESCENT,,SHEFFIELD,SHEFFIELD,SOUTH YORKSHIRE,Additional,Addition,53.4289970000,-1.4468260000
156500,2022-04-08 00:00:00Z,S5 0JS,Semi-Detached,Established,Freehold,7,,GREGG HOUSE ROAD,,SHEFFIELD,SHEFFIELD,SOUTH YORKSHIRE,Standard,Addition,53.4266730000,-1.4438770000
95000,2022-02-09 00:00:00Z,S5 0RD,Terraced,Established,Leasehold,351,,BELLHOUSE ROAD,,SHEFFIELD,SHEFFIELD,SOUTH YORKSHIRE,Additional,Addition,53.4254650000,-1.4430500000
90000,2022-01-18 00:00:00Z,S5 6EE,Terraced,Established,Leasehold,124,,PAVILION WAY,,SHEFFIELD,SHEFFIELD,SOUTH YORKSHIRE,Additional,Addition,53.4224830000,-1.4454060000
142500,2022-01-28 00:00:00Z,S5 0TQ,Terraced,Established,Freehold,157,,MASON LATHE ROAD,,SHEFFIELD,SHEFFIELD,SOUTH YORKSHIRE,Standard,Addition,53.4278730000,-1.4408060000
