52500,1995-03-31 00:00:00Z,LS26 8QW,Semi-Detached,Established,Freehold,23,,WHITECLIFFE RISE,SWILLINGTON,LEEDS,LEEDS,WEST YORKSHIRE,Standard,Addition,53.7708800000,-1.4203440000
30000,1995-09-29 00:00:00Z,LS26 8QP,Flats/Maisonettes,New Build,Leasehold,49A,,NEVILLE GROVE,SWILLINGTON,LEEDS,LEEDS,WEST YORKSHIRE,Standard,Addition,53.7721350000,-1.4214500000
57000,1995-07-20 00:00:00Z,LS26 8QR,Semi-Detached,Established,Freehold,40,,WHITECLIFFE CRESCENT,SWILLINGTON,LEEDS,LEEDS,WEST YORKSHIRE,Standard,Addition,53.7711450000,-1.4212210000
51000,1995-09-08 00:00:00Z,LS26 8QS,Semi-Detached,Established,Freehold,5,,WHITECLIFFE DRIVE,SWILLINGTON,LEEDS,KIRKLEES,WEST YORKSHIRE,Standard,Addition,53.7719880000,-1.4226500000
43000,1995-06-16 00:00:00Z,LS26 8QW,Semi-Detached,Established,Freehold,15,,WHITECLIFFE RISE,SWILLINGTON,LEEDS,LEEDS,WEST YORKSHIRE,Standard,Addition,53.7708800000,-1.4203440000
50000,1995-02-17 00:00:00Z,LS26 8QH,Semi-Detached,Established,Freehold,4,,CHURCH AVENUE,SWILLINGTON,LEEDS,LEEDS,WEST YORKSHIRE,Standard,Addition,53.7707330000,-1.4233500000
59500,1996-07-31 00:00:00Z,LS26 8QR,Semi-Detached,Established,Freehold,20,,WHITECLIFFE CRESCENT,SWILLINGTON,LEEDS,LEEDS,WEST YORKSHIRE,Standard,Addition,53.7711450000,-1.4212210000
52000,1996-11-15 00:00:00Z,LS26 8QQ,Semi-Detached,Established,Freehold,7,,LOWTHER CRESCENT,SWILLINGTON,LEEDS,LEEDS,WEST YORKSHIRE,Standard,Addition,53.7702490000,-1.4243720000
56950,1996-08-19 00:00:00Z,LS26 8QR,Semi-Detached,Established,Freehold,4,,WHITECLIFFE CRESCENT,SWILLINGTON,LEEDS,LEEDS,WEST YORKSHIRE,Standard,Addition,53.7711450000,-1.4212210000
45000,1996-11-21 00:00:00Z,LS26 8QR,Semi-Detached,Established,Freehold,22,,WHITECLIFFE CRESCENT,SWILLINGTON,LEEDS,LEEDS,WEST YORKSHIRE,Standard,Addition,53.7711450000,-1.4212210000
55750,1996-11-29 00:00:00Z,LS26 8QR,Semi-Detached,Established,Freehold,57,,WHITECLIFFE CRESCENT,SWILLINGTON,LEEDS,LEEDS,WEST YORKSHIRE,Standard,Addition,53.7711450000,-1.4212210000
26000,1996-04-19 00:00:00Z,LS26 8QP,Flats/Maisonettes,New Build,Leasehold,49,,NEVILLE GROVE,SWILLINGTON,LEEDS,LEEDS,WEST YORKSHIRE,Standard,Addition,53.7721350000,-1.4214500000
40000,1996-05-31 00:00:00Z,LS26 8QG,Semi-Detached,Established,Freehold,55,,LOWTHER DRIVE,SWILLINGTON,LEEDS,LEEDS,WEST YORKSHIRE,Standard,Addition,53.7705150000,-1.4247490000
51500,1997-07-25 00:00:00Z,LS26 8QQ,Semi-Detached,Established,Freehold,22,,LOWTHER CRESCENT,SWILLINGTON,LEEDS,LEEDS,WEST YORKSHIRE,Standard,Addition,53.7702490000,-1.4243720000
52000,1997-07-18 00:00:00Z,LS26 8QR,Semi-Detached,Established,Freehold,38,,WHITECLIFFE CRESCENT,SWILLINGTON,LEEDS,LEEDS,WEST YORKSHIRE,Standard,Addition,53.7711450000,-1.4212210000
71000,1997-11-04 00:00:00Z,LS26 8QT,Detached,Established,Freehold,121,,SWILLINGTON LANE,SWILLINGTON,LEEDS,LEEDS,WEST YORKSHIRE,Standard,Addition,53.7718320000,-1.4239120000
52000,1997-08-07 00:00:00Z,LS26 8QQ,Semi-Detached,Established,Freehold,1,,LOWTHER CRESCENT,SWILLINGTON,LEEDS,LEEDS,WEST YORKSHIRE,Standard,Addition,53.7702490000,-1.4243720000
28000,1997-09-05 00:00:00Z,LS26 8QR,Flats/Maisonettes,Established,Leasehold,2B,,WHITECLIFFE CRESCENT,SWILLINGTON,LEEDS,LEEDS,WEST YORKSHIRE,Standard,Addition,53.7711450000,-1.4212210000
48000,1997-03-21 00:00:00Z,LS26 8QR,Semi-Detached,Established,Freehold,23,,WHITECLIFFE CRESCENT,SWILLINGTON,LEEDS,LEEDS,WEST YORKSHIRE,Standard,Addition,53.7711450000,-1.4212210000
55000,1997-09-08 00:00:00Z,LS26 8QS,Semi-Detached,Established,Freehold,8,,WHITECLIFFE DRIVE,SWILLINGTON,LEEDS,LEEDS,WEST YORKSHIRE,Standard,Addition,53.7719880000,-1.4226500000
57800,1998-03-20 00:00:00Z,LS26 8QS,Semi-Detached,Established,Freehold,8,,WHITECLIFFE DRIVE,SWILLINGTON,LEEDS,LEEDS,WEST YORKSHIRE,Standard,Addition,53.7719880000,-1.4226500000
57000,1998-04-09 00:00:00Z,LS26 8QG,Semi-Detached,Established,Freehold,12,,LOWTHER DRIVE,SWILLINGTON,LEEDS,LEEDS,WEST YORKSHIRE,Standard,Addition,53.7705150000,-1.4247490000
57000,1998-07-31 00:00:00Z,LS26 8QG,Semi-Detached,Established,Freehold,6,,LOWTHER DRIVE,SWILLINGTON,LEEDS,LEEDS,WEST YORKSHIRE,Standard,Addition,53.7705150000,-1.4247490000
64000,1998-11-13 00:00:00Z,LS26 8QT,Semi-Detached,Established,Freehold,135,,SWILLINGTON LANE,SWILLINGTON,LEEDS,LEEDS,WEST YORKSHIRE,Standard,Addition,53.7718320000,-1.4239120000
58500,1998-08-04 00:00:00Z,LS26 8QR,Semi-Detached,Established,Freehold,15,,WHITECLIFFE CRESCENT,SWILLINGTON,LEEDS,LEEDS,WEST YORKSHIRE,Standard,Addition,53.7711450000,-1.4212210000
53250,1998-06-19 00:00:00Z,LS26 8QR,Semi-Detached,Established,Freehold,39,,WHITECLIFFE CRESCENT,SWILLINGTON,LEEDS,LEEDS,WEST YORKSHIRE,Standard,Addition,53.7711450000,-1.4212210000
17000,1998-05-08 00:00:00Z,LS26 8QP,Flats/Maisonettes,Established,Leasehold,55,,NEVILLE GROVE,SWILLINGTON,LEEDS,LEEDS,WEST YORKSHIRE,Standard,Addition,53.7721350000,-1.4214500000
46000,1998-04-17 00:00:00Z,LS26 8QH,Semi-Detached,Established,Freehold,1,,CHURCH AVENUE,SWILLINGTON,LEEDS,LEEDS,WEST YORKSHIRE,Standard,Addition,53.7707330000,-1.4233500000
60000,1998-02-06 00:00:00Z,LS26 8QR,Semi-Detached,Established,Freehold,40,,WHITECLIFFE CRESCENT,SWILLINGTON,LEEDS,LEEDS,WEST YORKSHIRE,Standard,Addition,53.7711450000,-1.4212210000
64995,1998-07-08 00:00:00Z,LS26 8QT,Semi-Detached,Established,Freehold,137,,SWILLINGTON LANE,SWILLINGTON,LEEDS,LEEDS,WEST YORKSHIRE,Standard,Addition,53.7718320000,-1.4239120000
58000,1998-07-03 00:00:00Z,LS26 8QH,Semi-Detached,Established,Freehold,27,,CHURCH AVENUE,SWILLINGTON,LEEDS,LEEDS,WEST YORKSHIRE,Standard,Addition,53.7707330000,-1.4233500000
63000,1998-12-30 00:00:00Z,LS26 8QP,Semi-Detached,Established,Freehold,90,,NEVILLE GROVE,SWILLINGTON,LEEDS,LEEDS,WEST YORKSHIRE,Standard,Addition,53.7721350000,-1.4214500000
56500,1999-02-24 00:00:00Z,LS26 8QR,Semi-Detached,Established,Freehold,55,,WHITECLIFFE CRESCENT,SWILLINGTON,LEEDS,LEEDS,WEST YORKSHIRE,Standard,Addition,53.7711450000,-1.4212210000
66000,1999-06-09 00:00:00Z,LS26 8QT,Detached,Established,Freehold,125,,SWILLINGTON LANE,SWILLINGTON,LEEDS,LEEDS,WEST YORKSHIRE,Standard,Addition,53.7718320000,-1.4239120000
35000,1999-12-08 00:00:00Z,LS26 8QR,Flats/Maisonettes,Established,Leasehold,2B,,WHITECLIFFE CRESCENT,SWILLINGTON,LEEDS,LEEDS,WEST YORKSHIRE,Standard,Addition,53.7711450000,-1.4212210000
67000,1999-03-19 00:00:00Z,LS26 8QT,Detached,Established,Freehold,115,,SWILLINGTON LANE,SWILLINGTON,LEEDS,LEEDS,WEST YORKSHIRE,Standard,Addition,53.7718320000,-1.4239120000
59995,1999-10-29 00:00:00Z,LS26 8QH,Detached,Established,Freehold,25,,CHURCH AVENUE,SWILLINGTON,LEEDS,LEEDS,WEST YORKSHIRE,Standard,Addition,53.7707330000,-1.4233500000
57000,1999-10-04 00:00:00Z,LS26 8QH,Semi-Detached,Established,Freehold,29,,CHURCH AVENUE,SWILLINGTON,LEEDS,LEEDS,WEST YORKSHIRE,Standard,Addition,53.7707330000,-1.4233500000
55000,1999-05-14 00:00:00Z,LS26 8QH,Semi-Detached,Established,Freehold,2,,CHURCH AVENUE,SWILLINGTON,LEEDS,LEEDS,WEST YORKSHIRE,Standard,Addition,53.7707330000,-1.4233500000
84500,1999-08-03 00:00:00Z,LS26 8QU,Detached,Established,Freehold,THE HOLLIES,,SWILLINGTON LANE,SWILLINGTON,LEEDS,LEEDS,WEST YORKSHIRE,Standard,Addition,53.7718010000,-1.4248830000
63000,1999-07-12 00:00:00Z,LS26 8QT,Detached,Established,Freehold,123,,SWILLINGTON LANE,SWILLINGTON,LEEDS,LEEDS,WEST YORKSHIRE,Standard,Addition,53.7718320000,-1.4239120000
52500,1999-09-27 00:00:00Z,LS26 8QG,Semi-Detached,Established,Freehold,2,,LOWTHER DRIVE,SWILLINGTON,LEEDS,LEEDS,WEST YORKSHIRE,Standard,Addition,53.7705150000,-1.4247490000
65000,1999-12-17 00:00:00Z,LS26 8QR,Semi-Detached,Established,Freehold,16,,WHITECLIFFE CRESCENT,SWILLINGTON,LEEDS,LEEDS,WEST YORKSHIRE,Standard,Addition,53.7711450000,-1.4212210000
59950,1999-05-14 00:00:00Z,LS26 8QW,Semi-Detached,Established,Freehold,19,,WHITECLIFFE RISE,SWILLINGTON,LEEDS,LEEDS,WEST YORKSHIRE,Standard,Addition,53.7708800000,-1.4203440000
59950,1999-07-19 00:00:00Z,LS26 8QT,Semi-Detached,Established,Freehold,137,,SWILLINGTON LANE,SWILLINGTON,LEEDS,LEEDS,WEST YORKSHIRE,Standard,Addition,53.7718320000,-1.4239120000
68500,1999-04-23 00:00:00Z,LS26 8QH,Semi-Detached,Established,Freehold,19,,CHURCH AVENUE,SWILLINGTON,LEEDS,LEEDS,WEST YORKSHIRE,Standard,Addition,53.7707330000,-1.4233500000
21750,1999-02-16 00:00:00Z,LS26 8QP,Flats/Maisonettes,New Build,Leasehold,47,,NEVILLE GROVE,SWILLINGTON,LEEDS,LEEDS,WEST YORKSHIRE,Standard,Addition,53.7721350000,-1.4214500000
59995,1999-06-04 00:00:00Z,LS26 8QW,Semi-Detached,Established,Freehold,2,,WHITECLIFFE RISE,SWILLINGTON,LEEDS,LEEDS,WEST YORKSHIRE,Standard,Addition,53.7708800000,-1.4203440000
104000,1999-07-09 00:00:00Z,LS26 8QX,Terraced,Established,Freehold,1 - 2,,BURLAND TERRACE,SWILLINGTON,LEEDS,LEEDS,WEST YORKSHIRE,Standard,Addition,53.7718170000,-1.4246250000
91000,2000-10-23 00:00:00Z,LS26 8QU,Detached,Established,Freehold,ROSE COTTAGE,,SWILLINGTON LANE,SWILLINGTON,LEEDS,LEEDS,WEST YORKSHIRE,Standard,Addition,53.7718010000,-1.4248830000
112000,2000-12-21 00:00:00Z,LS26 8QU,Detached,Established,Freehold,BURLAND COTTAGE,,SWILLINGTON LANE,SWILLINGTON,LEEDS,LEEDS,WEST YORKSHIRE,Standard,Addition,53.7718010000,-1.4248830000
68000,2000-08-18 00:00:00Z,LS26 8QQ,Semi-Detached,Established,Freehold,38,,LOWTHER CRESCENT,SWILLINGTON,LEEDS,LEEDS,WEST YORKSHIRE,Standard,Addition,53.7702490000,-1.4243720000
69995,2000-09-27 00:00:00Z,LS26 8QR,Semi-Detached,Established,Freehold,17,,WHITECLIFFE CRESCENT,SWILLINGTON,LEEDS,LEEDS,WEST YORKSHIRE,Standard,Addition,53.7711450000,-1.4212210000
59000,2000-06-16 00:00:00Z,LS26 8QH,Semi-Detached,Established,Freehold,4,,CHURCH AVENUE,SWILLINGTON,LEEDS,LEEDS,WEST YORKSHIRE,Standard,Addition,53.7707330000,-1.4233500000
63500,2000-09-28 00:00:00Z,LS26 8QQ,Semi-Detached,Established,Freehold,20,,LOWTHER CRESCENT,SWILLINGTON,LEEDS,LEEDS,WEST YORKSHIRE,Standard,Addition,53.7702490000,-1.4243720000
78000,2000-07-04 00:00:00Z,LS26 8QH,Semi-Detached,Established,Freehold,17,,CHURCH AVENUE,SWILLINGTON,LEEDS,LEEDS,WEST YORKSHIRE,Standard,Addition,53.7707330000,-1.4233500000
82500,2000-06-23 00:00:00Z,LS26 8QG,Detached,Established,Freehold,26,,LOWTHER DRIVE,SWILLINGTON,LEEDS,LEEDS,WEST YORKSHIRE,Standard,Addition,53.7705150000,-1.4247490000
28250,2000-02-25 00:00:00Z,LS26 8QH,Terraced,Established,Freehold,52,,CHURCH AVENUE,SWILLINGTON,LEEDS,LEEDS,WEST YORKSHIRE,Standard,Addition,53.7707330000,-1.4233500000
59995,2000-03-10 00:00:00Z,LS26 8QR,Semi-Detached,Established,Freehold,57,,WHITECLIFFE CRESCENT,SWILLINGTON,LEEDS,LEEDS,WEST YORKSHIRE,Standard,Addition,53.7711450000,-1.4212210000
58750,2000-06-23 00:00:00Z,LS26 8QW,Terraced,Established,Freehold,6,,WHITECLIFFE RISE,SWILLINGTON,LEEDS,LEEDS,WEST YORKSHIRE,Standard,Addition,53.7708800000,-1.4203440000
71000,2000-06-21 00:00:00Z,LS26 8QH,Detached,Established,Freehold,5,,CHURCH AVENUE,SWILLINGTON,LEEDS,LEEDS,WEST YORKSHIRE,Standard,Addition,53.7707330000,-1.4233500000
59000,2000-04-07 00:00:00Z,LS26 8QR,Semi-Detached,Established,Freehold,19,,WHITECLIFFE CRESCENT,SWILLINGTON,LEEDS,LEEDS,WEST YORKSHIRE,Standard,Addition,53.7711450000,-1.4212210000
64500,2000-05-31 00:00:00Z,LS26 8QS,Semi-Detached,Established,Freehold,5,,WHITECLIFFE DRIVE,SWILLINGTON,LEEDS,LEEDS,WEST YORKSHIRE,Standard,Addition,53.7719880000,-1.4226500000
69000,2000-12-15 00:00:00Z,LS26 8QG,Semi-Detached,Established,Freehold,9,,LOWTHER DRIVE,SWILLINGTON,LEEDS,LEEDS,WEST YORKSHIRE,Standard,Addition,53.7705150000,-1.4247490000
100000,2001-10-05 00:00:00Z,LS26 8QH,Detached,Established,Freehold,3,,CHURCH AVENUE,SWILLINGTON,LEEDS,LEEDS,WEST YORKSHIRE,Standard,Addition,53.7707330000,-1.4233500000
92500,2001-06-08 00:00:00Z,LS26 8QG,Semi-Detached,Established,Freehold,25,,LOWTHER DRIVE,SWILLINGTON,LEEDS,LEEDS,WEST YORKSHIRE,Standard,Addition,53.7705150000,-1.4247490000
78000,2001-10-26 00:00:00Z,LS26 8QH,Semi-Detached,Established,Freehold,6,,CHURCH AVENUE,SWILLINGTON,LEEDS,LEEDS,WEST YORKSHIRE,Standard,Addition,53.7707330000,-1.4233500000
66000,2001-03-19 00:00:00Z,LS26 8QR,Semi-Detached,Established,Freehold,41,,WHITECLIFFE CRESCENT,SWILLINGTON,LEEDS,LEEDS,WEST YORKSHIRE,Standard,Addition,53.7711450000,-1.4212210000
71500,2001-12-17 00:00:00Z,LS26 8QG,Semi-Detached,Established,Freehold,35,,LOWTHER DRIVE,SWILLINGTON,LEEDS,LEEDS,WEST YORKSHIRE,Standard,Addition,53.7705150000,-1.4247490000
53000,2001-06-14 00:00:00Z,LS26 8QP,Semi-Detached,Established,Freehold,68,,NEVILLE GROVE,SWILLINGTON,LEEDS,LEEDS,WEST YORKSHIRE,Standard,Addition,53.7721350000,-1.4214500000
60000,2001-04-12 00:00:00Z,LS26 8QH,Semi-Detached,Established,Freehold,28,,CHURCH AVENUE,SWILLINGTON,LEEDS,LEEDS,WEST YORKSHIRE,Standard,Addition,53.7707330000,-1.4233500000
67995,2001-09-28 00:00:00Z,LS26 8QW,Semi-Detached,Established,Freehold,26,,WHITECLIFFE RISE,SWILLINGTON,LEEDS,LEEDS,WEST YORKSHIRE,Standard,Addition,53.7708800000,-1.4203440000
120000,2001-06-29 00:00:00Z,LS26 8QH,Detached,Established,Freehold,39,,CHURCH AVENUE,SWILLINGTON,LEEDS,LEEDS,WEST YORKSHIRE,Standard,Addition,53.7707330000,-1.4233500000
30500,2001-10-24 00:00:00Z,LS26 8QP,Flats/Maisonettes,New Build,Leasehold,53A,,NEVILLE GROVE,SWILLINGTON,LEEDS,LEEDS,WEST YORKSHIRE,Standard,Addition,53.7721350000,-1.4214500000
31500,2001-11-14 00:00:00Z,LS26 8QR,Flats/Maisonettes,Established,Leasehold,2A,,WHITECLIFFE CRESCENT,SWILLINGTON,LEEDS,LEEDS,WEST YORKSHIRE,Standard,Addition,53.7711450000,-1.4212210000
34000,2001-10-26 00:00:00Z,LS26 8QR,Flats/Maisonettes,New Build,Leasehold,44,,WHITECLIFFE CRESCENT,SWILLINGTON,LEEDS,LEEDS,WEST YORKSHIRE,Standard,Addition,53.7711450000,-1.4212210000
69995,2001-04-23 00:00:00Z,LS26 8QP,Semi-Detached,Established,Freehold,84,,NEVILLE GROVE,SWILLINGTON,LEEDS,LEEDS,WEST YORKSHIRE,Standard,Addition,53.7721350000,-1.4214500000
80000,2001-04-25 00:00:00Z,LS26 8QG,Semi-Detached,Established,Freehold,39,,LOWTHER DRIVE,SWILLINGTON,LEEDS,LEEDS,WEST YORKSHIRE,Standard,Addition,53.7705150000,-1.4247490000
87500,2001-11-19 00:00:00Z,LS26 8QH,Semi-Detached,Established,Freehold,1,,CHURCH AVENUE,SWILLINGTON,LEEDS,LEEDS,WEST YORKSHIRE,Standard,Addition,53.7707330000,-1.4233500000
29995,2001-05-31 00:00:00Z,LS26 8QP,Flats/Maisonettes,Established,Leasehold,51,,NEVILLE GROVE,SWILLINGTON,LEEDS,LEEDS,WEST YORKSHIRE,Standard,Addition,53.7721350000,-1.4214500000
93000,2002-09-26 00:00:00Z,LS26 8QW,Semi-Detached,Established,Freehold,18,,WHITECLIFFE RISE,SWILLINGTON,LEEDS,LEEDS,WEST YORKSHIRE,Standard,Addition,53.7708800000,-1.4203440000
88500,2002-03-28 00:00:00Z,LS26 8QG,Semi-Detached,Established,Freehold,6,,LOWTHER DRIVE,SWILLINGTON,LEEDS,LEEDS,WEST YORKSHIRE,Standard,Addition,53.7705150000,-1.4247490000
104500,2002-12-13 00:00:00Z,LS26 8QR,Semi-Detached,Established,Freehold,11,,WHITECLIFFE CRESCENT,SWILLINGTON,LEEDS,LEEDS,WEST YORKSHIRE,Standard,Addition,53.7711450000,-1.4212210000
72000,2002-03-01 00:00:00Z,LS26 8QG,Semi-Detached,Established,Freehold,37,,LOWTHER DRIVE,SWILLINGTON,LEEDS,LEEDS,WEST YORKSHIRE,Standard,Addition,53.7705150000,-1.4247490000
97000,2002-08-15 00:00:00Z,LS26 8QR,Semi-Detached,Established,Freehold,55,,WHITECLIFFE CRESCENT,SWILLINGTON,LEEDS,LEEDS,WEST YORKSHIRE,Standard,Addition,53.7711450000,-1.4212210000
37500,2002-02-04 00:00:00Z,LS26 8QP,Terraced,Established,Leasehold,51A,,NEVILLE GROVE,SWILLINGTON,LEEDS,LEEDS,WEST YORKSHIRE,Standard,Addition,53.7721350000,-1.4214500000
96500,2002-10-10 00:00:00Z,LS26 8QQ,Semi-Detached,Established,Freehold,22,,LOWTHER CRESCENT,SWILLINGTON,LEEDS,LEEDS,WEST YORKSHIRE,Standard,Addition,53.7702490000,-1.4243720000
94995,2002-09-06 00:00:00Z,LS26 8QG,Semi-Detached,Established,Freehold,9,,LOWTHER DRIVE,SWILLINGTON,LEEDS,LEEDS,WEST YORKSHIRE,Standard,Addition,53.7705150000,-1.4247490000
74000,2002-05-24 00:00:00Z,LS26 8QP,Semi-Detached,Established,Freehold,58,,NEVILLE GROVE,SWILLINGTON,LEEDS,LEEDS,WEST YORKSHIRE,Standard,Addition,53.7721350000,-1.4214500000
80000,2002-09-05 00:00:00Z,LS26 8QR,Semi-Detached,Established,Freehold,33,,WHITECLIFFE CRESCENT,SWILLINGTON,LEEDS,LEEDS,WEST YORKSHIRE,Standard,Addition,53.7711450000,-1.4212210000
110000,2002-11-06 00:00:00Z,LS26 8QR,Semi-Detached,Established,Freehold,4,,WHITECLIFFE CRESCENT,SWILLINGTON,LEEDS,LEEDS,WEST YORKSHIRE,Standard,Addition,53.7711450000,-1.4212210000
115000,2002-08-30 00:00:00Z,LS26 8QH,Semi-Detached,Established,Freehold,32,,CHURCH AVENUE,SWILLINGTON,LEEDS,LEEDS,WEST YORKSHIRE,Standard,Addition,53.7707330000,-1.4233500000
32000,2002-07-10 00:00:00Z,LS26 8QR,Flats/Maisonettes,New Build,Leasehold,42,,WHITECLIFFE CRESCENT,SWILLINGTON,LEEDS,LEEDS,WEST YORKSHIRE,Standard,Addition,53.7711450000,-1.4212210000
74995,2002-02-22 00:00:00Z,LS26 8QG,Semi-Detached,Established,Freehold,55,,LOWTHER DRIVE,SWILLINGTON,LEEDS,LEEDS,WEST YORKSHIRE,Standard,Addition,53.7705150000,-1.4247490000
131500,2002-08-01 00:00:00Z,LS26 8QH,Detached,Established,Freehold,45,,CHURCH AVENUE,SWILLINGTON,LEEDS,LEEDS,WEST YORKSHIRE,Standard,Addition,53.7707330000,-1.4233500000
128000,2002-07-02 00:00:00Z,LS26 8QT,Detached,Established,Freehold,125,,SWILLINGTON LANE,SWILLINGTON,LEEDS,LEEDS,WEST YORKSHIRE,Standard,Addition,53.7718320000,-1.4239120000
122500,2003-02-28 00:00:00Z,LS26 8QW,Semi-Detached,Established,Freehold,19,,WHITECLIFFE RISE,SWILLINGTON,LEEDS,LEEDS,WEST YORKSHIRE,Standard,Addition,53.7708800000,-1.4203440000
123000,2003-09-22 00:00:00Z,LS26 8QH,Semi-Detached,Established,Freehold,26,,CHURCH AVENUE,SWILLINGTON,LEEDS,LEEDS,WEST YORKSHIRE,Standard,Addition,53.7707330000,-1.4233500000
31000,2003-01-31 00:00:00Z,LS26 8QP,Flats/Maisonettes,New Build,Leasehold,53,,NEVILLE GROVE,SWILLINGTON,LEEDS,LEEDS,WEST YORKSHIRE,Standard,Addition,53.7721350000,-1.4214500000
128000,2003-12-15 00:00:00Z,LS26 8QW,Detached,Established,Freehold,24,,WHITECLIFFE RISE,SWILLINGTON,LEEDS,LEEDS,WEST YORKSHIRE,Standard,Addition,53.7708800000,-1.4203440000
142500,2003-09-05 00:00:00Z,LS26 8QH,Semi-Detached,Established,Freehold,35,,CHURCH AVENUE,SWILLINGTON,LEEDS,LEEDS,WEST YORKSHIRE,Standard,Addition,53.7707330000,-1.4233500000
46000,2003-08-29 00:00:00Z,LS26 8QP,Flats/Maisonettes,Established,Leasehold,49,,NEVILLE GROVE,SWILLINGTON,LEEDS,LEEDS,WEST YORKSHIRE,Standard,Addition,53.7721350000,-1.4214500000
64000,2003-07-25 00:00:00Z,LS26 8QP,Flats/Maisonettes,Established,Leasehold,47,,NEVILLE GROVE,SWILLINGTON,LEEDS,LEEDS,WEST YORKSHIRE,Standard,Addition,53.7721350000,-1.4214500000
125000,2003-08-27 00:00:00Z,LS26 8QG,Semi-Detached,Established,Freehold,18,,LOWTHER DRIVE,SWILLINGTON,LEEDS,LEEDS,WEST YORKSHIRE,Standard,Addition,53.7705150000,-1.4247490000
69000,2003-02-14 00:00:00Z,LS26 8QR,Flats/Maisonettes,Established,Leasehold,44,,WHITECLIFFE CRESCENT,SWILLINGTON,LEEDS,LEEDS,WEST YORKSHIRE,Standard,Addition,53.7711450000,-1.4212210000
115000,2003-06-24 00:00:00Z,LS26 8QG,Semi-Detached,Established,Freehold,57,,LOWTHER DRIVE,SWILLINGTON,LEEDS,LEEDS,WEST YORKSHIRE,Standard,Addition,53.7705150000,-1.4247490000
129950,2004-07-23 00:00:00Z,LS26 8QH,Detached,Established,Freehold,25,,CHURCH AVENUE,SWILLINGTON,LEEDS,LEEDS,WEST YORKSHIRE,Standard,Addition,53.7707330000,-1.4233500000
125000,2004-10-22 00:00:00Z,LS26 8QQ,Semi-Detached,Established,Freehold,22,,LOWTHER CRESCENT,SWILLINGTON,LEEDS,LEEDS,WEST YORKSHIRE,Standard,Addition,53.7702490000,-1.4243720000
75000,2004-08-27 00:00:00Z,LS26 8QP,Flats/Maisonettes,Established,Leasehold,53,,NEVILLE GROVE,SWILLINGTON,LEEDS,LEEDS,WEST YORKSHIRE,Standard,Addition,53.7721350000,-1.4214500000
75000,2004-04-08 00:00:00Z,LS26 8QP,Flats/Maisonettes,Established,Leasehold,53A,,NEVILLE GROVE,SWILLINGTON,LEEDS,LEEDS,WEST YORKSHIRE,Standard,Addition,53.7721350000,-1.4214500000
140000,2004-04-05 00:00:00Z,LS26 8QR,Semi-Detached,Established,Freehold,38,,WHITECLIFFE CRESCENT,SWILLINGTON,LEEDS,LEEDS,WEST YORKSHIRE,Standard,Addition,53.7711450000,-1.4212210000
74000,2004-02-27 00:00:00Z,LS26 8QP,Flats/Maisonettes,Established,Leasehold,51,,NEVILLE GROVE,SWILLINGTON,LEEDS,LEEDS,WEST YORKSHIRE,Standard,Addition,53.7721350000,-1.4214500000
202000,2004-04-22 00:00:00Z,LS26 8QP,Detached,Established,Freehold,78,,NEVILLE GROVE,SWILLINGTON,LEEDS,LEEDS,WEST YORKSHIRE,Standard,Addition,53.7721350000,-1.4214500000
118000,2004-05-28 00:00:00Z,LS26 8QG,Semi-Detached,Established,Freehold,47,,LOWTHER DRIVE,SWILLINGTON,LEEDS,LEEDS,WEST YORKSHIRE,Standard,Addition,53.7705150000,-1.4247490000
120000,2004-09-09 00:00:00Z,LS26 8QX,Terraced,Established,Freehold,4,,BURLAND TERRACE,SWILLINGTON,LEEDS,LEEDS,WEST YORKSHIRE,Standard,Addition,53.7718170000,-1.4246250000
465000,2004-08-31 00:00:00Z,LS26 8QU,Detached,Established,Freehold,FOUR WINDS,,SWILLINGTON LANE,SWILLINGTON,LEEDS,LEEDS,WEST YORKSHIRE,Standard,Addition,53.7718010000,-1.4248830000
124000,2004-06-11 00:00:00Z,LS26 8QW,Semi-Detached,Established,Freehold,9,,WHITECLIFFE RISE,SWILLINGTON,LEEDS,LEEDS,WEST YORKSHIRE,Standard,Addition,53.7708800000,-1.4203440000
152000,2005-06-01 00:00:00Z,LS26 8QH,Semi-Detached,Established,Freehold,26,,CHURCH AVENUE,SWILLINGTON,LEEDS,LEEDS,WEST YORKSHIRE,Standard,Addition,53.7707330000,-1.4233500000
97000,2005-11-24 00:00:00Z,LS26 8QP,Terraced,Established,Leasehold,55A,,NEVILLE GROVE,SWILLINGTON,LEEDS,LEEDS,WEST YORKSHIRE,Standard,Addition,53.7721350000,-1.4214500000
149000,2005-12-09 00:00:00Z,LS26 8QP,Terraced,Established,Freehold,72,,NEVILLE GROVE,SWILLINGTON,LEEDS,LEEDS,WEST YORKSHIRE,Standard,Addition,53.7721350000,-1.4214500000
82000,2005-05-12 00:00:00Z,LS26 8QP,Terraced,Established,Leasehold,51A,,NEVILLE GROVE,SWILLINGTON,LEEDS,LEEDS,WEST YORKSHIRE,Standard,Addition,53.7721350000,-1.4214500000
147000,2005-08-16 00:00:00Z,LS26 8QP,Semi-Detached,Established,Freehold,68,,NEVILLE GROVE,SWILLINGTON,LEEDS,LEEDS,WEST YORKSHIRE,Standard,Addition,53.7721350000,-1.4214500000
155000,2005-11-25 00:00:00Z,LS26 8QG,Semi-Detached,Established,Freehold,2,,LOWTHER DRIVE,SWILLINGTON,LEEDS,LEEDS,WEST YORKSHIRE,Standard,Addition,53.7705150000,-1.4247490000
187000,2006-09-01 00:00:00Z,LS26 8QG,Detached,Established,Freehold,22,,LOWTHER DRIVE,SWILLINGTON,LEEDS,LEEDS,WEST YORKSHIRE,Standard,Addition,53.7705150000,-1.4247490000
133000,2006-03-09 00:00:00Z,LS26 8QR,Semi-Detached,Established,Freehold,32,,WHITECLIFFE CRESCENT,SWILLINGTON,LEEDS,LEEDS,WEST YORKSHIRE,Standard,Addition,53.7711450000,-1.4212210000
765000,2006-01-26 00:00:00Z,LS26 8QU,Detached,Established,Freehold,BURLAND HOUSE,,SWILLINGTON LANE,SWILLINGTON,LEEDS,LEEDS,WEST YORKSHIRE,Standard,Addition,53.7718010000,-1.4248830000
167500,2006-05-30 00:00:00Z,LS26 8QT,Semi-Detached,Established,Freehold,127,,SWILLINGTON LANE,SWILLINGTON,LEEDS,LEEDS,WEST YORKSHIRE,Standard,Addition,53.7718320000,-1.4239120000
184000,2006-09-22 00:00:00Z,LS26 8QQ,Detached,Established,Freehold,12,,LOWTHER CRESCENT,SWILLINGTON,LEEDS,LEEDS,WEST YORKSHIRE,Standard,Addition,53.7702490000,-1.4243720000
185000,2006-12-15 00:00:00Z,LS26 8QP,Semi-Detached,Established,Freehold,58,,NEVILLE GROVE,SWILLINGTON,LEEDS,LEEDS,WEST YORKSHIRE,Standard,Addition,53.7721350000,-1.4214500000
195000,2006-03-15 00:00:00Z,LS26 8QH,Semi-Detached,Established,Freehold,17,,CHURCH AVENUE,SWILLINGTON,LEEDS,LEEDS,WEST YORKSHIRE,Standard,Addition,53.7707330000,-1.4233500000
148000,2006-10-13 00:00:00Z,LS26 8QH,Detached,Established,Freehold,25,,CHURCH AVENUE,SWILLINGTON,LEEDS,LEEDS,WEST YORKSHIRE,Standard,Addition,53.7707330000,-1.4233500000
153000,2006-09-29 00:00:00Z,LS26 8QH,Semi-Detached,Established,Freehold,28,,CHURCH AVENUE,SWILLINGTON,LEEDS,LEEDS,WEST YORKSHIRE,Standard,Addition,53.7707330000,-1.4233500000
175000,2006-07-25 00:00:00Z,LS26 8QP,Semi-Detached,Established,Freehold,88,,NEVILLE GROVE,SWILLINGTON,LEEDS,LEEDS,WEST YORKSHIRE,Standard,Addition,53.7721350000,-1.4214500000
159995,2006-01-11 00:00:00Z,LS26 8QR,Semi-Detached,Established,Freehold,17,,WHITECLIFFE CRESCENT,SWILLINGTON,LEEDS,LEEDS,WEST YORKSHIRE,Standard,Addition,53.7711450000,-1.4212210000
141500,2006-02-02 00:00:00Z,LS26 8QG,Semi-Detached,Established,Freehold,6,,LOWTHER DRIVE,SWILLINGTON,LEEDS,LEEDS,WEST YORKSHIRE,Standard,Addition,53.7705150000,-1.4247490000
92000,2006-07-31 00:00:00Z,LS26 8QG,Semi-Detached,Established,Freehold,18,,LOWTHER DRIVE,SWILLINGTON,LEEDS,LEEDS,WEST YORKSHIRE,Standard,Addition,53.7705150000,-1.4247490000
134000,2006-08-18 00:00:00Z,LS26 8QG,Semi-Detached,Established,Freehold,16,,LOWTHER DRIVE,SWILLINGTON,LEEDS,LEEDS,WEST YORKSHIRE,Standard,Addition,53.7705150000,-1.4247490000
51000,2006-03-29 00:00:00Z,LS26 8QR,Flats/Maisonettes,Established,Leasehold,2B,,WHITECLIFFE CRESCENT,SWILLINGTON,LEEDS,LEEDS,WEST YORKSHIRE,Standard,Addition,53.7711450000,-1.4212210000
162000,2006-06-28 00:00:00Z,LS26 8QT,Detached,Established,Freehold,119,,SWILLINGTON LANE,SWILLINGTON,LEEDS,LEEDS,WEST YORKSHIRE,Standard,Addition,53.7718320000,-1.4239120000
137000,2007-06-08 00:00:00Z,LS26 8QR,Semi-Detached,Established,Freehold,28,,WHITECLIFFE CRESCENT,SWILLINGTON,LEEDS,LEEDS,WEST YORKSHIRE,Standard,Addition,53.7711450000,-1.4212210000
155000,2007-04-16 00:00:00Z,LS26 8QW,Semi-Detached,Established,Freehold,23,,WHITECLIFFE RISE,SWILLINGTON,LEEDS,LEEDS,WEST YORKSHIRE,Standard,Addition,53.7708800000,-1.4203440000
50000,2007-12-20 00:00:00Z,LS26 8QR,Semi-Detached,Established,Freehold,39,,WHITECLIFFE CRESCENT,SWILLINGTON,LEEDS,LEEDS,WEST YORKSHIRE,Standard,Addition,53.7711450000,-1.4212210000
99950,2007-05-22 00:00:00Z,LS26 8QR,Flats/Maisonettes,Established,Leasehold,2A,,WHITECLIFFE CRESCENT,SWILLINGTON,LEEDS,LEEDS,WEST YORKSHIRE,Standard,Addition,53.7711450000,-1.4212210000
142000,2007-07-19 00:00:00Z,LS26 8QR,Semi-Detached,Established,Freehold,6,,WHITECLIFFE CRESCENT,SWILLINGTON,LEEDS,LEEDS,WEST YORKSHIRE,Standard,Addition,53.7711450000,-1.4212210000
99995,2007-03-30 00:00:00Z,LS26 8QP,Terraced,Established,Leasehold,51A,,NEVILLE GROVE,SWILLINGTON,LEEDS,LEEDS,WEST YORKSHIRE,Standard,Addition,53.7721350000,-1.4214500000
163500,2007-02-16 00:00:00Z,LS26 8QS,Semi-Detached,Established,Freehold,6,,WHITECLIFFE DRIVE,SWILLINGTON,LEEDS,LEEDS,WEST YORKSHIRE,Standard,Addition,53.7719880000,-1.4226500000
112000,2007-08-31 00:00:00Z,LS26 8QR,Flats/Maisonettes,Established,Leasehold,42,,WHITECLIFFE CRESCENT,SWILLINGTON,LEEDS,LEEDS,WEST YORKSHIRE,Standard,Addition,53.7711450000,-1.4212210000
150000,2007-08-24 00:00:00Z,LS26 8QQ,Semi-Detached,Established,Freehold,7,,LOWTHER CRESCENT,SWILLINGTON,LEEDS,LEEDS,WEST YORKSHIRE,Standard,Addition,53.7702490000,-1.4243720000
165000,2007-03-16 00:00:00Z,LS26 8QR,Semi-Detached,Established,Freehold,40,,WHITECLIFFE CRESCENT,SWILLINGTON,LEEDS,LEEDS,WEST YORKSHIRE,Standard,Addition,53.7711450000,-1.4212210000
99950,2007-07-27 00:00:00Z,LS26 8QP,Flats/Maisonettes,Established,Leasehold,49,,NEVILLE GROVE,SWILLINGTON,LEEDS,LEEDS,WEST YORKSHIRE,Standard,Addition,53.7721350000,-1.4214500000
175000,2007-03-13 00:00:00Z,LS26 8QP,Semi-Detached,Established,Freehold,70,,NEVILLE GROVE,SWILLINGTON,LEEDS,LEEDS,WEST YORKSHIRE,Standard,Addition,53.7721350000,-1.4214500000
360000,2008-05-28 00:00:00Z,LS26 8QU,Detached,Established,Freehold,BURLAND COTTAGE,,SWILLINGTON LANE,SWILLINGTON,LEEDS,LEEDS,WEST YORKSHIRE,Standard,Addition,53.7718010000,-1.4248830000
176000,2008-02-29 00:00:00Z,LS26 8QP,Semi-Detached,Established,Freehold,92,,NEVILLE GROVE,SWILLINGTON,LEEDS,LEEDS,WEST YORKSHIRE,Standard,Addition,53.7721350000,-1.4214500000
140000,2008-12-10 00:00:00Z,LS26 8QP,Semi-Detached,Established,Freehold,,,NEVILLE GROVE,SWILLINGTON,LEEDS,LEEDS,WEST YORKSHIRE,Standard,Addition,53.7721350000,-1.4214500000
159950,2008-05-01 00:00:00Z,LS26 8QR,Semi-Detached,Established,Freehold,11,,WHITECLIFFE CRESCENT,SWILLINGTON,LEEDS,LEEDS,WEST YORKSHIRE,Standard,Addition,53.7711450000,-1.4212210000
160000,2008-07-04 00:00:00Z,LS26 8QR,Semi-Detached,Established,Freehold,38,,WHITECLIFFE CRESCENT,SWILLINGTON,LEEDS,LEEDS,WEST YORKSHIRE,Standard,Addition,53.7711450000,-1.4212210000
218000,2008-02-08 00:00:00Z,LS26 8QG,Semi-Detached,Established,Freehold,16,,LOWTHER DRIVE,SWILLINGTON,LEEDS,LEEDS,WEST YORKSHIRE,Standard,Addition,53.7705150000,-1.4247490000
120000,2008-10-10 00:00:00Z,LS26 8QS,Semi-Detached,Established,Freehold,3,,WHITECLIFFE DRIVE,SWILLINGTON,LEEDS,LEEDS,WEST YORKSHIRE,Standard,Addition,53.7719880000,-1.4226500000
160000,2009-12-15 00:00:00Z,LS26 8QP,Semi-Detached,Established,Freehold,88,,NEVILLE GROVE,SWILLINGTON,LEEDS,LEEDS,WEST YORKSHIRE,Standard,Addition,53.7721350000,-1.4214500000
175000,2009-01-30 00:00:00Z,LS26 8QH,Terraced,Established,Freehold,52,,CHURCH AVENUE,SWILLINGTON,LEEDS,LEEDS,WEST YORKSHIRE,Standard,Addition,53.7707330000,-1.4233500000
136000,2009-04-24 00:00:00Z,LS26 8QW,Semi-Detached,Established,Freehold,16,,WHITECLIFFE RISE,SWILLINGTON,LEEDS,LEEDS,WEST YORKSHIRE,Standard,Addition,53.7708800000,-1.4203440000
135000,2009-11-27 00:00:00Z,LS26 8QW,Semi-Detached,Established,Freehold,21,,WHITECLIFFE RISE,SWILLINGTON,LEEDS,LEEDS,WEST YORKSHIRE,Standard,Addition,53.7708800000,-1.4203440000
185000,2009-03-06 00:00:00Z,LS26 8QG,Detached,Established,Freehold,22,,LOWTHER DRIVE,SWILLINGTON,LEEDS,LEEDS,WEST YORKSHIRE,Standard,Addition,53.7705150000,-1.4247490000
115000,2009-09-09 00:00:00Z,LS26 8QG,Semi-Detached,Established,Freehold,9,,LOWTHER DRIVE,SWILLINGTON,LEEDS,LEEDS,WEST YORKSHIRE,Standard,Addition,53.7705150000,-1.4247490000
93000,2009-12-21 00:00:00Z,LS26 8QR,Flats/Maisonettes,Established,Leasehold,2B,,WHITECLIFFE CRESCENT,SWILLINGTON,LEEDS,LEEDS,WEST YORKSHIRE,Standard,Addition,53.7711450000,-1.4212210000
185000,2010-09-30 00:00:00Z,LS26 8QP,Semi-Detached,Established,Freehold,76,,NEVILLE GROVE,SWILLINGTON,LEEDS,LEEDS,WEST YORKSHIRE,Standard,Addition,53.7721350000,-1.4214500000
90000,2010-08-26 00:00:00Z,LS26 8QW,Semi-Detached,Established,Freehold,8,,WHITECLIFFE RISE,SWILLINGTON,LEEDS,LEEDS,WEST YORKSHIRE,Standard,Addition,53.7708800000,-1.4203440000
158000,2010-08-12 00:00:00Z,LS26 8QW,Semi-Detached,Established,Freehold,26,,WHITECLIFFE RISE,SWILLINGTON,LEEDS,LEEDS,WEST YORKSHIRE,Standard,Addition,53.7708800000,-1.4203440000
125000,2010-11-19 00:00:00Z,LS26 8QS,Semi-Detached,Established,Freehold,4,,WHITECLIFFE DRIVE,SWILLINGTON,LEEDS,LEEDS,WEST YORKSHIRE,Standard,Addition,53.7719880000,-1.4226500000
232000,2010-06-04 00:00:00Z,LS26 8QU,Detached,Established,Freehold,ROSE COTTAGE,,SWILLINGTON LANE,SWILLINGTON,LEEDS,LEEDS,WEST YORKSHIRE,Standard,Addition,53.7718010000,-1.4248830000
148000,2010-05-05 00:00:00Z,LS26 8QT,Semi-Detached,Established,Freehold,127,,SWILLINGTON LANE,SWILLINGTON,LEEDS,LEEDS,WEST YORKSHIRE,Standard,Addition,53.7718320000,-1.4239120000
146000,2010-06-18 00:00:00Z,LS26 8QG,Semi-Detached,Established,Freehold,47,,LOWTHER DRIVE,SWILLINGTON,LEEDS,LEEDS,WEST YORKSHIRE,Standard,Addition,53.7705150000,-1.4247490000
92000,2010-09-24 00:00:00Z,LS26 8QR,Flats/Maisonettes,Established,Leasehold,44,,WHITECLIFFE CRESCENT,SWILLINGTON,LEEDS,LEEDS,WEST YORKSHIRE,Standard,Addition,53.7711450000,-1.4212210000
155000,2011-12-09 00:00:00Z,LS26 8QT,Detached,Established,Freehold,113,,SWILLINGTON LANE,SWILLINGTON,LEEDS,LEEDS,WEST YORKSHIRE,Standard,Addition,53.7718320000,-1.4239120000
132950,2011-06-10 00:00:00Z,LS26 8QW,Semi-Detached,Established,Freehold,19,,WHITECLIFFE RISE,SWILLINGTON,LEEDS,LEEDS,WEST YORKSHIRE,Standard,Addition,53.7708800000,-1.4203440000
133000,2011-05-03 00:00:00Z,LS26 8QW,Semi-Detached,Established,Freehold,15,,WHITECLIFFE RISE,SWILLINGTON,LEEDS,LEEDS,WEST YORKSHIRE,Standard,Addition,53.7708800000,-1.4203440000
176000,2011-04-28 00:00:00Z,LS26 8QH,Terraced,Established,Freehold,52,,CHURCH AVENUE,SWILLINGTON,LEEDS,LEEDS,WEST YORKSHIRE,Standard,Addition,53.7707330000,-1.4233500000
125000,2011-12-01 00:00:00Z,LS26 8QS,Semi-Detached,Established,Freehold,12,,WHITECLIFFE DRIVE,SWILLINGTON,LEEDS,LEEDS,WEST YORKSHIRE,Standard,Addition,53.7719880000,-1.4226500000
157000,2012-01-06 00:00:00Z,LS26 8QS,Semi-Detached,Established,Freehold,9,,WHITECLIFFE DRIVE,SWILLINGTON,LEEDS,LEEDS,WEST YORKSHIRE,Standard,Addition,53.7719880000,-1.4226500000
105000,2012-06-29 00:00:00Z,LS26 8QG,Semi-Detached,Established,Freehold,57,,LOWTHER DRIVE,SWILLINGTON,LEEDS,LEEDS,WEST YORKSHIRE,Standard,Addition,53.7705150000,-1.4247490000
154000,2012-12-14 00:00:00Z,LS26 8QT,Semi-Detached,Established,Freehold,117,,SWILLINGTON LANE,SWILLINGTON,LEEDS,LEEDS,WEST YORKSHIRE,Standard,Addition,53.7718320000,-1.4239120000
159000,2013-08-02 00:00:00Z,LS26 8QP,Semi-Detached,Established,Freehold,94,,NEVILLE GROVE,SWILLINGTON,LEEDS,LEEDS,WEST YORKSHIRE,Standard,Addition,53.7721350000,-1.4214500000
117000,2013-12-09 00:00:00Z,LS26 8QR,Semi-Detached,Established,Freehold,41,,WHITECLIFFE CRESCENT,SWILLINGTON,LEEDS,LEEDS,WEST YORKSHIRE,Standard,Addition,53.7711450000,-1.4212210000
280000,2013-09-04 00:00:00Z,LS26 8QU,Detached,Established,Freehold,THE HOLLIES,,SWILLINGTON LANE,SWILLINGTON,LEEDS,LEEDS,WEST YORKSHIRE,Additional,Addition,53.7718010000,-1.4248830000
163000,2013-10-17 00:00:00Z,LS26 8QP,Semi-Detached,Established,Freehold,92,,NEVILLE GROVE,SWILLINGTON,LEEDS,LEEDS,WEST YORKSHIRE,Standard,Addition,53.7721350000,-1.4214500000
120000,2013-09-13 00:00:00Z,LS26 8QG,Semi-Detached,Established,Freehold,55,,LOWTHER DRIVE,SWILLINGTON,LEEDS,LEEDS,WEST YORKSHIRE,Standard,Addition,53.7705150000,-1.4247490000
164000,2013-06-12 00:00:00Z,LS26 8QT,Detached,Established,Freehold,109,,SWILLINGTON LANE,SWILLINGTON,LEEDS,LEEDS,WEST YORKSHIRE,Standard,Addition,53.7718320000,-1.4239120000
147000,2013-03-06 00:00:00Z,LS26 8QR,Semi-Detached,Established,Freehold,7,,WHITECLIFFE CRESCENT,SWILLINGTON,LEEDS,LEEDS,WEST YORKSHIRE,Standard,Addition,53.7711450000,-1.4212210000
135000,2013-05-22 00:00:00Z,LS26 8QG,Semi-Detached,Established,Freehold,27,,LOWTHER DRIVE,SWILLINGTON,LEEDS,LEEDS,WEST YORKSHIRE,Standard,Addition,53.7705150000,-1.4247490000
135000,2013-11-29 00:00:00Z,LS26 8QX,Terraced,Established,Freehold,3,,BURLAND TERRACE,SWILLINGTON,LEEDS,LEEDS,WEST YORKSHIRE,Standard,Addition,53.7718170000,-1.4246250000
149000,2014-07-18 00:00:00Z,LS26 8QH,Semi-Detached,Established,Freehold,26,,CHURCH AVENUE,SWILLINGTON,LEEDS,LEEDS,WEST YORKSHIRE,Standard,Addition,53.7707330000,-1.4233500000
180000,2014-06-24 00:00:00Z,LS26 8QG,Semi-Detached,Established,Freehold,39,,LOWTHER DRIVE,SWILLINGTON,LEEDS,LEEDS,WEST YORKSHIRE,Additional,Addition,53.7705150000,-1.4247490000
155000,2014-03-14 00:00:00Z,LS26 8QP,Semi-Detached,Established,Freehold,86,,NEVILLE GROVE,SWILLINGTON,LEEDS,LEEDS,WEST YORKSHIRE,Standard,Addition,53.7721350000,-1.4214500000
180000,2014-01-27 00:00:00Z,LS26 8QP,Semi-Detached,Established,Freehold,74,,NEVILLE GROVE,SWILLINGTON,LEEDS,LEEDS,WEST YORKSHIRE,Standard,Addition,53.7721350000,-1.4214500000
186000,2014-01-22 00:00:00Z,LS26 8QH,Detached,Established,Freehold,52,,CHURCH AVENUE,SWILLINGTON,LEEDS,LEEDS,WEST YORKSHIRE,Standard,Addition,53.7707330000,-1.4233500000
160000,2014-08-19 00:00:00Z,LS26 8QG,Semi-Detached,Established,Freehold,39,,LOWTHER DRIVE,SWILLINGTON,LEEDS,LEEDS,WEST YORKSHIRE,Standard,Addition,53.7705150000,-1.4247490000
124000,2014-03-14 00:00:00Z,LS26 8QG,Semi-Detached,Established,Freehold,37,,LOWTHER DRIVE,SWILLINGTON,LEEDS,LEEDS,WEST YORKSHIRE,Standard,Addition,53.7705150000,-1.4247490000
139000,2014-12-12 00:00:00Z,LS26 8QR,Semi-Detached,Established,Freehold,57,,WHITECLIFFE CRESCENT,SWILLINGTON,LEEDS,LEEDS,WEST YORKSHIRE,Standard,Addition,53.7711450000,-1.4212210000
110000,2014-10-28 00:00:00Z,LS26 8QX,Terraced,Established,Freehold,3,,BURLAND TERRACE,SWILLINGTON,LEEDS,LEEDS,WEST YORKSHIRE,Standard,Addition,53.7718170000,-1.4246250000
137500,2014-08-14 00:00:00Z,LS26 8QW,Semi-Detached,Established,Freehold,24,,WHITECLIFFE RISE,SWILLINGTON,LEEDS,LEEDS,WEST YORKSHIRE,Standard,Addition,53.7708800000,-1.4203440000
169000,2014-04-04 00:00:00Z,LS26 8QT,Detached,Established,Freehold,123,,SWILLINGTON LANE,SWILLINGTON,LEEDS,LEEDS,WEST YORKSHIRE,Standard,Addition,53.7718320000,-1.4239120000
219000,2015-09-24 00:00:00Z,LS26 8QH,Detached,Established,Freehold,48,,CHURCH AVENUE,SWILLINGTON,LEEDS,LEEDS,WEST YORKSHIRE,Standard,Addition,53.7707330000,-1.4233500000
128000,2015-06-04 00:00:00Z,LS26 8QR,Semi-Detached,Established,Freehold,40,,WHITECLIFFE CRESCENT,SWILLINGTON,LEEDS,LEEDS,WEST YORKSHIRE,Additional,Addition,53.7711450000,-1.4212210000
133500,2015-01-27 00:00:00Z,LS26 8QP,Semi-Detached,Established,Freehold,66,,NEVILLE GROVE,SWILLINGTON,LEEDS,LEEDS,WEST YORKSHIRE,Standard,Addition,53.7721350000,-1.4214500000
132000,2015-10-30 00:00:00Z,LS26 8QG,Semi-Detached,Established,Freehold,1,,LOWTHER DRIVE,SWILLINGTON,LEEDS,LEEDS,WEST YORKSHIRE,Standard,Addition,53.7705150000,-1.4247490000
200000,2015-06-15 00:00:00Z,LS26 8QG,Semi-Detached,Established,Freehold,16,,LOWTHER DRIVE,SWILLINGTON,LEEDS,LEEDS,WEST YORKSHIRE,Standard,Addition,53.7705150000,-1.4247490000
222500,2015-11-23 00:00:00Z,LS26 8QT,Detached,Established,Freehold,119,,SWILLINGTON LANE,SWILLINGTON,LEEDS,LEEDS,WEST YORKSHIRE,Standard,Addition,53.7718320000,-1.4239120000
149500,2015-10-21 00:00:00Z,LS26 8QT,Semi-Detached,Established,Freehold,137,,SWILLINGTON LANE,SWILLINGTON,LEEDS,LEEDS,WEST YORKSHIRE,Standard,Addition,53.7718320000,-1.4239120000
153995,2015-04-24 00:00:00Z,LS26 8QG,Semi-Detached,Established,Freehold,47,,LOWTHER DRIVE,SWILLINGTON,LEEDS,LEEDS,WEST YORKSHIRE,Standard,Addition,53.7705150000,-1.4247490000
188650,2015-09-09 00:00:00Z,LS26 8QP,Semi-Detached,Established,Freehold,70,,NEVILLE GROVE,SWILLINGTON,LEEDS,LEEDS,WEST YORKSHIRE,Standard,Addition,53.7721350000,-1.4214500000
187000,2015-01-23 00:00:00Z,LS26 8QG,Semi-Detached,Established,Freehold,25,,LOWTHER DRIVE,SWILLINGTON,LEEDS,LEEDS,WEST YORKSHIRE,Standard,Addition,53.7705150000,-1.4247490000
260000,2015-09-09 00:00:00Z,LS26 8DB,Detached,Established,Freehold,WHITECLIFFE,,SWILLINGTON LANE,SWILLINGTON,LEEDS,LEEDS,WEST YORKSHIRE,Standard,Addition,53.7745340000,-1.4232530000
355000,2016-06-30 00:00:00Z,LS26 8QP,Detached,Established,Freehold,78,,NEVILLE GROVE,SWILLINGTON,LEEDS,LEEDS,WEST YORKSHIRE,Standard,Addition,53.7721350000,-1.4214500000
186000,2016-05-23 00:00:00Z,LS26 8QR,Semi-Detached,Established,Freehold,28,,WHITECLIFFE CRESCENT,SWILLINGTON,LEEDS,LEEDS,WEST YORKSHIRE,Standard,Addition,53.7711450000,-1.4212210000
204000,2016-12-08 00:00:00Z,LS26 8QG,Semi-Detached,Established,Freehold,7,,LOWTHER DRIVE,SWILLINGTON,LEEDS,LEEDS,WEST YORKSHIRE,Standard,Addition,53.7705150000,-1.4247490000
247000,2016-11-24 00:00:00Z,LS26 8QH,Semi-Detached,Established,Freehold,17,,CHURCH AVENUE,SWILLINGTON,LEEDS,LEEDS,WEST YORKSHIRE,Standard,Addition,53.7707330000,-1.4233500000
160000,2016-09-30 00:00:00Z,LS26 8QH,Semi-Detached,Established,Freehold,38,,CHURCH AVENUE,SWILLINGTON,LEEDS,LEEDS,WEST YORKSHIRE,Standard,Addition,53.7707330000,-1.4233500000
165000,2017-07-21 00:00:00Z,LS26 8QX,Terraced,Established,Freehold,4,,BURLAND TERRACE,SWILLINGTON,LEEDS,LEEDS,WEST YORKSHIRE,Standard,Addition,53.7718170000,-1.4246250000
159950,2017-04-24 00:00:00Z,LS26 8QQ,Semi-Detached,Established,Freehold,5,,LOWTHER CRESCENT,SWILLINGTON,LEEDS,LEEDS,WEST YORKSHIRE,Standard,Addition,53.7702490000,-1.4243720000
156500,2017-10-13 00:00:00Z,LS26 8QR,Semi-Detached,Established,Freehold,11,,WHITECLIFFE CRESCENT,SWILLINGTON,LEEDS,LEEDS,WEST YORKSHIRE,Standard,Addition,53.7711450000,-1.4212210000
235000,2017-10-24 00:00:00Z,LS26 8QP,Detached,Established,Freehold,96,,NEVILLE GROVE,SWILLINGTON,LEEDS,LEEDS,WEST YORKSHIRE,Standard,Addition,53.7721350000,-1.4214500000
129500,2017-05-19 00:00:00Z,LS26 8QR,Terraced,Established,Freehold,53,,WHITECLIFFE CRESCENT,SWILLINGTON,LEEDS,LEEDS,WEST YORKSHIRE,Standard,Addition,53.7711450000,-1.4212210000
177475,2017-11-24 00:00:00Z,LS26 8QQ,Semi-Detached,Established,Freehold,22,,LOWTHER CRESCENT,SWILLINGTON,LEEDS,LEEDS,WEST YORKSHIRE,Standard,Addition,53.7702490000,-1.4243720000
100000,2017-12-08 00:00:00Z,LS26 8QR,Flats/Maisonettes,Established,Leasehold,2B,,WHITECLIFFE CRESCENT,SWILLINGTON,LEEDS,LEEDS,WEST YORKSHIRE,Standard,Addition,53.7711450000,-1.4212210000
184950,2017-06-02 00:00:00Z,LS26 8QH,Semi-Detached,Established,Freehold,1,,CHURCH AVENUE,SWILLINGTON,LEEDS,LEEDS,WEST YORKSHIRE,Standard,Addition,53.7707330000,-1.4233500000
250000,2018-06-06 00:00:00Z,LS26 8QH,Detached,Established,Freehold,52,,CHURCH AVENUE,SWILLINGTON,LEEDS,LEEDS,WEST YORKSHIRE,Standard,Addition,53.7707330000,-1.4233500000
152000,2018-10-26 00:00:00Z,LS26 8QW,Semi-Detached,Established,Freehold,8,,WHITECLIFFE RISE,SWILLINGTON,LEEDS,LEEDS,WEST YORKSHIRE,Standard,Addition,53.7708800000,-1.4203440000
142000,2018-10-22 00:00:00Z,LS26 8QR,Semi-Detached,Established,Freehold,35,,WHITECLIFFE CRESCENT,SWILLINGTON,LEEDS,LEEDS,WEST YORKSHIRE,Additional,Addition,53.7711450000,-1.4212210000
215000,2018-08-03 00:00:00Z,LS26 8QG,Semi-Detached,Established,Freehold,39,,LOWTHER DRIVE,SWILLINGTON,LEEDS,LEEDS,WEST YORKSHIRE,Standard,Addition,53.7705150000,-1.4247490000
235000,2018-04-06 00:00:00Z,LS26 8QP,Semi-Detached,Established,Freehold,68,,NEVILLE GROVE,SWILLINGTON,LEEDS,LEEDS,WEST YORKSHIRE,Standard,Addition,53.7721350000,-1.4214500000
170000,2018-09-21 00:00:00Z,LS26 8QR,Semi-Detached,Established,Freehold,8,,WHITECLIFFE CRESCENT,SWILLINGTON,LEEDS,LEEDS,WEST YORKSHIRE,Standard,Addition,53.7711450000,-1.4212210000
172000,2018-09-28 00:00:00Z,LS26 8QS,Semi-Detached,Established,Freehold,5,,WHITECLIFFE DRIVE,SWILLINGTON,LEEDS,LEEDS,WEST YORKSHIRE,Standard,Addition,53.7719880000,-1.4226500000
195000,2018-12-14 00:00:00Z,LS26 8QR,Semi-Detached,Established,Freehold,40,,WHITECLIFFE CRESCENT,SWILLINGTON,LEEDS,LEEDS,WEST YORKSHIRE,Standard,Addition,53.7711450000,-1.4212210000
90000,2018-12-13 00:00:00Z,LS26 8QR,Flats/Maisonettes,Established,Leasehold,44,,WHITECLIFFE CRESCENT,SWILLINGTON,LEEDS,LEEDS,WEST YORKSHIRE,Standard,Addition,53.7711450000,-1.4212210000
200000,2018-01-26 00:00:00Z,LS26 8QR,Detached,Established,Freehold,43,,WHITECLIFFE CRESCENT,SWILLINGTON,LEEDS,LEEDS,WEST YORKSHIRE,Standard,Addition,53.7711450000,-1.4212210000
170000,2019-03-29 00:00:00Z,LS26 8QP,Semi-Detached,Established,Freehold,62,,NEVILLE GROVE,SWILLINGTON,LEEDS,LEEDS,WEST YORKSHIRE,Standard,Addition,53.7721350000,-1.4214500000
176000,2019-04-12 00:00:00Z,LS26 8QR,Semi-Detached,Established,Freehold,19,,WHITECLIFFE CRESCENT,SWILLINGTON,LEEDS,LEEDS,WEST YORKSHIRE,Standard,Addition,53.7711450000,-1.4212210000
153000,2019-01-31 00:00:00Z,LS26 8QQ,Semi-Detached,Established,Freehold,16,,LOWTHER CRESCENT,SWILLINGTON,LEEDS,LEEDS,WEST YORKSHIRE,Standard,Addition,53.7702490000,-1.4243720000
160000,2019-11-29 00:00:00Z,LS26 8QR,Semi-Detached,Established,Freehold,49,,WHITECLIFFE CRESCENT,SWILLINGTON,LEEDS,LEEDS,WEST YORKSHIRE,Standard,Addition,53.7711450000,-1.4212210000
164000,2019-12-19 00:00:00Z,LS26 8QR,Semi-Detached,Established,Freehold,11,,WHITECLIFFE CRESCENT,SWILLINGTON,LEEDS,LEEDS,WEST YORKSHIRE,Standard,Addition,53.7711450000,-1.4212210000
165000,2019-08-27 00:00:00Z,LS26 8QG,Semi-Detached,Established,Freehold,57,,LOWTHER DRIVE,SWILLINGTON,LEEDS,LEEDS,WEST YORKSHIRE,Standard,Addition,53.7705150000,-1.4247490000
160000,2019-06-28 00:00:00Z,LS26 8QH,Semi-Detached,Established,Freehold,21,,CHURCH AVENUE,SWILLINGTON,LEEDS,LEEDS,WEST YORKSHIRE,Standard,Addition,53.7707330000,-1.4233500000
318000,2019-07-24 00:00:00Z,LS26 8QU,Detached,Established,Freehold,THE HOLLIES,,SWILLINGTON LANE,SWILLINGTON,LEEDS,LEEDS,WEST YORKSHIRE,Standard,Addition,53.7718010000,-1.4248830000
208000,2020-05-01 00:00:00Z,LS26 8QG,Semi-Detached,Established,Freehold,27,,LOWTHER DRIVE,SWILLINGTON,LEEDS,LEEDS,WEST YORKSHIRE,Standard,Addition,53.7705150000,-1.4247490000
170000,2020-03-18 00:00:00Z,LS26 8QP,Semi-Detached,Established,Freehold,63,,NEVILLE GROVE,SWILLINGTON,LEEDS,LEEDS,WEST YORKSHIRE,Standard,Addition,53.7721350000,-1.4214500000
195000,2020-11-24 00:00:00Z,LS26 8QR,Semi-Detached,Established,Freehold,32,,WHITECLIFFE CRESCENT,SWILLINGTON,LEEDS,LEEDS,WEST YORKSHIRE,Standard,Addition,53.7711450000,-1.4212210000
190000,2020-10-30 00:00:00Z,LS26 8QG,Semi-Detached,Established,Freehold,5,,LOWTHER DRIVE,SWILLINGTON,LEEDS,LEEDS,WEST YORKSHIRE,Standard,Addition,53.7705150000,-1.4247490000
152000,2020-11-10 00:00:00Z,LS26 8QW,Terraced,Established,Freehold,6,,WHITECLIFFE RISE,SWILLINGTON,LEEDS,LEEDS,WEST YORKSHIRE,Standard,Addition,53.7708800000,-1.4203440000
180000,2020-02-28 00:00:00Z,LS26 8QS,Semi-Detached,Established,Freehold,12,,WHITECLIFFE DRIVE,SWILLINGTON,LEEDS,LEEDS,WEST YORKSHIRE,Standard,Addition,53.7719880000,-1.4226500000
69500,2020-02-21 00:00:00Z,LS26 8QP,Terraced,Established,Leasehold,51A,,NEVILLE GROVE,SWILLINGTON,LEEDS,LEEDS,WEST YORKSHIRE,Additional,Addition,53.7721350000,-1.4214500000
249995,2020-11-17 00:00:00Z,LS26 8QG,Semi-Detached,Established,Freehold,7,,LOWTHER DRIVE,SWILLINGTON,LEEDS,LEEDS,WEST YORKSHIRE,Standard,Addition,53.7705150000,-1.4247490000
168000,2020-07-29 00:00:00Z,LS26 8QQ,Semi-Detached,Established,Freehold,18,,LOWTHER CRESCENT,SWILLINGTON,LEEDS,LEEDS,WEST YORKSHIRE,Standard,Addition,53.7702490000,-1.4243720000
255500,2020-06-12 00:00:00Z,LS26 8QH,Semi-Detached,Established,Freehold,19,,CHURCH AVENUE,SWILLINGTON,LEEDS,LEEDS,WEST YORKSHIRE,Standard,Addition,53.7707330000,-1.4233500000
150000,2020-06-23 00:00:00Z,LS26 8QW,Semi-Detached,Established,Freehold,11,,WHITECLIFFE RISE,SWILLINGTON,LEEDS,LEEDS,WEST YORKSHIRE,Standard,Addition,53.7708800000,-1.4203440000
232200,2021-11-09 00:00:00Z,LS26 8QH,Semi-Detached,Established,Freehold,4,,CHURCH AVENUE,SWILLINGTON,LEEDS,LEEDS,WEST YORKSHIRE,Standard,Addition,53.7707330000,-1.4233500000
255000,2021-08-06 00:00:00Z,LS26 8QR,Semi-Detached,Established,Freehold,16,,WHITECLIFFE CRESCENT,SWILLINGTON,LEEDS,LEEDS,WEST YORKSHIRE,Standard,Addition,53.7711450000,-1.4212210000
86500,2021-03-11 00:00:00Z,LS26 8QP,Terraced,Established,Leasehold,55A,,NEVILLE GROVE,SWILLINGTON,LEEDS,LEEDS,WEST YORKSHIRE,Standard,Addition,53.7721350000,-1.4214500000
239995,2021-05-13 00:00:00Z,LS26 8QG,Semi-Detached,Established,Freehold,16,,LOWTHER DRIVE,SWILLINGTON,LEEDS,LEEDS,WEST YORKSHIRE,Standard,Addition,53.7705150000,-1.4247490000
205000,2021-01-14 00:00:00Z,LS26 8QG,Semi-Detached,Established,Freehold,23,,LOWTHER DRIVE,SWILLINGTON,LEEDS,LEEDS,WEST YORKSHIRE,Standard,Addition,53.7705150000,-1.4247490000
190000,2021-01-08 00:00:00Z,LS26 8QG,Semi-Detached,Established,Freehold,47,,LOWTHER DRIVE,SWILLINGTON,LEEDS,LEEDS,WEST YORKSHIRE,Standard,Addition,53.7705150000,-1.4247490000
198495,2021-05-21 00:00:00Z,LS26 8QW,Semi-Detached,Established,Freehold,22,,WHITECLIFFE RISE,SWILLINGTON,LEEDS,LEEDS,WEST YORKSHIRE,Standard,Addition,53.7708800000,-1.4203440000
172500,2021-04-23 00:00:00Z,LS26 8QR,Semi-Detached,Established,Freehold,15,,WHITECLIFFE CRESCENT,SWILLINGTON,LEEDS,LEEDS,WEST YORKSHIRE,Additional,Addition,53.7711450000,-1.4212210000
200000,2021-03-31 00:00:00Z,LS26 8QH,Semi-Detached,Established,Freehold,40,,CHURCH AVENUE,SWILLINGTON,LEEDS,LEEDS,WEST YORKSHIRE,Standard,Addition,53.7707330000,-1.4233500000
199995,2021-05-28 00:00:00Z,LS26 8QG,Semi-Detached,Established,Freehold,2,,LOWTHER DRIVE,SWILLINGTON,LEEDS,LEEDS,WEST YORKSHIRE,Standard,Addition,53.7705150000,-1.4247490000
212500,2021-05-24 00:00:00Z,LS26 8QT,Semi-Detached,Established,Freehold,139,,SWILLINGTON LANE,SWILLINGTON,LEEDS,LEEDS,WEST YORKSHIRE,Standard,Addition,53.7718320000,-1.4239120000
200000,2021-12-10 00:00:00Z,LS26 8QQ,Semi-Detached,Established,Freehold,5,,LOWTHER CRESCENT,SWILLINGTON,LEEDS,LEEDS,WEST YORKSHIRE,Standard,Addition,53.7702490000,-1.4243720000
165000,2022-03-07 00:00:00Z,LS26 8QX,Terraced,Established,Freehold,3,,BURLAND TERRACE,SWILLINGTON,LEEDS,LEEDS,WEST YORKSHIRE,Standard,Addition,53.7718170000,-1.4246250000
265000,2022-01-14 00:00:00Z,LS26 8QP,Semi-Detached,Established,Freehold,63,,NEVILLE GROVE,SWILLINGTON,LEEDS,LEEDS,WEST YORKSHIRE,Standard,Addition,53.7721350000,-1.4214500000
