60000,1995-03-10 00:00:00Z,LS15 0DU,Semi-Detached,Established,Freehold,42,,OAK ROAD,LEEDS,LEEDS,LEEDS,WEST YORKSHIRE,Standard,Addition,53.7964610000,-1.4757110000
75000,1995-03-17 00:00:00Z,LS15 0LL,Semi-Detached,Established,Freehold,16,,PLANTATION AVENUE,LEEDS,LEEDS,LEEDS,WEST YORKSHIRE,Standard,Addition,53.7921600000,-1.4700690000
86000,1995-10-09 00:00:00Z,LS15 0DR,Semi-Detached,Established,Freehold,72,,TEMPLENEWSAM ROAD,LEEDS,LEEDS,LEEDS,WEST YORKSHIRE,Standard,Addition,53.7942450000,-1.4720190000
46995,1995-01-06 00:00:00Z,LS15 0EA,Semi-Detached,Established,Freehold,37,,PORTAGE CRESCENT,LEEDS,LEEDS,LEEDS,WEST YORKSHIRE,Standard,Addition,53.7950930000,-1.4769090000
51000,1995-10-27 00:00:00Z,LS15 7HR,Semi-Detached,Established,Freehold,16,,PRIMROSE LANE,HALTON,LEEDS,LEEDS,WEST YORKSHIRE,Standard,Addition,53.7964010000,-1.4722510000
44000,1995-08-31 00:00:00Z,LS15 0LX,Semi-Detached,Established,Freehold,5,,BROADWAY,LEEDS,LEEDS,LEEDS,WEST YORKSHIRE,Standard,Addition,53.7925010000,-1.4739660000
54000,1995-06-23 00:00:00Z,LS15 0LX,Semi-Detached,Established,Freehold,5,,BROADWAY,LEEDS,LEEDS,LEEDS,WEST YORKSHIRE,Standard,Addition,53.7925010000,-1.4739660000
50500,1995-08-03 00:00:00Z,LS15 7JB,Semi-Detached,Established,Freehold,8,,PRIMROSE GARTH,LEEDS,LEEDS,LEEDS,WEST YORKSHIRE,Standard,Addition,53.7971500000,-1.4703250000
32000,1995-01-20 00:00:00Z,LS15 7JQ,Terraced,Established,Freehold,18,,WILLOW WELL ROAD,LEEDS,LEEDS,LEEDS,WEST YORKSHIRE,Standard,Addition,53.7983130000,-1.4753350000
55000,1995-11-10 00:00:00Z,LS15 0EA,Semi-Detached,Established,Freehold,25,,PORTAGE CRESCENT,LEEDS,LEEDS,LEEDS,WEST YORKSHIRE,Standard,Addition,53.7950930000,-1.4769090000
34950,1995-05-09 00:00:00Z,LS15 0DP,Flats/Maisonettes,Established,Leasehold,15,,TEMPLE COURT,LEEDS,LEEDS,LEEDS,WEST YORKSHIRE,Standard,Addition,53.7949940000,-1.4706100000
39500,1995-12-21 00:00:00Z,LS15 0LU,Semi-Detached,Established,Freehold,25,,ALEXANDER AVENUE,LEEDS,LEEDS,LEEDS,WEST YORKSHIRE,Standard,Addition,53.7937150000,-1.4740870000
21000,1995-12-29 00:00:00Z,LS15 7HZ,Semi-Detached,Established,Freehold,65,,MORRITT DRIVE,LEEDS,LEEDS,LEEDS,WEST YORKSHIRE,Standard,Addition,53.7975810000,-1.4723080000
28500,1995-12-19 00:00:00Z,LS15 0BN,Semi-Detached,Established,Freehold,79,,CORONATION PARADE,LEEDS,LEEDS,LEEDS,WEST YORKSHIRE,Standard,Addition,53.7928690000,-1.4799570000
40000,1995-12-17 00:00:00Z,LS15 0LX,Semi-Detached,Established,Freehold,30,,BROADWAY,LEEDS,LEEDS,LEEDS,WEST YORKSHIRE,Standard,Addition,53.7925010000,-1.4739660000
56500,1995-05-26 00:00:00Z,LS15 0LU,Semi-Detached,Established,Freehold,20,,ALEXANDER AVENUE,LEEDS,LEEDS,LEEDS,WEST YORKSHIRE,Standard,Addition,53.7937150000,-1.4740870000
30500,1995-09-08 00:00:00Z,LS15 0EN,Semi-Detached,Established,Freehold,16,,BOWLAND CLOSE,LEEDS,LEEDS,LEEDS,WEST YORKSHIRE,Standard,Addition,53.7951420000,-1.4798680000
32500,1995-04-13 00:00:00Z,LS15 0DP,Flats/Maisonettes,Established,Leasehold,5,,TEMPLE COURT,LEEDS,LEEDS,LEEDS,WEST YORKSHIRE,Standard,Addition,53.7949940000,-1.4706100000
33500,1995-11-24 00:00:00Z,LS15 0NT,Semi-Detached,Established,Freehold,7,,WESTMINSTER CRESCENT,LEEDS,LEEDS,LEEDS,WEST YORKSHIRE,Standard,Addition,53.7931720000,-1.4793460000
55000,1995-07-26 00:00:00Z,LS15 0DU,Semi-Detached,Established,Freehold,42,,OAK ROAD,LEEDS,LEEDS,LEEDS,WEST YORKSHIRE,Standard,Addition,53.7964610000,-1.4757110000
38000,1995-02-15 00:00:00Z,LS15 0LT,Semi-Detached,Established,Freehold,2,,LOMBARD STREET,LEEDS,LEEDS,LEEDS,WEST YORKSHIRE,Standard,Addition,53.7930840000,-1.4758260000
45500,1995-07-12 00:00:00Z,LS15 0LU,Semi-Detached,Established,Freehold,10,,ALEXANDER AVENUE,LEEDS,LEEDS,LEEDS,WEST YORKSHIRE,Standard,Addition,53.7937150000,-1.4740870000
48000,1995-10-27 00:00:00Z,LS15 0LU,Semi-Detached,Established,Freehold,9,,ALEXANDER AVENUE,LEEDS,LEEDS,LEEDS,WEST YORKSHIRE,Standard,Addition,53.7937150000,-1.4740870000
38000,1996-02-16 00:00:00Z,LS15 7JJ,Semi-Detached,Established,Freehold,23,,WILLIAM VIEW,LEEDS,LEEDS,LEEDS,WEST YORKSHIRE,Standard,Addition,53.7993060000,-1.4783140000
44000,1996-10-10 00:00:00Z,LS15 0LY,Detached,Established,Freehold,23,,HOWARD AVENUE,LEEDS,LEEDS,LEEDS,WEST YORKSHIRE,Standard,Addition,53.7928230000,-1.4737190000
8250,1996-12-31 00:00:00Z,LS15 0NX,Semi-Detached,Established,Freehold,39,,WESTMINSTER CRESCENT,LEEDS,LEEDS,LEEDS,WEST YORKSHIRE,Standard,Addition,53.7918150000,-1.4778940000
47000,1996-11-29 00:00:00Z,LS15 0LX,Semi-Detached,Established,Freehold,5,,BROADWAY,LEEDS,LEEDS,LEEDS,WEST YORKSHIRE,Standard,Addition,53.7925010000,-1.4739660000
77000,1996-05-31 00:00:00Z,LS15 0LW,Detached,Established,Freehold,38,,TEMPLENEWSAM VIEW,LEEDS,LEEDS,LEEDS,WEST YORKSHIRE,Standard,Addition,53.7919670000,-1.4730920000
44500,1996-03-27 00:00:00Z,LS15 7JL,Semi-Detached,Established,Freehold,89,,SELBY ROAD,LEEDS,LEEDS,LEEDS,WEST YORKSHIRE,Standard,Addition,53.7992570000,-1.4794080000
40000,1996-12-06 00:00:00Z,LS15 0DU,Semi-Detached,Established,Freehold,50,,OAK ROAD,LEEDS,LEEDS,LEEDS,WEST YORKSHIRE,Standard,Addition,53.7964610000,-1.4757110000
52000,1996-07-10 00:00:00Z,LS15 0LZ,Semi-Detached,Established,Freehold,5,,HOWARD AVENUE,LEEDS,LEEDS,LEEDS,WEST YORKSHIRE,Standard,Addition,53.7933600000,-1.4750780000
46000,1996-12-06 00:00:00Z,LS15 0DS,Semi-Detached,Established,Freehold,11,,OAK CRESCENT,LEEDS,LEEDS,LEEDS,WEST YORKSHIRE,Standard,Addition,53.7946520000,-1.4725420000
30000,1996-10-02 00:00:00Z,LS15 0DP,Flats/Maisonettes,Established,Leasehold,6,,TEMPLE COURT,LEEDS,LEEDS,LEEDS,WEST YORKSHIRE,Standard,Addition,53.7949940000,-1.4706100000
71000,1996-12-06 00:00:00Z,LS15 0LL,Semi-Detached,Established,Freehold,16,,PLANTATION AVENUE,LEEDS,LEEDS,LEEDS,WEST YORKSHIRE,Standard,Addition,53.7921600000,-1.4700690000
48000,1996-08-30 00:00:00Z,LS15 0EA,Semi-Detached,Established,Freehold,12,,PORTAGE CRESCENT,LEEDS,LEEDS,LEEDS,WEST YORKSHIRE,Standard,Addition,53.7950930000,-1.4769090000
48000,1996-07-31 00:00:00Z,LS15 0LS,Semi-Detached,Established,Freehold,6,,SHERBROOKE AVENUE,LEEDS,LEEDS,LEEDS,WEST YORKSHIRE,Standard,Addition,53.7946570000,-1.4758510000
29450,1996-10-18 00:00:00Z,LS15 7JA,Flats/Maisonettes,New Build,Leasehold,103,,MORRITT DRIVE,LEEDS,LEEDS,LEEDS,WEST YORKSHIRE,Standard,Addition,53.7985240000,-1.4741790000
39000,1996-10-31 00:00:00Z,LS15 7JQ,Semi-Detached,Established,Freehold,16,,WILLOW WELL ROAD,LEEDS,LEEDS,LEEDS,WEST YORKSHIRE,Standard,Addition,53.7983130000,-1.4753350000
27500,1996-12-13 00:00:00Z,LS15 0ED,Semi-Detached,Established,Freehold,5,,WILLOW CRESCENT,LEEDS,LEEDS,LEEDS,WEST YORKSHIRE,Standard,Addition,53.7960180000,-1.4767150000
58900,1996-10-18 00:00:00Z,LS15 7JA,Terraced,Established,Freehold,103,,MORRITT DRIVE,LEEDS,LEEDS,LEEDS,WEST YORKSHIRE,Standard,Addition,53.7985240000,-1.4741790000
37500,1996-08-01 00:00:00Z,LS15 0ED,Semi-Detached,Established,Freehold,26,,WILLOW CRESCENT,LEEDS,LEEDS,LEEDS,WEST YORKSHIRE,Standard,Addition,53.7960180000,-1.4767150000
45000,1996-05-17 00:00:00Z,LS15 7HZ,Semi-Detached,Established,Freehold,65,,MORRITT DRIVE,LEEDS,LEEDS,LEEDS,WEST YORKSHIRE,Standard,Addition,53.7975810000,-1.4723080000
30000,1996-11-22 00:00:00Z,LS15 0DP,Flats/Maisonettes,Established,Leasehold,2,,TEMPLE COURT,LEEDS,LEEDS,LEEDS,WEST YORKSHIRE,Standard,Addition,53.7949940000,-1.4706100000
52500,1996-01-12 00:00:00Z,LS15 7HT,Terraced,Established,Freehold,177,,SELBY ROAD,LEEDS,LEEDS,LEEDS,WEST YORKSHIRE,Standard,Addition,53.7970200000,-1.4734540000
41995,1996-03-21 00:00:00Z,LS15 0EA,Semi-Detached,Established,Freehold,35,,PORTAGE CRESCENT,LEEDS,LEEDS,LEEDS,WEST YORKSHIRE,Standard,Addition,53.7950930000,-1.4769090000
52000,1996-11-29 00:00:00Z,LS15 0LU,Semi-Detached,Established,Freehold,16,,ALEXANDER AVENUE,LEEDS,LEEDS,LEEDS,WEST YORKSHIRE,Standard,Addition,53.7937150000,-1.4740870000
51750,1996-04-12 00:00:00Z,LS15 0DT,Semi-Detached,Established,Freehold,3,,MOOR AVENUE,LEEDS,LEEDS,LEEDS,WEST YORKSHIRE,Standard,Addition,53.7948920000,-1.4740120000
53000,1996-07-03 00:00:00Z,LS15 0DR,Semi-Detached,Established,Freehold,66,,TEMPLENEWSAM ROAD,LEEDS,LEEDS,LEEDS,WEST YORKSHIRE,Standard,Addition,53.7942450000,-1.4720190000
55000,1996-06-28 00:00:00Z,LS15 0DY,Semi-Detached,Established,Freehold,31,,PORTAGE AVENUE,LEEDS,LEEDS,LEEDS,WEST YORKSHIRE,Standard,Addition,53.7959680000,-1.4755010000
43000,1996-12-04 00:00:00Z,LS15 7JQ,Semi-Detached,Established,Freehold,6,,WILLOW WELL ROAD,LEEDS,LEEDS,LEEDS,WEST YORKSHIRE,Standard,Addition,53.7983130000,-1.4753350000
36000,1996-04-04 00:00:00Z,LS15 0DY,Semi-Detached,Established,Freehold,19,,PORTAGE AVENUE,LEEDS,LEEDS,LEEDS,WEST YORKSHIRE,Standard,Addition,53.7959680000,-1.4755010000
34000,1996-02-16 00:00:00Z,LS15 0DP,Flats/Maisonettes,Established,Leasehold,14,,TEMPLE COURT,LEEDS,LEEDS,LEEDS,WEST YORKSHIRE,Standard,Addition,53.7949940000,-1.4706100000
35000,1996-09-26 00:00:00Z,LS15 0DX,Semi-Detached,Established,Freehold,28,,TEMPLENEWSAM ROAD,LEEDS,LEEDS,LEEDS,WEST YORKSHIRE,Standard,Addition,53.7963290000,-1.4742400000
67000,1996-01-05 00:00:00Z,LS15 0LY,Semi-Detached,Established,Freehold,26,,HOWARD AVENUE,LEEDS,LEEDS,LEEDS,WEST YORKSHIRE,Standard,Addition,53.7928230000,-1.4737190000
47000,1997-07-25 00:00:00Z,LS15 7JB,Semi-Detached,Established,Freehold,4,,PRIMROSE GARTH,LEEDS,LEEDS,LEEDS,WEST YORKSHIRE,Standard,Addition,53.7971500000,-1.4703250000
53000,1997-08-06 00:00:00Z,LS15 7HT,Terraced,Established,Freehold,183,,SELBY ROAD,LEEDS,LEEDS,LEEDS,WEST YORKSHIRE,Standard,Addition,53.7970200000,-1.4734540000
38500,1997-06-27 00:00:00Z,LS15 0LT,Semi-Detached,Established,Freehold,13,,LOMBARD STREET,LEEDS,LEEDS,LEEDS,WEST YORKSHIRE,Standard,Addition,53.7930840000,-1.4758260000
51000,1997-10-31 00:00:00Z,LS15 7HZ,Terraced,Established,Freehold,43,,MORRITT DRIVE,LEEDS,LEEDS,LEEDS,WEST YORKSHIRE,Standard,Addition,53.7975810000,-1.4723080000
46000,1997-01-13 00:00:00Z,LS15 0DY,Semi-Detached,Established,Freehold,34,,PORTAGE AVENUE,LEEDS,LEEDS,LEEDS,WEST YORKSHIRE,Standard,Addition,53.7959680000,-1.4755010000
57500,1997-09-12 00:00:00Z,LS15 0LL,Semi-Detached,Established,Freehold,14,,PLANTATION AVENUE,LEEDS,LEEDS,LEEDS,WEST YORKSHIRE,Standard,Addition,53.7921600000,-1.4700690000
35500,1997-06-27 00:00:00Z,LS15 0LT,Semi-Detached,Established,Freehold,6,,LOMBARD STREET,LEEDS,LEEDS,LEEDS,WEST YORKSHIRE,Standard,Addition,53.7930840000,-1.4758260000
53000,1997-05-12 00:00:00Z,LS15 0DX,Semi-Detached,Established,Freehold,12,,TEMPLENEWSAM ROAD,LEEDS,LEEDS,LEEDS,WEST YORKSHIRE,Standard,Addition,53.7963290000,-1.4742400000
46500,1997-11-28 00:00:00Z,LS15 0LT,Semi-Detached,Established,Freehold,48,,LOMBARD STREET,LEEDS,LEEDS,LEEDS,WEST YORKSHIRE,Standard,Addition,53.7930840000,-1.4758260000
51500,1997-02-14 00:00:00Z,LS15 0LY,Semi-Detached,Established,Freehold,16,,HOWARD AVENUE,LEEDS,LEEDS,LEEDS,WEST YORKSHIRE,Standard,Addition,53.7928230000,-1.4737190000
20000,1997-04-23 00:00:00Z,LS15 7JQ,Terraced,Established,Freehold,3,,WILLOW WELL ROAD,LEEDS,LEEDS,LEEDS,WEST YORKSHIRE,Standard,Addition,53.7983130000,-1.4753350000
79995,1997-06-19 00:00:00Z,LS15 0LW,Detached,Established,Freehold,22,,TEMPLENEWSAM VIEW,LEEDS,LEEDS,LEEDS,WEST YORKSHIRE,Standard,Addition,53.7919670000,-1.4730920000
59995,1997-08-04 00:00:00Z,LS15 7JA,Terraced,Established,Freehold,91,,MORRITT DRIVE,LEEDS,LEEDS,LEEDS,WEST YORKSHIRE,Standard,Addition,53.7985240000,-1.4741790000
48000,1997-03-10 00:00:00Z,LS15 7JB,Semi-Detached,Established,Freehold,5,,PRIMROSE GARTH,LEEDS,LEEDS,LEEDS,WEST YORKSHIRE,Standard,Addition,53.7971500000,-1.4703250000
54500,1997-07-31 00:00:00Z,LS15 0LX,Semi-Detached,Established,Freehold,7,,BROADWAY,LEEDS,LEEDS,LEEDS,WEST YORKSHIRE,Standard,Addition,53.7925010000,-1.4739660000
35000,1997-10-17 00:00:00Z,LS15 7JN,Semi-Detached,Established,Freehold,10,,WILLIAM RISE,LEEDS,LEEDS,LEEDS,WEST YORKSHIRE,Standard,Addition,53.7997320000,-1.4792040000
56000,1997-05-23 00:00:00Z,LS15 0LU,Semi-Detached,Established,Freehold,22,,ALEXANDER AVENUE,LEEDS,LEEDS,LEEDS,WEST YORKSHIRE,Standard,Addition,53.7937150000,-1.4740870000
45000,1997-11-14 00:00:00Z,LS15 0LL,Semi-Detached,Established,Freehold,11,,PLANTATION AVENUE,LEEDS,LEEDS,LEEDS,WEST YORKSHIRE,Standard,Addition,53.7921600000,-1.4700690000
89995,1997-07-24 00:00:00Z,LS15 0LW,Detached,Established,Freehold,24,,TEMPLENEWSAM VIEW,LEEDS,LEEDS,LEEDS,WEST YORKSHIRE,Standard,Addition,53.7919670000,-1.4730920000
51500,1997-01-31 00:00:00Z,LS15 0LR,Semi-Detached,Established,Freehold,15,,SHERBROOKE AVENUE,LEEDS,LEEDS,LEEDS,WEST YORKSHIRE,Standard,Addition,53.7941120000,-1.4745680000
43000,1997-06-27 00:00:00Z,LS15 7JN,Semi-Detached,Established,Freehold,19,,WILLIAM RISE,LEEDS,LEEDS,LEEDS,WEST YORKSHIRE,Standard,Addition,53.7997320000,-1.4792040000
76000,1997-07-25 00:00:00Z,LS15 0LX,Semi-Detached,Established,Freehold,2,,BROADWAY,LEEDS,LEEDS,LEEDS,WEST YORKSHIRE,Standard,Addition,53.7925010000,-1.4739660000
52200,1997-06-13 00:00:00Z,LS15 0DX,Semi-Detached,Established,Freehold,20,,TEMPLENEWSAM ROAD,,LEEDS,LEEDS,WEST YORKSHIRE,Standard,Addition,53.7963290000,-1.4742400000
56000,1997-03-27 00:00:00Z,LS15 0DX,Semi-Detached,Established,Freehold,40,,TEMPLENEWSAM ROAD,LEEDS,LEEDS,LEEDS,WEST YORKSHIRE,Standard,Addition,53.7963290000,-1.4742400000
39000,1997-07-11 00:00:00Z,LS15 7JL,Semi-Detached,Established,Freehold,85,,SELBY ROAD,LEEDS,LEEDS,LEEDS,WEST YORKSHIRE,Standard,Addition,53.7992570000,-1.4794080000
42500,1997-08-22 00:00:00Z,LS15 0ED,Semi-Detached,Established,Freehold,9,,WILLOW CRESCENT,LEEDS,LEEDS,LEEDS,WEST YORKSHIRE,Standard,Addition,53.7960180000,-1.4767150000
21000,1997-07-25 00:00:00Z,LS15 0NS,Semi-Detached,Established,Freehold,35,,RATHMELL ROAD,LEEDS,LEEDS,LEEDS,WEST YORKSHIRE,Standard,Addition,53.7937120000,-1.4779310000
52995,1997-03-21 00:00:00Z,LS15 0LX,Semi-Detached,Established,Freehold,16,,BROADWAY,LEEDS,LEEDS,LEEDS,WEST YORKSHIRE,Standard,Addition,53.7925010000,-1.4739660000
35000,1997-04-18 00:00:00Z,LS15 7JG,Semi-Detached,Established,Freehold,127,,SELBY ROAD,LEEDS,LEEDS,LEEDS,WEST YORKSHIRE,Standard,Addition,53.7983010000,-1.4766110000
90000,1997-11-07 00:00:00Z,LS15 0LW,Detached,Established,Freehold,34,,TEMPLENEWSAM VIEW,LEEDS,LEEDS,LEEDS,WEST YORKSHIRE,Standard,Addition,53.7919670000,-1.4730920000
48000,1997-08-22 00:00:00Z,LS15 0DW,Terraced,Established,Freehold,9,,IRWIN APPROACH,,LEEDS,LEEDS,WEST YORKSHIRE,Standard,Addition,53.7955510000,-1.4706330000
3750,1997-08-06 00:00:00Z,LS15 0NX,Semi-Detached,Established,Freehold,39,,WESTMINSTER CRESCENT,,LEEDS,LEEDS,WEST YORKSHIRE,Standard,Addition,53.7918150000,-1.4778940000
15000,1997-05-02 00:00:00Z,LS15 0NS,Semi-Detached,Established,Freehold,15,,RATHMELL ROAD,LEEDS,LEEDS,LEEDS,WEST YORKSHIRE,Standard,Addition,53.7937120000,-1.4779310000
45000,1997-10-03 00:00:00Z,LS15 0LX,Semi-Detached,Established,Freehold,14,,BROADWAY,LEEDS,LEEDS,LEEDS,WEST YORKSHIRE,Standard,Addition,53.7925010000,-1.4739660000
36500,1997-02-07 00:00:00Z,LS15 7JJ,Semi-Detached,Established,Freehold,10,,WILLIAM VIEW,LEEDS,LEEDS,LEEDS,WEST YORKSHIRE,Standard,Addition,53.7993060000,-1.4783140000
40000,1997-11-07 00:00:00Z,LS15 7JQ,Semi-Detached,Established,Freehold,10,,WILLOW WELL ROAD,LEEDS,LEEDS,LEEDS,WEST YORKSHIRE,Standard,Addition,53.7983130000,-1.4753350000
20480,1997-07-28 00:00:00Z,LS15 7HS,Semi-Detached,Established,Freehold,23,,PRIMROSE LANE,HALTON,LEEDS,LEEDS,WEST YORKSHIRE,Standard,Addition,53.7974470000,-1.4705490000
47500,1997-11-28 00:00:00Z,LS15 0LU,Semi-Detached,Established,Freehold,30,,ALEXANDER AVENUE,LEEDS,LEEDS,LEEDS,WEST YORKSHIRE,Standard,Addition,53.7937150000,-1.4740870000
50500,1997-08-22 00:00:00Z,LS15 0LX,Semi-Detached,Established,Freehold,27,,BROADWAY,LEEDS,LEEDS,LEEDS,WEST YORKSHIRE,Standard,Addition,53.7925010000,-1.4739660000
69000,1997-11-17 00:00:00Z,LS15 0DR,Detached,Established,Freehold,86,,TEMPLENEWSAM ROAD,LEEDS,LEEDS,LEEDS,WEST YORKSHIRE,Standard,Addition,53.7942450000,-1.4720190000
53000,1997-05-02 00:00:00Z,LS15 7JG,Semi-Detached,Established,Freehold,143A,,SELBY ROAD,LEEDS,LEEDS,LEEDS,WEST YORKSHIRE,Standard,Addition,53.7983010000,-1.4766110000
47500,1997-11-14 00:00:00Z,LS15 7JB,Semi-Detached,Established,Freehold,8,,PRIMROSE GARTH,LEEDS,LEEDS,LEEDS,WEST YORKSHIRE,Standard,Addition,53.7971500000,-1.4703250000
78000,1997-07-25 00:00:00Z,LS15 0LW,Detached,Established,Freehold,44,,TEMPLENEWSAM VIEW,LEEDS,LEEDS,LEEDS,WEST YORKSHIRE,Standard,Addition,53.7919670000,-1.4730920000
34000,1997-11-07 00:00:00Z,LS15 7JQ,Terraced,Established,Freehold,3,,WILLOW WELL ROAD,LEEDS,LEEDS,LEEDS,WEST YORKSHIRE,Standard,Addition,53.7983130000,-1.4753350000
47000,1997-08-27 00:00:00Z,LS15 7JL,Semi-Detached,Established,Freehold,93,,SELBY ROAD,LEEDS,LEEDS,LEEDS,WEST YORKSHIRE,Standard,Addition,53.7992570000,-1.4794080000
38000,1997-09-19 00:00:00Z,LS15 0LY,Semi-Detached,Established,Freehold,11,,HOWARD AVENUE,LEEDS,LEEDS,LEEDS,WEST YORKSHIRE,Standard,Addition,53.7928230000,-1.4737190000
29000,1997-07-28 00:00:00Z,LS15 7JJ,Semi-Detached,Established,Freehold,17,,WILLIAM VIEW,LEEDS,LEEDS,LEEDS,WEST YORKSHIRE,Standard,Addition,53.7993060000,-1.4783140000
36500,1997-11-17 00:00:00Z,LS15 7HU,Semi-Detached,Established,Freehold,9,,MORRITT GROVE,LEEDS,LEEDS,LEEDS,WEST YORKSHIRE,Standard,Addition,53.7970590000,-1.4721020000
38000,1997-08-22 00:00:00Z,LS15 0DW,Terraced,Established,Freehold,7A,,IRWIN APPROACH,,LEEDS,LEEDS,WEST YORKSHIRE,Standard,Addition,53.7955510000,-1.4706330000
45000,1997-10-27 00:00:00Z,LS15 0ED,Semi-Detached,Established,Freehold,5,,WILLOW CRESCENT,LEEDS,LEEDS,LEEDS,WEST YORKSHIRE,Standard,Addition,53.7960180000,-1.4767150000
39500,1997-11-03 00:00:00Z,LS15 7JJ,Semi-Detached,Established,Freehold,17,,WILLIAM VIEW,LEEDS,LEEDS,LEEDS,WEST YORKSHIRE,Standard,Addition,53.7993060000,-1.4783140000
10000,1997-08-08 00:00:00Z,LS15 0AL,Semi-Detached,Established,Freehold,16,,COTTERDALE VIEW,LEEDS,LEEDS,LEEDS,WEST YORKSHIRE,Standard,Addition,53.7912730000,-1.4787350000
55000,1997-11-28 00:00:00Z,LS15 0LT,Semi-Detached,Established,Freehold,16,,LOMBARD STREET,LEEDS,LEEDS,LEEDS,WEST YORKSHIRE,Standard,Addition,53.7930840000,-1.4758260000
43000,1997-12-08 00:00:00Z,LS15 7JG,Semi-Detached,Established,Freehold,133,,SELBY ROAD,LEEDS,LEEDS,LEEDS,WEST YORKSHIRE,Standard,Addition,53.7983010000,-1.4766110000
67000,1997-03-18 00:00:00Z,LS15 0LY,Semi-Detached,Established,Freehold,26,,HOWARD AVENUE,LEEDS,LEEDS,LEEDS,WEST YORKSHIRE,Standard,Addition,53.7928230000,-1.4737190000
59995,1998-06-15 00:00:00Z,LS15 0LT,Semi-Detached,Established,Freehold,28,,LOMBARD STREET,LEEDS,LEEDS,LEEDS,WEST YORKSHIRE,Standard,Addition,53.7930840000,-1.4758260000
40000,1998-05-28 00:00:00Z,LS15 0NA,Flats/Maisonettes,Established,Leasehold,6,,HOWARD COURT,LEEDS,LEEDS,LEEDS,WEST YORKSHIRE,Standard,Addition,53.7926110000,-1.4744960000
52750,1998-05-29 00:00:00Z,LS15 0LX,Semi-Detached,Established,Freehold,5,,BROADWAY,LEEDS,LEEDS,LEEDS,WEST YORKSHIRE,Standard,Addition,53.7925010000,-1.4739660000
40000,1998-05-08 00:00:00Z,LS15 0LX,Semi-Detached,Established,Freehold,29,,BROADWAY,LEEDS,LEEDS,LEEDS,WEST YORKSHIRE,Standard,Addition,53.7925010000,-1.4739660000
32500,1998-11-10 00:00:00Z,LS15 0NT,Semi-Detached,Established,Freehold,15,,,CHARTERIS ROAD,LEEDS,LEEDS,WEST YORKSHIRE,Standard,Addition,53.7931720000,-1.4793460000
72500,1998-09-23 00:00:00Z,LS15 0LY,Semi-Detached,Established,Freehold,26,,HOWARD AVENUE,LEEDS,LEEDS,LEEDS,WEST YORKSHIRE,Standard,Addition,53.7928230000,-1.4737190000
57500,1998-02-09 00:00:00Z,LS15 0LT,Semi-Detached,Established,Freehold,18,,LOMBARD STREET,LEEDS,LEEDS,LEEDS,WEST YORKSHIRE,Standard,Addition,53.7930840000,-1.4758260000
31100,1998-05-22 00:00:00Z,LS15 7JG,Terraced,Established,Freehold,147,,SELBY ROAD,LEEDS,LEEDS,LEEDS,WEST YORKSHIRE,Standard,Addition,53.7983010000,-1.4766110000
44175,1998-03-20 00:00:00Z,LS15 0DU,Semi-Detached,Established,Freehold,8,,OAK ROAD,LEEDS,LEEDS,LEEDS,WEST YORKSHIRE,Standard,Addition,53.7964610000,-1.4757110000
64500,1998-05-15 00:00:00Z,LS15 0LL,Semi-Detached,Established,Freehold,8,,PLANTATION AVENUE,LEEDS,LEEDS,LEEDS,WEST YORKSHIRE,Standard,Addition,53.7921600000,-1.4700690000
51995,1998-09-30 00:00:00Z,LS15 7JL,Semi-Detached,Established,Freehold,91,,SELBY ROAD,LEEDS,LEEDS,LEEDS,WEST YORKSHIRE,Standard,Addition,53.7992570000,-1.4794080000
64000,1998-06-30 00:00:00Z,LS15 0DR,Semi-Detached,Established,Freehold,68,,TEMPLENEWSAM ROAD,LEEDS,LEEDS,LEEDS,WEST YORKSHIRE,Standard,Addition,53.7942450000,-1.4720190000
45000,1998-12-18 00:00:00Z,LS15 7JJ,Semi-Detached,Established,Freehold,11,,WILLIAM VIEW,LEEDS,LEEDS,LEEDS,WEST YORKSHIRE,Standard,Addition,53.7993060000,-1.4783140000
30000,1998-10-09 00:00:00Z,LS15 0NT,Semi-Detached,Established,Freehold,7,,WESTMINSTER CRESCENT,LEEDS,LEEDS,LEEDS,WEST YORKSHIRE,Standard,Addition,53.7931720000,-1.4793460000
46000,1998-04-16 00:00:00Z,LS15 7HZ,Terraced,Established,Freehold,39,,MORRITT DRIVE,LEEDS,LEEDS,LEEDS,WEST YORKSHIRE,Standard,Addition,53.7975810000,-1.4723080000
49995,1998-06-08 00:00:00Z,LS15 0EA,Semi-Detached,Established,Freehold,10,,PORTAGE CRESCENT,LEEDS,LEEDS,LEEDS,WEST YORKSHIRE,Standard,Addition,53.7950930000,-1.4769090000
45000,1998-08-28 00:00:00Z,LS15 0LS,Semi-Detached,Established,Freehold,56,,SHERBROOKE AVENUE,LEEDS,LEEDS,LEEDS,WEST YORKSHIRE,Standard,Addition,53.7946570000,-1.4758510000
55000,1998-07-14 00:00:00Z,LS15 0LT,Semi-Detached,Established,Freehold,14,,LOMBARD STREET,LEEDS,LEEDS,LEEDS,WEST YORKSHIRE,Standard,Addition,53.7930840000,-1.4758260000
41000,1998-11-06 00:00:00Z,LS15 7JQ,Terraced,Established,Freehold,4,,WILLOW WELL ROAD,LEEDS,LEEDS,LEEDS,WEST YORKSHIRE,Standard,Addition,53.7983130000,-1.4753350000
46500,1998-09-18 00:00:00Z,LS15 0LY,Detached,Established,Freehold,24,,HOWARD AVENUE,LEEDS,LEEDS,LEEDS,WEST YORKSHIRE,Standard,Addition,53.7928230000,-1.4737190000
44500,1998-06-05 00:00:00Z,LS15 7JQ,Semi-Detached,Established,Freehold,14,,WILLOW WELL ROAD,LEEDS,LEEDS,LEEDS,WEST YORKSHIRE,Standard,Addition,53.7983130000,-1.4753350000
42500,1998-09-25 00:00:00Z,LS15 0LT,Semi-Detached,Established,Freehold,46,,LOMBARD STREET,LEEDS,LEEDS,LEEDS,WEST YORKSHIRE,Standard,Addition,53.7930840000,-1.4758260000
59000,1998-03-31 00:00:00Z,LS15 0LX,Semi-Detached,Established,Freehold,37,,BROADWAY,LEEDS,LEEDS,LEEDS,WEST YORKSHIRE,Standard,Addition,53.7925010000,-1.4739660000
54500,1998-11-27 00:00:00Z,LS15 0LT,Semi-Detached,Established,Freehold,34,,LOMBARD STREET,LEEDS,LEEDS,LEEDS,WEST YORKSHIRE,Standard,Addition,53.7930840000,-1.4758260000
36000,1998-02-12 00:00:00Z,LS15 0DP,Flats/Maisonettes,Established,Leasehold,30,,TEMPLE COURT,LEEDS,LEEDS,LEEDS,WEST YORKSHIRE,Standard,Addition,53.7949940000,-1.4706100000
59995,1998-12-11 00:00:00Z,LS15 7HZ,Terraced,Established,Freehold,15,,MORRITT DRIVE,LEEDS,LEEDS,LEEDS,WEST YORKSHIRE,Standard,Addition,53.7975810000,-1.4723080000
29500,1998-05-26 00:00:00Z,LS15 7JL,Semi-Detached,Established,Freehold,91,,SELBY ROAD,LEEDS,LEEDS,LEEDS,WEST YORKSHIRE,Standard,Addition,53.7992570000,-1.4794080000
49000,1999-09-17 00:00:00Z,LS15 7JA,Terraced,Established,Freehold,95,,MORRITT DRIVE,,LEEDS,LEEDS,WEST YORKSHIRE,Standard,Addition,53.7985240000,-1.4741790000
59000,1999-05-14 00:00:00Z,LS15 0LS,Semi-Detached,Established,Freehold,38,,SHERBROOKE AVENUE,,LEEDS,LEEDS,WEST YORKSHIRE,Standard,Addition,53.7946570000,-1.4758510000
59500,1999-11-19 00:00:00Z,LS15 0LT,Semi-Detached,Established,Freehold,4,,LOMBARD STREET,,LEEDS,LEEDS,WEST YORKSHIRE,Standard,Addition,53.7930840000,-1.4758260000
46000,1999-07-30 00:00:00Z,LS15 7JN,Semi-Detached,Established,Freehold,29,,WILLIAM RISE,,LEEDS,LEEDS,WEST YORKSHIRE,Standard,Addition,53.7997320000,-1.4792040000
67000,1999-06-30 00:00:00Z,LS15 0DR,Semi-Detached,Established,Freehold,64,,TEMPLENEWSAM ROAD,,LEEDS,LEEDS,WEST YORKSHIRE,Standard,Addition,53.7942450000,-1.4720190000
48000,1999-11-29 00:00:00Z,LS15 7HU,Semi-Detached,Established,Freehold,21,,MORRITT GROVE,,LEEDS,LEEDS,WEST YORKSHIRE,Standard,Addition,53.7970590000,-1.4721020000
53000,1999-07-23 00:00:00Z,LS15 0DY,Semi-Detached,Established,Freehold,9,,PORTAGE AVENUE,,LEEDS,LEEDS,WEST YORKSHIRE,Standard,Addition,53.7959680000,-1.4755010000
54950,1999-10-15 00:00:00Z,LS15 0LT,Semi-Detached,Established,Freehold,25,,LOMBARD STREET,,LEEDS,LEEDS,WEST YORKSHIRE,Standard,Addition,53.7930840000,-1.4758260000
31000,1999-06-23 00:00:00Z,LS15 0DT,Semi-Detached,Established,Freehold,2,,MOOR AVENUE,,LEEDS,LEEDS,WEST YORKSHIRE,Standard,Addition,53.7948920000,-1.4740120000
52000,1999-09-03 00:00:00Z,LS15 0ED,Semi-Detached,Established,Freehold,26,,WILLOW CRESCENT,,LEEDS,LEEDS,WEST YORKSHIRE,Standard,Addition,53.7960180000,-1.4767150000
87000,1999-05-27 00:00:00Z,LS15 0DR,Detached,Established,Freehold,88,,TEMPLENEWSAM ROAD,,LEEDS,LEEDS,WEST YORKSHIRE,Standard,Addition,53.7942450000,-1.4720190000
83000,1999-09-15 00:00:00Z,LS15 0LW,Detached,Established,Freehold,30,,TEMPLENEWSAM VIEW,,LEEDS,LEEDS,WEST YORKSHIRE,Standard,Addition,53.7919670000,-1.4730920000
180000,1999-07-30 00:00:00Z,LS15 0NS,Semi-Detached,Established,Freehold,15,,RATHMELL ROAD,,LEEDS,LEEDS,WEST YORKSHIRE,Standard,Addition,53.7937120000,-1.4779310000
64995,1999-05-14 00:00:00Z,LS15 7HT,Semi-Detached,Established,Freehold,185,,SELBY ROAD,,LEEDS,LEEDS,WEST YORKSHIRE,Standard,Addition,53.7970200000,-1.4734540000
44500,1999-11-30 00:00:00Z,LS15 7JQ,Semi-Detached,Established,Freehold,6,,WILLOW WELL ROAD,,LEEDS,LEEDS,WEST YORKSHIRE,Standard,Addition,53.7983130000,-1.4753350000
47000,1999-06-18 00:00:00Z,LS15 0DY,Detached,Established,Freehold,28,,PORTAGE AVENUE,,LEEDS,LEEDS,WEST YORKSHIRE,Standard,Addition,53.7959680000,-1.4755010000
55000,1999-08-27 00:00:00Z,LS15 7HZ,Terraced,Established,Freehold,39,,MORRITT DRIVE,,LEEDS,LEEDS,WEST YORKSHIRE,Standard,Addition,53.7975810000,-1.4723080000
45000,1999-06-04 00:00:00Z,LS15 7JN,Semi-Detached,Established,Freehold,24,,WILLIAM RISE,,LEEDS,LEEDS,WEST YORKSHIRE,Standard,Addition,53.7997320000,-1.4792040000
45000,1999-07-15 00:00:00Z,LS15 7JN,Detached,Established,Freehold,28,,WILLIAM RISE,,LEEDS,LEEDS,WEST YORKSHIRE,Standard,Addition,53.7997320000,-1.4792040000
42000,1999-03-30 00:00:00Z,LS15 7JJ,Semi-Detached,Established,Freehold,12,,WILLIAM VIEW,,LEEDS,LEEDS,WEST YORKSHIRE,Standard,Addition,53.7993060000,-1.4783140000
36500,1999-07-30 00:00:00Z,LS15 7JG,Terraced,Established,Freehold,149,,SELBY ROAD,,LEEDS,LEEDS,WEST YORKSHIRE,Standard,Addition,53.7983010000,-1.4766110000
90000,1999-10-11 00:00:00Z,LS15 0LW,Detached,Established,Freehold,38,,TEMPLENEWSAM VIEW,,LEEDS,LEEDS,WEST YORKSHIRE,Standard,Addition,53.7919670000,-1.4730920000
48000,1999-09-30 00:00:00Z,LS15 0LZ,Semi-Detached,Established,Freehold,1,,HOWARD AVENUE,,LEEDS,LEEDS,WEST YORKSHIRE,Standard,Addition,53.7933600000,-1.4750780000
37500,1999-07-01 00:00:00Z,LS15 0DP,Semi-Detached,Established,Leasehold,18,,TEMPLE COURT,,LEEDS,LEEDS,WEST YORKSHIRE,Standard,Addition,53.7949940000,-1.4706100000
59995,1999-11-24 00:00:00Z,LS15 0ED,Semi-Detached,Established,Freehold,6,,WILLOW CRESCENT,,LEEDS,LEEDS,WEST YORKSHIRE,Standard,Addition,53.7960180000,-1.4767150000
40000,1999-01-21 00:00:00Z,LS15 0NA,Flats/Maisonettes,Established,Leasehold,4,,HOWARD COURT,,LEEDS,LEEDS,WEST YORKSHIRE,Standard,Addition,53.7926110000,-1.4744960000
68000,1999-08-20 00:00:00Z,LS15 0LU,Semi-Detached,Established,Freehold,2,,ALEXANDER AVENUE,,LEEDS,LEEDS,WEST YORKSHIRE,Standard,Addition,53.7937150000,-1.4740870000
45000,1999-06-25 00:00:00Z,LS15 0DU,Semi-Detached,Established,Freehold,21,,OAK ROAD,,LEEDS,LEEDS,WEST YORKSHIRE,Standard,Addition,53.7964610000,-1.4757110000
46000,1999-06-30 00:00:00Z,LS15 0LT,Semi-Detached,Established,Freehold,40,,LOMBARD STREET,,LEEDS,LEEDS,WEST YORKSHIRE,Standard,Addition,53.7930840000,-1.4758260000
48000,1999-08-12 00:00:00Z,LS15 7JN,Semi-Detached,Established,Freehold,18,,WILLIAM RISE,,LEEDS,LEEDS,WEST YORKSHIRE,Standard,Addition,53.7997320000,-1.4792040000
64000,1999-12-10 00:00:00Z,LS15 0LL,Semi-Detached,Established,Freehold,21,,PLANTATION AVENUE,,LEEDS,LEEDS,WEST YORKSHIRE,Standard,Addition,53.7921600000,-1.4700690000
47000,1999-09-10 00:00:00Z,LS15 0EA,Semi-Detached,Established,Freehold,35,,PORTAGE CRESCENT,,LEEDS,LEEDS,WEST YORKSHIRE,Standard,Addition,53.7950930000,-1.4769090000
36950,1999-04-23 00:00:00Z,LS15 0ED,Semi-Detached,Established,Freehold,14,,WILLOW CRESCENT,,LEEDS,LEEDS,WEST YORKSHIRE,Standard,Addition,53.7960180000,-1.4767150000
43000,1999-03-22 00:00:00Z,LS15 7JQ,Terraced,Established,Freehold,18,,WILLOW WELL ROAD,,LEEDS,LEEDS,WEST YORKSHIRE,Standard,Addition,53.7983130000,-1.4753350000
97000,1999-09-30 00:00:00Z,LS15 0LW,Detached,Established,Freehold,34,,TEMPLENEWSAM VIEW,,LEEDS,LEEDS,WEST YORKSHIRE,Standard,Addition,53.7919670000,-1.4730920000
56500,1999-06-29 00:00:00Z,LS15 0LX,Semi-Detached,Established,Freehold,33,,BROADWAY,,LEEDS,LEEDS,WEST YORKSHIRE,Standard,Addition,53.7925010000,-1.4739660000
73000,1999-06-25 00:00:00Z,LS15 0LX,Detached,Established,Freehold,28,,BROADWAY,,LEEDS,LEEDS,WEST YORKSHIRE,Standard,Addition,53.7925010000,-1.4739660000
48000,1999-04-21 00:00:00Z,LS15 7JN,Semi-Detached,Established,Freehold,8,,WILLIAM RISE,,LEEDS,LEEDS,WEST YORKSHIRE,Standard,Addition,53.7997320000,-1.4792040000
49500,1999-03-19 00:00:00Z,LS15 0LX,Semi-Detached,Established,Freehold,6,,BROADWAY,,LEEDS,LEEDS,WEST YORKSHIRE,Standard,Addition,53.7925010000,-1.4739660000
59995,1999-09-03 00:00:00Z,LS15 0EA,Semi-Detached,Established,Freehold,19,,PORTAGE CRESCENT,,LEEDS,LEEDS,WEST YORKSHIRE,Standard,Addition,53.7950930000,-1.4769090000
53000,1999-10-15 00:00:00Z,LS15 0EA,Semi-Detached,Established,Freehold,8,,PORTAGE CRESCENT,,LEEDS,LEEDS,WEST YORKSHIRE,Standard,Addition,53.7950930000,-1.4769090000
49995,1999-08-27 00:00:00Z,LS15 0LX,Semi-Detached,Established,Freehold,35,,BROADWAY,,LEEDS,LEEDS,WEST YORKSHIRE,Standard,Addition,53.7925010000,-1.4739660000
60000,1999-04-15 00:00:00Z,LS15 0DY,Semi-Detached,Established,Freehold,19,,PORTAGE AVENUE,,LEEDS,LEEDS,WEST YORKSHIRE,Standard,Addition,53.7959680000,-1.4755010000
59500,1999-02-26 00:00:00Z,LS15 0DY,Semi-Detached,Established,Freehold,23,,PORTAGE AVENUE,,LEEDS,LEEDS,WEST YORKSHIRE,Standard,Addition,53.7959680000,-1.4755010000
63950,1999-10-22 00:00:00Z,LS15 0DX,Semi-Detached,Established,Freehold,42,,TEMPLENEWSAM ROAD,,LEEDS,LEEDS,WEST YORKSHIRE,Standard,Addition,53.7963290000,-1.4742400000
60000,1999-03-17 00:00:00Z,LS15 0EA,Semi-Detached,Established,Freehold,11,,PORTAGE CRESCENT,,LEEDS,LEEDS,WEST YORKSHIRE,Standard,Addition,53.7950930000,-1.4769090000
63500,1999-08-25 00:00:00Z,LS15 0DT,Semi-Detached,New Build,Freehold,12,,MOOR AVENUE,,LEEDS,LEEDS,WEST YORKSHIRE,Standard,Addition,53.7948920000,-1.4740120000
35500,1999-05-11 00:00:00Z,LS15 0DP,Semi-Detached,Established,Leasehold,20,,TEMPLE COURT,,LEEDS,LEEDS,WEST YORKSHIRE,Standard,Addition,53.7949940000,-1.4706100000
79000,1999-11-26 00:00:00Z,LS15 0LL,Semi-Detached,Established,Freehold,2,,PLANTATION AVENUE,,LEEDS,LEEDS,WEST YORKSHIRE,Standard,Addition,53.7921600000,-1.4700690000
93500,2000-09-13 00:00:00Z,LS15 0DY,Semi-Detached,Established,Freehold,5,,PORTAGE AVENUE,,LEEDS,LEEDS,WEST YORKSHIRE,Standard,Addition,53.7959680000,-1.4755010000
52100,2000-06-30 00:00:00Z,LS15 0LU,Semi-Detached,Established,Freehold,13,,ALEXANDER AVENUE,,LEEDS,LEEDS,WEST YORKSHIRE,Standard,Addition,53.7937150000,-1.4740870000
66550,2000-10-19 00:00:00Z,LS15 0DT,Semi-Detached,Established,Freehold,3,,MOOR AVENUE,,LEEDS,LEEDS,WEST YORKSHIRE,Standard,Addition,53.7948920000,-1.4740120000
45000,2000-06-16 00:00:00Z,LS15 0DP,Flats/Maisonettes,Established,Leasehold,14,,TEMPLE COURT,,LEEDS,LEEDS,WEST YORKSHIRE,Standard,Addition,53.7949940000,-1.4706100000
66500,2000-07-28 00:00:00Z,LS15 0DT,Semi-Detached,Established,Freehold,11,,MOOR AVENUE,,LEEDS,LEEDS,WEST YORKSHIRE,Standard,Addition,53.7948920000,-1.4740120000
62000,2000-12-01 00:00:00Z,LS15 7JA,Terraced,Established,Freehold,97,,MORRITT DRIVE,,LEEDS,LEEDS,WEST YORKSHIRE,Standard,Addition,53.7985240000,-1.4741790000
37200,2000-03-31 00:00:00Z,LS15 0DP,Flats/Maisonettes,Established,Leasehold,32,,TEMPLE COURT,,LEEDS,LEEDS,WEST YORKSHIRE,Standard,Addition,53.7949940000,-1.4706100000
51500,2000-04-28 00:00:00Z,LS15 0DU,Semi-Detached,Established,Freehold,32,,OAK ROAD,,LEEDS,LEEDS,WEST YORKSHIRE,Standard,Addition,53.7964610000,-1.4757110000
34500,2000-05-23 00:00:00Z,LS15 0NA,Flats/Maisonettes,Established,Leasehold,2,,HOWARD COURT,,LEEDS,LEEDS,WEST YORKSHIRE,Standard,Addition,53.7926110000,-1.4744960000
68500,2000-07-07 00:00:00Z,LS15 0LX,Semi-Detached,Established,Freehold,4,,BROADWAY,,LEEDS,LEEDS,WEST YORKSHIRE,Standard,Addition,53.7925010000,-1.4739660000
37000,2000-02-29 00:00:00Z,LS15 7JG,Semi-Detached,Established,Freehold,121,,SELBY ROAD,,LEEDS,LEEDS,WEST YORKSHIRE,Standard,Addition,53.7983010000,-1.4766110000
62000,2000-04-20 00:00:00Z,LS15 0LT,Semi-Detached,Established,Freehold,16,,LOMBARD STREET,,LEEDS,LEEDS,WEST YORKSHIRE,Standard,Addition,53.7930840000,-1.4758260000
40000,2000-07-26 00:00:00Z,LS15 7JB,Semi-Detached,Established,Freehold,2,,PRIMROSE GARTH,,LEEDS,LEEDS,WEST YORKSHIRE,Standard,Addition,53.7971500000,-1.4703250000
54000,2000-05-31 00:00:00Z,LS15 0ED,Semi-Detached,Established,Freehold,24,,WILLOW CRESCENT,,LEEDS,LEEDS,WEST YORKSHIRE,Standard,Addition,53.7960180000,-1.4767150000
60000,2000-11-07 00:00:00Z,LS15 0LY,Semi-Detached,Established,Freehold,12,,HOWARD AVENUE,,LEEDS,LEEDS,WEST YORKSHIRE,Standard,Addition,53.7928230000,-1.4737190000
59500,2000-12-15 00:00:00Z,LS15 0LL,Semi-Detached,Established,Freehold,7,,PLANTATION AVENUE,,LEEDS,LEEDS,WEST YORKSHIRE,Standard,Addition,53.7921600000,-1.4700690000
64995,2000-07-28 00:00:00Z,LS15 7JN,Semi-Detached,Established,Freehold,15,,WILLIAM RISE,,LEEDS,LEEDS,WEST YORKSHIRE,Standard,Addition,53.7997320000,-1.4792040000
55000,2000-02-18 00:00:00Z,LS15 7JA,Semi-Detached,Established,Freehold,115,,MORRITT DRIVE,,LEEDS,LEEDS,WEST YORKSHIRE,Standard,Addition,53.7985240000,-1.4741790000
129950,2000-11-01 00:00:00Z,LS15 0DR,Detached,Established,Freehold,90,,TEMPLENEWSAM ROAD,,LEEDS,LEEDS,WEST YORKSHIRE,Standard,Addition,53.7942450000,-1.4720190000
68500,2000-06-09 00:00:00Z,LS15 0LY,Semi-Detached,Established,Freehold,15,,HOWARD AVENUE,,LEEDS,LEEDS,WEST YORKSHIRE,Standard,Addition,53.7928230000,-1.4737190000
49000,2000-07-21 00:00:00Z,LS15 7JJ,Semi-Detached,Established,Freehold,15,,WILLIAM VIEW,,LEEDS,LEEDS,WEST YORKSHIRE,Standard,Addition,53.7993060000,-1.4783140000
65000,2000-10-31 00:00:00Z,LS15 0DS,Semi-Detached,Established,Freehold,14,,OAK CRESCENT,,LEEDS,LEEDS,WEST YORKSHIRE,Standard,Addition,53.7946520000,-1.4725420000
64000,2000-08-21 00:00:00Z,LS15 0LT,Semi-Detached,Established,Freehold,7,,LOMBARD STREET,,LEEDS,LEEDS,WEST YORKSHIRE,Standard,Addition,53.7930840000,-1.4758260000
102000,2000-01-28 00:00:00Z,LS15 7HT,Semi-Detached,Established,Freehold,161,,SELBY ROAD,,LEEDS,LEEDS,WEST YORKSHIRE,Standard,Addition,53.7970200000,-1.4734540000
53500,2000-10-16 00:00:00Z,LS15 0DY,Semi-Detached,Established,Freehold,6,,PORTAGE AVENUE,,LEEDS,LEEDS,WEST YORKSHIRE,Standard,Addition,53.7959680000,-1.4755010000
58500,2000-02-18 00:00:00Z,LS15 0LT,Semi-Detached,Established,Freehold,32,,LOMBARD STREET,,LEEDS,LEEDS,WEST YORKSHIRE,Standard,Addition,53.7930840000,-1.4758260000
63950,2000-08-22 00:00:00Z,LS15 7HU,Semi-Detached,Established,Freehold,8,,MORRITT GROVE,,LEEDS,LEEDS,WEST YORKSHIRE,Standard,Addition,53.7970590000,-1.4721020000
58000,2000-04-07 00:00:00Z,LS15 7HT,Terraced,Established,Freehold,177,,SELBY ROAD,,LEEDS,LEEDS,WEST YORKSHIRE,Standard,Addition,53.7970200000,-1.4734540000
87000,2000-08-04 00:00:00Z,LS15 0LW,Detached,Established,Freehold,40,,TEMPLENEWSAM VIEW,,LEEDS,LEEDS,WEST YORKSHIRE,Standard,Addition,53.7919670000,-1.4730920000
56000,2000-07-28 00:00:00Z,LS15 0LX,Semi-Detached,Established,Freehold,24,,BROADWAY,,LEEDS,LEEDS,WEST YORKSHIRE,Standard,Addition,53.7925010000,-1.4739660000
98000,2000-08-25 00:00:00Z,LS15 0LW,Detached,Established,Freehold,38,,TEMPLENEWSAM VIEW,,LEEDS,LEEDS,WEST YORKSHIRE,Standard,Addition,53.7919670000,-1.4730920000
62950,2000-05-22 00:00:00Z,LS15 0LY,Semi-Detached,Established,Freehold,20,,HOWARD AVENUE,,LEEDS,LEEDS,WEST YORKSHIRE,Standard,Addition,53.7928230000,-1.4737190000
114995,2000-07-21 00:00:00Z,LS15 0LW,Detached,Established,Freehold,44,,TEMPLENEWSAM VIEW,,LEEDS,LEEDS,WEST YORKSHIRE,Standard,Addition,53.7919670000,-1.4730920000
60000,2000-11-03 00:00:00Z,LS15 0ED,Semi-Detached,Established,Freehold,16,,WILLOW CRESCENT,,LEEDS,LEEDS,WEST YORKSHIRE,Standard,Addition,53.7960180000,-1.4767150000
63000,2000-02-04 00:00:00Z,LS15 0DY,Semi-Detached,Established,Freehold,15,,PORTAGE AVENUE,,LEEDS,LEEDS,WEST YORKSHIRE,Standard,Addition,53.7959680000,-1.4755010000
80000,2000-05-08 00:00:00Z,LS15 0EA,Semi-Detached,Established,Freehold,11,,PORTAGE CRESCENT,,LEEDS,LEEDS,WEST YORKSHIRE,Standard,Addition,53.7950930000,-1.4769090000
56500,2000-03-17 00:00:00Z,LS15 0LR,Semi-Detached,Established,Freehold,23,,SHERBROOKE AVENUE,,LEEDS,LEEDS,WEST YORKSHIRE,Standard,Addition,53.7941120000,-1.4745680000
66500,2000-04-25 00:00:00Z,LS15 0DX,Semi-Detached,Established,Freehold,10,,TEMPLENEWSAM ROAD,,LEEDS,LEEDS,WEST YORKSHIRE,Standard,Addition,53.7963290000,-1.4742400000
24500,2001-01-17 00:00:00Z,LS15 7HZ,Terraced,Established,Freehold,41,,MORRITT DRIVE,LEEDS,LEEDS,LEEDS,WEST YORKSHIRE,Standard,Addition,53.7975810000,-1.4723080000
78000,2001-09-26 00:00:00Z,LS15 0LZ,Semi-Detached,Established,Freehold,3,,HOWARD AVENUE,LEEDS,LEEDS,LEEDS,WEST YORKSHIRE,Standard,Addition,53.7933600000,-1.4750780000
65000,2001-08-03 00:00:00Z,LS15 0LU,Semi-Detached,Established,Freehold,13,,ALEXANDER AVENUE,LEEDS,LEEDS,LEEDS,WEST YORKSHIRE,Standard,Addition,53.7937150000,-1.4740870000
44000,2001-03-08 00:00:00Z,LS15 7JQ,Terraced,Established,Freehold,22,,WILLOW WELL ROAD,LEEDS,LEEDS,LEEDS,WEST YORKSHIRE,Standard,Addition,53.7983130000,-1.4753350000
45500,2001-03-29 00:00:00Z,LS15 7HZ,Terraced,Established,Freehold,29,,MORRITT DRIVE,LEEDS,LEEDS,LEEDS,WEST YORKSHIRE,Standard,Addition,53.7975810000,-1.4723080000
72000,2001-07-11 00:00:00Z,LS15 0EA,Semi-Detached,Established,Freehold,20,,PORTAGE CRESCENT,LEEDS,LEEDS,LEEDS,WEST YORKSHIRE,Standard,Addition,53.7950930000,-1.4769090000
44500,2001-03-12 00:00:00Z,LS15 7JG,Terraced,Established,Freehold,153,,SELBY ROAD,LEEDS,LEEDS,LEEDS,WEST YORKSHIRE,Standard,Addition,53.7983010000,-1.4766110000
57000,2001-04-18 00:00:00Z,LS15 0DY,Semi-Detached,Established,Freehold,32,,PORTAGE AVENUE,LEEDS,LEEDS,LEEDS,WEST YORKSHIRE,Standard,Addition,53.7959680000,-1.4755010000
23000,2001-04-20 00:00:00Z,LS15 0EN,Semi-Detached,Established,Freehold,10,,BOWLAND CLOSE,LEEDS,LEEDS,LEEDS,WEST YORKSHIRE,Standard,Addition,53.7951420000,-1.4798680000
55000,2001-05-11 00:00:00Z,LS15 7JA,Terraced,Established,Freehold,95,,MORRITT DRIVE,LEEDS,LEEDS,LEEDS,WEST YORKSHIRE,Standard,Addition,53.7985240000,-1.4741790000
80000,2001-03-29 00:00:00Z,LS15 0LS,Semi-Detached,Established,Freehold,34,,SHERBROOKE AVENUE,LEEDS,LEEDS,LEEDS,WEST YORKSHIRE,Standard,Addition,53.7946570000,-1.4758510000
136500,2001-08-31 00:00:00Z,LS15 0LL,Detached,Established,Freehold,1,,PLANTATION AVENUE,LEEDS,LEEDS,LEEDS,WEST YORKSHIRE,Standard,Addition,53.7921600000,-1.4700690000
95000,2001-06-28 00:00:00Z,LS15 7HT,Semi-Detached,Established,Freehold,173,,SELBY ROAD,LEEDS,LEEDS,LEEDS,WEST YORKSHIRE,Standard,Addition,53.7970200000,-1.4734540000
60000,2001-09-28 00:00:00Z,LS15 7JJ,Semi-Detached,Established,Freehold,6,,WILLIAM VIEW,LEEDS,LEEDS,LEEDS,WEST YORKSHIRE,Standard,Addition,53.7993060000,-1.4783140000
133182,2001-10-19 00:00:00Z,LS15 0DR,Detached,Established,Freehold,90,,TEMPLENEWSAM ROAD,LEEDS,LEEDS,LEEDS,WEST YORKSHIRE,Standard,Addition,53.7942450000,-1.4720190000
71500,2001-07-13 00:00:00Z,LS15 0DS,Semi-Detached,Established,Freehold,23,,OAK CRESCENT,LEEDS,LEEDS,LEEDS,WEST YORKSHIRE,Standard,Addition,53.7946520000,-1.4725420000
64000,2001-02-23 00:00:00Z,LS15 0LZ,Semi-Detached,Established,Freehold,6,,HOWARD AVENUE,LEEDS,LEEDS,LEEDS,WEST YORKSHIRE,Standard,Addition,53.7933600000,-1.4750780000
69950,2001-09-28 00:00:00Z,LS15 7JQ,Terraced,Established,Freehold,30,,WILLOW WELL ROAD,LEEDS,LEEDS,LEEDS,WEST YORKSHIRE,Standard,Addition,53.7983130000,-1.4753350000
65000,2001-03-02 00:00:00Z,LS15 0LU,Semi-Detached,Established,Freehold,25,,ALEXANDER AVENUE,LEEDS,LEEDS,LEEDS,WEST YORKSHIRE,Standard,Addition,53.7937150000,-1.4740870000
59999,2001-05-25 00:00:00Z,LS15 7JN,Semi-Detached,Established,Freehold,20,,WILLIAM RISE,LEEDS,LEEDS,LEEDS,WEST YORKSHIRE,Standard,Addition,53.7997320000,-1.4792040000
78500,2001-01-04 00:00:00Z,LS15 0LT,Semi-Detached,Established,Freehold,18,,LOMBARD STREET,LEEDS,LEEDS,LEEDS,WEST YORKSHIRE,Standard,Addition,53.7930840000,-1.4758260000
59000,2001-10-26 00:00:00Z,LS15 7JQ,Terraced,Established,Freehold,26,,WILLOW WELL ROAD,LEEDS,LEEDS,LEEDS,WEST YORKSHIRE,Standard,Addition,53.7983130000,-1.4753350000
56000,2001-04-27 00:00:00Z,LS15 7JB,Semi-Detached,Established,Freehold,5,,PRIMROSE GARTH,LEEDS,LEEDS,LEEDS,WEST YORKSHIRE,Standard,Addition,53.7971500000,-1.4703250000
79995,2001-05-30 00:00:00Z,LS15 7HZ,Terraced,Established,Freehold,51,,MORRITT DRIVE,LEEDS,LEEDS,LEEDS,WEST YORKSHIRE,Standard,Addition,53.7975810000,-1.4723080000
59995,2001-01-26 00:00:00Z,LS15 0LX,Semi-Detached,Established,Freehold,29,,BROADWAY,LEEDS,LEEDS,LEEDS,WEST YORKSHIRE,Standard,Addition,53.7925010000,-1.4739660000
69500,2001-04-02 00:00:00Z,LS15 0DY,Semi-Detached,Established,Freehold,15,,PORTAGE AVENUE,LEEDS,LEEDS,LEEDS,WEST YORKSHIRE,Standard,Addition,53.7959680000,-1.4755010000
75950,2001-08-24 00:00:00Z,LS15 7HZ,Terraced,Established,Freehold,29,,MORRITT DRIVE,LEEDS,LEEDS,LEEDS,WEST YORKSHIRE,Standard,Addition,53.7975810000,-1.4723080000
80900,2001-09-28 00:00:00Z,LS15 0LX,Semi-Detached,Established,Freehold,15,,BROADWAY,LEEDS,LEEDS,LEEDS,WEST YORKSHIRE,Standard,Addition,53.7925010000,-1.4739660000
57000,2001-01-24 00:00:00Z,LS15 7JA,Terraced,Established,Freehold,109,,MORRITT DRIVE,LEEDS,LEEDS,LEEDS,WEST YORKSHIRE,Standard,Addition,53.7985240000,-1.4741790000
58750,2001-01-12 00:00:00Z,LS15 0LY,Semi-Detached,Established,Freehold,13,,HOWARD AVENUE,LEEDS,LEEDS,LEEDS,WEST YORKSHIRE,Standard,Addition,53.7928230000,-1.4737190000
65000,2001-11-26 00:00:00Z,LS15 7HZ,Semi-Detached,Established,Freehold,65,,MORRITT DRIVE,LEEDS,LEEDS,LEEDS,WEST YORKSHIRE,Standard,Addition,53.7975810000,-1.4723080000
60000,2001-07-13 00:00:00Z,LS15 0LX,Semi-Detached,Established,Freehold,39,,BROADWAY,LEEDS,LEEDS,LEEDS,WEST YORKSHIRE,Standard,Addition,53.7925010000,-1.4739660000
50000,2001-04-20 00:00:00Z,LS15 7JG,Semi-Detached,Established,Freehold,125A,,SELBY ROAD,LEEDS,LEEDS,LEEDS,WEST YORKSHIRE,Standard,Addition,53.7983010000,-1.4766110000
55000,2001-04-27 00:00:00Z,LS15 7HU,Semi-Detached,Established,Freehold,11,,MORRITT GROVE,LEEDS,LEEDS,LEEDS,WEST YORKSHIRE,Standard,Addition,53.7970590000,-1.4721020000
76500,2001-08-03 00:00:00Z,LS15 0DX,Semi-Detached,Established,Freehold,6,,TEMPLENEWSAM ROAD,LEEDS,LEEDS,LEEDS,WEST YORKSHIRE,Standard,Addition,53.7963290000,-1.4742400000
77000,2001-11-30 00:00:00Z,LS15 0DX,Semi-Detached,Established,Freehold,28,,TEMPLENEWSAM ROAD,LEEDS,LEEDS,LEEDS,WEST YORKSHIRE,Standard,Addition,53.7963290000,-1.4742400000
82000,2001-01-24 00:00:00Z,LS15 7JH,Flats/Maisonettes,Established,Freehold,4,,LUCY AVENUE,LEEDS,LEEDS,LEEDS,WEST YORKSHIRE,Standard,Addition,53.7987360000,-1.4778240000
64000,2001-06-22 00:00:00Z,LS15 0DY,Semi-Detached,Established,Freehold,1,,PORTAGE AVENUE,LEEDS,LEEDS,LEEDS,WEST YORKSHIRE,Standard,Addition,53.7959680000,-1.4755010000
67950,2001-04-12 00:00:00Z,LS15 0LU,Semi-Detached,Established,Freehold,26,,ALEXANDER AVENUE,LEEDS,LEEDS,LEEDS,WEST YORKSHIRE,Standard,Addition,53.7937150000,-1.4740870000
35000,2001-06-26 00:00:00Z,LS15 0DP,Flats/Maisonettes,Established,Leasehold,4,,TEMPLE COURT,LEEDS,LEEDS,LEEDS,WEST YORKSHIRE,Standard,Addition,53.7949940000,-1.4706100000
45000,2001-04-12 00:00:00Z,LS15 0LS,Semi-Detached,Established,Freehold,56,,SHERBROOKE AVENUE,LEEDS,LEEDS,LEEDS,WEST YORKSHIRE,Standard,Addition,53.7946570000,-1.4758510000
48500,2001-07-27 00:00:00Z,LS15 7HS,Semi-Detached,Established,Freehold,23,,PRIMROSE LANE,HALTON,LEEDS,LEEDS,WEST YORKSHIRE,Standard,Addition,53.7974470000,-1.4705490000
58000,2001-10-25 00:00:00Z,LS15 0LT,Semi-Detached,Established,Freehold,6,,LOMBARD STREET,LEEDS,LEEDS,LEEDS,WEST YORKSHIRE,Standard,Addition,53.7930840000,-1.4758260000
59995,2001-04-27 00:00:00Z,LS15 7JA,Terraced,Established,Freehold,85,,MORRITT DRIVE,LEEDS,LEEDS,LEEDS,WEST YORKSHIRE,Standard,Addition,53.7985240000,-1.4741790000
47800,2001-11-26 00:00:00Z,LS15 7JG,Terraced,Established,Freehold,151,,SELBY ROAD,LEEDS,LEEDS,LEEDS,WEST YORKSHIRE,Standard,Addition,53.7983010000,-1.4766110000
62500,2001-07-13 00:00:00Z,LS15 0DY,Semi-Detached,Established,Freehold,"NEWBOLD, 21",,PORTAGE AVENUE,LEEDS,LEEDS,LEEDS,WEST YORKSHIRE,Standard,Addition,53.7959680000,-1.4755010000
74995,2001-04-20 00:00:00Z,LS15 0LX,Semi-Detached,Established,Freehold,27,,BROADWAY,LEEDS,LEEDS,LEEDS,WEST YORKSHIRE,Standard,Addition,53.7925010000,-1.4739660000
110000,2001-04-19 00:00:00Z,LS15 0LS,Detached,Established,Freehold,26,,SHERBROOKE AVENUE,LEEDS,LEEDS,LEEDS,WEST YORKSHIRE,Standard,Addition,53.7946570000,-1.4758510000
92000,2002-11-08 00:00:00Z,LS15 0ED,Semi-Detached,Established,Freehold,4,,WILLOW CRESCENT,LEEDS,LEEDS,LEEDS,WEST YORKSHIRE,Standard,Addition,53.7960180000,-1.4767150000
60000,2002-03-25 00:00:00Z,LS15 7HU,Semi-Detached,Established,Freehold,18,,MORRITT GROVE,LEEDS,LEEDS,LEEDS,WEST YORKSHIRE,Standard,Addition,53.7970590000,-1.4721020000
73000,2002-02-17 00:00:00Z,LS15 7JJ,Semi-Detached,Established,Freehold,19,,WILLIAM VIEW,LEEDS,LEEDS,LEEDS,WEST YORKSHIRE,Standard,Addition,53.7993060000,-1.4783140000
75100,2002-12-13 00:00:00Z,LS15 7JQ,Terraced,Established,Freehold,4,,WILLOW WELL ROAD,LEEDS,LEEDS,LEEDS,WEST YORKSHIRE,Standard,Addition,53.7983130000,-1.4753350000
102000,2002-09-27 00:00:00Z,LS15 0DX,Semi-Detached,Established,Freehold,50,,TEMPLENEWSAM ROAD,LEEDS,LEEDS,LEEDS,WEST YORKSHIRE,Standard,Addition,53.7963290000,-1.4742400000
60000,2002-05-31 00:00:00Z,LS15 7JH,Terraced,Established,Freehold,3,,LUCY AVENUE,,LEEDS,LEEDS,WEST YORKSHIRE,Standard,Addition,53.7987360000,-1.4778240000
88000,2002-12-06 00:00:00Z,LS15 0ED,Semi-Detached,Established,Freehold,24,,WILLOW CRESCENT,LEEDS,LEEDS,LEEDS,WEST YORKSHIRE,Standard,Addition,53.7960180000,-1.4767150000
42000,2002-02-28 00:00:00Z,LS15 0DP,Semi-Detached,Established,Leasehold,24,,TEMPLE COURT,LEEDS,LEEDS,LEEDS,WEST YORKSHIRE,Standard,Addition,53.7949940000,-1.4706100000
78000,2002-07-30 00:00:00Z,LS15 0LY,Semi-Detached,Established,Freehold,11,,HOWARD AVENUE,LEEDS,LEEDS,LEEDS,WEST YORKSHIRE,Standard,Addition,53.7928230000,-1.4737190000
80000,2002-08-14 00:00:00Z,LS15 0DU,Semi-Detached,Established,Freehold,44,,OAK ROAD,LEEDS,LEEDS,LEEDS,WEST YORKSHIRE,Standard,Addition,53.7964610000,-1.4757110000
37500,2002-07-22 00:00:00Z,LS15 7JA,Terraced,Established,Freehold,103,,MORRITT DRIVE,LEEDS,LEEDS,LEEDS,WEST YORKSHIRE,Standard,Addition,53.7985240000,-1.4741790000
69995,2002-01-07 00:00:00Z,LS15 0DX,Semi-Detached,Established,Freehold,10,,TEMPLENEWSAM ROAD,LEEDS,LEEDS,LEEDS,WEST YORKSHIRE,Standard,Addition,53.7963290000,-1.4742400000
59950,2002-06-28 00:00:00Z,LS15 7HU,Semi-Detached,Established,Freehold,5,,MORRITT GROVE,LEEDS,LEEDS,LEEDS,WEST YORKSHIRE,Standard,Addition,53.7970590000,-1.4721020000
83995,2002-07-26 00:00:00Z,LS15 0LR,Semi-Detached,Established,Freehold,27,,SHERBROOKE AVENUE,LEEDS,LEEDS,LEEDS,WEST YORKSHIRE,Standard,Addition,53.7941120000,-1.4745680000
76000,2002-11-29 00:00:00Z,LS15 0LT,Semi-Detached,Established,Freehold,40,,LOMBARD STREET,LEEDS,LEEDS,LEEDS,WEST YORKSHIRE,Standard,Addition,53.7930840000,-1.4758260000
70000,2002-07-26 00:00:00Z,LS15 0LT,Semi-Detached,Established,Freehold,22,,LOMBARD STREET,LEEDS,LEEDS,LEEDS,WEST YORKSHIRE,Standard,Addition,53.7930840000,-1.4758260000
87000,2002-09-27 00:00:00Z,LS15 0LY,Semi-Detached,Established,Freehold,20,,HOWARD AVENUE,LEEDS,LEEDS,LEEDS,WEST YORKSHIRE,Standard,Addition,53.7928230000,-1.4737190000
62950,2002-02-01 00:00:00Z,LS15 7HU,Semi-Detached,Established,Freehold,15,,MORRITT GROVE,LEEDS,LEEDS,LEEDS,WEST YORKSHIRE,Standard,Addition,53.7970590000,-1.4721020000
40100,2002-03-28 00:00:00Z,LS15 0DP,Flats/Maisonettes,Established,Leasehold,1,,TEMPLE COURT,LEEDS,LEEDS,LEEDS,WEST YORKSHIRE,Standard,Addition,53.7949940000,-1.4706100000
66995,2002-11-22 00:00:00Z,LS15 0NA,Flats/Maisonettes,Established,Leasehold,6,,HOWARD COURT,LEEDS,LEEDS,LEEDS,WEST YORKSHIRE,Standard,Addition,53.7926110000,-1.4744960000
18995,2002-03-27 00:00:00Z,LS15 0AH,Terraced,Established,Freehold,86,,HALTON MOOR ROAD,LEEDS,LEEDS,LEEDS,WEST YORKSHIRE,Standard,Addition,53.7903960000,-1.4776950000
82950,2002-10-11 00:00:00Z,LS15 7HU,Semi-Detached,Established,Freehold,14,,MORRITT GROVE,LEEDS,LEEDS,LEEDS,WEST YORKSHIRE,Standard,Addition,53.7970590000,-1.4721020000
147000,2002-07-05 00:00:00Z,LS15 7HS,Detached,Established,Freehold,21,,PRIMROSE LANE,HALTON,LEEDS,LEEDS,WEST YORKSHIRE,Standard,Addition,53.7974470000,-1.4705490000
59000,2002-06-19 00:00:00Z,LS15 7JG,Semi-Detached,Established,Freehold,143,,SELBY ROAD,LEEDS,LEEDS,LEEDS,WEST YORKSHIRE,Standard,Addition,53.7983010000,-1.4766110000
60000,2002-05-31 00:00:00Z,LS15 7JG,Terraced,Established,Freehold,111,FLAT 3,SELBY ROAD,LEEDS,LEEDS,LEEDS,WEST YORKSHIRE,Standard,Addition,53.7983010000,-1.4766110000
53000,2002-01-18 00:00:00Z,LS15 7JQ,Terraced,Established,Freehold,7,,WILLOW WELL ROAD,LEEDS,LEEDS,LEEDS,WEST YORKSHIRE,Standard,Addition,53.7983130000,-1.4753350000
80500,2002-05-28 00:00:00Z,LS15 0LU,Semi-Detached,Established,Freehold,10,,ALEXANDER AVENUE,LEEDS,LEEDS,LEEDS,WEST YORKSHIRE,Standard,Addition,53.7937150000,-1.4740870000
56995,2002-04-03 00:00:00Z,LS15 7JN,Semi-Detached,Established,Freehold,6,,WILLIAM RISE,LEEDS,LEEDS,LEEDS,WEST YORKSHIRE,Standard,Addition,53.7997320000,-1.4792040000
45000,2002-08-01 00:00:00Z,LS15 0LS,Semi-Detached,Established,Freehold,48,,SHERBROOKE AVENUE,LEEDS,LEEDS,LEEDS,WEST YORKSHIRE,Standard,Addition,53.7946570000,-1.4758510000
71500,2002-02-27 00:00:00Z,LS15 0LU,Semi-Detached,Established,Freehold,21,,ALEXANDER AVENUE,LEEDS,LEEDS,LEEDS,WEST YORKSHIRE,Standard,Addition,53.7937150000,-1.4740870000
99000,2002-09-16 00:00:00Z,LS15 0LX,Semi-Detached,Established,Freehold,37,,BROADWAY,LEEDS,LEEDS,LEEDS,WEST YORKSHIRE,Standard,Addition,53.7925010000,-1.4739660000
102000,2002-04-25 00:00:00Z,LS15 0LX,Detached,Established,Freehold,28,,BROADWAY,LEEDS,LEEDS,LEEDS,WEST YORKSHIRE,Standard,Addition,53.7925010000,-1.4739660000
46000,2002-09-27 00:00:00Z,LS15 0DP,Flats/Maisonettes,Established,Freehold,26,,TEMPLE COURT,LEEDS,LEEDS,LEEDS,WEST YORKSHIRE,Standard,Addition,53.7949940000,-1.4706100000
124000,2002-09-20 00:00:00Z,LS15 0DR,Semi-Detached,Established,Freehold,64,,TEMPLENEWSAM ROAD,LEEDS,LEEDS,LEEDS,WEST YORKSHIRE,Standard,Addition,53.7942450000,-1.4720190000
90000,2002-11-15 00:00:00Z,LS15 0DX,Semi-Detached,Established,Freehold,30,,TEMPLENEWSAM ROAD,LEEDS,LEEDS,LEEDS,WEST YORKSHIRE,Standard,Addition,53.7963290000,-1.4742400000
100000,2002-12-09 00:00:00Z,LS15 7HW,Terraced,Established,Freehold,225 - 227,,SELBY ROAD,,LEEDS,LEEDS,WEST YORKSHIRE,Standard,Addition,53.7960720000,-1.4710250000
68500,2002-05-03 00:00:00Z,LS15 0LT,Semi-Detached,Established,Freehold,6,,LOMBARD STREET,LEEDS,LEEDS,LEEDS,WEST YORKSHIRE,Standard,Addition,53.7930840000,-1.4758260000
84950,2002-10-01 00:00:00Z,LS15 0LR,Semi-Detached,Established,Freehold,13,,SHERBROOKE AVENUE,LEEDS,LEEDS,LEEDS,WEST YORKSHIRE,Standard,Addition,53.7941120000,-1.4745680000
53000,2003-10-14 00:00:00Z,LS15 0LS,Detached,Established,Freehold,60,,SHERBROOKE AVENUE,LEEDS,LEEDS,LEEDS,WEST YORKSHIRE,Standard,Addition,53.7946570000,-1.4758510000
16000,2003-08-14 00:00:00Z,LS15 0AH,Semi-Detached,Established,Freehold,96,,HALTON MOOR ROAD,LEEDS,LEEDS,LEEDS,WEST YORKSHIRE,Standard,Addition,53.7903960000,-1.4776950000
122000,2003-04-16 00:00:00Z,LS15 7HZ,Terraced,Established,Freehold,39,,MORRITT DRIVE,LEEDS,LEEDS,LEEDS,WEST YORKSHIRE,Standard,Addition,53.7975810000,-1.4723080000
90000,2003-01-22 00:00:00Z,LS15 7JL,Terraced,Established,Freehold,99,,SELBY ROAD,LEEDS,LEEDS,LEEDS,WEST YORKSHIRE,Standard,Addition,53.7992570000,-1.4794080000
109500,2003-08-22 00:00:00Z,LS15 0DX,Semi-Detached,Established,Freehold,26,,TEMPLENEWSAM ROAD,LEEDS,LEEDS,LEEDS,WEST YORKSHIRE,Standard,Addition,53.7963290000,-1.4742400000
85500,2003-01-15 00:00:00Z,LS15 0LY,Detached,Established,Freehold,10,,HOWARD AVENUE,LEEDS,LEEDS,LEEDS,WEST YORKSHIRE,Standard,Addition,53.7928230000,-1.4737190000
80000,2003-09-29 00:00:00Z,LS15 7JL,Semi-Detached,Established,Freehold,91,,SELBY ROAD,LEEDS,LEEDS,LEEDS,WEST YORKSHIRE,Standard,Addition,53.7992570000,-1.4794080000
23000,2003-06-06 00:00:00Z,LS15 0EE,Terraced,New Build,Freehold,17,,KYFFIN AVENUE,LEEDS,LEEDS,LEEDS,WEST YORKSHIRE,Standard,Addition,53.7968550000,-1.4789360000
91000,2003-08-29 00:00:00Z,LS15 7JJ,Semi-Detached,Established,Freehold,11,,WILLIAM VIEW,LEEDS,LEEDS,LEEDS,WEST YORKSHIRE,Standard,Addition,53.7993060000,-1.4783140000
122500,2003-02-07 00:00:00Z,LS15 0EA,Semi-Detached,Established,Freehold,11,,PORTAGE CRESCENT,LEEDS,LEEDS,LEEDS,WEST YORKSHIRE,Standard,Addition,53.7950930000,-1.4769090000
84000,2003-04-11 00:00:00Z,LS15 0LX,Semi-Detached,Established,Freehold,29,,BROADWAY,LEEDS,LEEDS,LEEDS,WEST YORKSHIRE,Standard,Addition,53.7925010000,-1.4739660000
78500,2003-11-07 00:00:00Z,LS15 0DW,Flats/Maisonettes,New Build,Leasehold,19,FLAT 1,IRWIN APPROACH,LEEDS,LEEDS,LEEDS,WEST YORKSHIRE,Standard,Addition,53.7955510000,-1.4706330000
100000,2003-06-05 00:00:00Z,LS15 0DU,Semi-Detached,Established,Freehold,44,,OAK ROAD,LEEDS,LEEDS,LEEDS,WEST YORKSHIRE,Standard,Addition,53.7964610000,-1.4757110000
89000,2003-01-24 00:00:00Z,LS15 7JJ,Semi-Detached,Established,Freehold,8,,WILLIAM VIEW,LEEDS,LEEDS,LEEDS,WEST YORKSHIRE,Standard,Addition,53.7993060000,-1.4783140000
117000,2003-08-01 00:00:00Z,LS15 0LX,Semi-Detached,Established,Freehold,4,,BROADWAY,LEEDS,LEEDS,LEEDS,WEST YORKSHIRE,Standard,Addition,53.7925010000,-1.4739660000
79995,2003-06-02 00:00:00Z,LS15 7JL,Semi-Detached,Established,Freehold,89,,SELBY ROAD,LEEDS,LEEDS,LEEDS,WEST YORKSHIRE,Standard,Addition,53.7992570000,-1.4794080000
91000,2003-11-03 00:00:00Z,LS15 7JJ,Terraced,Established,Freehold,3,,WILLIAM VIEW,LEEDS,LEEDS,LEEDS,WEST YORKSHIRE,Standard,Addition,53.7993060000,-1.4783140000
79995,2003-12-10 00:00:00Z,LS15 0EA,Semi-Detached,Established,Freehold,4,,PORTAGE CRESCENT,LEEDS,LEEDS,LEEDS,WEST YORKSHIRE,Standard,Addition,53.7950930000,-1.4769090000
80000,2003-07-14 00:00:00Z,LS15 7JN,Semi-Detached,Established,Freehold,4,,WILLIAM RISE,LEEDS,LEEDS,LEEDS,WEST YORKSHIRE,Standard,Addition,53.7997320000,-1.4792040000
76500,2003-12-12 00:00:00Z,LS15 0LS,Semi-Detached,Established,Freehold,56,,SHERBROOKE AVENUE,LEEDS,LEEDS,LEEDS,WEST YORKSHIRE,Standard,Addition,53.7946570000,-1.4758510000
104000,2003-09-04 00:00:00Z,LS15 7JG,Semi-Detached,Established,Freehold,141,,SELBY ROAD,LEEDS,LEEDS,LEEDS,WEST YORKSHIRE,Standard,Addition,53.7983010000,-1.4766110000
117000,2003-08-01 00:00:00Z,LS15 7JN,Semi-Detached,Established,Freehold,2,,WILLIAM RISE,LEEDS,LEEDS,LEEDS,WEST YORKSHIRE,Standard,Addition,53.7997320000,-1.4792040000
107000,2003-12-22 00:00:00Z,LS15 0DY,Semi-Detached,Established,Freehold,1,,PORTAGE AVENUE,LEEDS,LEEDS,LEEDS,WEST YORKSHIRE,Standard,Addition,53.7959680000,-1.4755010000
11000,2003-05-29 00:00:00Z,LS15 0AH,Semi-Detached,Established,Freehold,96,,HALTON MOOR ROAD,LEEDS,LEEDS,LEEDS,WEST YORKSHIRE,Standard,Addition,53.7903960000,-1.4776950000
78500,2003-10-31 00:00:00Z,LS15 0DW,Flats/Maisonettes,New Build,Leasehold,19,FLAT 2,IRWIN APPROACH,LEEDS,LEEDS,LEEDS,WEST YORKSHIRE,Standard,Addition,53.7955510000,-1.4706330000
118000,2003-11-21 00:00:00Z,LS15 0LR,Terraced,Established,Freehold,11,,SHERBROOKE AVENUE,LEEDS,LEEDS,LEEDS,WEST YORKSHIRE,Standard,Addition,53.7941120000,-1.4745680000
125000,2003-02-28 00:00:00Z,LS15 7HZ,Terraced,Established,Freehold,55,,MORRITT DRIVE,LEEDS,LEEDS,LEEDS,WEST YORKSHIRE,Standard,Addition,53.7975810000,-1.4723080000
58500,2003-04-22 00:00:00Z,LS15 7JU,Semi-Detached,Established,Leasehold,1,,WILLIAM AVENUE,LEEDS,LEEDS,LEEDS,WEST YORKSHIRE,Standard,Addition,53.7991380000,-1.4790290000
70000,2003-06-02 00:00:00Z,LS15 0LY,Semi-Detached,Established,Freehold,27,,HOWARD AVENUE,LEEDS,LEEDS,LEEDS,WEST YORKSHIRE,Standard,Addition,53.7928230000,-1.4737190000
85000,2003-02-28 00:00:00Z,LS15 0EA,Semi-Detached,Established,Freehold,18,,PORTAGE CRESCENT,LEEDS,LEEDS,LEEDS,WEST YORKSHIRE,Standard,Addition,53.7950930000,-1.4769090000
90000,2003-04-23 00:00:00Z,LS15 7HW,Detached,Established,Freehold,221,,SELBY ROAD,LEEDS,LEEDS,LEEDS,WEST YORKSHIRE,Standard,Addition,53.7960720000,-1.4710250000
8000,2003-06-06 00:00:00Z,LS15 0BN,Semi-Detached,Established,Freehold,79,,CORONATION PARADE,LEEDS,LEEDS,LEEDS,WEST YORKSHIRE,Standard,Addition,53.7928690000,-1.4799570000
74000,2003-10-30 00:00:00Z,LS15 0ED,Semi-Detached,Established,Freehold,15,,WILLOW CRESCENT,LEEDS,LEEDS,LEEDS,WEST YORKSHIRE,Standard,Addition,53.7960180000,-1.4767150000
156000,2003-11-18 00:00:00Z,LS15 7HS,Detached,Established,Freehold,21,,PRIMROSE LANE,HALTON,LEEDS,LEEDS,WEST YORKSHIRE,Standard,Addition,53.7974470000,-1.4705490000
129000,2003-09-29 00:00:00Z,LS15 0DX,Semi-Detached,Established,Freehold,28,,TEMPLENEWSAM ROAD,LEEDS,LEEDS,LEEDS,WEST YORKSHIRE,Standard,Addition,53.7963290000,-1.4742400000
50995,2003-12-12 00:00:00Z,LS15 0BN,Semi-Detached,Established,Freehold,79,,CORONATION PARADE,LEEDS,LEEDS,LEEDS,WEST YORKSHIRE,Standard,Addition,53.7928690000,-1.4799570000
59995,2003-04-14 00:00:00Z,LS15 0DP,Flats/Maisonettes,Established,Leasehold,11,,TEMPLE COURT,LEEDS,LEEDS,LEEDS,WEST YORKSHIRE,Standard,Addition,53.7949940000,-1.4706100000
87000,2003-02-28 00:00:00Z,LS15 0DU,Semi-Detached,Established,Freehold,13,,OAK ROAD,LEEDS,LEEDS,LEEDS,WEST YORKSHIRE,Standard,Addition,53.7964610000,-1.4757110000
67500,2003-02-24 00:00:00Z,LS15 7JJ,Semi-Detached,Established,Freehold,11,,WILLIAM VIEW,LEEDS,LEEDS,LEEDS,WEST YORKSHIRE,Standard,Addition,53.7993060000,-1.4783140000
97500,2003-06-27 00:00:00Z,LS15 7JN,Semi-Detached,Established,Freehold,19,,WILLIAM RISE,LEEDS,LEEDS,LEEDS,WEST YORKSHIRE,Standard,Addition,53.7997320000,-1.4792040000
85000,2003-10-24 00:00:00Z,LS15 0ED,Semi-Detached,Established,Freehold,20,,WILLOW CRESCENT,LEEDS,LEEDS,LEEDS,WEST YORKSHIRE,Standard,Addition,53.7960180000,-1.4767150000
127000,2003-06-27 00:00:00Z,LS15 7HT,Terraced,Established,Freehold,177,,SELBY ROAD,LEEDS,LEEDS,LEEDS,WEST YORKSHIRE,Standard,Addition,53.7970200000,-1.4734540000
78500,2003-11-21 00:00:00Z,LS15 0DW,Flats/Maisonettes,New Build,Leasehold,17,FLAT 2,IRWIN APPROACH,LEEDS,LEEDS,LEEDS,WEST YORKSHIRE,Standard,Addition,53.7955510000,-1.4706330000
40000,2003-04-30 00:00:00Z,LS15 7HZ,Semi-Detached,Established,Freehold,61,,MORRITT DRIVE,LEEDS,LEEDS,LEEDS,WEST YORKSHIRE,Standard,Addition,53.7975810000,-1.4723080000
102500,2003-07-21 00:00:00Z,LS15 0DX,Semi-Detached,Established,Freehold,4,,TEMPLENEWSAM ROAD,LEEDS,LEEDS,LEEDS,WEST YORKSHIRE,Standard,Addition,53.7963290000,-1.4742400000
29995,2003-03-21 00:00:00Z,LS15 0AL,Semi-Detached,Established,Freehold,20,,COTTERDALE VIEW,LEEDS,LEEDS,LEEDS,WEST YORKSHIRE,Standard,Addition,53.7912730000,-1.4787350000
80000,2004-06-30 00:00:00Z,LS15 0LT,Semi-Detached,Established,Freehold,19,,LOMBARD STREET,LEEDS,LEEDS,LEEDS,WEST YORKSHIRE,Standard,Addition,53.7930840000,-1.4758260000
134950,2004-10-27 00:00:00Z,LS15 0LR,Semi-Detached,Established,Freehold,23,,SHERBROOKE AVENUE,LEEDS,LEEDS,LEEDS,WEST YORKSHIRE,Standard,Addition,53.7941120000,-1.4745680000
95000,2004-04-08 00:00:00Z,LS15 7HU,Semi-Detached,Established,Freehold,12,,MORRITT GROVE,LEEDS,LEEDS,LEEDS,WEST YORKSHIRE,Standard,Addition,53.7970590000,-1.4721020000
59995,2004-11-24 00:00:00Z,LS15 0NY,Terraced,Established,Freehold,20,,FIRBANK GROVE,LEEDS,LEEDS,LEEDS,WEST YORKSHIRE,Standard,Addition,53.7916910000,-1.4798200000
139000,2004-12-03 00:00:00Z,LS15 0LU,Semi-Detached,Established,Freehold,6,,ALEXANDER AVENUE,LEEDS,LEEDS,LEEDS,WEST YORKSHIRE,Standard,Addition,53.7937150000,-1.4740870000
132500,2004-10-08 00:00:00Z,LS15 0DY,Semi-Detached,Established,Freehold,19,,PORTAGE AVENUE,LEEDS,LEEDS,LEEDS,WEST YORKSHIRE,Standard,Addition,53.7959680000,-1.4755010000
157000,2004-01-23 00:00:00Z,LS15 0LL,Semi-Detached,Established,Freehold,16,,PLANTATION AVENUE,LEEDS,LEEDS,LEEDS,WEST YORKSHIRE,Standard,Addition,53.7921600000,-1.4700690000
78000,2004-06-04 00:00:00Z,LS15 0LU,Semi-Detached,Established,Freehold,6,,ALEXANDER AVENUE,LEEDS,LEEDS,LEEDS,WEST YORKSHIRE,Standard,Addition,53.7937150000,-1.4740870000
57000,2004-06-14 00:00:00Z,LS15 0NS,Semi-Detached,Established,Freehold,6,,RATHMELL ROAD,LEEDS,LEEDS,LEEDS,WEST YORKSHIRE,Standard,Addition,53.7937120000,-1.4779310000
134950,2004-09-10 00:00:00Z,LS15 7JN,Semi-Detached,Established,Freehold,3,,WILLIAM RISE,LEEDS,LEEDS,LEEDS,WEST YORKSHIRE,Standard,Addition,53.7997320000,-1.4792040000
114000,2004-08-27 00:00:00Z,LS15 7JQ,Terraced,Established,Freehold,18,,WILLOW WELL ROAD,LEEDS,LEEDS,LEEDS,WEST YORKSHIRE,Standard,Addition,53.7983130000,-1.4753350000
149950,2004-08-27 00:00:00Z,LS15 7JA,Terraced,Established,Freehold,91,,MORRITT DRIVE,LEEDS,LEEDS,LEEDS,WEST YORKSHIRE,Standard,Addition,53.7985240000,-1.4741790000
66000,2004-02-03 00:00:00Z,LS15 0DS,Terraced,Established,Freehold,3,,OAK CRESCENT,LEEDS,LEEDS,LEEDS,WEST YORKSHIRE,Standard,Addition,53.7946520000,-1.4725420000
15000,2004-12-22 00:00:00Z,LS15 0AH,Semi-Detached,Established,Freehold,96,,HALTON MOOR ROAD,LEEDS,LEEDS,LEEDS,WEST YORKSHIRE,Standard,Addition,53.7903960000,-1.4776950000
65000,2004-06-14 00:00:00Z,LS15 0DP,Flats/Maisonettes,Established,Leasehold,10,,TEMPLE COURT,LEEDS,LEEDS,LEEDS,WEST YORKSHIRE,Standard,Addition,53.7949940000,-1.4706100000
17000,2004-06-15 00:00:00Z,LS15 0AH,Semi-Detached,Established,Freehold,96,,HALTON MOOR ROAD,LEEDS,LEEDS,LEEDS,WEST YORKSHIRE,Standard,Addition,53.7903960000,-1.4776950000
195000,2004-01-09 00:00:00Z,LS15 0LX,Semi-Detached,Established,Freehold,2,,BROADWAY,LEEDS,LEEDS,LEEDS,WEST YORKSHIRE,Standard,Addition,53.7925010000,-1.4739660000
90000,2004-11-02 00:00:00Z,LS15 7HZ,Flats/Maisonettes,New Build,Leasehold,1,FLAT 3,MORRITT DRIVE,,LEEDS,LEEDS,WEST YORKSHIRE,Standard,Addition,53.7975810000,-1.4723080000
149000,2004-08-13 00:00:00Z,LS15 7HZ,Terraced,Established,Freehold,51,,MORRITT DRIVE,LEEDS,LEEDS,LEEDS,WEST YORKSHIRE,Standard,Addition,53.7975810000,-1.4723080000
45000,2004-08-02 00:00:00Z,LS15 7HW,Semi-Detached,Established,Freehold,237,,SELBY ROAD,LEEDS,LEEDS,LEEDS,WEST YORKSHIRE,Standard,Addition,53.7960720000,-1.4710250000
123500,2004-11-18 00:00:00Z,LS15 7JB,Semi-Detached,Established,Freehold,4,,PRIMROSE GARTH,LEEDS,LEEDS,LEEDS,WEST YORKSHIRE,Standard,Addition,53.7971500000,-1.4703250000
74000,2004-01-16 00:00:00Z,LS15 0DW,Flats/Maisonettes,Established,Leasehold,19,FLAT 3,IRWIN APPROACH,,LEEDS,LEEDS,WEST YORKSHIRE,Standard,Addition,53.7955510000,-1.4706330000
123000,2004-12-17 00:00:00Z,LS15 0LX,Semi-Detached,Established,Freehold,18,,BROADWAY,LEEDS,LEEDS,LEEDS,WEST YORKSHIRE,Standard,Addition,53.7925010000,-1.4739660000
92000,2004-02-19 00:00:00Z,LS15 0LS,Detached,Established,Freehold,60,,SHERBROOKE AVENUE,LEEDS,LEEDS,LEEDS,WEST YORKSHIRE,Standard,Addition,53.7946570000,-1.4758510000
125500,2004-06-11 00:00:00Z,LS15 0DX,Semi-Detached,Established,Freehold,14,,TEMPLENEWSAM ROAD,LEEDS,LEEDS,LEEDS,WEST YORKSHIRE,Standard,Addition,53.7963290000,-1.4742400000
103000,2004-10-04 00:00:00Z,LS15 7JU,Terraced,Established,Freehold,4,,WILLIAM AVENUE,LEEDS,LEEDS,LEEDS,WEST YORKSHIRE,Standard,Addition,53.7991380000,-1.4790290000
55000,2004-05-06 00:00:00Z,LS15 7JU,Terraced,Established,Freehold,1,,WILLIAM AVENUE,LEEDS,LEEDS,LEEDS,WEST YORKSHIRE,Standard,Addition,53.7991380000,-1.4790290000
115000,2004-05-18 00:00:00Z,LS15 0LT,Semi-Detached,Established,Freehold,7,,LOMBARD STREET,LEEDS,LEEDS,LEEDS,WEST YORKSHIRE,Standard,Addition,53.7930840000,-1.4758260000
79995,2004-06-18 00:00:00Z,LS15 0EN,Semi-Detached,Established,Freehold,18,,BOWLAND CLOSE,LEEDS,LEEDS,LEEDS,WEST YORKSHIRE,Standard,Addition,53.7951420000,-1.4798680000
120000,2004-05-07 00:00:00Z,LS15 7JN,Semi-Detached,Established,Freehold,15,,WILLIAM RISE,LEEDS,LEEDS,LEEDS,WEST YORKSHIRE,Standard,Addition,53.7997320000,-1.4792040000
111950,2004-05-14 00:00:00Z,LS15 0DX,Semi-Detached,Established,Freehold,6,,TEMPLENEWSAM ROAD,LEEDS,LEEDS,LEEDS,WEST YORKSHIRE,Standard,Addition,53.7963290000,-1.4742400000
122000,2004-07-30 00:00:00Z,LS15 7JN,Semi-Detached,Established,Freehold,8,,WILLIAM RISE,LEEDS,LEEDS,LEEDS,WEST YORKSHIRE,Standard,Addition,53.7997320000,-1.4792040000
85000,2004-07-14 00:00:00Z,LS15 0LU,Semi-Detached,Established,Freehold,16,,ALEXANDER AVENUE,LEEDS,LEEDS,LEEDS,WEST YORKSHIRE,Standard,Addition,53.7937150000,-1.4740870000
180000,2004-12-10 00:00:00Z,LS15 0DW,Terraced,Established,Freehold,9,,IRWIN APPROACH,,LEEDS,LEEDS,WEST YORKSHIRE,Standard,Addition,53.7955510000,-1.4706330000
130000,2004-01-30 00:00:00Z,LS15 0LY,Semi-Detached,Established,Freehold,27,,HOWARD AVENUE,LEEDS,LEEDS,LEEDS,WEST YORKSHIRE,Standard,Addition,53.7928230000,-1.4737190000
117000,2004-09-21 00:00:00Z,LS15 0DW,Terraced,Established,Freehold,9,,IRWIN APPROACH,,LEEDS,LEEDS,WEST YORKSHIRE,Standard,Addition,53.7955510000,-1.4706330000
132950,2004-12-17 00:00:00Z,LS15 0DT,Semi-Detached,Established,Freehold,8,,MOOR AVENUE,LEEDS,LEEDS,LEEDS,WEST YORKSHIRE,Standard,Addition,53.7948920000,-1.4740120000
137000,2004-09-24 00:00:00Z,LS15 7HZ,Terraced,Established,Freehold,11,,MORRITT DRIVE,LEEDS,LEEDS,LEEDS,WEST YORKSHIRE,Standard,Addition,53.7975810000,-1.4723080000
117000,2004-11-09 00:00:00Z,LS15 7JB,Semi-Detached,Established,Freehold,3,,PRIMROSE GARTH,LEEDS,LEEDS,LEEDS,WEST YORKSHIRE,Standard,Addition,53.7971500000,-1.4703250000
137000,2004-11-18 00:00:00Z,LS15 7JA,Terraced,Established,Freehold,83,,MORRITT DRIVE,LEEDS,LEEDS,LEEDS,WEST YORKSHIRE,Standard,Addition,53.7985240000,-1.4741790000
86000,2004-07-16 00:00:00Z,LS15 0LS,Semi-Detached,Established,Freehold,24,,SHERBROOKE AVENUE,LEEDS,LEEDS,LEEDS,WEST YORKSHIRE,Standard,Addition,53.7946570000,-1.4758510000
118000,2004-09-03 00:00:00Z,LS15 7HZ,Terraced,Established,Freehold,37,,MORRITT DRIVE,LEEDS,LEEDS,LEEDS,WEST YORKSHIRE,Standard,Addition,53.7975810000,-1.4723080000
172000,2004-01-08 00:00:00Z,LS15 7HW,Detached,Established,Freehold,219A,,SELBY ROAD,LEEDS,LEEDS,LEEDS,WEST YORKSHIRE,Standard,Addition,53.7960720000,-1.4710250000
130000,2004-08-27 00:00:00Z,LS15 0EA,Semi-Detached,Established,Freehold,18,,PORTAGE CRESCENT,LEEDS,LEEDS,LEEDS,WEST YORKSHIRE,Standard,Addition,53.7950930000,-1.4769090000
122500,2004-06-11 00:00:00Z,LS15 0LX,Semi-Detached,Established,Freehold,30,,BROADWAY,LEEDS,LEEDS,LEEDS,WEST YORKSHIRE,Standard,Addition,53.7925010000,-1.4739660000
65025,2004-10-15 00:00:00Z,LS15 0DP,Flats/Maisonettes,Established,Leasehold,25,,TEMPLE COURT,LEEDS,LEEDS,LEEDS,WEST YORKSHIRE,Standard,Addition,53.7949940000,-1.4706100000
69970,2004-01-22 00:00:00Z,LS15 7JA,Terraced,Established,Freehold,107,,MORRITT DRIVE,LEEDS,LEEDS,LEEDS,WEST YORKSHIRE,Standard,Addition,53.7985240000,-1.4741790000
52000,2004-07-23 00:00:00Z,LS15 0NZ,Semi-Detached,Established,Freehold,34,,RATHMELL ROAD,LEEDS,LEEDS,LEEDS,WEST YORKSHIRE,Standard,Addition,53.7919410000,-1.4773880000
125000,2004-12-08 00:00:00Z,LS15 0LT,Semi-Detached,Established,Freehold,4,,LOMBARD STREET,LEEDS,LEEDS,LEEDS,WEST YORKSHIRE,Standard,Addition,53.7930840000,-1.4758260000
145000,2004-09-24 00:00:00Z,LS15 7HZ,Terraced,Established,Freehold,1,FLAT 4,MORRITT DRIVE,LEEDS,LEEDS,LEEDS,WEST YORKSHIRE,Standard,Addition,53.7975810000,-1.4723080000
99000,2004-05-04 00:00:00Z,LS15 0EA,Semi-Detached,Established,Freehold,24,,PORTAGE CRESCENT,LEEDS,LEEDS,LEEDS,WEST YORKSHIRE,Standard,Addition,53.7950930000,-1.4769090000
117000,2004-09-21 00:00:00Z,LS15 0DW,Terraced,Established,Freehold,7A,,IRWIN APPROACH,,LEEDS,LEEDS,WEST YORKSHIRE,Standard,Addition,53.7955510000,-1.4706330000
111000,2004-06-04 00:00:00Z,LS15 0DU,Semi-Detached,Established,Freehold,20,,OAK ROAD,LEEDS,LEEDS,LEEDS,WEST YORKSHIRE,Standard,Addition,53.7964610000,-1.4757110000
91000,2004-01-12 00:00:00Z,LS15 7HU,Semi-Detached,Established,Freehold,2,,MORRITT GROVE,LEEDS,LEEDS,BRADFORD,WEST YORKSHIRE,Standard,Addition,53.7970590000,-1.4721020000
110000,2004-03-12 00:00:00Z,LS15 7JU,Terraced,Established,Freehold,8,,WILLIAM AVENUE,LEEDS,LEEDS,LEEDS,WEST YORKSHIRE,Standard,Addition,53.7991380000,-1.4790290000
108000,2004-04-02 00:00:00Z,LS15 7JB,Semi-Detached,Established,Freehold,5,,PRIMROSE GARTH,LEEDS,LEEDS,LEEDS,WEST YORKSHIRE,Standard,Addition,53.7971500000,-1.4703250000
90000,2005-11-02 00:00:00Z,LS15 7HZ,Flats/Maisonettes,New Build,Leasehold,1,FLAT 1,MORRITT DRIVE,,LEEDS,LEEDS,WEST YORKSHIRE,Standard,Addition,53.7975810000,-1.4723080000
70000,2005-05-17 00:00:00Z,LS15 7HW,Flats/Maisonettes,Established,Leasehold,219A,,SELBY ROAD,,LEEDS,LEEDS,WEST YORKSHIRE,Standard,Addition,53.7960720000,-1.4710250000
115000,2005-03-21 00:00:00Z,LS15 0DW,Terraced,Established,Freehold,11,,IRWIN APPROACH,,LEEDS,LEEDS,WEST YORKSHIRE,Standard,Addition,53.7955510000,-1.4706330000
105000,2005-09-23 00:00:00Z,LS15 0DW,Terraced,Established,Freehold,5,,IRWIN APPROACH,,LEEDS,LEEDS,WEST YORKSHIRE,Standard,Addition,53.7955510000,-1.4706330000
128000,2005-04-15 00:00:00Z,LS15 7JJ,Semi-Detached,Established,Freehold,21,,WILLIAM VIEW,,LEEDS,LEEDS,WEST YORKSHIRE,Standard,Addition,53.7993060000,-1.4783140000
140000,2005-04-29 00:00:00Z,LS15 0LX,Semi-Detached,Established,Freehold,27,,BROADWAY,,LEEDS,LEEDS,WEST YORKSHIRE,Standard,Addition,53.7925010000,-1.4739660000
150000,2005-07-04 00:00:00Z,LS15 0DW,Terraced,Established,Freehold,11,,IRWIN APPROACH,,LEEDS,LEEDS,WEST YORKSHIRE,Standard,Addition,53.7955510000,-1.4706330000
177500,2005-06-30 00:00:00Z,LS15 0LL,Semi-Detached,Established,Freehold,19,,PLANTATION AVENUE,,LEEDS,LEEDS,WEST YORKSHIRE,Standard,Addition,53.7921600000,-1.4700690000
108000,2005-04-07 00:00:00Z,LS15 7JA,Terraced,Established,Freehold,81,,MORRITT DRIVE,LEEDS,LEEDS,LEEDS,WEST YORKSHIRE,Standard,Addition,53.7985240000,-1.4741790000
133500,2005-01-21 00:00:00Z,LS15 0DU,Semi-Detached,Established,Freehold,44,,OAK ROAD,LEEDS,LEEDS,LEEDS,WEST YORKSHIRE,Standard,Addition,53.7964610000,-1.4757110000
180000,2005-05-06 00:00:00Z,LS15 0ED,Semi-Detached,Established,Freehold,5,,WILLOW CRESCENT,,LEEDS,LEEDS,WEST YORKSHIRE,Standard,Addition,53.7960180000,-1.4767150000
250000,2005-10-27 00:00:00Z,LS15 0QL,Semi-Detached,Established,Freehold,"CLOCK TOWER LOFTS, 178",9,SELBY ROAD,LEEDS,LEEDS,LEEDS,WEST YORKSHIRE,Standard,Addition,53.7957200000,-1.4702060000
64995,2005-03-04 00:00:00Z,LS15 0AL,Semi-Detached,Established,Freehold,20,,COTTERDALE VIEW,,LEEDS,LEEDS,WEST YORKSHIRE,Standard,Addition,53.7912730000,-1.4787350000
149950,2005-11-07 00:00:00Z,LS15 0DS,Semi-Detached,Established,Freehold,15,,OAK CRESCENT,LEEDS,LEEDS,LEEDS,WEST YORKSHIRE,Standard,Addition,53.7946520000,-1.4725420000
115000,2005-07-22 00:00:00Z,LS15 0LT,Semi-Detached,Established,Freehold,42,,LOMBARD STREET,LEEDS,LEEDS,LEEDS,WEST YORKSHIRE,Standard,Addition,53.7930840000,-1.4758260000
100000,2005-09-28 00:00:00Z,LS15 0ED,Semi-Detached,Established,Freehold,6,,WILLOW CRESCENT,LEEDS,LEEDS,LEEDS,WEST YORKSHIRE,Standard,Addition,53.7960180000,-1.4767150000
144000,2005-08-16 00:00:00Z,LS15 7HW,Flats/Maisonettes,Established,Freehold,219A,,SELBY ROAD,LEEDS,LEEDS,LEEDS,WEST YORKSHIRE,Standard,Addition,53.7960720000,-1.4710250000
136000,2005-08-17 00:00:00Z,LS15 7JG,Semi-Detached,Established,Freehold,141,,SELBY ROAD,LEEDS,LEEDS,LEEDS,WEST YORKSHIRE,Standard,Addition,53.7983010000,-1.4766110000
108000,2005-03-23 00:00:00Z,LS15 7HZ,Terraced,Established,Freehold,23,,MORRITT DRIVE,LEEDS,LEEDS,LEEDS,WEST YORKSHIRE,Standard,Addition,53.7975810000,-1.4723080000
90000,2005-11-02 00:00:00Z,LS15 7HZ,Flats/Maisonettes,Established,Leasehold,1,FLAT 2,MORRITT DRIVE,,LEEDS,LEEDS,WEST YORKSHIRE,Standard,Addition,53.7975810000,-1.4723080000
150000,2005-09-07 00:00:00Z,LS15 0LX,Semi-Detached,Established,Freehold,4,,BROADWAY,,LEEDS,LEEDS,WEST YORKSHIRE,Standard,Addition,53.7925010000,-1.4739660000
122000,2005-09-13 00:00:00Z,LS15 0LU,Semi-Detached,Established,Freehold,18,,ALEXANDER AVENUE,,LEEDS,LEEDS,WEST YORKSHIRE,Standard,Addition,53.7937150000,-1.4740870000
150000,2005-03-11 00:00:00Z,LS15 0LU,Semi-Detached,Established,Freehold,16,,ALEXANDER AVENUE,,LEEDS,LEEDS,WEST YORKSHIRE,Standard,Addition,53.7937150000,-1.4740870000
126000,2005-04-08 00:00:00Z,LS15 0LX,Semi-Detached,Established,Freehold,21,,BROADWAY,LEEDS,LEEDS,LEEDS,WEST YORKSHIRE,Standard,Addition,53.7925010000,-1.4739660000
191500,2005-04-15 00:00:00Z,LS15 0DW,Terraced,Established,Freehold,7A,,IRWIN APPROACH,,LEEDS,LEEDS,WEST YORKSHIRE,Standard,Addition,53.7955510000,-1.4706330000
72000,2005-11-25 00:00:00Z,LS15 0DP,Flats/Maisonettes,Established,Leasehold,9,,TEMPLE COURT,LEEDS,LEEDS,LEEDS,WEST YORKSHIRE,Standard,Addition,53.7949940000,-1.4706100000
87950,2005-01-31 00:00:00Z,LS15 7JU,Semi-Detached,Established,Leasehold,1,,WILLIAM AVENUE,,LEEDS,LEEDS,WEST YORKSHIRE,Standard,Addition,53.7991380000,-1.4790290000
130000,2005-04-25 00:00:00Z,LS15 0DS,Terraced,Established,Freehold,3,,OAK CRESCENT,,LEEDS,LEEDS,WEST YORKSHIRE,Standard,Addition,53.7946520000,-1.4725420000
107500,2005-01-07 00:00:00Z,LS15 7JG,Semi-Detached,Established,Freehold,125A,,SELBY ROAD,LEEDS,LEEDS,LEEDS,WEST YORKSHIRE,Standard,Addition,53.7983010000,-1.4766110000
112000,2005-08-12 00:00:00Z,LS15 0DU,Semi-Detached,Established,Freehold,22,,OAK ROAD,LEEDS,LEEDS,LEEDS,WEST YORKSHIRE,Standard,Addition,53.7964610000,-1.4757110000
93500,2005-12-20 00:00:00Z,LS15 0NS,Semi-Detached,Established,Freehold,35,,RATHMELL ROAD,LEEDS,LEEDS,LEEDS,WEST YORKSHIRE,Standard,Addition,53.7937120000,-1.4779310000
90000,2005-11-02 00:00:00Z,LS15 7HZ,Flats/Maisonettes,New Build,Leasehold,1,FLAT 4,MORRITT DRIVE,,LEEDS,LEEDS,WEST YORKSHIRE,Standard,Addition,53.7975810000,-1.4723080000
90000,2005-09-02 00:00:00Z,LS15 0NA,Flats/Maisonettes,Established,Leasehold,6,,HOWARD COURT,,LEEDS,LEEDS,WEST YORKSHIRE,Standard,Addition,53.7926110000,-1.4744960000
90000,2005-10-28 00:00:00Z,LS15 0NS,Semi-Detached,Established,Freehold,37,,RATHMELL ROAD,LEEDS,LEEDS,LEEDS,WEST YORKSHIRE,Standard,Addition,53.7937120000,-1.4779310000
135000,2005-03-24 00:00:00Z,LS15 0LR,Semi-Detached,Established,Freehold,15,,SHERBROOKE AVENUE,,LEEDS,LEEDS,WEST YORKSHIRE,Standard,Addition,53.7941120000,-1.4745680000
200000,2005-08-19 00:00:00Z,LS15 0LX,Semi-Detached,Established,Freehold,15,,BROADWAY,LEEDS,LEEDS,LEEDS,WEST YORKSHIRE,Standard,Addition,53.7925010000,-1.4739660000
153000,2005-08-23 00:00:00Z,LS15 0LY,Detached,Established,Freehold,10,,HOWARD AVENUE,LEEDS,LEEDS,LEEDS,WEST YORKSHIRE,Standard,Addition,53.7928230000,-1.4737190000
89995,2005-06-24 00:00:00Z,LS15 0NS,Semi-Detached,Established,Freehold,21,,RATHMELL ROAD,,LEEDS,LEEDS,WEST YORKSHIRE,Standard,Addition,53.7937120000,-1.4779310000
20000,2005-10-19 00:00:00Z,LS15 0AH,Terraced,Established,Freehold,86,,HALTON MOOR ROAD,LEEDS,LEEDS,LEEDS,WEST YORKSHIRE,Standard,Addition,53.7903960000,-1.4776950000
128000,2005-02-08 00:00:00Z,LS15 0EA,Semi-Detached,Established,Freehold,19,,PORTAGE CRESCENT,,LEEDS,LEEDS,WEST YORKSHIRE,Standard,Addition,53.7950930000,-1.4769090000
77500,2005-09-30 00:00:00Z,LS15 0DP,Terraced,Established,Leasehold,7,,TEMPLE COURT,,LEEDS,LEEDS,WEST YORKSHIRE,Standard,Addition,53.7949940000,-1.4706100000
145000,2005-03-08 00:00:00Z,LS15 0LT,Semi-Detached,Established,Freehold,16,,LOMBARD STREET,,LEEDS,LEEDS,WEST YORKSHIRE,Standard,Addition,53.7930840000,-1.4758260000
144950,2005-05-20 00:00:00Z,LS15 7JB,Semi-Detached,Established,Freehold,8,,PRIMROSE GARTH,,LEEDS,LEEDS,WEST YORKSHIRE,Standard,Addition,53.7971500000,-1.4703250000
138500,2005-07-15 00:00:00Z,LS15 0LR,Semi-Detached,Established,Freehold,15,,SHERBROOKE AVENUE,,LEEDS,LEEDS,WEST YORKSHIRE,Standard,Addition,53.7941120000,-1.4745680000
83000,2006-09-29 00:00:00Z,LS15 0BE,Terraced,Established,Freehold,70,,CORONATION PARADE,LEEDS,LEEDS,LEEDS,WEST YORKSHIRE,Standard,Addition,53.7923650000,-1.4799330000
144000,2006-10-06 00:00:00Z,LS15 0EA,Semi-Detached,Established,Freehold,18,,PORTAGE CRESCENT,,LEEDS,LEEDS,WEST YORKSHIRE,Standard,Addition,53.7950930000,-1.4769090000
89950,2006-05-19 00:00:00Z,LS15 0QL,Flats/Maisonettes,Established,Leasehold,"CLOCK TOWER LOFTS, 178",8,SELBY ROAD,LEEDS,LEEDS,LEEDS,WEST YORKSHIRE,Standard,Addition,53.7957200000,-1.4702060000
136500,2006-01-16 00:00:00Z,LS15 7JB,Semi-Detached,Established,Freehold,6,,PRIMROSE GARTH,LEEDS,LEEDS,LEEDS,WEST YORKSHIRE,Standard,Addition,53.7971500000,-1.4703250000
133000,2006-03-20 00:00:00Z,LS15 0DY,Semi-Detached,Established,Freehold,25,,PORTAGE AVENUE,LEEDS,LEEDS,LEEDS,WEST YORKSHIRE,Standard,Addition,53.7959680000,-1.4755010000
114950,2006-05-05 00:00:00Z,LS15 0LY,Semi-Detached,Established,Freehold,17,,HOWARD AVENUE,LEEDS,LEEDS,LEEDS,WEST YORKSHIRE,Standard,Addition,53.7928230000,-1.4737190000
137000,2006-08-30 00:00:00Z,LS15 0LX,Semi-Detached,Established,Freehold,30,,BROADWAY,LEEDS,LEEDS,LEEDS,WEST YORKSHIRE,Standard,Addition,53.7925010000,-1.4739660000
225000,2006-06-05 00:00:00Z,LS15 7HT,Semi-Detached,Established,Freehold,163,,SELBY ROAD,LEEDS,LEEDS,LEEDS,WEST YORKSHIRE,Standard,Addition,53.7970200000,-1.4734540000
119000,2006-04-19 00:00:00Z,LS15 0ED,Semi-Detached,Established,Freehold,8,,WILLOW CRESCENT,LEEDS,LEEDS,LEEDS,WEST YORKSHIRE,Standard,Addition,53.7960180000,-1.4767150000
136500,2006-03-24 00:00:00Z,LS15 0LU,Semi-Detached,Established,Freehold,30,,ALEXANDER AVENUE,LEEDS,LEEDS,LEEDS,WEST YORKSHIRE,Standard,Addition,53.7937150000,-1.4740870000
80000,2006-12-01 00:00:00Z,LS15 7HW,Flats/Maisonettes,Established,Leasehold,219A,,SELBY ROAD,LEEDS,LEEDS,LEEDS,WEST YORKSHIRE,Standard,Addition,53.7960720000,-1.4710250000
142000,2006-12-15 00:00:00Z,LS15 7JU,Terraced,Established,Freehold,8,,WILLIAM AVENUE,LEEDS,LEEDS,LEEDS,WEST YORKSHIRE,Standard,Addition,53.7991380000,-1.4790290000
154000,2006-05-19 00:00:00Z,LS15 0DX,Semi-Detached,Established,Freehold,28,,TEMPLENEWSAM ROAD,LEEDS,LEEDS,LEEDS,WEST YORKSHIRE,Standard,Addition,53.7963290000,-1.4742400000
185000,2006-02-17 00:00:00Z,LS15 7HT,Semi-Detached,Established,Freehold,175,,SELBY ROAD,LEEDS,LEEDS,LEEDS,WEST YORKSHIRE,Standard,Addition,53.7970200000,-1.4734540000
141500,2006-02-08 00:00:00Z,LS15 7HZ,Terraced,Established,Freehold,15,,MORRITT DRIVE,LEEDS,LEEDS,LEEDS,WEST YORKSHIRE,Standard,Addition,53.7975810000,-1.4723080000
117000,2006-10-06 00:00:00Z,LS15 7HZ,Terraced,Established,Freehold,67,,MORRITT DRIVE,LEEDS,LEEDS,LEEDS,WEST YORKSHIRE,Standard,Addition,53.7975810000,-1.4723080000
141000,2006-07-10 00:00:00Z,LS15 7JN,Semi-Detached,Established,Freehold,2,,WILLIAM RISE,LEEDS,LEEDS,LEEDS,WEST YORKSHIRE,Standard,Addition,53.7997320000,-1.4792040000
70000,2006-09-25 00:00:00Z,LS15 0EG,Semi-Detached,Established,Freehold,136,,SELBY ROAD,,LEEDS,LEEDS,WEST YORKSHIRE,Standard,Addition,53.7982180000,-1.4781600000
90950,2006-03-03 00:00:00Z,LS15 0QL,Flats/Maisonettes,New Build,Leasehold,"CLOCK TOWER LOFTS, 178",7,SELBY ROAD,,LEEDS,LEEDS,WEST YORKSHIRE,Standard,Addition,53.7957200000,-1.4702060000
133000,2006-09-08 00:00:00Z,LS15 0DY,Semi-Detached,Established,Freehold,"NEWBOLD, 21",,PORTAGE AVENUE,LEEDS,LEEDS,LEEDS,WEST YORKSHIRE,Standard,Addition,53.7959680000,-1.4755010000
115000,2006-01-06 00:00:00Z,LS15 7JQ,Terraced,Established,Freehold,4,,WILLOW WELL ROAD,LEEDS,LEEDS,LEEDS,WEST YORKSHIRE,Standard,Addition,53.7983130000,-1.4753350000
90000,2006-08-04 00:00:00Z,LS15 0DP,Flats/Maisonettes,Established,Leasehold,22,,TEMPLE COURT,LEEDS,LEEDS,LEEDS,WEST YORKSHIRE,Standard,Addition,53.7949940000,-1.4706100000
135000,2006-06-23 00:00:00Z,LS15 0LU,Semi-Detached,Established,Freehold,29,,ALEXANDER AVENUE,LEEDS,LEEDS,LEEDS,WEST YORKSHIRE,Standard,Addition,53.7937150000,-1.4740870000
138000,2006-05-12 00:00:00Z,LS15 0LY,Semi-Detached,Established,Freehold,16,,HOWARD AVENUE,LEEDS,LEEDS,LEEDS,WEST YORKSHIRE,Standard,Addition,53.7928230000,-1.4737190000
160000,2006-06-23 00:00:00Z,LS15 7JA,Terraced,Established,Freehold,95,,MORRITT DRIVE,LEEDS,LEEDS,LEEDS,WEST YORKSHIRE,Standard,Addition,53.7985240000,-1.4741790000
107000,2006-10-27 00:00:00Z,LS15 0QL,Flats/Maisonettes,New Build,Leasehold,"CLOCK TOWER LOFTS, 178",6,SELBY ROAD,,LEEDS,LEEDS,WEST YORKSHIRE,Standard,Addition,53.7957200000,-1.4702060000
148900,2006-10-06 00:00:00Z,LS15 0LU,Semi-Detached,Established,Freehold,22,,ALEXANDER AVENUE,LEEDS,LEEDS,LEEDS,WEST YORKSHIRE,Standard,Addition,53.7937150000,-1.4740870000
127000,2006-04-07 00:00:00Z,LS15 7JN,Semi-Detached,Established,Freehold,21,,WILLIAM RISE,LEEDS,LEEDS,LEEDS,WEST YORKSHIRE,Standard,Addition,53.7997320000,-1.4792040000
149950,2006-11-03 00:00:00Z,LS15 0DX,Semi-Detached,Established,Freehold,32,,TEMPLENEWSAM ROAD,LEEDS,LEEDS,LEEDS,WEST YORKSHIRE,Standard,Addition,53.7963290000,-1.4742400000
147000,2006-04-07 00:00:00Z,LS15 0LL,Semi-Detached,Established,Freehold,21,,PLANTATION AVENUE,LEEDS,LEEDS,LEEDS,WEST YORKSHIRE,Standard,Addition,53.7921600000,-1.4700690000
128500,2006-11-01 00:00:00Z,LS15 0LU,Semi-Detached,Established,Freehold,15,,ALEXANDER AVENUE,LEEDS,LEEDS,LEEDS,WEST YORKSHIRE,Standard,Addition,53.7937150000,-1.4740870000
162000,2006-01-09 00:00:00Z,LS15 7HZ,Terraced,Established,Freehold,11,,MORRITT DRIVE,LEEDS,LEEDS,LEEDS,WEST YORKSHIRE,Standard,Addition,53.7975810000,-1.4723080000
185000,2006-06-23 00:00:00Z,LS15 7HZ,Terraced,Established,Freehold,23,,MORRITT DRIVE,LEEDS,LEEDS,LEEDS,WEST YORKSHIRE,Standard,Addition,53.7975810000,-1.4723080000
154950,2006-08-18 00:00:00Z,LS15 0DS,Semi-Detached,Established,Freehold,23,,OAK CRESCENT,LEEDS,LEEDS,LEEDS,WEST YORKSHIRE,Standard,Addition,53.7946520000,-1.4725420000
89995,2006-11-10 00:00:00Z,LS15 0DP,Flats/Maisonettes,Established,Leasehold,9,,TEMPLE COURT,LEEDS,LEEDS,LEEDS,WEST YORKSHIRE,Standard,Addition,53.7949940000,-1.4706100000
54000,2006-06-19 00:00:00Z,LS15 0NX,Semi-Detached,Established,Freehold,58,,WESTMINSTER CRESCENT,,LEEDS,LEEDS,WEST YORKSHIRE,Standard,Addition,53.7918150000,-1.4778940000
130000,2006-02-27 00:00:00Z,LS15 0DY,Semi-Detached,Established,Freehold,32,,PORTAGE AVENUE,LEEDS,LEEDS,LEEDS,WEST YORKSHIRE,Standard,Addition,53.7959680000,-1.4755010000
97500,2006-04-28 00:00:00Z,LS15 0NA,Flats/Maisonettes,Established,Leasehold,5,,HOWARD COURT,LEEDS,LEEDS,LEEDS,WEST YORKSHIRE,Standard,Addition,53.7926110000,-1.4744960000
136500,2006-06-30 00:00:00Z,LS15 0DY,Semi-Detached,Established,Freehold,9,,PORTAGE AVENUE,LEEDS,LEEDS,LEEDS,WEST YORKSHIRE,Standard,Addition,53.7959680000,-1.4755010000
131000,2006-09-29 00:00:00Z,LS15 7HU,Semi-Detached,Established,Freehold,9,,MORRITT GROVE,LEEDS,LEEDS,LEEDS,WEST YORKSHIRE,Standard,Addition,53.7970590000,-1.4721020000
107000,2006-12-20 00:00:00Z,LS15 7JU,Semi-Detached,Established,Leasehold,1,,WILLIAM AVENUE,LEEDS,LEEDS,LEEDS,WEST YORKSHIRE,Standard,Addition,53.7991380000,-1.4790290000
115000,2006-10-20 00:00:00Z,LS15 0DU,Semi-Detached,Established,Freehold,32,,OAK ROAD,LEEDS,LEEDS,LEEDS,WEST YORKSHIRE,Standard,Addition,53.7964610000,-1.4757110000
80000,2006-06-26 00:00:00Z,LS15 0EN,Terraced,Established,Freehold,1,,BOWLAND CLOSE,LEEDS,LEEDS,LEEDS,WEST YORKSHIRE,Standard,Addition,53.7951420000,-1.4798680000
124500,2006-10-30 00:00:00Z,LS15 0DY,Semi-Detached,Established,Freehold,14,,PORTAGE AVENUE,LEEDS,LEEDS,LEEDS,WEST YORKSHIRE,Standard,Addition,53.7959680000,-1.4755010000
159995,2006-12-06 00:00:00Z,LS15 0LL,Semi-Detached,Established,Freehold,10,,PLANTATION AVENUE,LEEDS,LEEDS,LEEDS,WEST YORKSHIRE,Standard,Addition,53.7921600000,-1.4700690000
147000,2006-08-03 00:00:00Z,LS15 0LR,Semi-Detached,Established,Freehold,35,,SHERBROOKE AVENUE,LEEDS,LEEDS,LEEDS,WEST YORKSHIRE,Standard,Addition,53.7941120000,-1.4745680000
109000,2006-01-27 00:00:00Z,LS15 0NA,Flats/Maisonettes,Established,Leasehold,1,,HOWARD COURT,,LEEDS,LEEDS,WEST YORKSHIRE,Standard,Addition,53.7926110000,-1.4744960000
149950,2006-12-01 00:00:00Z,LS15 0DU,Semi-Detached,Established,Freehold,20,,OAK ROAD,LEEDS,LEEDS,LEEDS,WEST YORKSHIRE,Standard,Addition,53.7964610000,-1.4757110000
147500,2006-03-17 00:00:00Z,LS15 0DU,Semi-Detached,Established,Freehold,21,,OAK ROAD,LEEDS,LEEDS,LEEDS,WEST YORKSHIRE,Standard,Addition,53.7964610000,-1.4757110000
144000,2007-11-12 00:00:00Z,LS15 7JB,Semi-Detached,Established,Freehold,5,,PRIMROSE GARTH,LEEDS,LEEDS,LEEDS,WEST YORKSHIRE,Standard,Addition,53.7971500000,-1.4703250000
243000,2007-06-26 00:00:00Z,LS15 0LW,Detached,Established,Freehold,38,,TEMPLENEWSAM VIEW,LEEDS,LEEDS,LEEDS,WEST YORKSHIRE,Standard,Addition,53.7919670000,-1.4730920000
98950,2007-10-12 00:00:00Z,LS15 0QL,Flats/Maisonettes,Established,Leasehold,"CLOCK TOWER LOFTS, 178",2,SELBY ROAD,LEEDS,LEEDS,LEEDS,WEST YORKSHIRE,Standard,Addition,53.7957200000,-1.4702060000
158999,2007-10-02 00:00:00Z,LS15 0LX,Semi-Detached,Established,Freehold,24,,BROADWAY,LEEDS,LEEDS,LEEDS,WEST YORKSHIRE,Standard,Addition,53.7925010000,-1.4739660000
83000,2007-09-21 00:00:00Z,LS15 0DP,Flats/Maisonettes,Established,Leasehold,3,,TEMPLE COURT,LEEDS,LEEDS,LEEDS,WEST YORKSHIRE,Standard,Addition,53.7949940000,-1.4706100000
155000,2007-04-27 00:00:00Z,LS15 0LU,Semi-Detached,Established,Freehold,25,,ALEXANDER AVENUE,LEEDS,LEEDS,LEEDS,WEST YORKSHIRE,Standard,Addition,53.7937150000,-1.4740870000
158995,2007-10-03 00:00:00Z,LS15 0LT,Semi-Detached,Established,Freehold,23,,LOMBARD STREET,LEEDS,LEEDS,LEEDS,WEST YORKSHIRE,Standard,Addition,53.7930840000,-1.4758260000
238995,2007-03-23 00:00:00Z,LS15 0DR,Detached,Established,Freehold,86,,TEMPLENEWSAM ROAD,LEEDS,LEEDS,LEEDS,WEST YORKSHIRE,Standard,Addition,53.7942450000,-1.4720190000
78000,2007-06-01 00:00:00Z,LS15 0EN,Semi-Detached,Established,Freehold,6,,BOWLAND CLOSE,LEEDS,LEEDS,LEEDS,WEST YORKSHIRE,Standard,Addition,53.7951420000,-1.4798680000
81500,2007-12-07 00:00:00Z,LS15 0QL,Flats/Maisonettes,Established,Leasehold,"CLOCK TOWER LOFTS, 178",1,SELBY ROAD,LEEDS,LEEDS,LEEDS,WEST YORKSHIRE,Standard,Addition,53.7957200000,-1.4702060000
84995,2007-11-28 00:00:00Z,LS15 0QL,Flats/Maisonettes,Established,Leasehold,"CLOCK TOWER LOFTS, 178",4,SELBY ROAD,LEEDS,LEEDS,LEEDS,WEST YORKSHIRE,Standard,Addition,53.7957200000,-1.4702060000
158000,2007-10-26 00:00:00Z,LS15 7HZ,Semi-Detached,Established,Freehold,53,,MORRITT DRIVE,LEEDS,LEEDS,LEEDS,WEST YORKSHIRE,Standard,Addition,53.7975810000,-1.4723080000
159995,2007-05-18 00:00:00Z,LS15 7JB,Semi-Detached,Established,Freehold,8,,PRIMROSE GARTH,LEEDS,LEEDS,LEEDS,WEST YORKSHIRE,Standard,Addition,53.7971500000,-1.4703250000
106000,2007-05-01 00:00:00Z,LS15 0DP,Semi-Detached,Established,Leasehold,18,,TEMPLE COURT,LEEDS,LEEDS,LEEDS,WEST YORKSHIRE,Standard,Addition,53.7949940000,-1.4706100000
76000,2007-01-25 00:00:00Z,LS15 0NZ,Semi-Detached,Established,Freehold,40,,RATHMELL ROAD,LEEDS,LEEDS,LEEDS,WEST YORKSHIRE,Standard,Addition,53.7919410000,-1.4773880000
175000,2007-01-18 00:00:00Z,LS15 7HZ,Terraced,Established,Freehold,51,,MORRITT DRIVE,LEEDS,LEEDS,LEEDS,WEST YORKSHIRE,Standard,Addition,53.7975810000,-1.4723080000
153000,2007-08-13 00:00:00Z,LS15 0LX,Semi-Detached,Established,Freehold,23,,BROADWAY,LEEDS,LEEDS,LEEDS,WEST YORKSHIRE,Standard,Addition,53.7925010000,-1.4739660000
105000,2007-03-27 00:00:00Z,LS15 7JQ,Semi-Detached,Established,Freehold,20,,WILLOW WELL ROAD,LEEDS,LEEDS,LEEDS,WEST YORKSHIRE,Standard,Addition,53.7983130000,-1.4753350000
145000,2007-11-16 00:00:00Z,LS15 0DY,Semi-Detached,Established,Freehold,5,,PORTAGE AVENUE,LEEDS,LEEDS,LEEDS,WEST YORKSHIRE,Standard,Addition,53.7959680000,-1.4755010000
198000,2007-12-20 00:00:00Z,LS15 0LX,Semi-Detached,Established,Freehold,11,,BROADWAY,LEEDS,LEEDS,LEEDS,WEST YORKSHIRE,Standard,Addition,53.7925010000,-1.4739660000
137500,2007-07-17 00:00:00Z,LS15 0LX,Semi-Detached,Established,Freehold,3,,BROADWAY,LEEDS,LEEDS,LEEDS,WEST YORKSHIRE,Standard,Addition,53.7925010000,-1.4739660000
149950,2007-11-16 00:00:00Z,LS15 7JN,Semi-Detached,Established,Freehold,16,,WILLIAM RISE,LEEDS,LEEDS,LEEDS,WEST YORKSHIRE,Standard,Addition,53.7997320000,-1.4792040000
166000,2007-08-17 00:00:00Z,LS15 0EA,Semi-Detached,Established,Freehold,13,,PORTAGE CRESCENT,LEEDS,LEEDS,LEEDS,WEST YORKSHIRE,Standard,Addition,53.7950930000,-1.4769090000
89995,2007-02-28 00:00:00Z,LS15 0DP,Flats/Maisonettes,Established,Leasehold,6,,TEMPLE COURT,LEEDS,LEEDS,LEEDS,WEST YORKSHIRE,Standard,Addition,53.7949940000,-1.4706100000
63000,2007-03-30 00:00:00Z,LS15 0NS,Semi-Detached,Established,Freehold,16,,RATHMELL ROAD,LEEDS,LEEDS,LEEDS,WEST YORKSHIRE,Standard,Addition,53.7937120000,-1.4779310000
156000,2007-08-31 00:00:00Z,LS15 0LX,Semi-Detached,Established,Freehold,30,,BROADWAY,LEEDS,LEEDS,LEEDS,WEST YORKSHIRE,Standard,Addition,53.7925010000,-1.4739660000
184000,2007-10-05 00:00:00Z,LS15 0LX,Semi-Detached,Established,Freehold,6,,BROADWAY,LEEDS,LEEDS,LEEDS,WEST YORKSHIRE,Standard,Addition,53.7925010000,-1.4739660000
138000,2007-03-27 00:00:00Z,LS15 0DY,Semi-Detached,Established,Freehold,34,,PORTAGE AVENUE,LEEDS,LEEDS,LEEDS,WEST YORKSHIRE,Standard,Addition,53.7959680000,-1.4755010000
157000,2007-08-03 00:00:00Z,LS15 0LL,Semi-Detached,Established,Freehold,15,,PLANTATION AVENUE,LEEDS,LEEDS,LEEDS,WEST YORKSHIRE,Standard,Addition,53.7921600000,-1.4700690000
157000,2007-06-29 00:00:00Z,LS15 0LX,Detached,Established,Freehold,28,,BROADWAY,LEEDS,LEEDS,LEEDS,WEST YORKSHIRE,Standard,Addition,53.7925010000,-1.4739660000
144000,2007-02-21 00:00:00Z,LS15 0DX,Semi-Detached,Established,Freehold,8,,TEMPLENEWSAM ROAD,LEEDS,LEEDS,LEEDS,WEST YORKSHIRE,Standard,Addition,53.7963290000,-1.4742400000
149995,2007-08-24 00:00:00Z,LS15 0DY,Semi-Detached,Established,Freehold,7,,PORTAGE AVENUE,LEEDS,LEEDS,LEEDS,WEST YORKSHIRE,Standard,Addition,53.7959680000,-1.4755010000
147000,2007-01-25 00:00:00Z,LS15 0DY,Semi-Detached,Established,Freehold,12,,PORTAGE AVENUE,LEEDS,LEEDS,LEEDS,WEST YORKSHIRE,Standard,Addition,53.7959680000,-1.4755010000
106250,2007-09-21 00:00:00Z,LS15 0NA,Flats/Maisonettes,Established,Leasehold,6,,HOWARD COURT,LEEDS,LEEDS,LEEDS,WEST YORKSHIRE,Standard,Addition,53.7926110000,-1.4744960000
170000,2007-09-25 00:00:00Z,LS15 0ED,Semi-Detached,Established,Freehold,8,,WILLOW CRESCENT,LEEDS,LEEDS,LEEDS,WEST YORKSHIRE,Standard,Addition,53.7960180000,-1.4767150000
16000,2007-08-16 00:00:00Z,LS15 7HZ,Terraced,Established,Freehold,1,FLAT 4,MORRITT DRIVE,LEEDS,LEEDS,LEEDS,WEST YORKSHIRE,Standard,Addition,53.7975810000,-1.4723080000
146000,2007-08-24 00:00:00Z,LS15 0DU,Semi-Detached,Established,Freehold,54,,OAK ROAD,LEEDS,LEEDS,LEEDS,WEST YORKSHIRE,Standard,Addition,53.7964610000,-1.4757110000
120000,2007-11-30 00:00:00Z,LS15 0LS,Semi-Detached,Established,Freehold,8,,SHERBROOKE AVENUE,LEEDS,LEEDS,LEEDS,WEST YORKSHIRE,Standard,Addition,53.7946570000,-1.4758510000
108000,2007-02-09 00:00:00Z,LS15 0DU,Semi-Detached,Established,Freehold,14,,OAK ROAD,LEEDS,LEEDS,LEEDS,WEST YORKSHIRE,Standard,Addition,53.7964610000,-1.4757110000
165000,2008-05-01 00:00:00Z,LS15 0DJ,Detached,Established,Freehold,2,,TEMPLE MEWS,LEEDS,LEEDS,LEEDS,WEST YORKSHIRE,Standard,Addition,53.7953850000,-1.4701500000
116000,2008-01-18 00:00:00Z,LS15 0DP,Flats/Maisonettes,Established,Leasehold,22,,TEMPLE COURT,LEEDS,LEEDS,LEEDS,WEST YORKSHIRE,Standard,Addition,53.7949940000,-1.4706100000
132500,2008-06-13 00:00:00Z,LS15 0DY,Semi-Detached,Established,Freehold,1,,PORTAGE AVENUE,LEEDS,LEEDS,LEEDS,WEST YORKSHIRE,Standard,Addition,53.7959680000,-1.4755010000
60000,2008-02-01 00:00:00Z,LS15 0AH,Terraced,Established,Freehold,86,,HALTON MOOR ROAD,LEEDS,LEEDS,LEEDS,WEST YORKSHIRE,Standard,Addition,53.7903960000,-1.4776950000
146000,2008-04-18 00:00:00Z,LS15 7JG,Semi-Detached,Established,Freehold,121,,SELBY ROAD,LEEDS,LEEDS,LEEDS,WEST YORKSHIRE,Standard,Addition,53.7983010000,-1.4766110000
150000,2008-05-02 00:00:00Z,LS15 0DJ,Detached,Established,Freehold,1,,TEMPLE MEWS,LEEDS,LEEDS,LEEDS,WEST YORKSHIRE,Standard,Addition,53.7953850000,-1.4701500000
122500,2008-12-19 00:00:00Z,LS15 0NZ,Detached,Established,Freehold,THE HALTON MOOR,,RATHMELL ROAD,LEEDS,LEEDS,LEEDS,WEST YORKSHIRE,Standard,Addition,53.7919410000,-1.4773880000
150000,2008-07-11 00:00:00Z,LS15 7JN,Semi-Detached,Established,Freehold,3,,WILLIAM RISE,LEEDS,LEEDS,LEEDS,WEST YORKSHIRE,Standard,Addition,53.7997320000,-1.4792040000
90000,2008-03-18 00:00:00Z,LS15 7HZ,Flats/Maisonettes,Established,Leasehold,1,FLAT 1,MORRITT DRIVE,LEEDS,LEEDS,LEEDS,WEST YORKSHIRE,Standard,Addition,53.7975810000,-1.4723080000
90000,2008-03-18 00:00:00Z,LS15 7HZ,Flats/Maisonettes,Established,Leasehold,1,FLAT 3,MORRITT DRIVE,LEEDS,LEEDS,LEEDS,WEST YORKSHIRE,Standard,Addition,53.7975810000,-1.4723080000
123000,2008-07-25 00:00:00Z,LS15 7JQ,Terraced,Established,Freehold,22,,WILLOW WELL ROAD,LEEDS,LEEDS,LEEDS,WEST YORKSHIRE,Standard,Addition,53.7983130000,-1.4753350000
181000,2008-04-11 00:00:00Z,LS15 0DY,Semi-Detached,Established,Freehold,23,,PORTAGE AVENUE,LEEDS,LEEDS,LEEDS,WEST YORKSHIRE,Standard,Addition,53.7959680000,-1.4755010000
107500,2008-06-16 00:00:00Z,LS15 7JU,Terraced,Established,Freehold,4,,WILLIAM AVENUE,LEEDS,LEEDS,LEEDS,WEST YORKSHIRE,Standard,Addition,53.7991380000,-1.4790290000
115000,2008-06-06 00:00:00Z,LS15 7JQ,Terraced,Established,Freehold,5,,WILLOW WELL ROAD,LEEDS,LEEDS,LEEDS,WEST YORKSHIRE,Standard,Addition,53.7983130000,-1.4753350000
95000,2008-03-14 00:00:00Z,LS15 7HZ,Flats/Maisonettes,Established,Leasehold,1,FLAT 4,MORRITT DRIVE,LEEDS,LEEDS,LEEDS,WEST YORKSHIRE,Standard,Addition,53.7975810000,-1.4723080000
100000,2008-10-31 00:00:00Z,LS15 0LT,Detached,Established,Freehold,12,,LOMBARD STREET,LEEDS,LEEDS,LEEDS,WEST YORKSHIRE,Standard,Addition,53.7930840000,-1.4758260000
90000,2008-02-20 00:00:00Z,LS15 0AL,Terraced,Established,Freehold,9,,COTTERDALE VIEW,LEEDS,LEEDS,LEEDS,WEST YORKSHIRE,Standard,Addition,53.7912730000,-1.4787350000
133000,2008-08-08 00:00:00Z,LS15 0LU,Semi-Detached,Established,Freehold,4,,ALEXANDER AVENUE,LEEDS,LEEDS,LEEDS,WEST YORKSHIRE,Standard,Addition,53.7937150000,-1.4740870000
95000,2008-03-14 00:00:00Z,LS15 7HZ,Flats/Maisonettes,Established,Leasehold,1,FLAT 2,MORRITT DRIVE,LEEDS,LEEDS,LEEDS,WEST YORKSHIRE,Standard,Addition,53.7975810000,-1.4723080000
202000,2008-09-30 00:00:00Z,LS15 0DR,Semi-Detached,Established,Freehold,64,,TEMPLENEWSAM ROAD,LEEDS,LEEDS,LEEDS,WEST YORKSHIRE,Standard,Addition,53.7942450000,-1.4720190000
54000,2008-07-21 00:00:00Z,LS15 0AL,Semi-Detached,Established,Freehold,24,,COTTERDALE VIEW,LEEDS,LEEDS,LEEDS,WEST YORKSHIRE,Standard,Addition,53.7912730000,-1.4787350000
119995,2008-02-11 00:00:00Z,LS15 0NA,Flats/Maisonettes,Established,Leasehold,5,,HOWARD COURT,LEEDS,LEEDS,LEEDS,WEST YORKSHIRE,Standard,Addition,53.7926110000,-1.4744960000
194000,2008-07-18 00:00:00Z,LS15 0LL,Semi-Detached,Established,Freehold,18A,,PLANTATION AVENUE,LEEDS,LEEDS,LEEDS,WEST YORKSHIRE,Standard,Addition,53.7921600000,-1.4700690000
124000,2008-06-06 00:00:00Z,LS15 0LS,Detached,Established,Freehold,60,,SHERBROOKE AVENUE,LEEDS,LEEDS,LEEDS,WEST YORKSHIRE,Standard,Addition,53.7946570000,-1.4758510000
130000,2008-08-22 00:00:00Z,LS15 0LY,Semi-Detached,Established,Freehold,11,,HOWARD AVENUE,LEEDS,LEEDS,LEEDS,WEST YORKSHIRE,Standard,Addition,53.7928230000,-1.4737190000
84000,2008-05-16 00:00:00Z,LS15 7HZ,Terraced,Established,Freehold,13,,MORRITT DRIVE,LEEDS,LEEDS,LEEDS,WEST YORKSHIRE,Standard,Addition,53.7975810000,-1.4723080000
100000,2009-06-11 00:00:00Z,LS15 0DP,Flats/Maisonettes,Established,Leasehold,6,,TEMPLE COURT,,LEEDS,LEEDS,WEST YORKSHIRE,Standard,Addition,53.7949940000,-1.4706100000
170000,2009-07-24 00:00:00Z,LS15 0LX,Semi-Detached,Established,Freehold,6,,BROADWAY,,LEEDS,LEEDS,WEST YORKSHIRE,Standard,Addition,53.7925010000,-1.4739660000
98000,2009-11-16 00:00:00Z,LS15 0ED,Semi-Detached,Established,Freehold,21,,WILLOW CRESCENT,,LEEDS,LEEDS,WEST YORKSHIRE,Standard,Addition,53.7960180000,-1.4767150000
135000,2009-09-01 00:00:00Z,LS15 0LL,Semi-Detached,Established,Freehold,18,,PLANTATION AVENUE,,LEEDS,LEEDS,WEST YORKSHIRE,Standard,Addition,53.7921600000,-1.4700690000
145000,2009-01-09 00:00:00Z,LS15 7HT,Semi-Detached,Established,Freehold,159,,SELBY ROAD,LEEDS,LEEDS,LEEDS,WEST YORKSHIRE,Standard,Addition,53.7970200000,-1.4734540000
135000,2009-08-28 00:00:00Z,LS15 7HT,Terraced,Established,Freehold,179,,SELBY ROAD,,LEEDS,LEEDS,WEST YORKSHIRE,Standard,Addition,53.7970200000,-1.4734540000
172500,2009-07-30 00:00:00Z,LS15 0LT,Detached,Established,Freehold,12,,LOMBARD STREET,,LEEDS,LEEDS,WEST YORKSHIRE,Standard,Addition,53.7930840000,-1.4758260000
120000,2009-06-26 00:00:00Z,LS15 0LU,Semi-Detached,Established,Freehold,29,,ALEXANDER AVENUE,,LEEDS,LEEDS,WEST YORKSHIRE,Standard,Addition,53.7937150000,-1.4740870000
158000,2009-12-11 00:00:00Z,LS15 0LY,Semi-Detached,Established,Freehold,27,,HOWARD AVENUE,,LEEDS,LEEDS,WEST YORKSHIRE,Standard,Addition,53.7928230000,-1.4737190000
210000,2009-08-07 00:00:00Z,LS15 0LL,Detached,Established,Freehold,24,,PLANTATION AVENUE,,LEEDS,LEEDS,WEST YORKSHIRE,Standard,Addition,53.7921600000,-1.4700690000
78000,2009-01-30 00:00:00Z,LS15 0QL,Flats/Maisonettes,Established,Leasehold,"CLOCK TOWER LOFTS, 178",9,SELBY ROAD,,LEEDS,LEEDS,WEST YORKSHIRE,Standard,Addition,53.7957200000,-1.4702060000
117500,2009-03-19 00:00:00Z,LS15 0DT,Semi-Detached,Established,Freehold,9,,MOOR AVENUE,,LEEDS,LEEDS,WEST YORKSHIRE,Standard,Addition,53.7948920000,-1.4740120000
57000,2009-08-10 00:00:00Z,LS15 0QL,Flats/Maisonettes,Established,Leasehold,"CLOCK TOWER LOFTS, 178",1,SELBY ROAD,,LEEDS,LEEDS,WEST YORKSHIRE,Standard,Addition,53.7957200000,-1.4702060000
120000,2009-03-13 00:00:00Z,LS15 7JJ,Semi-Detached,Established,Freehold,8,,WILLIAM VIEW,LEEDS,LEEDS,LEEDS,WEST YORKSHIRE,Standard,Addition,53.7993060000,-1.4783140000
120000,2010-06-04 00:00:00Z,LS15 0LW,Semi-Detached,Established,Freehold,20,,TEMPLENEWSAM VIEW,,LEEDS,LEEDS,WEST YORKSHIRE,Standard,Addition,53.7919670000,-1.4730920000
185000,2010-10-28 00:00:00Z,LS15 0LL,Semi-Detached,Established,Freehold,19,,PLANTATION AVENUE,,LEEDS,LEEDS,WEST YORKSHIRE,Standard,Addition,53.7921600000,-1.4700690000
138000,2010-07-30 00:00:00Z,LS15 0LX,Semi-Detached,Established,Freehold,16,,BROADWAY,,LEEDS,LEEDS,WEST YORKSHIRE,Standard,Addition,53.7925010000,-1.4739660000
65500,2010-05-27 00:00:00Z,LS15 0NX,Semi-Detached,Established,Freehold,66,,WESTMINSTER CRESCENT,,LEEDS,LEEDS,WEST YORKSHIRE,Standard,Addition,53.7918150000,-1.4778940000
90000,2010-11-29 00:00:00Z,LS15 0EA,Semi-Detached,Established,Freehold,8,,PORTAGE CRESCENT,,LEEDS,LEEDS,WEST YORKSHIRE,Standard,Addition,53.7950930000,-1.4769090000
100000,2010-03-26 00:00:00Z,LS15 0DJ,Detached,New Build,Freehold,3,,TEMPLE MEWS,,LEEDS,LEEDS,WEST YORKSHIRE,Standard,Addition,53.7953850000,-1.4701500000
143000,2010-03-26 00:00:00Z,LS15 0LY,Semi-Detached,Established,Freehold,12,,HOWARD AVENUE,,LEEDS,LEEDS,WEST YORKSHIRE,Standard,Addition,53.7928230000,-1.4737190000
132500,2010-08-06 00:00:00Z,LS15 7HT,Semi-Detached,Established,Freehold,155,,SELBY ROAD,,LEEDS,LEEDS,WEST YORKSHIRE,Standard,Addition,53.7970200000,-1.4734540000
104000,2010-05-28 00:00:00Z,LS15 0LR,Semi-Detached,Established,Freehold,3,,SHERBROOKE AVENUE,,LEEDS,LEEDS,WEST YORKSHIRE,Standard,Addition,53.7941120000,-1.4745680000
150000,2010-11-19 00:00:00Z,LS15 0LT,Semi-Detached,Established,Freehold,28,,LOMBARD STREET,,LEEDS,LEEDS,WEST YORKSHIRE,Standard,Addition,53.7930840000,-1.4758260000
100000,2010-05-27 00:00:00Z,LS15 7HW,Terraced,Established,Freehold,229,,SELBY ROAD,,LEEDS,LEEDS,WEST YORKSHIRE,Standard,Addition,53.7960720000,-1.4710250000
115000,2010-12-23 00:00:00Z,LS15 7JJ,Semi-Detached,Established,Freehold,19,,WILLIAM VIEW,,LEEDS,LEEDS,WEST YORKSHIRE,Standard,Addition,53.7993060000,-1.4783140000
95000,2010-06-30 00:00:00Z,LS15 7JG,Terraced,Established,Freehold,149,,SELBY ROAD,,LEEDS,LEEDS,WEST YORKSHIRE,Standard,Addition,53.7983010000,-1.4766110000
140000,2010-07-30 00:00:00Z,LS15 0DS,Terraced,Established,Freehold,5,,OAK CRESCENT,,LEEDS,LEEDS,WEST YORKSHIRE,Standard,Addition,53.7946520000,-1.4725420000
105000,2010-03-12 00:00:00Z,LS15 0DU,Semi-Detached,Established,Freehold,25,,OAK ROAD,,LEEDS,LEEDS,WEST YORKSHIRE,Standard,Addition,53.7964610000,-1.4757110000
148000,2010-04-15 00:00:00Z,LS15 7JN,Semi-Detached,Established,Freehold,10,,WILLIAM RISE,,LEEDS,LEEDS,WEST YORKSHIRE,Standard,Addition,53.7997320000,-1.4792040000
115000,2010-08-27 00:00:00Z,LS15 7JJ,Semi-Detached,Established,Freehold,19,,WILLIAM VIEW,,LEEDS,LEEDS,WEST YORKSHIRE,Standard,Addition,53.7993060000,-1.4783140000
124000,2011-06-24 00:00:00Z,LS15 0LX,Semi-Detached,Established,Freehold,29,,BROADWAY,,LEEDS,LEEDS,WEST YORKSHIRE,Standard,Addition,53.7925010000,-1.4739660000
117000,2011-04-08 00:00:00Z,LS15 7JQ,Semi-Detached,Established,Freehold,16,,WILLOW WELL ROAD,,LEEDS,LEEDS,WEST YORKSHIRE,Standard,Addition,53.7983130000,-1.4753350000
105000,2011-08-18 00:00:00Z,LS15 0LT,Semi-Detached,Established,Freehold,3,,LOMBARD STREET,,LEEDS,LEEDS,WEST YORKSHIRE,Standard,Addition,53.7930840000,-1.4758260000
107500,2011-05-26 00:00:00Z,LS15 0EA,Semi-Detached,Established,Freehold,3,,PORTAGE CRESCENT,,LEEDS,LEEDS,WEST YORKSHIRE,Standard,Addition,53.7950930000,-1.4769090000
90000,2011-04-21 00:00:00Z,LS15 0ED,Semi-Detached,Established,Freehold,10,,WILLOW CRESCENT,,LEEDS,LEEDS,WEST YORKSHIRE,Standard,Addition,53.7960180000,-1.4767150000
95000,2011-02-25 00:00:00Z,LS15 7JQ,Terraced,Established,Freehold,26,,WILLOW WELL ROAD,,LEEDS,LEEDS,WEST YORKSHIRE,Standard,Addition,53.7983130000,-1.4753350000
94995,2011-09-30 00:00:00Z,LS15 7JG,Terraced,Established,Freehold,151,,SELBY ROAD,,LEEDS,LEEDS,WEST YORKSHIRE,Standard,Addition,53.7983010000,-1.4766110000
65000,2011-10-13 00:00:00Z,LS15 0DP,Flats/Maisonettes,Established,Leasehold,16,,TEMPLE COURT,,LEEDS,LEEDS,WEST YORKSHIRE,Standard,Addition,53.7949940000,-1.4706100000
100000,2011-12-02 00:00:00Z,LS15 7HU,Semi-Detached,Established,Freehold,19,,MORRITT GROVE,,LEEDS,LEEDS,WEST YORKSHIRE,Standard,Addition,53.7970590000,-1.4721020000
95000,2011-06-08 00:00:00Z,LS15 7HS,Semi-Detached,Established,Freehold,23,,PRIMROSE LANE,HALTON,LEEDS,LEEDS,WEST YORKSHIRE,Standard,Addition,53.7974470000,-1.4705490000
170000,2011-04-21 00:00:00Z,LS15 0LL,Semi-Detached,Established,Freehold,4,,PLANTATION AVENUE,,LEEDS,LEEDS,WEST YORKSHIRE,Standard,Addition,53.7921600000,-1.4700690000
92000,2011-09-30 00:00:00Z,LS15 0DU,Semi-Detached,Established,Freehold,34,,OAK ROAD,,LEEDS,LEEDS,WEST YORKSHIRE,Standard,Addition,53.7964610000,-1.4757110000
135000,2011-08-18 00:00:00Z,LS15 0LR,Semi-Detached,Established,Freehold,17,,SHERBROOKE AVENUE,,LEEDS,LEEDS,WEST YORKSHIRE,Standard,Addition,53.7941120000,-1.4745680000
80000,2011-10-03 00:00:00Z,LS15 7JG,Semi-Detached,Established,Freehold,135,,SELBY ROAD,,LEEDS,LEEDS,WEST YORKSHIRE,Standard,Addition,53.7983010000,-1.4766110000
96000,2011-04-21 00:00:00Z,LS15 0DP,Flats/Maisonettes,Established,Leasehold,20,,TEMPLE COURT,,LEEDS,LEEDS,WEST YORKSHIRE,Standard,Addition,53.7949940000,-1.4706100000
99000,2011-01-25 00:00:00Z,LS15 0LS,Semi-Detached,Established,Freehold,18,,SHERBROOKE AVENUE,,LEEDS,LEEDS,WEST YORKSHIRE,Standard,Addition,53.7946570000,-1.4758510000
70000,2011-01-14 00:00:00Z,LS15 0DP,Flats/Maisonettes,Established,Leasehold,14,,TEMPLE COURT,,LEEDS,LEEDS,WEST YORKSHIRE,Standard,Addition,53.7949940000,-1.4706100000
97500,2011-10-31 00:00:00Z,LS15 7JG,Semi-Detached,Established,Freehold,133,,SELBY ROAD,,LEEDS,LEEDS,WEST YORKSHIRE,Standard,Addition,53.7983010000,-1.4766110000
95000,2011-11-21 00:00:00Z,LS15 0DS,Terraced,Established,Freehold,5,,OAK CRESCENT,,LEEDS,LEEDS,WEST YORKSHIRE,Standard,Addition,53.7946520000,-1.4725420000
124999,2012-07-27 00:00:00Z,LS15 0LL,Terraced,Established,Freehold,25,,PLANTATION AVENUE,,LEEDS,LEEDS,WEST YORKSHIRE,Standard,Addition,53.7921600000,-1.4700690000
58500,2012-11-14 00:00:00Z,LS15 0AL,Semi-Detached,Established,Freehold,20,,COTTERDALE VIEW,,LEEDS,LEEDS,WEST YORKSHIRE,Standard,Addition,53.7912730000,-1.4787350000
66500,2012-08-29 00:00:00Z,LS15 0BE,Semi-Detached,Established,Freehold,70,,CORONATION PARADE,,LEEDS,LEEDS,WEST YORKSHIRE,Standard,Addition,53.7923650000,-1.4799330000
125000,2012-12-28 00:00:00Z,LS15 7JN,Semi-Detached,Established,Freehold,2,,WILLIAM RISE,,LEEDS,LEEDS,WEST YORKSHIRE,Standard,Addition,53.7997320000,-1.4792040000
128000,2012-04-27 00:00:00Z,LS15 0DY,Semi-Detached,Established,Freehold,34,,PORTAGE AVENUE,,LEEDS,LEEDS,WEST YORKSHIRE,Standard,Addition,53.7959680000,-1.4755010000
141000,2012-02-13 00:00:00Z,LS15 0LX,Semi-Detached,Established,Freehold,18,,BROADWAY,,LEEDS,LEEDS,WEST YORKSHIRE,Standard,Addition,53.7925010000,-1.4739660000
104000,2012-01-27 00:00:00Z,LS15 0EA,Semi-Detached,Established,Freehold,5,,PORTAGE CRESCENT,,LEEDS,LEEDS,WEST YORKSHIRE,Standard,Addition,53.7950930000,-1.4769090000
138000,2012-04-27 00:00:00Z,LS15 0LZ,Semi-Detached,Established,Freehold,3,,HOWARD AVENUE,,LEEDS,LEEDS,WEST YORKSHIRE,Standard,Addition,53.7933600000,-1.4750780000
110000,2012-04-27 00:00:00Z,LS15 7HT,Terraced,Established,Freehold,181,,SELBY ROAD,,LEEDS,LEEDS,WEST YORKSHIRE,Standard,Addition,53.7970200000,-1.4734540000
150000,2012-11-01 00:00:00Z,LS15 0LU,Semi-Detached,Established,Freehold,22,,ALEXANDER AVENUE,,LEEDS,LEEDS,WEST YORKSHIRE,Standard,Addition,53.7937150000,-1.4740870000
110000,2012-06-15 00:00:00Z,LS15 0LS,Semi-Detached,Established,Freehold,10,,SHERBROOKE AVENUE,,LEEDS,LEEDS,WEST YORKSHIRE,Standard,Addition,53.7946570000,-1.4758510000
155000,2012-06-01 00:00:00Z,LS15 7JU,Terraced,Established,Freehold,6,,WILLIAM AVENUE,,LEEDS,LEEDS,WEST YORKSHIRE,Standard,Addition,53.7991380000,-1.4790290000
47500,2012-01-04 00:00:00Z,LS15 0DW,Flats/Maisonettes,Established,Leasehold,19,FLAT 3,IRWIN APPROACH,,LEEDS,LEEDS,WEST YORKSHIRE,Standard,Addition,53.7955510000,-1.4706330000
100000,2012-08-15 00:00:00Z,LS15 7JN,Semi-Detached,Established,Freehold,31,,WILLIAM RISE,,LEEDS,LEEDS,WEST YORKSHIRE,Standard,Addition,53.7997320000,-1.4792040000
60000,2012-11-05 00:00:00Z,LS15 7JN,Semi-Detached,Established,Freehold,9,,WILLIAM RISE,,LEEDS,LEEDS,WEST YORKSHIRE,Standard,Addition,53.7997320000,-1.4792040000
105000,2012-11-23 00:00:00Z,LS15 7JN,Semi-Detached,Established,Freehold,7,,WILLIAM RISE,,LEEDS,LEEDS,WEST YORKSHIRE,Standard,Addition,53.7997320000,-1.4792040000
109000,2012-10-31 00:00:00Z,LS15 0EA,Semi-Detached,Established,Freehold,27,,PORTAGE CRESCENT,,LEEDS,LEEDS,WEST YORKSHIRE,Standard,Addition,53.7950930000,-1.4769090000
112000,2012-04-12 00:00:00Z,LS15 0ED,Semi-Detached,Established,Freehold,21,,WILLOW CRESCENT,,LEEDS,LEEDS,WEST YORKSHIRE,Standard,Addition,53.7960180000,-1.4767150000
123000,2012-07-12 00:00:00Z,LS15 7JG,Semi-Detached,Established,Freehold,135,,SELBY ROAD,,LEEDS,LEEDS,WEST YORKSHIRE,Standard,Addition,53.7983010000,-1.4766110000
75000,2012-11-27 00:00:00Z,LS15 0NS,Semi-Detached,Established,Freehold,26,,RATHMELL ROAD,,LEEDS,LEEDS,WEST YORKSHIRE,Standard,Addition,53.7937120000,-1.4779310000
120000,2012-11-21 00:00:00Z,LS15 7JQ,Terraced,Established,Freehold,4,,WILLOW WELL ROAD,,LEEDS,LEEDS,WEST YORKSHIRE,Standard,Addition,53.7983130000,-1.4753350000
122500,2012-01-31 00:00:00Z,LS15 0DU,Semi-Detached,Established,Freehold,28,,OAK ROAD,,LEEDS,LEEDS,WEST YORKSHIRE,Standard,Addition,53.7964610000,-1.4757110000
101450,2012-08-06 00:00:00Z,LS15 0DX,Semi-Detached,Established,Freehold,2,,TEMPLENEWSAM ROAD,,LEEDS,LEEDS,WEST YORKSHIRE,Standard,Addition,53.7963290000,-1.4742400000
119000,2013-11-06 00:00:00Z,LS15 0DX,Semi-Detached,Established,Freehold,36,,TEMPLENEWSAM ROAD,,LEEDS,LEEDS,WEST YORKSHIRE,Standard,Addition,53.7963290000,-1.4742400000
115000,2013-11-28 00:00:00Z,LS15 0LT,Semi-Detached,Established,Freehold,25,,LOMBARD STREET,,LEEDS,LEEDS,WEST YORKSHIRE,Standard,Addition,53.7930840000,-1.4758260000
110000,2013-11-22 00:00:00Z,LS15 0DY,Semi-Detached,Established,Freehold,8,,PORTAGE AVENUE,,LEEDS,LEEDS,WEST YORKSHIRE,Standard,Addition,53.7959680000,-1.4755010000
80000,2013-05-24 00:00:00Z,LS15 0LT,Semi-Detached,Established,Freehold,20,,LOMBARD STREET,,LEEDS,LEEDS,WEST YORKSHIRE,Standard,Addition,53.7930840000,-1.4758260000
88400,2013-05-02 00:00:00Z,LS15 0EA,Semi-Detached,Established,Freehold,19,,PORTAGE CRESCENT,,LEEDS,LEEDS,WEST YORKSHIRE,Standard,Addition,53.7950930000,-1.4769090000
125000,2013-06-21 00:00:00Z,LS15 7JG,Semi-Detached,Established,Freehold,127,,SELBY ROAD,,LEEDS,LEEDS,WEST YORKSHIRE,Standard,Addition,53.7983010000,-1.4766110000
141000,2013-02-22 00:00:00Z,LS15 0LU,Semi-Detached,Established,Freehold,6,,ALEXANDER AVENUE,,LEEDS,LEEDS,WEST YORKSHIRE,Standard,Addition,53.7937150000,-1.4740870000
190000,2013-03-22 00:00:00Z,LS15 7HZ,Terraced,Established,Freehold,43,,MORRITT DRIVE,,LEEDS,LEEDS,WEST YORKSHIRE,Standard,Addition,53.7975810000,-1.4723080000
209000,2013-03-01 00:00:00Z,LS15 7HT,Semi-Detached,Established,Freehold,173,,SELBY ROAD,,LEEDS,LEEDS,WEST YORKSHIRE,Standard,Addition,53.7970200000,-1.4734540000
60000,2013-06-21 00:00:00Z,LS15 0DP,Flats/Maisonettes,Established,Leasehold,3,,TEMPLE COURT,,LEEDS,LEEDS,WEST YORKSHIRE,Standard,Addition,53.7949940000,-1.4706100000
96000,2013-03-01 00:00:00Z,LS15 0DU,Semi-Detached,Established,Freehold,7,,OAK ROAD,,LEEDS,LEEDS,WEST YORKSHIRE,Standard,Addition,53.7964610000,-1.4757110000
129500,2013-09-30 00:00:00Z,LS15 0DU,Semi-Detached,Established,Freehold,28,,OAK ROAD,,LEEDS,LEEDS,WEST YORKSHIRE,Standard,Addition,53.7964610000,-1.4757110000
16000,2013-09-10 00:00:00Z,LS15 0AL,Semi-Detached,Established,Freehold,16,,COTTERDALE VIEW,,LEEDS,LEEDS,WEST YORKSHIRE,Standard,Addition,53.7912730000,-1.4787350000
60000,2013-05-24 00:00:00Z,LS15 0LZ,Semi-Detached,Established,Freehold,1,,HOWARD AVENUE,,LEEDS,LEEDS,WEST YORKSHIRE,Standard,Addition,53.7933600000,-1.4750780000
150000,2013-11-01 00:00:00Z,LS15 0LU,Semi-Detached,Established,Freehold,29,,ALEXANDER AVENUE,,LEEDS,LEEDS,WEST YORKSHIRE,Standard,Addition,53.7937150000,-1.4740870000
147500,2013-11-11 00:00:00Z,LS15 0LX,Semi-Detached,Established,Freehold,37,,BROADWAY,,LEEDS,LEEDS,WEST YORKSHIRE,Standard,Addition,53.7925010000,-1.4739660000
118000,2013-08-08 00:00:00Z,LS15 0LT,Semi-Detached,Established,Freehold,42,,LOMBARD STREET,,LEEDS,LEEDS,WEST YORKSHIRE,Standard,Addition,53.7930840000,-1.4758260000
171000,2013-08-23 00:00:00Z,LS15 0LL,Detached,Established,Freehold,20,,PLANTATION AVENUE,,LEEDS,LEEDS,WEST YORKSHIRE,Standard,Addition,53.7921600000,-1.4700690000
165000,2013-05-31 00:00:00Z,LS15 7JA,Semi-Detached,Established,Freehold,115,,MORRITT DRIVE,,LEEDS,LEEDS,WEST YORKSHIRE,Standard,Addition,53.7985240000,-1.4741790000
89000,2013-05-24 00:00:00Z,LS15 0LT,Semi-Detached,Established,Freehold,21,,LOMBARD STREET,,LEEDS,LEEDS,WEST YORKSHIRE,Standard,Addition,53.7930840000,-1.4758260000
164500,2013-02-22 00:00:00Z,LS15 0LX,Semi-Detached,Established,Freehold,15,,BROADWAY,,LEEDS,LEEDS,WEST YORKSHIRE,Standard,Addition,53.7925010000,-1.4739660000
183000,2013-05-10 00:00:00Z,LS15 0LX,Semi-Detached,Established,Freehold,11,,BROADWAY,,LEEDS,LEEDS,WEST YORKSHIRE,Standard,Addition,53.7925010000,-1.4739660000
110000,2013-09-10 00:00:00Z,LS15 0LX,Semi-Detached,Established,Freehold,26,,BROADWAY,,LEEDS,LEEDS,WEST YORKSHIRE,Standard,Addition,53.7925010000,-1.4739660000
99000,2013-04-19 00:00:00Z,LS15 7JG,Semi-Detached,Established,Freehold,115,,SELBY ROAD,,LEEDS,LEEDS,WEST YORKSHIRE,Standard,Addition,53.7983010000,-1.4766110000
135000,2013-06-06 00:00:00Z,LS15 0DX,Semi-Detached,Established,Freehold,42,,TEMPLENEWSAM ROAD,,LEEDS,LEEDS,WEST YORKSHIRE,Standard,Addition,53.7963290000,-1.4742400000
95000,2014-10-03 00:00:00Z,LS15 7HZ,Semi-Detached,Established,Freehold,65,,MORRITT DRIVE,,LEEDS,LEEDS,WEST YORKSHIRE,Standard,Addition,53.7975810000,-1.4723080000
80000,2014-08-27 00:00:00Z,LS15 0EE,Terraced,Established,Freehold,17,,KYFFIN AVENUE,,LEEDS,LEEDS,WEST YORKSHIRE,Standard,Addition,53.7968550000,-1.4789360000
105000,2014-12-01 00:00:00Z,LS15 0DU,Semi-Detached,Established,Freehold,46,,OAK ROAD,,LEEDS,LEEDS,WEST YORKSHIRE,Standard,Addition,53.7964610000,-1.4757110000
225000,2014-04-22 00:00:00Z,LS15 0DR,Detached,Established,Freehold,88,,TEMPLENEWSAM ROAD,,LEEDS,LEEDS,WEST YORKSHIRE,Standard,Addition,53.7942450000,-1.4720190000
108500,2014-05-30 00:00:00Z,LS15 7JQ,Semi-Detached,Established,Freehold,16,,WILLOW WELL ROAD,,LEEDS,LEEDS,WEST YORKSHIRE,Standard,Addition,53.7983130000,-1.4753350000
65000,2014-06-13 00:00:00Z,LS15 0AH,Terraced,Established,Freehold,88,,HALTON MOOR ROAD,,LEEDS,LEEDS,WEST YORKSHIRE,Standard,Addition,53.7903960000,-1.4776950000
130000,2014-06-13 00:00:00Z,LS15 0DY,Semi-Detached,Established,Freehold,26,,PORTAGE AVENUE,,LEEDS,LEEDS,WEST YORKSHIRE,Standard,Addition,53.7959680000,-1.4755010000
89000,2014-06-06 00:00:00Z,LS15 0NX,Semi-Detached,Established,Freehold,83,,WESTMINSTER CRESCENT,,LEEDS,LEEDS,WEST YORKSHIRE,Standard,Addition,53.7918150000,-1.4778940000
130000,2014-07-21 00:00:00Z,LS15 0DT,Semi-Detached,Established,Freehold,15,,MOOR AVENUE,,LEEDS,LEEDS,WEST YORKSHIRE,Additional,Addition,53.7948920000,-1.4740120000
90000,2014-10-24 00:00:00Z,LS15 7HW,Flats/Maisonettes,Established,Leasehold,219A,,SELBY ROAD,,LEEDS,LEEDS,WEST YORKSHIRE,Standard,Addition,53.7960720000,-1.4710250000
182000,2014-10-17 00:00:00Z,LS15 0DX,Semi-Detached,Established,Freehold,30,,TEMPLENEWSAM ROAD,,LEEDS,LEEDS,WEST YORKSHIRE,Standard,Addition,53.7963290000,-1.4742400000
68000,2014-01-24 00:00:00Z,LS15 0NS,Semi-Detached,Established,Freehold,21,,RATHMELL ROAD,,LEEDS,LEEDS,WEST YORKSHIRE,Additional,Addition,53.7937120000,-1.4779310000
170000,2014-03-28 00:00:00Z,LS15 0LU,Semi-Detached,Established,Freehold,20,,ALEXANDER AVENUE,,LEEDS,LEEDS,WEST YORKSHIRE,Standard,Addition,53.7937150000,-1.4740870000
155000,2014-09-19 00:00:00Z,LS15 0LS,Semi-Detached,Established,Freehold,30,,SHERBROOKE AVENUE,,LEEDS,LEEDS,WEST YORKSHIRE,Standard,Addition,53.7946570000,-1.4758510000
138950,2014-11-05 00:00:00Z,LS15 0ED,Semi-Detached,Established,Freehold,21,,WILLOW CRESCENT,,LEEDS,LEEDS,WEST YORKSHIRE,Standard,Addition,53.7960180000,-1.4767150000
133500,2014-07-25 00:00:00Z,LS15 0DU,Semi-Detached,Established,Freehold,44,,OAK ROAD,,LEEDS,LEEDS,WEST YORKSHIRE,Standard,Addition,53.7964610000,-1.4757110000
47000,2014-03-21 00:00:00Z,LS15 0AL,Semi-Detached,Established,Freehold,16,,COTTERDALE VIEW,,LEEDS,LEEDS,WEST YORKSHIRE,Standard,Addition,53.7912730000,-1.4787350000
92000,2014-07-24 00:00:00Z,LS15 0ED,Semi-Detached,Established,Freehold,7,,WILLOW CRESCENT,,LEEDS,LEEDS,WEST YORKSHIRE,Standard,Addition,53.7960180000,-1.4767150000
245000,2014-01-17 00:00:00Z,LS15 7HT,Semi-Detached,Established,Freehold,161,,SELBY ROAD,,LEEDS,LEEDS,WEST YORKSHIRE,Standard,Addition,53.7970200000,-1.4734540000
91500,2014-09-12 00:00:00Z,LS15 7JG,Semi-Detached,Established,Freehold,117,,SELBY ROAD,,LEEDS,LEEDS,WEST YORKSHIRE,Standard,Addition,53.7983010000,-1.4766110000
225000,2014-11-24 00:00:00Z,LS15 0DR,Semi-Detached,Established,Freehold,64,,TEMPLENEWSAM ROAD,,LEEDS,LEEDS,WEST YORKSHIRE,Standard,Addition,53.7942450000,-1.4720190000
160000,2014-05-09 00:00:00Z,LS15 0LL,Semi-Detached,Established,Freehold,6,,PLANTATION AVENUE,,LEEDS,LEEDS,WEST YORKSHIRE,Standard,Addition,53.7921600000,-1.4700690000
90500,2014-10-21 00:00:00Z,LS15 0DU,Semi-Detached,Established,Freehold,12,,OAK ROAD,,LEEDS,LEEDS,WEST YORKSHIRE,Standard,Addition,53.7964610000,-1.4757110000
108000,2014-08-27 00:00:00Z,LS15 7JG,Semi-Detached,Established,Freehold,133,,SELBY ROAD,,LEEDS,LEEDS,WEST YORKSHIRE,Standard,Addition,53.7983010000,-1.4766110000
140000,2014-05-02 00:00:00Z,LS15 7JN,Semi-Detached,Established,Freehold,14,,WILLIAM RISE,,LEEDS,LEEDS,WEST YORKSHIRE,Standard,Addition,53.7997320000,-1.4792040000
155000,2014-03-31 00:00:00Z,LS15 7HZ,Terraced,Established,Freehold,13,,MORRITT DRIVE,,LEEDS,LEEDS,WEST YORKSHIRE,Standard,Addition,53.7975810000,-1.4723080000
78000,2014-01-17 00:00:00Z,LS15 0EN,Semi-Detached,Established,Freehold,6,,BOWLAND CLOSE,,LEEDS,LEEDS,WEST YORKSHIRE,Standard,Addition,53.7951420000,-1.4798680000
126350,2015-06-19 00:00:00Z,LS15 0LR,Semi-Detached,Established,Freehold,7,,SHERBROOKE AVENUE,,LEEDS,LEEDS,WEST YORKSHIRE,Additional,Addition,53.7941120000,-1.4745680000
135000,2015-04-08 00:00:00Z,LS15 0ED,Semi-Detached,Established,Freehold,12,,WILLOW CRESCENT,,LEEDS,LEEDS,WEST YORKSHIRE,Standard,Addition,53.7960180000,-1.4767150000
112000,2015-03-04 00:00:00Z,LS15 7JJ,Semi-Detached,Established,Freehold,11,,WILLIAM VIEW,,LEEDS,LEEDS,WEST YORKSHIRE,Standard,Addition,53.7993060000,-1.4783140000
175000,2015-09-03 00:00:00Z,LS15 0LX,Detached,Established,Freehold,28,,BROADWAY,,LEEDS,LEEDS,WEST YORKSHIRE,Standard,Addition,53.7925010000,-1.4739660000
131000,2015-06-19 00:00:00Z,LS15 0LT,Semi-Detached,Established,Freehold,38,,LOMBARD STREET,,LEEDS,LEEDS,WEST YORKSHIRE,Standard,Addition,53.7930840000,-1.4758260000
134000,2015-04-16 00:00:00Z,LS15 7JB,Semi-Detached,Established,Freehold,10,,PRIMROSE GARTH,,LEEDS,LEEDS,WEST YORKSHIRE,Standard,Addition,53.7971500000,-1.4703250000
155000,2015-08-14 00:00:00Z,LS15 0DU,Semi-Detached,Established,Freehold,12,,OAK ROAD,,LEEDS,LEEDS,WEST YORKSHIRE,Standard,Addition,53.7964610000,-1.4757110000
141500,2015-04-24 00:00:00Z,LS15 0DU,Semi-Detached,Established,Freehold,13,,OAK ROAD,,LEEDS,LEEDS,WEST YORKSHIRE,Standard,Addition,53.7964610000,-1.4757110000
165000,2015-08-26 00:00:00Z,LS15 7JB,Semi-Detached,Established,Freehold,7,,PRIMROSE GARTH,,LEEDS,LEEDS,WEST YORKSHIRE,Standard,Addition,53.7971500000,-1.4703250000
155000,2015-04-24 00:00:00Z,LS15 0DX,Semi-Detached,Established,Freehold,16,,TEMPLENEWSAM ROAD,,LEEDS,LEEDS,WEST YORKSHIRE,Standard,Addition,53.7963290000,-1.4742400000
125000,2015-11-13 00:00:00Z,LS15 0ED,Semi-Detached,Established,Freehold,5,,WILLOW CRESCENT,,LEEDS,LEEDS,WEST YORKSHIRE,Standard,Addition,53.7960180000,-1.4767150000
165000,2015-10-30 00:00:00Z,LS15 0LS,Semi-Detached,Established,Freehold,34,,SHERBROOKE AVENUE,,LEEDS,LEEDS,WEST YORKSHIRE,Standard,Addition,53.7946570000,-1.4758510000
99950,2015-06-19 00:00:00Z,LS15 0EA,Semi-Detached,Established,Freehold,4,,PORTAGE CRESCENT,,LEEDS,LEEDS,WEST YORKSHIRE,Standard,Addition,53.7950930000,-1.4769090000
71000,2015-06-30 00:00:00Z,LS15 0BN,Semi-Detached,Established,Freehold,79,,CORONATION PARADE,,LEEDS,LEEDS,WEST YORKSHIRE,Standard,Addition,53.7928690000,-1.4799570000
187500,2015-10-19 00:00:00Z,LS15 0LW,Detached,Established,Freehold,24,,TEMPLENEWSAM VIEW,,LEEDS,LEEDS,WEST YORKSHIRE,Standard,Addition,53.7919670000,-1.4730920000
233000,2015-12-11 00:00:00Z,LS15 0DR,Semi-Detached,Established,Freehold,68,,TEMPLENEWSAM ROAD,,LEEDS,LEEDS,WEST YORKSHIRE,Standard,Addition,53.7942450000,-1.4720190000
123500,2015-11-30 00:00:00Z,LS15 7JQ,Terraced,Established,Freehold,7,,WILLOW WELL ROAD,,LEEDS,LEEDS,WEST YORKSHIRE,Standard,Addition,53.7983130000,-1.4753350000
144000,2015-09-04 00:00:00Z,LS15 0DU,Semi-Detached,Established,Freehold,52,,OAK ROAD,,LEEDS,LEEDS,WEST YORKSHIRE,Standard,Addition,53.7964610000,-1.4757110000
70000,2015-03-04 00:00:00Z,LS15 0NS,Semi-Detached,Established,Freehold,6,,RATHMELL ROAD,,LEEDS,LEEDS,WEST YORKSHIRE,Standard,Addition,53.7937120000,-1.4779310000
119000,2015-02-27 00:00:00Z,LS15 0LR,Semi-Detached,Established,Freehold,5,,SHERBROOKE AVENUE,,LEEDS,LEEDS,WEST YORKSHIRE,Standard,Addition,53.7941120000,-1.4745680000
164950,2015-08-21 00:00:00Z,LS15 7HU,Semi-Detached,Established,Freehold,18,,MORRITT GROVE,,LEEDS,LEEDS,WEST YORKSHIRE,Standard,Addition,53.7970590000,-1.4721020000
200000,2015-10-30 00:00:00Z,LS15 0LT,Semi-Detached,Established,Freehold,18,,LOMBARD STREET,,LEEDS,LEEDS,WEST YORKSHIRE,Standard,Addition,53.7930840000,-1.4758260000
75000,2015-11-18 00:00:00Z,LS15 0AL,Semi-Detached,Established,Freehold,16,,COTTERDALE VIEW,,LEEDS,LEEDS,WEST YORKSHIRE,Standard,Addition,53.7912730000,-1.4787350000
129000,2015-12-21 00:00:00Z,LS15 0DU,Semi-Detached,Established,Freehold,6,,OAK ROAD,,LEEDS,LEEDS,WEST YORKSHIRE,Standard,Addition,53.7964610000,-1.4757110000
95000,2015-12-18 00:00:00Z,LS15 0DP,Flats/Maisonettes,Established,Leasehold,25,,TEMPLE COURT,,LEEDS,LEEDS,WEST YORKSHIRE,Standard,Addition,53.7949940000,-1.4706100000
108000,2015-03-27 00:00:00Z,LS15 0NA,Flats/Maisonettes,Established,Leasehold,6,,HOWARD COURT,,LEEDS,LEEDS,WEST YORKSHIRE,Standard,Addition,53.7926110000,-1.4744960000
165000,2015-07-20 00:00:00Z,LS15 0LL,Semi-Detached,Established,Freehold,18,,PLANTATION AVENUE,,LEEDS,LEEDS,WEST YORKSHIRE,Standard,Addition,53.7921600000,-1.4700690000
112500,2015-01-15 00:00:00Z,LS15 7JQ,Semi-Detached,Established,Freehold,24,,WILLOW WELL ROAD,,LEEDS,LEEDS,WEST YORKSHIRE,Standard,Addition,53.7983130000,-1.4753350000
80000,2015-06-30 00:00:00Z,LS15 0BN,Semi-Detached,Established,Freehold,79,,CORONATION PARADE,,LEEDS,LEEDS,WEST YORKSHIRE,Additional,Addition,53.7928690000,-1.4799570000
136500,2015-01-08 00:00:00Z,LS15 0EA,Semi-Detached,Established,Freehold,26,,PORTAGE CRESCENT,,LEEDS,LEEDS,WEST YORKSHIRE,Standard,Addition,53.7950930000,-1.4769090000
167500,2015-02-13 00:00:00Z,LS15 0LS,Detached,Established,Freehold,26,,SHERBROOKE AVENUE,,LEEDS,LEEDS,WEST YORKSHIRE,Standard,Addition,53.7946570000,-1.4758510000
130000,2015-10-02 00:00:00Z,LS15 0DT,Semi-Detached,Established,Freehold,29,,MOOR AVENUE,,LEEDS,LEEDS,WEST YORKSHIRE,Standard,Addition,53.7948920000,-1.4740120000
102000,2015-10-06 00:00:00Z,LS15 0NA,Semi-Detached,Established,Leasehold,2,,HOWARD COURT,,LEEDS,LEEDS,WEST YORKSHIRE,Standard,Addition,53.7926110000,-1.4744960000
183000,2016-01-29 00:00:00Z,LS15 7JA,Terraced,Established,Freehold,91,,MORRITT DRIVE,,LEEDS,LEEDS,WEST YORKSHIRE,Standard,Addition,53.7985240000,-1.4741790000
125000,2016-02-17 00:00:00Z,LS15 0DY,Semi-Detached,Established,Freehold,11,,PORTAGE AVENUE,,LEEDS,LEEDS,WEST YORKSHIRE,Standard,Addition,53.7959680000,-1.4755010000
165400,2016-02-16 00:00:00Z,LS15 0LR,Semi-Detached,Established,Freehold,7,,SHERBROOKE AVENUE,,LEEDS,LEEDS,WEST YORKSHIRE,Standard,Addition,53.7941120000,-1.4745680000
147500,2016-04-29 00:00:00Z,LS15 0LU,Semi-Detached,Established,Freehold,5,,ALEXANDER AVENUE,,LEEDS,LEEDS,WEST YORKSHIRE,Standard,Addition,53.7937150000,-1.4740870000
150000,2016-07-15 00:00:00Z,LS15 0LT,Semi-Detached,Established,Freehold,21,,LOMBARD STREET,,LEEDS,LEEDS,WEST YORKSHIRE,Standard,Addition,53.7930840000,-1.4758260000
130000,2016-09-09 00:00:00Z,LS15 0EA,Semi-Detached,Established,Freehold,23,,PORTAGE CRESCENT,,LEEDS,LEEDS,WEST YORKSHIRE,Standard,Addition,53.7950930000,-1.4769090000
84950,2016-07-19 00:00:00Z,LS15 0DP,Flats/Maisonettes,Established,Leasehold,5,,TEMPLE COURT,,LEEDS,LEEDS,WEST YORKSHIRE,Standard,Addition,53.7949940000,-1.4706100000
215000,2016-07-29 00:00:00Z,LS15 0DY,Semi-Detached,Established,Freehold,11,,PORTAGE AVENUE,,LEEDS,LEEDS,WEST YORKSHIRE,Standard,Addition,53.7959680000,-1.4755010000
140300,2016-08-08 00:00:00Z,LS15 0DX,Semi-Detached,Established,Freehold,6,,TEMPLENEWSAM ROAD,,LEEDS,LEEDS,WEST YORKSHIRE,Standard,Addition,53.7963290000,-1.4742400000
115000,2016-04-21 00:00:00Z,LS15 0AL,Semi-Detached,Established,Freehold,6,,COTTERDALE VIEW,,LEEDS,LEEDS,WEST YORKSHIRE,Standard,Addition,53.7912730000,-1.4787350000
140000,2016-03-24 00:00:00Z,LS15 7HZ,Semi-Detached,Established,Freehold,65,,MORRITT DRIVE,,LEEDS,LEEDS,WEST YORKSHIRE,Standard,Addition,53.7975810000,-1.4723080000
200000,2016-05-27 00:00:00Z,LS15 0DX,Semi-Detached,Established,Freehold,30,,TEMPLENEWSAM ROAD,,LEEDS,LEEDS,WEST YORKSHIRE,Standard,Addition,53.7963290000,-1.4742400000
139000,2016-09-15 00:00:00Z,LS15 0DY,Semi-Detached,Established,Freehold,9,,PORTAGE AVENUE,,LEEDS,LEEDS,WEST YORKSHIRE,Standard,Addition,53.7959680000,-1.4755010000
92850,2016-08-02 00:00:00Z,LS15 0ED,Semi-Detached,Established,Freehold,17,,WILLOW CRESCENT,,LEEDS,LEEDS,WEST YORKSHIRE,Standard,Addition,53.7960180000,-1.4767150000
98000,2016-09-09 00:00:00Z,LS15 0DP,Flats/Maisonettes,Established,Leasehold,4,,TEMPLE COURT,,LEEDS,LEEDS,WEST YORKSHIRE,Standard,Addition,53.7949940000,-1.4706100000
163995,2016-08-12 00:00:00Z,LS15 0LU,Detached,Established,Freehold,35,,ALEXANDER AVENUE,,LEEDS,LEEDS,WEST YORKSHIRE,Standard,Addition,53.7937150000,-1.4740870000
74000,2016-08-24 00:00:00Z,LS15 0NX,Semi-Detached,Established,Freehold,70,,WESTMINSTER CRESCENT,,LEEDS,LEEDS,WEST YORKSHIRE,Standard,Addition,53.7918150000,-1.4778940000
147000,2016-03-11 00:00:00Z,LS15 7JB,Semi-Detached,Established,Freehold,12,,PRIMROSE GARTH,,LEEDS,LEEDS,WEST YORKSHIRE,Standard,Addition,53.7971500000,-1.4703250000
212500,2016-02-24 00:00:00Z,LS15 0LS,Detached,Established,Freehold,28,,SHERBROOKE AVENUE,,LEEDS,LEEDS,WEST YORKSHIRE,Standard,Addition,53.7946570000,-1.4758510000
160000,2016-02-26 00:00:00Z,LS15 0LZ,Semi-Detached,Established,Freehold,2,,HOWARD AVENUE,,LEEDS,LEEDS,WEST YORKSHIRE,Standard,Addition,53.7933600000,-1.4750780000
136000,2016-02-15 00:00:00Z,LS15 0DU,Semi-Detached,Established,Freehold,34,,OAK ROAD,,LEEDS,LEEDS,WEST YORKSHIRE,Standard,Addition,53.7964610000,-1.4757110000
121000,2016-12-01 00:00:00Z,LS15 0DS,Terraced,Established,Freehold,5,,OAK CRESCENT,,LEEDS,LEEDS,WEST YORKSHIRE,Standard,Addition,53.7946520000,-1.4725420000
170000,2016-11-25 00:00:00Z,LS15 7JB,Semi-Detached,Established,Freehold,5,,PRIMROSE GARTH,,LEEDS,LEEDS,WEST YORKSHIRE,Standard,Addition,53.7971500000,-1.4703250000
80000,2016-03-30 00:00:00Z,LS15 0NS,Semi-Detached,Established,Freehold,26,,RATHMELL ROAD,,LEEDS,LEEDS,WEST YORKSHIRE,Standard,Addition,53.7937120000,-1.4779310000
150000,2016-04-22 00:00:00Z,LS15 7JH,Detached,Established,Freehold,7,,LUCY AVENUE,,LEEDS,LEEDS,WEST YORKSHIRE,Standard,Addition,53.7987360000,-1.4778240000
135000,2016-12-16 00:00:00Z,LS15 0LL,Terraced,Established,Freehold,23,,PLANTATION AVENUE,,LEEDS,LEEDS,WEST YORKSHIRE,Additional,Addition,53.7921600000,-1.4700690000
121000,2016-05-12 00:00:00Z,LS15 0EA,Semi-Detached,Established,Freehold,27,,PORTAGE CRESCENT,,LEEDS,LEEDS,WEST YORKSHIRE,Standard,Addition,53.7950930000,-1.4769090000
92000,2016-05-20 00:00:00Z,LS15 0NS,Semi-Detached,Established,Freehold,9,,RATHMELL ROAD,,LEEDS,LEEDS,WEST YORKSHIRE,Standard,Addition,53.7937120000,-1.4779310000
165000,2016-02-23 00:00:00Z,LS15 7JN,Semi-Detached,Established,Freehold,10,,WILLIAM RISE,,LEEDS,LEEDS,WEST YORKSHIRE,Additional,Addition,53.7997320000,-1.4792040000
280000,2016-10-05 00:00:00Z,LS15 7HT,Detached,Established,Freehold,171,,SELBY ROAD,,LEEDS,LEEDS,WEST YORKSHIRE,Standard,Addition,53.7970200000,-1.4734540000
143000,2016-10-05 00:00:00Z,LS15 7HZ,Terraced,Established,Freehold,33,,MORRITT DRIVE,,LEEDS,LEEDS,WEST YORKSHIRE,Additional,Addition,53.7975810000,-1.4723080000
163500,2017-12-08 00:00:00Z,LS15 0DY,Semi-Detached,Established,Freehold,29,,PORTAGE AVENUE,,LEEDS,LEEDS,WEST YORKSHIRE,Standard,Addition,53.7959680000,-1.4755010000
235000,2017-12-14 00:00:00Z,LS15 7HZ,Terraced,Established,Freehold,33,,MORRITT DRIVE,,LEEDS,LEEDS,WEST YORKSHIRE,Standard,Addition,53.7975810000,-1.4723080000
77500,2017-03-21 00:00:00Z,LS15 0DS,Terraced,Established,Freehold,3,,OAK CRESCENT,,LEEDS,LEEDS,WEST YORKSHIRE,Additional,Addition,53.7946520000,-1.4725420000
182000,2017-04-21 00:00:00Z,LS15 0DX,Semi-Detached,Established,Freehold,44,,TEMPLENEWSAM ROAD,,LEEDS,LEEDS,WEST YORKSHIRE,Standard,Addition,53.7963290000,-1.4742400000
120000,2017-08-21 00:00:00Z,LS15 7JQ,Semi-Detached,Established,Freehold,24,,WILLOW WELL ROAD,,LEEDS,LEEDS,WEST YORKSHIRE,Standard,Addition,53.7983130000,-1.4753350000
149000,2017-07-14 00:00:00Z,LS15 0ED,Semi-Detached,Established,Freehold,18,,WILLOW CRESCENT,,LEEDS,LEEDS,WEST YORKSHIRE,Standard,Addition,53.7960180000,-1.4767150000
220000,2017-01-24 00:00:00Z,LS15 0LX,Semi-Detached,Established,Freehold,39,,BROADWAY,,LEEDS,LEEDS,WEST YORKSHIRE,Standard,Addition,53.7925010000,-1.4739660000
160000,2017-06-16 00:00:00Z,LS15 0ED,Semi-Detached,Established,Freehold,11,,WILLOW CRESCENT,,LEEDS,LEEDS,WEST YORKSHIRE,Standard,Addition,53.7960180000,-1.4767150000
108500,2017-05-31 00:00:00Z,LS15 0NZ,Terraced,Established,Freehold,66,,RATHMELL ROAD,,LEEDS,LEEDS,WEST YORKSHIRE,Standard,Addition,53.7919410000,-1.4773880000
149995,2017-04-28 00:00:00Z,LS15 0DU,Semi-Detached,Established,Freehold,8,,OAK ROAD,,LEEDS,LEEDS,WEST YORKSHIRE,Standard,Addition,53.7964610000,-1.4757110000
130000,2017-10-23 00:00:00Z,LS15 0NZ,Detached,Established,Freehold,THE HALTON MOOR,,RATHMELL ROAD,,LEEDS,LEEDS,WEST YORKSHIRE,Additional,Addition,53.7919410000,-1.4773880000
62000,2017-10-13 00:00:00Z,LS15 0LS,Semi-Detached,Established,Freehold,58,,SHERBROOKE AVENUE,,LEEDS,LEEDS,WEST YORKSHIRE,Additional,Addition,53.7946570000,-1.4758510000
155000,2017-01-27 00:00:00Z,LS15 0LX,Semi-Detached,Established,Freehold,19,,BROADWAY,,LEEDS,LEEDS,WEST YORKSHIRE,Standard,Addition,53.7925010000,-1.4739660000
231000,2017-10-20 00:00:00Z,LS15 7HZ,Terraced,Established,Freehold,51,,MORRITT DRIVE,,LEEDS,LEEDS,WEST YORKSHIRE,Standard,Addition,53.7975810000,-1.4723080000
280000,2017-10-19 00:00:00Z,LS15 7HS,Detached,Established,Freehold,21,,PRIMROSE LANE,HALTON,LEEDS,LEEDS,WEST YORKSHIRE,Standard,Addition,53.7974470000,-1.4705490000
166000,2017-10-30 00:00:00Z,LS15 0LT,Semi-Detached,Established,Freehold,38,,LOMBARD STREET,,LEEDS,LEEDS,WEST YORKSHIRE,Standard,Addition,53.7930840000,-1.4758260000
169000,2017-12-20 00:00:00Z,LS15 0DU,Semi-Detached,Established,Freehold,21,,OAK ROAD,,LEEDS,LEEDS,WEST YORKSHIRE,Standard,Addition,53.7964610000,-1.4757110000
154000,2017-07-07 00:00:00Z,LS15 0EA,Semi-Detached,Established,Freehold,10,,PORTAGE CRESCENT,,LEEDS,LEEDS,WEST YORKSHIRE,Standard,Addition,53.7950930000,-1.4769090000
160000,2017-07-07 00:00:00Z,LS15 7JB,Semi-Detached,Established,Freehold,4,,PRIMROSE GARTH,,LEEDS,LEEDS,WEST YORKSHIRE,Standard,Addition,53.7971500000,-1.4703250000
100000,2017-11-14 00:00:00Z,LS15 0LS,Semi-Detached,Established,Freehold,58,,SHERBROOKE AVENUE,,LEEDS,LEEDS,WEST YORKSHIRE,Standard,Addition,53.7946570000,-1.4758510000
154500,2017-01-13 00:00:00Z,LS15 0DS,Semi-Detached,Established,Freehold,19,,OAK CRESCENT,,LEEDS,LEEDS,WEST YORKSHIRE,Standard,Addition,53.7946520000,-1.4725420000
73000,2017-01-09 00:00:00Z,LS15 0DW,Flats/Maisonettes,Established,Leasehold,17,FLAT 2,IRWIN APPROACH,,LEEDS,LEEDS,WEST YORKSHIRE,Standard,Addition,53.7955510000,-1.4706330000
195000,2017-10-06 00:00:00Z,LS15 0LY,Semi-Detached,Established,Freehold,12,,HOWARD AVENUE,,LEEDS,LEEDS,WEST YORKSHIRE,Standard,Addition,53.7928230000,-1.4737190000
160000,2017-09-15 00:00:00Z,LS15 7HU,Semi-Detached,Established,Freehold,14,,MORRITT GROVE,,LEEDS,LEEDS,WEST YORKSHIRE,Standard,Addition,53.7970590000,-1.4721020000
150000,2017-08-07 00:00:00Z,LS15 7HZ,Detached,Established,Freehold,35,,MORRITT DRIVE,,LEEDS,LEEDS,WEST YORKSHIRE,Standard,Addition,53.7975810000,-1.4723080000
176000,2017-08-04 00:00:00Z,LS15 7HT,Terraced,Established,Freehold,179,,SELBY ROAD,,LEEDS,LEEDS,WEST YORKSHIRE,Standard,Addition,53.7970200000,-1.4734540000
199950,2017-09-18 00:00:00Z,LS15 0LL,Semi-Detached,Established,Freehold,18,,PLANTATION AVENUE,,LEEDS,LEEDS,WEST YORKSHIRE,Standard,Addition,53.7921600000,-1.4700690000
78500,2017-10-24 00:00:00Z,LS15 0AJ,Terraced,Established,Freehold,111,,ULLSWATER CRESCENT,,LEEDS,LEEDS,WEST YORKSHIRE,Additional,Addition,53.7909890000,-1.4796460000
67000,2017-03-31 00:00:00Z,LS15 0QL,Flats/Maisonettes,Established,Leasehold,"CLOCK TOWER LOFTS, 178",8,SELBY ROAD,,LEEDS,LEEDS,WEST YORKSHIRE,Standard,Addition,53.7957200000,-1.4702060000
140000,2017-03-17 00:00:00Z,LS15 0LT,Semi-Detached,Established,Freehold,7,,LOMBARD STREET,,LEEDS,LEEDS,WEST YORKSHIRE,Additional,Addition,53.7930840000,-1.4758260000
183500,2017-04-18 00:00:00Z,LS15 0DS,Semi-Detached,Established,Freehold,21,,OAK CRESCENT,,LEEDS,LEEDS,WEST YORKSHIRE,Standard,Addition,53.7946520000,-1.4725420000
142000,2017-03-24 00:00:00Z,LS15 0DU,Detached,Established,Freehold,38,,OAK ROAD,,LEEDS,LEEDS,WEST YORKSHIRE,Standard,Addition,53.7964610000,-1.4757110000
64000,2017-03-24 00:00:00Z,LS15 0QL,Flats/Maisonettes,Established,Leasehold,"CLOCK TOWER LOFTS, 178",1,SELBY ROAD,,LEEDS,LEEDS,WEST YORKSHIRE,Standard,Addition,53.7957200000,-1.4702060000
145000,2017-04-13 00:00:00Z,LS15 0LT,Semi-Detached,Established,Freehold,34,,LOMBARD STREET,,LEEDS,LEEDS,WEST YORKSHIRE,Standard,Addition,53.7930840000,-1.4758260000
168000,2017-06-02 00:00:00Z,LS15 7JB,Semi-Detached,Established,Freehold,6,,PRIMROSE GARTH,,LEEDS,LEEDS,WEST YORKSHIRE,Standard,Addition,53.7971500000,-1.4703250000
192000,2017-06-15 00:00:00Z,LS15 0ED,Semi-Detached,Established,Freehold,5,,WILLOW CRESCENT,,LEEDS,LEEDS,WEST YORKSHIRE,Standard,Addition,53.7960180000,-1.4767150000
200000,2018-03-02 00:00:00Z,LS15 0DT,Semi-Detached,Established,Freehold,10,,MOOR AVENUE,,LEEDS,LEEDS,WEST YORKSHIRE,Standard,Addition,53.7948920000,-1.4740120000
114000,2018-02-28 00:00:00Z,LS15 0NA,Flats/Maisonettes,Established,Leasehold,3,,HOWARD COURT,,LEEDS,LEEDS,WEST YORKSHIRE,Standard,Addition,53.7926110000,-1.4744960000
170000,2018-05-31 00:00:00Z,LS15 0LX,Semi-Detached,Established,Freehold,17,,BROADWAY,,LEEDS,LEEDS,WEST YORKSHIRE,Standard,Addition,53.7925010000,-1.4739660000
117000,2018-06-04 00:00:00Z,LS15 0NX,Semi-Detached,Established,Freehold,83,,WESTMINSTER CRESCENT,,LEEDS,LEEDS,WEST YORKSHIRE,Standard,Addition,53.7918150000,-1.4778940000
180000,2018-10-05 00:00:00Z,LS15 0LT,Semi-Detached,Established,Freehold,42,,LOMBARD STREET,,LEEDS,LEEDS,WEST YORKSHIRE,Standard,Addition,53.7930840000,-1.4758260000
199999,2018-10-29 00:00:00Z,LS15 0LZ,Semi-Detached,Established,Freehold,1,,HOWARD AVENUE,,LEEDS,LEEDS,WEST YORKSHIRE,Standard,Addition,53.7933600000,-1.4750780000
213000,2018-05-31 00:00:00Z,LS15 0DX,Semi-Detached,Established,Freehold,10,,TEMPLENEWSAM ROAD,,LEEDS,LEEDS,WEST YORKSHIRE,Standard,Addition,53.7963290000,-1.4742400000
47500,2018-11-05 00:00:00Z,LS15 0DP,Flats/Maisonettes,Established,Leasehold,17,,TEMPLE COURT,,LEEDS,LEEDS,WEST YORKSHIRE,Standard,Addition,53.7949940000,-1.4706100000
155000,2018-07-27 00:00:00Z,LS15 0LX,Semi-Detached,Established,Freehold,22,,BROADWAY,,LEEDS,LEEDS,WEST YORKSHIRE,Standard,Addition,53.7925010000,-1.4739660000
105000,2018-07-13 00:00:00Z,LS15 0DP,Semi-Detached,Established,Leasehold,27,,TEMPLE COURT,,LEEDS,LEEDS,WEST YORKSHIRE,Standard,Addition,53.7949940000,-1.4706100000
180000,2018-04-20 00:00:00Z,LS15 0DX,Semi-Detached,Established,Freehold,8,,TEMPLENEWSAM ROAD,,LEEDS,LEEDS,WEST YORKSHIRE,Standard,Addition,53.7963290000,-1.4742400000
120000,2018-08-24 00:00:00Z,LS15 7JJ,Semi-Detached,Established,Freehold,10,,WILLIAM VIEW,,LEEDS,LEEDS,WEST YORKSHIRE,Standard,Addition,53.7993060000,-1.4783140000
190000,2018-08-24 00:00:00Z,LS15 7JN,Semi-Detached,Established,Freehold,1,,WILLIAM RISE,,LEEDS,LEEDS,WEST YORKSHIRE,Standard,Addition,53.7997320000,-1.4792040000
140000,2018-09-28 00:00:00Z,LS15 0NA,Flats/Maisonettes,Established,Leasehold,6,,HOWARD COURT,,LEEDS,LEEDS,WEST YORKSHIRE,Standard,Addition,53.7926110000,-1.4744960000
152000,2018-09-14 00:00:00Z,LS15 7JG,Semi-Detached,Established,Freehold,131,,SELBY ROAD,,LEEDS,LEEDS,WEST YORKSHIRE,Standard,Addition,53.7983010000,-1.4766110000
132000,2018-08-10 00:00:00Z,LS15 7JN,Semi-Detached,Established,Freehold,18,,WILLIAM RISE,,LEEDS,LEEDS,WEST YORKSHIRE,Standard,Addition,53.7997320000,-1.4792040000
125000,2018-12-10 00:00:00Z,LS15 0DT,Semi-Detached,Established,Freehold,27,,MOOR AVENUE,,LEEDS,LEEDS,WEST YORKSHIRE,Standard,Addition,53.7948920000,-1.4740120000
107000,2018-06-21 00:00:00Z,LS15 0NZ,Semi-Detached,Established,Freehold,40,,RATHMELL ROAD,,LEEDS,LEEDS,WEST YORKSHIRE,Standard,Addition,53.7919410000,-1.4773880000
123500,2018-04-27 00:00:00Z,LS15 0DY,Semi-Detached,Established,Freehold,17,,PORTAGE AVENUE,,LEEDS,LEEDS,WEST YORKSHIRE,Additional,Addition,53.7959680000,-1.4755010000
9000,2018-10-01 00:00:00Z,LS15 0DW,Other,Established,Freehold,17,,IRWIN APPROACH,,LEEDS,LEEDS,WEST YORKSHIRE,Additional,Addition,53.7955510000,-1.4706330000
210000,2018-10-11 00:00:00Z,LS15 7JH,Terraced,Established,Freehold,3,,LUCY AVENUE,,LEEDS,LEEDS,WEST YORKSHIRE,Additional,Addition,53.7987360000,-1.4778240000
145000,2018-10-12 00:00:00Z,LS15 0DU,Semi-Detached,Established,Freehold,1,,OAK ROAD,,LEEDS,LEEDS,WEST YORKSHIRE,Additional,Addition,53.7964610000,-1.4757110000
129000,2018-02-27 00:00:00Z,LS15 7JQ,Semi-Detached,Established,Freehold,6,,WILLOW WELL ROAD,,LEEDS,LEEDS,WEST YORKSHIRE,Additional,Addition,53.7983130000,-1.4753350000
1000,2018-07-26 00:00:00Z,LS15 0QL,Other,Established,Freehold,178,,SELBY ROAD,,LEEDS,LEEDS,WEST YORKSHIRE,Additional,Addition,53.7957200000,-1.4702060000
169950,2018-06-29 00:00:00Z,LS15 0ED,Semi-Detached,Established,Freehold,11,,WILLOW CRESCENT,,LEEDS,LEEDS,WEST YORKSHIRE,Standard,Addition,53.7960180000,-1.4767150000
96000,2018-04-11 00:00:00Z,LS15 7JJ,Semi-Detached,Established,Freehold,10,,WILLIAM VIEW,,LEEDS,LEEDS,WEST YORKSHIRE,Additional,Addition,53.7993060000,-1.4783140000
175500,2018-01-23 00:00:00Z,LS15 0DX,Semi-Detached,Established,Freehold,28,,TEMPLENEWSAM ROAD,,LEEDS,LEEDS,WEST YORKSHIRE,Standard,Addition,53.7963290000,-1.4742400000
175000,2018-08-07 00:00:00Z,LS15 7JB,Semi-Detached,Established,Freehold,3,,PRIMROSE GARTH,,LEEDS,LEEDS,WEST YORKSHIRE,Standard,Addition,53.7971500000,-1.4703250000
112000,2018-08-24 00:00:00Z,LS15 0LS,Semi-Detached,Established,Freehold,46,,SHERBROOKE AVENUE,,LEEDS,LEEDS,WEST YORKSHIRE,Standard,Addition,53.7946570000,-1.4758510000
87000,2018-08-24 00:00:00Z,LS15 0AL,Semi-Detached,Established,Freehold,20,,COTTERDALE VIEW,,LEEDS,LEEDS,WEST YORKSHIRE,Standard,Addition,53.7912730000,-1.4787350000
225000,2018-04-12 00:00:00Z,LS15 7HZ,Terraced,Established,Freehold,15,,MORRITT DRIVE,,LEEDS,LEEDS,WEST YORKSHIRE,Standard,Addition,53.7975810000,-1.4723080000
98400,2018-01-31 00:00:00Z,LS15 7JR,Other,Established,Freehold,253 - 255,,SELBY ROAD,,LEEDS,LEEDS,WEST YORKSHIRE,Additional,Addition,53.7962390000,-1.4700060000
140000,2018-05-01 00:00:00Z,LS15 7HU,Semi-Detached,Established,Freehold,6,,MORRITT GROVE,,LEEDS,LEEDS,WEST YORKSHIRE,Standard,Addition,53.7970590000,-1.4721020000
4830000,2018-02-06 00:00:00Z,LS15 7JR,Other,Established,Leasehold,263,,SELBY ROAD,,LEEDS,LEEDS,WEST YORKSHIRE,Additional,Addition,53.7962390000,-1.4700060000
4830000,2018-02-15 00:00:00Z,LS15 7JR,Other,Established,Freehold,263,,SELBY ROAD,,LEEDS,LEEDS,WEST YORKSHIRE,Additional,Addition,53.7962390000,-1.4700060000
82000,2018-04-01 00:00:00Z,LS15 7JR,Other,Established,Freehold,253 - 255,,SELBY ROAD,,LEEDS,LEEDS,WEST YORKSHIRE,Additional,Addition,53.7962390000,-1.4700060000
115000,2019-10-25 00:00:00Z,LS15 7JQ,Terraced,Established,Freehold,1,,WILLOW WELL ROAD,,LEEDS,LEEDS,WEST YORKSHIRE,Standard,Addition,53.7983130000,-1.4753350000
90850,2019-09-06 00:00:00Z,LS15 0DP,Flats/Maisonettes,Established,Leasehold,12,,TEMPLE COURT,,LEEDS,LEEDS,WEST YORKSHIRE,Standard,Addition,53.7949940000,-1.4706100000
140000,2019-11-08 00:00:00Z,LS15 7JG,Semi-Detached,Established,Freehold,127,,SELBY ROAD,,LEEDS,LEEDS,WEST YORKSHIRE,Standard,Addition,53.7983010000,-1.4766110000
199950,2019-10-11 00:00:00Z,LS15 0LU,Detached,Established,Freehold,35,,ALEXANDER AVENUE,,LEEDS,LEEDS,WEST YORKSHIRE,Standard,Addition,53.7937150000,-1.4740870000
247000,2019-11-01 00:00:00Z,LS15 0DX,Semi-Detached,Established,Freehold,20,,TEMPLENEWSAM ROAD,,LEEDS,LEEDS,WEST YORKSHIRE,Standard,Addition,53.7963290000,-1.4742400000
167305,2019-10-28 00:00:00Z,LS15 0DY,Semi-Detached,Established,Freehold,15,,PORTAGE AVENUE,,LEEDS,LEEDS,WEST YORKSHIRE,Standard,Addition,53.7959680000,-1.4755010000
215000,2019-04-08 00:00:00Z,LS15 7JG,Terraced,Established,Freehold,111,,SELBY ROAD,,LEEDS,LEEDS,WEST YORKSHIRE,Additional,Addition,53.7983010000,-1.4766110000
232000,2019-06-05 00:00:00Z,LS15 7HT,Semi-Detached,Established,Freehold,159,,SELBY ROAD,,LEEDS,LEEDS,WEST YORKSHIRE,Standard,Addition,53.7970200000,-1.4734540000
154500,2019-10-30 00:00:00Z,LS15 7JA,Semi-Detached,Established,Freehold,111,,MORRITT DRIVE,,LEEDS,LEEDS,WEST YORKSHIRE,Additional,Addition,53.7985240000,-1.4741790000
160000,2019-01-18 00:00:00Z,LS15 0DY,Semi-Detached,Established,Freehold,12,,PORTAGE AVENUE,,LEEDS,LEEDS,WEST YORKSHIRE,Standard,Addition,53.7959680000,-1.4755010000
145000,2019-01-31 00:00:00Z,LS15 0LS,Semi-Detached,Established,Freehold,58,,SHERBROOKE AVENUE,,LEEDS,LEEDS,WEST YORKSHIRE,Standard,Addition,53.7946570000,-1.4758510000
140000,2019-01-18 00:00:00Z,LS15 7JQ,Semi-Detached,Established,Freehold,16,,WILLOW WELL ROAD,,LEEDS,LEEDS,WEST YORKSHIRE,Standard,Addition,53.7983130000,-1.4753350000
233000,2019-02-22 00:00:00Z,LS15 7HZ,Terraced,Established,Freehold,51,,MORRITT DRIVE,,LEEDS,LEEDS,WEST YORKSHIRE,Standard,Addition,53.7975810000,-1.4723080000
125000,2019-12-05 00:00:00Z,LS15 0NA,Semi-Detached,Established,Leasehold,2,,HOWARD COURT,,LEEDS,LEEDS,WEST YORKSHIRE,Standard,Addition,53.7926110000,-1.4744960000
76000,2019-07-26 00:00:00Z,LS15 0DP,Flats/Maisonettes,Established,Leasehold,15,,TEMPLE COURT,,LEEDS,LEEDS,WEST YORKSHIRE,Additional,Addition,53.7949940000,-1.4706100000
139950,2019-07-19 00:00:00Z,LS15 0LZ,Semi-Detached,Established,Freehold,4,,HOWARD AVENUE,,LEEDS,LEEDS,WEST YORKSHIRE,Standard,Addition,53.7933600000,-1.4750780000
111000,2019-07-15 00:00:00Z,LS15 0DP,Semi-Detached,Established,Leasehold,24,,TEMPLE COURT,,LEEDS,LEEDS,WEST YORKSHIRE,Additional,Addition,53.7949940000,-1.4706100000
177500,2019-04-23 00:00:00Z,LS15 0DY,Semi-Detached,Established,Freehold,17,,PORTAGE AVENUE,,LEEDS,LEEDS,WEST YORKSHIRE,Standard,Addition,53.7959680000,-1.4755010000
185000,2019-04-05 00:00:00Z,LS15 0LU,Semi-Detached,Established,Freehold,1,,ALEXANDER AVENUE,,LEEDS,LEEDS,WEST YORKSHIRE,Standard,Addition,53.7937150000,-1.4740870000
115000,2019-03-22 00:00:00Z,LS15 0LS,Semi-Detached,Established,Freehold,22,,SHERBROOKE AVENUE,,LEEDS,LEEDS,WEST YORKSHIRE,Standard,Addition,53.7946570000,-1.4758510000
117000,2019-05-03 00:00:00Z,LS15 0NY,Semi-Detached,Established,Freehold,36,,FIRBANK GROVE,,LEEDS,LEEDS,WEST YORKSHIRE,Standard,Addition,53.7916910000,-1.4798200000
273000,2019-08-23 00:00:00Z,LS15 7HT,Semi-Detached,Established,Freehold,173,,SELBY ROAD,,LEEDS,LEEDS,WEST YORKSHIRE,Standard,Addition,53.7970200000,-1.4734540000
183000,2019-08-30 00:00:00Z,LS15 0DU,Semi-Detached,Established,Freehold,7,,OAK ROAD,,LEEDS,LEEDS,WEST YORKSHIRE,Standard,Addition,53.7964610000,-1.4757110000
305000,2019-05-24 00:00:00Z,LS15 7HT,Semi-Detached,Established,Freehold,175,,SELBY ROAD,,LEEDS,LEEDS,WEST YORKSHIRE,Standard,Addition,53.7970200000,-1.4734540000
98000,2019-04-23 00:00:00Z,LS15 0NX,Semi-Detached,Established,Freehold,66,,WESTMINSTER CRESCENT,,LEEDS,LEEDS,WEST YORKSHIRE,Standard,Addition,53.7918150000,-1.4778940000
98000,2019-08-09 00:00:00Z,LS15 0DP,Flats/Maisonettes,Established,Leasehold,6,,TEMPLE COURT,,LEEDS,LEEDS,WEST YORKSHIRE,Standard,Addition,53.7949940000,-1.4706100000
220000,2019-01-18 00:00:00Z,LS15 0LY,Detached,Established,Freehold,10,,HOWARD AVENUE,,LEEDS,LEEDS,WEST YORKSHIRE,Standard,Addition,53.7928230000,-1.4737190000
192000,2019-07-05 00:00:00Z,LS15 7HZ,Terraced,Established,Freehold,19,,MORRITT DRIVE,,LEEDS,LEEDS,WEST YORKSHIRE,Additional,Addition,53.7975810000,-1.4723080000
270000,2019-12-02 00:00:00Z,LS15 0LL,Semi-Detached,Established,Freehold,16,,PLANTATION AVENUE,,LEEDS,LEEDS,WEST YORKSHIRE,Standard,Addition,53.7921600000,-1.4700690000
195000,2019-12-13 00:00:00Z,LS15 0DX,Semi-Detached,Established,Freehold,18,,TEMPLENEWSAM ROAD,,LEEDS,LEEDS,WEST YORKSHIRE,Standard,Addition,53.7963290000,-1.4742400000
190000,2019-07-22 00:00:00Z,LS15 7JN,Semi-Detached,Established,Freehold,33,,WILLIAM RISE,,LEEDS,LEEDS,WEST YORKSHIRE,Standard,Addition,53.7997320000,-1.4792040000
220000,2020-02-07 00:00:00Z,LS15 0LU,Semi-Detached,Established,Freehold,20,,ALEXANDER AVENUE,,LEEDS,LEEDS,WEST YORKSHIRE,Standard,Addition,53.7937150000,-1.4740870000
139000,2020-02-07 00:00:00Z,LS15 0DR,Other,Established,Freehold,62,,TEMPLENEWSAM ROAD,,LEEDS,LEEDS,WEST YORKSHIRE,Additional,Addition,53.7942450000,-1.4720190000
175000,2020-01-23 00:00:00Z,LS15 0ED,Semi-Detached,Established,Freehold,20,,WILLOW CRESCENT,,LEEDS,LEEDS,WEST YORKSHIRE,Standard,Addition,53.7960180000,-1.4767150000
165000,2020-02-11 00:00:00Z,LS15 0LS,Semi-Detached,Established,Freehold,44,,SHERBROOKE AVENUE,,LEEDS,LEEDS,WEST YORKSHIRE,Standard,Addition,53.7946570000,-1.4758510000
395000,2020-01-31 00:00:00Z,LS15 0LW,Detached,Established,Freehold,36,,TEMPLENEWSAM VIEW,,LEEDS,LEEDS,WEST YORKSHIRE,Standard,Addition,53.7919670000,-1.4730920000
210000,2020-12-04 00:00:00Z,LS15 0LU,Semi-Detached,Established,Freehold,8,,ALEXANDER AVENUE,,LEEDS,LEEDS,WEST YORKSHIRE,Standard,Addition,53.7937150000,-1.4740870000
230000,2020-03-27 00:00:00Z,LS15 7JA,Terraced,Established,Freehold,99,,MORRITT DRIVE,,LEEDS,LEEDS,WEST YORKSHIRE,Standard,Addition,53.7985240000,-1.4741790000
220000,2020-10-28 00:00:00Z,LS15 7JA,Terraced,Established,Freehold,87,,MORRITT DRIVE,,LEEDS,LEEDS,WEST YORKSHIRE,Standard,Addition,53.7985240000,-1.4741790000
240000,2020-08-26 00:00:00Z,LS15 7HZ,Terraced,Established,Freehold,23,,MORRITT DRIVE,,LEEDS,LEEDS,WEST YORKSHIRE,Standard,Addition,53.7975810000,-1.4723080000
199950,2020-08-20 00:00:00Z,LS15 0LR,Semi-Detached,Established,Freehold,27,,SHERBROOKE AVENUE,,LEEDS,LEEDS,WEST YORKSHIRE,Standard,Addition,53.7941120000,-1.4745680000
203000,2020-09-11 00:00:00Z,LS15 0LU,Semi-Detached,Established,Freehold,25,,ALEXANDER AVENUE,,LEEDS,LEEDS,WEST YORKSHIRE,Standard,Addition,53.7937150000,-1.4740870000
170000,2020-08-14 00:00:00Z,LS15 0ED,Semi-Detached,Established,Freehold,25,,WILLOW CRESCENT,,LEEDS,LEEDS,WEST YORKSHIRE,Standard,Addition,53.7960180000,-1.4767150000
117000,2020-07-15 00:00:00Z,LS15 0NS,Semi-Detached,Established,Freehold,20,,RATHMELL ROAD,,LEEDS,LEEDS,WEST YORKSHIRE,Standard,Addition,53.7937120000,-1.4779310000
156500,2020-07-31 00:00:00Z,LS15 0ED,Semi-Detached,Established,Freehold,22,,WILLOW CRESCENT,,LEEDS,LEEDS,WEST YORKSHIRE,Standard,Addition,53.7960180000,-1.4767150000
205000,2020-07-22 00:00:00Z,LS15 0LL,Semi-Detached,Established,Freehold,11,,PLANTATION AVENUE,,LEEDS,LEEDS,WEST YORKSHIRE,Standard,Addition,53.7921600000,-1.4700690000
187000,2020-09-21 00:00:00Z,LS15 0LT,Semi-Detached,Established,Freehold,40,,LOMBARD STREET,,LEEDS,LEEDS,WEST YORKSHIRE,Standard,Addition,53.7930840000,-1.4758260000
120000,2020-03-16 00:00:00Z,LS15 0EA,Semi-Detached,Established,Freehold,7,,PORTAGE CRESCENT,,LEEDS,LEEDS,WEST YORKSHIRE,Standard,Addition,53.7950930000,-1.4769090000
146000,2020-03-06 00:00:00Z,LS15 7JN,Semi-Detached,Established,Freehold,25,,WILLIAM RISE,,LEEDS,LEEDS,WEST YORKSHIRE,Standard,Addition,53.7997320000,-1.4792040000
220000,2020-12-17 00:00:00Z,LS15 0LS,Semi-Detached,Established,Freehold,34,,SHERBROOKE AVENUE,,LEEDS,LEEDS,WEST YORKSHIRE,Standard,Addition,53.7946570000,-1.4758510000
254950,2020-12-18 00:00:00Z,LS15 0LX,Semi-Detached,Established,Freehold,7,,BROADWAY,,LEEDS,LEEDS,WEST YORKSHIRE,Standard,Addition,53.7925010000,-1.4739660000
220000,2020-12-11 00:00:00Z,LS15 0DT,Semi-Detached,Established,Freehold,17,,MOOR AVENUE,,LEEDS,LEEDS,WEST YORKSHIRE,Standard,Addition,53.7948920000,-1.4740120000
80000,2020-09-11 00:00:00Z,LS15 0DW,Flats/Maisonettes,Established,Leasehold,19,FLAT 2,IRWIN APPROACH,,LEEDS,LEEDS,WEST YORKSHIRE,Standard,Addition,53.7955510000,-1.4706330000
189000,2020-05-29 00:00:00Z,LS15 0LU,Semi-Detached,Established,Freehold,18,,ALEXANDER AVENUE,,LEEDS,LEEDS,WEST YORKSHIRE,Standard,Addition,53.7937150000,-1.4740870000
144000,2020-05-29 00:00:00Z,LS15 0DU,Semi-Detached,Established,Freehold,52,,OAK ROAD,,LEEDS,LEEDS,WEST YORKSHIRE,Standard,Addition,53.7964610000,-1.4757110000
180000,2020-01-10 00:00:00Z,LS15 0LT,Semi-Detached,Established,Freehold,21,,LOMBARD STREET,,LEEDS,LEEDS,WEST YORKSHIRE,Standard,Addition,53.7930840000,-1.4758260000
310295,2020-10-23 00:00:00Z,LS15 0DR,Detached,Established,Freehold,84,,TEMPLENEWSAM ROAD,,LEEDS,LEEDS,WEST YORKSHIRE,Standard,Addition,53.7942450000,-1.4720190000
184000,2020-07-09 00:00:00Z,LS15 0LY,Semi-Detached,Established,Freehold,25,,HOWARD AVENUE,,LEEDS,LEEDS,WEST YORKSHIRE,Standard,Addition,53.7928230000,-1.4737190000
287000,2020-11-06 00:00:00Z,LS15 0LT,Semi-Detached,Established,Freehold,20,,LOMBARD STREET,,LEEDS,LEEDS,WEST YORKSHIRE,Standard,Addition,53.7930840000,-1.4758260000
240000,2020-10-27 00:00:00Z,LS15 0LX,Semi-Detached,Established,Freehold,9,,BROADWAY,,LEEDS,LEEDS,WEST YORKSHIRE,Standard,Addition,53.7925010000,-1.4739660000
174000,2020-11-06 00:00:00Z,LS15 0LU,Semi-Detached,Established,Freehold,23,,ALEXANDER AVENUE,,LEEDS,LEEDS,WEST YORKSHIRE,Standard,Addition,53.7937150000,-1.4740870000
147000,2020-07-29 00:00:00Z,LS15 7HW,Other,Established,Freehold,229,,SELBY ROAD,,LEEDS,LEEDS,WEST YORKSHIRE,Additional,Addition,53.7960720000,-1.4710250000
138000,2020-06-19 00:00:00Z,LS15 0LS,Semi-Detached,Established,Freehold,12,,SHERBROOKE AVENUE,,LEEDS,LEEDS,WEST YORKSHIRE,Standard,Addition,53.7946570000,-1.4758510000
156000,2021-05-25 00:00:00Z,LS15 7JL,Semi-Detached,Established,Freehold,87,,SELBY ROAD,,LEEDS,LEEDS,WEST YORKSHIRE,Standard,Addition,53.7992570000,-1.4794080000
265000,2021-03-25 00:00:00Z,LS15 0DR,Semi-Detached,Established,Freehold,66,,TEMPLENEWSAM ROAD,,LEEDS,LEEDS,WEST YORKSHIRE,Additional,Addition,53.7942450000,-1.4720190000
199950,2021-02-26 00:00:00Z,LS15 0LS,Semi-Detached,Established,Freehold,30,,SHERBROOKE AVENUE,,LEEDS,LEEDS,WEST YORKSHIRE,Standard,Addition,53.7946570000,-1.4758510000
175000,2021-06-29 00:00:00Z,LS15 0LX,Semi-Detached,Established,Freehold,20,,BROADWAY,,LEEDS,LEEDS,WEST YORKSHIRE,Standard,Addition,53.7925010000,-1.4739660000
135000,2021-10-29 00:00:00Z,LS15 0DU,Detached,Established,Freehold,38,,OAK ROAD,,LEEDS,LEEDS,WEST YORKSHIRE,Additional,Addition,53.7964610000,-1.4757110000
1463000,2021-03-05 00:00:00Z,LS15 0NS,Other,Established,Freehold,51,,RATHMELL ROAD,,LEEDS,LEEDS,WEST YORKSHIRE,Additional,Addition,53.7937120000,-1.4779310000
172000,2021-10-29 00:00:00Z,LS15 7JJ,Semi-Detached,Established,Freehold,8,,WILLIAM VIEW,,LEEDS,LEEDS,WEST YORKSHIRE,Standard,Addition,53.7993060000,-1.4783140000
209000,2021-02-26 00:00:00Z,LS15 0DY,Semi-Detached,Established,Freehold,29,,PORTAGE AVENUE,,LEEDS,LEEDS,WEST YORKSHIRE,Standard,Addition,53.7959680000,-1.4755010000
113000,2021-02-26 00:00:00Z,LS15 0EN,Semi-Detached,Established,Freehold,6,,BOWLAND CLOSE,,LEEDS,LEEDS,WEST YORKSHIRE,Standard,Addition,53.7951420000,-1.4798680000
191000,2021-02-19 00:00:00Z,LS15 0DU,Semi-Detached,Established,Freehold,26,,OAK ROAD,,LEEDS,LEEDS,WEST YORKSHIRE,Standard,Addition,53.7964610000,-1.4757110000
145000,2021-10-29 00:00:00Z,LS15 0DU,Semi-Detached,Established,Freehold,24,,OAK ROAD,,LEEDS,LEEDS,WEST YORKSHIRE,Standard,Addition,53.7964610000,-1.4757110000
220000,2021-03-03 00:00:00Z,LS15 7JJ,Semi-Detached,Established,Freehold,6,,WILLIAM VIEW,,LEEDS,LEEDS,WEST YORKSHIRE,Additional,Addition,53.7993060000,-1.4783140000
315000,2021-02-26 00:00:00Z,LS15 0LX,Semi-Detached,Established,Freehold,2,,BROADWAY,,LEEDS,LEEDS,WEST YORKSHIRE,Standard,Addition,53.7925010000,-1.4739660000
182000,2021-07-30 00:00:00Z,LS15 7JN,Semi-Detached,Established,Freehold,3,,WILLIAM RISE,,LEEDS,LEEDS,WEST YORKSHIRE,Standard,Addition,53.7997320000,-1.4792040000
138500,2021-07-23 00:00:00Z,LS15 0NA,Flats/Maisonettes,Established,Leasehold,1,,HOWARD COURT,,LEEDS,LEEDS,WEST YORKSHIRE,Standard,Addition,53.7926110000,-1.4744960000
315000,2021-06-25 00:00:00Z,LS15 0LX,Detached,Established,Freehold,28,,BROADWAY,,LEEDS,LEEDS,WEST YORKSHIRE,Standard,Addition,53.7925010000,-1.4739660000
177000,2021-07-09 00:00:00Z,LS15 7JJ,Terraced,Established,Freehold,3,,WILLIAM VIEW,,LEEDS,LEEDS,WEST YORKSHIRE,Standard,Addition,53.7993060000,-1.4783140000
175000,2021-10-11 00:00:00Z,LS15 0LR,Semi-Detached,Established,Freehold,45,,SHERBROOKE AVENUE,,LEEDS,LEEDS,WEST YORKSHIRE,Standard,Addition,53.7941120000,-1.4745680000
120000,2021-11-04 00:00:00Z,LS15 0BE,Semi-Detached,Established,Freehold,60,,CORONATION PARADE,,LEEDS,LEEDS,WEST YORKSHIRE,Additional,Addition,53.7923650000,-1.4799330000
1250000,2021-03-05 00:00:00Z,LS15 0NS,Other,Established,Freehold,51,,RATHMELL ROAD,,LEEDS,LEEDS,WEST YORKSHIRE,Additional,Addition,53.7937120000,-1.4779310000
140000,2021-01-29 00:00:00Z,LS15 7JN,Semi-Detached,Established,Freehold,25,,WILLIAM RISE,,LEEDS,LEEDS,WEST YORKSHIRE,Standard,Addition,53.7997320000,-1.4792040000
250000,2021-03-24 00:00:00Z,LS15 7HZ,Terraced,Established,Freehold,33,,MORRITT DRIVE,,LEEDS,LEEDS,WEST YORKSHIRE,Standard,Addition,53.7975810000,-1.4723080000
297000,2021-05-14 00:00:00Z,LS15 0DT,Semi-Detached,Established,Freehold,12,,MOOR AVENUE,,LEEDS,LEEDS,WEST YORKSHIRE,Standard,Addition,53.7948920000,-1.4740120000
100000,2021-08-20 00:00:00Z,LS15 0DW,Flats/Maisonettes,Established,Leasehold,17,FLAT 1,IRWIN APPROACH,,LEEDS,LEEDS,WEST YORKSHIRE,Standard,Addition,53.7955510000,-1.4706330000
179108,2021-06-01 00:00:00Z,LS15 0DU,Semi-Detached,Established,Freehold,8,,OAK ROAD,,LEEDS,LEEDS,WEST YORKSHIRE,Standard,Addition,53.7964610000,-1.4757110000
276000,2021-11-26 00:00:00Z,LS15 0DR,Semi-Detached,Established,Freehold,68,,TEMPLENEWSAM ROAD,,LEEDS,LEEDS,WEST YORKSHIRE,Standard,Addition,53.7942450000,-1.4720190000
210000,2021-07-21 00:00:00Z,LS15 0EA,Semi-Detached,Established,Freehold,26,,PORTAGE CRESCENT,,LEEDS,LEEDS,WEST YORKSHIRE,Standard,Addition,53.7950930000,-1.4769090000
210000,2021-09-06 00:00:00Z,LS15 0DS,Semi-Detached,Established,Freehold,19,,OAK CRESCENT,,LEEDS,LEEDS,WEST YORKSHIRE,Standard,Addition,53.7946520000,-1.4725420000
195000,2021-09-17 00:00:00Z,LS15 7JB,Semi-Detached,Established,Freehold,8,,PRIMROSE GARTH,,LEEDS,LEEDS,WEST YORKSHIRE,Standard,Addition,53.7971500000,-1.4703250000
120000,2021-07-16 00:00:00Z,LS15 0LX,Semi-Detached,Established,Freehold,30,,BROADWAY,,LEEDS,LEEDS,WEST YORKSHIRE,Standard,Addition,53.7925010000,-1.4739660000
212500,2021-08-27 00:00:00Z,LS15 7HU,Semi-Detached,Established,Freehold,15,,MORRITT GROVE,,LEEDS,LEEDS,WEST YORKSHIRE,Standard,Addition,53.7970590000,-1.4721020000
198000,2022-04-01 00:00:00Z,LS15 0DY,Semi-Detached,Established,Freehold,34,,PORTAGE AVENUE,,LEEDS,LEEDS,WEST YORKSHIRE,Standard,Addition,53.7959680000,-1.4755010000
175250,2022-02-04 00:00:00Z,LS15 7HZ,Semi-Detached,Established,Freehold,57,,MORRITT DRIVE,,LEEDS,LEEDS,WEST YORKSHIRE,Additional,Addition,53.7975810000,-1.4723080000
180000,2022-01-14 00:00:00Z,LS15 0DY,Detached,Established,Freehold,10,,PORTAGE AVENUE,,LEEDS,LEEDS,WEST YORKSHIRE,Standard,Addition,53.7959680000,-1.4755010000
190000,2022-02-04 00:00:00Z,LS15 0LX,Semi-Detached,Established,Freehold,12,,BROADWAY,,LEEDS,LEEDS,WEST YORKSHIRE,Standard,Addition,53.7925010000,-1.4739660000
