56950,1995-10-30 00:00:00Z,PR2 6SP,Semi-Detached,Established,Freehold,4,,EAST VIEW FULWOOD ROW,RIBBLETON,PRESTON,PRESTON,LANCASHIRE,Standard,Addition,53.7842110000,-2.6604470000
69500,1995-08-11 00:00:00Z,PR2 5RU,Detached,Established,Freehold,HEATHER BANK,,FULWOOD ROW,FULWOOD,PRESTON,PRESTON,LANCASHIRE,Standard,Addition,53.7897240000,-2.6647830000
99950,1995-04-05 00:00:00Z,PR2 9LW,Detached,New Build,Freehold,5,,CHINGLE CLOSE,FULWOOD,PRESTON,PRESTON,LANCASHIRE,Standard,Addition,53.7879920000,-2.6659700000
28500,1995-07-28 00:00:00Z,PR2 6XD,Terraced,Established,Leasehold,5,,KINGSDALE AVENUE,RIBBLETON,PRESTON,PRESTON,LANCASHIRE,Standard,Addition,53.7824690000,-2.6699960000
19000,1995-04-27 00:00:00Z,PR2 6TX,Terraced,Established,Leasehold,511,,WATLING STREET ROAD,RIBBLETON,PRESTON,PRESTON,LANCASHIRE,Standard,Addition,53.7829920000,-2.6630830000
72250,1995-10-20 00:00:00Z,PR2 9LU,Detached,New Build,Freehold,20,,HAIGHTON DRIVE,FULWOOD,PRESTON,PRESTON,LANCASHIRE,Standard,Addition,53.7871180000,-2.6663210000
36500,1995-11-18 00:00:00Z,PR2 6UJ,Terraced,Established,Leasehold,19,,INGLETON ROAD,RIBBLETON,PRESTON,PRESTON,LANCASHIRE,Standard,Addition,53.7816820000,-2.6675550000
19000,1995-11-21 00:00:00Z,PR2 6SS,Terraced,Established,Freehold,4,,GISBURN ROAD,RIBBLETON,PRESTON,PRESTON,LANCASHIRE,Standard,Addition,53.7823510000,-2.6621020000
66000,1995-08-21 00:00:00Z,PR2 5RW,Detached,Established,Freehold,40,,FULWOOD ROW,FULWOOD,PRESTON,PRESTON,LANCASHIRE,Standard,Addition,53.7848880000,-2.6600320000
34500,1995-08-11 00:00:00Z,PR2 6XE,Terraced,Established,Freehold,5,,BRACEWELL ROAD,RIBBLETON,PRESTON,PRESTON,LANCASHIRE,Standard,Addition,53.7833470000,-2.6687650000
106750,1995-09-29 00:00:00Z,PR2 9LU,Detached,New Build,Freehold,15,,HAIGHTON DRIVE,FULWOOD,PRESTON,PRESTON,LANCASHIRE,Standard,Addition,53.7871180000,-2.6663210000
75000,1995-12-20 00:00:00Z,PR2 9LW,Detached,Established,Freehold,10,,CHINGLE CLOSE,FULWOOD,PRESTON,PRESTON,LANCASHIRE,Standard,Addition,53.7879920000,-2.6659700000
119750,1995-01-20 00:00:00Z,PR2 9LW,Detached,New Build,Freehold,6,,CHINGLE CLOSE,FULWOOD,PRESTON,PRESTON,LANCASHIRE,Standard,Addition,53.7879920000,-2.6659700000
48350,1995-11-24 00:00:00Z,PR2 9LE,Semi-Detached,Established,Freehold,8,,ASHDOWN MEWS,FULWOOD,PRESTON,PRESTON,LANCASHIRE,Standard,Addition,53.7893230000,-2.6689820000
52500,1995-02-20 00:00:00Z,PR2 9LE,Terraced,Established,Freehold,12,,ASHDOWN MEWS,FULWOOD,PRESTON,PRESTON,LANCASHIRE,Standard,Addition,53.7893230000,-2.6689820000
31500,1995-09-14 00:00:00Z,PR2 6XJ,Terraced,Established,Freehold,43,,SKIPTON CRESCENT,RIBBLETON,PRESTON,PRESTON,LANCASHIRE,Standard,Addition,53.7844090000,-2.6670060000
56000,1995-03-20 00:00:00Z,PR2 6RP,Semi-Detached,Established,Freehold,42,,SION CLOSE,RIBBLETON,PRESTON,PRESTON,LANCASHIRE,Standard,Addition,53.7801930000,-2.6605500000
26000,1995-08-25 00:00:00Z,PR2 6TJ,Terraced,Established,Leasehold,98,,WESTFIELD DRIVE,RIBBLETON,PRESTON,PRESTON,LANCASHIRE,Standard,Addition,53.7814000000,-2.6666700000
17500,1995-11-17 00:00:00Z,PR2 6XD,Terraced,Established,Freehold,11,,KINGSDALE AVENUE,RIBBLETON,PRESTON,PRESTON,LANCASHIRE,Standard,Addition,53.7824690000,-2.6699960000
30950,1995-03-30 00:00:00Z,PR2 6XA,Terraced,Established,Leasehold,50,,HALSTEAD ROAD,RIBBLETON,PRESTON,PRESTON,LANCASHIRE,Standard,Addition,53.7835650000,-2.6684350000
30500,1995-04-13 00:00:00Z,PR2 6XB,Terraced,Established,Freehold,14,,SILSDEN AVENUE,RIBBLETON,PRESTON,PRESTON,LANCASHIRE,Standard,Addition,53.7832820000,-2.6691740000
25000,1995-07-28 00:00:00Z,PR2 6SS,Terraced,Established,Freehold,35,,GISBURN ROAD,RIBBLETON,PRESTON,PRESTON,LANCASHIRE,Standard,Addition,53.7823510000,-2.6621020000
71950,1996-09-20 00:00:00Z,PR2 9QY,Detached,New Build,Freehold,2,,LYNDETH CLOSE,FULWOOD,PRESTON,PRESTON,LANCASHIRE,Standard,Addition,53.7879120000,-2.6674410000
73450,1996-10-24 00:00:00Z,PR2 9QY,Detached,New Build,Freehold,5,,LYNDETH CLOSE,FULWOOD,PRESTON,PRESTON,LANCASHIRE,Standard,Addition,53.7879120000,-2.6674410000
40500,1996-04-04 00:00:00Z,PR2 6TD,Terraced,Established,Freehold,8,,HARROP PLACE,RIBBLETON,PRESTON,PRESTON,LANCASHIRE,Standard,Addition,53.7803720000,-2.6655610000
115000,1996-09-11 00:00:00Z,PR2 9PA,Detached,New Build,Freehold,3,,TEIL GREEN,FULWOOD,PRESTON,PRESTON,LANCASHIRE,Standard,Addition,53.7896730000,-2.6674840000
69500,1996-12-09 00:00:00Z,PR2 9PD,Detached,New Build,Freehold,24,,TEIL GREEN,FULWOOD,PRESTON,PRESTON,LANCASHIRE,Standard,Addition,53.7892210000,-2.6664150000
93000,1996-07-25 00:00:00Z,PR2 5RW,Detached,Established,Freehold,50,,FULWOOD ROW,FULWOOD,PRESTON,PRESTON,LANCASHIRE,Standard,Addition,53.7848880000,-2.6600320000
15000,1996-06-27 00:00:00Z,PR2 6UJ,Terraced,Established,Freehold,15,,INGLETON ROAD,RIBBLETON,PRESTON,PRESTON,LANCASHIRE,Standard,Addition,53.7816820000,-2.6675550000
24500,1996-06-28 00:00:00Z,PR2 6TD,Terraced,Established,Leasehold,1,,HARROP PLACE,RIBBLETON,PRESTON,PRESTON,LANCASHIRE,Standard,Addition,53.7803720000,-2.6655610000
58950,1996-11-01 00:00:00Z,PR2 9PD,Semi-Detached,New Build,Freehold,18,,TEIL GREEN,FULWOOD,PRESTON,PRESTON,LANCASHIRE,Standard,Addition,53.7892210000,-2.6664150000
35950,1996-09-27 00:00:00Z,PR2 6TA,Terraced,Established,Freehold,54,,GARSDALE ROAD,RIBBLETON,PRESTON,PRESTON,LANCASHIRE,Standard,Addition,53.7805170000,-2.6621790000
49600,1996-01-31 00:00:00Z,PR2 9LE,Semi-Detached,Established,Freehold,8,,ASHDOWN MEWS,FULWOOD,PRESTON,PRESTON,LANCASHIRE,Standard,Addition,53.7893230000,-2.6689820000
68950,1996-12-06 00:00:00Z,PR2 9QY,Detached,New Build,Freehold,11,,LYNDETH CLOSE,FULWOOD,PRESTON,PRESTON,LANCASHIRE,Standard,Addition,53.7879120000,-2.6674410000
79500,1996-11-29 00:00:00Z,PR2 9PD,Detached,New Build,Freehold,22,,TEIL GREEN,FULWOOD,PRESTON,PRESTON,LANCASHIRE,Standard,Addition,53.7892210000,-2.6664150000
117000,1996-03-08 00:00:00Z,PR2 9LU,Detached,Established,Freehold,1,,HAIGHTON DRIVE,FULWOOD,PRESTON,PRESTON,LANCASHIRE,Standard,Addition,53.7871180000,-2.6663210000
32950,1996-03-29 00:00:00Z,PR2 6TY,Flats/Maisonettes,Established,Leasehold,427,,WATLING STREET ROAD,RIBBLETON,PRESTON,PRESTON,LANCASHIRE,Standard,Addition,53.7818490000,-2.6699860000
155000,1996-11-04 00:00:00Z,PR2 5RU,Detached,Established,Freehold,HUNTCLIFFE,,FULWOOD ROW,FULWOOD,PRESTON,PRESTON,LANCASHIRE,Standard,Addition,53.7897240000,-2.6647830000
58950,1996-08-30 00:00:00Z,PR2 9PA,Semi-Detached,New Build,Freehold,17,,TEIL GREEN,FULWOOD,PRESTON,PRESTON,LANCASHIRE,Standard,Addition,53.7896730000,-2.6674840000
20000,1996-06-14 00:00:00Z,PR2 6RP,Terraced,Established,Freehold,56,,SION CLOSE,RIBBLETON,PRESTON,PRESTON,LANCASHIRE,Standard,Addition,53.7801930000,-2.6605500000
105000,1996-05-30 00:00:00Z,PR2 5RW,Detached,Established,Freehold,56,,FULWOOD ROW,FULWOOD,PRESTON,PRESTON,LANCASHIRE,Standard,Addition,53.7848880000,-2.6600320000
31400,1996-08-09 00:00:00Z,PR2 6SX,Terraced,Established,Freehold,7,,HEATHFIELD DRIVE,RIBBLETON,PRESTON,PRESTON,LANCASHIRE,Standard,Addition,53.7805830000,-2.6664140000
82500,1996-11-28 00:00:00Z,PR2 9PD,Detached,New Build,Freehold,20,,TEIL GREEN,FULWOOD,PRESTON,PRESTON,LANCASHIRE,Standard,Addition,53.7892210000,-2.6664150000
58950,1996-08-30 00:00:00Z,PR2 9PA,Semi-Detached,New Build,Freehold,11,,TEIL GREEN,FULWOOD,PRESTON,PRESTON,LANCASHIRE,Standard,Addition,53.7896730000,-2.6674840000
51000,1996-10-29 00:00:00Z,PR2 9LE,Semi-Detached,Established,Freehold,4,,ASHDOWN MEWS,FULWOOD,PRESTON,PRESTON,LANCASHIRE,Standard,Addition,53.7893230000,-2.6689820000
107500,1996-09-27 00:00:00Z,PR2 9PD,Detached,New Build,Freehold,14,,TEIL GREEN,FULWOOD,PRESTON,PRESTON,LANCASHIRE,Standard,Addition,53.7892210000,-2.6664150000
34500,1996-11-29 00:00:00Z,PR2 6TX,Terraced,Established,Freehold,499,,WATLING STREET ROAD,RIBBLETON,PRESTON,PRESTON,LANCASHIRE,Standard,Addition,53.7829920000,-2.6630830000
16750,1996-12-19 00:00:00Z,PR2 6SS,Terraced,Established,Leasehold,15,,GISBURN ROAD,RIBBLETON,PRESTON,PRESTON,LANCASHIRE,Standard,Addition,53.7823510000,-2.6621020000
72950,1996-06-06 00:00:00Z,PR2 9LU,Detached,New Build,Freehold,19,,HAIGHTON DRIVE,FULWOOD,PRESTON,PRESTON,LANCASHIRE,Standard,Addition,53.7871180000,-2.6663210000
19000,1996-06-03 00:00:00Z,PR2 6SQ,Terraced,Established,Freehold,21,,OAKWORTH AVENUE,RIBBLETON,PRESTON,PRESTON,LANCASHIRE,Standard,Addition,53.7826280000,-2.6603130000
63450,1996-12-20 00:00:00Z,PR2 9PA,Semi-Detached,New Build,Freehold,13,,TEIL GREEN,FULWOOD,PRESTON,PRESTON,LANCASHIRE,Standard,Addition,53.7896730000,-2.6674840000
59950,1996-10-22 00:00:00Z,PR2 9PA,Semi-Detached,New Build,Freehold,15,,TEIL GREEN,FULWOOD,PRESTON,PRESTON,LANCASHIRE,Standard,Addition,53.7896730000,-2.6674840000
31950,1996-01-31 00:00:00Z,PR2 6SX,Terraced,Established,Freehold,17,,HEATHFIELD DRIVE,RIBBLETON,PRESTON,PRESTON,LANCASHIRE,Standard,Addition,53.7805830000,-2.6664140000
36000,1996-11-29 00:00:00Z,PR2 6XA,Terraced,Established,Leasehold,10,,HALSTEAD ROAD,RIBBLETON,PRESTON,PRESTON,LANCASHIRE,Standard,Addition,53.7835650000,-2.6684350000
85950,1996-06-14 00:00:00Z,PR2 9LU,Detached,New Build,Freehold,17,,HAIGHTON DRIVE,FULWOOD,PRESTON,PRESTON,LANCASHIRE,Standard,Addition,53.7871180000,-2.6663210000
35000,1996-05-10 00:00:00Z,PR2 5RU,Detached,Established,Freehold,MELLING HOUSE,,FULWOOD ROW,FULWOOD,PRESTON,PRESTON,LANCASHIRE,Standard,Addition,53.7897240000,-2.6647830000
23500,1996-09-19 00:00:00Z,PR2 6TA,Terraced,Established,Freehold,40,,GARSDALE ROAD,RIBBLETON,PRESTON,PRESTON,LANCASHIRE,Standard,Addition,53.7805170000,-2.6621790000
26000,1996-05-30 00:00:00Z,PR2 6UH,Terraced,Established,Freehold,8,,HORNBY AVENUE,RIBBLETON,PRESTON,PRESTON,LANCASHIRE,Standard,Addition,53.7818990000,-2.6689550000
94950,1996-08-02 00:00:00Z,PR2 9PD,Detached,New Build,Freehold,6,,TEIL GREEN,FULWOOD,PRESTON,PRESTON,LANCASHIRE,Standard,Addition,53.7892210000,-2.6664150000
36950,1996-07-19 00:00:00Z,PR2 6XA,Terraced,Established,Freehold,20,,HALSTEAD ROAD,RIBBLETON,PRESTON,PRESTON,LANCASHIRE,Standard,Addition,53.7835650000,-2.6684350000
70200,1996-08-02 00:00:00Z,PR2 9PD,Detached,New Build,Freehold,2,,TEIL GREEN,FULWOOD,PRESTON,PRESTON,LANCASHIRE,Standard,Addition,53.7892210000,-2.6664150000
21500,1996-10-25 00:00:00Z,PR2 6UJ,Terraced,Established,Leasehold,21,,INGLETON ROAD,RIBBLETON,PRESTON,PRESTON,LANCASHIRE,Standard,Addition,53.7816820000,-2.6675550000
61650,1996-08-02 00:00:00Z,PR2 9PD,Detached,New Build,Freehold,4,,TEIL GREEN,FULWOOD,PRESTON,PRESTON,LANCASHIRE,Standard,Addition,53.7892210000,-2.6664150000
47000,1996-08-30 00:00:00Z,PR2 6RS,Semi-Detached,Established,Freehold,11,,LAUDERDALE CRESCENT,RIBBLETON,PRESTON,PRESTON,LANCASHIRE,Standard,Addition,53.7812470000,-2.6600810000
58950,1996-11-01 00:00:00Z,PR2 9PD,Semi-Detached,New Build,Freehold,16,,TEIL GREEN,FULWOOD,PRESTON,PRESTON,LANCASHIRE,Standard,Addition,53.7892210000,-2.6664150000
78500,1996-08-09 00:00:00Z,PR2 9LU,Detached,New Build,Freehold,16,,HAIGHTON DRIVE,FULWOOD,PRESTON,PRESTON,LANCASHIRE,Standard,Addition,53.7871180000,-2.6663210000
59750,1997-11-28 00:00:00Z,PR2 9LS,Semi-Detached,New Build,Freehold,3,,THE WARREN,FULWOOD,PRESTON,PRESTON,LANCASHIRE,Standard,Addition,53.7895660000,-2.6689700000
50750,1997-09-26 00:00:00Z,PR2 9LS,Terraced,New Build,Freehold,13,,THE WARREN,FULWOOD,PRESTON,PRESTON,LANCASHIRE,Standard,Addition,53.7895660000,-2.6689700000
72250,1997-12-12 00:00:00Z,PR2 9LU,Detached,New Build,Freehold,48,,HAIGHTON DRIVE,FULWOOD,PRESTON,PRESTON,LANCASHIRE,Standard,Addition,53.7871180000,-2.6663210000
118500,1997-10-24 00:00:00Z,PR2 9PD,Detached,New Build,Freehold,36,,TEIL GREEN,FULWOOD,PRESTON,PRESTON,LANCASHIRE,Standard,Addition,53.7892210000,-2.6664150000
64950,1997-12-23 00:00:00Z,PR2 9LU,Detached,New Build,Freehold,54,,HAIGHTON DRIVE,FULWOOD,PRESTON,PRESTON,LANCASHIRE,Standard,Addition,53.7871180000,-2.6663210000
77950,1997-12-19 00:00:00Z,PR2 9LU,Detached,New Build,Freehold,30,,HAIGHTON DRIVE,FULWOOD,PRESTON,PRESTON,LANCASHIRE,Standard,Addition,53.7871180000,-2.6663210000
110000,1997-02-28 00:00:00Z,PR2 9LW,Detached,Established,Freehold,8,,CHINGLE CLOSE,FULWOOD,PRESTON,PRESTON,LANCASHIRE,Standard,Addition,53.7879920000,-2.6659700000
92950,1997-07-18 00:00:00Z,PR2 9QY,Detached,New Build,Freehold,3,,LYNDETH CLOSE,FULWOOD,PRESTON,PRESTON,LANCASHIRE,Standard,Addition,53.7879120000,-2.6674410000
82500,1997-08-26 00:00:00Z,PR2 9QY,Detached,New Build,Freehold,4,,LYNDETH CLOSE,FULWOOD,PRESTON,PRESTON,LANCASHIRE,Standard,Addition,53.7879120000,-2.6674410000
59750,1997-09-23 00:00:00Z,PR2 9LS,Semi-Detached,New Build,Freehold,17,,THE WARREN,FULWOOD,PRESTON,PRESTON,LANCASHIRE,Standard,Addition,53.7895660000,-2.6689700000
120000,1997-12-15 00:00:00Z,PR2 5QX,Detached,Established,Freehold,19,,SANDYBROOK CLOSE,FULWOOD,PRESTON,PRESTON,LANCASHIRE,Standard,Addition,53.7868190000,-2.6618080000
86250,1997-11-28 00:00:00Z,PR2 9LU,Detached,New Build,Freehold,50,,HAIGHTON DRIVE,FULWOOD,PRESTON,PRESTON,LANCASHIRE,Standard,Addition,53.7871180000,-2.6663210000
59750,1997-12-23 00:00:00Z,PR2 9LS,Semi-Detached,New Build,Freehold,5,,THE WARREN,FULWOOD,PRESTON,PRESTON,LANCASHIRE,Standard,Addition,53.7895660000,-2.6689700000
99500,1997-01-31 00:00:00Z,PR2 9QY,Detached,New Build,Freehold,13,,LYNDETH CLOSE,FULWOOD,PRESTON,PRESTON,LANCASHIRE,Standard,Addition,53.7879120000,-2.6674410000
52250,1997-09-26 00:00:00Z,PR2 9LS,Terraced,New Build,Freehold,11,,THE WARREN,FULWOOD,PRESTON,PRESTON,LANCASHIRE,Standard,Addition,53.7895660000,-2.6689700000
59500,1997-06-27 00:00:00Z,PR2 9LS,Semi-Detached,New Build,Freehold,8,,THE WARREN,FULWOOD,PRESTON,PRESTON,LANCASHIRE,Standard,Addition,53.7895660000,-2.6689700000
40000,1997-01-31 00:00:00Z,PR2 6RP,Semi-Detached,Established,Freehold,14,,SION CLOSE,RIBBLETON,PRESTON,PRESTON,LANCASHIRE,Standard,Addition,53.7801930000,-2.6605500000
59500,1997-06-27 00:00:00Z,PR2 9LS,Semi-Detached,New Build,Freehold,4,,THE WARREN,FULWOOD,PRESTON,PRESTON,LANCASHIRE,Standard,Addition,53.7895660000,-2.6689700000
76500,1997-08-29 00:00:00Z,PR2 9LW,Detached,Established,Freehold,10,,CHINGLE CLOSE,FULWOOD,PRESTON,PRESTON,LANCASHIRE,Standard,Addition,53.7879920000,-2.6659700000
35000,1997-12-22 00:00:00Z,PR2 6SQ,Terraced,Established,Freehold,45,,OAKWORTH AVENUE,RIBBLETON,PRESTON,PRESTON,LANCASHIRE,Standard,Addition,53.7826280000,-2.6603130000
93250,1997-11-28 00:00:00Z,PR2 9LU,Detached,New Build,Freehold,4,,HAIGHTON DRIVE,FULWOOD,PRESTON,PRESTON,LANCASHIRE,Standard,Addition,53.7871180000,-2.6663210000
50000,1997-11-28 00:00:00Z,PR2 6RP,Semi-Detached,Established,Freehold,15,,SION CLOSE,RIBBLETON,PRESTON,PRESTON,LANCASHIRE,Standard,Addition,53.7801930000,-2.6605500000
59950,1997-07-31 00:00:00Z,PR2 9PD,Semi-Detached,New Build,Freehold,8,,TEIL GREEN,FULWOOD,PRESTON,PRESTON,LANCASHIRE,Standard,Addition,53.7892210000,-2.6664150000
79500,1997-03-12 00:00:00Z,PR2 9PA,Detached,New Build,Freehold,9,,TEIL GREEN,FULWOOD,PRESTON,PRESTON,LANCASHIRE,Standard,Addition,53.7896730000,-2.6674840000
43000,1997-12-19 00:00:00Z,PR2 6RP,Terraced,Established,Freehold,53,,SION CLOSE,RIBBLETON,PRESTON,PRESTON,LANCASHIRE,Standard,Addition,53.7801930000,-2.6605500000
91500,1997-02-07 00:00:00Z,PR2 9PA,Detached,New Build,Freehold,5,,TEIL GREEN,FULWOOD,PRESTON,PRESTON,LANCASHIRE,Standard,Addition,53.7896730000,-2.6674840000
33500,1997-11-10 00:00:00Z,PR2 6RP,Semi-Detached,Established,Freehold,38,,SION CLOSE,RIBBLETON,PRESTON,PRESTON,LANCASHIRE,Standard,Addition,53.7801930000,-2.6605500000
59500,1997-08-20 00:00:00Z,PR2 9LS,Semi-Detached,New Build,Freehold,19,,THE WARREN,FULWOOD,PRESTON,PRESTON,LANCASHIRE,Standard,Addition,53.7895660000,-2.6689700000
82500,1997-01-30 00:00:00Z,PR2 9PD,Detached,New Build,Freehold,26,,TEIL GREEN,FULWOOD,PRESTON,PRESTON,LANCASHIRE,Standard,Addition,53.7892210000,-2.6664150000
74500,1997-06-06 00:00:00Z,PR2 9PD,Detached,New Build,Freehold,62,,TEIL GREEN,FULWOOD,PRESTON,PRESTON,LANCASHIRE,Standard,Addition,53.7892210000,-2.6664150000
31000,1997-09-25 00:00:00Z,PR2 6TJ,Semi-Detached,Established,Freehold,81,,WESTFIELD DRIVE,RIBBLETON,PRESTON,PRESTON,LANCASHIRE,Standard,Addition,53.7814000000,-2.6666700000
56950,1997-01-31 00:00:00Z,PR2 9PD,Semi-Detached,New Build,Freehold,66,,TEIL GREEN,FULWOOD,PRESTON,PRESTON,LANCASHIRE,Standard,Addition,53.7892210000,-2.6664150000
59750,1997-11-14 00:00:00Z,PR2 9LS,Semi-Detached,New Build,Freehold,7,,THE WARREN,FULWOOD,PRESTON,PRESTON,LANCASHIRE,Standard,Addition,53.7895660000,-2.6689700000
31000,1997-09-12 00:00:00Z,PR2 6QX,Terraced,Established,Freehold,21,,TROUTBECK PLACE,RIBBLETON,PRESTON,PRESTON,LANCASHIRE,Standard,Addition,53.7837360000,-2.6618350000
59950,1997-01-31 00:00:00Z,PR2 9PD,Semi-Detached,New Build,Freehold,64,,TEIL GREEN,FULWOOD,PRESTON,PRESTON,LANCASHIRE,Standard,Addition,53.7892210000,-2.6664150000
77500,1997-12-19 00:00:00Z,PR2 9PD,Detached,New Build,Freehold,48,,TEIL GREEN,FULWOOD,PRESTON,PRESTON,LANCASHIRE,Standard,Addition,53.7892210000,-2.6664150000
64950,1997-09-25 00:00:00Z,PR2 9LU,Detached,New Build,Freehold,23,,HAIGHTON DRIVE,FULWOOD,PRESTON,PRESTON,LANCASHIRE,Standard,Addition,53.7871180000,-2.6663210000
50950,1997-04-11 00:00:00Z,PR2 9LE,Terraced,Established,Freehold,11,,ASHDOWN MEWS,FULWOOD,PRESTON,PRESTON,LANCASHIRE,Standard,Addition,53.7893230000,-2.6689820000
92950,1997-08-29 00:00:00Z,PR2 9QY,Detached,New Build,Freehold,6,,LYNDETH CLOSE,FULWOOD,PRESTON,PRESTON,LANCASHIRE,Standard,Addition,53.7879120000,-2.6674410000
108500,1997-06-30 00:00:00Z,PR2 9PD,Detached,New Build,Freehold,42,,TEIL GREEN,FULWOOD,PRESTON,PRESTON,LANCASHIRE,Standard,Addition,53.7892210000,-2.6664150000
57000,1997-07-18 00:00:00Z,PR2 6SP,Semi-Detached,Established,Freehold,4,,EAST VIEW FULWOOD ROW,RIBBLETON,PRESTON,PRESTON,LANCASHIRE,Standard,Addition,53.7842110000,-2.6604470000
82950,1997-10-31 00:00:00Z,PR2 9QY,Detached,New Build,Freehold,1,,LYNDETH CLOSE,FULWOOD,PRESTON,PRESTON,LANCASHIRE,Standard,Addition,53.7879120000,-2.6674410000
114000,1997-05-30 00:00:00Z,PR2 9QY,Detached,New Build,Freehold,9,,LYNDETH CLOSE,FULWOOD,PRESTON,PRESTON,LANCASHIRE,Standard,Addition,53.7879120000,-2.6674410000
85950,1997-06-20 00:00:00Z,PR2 9QY,Detached,New Build,Freehold,7,,LYNDETH CLOSE,FULWOOD,PRESTON,PRESTON,LANCASHIRE,Standard,Addition,53.7879120000,-2.6674410000
69950,1997-10-17 00:00:00Z,PR2 9LU,Detached,New Build,Freehold,26,,HAIGHTON DRIVE,FULWOOD,PRESTON,PRESTON,LANCASHIRE,Standard,Addition,53.7871180000,-2.6663210000
87500,1997-12-22 00:00:00Z,PR2 9LU,Detached,New Build,Freehold,25,,HAIGHTON DRIVE,FULWOOD,PRESTON,PRESTON,LANCASHIRE,Standard,Addition,53.7871180000,-2.6663210000
59750,1997-11-12 00:00:00Z,PR2 9LS,Semi-Detached,New Build,Freehold,9,,THE WARREN,FULWOOD,PRESTON,PRESTON,LANCASHIRE,Standard,Addition,53.7895660000,-2.6689700000
97000,1997-11-13 00:00:00Z,PR2 9PD,Detached,New Build,Freehold,38,,TEIL GREEN,FULWOOD,PRESTON,PRESTON,LANCASHIRE,Standard,Addition,53.7892210000,-2.6664150000
59800,1997-08-08 00:00:00Z,PR2 9LS,Semi-Detached,New Build,Freehold,21,,THE WARREN,FULWOOD,PRESTON,PRESTON,LANCASHIRE,Standard,Addition,53.7895660000,-2.6689700000
81650,1997-09-18 00:00:00Z,PR2 9LS,Detached,New Build,Freehold,2,,THE WARREN,FULWOOD,PRESTON,PRESTON,LANCASHIRE,Standard,Addition,53.7895660000,-2.6689700000
98500,1997-06-22 00:00:00Z,PR2 9PD,Detached,Established,Freehold,12,,TEIL GREEN,FULWOOD,PRESTON,PRESTON,LANCASHIRE,Standard,Addition,53.7892210000,-2.6664150000
107500,1997-06-27 00:00:00Z,PR2 9PA,Detached,New Build,Freehold,19,,TEIL GREEN,FULWOOD,PRESTON,PRESTON,LANCASHIRE,Standard,Addition,53.7896730000,-2.6674840000
19950,1997-02-12 00:00:00Z,PR2 6SS,Terraced,Established,Leasehold,15,,GISBURN ROAD,RIBBLETON,PRESTON,PRESTON,LANCASHIRE,Standard,Addition,53.7823510000,-2.6621020000
90500,1997-03-20 00:00:00Z,PR2 9PD,Detached,New Build,Freehold,70,,TEIL GREEN,FULWOOD,PRESTON,PRESTON,LANCASHIRE,Standard,Addition,53.7892210000,-2.6664150000
69950,1997-12-05 00:00:00Z,PR2 9LU,Detached,New Build,Freehold,27,,HAIGHTON DRIVE,FULWOOD,PRESTON,PRESTON,LANCASHIRE,Standard,Addition,53.7871180000,-2.6663210000
59500,1997-06-27 00:00:00Z,PR2 9LS,Semi-Detached,New Build,Freehold,10,,THE WARREN,FULWOOD,PRESTON,PRESTON,LANCASHIRE,Standard,Addition,53.7895660000,-2.6689700000
29000,1997-03-26 00:00:00Z,PR2 6TA,Terraced,Established,Freehold,56,,GARSDALE ROAD,RIBBLETON,PRESTON,PRESTON,LANCASHIRE,Standard,Addition,53.7805170000,-2.6621790000
69500,1997-01-31 00:00:00Z,PR2 9PD,Detached,New Build,Freehold,28,,TEIL GREEN,FULWOOD,PRESTON,PRESTON,LANCASHIRE,Standard,Addition,53.7892210000,-2.6664150000
35000,1997-11-21 00:00:00Z,PR2 6SX,Terraced,Established,Freehold,8,,HEATHFIELD DRIVE,RIBBLETON,PRESTON,PRESTON,LANCASHIRE,Standard,Addition,53.7805830000,-2.6664140000
81500,1997-03-27 00:00:00Z,PR2 9PD,Detached,New Build,Freehold,68,,TEIL GREEN,FULWOOD,PRESTON,PRESTON,LANCASHIRE,Standard,Addition,53.7892210000,-2.6664150000
115000,1997-02-21 00:00:00Z,PR2 5QX,Detached,Established,Freehold,13,,SANDYBROOK CLOSE,FULWOOD,PRESTON,PRESTON,LANCASHIRE,Standard,Addition,53.7868190000,-2.6618080000
33000,1997-08-29 00:00:00Z,PR2 6SQ,Semi-Detached,Established,Leasehold,19,,OAKWORTH AVENUE,RIBBLETON,PRESTON,PRESTON,LANCASHIRE,Standard,Addition,53.7826280000,-2.6603130000
73500,1997-09-26 00:00:00Z,PR2 9PD,Detached,New Build,Freehold,54,,TEIL GREEN,FULWOOD,PRESTON,PRESTON,LANCASHIRE,Standard,Addition,53.7892210000,-2.6664150000
85000,1997-05-02 00:00:00Z,PR2 9LU,Detached,Established,Freehold,5,,HAIGHTON DRIVE,FULWOOD,PRESTON,PRESTON,LANCASHIRE,Standard,Addition,53.7871180000,-2.6663210000
93250,1997-10-31 00:00:00Z,PR2 9LU,Detached,New Build,Freehold,22,,HAIGHTON DRIVE,FULWOOD,PRESTON,PRESTON,LANCASHIRE,Standard,Addition,53.7871180000,-2.6663210000
90000,1997-05-09 00:00:00Z,PR2 9LU,Detached,New Build,Freehold,18,,HAIGHTON DRIVE,FULWOOD,PRESTON,PRESTON,LANCASHIRE,Standard,Addition,53.7871180000,-2.6663210000
45000,1997-11-27 00:00:00Z,PR2 6RS,Detached,Established,Freehold,5,,LAUDERDALE CRESCENT,RIBBLETON,PRESTON,PRESTON,LANCASHIRE,Standard,Addition,53.7812470000,-2.6600810000
110500,1997-09-30 00:00:00Z,PR2 9PD,Detached,New Build,Freehold,58,,TEIL GREEN,FULWOOD,PRESTON,PRESTON,LANCASHIRE,Standard,Addition,53.7892210000,-2.6664150000
30000,1997-08-22 00:00:00Z,PR2 6SY,Terraced,Established,Freehold,83,,HEATHFIELD DRIVE,RIBBLETON,PRESTON,PRESTON,LANCASHIRE,Standard,Addition,53.7815130000,-2.6624530000
77950,1997-12-05 00:00:00Z,PR2 9LU,Detached,New Build,Freehold,21,,HAIGHTON DRIVE,FULWOOD,PRESTON,PRESTON,LANCASHIRE,Standard,Addition,53.7871180000,-2.6663210000
59950,1997-07-31 00:00:00Z,PR2 9PD,Semi-Detached,New Build,Freehold,10,,TEIL GREEN,FULWOOD,PRESTON,PRESTON,LANCASHIRE,Standard,Addition,53.7892210000,-2.6664150000
59750,1997-09-26 00:00:00Z,PR2 9LS,Semi-Detached,New Build,Freehold,23,,THE WARREN,FULWOOD,PRESTON,PRESTON,LANCASHIRE,Standard,Addition,53.7895660000,-2.6689700000
13000,1997-04-09 00:00:00Z,PR2 6SY,Semi-Detached,Established,Freehold,119,,HEATHFIELD DRIVE,RIBBLETON,PRESTON,PRESTON,LANCASHIRE,Standard,Addition,53.7815130000,-2.6624530000
59500,1997-06-27 00:00:00Z,PR2 9LS,Semi-Detached,New Build,Freehold,6,,THE WARREN,FULWOOD,PRESTON,PRESTON,LANCASHIRE,Standard,Addition,53.7895660000,-2.6689700000
90500,1997-08-22 00:00:00Z,PR2 9PD,Detached,New Build,Freehold,32,,TEIL GREEN,FULWOOD,PRESTON,PRESTON,LANCASHIRE,Standard,Addition,53.7892210000,-2.6664150000
90500,1997-08-26 00:00:00Z,PR2 9PA,Detached,New Build,Freehold,7,,TEIL GREEN,FULWOOD,PRESTON,PRESTON,LANCASHIRE,Standard,Addition,53.7896730000,-2.6674840000
24000,1997-06-20 00:00:00Z,PR2 6TD,Terraced,Established,Freehold,4,,HARROP PLACE,RIBBLETON,PRESTON,PRESTON,LANCASHIRE,Standard,Addition,53.7803720000,-2.6655610000
82500,1997-10-31 00:00:00Z,PR2 9PD,Detached,New Build,Freehold,34,,TEIL GREEN,FULWOOD,PRESTON,PRESTON,LANCASHIRE,Standard,Addition,53.7892210000,-2.6664150000
52500,1997-10-03 00:00:00Z,PR2 9LS,Terraced,New Build,Freehold,15,,THE WARREN,FULWOOD,PRESTON,PRESTON,LANCASHIRE,Standard,Addition,53.7895660000,-2.6689700000
75000,1997-03-27 00:00:00Z,PR2 9PD,Detached,New Build,Freehold,60,,TEIL GREEN,FULWOOD,PRESTON,PRESTON,LANCASHIRE,Standard,Addition,53.7892210000,-2.6664150000
48500,1997-12-12 00:00:00Z,PR2 9LE,Semi-Detached,Established,Freehold,6,,ASHDOWN MEWS,FULWOOD,PRESTON,PRESTON,LANCASHIRE,Standard,Addition,53.7893230000,-2.6689820000
33000,1997-01-27 00:00:00Z,PR2 6UL,Terraced,Established,Freehold,15,,BENTON ROAD,RIBBLETON,PRESTON,PRESTON,LANCASHIRE,Standard,Addition,53.7811760000,-2.6696410000
66950,1998-07-24 00:00:00Z,PR2 9LU,Detached,New Build,Freehold,49,,HAIGHTON DRIVE,FULWOOD,PRESTON,PRESTON,LANCASHIRE,Standard,Addition,53.7871180000,-2.6663210000
62950,1998-06-11 00:00:00Z,PR2 9PA,Semi-Detached,New Build,Freehold,41,,TEIL GREEN,FULWOOD,PRESTON,PRESTON,LANCASHIRE,Standard,Addition,53.7896730000,-2.6674840000
59000,1998-05-29 00:00:00Z,PR2 9PA,Semi-Detached,New Build,Freehold,39,,TEIL GREEN,FULWOOD,PRESTON,PRESTON,LANCASHIRE,Standard,Addition,53.7896730000,-2.6674840000
88800,1998-05-05 00:00:00Z,PR2 9LE,Detached,New Build,Freehold,15,,ASHDOWN MEWS,FULWOOD,PRESTON,PRESTON,LANCASHIRE,Standard,Addition,53.7893230000,-2.6689820000
83750,1998-05-28 00:00:00Z,PR2 9LU,Detached,New Build,Freehold,64,,HAIGHTON DRIVE,FULWOOD,PRESTON,PRESTON,LANCASHIRE,Standard,Addition,53.7871180000,-2.6663210000
66950,1998-07-31 00:00:00Z,PR2 9LU,Detached,New Build,Freehold,43,,HAIGHTON DRIVE,FULWOOD,PRESTON,PRESTON,LANCASHIRE,Standard,Addition,53.7871180000,-2.6663210000
19000,1998-05-15 00:00:00Z,PR2 6QX,Flats/Maisonettes,Established,Freehold,5,,TROUTBECK PLACE,RIBBLETON,PRESTON,PRESTON,LANCASHIRE,Standard,Addition,53.7837360000,-2.6618350000
118500,1998-03-27 00:00:00Z,PR2 9PD,Detached,New Build,Freehold,52,,TEIL GREEN,FULWOOD,PRESTON,PRESTON,LANCASHIRE,Standard,Addition,53.7892210000,-2.6664150000
93250,1998-01-23 00:00:00Z,PR2 9LU,Detached,New Build,Freehold,28,,HAIGHTON DRIVE,FULWOOD,PRESTON,PRESTON,LANCASHIRE,Standard,Addition,53.7871180000,-2.6663210000
72450,1998-04-11 00:00:00Z,PR2 9LU,Detached,New Build,Freehold,38,,HAIGHTON DRIVE,FULWOOD,PRESTON,PRESTON,LANCASHIRE,Standard,Addition,53.7871180000,-2.6663210000
93950,1998-05-13 00:00:00Z,PR2 9LU,Detached,New Build,Freehold,41,,HAIGHTON DRIVE,FULWOOD,PRESTON,PRESTON,LANCASHIRE,Standard,Addition,53.7871180000,-2.6663210000
75500,1998-10-09 00:00:00Z,PR2 6RP,Detached,Established,Freehold,"BEECHCROFT, 2A",,SION CLOSE,RIBBLETON,PRESTON,PRESTON,LANCASHIRE,Standard,Addition,53.7801930000,-2.6605500000
98500,1998-03-20 00:00:00Z,PR2 9PD,Detached,New Build,Freehold,30,,TEIL GREEN,FULWOOD,PRESTON,PRESTON,LANCASHIRE,Standard,Addition,53.7892210000,-2.6664150000
71950,1998-09-21 00:00:00Z,PR2 9LU,Detached,New Build,Freehold,53,,HAIGHTON DRIVE,FULWOOD,PRESTON,PRESTON,LANCASHIRE,Standard,Addition,53.7871180000,-2.6663210000
66450,1998-05-01 00:00:00Z,PR2 9LU,Detached,New Build,Freehold,34,,HAIGHTON DRIVE,FULWOOD,PRESTON,PRESTON,LANCASHIRE,Standard,Addition,53.7871180000,-2.6663210000
68450,1998-10-02 00:00:00Z,PR2 9LU,Detached,New Build,Freehold,61,,HAIGHTON DRIVE,FULWOOD,PRESTON,PRESTON,LANCASHIRE,Standard,Addition,53.7871180000,-2.6663210000
48000,1998-07-31 00:00:00Z,PR2 6RS,Semi-Detached,Established,Freehold,11,,LAUDERDALE CRESCENT,RIBBLETON,PRESTON,PRESTON,LANCASHIRE,Standard,Addition,53.7812470000,-2.6600810000
63950,1998-02-27 00:00:00Z,PR2 9PA,Semi-Detached,Established,Freehold,11,,TEIL GREEN,FULWOOD,PRESTON,PRESTON,LANCASHIRE,Standard,Addition,53.7896730000,-2.6674840000
21000,1998-04-29 00:00:00Z,PR2 6QY,Terraced,Established,Freehold,26,,HAWKSHEAD ROAD,RIBBLETON,PRESTON,PRESTON,LANCASHIRE,Standard,Addition,53.7843090000,-2.6639840000
109500,1998-11-11 00:00:00Z,PR2 9PA,Detached,New Build,Freehold,31,,TEIL GREEN,FULWOOD,PRESTON,PRESTON,LANCASHIRE,Standard,Addition,53.7896730000,-2.6674840000
23500,1998-09-18 00:00:00Z,PR2 6SS,Terraced,Established,Freehold,1,,GISBURN ROAD,RIBBLETON,PRESTON,PRESTON,LANCASHIRE,Standard,Addition,53.7823510000,-2.6621020000
75450,1998-12-11 00:00:00Z,PR2 9LU,Detached,New Build,Freehold,35,,HAIGHTON DRIVE,FULWOOD,PRESTON,PRESTON,LANCASHIRE,Standard,Addition,53.7871180000,-2.6663210000
87950,1998-07-24 00:00:00Z,PR2 9LU,Detached,New Build,Freehold,55,,HAIGHTON DRIVE,FULWOOD,PRESTON,PRESTON,LANCASHIRE,Standard,Addition,53.7871180000,-2.6663210000
75250,1998-06-19 00:00:00Z,PR2 9LU,Detached,New Build,Freehold,56,,HAIGHTON DRIVE,FULWOOD,PRESTON,PRESTON,LANCASHIRE,Standard,Addition,53.7871180000,-2.6663210000
87500,1998-04-02 00:00:00Z,PR2 9LU,Detached,New Build,Freehold,46,,HAIGHTON DRIVE,FULWOOD,PRESTON,PRESTON,LANCASHIRE,Standard,Addition,53.7871180000,-2.6663210000
13000,1998-04-24 00:00:00Z,PR2 6TA,Terraced,Established,Freehold,75,,GARSDALE ROAD,RIBBLETON,PRESTON,PRESTON,LANCASHIRE,Standard,Addition,53.7805170000,-2.6621790000
22500,1998-07-31 00:00:00Z,PR2 6UJ,Flats/Maisonettes,Established,Leasehold,50,,INGLETON ROAD,RIBBLETON,PRESTON,PRESTON,LANCASHIRE,Standard,Addition,53.7816820000,-2.6675550000
64950,1998-04-30 00:00:00Z,PR2 9LU,Detached,New Build,Freehold,60,,HAIGHTON DRIVE,FULWOOD,PRESTON,PRESTON,LANCASHIRE,Standard,Addition,53.7871180000,-2.6663210000
64950,1998-02-25 00:00:00Z,PR2 9LU,Detached,New Build,Freehold,58,,HAIGHTON DRIVE,FULWOOD,PRESTON,PRESTON,LANCASHIRE,Standard,Addition,53.7871180000,-2.6663210000
28000,1998-06-19 00:00:00Z,PR2 6TL,Terraced,Established,Freehold,11,,HORNBY AVENUE,RIBBLETON,PRESTON,PRESTON,LANCASHIRE,Standard,Addition,53.7812460000,-2.6684890000
98500,1998-12-16 00:00:00Z,PR2 9PD,Detached,New Build,Freehold,50,,TEIL GREEN,FULWOOD,PRESTON,PRESTON,LANCASHIRE,Standard,Addition,53.7892210000,-2.6664150000
92500,1998-08-28 00:00:00Z,PR2 9PA,Detached,New Build,Freehold,29,,TEIL GREEN,FULWOOD,PRESTON,PRESTON,LANCASHIRE,Standard,Addition,53.7896730000,-2.6674840000
72000,1998-12-11 00:00:00Z,PR2 9LU,Detached,New Build,Freehold,45,,HAIGHTON DRIVE,FULWOOD,PRESTON,PRESTON,LANCASHIRE,Standard,Addition,53.7871180000,-2.6663210000
73500,1998-07-31 00:00:00Z,PR2 9LU,Detached,Established,Freehold,26,,HAIGHTON DRIVE,FULWOOD,PRESTON,PRESTON,LANCASHIRE,Standard,Addition,53.7871180000,-2.6663210000
38000,1998-07-01 00:00:00Z,PR2 6UJ,Terraced,Established,Freehold,6,,INGLETON ROAD,RIBBLETON,PRESTON,PRESTON,LANCASHIRE,Standard,Addition,53.7816820000,-2.6675550000
111500,1998-07-24 00:00:00Z,PR2 9PA,Detached,New Build,Freehold,47,,TEIL GREEN,FULWOOD,PRESTON,PRESTON,LANCASHIRE,Standard,Addition,53.7896730000,-2.6674840000
83500,1998-10-30 00:00:00Z,PR2 9PA,Detached,New Build,Freehold,23,,TEIL GREEN,FULWOOD,PRESTON,PRESTON,LANCASHIRE,Standard,Addition,53.7896730000,-2.6674840000
31000,1998-11-16 00:00:00Z,PR2 6SU,Terraced,Established,Freehold,2,,MEARLEY ROAD,RIBBLETON,PRESTON,PRESTON,LANCASHIRE,Standard,Addition,53.7817930000,-2.6638080000
93950,1998-03-31 00:00:00Z,PR2 9LU,Detached,New Build,Freehold,44,,HAIGHTON DRIVE,FULWOOD,PRESTON,PRESTON,LANCASHIRE,Standard,Addition,53.7871180000,-2.6663210000
98000,1998-07-31 00:00:00Z,PR2 9PA,Detached,New Build,Freehold,33,,TEIL GREEN,FULWOOD,PRESTON,PRESTON,LANCASHIRE,Standard,Addition,53.7896730000,-2.6674840000
100450,1998-03-20 00:00:00Z,PR2 9LU,Detached,New Build,Freehold,2,,HAIGHTON DRIVE,FULWOOD,PRESTON,PRESTON,LANCASHIRE,Standard,Addition,53.7871180000,-2.6663210000
37950,1998-08-03 00:00:00Z,PR2 6SQ,Terraced,Established,Freehold,27,,OAKWORTH AVENUE,RIBBLETON,PRESTON,PRESTON,LANCASHIRE,Standard,Addition,53.7826280000,-2.6603130000
90000,1998-02-02 00:00:00Z,PR2 9LU,Detached,Established,Freehold,3,,HAIGHTON DRIVE,FULWOOD,PRESTON,PRESTON,LANCASHIRE,Standard,Addition,53.7871180000,-2.6663210000
95750,1998-06-23 00:00:00Z,PR2 9LU,Detached,New Build,Freehold,63,,HAIGHTON DRIVE,FULWOOD,PRESTON,PRESTON,LANCASHIRE,Standard,Addition,53.7871180000,-2.6663210000
66950,1998-04-28 00:00:00Z,PR2 9LU,Semi-Detached,New Build,Freehold,40,,HAIGHTON DRIVE,FULWOOD,PRESTON,PRESTON,LANCASHIRE,Standard,Addition,53.7871180000,-2.6663210000
42500,1998-05-21 00:00:00Z,PR2 6TY,Semi-Detached,Established,Leasehold,395,,WATLING STREET ROAD,RIBBLETON,PRESTON,PRESTON,LANCASHIRE,Standard,Addition,53.7818490000,-2.6699860000
62950,1998-06-05 00:00:00Z,PR2 9PA,Semi-Detached,New Build,Freehold,43,,TEIL GREEN,FULWOOD,PRESTON,PRESTON,LANCASHIRE,Standard,Addition,53.7896730000,-2.6674840000
66750,1998-05-29 00:00:00Z,PR2 9LU,Detached,New Build,Freehold,62,,HAIGHTON DRIVE,FULWOOD,PRESTON,PRESTON,LANCASHIRE,Standard,Addition,53.7871180000,-2.6663210000
95750,1998-06-19 00:00:00Z,PR2 9LU,Detached,New Build,Freehold,59,,HAIGHTON DRIVE,FULWOOD,PRESTON,PRESTON,LANCASHIRE,Standard,Addition,53.7871180000,-2.6663210000
53000,1998-12-21 00:00:00Z,PR2 9LE,Terraced,Established,Freehold,10,,ASHDOWN MEWS,FULWOOD,PRESTON,PRESTON,LANCASHIRE,Standard,Addition,53.7893230000,-2.6689820000
25000,1998-12-21 00:00:00Z,PR2 6RP,Terraced,Established,Freehold,47,,SION CLOSE,RIBBLETON,PRESTON,PRESTON,LANCASHIRE,Standard,Addition,53.7801930000,-2.6605500000
72250,1998-03-13 00:00:00Z,PR2 9LU,Detached,New Build,Freehold,52,,HAIGHTON DRIVE,FULWOOD,PRESTON,PRESTON,LANCASHIRE,Standard,Addition,53.7871180000,-2.6663210000
120000,1998-08-14 00:00:00Z,PR2 9PA,Detached,New Build,Freehold,45,,TEIL GREEN,FULWOOD,PRESTON,PRESTON,LANCASHIRE,Standard,Addition,53.7896730000,-2.6674840000
31000,1998-06-12 00:00:00Z,PR2 6UH,Terraced,Established,Freehold,2,,HORNBY AVENUE,RIBBLETON,PRESTON,PRESTON,LANCASHIRE,Standard,Addition,53.7818990000,-2.6689550000
29950,1998-07-31 00:00:00Z,PR2 6UX,Semi-Detached,Established,Freehold,15,,SILVERDALE DRIVE,RIBBLETON,PRESTON,PRESTON,LANCASHIRE,Standard,Addition,53.7826690000,-2.6695890000
72250,1998-01-23 00:00:00Z,PR2 9LU,Detached,New Build,Freehold,24,,HAIGHTON DRIVE,FULWOOD,PRESTON,PRESTON,LANCASHIRE,Standard,Addition,53.7871180000,-2.6663210000
75450,1998-12-17 00:00:00Z,PR2 9LU,Detached,New Build,Freehold,31,,HAIGHTON DRIVE,FULWOOD,PRESTON,PRESTON,LANCASHIRE,Standard,Addition,53.7871180000,-2.6663210000
93500,1998-04-17 00:00:00Z,PR2 9PD,Detached,New Build,Freehold,40,,TEIL GREEN,FULWOOD,PRESTON,PRESTON,LANCASHIRE,Standard,Addition,53.7892210000,-2.6664150000
29950,1998-07-24 00:00:00Z,PR2 6TJ,Terraced,Established,Freehold,87,,WESTFIELD DRIVE,RIBBLETON,PRESTON,PRESTON,LANCASHIRE,Standard,Addition,53.7814000000,-2.6666700000
62000,1998-05-27 00:00:00Z,PR2 9PA,Semi-Detached,New Build,Freehold,37,,TEIL GREEN,FULWOOD,PRESTON,PRESTON,LANCASHIRE,Standard,Addition,53.7896730000,-2.6674840000
86500,1998-03-05 00:00:00Z,PR2 9PD,Detached,New Build,Freehold,46,,TEIL GREEN,FULWOOD,PRESTON,PRESTON,LANCASHIRE,Standard,Addition,53.7892210000,-2.6664150000
83500,1998-11-27 00:00:00Z,PR2 9PA,Detached,New Build,Freehold,51,,TEIL GREEN,FULWOOD,PRESTON,PRESTON,LANCASHIRE,Standard,Addition,53.7896730000,-2.6674840000
76500,1998-10-23 00:00:00Z,PR2 9PA,Detached,New Build,Freehold,21,,TEIL GREEN,FULWOOD,PRESTON,PRESTON,LANCASHIRE,Standard,Addition,53.7896730000,-2.6674840000
59750,1998-01-30 00:00:00Z,PR2 9LS,Semi-Detached,New Build,Freehold,1,,THE WARREN,FULWOOD,PRESTON,PRESTON,LANCASHIRE,Standard,Addition,53.7895660000,-2.6689700000
20500,1998-05-27 00:00:00Z,PR2 6XA,Terraced,Established,Freehold,2,,HALSTEAD ROAD,RIBBLETON,PRESTON,PRESTON,LANCASHIRE,Standard,Addition,53.7835650000,-2.6684350000
122500,1998-09-17 00:00:00Z,PR2 9PD,Detached,New Build,Freehold,72,,TEIL GREEN,FULWOOD,PRESTON,PRESTON,LANCASHIRE,Standard,Addition,53.7892210000,-2.6664150000
41000,1998-05-28 00:00:00Z,PR2 6TY,Semi-Detached,Established,Freehold,407,,WATLING STREET ROAD,RIBBLETON,PRESTON,PRESTON,LANCASHIRE,Standard,Addition,53.7818490000,-2.6699860000
84750,1998-07-17 00:00:00Z,PR2 9LU,Detached,New Build,Freehold,57,,HAIGHTON DRIVE,FULWOOD,PRESTON,PRESTON,LANCASHIRE,Standard,Addition,53.7871180000,-2.6663210000
84500,1998-11-03 00:00:00Z,PR2 9PD,Detached,New Build,Freehold,56,,TEIL GREEN,FULWOOD,PRESTON,PRESTON,LANCASHIRE,Standard,Addition,53.7892210000,-2.6664150000
82950,1998-04-30 00:00:00Z,PR2 9LU,Detached,New Build,Freehold,36,,HAIGHTON DRIVE,FULWOOD,PRESTON,PRESTON,LANCASHIRE,Standard,Addition,53.7871180000,-2.6663210000
74500,1998-08-07 00:00:00Z,PR2 9PA,Detached,New Build,Freehold,35,,TEIL GREEN,FULWOOD,PRESTON,PRESTON,LANCASHIRE,Standard,Addition,53.7896730000,-2.6674840000
69950,1998-02-27 00:00:00Z,PR2 9LU,Detached,New Build,Freehold,32,,HAIGHTON DRIVE,FULWOOD,PRESTON,PRESTON,LANCASHIRE,Standard,Addition,53.7871180000,-2.6663210000
98500,1998-12-11 00:00:00Z,PR2 9PD,Detached,New Build,Freehold,44,,TEIL GREEN,FULWOOD,PRESTON,PRESTON,LANCASHIRE,Standard,Addition,53.7892210000,-2.6664150000
74500,1998-09-17 00:00:00Z,PR2 9PA,Detached,New Build,Freehold,27,,TEIL GREEN,FULWOOD,PRESTON,PRESTON,LANCASHIRE,Standard,Addition,53.7896730000,-2.6674840000
37500,1998-07-31 00:00:00Z,PR2 6XB,Terraced,Established,Freehold,5,,SILSDEN AVENUE,RIBBLETON,PRESTON,PRESTON,LANCASHIRE,Standard,Addition,53.7832820000,-2.6691740000
66750,1998-12-11 00:00:00Z,PR2 9LU,Detached,New Build,Freehold,37,,HAIGHTON DRIVE,FULWOOD,PRESTON,PRESTON,LANCASHIRE,Standard,Addition,53.7871180000,-2.6663210000
85950,1998-05-08 00:00:00Z,PR2 9LU,Detached,New Build,Freehold,42,,HAIGHTON DRIVE,FULWOOD,PRESTON,PRESTON,LANCASHIRE,Standard,Addition,53.7871180000,-2.6663210000
152000,1998-04-02 00:00:00Z,PR2 5RU,Detached,Established,Freehold,HUNTCLIFFE,,FULWOOD ROW,FULWOOD,PRESTON,PRESTON,LANCASHIRE,Standard,Addition,53.7897240000,-2.6647830000
119500,1999-02-18 00:00:00Z,PR2 9PA,Detached,New Build,Freehold,25,,TEIL GREEN,FULWOOD,PRESTON,PRESTON,LANCASHIRE,Standard,Addition,53.7896730000,-2.6674840000
16450,1999-11-16 00:00:00Z,PR2 6UY,Terraced,Established,Freehold,66,,SILVERDALE DRIVE,RIBBLETON,PRESTON,PRESTON,LANCASHIRE,Standard,Addition,53.7834760000,-2.6666270000
30950,1999-11-26 00:00:00Z,PR2 6XJ,Terraced,Established,Freehold,11,,SKIPTON CRESCENT,RIBBLETON,PRESTON,PRESTON,LANCASHIRE,Standard,Addition,53.7844090000,-2.6670060000
104500,1999-03-30 00:00:00Z,PR2 9PA,Detached,New Build,Freehold,57,,TEIL GREEN,FULWOOD,PRESTON,PRESTON,LANCASHIRE,Standard,Addition,53.7896730000,-2.6674840000
29000,1999-07-09 00:00:00Z,PR2 6TL,Terraced,Established,Freehold,15,,HORNBY AVENUE,RIBBLETON,PRESTON,PRESTON,LANCASHIRE,Standard,Addition,53.7812460000,-2.6684890000
99750,1999-01-29 00:00:00Z,PR2 9QY,Detached,New Build,Freehold,10,,LYNDETH CLOSE,FULWOOD,PRESTON,PRESTON,LANCASHIRE,Standard,Addition,53.7879120000,-2.6674410000
16000,1999-03-16 00:00:00Z,PR2 6SY,Semi-Detached,Established,Freehold,119,,HEATHFIELD DRIVE,RIBBLETON,PRESTON,PRESTON,LANCASHIRE,Standard,Addition,53.7815130000,-2.6624530000
84950,1999-08-11 00:00:00Z,PR2 9PD,Detached,Established,Freehold,48,,TEIL GREEN,FULWOOD,PRESTON,PRESTON,LANCASHIRE,Standard,Addition,53.7892210000,-2.6664150000
155000,1999-10-15 00:00:00Z,PR2 5QX,Detached,Established,Freehold,9,,SANDYBROOK CLOSE,FULWOOD,PRESTON,PRESTON,LANCASHIRE,Standard,Addition,53.7868190000,-2.6618080000
26950,1999-07-09 00:00:00Z,PR2 6UX,Terraced,Established,Freehold,30,,SILVERDALE DRIVE,RIBBLETON,PRESTON,PRESTON,LANCASHIRE,Standard,Addition,53.7826690000,-2.6695890000
43000,1999-07-13 00:00:00Z,PR2 6SQ,Terraced,Established,Freehold,24,,OAKWORTH AVENUE,RIBBLETON,PRESTON,PRESTON,LANCASHIRE,Standard,Addition,53.7826280000,-2.6603130000
105500,1999-03-30 00:00:00Z,PR2 9PA,Detached,New Build,Freehold,53,,TEIL GREEN,FULWOOD,PRESTON,PRESTON,LANCASHIRE,Standard,Addition,53.7896730000,-2.6674840000
97250,1999-06-24 00:00:00Z,PR2 9QY,Detached,New Build,Freehold,12,,LYNDETH CLOSE,FULWOOD,PRESTON,PRESTON,LANCASHIRE,Standard,Addition,53.7879120000,-2.6674410000
98450,1999-02-19 00:00:00Z,PR2 9QY,Detached,New Build,Freehold,8,,LYNDETH CLOSE,FULWOOD,PRESTON,PRESTON,LANCASHIRE,Standard,Addition,53.7879120000,-2.6674410000
46000,1999-11-26 00:00:00Z,PR2 6RP,Semi-Detached,Established,Freehold,36,,SION CLOSE,RIBBLETON,PRESTON,PRESTON,LANCASHIRE,Standard,Addition,53.7801930000,-2.6605500000
35000,1999-10-13 00:00:00Z,PR2 6TX,Semi-Detached,Established,Freehold,483,,WATLING STREET ROAD,RIBBLETON,PRESTON,PRESTON,LANCASHIRE,Standard,Addition,53.7829920000,-2.6630830000
100500,1999-10-25 00:00:00Z,PR2 9LU,Detached,Established,Freehold,14,,HAIGHTON DRIVE,FULWOOD,PRESTON,PRESTON,LANCASHIRE,Standard,Addition,53.7871180000,-2.6663210000
82950,1999-06-07 00:00:00Z,PR2 9PD,Detached,Established,Freehold,60,,TEIL GREEN,FULWOOD,PRESTON,PRESTON,LANCASHIRE,Standard,Addition,53.7892210000,-2.6664150000
92245,1999-08-13 00:00:00Z,PR2 9LU,Detached,Established,Freehold,16,,HAIGHTON DRIVE,FULWOOD,PRESTON,PRESTON,LANCASHIRE,Standard,Addition,53.7871180000,-2.6663210000
31995,1999-12-03 00:00:00Z,PR2 6TJ,Terraced,Established,Freehold,75,,WESTFIELD DRIVE,RIBBLETON,PRESTON,PRESTON,LANCASHIRE,Standard,Addition,53.7814000000,-2.6666700000
106500,1999-04-30 00:00:00Z,PR2 9PA,Detached,New Build,Freehold,61,,TEIL GREEN,FULWOOD,PRESTON,PRESTON,LANCASHIRE,Standard,Addition,53.7896730000,-2.6674840000
33500,1999-04-30 00:00:00Z,PR2 6QU,Terraced,Established,Freehold,26,,AMBLESIDE ROAD,RIBBLETON,PRESTON,PRESTON,LANCASHIRE,Standard,Addition,53.7841480000,-2.6621300000
37000,1999-08-06 00:00:00Z,PR2 6SS,Detached,Established,Freehold,19,,GISBURN ROAD,RIBBLETON,PRESTON,PRESTON,LANCASHIRE,Standard,Addition,53.7823510000,-2.6621020000
35500,1999-03-12 00:00:00Z,PR2 6SQ,Terraced,Established,Freehold,27,,OAKWORTH AVENUE,RIBBLETON,PRESTON,PRESTON,LANCASHIRE,Standard,Addition,53.7826280000,-2.6603130000
29950,1999-09-30 00:00:00Z,PR2 6XA,Terraced,Established,Leasehold,50,,HALSTEAD ROAD,RIBBLETON,PRESTON,PRESTON,LANCASHIRE,Standard,Addition,53.7835650000,-2.6684350000
100500,1999-05-28 00:00:00Z,PR2 9PD,Detached,Established,Freehold,2,,TEIL GREEN,FULWOOD,PRESTON,PRESTON,LANCASHIRE,Standard,Addition,53.7892210000,-2.6664150000
25750,1999-04-30 00:00:00Z,PR2 6UJ,Terraced,Established,Leasehold,21,,INGLETON ROAD,RIBBLETON,PRESTON,PRESTON,LANCASHIRE,Standard,Addition,53.7816820000,-2.6675550000
78000,1999-08-27 00:00:00Z,PR2 9LU,Detached,Established,Freehold,19,,HAIGHTON DRIVE,FULWOOD,PRESTON,PRESTON,LANCASHIRE,Standard,Addition,53.7871180000,-2.6663210000
55000,1999-08-27 00:00:00Z,PR2 9LE,Terraced,Established,Freehold,3,,ASHDOWN MEWS,FULWOOD,PRESTON,PRESTON,LANCASHIRE,Standard,Addition,53.7893230000,-2.6689820000
78950,1999-03-31 00:00:00Z,PR2 9QY,Detached,New Build,Freehold,14,,LYNDETH CLOSE,FULWOOD,PRESTON,PRESTON,LANCASHIRE,Standard,Addition,53.7879120000,-2.6674410000
75450,1999-01-15 00:00:00Z,PR2 9LU,Detached,New Build,Freehold,39,,HAIGHTON DRIVE,FULWOOD,PRESTON,PRESTON,LANCASHIRE,Standard,Addition,53.7871180000,-2.6663210000
30000,1999-05-28 00:00:00Z,PR2 6XA,Terraced,Established,Leasehold,50,,HALSTEAD ROAD,RIBBLETON,PRESTON,PRESTON,LANCASHIRE,Standard,Addition,53.7835650000,-2.6684350000
24000,1999-10-15 00:00:00Z,PR2 6SY,Terraced,Established,Freehold,118,,HEATHFIELD DRIVE,RIBBLETON,PRESTON,PRESTON,LANCASHIRE,Standard,Addition,53.7815130000,-2.6624530000
129500,1999-07-30 00:00:00Z,PR2 9PD,Detached,Established,Freehold,6,,TEIL GREEN,FULWOOD,PRESTON,PRESTON,LANCASHIRE,Standard,Addition,53.7892210000,-2.6664150000
35995,1999-09-17 00:00:00Z,PR2 6TN,Terraced,Established,Freehold,9,,BARDEN PLACE,RIBBLETON,PRESTON,PRESTON,LANCASHIRE,Standard,Addition,53.7802350000,-2.6692920000
37450,1999-10-27 00:00:00Z,PR2 6SX,Terraced,Established,Freehold,21,,HEATHFIELD DRIVE,RIBBLETON,PRESTON,PRESTON,LANCASHIRE,Standard,Addition,53.7805830000,-2.6664140000
14000,1999-06-10 00:00:00Z,PR2 6SY,Terraced,Established,Leasehold,74,,HEATHFIELD DRIVE,RIBBLETON,PRESTON,PRESTON,LANCASHIRE,Standard,Addition,53.7815130000,-2.6624530000
36950,1999-06-11 00:00:00Z,PR2 6XB,Terraced,Established,Freehold,14,,SILSDEN AVENUE,RIBBLETON,PRESTON,PRESTON,LANCASHIRE,Standard,Addition,53.7832820000,-2.6691740000
29250,1999-09-03 00:00:00Z,PR2 6XJ,Terraced,Established,Leasehold,27,,SKIPTON CRESCENT,RIBBLETON,PRESTON,PRESTON,LANCASHIRE,Standard,Addition,53.7844090000,-2.6670060000
75000,1999-08-31 00:00:00Z,PR2 5RW,Detached,Established,Freehold,40,,FULWOOD ROW,FULWOOD,PRESTON,PRESTON,LANCASHIRE,Standard,Addition,53.7848880000,-2.6600320000
97950,1999-02-19 00:00:00Z,PR2 9LU,Detached,New Build,Freehold,33,,HAIGHTON DRIVE,FULWOOD,PRESTON,PRESTON,LANCASHIRE,Standard,Addition,53.7871180000,-2.6663210000
106500,1999-07-02 00:00:00Z,PR2 9LU,Detached,Established,Freehold,8,,HAIGHTON DRIVE,FULWOOD,PRESTON,PRESTON,LANCASHIRE,Standard,Addition,53.7871180000,-2.6663210000
73750,1999-01-29 00:00:00Z,PR2 9LU,Detached,New Build,Freehold,29,,HAIGHTON DRIVE,FULWOOD,PRESTON,PRESTON,LANCASHIRE,Standard,Addition,53.7871180000,-2.6663210000
85950,1999-01-25 00:00:00Z,PR2 9LU,Detached,New Build,Freehold,51,,HAIGHTON DRIVE,FULWOOD,PRESTON,PRESTON,LANCASHIRE,Standard,Addition,53.7871180000,-2.6663210000
79500,1999-03-12 00:00:00Z,PR2 9PA,Detached,New Build,Freehold,55,,TEIL GREEN,FULWOOD,PRESTON,PRESTON,LANCASHIRE,Standard,Addition,53.7896730000,-2.6674840000
79950,1999-01-19 00:00:00Z,PR2 9LS,Detached,Established,Freehold,2,,THE WARREN,FULWOOD,PRESTON,PRESTON,LANCASHIRE,Standard,Addition,53.7895660000,-2.6689700000
67000,1999-10-15 00:00:00Z,PR2 9PA,Semi-Detached,Established,Freehold,41,,TEIL GREEN,FULWOOD,PRESTON,PRESTON,LANCASHIRE,Standard,Addition,53.7896730000,-2.6674840000
47000,1999-08-04 00:00:00Z,PR2 9LE,Semi-Detached,Established,Freehold,7,,ASHDOWN MEWS,FULWOOD,PRESTON,PRESTON,LANCASHIRE,Standard,Addition,53.7893230000,-2.6689820000
81950,1999-03-30 00:00:00Z,PR2 9PD,Detached,Established,Freehold,22,,TEIL GREEN,FULWOOD,PRESTON,PRESTON,LANCASHIRE,Standard,Addition,53.7892210000,-2.6664150000
67950,2000-07-28 00:00:00Z,PR2 9LS,Semi-Detached,Established,Freehold,10,,THE WARREN,FULWOOD,PRESTON,PRESTON,LANCASHIRE,Standard,Addition,53.7895660000,-2.6689700000
69950,2000-04-28 00:00:00Z,PR2 9PD,Semi-Detached,Established,Freehold,8,,TEIL GREEN,FULWOOD,PRESTON,PRESTON,LANCASHIRE,Standard,Addition,53.7892210000,-2.6664150000
118500,2000-01-28 00:00:00Z,PR2 5RU,Flats/Maisonettes,Established,Freehold,PENARROW,,FULWOOD ROW,FULWOOD,PRESTON,PRESTON,LANCASHIRE,Standard,Addition,53.7897240000,-2.6647830000
20625,2000-07-03 00:00:00Z,PR2 6SQ,Terraced,Established,Freehold,29,,OAKWORTH AVENUE,RIBBLETON,PRESTON,PRESTON,LANCASHIRE,Standard,Addition,53.7826280000,-2.6603130000
19500,2000-11-10 00:00:00Z,PR2 6TA,Terraced,Established,Freehold,1,,GARSDALE ROAD,RIBBLETON,PRESTON,PRESTON,LANCASHIRE,Standard,Addition,53.7805170000,-2.6621790000
137000,2000-11-17 00:00:00Z,PR2 5QX,Detached,Established,Freehold,19,,SANDYBROOK CLOSE,FULWOOD,PRESTON,PRESTON,LANCASHIRE,Standard,Addition,53.7868190000,-2.6618080000
77000,2000-11-06 00:00:00Z,PR2 9LW,Detached,Established,Freehold,2,,CHINGLE CLOSE,FULWOOD,PRESTON,PRESTON,LANCASHIRE,Standard,Addition,53.7879920000,-2.6659700000
19000,2000-12-15 00:00:00Z,PR2 6SX,Terraced,Established,Freehold,44,,HEATHFIELD DRIVE,RIBBLETON,PRESTON,PRESTON,LANCASHIRE,Standard,Addition,53.7805830000,-2.6664140000
82000,2000-09-11 00:00:00Z,PR2 9LU,Detached,Established,Freehold,52,,HAIGHTON DRIVE,FULWOOD,PRESTON,PRESTON,LANCASHIRE,Standard,Addition,53.7871180000,-2.6663210000
18900,2000-08-07 00:00:00Z,PR2 6XJ,Terraced,Established,Freehold,5,,SKIPTON CRESCENT,RIBBLETON,PRESTON,PRESTON,LANCASHIRE,Standard,Addition,53.7844090000,-2.6670060000
155000,2000-05-26 00:00:00Z,PR2 9LW,Detached,Established,Freehold,1,,CHINGLE CLOSE,FULWOOD,PRESTON,PRESTON,LANCASHIRE,Standard,Addition,53.7879920000,-2.6659700000
97700,2000-04-20 00:00:00Z,PR2 9PA,Detached,Established,Freehold,29,,TEIL GREEN,FULWOOD,PRESTON,PRESTON,LANCASHIRE,Standard,Addition,53.7896730000,-2.6674840000
69950,2000-11-10 00:00:00Z,PR2 9LS,Semi-Detached,Established,Freehold,21,,THE WARREN,FULWOOD,PRESTON,PRESTON,LANCASHIRE,Standard,Addition,53.7895660000,-2.6689700000
18360,2000-01-17 00:00:00Z,PR2 6SX,Terraced,Established,Freehold,68,,HEATHFIELD DRIVE,RIBBLETON,PRESTON,PRESTON,LANCASHIRE,Standard,Addition,53.7805830000,-2.6664140000
96000,2000-03-24 00:00:00Z,PR2 9PD,Detached,Established,Freehold,70,,TEIL GREEN,FULWOOD,PRESTON,PRESTON,LANCASHIRE,Standard,Addition,53.7892210000,-2.6664150000
36650,2000-08-04 00:00:00Z,PR2 6XA,Terraced,Established,Leasehold,34,,HALSTEAD ROAD,RIBBLETON,PRESTON,PRESTON,LANCASHIRE,Standard,Addition,53.7835650000,-2.6684350000
20000,2000-10-20 00:00:00Z,PR2 6TX,Semi-Detached,Established,Freehold,501,,WATLING STREET ROAD,RIBBLETON,PRESTON,PRESTON,LANCASHIRE,Standard,Addition,53.7829920000,-2.6630830000
65000,2000-03-03 00:00:00Z,PR2 9LS,Semi-Detached,Established,Freehold,9,,THE WARREN,FULWOOD,PRESTON,PRESTON,LANCASHIRE,Standard,Addition,53.7895660000,-2.6689700000
32000,2000-12-12 00:00:00Z,PR2 6UL,Terraced,Established,Freehold,17,,BENTON ROAD,RIBBLETON,PRESTON,PRESTON,LANCASHIRE,Standard,Addition,53.7811760000,-2.6696410000
21000,2000-08-17 00:00:00Z,PR2 6TD,Terraced,Established,Freehold,4,,HARROP PLACE,RIBBLETON,PRESTON,PRESTON,LANCASHIRE,Standard,Addition,53.7803720000,-2.6655610000
15000,2000-03-01 00:00:00Z,PR2 6XD,Terraced,Established,Freehold,11,,KINGSDALE AVENUE,RIBBLETON,PRESTON,PRESTON,LANCASHIRE,Standard,Addition,53.7824690000,-2.6699960000
17430,2000-07-17 00:00:00Z,PR2 6QU,Terraced,Established,Freehold,42,,AMBLESIDE ROAD,RIBBLETON,PRESTON,PRESTON,LANCASHIRE,Standard,Addition,53.7841480000,-2.6621300000
80500,2000-08-11 00:00:00Z,PR2 9LU,Detached,Established,Freehold,49,,HAIGHTON DRIVE,FULWOOD,PRESTON,PRESTON,LANCASHIRE,Standard,Addition,53.7871180000,-2.6663210000
67950,2000-05-26 00:00:00Z,PR2 5RY,Semi-Detached,Established,Freehold,3,,THE CLOSE,FULWOOD,PRESTON,PRESTON,LANCASHIRE,Standard,Addition,53.7873870000,-2.6632290000
27500,2000-12-22 00:00:00Z,PR2 6UY,Terraced,Established,Freehold,50,,SILVERDALE DRIVE,RIBBLETON,PRESTON,PRESTON,LANCASHIRE,Standard,Addition,53.7834760000,-2.6666270000
30500,2000-09-15 00:00:00Z,PR2 6SX,Terraced,Established,Freehold,56,,HEATHFIELD DRIVE,RIBBLETON,PRESTON,PRESTON,LANCASHIRE,Standard,Addition,53.7805830000,-2.6664140000
22000,2000-12-08 00:00:00Z,PR2 6SX,Terraced,Established,Leasehold,27,,HEATHFIELD DRIVE,RIBBLETON,PRESTON,PRESTON,LANCASHIRE,Standard,Addition,53.7805830000,-2.6664140000
43000,2000-01-14 00:00:00Z,PR2 6RP,Terraced,Established,Freehold,55,,SION CLOSE,RIBBLETON,PRESTON,PRESTON,LANCASHIRE,Standard,Addition,53.7801930000,-2.6605500000
147500,2000-07-04 00:00:00Z,PR2 5QX,Detached,Established,Freehold,12,,SANDYBROOK CLOSE,FULWOOD,PRESTON,PRESTON,LANCASHIRE,Standard,Addition,53.7868190000,-2.6618080000
100000,2000-05-26 00:00:00Z,PR2 9LU,Detached,Established,Freehold,12,,HAIGHTON DRIVE,FULWOOD,PRESTON,PRESTON,LANCASHIRE,Standard,Addition,53.7871180000,-2.6663210000
25000,2000-11-03 00:00:00Z,PR2 6SY,Terraced,Established,Freehold,98,,HEATHFIELD DRIVE,RIBBLETON,PRESTON,PRESTON,LANCASHIRE,Standard,Addition,53.7815130000,-2.6624530000
95000,2000-02-18 00:00:00Z,PR2 9PD,Detached,Established,Freehold,32,,TEIL GREEN,FULWOOD,PRESTON,PRESTON,LANCASHIRE,Standard,Addition,53.7892210000,-2.6664150000
34000,2000-08-04 00:00:00Z,PR2 6TL,Terraced,Established,Freehold,17,,HORNBY AVENUE,RIBBLETON,PRESTON,PRESTON,LANCASHIRE,Standard,Addition,53.7812460000,-2.6684890000
19080,2000-05-01 00:00:00Z,PR2 6UB,Terraced,Established,Freehold,16,,CROASDALE AVENUE,RIBBLETON,PRESTON,PRESTON,LANCASHIRE,Standard,Addition,53.7817860000,-2.6650680000
97000,2000-12-01 00:00:00Z,PR2 5RU,Semi-Detached,Established,Freehold,SUMNERS COTTAGE,,FULWOOD ROW,FULWOOD,PRESTON,PRESTON,LANCASHIRE,Standard,Addition,53.7897240000,-2.6647830000
69950,2000-07-28 00:00:00Z,PR2 9LS,Semi-Detached,Established,Freehold,7,,THE WARREN,FULWOOD,PRESTON,PRESTON,LANCASHIRE,Standard,Addition,53.7895660000,-2.6689700000
110000,2000-05-19 00:00:00Z,PR2 5RU,Detached,Established,Freehold,FOUR SEASONS,,FULWOOD ROW,FULWOOD,PRESTON,PRESTON,LANCASHIRE,Standard,Addition,53.7897240000,-2.6647830000
34000,2000-07-21 00:00:00Z,PR2 6QY,Terraced,Established,Freehold,26,,HAWKSHEAD ROAD,RIBBLETON,PRESTON,PRESTON,LANCASHIRE,Standard,Addition,53.7843090000,-2.6639840000
50000,2000-04-14 00:00:00Z,PR2 6RP,Semi-Detached,Established,Freehold,20,,SION CLOSE,RIBBLETON,PRESTON,PRESTON,LANCASHIRE,Standard,Addition,53.7801930000,-2.6605500000
36500,2000-07-31 00:00:00Z,PR2 6UX,Terraced,Established,Freehold,12,,SILVERDALE DRIVE,RIBBLETON,PRESTON,PRESTON,LANCASHIRE,Standard,Addition,53.7826690000,-2.6695890000
128000,2001-11-08 00:00:00Z,PR2 9PA,Detached,Established,Freehold,57,,TEIL GREEN,FULWOOD,PRESTON,PRESTON,LANCASHIRE,Standard,Addition,53.7896730000,-2.6674840000
28000,2001-12-06 00:00:00Z,PR2 6SS,Terraced,Established,Freehold,57,,GISBURN ROAD,RIBBLETON,PRESTON,PRESTON,LANCASHIRE,Standard,Addition,53.7823510000,-2.6621020000
59900,2001-03-16 00:00:00Z,PR2 6RP,Detached,Established,Freehold,50,,SION CLOSE,RIBBLETON,PRESTON,PRESTON,LANCASHIRE,Standard,Addition,53.7801930000,-2.6605500000
40500,2001-12-20 00:00:00Z,PR2 6QY,Terraced,Established,Freehold,29,,HAWKSHEAD ROAD,RIBBLETON,PRESTON,PRESTON,LANCASHIRE,Standard,Addition,53.7843090000,-2.6639840000
34000,2001-10-19 00:00:00Z,PR2 6QY,Terraced,Established,Freehold,34,,HAWKSHEAD ROAD,RIBBLETON,PRESTON,PRESTON,LANCASHIRE,Standard,Addition,53.7843090000,-2.6639840000
36950,2001-10-12 00:00:00Z,PR2 6ST,Semi-Detached,Established,Freehold,3,,MARSETT PLACE,RIBBLETON,PRESTON,PRESTON,LANCASHIRE,Standard,Addition,53.7825590000,-2.6634260000
21000,2001-08-17 00:00:00Z,PR2 6SQ,Terraced,Established,Freehold,12,,OAKWORTH AVENUE,RIBBLETON,PRESTON,PRESTON,LANCASHIRE,Standard,Addition,53.7826280000,-2.6603130000
18000,2001-10-12 00:00:00Z,PR2 6SX,Terraced,Established,Freehold,9,,HEATHFIELD DRIVE,RIBBLETON,PRESTON,PRESTON,LANCASHIRE,Standard,Addition,53.7805830000,-2.6664140000
38000,2001-06-15 00:00:00Z,PR2 6QY,Terraced,Established,Freehold,19,,HAWKSHEAD ROAD,RIBBLETON,PRESTON,PRESTON,LANCASHIRE,Standard,Addition,53.7843090000,-2.6639840000
147500,2001-01-12 00:00:00Z,PR2 5QX,Detached,Established,Freehold,5,,SANDYBROOK CLOSE,FULWOOD,PRESTON,PRESTON,LANCASHIRE,Standard,Addition,53.7868190000,-2.6618080000
73000,2001-03-30 00:00:00Z,PR2 9PD,Semi-Detached,Established,Freehold,18,,TEIL GREEN,FULWOOD,PRESTON,PRESTON,LANCASHIRE,Standard,Addition,53.7892210000,-2.6664150000
19000,2001-11-12 00:00:00Z,PR2 6XA,Terraced,Established,Freehold,44,,HALSTEAD ROAD,RIBBLETON,PRESTON,PRESTON,LANCASHIRE,Standard,Addition,53.7835650000,-2.6684350000
97000,2001-04-30 00:00:00Z,PR2 9LU,Detached,Established,Freehold,24,,HAIGHTON DRIVE,FULWOOD,PRESTON,PRESTON,LANCASHIRE,Standard,Addition,53.7871180000,-2.6663210000
42000,2001-07-27 00:00:00Z,PR2 6TX,Terraced,Established,Freehold,507,,WATLING STREET ROAD,RIBBLETON,PRESTON,PRESTON,LANCASHIRE,Standard,Addition,53.7829920000,-2.6630830000
115000,2001-05-24 00:00:00Z,PR2 9LU,Detached,Established,Freehold,4,,HAIGHTON DRIVE,FULWOOD,PRESTON,PRESTON,LANCASHIRE,Standard,Addition,53.7871180000,-2.6663210000
70500,2001-07-13 00:00:00Z,PR2 9LS,Semi-Detached,Established,Freehold,4,,THE WARREN,FULWOOD,PRESTON,PRESTON,LANCASHIRE,Standard,Addition,53.7895660000,-2.6689700000
19559,2001-07-09 00:00:00Z,PR2 6SS,Terraced,Established,Freehold,75,,GISBURN ROAD,RIBBLETON,PRESTON,PRESTON,LANCASHIRE,Standard,Addition,53.7823510000,-2.6621020000
95000,2001-11-08 00:00:00Z,PR2 9PA,Detached,Established,Freehold,27,,TEIL GREEN,FULWOOD,PRESTON,PRESTON,LANCASHIRE,Standard,Addition,53.7896730000,-2.6674840000
42500,2001-03-02 00:00:00Z,PR2 6RP,Terraced,Established,Freehold,51,,SION CLOSE,RIBBLETON,PRESTON,PRESTON,LANCASHIRE,Standard,Addition,53.7801930000,-2.6605500000
92500,2001-06-08 00:00:00Z,PR2 9LW,Detached,Established,Freehold,3,,CHINGLE CLOSE,FULWOOD,PRESTON,PRESTON,LANCASHIRE,Standard,Addition,53.7879920000,-2.6659700000
20000,2001-10-12 00:00:00Z,PR2 6SS,Semi-Detached,Established,Leasehold,14,,GISBURN ROAD,RIBBLETON,PRESTON,PRESTON,LANCASHIRE,Standard,Addition,53.7823510000,-2.6621020000
25000,2001-07-24 00:00:00Z,PR2 6UX,Terraced,Established,Freehold,29,,SILVERDALE DRIVE,RIBBLETON,PRESTON,PRESTON,LANCASHIRE,Standard,Addition,53.7826690000,-2.6695890000
69000,2001-04-02 00:00:00Z,PR2 9LS,Semi-Detached,Established,Freehold,6,,THE WARREN,FULWOOD,PRESTON,PRESTON,LANCASHIRE,Standard,Addition,53.7895660000,-2.6689700000
85000,2001-01-26 00:00:00Z,PR2 9LU,Detached,Established,Freehold,31,,HAIGHTON DRIVE,FULWOOD,PRESTON,PRESTON,LANCASHIRE,Standard,Addition,53.7871180000,-2.6663210000
18468,2001-01-29 00:00:00Z,PR2 6XB,Semi-Detached,Established,Freehold,4,,SILSDEN AVENUE,RIBBLETON,PRESTON,PRESTON,LANCASHIRE,Standard,Addition,53.7832820000,-2.6691740000
36000,2001-06-13 00:00:00Z,PR2 6XE,Terraced,Established,Freehold,1,,BRACEWELL ROAD,RIBBLETON,PRESTON,PRESTON,LANCASHIRE,Standard,Addition,53.7833470000,-2.6687650000
97000,2001-12-17 00:00:00Z,PR2 9QY,Detached,Established,Freehold,1,,LYNDETH CLOSE,FULWOOD,PRESTON,PRESTON,LANCASHIRE,Standard,Addition,53.7879120000,-2.6674410000
22950,2001-04-06 00:00:00Z,PR2 6SY,Terraced,Established,Freehold,73,,HEATHFIELD DRIVE,RIBBLETON,PRESTON,PRESTON,LANCASHIRE,Standard,Addition,53.7815130000,-2.6624530000
103500,2001-07-21 00:00:00Z,PR2 9PD,Detached,Established,Freehold,56,,TEIL GREEN,FULWOOD,PRESTON,PRESTON,LANCASHIRE,Standard,Addition,53.7892210000,-2.6664150000
81500,2001-12-14 00:00:00Z,PR2 9PD,Semi-Detached,Established,Freehold,64,,TEIL GREEN,FULWOOD,PRESTON,PRESTON,LANCASHIRE,Standard,Addition,53.7892210000,-2.6664150000
69950,2001-06-29 00:00:00Z,PR2 9LS,Semi-Detached,Established,Freehold,8,,THE WARREN,FULWOOD,PRESTON,PRESTON,LANCASHIRE,Standard,Addition,53.7895660000,-2.6689700000
13640,2001-02-19 00:00:00Z,PR2 6XJ,Terraced,Established,Freehold,21,,SKIPTON CRESCENT,RIBBLETON,PRESTON,PRESTON,LANCASHIRE,Standard,Addition,53.7844090000,-2.6670060000
36000,2001-09-05 00:00:00Z,PR2 6XE,Terraced,Established,Freehold,5,,BRACEWELL ROAD,RIBBLETON,PRESTON,PRESTON,LANCASHIRE,Standard,Addition,53.7833470000,-2.6687650000
20000,2001-10-12 00:00:00Z,PR2 6SS,Terraced,Established,Freehold,14,,GISBURN ROAD,RIBBLETON,PRESTON,PRESTON,LANCASHIRE,Standard,Addition,53.7823510000,-2.6621020000
28000,2001-02-23 00:00:00Z,PR2 6SU,Terraced,Established,Freehold,18,,MEARLEY ROAD,RIBBLETON,PRESTON,PRESTON,LANCASHIRE,Standard,Addition,53.7817930000,-2.6638080000
37000,2001-06-22 00:00:00Z,PR2 6TX,Semi-Detached,Established,Freehold,491,,WATLING STREET ROAD,RIBBLETON,PRESTON,PRESTON,LANCASHIRE,Standard,Addition,53.7829920000,-2.6630830000
95000,2001-12-14 00:00:00Z,PR2 9LU,Detached,Established,Freehold,56,,HAIGHTON DRIVE,FULWOOD,PRESTON,PRESTON,LANCASHIRE,Standard,Addition,53.7871180000,-2.6663210000
33000,2001-10-29 00:00:00Z,PR2 6QX,Terraced,Established,Freehold,4,,TROUTBECK PLACE,RIBBLETON,PRESTON,PRESTON,LANCASHIRE,Standard,Addition,53.7837360000,-2.6618350000
52000,2001-07-27 00:00:00Z,PR2 6RP,Semi-Detached,Established,Freehold,40,,SION CLOSE,RIBBLETON,PRESTON,PRESTON,LANCASHIRE,Standard,Addition,53.7801930000,-2.6605500000
94500,2001-11-09 00:00:00Z,PR2 9PD,Detached,Established,Freehold,4,,TEIL GREEN,FULWOOD,PRESTON,PRESTON,LANCASHIRE,Standard,Addition,53.7892210000,-2.6664150000
11000,2001-02-06 00:00:00Z,PR2 6SS,Detached,Established,Freehold,19,,GISBURN ROAD,RIBBLETON,PRESTON,PRESTON,LANCASHIRE,Standard,Addition,53.7823510000,-2.6621020000
93500,2001-06-01 00:00:00Z,PR2 9LU,Detached,Established,Freehold,20,,HAIGHTON DRIVE,FULWOOD,PRESTON,PRESTON,LANCASHIRE,Standard,Addition,53.7871180000,-2.6663210000
15900,2001-07-27 00:00:00Z,PR2 6TE,Terraced,Established,Freehold,5,,BRAYSHAW PLACE,RIBBLETON,PRESTON,PRESTON,LANCASHIRE,Standard,Addition,53.7810520000,-2.6661030000
24000,2001-02-05 00:00:00Z,PR2 6TJ,Terraced,Established,Freehold,85,,WESTFIELD DRIVE,RIBBLETON,PRESTON,PRESTON,LANCASHIRE,Standard,Addition,53.7814000000,-2.6666700000
24950,2001-08-28 00:00:00Z,PR2 6UJ,Terraced,Established,Freehold,19,,INGLETON ROAD,RIBBLETON,PRESTON,PRESTON,LANCASHIRE,Standard,Addition,53.7816820000,-2.6675550000
69000,2001-05-25 00:00:00Z,PR2 6RS,Detached,Established,Freehold,13,,LAUDERDALE CRESCENT,RIBBLETON,PRESTON,PRESTON,LANCASHIRE,Standard,Addition,53.7812470000,-2.6600810000
33500,2001-08-02 00:00:00Z,PR2 6TA,Terraced,Established,Freehold,23,,GARSDALE ROAD,RIBBLETON,PRESTON,PRESTON,LANCASHIRE,Standard,Addition,53.7805170000,-2.6621790000
39950,2001-04-19 00:00:00Z,PR2 6UX,Semi-Detached,Established,Freehold,8,,SILVERDALE DRIVE,RIBBLETON,PRESTON,PRESTON,LANCASHIRE,Standard,Addition,53.7826690000,-2.6695890000
39950,2001-11-30 00:00:00Z,PR2 6XA,Terraced,Established,Leasehold,12,,HALSTEAD ROAD,RIBBLETON,PRESTON,PRESTON,LANCASHIRE,Standard,Addition,53.7835650000,-2.6684350000
32000,2001-12-03 00:00:00Z,PR2 6TJ,Semi-Detached,Established,Freehold,115,,WESTFIELD DRIVE,RIBBLETON,PRESTON,PRESTON,LANCASHIRE,Standard,Addition,53.7814000000,-2.6666700000
126000,2001-06-08 00:00:00Z,PR2 9PD,Detached,Established,Freehold,6,,TEIL GREEN,FULWOOD,PRESTON,PRESTON,LANCASHIRE,Standard,Addition,53.7892210000,-2.6664150000
31000,2001-07-12 00:00:00Z,PR2 6UH,Terraced,Established,Freehold,8,,HORNBY AVENUE,RIBBLETON,PRESTON,PRESTON,LANCASHIRE,Standard,Addition,53.7818990000,-2.6689550000
130000,2001-05-29 00:00:00Z,PR2 9PA,Detached,Established,Freehold,3,,TEIL GREEN,FULWOOD,PRESTON,PRESTON,LANCASHIRE,Standard,Addition,53.7896730000,-2.6674840000
20000,2001-07-16 00:00:00Z,PR2 6UJ,Terraced,Established,Leasehold,9,,INGLETON ROAD,RIBBLETON,PRESTON,PRESTON,LANCASHIRE,Standard,Addition,53.7816820000,-2.6675550000
90000,2002-06-28 00:00:00Z,PR2 9PD,Semi-Detached,Established,Freehold,66,,TEIL GREEN,FULWOOD,PRESTON,PRESTON,LANCASHIRE,Standard,Addition,53.7892210000,-2.6664150000
44500,2002-07-12 00:00:00Z,PR2 6UB,Semi-Detached,Established,Freehold,26,,CROASDALE AVENUE,RIBBLETON,PRESTON,PRESTON,LANCASHIRE,Standard,Addition,53.7817860000,-2.6650680000
27500,2002-06-21 00:00:00Z,PR2 6SU,Terraced,Established,Freehold,18,,MEARLEY ROAD,RIBBLETON,PRESTON,PRESTON,LANCASHIRE,Standard,Addition,53.7817930000,-2.6638080000
25000,2002-02-28 00:00:00Z,PR2 6XL,Terraced,Established,Freehold,5,,ELLERBECK AVENUE,RIBBLETON,PRESTON,PRESTON,LANCASHIRE,Standard,Addition,53.7829630000,-2.6663580000
33000,2002-01-25 00:00:00Z,PR2 6TA,Terraced,Established,Freehold,15,,GARSDALE ROAD,RIBBLETON,PRESTON,PRESTON,LANCASHIRE,Standard,Addition,53.7805170000,-2.6621790000
38000,2002-07-12 00:00:00Z,PR2 6UL,Terraced,Established,Freehold,21,,BENTON ROAD,RIBBLETON,PRESTON,PRESTON,LANCASHIRE,Standard,Addition,53.7811760000,-2.6696410000
140500,2002-08-23 00:00:00Z,PR2 9PA,Detached,Established,Freehold,59,,TEIL GREEN,FULWOOD,PRESTON,PRESTON,LANCASHIRE,Standard,Addition,53.7896730000,-2.6674840000
93650,2002-07-16 00:00:00Z,PR2 9PA,Semi-Detached,Established,Freehold,39,,TEIL GREEN,FULWOOD,PRESTON,PRESTON,LANCASHIRE,Standard,Addition,53.7896730000,-2.6674840000
42950,2002-05-22 00:00:00Z,PR2 6TN,Terraced,Established,Freehold,9,,BARDEN PLACE,RIBBLETON,PRESTON,PRESTON,LANCASHIRE,Standard,Addition,53.7802350000,-2.6692920000
13600,2002-09-02 00:00:00Z,PR2 6SS,Terraced,Established,Freehold,76,,GISBURN ROAD,RIBBLETON,PRESTON,PRESTON,LANCASHIRE,Standard,Addition,53.7823510000,-2.6621020000
82950,2002-09-12 00:00:00Z,PR2 9LE,Terraced,Established,Freehold,3,,ASHDOWN MEWS,FULWOOD,PRESTON,PRESTON,LANCASHIRE,Standard,Addition,53.7893230000,-2.6689820000
81500,2002-06-28 00:00:00Z,PR2 9LE,Terraced,Established,Freehold,2,,ASHDOWN MEWS,FULWOOD,PRESTON,PRESTON,LANCASHIRE,Standard,Addition,53.7893230000,-2.6689820000
35000,2002-08-30 00:00:00Z,PR2 6SQ,Terraced,Established,Freehold,33,,OAKWORTH AVENUE,RIBBLETON,PRESTON,PRESTON,LANCASHIRE,Standard,Addition,53.7826280000,-2.6603130000
250000,2002-07-05 00:00:00Z,PR2 5RU,Detached,Established,Freehold,HUNTCLIFFE,,FULWOOD ROW,FULWOOD,PRESTON,PRESTON,LANCASHIRE,Standard,Addition,53.7897240000,-2.6647830000
21250,2002-05-17 00:00:00Z,PR2 6TJ,Terraced,Established,Freehold,90,,WESTFIELD DRIVE,RIBBLETON,PRESTON,PRESTON,LANCASHIRE,Standard,Addition,53.7814000000,-2.6666700000
35000,2002-05-07 00:00:00Z,PR2 6UJ,Flats/Maisonettes,Established,Leasehold,56,,INGLETON ROAD,RIBBLETON,PRESTON,PRESTON,LANCASHIRE,Standard,Addition,53.7816820000,-2.6675550000
176000,2002-07-01 00:00:00Z,PR2 5QX,Detached,Established,Freehold,4,,SANDYBROOK CLOSE,FULWOOD,PRESTON,PRESTON,LANCASHIRE,Standard,Addition,53.7868190000,-2.6618080000
35000,2002-11-12 00:00:00Z,PR2 6SS,Detached,Established,Freehold,19,,GISBURN ROAD,RIBBLETON,PRESTON,PRESTON,LANCASHIRE,Standard,Addition,53.7823510000,-2.6621020000
27500,2002-10-30 00:00:00Z,PR2 6UY,Terraced,Established,Freehold,43,,SILVERDALE DRIVE,RIBBLETON,PRESTON,PRESTON,LANCASHIRE,Standard,Addition,53.7834760000,-2.6666270000
106000,2002-01-18 00:00:00Z,PR2 9LU,Detached,Established,Freehold,51,,HAIGHTON DRIVE,FULWOOD,PRESTON,PRESTON,LANCASHIRE,Standard,Addition,53.7871180000,-2.6663210000
38000,2002-05-13 00:00:00Z,PR2 6QX,Terraced,Established,Freehold,20,,TROUTBECK PLACE,RIBBLETON,PRESTON,PRESTON,LANCASHIRE,Standard,Addition,53.7837360000,-2.6618350000
28000,2002-02-19 00:00:00Z,PR2 6TJ,Terraced,Established,Leasehold,116,,WESTFIELD DRIVE,RIBBLETON,PRESTON,PRESTON,LANCASHIRE,Standard,Addition,53.7814000000,-2.6666700000
138000,2002-07-05 00:00:00Z,PR2 9LU,Detached,Established,Freehold,8,,HAIGHTON DRIVE,FULWOOD,PRESTON,PRESTON,LANCASHIRE,Standard,Addition,53.7871180000,-2.6663210000
120000,2002-05-13 00:00:00Z,PR2 9PA,Detached,Established,Freehold,29,,TEIL GREEN,FULWOOD,PRESTON,PRESTON,LANCASHIRE,Standard,Addition,53.7896730000,-2.6674840000
35950,2002-08-01 00:00:00Z,PR2 6TA,Terraced,Established,Freehold,54,,GARSDALE ROAD,RIBBLETON,PRESTON,PRESTON,LANCASHIRE,Standard,Addition,53.7805170000,-2.6621790000
45000,2002-09-30 00:00:00Z,PR2 6SX,Terraced,Established,Freehold,56,,HEATHFIELD DRIVE,RIBBLETON,PRESTON,PRESTON,LANCASHIRE,Standard,Addition,53.7805830000,-2.6664140000
57000,2002-06-14 00:00:00Z,PR2 6TY,Semi-Detached,Established,Leasehold,393,,WATLING STREET ROAD,RIBBLETON,PRESTON,PRESTON,LANCASHIRE,Standard,Addition,53.7818490000,-2.6699860000
135000,2002-03-05 00:00:00Z,PR2 5RW,Detached,Established,Freehold,"GREYCROFT, 9",,FULWOOD ROW,FULWOOD,PRESTON,PRESTON,LANCASHIRE,Standard,Addition,53.7848880000,-2.6600320000
24500,2002-04-19 00:00:00Z,PR2 6SX,Terraced,Established,Freehold,40,,HEATHFIELD DRIVE,RIBBLETON,PRESTON,PRESTON,LANCASHIRE,Standard,Addition,53.7805830000,-2.6664140000
21000,2002-04-26 00:00:00Z,PR2 6UE,Terraced,Established,Leasehold,7 - 9,,LANGCLIFFE ROAD,RIBBLETON,PRESTON,PRESTON,LANCASHIRE,Standard,Addition,53.7821730000,-2.6661330000
79950,2002-07-29 00:00:00Z,PR2 6SP,Semi-Detached,Established,Freehold,4,,EAST VIEW FULWOOD ROW,RIBBLETON,PRESTON,PRESTON,LANCASHIRE,Standard,Addition,53.7842110000,-2.6604470000
5000,2002-04-03 00:00:00Z,PR2 6UE,Terraced,Established,Leasehold,11,,LANGCLIFFE ROAD,RIBBLETON,PRESTON,PRESTON,LANCASHIRE,Standard,Addition,53.7821730000,-2.6661330000
33000,2002-03-25 00:00:00Z,PR2 6UE,Terraced,Established,Leasehold,19,,LANGCLIFFE ROAD,RIBBLETON,PRESTON,PRESTON,LANCASHIRE,Standard,Addition,53.7821730000,-2.6661330000
23500,2002-10-15 00:00:00Z,PR2 6TA,Terraced,Established,Freehold,1,,GARSDALE ROAD,RIBBLETON,PRESTON,PRESTON,LANCASHIRE,Standard,Addition,53.7805170000,-2.6621790000
108000,2002-06-07 00:00:00Z,PR2 9LU,Detached,Established,Freehold,56,,HAIGHTON DRIVE,FULWOOD,PRESTON,PRESTON,LANCASHIRE,Standard,Addition,53.7871180000,-2.6663210000
21500,2002-02-21 00:00:00Z,PR2 6SQ,Semi-Detached,Established,Leasehold,19,,OAKWORTH AVENUE,RIBBLETON,PRESTON,PRESTON,LANCASHIRE,Standard,Addition,53.7826280000,-2.6603130000
109000,2002-04-03 00:00:00Z,PR2 9PD,Detached,Established,Freehold,56,,TEIL GREEN,FULWOOD,PRESTON,PRESTON,LANCASHIRE,Standard,Addition,53.7892210000,-2.6664150000
78650,2002-07-26 00:00:00Z,PR2 9LE,Terraced,Established,Freehold,10,,ASHDOWN MEWS,FULWOOD,PRESTON,PRESTON,LANCASHIRE,Standard,Addition,53.7893230000,-2.6689820000
37950,2002-07-05 00:00:00Z,PR2 6TJ,Semi-Detached,Established,Freehold,81,,WESTFIELD DRIVE,RIBBLETON,PRESTON,PRESTON,LANCASHIRE,Standard,Addition,53.7814000000,-2.6666700000
26000,2002-06-28 00:00:00Z,PR2 6XA,Terraced,Established,Freehold,2,,HALSTEAD ROAD,RIBBLETON,PRESTON,PRESTON,LANCASHIRE,Standard,Addition,53.7835650000,-2.6684350000
35000,2002-09-04 00:00:00Z,PR2 6TA,Terraced,Established,Freehold,52,,GARSDALE ROAD,RIBBLETON,PRESTON,PRESTON,LANCASHIRE,Standard,Addition,53.7805170000,-2.6621790000
19200,2002-01-14 00:00:00Z,PR2 6QX,Terraced,Established,Freehold,12,,TROUTBECK PLACE,RIBBLETON,PRESTON,PRESTON,LANCASHIRE,Standard,Addition,53.7837360000,-2.6618350000
108000,2002-02-28 00:00:00Z,PR2 9PD,Detached,Established,Freehold,26,,TEIL GREEN,FULWOOD,PRESTON,PRESTON,LANCASHIRE,Standard,Addition,53.7892210000,-2.6664150000
43500,2002-09-18 00:00:00Z,PR2 6XB,Terraced,Established,Freehold,5,,SILSDEN AVENUE,RIBBLETON,PRESTON,PRESTON,LANCASHIRE,Standard,Addition,53.7832820000,-2.6691740000
15000,2002-06-17 00:00:00Z,PR2 9LW,Detached,Established,Freehold,10,,CHINGLE CLOSE,FULWOOD,PRESTON,PRESTON,LANCASHIRE,Standard,Addition,53.7879920000,-2.6659700000
25000,2002-11-08 00:00:00Z,PR2 6TD,Terraced,Established,Freehold,3,,HARROP PLACE,RIBBLETON,PRESTON,PRESTON,LANCASHIRE,Standard,Addition,53.7803720000,-2.6655610000
49000,2002-01-18 00:00:00Z,PR2 6RP,Semi-Detached,Established,Freehold,20,,SION CLOSE,RIBBLETON,PRESTON,PRESTON,LANCASHIRE,Standard,Addition,53.7801930000,-2.6605500000
66000,2002-10-04 00:00:00Z,PR2 6RS,Semi-Detached,Established,Freehold,11,,LAUDERDALE CRESCENT,RIBBLETON,PRESTON,PRESTON,LANCASHIRE,Standard,Addition,53.7812470000,-2.6600810000
40000,2002-09-13 00:00:00Z,PR2 6SQ,Terraced,Established,Freehold,29,,OAKWORTH AVENUE,RIBBLETON,PRESTON,PRESTON,LANCASHIRE,Standard,Addition,53.7826280000,-2.6603130000
95500,2002-05-31 00:00:00Z,PR2 9LU,Detached,Established,Freehold,29,,HAIGHTON DRIVE,FULWOOD,PRESTON,PRESTON,LANCASHIRE,Standard,Addition,53.7871180000,-2.6663210000
232500,2002-03-27 00:00:00Z,PR2 5RU,Flats/Maisonettes,Established,Freehold,PENARROW,,FULWOOD ROW,FULWOOD,PRESTON,PRESTON,LANCASHIRE,Standard,Addition,53.7897240000,-2.6647830000
16000,2002-08-07 00:00:00Z,PR2 6RP,Semi-Detached,Established,Freehold,38,,SION CLOSE,RIBBLETON,PRESTON,PRESTON,LANCASHIRE,Standard,Addition,53.7801930000,-2.6605500000
58000,2002-04-16 00:00:00Z,PR2 6RS,Semi-Detached,Established,Freehold,9,,LAUDERDALE CRESCENT,RIBBLETON,PRESTON,PRESTON,LANCASHIRE,Standard,Addition,53.7812470000,-2.6600810000
40000,2002-10-11 00:00:00Z,PR2 6XH,Terraced,Established,Freehold,8,,WHARFEDALE AVENUE,RIBBLETON,PRESTON,PRESTON,LANCASHIRE,Standard,Addition,53.7828800000,-2.6672400000
95000,2002-06-21 00:00:00Z,PR2 9PA,Semi-Detached,Established,Freehold,37,,TEIL GREEN,FULWOOD,PRESTON,PRESTON,LANCASHIRE,Standard,Addition,53.7896730000,-2.6674840000
36000,2002-08-08 00:00:00Z,PR2 6XJ,Terraced,Established,Freehold,41,,SKIPTON CRESCENT,RIBBLETON,PRESTON,PRESTON,LANCASHIRE,Standard,Addition,53.7844090000,-2.6670060000
68000,2002-06-07 00:00:00Z,PR2 9LE,Semi-Detached,Established,Freehold,6,,ASHDOWN MEWS,FULWOOD,PRESTON,PRESTON,LANCASHIRE,Standard,Addition,53.7893230000,-2.6689820000
137000,2002-05-10 00:00:00Z,PR2 9LU,Detached,Established,Freehold,63,,HAIGHTON DRIVE,FULWOOD,PRESTON,PRESTON,LANCASHIRE,Standard,Addition,53.7871180000,-2.6663210000
162500,2002-02-28 00:00:00Z,PR2 5RW,Detached,Established,Freehold,REEMDALE,,FULWOOD ROW,FULWOOD,PRESTON,PRESTON,LANCASHIRE,Standard,Addition,53.7848880000,-2.6600320000
25200,2002-04-22 00:00:00Z,PR2 6SX,Terraced,Established,Freehold,56,,HEATHFIELD DRIVE,RIBBLETON,PRESTON,PRESTON,LANCASHIRE,Standard,Addition,53.7805830000,-2.6664140000
147500,2002-09-13 00:00:00Z,PR2 9PA,Detached,Established,Freehold,57,,TEIL GREEN,FULWOOD,PRESTON,PRESTON,LANCASHIRE,Standard,Addition,53.7896730000,-2.6674840000
75500,2002-03-18 00:00:00Z,PR2 9LE,Semi-Detached,Established,Freehold,14,,ASHDOWN MEWS,FULWOOD,PRESTON,PRESTON,LANCASHIRE,Standard,Addition,53.7893230000,-2.6689820000
42000,2002-10-25 00:00:00Z,PR2 6SS,Semi-Detached,Established,Leasehold,23,,GISBURN ROAD,RIBBLETON,PRESTON,PRESTON,LANCASHIRE,Standard,Addition,53.7823510000,-2.6621020000
150000,2002-08-28 00:00:00Z,PR2 5RU,Semi-Detached,New Build,Freehold,CLOCK HOUSE FARM,,FULWOOD ROW,FULWOOD,PRESTON,PRESTON,LANCASHIRE,Standard,Addition,53.7897240000,-2.6647830000
40000,2002-09-05 00:00:00Z,PR2 6SQ,Terraced,Established,Leasehold,15,,OAKWORTH AVENUE,RIBBLETON,PRESTON,PRESTON,LANCASHIRE,Standard,Addition,53.7826280000,-2.6603130000
42000,2002-12-04 00:00:00Z,PR2 6XH,Terraced,Established,Freehold,5,,WHARFEDALE AVENUE,RIBBLETON,PRESTON,PRESTON,LANCASHIRE,Standard,Addition,53.7828800000,-2.6672400000
29000,2002-04-19 00:00:00Z,PR2 6UJ,Terraced,Established,Freehold,6,,INGLETON ROAD,RIBBLETON,PRESTON,PRESTON,LANCASHIRE,Standard,Addition,53.7816820000,-2.6675550000
80950,2002-09-13 00:00:00Z,PR2 9LS,Terraced,Established,Freehold,15,,THE WARREN,FULWOOD,PRESTON,PRESTON,LANCASHIRE,Standard,Addition,53.7895660000,-2.6689700000
99500,2002-06-24 00:00:00Z,PR2 9PD,Detached,Established,Freehold,68,,TEIL GREEN,FULWOOD,PRESTON,PRESTON,LANCASHIRE,Standard,Addition,53.7892210000,-2.6664150000
162500,2003-02-21 00:00:00Z,PR2 9LU,Detached,Established,Freehold,16,,HAIGHTON DRIVE,FULWOOD,PRESTON,PRESTON,LANCASHIRE,Standard,Addition,53.7871180000,-2.6663210000
24000,2003-03-31 00:00:00Z,PR2 6UE,Terraced,Established,Leasehold,13,,LANGCLIFFE ROAD,RIBBLETON,PRESTON,PRESTON,LANCASHIRE,Standard,Addition,53.7821730000,-2.6661330000
70000,2003-12-12 00:00:00Z,PR2 6UE,Terraced,Established,Leasehold,21,,LANGCLIFFE ROAD,RIBBLETON,PRESTON,PRESTON,LANCASHIRE,Standard,Addition,53.7821730000,-2.6661330000
156000,2003-04-11 00:00:00Z,PR2 9LU,Detached,Established,Freehold,14,,HAIGHTON DRIVE,FULWOOD,PRESTON,PRESTON,LANCASHIRE,Standard,Addition,53.7871180000,-2.6663210000
21070,2003-12-01 00:00:00Z,PR2 6SQ,Terraced,Established,Freehold,49,,OAKWORTH AVENUE,RIBBLETON,PRESTON,PRESTON,LANCASHIRE,Standard,Addition,53.7826280000,-2.6603130000
124000,2003-08-22 00:00:00Z,PR2 9PD,Semi-Detached,Established,Freehold,64,,TEIL GREEN,FULWOOD,PRESTON,PRESTON,LANCASHIRE,Standard,Addition,53.7892210000,-2.6664150000
12546,2003-02-24 00:00:00Z,PR2 6QX,Terraced,Established,Freehold,16,,TROUTBECK PLACE,RIBBLETON,PRESTON,PRESTON,LANCASHIRE,Standard,Addition,53.7837360000,-2.6618350000
14000,2003-11-04 00:00:00Z,PR2 6TJ,Terraced,Established,Leasehold,107,,WESTFIELD DRIVE,RIBBLETON,PRESTON,PRESTON,LANCASHIRE,Standard,Addition,53.7814000000,-2.6666700000
17200,2003-12-15 00:00:00Z,PR2 6SY,Terraced,Established,Freehold,111,,HEATHFIELD DRIVE,RIBBLETON,PRESTON,PRESTON,LANCASHIRE,Standard,Addition,53.7815130000,-2.6624530000
23920,2003-12-15 00:00:00Z,PR2 6QY,Terraced,Established,Freehold,25,,HAWKSHEAD ROAD,RIBBLETON,PRESTON,PRESTON,LANCASHIRE,Standard,Addition,53.7843090000,-2.6639840000
150000,2003-07-10 00:00:00Z,PR2 9PA,Detached,Established,Freehold,9,,TEIL GREEN,FULWOOD,PRESTON,PRESTON,LANCASHIRE,Standard,Addition,53.7896730000,-2.6674840000
155500,2003-01-31 00:00:00Z,PR2 9LU,Detached,Established,Freehold,55,,HAIGHTON DRIVE,FULWOOD,PRESTON,PRESTON,LANCASHIRE,Standard,Addition,53.7871180000,-2.6663210000
320000,2003-06-05 00:00:00Z,PR2 5RU,Semi-Detached,Established,Freehold,CLOCK HOUSE BARN,1,FULWOOD ROW,FULWOOD,PRESTON,PRESTON,LANCASHIRE,Standard,Addition,53.7897240000,-2.6647830000
54000,2003-04-24 00:00:00Z,PR2 6QY,Terraced,Established,Freehold,4,,HAWKSHEAD ROAD,RIBBLETON,PRESTON,PRESTON,LANCASHIRE,Standard,Addition,53.7843090000,-2.6639840000
38000,2003-07-11 00:00:00Z,PR2 6TL,Terraced,Established,Freehold,11,,HORNBY AVENUE,RIBBLETON,PRESTON,PRESTON,LANCASHIRE,Standard,Addition,53.7812460000,-2.6684890000
23892,2003-07-21 00:00:00Z,PR2 6XD,Terraced,Established,Freehold,9,,KINGSDALE AVENUE,RIBBLETON,PRESTON,PRESTON,LANCASHIRE,Standard,Addition,53.7824690000,-2.6699960000
44950,2003-01-31 00:00:00Z,PR2 6SX,Terraced,Established,Leasehold,14,,HEATHFIELD DRIVE,RIBBLETON,PRESTON,PRESTON,LANCASHIRE,Standard,Addition,53.7805830000,-2.6664140000
29000,2003-04-11 00:00:00Z,PR2 6UJ,Terraced,Established,Leasehold,9,,INGLETON ROAD,RIBBLETON,PRESTON,PRESTON,LANCASHIRE,Standard,Addition,53.7816820000,-2.6675550000
40000,2003-10-24 00:00:00Z,PR2 6SS,Terraced,Established,Freehold,38,,GISBURN ROAD,RIBBLETON,PRESTON,PRESTON,LANCASHIRE,Standard,Addition,53.7823510000,-2.6621020000
22500,2003-01-07 00:00:00Z,PR2 6UL,Terraced,Established,Freehold,12,,BENTON ROAD,RIBBLETON,PRESTON,PRESTON,LANCASHIRE,Standard,Addition,53.7811760000,-2.6696410000
46500,2003-09-12 00:00:00Z,PR2 6SU,Terraced,Established,Freehold,2,,MEARLEY ROAD,RIBBLETON,PRESTON,PRESTON,LANCASHIRE,Standard,Addition,53.7817930000,-2.6638080000
47500,2003-09-29 00:00:00Z,PR2 6UB,Semi-Detached,Established,Freehold,26,,CROASDALE AVENUE,RIBBLETON,PRESTON,PRESTON,LANCASHIRE,Standard,Addition,53.7817860000,-2.6650680000
180000,2003-07-31 00:00:00Z,PR2 9QY,Detached,Established,Freehold,3,,LYNDETH CLOSE,FULWOOD,PRESTON,PRESTON,LANCASHIRE,Standard,Addition,53.7879120000,-2.6674410000
54000,2003-11-05 00:00:00Z,PR2 6UB,Terraced,Established,Freehold,37,,CROASDALE AVENUE,RIBBLETON,PRESTON,PRESTON,LANCASHIRE,Standard,Addition,53.7817860000,-2.6650680000
26000,2003-01-17 00:00:00Z,PR2 6QU,Terraced,Established,Freehold,34B,,AMBLESIDE ROAD,RIBBLETON,PRESTON,PRESTON,LANCASHIRE,Standard,Addition,53.7841480000,-2.6621300000
39500,2003-04-25 00:00:00Z,PR2 6SX,Terraced,Established,Freehold,68,,HEATHFIELD DRIVE,RIBBLETON,PRESTON,PRESTON,LANCASHIRE,Standard,Addition,53.7805830000,-2.6664140000
50000,2003-12-19 00:00:00Z,PR2 6TX,Semi-Detached,Established,Freehold,483,,WATLING STREET ROAD,RIBBLETON,PRESTON,PRESTON,LANCASHIRE,Standard,Addition,53.7829920000,-2.6630830000
50000,2003-11-14 00:00:00Z,PR2 6SY,Terraced,Established,Freehold,117,,HEATHFIELD DRIVE,RIBBLETON,PRESTON,PRESTON,LANCASHIRE,Standard,Addition,53.7815130000,-2.6624530000
66000,2003-06-18 00:00:00Z,PR2 6RP,Semi-Detached,Established,Freehold,36,,SION CLOSE,RIBBLETON,PRESTON,PRESTON,LANCASHIRE,Standard,Addition,53.7801930000,-2.6605500000
130000,2003-09-26 00:00:00Z,PR2 9LU,Detached,Established,Freehold,32,,HAIGHTON DRIVE,FULWOOD,PRESTON,PRESTON,LANCASHIRE,Standard,Addition,53.7871180000,-2.6663210000
47500,2003-04-15 00:00:00Z,PR2 6UY,Terraced,Established,Leasehold,76,,SILVERDALE DRIVE,RIBBLETON,PRESTON,PRESTON,LANCASHIRE,Standard,Addition,53.7834760000,-2.6666270000
54500,2003-10-31 00:00:00Z,PR2 6TJ,Terraced,Established,Freehold,118,,WESTFIELD DRIVE,RIBBLETON,PRESTON,PRESTON,LANCASHIRE,Standard,Addition,53.7814000000,-2.6666700000
22765,2003-10-27 00:00:00Z,PR2 6UJ,Terraced,Established,Freehold,33,,INGLETON ROAD,RIBBLETON,PRESTON,PRESTON,LANCASHIRE,Standard,Addition,53.7816820000,-2.6675550000
43000,2003-03-05 00:00:00Z,PR2 6TX,Terraced,Established,Freehold,499,,WATLING STREET ROAD,RIBBLETON,PRESTON,PRESTON,LANCASHIRE,Standard,Addition,53.7829920000,-2.6630830000
60000,2003-11-14 00:00:00Z,PR2 6SU,Terraced,Established,Freehold,4,,MEARLEY ROAD,RIBBLETON,PRESTON,PRESTON,LANCASHIRE,Standard,Addition,53.7817930000,-2.6638080000
140000,2003-06-06 00:00:00Z,PR2 9PA,Detached,Established,Freehold,23,,TEIL GREEN,FULWOOD,PRESTON,PRESTON,LANCASHIRE,Standard,Addition,53.7896730000,-2.6674840000
295000,2003-04-23 00:00:00Z,PR2 5RU,Semi-Detached,Established,Freehold,CLOCK HOUSE BARN,2,FULWOOD ROW,FULWOOD,PRESTON,PRESTON,LANCASHIRE,Standard,Addition,53.7897240000,-2.6647830000
47950,2003-03-21 00:00:00Z,PR2 6TA,Terraced,Established,Freehold,22,,GARSDALE ROAD,RIBBLETON,PRESTON,PRESTON,LANCASHIRE,Standard,Addition,53.7805170000,-2.6621790000
85000,2003-02-25 00:00:00Z,PR2 9LE,Terraced,Established,Freehold,12,,ASHDOWN MEWS,FULWOOD,PRESTON,PRESTON,LANCASHIRE,Standard,Addition,53.7893230000,-2.6689820000
60000,2003-12-10 00:00:00Z,PR2 6RP,Terraced,Established,Freehold,49,,SION CLOSE,RIBBLETON,PRESTON,PRESTON,LANCASHIRE,Standard,Addition,53.7801930000,-2.6605500000
26950,2003-04-17 00:00:00Z,PR2 6UY,Terraced,Established,Freehold,78,,SILVERDALE DRIVE,RIBBLETON,PRESTON,PRESTON,LANCASHIRE,Standard,Addition,53.7834760000,-2.6666270000
43500,2003-05-09 00:00:00Z,PR2 6SQ,Terraced,Established,Freehold,26,,OAKWORTH AVENUE,RIBBLETON,PRESTON,PRESTON,LANCASHIRE,Standard,Addition,53.7826280000,-2.6603130000
148000,2003-11-07 00:00:00Z,PR2 9PA,Semi-Detached,Established,Freehold,49,,TEIL GREEN,FULWOOD,PRESTON,PRESTON,LANCASHIRE,Standard,Addition,53.7896730000,-2.6674840000
435000,2003-12-12 00:00:00Z,PR2 5RU,Semi-Detached,Established,Freehold,CLOCK HOUSE BARN,1,FULWOOD ROW,FULWOOD,PRESTON,PRESTON,LANCASHIRE,Standard,Addition,53.7897240000,-2.6647830000
37000,2003-04-08 00:00:00Z,PR2 6UB,Terraced,Established,Freehold,35,,CROASDALE AVENUE,RIBBLETON,PRESTON,PRESTON,LANCASHIRE,Standard,Addition,53.7817860000,-2.6650680000
16400,2003-10-20 00:00:00Z,PR2 6TA,Terraced,Established,Freehold,73,,GARSDALE ROAD,RIBBLETON,PRESTON,PRESTON,LANCASHIRE,Standard,Addition,53.7805170000,-2.6621790000
193500,2003-10-10 00:00:00Z,PR2 9LU,Detached,Established,Freehold,3,,HAIGHTON DRIVE,FULWOOD,PRESTON,PRESTON,LANCASHIRE,Standard,Addition,53.7871180000,-2.6663210000
185000,2003-05-09 00:00:00Z,PR2 9QY,Detached,Established,Freehold,10,,LYNDETH CLOSE,FULWOOD,PRESTON,PRESTON,LANCASHIRE,Standard,Addition,53.7879120000,-2.6674410000
59000,2003-05-02 00:00:00Z,PR2 6QY,Terraced,Established,Freehold,10,,HAWKSHEAD ROAD,RIBBLETON,PRESTON,PRESTON,LANCASHIRE,Standard,Addition,53.7843090000,-2.6639840000
22360,2003-08-18 00:00:00Z,PR2 6XD,Terraced,Established,Freehold,12,,KINGSDALE AVENUE,RIBBLETON,PRESTON,PRESTON,LANCASHIRE,Standard,Addition,53.7824690000,-2.6699960000
14570,2003-03-21 00:00:00Z,PR2 6UL,Terraced,Established,Freehold,1,,BENTON ROAD,RIBBLETON,PRESTON,PRESTON,LANCASHIRE,Standard,Addition,53.7811760000,-2.6696410000
42000,2003-02-07 00:00:00Z,PR2 6SS,Terraced,Established,Leasehold,15,,GISBURN ROAD,RIBBLETON,PRESTON,PRESTON,LANCASHIRE,Standard,Addition,53.7823510000,-2.6621020000
166000,2003-08-22 00:00:00Z,PR2 5RU,Detached,Established,Freehold,OLD COTTAGE,,FULWOOD ROW,FULWOOD,PRESTON,PRESTON,LANCASHIRE,Standard,Addition,53.7897240000,-2.6647830000
101000,2003-12-01 00:00:00Z,PR2 9LE,Terraced,Established,Freehold,10,,ASHDOWN MEWS,FULWOOD,PRESTON,PRESTON,LANCASHIRE,Standard,Addition,53.7893230000,-2.6689820000
160000,2003-08-01 00:00:00Z,PR2 9PA,Detached,Established,Freehold,1,,TEIL GREEN,FULWOOD,PRESTON,PRESTON,LANCASHIRE,Standard,Addition,53.7896730000,-2.6674840000
22250,2003-12-08 00:00:00Z,PR2 6UX,Terraced,Established,Freehold,21,,SILVERDALE DRIVE,RIBBLETON,PRESTON,PRESTON,LANCASHIRE,Standard,Addition,53.7826690000,-2.6695890000
55000,2003-04-09 00:00:00Z,PR2 6TX,Terraced,Established,Freehold,493,,WATLING STREET ROAD,RIBBLETON,PRESTON,PRESTON,LANCASHIRE,Standard,Addition,53.7829920000,-2.6630830000
53000,2003-08-15 00:00:00Z,PR2 6SQ,Semi-Detached,Established,Freehold,23,,OAKWORTH AVENUE,RIBBLETON,PRESTON,PRESTON,LANCASHIRE,Standard,Addition,53.7826280000,-2.6603130000
57000,2003-12-19 00:00:00Z,PR2 6UB,Terraced,Established,Freehold,35,,CROASDALE AVENUE,RIBBLETON,PRESTON,PRESTON,LANCASHIRE,Standard,Addition,53.7817860000,-2.6650680000
22000,2003-09-29 00:00:00Z,PR2 6UX,Terraced,Established,Freehold,28,,SILVERDALE DRIVE,RIBBLETON,PRESTON,PRESTON,LANCASHIRE,Standard,Addition,53.7826690000,-2.6695890000
132000,2003-10-31 00:00:00Z,PR2 9LU,Semi-Detached,Established,Freehold,40,,HAIGHTON DRIVE,FULWOOD,PRESTON,PRESTON,LANCASHIRE,Standard,Addition,53.7871180000,-2.6663210000
15000,2003-09-26 00:00:00Z,PR2 6TE,Terraced,Established,Freehold,5,,BRAYSHAW PLACE,RIBBLETON,PRESTON,PRESTON,LANCASHIRE,Standard,Addition,53.7810520000,-2.6661030000
25080,2003-12-15 00:00:00Z,PR2 6XA,Terraced,Established,Freehold,37,,HALSTEAD ROAD,RIBBLETON,PRESTON,PRESTON,LANCASHIRE,Standard,Addition,53.7835650000,-2.6684350000
39250,2003-01-10 00:00:00Z,PR2 6XB,Terraced,Established,Freehold,14,,SILSDEN AVENUE,RIBBLETON,PRESTON,PRESTON,LANCASHIRE,Standard,Addition,53.7832820000,-2.6691740000
148950,2003-03-14 00:00:00Z,PR2 9LU,Detached,Established,Freehold,17,,HAIGHTON DRIVE,FULWOOD,PRESTON,PRESTON,LANCASHIRE,Standard,Addition,53.7871180000,-2.6663210000
20000,2003-04-11 00:00:00Z,PR2 6SY,Terraced,Established,Freehold,90,,HEATHFIELD DRIVE,RIBBLETON,PRESTON,PRESTON,LANCASHIRE,Standard,Addition,53.7815130000,-2.6624530000
120000,2003-08-22 00:00:00Z,PR2 9PD,Semi-Detached,Established,Freehold,16,,TEIL GREEN,FULWOOD,PRESTON,PRESTON,LANCASHIRE,Standard,Addition,53.7892210000,-2.6664150000
37500,2003-12-12 00:00:00Z,PR2 6SY,Terraced,Established,Leasehold,71,,HEATHFIELD DRIVE,RIBBLETON,PRESTON,PRESTON,LANCASHIRE,Standard,Addition,53.7815130000,-2.6624530000
46500,2003-10-15 00:00:00Z,PR2 6SY,Semi-Detached,Established,Freehold,119,,HEATHFIELD DRIVE,RIBBLETON,PRESTON,PRESTON,LANCASHIRE,Standard,Addition,53.7815130000,-2.6624530000
33000,2003-09-10 00:00:00Z,PR2 6XA,Terraced,Established,Freehold,42,,HALSTEAD ROAD,RIBBLETON,PRESTON,PRESTON,LANCASHIRE,Standard,Addition,53.7835650000,-2.6684350000
174950,2003-08-15 00:00:00Z,PR2 9QY,Detached,Established,Freehold,12,,LYNDETH CLOSE,FULWOOD,PRESTON,PRESTON,LANCASHIRE,Standard,Addition,53.7879120000,-2.6674410000
32000,2003-03-03 00:00:00Z,PR2 6TD,Terraced,Established,Freehold,11,,HARROP PLACE,RIBBLETON,PRESTON,PRESTON,LANCASHIRE,Standard,Addition,53.7803720000,-2.6655610000
132000,2003-10-10 00:00:00Z,PR2 9LU,Detached,Established,Freehold,43,,HAIGHTON DRIVE,FULWOOD,PRESTON,PRESTON,LANCASHIRE,Standard,Addition,53.7871180000,-2.6663210000
24950,2003-05-21 00:00:00Z,PR2 6TE,Terraced,Established,Freehold,4,,BRAYSHAW PLACE,RIBBLETON,PRESTON,PRESTON,LANCASHIRE,Standard,Addition,53.7810520000,-2.6661030000
180000,2003-08-12 00:00:00Z,PR2 9LU,Detached,Established,Freehold,5,,HAIGHTON DRIVE,FULWOOD,PRESTON,PRESTON,LANCASHIRE,Standard,Addition,53.7871180000,-2.6663210000
22400,2003-09-15 00:00:00Z,PR2 6XA,Terraced,Established,Freehold,57,,HALSTEAD ROAD,RIBBLETON,PRESTON,PRESTON,LANCASHIRE,Standard,Addition,53.7835650000,-2.6684350000
40000,2003-02-06 00:00:00Z,PR2 6TN,Terraced,Established,Freehold,13,,BARDEN PLACE,RIBBLETON,PRESTON,PRESTON,LANCASHIRE,Standard,Addition,53.7802350000,-2.6692920000
36950,2003-03-14 00:00:00Z,PR2 6TJ,Terraced,Established,Freehold,73,,WESTFIELD DRIVE,RIBBLETON,PRESTON,PRESTON,LANCASHIRE,Standard,Addition,53.7814000000,-2.6666700000
70000,2004-05-21 00:00:00Z,PR2 6SY,Terraced,Established,Freehold,85,,HEATHFIELD DRIVE,RIBBLETON,PRESTON,PRESTON,LANCASHIRE,Standard,Addition,53.7815130000,-2.6624530000
58000,2004-06-22 00:00:00Z,PR2 6SX,Terraced,Established,Freehold,21,,HEATHFIELD DRIVE,RIBBLETON,PRESTON,PRESTON,LANCASHIRE,Standard,Addition,53.7805830000,-2.6664140000
62000,2004-10-01 00:00:00Z,PR2 6TA,Terraced,Established,Freehold,75,,GARSDALE ROAD,RIBBLETON,PRESTON,PRESTON,LANCASHIRE,Standard,Addition,53.7805170000,-2.6621790000
43000,2004-08-13 00:00:00Z,PR2 6SX,Terraced,Established,Freehold,10,,HEATHFIELD DRIVE,RIBBLETON,PRESTON,PRESTON,LANCASHIRE,Standard,Addition,53.7805830000,-2.6664140000
175000,2004-05-28 00:00:00Z,PR2 9PD,Detached,Established,Freehold,4,,TEIL GREEN,FULWOOD,PRESTON,PRESTON,LANCASHIRE,Standard,Addition,53.7892210000,-2.6664150000
35000,2004-12-20 00:00:00Z,PR2 6SY,Terraced,Established,Freehold,104,,HEATHFIELD DRIVE,RIBBLETON,PRESTON,PRESTON,LANCASHIRE,Standard,Addition,53.7815130000,-2.6624530000
21855,2004-01-26 00:00:00Z,PR2 6QU,Terraced,Established,Freehold,20,,AMBLESIDE ROAD,RIBBLETON,PRESTON,PRESTON,LANCASHIRE,Standard,Addition,53.7841480000,-2.6621300000
26838,2004-02-09 00:00:00Z,PR2 6SX,Terraced,Established,Freehold,5,,HEATHFIELD DRIVE,RIBBLETON,PRESTON,PRESTON,LANCASHIRE,Standard,Addition,53.7805830000,-2.6664140000
415000,2004-09-24 00:00:00Z,PR2 5RU,Detached,Established,Freehold,HUNTCLIFFE,,FULWOOD ROW,FULWOOD,PRESTON,PRESTON,LANCASHIRE,Standard,Addition,53.7897240000,-2.6647830000
19435,2004-03-29 00:00:00Z,PR2 6TX,Terraced,Established,Freehold,519,,WATLING STREET ROAD,RIBBLETON,PRESTON,PRESTON,LANCASHIRE,Standard,Addition,53.7829920000,-2.6630830000
19440,2004-02-16 00:00:00Z,PR2 6XA,Terraced,Established,Freehold,38,,HALSTEAD ROAD,RIBBLETON,PRESTON,PRESTON,LANCASHIRE,Standard,Addition,53.7835650000,-2.6684350000
70000,2004-01-30 00:00:00Z,PR2 6TY,Semi-Detached,Established,Freehold,397,,WATLING STREET ROAD,RIBBLETON,PRESTON,PRESTON,LANCASHIRE,Standard,Addition,53.7818490000,-2.6699860000
19723,2004-01-12 00:00:00Z,PR2 6TA,Terraced,Established,Freehold,28,,GARSDALE ROAD,RIBBLETON,PRESTON,PRESTON,LANCASHIRE,Standard,Addition,53.7805170000,-2.6621790000
133000,2004-05-21 00:00:00Z,PR2 9LS,Semi-Detached,Established,Freehold,7,,THE WARREN,FULWOOD,PRESTON,PRESTON,LANCASHIRE,Standard,Addition,53.7895660000,-2.6689700000
58000,2004-05-14 00:00:00Z,PR2 6SS,Terraced,Established,Leasehold,78,,GISBURN ROAD,RIBBLETON,PRESTON,PRESTON,LANCASHIRE,Standard,Addition,53.7823510000,-2.6621020000
35250,2004-11-01 00:00:00Z,PR2 6UY,Terraced,Established,Freehold,58,,SILVERDALE DRIVE,RIBBLETON,PRESTON,PRESTON,LANCASHIRE,Standard,Addition,53.7834760000,-2.6666270000
171000,2004-07-23 00:00:00Z,PR2 9LU,Detached,Established,Freehold,11,,HAIGHTON DRIVE,FULWOOD,PRESTON,PRESTON,LANCASHIRE,Standard,Addition,53.7871180000,-2.6663210000
27880,2004-06-14 00:00:00Z,PR2 6TN,Terraced,Established,Freehold,15,,BARDEN PLACE,RIBBLETON,PRESTON,PRESTON,LANCASHIRE,Standard,Addition,53.7802350000,-2.6692920000
83000,2004-08-13 00:00:00Z,PR2 6QX,Terraced,Established,Freehold,12,,TROUTBECK PLACE,RIBBLETON,PRESTON,PRESTON,LANCASHIRE,Standard,Addition,53.7837360000,-2.6618350000
41000,2004-12-06 00:00:00Z,PR2 6UX,Terraced,Established,Freehold,6,,SILVERDALE DRIVE,RIBBLETON,PRESTON,PRESTON,LANCASHIRE,Standard,Addition,53.7826690000,-2.6695890000
75000,2004-09-30 00:00:00Z,PR2 6UY,Terraced,Established,Freehold,53,,SILVERDALE DRIVE,RIBBLETON,PRESTON,PRESTON,LANCASHIRE,Standard,Addition,53.7834760000,-2.6666270000
216000,2004-05-04 00:00:00Z,PR2 9PA,Detached,Established,Freehold,53,,TEIL GREEN,FULWOOD,PRESTON,PRESTON,LANCASHIRE,Standard,Addition,53.7896730000,-2.6674840000
64500,2004-06-07 00:00:00Z,PR2 6SX,Terraced,Established,Leasehold,3,,HEATHFIELD DRIVE,RIBBLETON,PRESTON,PRESTON,LANCASHIRE,Standard,Addition,53.7805830000,-2.6664140000
61250,2004-04-30 00:00:00Z,PR2 6XL,Terraced,Established,Freehold,5,,ELLERBECK AVENUE,RIBBLETON,PRESTON,PRESTON,LANCASHIRE,Standard,Addition,53.7829630000,-2.6663580000
152000,2004-08-31 00:00:00Z,PR2 9PA,Semi-Detached,Established,Freehold,15,,TEIL GREEN,FULWOOD,PRESTON,PRESTON,LANCASHIRE,Standard,Addition,53.7896730000,-2.6674840000
48000,2004-05-21 00:00:00Z,PR2 6UB,Terraced,Established,Freehold,39,,CROASDALE AVENUE,RIBBLETON,PRESTON,PRESTON,LANCASHIRE,Standard,Addition,53.7817860000,-2.6650680000
47000,2004-11-26 00:00:00Z,PR2 6XL,Terraced,Established,Freehold,7,,ELLERBECK AVENUE,RIBBLETON,PRESTON,PRESTON,LANCASHIRE,Standard,Addition,53.7829630000,-2.6663580000
88600,2004-12-20 00:00:00Z,PR2 6UB,Terraced,Established,Freehold,16,,CROASDALE AVENUE,RIBBLETON,PRESTON,PRESTON,LANCASHIRE,Standard,Addition,53.7817860000,-2.6650680000
80000,2004-11-08 00:00:00Z,PR2 6QU,Terraced,Established,Freehold,13,,AMBLESIDE ROAD,RIBBLETON,PRESTON,PRESTON,LANCASHIRE,Standard,Addition,53.7841480000,-2.6621300000
44000,2004-03-01 00:00:00Z,PR2 6TY,Semi-Detached,Established,Freehold,389,,WATLING STREET ROAD,RIBBLETON,PRESTON,PRESTON,LANCASHIRE,Standard,Addition,53.7818490000,-2.6699860000
40290,2004-11-29 00:00:00Z,PR2 6TL,Terraced,Established,Freehold,21,,HORNBY AVENUE,RIBBLETON,PRESTON,PRESTON,LANCASHIRE,Standard,Addition,53.7812460000,-2.6684890000
84950,2004-02-20 00:00:00Z,PR2 6RP,Semi-Detached,Established,Freehold,22,,SION CLOSE,RIBBLETON,PRESTON,PRESTON,LANCASHIRE,Standard,Addition,53.7801930000,-2.6605500000
28670,2004-03-01 00:00:00Z,PR2 6SX,Terraced,Established,Freehold,72,,HEATHFIELD DRIVE,RIBBLETON,PRESTON,PRESTON,LANCASHIRE,Standard,Addition,53.7805830000,-2.6664140000
57000,2004-04-16 00:00:00Z,PR2 6QX,Terraced,Established,Freehold,20,,TROUTBECK PLACE,RIBBLETON,PRESTON,PRESTON,LANCASHIRE,Standard,Addition,53.7837360000,-2.6618350000
59950,2004-09-22 00:00:00Z,PR2 6TA,Terraced,Established,Freehold,11,,GARSDALE ROAD,RIBBLETON,PRESTON,PRESTON,LANCASHIRE,Standard,Addition,53.7805170000,-2.6621790000
135000,2004-06-25 00:00:00Z,PR2 9LS,Semi-Detached,Established,Freehold,21,,THE WARREN,FULWOOD,PRESTON,PRESTON,LANCASHIRE,Standard,Addition,53.7895660000,-2.6689700000
30000,2004-05-28 00:00:00Z,PR2 6TD,Terraced,Established,Freehold,11,,HARROP PLACE,RIBBLETON,PRESTON,PRESTON,LANCASHIRE,Standard,Addition,53.7803720000,-2.6655610000
129500,2004-10-22 00:00:00Z,PR2 6RP,Semi-Detached,Established,Freehold,38,,SION CLOSE,RIBBLETON,PRESTON,PRESTON,LANCASHIRE,Standard,Addition,53.7801930000,-2.6605500000
48000,2004-05-07 00:00:00Z,PR2 6QX,Terraced,Established,Freehold,21,,TROUTBECK PLACE,RIBBLETON,PRESTON,PRESTON,LANCASHIRE,Standard,Addition,53.7837360000,-2.6618350000
64000,2004-06-28 00:00:00Z,PR2 6SX,Terraced,Established,Freehold,40,,HEATHFIELD DRIVE,RIBBLETON,PRESTON,PRESTON,LANCASHIRE,Standard,Addition,53.7805830000,-2.6664140000
65000,2004-06-07 00:00:00Z,PR2 6XB,Terraced,Established,Freehold,6,,SILSDEN AVENUE,RIBBLETON,PRESTON,PRESTON,LANCASHIRE,Standard,Addition,53.7832820000,-2.6691740000
66000,2004-04-06 00:00:00Z,PR2 6TJ,Terraced,Established,Leasehold,98,,WESTFIELD DRIVE,RIBBLETON,PRESTON,PRESTON,LANCASHIRE,Standard,Addition,53.7814000000,-2.6666700000
30000,2004-06-03 00:00:00Z,PR2 6TL,Terraced,Established,Freehold,13,,HORNBY AVENUE,RIBBLETON,PRESTON,PRESTON,LANCASHIRE,Standard,Addition,53.7812460000,-2.6684890000
58500,2004-05-28 00:00:00Z,PR2 6SU,Terraced,Established,Freehold,23,,MEARLEY ROAD,RIBBLETON,PRESTON,PRESTON,LANCASHIRE,Standard,Addition,53.7817930000,-2.6638080000
138000,2004-01-26 00:00:00Z,PR2 9PA,Detached,Established,Freehold,27,,TEIL GREEN,FULWOOD,PRESTON,PRESTON,LANCASHIRE,Standard,Addition,53.7896730000,-2.6674840000
78500,2004-10-22 00:00:00Z,PR2 6XA,Terraced,Established,Leasehold,50,,HALSTEAD ROAD,RIBBLETON,PRESTON,PRESTON,LANCASHIRE,Standard,Addition,53.7835650000,-2.6684350000
182500,2004-01-27 00:00:00Z,PR2 9LU,Detached,Established,Freehold,55,,HAIGHTON DRIVE,FULWOOD,PRESTON,PRESTON,LANCASHIRE,Standard,Addition,53.7871180000,-2.6663210000
24600,2004-02-16 00:00:00Z,PR2 6UJ,Terraced,Established,Freehold,31,,INGLETON ROAD,RIBBLETON,PRESTON,PRESTON,LANCASHIRE,Standard,Addition,53.7816820000,-2.6675550000
50000,2004-11-23 00:00:00Z,PR2 6UE,Terraced,Established,Leasehold,11,,LANGCLIFFE ROAD,RIBBLETON,PRESTON,PRESTON,LANCASHIRE,Standard,Addition,53.7821730000,-2.6661330000
139000,2004-07-23 00:00:00Z,PR2 9LS,Semi-Detached,Established,Freehold,1,,THE WARREN,FULWOOD,PRESTON,PRESTON,LANCASHIRE,Standard,Addition,53.7895660000,-2.6689700000
210000,2004-01-23 00:00:00Z,PR2 9PA,Detached,Established,Freehold,3,,TEIL GREEN,FULWOOD,PRESTON,PRESTON,LANCASHIRE,Standard,Addition,53.7896730000,-2.6674840000
183000,2004-05-14 00:00:00Z,PR2 9LE,Detached,Established,Freehold,1,,ASHDOWN MEWS,FULWOOD,PRESTON,PRESTON,LANCASHIRE,Standard,Addition,53.7893230000,-2.6689820000
78500,2004-09-24 00:00:00Z,PR2 6UX,Terraced,Established,Freehold,48,,SILVERDALE DRIVE,RIBBLETON,PRESTON,PRESTON,LANCASHIRE,Standard,Addition,53.7826690000,-2.6695890000
88000,2004-07-09 00:00:00Z,PR2 6RS,Semi-Detached,Established,Freehold,11,,LAUDERDALE CRESCENT,RIBBLETON,PRESTON,PRESTON,LANCASHIRE,Standard,Addition,53.7812470000,-2.6600810000
52500,2004-03-10 00:00:00Z,PR2 6SX,Semi-Detached,Established,Freehold,43,,HEATHFIELD DRIVE,RIBBLETON,PRESTON,PRESTON,LANCASHIRE,Standard,Addition,53.7805830000,-2.6664140000
52000,2004-04-08 00:00:00Z,PR2 6XA,Terraced,Established,Freehold,24,,HALSTEAD ROAD,RIBBLETON,PRESTON,PRESTON,LANCASHIRE,Standard,Addition,53.7835650000,-2.6684350000
79000,2004-11-04 00:00:00Z,PR2 6ST,Terraced,Established,Freehold,20,,MARSETT PLACE,RIBBLETON,PRESTON,PRESTON,LANCASHIRE,Standard,Addition,53.7825590000,-2.6634260000
92500,2004-08-13 00:00:00Z,PR2 6QU,Terraced,Established,Freehold,42,,AMBLESIDE ROAD,RIBBLETON,PRESTON,PRESTON,LANCASHIRE,Standard,Addition,53.7841480000,-2.6621300000
57500,2004-03-11 00:00:00Z,PR2 6TY,Semi-Detached,Established,Freehold,443,,WATLING STREET ROAD,RIBBLETON,PRESTON,PRESTON,LANCASHIRE,Standard,Addition,53.7818490000,-2.6699860000
290000,2004-11-19 00:00:00Z,PR2 5RU,Detached,Established,Freehold,THE OAKS,,FULWOOD ROW,FULWOOD,PRESTON,PRESTON,LANCASHIRE,Standard,Addition,53.7897240000,-2.6647830000
60000,2004-10-29 00:00:00Z,PR2 6TE,Terraced,Established,Freehold,5,,BRAYSHAW PLACE,RIBBLETON,PRESTON,PRESTON,LANCASHIRE,Standard,Addition,53.7810520000,-2.6661030000
157500,2004-12-17 00:00:00Z,PR2 5RY,Semi-Detached,Established,Freehold,3,,THE CLOSE,FULWOOD,PRESTON,PRESTON,LANCASHIRE,Standard,Addition,53.7873870000,-2.6632290000
64000,2004-07-23 00:00:00Z,PR2 6XJ,Terraced,Established,Freehold,33,,SKIPTON CRESCENT,RIBBLETON,PRESTON,PRESTON,LANCASHIRE,Standard,Addition,53.7844090000,-2.6670060000
70000,2004-04-02 00:00:00Z,PR2 6RP,Semi-Detached,Established,Freehold,7,,SION CLOSE,RIBBLETON,PRESTON,PRESTON,LANCASHIRE,Standard,Addition,53.7801930000,-2.6605500000
20976,2004-02-23 00:00:00Z,PR2 6XA,Terraced,Established,Freehold,22,,HALSTEAD ROAD,RIBBLETON,PRESTON,PRESTON,LANCASHIRE,Standard,Addition,53.7835650000,-2.6684350000
235000,2004-11-12 00:00:00Z,PR2 9LU,Detached,Established,Freehold,8,,HAIGHTON DRIVE,FULWOOD,PRESTON,PRESTON,LANCASHIRE,Standard,Addition,53.7871180000,-2.6663210000
59950,2004-01-30 00:00:00Z,PR2 6TJ,Semi-Detached,Established,Freehold,79,,WESTFIELD DRIVE,RIBBLETON,PRESTON,PRESTON,LANCASHIRE,Standard,Addition,53.7814000000,-2.6666700000
44000,2004-03-08 00:00:00Z,PR2 6TY,Semi-Detached,Established,Freehold,391,,WATLING STREET ROAD,RIBBLETON,PRESTON,PRESTON,LANCASHIRE,Standard,Addition,53.7818490000,-2.6699860000
69950,2004-01-16 00:00:00Z,PR2 6QU,Semi-Detached,Established,Freehold,32,,AMBLESIDE ROAD,RIBBLETON,PRESTON,PRESTON,LANCASHIRE,Standard,Addition,53.7841480000,-2.6621300000
137000,2004-02-27 00:00:00Z,PR2 9LU,Detached,Established,Freehold,47,,HAIGHTON DRIVE,FULWOOD,PRESTON,PRESTON,LANCASHIRE,Standard,Addition,53.7871180000,-2.6663210000
69950,2004-07-07 00:00:00Z,PR2 6UX,Semi-Detached,Established,Freehold,34,,SILVERDALE DRIVE,RIBBLETON,PRESTON,PRESTON,LANCASHIRE,Standard,Addition,53.7826690000,-2.6695890000
55000,2004-11-10 00:00:00Z,PR2 6SY,Terraced,Established,Freehold,116,,HEATHFIELD DRIVE,RIBBLETON,PRESTON,PRESTON,LANCASHIRE,Standard,Addition,53.7815130000,-2.6624530000
68500,2004-10-15 00:00:00Z,PR2 6TA,Terraced,Established,Freehold,56,,GARSDALE ROAD,RIBBLETON,PRESTON,PRESTON,LANCASHIRE,Standard,Addition,53.7805170000,-2.6621790000
42000,2004-04-26 00:00:00Z,PR2 6TY,Flats/Maisonettes,Established,Leasehold,425,,WATLING STREET ROAD,RIBBLETON,PRESTON,PRESTON,LANCASHIRE,Standard,Addition,53.7818490000,-2.6699860000
32250,2004-07-26 00:00:00Z,PR2 6TJ,Terraced,Established,Freehold,96,,WESTFIELD DRIVE,RIBBLETON,PRESTON,PRESTON,LANCASHIRE,Standard,Addition,53.7814000000,-2.6666700000
190000,2005-03-24 00:00:00Z,PR2 6TU,Semi-Detached,Established,Freehold,522,,WATLING STREET ROAD,RIBBLETON,PRESTON,PRESTON,LANCASHIRE,Standard,Addition,53.7837230000,-2.6610920000
64500,2005-07-20 00:00:00Z,PR2 6TJ,Terraced,Established,Freehold,118,,WESTFIELD DRIVE,RIBBLETON,PRESTON,PRESTON,LANCASHIRE,Standard,Addition,53.7814000000,-2.6666700000
159950,2005-03-18 00:00:00Z,PR2 9LU,Detached,Established,Freehold,23,,HAIGHTON DRIVE,FULWOOD,PRESTON,PRESTON,LANCASHIRE,Standard,Addition,53.7871180000,-2.6663210000
69000,2005-04-15 00:00:00Z,PR2 6UL,Terraced,Established,Freehold,8,,BENTON ROAD,RIBBLETON,PRESTON,PRESTON,LANCASHIRE,Standard,Addition,53.7811760000,-2.6696410000
149500,2005-07-28 00:00:00Z,PR2 9PA,Semi-Detached,Established,Freehold,17,,TEIL GREEN,FULWOOD,PRESTON,PRESTON,LANCASHIRE,Standard,Addition,53.7896730000,-2.6674840000
47500,2005-10-31 00:00:00Z,PR2 6QU,Terraced,Established,Freehold,22,,AMBLESIDE ROAD,RIBBLETON,PRESTON,PRESTON,LANCASHIRE,Standard,Addition,53.7841480000,-2.6621300000
136000,2005-08-05 00:00:00Z,PR2 9LS,Terraced,Established,Freehold,11,,THE WARREN,FULWOOD,PRESTON,PRESTON,LANCASHIRE,Standard,Addition,53.7895660000,-2.6689700000
60000,2005-07-20 00:00:00Z,PR2 6TY,Terraced,Established,Leasehold,373,,WATLING STREET ROAD,RIBBLETON,PRESTON,PRESTON,LANCASHIRE,Standard,Addition,53.7818490000,-2.6699860000
78000,2005-05-13 00:00:00Z,PR2 6XJ,Terraced,Established,Leasehold,27,,SKIPTON CRESCENT,RIBBLETON,PRESTON,PRESTON,LANCASHIRE,Standard,Addition,53.7844090000,-2.6670060000
50000,2005-07-11 00:00:00Z,PR2 6TA,Terraced,Established,Freehold,13,,GARSDALE ROAD,RIBBLETON,PRESTON,PRESTON,LANCASHIRE,Standard,Addition,53.7805170000,-2.6621790000
190000,2005-09-02 00:00:00Z,PR2 9LU,Detached,Established,Freehold,42,,HAIGHTON DRIVE,FULWOOD,PRESTON,PRESTON,LANCASHIRE,Standard,Addition,53.7871180000,-2.6663210000
70000,2005-08-16 00:00:00Z,PR2 6TA,Terraced,Established,Freehold,32,,GARSDALE ROAD,RIBBLETON,PRESTON,PRESTON,LANCASHIRE,Standard,Addition,53.7805170000,-2.6621790000
85000,2005-02-11 00:00:00Z,PR2 6RP,Semi-Detached,Established,Freehold,18,,SION CLOSE,RIBBLETON,PRESTON,PRESTON,LANCASHIRE,Standard,Addition,53.7801930000,-2.6605500000
67000,2005-08-25 00:00:00Z,PR2 6UB,Terraced,Established,Leasehold,18,,CROASDALE AVENUE,RIBBLETON,PRESTON,PRESTON,LANCASHIRE,Standard,Addition,53.7817860000,-2.6650680000
65000,2005-01-14 00:00:00Z,PR2 6XJ,Terraced,Established,Freehold,14,,SKIPTON CRESCENT,RIBBLETON,PRESTON,PRESTON,LANCASHIRE,Standard,Addition,53.7844090000,-2.6670060000
88950,2005-05-13 00:00:00Z,PR2 6XH,Terraced,Established,Freehold,5,,WHARFEDALE AVENUE,RIBBLETON,PRESTON,PRESTON,LANCASHIRE,Standard,Addition,53.7828800000,-2.6672400000
134000,2005-11-29 00:00:00Z,PR2 6RP,Semi-Detached,Established,Freehold,18,,SION CLOSE,RIBBLETON,PRESTON,PRESTON,LANCASHIRE,Standard,Addition,53.7801930000,-2.6605500000
162000,2005-04-22 00:00:00Z,PR2 9LU,Semi-Detached,Established,Freehold,40,,HAIGHTON DRIVE,FULWOOD,PRESTON,PRESTON,LANCASHIRE,Standard,Addition,53.7871180000,-2.6663210000
130000,2005-06-24 00:00:00Z,PR2 9LS,Terraced,Established,Freehold,15,,THE WARREN,FULWOOD,PRESTON,PRESTON,LANCASHIRE,Standard,Addition,53.7895660000,-2.6689700000
36850,2005-01-10 00:00:00Z,PR2 6QU,Terraced,Established,Freehold,32B,,AMBLESIDE ROAD,RIBBLETON,PRESTON,PRESTON,LANCASHIRE,Standard,Addition,53.7841480000,-2.6621300000
88000,2005-01-28 00:00:00Z,PR2 6TN,Terraced,Established,Freehold,3,,BARDEN PLACE,RIBBLETON,PRESTON,PRESTON,LANCASHIRE,Standard,Addition,53.7802350000,-2.6692920000
74500,2005-12-20 00:00:00Z,PR2 6RS,Semi-Detached,Established,Freehold,2,,LAUDERDALE CRESCENT,RIBBLETON,PRESTON,PRESTON,LANCASHIRE,Standard,Addition,53.7812470000,-2.6600810000
83500,2005-06-01 00:00:00Z,PR2 6TL,Terraced,Established,Freehold,11,,HORNBY AVENUE,RIBBLETON,PRESTON,PRESTON,LANCASHIRE,Standard,Addition,53.7812460000,-2.6684890000
86000,2005-10-19 00:00:00Z,PR2 6TN,Terraced,Established,Freehold,15,,BARDEN PLACE,RIBBLETON,PRESTON,PRESTON,LANCASHIRE,Standard,Addition,53.7802350000,-2.6692920000
69600,2005-09-23 00:00:00Z,PR2 6SX,Terraced,Established,Freehold,39,,HEATHFIELD DRIVE,RIBBLETON,PRESTON,PRESTON,LANCASHIRE,Standard,Addition,53.7805830000,-2.6664140000
235000,2005-11-25 00:00:00Z,PR2 9LU,Detached,Established,Freehold,8,,HAIGHTON DRIVE,FULWOOD,PRESTON,PRESTON,LANCASHIRE,Standard,Addition,53.7871180000,-2.6663210000
76000,2005-09-20 00:00:00Z,PR2 6TY,Terraced,Established,Freehold,441,,WATLING STREET ROAD,RIBBLETON,PRESTON,PRESTON,LANCASHIRE,Standard,Addition,53.7818490000,-2.6699860000
31000,2005-01-03 00:00:00Z,PR2 6QY,Terraced,Established,Freehold,20,,HAWKSHEAD ROAD,RIBBLETON,PRESTON,PRESTON,LANCASHIRE,Standard,Addition,53.7843090000,-2.6639840000
83000,2005-03-18 00:00:00Z,PR2 6SY,Terraced,Established,Freehold,91,,HEATHFIELD DRIVE,RIBBLETON,PRESTON,PRESTON,LANCASHIRE,Standard,Addition,53.7815130000,-2.6624530000
142500,2005-12-02 00:00:00Z,PR2 6SP,Terraced,Established,Freehold,7,,EAST VIEW FULWOOD ROW,RIBBLETON,PRESTON,PRESTON,LANCASHIRE,Standard,Addition,53.7842110000,-2.6604470000
175000,2005-07-29 00:00:00Z,PR2 9LU,Detached,Established,Freehold,31,,HAIGHTON DRIVE,FULWOOD,PRESTON,PRESTON,LANCASHIRE,Standard,Addition,53.7871180000,-2.6663210000
34000,2005-04-11 00:00:00Z,PR2 6TA,Flats/Maisonettes,Established,Freehold,20,,GARSDALE ROAD,RIBBLETON,PRESTON,PRESTON,LANCASHIRE,Standard,Addition,53.7805170000,-2.6621790000
85000,2005-08-10 00:00:00Z,PR2 6XL,Terraced,Established,Freehold,7,,ELLERBECK AVENUE,RIBBLETON,PRESTON,PRESTON,LANCASHIRE,Standard,Addition,53.7829630000,-2.6663580000
85000,2005-08-26 00:00:00Z,PR2 6UY,Terraced,Established,Freehold,78,,SILVERDALE DRIVE,RIBBLETON,PRESTON,PRESTON,LANCASHIRE,Standard,Addition,53.7834760000,-2.6666270000
145000,2005-06-01 00:00:00Z,PR2 9PD,Semi-Detached,Established,Freehold,16,,TEIL GREEN,FULWOOD,PRESTON,PRESTON,LANCASHIRE,Standard,Addition,53.7892210000,-2.6664150000
72000,2005-08-10 00:00:00Z,PR2 6SY,Terraced,Established,Freehold,118,,HEATHFIELD DRIVE,RIBBLETON,PRESTON,PRESTON,LANCASHIRE,Standard,Addition,53.7815130000,-2.6624530000
195000,2005-11-04 00:00:00Z,PR2 9LU,Detached,Established,Freehold,42,,HAIGHTON DRIVE,FULWOOD,PRESTON,PRESTON,LANCASHIRE,Standard,Addition,53.7871180000,-2.6663210000
107000,2005-12-16 00:00:00Z,PR2 6SY,Terraced,Established,Freehold,117,,HEATHFIELD DRIVE,RIBBLETON,PRESTON,PRESTON,LANCASHIRE,Standard,Addition,53.7815130000,-2.6624530000
47500,2005-07-18 00:00:00Z,PR2 6SY,Terraced,Established,Freehold,57,,HEATHFIELD DRIVE,RIBBLETON,PRESTON,PRESTON,LANCASHIRE,Standard,Addition,53.7815130000,-2.6624530000
78000,2005-09-23 00:00:00Z,PR2 6QU,Terraced,Established,Freehold,34,,AMBLESIDE ROAD,RIBBLETON,PRESTON,PRESTON,LANCASHIRE,Standard,Addition,53.7841480000,-2.6621300000
63750,2005-11-25 00:00:00Z,PR2 6SX,Terraced,Established,Freehold,54,,HEATHFIELD DRIVE,RIBBLETON,PRESTON,PRESTON,LANCASHIRE,Standard,Addition,53.7805830000,-2.6664140000
77000,2005-07-08 00:00:00Z,PR2 6XH,Terraced,Established,Freehold,8,,WHARFEDALE AVENUE,RIBBLETON,PRESTON,PRESTON,LANCASHIRE,Standard,Addition,53.7828800000,-2.6672400000
350000,2005-08-15 00:00:00Z,PR2 5QX,Detached,Established,Freehold,14,,SANDYBROOK CLOSE,FULWOOD,PRESTON,PRESTON,LANCASHIRE,Standard,Addition,53.7868190000,-2.6618080000
175000,2005-01-24 00:00:00Z,PR2 9LU,Detached,Established,Freehold,62,,HAIGHTON DRIVE,FULWOOD,PRESTON,PRESTON,LANCASHIRE,Standard,Addition,53.7871180000,-2.6663210000
79100,2005-11-04 00:00:00Z,PR2 6UX,Terraced,Established,Freehold,29,,SILVERDALE DRIVE,RIBBLETON,PRESTON,PRESTON,LANCASHIRE,Standard,Addition,53.7826690000,-2.6695890000
82000,2005-09-02 00:00:00Z,PR2 6UX,Terraced,Established,Freehold,10,,SILVERDALE DRIVE,RIBBLETON,PRESTON,PRESTON,LANCASHIRE,Standard,Addition,53.7826690000,-2.6695890000
69000,2005-10-14 00:00:00Z,PR2 6TA,Terraced,Established,Freehold,1,,GARSDALE ROAD,RIBBLETON,PRESTON,PRESTON,LANCASHIRE,Standard,Addition,53.7805170000,-2.6621790000
76000,2005-07-08 00:00:00Z,PR2 6TA,Terraced,Established,Freehold,47,,GARSDALE ROAD,RIBBLETON,PRESTON,PRESTON,LANCASHIRE,Standard,Addition,53.7805170000,-2.6621790000
271000,2005-06-30 00:00:00Z,PR2 9LW,Detached,Established,Freehold,1,,CHINGLE CLOSE,FULWOOD,PRESTON,PRESTON,LANCASHIRE,Standard,Addition,53.7879920000,-2.6659700000
234500,2005-07-28 00:00:00Z,PR2 9PA,Detached,Established,Freehold,31,,TEIL GREEN,FULWOOD,PRESTON,PRESTON,LANCASHIRE,Standard,Addition,53.7896730000,-2.6674840000
106000,2006-05-04 00:00:00Z,PR2 6TY,Semi-Detached,Established,Leasehold,371,,WATLING STREET ROAD,RIBBLETON,PRESTON,PRESTON,LANCASHIRE,Standard,Addition,53.7818490000,-2.6699860000
70000,2006-08-30 00:00:00Z,PR2 6TA,Terraced,Established,Freehold,34,,GARSDALE ROAD,RIBBLETON,PRESTON,PRESTON,LANCASHIRE,Standard,Addition,53.7805170000,-2.6621790000
65000,2006-01-31 00:00:00Z,PR2 6UB,Terraced,Established,Freehold,35,,CROASDALE AVENUE,RIBBLETON,PRESTON,PRESTON,LANCASHIRE,Standard,Addition,53.7817860000,-2.6650680000
95000,2006-07-07 00:00:00Z,PR2 6XD,Terraced,Established,Leasehold,5,,KINGSDALE AVENUE,RIBBLETON,PRESTON,PRESTON,LANCASHIRE,Standard,Addition,53.7824690000,-2.6699960000
95000,2006-10-27 00:00:00Z,PR2 6XJ,Terraced,Established,Leasehold,27,,SKIPTON CRESCENT,RIBBLETON,PRESTON,PRESTON,LANCASHIRE,Standard,Addition,53.7844090000,-2.6670060000
90000,2006-10-23 00:00:00Z,PR2 6TX,Terraced,Established,Freehold,493,,WATLING STREET ROAD,RIBBLETON,PRESTON,PRESTON,LANCASHIRE,Standard,Addition,53.7829920000,-2.6630830000
270000,2006-07-20 00:00:00Z,PR2 5QX,Detached,Established,Freehold,7,,SANDYBROOK CLOSE,FULWOOD,PRESTON,PRESTON,LANCASHIRE,Standard,Addition,53.7868190000,-2.6618080000
165500,2006-06-02 00:00:00Z,PR2 9PA,Semi-Detached,Established,Freehold,39,,TEIL GREEN,FULWOOD,PRESTON,PRESTON,LANCASHIRE,Standard,Addition,53.7896730000,-2.6674840000
52000,2006-04-11 00:00:00Z,PR2 6SS,Terraced,Established,Leasehold,15,,GISBURN ROAD,RIBBLETON,PRESTON,PRESTON,LANCASHIRE,Standard,Addition,53.7823510000,-2.6621020000
58000,2006-07-28 00:00:00Z,PR2 6TE,Terraced,Established,Freehold,4,,BRAYSHAW PLACE,RIBBLETON,PRESTON,PRESTON,LANCASHIRE,Standard,Addition,53.7810520000,-2.6661030000
70000,2006-11-22 00:00:00Z,PR2 6QY,Terraced,Established,Freehold,28,,HAWKSHEAD ROAD,RIBBLETON,PRESTON,PRESTON,LANCASHIRE,Standard,Addition,53.7843090000,-2.6639840000
67500,2006-11-03 00:00:00Z,PR2 6TA,Terraced,Established,Freehold,28,,GARSDALE ROAD,RIBBLETON,PRESTON,PRESTON,LANCASHIRE,Standard,Addition,53.7805170000,-2.6621790000
79950,2006-08-30 00:00:00Z,PR2 6UJ,Terraced,Established,Freehold,3,,INGLETON ROAD,RIBBLETON,PRESTON,PRESTON,LANCASHIRE,Standard,Addition,53.7816820000,-2.6675550000
146500,2006-03-20 00:00:00Z,PR2 9LS,Semi-Detached,Established,Freehold,9,,THE WARREN,FULWOOD,PRESTON,PRESTON,LANCASHIRE,Standard,Addition,53.7895660000,-2.6689700000
96000,2006-09-15 00:00:00Z,PR2 6RP,Terraced,Established,Freehold,49,,SION CLOSE,RIBBLETON,PRESTON,PRESTON,LANCASHIRE,Standard,Addition,53.7801930000,-2.6605500000
173000,2006-01-27 00:00:00Z,PR2 9LU,Detached,Established,Freehold,53,,HAIGHTON DRIVE,FULWOOD,PRESTON,PRESTON,LANCASHIRE,Standard,Addition,53.7871180000,-2.6663210000
77000,2006-05-25 00:00:00Z,PR2 6SX,Terraced,Established,Freehold,56,,HEATHFIELD DRIVE,RIBBLETON,PRESTON,PRESTON,LANCASHIRE,Standard,Addition,53.7805830000,-2.6664140000
64500,2006-08-02 00:00:00Z,PR2 6SS,Terraced,Established,Freehold,35,,GISBURN ROAD,RIBBLETON,PRESTON,PRESTON,LANCASHIRE,Standard,Addition,53.7823510000,-2.6621020000
133000,2006-12-08 00:00:00Z,PR2 9LE,Terraced,Established,Freehold,11,,ASHDOWN MEWS,FULWOOD,PRESTON,PRESTON,LANCASHIRE,Standard,Addition,53.7893230000,-2.6689820000
73000,2006-05-19 00:00:00Z,PR2 6SU,Terraced,Established,Freehold,18,,MEARLEY ROAD,RIBBLETON,PRESTON,PRESTON,LANCASHIRE,Standard,Addition,53.7817930000,-2.6638080000
415000,2006-06-30 00:00:00Z,PR2 5RU,Semi-Detached,Established,Freehold,CLOCK HOUSE BARN,1,FULWOOD ROW,FULWOOD,PRESTON,PRESTON,LANCASHIRE,Standard,Addition,53.7897240000,-2.6647830000
92500,2006-07-24 00:00:00Z,PR2 6XD,Terraced,Established,Freehold,9,,KINGSDALE AVENUE,RIBBLETON,PRESTON,PRESTON,LANCASHIRE,Standard,Addition,53.7824690000,-2.6699960000
102000,2006-10-27 00:00:00Z,PR2 6RP,Semi-Detached,Established,Freehold,32,,SION CLOSE,RIBBLETON,PRESTON,PRESTON,LANCASHIRE,Standard,Addition,53.7801930000,-2.6605500000
75000,2006-10-16 00:00:00Z,PR2 6TJ,Terraced,Established,Freehold,61,,WESTFIELD DRIVE,RIBBLETON,PRESTON,PRESTON,LANCASHIRE,Standard,Addition,53.7814000000,-2.6666700000
96000,2006-08-18 00:00:00Z,PR2 6XA,Terraced,Established,Leasehold,10,,HALSTEAD ROAD,RIBBLETON,PRESTON,PRESTON,LANCASHIRE,Standard,Addition,53.7835650000,-2.6684350000
81000,2006-04-13 00:00:00Z,PR2 6SY,Semi-Detached,Established,Freehold,119,,HEATHFIELD DRIVE,RIBBLETON,PRESTON,PRESTON,LANCASHIRE,Standard,Addition,53.7815130000,-2.6624530000
59500,2006-04-07 00:00:00Z,PR2 6UJ,Flats/Maisonettes,Established,Leasehold,54,,INGLETON ROAD,RIBBLETON,PRESTON,PRESTON,LANCASHIRE,Standard,Addition,53.7816820000,-2.6675550000
85000,2006-02-03 00:00:00Z,PR2 6UB,Terraced,Established,Freehold,16,,CROASDALE AVENUE,RIBBLETON,PRESTON,PRESTON,LANCASHIRE,Standard,Addition,53.7817860000,-2.6650680000
80000,2006-11-02 00:00:00Z,PR2 6SX,Terraced,Established,Freehold,68,,HEATHFIELD DRIVE,RIBBLETON,PRESTON,PRESTON,LANCASHIRE,Standard,Addition,53.7805830000,-2.6664140000
68000,2006-10-27 00:00:00Z,PR2 6UL,Terraced,Established,Freehold,12,,BENTON ROAD,RIBBLETON,PRESTON,PRESTON,LANCASHIRE,Standard,Addition,53.7811760000,-2.6696410000
40000,2006-12-22 00:00:00Z,PR2 6UB,Flats/Maisonettes,Established,Leasehold,3A,,CROASDALE AVENUE,RIBBLETON,PRESTON,PRESTON,LANCASHIRE,Standard,Addition,53.7817860000,-2.6650680000
225000,2006-10-18 00:00:00Z,PR2 9LU,Detached,Established,Freehold,4,,HAIGHTON DRIVE,FULWOOD,PRESTON,PRESTON,LANCASHIRE,Standard,Addition,53.7871180000,-2.6663210000
205000,2006-11-30 00:00:00Z,PR2 9LU,Detached,Established,Freehold,12,,HAIGHTON DRIVE,FULWOOD,PRESTON,PRESTON,LANCASHIRE,Standard,Addition,53.7871180000,-2.6663210000
213500,2006-11-09 00:00:00Z,PR2 9PA,Detached,Established,Freehold,55,,TEIL GREEN,FULWOOD,PRESTON,PRESTON,LANCASHIRE,Standard,Addition,53.7896730000,-2.6674840000
73500,2006-11-09 00:00:00Z,PR2 6SX,Semi-Detached,Established,Freehold,43,,HEATHFIELD DRIVE,RIBBLETON,PRESTON,PRESTON,LANCASHIRE,Standard,Addition,53.7805830000,-2.6664140000
162000,2006-12-04 00:00:00Z,PR2 9PA,Semi-Detached,Established,Freehold,17,,TEIL GREEN,FULWOOD,PRESTON,PRESTON,LANCASHIRE,Standard,Addition,53.7896730000,-2.6674840000
49000,2006-05-26 00:00:00Z,PR2 6SX,Terraced,Established,Freehold,9,,HEATHFIELD DRIVE,RIBBLETON,PRESTON,PRESTON,LANCASHIRE,Standard,Addition,53.7805830000,-2.6664140000
80250,2006-08-14 00:00:00Z,PR2 6SX,Terraced,Established,Freehold,7,,HEATHFIELD DRIVE,RIBBLETON,PRESTON,PRESTON,LANCASHIRE,Standard,Addition,53.7805830000,-2.6664140000
120000,2006-04-19 00:00:00Z,PR2 9LE,Semi-Detached,Established,Freehold,4,,ASHDOWN MEWS,FULWOOD,PRESTON,PRESTON,LANCASHIRE,Standard,Addition,53.7893230000,-2.6689820000
70000,2006-12-15 00:00:00Z,PR2 6XJ,Terraced,Established,Freehold,12,,SKIPTON CRESCENT,RIBBLETON,PRESTON,PRESTON,LANCASHIRE,Standard,Addition,53.7844090000,-2.6670060000
95950,2006-11-24 00:00:00Z,PR2 6XE,Terraced,Established,Freehold,5,,BRACEWELL ROAD,RIBBLETON,PRESTON,PRESTON,LANCASHIRE,Standard,Addition,53.7833470000,-2.6687650000
135000,2006-06-27 00:00:00Z,PR2 9LS,Terraced,Established,Freehold,11,,THE WARREN,FULWOOD,PRESTON,PRESTON,LANCASHIRE,Standard,Addition,53.7895660000,-2.6689700000
67000,2006-11-23 00:00:00Z,PR2 6TA,Terraced,Established,Freehold,52,,GARSDALE ROAD,RIBBLETON,PRESTON,PRESTON,LANCASHIRE,Standard,Addition,53.7805170000,-2.6621790000
90000,2006-02-03 00:00:00Z,PR2 6UX,Terraced,Established,Freehold,26,,SILVERDALE DRIVE,RIBBLETON,PRESTON,PRESTON,LANCASHIRE,Standard,Addition,53.7826690000,-2.6695890000
188000,2006-05-25 00:00:00Z,PR2 9PD,Detached,Established,Freehold,54,,TEIL GREEN,FULWOOD,PRESTON,PRESTON,LANCASHIRE,Standard,Addition,53.7892210000,-2.6664150000
44500,2006-12-13 00:00:00Z,PR2 6SX,Terraced,Established,Freehold,52,,HEATHFIELD DRIVE,RIBBLETON,PRESTON,PRESTON,LANCASHIRE,Standard,Addition,53.7805830000,-2.6664140000
72000,2006-07-21 00:00:00Z,PR2 6UJ,Terraced,Established,Leasehold,9,,INGLETON ROAD,RIBBLETON,PRESTON,PRESTON,LANCASHIRE,Standard,Addition,53.7816820000,-2.6675550000
167500,2006-08-04 00:00:00Z,PR2 9LU,Detached,Established,Freehold,38,,HAIGHTON DRIVE,FULWOOD,PRESTON,PRESTON,LANCASHIRE,Standard,Addition,53.7871180000,-2.6663210000
50000,2006-06-30 00:00:00Z,PR2 6TA,Terraced,Established,Freehold,42,,GARSDALE ROAD,RIBBLETON,PRESTON,PRESTON,LANCASHIRE,Standard,Addition,53.7805170000,-2.6621790000
379000,2006-10-06 00:00:00Z,PR2 5RU,Semi-Detached,Established,Freehold,CLOCK HOUSE BARN,2,FULWOOD ROW,FULWOOD,PRESTON,PRESTON,LANCASHIRE,Standard,Addition,53.7897240000,-2.6647830000
82000,2006-06-28 00:00:00Z,PR2 6QU,Terraced,Established,Freehold,18,,AMBLESIDE ROAD,RIBBLETON,PRESTON,PRESTON,LANCASHIRE,Standard,Addition,53.7841480000,-2.6621300000
52000,2006-05-22 00:00:00Z,PR2 6SS,Terraced,Established,Freehold,35,,GISBURN ROAD,RIBBLETON,PRESTON,PRESTON,LANCASHIRE,Standard,Addition,53.7823510000,-2.6621020000
85000,2006-05-26 00:00:00Z,PR2 6XJ,Terraced,Established,Freehold,7,,SKIPTON CRESCENT,RIBBLETON,PRESTON,PRESTON,LANCASHIRE,Standard,Addition,53.7844090000,-2.6670060000
97000,2006-03-17 00:00:00Z,PR2 6TN,Terraced,Established,Freehold,7,,BARDEN PLACE,RIBBLETON,PRESTON,PRESTON,LANCASHIRE,Standard,Addition,53.7802350000,-2.6692920000
115500,2006-09-15 00:00:00Z,PR2 6RP,Terraced,Established,Freehold,61,,SION CLOSE,RIBBLETON,PRESTON,PRESTON,LANCASHIRE,Standard,Addition,53.7801930000,-2.6605500000
90000,2006-07-06 00:00:00Z,PR2 6TJ,Semi-Detached,Established,Freehold,79,,WESTFIELD DRIVE,RIBBLETON,PRESTON,PRESTON,LANCASHIRE,Standard,Addition,53.7814000000,-2.6666700000
82950,2006-10-27 00:00:00Z,PR2 6SX,Terraced,Established,Leasehold,27,,HEATHFIELD DRIVE,RIBBLETON,PRESTON,PRESTON,LANCASHIRE,Standard,Addition,53.7805830000,-2.6664140000
496000,2006-08-18 00:00:00Z,PR2 5RW,Detached,Established,Freehold,56,,FULWOOD ROW,FULWOOD,PRESTON,PRESTON,LANCASHIRE,Standard,Addition,53.7848880000,-2.6600320000
47000,2006-01-12 00:00:00Z,PR2 6TE,Terraced,Established,Freehold,4,,BRAYSHAW PLACE,RIBBLETON,PRESTON,PRESTON,LANCASHIRE,Standard,Addition,53.7810520000,-2.6661030000
265000,2006-12-18 00:00:00Z,PR2 9PA,Detached,Established,Freehold,57,,TEIL GREEN,FULWOOD,PRESTON,PRESTON,LANCASHIRE,Standard,Addition,53.7896730000,-2.6674840000
134500,2006-06-23 00:00:00Z,PR2 9LE,Semi-Detached,Established,Freehold,7,,ASHDOWN MEWS,FULWOOD,PRESTON,PRESTON,LANCASHIRE,Standard,Addition,53.7893230000,-2.6689820000
69500,2006-12-13 00:00:00Z,PR2 6TA,Terraced,Established,Freehold,11,,GARSDALE ROAD,RIBBLETON,PRESTON,PRESTON,LANCASHIRE,Standard,Addition,53.7805170000,-2.6621790000
181000,2006-04-12 00:00:00Z,PR2 9PD,Detached,Established,Freehold,22,,TEIL GREEN,FULWOOD,PRESTON,PRESTON,LANCASHIRE,Standard,Addition,53.7892210000,-2.6664150000
134000,2006-11-06 00:00:00Z,PR2 9LE,Terraced,Established,Freehold,12,,ASHDOWN MEWS,FULWOOD,PRESTON,PRESTON,LANCASHIRE,Standard,Addition,53.7893230000,-2.6689820000
236000,2006-03-31 00:00:00Z,PR2 9LU,Detached,Established,Freehold,60,,HAIGHTON DRIVE,FULWOOD,PRESTON,PRESTON,LANCASHIRE,Standard,Addition,53.7871180000,-2.6663210000
47500,2006-08-21 00:00:00Z,PR2 6SX,Terraced,Established,Freehold,4,,HEATHFIELD DRIVE,RIBBLETON,PRESTON,PRESTON,LANCASHIRE,Standard,Addition,53.7805830000,-2.6664140000
80000,2006-11-27 00:00:00Z,PR2 6RP,Terraced,Established,Freehold,58,,SION CLOSE,RIBBLETON,PRESTON,PRESTON,LANCASHIRE,Standard,Addition,53.7801930000,-2.6605500000
182000,2006-04-12 00:00:00Z,PR2 9LU,Detached,Established,Freehold,36,,HAIGHTON DRIVE,FULWOOD,PRESTON,PRESTON,LANCASHIRE,Standard,Addition,53.7871180000,-2.6663210000
50500,2006-05-26 00:00:00Z,PR2 6SY,Terraced,Established,Freehold,47,,HEATHFIELD DRIVE,RIBBLETON,PRESTON,PRESTON,LANCASHIRE,Standard,Addition,53.7815130000,-2.6624530000
75000,2006-07-21 00:00:00Z,PR2 6SX,Terraced,Established,Freehold,21,,HEATHFIELD DRIVE,RIBBLETON,PRESTON,PRESTON,LANCASHIRE,Standard,Addition,53.7805830000,-2.6664140000
89500,2007-03-13 00:00:00Z,PR2 6TA,Terraced,Established,Freehold,42,,GARSDALE ROAD,RIBBLETON,PRESTON,PRESTON,LANCASHIRE,Standard,Addition,53.7805170000,-2.6621790000
78000,2007-05-31 00:00:00Z,PR2 6SQ,Terraced,Established,Freehold,24,,OAKWORTH AVENUE,RIBBLETON,PRESTON,PRESTON,LANCASHIRE,Standard,Addition,53.7826280000,-2.6603130000
52275,2007-05-21 00:00:00Z,PR2 6SQ,Semi-Detached,Established,Freehold,51,,OAKWORTH AVENUE,RIBBLETON,PRESTON,PRESTON,LANCASHIRE,Standard,Addition,53.7826280000,-2.6603130000
49000,2007-03-19 00:00:00Z,PR2 6TA,Terraced,Established,Freehold,44,,GARSDALE ROAD,RIBBLETON,PRESTON,PRESTON,LANCASHIRE,Standard,Addition,53.7805170000,-2.6621790000
222000,2007-03-02 00:00:00Z,PR2 9QY,Detached,Established,Freehold,3,,LYNDETH CLOSE,FULWOOD,PRESTON,PRESTON,LANCASHIRE,Standard,Addition,53.7879120000,-2.6674410000
60000,2007-04-05 00:00:00Z,PR2 6TY,Flats/Maisonettes,Established,Leasehold,421,,WATLING STREET ROAD,RIBBLETON,PRESTON,PRESTON,LANCASHIRE,Standard,Addition,53.7818490000,-2.6699860000
95000,2007-12-21 00:00:00Z,PR2 6TA,Terraced,Established,Freehold,69,,GARSDALE ROAD,RIBBLETON,PRESTON,PRESTON,LANCASHIRE,Standard,Addition,53.7805170000,-2.6621790000
149000,2007-03-09 00:00:00Z,PR2 6RP,Semi-Detached,Established,Freehold,20,,SION CLOSE,RIBBLETON,PRESTON,PRESTON,LANCASHIRE,Standard,Addition,53.7801930000,-2.6605500000
100000,2007-09-07 00:00:00Z,PR2 6SY,Flats/Maisonettes,Established,Leasehold,114,,HEATHFIELD DRIVE,RIBBLETON,PRESTON,PRESTON,LANCASHIRE,Standard,Addition,53.7815130000,-2.6624530000
78000,2007-04-02 00:00:00Z,PR2 6UB,Terraced,Established,Freehold,35,,CROASDALE AVENUE,RIBBLETON,PRESTON,PRESTON,LANCASHIRE,Standard,Addition,53.7817860000,-2.6650680000
95000,2007-08-21 00:00:00Z,PR2 6SY,Terraced,Established,Freehold,111,,HEATHFIELD DRIVE,RIBBLETON,PRESTON,PRESTON,LANCASHIRE,Standard,Addition,53.7815130000,-2.6624530000
65000,2007-11-23 00:00:00Z,PR2 6SQ,Terraced,Established,Freehold,33,,OAKWORTH AVENUE,RIBBLETON,PRESTON,PRESTON,LANCASHIRE,Standard,Addition,53.7826280000,-2.6603130000
125000,2007-03-30 00:00:00Z,PR2 6TY,Terraced,Established,Leasehold,373,,WATLING STREET ROAD,RIBBLETON,PRESTON,PRESTON,LANCASHIRE,Standard,Addition,53.7818490000,-2.6699860000
107000,2007-12-07 00:00:00Z,PR2 6XB,Terraced,Established,Freehold,6,,SILSDEN AVENUE,RIBBLETON,PRESTON,PRESTON,LANCASHIRE,Standard,Addition,53.7832820000,-2.6691740000
86000,2007-10-12 00:00:00Z,PR2 6SY,Semi-Detached,Established,Freehold,93,,HEATHFIELD DRIVE,RIBBLETON,PRESTON,PRESTON,LANCASHIRE,Standard,Addition,53.7815130000,-2.6624530000
72000,2007-01-29 00:00:00Z,PR2 6TJ,Terraced,Established,Leasehold,110,,WESTFIELD DRIVE,RIBBLETON,PRESTON,PRESTON,LANCASHIRE,Standard,Addition,53.7814000000,-2.6666700000
118950,2007-05-31 00:00:00Z,PR2 6UY,Terraced,Established,Leasehold,76,,SILVERDALE DRIVE,RIBBLETON,PRESTON,PRESTON,LANCASHIRE,Standard,Addition,53.7834760000,-2.6666270000
97500,2007-12-20 00:00:00Z,PR2 6SQ,Terraced,Established,Freehold,26,,OAKWORTH AVENUE,RIBBLETON,PRESTON,PRESTON,LANCASHIRE,Standard,Addition,53.7826280000,-2.6603130000
74500,2007-04-13 00:00:00Z,PR2 6XA,Terraced,Established,Freehold,37,,HALSTEAD ROAD,RIBBLETON,PRESTON,PRESTON,LANCASHIRE,Standard,Addition,53.7835650000,-2.6684350000
64500,2007-11-06 00:00:00Z,PR2 6SS,Terraced,Established,Freehold,4,,GISBURN ROAD,RIBBLETON,PRESTON,PRESTON,LANCASHIRE,Standard,Addition,53.7823510000,-2.6621020000
182500,2007-09-10 00:00:00Z,PR2 9PA,Detached,Established,Freehold,21,,TEIL GREEN,FULWOOD,PRESTON,PRESTON,LANCASHIRE,Standard,Addition,53.7896730000,-2.6674840000
80000,2007-08-31 00:00:00Z,PR2 6SY,Flats/Maisonettes,Established,Leasehold,114,,HEATHFIELD DRIVE,RIBBLETON,PRESTON,PRESTON,LANCASHIRE,Standard,Addition,53.7815130000,-2.6624530000
80000,2007-02-21 00:00:00Z,PR2 6SQ,Terraced,Established,Freehold,45,,OAKWORTH AVENUE,RIBBLETON,PRESTON,PRESTON,LANCASHIRE,Standard,Addition,53.7826280000,-2.6603130000
95500,2007-06-15 00:00:00Z,PR2 6UX,Semi-Detached,Established,Freehold,36,,SILVERDALE DRIVE,RIBBLETON,PRESTON,PRESTON,LANCASHIRE,Standard,Addition,53.7826690000,-2.6695890000
285000,2007-06-26 00:00:00Z,PR2 5QX,Detached,Established,Freehold,7,,SANDYBROOK CLOSE,FULWOOD,PRESTON,PRESTON,LANCASHIRE,Standard,Addition,53.7868190000,-2.6618080000
225500,2007-07-31 00:00:00Z,PR2 9PD,Detached,Established,Freehold,46,,TEIL GREEN,FULWOOD,PRESTON,PRESTON,LANCASHIRE,Standard,Addition,53.7892210000,-2.6664150000
225000,2007-11-21 00:00:00Z,PR2 9LU,Detached,Established,Freehold,28,,HAIGHTON DRIVE,FULWOOD,PRESTON,PRESTON,LANCASHIRE,Standard,Addition,53.7871180000,-2.6663210000
188000,2007-08-31 00:00:00Z,PR2 9PD,Detached,Established,Freehold,24,,TEIL GREEN,FULWOOD,PRESTON,PRESTON,LANCASHIRE,Standard,Addition,53.7892210000,-2.6664150000
96000,2007-04-02 00:00:00Z,PR2 6TA,Terraced,Established,Leasehold,49,,GARSDALE ROAD,RIBBLETON,PRESTON,PRESTON,LANCASHIRE,Standard,Addition,53.7805170000,-2.6621790000
73000,2007-02-28 00:00:00Z,PR2 6SY,Terraced,Established,Freehold,125,,HEATHFIELD DRIVE,RIBBLETON,PRESTON,PRESTON,LANCASHIRE,Standard,Addition,53.7815130000,-2.6624530000
285000,2007-12-14 00:00:00Z,PR2 5QX,Detached,Established,Freehold,12,,SANDYBROOK CLOSE,FULWOOD,PRESTON,PRESTON,LANCASHIRE,Standard,Addition,53.7868190000,-2.6618080000
85500,2007-05-04 00:00:00Z,PR2 6SY,Terraced,Established,Freehold,85,,HEATHFIELD DRIVE,RIBBLETON,PRESTON,PRESTON,LANCASHIRE,Standard,Addition,53.7815130000,-2.6624530000
213000,2007-11-30 00:00:00Z,PR2 9PD,Detached,Established,Freehold,48,,TEIL GREEN,FULWOOD,PRESTON,PRESTON,LANCASHIRE,Standard,Addition,53.7892210000,-2.6664150000
206000,2007-11-23 00:00:00Z,PR2 9LU,Detached,Established,Freehold,21,,HAIGHTON DRIVE,FULWOOD,PRESTON,PRESTON,LANCASHIRE,Standard,Addition,53.7871180000,-2.6663210000
79950,2007-03-16 00:00:00Z,PR2 6XJ,Terraced,Established,Freehold,11,,SKIPTON CRESCENT,RIBBLETON,PRESTON,PRESTON,LANCASHIRE,Standard,Addition,53.7844090000,-2.6670060000
166000,2007-01-12 00:00:00Z,PR2 9PD,Semi-Detached,Established,Freehold,8,,TEIL GREEN,FULWOOD,PRESTON,PRESTON,LANCASHIRE,Standard,Addition,53.7892210000,-2.6664150000
120000,2007-06-08 00:00:00Z,PR2 6UY,Terraced,Established,Freehold,51,,SILVERDALE DRIVE,RIBBLETON,PRESTON,PRESTON,LANCASHIRE,Standard,Addition,53.7834760000,-2.6666270000
97950,2007-02-02 00:00:00Z,PR2 6RP,Terraced,Established,Freehold,60,,SION CLOSE,RIBBLETON,PRESTON,PRESTON,LANCASHIRE,Standard,Addition,53.7801930000,-2.6605500000
192000,2007-08-31 00:00:00Z,PR2 9LU,Semi-Detached,Established,Freehold,40,,HAIGHTON DRIVE,FULWOOD,PRESTON,PRESTON,LANCASHIRE,Standard,Addition,53.7871180000,-2.6663210000
163000,2007-09-13 00:00:00Z,PR2 9LS,Semi-Detached,Established,Freehold,4,,THE WARREN,FULWOOD,PRESTON,PRESTON,LANCASHIRE,Standard,Addition,53.7895660000,-2.6689700000
60000,2007-06-15 00:00:00Z,PR2 6QU,Flats/Maisonettes,Established,Leasehold,4A,,AMBLESIDE ROAD,RIBBLETON,PRESTON,PRESTON,LANCASHIRE,Standard,Addition,53.7841480000,-2.6621300000
97500,2007-10-12 00:00:00Z,PR2 6SY,Terraced,Established,Freehold,92,,HEATHFIELD DRIVE,RIBBLETON,PRESTON,PRESTON,LANCASHIRE,Standard,Addition,53.7815130000,-2.6624530000
85000,2007-12-18 00:00:00Z,PR2 6TA,Terraced,Established,Freehold,1,,GARSDALE ROAD,RIBBLETON,PRESTON,PRESTON,LANCASHIRE,Standard,Addition,53.7805170000,-2.6621790000
107500,2007-09-28 00:00:00Z,PR2 6TN,Terraced,Established,Freehold,1,,BARDEN PLACE,RIBBLETON,PRESTON,PRESTON,LANCASHIRE,Standard,Addition,53.7802350000,-2.6692920000
80000,2007-05-04 00:00:00Z,PR2 6UL,Terraced,Established,Freehold,25,,BENTON ROAD,RIBBLETON,PRESTON,PRESTON,LANCASHIRE,Standard,Addition,53.7811760000,-2.6696410000
322000,2007-12-14 00:00:00Z,PR2 5RU,Semi-Detached,Established,Freehold,SUMNERS COTTAGE,,FULWOOD ROW,FULWOOD,PRESTON,PRESTON,LANCASHIRE,Standard,Addition,53.7897240000,-2.6647830000
97000,2007-01-08 00:00:00Z,PR2 6UX,Semi-Detached,Established,Freehold,34,,SILVERDALE DRIVE,RIBBLETON,PRESTON,PRESTON,LANCASHIRE,Standard,Addition,53.7826690000,-2.6695890000
102000,2007-07-26 00:00:00Z,PR2 6UL,Terraced,Established,Freehold,21,,BENTON ROAD,RIBBLETON,PRESTON,PRESTON,LANCASHIRE,Standard,Addition,53.7811760000,-2.6696410000
133000,2007-02-02 00:00:00Z,PR2 9LS,Terraced,Established,Freehold,15,,THE WARREN,FULWOOD,PRESTON,PRESTON,LANCASHIRE,Standard,Addition,53.7895660000,-2.6689700000
95000,2007-10-22 00:00:00Z,PR2 6SY,Terraced,Established,Freehold,91,,HEATHFIELD DRIVE,RIBBLETON,PRESTON,PRESTON,LANCASHIRE,Standard,Addition,53.7815130000,-2.6624530000
325000,2007-07-23 00:00:00Z,PR2 5QX,Detached,Established,Freehold,12,,SANDYBROOK CLOSE,FULWOOD,PRESTON,PRESTON,LANCASHIRE,Standard,Addition,53.7868190000,-2.6618080000
77000,2007-10-05 00:00:00Z,PR2 6SY,Terraced,Established,Freehold,100,,HEATHFIELD DRIVE,RIBBLETON,PRESTON,PRESTON,LANCASHIRE,Standard,Addition,53.7815130000,-2.6624530000
85000,2007-09-19 00:00:00Z,PR2 6SS,Terraced,Established,Freehold,1,,GISBURN ROAD,RIBBLETON,PRESTON,PRESTON,LANCASHIRE,Standard,Addition,53.7823510000,-2.6621020000
109000,2007-08-17 00:00:00Z,PR2 6RP,Semi-Detached,Established,Freehold,36,,SION CLOSE,RIBBLETON,PRESTON,PRESTON,LANCASHIRE,Standard,Addition,53.7801930000,-2.6605500000
177000,2007-03-16 00:00:00Z,PR2 9PD,Semi-Detached,Established,Freehold,10,,TEIL GREEN,FULWOOD,PRESTON,PRESTON,LANCASHIRE,Standard,Addition,53.7892210000,-2.6664150000
88500,2007-05-04 00:00:00Z,PR2 6SS,Semi-Detached,Established,Leasehold,23,,GISBURN ROAD,RIBBLETON,PRESTON,PRESTON,LANCASHIRE,Standard,Addition,53.7823510000,-2.6621020000
83000,2007-06-15 00:00:00Z,PR2 6TE,Terraced,Established,Freehold,4,,BRAYSHAW PLACE,RIBBLETON,PRESTON,PRESTON,LANCASHIRE,Standard,Addition,53.7810520000,-2.6661030000
103000,2007-03-23 00:00:00Z,PR2 6XE,Terraced,Established,Freehold,1,,BRACEWELL ROAD,RIBBLETON,PRESTON,PRESTON,LANCASHIRE,Standard,Addition,53.7833470000,-2.6687650000
175000,2007-05-16 00:00:00Z,PR2 9PA,Semi-Detached,Established,Freehold,41,,TEIL GREEN,FULWOOD,PRESTON,PRESTON,LANCASHIRE,Standard,Addition,53.7896730000,-2.6674840000
87500,2007-09-17 00:00:00Z,PR2 6QX,Terraced,Established,Freehold,12,,TROUTBECK PLACE,RIBBLETON,PRESTON,PRESTON,LANCASHIRE,Standard,Addition,53.7837360000,-2.6618350000
60000,2008-05-08 00:00:00Z,PR2 6TX,Terraced,Established,Leasehold,509,,WATLING STREET ROAD,RIBBLETON,PRESTON,PRESTON,LANCASHIRE,Standard,Addition,53.7829920000,-2.6630830000
80000,2008-03-13 00:00:00Z,PR2 6SS,Terraced,Established,Freehold,14,,GISBURN ROAD,RIBBLETON,PRESTON,PRESTON,LANCASHIRE,Standard,Addition,53.7823510000,-2.6621020000
84000,2008-03-14 00:00:00Z,PR2 6TJ,Terraced,Established,Freehold,118,,WESTFIELD DRIVE,RIBBLETON,PRESTON,PRESTON,LANCASHIRE,Standard,Addition,53.7814000000,-2.6666700000
84500,2008-07-11 00:00:00Z,PR2 6TE,Terraced,Established,Freehold,5,,BRAYSHAW PLACE,RIBBLETON,PRESTON,PRESTON,LANCASHIRE,Standard,Addition,53.7810520000,-2.6661030000
197000,2008-04-07 00:00:00Z,PR2 9LU,Detached,Established,Freehold,32,,HAIGHTON DRIVE,FULWOOD,PRESTON,PRESTON,LANCASHIRE,Standard,Addition,53.7871180000,-2.6663210000
59000,2008-12-15 00:00:00Z,PR2 6SY,Terraced,Established,Freehold,89,,HEATHFIELD DRIVE,RIBBLETON,PRESTON,PRESTON,LANCASHIRE,Standard,Addition,53.7815130000,-2.6624530000
86950,2008-01-30 00:00:00Z,PR2 6XL,Terraced,Established,Freehold,5,,ELLERBECK AVENUE,RIBBLETON,PRESTON,PRESTON,LANCASHIRE,Standard,Addition,53.7829630000,-2.6663580000
100000,2008-05-28 00:00:00Z,PR2 6SX,Terraced,Established,Freehold,4,,HEATHFIELD DRIVE,RIBBLETON,PRESTON,PRESTON,LANCASHIRE,Standard,Addition,53.7805830000,-2.6664140000
115000,2008-10-17 00:00:00Z,PR2 6RP,Semi-Detached,Established,Freehold,10,,SION CLOSE,RIBBLETON,PRESTON,PRESTON,LANCASHIRE,Standard,Addition,53.7801930000,-2.6605500000
65500,2008-10-24 00:00:00Z,PR2 6UJ,Semi-Detached,Established,Freehold,4,,INGLETON ROAD,RIBBLETON,PRESTON,PRESTON,LANCASHIRE,Standard,Addition,53.7816820000,-2.6675550000
70000,2008-08-28 00:00:00Z,PR2 6QU,Terraced,Established,Freehold,19,,AMBLESIDE ROAD,RIBBLETON,PRESTON,PRESTON,LANCASHIRE,Standard,Addition,53.7841480000,-2.6621300000
235000,2008-11-06 00:00:00Z,PR2 9PD,Detached,Established,Freehold,50,,TEIL GREEN,FULWOOD,PRESTON,PRESTON,LANCASHIRE,Standard,Addition,53.7892210000,-2.6664150000
195000,2008-04-18 00:00:00Z,PR2 9LW,Detached,Established,Freehold,2,,CHINGLE CLOSE,FULWOOD,PRESTON,PRESTON,LANCASHIRE,Standard,Addition,53.7879920000,-2.6659700000
75000,2008-01-18 00:00:00Z,PR2 6SS,Terraced,Established,Freehold,72,,GISBURN ROAD,RIBBLETON,PRESTON,PRESTON,LANCASHIRE,Standard,Addition,53.7823510000,-2.6621020000
63000,2008-12-12 00:00:00Z,PR2 6XL,Semi-Detached,Established,Freehold,9,,ELLERBECK AVENUE,RIBBLETON,PRESTON,PRESTON,LANCASHIRE,Standard,Addition,53.7829630000,-2.6663580000
100000,2008-06-16 00:00:00Z,PR2 6UL,Terraced,Established,Freehold,1,,BENTON ROAD,RIBBLETON,PRESTON,PRESTON,LANCASHIRE,Standard,Addition,53.7811760000,-2.6696410000
153000,2008-10-28 00:00:00Z,PR2 9LS,Semi-Detached,Established,Freehold,6,,THE WARREN,FULWOOD,PRESTON,PRESTON,LANCASHIRE,Standard,Addition,53.7895660000,-2.6689700000
62500,2008-06-20 00:00:00Z,PR2 6TY,Flats/Maisonettes,Established,Leasehold,425,,WATLING STREET ROAD,RIBBLETON,PRESTON,PRESTON,LANCASHIRE,Standard,Addition,53.7818490000,-2.6699860000
100000,2008-02-15 00:00:00Z,PR2 6SQ,Terraced,Established,Freehold,24,,OAKWORTH AVENUE,RIBBLETON,PRESTON,PRESTON,LANCASHIRE,Standard,Addition,53.7826280000,-2.6603130000
86000,2008-11-18 00:00:00Z,PR2 6UX,Terraced,Established,Freehold,10,,SILVERDALE DRIVE,RIBBLETON,PRESTON,PRESTON,LANCASHIRE,Standard,Addition,53.7826690000,-2.6695890000
63000,2008-04-25 00:00:00Z,PR2 6TL,Terraced,Established,Freehold,19,,HORNBY AVENUE,RIBBLETON,PRESTON,PRESTON,LANCASHIRE,Standard,Addition,53.7812460000,-2.6684890000
84950,2008-05-23 00:00:00Z,PR2 6XJ,Terraced,Established,Freehold,23,,SKIPTON CRESCENT,RIBBLETON,PRESTON,PRESTON,LANCASHIRE,Standard,Addition,53.7844090000,-2.6670060000
80000,2008-03-13 00:00:00Z,PR2 6SS,Semi-Detached,Established,Leasehold,14,,GISBURN ROAD,RIBBLETON,PRESTON,PRESTON,LANCASHIRE,Standard,Addition,53.7823510000,-2.6621020000
85000,2008-03-03 00:00:00Z,PR2 6UX,Terraced,Established,Freehold,1,,SILVERDALE DRIVE,RIBBLETON,PRESTON,PRESTON,LANCASHIRE,Standard,Addition,53.7826690000,-2.6695890000
95000,2008-03-05 00:00:00Z,PR2 6SS,Terraced,Established,Freehold,47,,GISBURN ROAD,RIBBLETON,PRESTON,PRESTON,LANCASHIRE,Standard,Addition,53.7823510000,-2.6621020000
168000,2008-11-19 00:00:00Z,PR2 5RU,Semi-Detached,Established,Freehold,TOLCARNE,,FULWOOD ROW,FULWOOD,PRESTON,PRESTON,LANCASHIRE,Standard,Addition,53.7897240000,-2.6647830000
249950,2008-06-13 00:00:00Z,PR2 5RW,Detached,Established,Freehold,50,,FULWOOD ROW,FULWOOD,PRESTON,PRESTON,LANCASHIRE,Standard,Addition,53.7848880000,-2.6600320000
184000,2009-09-25 00:00:00Z,PR2 5RW,Detached,Established,Freehold,48,,FULWOOD ROW,FULWOOD,PRESTON,PRESTON,LANCASHIRE,Standard,Addition,53.7848880000,-2.6600320000
72000,2009-05-08 00:00:00Z,PR2 6SY,Terraced,Established,Freehold,104,,HEATHFIELD DRIVE,RIBBLETON,PRESTON,PRESTON,LANCASHIRE,Standard,Addition,53.7815130000,-2.6624530000
164000,2009-04-29 00:00:00Z,PR2 9PA,Semi-Detached,Established,Freehold,15,,TEIL GREEN,FULWOOD,PRESTON,PRESTON,LANCASHIRE,Standard,Addition,53.7896730000,-2.6674840000
185000,2009-04-30 00:00:00Z,PR2 9PD,Detached,Established,Freehold,62,,TEIL GREEN,FULWOOD,PRESTON,PRESTON,LANCASHIRE,Standard,Addition,53.7892210000,-2.6664150000
85000,2009-08-28 00:00:00Z,PR2 6TY,Terraced,Established,Freehold,379,,WATLING STREET ROAD,RIBBLETON,PRESTON,PRESTON,LANCASHIRE,Standard,Addition,53.7818490000,-2.6699860000
90000,2009-02-20 00:00:00Z,PR2 6QX,Terraced,Established,Freehold,15,,TROUTBECK PLACE,RIBBLETON,PRESTON,PRESTON,LANCASHIRE,Standard,Addition,53.7837360000,-2.6618350000
77000,2009-08-24 00:00:00Z,PR2 6UJ,Terraced,Established,Freehold,11,,INGLETON ROAD,RIBBLETON,PRESTON,PRESTON,LANCASHIRE,Standard,Addition,53.7816820000,-2.6675550000
195000,2009-02-27 00:00:00Z,PR2 9LE,Detached,Established,Freehold,1,,ASHDOWN MEWS,FULWOOD,PRESTON,PRESTON,LANCASHIRE,Standard,Addition,53.7893230000,-2.6689820000
99950,2009-12-15 00:00:00Z,PR2 6XJ,Terraced,Established,Freehold,3,,SKIPTON CRESCENT,RIBBLETON,PRESTON,PRESTON,LANCASHIRE,Standard,Addition,53.7844090000,-2.6670060000
135000,2009-03-12 00:00:00Z,PR2 9PD,Semi-Detached,Established,Freehold,18,,TEIL GREEN,FULWOOD,PRESTON,PRESTON,LANCASHIRE,Standard,Addition,53.7892210000,-2.6664150000
225000,2009-10-30 00:00:00Z,PR2 9PD,Detached,Established,Freehold,30,,TEIL GREEN,FULWOOD,PRESTON,PRESTON,LANCASHIRE,Standard,Addition,53.7892210000,-2.6664150000
80950,2009-10-05 00:00:00Z,PR2 6XB,Terraced,Established,Freehold,10,,SILSDEN AVENUE,RIBBLETON,PRESTON,PRESTON,LANCASHIRE,Standard,Addition,53.7832820000,-2.6691740000
182000,2009-12-11 00:00:00Z,PR2 9LU,Detached,Established,Freehold,52,,HAIGHTON DRIVE,FULWOOD,PRESTON,PRESTON,LANCASHIRE,Standard,Addition,53.7871180000,-2.6663210000
215000,2009-12-11 00:00:00Z,PR2 9LW,Detached,Established,Freehold,10,,CHINGLE CLOSE,FULWOOD,PRESTON,PRESTON,LANCASHIRE,Standard,Addition,53.7879920000,-2.6659700000
87000,2009-10-29 00:00:00Z,PR2 6SX,Terraced,Established,Freehold,21,,HEATHFIELD DRIVE,RIBBLETON,PRESTON,PRESTON,LANCASHIRE,Standard,Addition,53.7805830000,-2.6664140000
265000,2009-03-24 00:00:00Z,PR2 9PD,Detached,Established,Freehold,6,,TEIL GREEN,FULWOOD,PRESTON,PRESTON,LANCASHIRE,Standard,Addition,53.7892210000,-2.6664150000
73700,2009-12-22 00:00:00Z,PR2 6SQ,Semi-Detached,Established,Freehold,41,,OAKWORTH AVENUE,RIBBLETON,PRESTON,PRESTON,LANCASHIRE,Standard,Addition,53.7826280000,-2.6603130000
27000,2009-09-18 00:00:00Z,PR2 6SS,Flats/Maisonettes,Established,Leasehold,56,,GISBURN ROAD,RIBBLETON,PRESTON,PRESTON,LANCASHIRE,Standard,Addition,53.7823510000,-2.6621020000
155000,2009-12-14 00:00:00Z,PR2 9LS,Semi-Detached,Established,Freehold,5,,THE WARREN,FULWOOD,PRESTON,PRESTON,LANCASHIRE,Standard,Addition,53.7895660000,-2.6689700000
50000,2009-08-07 00:00:00Z,PR2 6XJ,Terraced,Established,Freehold,11,,SKIPTON CRESCENT,RIBBLETON,PRESTON,PRESTON,LANCASHIRE,Standard,Addition,53.7844090000,-2.6670060000
67500,2009-07-31 00:00:00Z,PR2 6TY,Terraced,Established,Freehold,441,,WATLING STREET ROAD,RIBBLETON,PRESTON,PRESTON,LANCASHIRE,Standard,Addition,53.7818490000,-2.6699860000
76000,2009-07-03 00:00:00Z,PR2 6TX,Terraced,Established,Freehold,515,,WATLING STREET ROAD,RIBBLETON,PRESTON,PRESTON,LANCASHIRE,Standard,Addition,53.7829920000,-2.6630830000
172000,2009-11-18 00:00:00Z,PR2 9QY,Detached,Established,Freehold,12,,LYNDETH CLOSE,FULWOOD,PRESTON,PRESTON,LANCASHIRE,Standard,Addition,53.7879120000,-2.6674410000
67000,2009-03-18 00:00:00Z,PR2 6QY,Terraced,Established,Freehold,4,,HAWKSHEAD ROAD,RIBBLETON,PRESTON,PRESTON,LANCASHIRE,Standard,Addition,53.7843090000,-2.6639840000
71000,2009-08-21 00:00:00Z,PR2 6RP,Terraced,Established,Freehold,53,,SION CLOSE,RIBBLETON,PRESTON,PRESTON,LANCASHIRE,Standard,Addition,53.7801930000,-2.6605500000
69000,2009-11-20 00:00:00Z,PR2 6SX,Terraced,Established,Leasehold,37,,HEATHFIELD DRIVE,RIBBLETON,PRESTON,PRESTON,LANCASHIRE,Standard,Addition,53.7805830000,-2.6664140000
135000,2009-12-23 00:00:00Z,PR2 6SP,Terraced,Established,Freehold,8,,EAST VIEW FULWOOD ROW,RIBBLETON,PRESTON,PRESTON,LANCASHIRE,Standard,Addition,53.7842110000,-2.6604470000
60000,2009-02-24 00:00:00Z,PR2 6QY,Terraced,Established,Freehold,20,,HAWKSHEAD ROAD,RIBBLETON,PRESTON,PRESTON,LANCASHIRE,Standard,Addition,53.7843090000,-2.6639840000
280000,2009-10-20 00:00:00Z,PR2 5RU,Detached,Established,Freehold,THE OAKS,,FULWOOD ROW,FULWOOD,PRESTON,PRESTON,LANCASHIRE,Standard,Addition,53.7897240000,-2.6647830000
64000,2009-07-16 00:00:00Z,PR2 6SQ,Semi-Detached,Established,Freehold,51,,OAKWORTH AVENUE,RIBBLETON,PRESTON,PRESTON,LANCASHIRE,Standard,Addition,53.7826280000,-2.6603130000
63000,2010-11-25 00:00:00Z,PR2 6SY,Semi-Detached,Established,Freehold,109,,HEATHFIELD DRIVE,RIBBLETON,PRESTON,PRESTON,LANCASHIRE,Standard,Addition,53.7815130000,-2.6624530000
79950,2010-02-08 00:00:00Z,PR2 6SY,Terraced,Established,Freehold,75,,HEATHFIELD DRIVE,RIBBLETON,PRESTON,PRESTON,LANCASHIRE,Standard,Addition,53.7815130000,-2.6624530000
100000,2010-07-23 00:00:00Z,PR2 6RP,Semi-Detached,Established,Freehold,8,,SION CLOSE,RIBBLETON,PRESTON,PRESTON,LANCASHIRE,Standard,Addition,53.7801930000,-2.6605500000
85000,2010-10-19 00:00:00Z,PR2 6SY,Terraced,Established,Freehold,90,,HEATHFIELD DRIVE,RIBBLETON,PRESTON,PRESTON,LANCASHIRE,Standard,Addition,53.7815130000,-2.6624530000
95000,2010-11-17 00:00:00Z,PR2 6UJ,Terraced,Established,Freehold,3,,INGLETON ROAD,RIBBLETON,PRESTON,PRESTON,LANCASHIRE,Standard,Addition,53.7816820000,-2.6675550000
75000,2010-09-09 00:00:00Z,PR2 6TY,Terraced,Established,Freehold,443,,WATLING STREET ROAD,RIBBLETON,PRESTON,PRESTON,LANCASHIRE,Standard,Addition,53.7818490000,-2.6699860000
88000,2010-11-12 00:00:00Z,PR2 6SX,Terraced,Established,Freehold,5,,HEATHFIELD DRIVE,RIBBLETON,PRESTON,PRESTON,LANCASHIRE,Standard,Addition,53.7805830000,-2.6664140000
62000,2010-12-22 00:00:00Z,PR2 6SS,Terraced,Established,Leasehold,12,,GISBURN ROAD,RIBBLETON,PRESTON,PRESTON,LANCASHIRE,Standard,Addition,53.7823510000,-2.6621020000
205000,2010-04-16 00:00:00Z,PR2 9LU,Detached,Established,Freehold,46,,HAIGHTON DRIVE,FULWOOD,PRESTON,PRESTON,LANCASHIRE,Standard,Addition,53.7871180000,-2.6663210000
156000,2010-11-19 00:00:00Z,PR2 9LS,Semi-Detached,Established,Freehold,8,,THE WARREN,FULWOOD,PRESTON,PRESTON,LANCASHIRE,Standard,Addition,53.7895660000,-2.6689700000
250000,2010-05-26 00:00:00Z,PR2 9PD,Detached,Established,Freehold,2,,TEIL GREEN,FULWOOD,PRESTON,PRESTON,LANCASHIRE,Standard,Addition,53.7892210000,-2.6664150000
80000,2010-06-18 00:00:00Z,PR2 6QY,Terraced,Established,Freehold,10,,HAWKSHEAD ROAD,RIBBLETON,PRESTON,PRESTON,LANCASHIRE,Standard,Addition,53.7843090000,-2.6639840000
233000,2010-12-03 00:00:00Z,PR2 9PA,Detached,Established,Freehold,61,,TEIL GREEN,FULWOOD,PRESTON,PRESTON,LANCASHIRE,Standard,Addition,53.7896730000,-2.6674840000
82000,2010-05-07 00:00:00Z,PR2 6SY,Terraced,Established,Freehold,120,,HEATHFIELD DRIVE,RIBBLETON,PRESTON,PRESTON,LANCASHIRE,Standard,Addition,53.7815130000,-2.6624530000
89000,2010-08-09 00:00:00Z,PR2 6TJ,Semi-Detached,Established,Freehold,79,,WESTFIELD DRIVE,RIBBLETON,PRESTON,PRESTON,LANCASHIRE,Standard,Addition,53.7814000000,-2.6666700000
76000,2010-05-07 00:00:00Z,PR2 6TJ,Terraced,Established,Freehold,75,,WESTFIELD DRIVE,RIBBLETON,PRESTON,PRESTON,LANCASHIRE,Standard,Addition,53.7814000000,-2.6666700000
270000,2010-05-21 00:00:00Z,PR2 9PA,Detached,Established,Freehold,3,,TEIL GREEN,FULWOOD,PRESTON,PRESTON,LANCASHIRE,Standard,Addition,53.7896730000,-2.6674840000
154500,2010-06-29 00:00:00Z,PR2 9LS,Semi-Detached,Established,Freehold,9,,THE WARREN,FULWOOD,PRESTON,PRESTON,LANCASHIRE,Standard,Addition,53.7895660000,-2.6689700000
235000,2010-12-22 00:00:00Z,PR2 9LU,Detached,Established,Freehold,6,,HAIGHTON DRIVE,FULWOOD,PRESTON,PRESTON,LANCASHIRE,Standard,Addition,53.7871180000,-2.6663210000
250000,2010-12-22 00:00:00Z,PR2 9PA,Detached,Established,Freehold,3,,TEIL GREEN,FULWOOD,PRESTON,PRESTON,LANCASHIRE,Standard,Addition,53.7896730000,-2.6674840000
185000,2010-12-03 00:00:00Z,PR2 9PD,Detached,Established,Freehold,68,,TEIL GREEN,FULWOOD,PRESTON,PRESTON,LANCASHIRE,Standard,Addition,53.7892210000,-2.6664150000
184000,2010-10-08 00:00:00Z,PR2 9LU,Detached,Established,Freehold,11,,HAIGHTON DRIVE,FULWOOD,PRESTON,PRESTON,LANCASHIRE,Standard,Addition,53.7871180000,-2.6663210000
173000,2010-08-20 00:00:00Z,PR2 9LU,Detached,Established,Freehold,34,,HAIGHTON DRIVE,FULWOOD,PRESTON,PRESTON,LANCASHIRE,Standard,Addition,53.7871180000,-2.6663210000
50000,2010-07-26 00:00:00Z,PR2 6SU,Terraced,Established,Freehold,17,,MEARLEY ROAD,RIBBLETON,PRESTON,PRESTON,LANCASHIRE,Standard,Addition,53.7817930000,-2.6638080000
61500,2010-02-26 00:00:00Z,PR2 6SQ,Terraced,Established,Leasehold,30,,OAKWORTH AVENUE,RIBBLETON,PRESTON,PRESTON,LANCASHIRE,Standard,Addition,53.7826280000,-2.6603130000
82000,2010-08-13 00:00:00Z,PR2 6QY,Terraced,Established,Freehold,8,,HAWKSHEAD ROAD,RIBBLETON,PRESTON,PRESTON,LANCASHIRE,Standard,Addition,53.7843090000,-2.6639840000
225000,2010-01-21 00:00:00Z,PR2 9PD,Detached,Established,Freehold,70,,TEIL GREEN,FULWOOD,PRESTON,PRESTON,LANCASHIRE,Standard,Addition,53.7892210000,-2.6664150000
70000,2010-06-24 00:00:00Z,PR2 6SS,Terraced,Established,Freehold,76,,GISBURN ROAD,RIBBLETON,PRESTON,PRESTON,LANCASHIRE,Standard,Addition,53.7823510000,-2.6621020000
150000,2010-11-01 00:00:00Z,PR2 9LS,Semi-Detached,Established,Freehold,6,,THE WARREN,FULWOOD,PRESTON,PRESTON,LANCASHIRE,Standard,Addition,53.7895660000,-2.6689700000
106500,2010-08-27 00:00:00Z,PR2 6RP,Semi-Detached,Established,Freehold,30,,SION CLOSE,RIBBLETON,PRESTON,PRESTON,LANCASHIRE,Standard,Addition,53.7801930000,-2.6605500000
230000,2010-06-30 00:00:00Z,PR2 9PD,Detached,Established,Freehold,46,,TEIL GREEN,FULWOOD,PRESTON,PRESTON,LANCASHIRE,Standard,Addition,53.7892210000,-2.6664150000
85000,2011-02-14 00:00:00Z,PR2 6UX,Terraced,Established,Freehold,8,,SILVERDALE DRIVE,RIBBLETON,PRESTON,PRESTON,LANCASHIRE,Standard,Addition,53.7826690000,-2.6695890000
87000,2011-03-07 00:00:00Z,PR2 6TJ,Semi-Detached,Established,Leasehold,92,,WESTFIELD DRIVE,RIBBLETON,PRESTON,PRESTON,LANCASHIRE,Standard,Addition,53.7814000000,-2.6666700000
143000,2011-10-24 00:00:00Z,PR2 6RP,Semi-Detached,Established,Freehold,26,,SION CLOSE,RIBBLETON,PRESTON,PRESTON,LANCASHIRE,Standard,Addition,53.7801930000,-2.6605500000
85000,2011-09-02 00:00:00Z,PR2 6TX,Terraced,Established,Freehold,519,,WATLING STREET ROAD,RIBBLETON,PRESTON,PRESTON,LANCASHIRE,Standard,Addition,53.7829920000,-2.6630830000
76000,2011-04-01 00:00:00Z,PR2 6UY,Terraced,Established,Freehold,45,,SILVERDALE DRIVE,RIBBLETON,PRESTON,PRESTON,LANCASHIRE,Standard,Addition,53.7834760000,-2.6666270000
34000,2011-04-21 00:00:00Z,PR2 6SY,Terraced,Established,Leasehold,74,,HEATHFIELD DRIVE,RIBBLETON,PRESTON,PRESTON,LANCASHIRE,Standard,Addition,53.7815130000,-2.6624530000
75000,2011-08-26 00:00:00Z,PR2 6RP,Semi-Detached,Established,Freehold,12,,SION CLOSE,RIBBLETON,PRESTON,PRESTON,LANCASHIRE,Standard,Addition,53.7801930000,-2.6605500000
155000,2011-11-18 00:00:00Z,PR2 9PA,Detached,Established,Freehold,35,,TEIL GREEN,FULWOOD,PRESTON,PRESTON,LANCASHIRE,Standard,Addition,53.7896730000,-2.6674840000
86000,2011-09-20 00:00:00Z,PR2 6TA,Terraced,Established,Freehold,56,,GARSDALE ROAD,RIBBLETON,PRESTON,PRESTON,LANCASHIRE,Standard,Addition,53.7805170000,-2.6621790000
234000,2011-05-24 00:00:00Z,PR2 9PA,Detached,Established,Freehold,59,,TEIL GREEN,FULWOOD,PRESTON,PRESTON,LANCASHIRE,Standard,Addition,53.7896730000,-2.6674840000
295000,2011-04-14 00:00:00Z,PR2 5QX,Detached,Established,Freehold,17,,SANDYBROOK CLOSE,FULWOOD,PRESTON,PRESTON,LANCASHIRE,Standard,Addition,53.7868190000,-2.6618080000
171500,2011-09-30 00:00:00Z,PR2 9PD,Semi-Detached,Established,Freehold,10,,TEIL GREEN,FULWOOD,PRESTON,PRESTON,LANCASHIRE,Standard,Addition,53.7892210000,-2.6664150000
212000,2011-08-18 00:00:00Z,PR2 9PA,Detached,Established,Freehold,51,,TEIL GREEN,FULWOOD,PRESTON,PRESTON,LANCASHIRE,Standard,Addition,53.7896730000,-2.6674840000
50000,2011-08-12 00:00:00Z,PR2 6QU,Flats/Maisonettes,Established,Leasehold,2,,AMBLESIDE ROAD,RIBBLETON,PRESTON,PRESTON,LANCASHIRE,Standard,Addition,53.7841480000,-2.6621300000
80500,2011-04-21 00:00:00Z,PR2 6SQ,Terraced,Established,Freehold,10,,OAKWORTH AVENUE,RIBBLETON,PRESTON,PRESTON,LANCASHIRE,Standard,Addition,53.7826280000,-2.6603130000
69000,2011-02-18 00:00:00Z,PR2 6TA,Terraced,Established,Freehold,45,,GARSDALE ROAD,RIBBLETON,PRESTON,PRESTON,LANCASHIRE,Standard,Addition,53.7805170000,-2.6621790000
103000,2011-02-01 00:00:00Z,PR2 6UJ,Semi-Detached,Established,Freehold,4,,INGLETON ROAD,RIBBLETON,PRESTON,PRESTON,LANCASHIRE,Standard,Addition,53.7816820000,-2.6675550000
60000,2011-01-07 00:00:00Z,PR2 6XL,Terraced,Established,Freehold,3,,ELLERBECK AVENUE,RIBBLETON,PRESTON,PRESTON,LANCASHIRE,Standard,Addition,53.7829630000,-2.6663580000
324000,2011-04-28 00:00:00Z,PR2 5QX,Detached,Established,Freehold,14,,SANDYBROOK CLOSE,FULWOOD,PRESTON,PRESTON,LANCASHIRE,Standard,Addition,53.7868190000,-2.6618080000
76000,2011-05-20 00:00:00Z,PR2 6XL,Semi-Detached,Established,Freehold,9,,ELLERBECK AVENUE,RIBBLETON,PRESTON,PRESTON,LANCASHIRE,Standard,Addition,53.7829630000,-2.6663580000
63000,2011-03-29 00:00:00Z,PR2 6SS,Terraced,Established,Freehold,83,,GISBURN ROAD,RIBBLETON,PRESTON,PRESTON,LANCASHIRE,Standard,Addition,53.7823510000,-2.6621020000
80000,2012-06-15 00:00:00Z,PR2 6QU,Terraced,Established,Freehold,34,,AMBLESIDE ROAD,RIBBLETON,PRESTON,PRESTON,LANCASHIRE,Standard,Addition,53.7841480000,-2.6621300000
133000,2012-11-30 00:00:00Z,PR2 9LS,Semi-Detached,Established,Freehold,5,,THE WARREN,FULWOOD,PRESTON,PRESTON,LANCASHIRE,Standard,Addition,53.7895660000,-2.6689700000
80000,2012-08-31 00:00:00Z,PR2 6SQ,Terraced,Established,Leasehold,15,,OAKWORTH AVENUE,RIBBLETON,PRESTON,PRESTON,LANCASHIRE,Standard,Addition,53.7826280000,-2.6603130000
72000,2012-06-06 00:00:00Z,PR2 6XD,Terraced,Established,Freehold,1,,KINGSDALE AVENUE,RIBBLETON,PRESTON,PRESTON,LANCASHIRE,Standard,Addition,53.7824690000,-2.6699960000
195000,2012-08-08 00:00:00Z,PR2 9LU,Detached,Established,Freehold,16,,HAIGHTON DRIVE,FULWOOD,PRESTON,PRESTON,LANCASHIRE,Standard,Addition,53.7871180000,-2.6663210000
150000,2012-02-07 00:00:00Z,PR2 9LS,Semi-Detached,Established,Freehold,23,,THE WARREN,FULWOOD,PRESTON,PRESTON,LANCASHIRE,Standard,Addition,53.7895660000,-2.6689700000
65000,2012-01-22 00:00:00Z,PR2 6SY,Semi-Detached,Established,Leasehold,74,,HEATHFIELD DRIVE,RIBBLETON,PRESTON,PRESTON,LANCASHIRE,Standard,Addition,53.7815130000,-2.6624530000
85000,2012-04-05 00:00:00Z,PR2 6UX,Terraced,Established,Freehold,3,,SILVERDALE DRIVE,RIBBLETON,PRESTON,PRESTON,LANCASHIRE,Standard,Addition,53.7826690000,-2.6695890000
24500,2012-11-30 00:00:00Z,PR2 6UJ,Flats/Maisonettes,Established,Leasehold,50,,INGLETON ROAD,RIBBLETON,PRESTON,PRESTON,LANCASHIRE,Standard,Addition,53.7816820000,-2.6675550000
82000,2012-03-12 00:00:00Z,PR2 6SX,Terraced,Established,Freehold,36,,HEATHFIELD DRIVE,RIBBLETON,PRESTON,PRESTON,LANCASHIRE,Standard,Addition,53.7805830000,-2.6664140000
115000,2012-05-31 00:00:00Z,PR2 9LE,Terraced,Established,Freehold,11,,ASHDOWN MEWS,FULWOOD,PRESTON,PRESTON,LANCASHIRE,Standard,Addition,53.7893230000,-2.6689820000
280000,2012-11-09 00:00:00Z,PR2 5QX,Detached,Established,Freehold,5,,SANDYBROOK CLOSE,FULWOOD,PRESTON,PRESTON,LANCASHIRE,Standard,Addition,53.7868190000,-2.6618080000
85000,2012-07-10 00:00:00Z,PR2 6UB,Terraced,Established,Leasehold,18,,CROASDALE AVENUE,RIBBLETON,PRESTON,PRESTON,LANCASHIRE,Standard,Addition,53.7817860000,-2.6650680000
225000,2012-03-02 00:00:00Z,PR2 9QY,Detached,Established,Freehold,6,,LYNDETH CLOSE,FULWOOD,PRESTON,PRESTON,LANCASHIRE,Standard,Addition,53.7879120000,-2.6674410000
77000,2012-08-06 00:00:00Z,PR2 6SU,Terraced,Established,Freehold,18,,MEARLEY ROAD,RIBBLETON,PRESTON,PRESTON,LANCASHIRE,Standard,Addition,53.7817930000,-2.6638080000
95000,2012-02-03 00:00:00Z,PR2 6UX,Terraced,Established,Freehold,12,,SILVERDALE DRIVE,RIBBLETON,PRESTON,PRESTON,LANCASHIRE,Standard,Addition,53.7826690000,-2.6695890000
64000,2012-12-14 00:00:00Z,PR2 6UY,Terraced,Established,Freehold,67,,SILVERDALE DRIVE,RIBBLETON,PRESTON,PRESTON,LANCASHIRE,Standard,Addition,53.7834760000,-2.6666270000
228000,2012-04-20 00:00:00Z,PR2 5RU,Detached,Established,Freehold,WAYSIDE,,FULWOOD ROW,FULWOOD,PRESTON,PRESTON,LANCASHIRE,Standard,Addition,53.7897240000,-2.6647830000
155000,2012-07-03 00:00:00Z,PR2 9LS,Semi-Detached,Established,Freehold,7,,THE WARREN,FULWOOD,PRESTON,PRESTON,LANCASHIRE,Standard,Addition,53.7895660000,-2.6689700000
85000,2012-03-29 00:00:00Z,PR2 6SY,Terraced,Established,Freehold,97,,HEATHFIELD DRIVE,RIBBLETON,PRESTON,PRESTON,LANCASHIRE,Standard,Addition,53.7815130000,-2.6624530000
335000,2012-10-02 00:00:00Z,PR2 5QX,Detached,Established,Freehold,2,,SANDYBROOK CLOSE,FULWOOD,PRESTON,PRESTON,LANCASHIRE,Standard,Addition,53.7868190000,-2.6618080000
55000,2012-03-30 00:00:00Z,PR2 6UJ,Terraced,Established,Freehold,2,,INGLETON ROAD,RIBBLETON,PRESTON,PRESTON,LANCASHIRE,Standard,Addition,53.7816820000,-2.6675550000
81000,2012-05-09 00:00:00Z,PR2 6SY,Semi-Detached,Established,Freehold,75,,HEATHFIELD DRIVE,RIBBLETON,PRESTON,PRESTON,LANCASHIRE,Standard,Addition,53.7815130000,-2.6624530000
167000,2012-08-24 00:00:00Z,PR2 9PA,Semi-Detached,Established,Freehold,11,,TEIL GREEN,FULWOOD,PRESTON,PRESTON,LANCASHIRE,Standard,Addition,53.7896730000,-2.6674840000
154950,2012-12-13 00:00:00Z,PR2 9LU,Detached,Established,Freehold,29,,HAIGHTON DRIVE,FULWOOD,PRESTON,PRESTON,LANCASHIRE,Standard,Addition,53.7871180000,-2.6663210000
120000,2012-09-28 00:00:00Z,PR2 6SP,Terraced,Established,Freehold,7,,EAST VIEW FULWOOD ROW,RIBBLETON,PRESTON,PRESTON,LANCASHIRE,Standard,Addition,53.7842110000,-2.6604470000
75000,2013-07-19 00:00:00Z,PR2 6SS,Terraced,Established,Freehold,57,,GISBURN ROAD,RIBBLETON,PRESTON,PRESTON,LANCASHIRE,Standard,Addition,53.7823510000,-2.6621020000
82000,2013-09-06 00:00:00Z,PR2 6TJ,Terraced,Established,Freehold,90,,WESTFIELD DRIVE,RIBBLETON,PRESTON,PRESTON,LANCASHIRE,Standard,Addition,53.7814000000,-2.6666700000
93000,2013-08-09 00:00:00Z,PR2 6SQ,Terraced,Established,Freehold,51,,OAKWORTH AVENUE,RIBBLETON,PRESTON,PRESTON,LANCASHIRE,Standard,Addition,53.7826280000,-2.6603130000
89950,2013-10-25 00:00:00Z,PR2 6TJ,Terraced,Established,Freehold,116,,WESTFIELD DRIVE,RIBBLETON,PRESTON,PRESTON,LANCASHIRE,Standard,Addition,53.7814000000,-2.6666700000
210000,2013-06-21 00:00:00Z,PR2 9LU,Detached,Established,Freehold,60,,HAIGHTON DRIVE,FULWOOD,PRESTON,PRESTON,LANCASHIRE,Standard,Addition,53.7871180000,-2.6663210000
91000,2013-11-22 00:00:00Z,PR2 6XA,Terraced,Established,Leasehold,10,,HALSTEAD ROAD,RIBBLETON,PRESTON,PRESTON,LANCASHIRE,Standard,Addition,53.7835650000,-2.6684350000
147000,2013-08-09 00:00:00Z,PR2 9PD,Semi-Detached,Established,Freehold,64,,TEIL GREEN,FULWOOD,PRESTON,PRESTON,LANCASHIRE,Standard,Addition,53.7892210000,-2.6664150000
65000,2013-05-10 00:00:00Z,PR2 6UY,Terraced,Established,Freehold,72,,SILVERDALE DRIVE,RIBBLETON,PRESTON,PRESTON,LANCASHIRE,Standard,Addition,53.7834760000,-2.6666270000
290000,2013-12-23 00:00:00Z,PR2 5RU,Detached,Established,Freehold,HUNTCLIFFE,,FULWOOD ROW,FULWOOD,PRESTON,PRESTON,LANCASHIRE,Standard,Addition,53.7897240000,-2.6647830000
155000,2013-11-29 00:00:00Z,PR2 9LU,Detached,Established,Freehold,37,,HAIGHTON DRIVE,FULWOOD,PRESTON,PRESTON,LANCASHIRE,Standard,Addition,53.7871180000,-2.6663210000
95000,2013-06-14 00:00:00Z,PR2 6RP,Semi-Detached,Established,Freehold,24,,SION CLOSE,RIBBLETON,PRESTON,PRESTON,LANCASHIRE,Standard,Addition,53.7801930000,-2.6605500000
48000,2013-10-25 00:00:00Z,PR2 6QY,Flats/Maisonettes,Established,Leasehold,1A,,HAWKSHEAD ROAD,RIBBLETON,PRESTON,PRESTON,LANCASHIRE,Standard,Addition,53.7843090000,-2.6639840000
157950,2013-11-29 00:00:00Z,PR2 5RY,Semi-Detached,Established,Freehold,3,,THE CLOSE,FULWOOD,PRESTON,PRESTON,LANCASHIRE,Standard,Addition,53.7873870000,-2.6632290000
67000,2013-06-10 00:00:00Z,PR2 6UX,Semi-Detached,Established,Freehold,48,,SILVERDALE DRIVE,RIBBLETON,PRESTON,PRESTON,LANCASHIRE,Standard,Addition,53.7826690000,-2.6695890000
260000,2013-09-10 00:00:00Z,PR2 9PA,Detached,Established,Freehold,33,,TEIL GREEN,FULWOOD,PRESTON,PRESTON,LANCASHIRE,Standard,Addition,53.7896730000,-2.6674840000
162000,2013-07-04 00:00:00Z,PR2 9LU,Detached,Established,Freehold,26,,HAIGHTON DRIVE,FULWOOD,PRESTON,PRESTON,LANCASHIRE,Standard,Addition,53.7871180000,-2.6663210000
84950,2013-10-10 00:00:00Z,PR2 6UY,Terraced,Established,Freehold,50,,SILVERDALE DRIVE,RIBBLETON,PRESTON,PRESTON,LANCASHIRE,Standard,Addition,53.7834760000,-2.6666270000
92000,2013-10-18 00:00:00Z,PR2 6ST,Terraced,Established,Leasehold,18,,MARSETT PLACE,RIBBLETON,PRESTON,PRESTON,LANCASHIRE,Standard,Addition,53.7825590000,-2.6634260000
125000,2013-01-18 00:00:00Z,PR2 6RP,Detached,Established,Freehold,34,,SION CLOSE,RIBBLETON,PRESTON,PRESTON,LANCASHIRE,Standard,Addition,53.7801930000,-2.6605500000
89000,2013-10-18 00:00:00Z,PR2 6SX,Terraced,Established,Freehold,23,,HEATHFIELD DRIVE,RIBBLETON,PRESTON,PRESTON,LANCASHIRE,Standard,Addition,53.7805830000,-2.6664140000
249000,2013-10-24 00:00:00Z,PR2 5RU,Detached,Established,Freehold,WAYSIDE,,FULWOOD ROW,FULWOOD,PRESTON,PRESTON,LANCASHIRE,Standard,Addition,53.7897240000,-2.6647830000
70500,2013-05-15 00:00:00Z,PR2 6SS,Terraced,Established,Freehold,19,,GISBURN ROAD,RIBBLETON,PRESTON,PRESTON,LANCASHIRE,Standard,Addition,53.7823510000,-2.6621020000
216000,2013-10-18 00:00:00Z,PR2 9PA,Detached,Established,Freehold,49,,TEIL GREEN,FULWOOD,PRESTON,PRESTON,LANCASHIRE,Standard,Addition,53.7896730000,-2.6674840000
84250,2013-12-16 00:00:00Z,PR2 6TY,Semi-Detached,Established,Freehold,401,,WATLING STREET ROAD,RIBBLETON,PRESTON,PRESTON,LANCASHIRE,Standard,Addition,53.7818490000,-2.6699860000
430000,2013-10-25 00:00:00Z,PR2 5RW,Detached,Established,Freehold,56,,FULWOOD ROW,FULWOOD,PRESTON,PRESTON,LANCASHIRE,Standard,Addition,53.7848880000,-2.6600320000
98000,2014-06-30 00:00:00Z,PR2 6TN,Terraced,Established,Freehold,7,,BARDEN PLACE,RIBBLETON,PRESTON,PRESTON,LANCASHIRE,Standard,Addition,53.7802350000,-2.6692920000
90000,2014-01-16 00:00:00Z,PR2 6SY,Terraced,Established,Leasehold,74,,HEATHFIELD DRIVE,RIBBLETON,PRESTON,PRESTON,LANCASHIRE,Standard,Addition,53.7815130000,-2.6624530000
137000,2014-06-30 00:00:00Z,PR2 9LE,Terraced,Established,Freehold,12,,ASHDOWN MEWS,FULWOOD,PRESTON,PRESTON,LANCASHIRE,Standard,Addition,53.7893230000,-2.6689820000
92000,2014-02-12 00:00:00Z,PR2 6QX,Terraced,Established,Freehold,20,,TROUTBECK PLACE,RIBBLETON,PRESTON,PRESTON,LANCASHIRE,Standard,Addition,53.7837360000,-2.6618350000
150000,2014-06-24 00:00:00Z,PR2 6SQ,Other,Established,Freehold,BROOKFIELD METHODIST CHURCH,,OAKWORTH AVENUE,RIBBLETON,PRESTON,PRESTON,LANCASHIRE,Additional,Addition,53.7826280000,-2.6603130000
238500,2014-08-26 00:00:00Z,PR2 9PD,Detached,Established,Freehold,70,,TEIL GREEN,FULWOOD,PRESTON,PRESTON,LANCASHIRE,Standard,Addition,53.7892210000,-2.6664150000
67501,2014-01-13 00:00:00Z,PR2 6XJ,Terraced,Established,Freehold,18,,SKIPTON CRESCENT,RIBBLETON,PRESTON,PRESTON,LANCASHIRE,Standard,Addition,53.7844090000,-2.6670060000
139250,2014-09-12 00:00:00Z,PR2 9LE,Semi-Detached,Established,Freehold,7,,ASHDOWN MEWS,FULWOOD,PRESTON,PRESTON,LANCASHIRE,Standard,Addition,53.7893230000,-2.6689820000
297500,2014-01-13 00:00:00Z,PR2 5QX,Detached,Established,Freehold,13,,SANDYBROOK CLOSE,FULWOOD,PRESTON,PRESTON,LANCASHIRE,Standard,Addition,53.7868190000,-2.6618080000
52000,2014-10-31 00:00:00Z,PR2 6QY,Flats/Maisonettes,Established,Leasehold,15A,,HAWKSHEAD ROAD,RIBBLETON,PRESTON,PRESTON,LANCASHIRE,Standard,Addition,53.7843090000,-2.6639840000
149000,2014-12-12 00:00:00Z,PR2 9PA,Semi-Detached,Established,Freehold,41,,TEIL GREEN,FULWOOD,PRESTON,PRESTON,LANCASHIRE,Additional,Addition,53.7896730000,-2.6674840000
70000,2014-11-28 00:00:00Z,PR2 6TA,Terraced,Established,Freehold,75,,GARSDALE ROAD,RIBBLETON,PRESTON,PRESTON,LANCASHIRE,Standard,Addition,53.7805170000,-2.6621790000
144000,2014-11-07 00:00:00Z,PR2 6SP,Terraced,Established,Freehold,6,,EAST VIEW FULWOOD ROW,RIBBLETON,PRESTON,PRESTON,LANCASHIRE,Standard,Addition,53.7842110000,-2.6604470000
68500,2014-02-27 00:00:00Z,PR2 6XJ,Terraced,Established,Freehold,7,,SKIPTON CRESCENT,RIBBLETON,PRESTON,PRESTON,LANCASHIRE,Additional,Addition,53.7844090000,-2.6670060000
41000,2014-11-20 00:00:00Z,PR2 6TY,Flats/Maisonettes,Established,Leasehold,427,,WATLING STREET ROAD,RIBBLETON,PRESTON,PRESTON,LANCASHIRE,Standard,Addition,53.7818490000,-2.6699860000
140000,2014-08-08 00:00:00Z,PR2 9LE,Terraced,Established,Freehold,3,,ASHDOWN MEWS,FULWOOD,PRESTON,PRESTON,LANCASHIRE,Standard,Addition,53.7893230000,-2.6689820000
240000,2014-12-12 00:00:00Z,PR2 9LU,Detached,Established,Freehold,8,,HAIGHTON DRIVE,FULWOOD,PRESTON,PRESTON,LANCASHIRE,Standard,Addition,53.7871180000,-2.6663210000
135000,2014-11-28 00:00:00Z,PR2 6SP,Terraced,Established,Freehold,1,,EAST VIEW FULWOOD ROW,RIBBLETON,PRESTON,PRESTON,LANCASHIRE,Standard,Addition,53.7842110000,-2.6604470000
81000,2014-02-28 00:00:00Z,PR2 6TA,Terraced,Established,Freehold,63,,GARSDALE ROAD,RIBBLETON,PRESTON,PRESTON,LANCASHIRE,Standard,Addition,53.7805170000,-2.6621790000
125000,2014-12-19 00:00:00Z,PR2 6RS,Detached,Established,Freehold,4,,LAUDERDALE CRESCENT,RIBBLETON,PRESTON,PRESTON,LANCASHIRE,Standard,Addition,53.7812470000,-2.6600810000
194950,2014-05-02 00:00:00Z,PR2 9PD,Detached,Established,Freehold,54,,TEIL GREEN,FULWOOD,PRESTON,PRESTON,LANCASHIRE,Standard,Addition,53.7892210000,-2.6664150000
79500,2014-09-30 00:00:00Z,PR2 6SQ,Terraced,Established,Freehold,10,,OAKWORTH AVENUE,RIBBLETON,PRESTON,PRESTON,LANCASHIRE,Standard,Addition,53.7826280000,-2.6603130000
125000,2014-11-24 00:00:00Z,PR2 9LE,Semi-Detached,Established,Freehold,7,,ASHDOWN MEWS,FULWOOD,PRESTON,PRESTON,LANCASHIRE,Standard,Addition,53.7893230000,-2.6689820000
160000,2014-07-14 00:00:00Z,PR2 9LE,Semi-Detached,Established,Freehold,13,,ASHDOWN MEWS,FULWOOD,PRESTON,PRESTON,LANCASHIRE,Standard,Addition,53.7893230000,-2.6689820000
110000,2014-01-31 00:00:00Z,PR2 6RP,Semi-Detached,Established,Freehold,10,,SION CLOSE,RIBBLETON,PRESTON,PRESTON,LANCASHIRE,Standard,Addition,53.7801930000,-2.6605500000
80000,2014-12-01 00:00:00Z,PR2 6TN,Terraced,Established,Freehold,3,,BARDEN PLACE,RIBBLETON,PRESTON,PRESTON,LANCASHIRE,Standard,Addition,53.7802350000,-2.6692920000
320000,2014-10-31 00:00:00Z,PR2 5QX,Detached,Established,Freehold,5,,SANDYBROOK CLOSE,FULWOOD,PRESTON,PRESTON,LANCASHIRE,Standard,Addition,53.7868190000,-2.6618080000
165000,2014-08-26 00:00:00Z,PR2 9LE,Semi-Detached,Established,Freehold,14,,ASHDOWN MEWS,FULWOOD,PRESTON,PRESTON,LANCASHIRE,Standard,Addition,53.7893230000,-2.6689820000
162000,2014-07-31 00:00:00Z,PR2 9LS,Semi-Detached,Established,Freehold,9,,THE WARREN,FULWOOD,PRESTON,PRESTON,LANCASHIRE,Standard,Addition,53.7895660000,-2.6689700000
75000,2014-02-21 00:00:00Z,PR2 6SY,Terraced,Established,Freehold,73,,HEATHFIELD DRIVE,RIBBLETON,PRESTON,PRESTON,LANCASHIRE,Standard,Addition,53.7815130000,-2.6624530000
100000,2014-03-17 00:00:00Z,PR2 6TY,Semi-Detached,Established,Freehold,391,,WATLING STREET ROAD,RIBBLETON,PRESTON,PRESTON,LANCASHIRE,Standard,Addition,53.7818490000,-2.6699860000
86000,2014-01-15 00:00:00Z,PR2 6SQ,Semi-Detached,Established,Freehold,19,,OAKWORTH AVENUE,RIBBLETON,PRESTON,PRESTON,LANCASHIRE,Standard,Addition,53.7826280000,-2.6603130000
59000,2014-06-27 00:00:00Z,PR2 6SX,Terraced,Established,Freehold,9,,HEATHFIELD DRIVE,RIBBLETON,PRESTON,PRESTON,LANCASHIRE,Additional,Addition,53.7805830000,-2.6664140000
75000,2014-03-28 00:00:00Z,PR2 6SY,Semi-Detached,Established,Freehold,123,,HEATHFIELD DRIVE,RIBBLETON,PRESTON,PRESTON,LANCASHIRE,Standard,Addition,53.7815130000,-2.6624530000
250000,2015-03-06 00:00:00Z,PR2 9PA,Detached,Established,Freehold,31,,TEIL GREEN,FULWOOD,PRESTON,PRESTON,LANCASHIRE,Standard,Addition,53.7896730000,-2.6674840000
62000,2015-01-22 00:00:00Z,PR2 6SX,Terraced,Established,Freehold,36,,HEATHFIELD DRIVE,RIBBLETON,PRESTON,PRESTON,LANCASHIRE,Additional,Addition,53.7805830000,-2.6664140000
65000,2015-12-15 00:00:00Z,PR2 6UH,Terraced,Established,Freehold,2,,HORNBY AVENUE,RIBBLETON,PRESTON,PRESTON,LANCASHIRE,Standard,Addition,53.7818990000,-2.6689550000
180000,2015-12-18 00:00:00Z,PR2 9LU,Detached,Established,Freehold,53,,HAIGHTON DRIVE,FULWOOD,PRESTON,PRESTON,LANCASHIRE,Standard,Addition,53.7871180000,-2.6663210000
288000,2015-11-20 00:00:00Z,PR2 5RU,Semi-Detached,Established,Freehold,OLD COTTAGE,,FULWOOD ROW,FULWOOD,PRESTON,PRESTON,LANCASHIRE,Standard,Addition,53.7897240000,-2.6647830000
107950,2015-03-31 00:00:00Z,PR2 6SY,Terraced,Established,Leasehold,74,,HEATHFIELD DRIVE,RIBBLETON,PRESTON,PRESTON,LANCASHIRE,Additional,Addition,53.7815130000,-2.6624530000
300000,2015-04-02 00:00:00Z,PR2 6SQ,Other,Established,Freehold,BROOKFIELD METHODIST CHURCH,,OAKWORTH AVENUE,RIBBLETON,PRESTON,PRESTON,LANCASHIRE,Additional,Addition,53.7826280000,-2.6603130000
137000,2015-10-30 00:00:00Z,PR2 9LE,Terraced,Established,Freehold,9,,ASHDOWN MEWS,FULWOOD,PRESTON,PRESTON,LANCASHIRE,Standard,Addition,53.7893230000,-2.6689820000
142500,2015-11-27 00:00:00Z,PR2 9AH,Semi-Detached,Established,Freehold,14,,REDSANDS DRIVE,FULWOOD,PRESTON,PRESTON,LANCASHIRE,Standard,Addition,53.7866870000,-2.6695010000
217500,2015-11-20 00:00:00Z,PR2 9AR,Detached,Established,Freehold,27,,HEATHERWAY,FULWOOD,PRESTON,PRESTON,LANCASHIRE,Standard,Addition,53.7870610000,-2.6651970000
149500,2015-10-30 00:00:00Z,PR2 9AH,Semi-Detached,Established,Freehold,27,,REDSANDS DRIVE,FULWOOD,PRESTON,PRESTON,LANCASHIRE,Standard,Addition,53.7866870000,-2.6695010000
153000,2015-10-23 00:00:00Z,PR2 9PD,Semi-Detached,Established,Freehold,18,,TEIL GREEN,FULWOOD,PRESTON,PRESTON,LANCASHIRE,Standard,Addition,53.7892210000,-2.6664150000
187500,2015-07-10 00:00:00Z,PR2 9AN,Detached,Established,Freehold,4,,SPRINGSANDS CLOSE,FULWOOD,PRESTON,PRESTON,LANCASHIRE,Standard,Addition,53.7863950000,-2.6686010000
151000,2015-01-30 00:00:00Z,PR2 9AN,Semi-Detached,Established,Freehold,1,,SPRINGSANDS CLOSE,FULWOOD,PRESTON,PRESTON,LANCASHIRE,Additional,Addition,53.7863950000,-2.6686010000
165000,2015-09-29 00:00:00Z,PR2 9AH,Detached,Established,Freehold,9,,REDSANDS DRIVE,FULWOOD,PRESTON,PRESTON,LANCASHIRE,Standard,Addition,53.7866870000,-2.6695010000
91500,2015-09-18 00:00:00Z,PR2 6XA,Terraced,Established,Freehold,22,,HALSTEAD ROAD,RIBBLETON,PRESTON,PRESTON,LANCASHIRE,Standard,Addition,53.7835650000,-2.6684350000
55000,2015-10-07 00:00:00Z,PR2 6SX,Terraced,Established,Freehold,2,,HEATHFIELD DRIVE,RIBBLETON,PRESTON,PRESTON,LANCASHIRE,Standard,Addition,53.7805830000,-2.6664140000
72000,2015-03-18 00:00:00Z,PR2 6TA,Terraced,Established,Freehold,34,,GARSDALE ROAD,RIBBLETON,PRESTON,PRESTON,LANCASHIRE,Additional,Addition,53.7805170000,-2.6621790000
219000,2015-12-07 00:00:00Z,PR2 9LW,Detached,Established,Freehold,2,,CHINGLE CLOSE,FULWOOD,PRESTON,PRESTON,LANCASHIRE,Standard,Addition,53.7879920000,-2.6659700000
75000,2015-12-18 00:00:00Z,PR2 6TJ,Semi-Detached,Established,Freehold,81,,WESTFIELD DRIVE,RIBBLETON,PRESTON,PRESTON,LANCASHIRE,Standard,Addition,53.7814000000,-2.6666700000
87000,2015-06-26 00:00:00Z,PR2 6TD,Terraced,Established,Freehold,14,,HARROP PLACE,RIBBLETON,PRESTON,PRESTON,LANCASHIRE,Standard,Addition,53.7803720000,-2.6655610000
67000,2015-12-17 00:00:00Z,PR2 6XA,Terraced,Established,Freehold,6,,HALSTEAD ROAD,RIBBLETON,PRESTON,PRESTON,LANCASHIRE,Standard,Addition,53.7835650000,-2.6684350000
135000,2015-07-20 00:00:00Z,PR2 9LS,Terraced,Established,Freehold,11,,THE WARREN,FULWOOD,PRESTON,PRESTON,LANCASHIRE,Standard,Addition,53.7895660000,-2.6689700000
103000,2015-02-20 00:00:00Z,PR2 6XJ,Terraced,Established,Freehold,7,,SKIPTON CRESCENT,RIBBLETON,PRESTON,PRESTON,LANCASHIRE,Standard,Addition,53.7844090000,-2.6670060000
250000,2015-03-27 00:00:00Z,PR2 9LU,Detached,Established,Freehold,60,,HAIGHTON DRIVE,FULWOOD,PRESTON,PRESTON,LANCASHIRE,Standard,Addition,53.7871180000,-2.6663210000
90000,2015-02-27 00:00:00Z,PR2 6SX,Terraced,Established,Freehold,17,,HEATHFIELD DRIVE,RIBBLETON,PRESTON,PRESTON,LANCASHIRE,Standard,Addition,53.7805830000,-2.6664140000
195000,2015-07-03 00:00:00Z,PR2 6TU,Detached,Established,Freehold,516,,WATLING STREET ROAD,RIBBLETON,PRESTON,PRESTON,LANCASHIRE,Standard,Addition,53.7837230000,-2.6610920000
105000,2015-11-27 00:00:00Z,PR2 6TX,Terraced,Established,Freehold,515,,WATLING STREET ROAD,RIBBLETON,PRESTON,PRESTON,LANCASHIRE,Standard,Addition,53.7829920000,-2.6630830000
62000,2015-12-16 00:00:00Z,PR2 6QU,Flats/Maisonettes,Established,Leasehold,14A,,AMBLESIDE ROAD,RIBBLETON,PRESTON,PRESTON,LANCASHIRE,Standard,Addition,53.7841480000,-2.6621300000
150000,2015-03-06 00:00:00Z,PR2 9AH,Semi-Detached,Established,Freehold,25,,REDSANDS DRIVE,FULWOOD,PRESTON,PRESTON,LANCASHIRE,Standard,Addition,53.7866870000,-2.6695010000
200000,2015-08-24 00:00:00Z,PR2 9AH,Detached,Established,Freehold,32,,REDSANDS DRIVE,FULWOOD,PRESTON,PRESTON,LANCASHIRE,Standard,Addition,53.7866870000,-2.6695010000
80000,2015-02-16 00:00:00Z,PR2 6UJ,Terraced,Established,Freehold,16,,INGLETON ROAD,RIBBLETON,PRESTON,PRESTON,LANCASHIRE,Standard,Addition,53.7816820000,-2.6675550000
197000,2015-09-04 00:00:00Z,PR2 9AN,Detached,Established,Freehold,13,,SPRINGSANDS CLOSE,FULWOOD,PRESTON,PRESTON,LANCASHIRE,Standard,Addition,53.7863950000,-2.6686010000
249000,2015-01-22 00:00:00Z,PR2 9PD,Detached,Established,Freehold,38,,TEIL GREEN,FULWOOD,PRESTON,PRESTON,LANCASHIRE,Standard,Addition,53.7892210000,-2.6664150000
228000,2015-07-31 00:00:00Z,PR2 9AR,Detached,Established,Freehold,17,,HEATHERWAY,FULWOOD,PRESTON,PRESTON,LANCASHIRE,Standard,Addition,53.7870610000,-2.6651970000
145000,2015-01-16 00:00:00Z,PR2 6RP,Detached,Established,Freehold,48,,SION CLOSE,RIBBLETON,PRESTON,PRESTON,LANCASHIRE,Standard,Addition,53.7801930000,-2.6605500000
78000,2015-02-20 00:00:00Z,PR2 6TD,Terraced,Established,Freehold,9,,HARROP PLACE,RIBBLETON,PRESTON,PRESTON,LANCASHIRE,Standard,Addition,53.7803720000,-2.6655610000
70000,2015-08-04 00:00:00Z,PR2 6TJ,Terraced,Established,Freehold,73,,WESTFIELD DRIVE,RIBBLETON,PRESTON,PRESTON,LANCASHIRE,Standard,Addition,53.7814000000,-2.6666700000
67500,2015-12-21 00:00:00Z,PR2 6UX,Terraced,Established,Freehold,29,,SILVERDALE DRIVE,RIBBLETON,PRESTON,PRESTON,LANCASHIRE,Standard,Addition,53.7826690000,-2.6695890000
213000,2015-08-28 00:00:00Z,PR2 9PD,Detached,Established,Freehold,22,,TEIL GREEN,FULWOOD,PRESTON,PRESTON,LANCASHIRE,Standard,Addition,53.7892210000,-2.6664150000
162000,2016-07-08 00:00:00Z,PR2 9AH,Semi-Detached,Established,Freehold,43,,REDSANDS DRIVE,FULWOOD,PRESTON,PRESTON,LANCASHIRE,Standard,Addition,53.7866870000,-2.6695010000
127000,2016-07-01 00:00:00Z,PR2 6RP,Semi-Detached,Established,Freehold,13,,SION CLOSE,RIBBLETON,PRESTON,PRESTON,LANCASHIRE,Standard,Addition,53.7801930000,-2.6605500000
187500,2016-06-10 00:00:00Z,PR2 9LU,Detached,Established,Freehold,56,,HAIGHTON DRIVE,FULWOOD,PRESTON,PRESTON,LANCASHIRE,Additional,Addition,53.7871180000,-2.6663210000
156000,2016-07-22 00:00:00Z,PR2 6SP,Terraced,Established,Freehold,3,,EAST VIEW FULWOOD ROW,RIBBLETON,PRESTON,PRESTON,LANCASHIRE,Standard,Addition,53.7842110000,-2.6604470000
110000,2016-08-10 00:00:00Z,PR2 6SX,Terraced,Established,Freehold,2,,HEATHFIELD DRIVE,RIBBLETON,PRESTON,PRESTON,LANCASHIRE,Standard,Addition,53.7805830000,-2.6664140000
80000,2016-08-26 00:00:00Z,PR2 6SY,Terraced,Established,Freehold,100,,HEATHFIELD DRIVE,RIBBLETON,PRESTON,PRESTON,LANCASHIRE,Standard,Addition,53.7815130000,-2.6624530000
245000,2016-09-13 00:00:00Z,PR2 9PD,Detached,Established,Freehold,60,,TEIL GREEN,FULWOOD,PRESTON,PRESTON,LANCASHIRE,Standard,Addition,53.7892210000,-2.6664150000
85000,2016-10-17 00:00:00Z,PR2 6TA,Terraced,Established,Leasehold,49,,GARSDALE ROAD,RIBBLETON,PRESTON,PRESTON,LANCASHIRE,Standard,Addition,53.7805170000,-2.6621790000
60000,2016-08-31 00:00:00Z,PR2 6UJ,Flats/Maisonettes,Established,Leasehold,50,,INGLETON ROAD,RIBBLETON,PRESTON,PRESTON,LANCASHIRE,Standard,Addition,53.7816820000,-2.6675550000
70000,2016-07-06 00:00:00Z,PR2 6TJ,Terraced,Established,Freehold,104,,WESTFIELD DRIVE,RIBBLETON,PRESTON,PRESTON,LANCASHIRE,Additional,Addition,53.7814000000,-2.6666700000
81000,2016-03-29 00:00:00Z,PR2 6QX,Terraced,Established,Freehold,13,,TROUTBECK PLACE,RIBBLETON,PRESTON,PRESTON,LANCASHIRE,Standard,Addition,53.7837360000,-2.6618350000
130000,2016-03-31 00:00:00Z,PR2 6SP,Terraced,Established,Freehold,8,,EAST VIEW FULWOOD ROW,RIBBLETON,PRESTON,PRESTON,LANCASHIRE,Standard,Addition,53.7842110000,-2.6604470000
153000,2016-11-21 00:00:00Z,PR2 9AH,Semi-Detached,Established,Freehold,60,,REDSANDS DRIVE,FULWOOD,PRESTON,PRESTON,LANCASHIRE,Standard,Addition,53.7866870000,-2.6695010000
78500,2016-10-21 00:00:00Z,PR2 6SY,Terraced,Established,Freehold,59,,HEATHFIELD DRIVE,RIBBLETON,PRESTON,PRESTON,LANCASHIRE,Standard,Addition,53.7815130000,-2.6624530000
100000,2016-11-16 00:00:00Z,PR2 6TY,Semi-Detached,Established,Freehold,387,,WATLING STREET ROAD,RIBBLETON,PRESTON,PRESTON,LANCASHIRE,Additional,Addition,53.7818490000,-2.6699860000
82000,2016-12-15 00:00:00Z,PR2 6XL,Terraced,Established,Freehold,5,,ELLERBECK AVENUE,RIBBLETON,PRESTON,PRESTON,LANCASHIRE,Standard,Addition,53.7829630000,-2.6663580000
48000,2016-10-31 00:00:00Z,PR2 6QY,Flats/Maisonettes,Established,Leasehold,13A,,HAWKSHEAD ROAD,RIBBLETON,PRESTON,PRESTON,LANCASHIRE,Standard,Addition,53.7843090000,-2.6639840000
40000,2016-03-02 00:00:00Z,PR2 6TY,Flats/Maisonettes,Established,Leasehold,425A,,WATLING STREET ROAD,RIBBLETON,PRESTON,PRESTON,LANCASHIRE,Standard,Addition,53.7818490000,-2.6699860000
185000,2016-12-01 00:00:00Z,PR2 5RY,Semi-Detached,Established,Freehold,4,,THE CLOSE,FULWOOD,PRESTON,PRESTON,LANCASHIRE,Standard,Addition,53.7873870000,-2.6632290000
80000,2016-02-16 00:00:00Z,PR2 6SY,Terraced,Established,Freehold,75,,HEATHFIELD DRIVE,RIBBLETON,PRESTON,PRESTON,LANCASHIRE,Standard,Addition,53.7815130000,-2.6624530000
180000,2016-02-12 00:00:00Z,PR2 5RW,Detached,Established,Freehold,40,,FULWOOD ROW,FULWOOD,PRESTON,PRESTON,LANCASHIRE,Standard,Addition,53.7848880000,-2.6600320000
395000,2016-02-26 00:00:00Z,PR2 5RW,Detached,Established,Freehold,56,,FULWOOD ROW,FULWOOD,PRESTON,PRESTON,LANCASHIRE,Standard,Addition,53.7848880000,-2.6600320000
141000,2016-05-06 00:00:00Z,PR2 6SP,Semi-Detached,Established,Freehold,5,,EAST VIEW FULWOOD ROW,RIBBLETON,PRESTON,PRESTON,LANCASHIRE,Standard,Addition,53.7842110000,-2.6604470000
94000,2016-04-29 00:00:00Z,PR2 6SQ,Terraced,Established,Leasehold,30,,OAKWORTH AVENUE,RIBBLETON,PRESTON,PRESTON,LANCASHIRE,Standard,Addition,53.7826280000,-2.6603130000
73000,2016-03-31 00:00:00Z,PR2 6UL,Terraced,Established,Freehold,14,,BENTON ROAD,RIBBLETON,PRESTON,PRESTON,LANCASHIRE,Standard,Addition,53.7811760000,-2.6696410000
69950,2016-04-26 00:00:00Z,PR2 6QY,Terraced,Established,Freehold,28,,HAWKSHEAD ROAD,RIBBLETON,PRESTON,PRESTON,LANCASHIRE,Standard,Addition,53.7843090000,-2.6639840000
183000,2016-12-01 00:00:00Z,PR2 9LS,Semi-Detached,Established,Freehold,6,,THE WARREN,FULWOOD,PRESTON,PRESTON,LANCASHIRE,Standard,Addition,53.7895660000,-2.6689700000
50000,2016-09-02 00:00:00Z,PR2 6SS,Terraced,Established,Freehold,69,,GISBURN ROAD,RIBBLETON,PRESTON,PRESTON,LANCASHIRE,Standard,Addition,53.7823510000,-2.6621020000
82000,2016-08-12 00:00:00Z,PR2 6UJ,Terraced,Established,Freehold,19,,INGLETON ROAD,RIBBLETON,PRESTON,PRESTON,LANCASHIRE,Standard,Addition,53.7816820000,-2.6675550000
155000,2016-05-20 00:00:00Z,PR2 9LS,Semi-Detached,Established,Freehold,23,,THE WARREN,FULWOOD,PRESTON,PRESTON,LANCASHIRE,Additional,Addition,53.7895660000,-2.6689700000
66000,2016-08-31 00:00:00Z,PR2 6SS,Terraced,Established,Freehold,65,,GISBURN ROAD,RIBBLETON,PRESTON,PRESTON,LANCASHIRE,Standard,Addition,53.7823510000,-2.6621020000
220000,2016-09-16 00:00:00Z,PR2 5RW,Detached,Established,Freehold,48,,FULWOOD ROW,FULWOOD,PRESTON,PRESTON,LANCASHIRE,Standard,Addition,53.7848880000,-2.6600320000
67000,2016-07-18 00:00:00Z,PR2 6TX,Terraced,Established,Freehold,491,,WATLING STREET ROAD,RIBBLETON,PRESTON,PRESTON,LANCASHIRE,Standard,Addition,53.7829920000,-2.6630830000
83000,2016-06-24 00:00:00Z,PR2 6RP,Terraced,Established,Freehold,58,,SION CLOSE,RIBBLETON,PRESTON,PRESTON,LANCASHIRE,Standard,Addition,53.7801930000,-2.6605500000
149950,2016-06-20 00:00:00Z,PR2 9LE,Terraced,Established,Freehold,4,,ASHDOWN MEWS,FULWOOD,PRESTON,PRESTON,LANCASHIRE,Standard,Addition,53.7893230000,-2.6689820000
196500,2016-06-17 00:00:00Z,PR2 9LU,Detached,Established,Freehold,56,,HAIGHTON DRIVE,FULWOOD,PRESTON,PRESTON,LANCASHIRE,Standard,Addition,53.7871180000,-2.6663210000
141000,2016-05-27 00:00:00Z,PR2 9LS,Terraced,Established,Freehold,15,,THE WARREN,FULWOOD,PRESTON,PRESTON,LANCASHIRE,Standard,Addition,53.7895660000,-2.6689700000
152000,2016-05-26 00:00:00Z,PR2 9LS,Semi-Detached,Established,Freehold,23,,THE WARREN,FULWOOD,PRESTON,PRESTON,LANCASHIRE,Standard,Addition,53.7895660000,-2.6689700000
75000,2016-05-13 00:00:00Z,PR2 6TA,Terraced,Established,Freehold,11,,GARSDALE ROAD,RIBBLETON,PRESTON,PRESTON,LANCASHIRE,Standard,Addition,53.7805170000,-2.6621790000
96000,2016-01-29 00:00:00Z,PR2 6SX,Terraced,Established,Freehold,13,,HEATHFIELD DRIVE,RIBBLETON,PRESTON,PRESTON,LANCASHIRE,Standard,Addition,53.7805830000,-2.6664140000
187000,2016-01-29 00:00:00Z,PR2 9LU,Detached,Established,Freehold,11,,HAIGHTON DRIVE,FULWOOD,PRESTON,PRESTON,LANCASHIRE,Standard,Addition,53.7871180000,-2.6663210000
283000,2016-01-29 00:00:00Z,PR2 9LW,Detached,Established,Freehold,1,,CHINGLE CLOSE,FULWOOD,PRESTON,PRESTON,LANCASHIRE,Standard,Addition,53.7879920000,-2.6659700000
187000,2016-01-18 00:00:00Z,PR2 9LU,Detached,Established,Freehold,48,,HAIGHTON DRIVE,FULWOOD,PRESTON,PRESTON,LANCASHIRE,Standard,Addition,53.7871180000,-2.6663210000
235000,2017-05-19 00:00:00Z,PR2 5QX,Detached,Established,Freehold,15,,SANDYBROOK CLOSE,FULWOOD,PRESTON,PRESTON,LANCASHIRE,Standard,Addition,53.7868190000,-2.6618080000
302500,2017-09-08 00:00:00Z,PR2 5QX,Detached,Established,Freehold,12,,SANDYBROOK CLOSE,FULWOOD,PRESTON,PRESTON,LANCASHIRE,Standard,Addition,53.7868190000,-2.6618080000
90000,2017-08-30 00:00:00Z,PR2 6SX,Terraced,Established,Freehold,10,,HEATHFIELD DRIVE,RIBBLETON,PRESTON,PRESTON,LANCASHIRE,Standard,Addition,53.7805830000,-2.6664140000
260000,2017-09-08 00:00:00Z,PR2 9AR,Detached,Established,Freehold,5,,HEATHERWAY,FULWOOD,PRESTON,PRESTON,LANCASHIRE,Standard,Addition,53.7870610000,-2.6651970000
175000,2017-09-27 00:00:00Z,PR2 9AN,Detached,Established,Freehold,3,,SPRINGSANDS CLOSE,FULWOOD,PRESTON,PRESTON,LANCASHIRE,Standard,Addition,53.7863950000,-2.6686010000
69950,2017-03-07 00:00:00Z,PR2 6SQ,Semi-Detached,Established,Freehold,31,,OAKWORTH AVENUE,RIBBLETON,PRESTON,PRESTON,LANCASHIRE,Additional,Addition,53.7826280000,-2.6603130000
78000,2017-10-20 00:00:00Z,PR2 6SY,Terraced,Established,Freehold,120,,HEATHFIELD DRIVE,RIBBLETON,PRESTON,PRESTON,LANCASHIRE,Standard,Addition,53.7815130000,-2.6624530000
60400,2017-11-17 00:00:00Z,PR2 6TJ,Terraced,Established,Freehold,112,,WESTFIELD DRIVE,RIBBLETON,PRESTON,PRESTON,LANCASHIRE,Additional,Addition,53.7814000000,-2.6666700000
140000,2017-10-31 00:00:00Z,PR2 6RS,Semi-Detached,Established,Freehold,11,,LAUDERDALE CRESCENT,RIBBLETON,PRESTON,PRESTON,LANCASHIRE,Standard,Addition,53.7812470000,-2.6600810000
52000,2017-11-09 00:00:00Z,PR2 6XA,Terraced,Established,Freehold,52,,HALSTEAD ROAD,RIBBLETON,PRESTON,PRESTON,LANCASHIRE,Standard,Addition,53.7835650000,-2.6684350000
183500,2017-09-29 00:00:00Z,PR2 9PA,Detached,Established,Freehold,35,,TEIL GREEN,FULWOOD,PRESTON,PRESTON,LANCASHIRE,Standard,Addition,53.7896730000,-2.6674840000
83000,2017-03-23 00:00:00Z,PR2 6QX,Terraced,Established,Freehold,15,,TROUTBECK PLACE,RIBBLETON,PRESTON,PRESTON,LANCASHIRE,Additional,Addition,53.7837360000,-2.6618350000
80000,2017-03-07 00:00:00Z,PR2 6UY,Terraced,Established,Leasehold,54,,SILVERDALE DRIVE,RIBBLETON,PRESTON,PRESTON,LANCASHIRE,Standard,Addition,53.7834760000,-2.6666270000
97500,2017-01-31 00:00:00Z,PR2 6RS,Semi-Detached,Established,Freehold,7,,LAUDERDALE CRESCENT,RIBBLETON,PRESTON,PRESTON,LANCASHIRE,Standard,Addition,53.7812470000,-2.6600810000
467500,2017-01-09 00:00:00Z,PR2 5RU,Detached,Established,Freehold,SANDYBROOK HOUSE,,FULWOOD ROW,FULWOOD,PRESTON,PRESTON,LANCASHIRE,Standard,Addition,53.7897240000,-2.6647830000
100000,2017-06-05 00:00:00Z,PR2 6SY,Terraced,Established,Freehold,116,,HEATHFIELD DRIVE,RIBBLETON,PRESTON,PRESTON,LANCASHIRE,Additional,Addition,53.7815130000,-2.6624530000
95000,2017-06-09 00:00:00Z,PR2 6XA,Terraced,Established,Leasehold,50,,HALSTEAD ROAD,RIBBLETON,PRESTON,PRESTON,LANCASHIRE,Standard,Addition,53.7835650000,-2.6684350000
115000,2017-06-30 00:00:00Z,PR2 6RP,Terraced,Established,Freehold,47,,SION CLOSE,RIBBLETON,PRESTON,PRESTON,LANCASHIRE,Standard,Addition,53.7801930000,-2.6605500000
262500,2017-08-14 00:00:00Z,PR2 5QX,Detached,Established,Freehold,7,,SANDYBROOK CLOSE,FULWOOD,PRESTON,PRESTON,LANCASHIRE,Standard,Addition,53.7868190000,-2.6618080000
177500,2017-11-17 00:00:00Z,PR2 9LS,Semi-Detached,Established,Freehold,7,,THE WARREN,FULWOOD,PRESTON,PRESTON,LANCASHIRE,Standard,Addition,53.7895660000,-2.6689700000
90000,2017-12-01 00:00:00Z,PR2 6QX,Terraced,Established,Freehold,4,,TROUTBECK PLACE,RIBBLETON,PRESTON,PRESTON,LANCASHIRE,Standard,Addition,53.7837360000,-2.6618350000
83000,2017-03-31 00:00:00Z,PR2 6UX,Terraced,Established,Freehold,8,,SILVERDALE DRIVE,RIBBLETON,PRESTON,PRESTON,LANCASHIRE,Standard,Addition,53.7826690000,-2.6695890000
180000,2017-02-28 00:00:00Z,PR2 9AL,Detached,Established,Freehold,2,,HOLSANDS CLOSE,FULWOOD,PRESTON,PRESTON,LANCASHIRE,Standard,Addition,53.7871500000,-2.6686430000
90000,2017-03-23 00:00:00Z,PR2 6XD,Terraced,Established,Freehold,7,,KINGSDALE AVENUE,RIBBLETON,PRESTON,PRESTON,LANCASHIRE,Standard,Addition,53.7824690000,-2.6699960000
82500,2017-07-31 00:00:00Z,PR2 6SY,Terraced,Established,Freehold,106,,HEATHFIELD DRIVE,RIBBLETON,PRESTON,PRESTON,LANCASHIRE,Standard,Addition,53.7815130000,-2.6624530000
230000,2017-05-26 00:00:00Z,PR2 9PD,Detached,Established,Freehold,46,,TEIL GREEN,FULWOOD,PRESTON,PRESTON,LANCASHIRE,Additional,Addition,53.7892210000,-2.6664150000
92000,2017-11-24 00:00:00Z,PR2 6XJ,Terraced,Established,Freehold,11,,SKIPTON CRESCENT,RIBBLETON,PRESTON,PRESTON,LANCASHIRE,Standard,Addition,53.7844090000,-2.6670060000
185000,2017-12-21 00:00:00Z,PR2 9PD,Detached,Established,Freehold,46,,TEIL GREEN,FULWOOD,PRESTON,PRESTON,LANCASHIRE,Standard,Addition,53.7892210000,-2.6664150000
70000,2017-12-21 00:00:00Z,PR2 6TJ,Terraced,Established,Freehold,112,,WESTFIELD DRIVE,RIBBLETON,PRESTON,PRESTON,LANCASHIRE,Standard,Addition,53.7814000000,-2.6666700000
77500,2017-12-15 00:00:00Z,PR2 6UL,Terraced,Established,Freehold,12,,BENTON ROAD,RIBBLETON,PRESTON,PRESTON,LANCASHIRE,Standard,Addition,53.7811760000,-2.6696410000
256000,2017-12-15 00:00:00Z,PR2 9PA,Detached,Established,Freehold,31,,TEIL GREEN,FULWOOD,PRESTON,PRESTON,LANCASHIRE,Standard,Addition,53.7896730000,-2.6674840000
85000,2017-03-09 00:00:00Z,PR2 6SY,Terraced,Established,Freehold,87,,HEATHFIELD DRIVE,RIBBLETON,PRESTON,PRESTON,LANCASHIRE,Standard,Addition,53.7815130000,-2.6624530000
82000,2017-09-21 00:00:00Z,PR2 6UY,Terraced,Established,Freehold,49,,SILVERDALE DRIVE,RIBBLETON,PRESTON,PRESTON,LANCASHIRE,Standard,Addition,53.7834760000,-2.6666270000
168000,2017-07-14 00:00:00Z,PR2 9AH,Detached,Established,Freehold,49,,REDSANDS DRIVE,FULWOOD,PRESTON,PRESTON,LANCASHIRE,Standard,Addition,53.7866870000,-2.6695010000
124250,2017-07-28 00:00:00Z,PR2 6RP,Semi-Detached,Established,Freehold,32,,SION CLOSE,RIBBLETON,PRESTON,PRESTON,LANCASHIRE,Standard,Addition,53.7801930000,-2.6605500000
60000,2018-07-18 00:00:00Z,PR2 6TA,Terraced,Established,Freehold,36,,GARSDALE ROAD,RIBBLETON,PRESTON,PRESTON,LANCASHIRE,Additional,Addition,53.7805170000,-2.6621790000
147500,2018-06-08 00:00:00Z,PR2 9LS,Semi-Detached,Established,Freehold,4,,THE WARREN,FULWOOD,PRESTON,PRESTON,LANCASHIRE,Standard,Addition,53.7895660000,-2.6689700000
163000,2018-06-29 00:00:00Z,PR2 9LS,Semi-Detached,Established,Freehold,17,,THE WARREN,FULWOOD,PRESTON,PRESTON,LANCASHIRE,Standard,Addition,53.7895660000,-2.6689700000
185000,2018-06-29 00:00:00Z,PR2 9PD,Detached,Established,Freehold,56,,TEIL GREEN,FULWOOD,PRESTON,PRESTON,LANCASHIRE,Standard,Addition,53.7892210000,-2.6664150000
95000,2018-08-15 00:00:00Z,PR2 6XH,Terraced,Established,Freehold,5,,WHARFEDALE AVENUE,RIBBLETON,PRESTON,PRESTON,LANCASHIRE,Standard,Addition,53.7828800000,-2.6672400000
85000,2018-11-14 00:00:00Z,PR2 6UL,Terraced,Established,Freehold,1,,BENTON ROAD,RIBBLETON,PRESTON,PRESTON,LANCASHIRE,Standard,Addition,53.7811760000,-2.6696410000
85000,2018-11-23 00:00:00Z,PR2 6TA,Terraced,Established,Freehold,15,,GARSDALE ROAD,RIBBLETON,PRESTON,PRESTON,LANCASHIRE,Standard,Addition,53.7805170000,-2.6621790000
294950,2018-12-07 00:00:00Z,PR2 9PD,Detached,Established,Freehold,42,,TEIL GREEN,FULWOOD,PRESTON,PRESTON,LANCASHIRE,Standard,Addition,53.7892210000,-2.6664150000
125000,2018-05-04 00:00:00Z,PR2 6RP,Semi-Detached,Established,Freehold,1,,SION CLOSE,RIBBLETON,PRESTON,PRESTON,LANCASHIRE,Standard,Addition,53.7801930000,-2.6605500000
120000,2018-01-17 00:00:00Z,PR2 6RP,Semi-Detached,Established,Freehold,36,,SION CLOSE,RIBBLETON,PRESTON,PRESTON,LANCASHIRE,Standard,Addition,53.7801930000,-2.6605500000
78000,2018-04-26 00:00:00Z,PR2 6TJ,Terraced,Established,Freehold,75,,WESTFIELD DRIVE,RIBBLETON,PRESTON,PRESTON,LANCASHIRE,Standard,Addition,53.7814000000,-2.6666700000
247500,2018-04-20 00:00:00Z,PR2 9AR,Detached,Established,Freehold,16,,HEATHERWAY,FULWOOD,PRESTON,PRESTON,LANCASHIRE,Standard,Addition,53.7870610000,-2.6651970000
109000,2018-04-19 00:00:00Z,PR2 6TX,Semi-Detached,Established,Freehold,501,,WATLING STREET ROAD,RIBBLETON,PRESTON,PRESTON,LANCASHIRE,Standard,Addition,53.7829920000,-2.6630830000
119950,2018-03-23 00:00:00Z,PR2 6RP,Terraced,Established,Freehold,55,,SION CLOSE,RIBBLETON,PRESTON,PRESTON,LANCASHIRE,Standard,Addition,53.7801930000,-2.6605500000
165750,2018-01-05 00:00:00Z,PR2 9LU,Detached,Established,Freehold,23,,HAIGHTON DRIVE,FULWOOD,PRESTON,PRESTON,LANCASHIRE,Standard,Addition,53.7871180000,-2.6663210000
85000,2018-01-19 00:00:00Z,PR2 6UB,Terraced,Established,Freehold,16,,CROASDALE AVENUE,RIBBLETON,PRESTON,PRESTON,LANCASHIRE,Standard,Addition,53.7817860000,-2.6650680000
45000,2018-01-18 00:00:00Z,PR2 6SX,Terraced,Established,Leasehold,15,,HEATHFIELD DRIVE,RIBBLETON,PRESTON,PRESTON,LANCASHIRE,Additional,Addition,53.7805830000,-2.6664140000
102000,2018-12-14 00:00:00Z,PR2 6TY,Semi-Detached,Established,Freehold,393,,WATLING STREET ROAD,RIBBLETON,PRESTON,PRESTON,LANCASHIRE,Standard,Addition,53.7818490000,-2.6699860000
105000,2018-11-30 00:00:00Z,PR2 6TJ,Terraced,Established,Freehold,87,,WESTFIELD DRIVE,RIBBLETON,PRESTON,PRESTON,LANCASHIRE,Standard,Addition,53.7814000000,-2.6666700000
150000,2018-11-30 00:00:00Z,PR2 9AH,Semi-Detached,Established,Freehold,20,,REDSANDS DRIVE,FULWOOD,PRESTON,PRESTON,LANCASHIRE,Standard,Addition,53.7866870000,-2.6695010000
199950,2018-12-07 00:00:00Z,PR2 9PD,Detached,Established,Freehold,68,,TEIL GREEN,FULWOOD,PRESTON,PRESTON,LANCASHIRE,Standard,Addition,53.7892210000,-2.6664150000
160000,2018-05-31 00:00:00Z,PR2 9LU,Detached,Established,Freehold,25,,HAIGHTON DRIVE,FULWOOD,PRESTON,PRESTON,LANCASHIRE,Standard,Addition,53.7871180000,-2.6663210000
206000,2018-06-08 00:00:00Z,PR2 9PA,Detached,Established,Freehold,7,,TEIL GREEN,FULWOOD,PRESTON,PRESTON,LANCASHIRE,Standard,Addition,53.7896730000,-2.6674840000
212500,2018-10-22 00:00:00Z,PR2 9LU,Detached,Established,Freehold,56,,HAIGHTON DRIVE,FULWOOD,PRESTON,PRESTON,LANCASHIRE,Standard,Addition,53.7871180000,-2.6663210000
210000,2018-10-19 00:00:00Z,PR2 9LU,Detached,Established,Freehold,51,,HAIGHTON DRIVE,FULWOOD,PRESTON,PRESTON,LANCASHIRE,Standard,Addition,53.7871180000,-2.6663210000
104950,2018-11-16 00:00:00Z,PR2 6UX,Semi-Detached,Established,Freehold,34,,SILVERDALE DRIVE,RIBBLETON,PRESTON,PRESTON,LANCASHIRE,Standard,Addition,53.7826690000,-2.6695890000
157500,2018-07-25 00:00:00Z,PR2 9AH,Semi-Detached,Established,Freehold,13,,REDSANDS DRIVE,FULWOOD,PRESTON,PRESTON,LANCASHIRE,Standard,Addition,53.7866870000,-2.6695010000
85000,2018-06-19 00:00:00Z,PR2 6TJ,Terraced,Established,Freehold,88,,WESTFIELD DRIVE,RIBBLETON,PRESTON,PRESTON,LANCASHIRE,Standard,Addition,53.7814000000,-2.6666700000
59500,2018-05-11 00:00:00Z,PR2 6UY,Terraced,Established,Leasehold,68,,SILVERDALE DRIVE,RIBBLETON,PRESTON,PRESTON,LANCASHIRE,Standard,Addition,53.7834760000,-2.6666270000
80000,2018-01-19 00:00:00Z,PR2 6SY,Terraced,Established,Freehold,116,,HEATHFIELD DRIVE,RIBBLETON,PRESTON,PRESTON,LANCASHIRE,Standard,Addition,53.7815130000,-2.6624530000
184950,2018-03-16 00:00:00Z,PR2 9AH,Detached,Established,Freehold,7,,REDSANDS DRIVE,FULWOOD,PRESTON,PRESTON,LANCASHIRE,Standard,Addition,53.7866870000,-2.6695010000
83000,2018-01-31 00:00:00Z,PR2 6SX,Terraced,Established,Freehold,68,,HEATHFIELD DRIVE,RIBBLETON,PRESTON,PRESTON,LANCASHIRE,Standard,Addition,53.7805830000,-2.6664140000
165000,2018-09-14 00:00:00Z,PR2 9QY,Detached,Established,Freehold,14,,LYNDETH CLOSE,FULWOOD,PRESTON,PRESTON,LANCASHIRE,Standard,Addition,53.7879120000,-2.6674410000
160000,2018-03-29 00:00:00Z,PR2 9LU,Detached,Established,Freehold,25,,HAIGHTON DRIVE,FULWOOD,PRESTON,PRESTON,LANCASHIRE,Additional,Addition,53.7871180000,-2.6663210000
112000,2018-03-01 00:00:00Z,PR2 6XD,Terraced,Established,Freehold,7,,KINGSDALE AVENUE,RIBBLETON,PRESTON,PRESTON,LANCASHIRE,Additional,Addition,53.7824690000,-2.6699960000
58500,2018-01-18 00:00:00Z,PR2 6SX,Terraced,Established,Leasehold,15,,HEATHFIELD DRIVE,RIBBLETON,PRESTON,PRESTON,LANCASHIRE,Standard,Addition,53.7805830000,-2.6664140000
62500,2018-04-10 00:00:00Z,PR2 6UX,Terraced,Established,Freehold,18,,SILVERDALE DRIVE,RIBBLETON,PRESTON,PRESTON,LANCASHIRE,Additional,Addition,53.7826690000,-2.6695890000
100000,2018-09-27 00:00:00Z,PR2 6UX,Semi-Detached,Established,Freehold,36,,SILVERDALE DRIVE,RIBBLETON,PRESTON,PRESTON,LANCASHIRE,Standard,Addition,53.7826690000,-2.6695890000
95000,2018-10-26 00:00:00Z,PR2 6SY,Terraced,Established,Leasehold,129,,HEATHFIELD DRIVE,RIBBLETON,PRESTON,PRESTON,LANCASHIRE,Standard,Addition,53.7815130000,-2.6624530000
100000,2018-10-31 00:00:00Z,PR2 6TY,Terraced,Established,Freehold,443,,WATLING STREET ROAD,RIBBLETON,PRESTON,PRESTON,LANCASHIRE,Standard,Addition,53.7818490000,-2.6699860000
165000,2018-09-26 00:00:00Z,PR2 9AL,Semi-Detached,Established,Freehold,7,,HOLSANDS CLOSE,FULWOOD,PRESTON,PRESTON,LANCASHIRE,Standard,Addition,53.7871500000,-2.6686430000
79995,2019-03-05 00:00:00Z,PR2 6UJ,Terraced,Established,Freehold,33,,INGLETON ROAD,RIBBLETON,PRESTON,PRESTON,LANCASHIRE,Standard,Addition,53.7816820000,-2.6675550000
98000,2019-02-25 00:00:00Z,PR2 6UB,Terraced,Established,Leasehold,18,,CROASDALE AVENUE,RIBBLETON,PRESTON,PRESTON,LANCASHIRE,Standard,Addition,53.7817860000,-2.6650680000
140000,2019-08-23 00:00:00Z,PR2 6TY,Semi-Detached,Established,Leasehold,371,,WATLING STREET ROAD,RIBBLETON,PRESTON,PRESTON,LANCASHIRE,Standard,Addition,53.7818490000,-2.6699860000
158000,2019-11-27 00:00:00Z,PR2 9LS,Semi-Detached,Established,Freehold,23,,THE WARREN,FULWOOD,PRESTON,PRESTON,LANCASHIRE,Standard,Addition,53.7895660000,-2.6689700000
145000,2019-11-29 00:00:00Z,PR2 6TY,Terraced,Established,Leasehold,373,,WATLING STREET ROAD,RIBBLETON,PRESTON,PRESTON,LANCASHIRE,Standard,Addition,53.7818490000,-2.6699860000
305000,2019-12-13 00:00:00Z,PR2 5RU,Semi-Detached,Established,Freehold,HILLCREST,,FULWOOD ROW,FULWOOD,PRESTON,PRESTON,LANCASHIRE,Standard,Addition,53.7897240000,-2.6647830000
120000,2019-11-15 00:00:00Z,PR2 6UY,Terraced,Established,Freehold,72,,SILVERDALE DRIVE,RIBBLETON,PRESTON,PRESTON,LANCASHIRE,Standard,Addition,53.7834760000,-2.6666270000
78000,2019-01-28 00:00:00Z,PR2 6SY,Terraced,Established,Freehold,81,,HEATHFIELD DRIVE,RIBBLETON,PRESTON,PRESTON,LANCASHIRE,Additional,Addition,53.7815130000,-2.6624530000
65000,2019-10-25 00:00:00Z,PR2 6XB,Terraced,Established,Freehold,5,,SILSDEN AVENUE,RIBBLETON,PRESTON,PRESTON,LANCASHIRE,Additional,Addition,53.7832820000,-2.6691740000
83000,2019-08-09 00:00:00Z,PR2 6SQ,Terraced,Established,Freehold,45,,OAKWORTH AVENUE,RIBBLETON,PRESTON,PRESTON,LANCASHIRE,Standard,Addition,53.7826280000,-2.6603130000
95000,2019-04-12 00:00:00Z,PR2 6TY,Semi-Detached,Established,Freehold,397,,WATLING STREET ROAD,RIBBLETON,PRESTON,PRESTON,LANCASHIRE,Standard,Addition,53.7818490000,-2.6699860000
84000,2019-11-01 00:00:00Z,PR2 6SY,Terraced,Established,Freehold,94,,HEATHFIELD DRIVE,RIBBLETON,PRESTON,PRESTON,LANCASHIRE,Additional,Addition,53.7815130000,-2.6624530000
85000,2019-06-28 00:00:00Z,PR2 6XD,Terraced,Established,Freehold,6,,KINGSDALE AVENUE,RIBBLETON,PRESTON,PRESTON,LANCASHIRE,Standard,Addition,53.7824690000,-2.6699960000
105000,2019-06-03 00:00:00Z,PR2 6TJ,Terraced,Established,Freehold,85,,WESTFIELD DRIVE,RIBBLETON,PRESTON,PRESTON,LANCASHIRE,Standard,Addition,53.7814000000,-2.6666700000
85000,2019-02-01 00:00:00Z,PR2 6XA,Terraced,Established,Freehold,37,,HALSTEAD ROAD,RIBBLETON,PRESTON,PRESTON,LANCASHIRE,Standard,Addition,53.7835650000,-2.6684350000
79000,2019-06-14 00:00:00Z,PR2 6XL,Semi-Detached,Established,Freehold,9,,ELLERBECK AVENUE,RIBBLETON,PRESTON,PRESTON,LANCASHIRE,Standard,Addition,53.7829630000,-2.6663580000
118000,2019-09-13 00:00:00Z,PR2 6UL,Terraced,Established,Freehold,21,,BENTON ROAD,RIBBLETON,PRESTON,PRESTON,LANCASHIRE,Standard,Addition,53.7811760000,-2.6696410000
195500,2019-08-27 00:00:00Z,PR2 6TU,Detached,Established,Freehold,516,,WATLING STREET ROAD,RIBBLETON,PRESTON,PRESTON,LANCASHIRE,Standard,Addition,53.7837230000,-2.6610920000
180000,2019-12-19 00:00:00Z,PR2 9AH,Semi-Detached,Established,Freehold,45,,REDSANDS DRIVE,FULWOOD,PRESTON,PRESTON,LANCASHIRE,Additional,Addition,53.7866870000,-2.6695010000
187000,2019-10-25 00:00:00Z,PR2 9LU,Detached,Established,Freehold,11,,HAIGHTON DRIVE,FULWOOD,PRESTON,PRESTON,LANCASHIRE,Additional,Addition,53.7871180000,-2.6663210000
98000,2019-09-10 00:00:00Z,PR2 6TJ,Terraced,Established,Freehold,90,,WESTFIELD DRIVE,RIBBLETON,PRESTON,PRESTON,LANCASHIRE,Standard,Addition,53.7814000000,-2.6666700000
85000,2019-12-12 00:00:00Z,PR2 6SX,Terraced,Established,Freehold,72,,HEATHFIELD DRIVE,RIBBLETON,PRESTON,PRESTON,LANCASHIRE,Additional,Addition,53.7805830000,-2.6664140000
80000,2019-11-01 00:00:00Z,PR2 6SY,Terraced,Established,Freehold,94,,HEATHFIELD DRIVE,RIBBLETON,PRESTON,PRESTON,LANCASHIRE,Additional,Addition,53.7815130000,-2.6624530000
108000,2019-03-21 00:00:00Z,PR2 6SQ,Terraced,Established,Leasehold,15,,OAKWORTH AVENUE,RIBBLETON,PRESTON,PRESTON,LANCASHIRE,Standard,Addition,53.7826280000,-2.6603130000
105000,2019-03-29 00:00:00Z,PR2 6TA,Terraced,Established,Freehold,42,,GARSDALE ROAD,RIBBLETON,PRESTON,PRESTON,LANCASHIRE,Standard,Addition,53.7805170000,-2.6621790000
69000,2019-10-21 00:00:00Z,PR2 6SY,Terraced,Established,Freehold,47,,HEATHFIELD DRIVE,RIBBLETON,PRESTON,PRESTON,LANCASHIRE,Standard,Addition,53.7815130000,-2.6624530000
115000,2019-03-20 00:00:00Z,PR2 9LE,Terraced,Established,Freehold,11,,ASHDOWN MEWS,FULWOOD,PRESTON,PRESTON,LANCASHIRE,Standard,Addition,53.7893230000,-2.6689820000
63000,2019-04-12 00:00:00Z,PR2 6SX,Terraced,Established,Freehold,62,,HEATHFIELD DRIVE,RIBBLETON,PRESTON,PRESTON,LANCASHIRE,Standard,Addition,53.7805830000,-2.6664140000
170000,2019-10-17 00:00:00Z,PR2 9LE,Semi-Detached,Established,Freehold,13,,ASHDOWN MEWS,FULWOOD,PRESTON,PRESTON,LANCASHIRE,Standard,Addition,53.7893230000,-2.6689820000
170000,2019-12-12 00:00:00Z,PR2 9AH,Semi-Detached,Established,Freehold,43,,REDSANDS DRIVE,FULWOOD,PRESTON,PRESTON,LANCASHIRE,Standard,Addition,53.7866870000,-2.6695010000
126000,2019-11-29 00:00:00Z,PR2 6TX,Terraced,Established,Freehold,513,,WATLING STREET ROAD,RIBBLETON,PRESTON,PRESTON,LANCASHIRE,Standard,Addition,53.7829920000,-2.6630830000
240000,2019-12-12 00:00:00Z,PR2 9QY,Detached,Established,Freehold,8,,LYNDETH CLOSE,FULWOOD,PRESTON,PRESTON,LANCASHIRE,Standard,Addition,53.7879120000,-2.6674410000
110000,2019-10-04 00:00:00Z,PR2 6TJ,Semi-Detached,Established,Freehold,79,,WESTFIELD DRIVE,RIBBLETON,PRESTON,PRESTON,LANCASHIRE,Standard,Addition,53.7814000000,-2.6666700000
81000,2019-10-31 00:00:00Z,PR2 6SQ,Terraced,Established,Freehold,29,,OAKWORTH AVENUE,RIBBLETON,PRESTON,PRESTON,LANCASHIRE,Standard,Addition,53.7826280000,-2.6603130000
91500,2019-12-05 00:00:00Z,PR2 6QY,Terraced,Established,Freehold,29,,HAWKSHEAD ROAD,RIBBLETON,PRESTON,PRESTON,LANCASHIRE,Standard,Addition,53.7843090000,-2.6639840000
144000,2019-08-28 00:00:00Z,PR2 9LE,Terraced,Established,Freehold,3,,ASHDOWN MEWS,FULWOOD,PRESTON,PRESTON,LANCASHIRE,Standard,Addition,53.7893230000,-2.6689820000
200000,2019-09-10 00:00:00Z,PR2 9AR,Detached,Established,Freehold,9,,HEATHERWAY,FULWOOD,PRESTON,PRESTON,LANCASHIRE,Standard,Addition,53.7870610000,-2.6651970000
278000,2019-08-29 00:00:00Z,PR2 9AR,Detached,Established,Freehold,31,,HEATHERWAY,FULWOOD,PRESTON,PRESTON,LANCASHIRE,Standard,Addition,53.7870610000,-2.6651970000
68000,2019-04-26 00:00:00Z,PR2 6TJ,Semi-Detached,Established,Freehold,115,,WESTFIELD DRIVE,RIBBLETON,PRESTON,PRESTON,LANCASHIRE,Additional,Addition,53.7814000000,-2.6666700000
144000,2019-10-01 00:00:00Z,PR2 6TY,Semi-Detached,Established,Freehold,391,,WATLING STREET ROAD,RIBBLETON,PRESTON,PRESTON,LANCASHIRE,Additional,Addition,53.7818490000,-2.6699860000
170625,2019-03-22 00:00:00Z,PR2 9PD,Semi-Detached,Established,Freehold,10,,TEIL GREEN,FULWOOD,PRESTON,PRESTON,LANCASHIRE,Standard,Addition,53.7892210000,-2.6664150000
172000,2019-04-12 00:00:00Z,PR2 9LU,Semi-Detached,Established,Freehold,40,,HAIGHTON DRIVE,FULWOOD,PRESTON,PRESTON,LANCASHIRE,Standard,Addition,53.7871180000,-2.6663210000
112000,2019-08-07 00:00:00Z,PR2 6UE,Terraced,Established,Leasehold,13,,LANGCLIFFE ROAD,RIBBLETON,PRESTON,PRESTON,LANCASHIRE,Additional,Addition,53.7821730000,-2.6661330000
75000,2019-09-13 00:00:00Z,PR2 6QY,Terraced,Established,Freehold,31,,HAWKSHEAD ROAD,RIBBLETON,PRESTON,PRESTON,LANCASHIRE,Additional,Addition,53.7843090000,-2.6639840000
165000,2019-01-04 00:00:00Z,PR2 9AH,Semi-Detached,Established,Freehold,10,,REDSANDS DRIVE,FULWOOD,PRESTON,PRESTON,LANCASHIRE,Standard,Addition,53.7866870000,-2.6695010000
205000,2019-06-07 00:00:00Z,PR2 9AR,Detached,Established,Freehold,14,,HEATHERWAY,FULWOOD,PRESTON,PRESTON,LANCASHIRE,Standard,Addition,53.7870610000,-2.6651970000
87000,2020-12-17 00:00:00Z,PR2 6SX,Terraced,Established,Freehold,12,,HEATHFIELD DRIVE,RIBBLETON,PRESTON,PRESTON,LANCASHIRE,Standard,Addition,53.7805830000,-2.6664140000
73000,2020-01-23 00:00:00Z,PR2 6SU,Terraced,Established,Freehold,10,,MEARLEY ROAD,RIBBLETON,PRESTON,PRESTON,LANCASHIRE,Additional,Addition,53.7817930000,-2.6638080000
100000,2020-01-24 00:00:00Z,PR2 6TY,Semi-Detached,Established,Leasehold,395,,WATLING STREET ROAD,RIBBLETON,PRESTON,PRESTON,LANCASHIRE,Standard,Addition,53.7818490000,-2.6699860000
92000,2020-02-14 00:00:00Z,PR2 6TY,Terraced,Established,Freehold,435,,WATLING STREET ROAD,RIBBLETON,PRESTON,PRESTON,LANCASHIRE,Standard,Addition,53.7818490000,-2.6699860000
114000,2020-01-17 00:00:00Z,PR2 6SQ,Terraced,Established,Freehold,24,,OAKWORTH AVENUE,RIBBLETON,PRESTON,PRESTON,LANCASHIRE,Standard,Addition,53.7826280000,-2.6603130000
170000,2020-01-20 00:00:00Z,PR2 9AH,Semi-Detached,Established,Freehold,45,,REDSANDS DRIVE,FULWOOD,PRESTON,PRESTON,LANCASHIRE,Standard,Addition,53.7866870000,-2.6695010000
213000,2020-01-24 00:00:00Z,PR2 9QY,Detached,Established,Freehold,3,,LYNDETH CLOSE,FULWOOD,PRESTON,PRESTON,LANCASHIRE,Standard,Addition,53.7879120000,-2.6674410000
110000,2020-02-07 00:00:00Z,PR2 6RP,Semi-Detached,Established,Freehold,38,,SION CLOSE,RIBBLETON,PRESTON,PRESTON,LANCASHIRE,Standard,Addition,53.7801930000,-2.6605500000
120000,2020-05-22 00:00:00Z,PR2 6TY,Semi-Detached,Established,Leasehold,411,,WATLING STREET ROAD,RIBBLETON,PRESTON,PRESTON,LANCASHIRE,Standard,Addition,53.7818490000,-2.6699860000
217500,2020-06-25 00:00:00Z,PR2 9PD,Detached,Established,Freehold,48,,TEIL GREEN,FULWOOD,PRESTON,PRESTON,LANCASHIRE,Standard,Addition,53.7892210000,-2.6664150000
315000,2020-05-26 00:00:00Z,PR2 9LU,Detached,Established,Freehold,8,,HAIGHTON DRIVE,FULWOOD,PRESTON,PRESTON,LANCASHIRE,Standard,Addition,53.7871180000,-2.6663210000
180000,2020-05-22 00:00:00Z,PR2 9AH,Detached,Established,Freehold,46,,REDSANDS DRIVE,FULWOOD,PRESTON,PRESTON,LANCASHIRE,Standard,Addition,53.7866870000,-2.6695010000
182000,2020-04-09 00:00:00Z,PR2 9LU,Detached,Established,Freehold,11,,HAIGHTON DRIVE,FULWOOD,PRESTON,PRESTON,LANCASHIRE,Standard,Addition,53.7871180000,-2.6663210000
105000,2020-05-29 00:00:00Z,PR2 6TA,Terraced,Established,Freehold,45,,GARSDALE ROAD,RIBBLETON,PRESTON,PRESTON,LANCASHIRE,Standard,Addition,53.7805170000,-2.6621790000
177000,2020-09-25 00:00:00Z,PR2 6SP,Semi-Detached,Established,Freehold,4,,EAST VIEW FULWOOD ROW,RIBBLETON,PRESTON,PRESTON,LANCASHIRE,Additional,Addition,53.7842110000,-2.6604470000
490000,2020-08-28 00:00:00Z,PR2 5RU,Semi-Detached,Established,Freehold,CLOCK HOUSE BARN,1,FULWOOD ROW,FULWOOD,PRESTON,PRESTON,LANCASHIRE,Additional,Addition,53.7897240000,-2.6647830000
200000,2020-08-28 00:00:00Z,PR2 5RW,Detached,Established,Freehold,40,,FULWOOD ROW,FULWOOD,PRESTON,PRESTON,LANCASHIRE,Standard,Addition,53.7848880000,-2.6600320000
109000,2020-08-21 00:00:00Z,PR2 6UJ,Terraced,Established,Freehold,3,,INGLETON ROAD,RIBBLETON,PRESTON,PRESTON,LANCASHIRE,Standard,Addition,53.7816820000,-2.6675550000
105000,2020-02-28 00:00:00Z,PR2 6TA,Terraced,Established,Freehold,8,,GARSDALE ROAD,RIBBLETON,PRESTON,PRESTON,LANCASHIRE,Standard,Addition,53.7805170000,-2.6621790000
90000,2020-08-21 00:00:00Z,PR2 6UY,Terraced,Established,Freehold,53,,SILVERDALE DRIVE,RIBBLETON,PRESTON,PRESTON,LANCASHIRE,Standard,Addition,53.7834760000,-2.6666270000
106000,2020-04-30 00:00:00Z,PR2 6RP,Terraced,Established,Freehold,54,,SION CLOSE,RIBBLETON,PRESTON,PRESTON,LANCASHIRE,Standard,Addition,53.7801930000,-2.6605500000
80000,2020-05-07 00:00:00Z,PR2 6TA,Terraced,Established,Freehold,11,,GARSDALE ROAD,RIBBLETON,PRESTON,PRESTON,LANCASHIRE,Standard,Addition,53.7805170000,-2.6621790000
100000,2020-10-09 00:00:00Z,PR2 6SY,Terraced,Established,Freehold,85,,HEATHFIELD DRIVE,RIBBLETON,PRESTON,PRESTON,LANCASHIRE,Standard,Addition,53.7815130000,-2.6624530000
53500,2020-09-25 00:00:00Z,PR2 6UJ,Flats/Maisonettes,Established,Leasehold,54,,INGLETON ROAD,RIBBLETON,PRESTON,PRESTON,LANCASHIRE,Standard,Addition,53.7816820000,-2.6675550000
175000,2020-09-03 00:00:00Z,PR2 9LE,Semi-Detached,Established,Freehold,8,,ASHDOWN MEWS,FULWOOD,PRESTON,PRESTON,LANCASHIRE,Standard,Addition,53.7893230000,-2.6689820000
95000,2020-06-12 00:00:00Z,PR2 6SY,Terraced,Established,Freehold,75,,HEATHFIELD DRIVE,RIBBLETON,PRESTON,PRESTON,LANCASHIRE,Standard,Addition,53.7815130000,-2.6624530000
175000,2020-07-10 00:00:00Z,PR2 9AH,Semi-Detached,Established,Freehold,4,,REDSANDS DRIVE,FULWOOD,PRESTON,PRESTON,LANCASHIRE,Standard,Addition,53.7866870000,-2.6695010000
154000,2020-02-07 00:00:00Z,PR2 9LS,Semi-Detached,Established,Freehold,5,,THE WARREN,FULWOOD,PRESTON,PRESTON,LANCASHIRE,Standard,Addition,53.7895660000,-2.6689700000
215000,2020-03-06 00:00:00Z,PR2 9AH,Detached,Established,Freehold,52,,REDSANDS DRIVE,FULWOOD,PRESTON,PRESTON,LANCASHIRE,Standard,Addition,53.7866870000,-2.6695010000
194000,2020-03-13 00:00:00Z,PR2 9PD,Detached,Established,Freehold,62,,TEIL GREEN,FULWOOD,PRESTON,PRESTON,LANCASHIRE,Standard,Addition,53.7892210000,-2.6664150000
65000,2020-02-14 00:00:00Z,PR2 6XB,Terraced,Established,Freehold,3,,SILSDEN AVENUE,RIBBLETON,PRESTON,PRESTON,LANCASHIRE,Additional,Addition,53.7832820000,-2.6691740000
215000,2020-10-23 00:00:00Z,PR2 9PA,Detached,Established,Freehold,49,,TEIL GREEN,FULWOOD,PRESTON,PRESTON,LANCASHIRE,Standard,Addition,53.7896730000,-2.6674840000
225000,2020-10-20 00:00:00Z,PR2 5RW,Detached,Established,Freehold,46,,FULWOOD ROW,FULWOOD,PRESTON,PRESTON,LANCASHIRE,Additional,Addition,53.7848880000,-2.6600320000
105000,2020-12-03 00:00:00Z,PR2 6UE,Terraced,Established,Leasehold,15,,LANGCLIFFE ROAD,RIBBLETON,PRESTON,PRESTON,LANCASHIRE,Additional,Addition,53.7821730000,-2.6661330000
380000,2020-11-23 00:00:00Z,PR2 5RW,Detached,Established,Freehold,"GREYCROFT, 9",,FULWOOD ROW,FULWOOD,PRESTON,PRESTON,LANCASHIRE,Standard,Addition,53.7848880000,-2.6600320000
159950,2020-11-11 00:00:00Z,PR2 9AH,Semi-Detached,Established,Freehold,54,,REDSANDS DRIVE,FULWOOD,PRESTON,PRESTON,LANCASHIRE,Standard,Addition,53.7866870000,-2.6695010000
104000,2020-07-17 00:00:00Z,PR2 6XA,Terraced,Established,Leasehold,50,,HALSTEAD ROAD,RIBBLETON,PRESTON,PRESTON,LANCASHIRE,Standard,Addition,53.7835650000,-2.6684350000
91000,2020-12-17 00:00:00Z,PR2 6TA,Terraced,Established,Freehold,63,,GARSDALE ROAD,RIBBLETON,PRESTON,PRESTON,LANCASHIRE,Standard,Addition,53.7805170000,-2.6621790000
155000,2020-12-23 00:00:00Z,PR2 9AH,Semi-Detached,Established,Freehold,37,,REDSANDS DRIVE,FULWOOD,PRESTON,PRESTON,LANCASHIRE,Standard,Addition,53.7866870000,-2.6695010000
175000,2020-07-06 00:00:00Z,PR2 9LU,Detached,Established,Freehold,64,,HAIGHTON DRIVE,FULWOOD,PRESTON,PRESTON,LANCASHIRE,Standard,Addition,53.7871180000,-2.6663210000
240833,2020-05-15 00:00:00Z,PR2 9PA,Detached,Established,Freehold,47,,TEIL GREEN,FULWOOD,PRESTON,PRESTON,LANCASHIRE,Standard,Addition,53.7896730000,-2.6674840000
243000,2020-06-30 00:00:00Z,PR2 5RW,Detached,Established,Freehold,42,,FULWOOD ROW,FULWOOD,PRESTON,PRESTON,LANCASHIRE,Standard,Addition,53.7848880000,-2.6600320000
75950,2020-01-10 00:00:00Z,PR2 6TA,Terraced,Established,Freehold,36,,GARSDALE ROAD,RIBBLETON,PRESTON,PRESTON,LANCASHIRE,Standard,Addition,53.7805170000,-2.6621790000
81175,2021-10-08 00:00:00Z,PR2 6TA,Terraced,Established,Freehold,28,,GARSDALE ROAD,RIBBLETON,PRESTON,PRESTON,LANCASHIRE,Additional,Addition,53.7805170000,-2.6621790000
100000,2021-10-14 00:00:00Z,PR2 6SY,Terraced,Established,Freehold,87,,HEATHFIELD DRIVE,RIBBLETON,PRESTON,PRESTON,LANCASHIRE,Additional,Addition,53.7815130000,-2.6624530000
145000,2021-01-22 00:00:00Z,PR2 6RP,Detached,Established,Freehold,50,,SION CLOSE,RIBBLETON,PRESTON,PRESTON,LANCASHIRE,Standard,Addition,53.7801930000,-2.6605500000
146000,2021-01-22 00:00:00Z,PR2 9LE,Terraced,Established,Freehold,2,,ASHDOWN MEWS,FULWOOD,PRESTON,PRESTON,LANCASHIRE,Standard,Addition,53.7893230000,-2.6689820000
225000,2021-11-26 00:00:00Z,PR2 9AN,Detached,Established,Freehold,6,,SPRINGSANDS CLOSE,FULWOOD,PRESTON,PRESTON,LANCASHIRE,Standard,Addition,53.7863950000,-2.6686010000
130000,2021-10-01 00:00:00Z,PR2 6RP,Semi-Detached,Established,Freehold,38,,SION CLOSE,RIBBLETON,PRESTON,PRESTON,LANCASHIRE,Standard,Addition,53.7801930000,-2.6605500000
265000,2021-08-06 00:00:00Z,PR2 5RW,Detached,Established,Freehold,46,,FULWOOD ROW,FULWOOD,PRESTON,PRESTON,LANCASHIRE,Additional,Addition,53.7848880000,-2.6600320000
85000,2021-02-22 00:00:00Z,PR2 6UX,Semi-Detached,Established,Freehold,48,,SILVERDALE DRIVE,RIBBLETON,PRESTON,PRESTON,LANCASHIRE,Additional,Addition,53.7826690000,-2.6695890000
85000,2021-03-01 00:00:00Z,PR2 6UJ,Terraced,Established,Freehold,27,,INGLETON ROAD,RIBBLETON,PRESTON,PRESTON,LANCASHIRE,Additional,Addition,53.7816820000,-2.6675550000
121000,2021-03-25 00:00:00Z,PR2 6TX,Terraced,Established,Freehold,515,,WATLING STREET ROAD,RIBBLETON,PRESTON,PRESTON,LANCASHIRE,Standard,Addition,53.7829920000,-2.6630830000
82500,2021-01-15 00:00:00Z,PR2 6SX,Terraced,Established,Leasehold,25,,HEATHFIELD DRIVE,RIBBLETON,PRESTON,PRESTON,LANCASHIRE,Standard,Addition,53.7805830000,-2.6664140000
100000,2021-03-18 00:00:00Z,PR2 6UX,Terraced,Established,Freehold,30,,SILVERDALE DRIVE,RIBBLETON,PRESTON,PRESTON,LANCASHIRE,Standard,Addition,53.7826690000,-2.6695890000
185000,2021-01-29 00:00:00Z,PR2 9AN,Detached,Established,Freehold,4,,SPRINGSANDS CLOSE,FULWOOD,PRESTON,PRESTON,LANCASHIRE,Standard,Addition,53.7863950000,-2.6686010000
127000,2021-08-20 00:00:00Z,PR2 6RP,Terraced,Established,Freehold,47,,SION CLOSE,RIBBLETON,PRESTON,PRESTON,LANCASHIRE,Standard,Addition,53.7801930000,-2.6605500000
255000,2021-11-15 00:00:00Z,PR2 9AR,Detached,Established,Freehold,15,,HEATHERWAY,FULWOOD,PRESTON,PRESTON,LANCASHIRE,Standard,Addition,53.7870610000,-2.6651970000
106000,2021-10-11 00:00:00Z,PR2 6SS,Semi-Detached,Established,Leasehold,23,,GISBURN ROAD,RIBBLETON,PRESTON,PRESTON,LANCASHIRE,Standard,Addition,53.7823510000,-2.6621020000
93000,2021-11-12 00:00:00Z,PR2 6SS,Terraced,Established,Freehold,75,,GISBURN ROAD,RIBBLETON,PRESTON,PRESTON,LANCASHIRE,Standard,Addition,53.7823510000,-2.6621020000
129055,2021-11-11 00:00:00Z,PR2 6RP,Semi-Detached,Established,Freehold,10,,SION CLOSE,RIBBLETON,PRESTON,PRESTON,LANCASHIRE,Standard,Addition,53.7801930000,-2.6605500000
94000,2021-04-13 00:00:00Z,PR2 6TJ,Terraced,Established,Freehold,93,,WESTFIELD DRIVE,RIBBLETON,PRESTON,PRESTON,LANCASHIRE,Standard,Addition,53.7814000000,-2.6666700000
170000,2021-05-26 00:00:00Z,PR2 6SP,Semi-Detached,Established,Freehold,4,,EAST VIEW FULWOOD ROW,RIBBLETON,PRESTON,PRESTON,LANCASHIRE,Standard,Addition,53.7842110000,-2.6604470000
132000,2021-08-27 00:00:00Z,PR2 6RP,Semi-Detached,Established,Freehold,40,,SION CLOSE,RIBBLETON,PRESTON,PRESTON,LANCASHIRE,Standard,Addition,53.7801930000,-2.6605500000
60000,2021-03-26 00:00:00Z,PR2 6TJ,Semi-Detached,Established,Freehold,69,,WESTFIELD DRIVE,RIBBLETON,PRESTON,PRESTON,LANCASHIRE,Standard,Addition,53.7814000000,-2.6666700000
234950,2021-05-12 00:00:00Z,PR2 9PD,Detached,Established,Freehold,22,,TEIL GREEN,FULWOOD,PRESTON,PRESTON,LANCASHIRE,Standard,Addition,53.7892210000,-2.6664150000
330000,2021-08-12 00:00:00Z,PR2 9LU,Detached,Established,Freehold,64,,HAIGHTON DRIVE,FULWOOD,PRESTON,PRESTON,LANCASHIRE,Standard,Addition,53.7871180000,-2.6663210000
115000,2021-08-18 00:00:00Z,PR2 6SQ,Terraced,Established,Freehold,10,,OAKWORTH AVENUE,RIBBLETON,PRESTON,PRESTON,LANCASHIRE,Standard,Addition,53.7826280000,-2.6603130000
109000,2021-09-10 00:00:00Z,PR2 6QX,Terraced,Established,Freehold,12,,TROUTBECK PLACE,RIBBLETON,PRESTON,PRESTON,LANCASHIRE,Standard,Addition,53.7837360000,-2.6618350000
102000,2021-09-24 00:00:00Z,PR2 6SY,Terraced,Established,Freehold,53,,HEATHFIELD DRIVE,RIBBLETON,PRESTON,PRESTON,LANCASHIRE,Standard,Addition,53.7815130000,-2.6624530000
175000,2021-10-15 00:00:00Z,PR2 9AH,Semi-Detached,Established,Freehold,14,,REDSANDS DRIVE,FULWOOD,PRESTON,PRESTON,LANCASHIRE,Standard,Addition,53.7866870000,-2.6695010000
159500,2021-02-26 00:00:00Z,PR2 9PD,Semi-Detached,Established,Freehold,18,,TEIL GREEN,FULWOOD,PRESTON,PRESTON,LANCASHIRE,Additional,Addition,53.7892210000,-2.6664150000
85000,2021-10-29 00:00:00Z,PR2 6SY,Terraced,Established,Freehold,73,,HEATHFIELD DRIVE,RIBBLETON,PRESTON,PRESTON,LANCASHIRE,Additional,Addition,53.7815130000,-2.6624530000
390000,2021-09-29 00:00:00Z,PR2 9LU,Detached,Established,Freehold,1,,HAIGHTON DRIVE,FULWOOD,PRESTON,PRESTON,LANCASHIRE,Standard,Addition,53.7871180000,-2.6663210000
147500,2021-06-11 00:00:00Z,PR2 9LE,Terraced,Established,Freehold,12,,ASHDOWN MEWS,FULWOOD,PRESTON,PRESTON,LANCASHIRE,Standard,Addition,53.7893230000,-2.6689820000
111000,2021-06-25 00:00:00Z,PR2 6QX,Terraced,Established,Freehold,13,,TROUTBECK PLACE,RIBBLETON,PRESTON,PRESTON,LANCASHIRE,Standard,Addition,53.7837360000,-2.6618350000
352000,2021-08-19 00:00:00Z,PR2 9PD,Detached,Established,Freehold,2,,TEIL GREEN,FULWOOD,PRESTON,PRESTON,LANCASHIRE,Standard,Addition,53.7892210000,-2.6664150000
251000,2021-06-04 00:00:00Z,PR2 9AR,Detached,Established,Freehold,19,,HEATHERWAY,FULWOOD,PRESTON,PRESTON,LANCASHIRE,Standard,Addition,53.7870610000,-2.6651970000
107000,2021-07-06 00:00:00Z,PR2 6UY,Terraced,Established,Freehold,59,,SILVERDALE DRIVE,RIBBLETON,PRESTON,PRESTON,LANCASHIRE,Standard,Addition,53.7834760000,-2.6666270000
135000,2021-08-27 00:00:00Z,PR2 6UX,Semi-Detached,Established,Freehold,36,,SILVERDALE DRIVE,RIBBLETON,PRESTON,PRESTON,LANCASHIRE,Standard,Addition,53.7826690000,-2.6695890000
217000,2021-10-29 00:00:00Z,PR2 9PD,Detached,Established,Freehold,62,,TEIL GREEN,FULWOOD,PRESTON,PRESTON,LANCASHIRE,Standard,Addition,53.7892210000,-2.6664150000
126000,2021-07-27 00:00:00Z,PR2 6TA,Terraced,Established,Freehold,47,,GARSDALE ROAD,RIBBLETON,PRESTON,PRESTON,LANCASHIRE,Standard,Addition,53.7805170000,-2.6621790000
171000,2021-07-15 00:00:00Z,PR2 9PA,Semi-Detached,Established,Freehold,39,,TEIL GREEN,FULWOOD,PRESTON,PRESTON,LANCASHIRE,Standard,Addition,53.7896730000,-2.6674840000
76000,2021-12-01 00:00:00Z,PR2 6UJ,Terraced,Established,Leasehold,21,,INGLETON ROAD,RIBBLETON,PRESTON,PRESTON,LANCASHIRE,Additional,Addition,53.7816820000,-2.6675550000
565000,2021-09-21 00:00:00Z,PR2 5RU,Detached,Established,Freehold,HIGHFIELD HOUSE,,FULWOOD ROW,FULWOOD,PRESTON,PRESTON,LANCASHIRE,Standard,Addition,53.7897240000,-2.6647830000
115000,2021-09-13 00:00:00Z,PR2 6SQ,Terraced,Established,Freehold,33,,OAKWORTH AVENUE,RIBBLETON,PRESTON,PRESTON,LANCASHIRE,Additional,Addition,53.7826280000,-2.6603130000
97950,2021-10-08 00:00:00Z,PR2 6SY,Terraced,Established,Freehold,114,,HEATHFIELD DRIVE,RIBBLETON,PRESTON,PRESTON,LANCASHIRE,Additional,Addition,53.7815130000,-2.6624530000
95000,2021-04-23 00:00:00Z,PR2 6UJ,Terraced,Established,Freehold,16,,INGLETON ROAD,RIBBLETON,PRESTON,PRESTON,LANCASHIRE,Standard,Addition,53.7816820000,-2.6675550000
114950,2021-06-25 00:00:00Z,PR2 6QU,Terraced,Established,Freehold,18,,AMBLESIDE ROAD,RIBBLETON,PRESTON,PRESTON,LANCASHIRE,Standard,Addition,53.7841480000,-2.6621300000
115000,2021-12-15 00:00:00Z,PR2 6SS,Terraced,Established,Freehold,61,,GISBURN ROAD,RIBBLETON,PRESTON,PRESTON,LANCASHIRE,Standard,Addition,53.7823510000,-2.6621020000
500000,2021-07-31 00:00:00Z,PR2 6RP,Detached,Established,Freehold,52,,SION CLOSE,RIBBLETON,PRESTON,PRESTON,LANCASHIRE,Additional,Addition,53.7801930000,-2.6605500000
50000,2021-04-23 00:00:00Z,PR2 6XH,Terraced,Established,Freehold,11,,WHARFEDALE AVENUE,RIBBLETON,PRESTON,PRESTON,LANCASHIRE,Additional,Addition,53.7828800000,-2.6672400000
100000,2021-12-03 00:00:00Z,PR2 6TA,Terraced,Established,Freehold,54,,GARSDALE ROAD,RIBBLETON,PRESTON,PRESTON,LANCASHIRE,Additional,Addition,53.7805170000,-2.6621790000
95000,2021-03-30 00:00:00Z,PR2 6SX,Terraced,Established,Leasehold,37,,HEATHFIELD DRIVE,RIBBLETON,PRESTON,PRESTON,LANCASHIRE,Standard,Addition,53.7805830000,-2.6664140000
270000,2021-03-11 00:00:00Z,PR2 9PA,Detached,Established,Freehold,61,,TEIL GREEN,FULWOOD,PRESTON,PRESTON,LANCASHIRE,Standard,Addition,53.7896730000,-2.6674840000
135000,2021-05-26 00:00:00Z,PR2 6XA,Terraced,Established,Freehold,6,,HALSTEAD ROAD,RIBBLETON,PRESTON,PRESTON,LANCASHIRE,Standard,Addition,53.7835650000,-2.6684350000
80000,2021-05-21 00:00:00Z,PR2 6SS,Terraced,Established,Leasehold,33,,GISBURN ROAD,RIBBLETON,PRESTON,PRESTON,LANCASHIRE,Standard,Addition,53.7823510000,-2.6621020000
94000,2021-03-26 00:00:00Z,PR2 6QU,Terraced,Established,Freehold,9,,AMBLESIDE ROAD,RIBBLETON,PRESTON,PRESTON,LANCASHIRE,Standard,Addition,53.7841480000,-2.6621300000
120000,2022-01-20 00:00:00Z,PR2 6TJ,Semi-Detached,Established,Freehold,69,,WESTFIELD DRIVE,RIBBLETON,PRESTON,PRESTON,LANCASHIRE,Standard,Addition,53.7814000000,-2.6666700000
146000,2022-03-31 00:00:00Z,PR2 9LE,Terraced,Established,Freehold,11,,ASHDOWN MEWS,FULWOOD,PRESTON,PRESTON,LANCASHIRE,Standard,Addition,53.7893230000,-2.6689820000
225000,2022-02-17 00:00:00Z,PR2 9AR,Detached,Established,Freehold,7,,HEATHERWAY,FULWOOD,PRESTON,PRESTON,LANCASHIRE,Standard,Addition,53.7870610000,-2.6651970000
100000,2022-02-18 00:00:00Z,PR2 6UY,Terraced,Established,Freehold,50,,SILVERDALE DRIVE,RIBBLETON,PRESTON,PRESTON,LANCASHIRE,Standard,Addition,53.7834760000,-2.6666270000
215000,2022-01-28 00:00:00Z,PR2 9LU,Detached,Established,Freehold,61,,HAIGHTON DRIVE,FULWOOD,PRESTON,PRESTON,LANCASHIRE,Additional,Addition,53.7871180000,-2.6663210000
