45000,1995-02-10 00:00:00Z,LS28 8EN,Semi-Detached,Established,Freehold,55,,MOORLAND ROAD,PUDSEY,PUDSEY,LEEDS,WEST YORKSHIRE,Standard,Addition,53.8025760000,-1.6943500000
49500,1995-10-27 00:00:00Z,LS28 8EF,Semi-Detached,Established,Freehold,50,,PECKOVER DRIVE,PUDSEY,PUDSEY,LEEDS,WEST YORKSHIRE,Standard,Addition,53.8012450000,-1.6975180000
51000,1995-04-13 00:00:00Z,LS28 8EJ,Semi-Detached,Established,Freehold,32,,MOORLAND ROAD,PUDSEY,PUDSEY,LEEDS,WEST YORKSHIRE,Standard,Addition,53.8022260000,-1.6948390000
52000,1995-01-20 00:00:00Z,LS28 8EH,Semi-Detached,Established,Freehold,47,,PECKOVER DRIVE,PUDSEY,PUDSEY,LEEDS,WEST YORKSHIRE,Standard,Addition,53.8016550000,-1.6972160000
79000,1995-02-19 00:00:00Z,LS28 7TT,Detached,Established,Freehold,2,,WOODHALL LANE,STANNINGLEY,PUDSEY,LEEDS,WEST YORKSHIRE,Standard,Addition,53.8063940000,-1.6933510000
39950,1995-01-12 00:00:00Z,LS28 8EL,Semi-Detached,Established,Freehold,29,,CALVERLEY MOOR AVENUE,PUDSEY,PUDSEY,LEEDS,WEST YORKSHIRE,Standard,Addition,53.8029270000,-1.6945450000
42000,1995-11-30 00:00:00Z,LS28 8EP,Semi-Detached,Established,Freehold,20,,MOORLAND GROVE,PUDSEY,PUDSEY,LEEDS,WEST YORKSHIRE,Standard,Addition,53.8015770000,-1.6937050000
42000,1995-01-27 00:00:00Z,LS28 8EN,Semi-Detached,Established,Freehold,9,,MOORLAND ROAD,PUDSEY,PUDSEY,LEEDS,WEST YORKSHIRE,Standard,Addition,53.8025760000,-1.6943500000
41250,1995-05-31 00:00:00Z,LS28 8JR,Semi-Detached,Established,Freehold,16,,GALLOWAY LANE,PUDSEY,PUDSEY,LEEDS,WEST YORKSHIRE,Standard,Addition,53.8026680000,-1.6917230000
45000,1995-04-05 00:00:00Z,LS28 8EL,Semi-Detached,Established,Freehold,50,,CALVERLEY MOOR AVENUE,PUDSEY,PUDSEY,LEEDS,WEST YORKSHIRE,Standard,Addition,53.8029270000,-1.6945450000
49950,1995-10-20 00:00:00Z,LS28 8EU,Semi-Detached,Established,Freehold,3,,DALESIDE CLOSE,PUDSEY,PUDSEY,LEEDS,WEST YORKSHIRE,Standard,Addition,53.8019230000,-1.6989250000
35000,1995-11-22 00:00:00Z,LS28 8EJ,Semi-Detached,Established,Freehold,12,,MOORLAND ROAD,PUDSEY,PUDSEY,LEEDS,WEST YORKSHIRE,Standard,Addition,53.8022260000,-1.6948390000
37000,1995-03-30 00:00:00Z,LS28 8ES,Semi-Detached,Established,Freehold,498,,BRADFORD ROAD,PUDSEY,PUDSEY,LEEDS,WEST YORKSHIRE,Standard,Addition,53.8032860000,-1.6979890000
37500,1995-07-28 00:00:00Z,LS28 8JR,Semi-Detached,Established,Freehold,6,,GALLOWAY LANE,PUDSEY,PUDSEY,BRADFORD,WEST YORKSHIRE,Standard,Addition,53.8026680000,-1.6917230000
32000,1995-06-09 00:00:00Z,LS28 8ED,Semi-Detached,Established,Freehold,463,,BRADFORD ROAD,PUDSEY,PUDSEY,LEEDS,WEST YORKSHIRE,Standard,Addition,53.8034380000,-1.6951380000
43000,1995-04-21 00:00:00Z,LS28 8EL,Semi-Detached,Established,Freehold,13,,CALVERLEY MOOR AVENUE,PUDSEY,PUDSEY,LEEDS,WEST YORKSHIRE,Standard,Addition,53.8029270000,-1.6945450000
47000,1995-06-23 00:00:00Z,LS28 8EL,Semi-Detached,Established,Freehold,15,,CALVERLEY MOOR AVENUE,PUDSEY,PUDSEY,LEEDS,WEST YORKSHIRE,Standard,Addition,53.8029270000,-1.6945450000
33000,1995-08-25 00:00:00Z,LS28 8EY,Semi-Detached,Established,Freehold,2,,DUCKETT GROVE,PUDSEY,PUDSEY,BRADFORD,WEST YORKSHIRE,Standard,Addition,53.8015230000,-1.6985680000
133000,1995-05-15 00:00:00Z,LS28 7HE,Detached,Established,Freehold,4,,WOODHALL PARK MOUNT,STANNINGLEY,PUDSEY,LEEDS,WEST YORKSHIRE,Standard,Addition,53.8070980000,-1.6910980000
44000,1995-03-31 00:00:00Z,LS28 8EL,Semi-Detached,Established,Freehold,20,,CALVERLEY MOOR AVENUE,PUDSEY,PUDSEY,LEEDS,WEST YORKSHIRE,Standard,Addition,53.8029270000,-1.6945450000
52000,1995-10-13 00:00:00Z,LS28 8ER,Semi-Detached,Established,Freehold,12,,MOORLAND DRIVE,PUDSEY,PUDSEY,LEEDS,WEST YORKSHIRE,Standard,Addition,53.8020780000,-1.6928660000
51000,1995-08-18 00:00:00Z,LS28 8JS,Semi-Detached,Established,Freehold,17,,CHATSWORTH ROAD,PUDSEY,PUDSEY,LEEDS,WEST YORKSHIRE,Standard,Addition,53.8008160000,-1.6912510000
53000,1995-06-02 00:00:00Z,LS28 8JU,Semi-Detached,Established,Freehold,3,,CHATSWORTH AVENUE,PUDSEY,PUDSEY,LEEDS,WEST YORKSHIRE,Standard,Addition,53.8008560000,-1.6928450000
42000,1995-05-26 00:00:00Z,LS28 8JS,Semi-Detached,Established,Freehold,13,,CHATSWORTH ROAD,PUDSEY,PUDSEY,LEEDS,WEST YORKSHIRE,Standard,Addition,53.8008160000,-1.6912510000
162500,1995-09-04 00:00:00Z,LS28 7UE,Detached,Established,Freehold,3,,THE GLADE,STANNINGLEY,PUDSEY,LEEDS,WEST YORKSHIRE,Standard,Addition,53.8086330000,-1.6938050000
49950,1995-02-14 00:00:00Z,LS28 8ED,Semi-Detached,Established,Freehold,423,,BRADFORD ROAD,PUDSEY,PUDSEY,LEEDS,WEST YORKSHIRE,Standard,Addition,53.8034380000,-1.6951380000
36000,1995-05-12 00:00:00Z,LS28 8EP,Terraced,Established,Freehold,22,,MOORLAND GROVE,PUDSEY,PUDSEY,LEEDS,WEST YORKSHIRE,Standard,Addition,53.8015770000,-1.6937050000
55000,1995-03-02 00:00:00Z,LS28 7UG,Semi-Detached,Established,Freehold,33,,GALLOWAY LANE,PUDSEY,PUDSEY,LEEDS,WEST YORKSHIRE,Standard,Addition,53.8026300000,-1.6909790000
55500,1996-11-29 00:00:00Z,LS28 8EH,Semi-Detached,Established,Freehold,43,,PECKOVER DRIVE,PUDSEY,PUDSEY,LEEDS,WEST YORKSHIRE,Standard,Addition,53.8016550000,-1.6972160000
44000,1996-11-22 00:00:00Z,LS28 8EL,Semi-Detached,Established,Freehold,10,,CALVERLEY MOOR AVENUE,PUDSEY,PUDSEY,LEEDS,WEST YORKSHIRE,Standard,Addition,53.8029270000,-1.6945450000
51500,1996-08-16 00:00:00Z,LS28 8EX,Semi-Detached,Established,Freehold,11,,DALESIDE ROAD,PUDSEY,PUDSEY,LEEDS,WEST YORKSHIRE,Standard,Addition,53.8009080000,-1.6992830000
36500,1996-02-29 00:00:00Z,LS28 8EJ,Semi-Detached,Established,Freehold,6,,MOORLAND ROAD,PUDSEY,PUDSEY,LEEDS,WEST YORKSHIRE,Standard,Addition,53.8022260000,-1.6948390000
39250,1996-06-03 00:00:00Z,LS28 8EJ,Semi-Detached,Established,Freehold,14,,MOORLAND ROAD,PUDSEY,PUDSEY,LEEDS,WEST YORKSHIRE,Standard,Addition,53.8022260000,-1.6948390000
91250,1996-02-01 00:00:00Z,LS28 7EZ,Semi-Detached,Established,Freehold,5,,WOODHALL PARK CRESCENT WEST,STANNINGLEY,PUDSEY,LEEDS,WEST YORKSHIRE,Standard,Addition,53.8056340000,-1.6914130000
47500,1996-04-12 00:00:00Z,LS28 8EW,Semi-Detached,Established,Freehold,2,,MOORLAND CRESCENT,PUDSEY,PUDSEY,LEEDS,WEST YORKSHIRE,Standard,Addition,53.8019800000,-1.6965870000
59950,1996-10-14 00:00:00Z,LS28 7HQ,Semi-Detached,Established,Freehold,385,,BRADFORD ROAD,STANNINGLEY,PUDSEY,LEEDS,WEST YORKSHIRE,Standard,Addition,53.8043550000,-1.6904500000
34000,1996-11-28 00:00:00Z,LS28 8EL,Semi-Detached,Established,Freehold,36,,CALVERLEY MOOR AVENUE,PUDSEY,PUDSEY,LEEDS,WEST YORKSHIRE,Standard,Addition,53.8029270000,-1.6945450000
49500,1996-05-17 00:00:00Z,LS28 8EH,Semi-Detached,Established,Freehold,57,,PECKOVER DRIVE,PUDSEY,PUDSEY,LEEDS,WEST YORKSHIRE,Standard,Addition,53.8016550000,-1.6972160000
35500,1996-02-26 00:00:00Z,LS28 8EN,Semi-Detached,Established,Freehold,37,,MOORLAND ROAD,PUDSEY,PUDSEY,LEEDS,WEST YORKSHIRE,Standard,Addition,53.8025760000,-1.6943500000
36500,1996-03-04 00:00:00Z,LS28 8EW,Semi-Detached,Established,Freehold,4,,MOORLAND CRESCENT,PUDSEY,PUDSEY,LEEDS,WEST YORKSHIRE,Standard,Addition,53.8019800000,-1.6965870000
46000,1996-12-13 00:00:00Z,LS28 8EJ,Semi-Detached,Established,Freehold,64,,MOORLAND ROAD,PUDSEY,PUDSEY,LEEDS,WEST YORKSHIRE,Standard,Addition,53.8022260000,-1.6948390000
42000,1996-03-29 00:00:00Z,LS28 8ER,Semi-Detached,Established,Freehold,7,,MOORLAND DRIVE,PUDSEY,PUDSEY,LEEDS,WEST YORKSHIRE,Standard,Addition,53.8020780000,-1.6928660000
101000,1996-10-31 00:00:00Z,LS28 7EY,Detached,Established,Freehold,5,,WOODHALL PARK DRIVE,STANNINGLEY,PUDSEY,LEEDS,WEST YORKSHIRE,Standard,Addition,53.8059270000,-1.6900290000
42000,1996-11-01 00:00:00Z,LS28 8EH,Semi-Detached,Established,Freehold,33,,PECKOVER DRIVE,PUDSEY,PUDSEY,LEEDS,WEST YORKSHIRE,Standard,Addition,53.8016550000,-1.6972160000
146000,1996-10-31 00:00:00Z,LS28 7HE,Detached,Established,Freehold,20,,WOODHALL PARK MOUNT,STANNINGLEY,PUDSEY,LEEDS,WEST YORKSHIRE,Standard,Addition,53.8070980000,-1.6910980000
53500,1996-09-17 00:00:00Z,LS28 7UG,Semi-Detached,Established,Freehold,23,,GALLOWAY LANE,PUDSEY,PUDSEY,LEEDS,WEST YORKSHIRE,Standard,Addition,53.8026300000,-1.6909790000
48000,1996-01-26 00:00:00Z,LS28 8RA,Flats/Maisonettes,New Build,Leasehold,24,,GALLOWAY COURT,PUDSEY,PUDSEY,LEEDS,WEST YORKSHIRE,Standard,Addition,53.8016270000,-1.6922920000
47500,1996-05-01 00:00:00Z,LS28 8EW,Semi-Detached,Established,Freehold,16,,MOORLAND CRESCENT,PUDSEY,PUDSEY,LEEDS,WEST YORKSHIRE,Standard,Addition,53.8019800000,-1.6965870000
59000,1996-05-24 00:00:00Z,LS28 8JU,Semi-Detached,Established,Freehold,1,,CHATSWORTH AVENUE,PUDSEY,PUDSEY,LEEDS,WEST YORKSHIRE,Standard,Addition,53.8008560000,-1.6928450000
59995,1996-11-19 00:00:00Z,LS28 7TT,Detached,Established,Freehold,8,,WOODHALL LANE,STANNINGLEY,PUDSEY,LEEDS,WEST YORKSHIRE,Standard,Addition,53.8063940000,-1.6933510000
45200,1996-07-26 00:00:00Z,LS28 8EN,Semi-Detached,Established,Freehold,15,,MOORLAND ROAD,PUDSEY,PUDSEY,LEEDS,WEST YORKSHIRE,Standard,Addition,53.8025760000,-1.6943500000
47450,1996-05-23 00:00:00Z,LS28 8EP,Semi-Detached,Established,Freehold,3,,MOORLAND GROVE,PUDSEY,PUDSEY,LEEDS,WEST YORKSHIRE,Standard,Addition,53.8015770000,-1.6937050000
50000,1997-12-22 00:00:00Z,LS28 8ED,Semi-Detached,Established,Freehold,451,,BRADFORD ROAD,PUDSEY,PUDSEY,LEEDS,WEST YORKSHIRE,Standard,Addition,53.8034380000,-1.6951380000
48000,1997-04-18 00:00:00Z,LS28 8RA,Flats/Maisonettes,New Build,Leasehold,18,,GALLOWAY COURT,PUDSEY,PUDSEY,LEEDS,WEST YORKSHIRE,Standard,Addition,53.8016270000,-1.6922920000
128000,1997-10-07 00:00:00Z,LS28 7TT,Semi-Detached,Established,Freehold,28,,WOODHALL LANE,STANNINGLEY,PUDSEY,LEEDS,WEST YORKSHIRE,Standard,Addition,53.8063940000,-1.6933510000
59999,1997-09-26 00:00:00Z,LS28 8EH,Semi-Detached,Established,Freehold,37,,PECKOVER DRIVE,PUDSEY,PUDSEY,LEEDS,WEST YORKSHIRE,Standard,Addition,53.8016550000,-1.6972160000
48000,1997-02-21 00:00:00Z,LS28 8RA,Flats/Maisonettes,Established,Leasehold,17,,GALLOWAY COURT,PUDSEY,PUDSEY,LEEDS,WEST YORKSHIRE,Standard,Addition,53.8016270000,-1.6922920000
42500,1997-06-02 00:00:00Z,LS28 7HQ,Semi-Detached,Established,Freehold,391,,BRADFORD ROAD,STANNINGLEY,PUDSEY,LEEDS,WEST YORKSHIRE,Standard,Addition,53.8043550000,-1.6904500000
53000,1997-10-17 00:00:00Z,LS28 7TR,Terraced,Established,Freehold,3,,WOODHALL LANE,STANNINGLEY,PUDSEY,LEEDS,WEST YORKSHIRE,Standard,Addition,53.8048360000,-1.6935180000
86000,1997-02-24 00:00:00Z,LS28 7TX,Detached,Established,Freehold,15,,WOODHALL CLOSE,STANNINGLEY,PUDSEY,LEEDS,WEST YORKSHIRE,Standard,Addition,53.8076590000,-1.6926130000
59500,1997-06-06 00:00:00Z,LS28 8EL,Semi-Detached,Established,Freehold,71,,CALVERLEY MOOR AVENUE,PUDSEY,PUDSEY,LEEDS,WEST YORKSHIRE,Standard,Addition,53.8029270000,-1.6945450000
35500,1997-11-14 00:00:00Z,LS28 8EP,Semi-Detached,Established,Freehold,36,,MOORLAND GROVE,PUDSEY,PUDSEY,LEEDS,WEST YORKSHIRE,Standard,Addition,53.8015770000,-1.6937050000
87500,1997-07-31 00:00:00Z,LS28 7EZ,Semi-Detached,Established,Freehold,10,,WOODHALL PARK CRESCENT WEST,STANNINGLEY,PUDSEY,LEEDS,WEST YORKSHIRE,Standard,Addition,53.8056340000,-1.6914130000
42500,1997-11-27 00:00:00Z,LS28 7TR,Terraced,Established,Freehold,7,,WOODHALL LANE,STANNINGLEY,PUDSEY,LEEDS,WEST YORKSHIRE,Standard,Addition,53.8048360000,-1.6935180000
62500,1997-08-29 00:00:00Z,LS28 5NZ,Detached,Established,Leasehold,65,,WOODHALL LANE,STANNINGLEY,PUDSEY,LEEDS,WEST YORKSHIRE,Standard,Addition,53.8090740000,-1.6952950000
48000,1997-02-07 00:00:00Z,LS28 7HQ,Semi-Detached,Established,Freehold,397,,BRADFORD ROAD,STANNINGLEY,PUDSEY,LEEDS,WEST YORKSHIRE,Standard,Addition,53.8043550000,-1.6904500000
44995,1997-07-18 00:00:00Z,LS28 8EW,Semi-Detached,Established,Freehold,7,,MOORLAND CRESCENT,PUDSEY,PUDSEY,LEEDS,WEST YORKSHIRE,Standard,Addition,53.8019800000,-1.6965870000
115000,1997-01-22 00:00:00Z,LS28 7TU,Detached,Established,Freehold,10,,WOODHALL CROFT,STANNINGLEY,PUDSEY,LEEDS,WEST YORKSHIRE,Standard,Addition,53.8086130000,-1.6933190000
45400,1997-10-24 00:00:00Z,LS28 8EL,Semi-Detached,Established,Freehold,19,,CALVERLEY MOOR AVENUE,PUDSEY,PUDSEY,LEEDS,WEST YORKSHIRE,Standard,Addition,53.8029270000,-1.6945450000
56000,1997-10-23 00:00:00Z,LS28 8EU,Semi-Detached,Established,Freehold,7,,DALESIDE CLOSE,PUDSEY,PUDSEY,LEEDS,WEST YORKSHIRE,Standard,Addition,53.8019230000,-1.6989250000
57000,1997-10-31 00:00:00Z,LS28 8EJ,Semi-Detached,Established,Freehold,36,,MOORLAND ROAD,PUDSEY,PUDSEY,LEEDS,WEST YORKSHIRE,Standard,Addition,53.8022260000,-1.6948390000
50500,1997-10-15 00:00:00Z,LS28 8ED,Semi-Detached,Established,Freehold,451,,BRADFORD ROAD,PUDSEY,PUDSEY,LEEDS,WEST YORKSHIRE,Standard,Addition,53.8034380000,-1.6951380000
51000,1997-07-18 00:00:00Z,LS28 8JT,Semi-Detached,Established,Freehold,1,,CHATSWORTH DRIVE,PUDSEY,PUDSEY,LEEDS,WEST YORKSHIRE,Standard,Addition,53.8012640000,-1.6919810000
33600,1997-09-23 00:00:00Z,LS28 8RA,Flats/Maisonettes,Established,Leasehold,17,,GALLOWAY COURT,PUDSEY,PUDSEY,LEEDS,WEST YORKSHIRE,Standard,Addition,53.8016270000,-1.6922920000
41000,1997-12-19 00:00:00Z,LS28 8ED,Semi-Detached,Established,Freehold,419,,BRADFORD ROAD,PUDSEY,PUDSEY,LEEDS,WEST YORKSHIRE,Standard,Addition,53.8034380000,-1.6951380000
45000,1997-01-30 00:00:00Z,LS28 8EL,Semi-Detached,Established,Freehold,7,,CALVERLEY MOOR AVENUE,PUDSEY,PUDSEY,LEEDS,WEST YORKSHIRE,Standard,Addition,53.8029270000,-1.6945450000
45000,1997-12-30 00:00:00Z,LS28 7TR,Semi-Detached,Established,Freehold,1,,WOODHALL LANE,STANNINGLEY,PUDSEY,LEEDS,WEST YORKSHIRE,Standard,Addition,53.8048360000,-1.6935180000
45000,1997-10-29 00:00:00Z,LS28 8EN,Semi-Detached,Established,Freehold,51,,MOORLAND ROAD,PUDSEY,PUDSEY,LEEDS,WEST YORKSHIRE,Standard,Addition,53.8025760000,-1.6943500000
97000,1997-06-12 00:00:00Z,LS28 7TT,Detached,Established,Freehold,34,,WOODHALL LANE,STANNINGLEY,PUDSEY,LEEDS,WEST YORKSHIRE,Standard,Addition,53.8063940000,-1.6933510000
53000,1997-08-08 00:00:00Z,LS28 8JU,Semi-Detached,Established,Freehold,8,,CHATSWORTH AVENUE,PUDSEY,PUDSEY,LEEDS,WEST YORKSHIRE,Standard,Addition,53.8008560000,-1.6928450000
47750,1997-08-29 00:00:00Z,LS28 8EW,Semi-Detached,Established,Freehold,11,,MOORLAND CRESCENT,PUDSEY,PUDSEY,LEEDS,WEST YORKSHIRE,Standard,Addition,53.8019800000,-1.6965870000
65000,1997-01-28 00:00:00Z,LS28 8JR,Semi-Detached,Established,Freehold,52,,GALLOWAY LANE,PUDSEY,PUDSEY,LEEDS,WEST YORKSHIRE,Standard,Addition,53.8026680000,-1.6917230000
45000,1997-10-03 00:00:00Z,LS28 8EJ,Semi-Detached,Established,Freehold,18,,MOORLAND ROAD,PUDSEY,PUDSEY,LEEDS,WEST YORKSHIRE,Standard,Addition,53.8022260000,-1.6948390000
46000,1997-11-14 00:00:00Z,LS28 8EJ,Semi-Detached,Established,Freehold,46,,MOORLAND ROAD,PUDSEY,PUDSEY,LEEDS,WEST YORKSHIRE,Standard,Addition,53.8022260000,-1.6948390000
46000,1997-09-26 00:00:00Z,LS28 8EJ,Semi-Detached,Established,Freehold,30,,MOORLAND ROAD,PUDSEY,PUDSEY,LEEDS,WEST YORKSHIRE,Standard,Addition,53.8022260000,-1.6948390000
40500,1997-12-29 00:00:00Z,LS28 8ER,Semi-Detached,Established,Freehold,26,,MOORLAND DRIVE,PUDSEY,PUDSEY,LEEDS,WEST YORKSHIRE,Standard,Addition,53.8020780000,-1.6928660000
66000,1997-08-08 00:00:00Z,LS28 7TU,Terraced,Established,Freehold,17,,WOODHALL CROFT,STANNINGLEY,PUDSEY,LEEDS,WEST YORKSHIRE,Standard,Addition,53.8086130000,-1.6933190000
48000,1997-05-02 00:00:00Z,LS28 8EL,Semi-Detached,Established,Freehold,20,,CALVERLEY MOOR AVENUE,PUDSEY,PUDSEY,LEEDS,WEST YORKSHIRE,Standard,Addition,53.8029270000,-1.6945450000
45750,1997-01-31 00:00:00Z,LS28 8EJ,Semi-Detached,Established,Freehold,54,,MOORLAND ROAD,PUDSEY,PUDSEY,LEEDS,WEST YORKSHIRE,Standard,Addition,53.8022260000,-1.6948390000
56000,1997-08-22 00:00:00Z,LS28 8ER,Semi-Detached,Established,Freehold,15,,MOORLAND DRIVE,PUDSEY,PUDSEY,LEEDS,WEST YORKSHIRE,Standard,Addition,53.8020780000,-1.6928660000
52000,1997-10-31 00:00:00Z,LS28 8JR,Semi-Detached,Established,Freehold,8,,GALLOWAY LANE,PUDSEY,PUDSEY,LEEDS,WEST YORKSHIRE,Standard,Addition,53.8026680000,-1.6917230000
46000,1998-12-17 00:00:00Z,LS28 8EW,Semi-Detached,Established,Freehold,3,,MOORLAND CRESCENT,PUDSEY,PUDSEY,LEEDS,WEST YORKSHIRE,Standard,Addition,53.8019800000,-1.6965870000
190000,1998-07-17 00:00:00Z,LS28 7HE,Detached,Established,Freehold,8A,,WOODHALL PARK MOUNT,STANNINGLEY,PUDSEY,LEEDS,WEST YORKSHIRE,Standard,Addition,53.8070980000,-1.6910980000
46000,1998-07-22 00:00:00Z,LS28 8EF,Semi-Detached,Established,Freehold,58,,PECKOVER DRIVE,PUDSEY,PUDSEY,LEEDS,WEST YORKSHIRE,Standard,Addition,53.8012450000,-1.6975180000
38950,1998-06-26 00:00:00Z,LS28 8EL,Semi-Detached,Established,Freehold,23,,CALVERLEY MOOR AVENUE,PUDSEY,PUDSEY,LEEDS,WEST YORKSHIRE,Standard,Addition,53.8029270000,-1.6945450000
51000,1998-03-27 00:00:00Z,LS28 7TR,Terraced,Established,Freehold,5,,WOODHALL LANE,STANNINGLEY,PUDSEY,LEEDS,WEST YORKSHIRE,Standard,Addition,53.8048360000,-1.6935180000
95500,1998-11-26 00:00:00Z,LS28 7EZ,Semi-Detached,Established,Freehold,5,,WOODHALL PARK CRESCENT WEST,STANNINGLEY,PUDSEY,LEEDS,WEST YORKSHIRE,Standard,Addition,53.8056340000,-1.6914130000
86000,1998-05-22 00:00:00Z,LS28 7TT,Detached,Established,Freehold,8,,WOODHALL LANE,STANNINGLEY,PUDSEY,LEEDS,WEST YORKSHIRE,Standard,Addition,53.8063940000,-1.6933510000
54500,1998-04-30 00:00:00Z,LS28 8EU,Semi-Detached,Established,Freehold,7,,DALESIDE CLOSE,PUDSEY,PUDSEY,LEEDS,WEST YORKSHIRE,Standard,Addition,53.8019230000,-1.6989250000
50000,1998-03-27 00:00:00Z,LS28 8JT,Semi-Detached,Established,Freehold,6,,CHATSWORTH DRIVE,PUDSEY,PUDSEY,LEEDS,WEST YORKSHIRE,Standard,Addition,53.8012640000,-1.6919810000
54500,1998-07-24 00:00:00Z,LS28 8EY,Semi-Detached,Established,Freehold,5,,DUCKETT GROVE,PUDSEY,PUDSEY,LEEDS,WEST YORKSHIRE,Standard,Addition,53.8015230000,-1.6985680000
59000,1998-09-18 00:00:00Z,LS28 7UG,Semi-Detached,Established,Freehold,17,,GALLOWAY LANE,PUDSEY,PUDSEY,LEEDS,WEST YORKSHIRE,Standard,Addition,53.8026300000,-1.6909790000
180000,1998-11-27 00:00:00Z,LS28 7HB,Detached,Established,Freehold,20,,WOODHALL PARK GROVE,STANNINGLEY,PUDSEY,LEEDS,WEST YORKSHIRE,Standard,Addition,53.8066840000,-1.6910860000
50500,1998-07-17 00:00:00Z,LS28 8EN,Semi-Detached,Established,Freehold,11,,MOORLAND ROAD,PUDSEY,PUDSEY,KIRKLEES,WEST YORKSHIRE,Standard,Addition,53.8025760000,-1.6943500000
89000,1998-12-18 00:00:00Z,LS28 7TT,Detached,Established,Freehold,16,,WOODHALL LANE,STANNINGLEY,PUDSEY,LEEDS,WEST YORKSHIRE,Standard,Addition,53.8063940000,-1.6933510000
59500,1998-03-06 00:00:00Z,LS28 7QT,Semi-Detached,Established,Freehold,1,,EDEROYD RISE,STANNINGLEY,PUDSEY,LEEDS,WEST YORKSHIRE,Standard,Addition,53.8033410000,-1.6911870000
39150,1998-02-27 00:00:00Z,LS28 8EL,Semi-Detached,Established,Freehold,9,,CALVERLEY MOOR AVENUE,PUDSEY,PUDSEY,LEEDS,WEST YORKSHIRE,Standard,Addition,53.8029270000,-1.6945450000
45000,1998-05-22 00:00:00Z,LS28 8EL,Semi-Detached,Established,Freehold,3,,CALVERLEY MOOR AVENUE,PUDSEY,PUDSEY,LEEDS,WEST YORKSHIRE,Standard,Addition,53.8029270000,-1.6945450000
45000,1998-12-10 00:00:00Z,LS28 8EN,Semi-Detached,Established,Freehold,17,,MOORLAND ROAD,PUDSEY,PUDSEY,LEEDS,WEST YORKSHIRE,Standard,Addition,53.8025760000,-1.6943500000
64550,1998-10-12 00:00:00Z,LS28 8EU,Semi-Detached,Established,Freehold,10,,DALESIDE CLOSE,PUDSEY,PUDSEY,LEEDS,WEST YORKSHIRE,Standard,Addition,53.8019230000,-1.6989250000
35000,1998-05-28 00:00:00Z,LS28 8EL,Semi-Detached,Established,Freehold,27,,CALVERLEY MOOR AVENUE,PUDSEY,PUDSEY,LEEDS,WEST YORKSHIRE,Standard,Addition,53.8029270000,-1.6945450000
33600,1998-02-13 00:00:00Z,LS28 8RA,Flats/Maisonettes,Established,Leasehold,18,,GALLOWAY COURT,PUDSEY,PUDSEY,LEEDS,WEST YORKSHIRE,Standard,Addition,53.8016270000,-1.6922920000
60000,1998-06-05 00:00:00Z,LS28 7UG,Semi-Detached,Established,Freehold,3,,GALLOWAY LANE,PUDSEY,PUDSEY,LEEDS,WEST YORKSHIRE,Standard,Addition,53.8026300000,-1.6909790000
89000,1998-03-06 00:00:00Z,LS28 7TT,Semi-Detached,Established,Freehold,14,,WOODHALL LANE,STANNINGLEY,PUDSEY,LEEDS,WEST YORKSHIRE,Standard,Addition,53.8063940000,-1.6933510000
50000,1998-12-04 00:00:00Z,LS28 7HQ,Semi-Detached,Established,Freehold,389,,BRADFORD ROAD,STANNINGLEY,PUDSEY,LEEDS,WEST YORKSHIRE,Standard,Addition,53.8043550000,-1.6904500000
39785,1998-01-08 00:00:00Z,LS28 5NZ,Detached,Established,Leasehold,61,,WOODHALL LANE,STANNINGLEY,PUDSEY,LEEDS,WEST YORKSHIRE,Standard,Addition,53.8090740000,-1.6952950000
205000,1998-07-13 00:00:00Z,LS28 7HB,Detached,Established,Freehold,27,,WOODHALL PARK GROVE,STANNINGLEY,PUDSEY,LEEDS,WEST YORKSHIRE,Standard,Addition,53.8066840000,-1.6910860000
36000,1998-03-27 00:00:00Z,LS28 8EX,Semi-Detached,Established,Freehold,17,,DALESIDE ROAD,PUDSEY,PUDSEY,LEEDS,WEST YORKSHIRE,Standard,Addition,53.8009080000,-1.6992830000
84500,1998-09-29 00:00:00Z,LS28 7TX,Semi-Detached,Established,Freehold,9,,WOODHALL CLOSE,STANNINGLEY,PUDSEY,LEEDS,WEST YORKSHIRE,Standard,Addition,53.8076590000,-1.6926130000
45000,1998-09-25 00:00:00Z,LS28 8ED,Semi-Detached,Established,Freehold,431,,BRADFORD ROAD,PUDSEY,PUDSEY,LEEDS,WEST YORKSHIRE,Standard,Addition,53.8034380000,-1.6951380000
66000,1999-04-15 00:00:00Z,LS28 7TU,Detached,Established,Freehold,22,,WOODHALL CROFT,STANNINGLEY,PUDSEY,LEEDS,WEST YORKSHIRE,Standard,Addition,53.8086130000,-1.6933190000
55000,1999-10-26 00:00:00Z,LS28 7QT,Semi-Detached,Established,Freehold,3,,EDEROYD RISE,STANNINGLEY,PUDSEY,LEEDS,WEST YORKSHIRE,Standard,Addition,53.8033410000,-1.6911870000
72500,1999-06-25 00:00:00Z,LS28 8JR,Semi-Detached,Established,Freehold,50,,GALLOWAY LANE,,PUDSEY,LEEDS,WEST YORKSHIRE,Standard,Addition,53.8026680000,-1.6917230000
57000,1999-12-10 00:00:00Z,LS28 8JR,Semi-Detached,Established,Freehold,48,,GALLOWAY LANE,,PUDSEY,LEEDS,WEST YORKSHIRE,Standard,Addition,53.8026680000,-1.6917230000
44500,1999-06-22 00:00:00Z,LS28 8EN,Semi-Detached,Established,Freehold,7,,MOORLAND ROAD,,PUDSEY,LEEDS,WEST YORKSHIRE,Standard,Addition,53.8025760000,-1.6943500000
110000,1999-12-14 00:00:00Z,LS28 7HD,Semi-Detached,Established,Freehold,3,,SHORTWAY,STANNINGLEY,PUDSEY,LEEDS,WEST YORKSHIRE,Standard,Addition,53.8057850000,-1.6911520000
52000,1999-03-26 00:00:00Z,LS28 8EL,Semi-Detached,Established,Freehold,49,,CALVERLEY MOOR AVENUE,,PUDSEY,LEEDS,WEST YORKSHIRE,Standard,Addition,53.8029270000,-1.6945450000
64950,1999-12-14 00:00:00Z,LS28 8EP,Semi-Detached,Established,Freehold,32,,MOORLAND GROVE,,PUDSEY,LEEDS,WEST YORKSHIRE,Standard,Addition,53.8015770000,-1.6937050000
48000,1999-09-07 00:00:00Z,LS28 8LD,Semi-Detached,Established,Freehold,46,,CHATSWORTH CRESCENT,,PUDSEY,LEEDS,WEST YORKSHIRE,Standard,Addition,53.8001160000,-1.6919850000
93000,1999-07-23 00:00:00Z,LS28 7EY,Semi-Detached,Established,Freehold,1,,WOODHALL PARK DRIVE,STANNINGLEY,PUDSEY,LEEDS,WEST YORKSHIRE,Standard,Addition,53.8059270000,-1.6900290000
52500,1999-05-28 00:00:00Z,LS28 8EF,Semi-Detached,Established,Freehold,70,,PECKOVER DRIVE,,PUDSEY,LEEDS,WEST YORKSHIRE,Standard,Addition,53.8012450000,-1.6975180000
290000,1999-12-02 00:00:00Z,LS28 5NY,Detached,Established,Freehold,76,,WOODHALL LANE,STANNINGLEY,PUDSEY,LEEDS,WEST YORKSHIRE,Standard,Addition,53.8099930000,-1.6948580000
130000,1999-06-22 00:00:00Z,LS28 7TT,Detached,Established,Freehold,18,,WOODHALL LANE,STANNINGLEY,PUDSEY,LEEDS,WEST YORKSHIRE,Standard,Addition,53.8063940000,-1.6933510000
45000,1999-06-22 00:00:00Z,LS28 8EN,Semi-Detached,Established,Freehold,51,,MOORLAND ROAD,,PUDSEY,LEEDS,WEST YORKSHIRE,Standard,Addition,53.8025760000,-1.6943500000
118000,1999-12-03 00:00:00Z,LS28 7TT,Detached,Established,Freehold,32,,WOODHALL LANE,STANNINGLEY,PUDSEY,LEEDS,WEST YORKSHIRE,Standard,Addition,53.8063940000,-1.6933510000
51500,1999-10-14 00:00:00Z,LS28 8JT,Semi-Detached,Established,Freehold,1,,CHATSWORTH DRIVE,,PUDSEY,LEEDS,WEST YORKSHIRE,Standard,Addition,53.8012640000,-1.6919810000
93000,1999-06-11 00:00:00Z,LS28 7EY,Semi-Detached,Established,Freehold,1,,WOODHALL PARK DRIVE,STANNINGLEY,PUDSEY,LEEDS,WEST YORKSHIRE,Standard,Addition,53.8059270000,-1.6900290000
86000,1999-01-19 00:00:00Z,LS28 7EY,Semi-Detached,Established,Freehold,3,,WOODHALL PARK DRIVE,STANNINGLEY,PUDSEY,LEEDS,WEST YORKSHIRE,Standard,Addition,53.8059270000,-1.6900290000
35500,1999-08-02 00:00:00Z,LS28 8EL,Semi-Detached,Established,Freehold,6,,CALVERLEY MOOR AVENUE,,PUDSEY,LEEDS,WEST YORKSHIRE,Standard,Addition,53.8029270000,-1.6945450000
100000,1999-06-11 00:00:00Z,LS28 7HE,Semi-Detached,Established,Freehold,16,,WOODHALL PARK MOUNT,STANNINGLEY,PUDSEY,LEEDS,WEST YORKSHIRE,Standard,Addition,53.8070980000,-1.6910980000
45000,1999-04-06 00:00:00Z,LS28 8EP,Terraced,Established,Freehold,22,,MOORLAND GROVE,,PUDSEY,LEEDS,WEST YORKSHIRE,Standard,Addition,53.8015770000,-1.6937050000
60000,1999-05-28 00:00:00Z,LS28 8EJ,Semi-Detached,Established,Freehold,66,,MOORLAND ROAD,,PUDSEY,LEEDS,WEST YORKSHIRE,Standard,Addition,53.8022260000,-1.6948390000
54500,1999-07-02 00:00:00Z,LS28 8EJ,Semi-Detached,Established,Freehold,24,,MOORLAND ROAD,,PUDSEY,LEEDS,WEST YORKSHIRE,Standard,Addition,53.8022260000,-1.6948390000
48000,1999-12-02 00:00:00Z,LS28 8EL,Detached,Established,Freehold,35,,CALVERLEY MOOR AVENUE,,PUDSEY,LEEDS,WEST YORKSHIRE,Standard,Addition,53.8029270000,-1.6945450000
58000,1999-11-26 00:00:00Z,LS28 8EH,Semi-Detached,Established,Freehold,15,,PECKOVER DRIVE,,PUDSEY,LEEDS,WEST YORKSHIRE,Standard,Addition,53.8016550000,-1.6972160000
160000,1999-07-02 00:00:00Z,LS28 5NY,Detached,New Build,Freehold,76,,WOODHALL LANE,STANNINGLEY,PUDSEY,LEEDS,WEST YORKSHIRE,Standard,Addition,53.8099930000,-1.6948580000
49500,1999-06-09 00:00:00Z,LS28 8EP,Semi-Detached,Established,Freehold,19,,MOORLAND GROVE,,PUDSEY,LEEDS,WEST YORKSHIRE,Standard,Addition,53.8015770000,-1.6937050000
43000,1999-07-02 00:00:00Z,LS28 7HQ,Semi-Detached,Established,Freehold,407,,BRADFORD ROAD,STANNINGLEY,PUDSEY,LEEDS,WEST YORKSHIRE,Standard,Addition,53.8043550000,-1.6904500000
112000,1999-10-15 00:00:00Z,LS28 7TU,Detached,Established,Freehold,8,,WOODHALL CROFT,STANNINGLEY,PUDSEY,LEEDS,WEST YORKSHIRE,Standard,Addition,53.8086130000,-1.6933190000
57000,1999-12-03 00:00:00Z,LS28 8JS,Semi-Detached,Established,Freehold,5,,CHATSWORTH ROAD,,PUDSEY,LEEDS,WEST YORKSHIRE,Standard,Addition,53.8008160000,-1.6912510000
36500,1999-08-09 00:00:00Z,LS28 8EJ,Semi-Detached,Established,Freehold,16,,MOORLAND ROAD,,PUDSEY,LEEDS,WEST YORKSHIRE,Standard,Addition,53.8022260000,-1.6948390000
49500,1999-04-01 00:00:00Z,LS28 8EU,Semi-Detached,Established,Freehold,3,,DALESIDE CLOSE,,PUDSEY,LEEDS,WEST YORKSHIRE,Standard,Addition,53.8019230000,-1.6989250000
178000,1999-10-07 00:00:00Z,LS28 7TU,Detached,Established,Freehold,36,,WOODHALL CROFT,STANNINGLEY,PUDSEY,LEEDS,WEST YORKSHIRE,Standard,Addition,53.8086130000,-1.6933190000
55000,1999-06-07 00:00:00Z,LS28 8JS,Semi-Detached,Established,Freehold,27,,CHATSWORTH ROAD,,PUDSEY,LEEDS,WEST YORKSHIRE,Standard,Addition,53.8008160000,-1.6912510000
48000,1999-02-25 00:00:00Z,LS28 8EP,Semi-Detached,Established,Freehold,26,,MOORLAND GROVE,,PUDSEY,LEEDS,WEST YORKSHIRE,Standard,Addition,53.8015770000,-1.6937050000
54000,1999-06-07 00:00:00Z,LS28 7HQ,Semi-Detached,Established,Freehold,361,,BRADFORD ROAD,STANNINGLEY,PUDSEY,LEEDS,WEST YORKSHIRE,Standard,Addition,53.8043550000,-1.6904500000
30000,1999-05-21 00:00:00Z,LS28 8EJ,Semi-Detached,Established,Freehold,16,,MOORLAND ROAD,,PUDSEY,LEEDS,WEST YORKSHIRE,Standard,Addition,53.8022260000,-1.6948390000
57500,1999-06-01 00:00:00Z,LS28 8EH,Semi-Detached,Established,Freehold,17,,PECKOVER DRIVE,,PUDSEY,LEEDS,WEST YORKSHIRE,Standard,Addition,53.8016550000,-1.6972160000
52500,1999-11-29 00:00:00Z,LS28 8EJ,Semi-Detached,Established,Freehold,78,,MOORLAND ROAD,,PUDSEY,LEEDS,WEST YORKSHIRE,Standard,Addition,53.8022260000,-1.6948390000
52750,1999-02-26 00:00:00Z,LS28 8EF,Semi-Detached,Established,Freehold,70,,PECKOVER DRIVE,,PUDSEY,LEEDS,WEST YORKSHIRE,Standard,Addition,53.8012450000,-1.6975180000
60000,1999-07-16 00:00:00Z,LS28 8ES,Terraced,Established,Freehold,500,,BRADFORD ROAD,,PUDSEY,LEEDS,WEST YORKSHIRE,Standard,Addition,53.8032860000,-1.6979890000
48500,1999-11-25 00:00:00Z,LS28 8EJ,Semi-Detached,Established,Freehold,6,,MOORLAND ROAD,,PUDSEY,LEEDS,WEST YORKSHIRE,Standard,Addition,53.8022260000,-1.6948390000
115000,1999-04-07 00:00:00Z,LS28 7TU,Detached,Established,Freehold,23,,WOODHALL CROFT,STANNINGLEY,PUDSEY,LEEDS,WEST YORKSHIRE,Standard,Addition,53.8086130000,-1.6933190000
29500,1999-07-20 00:00:00Z,LS28 8EL,Semi-Detached,Established,Freehold,33,,CALVERLEY MOOR AVENUE,,PUDSEY,LEEDS,WEST YORKSHIRE,Standard,Addition,53.8029270000,-1.6945450000
57000,1999-07-16 00:00:00Z,LS28 8EF,Semi-Detached,Established,Freehold,50,,PECKOVER DRIVE,,PUDSEY,LEEDS,WEST YORKSHIRE,Standard,Addition,53.8012450000,-1.6975180000
100000,1999-09-10 00:00:00Z,LS28 7TU,Detached,Established,Freehold,2,,WOODHALL CROFT,STANNINGLEY,PUDSEY,LEEDS,WEST YORKSHIRE,Standard,Addition,53.8086130000,-1.6933190000
39000,1999-07-26 00:00:00Z,LS28 8EJ,Semi-Detached,Established,Freehold,8,,MOORLAND ROAD,,PUDSEY,LEEDS,WEST YORKSHIRE,Standard,Addition,53.8022260000,-1.6948390000
58000,1999-03-18 00:00:00Z,LS28 7EZ,Semi-Detached,Established,Freehold,12,,WOODHALL PARK CRESCENT WEST,STANNINGLEY,PUDSEY,LEEDS,WEST YORKSHIRE,Standard,Addition,53.8056340000,-1.6914130000
44000,1999-04-30 00:00:00Z,LS28 8EW,Semi-Detached,Established,Freehold,9,,MOORLAND CRESCENT,,PUDSEY,LEEDS,WEST YORKSHIRE,Standard,Addition,53.8019800000,-1.6965870000
55500,1999-12-13 00:00:00Z,LS28 8EP,Semi-Detached,Established,Freehold,3,,MOORLAND GROVE,,PUDSEY,LEEDS,WEST YORKSHIRE,Standard,Addition,53.8015770000,-1.6937050000
65950,2000-09-15 00:00:00Z,LS28 8JU,Semi-Detached,Established,Freehold,10,,CHATSWORTH AVENUE,,PUDSEY,LEEDS,WEST YORKSHIRE,Standard,Addition,53.8008560000,-1.6928450000
48000,2000-10-20 00:00:00Z,LS28 8ER,Semi-Detached,Established,Freehold,10,,MOORLAND DRIVE,,PUDSEY,LEEDS,WEST YORKSHIRE,Standard,Addition,53.8020780000,-1.6928660000
119000,2000-08-07 00:00:00Z,LS28 7EY,Semi-Detached,Established,Freehold,4,,WOODHALL PARK DRIVE,STANNINGLEY,PUDSEY,LEEDS,WEST YORKSHIRE,Standard,Addition,53.8059270000,-1.6900290000
125000,2000-07-27 00:00:00Z,LS28 7HA,Detached,Established,Freehold,2,,WESTMEAD,STANNINGLEY,PUDSEY,LEEDS,WEST YORKSHIRE,Standard,Addition,53.8050410000,-1.6915690000
225000,2000-09-08 00:00:00Z,LS28 5NY,Detached,Established,Freehold,64,,WOODHALL LANE,STANNINGLEY,PUDSEY,LEEDS,WEST YORKSHIRE,Standard,Addition,53.8099930000,-1.6948580000
52500,2000-10-13 00:00:00Z,LS28 8EJ,Semi-Detached,Established,Freehold,30,,MOORLAND ROAD,,PUDSEY,LEEDS,WEST YORKSHIRE,Standard,Addition,53.8022260000,-1.6948390000
52500,2000-04-10 00:00:00Z,LS28 8EJ,Semi-Detached,Established,Freehold,54,,MOORLAND ROAD,,PUDSEY,LEEDS,WEST YORKSHIRE,Standard,Addition,53.8022260000,-1.6948390000
46000,2000-02-14 00:00:00Z,LS28 8EL,Semi-Detached,Established,Freehold,3,,CALVERLEY MOOR AVENUE,,PUDSEY,LEEDS,WEST YORKSHIRE,Standard,Addition,53.8029270000,-1.6945450000
44000,2000-05-05 00:00:00Z,LS28 8EH,Semi-Detached,Established,Freehold,41,,PECKOVER DRIVE,,PUDSEY,LEEDS,WEST YORKSHIRE,Standard,Addition,53.8016550000,-1.6972160000
47000,2000-06-09 00:00:00Z,LS28 7HQ,Semi-Detached,Established,Freehold,395,,BRADFORD ROAD,STANNINGLEY,PUDSEY,LEEDS,WEST YORKSHIRE,Standard,Addition,53.8043550000,-1.6904500000
55000,2000-08-24 00:00:00Z,LS28 8EJ,Semi-Detached,Established,Freehold,32,,MOORLAND ROAD,,PUDSEY,LEEDS,WEST YORKSHIRE,Standard,Addition,53.8022260000,-1.6948390000
212000,2000-10-03 00:00:00Z,LS28 7TT,Detached,Established,Freehold,44,,WOODHALL LANE,STANNINGLEY,PUDSEY,LEEDS,WEST YORKSHIRE,Standard,Addition,53.8063940000,-1.6933510000
56500,2000-01-17 00:00:00Z,LS28 8EF,Terraced,Established,Freehold,26,,PECKOVER DRIVE,,PUDSEY,LEEDS,WEST YORKSHIRE,Standard,Addition,53.8012450000,-1.6975180000
49000,2000-04-13 00:00:00Z,LS28 8EH,Semi-Detached,Established,Freehold,31,,PECKOVER DRIVE,,PUDSEY,LEEDS,WEST YORKSHIRE,Standard,Addition,53.8016550000,-1.6972160000
58000,2000-01-11 00:00:00Z,LS28 7UG,Semi-Detached,Established,Freehold,29,,GALLOWAY LANE,,PUDSEY,LEEDS,WEST YORKSHIRE,Standard,Addition,53.8026300000,-1.6909790000
48800,2000-11-16 00:00:00Z,LS28 8EL,Semi-Detached,Established,Freehold,30,,CALVERLEY MOOR AVENUE,,PUDSEY,LEEDS,WEST YORKSHIRE,Standard,Addition,53.8029270000,-1.6945450000
65000,2000-04-14 00:00:00Z,LS28 8JS,Semi-Detached,Established,Freehold,8,,CHATSWORTH ROAD,,PUDSEY,LEEDS,WEST YORKSHIRE,Standard,Addition,53.8008160000,-1.6912510000
55000,2000-06-16 00:00:00Z,LS28 8EJ,Semi-Detached,Established,Freehold,18,,MOORLAND ROAD,,PUDSEY,LEEDS,WEST YORKSHIRE,Standard,Addition,53.8022260000,-1.6948390000
59000,2000-12-05 00:00:00Z,LS28 8EF,Semi-Detached,Established,Freehold,6,,PECKOVER DRIVE,,PUDSEY,LEEDS,WEST YORKSHIRE,Standard,Addition,53.8012450000,-1.6975180000
64000,2000-03-03 00:00:00Z,LS28 8EJ,Terraced,Established,Freehold,20,,MOORLAND ROAD,,PUDSEY,LEEDS,WEST YORKSHIRE,Standard,Addition,53.8022260000,-1.6948390000
50500,2000-03-17 00:00:00Z,LS28 8ED,Semi-Detached,Established,Freehold,433,,BRADFORD ROAD,,PUDSEY,LEEDS,WEST YORKSHIRE,Standard,Addition,53.8034380000,-1.6951380000
58000,2000-06-27 00:00:00Z,LS28 8EL,Semi-Detached,Established,Freehold,39,,CALVERLEY MOOR AVENUE,,PUDSEY,LEEDS,WEST YORKSHIRE,Standard,Addition,53.8029270000,-1.6945450000
85000,2000-06-30 00:00:00Z,LS28 7EZ,Semi-Detached,Established,Freehold,11,,WOODHALL PARK CRESCENT WEST,STANNINGLEY,PUDSEY,LEEDS,WEST YORKSHIRE,Standard,Addition,53.8056340000,-1.6914130000
118000,2000-04-28 00:00:00Z,LS28 7TU,Detached,Established,Freehold,10,,WOODHALL CROFT,STANNINGLEY,PUDSEY,LEEDS,WEST YORKSHIRE,Standard,Addition,53.8086130000,-1.6933190000
45000,2000-01-19 00:00:00Z,LS28 8ED,Semi-Detached,Established,Freehold,445,,BRADFORD ROAD,,PUDSEY,LEEDS,WEST YORKSHIRE,Standard,Addition,53.8034380000,-1.6951380000
117000,2000-10-27 00:00:00Z,LS28 7TX,Detached,Established,Freehold,1,,WOODHALL CLOSE,STANNINGLEY,PUDSEY,LEEDS,WEST YORKSHIRE,Standard,Addition,53.8076590000,-1.6926130000
65000,2000-11-20 00:00:00Z,LS28 7UG,Semi-Detached,Established,Freehold,13,,GALLOWAY LANE,,PUDSEY,LEEDS,WEST YORKSHIRE,Standard,Addition,53.8026300000,-1.6909790000
45000,2000-06-28 00:00:00Z,LS28 8EL,Semi-Detached,Established,Freehold,36,,CALVERLEY MOOR AVENUE,,PUDSEY,LEEDS,WEST YORKSHIRE,Standard,Addition,53.8029270000,-1.6945450000
15106,2000-09-07 00:00:00Z,LS28 8EL,Semi-Detached,Established,Freehold,28,,CALVERLEY MOOR AVENUE,,PUDSEY,LEEDS,WEST YORKSHIRE,Standard,Addition,53.8029270000,-1.6945450000
178950,2000-11-10 00:00:00Z,LS28 7TT,Detached,Established,Freehold,20,,WOODHALL LANE,STANNINGLEY,PUDSEY,LEEDS,WEST YORKSHIRE,Standard,Addition,53.8063940000,-1.6933510000
205000,2000-11-16 00:00:00Z,LS28 7TT,Detached,Established,Freehold,24,,WOODHALL LANE,STANNINGLEY,PUDSEY,LEEDS,WEST YORKSHIRE,Standard,Addition,53.8063940000,-1.6933510000
65000,2000-05-12 00:00:00Z,LS28 8JR,Semi-Detached,Established,Freehold,8,,GALLOWAY LANE,,PUDSEY,LEEDS,WEST YORKSHIRE,Standard,Addition,53.8026680000,-1.6917230000
57000,2000-09-21 00:00:00Z,LS28 8EL,Semi-Detached,Established,Freehold,37,,CALVERLEY MOOR AVENUE,,PUDSEY,LEEDS,WEST YORKSHIRE,Standard,Addition,53.8029270000,-1.6945450000
65000,2000-12-18 00:00:00Z,LS28 8EW,Semi-Detached,Established,Freehold,12,,MOORLAND CRESCENT,,PUDSEY,LEEDS,WEST YORKSHIRE,Standard,Addition,53.8019800000,-1.6965870000
48950,2000-06-09 00:00:00Z,LS28 8EL,Semi-Detached,Established,Freehold,15,,CALVERLEY MOOR AVENUE,,PUDSEY,LEEDS,WEST YORKSHIRE,Standard,Addition,53.8029270000,-1.6945450000
57000,2000-02-04 00:00:00Z,LS28 8EH,Semi-Detached,Established,Freehold,29,,PECKOVER DRIVE,,PUDSEY,LEEDS,WEST YORKSHIRE,Standard,Addition,53.8016550000,-1.6972160000
48500,2000-11-17 00:00:00Z,LS28 8EL,Semi-Detached,Established,Freehold,21,,CALVERLEY MOOR AVENUE,,PUDSEY,LEEDS,WEST YORKSHIRE,Standard,Addition,53.8029270000,-1.6945450000
48000,2000-03-07 00:00:00Z,LS28 8EX,Terraced,Established,Freehold,26,,DALESIDE ROAD,,PUDSEY,LEEDS,WEST YORKSHIRE,Standard,Addition,53.8009080000,-1.6992830000
44500,2000-04-28 00:00:00Z,LS28 8EJ,Semi-Detached,Established,Freehold,34,,MOORLAND ROAD,,PUDSEY,LEEDS,WEST YORKSHIRE,Standard,Addition,53.8022260000,-1.6948390000
63500,2000-08-25 00:00:00Z,LS28 8EY,Semi-Detached,Established,Freehold,4,,DUCKETT GROVE,,PUDSEY,LEEDS,WEST YORKSHIRE,Standard,Addition,53.8015230000,-1.6985680000
200000,2000-12-01 00:00:00Z,LS28 7TU,Detached,Established,Freehold,30,,WOODHALL CROFT,STANNINGLEY,PUDSEY,LEEDS,WEST YORKSHIRE,Standard,Addition,53.8086130000,-1.6933190000
54000,2000-01-28 00:00:00Z,LS28 8EJ,Semi-Detached,Established,Freehold,64,,MOORLAND ROAD,,PUDSEY,LEEDS,WEST YORKSHIRE,Standard,Addition,53.8022260000,-1.6948390000
113500,2000-08-01 00:00:00Z,LS28 7EY,Semi-Detached,Established,Freehold,1,,WOODHALL PARK DRIVE,STANNINGLEY,PUDSEY,LEEDS,WEST YORKSHIRE,Standard,Addition,53.8059270000,-1.6900290000
76000,2000-01-06 00:00:00Z,LS28 7TU,Detached,Established,Freehold,18,,WOODHALL CROFT,STANNINGLEY,PUDSEY,LEEDS,WEST YORKSHIRE,Standard,Addition,53.8086130000,-1.6933190000
53000,2000-09-26 00:00:00Z,LS28 8ER,Semi-Detached,Established,Freehold,26,,MOORLAND DRIVE,,PUDSEY,LEEDS,WEST YORKSHIRE,Standard,Addition,53.8020780000,-1.6928660000
66000,2000-08-21 00:00:00Z,LS28 7UG,Semi-Detached,Established,Freehold,29,,GALLOWAY LANE,,PUDSEY,LEEDS,WEST YORKSHIRE,Standard,Addition,53.8026300000,-1.6909790000
52000,2000-01-24 00:00:00Z,LS28 8ER,Semi-Detached,Established,Freehold,12,,MOORLAND DRIVE,,PUDSEY,LEEDS,WEST YORKSHIRE,Standard,Addition,53.8020780000,-1.6928660000
54950,2000-05-05 00:00:00Z,LS28 8EW,Semi-Detached,Established,Freehold,8,,MOORLAND CRESCENT,,PUDSEY,LEEDS,WEST YORKSHIRE,Standard,Addition,53.8019800000,-1.6965870000
139950,2001-10-17 00:00:00Z,LS28 7EZ,Semi-Detached,Established,Freehold,6,,WOODHALL PARK CRESCENT WEST,STANNINGLEY,PUDSEY,LEEDS,WEST YORKSHIRE,Standard,Addition,53.8056340000,-1.6914130000
55500,2001-02-13 00:00:00Z,LS28 8EW,Semi-Detached,Established,Freehold,4,,MOORLAND CRESCENT,PUDSEY,PUDSEY,LEEDS,WEST YORKSHIRE,Standard,Addition,53.8019800000,-1.6965870000
115500,2001-06-08 00:00:00Z,LS28 7TT,Detached,Established,Freehold,26,,WOODHALL LANE,STANNINGLEY,PUDSEY,LEEDS,WEST YORKSHIRE,Standard,Addition,53.8063940000,-1.6933510000
80175,2001-07-13 00:00:00Z,LS28 8LD,Semi-Detached,Established,Freehold,20,,CHATSWORTH CRESCENT,PUDSEY,PUDSEY,LEEDS,WEST YORKSHIRE,Standard,Addition,53.8001160000,-1.6919850000
42500,2001-03-08 00:00:00Z,LS28 8ED,Semi-Detached,Established,Freehold,449,,BRADFORD ROAD,PUDSEY,PUDSEY,LEEDS,WEST YORKSHIRE,Standard,Addition,53.8034380000,-1.6951380000
250000,2001-08-31 00:00:00Z,LS28 7HE,Detached,Established,Freehold,6,,WOODHALL PARK MOUNT,STANNINGLEY,PUDSEY,LEEDS,WEST YORKSHIRE,Standard,Addition,53.8070980000,-1.6910980000
59950,2001-12-14 00:00:00Z,LS28 8EJ,Semi-Detached,Established,Freehold,14,,MOORLAND ROAD,PUDSEY,PUDSEY,LEEDS,WEST YORKSHIRE,Standard,Addition,53.8022260000,-1.6948390000
56000,2001-09-07 00:00:00Z,LS28 8EW,Semi-Detached,Established,Freehold,6,,MOORLAND CRESCENT,PUDSEY,PUDSEY,LEEDS,WEST YORKSHIRE,Standard,Addition,53.8019800000,-1.6965870000
90000,2001-12-12 00:00:00Z,LS28 8EN,Detached,Established,Freehold,1,,MOORLAND ROAD,PUDSEY,PUDSEY,LEEDS,WEST YORKSHIRE,Standard,Addition,53.8025760000,-1.6943500000
72000,2001-10-26 00:00:00Z,LS28 8EF,Semi-Detached,Established,Freehold,70,,PECKOVER DRIVE,PUDSEY,PUDSEY,LEEDS,WEST YORKSHIRE,Standard,Addition,53.8012450000,-1.6975180000
49000,2001-03-30 00:00:00Z,LS28 8EL,Semi-Detached,Established,Freehold,23,,CALVERLEY MOOR AVENUE,PUDSEY,PUDSEY,LEEDS,WEST YORKSHIRE,Standard,Addition,53.8029270000,-1.6945450000
126500,2001-09-04 00:00:00Z,LS28 7EZ,Semi-Detached,Established,Freehold,12,,WOODHALL PARK CRESCENT WEST,STANNINGLEY,PUDSEY,LEEDS,WEST YORKSHIRE,Standard,Addition,53.8056340000,-1.6914130000
67000,2001-11-16 00:00:00Z,LS28 8JS,Semi-Detached,Established,Freehold,9,,CHATSWORTH ROAD,PUDSEY,PUDSEY,LEEDS,WEST YORKSHIRE,Standard,Addition,53.8008160000,-1.6912510000
79000,2001-08-14 00:00:00Z,LS28 8JS,Semi-Detached,Established,Freehold,6,,CHATSWORTH ROAD,PUDSEY,PUDSEY,LEEDS,WEST YORKSHIRE,Standard,Addition,53.8008160000,-1.6912510000
59995,2001-03-16 00:00:00Z,LS28 8EL,Semi-Detached,Established,Freehold,69,,CALVERLEY MOOR AVENUE,PUDSEY,PUDSEY,LEEDS,WEST YORKSHIRE,Standard,Addition,53.8029270000,-1.6945450000
89000,2001-12-14 00:00:00Z,LS28 7TX,Semi-Detached,Established,Freehold,7,,WOODHALL CLOSE,STANNINGLEY,PUDSEY,LEEDS,WEST YORKSHIRE,Standard,Addition,53.8076590000,-1.6926130000
76950,2001-01-31 00:00:00Z,LS28 8JT,Semi-Detached,Established,Freehold,6,,CHATSWORTH DRIVE,PUDSEY,PUDSEY,LEEDS,WEST YORKSHIRE,Standard,Addition,53.8012640000,-1.6919810000
193000,2001-06-05 00:00:00Z,LS28 7UE,Detached,Established,Freehold,1,,THE GLADE,STANNINGLEY,PUDSEY,LEEDS,WEST YORKSHIRE,Standard,Addition,53.8086330000,-1.6938050000
205000,2001-10-19 00:00:00Z,LS28 7EZ,Detached,Established,Freehold,16,,WOODHALL PARK CRESCENT WEST,STANNINGLEY,PUDSEY,LEEDS,WEST YORKSHIRE,Standard,Addition,53.8056340000,-1.6914130000
76000,2001-10-24 00:00:00Z,LS28 8EH,Semi-Detached,Established,Freehold,37,,PECKOVER DRIVE,PUDSEY,PUDSEY,LEEDS,WEST YORKSHIRE,Standard,Addition,53.8016550000,-1.6972160000
100500,2001-06-04 00:00:00Z,LS28 5NY,Detached,Established,Freehold,74A,,WOODHALL LANE,STANNINGLEY,PUDSEY,LEEDS,WEST YORKSHIRE,Standard,Addition,53.8099930000,-1.6948580000
170000,2001-07-19 00:00:00Z,LS28 7HE,Semi-Detached,Established,Freehold,7,,WOODHALL PARK MOUNT,STANNINGLEY,PUDSEY,LEEDS,WEST YORKSHIRE,Standard,Addition,53.8070980000,-1.6910980000
91950,2001-06-08 00:00:00Z,LS28 7TR,Terraced,Established,Freehold,5,,WOODHALL LANE,STANNINGLEY,PUDSEY,LEEDS,WEST YORKSHIRE,Standard,Addition,53.8048360000,-1.6935180000
79950,2001-12-07 00:00:00Z,LS28 8EF,Semi-Detached,Established,Freehold,20,,PECKOVER DRIVE,PUDSEY,PUDSEY,LEEDS,WEST YORKSHIRE,Standard,Addition,53.8012450000,-1.6975180000
45000,2001-03-09 00:00:00Z,LS28 8EP,Semi-Detached,Established,Freehold,21,,MOORLAND GROVE,PUDSEY,PUDSEY,LEEDS,WEST YORKSHIRE,Standard,Addition,53.8015770000,-1.6937050000
137000,2001-02-09 00:00:00Z,LS28 7EZ,Detached,Established,Freehold,2,,WOODHALL PARK CRESCENT WEST,STANNINGLEY,PUDSEY,LEEDS,WEST YORKSHIRE,Standard,Addition,53.8056340000,-1.6914130000
57500,2001-07-27 00:00:00Z,LS28 8EN,Semi-Detached,Established,Freehold,29,,MOORLAND ROAD,PUDSEY,PUDSEY,LEEDS,WEST YORKSHIRE,Standard,Addition,53.8025760000,-1.6943500000
59950,2001-05-25 00:00:00Z,LS28 7UG,Semi-Detached,Established,Freehold,7,,GALLOWAY LANE,PUDSEY,PUDSEY,LEEDS,WEST YORKSHIRE,Standard,Addition,53.8026300000,-1.6909790000
129000,2001-12-14 00:00:00Z,LS28 7TT,Detached,Established,Freehold,10,,WOODHALL LANE,STANNINGLEY,PUDSEY,LEEDS,WEST YORKSHIRE,Standard,Addition,53.8063940000,-1.6933510000
130000,2001-01-05 00:00:00Z,LS28 7HE,Semi-Detached,Established,Freehold,12,,WOODHALL PARK MOUNT,STANNINGLEY,PUDSEY,LEEDS,WEST YORKSHIRE,Standard,Addition,53.8070980000,-1.6910980000
75000,2001-02-12 00:00:00Z,LS28 8EJ,Semi-Detached,Established,Freehold,82,,MOORLAND ROAD,PUDSEY,PUDSEY,LEEDS,WEST YORKSHIRE,Standard,Addition,53.8022260000,-1.6948390000
135000,2001-07-25 00:00:00Z,LS28 7EZ,Semi-Detached,Established,Freehold,5,,WOODHALL PARK CRESCENT WEST,STANNINGLEY,PUDSEY,LEEDS,WEST YORKSHIRE,Standard,Addition,53.8056340000,-1.6914130000
56000,2001-07-20 00:00:00Z,LS28 8EU,Semi-Detached,Established,Freehold,12,,DALESIDE CLOSE,PUDSEY,PUDSEY,LEEDS,WEST YORKSHIRE,Standard,Addition,53.8019230000,-1.6989250000
73000,2001-11-23 00:00:00Z,LS28 8JR,Semi-Detached,Established,Freehold,10,,GALLOWAY LANE,PUDSEY,PUDSEY,LEEDS,WEST YORKSHIRE,Standard,Addition,53.8026680000,-1.6917230000
42500,2001-09-14 00:00:00Z,LS28 8EX,Semi-Detached,Established,Freehold,36,,DALESIDE ROAD,PUDSEY,PUDSEY,LEEDS,WEST YORKSHIRE,Standard,Addition,53.8009080000,-1.6992830000
210000,2001-07-27 00:00:00Z,LS28 7HA,Detached,Established,Freehold,3,,WESTMEAD,STANNINGLEY,PUDSEY,LEEDS,WEST YORKSHIRE,Standard,Addition,53.8050410000,-1.6915690000
53700,2001-08-10 00:00:00Z,LS28 8EL,Semi-Detached,Established,Freehold,32,,CALVERLEY MOOR AVENUE,PUDSEY,PUDSEY,LEEDS,WEST YORKSHIRE,Standard,Addition,53.8029270000,-1.6945450000
59995,2001-08-31 00:00:00Z,LS28 8EL,Semi-Detached,Established,Freehold,36,,CALVERLEY MOOR AVENUE,PUDSEY,PUDSEY,LEEDS,WEST YORKSHIRE,Standard,Addition,53.8029270000,-1.6945450000
63000,2001-07-30 00:00:00Z,LS28 8EN,Semi-Detached,Established,Freehold,15,,MOORLAND ROAD,PUDSEY,PUDSEY,LEEDS,WEST YORKSHIRE,Standard,Addition,53.8025760000,-1.6943500000
62500,2001-02-02 00:00:00Z,LS28 8JR,Semi-Detached,Established,Freehold,22,,GALLOWAY LANE,PUDSEY,PUDSEY,LEEDS,WEST YORKSHIRE,Standard,Addition,53.8026680000,-1.6917230000
178000,2001-06-25 00:00:00Z,LS28 5NZ,Detached,Established,Leasehold,61,,WOODHALL LANE,STANNINGLEY,PUDSEY,LEEDS,WEST YORKSHIRE,Standard,Addition,53.8090740000,-1.6952950000
42500,2001-03-08 00:00:00Z,LS28 8ED,Semi-Detached,Established,Leasehold,449,,BRADFORD ROAD,PUDSEY,PUDSEY,LEEDS,WEST YORKSHIRE,Standard,Addition,53.8034380000,-1.6951380000
69550,2001-11-16 00:00:00Z,LS28 8EJ,Semi-Detached,Established,Freehold,36,,MOORLAND ROAD,PUDSEY,PUDSEY,LEEDS,WEST YORKSHIRE,Standard,Addition,53.8022260000,-1.6948390000
77500,2002-01-14 00:00:00Z,LS28 8EF,Semi-Detached,Established,Freehold,36,,PECKOVER DRIVE,PUDSEY,PUDSEY,LEEDS,WEST YORKSHIRE,Standard,Addition,53.8012450000,-1.6975180000
51000,2002-02-01 00:00:00Z,LS28 8EL,Semi-Detached,Established,Freehold,14,,CALVERLEY MOOR AVENUE,PUDSEY,PUDSEY,LEEDS,WEST YORKSHIRE,Standard,Addition,53.8029270000,-1.6945450000
45000,2002-05-03 00:00:00Z,LS28 8ED,Semi-Detached,Established,Freehold,449,,BRADFORD ROAD,PUDSEY,PUDSEY,LEEDS,WEST YORKSHIRE,Standard,Addition,53.8034380000,-1.6951380000
71500,2002-08-23 00:00:00Z,LS28 8EL,Semi-Detached,Established,Freehold,26,,CALVERLEY MOOR AVENUE,PUDSEY,PUDSEY,LEEDS,WEST YORKSHIRE,Standard,Addition,53.8029270000,-1.6945450000
75000,2002-02-25 00:00:00Z,LS28 8ED,Semi-Detached,Established,Freehold,457A,,BRADFORD ROAD,PUDSEY,PUDSEY,LEEDS,WEST YORKSHIRE,Standard,Addition,53.8034380000,-1.6951380000
242000,2002-09-02 00:00:00Z,LS28 7HB,Detached,Established,Freehold,25,,WOODHALL PARK GROVE,STANNINGLEY,PUDSEY,LEEDS,WEST YORKSHIRE,Standard,Addition,53.8066840000,-1.6910860000
87000,2002-08-01 00:00:00Z,LS28 8JS,Semi-Detached,Established,Freehold,28,,CHATSWORTH ROAD,PUDSEY,PUDSEY,LEEDS,WEST YORKSHIRE,Standard,Addition,53.8008160000,-1.6912510000
79995,2002-08-30 00:00:00Z,LS28 8EW,Semi-Detached,Established,Freehold,6,,MOORLAND CRESCENT,PUDSEY,PUDSEY,LEEDS,WEST YORKSHIRE,Standard,Addition,53.8019800000,-1.6965870000
89950,2002-09-11 00:00:00Z,LS28 8EY,Semi-Detached,Established,Freehold,2,,DUCKETT GROVE,PUDSEY,PUDSEY,LEEDS,WEST YORKSHIRE,Standard,Addition,53.8015230000,-1.6985680000
164000,2002-08-28 00:00:00Z,LS28 7EY,Semi-Detached,Established,Freehold,16,,WOODHALL PARK DRIVE,STANNINGLEY,PUDSEY,LEEDS,WEST YORKSHIRE,Standard,Addition,53.8059270000,-1.6900290000
99000,2002-12-06 00:00:00Z,LS28 8JT,Semi-Detached,Established,Freehold,1,,CHATSWORTH DRIVE,PUDSEY,PUDSEY,LEEDS,WEST YORKSHIRE,Standard,Addition,53.8012640000,-1.6919810000
93500,2002-06-21 00:00:00Z,LS28 7UG,Semi-Detached,Established,Freehold,17,,GALLOWAY LANE,PUDSEY,PUDSEY,LEEDS,WEST YORKSHIRE,Standard,Addition,53.8026300000,-1.6909790000
189950,2002-11-21 00:00:00Z,LS28 7HD,Semi-Detached,Established,Freehold,4,,SHORTWAY,STANNINGLEY,PUDSEY,LEEDS,WEST YORKSHIRE,Standard,Addition,53.8057850000,-1.6911520000
68500,2002-05-31 00:00:00Z,LS28 8EW,Semi-Detached,Established,Freehold,8,,MOORLAND CRESCENT,PUDSEY,PUDSEY,LEEDS,WEST YORKSHIRE,Standard,Addition,53.8019800000,-1.6965870000
106000,2002-10-01 00:00:00Z,LS28 8EH,Semi-Detached,Established,Freehold,49,,PECKOVER DRIVE,PUDSEY,PUDSEY,LEEDS,WEST YORKSHIRE,Standard,Addition,53.8016550000,-1.6972160000
83000,2002-05-31 00:00:00Z,LS28 8EF,Semi-Detached,Established,Freehold,38,,PECKOVER DRIVE,PUDSEY,PUDSEY,LEEDS,WEST YORKSHIRE,Standard,Addition,53.8012450000,-1.6975180000
59995,2002-07-26 00:00:00Z,LS28 8EP,Terraced,Established,Freehold,22,,MOORLAND GROVE,PUDSEY,PUDSEY,LEEDS,WEST YORKSHIRE,Standard,Addition,53.8015770000,-1.6937050000
65750,2002-03-20 00:00:00Z,LS28 8JS,Semi-Detached,Established,Freehold,26,,CHATSWORTH ROAD,PUDSEY,PUDSEY,LEEDS,WEST YORKSHIRE,Standard,Addition,53.8008160000,-1.6912510000
78500,2002-03-21 00:00:00Z,LS28 8JU,Semi-Detached,Established,Freehold,6,,CHATSWORTH AVENUE,PUDSEY,PUDSEY,LEEDS,WEST YORKSHIRE,Standard,Addition,53.8008560000,-1.6928450000
84995,2002-06-21 00:00:00Z,LS28 8EN,Semi-Detached,Established,Freehold,47,,MOORLAND ROAD,PUDSEY,PUDSEY,LEEDS,WEST YORKSHIRE,Standard,Addition,53.8025760000,-1.6943500000
75500,2002-12-20 00:00:00Z,LS28 8EW,Semi-Detached,Established,Freehold,4,,MOORLAND CRESCENT,PUDSEY,PUDSEY,LEEDS,WEST YORKSHIRE,Standard,Addition,53.8019800000,-1.6965870000
82000,2002-12-06 00:00:00Z,LS28 8EP,Semi-Detached,Established,Freehold,10,,MOORLAND GROVE,PUDSEY,PUDSEY,LEEDS,WEST YORKSHIRE,Standard,Addition,53.8015770000,-1.6937050000
69000,2002-02-12 00:00:00Z,LS28 8EP,Semi-Detached,Established,Freehold,36,,MOORLAND GROVE,PUDSEY,PUDSEY,LEEDS,WEST YORKSHIRE,Standard,Addition,53.8015770000,-1.6937050000
185000,2002-09-03 00:00:00Z,LS28 7HD,Semi-Detached,Established,Freehold,2,,SHORTWAY,STANNINGLEY,PUDSEY,LEEDS,WEST YORKSHIRE,Standard,Addition,53.8057850000,-1.6911520000
95000,2002-04-10 00:00:00Z,LS28 7TX,Semi-Detached,Established,Freehold,3,,WOODHALL CLOSE,STANNINGLEY,PUDSEY,LEEDS,WEST YORKSHIRE,Standard,Addition,53.8076590000,-1.6926130000
63995,2002-06-28 00:00:00Z,LS28 8EL,Semi-Detached,Established,Freehold,12,,CALVERLEY MOOR AVENUE,PUDSEY,PUDSEY,LEEDS,WEST YORKSHIRE,Standard,Addition,53.8029270000,-1.6945450000
55000,2002-02-12 00:00:00Z,LS28 7HQ,Semi-Detached,Established,Freehold,361,,BRADFORD ROAD,STANNINGLEY,PUDSEY,LEEDS,WEST YORKSHIRE,Standard,Addition,53.8043550000,-1.6904500000
250000,2002-08-09 00:00:00Z,LS28 7TU,Detached,Established,Freehold,30,,WOODHALL CROFT,STANNINGLEY,PUDSEY,LEEDS,WEST YORKSHIRE,Standard,Addition,53.8086130000,-1.6933190000
250000,2002-09-18 00:00:00Z,LS28 7TT,Semi-Detached,Established,Freehold,30A,,WOODHALL LANE,STANNINGLEY,PUDSEY,LEEDS,WEST YORKSHIRE,Standard,Addition,53.8063940000,-1.6933510000
299500,2002-10-15 00:00:00Z,LS28 7TU,Detached,Established,Freehold,36,,WOODHALL CROFT,STANNINGLEY,PUDSEY,LEEDS,WEST YORKSHIRE,Standard,Addition,53.8086130000,-1.6933190000
52750,2002-01-14 00:00:00Z,LS28 8EL,Semi-Detached,Established,Freehold,27,,CALVERLEY MOOR AVENUE,PUDSEY,PUDSEY,LEEDS,WEST YORKSHIRE,Standard,Addition,53.8029270000,-1.6945450000
250000,2002-05-27 00:00:00Z,LS28 7HB,Detached,Established,Freehold,20A,,WOODHALL PARK GROVE,STANNINGLEY,PUDSEY,LEEDS,WEST YORKSHIRE,Standard,Addition,53.8066840000,-1.6910860000
86000,2002-02-22 00:00:00Z,LS28 7QT,Semi-Detached,Established,Freehold,3,,EDEROYD RISE,STANNINGLEY,PUDSEY,LEEDS,WEST YORKSHIRE,Standard,Addition,53.8033410000,-1.6911870000
69500,2002-05-30 00:00:00Z,LS28 8EW,Semi-Detached,Established,Freehold,11,,MOORLAND CRESCENT,PUDSEY,PUDSEY,LEEDS,WEST YORKSHIRE,Standard,Addition,53.8019800000,-1.6965870000
61000,2002-01-25 00:00:00Z,LS28 8JR,Semi-Detached,Established,Freehold,2,,GALLOWAY LANE,PUDSEY,PUDSEY,LEEDS,WEST YORKSHIRE,Standard,Addition,53.8026680000,-1.6917230000
68500,2002-06-26 00:00:00Z,LS28 8EL,Semi-Detached,Established,Freehold,27,,CALVERLEY MOOR AVENUE,PUDSEY,PUDSEY,LEEDS,WEST YORKSHIRE,Standard,Addition,53.8029270000,-1.6945450000
94500,2002-10-17 00:00:00Z,LS28 7HQ,Semi-Detached,Established,Freehold,401,,BRADFORD ROAD,STANNINGLEY,PUDSEY,LEEDS,WEST YORKSHIRE,Standard,Addition,53.8043550000,-1.6904500000
90000,2002-08-09 00:00:00Z,LS28 8JT,Semi-Detached,Established,Freehold,4,,CHATSWORTH DRIVE,PUDSEY,PUDSEY,LEEDS,WEST YORKSHIRE,Standard,Addition,53.8012640000,-1.6919810000
250000,2002-02-08 00:00:00Z,LS28 7EZ,Detached,Established,Freehold,19,,WOODHALL PARK CRESCENT WEST,STANNINGLEY,PUDSEY,LEEDS,WEST YORKSHIRE,Standard,Addition,53.8056340000,-1.6914130000
59995,2002-07-05 00:00:00Z,LS28 8EJ,Semi-Detached,Established,Freehold,60,,MOORLAND ROAD,PUDSEY,PUDSEY,LEEDS,WEST YORKSHIRE,Standard,Addition,53.8022260000,-1.6948390000
92950,2002-07-11 00:00:00Z,LS28 8EH,Semi-Detached,Established,Freehold,61,,PECKOVER DRIVE,PUDSEY,PUDSEY,LEEDS,WEST YORKSHIRE,Standard,Addition,53.8016550000,-1.6972160000
81000,2002-11-29 00:00:00Z,LS28 8JT,Semi-Detached,Established,Freehold,2,,CHATSWORTH DRIVE,PUDSEY,PUDSEY,LEEDS,WEST YORKSHIRE,Standard,Addition,53.8012640000,-1.6919810000
67000,2002-07-31 00:00:00Z,LS28 8EL,Semi-Detached,Established,Freehold,16,,CALVERLEY MOOR AVENUE,PUDSEY,PUDSEY,LEEDS,WEST YORKSHIRE,Standard,Addition,53.8029270000,-1.6945450000
72500,2002-07-01 00:00:00Z,LS28 8EW,Semi-Detached,Established,Freehold,3,,MOORLAND CRESCENT,PUDSEY,PUDSEY,LEEDS,WEST YORKSHIRE,Standard,Addition,53.8019800000,-1.6965870000
159000,2002-12-09 00:00:00Z,LS28 7EY,Semi-Detached,Established,Freehold,1,,WOODHALL PARK DRIVE,STANNINGLEY,PUDSEY,LEEDS,WEST YORKSHIRE,Standard,Addition,53.8059270000,-1.6900290000
180000,2002-05-02 00:00:00Z,LS28 7EY,Semi-Detached,Established,Freehold,3,,WOODHALL PARK DRIVE,STANNINGLEY,PUDSEY,LEEDS,WEST YORKSHIRE,Standard,Addition,53.8059270000,-1.6900290000
55000,2002-01-12 00:00:00Z,LS28 8EH,Semi-Detached,Established,Freehold,41,,PECKOVER DRIVE,PUDSEY,PUDSEY,LEEDS,WEST YORKSHIRE,Standard,Addition,53.8016550000,-1.6972160000
159995,2002-07-26 00:00:00Z,LS28 7TU,Detached,Established,Freehold,3,,WOODHALL CROFT,STANNINGLEY,PUDSEY,LEEDS,WEST YORKSHIRE,Standard,Addition,53.8086130000,-1.6933190000
209750,2002-11-27 00:00:00Z,LS28 7TT,Detached,Established,Freehold,10,,WOODHALL LANE,STANNINGLEY,PUDSEY,LEEDS,WEST YORKSHIRE,Standard,Addition,53.8063940000,-1.6933510000
79000,2002-08-30 00:00:00Z,LS28 8EL,Semi-Detached,Established,Freehold,22,,CALVERLEY MOOR AVENUE,PUDSEY,PUDSEY,LEEDS,WEST YORKSHIRE,Standard,Addition,53.8029270000,-1.6945450000
79950,2002-08-14 00:00:00Z,LS28 8EN,Semi-Detached,Established,Freehold,17,,MOORLAND ROAD,PUDSEY,PUDSEY,LEEDS,WEST YORKSHIRE,Standard,Addition,53.8025760000,-1.6943500000
84500,2002-07-05 00:00:00Z,LS28 8LD,Semi-Detached,Established,Freehold,18,,CHATSWORTH CRESCENT,PUDSEY,PUDSEY,LEEDS,WEST YORKSHIRE,Standard,Addition,53.8001160000,-1.6919850000
85950,2002-09-20 00:00:00Z,LS28 8EN,Semi-Detached,Established,Freehold,53,,MOORLAND ROAD,PUDSEY,PUDSEY,LEEDS,WEST YORKSHIRE,Standard,Addition,53.8025760000,-1.6943500000
72000,2002-06-14 00:00:00Z,LS28 8EL,Semi-Detached,Established,Freehold,4,,CALVERLEY MOOR AVENUE,PUDSEY,PUDSEY,LEEDS,WEST YORKSHIRE,Standard,Addition,53.8029270000,-1.6945450000
70000,2002-06-28 00:00:00Z,LS28 8EJ,Semi-Detached,Established,Freehold,38,,MOORLAND ROAD,PUDSEY,PUDSEY,LEEDS,WEST YORKSHIRE,Standard,Addition,53.8022260000,-1.6948390000
69995,2002-06-21 00:00:00Z,LS28 8ER,Semi-Detached,Established,Freehold,5,,MOORLAND DRIVE,PUDSEY,PUDSEY,LEEDS,WEST YORKSHIRE,Standard,Addition,53.8020780000,-1.6928660000
63500,2002-03-15 00:00:00Z,LS28 8EL,Semi-Detached,Established,Freehold,19,,CALVERLEY MOOR AVENUE,PUDSEY,PUDSEY,LEEDS,WEST YORKSHIRE,Standard,Addition,53.8029270000,-1.6945450000
67000,2002-02-08 00:00:00Z,LS28 8EP,Semi-Detached,Established,Freehold,1,,MOORLAND GROVE,PUDSEY,PUDSEY,LEEDS,WEST YORKSHIRE,Standard,Addition,53.8015770000,-1.6937050000
73500,2002-07-23 00:00:00Z,LS28 8EL,Semi-Detached,Established,Freehold,10,,CALVERLEY MOOR AVENUE,PUDSEY,PUDSEY,LEEDS,WEST YORKSHIRE,Standard,Addition,53.8029270000,-1.6945450000
54250,2002-03-25 00:00:00Z,LS28 8ED,Semi-Detached,Established,Freehold,427,,BRADFORD ROAD,PUDSEY,PUDSEY,LEEDS,WEST YORKSHIRE,Standard,Addition,53.8034380000,-1.6951380000
69100,2002-08-09 00:00:00Z,LS28 8EL,Semi-Detached,Established,Freehold,18,,CALVERLEY MOOR AVENUE,PUDSEY,PUDSEY,LEEDS,WEST YORKSHIRE,Standard,Addition,53.8029270000,-1.6945450000
100600,2002-03-28 00:00:00Z,LS28 7TX,Semi-Detached,Established,Freehold,6,,WOODHALL CLOSE,STANNINGLEY,PUDSEY,LEEDS,WEST YORKSHIRE,Standard,Addition,53.8076590000,-1.6926130000
77500,2002-12-19 00:00:00Z,LS28 8EW,Semi-Detached,Established,Freehold,18,,MOORLAND CRESCENT,PUDSEY,PUDSEY,LEEDS,WEST YORKSHIRE,Standard,Addition,53.8019800000,-1.6965870000
66000,2002-06-28 00:00:00Z,LS28 8EW,Semi-Detached,Established,Freehold,7,,MOORLAND CRESCENT,PUDSEY,PUDSEY,LEEDS,WEST YORKSHIRE,Standard,Addition,53.8019800000,-1.6965870000
85000,2002-02-14 00:00:00Z,LS28 8EL,Semi-Detached,Established,Freehold,48,,CALVERLEY MOOR AVENUE,PUDSEY,PUDSEY,LEEDS,WEST YORKSHIRE,Standard,Addition,53.8029270000,-1.6945450000
76000,2002-05-31 00:00:00Z,LS28 7HQ,Semi-Detached,Established,Freehold,375,,BRADFORD ROAD,STANNINGLEY,PUDSEY,LEEDS,WEST YORKSHIRE,Standard,Addition,53.8043550000,-1.6904500000
84000,2002-11-22 00:00:00Z,LS28 8EP,Semi-Detached,Established,Freehold,9,,MOORLAND GROVE,PUDSEY,PUDSEY,LEEDS,WEST YORKSHIRE,Standard,Addition,53.8015770000,-1.6937050000
159000,2003-01-28 00:00:00Z,LS28 7EY,Semi-Detached,Established,Freehold,1,,WOODHALL PARK DRIVE,STANNINGLEY,PUDSEY,LEEDS,WEST YORKSHIRE,Standard,Addition,53.8059270000,-1.6900290000
93000,2003-04-11 00:00:00Z,LS28 8EL,Semi-Detached,Established,Freehold,57,,CALVERLEY MOOR AVENUE,PUDSEY,PUDSEY,LEEDS,WEST YORKSHIRE,Standard,Addition,53.8029270000,-1.6945450000
95000,2003-06-30 00:00:00Z,LS28 8EW,Semi-Detached,Established,Freehold,10,,MOORLAND CRESCENT,PUDSEY,PUDSEY,LEEDS,WEST YORKSHIRE,Standard,Addition,53.8019800000,-1.6965870000
83500,2003-09-12 00:00:00Z,LS28 8EL,Semi-Detached,Established,Freehold,27,,CALVERLEY MOOR AVENUE,PUDSEY,PUDSEY,LEEDS,WEST YORKSHIRE,Standard,Addition,53.8029270000,-1.6945450000
100000,2003-12-09 00:00:00Z,LS28 8EL,Semi-Detached,Established,Freehold,40,,CALVERLEY MOOR AVENUE,PUDSEY,PUDSEY,LEEDS,WEST YORKSHIRE,Standard,Addition,53.8029270000,-1.6945450000
85000,2003-09-11 00:00:00Z,LS28 8EP,Semi-Detached,Established,Freehold,21,,MOORLAND GROVE,PUDSEY,PUDSEY,LEEDS,WEST YORKSHIRE,Standard,Addition,53.8015770000,-1.6937050000
100000,2003-07-11 00:00:00Z,LS28 7HQ,Semi-Detached,Established,Freehold,399,,BRADFORD ROAD,STANNINGLEY,PUDSEY,LEEDS,WEST YORKSHIRE,Standard,Addition,53.8043550000,-1.6904500000
84500,2003-07-11 00:00:00Z,LS28 8LD,Semi-Detached,Established,Freehold,24,,CHATSWORTH CRESCENT,PUDSEY,PUDSEY,LEEDS,WEST YORKSHIRE,Standard,Addition,53.8001160000,-1.6919850000
87500,2003-03-21 00:00:00Z,LS28 8EP,Semi-Detached,Established,Freehold,11,,MOORLAND GROVE,PUDSEY,PUDSEY,LEEDS,WEST YORKSHIRE,Standard,Addition,53.8015770000,-1.6937050000
110000,2003-03-14 00:00:00Z,LS28 8JU,Semi-Detached,Established,Freehold,8,,CHATSWORTH AVENUE,PUDSEY,PUDSEY,LEEDS,WEST YORKSHIRE,Standard,Addition,53.8008560000,-1.6928450000
93000,2003-11-14 00:00:00Z,LS28 8EF,Semi-Detached,Established,Freehold,30,,PECKOVER DRIVE,PUDSEY,PUDSEY,LEEDS,WEST YORKSHIRE,Standard,Addition,53.8012450000,-1.6975180000
86995,2003-02-10 00:00:00Z,LS28 8EP,Semi-Detached,Established,Freehold,3,,MOORLAND GROVE,PUDSEY,PUDSEY,LEEDS,WEST YORKSHIRE,Standard,Addition,53.8015770000,-1.6937050000
74000,2003-01-31 00:00:00Z,LS28 8EX,Semi-Detached,Established,Freehold,40,,DALESIDE ROAD,PUDSEY,PUDSEY,LEEDS,WEST YORKSHIRE,Standard,Addition,53.8009080000,-1.6992830000
96950,2003-10-21 00:00:00Z,LS28 8EX,Detached,Established,Freehold,14,,DALESIDE ROAD,PUDSEY,PUDSEY,LEEDS,WEST YORKSHIRE,Standard,Addition,53.8009080000,-1.6992830000
55000,2003-08-14 00:00:00Z,LS28 8ED,Semi-Detached,Established,Freehold,463,,BRADFORD ROAD,PUDSEY,PUDSEY,LEEDS,WEST YORKSHIRE,Standard,Addition,53.8034380000,-1.6951380000
300000,2003-02-04 00:00:00Z,LS28 7HE,Detached,Established,Freehold,8A,,WOODHALL PARK MOUNT,STANNINGLEY,PUDSEY,LEEDS,WEST YORKSHIRE,Standard,Addition,53.8070980000,-1.6910980000
94995,2003-11-28 00:00:00Z,LS28 8EJ,Semi-Detached,Established,Freehold,24,,MOORLAND ROAD,PUDSEY,PUDSEY,LEEDS,WEST YORKSHIRE,Standard,Addition,53.8022260000,-1.6948390000
82500,2003-02-03 00:00:00Z,LS28 8ER,Semi-Detached,Established,Freehold,24,,MOORLAND DRIVE,PUDSEY,PUDSEY,LEEDS,WEST YORKSHIRE,Standard,Addition,53.8020780000,-1.6928660000
93000,2003-11-23 00:00:00Z,LS28 8EJ,Semi-Detached,Established,Freehold,18,,MOORLAND ROAD,PUDSEY,PUDSEY,LEEDS,WEST YORKSHIRE,Standard,Addition,53.8022260000,-1.6948390000
106000,2003-01-31 00:00:00Z,LS28 7UG,Semi-Detached,Established,Freehold,9,,GALLOWAY LANE,PUDSEY,PUDSEY,LEEDS,WEST YORKSHIRE,Standard,Addition,53.8026300000,-1.6909790000
123000,2003-12-02 00:00:00Z,LS28 8EW,Semi-Detached,Established,Freehold,12,,MOORLAND CRESCENT,PUDSEY,PUDSEY,LEEDS,WEST YORKSHIRE,Standard,Addition,53.8019800000,-1.6965870000
270875,2003-11-24 00:00:00Z,LS28 7TU,Detached,Established,Freehold,32,,WOODHALL CROFT,STANNINGLEY,PUDSEY,LEEDS,WEST YORKSHIRE,Standard,Addition,53.8086130000,-1.6933190000
105000,2003-11-02 00:00:00Z,LS28 8LD,Semi-Detached,Established,Freehold,12,,CHATSWORTH CRESCENT,PUDSEY,PUDSEY,LEEDS,WEST YORKSHIRE,Standard,Addition,53.8001160000,-1.6919850000
190000,2003-08-11 00:00:00Z,LS28 7TT,Detached,Established,Freehold,40,,WOODHALL LANE,STANNINGLEY,PUDSEY,LEEDS,WEST YORKSHIRE,Standard,Addition,53.8063940000,-1.6933510000
322000,2003-09-05 00:00:00Z,LS28 5NY,Detached,Established,Freehold,72,,WOODHALL LANE,STANNINGLEY,PUDSEY,LEEDS,WEST YORKSHIRE,Standard,Addition,53.8099930000,-1.6948580000
231000,2003-11-27 00:00:00Z,LS28 7TU,Detached,Established,Freehold,26,,WOODHALL CROFT,STANNINGLEY,PUDSEY,LEEDS,WEST YORKSHIRE,Standard,Addition,53.8086130000,-1.6933190000
128000,2003-04-11 00:00:00Z,LS28 8ER,Semi-Detached,Established,Freehold,21,,MOORLAND DRIVE,PUDSEY,PUDSEY,LEEDS,WEST YORKSHIRE,Standard,Addition,53.8020780000,-1.6928660000
310000,2003-11-17 00:00:00Z,LS28 7HE,Detached,Established,Freehold,8,,WOODHALL PARK MOUNT,STANNINGLEY,PUDSEY,LEEDS,WEST YORKSHIRE,Standard,Addition,53.8070980000,-1.6910980000
46550,2003-04-23 00:00:00Z,LS28 8RA,Flats/Maisonettes,Established,Leasehold,7,,GALLOWAY COURT,PUDSEY,PUDSEY,LEEDS,WEST YORKSHIRE,Standard,Addition,53.8016270000,-1.6922920000
96995,2003-02-21 00:00:00Z,LS28 8EH,Semi-Detached,Established,Freehold,23,,PECKOVER DRIVE,PUDSEY,PUDSEY,LEEDS,WEST YORKSHIRE,Standard,Addition,53.8016550000,-1.6972160000
84950,2003-04-16 00:00:00Z,LS28 8EP,Semi-Detached,Established,Freehold,17,,MOORLAND GROVE,PUDSEY,PUDSEY,LEEDS,WEST YORKSHIRE,Standard,Addition,53.8015770000,-1.6937050000
114000,2003-02-07 00:00:00Z,LS28 8EF,Semi-Detached,Established,Freehold,20,,PECKOVER DRIVE,PUDSEY,PUDSEY,LEEDS,WEST YORKSHIRE,Standard,Addition,53.8012450000,-1.6975180000
49000,2003-04-17 00:00:00Z,LS28 8RA,Flats/Maisonettes,Established,Leasehold,14,,GALLOWAY COURT,PUDSEY,PUDSEY,LEEDS,WEST YORKSHIRE,Standard,Addition,53.8016270000,-1.6922920000
90000,2003-09-26 00:00:00Z,LS28 8EH,Terraced,Established,Freehold,35,,PECKOVER DRIVE,PUDSEY,PUDSEY,LEEDS,WEST YORKSHIRE,Standard,Addition,53.8016550000,-1.6972160000
100000,2003-12-12 00:00:00Z,LS28 8EN,Semi-Detached,Established,Freehold,29,,MOORLAND ROAD,PUDSEY,PUDSEY,LEEDS,WEST YORKSHIRE,Standard,Addition,53.8025760000,-1.6943500000
75000,2003-10-03 00:00:00Z,LS28 8EL,Terraced,Established,Freehold,53,,CALVERLEY MOOR AVENUE,PUDSEY,PUDSEY,LEEDS,WEST YORKSHIRE,Standard,Addition,53.8029270000,-1.6945450000
71000,2003-07-03 00:00:00Z,LS28 8EJ,Semi-Detached,Established,Freehold,10,,MOORLAND ROAD,PUDSEY,PUDSEY,LEEDS,WEST YORKSHIRE,Standard,Addition,53.8022260000,-1.6948390000
88000,2003-04-17 00:00:00Z,LS28 8EL,Semi-Detached,Established,Freehold,20,,CALVERLEY MOOR AVENUE,PUDSEY,PUDSEY,LEEDS,WEST YORKSHIRE,Standard,Addition,53.8029270000,-1.6945450000
127500,2003-12-12 00:00:00Z,LS28 8EN,Semi-Detached,Established,Freehold,61,,MOORLAND ROAD,PUDSEY,PUDSEY,LEEDS,WEST YORKSHIRE,Standard,Addition,53.8025760000,-1.6943500000
104000,2003-12-18 00:00:00Z,LS28 8EL,Semi-Detached,Established,Freehold,38,,CALVERLEY MOOR AVENUE,PUDSEY,PUDSEY,LEEDS,WEST YORKSHIRE,Standard,Addition,53.8029270000,-1.6945450000
28000,2004-06-10 00:00:00Z,LS28 8JR,Semi-Detached,Established,Freehold,48,,GALLOWAY LANE,PUDSEY,PUDSEY,LEEDS,WEST YORKSHIRE,Standard,Addition,53.8026680000,-1.6917230000
217995,2004-01-16 00:00:00Z,LS28 7TT,Detached,Established,Freehold,40,,WOODHALL LANE,STANNINGLEY,PUDSEY,LEEDS,WEST YORKSHIRE,Standard,Addition,53.8063940000,-1.6933510000
115000,2004-07-02 00:00:00Z,LS28 7UG,Semi-Detached,Established,Freehold,31,,GALLOWAY LANE,PUDSEY,PUDSEY,LEEDS,WEST YORKSHIRE,Standard,Addition,53.8026300000,-1.6909790000
112000,2004-11-05 00:00:00Z,LS28 8EJ,Semi-Detached,Established,Freehold,52,,MOORLAND ROAD,PUDSEY,PUDSEY,LEEDS,WEST YORKSHIRE,Standard,Addition,53.8022260000,-1.6948390000
284950,2004-04-23 00:00:00Z,LS28 7TT,Detached,Established,Freehold,20,,WOODHALL LANE,STANNINGLEY,PUDSEY,LEEDS,WEST YORKSHIRE,Standard,Addition,53.8063940000,-1.6933510000
94500,2004-01-23 00:00:00Z,LS28 8EU,Semi-Detached,Established,Freehold,1,,DALESIDE CLOSE,PUDSEY,PUDSEY,BRADFORD,WEST YORKSHIRE,Standard,Addition,53.8019230000,-1.6989250000
115000,2004-06-18 00:00:00Z,LS28 8EH,Semi-Detached,Established,Freehold,27,,PECKOVER DRIVE,PUDSEY,PUDSEY,LEEDS,WEST YORKSHIRE,Standard,Addition,53.8016550000,-1.6972160000
110000,2004-09-22 00:00:00Z,LS28 8EN,Semi-Detached,Established,Freehold,23,,MOORLAND ROAD,PUDSEY,PUDSEY,LEEDS,WEST YORKSHIRE,Standard,Addition,53.8025760000,-1.6943500000
225000,2004-02-20 00:00:00Z,LS28 7EZ,Detached,Established,Freehold,22,,WOODHALL PARK CRESCENT WEST,STANNINGLEY,PUDSEY,LEEDS,WEST YORKSHIRE,Standard,Addition,53.8056340000,-1.6914130000
247500,2004-04-07 00:00:00Z,LS28 7HB,Semi-Detached,Established,Freehold,6,,WOODHALL PARK GROVE,STANNINGLEY,PUDSEY,LEEDS,WEST YORKSHIRE,Standard,Addition,53.8066840000,-1.6910860000
220000,2004-07-16 00:00:00Z,LS28 7TT,Detached,Established,Freehold,22,,WOODHALL LANE,STANNINGLEY,PUDSEY,LEEDS,WEST YORKSHIRE,Standard,Addition,53.8063940000,-1.6933510000
143000,2004-02-27 00:00:00Z,LS28 8EX,Semi-Detached,Established,Freehold,15,,DALESIDE ROAD,PUDSEY,PUDSEY,LEEDS,WEST YORKSHIRE,Standard,Addition,53.8009080000,-1.6992830000
113000,2004-03-12 00:00:00Z,LS28 8EL,Semi-Detached,Established,Freehold,49,,CALVERLEY MOOR AVENUE,PUDSEY,PUDSEY,LEEDS,WEST YORKSHIRE,Standard,Addition,53.8029270000,-1.6945450000
113000,2004-06-18 00:00:00Z,LS28 8EH,Semi-Detached,Established,Freehold,11,,PECKOVER DRIVE,PUDSEY,PUDSEY,LEEDS,WEST YORKSHIRE,Standard,Addition,53.8016550000,-1.6972160000
310000,2004-03-11 00:00:00Z,LS28 7UE,Detached,Established,Freehold,3,,THE GLADE,STANNINGLEY,PUDSEY,LEEDS,WEST YORKSHIRE,Standard,Addition,53.8086330000,-1.6938050000
57500,2004-05-10 00:00:00Z,LS28 8ED,Semi-Detached,Established,Freehold,457A,,BRADFORD ROAD,PUDSEY,PUDSEY,LEEDS,WEST YORKSHIRE,Standard,Addition,53.8034380000,-1.6951380000
202500,2004-05-28 00:00:00Z,LS28 7TT,Semi-Detached,Established,Freehold,14,,WOODHALL LANE,STANNINGLEY,PUDSEY,LEEDS,WEST YORKSHIRE,Standard,Addition,53.8063940000,-1.6933510000
70000,2004-04-23 00:00:00Z,LS28 8RA,Flats/Maisonettes,Established,Leasehold,2,,GALLOWAY COURT,PUDSEY,PUDSEY,LEEDS,WEST YORKSHIRE,Standard,Addition,53.8016270000,-1.6922920000
98000,2004-01-15 00:00:00Z,LS28 8EJ,Semi-Detached,Established,Freehold,10,,MOORLAND ROAD,PUDSEY,PUDSEY,LEEDS,WEST YORKSHIRE,Standard,Addition,53.8022260000,-1.6948390000
100000,2004-03-05 00:00:00Z,LS28 7HQ,Semi-Detached,Established,Freehold,377,,BRADFORD ROAD,STANNINGLEY,PUDSEY,LEEDS,WEST YORKSHIRE,Standard,Addition,53.8043550000,-1.6904500000
98000,2004-01-13 00:00:00Z,LS28 8EN,Semi-Detached,Established,Freehold,31,,MOORLAND ROAD,PUDSEY,PUDSEY,LEEDS,WEST YORKSHIRE,Standard,Addition,53.8025760000,-1.6943500000
125000,2004-07-21 00:00:00Z,LS28 8EU,Semi-Detached,Established,Freehold,11,,DALESIDE CLOSE,PUDSEY,PUDSEY,LEEDS,WEST YORKSHIRE,Standard,Addition,53.8019230000,-1.6989250000
167500,2004-04-08 00:00:00Z,LS28 7EZ,Semi-Detached,Established,Freehold,14,,WOODHALL PARK CRESCENT WEST,STANNINGLEY,PUDSEY,LEEDS,WEST YORKSHIRE,Standard,Addition,53.8056340000,-1.6914130000
90500,2004-01-06 00:00:00Z,LS28 8EL,Semi-Detached,Established,Freehold,32,,CALVERLEY MOOR AVENUE,PUDSEY,PUDSEY,LEEDS,WEST YORKSHIRE,Standard,Addition,53.8029270000,-1.6945450000
108000,2004-07-12 00:00:00Z,LS28 8LD,Detached,Established,Freehold,24,,CHATSWORTH CRESCENT,PUDSEY,PUDSEY,LEEDS,WEST YORKSHIRE,Standard,Addition,53.8001160000,-1.6919850000
103000,2004-02-27 00:00:00Z,LS28 7HQ,Semi-Detached,Established,Freehold,363,,BRADFORD ROAD,STANNINGLEY,PUDSEY,LEEDS,WEST YORKSHIRE,Standard,Addition,53.8043550000,-1.6904500000
139995,2004-07-16 00:00:00Z,LS28 8EJ,Semi-Detached,Established,Freehold,82,,MOORLAND ROAD,PUDSEY,PUDSEY,LEEDS,WEST YORKSHIRE,Standard,Addition,53.8022260000,-1.6948390000
307500,2004-06-18 00:00:00Z,LS28 7UE,Detached,Established,Freehold,2,,THE GLADE,STANNINGLEY,PUDSEY,LEEDS,WEST YORKSHIRE,Standard,Addition,53.8086330000,-1.6938050000
99995,2004-01-09 00:00:00Z,LS28 8EX,Semi-Detached,Established,Freehold,16,,DALESIDE ROAD,PUDSEY,PUDSEY,LEEDS,WEST YORKSHIRE,Standard,Addition,53.8009080000,-1.6992830000
104995,2004-04-26 00:00:00Z,LS28 8EJ,Semi-Detached,Established,Freehold,50,,MOORLAND ROAD,PUDSEY,PUDSEY,LEEDS,WEST YORKSHIRE,Standard,Addition,53.8022260000,-1.6948390000
210000,2004-01-16 00:00:00Z,LS28 7TX,Detached,Established,Freehold,15,,WOODHALL CLOSE,STANNINGLEY,PUDSEY,LEEDS,WEST YORKSHIRE,Standard,Addition,53.8076590000,-1.6926130000
241250,2004-05-17 00:00:00Z,LS28 7HB,Detached,Established,Freehold,12,,WOODHALL PARK GROVE,STANNINGLEY,PUDSEY,LEEDS,WEST YORKSHIRE,Standard,Addition,53.8066840000,-1.6910860000
119000,2004-06-18 00:00:00Z,LS28 8EP,Semi-Detached,Established,Freehold,13,,MOORLAND GROVE,PUDSEY,PUDSEY,LEEDS,WEST YORKSHIRE,Standard,Addition,53.8015770000,-1.6937050000
135000,2004-08-20 00:00:00Z,LS28 8EH,Semi-Detached,Established,Freehold,53,,PECKOVER DRIVE,PUDSEY,PUDSEY,LEEDS,WEST YORKSHIRE,Standard,Addition,53.8016550000,-1.6972160000
220000,2004-12-10 00:00:00Z,LS28 7EY,Detached,Established,Freehold,7,,WOODHALL PARK DRIVE,STANNINGLEY,PUDSEY,LEEDS,WEST YORKSHIRE,Standard,Addition,53.8059270000,-1.6900290000
119995,2004-06-04 00:00:00Z,LS28 8EH,Semi-Detached,Established,Freehold,15,,PECKOVER DRIVE,PUDSEY,PUDSEY,LEEDS,WEST YORKSHIRE,Standard,Addition,53.8016550000,-1.6972160000
124950,2004-07-23 00:00:00Z,LS28 8JS,Semi-Detached,Established,Freehold,5,,CHATSWORTH ROAD,PUDSEY,PUDSEY,LEEDS,WEST YORKSHIRE,Standard,Addition,53.8008160000,-1.6912510000
245000,2004-10-05 00:00:00Z,LS28 7TU,Detached,Established,Freehold,12,,WOODHALL CROFT,STANNINGLEY,PUDSEY,LEEDS,WEST YORKSHIRE,Standard,Addition,53.8086130000,-1.6933190000
124000,2004-06-11 00:00:00Z,LS28 7UG,Semi-Detached,Established,Freehold,7,,GALLOWAY LANE,PUDSEY,PUDSEY,LEEDS,WEST YORKSHIRE,Standard,Addition,53.8026300000,-1.6909790000
120000,2005-10-26 00:00:00Z,LS28 8EU,Semi-Detached,Established,Freehold,2,,DALESIDE CLOSE,PUDSEY,PUDSEY,LEEDS,WEST YORKSHIRE,Standard,Addition,53.8019230000,-1.6989250000
275000,2005-06-28 00:00:00Z,LS28 7HB,Semi-Detached,Established,Freehold,6,,WOODHALL PARK GROVE,STANNINGLEY,PUDSEY,LEEDS,WEST YORKSHIRE,Standard,Addition,53.8066840000,-1.6910860000
103000,2005-07-01 00:00:00Z,LS28 8EJ,Semi-Detached,Established,Freehold,14,,MOORLAND ROAD,PUDSEY,PUDSEY,LEEDS,WEST YORKSHIRE,Standard,Addition,53.8022260000,-1.6948390000
145000,2005-06-10 00:00:00Z,LS28 8JT,Semi-Detached,Established,Freehold,1,,CHATSWORTH DRIVE,PUDSEY,PUDSEY,LEEDS,WEST YORKSHIRE,Standard,Addition,53.8012640000,-1.6919810000
124500,2005-04-25 00:00:00Z,LS28 7HQ,Semi-Detached,Established,Freehold,369,,BRADFORD ROAD,STANNINGLEY,PUDSEY,LEEDS,WEST YORKSHIRE,Standard,Addition,53.8043550000,-1.6904500000
395000,2005-05-12 00:00:00Z,LS28 7HE,Detached,Established,Freehold,8A,,WOODHALL PARK MOUNT,STANNINGLEY,PUDSEY,LEEDS,WEST YORKSHIRE,Standard,Addition,53.8070980000,-1.6910980000
119950,2005-09-14 00:00:00Z,LS28 8ER,Semi-Detached,Established,Freehold,23,,MOORLAND DRIVE,PUDSEY,PUDSEY,LEEDS,WEST YORKSHIRE,Standard,Addition,53.8020780000,-1.6928660000
285000,2005-04-22 00:00:00Z,LS28 7TT,Semi-Detached,Established,Freehold,30,,WOODHALL LANE,STANNINGLEY,PUDSEY,LEEDS,WEST YORKSHIRE,Standard,Addition,53.8063940000,-1.6933510000
48000,2005-08-10 00:00:00Z,LS28 7HQ,Semi-Detached,Established,Freehold,361,,BRADFORD ROAD,STANNINGLEY,PUDSEY,LEEDS,WEST YORKSHIRE,Standard,Addition,53.8043550000,-1.6904500000
300000,2005-07-01 00:00:00Z,LS28 7TT,Detached,Established,Freehold,20,,WOODHALL LANE,STANNINGLEY,PUDSEY,LEEDS,WEST YORKSHIRE,Standard,Addition,53.8063940000,-1.6933510000
100000,2005-03-08 00:00:00Z,LS28 8EP,Semi-Detached,Established,Freehold,19,,MOORLAND GROVE,PUDSEY,PUDSEY,LEEDS,WEST YORKSHIRE,Standard,Addition,53.8015770000,-1.6937050000
118500,2005-10-14 00:00:00Z,LS28 7HQ,Semi-Detached,Established,Freehold,375,,BRADFORD ROAD,STANNINGLEY,PUDSEY,LEEDS,WEST YORKSHIRE,Standard,Addition,53.8043550000,-1.6904500000
74950,2005-06-16 00:00:00Z,LS28 8RA,Terraced,Established,Leasehold,15,,GALLOWAY COURT,,PUDSEY,LEEDS,WEST YORKSHIRE,Standard,Addition,53.8016270000,-1.6922920000
139995,2005-05-20 00:00:00Z,LS28 7HQ,Semi-Detached,Established,Freehold,363,,BRADFORD ROAD,STANNINGLEY,PUDSEY,LEEDS,WEST YORKSHIRE,Standard,Addition,53.8043550000,-1.6904500000
132000,2005-04-29 00:00:00Z,LS28 8JT,Detached,Established,Freehold,5,,CHATSWORTH DRIVE,,PUDSEY,LEEDS,WEST YORKSHIRE,Standard,Addition,53.8012640000,-1.6919810000
102000,2005-04-22 00:00:00Z,LS28 8EX,Semi-Detached,Established,Freehold,20,,DALESIDE ROAD,,PUDSEY,LEEDS,WEST YORKSHIRE,Standard,Addition,53.8009080000,-1.6992830000
163000,2005-08-10 00:00:00Z,LS28 8JR,Semi-Detached,Established,Freehold,26,,GALLOWAY LANE,PUDSEY,PUDSEY,LEEDS,WEST YORKSHIRE,Standard,Addition,53.8026680000,-1.6917230000
135000,2005-03-04 00:00:00Z,LS28 8EL,Semi-Detached,Established,Freehold,69,,CALVERLEY MOOR AVENUE,,PUDSEY,LEEDS,WEST YORKSHIRE,Standard,Addition,53.8029270000,-1.6945450000
147000,2005-03-31 00:00:00Z,LS28 8EJ,Semi-Detached,Established,Freehold,82,,MOORLAND ROAD,,PUDSEY,LEEDS,WEST YORKSHIRE,Standard,Addition,53.8022260000,-1.6948390000
120000,2005-01-27 00:00:00Z,LS28 8ED,Semi-Detached,Established,Freehold,457A,,BRADFORD ROAD,PUDSEY,PUDSEY,LEEDS,WEST YORKSHIRE,Standard,Addition,53.8034380000,-1.6951380000
220000,2005-03-18 00:00:00Z,LS28 7TT,Detached,Established,Freehold,26,,WOODHALL LANE,STANNINGLEY,PUDSEY,LEEDS,WEST YORKSHIRE,Standard,Addition,53.8063940000,-1.6933510000
85000,2005-11-18 00:00:00Z,LS28 8EL,Semi-Detached,Established,Freehold,17,,CALVERLEY MOOR AVENUE,PUDSEY,PUDSEY,LEEDS,WEST YORKSHIRE,Standard,Addition,53.8029270000,-1.6945450000
170000,2005-08-12 00:00:00Z,LS28 7UG,Semi-Detached,Established,Freehold,37,,GALLOWAY LANE,PUDSEY,PUDSEY,LEEDS,WEST YORKSHIRE,Standard,Addition,53.8026300000,-1.6909790000
145000,2005-09-22 00:00:00Z,LS28 8EH,Semi-Detached,Established,Freehold,17,,PECKOVER DRIVE,,PUDSEY,LEEDS,WEST YORKSHIRE,Standard,Addition,53.8016550000,-1.6972160000
272000,2005-06-17 00:00:00Z,LS28 7HB,Detached,Established,Freehold,12,,WOODHALL PARK GROVE,STANNINGLEY,PUDSEY,LEEDS,WEST YORKSHIRE,Standard,Addition,53.8066840000,-1.6910860000
80500,2005-09-30 00:00:00Z,LS28 8RA,Terraced,Established,Leasehold,9,,GALLOWAY COURT,,PUDSEY,LEEDS,WEST YORKSHIRE,Standard,Addition,53.8016270000,-1.6922920000
127000,2005-08-11 00:00:00Z,LS28 7HQ,Semi-Detached,Established,Freehold,373,,BRADFORD ROAD,STANNINGLEY,PUDSEY,LEEDS,WEST YORKSHIRE,Standard,Addition,53.8043550000,-1.6904500000
290000,2005-02-02 00:00:00Z,LS28 7TT,Detached,Established,Freehold,36,,WOODHALL LANE,STANNINGLEY,PUDSEY,LEEDS,WEST YORKSHIRE,Standard,Addition,53.8063940000,-1.6933510000
130000,2005-08-10 00:00:00Z,LS28 7TU,Detached,Established,Freehold,21,,WOODHALL CROFT,STANNINGLEY,PUDSEY,LEEDS,WEST YORKSHIRE,Standard,Addition,53.8086130000,-1.6933190000
130000,2005-12-07 00:00:00Z,LS28 7TU,Detached,Established,Freehold,21,,WOODHALL CROFT,STANNINGLEY,PUDSEY,LEEDS,WEST YORKSHIRE,Standard,Addition,53.8086130000,-1.6933190000
124000,2005-06-30 00:00:00Z,LS28 8EL,Semi-Detached,Established,Freehold,40,,CALVERLEY MOOR AVENUE,PUDSEY,PUDSEY,LEEDS,WEST YORKSHIRE,Standard,Addition,53.8029270000,-1.6945450000
350000,2005-08-19 00:00:00Z,LS28 7TU,Detached,Established,Freehold,30,,WOODHALL CROFT,STANNINGLEY,PUDSEY,LEEDS,WEST YORKSHIRE,Standard,Addition,53.8086130000,-1.6933190000
119500,2005-04-25 00:00:00Z,LS28 8ED,Semi-Detached,Established,Freehold,463,,BRADFORD ROAD,,PUDSEY,LEEDS,WEST YORKSHIRE,Standard,Addition,53.8034380000,-1.6951380000
375000,2006-01-10 00:00:00Z,LS28 7HB,Detached,Established,Freehold,20A,,WOODHALL PARK GROVE,STANNINGLEY,PUDSEY,LEEDS,WEST YORKSHIRE,Standard,Addition,53.8066840000,-1.6910860000
147500,2006-03-17 00:00:00Z,LS28 8EF,Semi-Detached,Established,Freehold,34,,PECKOVER DRIVE,PUDSEY,PUDSEY,LEEDS,WEST YORKSHIRE,Standard,Addition,53.8012450000,-1.6975180000
117000,2006-05-11 00:00:00Z,LS28 8EP,Semi-Detached,Established,Freehold,12,,MOORLAND GROVE,PUDSEY,PUDSEY,LEEDS,WEST YORKSHIRE,Standard,Addition,53.8015770000,-1.6937050000
127000,2006-01-06 00:00:00Z,LS28 8EW,Semi-Detached,Established,Freehold,18,,MOORLAND CRESCENT,PUDSEY,PUDSEY,LEEDS,WEST YORKSHIRE,Standard,Addition,53.8019800000,-1.6965870000
115000,2006-10-24 00:00:00Z,LS28 8ED,Semi-Detached,Established,Freehold,437,,BRADFORD ROAD,PUDSEY,PUDSEY,LEEDS,WEST YORKSHIRE,Standard,Addition,53.8034380000,-1.6951380000
286000,2006-07-06 00:00:00Z,LS28 7HB,Detached,Established,Freehold,2A,,WOODHALL PARK GROVE,STANNINGLEY,PUDSEY,LEEDS,WEST YORKSHIRE,Standard,Addition,53.8066840000,-1.6910860000
118000,2006-06-09 00:00:00Z,LS28 8EL,Semi-Detached,Established,Freehold,31,,CALVERLEY MOOR AVENUE,PUDSEY,PUDSEY,LEEDS,WEST YORKSHIRE,Standard,Addition,53.8029270000,-1.6945450000
143000,2006-08-04 00:00:00Z,LS28 8JS,Semi-Detached,Established,Freehold,7,,CHATSWORTH ROAD,PUDSEY,PUDSEY,LEEDS,WEST YORKSHIRE,Standard,Addition,53.8008160000,-1.6912510000
154000,2006-11-02 00:00:00Z,LS28 8LD,Detached,Established,Freehold,30,,CHATSWORTH CRESCENT,PUDSEY,PUDSEY,LEEDS,WEST YORKSHIRE,Standard,Addition,53.8001160000,-1.6919850000
164000,2006-03-03 00:00:00Z,LS28 8ER,Semi-Detached,Established,Freehold,15,,MOORLAND DRIVE,PUDSEY,PUDSEY,LEEDS,WEST YORKSHIRE,Standard,Addition,53.8020780000,-1.6928660000
127000,2006-03-21 00:00:00Z,LS28 8JS,Semi-Detached,Established,Freehold,19,,CHATSWORTH ROAD,PUDSEY,PUDSEY,LEEDS,WEST YORKSHIRE,Standard,Addition,53.8008160000,-1.6912510000
170000,2006-10-17 00:00:00Z,LS28 8EH,Semi-Detached,Established,Freehold,63,,PECKOVER DRIVE,PUDSEY,PUDSEY,LEEDS,WEST YORKSHIRE,Standard,Addition,53.8016550000,-1.6972160000
275000,2006-11-13 00:00:00Z,LS28 7TU,Detached,Established,Freehold,15,,WOODHALL CROFT,STANNINGLEY,PUDSEY,LEEDS,WEST YORKSHIRE,Standard,Addition,53.8086130000,-1.6933190000
114950,2006-08-11 00:00:00Z,LS28 8EJ,Semi-Detached,Established,Freehold,10,,MOORLAND ROAD,PUDSEY,PUDSEY,LEEDS,WEST YORKSHIRE,Standard,Addition,53.8022260000,-1.6948390000
249500,2006-03-24 00:00:00Z,LS28 7HD,Semi-Detached,Established,Freehold,4,,SHORTWAY,STANNINGLEY,PUDSEY,LEEDS,WEST YORKSHIRE,Standard,Addition,53.8057850000,-1.6911520000
249995,2006-10-03 00:00:00Z,LS28 7HB,Detached,Established,Freehold,10,,WOODHALL PARK GROVE,STANNINGLEY,PUDSEY,LEEDS,WEST YORKSHIRE,Standard,Addition,53.8066840000,-1.6910860000
248500,2006-06-30 00:00:00Z,LS28 7HB,Detached,Established,Freehold,5,,WOODHALL PARK GROVE,STANNINGLEY,PUDSEY,LEEDS,WEST YORKSHIRE,Standard,Addition,53.8066840000,-1.6910860000
44000,2006-03-17 00:00:00Z,LS28 7HB,Detached,Established,Freehold,27,,WOODHALL PARK GROVE,STANNINGLEY,PUDSEY,LEEDS,WEST YORKSHIRE,Standard,Addition,53.8066840000,-1.6910860000
142000,2006-07-20 00:00:00Z,LS28 8EF,Semi-Detached,Established,Freehold,54,,PECKOVER DRIVE,PUDSEY,PUDSEY,LEEDS,WEST YORKSHIRE,Standard,Addition,53.8012450000,-1.6975180000
128000,2006-11-03 00:00:00Z,LS28 8EJ,Semi-Detached,Established,Freehold,16,,MOORLAND ROAD,PUDSEY,PUDSEY,LEEDS,WEST YORKSHIRE,Standard,Addition,53.8022260000,-1.6948390000
121000,2006-09-04 00:00:00Z,LS28 8EL,Semi-Detached,Established,Freehold,13,,CALVERLEY MOOR AVENUE,PUDSEY,PUDSEY,LEEDS,WEST YORKSHIRE,Standard,Addition,53.8029270000,-1.6945450000
280000,2006-03-13 00:00:00Z,LS28 7TT,Detached,Established,Freehold,22,,WOODHALL LANE,STANNINGLEY,PUDSEY,LEEDS,WEST YORKSHIRE,Standard,Addition,53.8063940000,-1.6933510000
115000,2006-05-26 00:00:00Z,LS28 8EL,Semi-Detached,Established,Freehold,28,,CALVERLEY MOOR AVENUE,PUDSEY,PUDSEY,LEEDS,WEST YORKSHIRE,Standard,Addition,53.8029270000,-1.6945450000
95000,2006-05-19 00:00:00Z,LS28 8EJ,Semi-Detached,Established,Freehold,12,,MOORLAND ROAD,PUDSEY,PUDSEY,LEEDS,WEST YORKSHIRE,Standard,Addition,53.8022260000,-1.6948390000
293000,2006-11-10 00:00:00Z,LS28 7HD,Semi-Detached,Established,Freehold,1,,SHORTWAY,STANNINGLEY,PUDSEY,LEEDS,WEST YORKSHIRE,Standard,Addition,53.8057850000,-1.6911520000
123000,2006-10-13 00:00:00Z,LS28 7HQ,Semi-Detached,Established,Freehold,375,,BRADFORD ROAD,STANNINGLEY,PUDSEY,LEEDS,WEST YORKSHIRE,Standard,Addition,53.8043550000,-1.6904500000
90000,2006-01-27 00:00:00Z,LS28 8EJ,Semi-Detached,Established,Freehold,16,,MOORLAND ROAD,,PUDSEY,LEEDS,WEST YORKSHIRE,Standard,Addition,53.8022260000,-1.6948390000
81000,2006-09-22 00:00:00Z,LS28 8RA,Flats/Maisonettes,Established,Leasehold,22,,GALLOWAY COURT,,PUDSEY,LEEDS,WEST YORKSHIRE,Standard,Addition,53.8016270000,-1.6922920000
125000,2006-12-19 00:00:00Z,LS28 8EJ,Semi-Detached,Established,Freehold,74,,MOORLAND ROAD,PUDSEY,PUDSEY,LEEDS,WEST YORKSHIRE,Standard,Addition,53.8022260000,-1.6948390000
72500,2006-01-20 00:00:00Z,LS28 8RA,Flats/Maisonettes,Established,Leasehold,25,,GALLOWAY COURT,PUDSEY,PUDSEY,LEEDS,WEST YORKSHIRE,Standard,Addition,53.8016270000,-1.6922920000
223500,2006-07-14 00:00:00Z,LS28 7TX,Detached,Established,Freehold,10A,,WOODHALL CLOSE,STANNINGLEY,PUDSEY,LEEDS,WEST YORKSHIRE,Standard,Addition,53.8076590000,-1.6926130000
133000,2006-12-14 00:00:00Z,LS28 8EL,Semi-Detached,Established,Freehold,10,,CALVERLEY MOOR AVENUE,PUDSEY,PUDSEY,LEEDS,WEST YORKSHIRE,Standard,Addition,53.8029270000,-1.6945450000
115000,2006-05-30 00:00:00Z,LS28 8EL,Semi-Detached,Established,Freehold,6,,CALVERLEY MOOR AVENUE,PUDSEY,PUDSEY,LEEDS,WEST YORKSHIRE,Standard,Addition,53.8029270000,-1.6945450000
125000,2006-04-19 00:00:00Z,LS28 8EW,Semi-Detached,Established,Freehold,6,,MOORLAND CRESCENT,PUDSEY,PUDSEY,LEEDS,WEST YORKSHIRE,Standard,Addition,53.8019800000,-1.6965870000
149000,2006-06-16 00:00:00Z,LS28 8JS,Semi-Detached,Established,Freehold,13,,CHATSWORTH ROAD,PUDSEY,PUDSEY,LEEDS,WEST YORKSHIRE,Standard,Addition,53.8008160000,-1.6912510000
295000,2006-12-01 00:00:00Z,LS28 7HE,Detached,Established,Freehold,5,,WOODHALL PARK MOUNT,STANNINGLEY,PUDSEY,LEEDS,WEST YORKSHIRE,Standard,Addition,53.8070980000,-1.6910980000
332000,2006-08-01 00:00:00Z,LS28 7HD,Semi-Detached,Established,Freehold,3,,SHORTWAY,STANNINGLEY,PUDSEY,LEEDS,WEST YORKSHIRE,Standard,Addition,53.8057850000,-1.6911520000
114000,2006-10-17 00:00:00Z,LS28 8EL,Semi-Detached,Established,Freehold,32,,CALVERLEY MOOR AVENUE,PUDSEY,PUDSEY,LEEDS,WEST YORKSHIRE,Standard,Addition,53.8029270000,-1.6945450000
122000,2006-08-23 00:00:00Z,LS28 8EN,Semi-Detached,Established,Freehold,15,,MOORLAND ROAD,PUDSEY,PUDSEY,LEEDS,WEST YORKSHIRE,Standard,Addition,53.8025760000,-1.6943500000
155000,2006-09-06 00:00:00Z,LS28 8JS,Terraced,Established,Freehold,1,,CHATSWORTH ROAD,PUDSEY,PUDSEY,LEEDS,WEST YORKSHIRE,Standard,Addition,53.8008160000,-1.6912510000
120000,2006-05-25 00:00:00Z,LS28 8JR,Semi-Detached,Established,Freehold,18,,GALLOWAY LANE,PUDSEY,PUDSEY,LEEDS,WEST YORKSHIRE,Standard,Addition,53.8026680000,-1.6917230000
137000,2006-01-09 00:00:00Z,LS28 8EH,Semi-Detached,Established,Freehold,49,,PECKOVER DRIVE,,PUDSEY,LEEDS,WEST YORKSHIRE,Standard,Addition,53.8016550000,-1.6972160000
81000,2006-08-04 00:00:00Z,LS28 8RA,Flats/Maisonettes,New Build,Leasehold,12,,GALLOWAY COURT,,PUDSEY,LEEDS,WEST YORKSHIRE,Standard,Addition,53.8016270000,-1.6922920000
116000,2006-03-17 00:00:00Z,LS28 8EL,Semi-Detached,Established,Freehold,10,,CALVERLEY MOOR AVENUE,PUDSEY,PUDSEY,LEEDS,WEST YORKSHIRE,Standard,Addition,53.8029270000,-1.6945450000
104000,2006-06-28 00:00:00Z,LS28 8EL,Semi-Detached,Established,Freehold,9,,CALVERLEY MOOR AVENUE,PUDSEY,PUDSEY,LEEDS,WEST YORKSHIRE,Standard,Addition,53.8029270000,-1.6945450000
100000,2006-02-24 00:00:00Z,LS28 8EL,Semi-Detached,Established,Freehold,17,,CALVERLEY MOOR AVENUE,PUDSEY,PUDSEY,LEEDS,WEST YORKSHIRE,Standard,Addition,53.8029270000,-1.6945450000
204950,2006-12-21 00:00:00Z,LS28 8EX,Semi-Detached,Established,Freehold,22,,DALESIDE ROAD,PUDSEY,PUDSEY,LEEDS,WEST YORKSHIRE,Standard,Addition,53.8009080000,-1.6992830000
245000,2006-09-28 00:00:00Z,LS28 7EZ,Semi-Detached,Established,Freehold,8,,WOODHALL PARK CRESCENT WEST,STANNINGLEY,PUDSEY,LEEDS,WEST YORKSHIRE,Standard,Addition,53.8056340000,-1.6914130000
165000,2006-11-24 00:00:00Z,LS28 8EF,Semi-Detached,Established,Freehold,42,,PECKOVER DRIVE,PUDSEY,PUDSEY,LEEDS,WEST YORKSHIRE,Standard,Addition,53.8012450000,-1.6975180000
110000,2006-07-07 00:00:00Z,LS28 8ER,Semi-Detached,Established,Freehold,7,,MOORLAND DRIVE,PUDSEY,PUDSEY,LEEDS,WEST YORKSHIRE,Standard,Addition,53.8020780000,-1.6928660000
126000,2006-01-20 00:00:00Z,LS28 8EP,Semi-Detached,Established,Freehold,3,,MOORLAND GROVE,PUDSEY,PUDSEY,LEEDS,WEST YORKSHIRE,Standard,Addition,53.8015770000,-1.6937050000
81500,2006-08-01 00:00:00Z,LS28 8RA,Flats/Maisonettes,Established,Leasehold,16,,GALLOWAY COURT,PUDSEY,PUDSEY,LEEDS,WEST YORKSHIRE,Standard,Addition,53.8016270000,-1.6922920000
134000,2006-12-20 00:00:00Z,LS28 8EJ,Semi-Detached,Established,Freehold,50,,MOORLAND ROAD,PUDSEY,PUDSEY,LEEDS,WEST YORKSHIRE,Standard,Addition,53.8022260000,-1.6948390000
362500,2006-08-25 00:00:00Z,LS28 7TU,Detached,New Build,Freehold,34,,WOODHALL CROFT,STANNINGLEY,PUDSEY,LEEDS,WEST YORKSHIRE,Standard,Addition,53.8086130000,-1.6933190000
145000,2007-03-08 00:00:00Z,LS28 8ER,Semi-Detached,Established,Freehold,21,,MOORLAND DRIVE,PUDSEY,PUDSEY,LEEDS,WEST YORKSHIRE,Standard,Addition,53.8020780000,-1.6928660000
420000,2007-02-02 00:00:00Z,LS28 5NY,Detached,Established,Freehold,68,,WOODHALL LANE,STANNINGLEY,PUDSEY,LEEDS,WEST YORKSHIRE,Standard,Addition,53.8099930000,-1.6948580000
118000,2007-12-21 00:00:00Z,LS28 8EJ,Semi-Detached,Established,Freehold,12,,MOORLAND ROAD,PUDSEY,PUDSEY,LEEDS,WEST YORKSHIRE,Standard,Addition,53.8022260000,-1.6948390000
149000,2007-12-14 00:00:00Z,LS28 8JS,Semi-Detached,Established,Freehold,15,,CHATSWORTH ROAD,PUDSEY,PUDSEY,LEEDS,WEST YORKSHIRE,Standard,Addition,53.8008160000,-1.6912510000
135000,2007-10-12 00:00:00Z,LS28 8EL,Semi-Detached,Established,Freehold,18,,CALVERLEY MOOR AVENUE,PUDSEY,PUDSEY,LEEDS,WEST YORKSHIRE,Standard,Addition,53.8029270000,-1.6945450000
132500,2007-06-22 00:00:00Z,LS28 8EY,Semi-Detached,Established,Freehold,1,,DUCKETT GROVE,PUDSEY,PUDSEY,LEEDS,WEST YORKSHIRE,Standard,Addition,53.8015230000,-1.6985680000
139995,2007-06-08 00:00:00Z,LS28 8EU,Semi-Detached,Established,Freehold,12,,DALESIDE CLOSE,PUDSEY,PUDSEY,LEEDS,WEST YORKSHIRE,Standard,Addition,53.8019230000,-1.6989250000
230000,2007-12-14 00:00:00Z,LS28 7UG,Semi-Detached,Established,Freehold,55,,GALLOWAY LANE,PUDSEY,PUDSEY,LEEDS,WEST YORKSHIRE,Standard,Addition,53.8026300000,-1.6909790000
168000,2007-10-12 00:00:00Z,LS28 8EJ,Semi-Detached,Established,Freehold,74,,MOORLAND ROAD,PUDSEY,PUDSEY,LEEDS,WEST YORKSHIRE,Standard,Addition,53.8022260000,-1.6948390000
112500,2007-03-09 00:00:00Z,LS28 8EN,Semi-Detached,Established,Freehold,21,,MOORLAND ROAD,PUDSEY,PUDSEY,LEEDS,WEST YORKSHIRE,Standard,Addition,53.8025760000,-1.6943500000
123000,2007-03-02 00:00:00Z,LS28 8ER,Semi-Detached,Established,Freehold,4,,MOORLAND DRIVE,PUDSEY,PUDSEY,LEEDS,WEST YORKSHIRE,Standard,Addition,53.8020780000,-1.6928660000
124000,2007-01-25 00:00:00Z,LS28 7HQ,Semi-Detached,Established,Freehold,373,,BRADFORD ROAD,STANNINGLEY,PUDSEY,LEEDS,WEST YORKSHIRE,Standard,Addition,53.8043550000,-1.6904500000
130000,2007-04-12 00:00:00Z,LS28 8LD,Detached,Established,Freehold,48,,CHATSWORTH CRESCENT,PUDSEY,PUDSEY,LEEDS,WEST YORKSHIRE,Standard,Addition,53.8001160000,-1.6919850000
138000,2007-06-25 00:00:00Z,LS28 8EJ,Semi-Detached,Established,Freehold,52,,MOORLAND ROAD,PUDSEY,PUDSEY,LEEDS,WEST YORKSHIRE,Standard,Addition,53.8022260000,-1.6948390000
125000,2007-07-30 00:00:00Z,LS28 7HQ,Semi-Detached,Established,Freehold,413,,BRADFORD ROAD,STANNINGLEY,PUDSEY,LEEDS,WEST YORKSHIRE,Standard,Addition,53.8043550000,-1.6904500000
128000,2007-04-25 00:00:00Z,LS28 8EX,Semi-Detached,Established,Freehold,22,,DALESIDE ROAD,PUDSEY,PUDSEY,LEEDS,WEST YORKSHIRE,Standard,Addition,53.8009080000,-1.6992830000
132000,2007-10-02 00:00:00Z,LS28 8EN,Semi-Detached,Established,Freehold,17,,MOORLAND ROAD,PUDSEY,PUDSEY,LEEDS,WEST YORKSHIRE,Standard,Addition,53.8025760000,-1.6943500000
123000,2007-02-16 00:00:00Z,LS28 8EL,Semi-Detached,Established,Freehold,22,,CALVERLEY MOOR AVENUE,PUDSEY,PUDSEY,LEEDS,WEST YORKSHIRE,Standard,Addition,53.8029270000,-1.6945450000
114000,2007-01-17 00:00:00Z,LS28 8EP,Terraced,Established,Freehold,22,,MOORLAND GROVE,PUDSEY,PUDSEY,LEEDS,WEST YORKSHIRE,Standard,Addition,53.8015770000,-1.6937050000
330000,2007-05-17 00:00:00Z,LS28 7TT,Detached,Established,Freehold,16,,WOODHALL LANE,STANNINGLEY,PUDSEY,LEEDS,WEST YORKSHIRE,Standard,Addition,53.8063940000,-1.6933510000
137524,2007-06-01 00:00:00Z,LS28 8ER,Semi-Detached,Established,Freehold,18,,MOORLAND DRIVE,PUDSEY,PUDSEY,LEEDS,WEST YORKSHIRE,Standard,Addition,53.8020780000,-1.6928660000
325000,2007-06-28 00:00:00Z,LS28 7HB,Semi-Detached,Established,Freehold,11A,,WOODHALL PARK GROVE,STANNINGLEY,PUDSEY,LEEDS,WEST YORKSHIRE,Standard,Addition,53.8066840000,-1.6910860000
119950,2007-09-21 00:00:00Z,LS28 8EP,Semi-Detached,Established,Freehold,26,,MOORLAND GROVE,PUDSEY,PUDSEY,LEEDS,WEST YORKSHIRE,Standard,Addition,53.8015770000,-1.6937050000
139500,2007-08-14 00:00:00Z,LS28 8EN,Semi-Detached,Established,Freehold,29,,MOORLAND ROAD,PUDSEY,PUDSEY,LEEDS,WEST YORKSHIRE,Standard,Addition,53.8025760000,-1.6943500000
135000,2007-12-21 00:00:00Z,LS28 8EP,Semi-Detached,Established,Freehold,20,,MOORLAND GROVE,PUDSEY,PUDSEY,LEEDS,WEST YORKSHIRE,Standard,Addition,53.8015770000,-1.6937050000
124000,2007-01-18 00:00:00Z,LS28 7HQ,Semi-Detached,Established,Freehold,361,,BRADFORD ROAD,STANNINGLEY,PUDSEY,LEEDS,WEST YORKSHIRE,Standard,Addition,53.8043550000,-1.6904500000
150000,2007-09-07 00:00:00Z,LS28 8EH,Semi-Detached,Established,Freehold,43,,PECKOVER DRIVE,PUDSEY,PUDSEY,LEEDS,WEST YORKSHIRE,Standard,Addition,53.8016550000,-1.6972160000
123000,2007-03-02 00:00:00Z,LS28 8EJ,Semi-Detached,Established,Freehold,18,,MOORLAND ROAD,PUDSEY,PUDSEY,LEEDS,WEST YORKSHIRE,Standard,Addition,53.8022260000,-1.6948390000
425000,2007-10-31 00:00:00Z,LS28 7HE,Detached,Established,Freehold,8,,WOODHALL PARK MOUNT,STANNINGLEY,PUDSEY,LEEDS,WEST YORKSHIRE,Standard,Addition,53.8070980000,-1.6910980000
185000,2007-05-18 00:00:00Z,LS28 7TU,Detached,Established,Freehold,22,,WOODHALL CROFT,STANNINGLEY,PUDSEY,LEEDS,WEST YORKSHIRE,Standard,Addition,53.8086130000,-1.6933190000
110000,2007-03-25 00:00:00Z,LS28 8EN,Semi-Detached,Established,Freehold,51,,MOORLAND ROAD,PUDSEY,PUDSEY,LEEDS,WEST YORKSHIRE,Standard,Addition,53.8025760000,-1.6943500000
164000,2007-01-22 00:00:00Z,LS28 7UG,Semi-Detached,Established,Freehold,39,,GALLOWAY LANE,PUDSEY,PUDSEY,LEEDS,WEST YORKSHIRE,Standard,Addition,53.8026300000,-1.6909790000
185000,2007-08-28 00:00:00Z,LS28 8LD,Semi-Detached,Established,Freehold,20,,CHATSWORTH CRESCENT,PUDSEY,PUDSEY,LEEDS,WEST YORKSHIRE,Standard,Addition,53.8001160000,-1.6919850000
200000,2007-01-05 00:00:00Z,LS28 7UG,Semi-Detached,Established,Freehold,37,,GALLOWAY LANE,PUDSEY,PUDSEY,LEEDS,WEST YORKSHIRE,Standard,Addition,53.8026300000,-1.6909790000
136000,2007-02-09 00:00:00Z,LS28 7HQ,Semi-Detached,Established,Freehold,377,,BRADFORD ROAD,STANNINGLEY,PUDSEY,LEEDS,WEST YORKSHIRE,Standard,Addition,53.8043550000,-1.6904500000
158000,2007-08-03 00:00:00Z,LS28 8EJ,Semi-Detached,Established,Freehold,38,,MOORLAND ROAD,PUDSEY,PUDSEY,LEEDS,WEST YORKSHIRE,Standard,Addition,53.8022260000,-1.6948390000
134495,2007-04-27 00:00:00Z,LS28 8EJ,Semi-Detached,Established,Freehold,14,,MOORLAND ROAD,PUDSEY,PUDSEY,LEEDS,WEST YORKSHIRE,Standard,Addition,53.8022260000,-1.6948390000
68250,2007-03-28 00:00:00Z,LS28 8RA,Terraced,New Build,Leasehold,20,,GALLOWAY COURT,,PUDSEY,LEEDS,WEST YORKSHIRE,Standard,Addition,53.8016270000,-1.6922920000
165000,2007-07-11 00:00:00Z,LS28 8JS,Semi-Detached,Established,Freehold,25,,CHATSWORTH ROAD,PUDSEY,PUDSEY,LEEDS,WEST YORKSHIRE,Standard,Addition,53.8008160000,-1.6912510000
132000,2007-06-29 00:00:00Z,LS28 8EJ,Semi-Detached,Established,Freehold,40,,MOORLAND ROAD,PUDSEY,PUDSEY,LEEDS,WEST YORKSHIRE,Standard,Addition,53.8022260000,-1.6948390000
450000,2007-08-24 00:00:00Z,LS28 7HD,Detached,Established,Freehold,6,,SHORTWAY,STANNINGLEY,PUDSEY,LEEDS,WEST YORKSHIRE,Standard,Addition,53.8057850000,-1.6911520000
307000,2007-03-15 00:00:00Z,LS28 7HE,Detached,Established,Freehold,3,,WOODHALL PARK MOUNT,STANNINGLEY,PUDSEY,LEEDS,WEST YORKSHIRE,Standard,Addition,53.8070980000,-1.6910980000
153500,2007-08-10 00:00:00Z,LS28 8EF,Semi-Detached,Established,Freehold,32,,PECKOVER DRIVE,PUDSEY,PUDSEY,LEEDS,WEST YORKSHIRE,Standard,Addition,53.8012450000,-1.6975180000
325000,2007-05-18 00:00:00Z,LS28 7TU,Detached,Established,Freehold,1,,WOODHALL CROFT,STANNINGLEY,PUDSEY,LEEDS,WEST YORKSHIRE,Standard,Addition,53.8086130000,-1.6933190000
360000,2007-12-07 00:00:00Z,LS28 7HE,Detached,Established,Freehold,3,,WOODHALL PARK MOUNT,STANNINGLEY,PUDSEY,LEEDS,WEST YORKSHIRE,Standard,Addition,53.8070980000,-1.6910980000
137000,2007-11-30 00:00:00Z,LS28 8EW,Semi-Detached,Established,Freehold,11,,MOORLAND CRESCENT,PUDSEY,PUDSEY,LEEDS,WEST YORKSHIRE,Standard,Addition,53.8019800000,-1.6965870000
195000,2007-10-17 00:00:00Z,LS28 8ED,Semi-Detached,Established,Freehold,429,,BRADFORD ROAD,PUDSEY,PUDSEY,LEEDS,WEST YORKSHIRE,Standard,Addition,53.8034380000,-1.6951380000
139950,2007-10-10 00:00:00Z,LS28 8LD,Detached,Established,Freehold,24,,CHATSWORTH CRESCENT,PUDSEY,PUDSEY,LEEDS,WEST YORKSHIRE,Standard,Addition,53.8001160000,-1.6919850000
161000,2008-06-06 00:00:00Z,LS28 8EL,Semi-Detached,Established,Freehold,59,,CALVERLEY MOOR AVENUE,PUDSEY,PUDSEY,LEEDS,WEST YORKSHIRE,Standard,Addition,53.8029270000,-1.6945450000
467500,2008-01-04 00:00:00Z,LS28 5NY,Detached,Established,Freehold,64,,WOODHALL LANE,STANNINGLEY,PUDSEY,LEEDS,WEST YORKSHIRE,Standard,Addition,53.8099930000,-1.6948580000
109500,2008-10-10 00:00:00Z,LS28 8EL,Semi-Detached,New Build,Freehold,41,,CALVERLEY MOOR AVENUE,PUDSEY,PUDSEY,LEEDS,WEST YORKSHIRE,Standard,Addition,53.8029270000,-1.6945450000
137000,2008-12-02 00:00:00Z,LS28 8EL,Semi-Detached,Established,Freehold,,,CALVERLEY MOOR AVENUE,PUDSEY,PUDSEY,LEEDS,WEST YORKSHIRE,Standard,Addition,53.8029270000,-1.6945450000
90000,2008-07-04 00:00:00Z,LS28 8EX,Semi-Detached,Established,Freehold,42,,DALESIDE ROAD,PUDSEY,PUDSEY,LEEDS,WEST YORKSHIRE,Standard,Addition,53.8009080000,-1.6992830000
154160,2008-02-29 00:00:00Z,LS28 8JU,Semi-Detached,Established,Freehold,9,,CHATSWORTH AVENUE,PUDSEY,PUDSEY,LEEDS,WEST YORKSHIRE,Standard,Addition,53.8008560000,-1.6928450000
120000,2008-02-05 00:00:00Z,LS28 7TT,Semi-Detached,Established,Freehold,30A,,WOODHALL LANE,STANNINGLEY,PUDSEY,LEEDS,WEST YORKSHIRE,Standard,Addition,53.8063940000,-1.6933510000
80000,2008-10-06 00:00:00Z,LS28 8RA,Flats/Maisonettes,Established,Leasehold,1,,GALLOWAY COURT,PUDSEY,PUDSEY,LEEDS,WEST YORKSHIRE,Standard,Addition,53.8016270000,-1.6922920000
205000,2008-09-19 00:00:00Z,LS28 7UG,Detached,Established,Freehold,51,,GALLOWAY LANE,PUDSEY,PUDSEY,LEEDS,WEST YORKSHIRE,Standard,Addition,53.8026300000,-1.6909790000
105750,2008-10-31 00:00:00Z,LS28 8EL,Semi-Detached,Established,Freehold,,,CALVERLEY MOOR AVENUE,PUDSEY,PUDSEY,LEEDS,WEST YORKSHIRE,Standard,Addition,53.8029270000,-1.6945450000
158000,2008-06-16 00:00:00Z,LS28 8EL,Semi-Detached,Established,Freehold,69,,CALVERLEY MOOR AVENUE,PUDSEY,PUDSEY,LEEDS,WEST YORKSHIRE,Standard,Addition,53.8029270000,-1.6945450000
103000,2008-03-14 00:00:00Z,LS28 8EJ,Semi-Detached,Established,Freehold,62,,MOORLAND ROAD,PUDSEY,PUDSEY,LEEDS,WEST YORKSHIRE,Standard,Addition,53.8022260000,-1.6948390000
125000,2008-02-08 00:00:00Z,LS28 8ED,Semi-Detached,Established,Freehold,469,,BRADFORD ROAD,PUDSEY,PUDSEY,LEEDS,WEST YORKSHIRE,Standard,Addition,53.8034380000,-1.6951380000
134000,2008-01-18 00:00:00Z,LS28 8EN,Semi-Detached,Established,Freehold,23,,MOORLAND ROAD,PUDSEY,PUDSEY,LEEDS,WEST YORKSHIRE,Standard,Addition,53.8025760000,-1.6943500000
192500,2008-07-18 00:00:00Z,LS28 8EX,Semi-Detached,Established,Freehold,11,,DALESIDE ROAD,PUDSEY,PUDSEY,LEEDS,WEST YORKSHIRE,Standard,Addition,53.8009080000,-1.6992830000
160000,2008-06-20 00:00:00Z,LS28 8EF,Semi-Detached,Established,Freehold,54,,PECKOVER DRIVE,PUDSEY,PUDSEY,LEEDS,WEST YORKSHIRE,Standard,Addition,53.8012450000,-1.6975180000
230000,2008-08-15 00:00:00Z,LS28 7HB,Detached,Established,Freehold,2,,WOODHALL PARK GROVE,STANNINGLEY,PUDSEY,LEEDS,WEST YORKSHIRE,Standard,Addition,53.8066840000,-1.6910860000
146500,2008-07-15 00:00:00Z,LS28 8EJ,Semi-Detached,Established,Freehold,62,,MOORLAND ROAD,PUDSEY,PUDSEY,LEEDS,WEST YORKSHIRE,Standard,Addition,53.8022260000,-1.6948390000
431000,2008-05-07 00:00:00Z,LS28 7UE,Detached,Established,Freehold,1,,THE GLADE,STANNINGLEY,PUDSEY,LEEDS,WEST YORKSHIRE,Standard,Addition,53.8086330000,-1.6938050000
250000,2008-11-21 00:00:00Z,LS28 7EZ,Semi-Detached,Established,Freehold,5,,WOODHALL PARK CRESCENT WEST,STANNINGLEY,PUDSEY,LEEDS,WEST YORKSHIRE,Standard,Addition,53.8056340000,-1.6914130000
144000,2008-02-22 00:00:00Z,LS28 8ED,Semi-Detached,Established,Freehold,425,,BRADFORD ROAD,PUDSEY,PUDSEY,LEEDS,WEST YORKSHIRE,Standard,Addition,53.8034380000,-1.6951380000
280000,2008-05-14 00:00:00Z,LS28 7HE,Semi-Detached,Established,Freehold,7,,WOODHALL PARK MOUNT,STANNINGLEY,PUDSEY,LEEDS,WEST YORKSHIRE,Standard,Addition,53.8070980000,-1.6910980000
135000,2008-06-24 00:00:00Z,LS28 8EN,Semi-Detached,Established,Freehold,19,,MOORLAND ROAD,PUDSEY,PUDSEY,LEEDS,WEST YORKSHIRE,Standard,Addition,53.8025760000,-1.6943500000
115000,2008-09-19 00:00:00Z,LS28 8JS,Semi-Detached,Established,Freehold,7,,CHATSWORTH ROAD,PUDSEY,PUDSEY,LEEDS,WEST YORKSHIRE,Standard,Addition,53.8008160000,-1.6912510000
140000,2008-04-15 00:00:00Z,LS28 7EY,Semi-Detached,Established,Freehold,3,,WOODHALL PARK DRIVE,STANNINGLEY,PUDSEY,LEEDS,WEST YORKSHIRE,Standard,Addition,53.8059270000,-1.6900290000
175000,2009-08-12 00:00:00Z,LS28 7UG,Semi-Detached,Established,Freehold,41,,GALLOWAY LANE,,PUDSEY,LEEDS,WEST YORKSHIRE,Standard,Addition,53.8026300000,-1.6909790000
120000,2009-08-21 00:00:00Z,LS28 8JS,Semi-Detached,Established,Freehold,21,,CHATSWORTH ROAD,,PUDSEY,LEEDS,WEST YORKSHIRE,Standard,Addition,53.8008160000,-1.6912510000
111000,2009-01-23 00:00:00Z,LS28 8LD,Semi-Detached,Established,Freehold,28,,CHATSWORTH CRESCENT,PUDSEY,PUDSEY,LEEDS,WEST YORKSHIRE,Standard,Addition,53.8001160000,-1.6919850000
143000,2009-07-21 00:00:00Z,LS28 8EJ,Semi-Detached,Established,Freehold,34,,MOORLAND ROAD,,PUDSEY,LEEDS,WEST YORKSHIRE,Standard,Addition,53.8022260000,-1.6948390000
97000,2009-06-30 00:00:00Z,LS28 8EP,Semi-Detached,Established,Freehold,14,,MOORLAND GROVE,,PUDSEY,LEEDS,WEST YORKSHIRE,Standard,Addition,53.8015770000,-1.6937050000
310000,2009-04-17 00:00:00Z,LS28 7TT,Detached,Established,Freehold,34,,WOODHALL LANE,STANNINGLEY,PUDSEY,LEEDS,WEST YORKSHIRE,Standard,Addition,53.8063940000,-1.6933510000
125000,2009-07-31 00:00:00Z,LS28 8EN,Semi-Detached,Established,Freehold,31,,MOORLAND ROAD,,PUDSEY,LEEDS,WEST YORKSHIRE,Standard,Addition,53.8025760000,-1.6943500000
71500,2009-07-20 00:00:00Z,LS28 8RA,Flats/Maisonettes,Established,Leasehold,8,,GALLOWAY COURT,,PUDSEY,LEEDS,WEST YORKSHIRE,Standard,Addition,53.8016270000,-1.6922920000
134450,2009-05-22 00:00:00Z,LS28 7UG,Semi-Detached,Established,Freehold,31,,GALLOWAY LANE,,PUDSEY,LEEDS,WEST YORKSHIRE,Standard,Addition,53.8026300000,-1.6909790000
170000,2009-12-11 00:00:00Z,LS28 7UG,Semi-Detached,Established,Freehold,47,,GALLOWAY LANE,,PUDSEY,LEEDS,WEST YORKSHIRE,Standard,Addition,53.8026300000,-1.6909790000
115000,2009-07-17 00:00:00Z,LS28 7HQ,Semi-Detached,Established,Freehold,401,,BRADFORD ROAD,STANNINGLEY,PUDSEY,LEEDS,WEST YORKSHIRE,Standard,Addition,53.8043550000,-1.6904500000
135500,2009-11-06 00:00:00Z,LS28 8EW,Semi-Detached,Established,Freehold,12,,MOORLAND CRESCENT,,PUDSEY,LEEDS,WEST YORKSHIRE,Standard,Addition,53.8019800000,-1.6965870000
179950,2009-10-02 00:00:00Z,LS28 7UG,Semi-Detached,Established,Freehold,43,,GALLOWAY LANE,,PUDSEY,LEEDS,WEST YORKSHIRE,Standard,Addition,53.8026300000,-1.6909790000
195000,2009-10-28 00:00:00Z,LS28 8ES,Terraced,Established,Freehold,502,,BRADFORD ROAD,,PUDSEY,LEEDS,WEST YORKSHIRE,Standard,Addition,53.8032860000,-1.6979890000
86000,2009-04-03 00:00:00Z,LS28 8EJ,Semi-Detached,Established,Freehold,60,,MOORLAND ROAD,,PUDSEY,LEEDS,WEST YORKSHIRE,Standard,Addition,53.8022260000,-1.6948390000
138500,2009-05-14 00:00:00Z,LS28 7TX,Semi-Detached,Established,Freehold,8A,,WOODHALL CLOSE,STANNINGLEY,PUDSEY,LEEDS,WEST YORKSHIRE,Standard,Addition,53.8076590000,-1.6926130000
136250,2009-07-30 00:00:00Z,LS28 8EH,Semi-Detached,Established,Freehold,61,,PECKOVER DRIVE,,PUDSEY,LEEDS,WEST YORKSHIRE,Standard,Addition,53.8016550000,-1.6972160000
91000,2009-06-19 00:00:00Z,LS28 8EJ,Terraced,Established,Freehold,58,,MOORLAND ROAD,,PUDSEY,LEEDS,WEST YORKSHIRE,Standard,Addition,53.8022260000,-1.6948390000
170500,2009-07-31 00:00:00Z,LS28 7TX,Semi-Detached,Established,Freehold,9,,WOODHALL CLOSE,STANNINGLEY,PUDSEY,LEEDS,WEST YORKSHIRE,Standard,Addition,53.8076590000,-1.6926130000
250000,2009-12-14 00:00:00Z,LS28 7EZ,Semi-Detached,Established,Freehold,9,,WOODHALL PARK CRESCENT WEST,STANNINGLEY,PUDSEY,LEEDS,WEST YORKSHIRE,Standard,Addition,53.8056340000,-1.6914130000
169000,2009-11-13 00:00:00Z,LS28 7TU,Semi-Detached,Established,Freehold,7,,WOODHALL CROFT,STANNINGLEY,PUDSEY,LEEDS,WEST YORKSHIRE,Standard,Addition,53.8086130000,-1.6933190000
67000,2009-02-09 00:00:00Z,LS28 8RA,Flats/Maisonettes,Established,Leasehold,23,,GALLOWAY COURT,PUDSEY,PUDSEY,LEEDS,WEST YORKSHIRE,Standard,Addition,53.8016270000,-1.6922920000
134000,2009-12-11 00:00:00Z,LS28 8EL,Semi-Detached,Established,Freehold,57,,CALVERLEY MOOR AVENUE,,PUDSEY,LEEDS,WEST YORKSHIRE,Standard,Addition,53.8029270000,-1.6945450000
142000,2009-03-06 00:00:00Z,LS28 8ED,Semi-Detached,Established,Freehold,427,,BRADFORD ROAD,PUDSEY,PUDSEY,LEEDS,WEST YORKSHIRE,Standard,Addition,53.8034380000,-1.6951380000
134000,2010-02-22 00:00:00Z,LS28 8EX,Semi-Detached,Established,Freehold,36,,DALESIDE ROAD,,PUDSEY,LEEDS,WEST YORKSHIRE,Standard,Addition,53.8009080000,-1.6992830000
74500,2010-03-15 00:00:00Z,LS28 8RA,Terraced,Established,Leasehold,14,,GALLOWAY COURT,,PUDSEY,LEEDS,WEST YORKSHIRE,Standard,Addition,53.8016270000,-1.6922920000
95000,2010-02-04 00:00:00Z,LS28 8EP,Semi-Detached,Established,Freehold,2,,MOORLAND GROVE,,PUDSEY,LEEDS,WEST YORKSHIRE,Standard,Addition,53.8015770000,-1.6937050000
105000,2010-09-17 00:00:00Z,LS28 8EL,Semi-Detached,Established,Freehold,33,,CALVERLEY MOOR AVENUE,,PUDSEY,LEEDS,WEST YORKSHIRE,Standard,Addition,53.8029270000,-1.6945450000
260000,2010-12-03 00:00:00Z,LS28 7HE,Semi-Detached,Established,Freehold,14,,WOODHALL PARK MOUNT,STANNINGLEY,PUDSEY,LEEDS,WEST YORKSHIRE,Standard,Addition,53.8070980000,-1.6910980000
125000,2010-02-19 00:00:00Z,LS28 8ER,Semi-Detached,Established,Freehold,3,,MOORLAND DRIVE,,PUDSEY,LEEDS,WEST YORKSHIRE,Standard,Addition,53.8020780000,-1.6928660000
215000,2010-05-07 00:00:00Z,LS28 8JR,Semi-Detached,Established,Freehold,48,,GALLOWAY LANE,,PUDSEY,LEEDS,WEST YORKSHIRE,Standard,Addition,53.8026680000,-1.6917230000
115000,2010-08-20 00:00:00Z,LS28 8JS,Semi-Detached,Established,Freehold,8,,CHATSWORTH ROAD,,PUDSEY,LEEDS,WEST YORKSHIRE,Standard,Addition,53.8008160000,-1.6912510000
130000,2010-10-08 00:00:00Z,LS28 8EF,Semi-Detached,Established,Freehold,36,,PECKOVER DRIVE,,PUDSEY,LEEDS,WEST YORKSHIRE,Standard,Addition,53.8012450000,-1.6975180000
394000,2010-04-08 00:00:00Z,LS28 7EY,Detached,Established,Freehold,2,,WOODHALL PARK DRIVE,STANNINGLEY,PUDSEY,LEEDS,WEST YORKSHIRE,Standard,Addition,53.8059270000,-1.6900290000
124000,2010-04-09 00:00:00Z,LS28 8EN,Semi-Detached,Established,Freehold,33,,MOORLAND ROAD,,PUDSEY,LEEDS,WEST YORKSHIRE,Standard,Addition,53.8025760000,-1.6943500000
112000,2010-09-17 00:00:00Z,LS28 8EL,Semi-Detached,Established,Freehold,15,,CALVERLEY MOOR AVENUE,,PUDSEY,LEEDS,WEST YORKSHIRE,Standard,Addition,53.8029270000,-1.6945450000
135000,2010-05-07 00:00:00Z,LS28 8LD,Semi-Detached,Established,Freehold,32,,CHATSWORTH CRESCENT,,PUDSEY,LEEDS,WEST YORKSHIRE,Standard,Addition,53.8001160000,-1.6919850000
135000,2010-11-19 00:00:00Z,LS28 8JR,Semi-Detached,Established,Freehold,24,,GALLOWAY LANE,,PUDSEY,LEEDS,WEST YORKSHIRE,Standard,Addition,53.8026680000,-1.6917230000
273500,2010-06-17 00:00:00Z,LS28 7EY,Semi-Detached,Established,Freehold,8,,WOODHALL PARK DRIVE,STANNINGLEY,PUDSEY,LEEDS,WEST YORKSHIRE,Standard,Addition,53.8059270000,-1.6900290000
249000,2010-04-15 00:00:00Z,LS28 7EY,Semi-Detached,Established,Freehold,16,,WOODHALL PARK DRIVE,STANNINGLEY,PUDSEY,LEEDS,WEST YORKSHIRE,Standard,Addition,53.8059270000,-1.6900290000
125000,2010-06-28 00:00:00Z,LS28 7HQ,Semi-Detached,Established,Freehold,373,,BRADFORD ROAD,STANNINGLEY,PUDSEY,LEEDS,WEST YORKSHIRE,Standard,Addition,53.8043550000,-1.6904500000
153000,2010-08-20 00:00:00Z,LS28 8LD,Semi-Detached,Established,Freehold,26,,CHATSWORTH CRESCENT,,PUDSEY,LEEDS,WEST YORKSHIRE,Standard,Addition,53.8001160000,-1.6919850000
116000,2010-05-28 00:00:00Z,LS28 8EL,Semi-Detached,Established,Freehold,36,,CALVERLEY MOOR AVENUE,,PUDSEY,LEEDS,WEST YORKSHIRE,Standard,Addition,53.8029270000,-1.6945450000
155000,2010-09-30 00:00:00Z,LS28 8EJ,Semi-Detached,Established,Freehold,70,,MOORLAND ROAD,,PUDSEY,LEEDS,WEST YORKSHIRE,Standard,Addition,53.8022260000,-1.6948390000
245000,2010-09-24 00:00:00Z,LS28 8EU,Semi-Detached,Established,Freehold,10,,DALESIDE CLOSE,,PUDSEY,LEEDS,WEST YORKSHIRE,Standard,Addition,53.8019230000,-1.6989250000
129500,2010-11-12 00:00:00Z,LS28 8ED,Semi-Detached,Established,Freehold,429,,BRADFORD ROAD,,PUDSEY,LEEDS,WEST YORKSHIRE,Standard,Addition,53.8034380000,-1.6951380000
95000,2010-04-01 00:00:00Z,LS28 8EL,Semi-Detached,Established,Freehold,23,,CALVERLEY MOOR AVENUE,,PUDSEY,LEEDS,WEST YORKSHIRE,Standard,Addition,53.8029270000,-1.6945450000
148500,2011-01-27 00:00:00Z,LS28 7TU,Detached,Established,Freehold,16,,WOODHALL CROFT,STANNINGLEY,PUDSEY,LEEDS,WEST YORKSHIRE,Standard,Addition,53.8086130000,-1.6933190000
100000,2011-09-30 00:00:00Z,LS28 8ER,Semi-Detached,Established,Freehold,7,,MOORLAND DRIVE,,PUDSEY,LEEDS,WEST YORKSHIRE,Standard,Addition,53.8020780000,-1.6928660000
290000,2011-07-08 00:00:00Z,LS28 7TT,Semi-Detached,Established,Freehold,30A,,WOODHALL LANE,STANNINGLEY,PUDSEY,LEEDS,WEST YORKSHIRE,Standard,Addition,53.8063940000,-1.6933510000
110000,2011-07-27 00:00:00Z,LS28 8EL,Semi-Detached,Established,Freehold,28,,CALVERLEY MOOR AVENUE,,PUDSEY,LEEDS,WEST YORKSHIRE,Standard,Addition,53.8029270000,-1.6945450000
63000,2011-09-28 00:00:00Z,LS28 8RA,Flats/Maisonettes,Established,Leasehold,18,,GALLOWAY COURT,,PUDSEY,LEEDS,WEST YORKSHIRE,Standard,Addition,53.8016270000,-1.6922920000
140000,2011-09-30 00:00:00Z,LS28 8EX,Semi-Detached,Established,Freehold,12,,DALESIDE ROAD,,PUDSEY,LEEDS,WEST YORKSHIRE,Standard,Addition,53.8009080000,-1.6992830000
97600,2011-02-21 00:00:00Z,LS28 8EX,Semi-Detached,Established,Freehold,18,,DALESIDE ROAD,,PUDSEY,LEEDS,WEST YORKSHIRE,Standard,Addition,53.8009080000,-1.6992830000
114995,2011-06-17 00:00:00Z,LS28 8EL,Semi-Detached,Established,Freehold,35,,CALVERLEY MOOR AVENUE,,PUDSEY,LEEDS,WEST YORKSHIRE,Standard,Addition,53.8029270000,-1.6945450000
140000,2011-07-01 00:00:00Z,LS28 8EF,Semi-Detached,Established,Freehold,38,,PECKOVER DRIVE,,PUDSEY,LEEDS,WEST YORKSHIRE,Standard,Addition,53.8012450000,-1.6975180000
140000,2011-10-28 00:00:00Z,LS28 7TX,Detached,Established,Freehold,8,,WOODHALL CLOSE,STANNINGLEY,PUDSEY,LEEDS,WEST YORKSHIRE,Standard,Addition,53.8076590000,-1.6926130000
84000,2011-11-04 00:00:00Z,LS28 8RA,Flats/Maisonettes,Established,Leasehold,16,,GALLOWAY COURT,,PUDSEY,LEEDS,WEST YORKSHIRE,Standard,Addition,53.8016270000,-1.6922920000
115000,2011-07-22 00:00:00Z,LS28 8JU,Semi-Detached,Established,Freehold,4,,CHATSWORTH AVENUE,,PUDSEY,LEEDS,WEST YORKSHIRE,Standard,Addition,53.8008560000,-1.6928450000
129995,2011-09-14 00:00:00Z,LS28 8EH,Semi-Detached,Established,Freehold,57,,PECKOVER DRIVE,,PUDSEY,LEEDS,WEST YORKSHIRE,Standard,Addition,53.8016550000,-1.6972160000
120000,2011-02-18 00:00:00Z,LS28 8EN,Semi-Detached,Established,Freehold,17,,MOORLAND ROAD,,PUDSEY,LEEDS,WEST YORKSHIRE,Standard,Addition,53.8025760000,-1.6943500000
179950,2011-12-02 00:00:00Z,LS28 7UG,Semi-Detached,Established,Freehold,49,,GALLOWAY LANE,,PUDSEY,LEEDS,WEST YORKSHIRE,Standard,Addition,53.8026300000,-1.6909790000
100000,2011-12-16 00:00:00Z,LS28 8EL,Semi-Detached,Established,Freehold,16,,CALVERLEY MOOR AVENUE,,PUDSEY,LEEDS,WEST YORKSHIRE,Standard,Addition,53.8029270000,-1.6945450000
290000,2011-01-07 00:00:00Z,LS28 7HA,Detached,Established,Freehold,1,,WESTMEAD,STANNINGLEY,PUDSEY,LEEDS,WEST YORKSHIRE,Standard,Addition,53.8050410000,-1.6915690000
219950,2011-04-08 00:00:00Z,LS28 7TX,Semi-Detached,Established,Freehold,3,,WOODHALL CLOSE,STANNINGLEY,PUDSEY,LEEDS,WEST YORKSHIRE,Standard,Addition,53.8076590000,-1.6926130000
245000,2011-04-08 00:00:00Z,LS28 7HE,Semi-Detached,Established,Freehold,16,,WOODHALL PARK MOUNT,STANNINGLEY,PUDSEY,LEEDS,WEST YORKSHIRE,Standard,Addition,53.8070980000,-1.6910980000
93450,2011-12-06 00:00:00Z,LS28 8EJ,Semi-Detached,Established,Freehold,22,,MOORLAND ROAD,,PUDSEY,LEEDS,WEST YORKSHIRE,Standard,Addition,53.8022260000,-1.6948390000
120000,2011-04-06 00:00:00Z,LS28 8EN,Semi-Detached,Established,Freehold,21,,MOORLAND ROAD,,PUDSEY,LEEDS,WEST YORKSHIRE,Standard,Addition,53.8025760000,-1.6943500000
86000,2011-04-12 00:00:00Z,LS28 8EN,Semi-Detached,Established,Freehold,39,,MOORLAND ROAD,,PUDSEY,LEEDS,WEST YORKSHIRE,Standard,Addition,53.8025760000,-1.6943500000
223000,2011-09-23 00:00:00Z,LS28 7TT,Semi-Detached,Established,Freehold,14,,WOODHALL LANE,STANNINGLEY,PUDSEY,LEEDS,WEST YORKSHIRE,Standard,Addition,53.8063940000,-1.6933510000
138100,2011-11-04 00:00:00Z,LS28 8JS,Semi-Detached,Established,Freehold,22,,CHATSWORTH ROAD,,PUDSEY,LEEDS,WEST YORKSHIRE,Standard,Addition,53.8008160000,-1.6912510000
124995,2011-04-05 00:00:00Z,LS28 8EH,Semi-Detached,Established,Freehold,23,,PECKOVER DRIVE,,PUDSEY,LEEDS,WEST YORKSHIRE,Standard,Addition,53.8016550000,-1.6972160000
157000,2012-07-04 00:00:00Z,LS28 8EJ,Semi-Detached,Established,Freehold,76,,MOORLAND ROAD,,PUDSEY,LEEDS,WEST YORKSHIRE,Standard,Addition,53.8022260000,-1.6948390000
104000,2012-10-29 00:00:00Z,LS28 8EP,Semi-Detached,Established,Freehold,1,,MOORLAND GROVE,,PUDSEY,LEEDS,WEST YORKSHIRE,Standard,Addition,53.8015770000,-1.6937050000
92000,2012-01-18 00:00:00Z,LS28 8EL,Semi-Detached,Established,Freehold,40,,CALVERLEY MOOR AVENUE,,PUDSEY,LEEDS,WEST YORKSHIRE,Standard,Addition,53.8029270000,-1.6945450000
211000,2012-04-10 00:00:00Z,LS28 8ER,Semi-Detached,Established,Freehold,32,,MOORLAND DRIVE,,PUDSEY,LEEDS,WEST YORKSHIRE,Standard,Addition,53.8020780000,-1.6928660000
245000,2012-08-28 00:00:00Z,LS28 5NZ,Detached,Established,Freehold,65,,WOODHALL LANE,STANNINGLEY,PUDSEY,LEEDS,WEST YORKSHIRE,Standard,Addition,53.8090740000,-1.6952950000
102000,2012-05-14 00:00:00Z,LS28 7HQ,Semi-Detached,Established,Freehold,405,,BRADFORD ROAD,STANNINGLEY,PUDSEY,LEEDS,WEST YORKSHIRE,Standard,Addition,53.8043550000,-1.6904500000
274995,2012-05-29 00:00:00Z,LS28 7EZ,Semi-Detached,Established,Freehold,9,,WOODHALL PARK CRESCENT WEST,STANNINGLEY,PUDSEY,LEEDS,WEST YORKSHIRE,Standard,Addition,53.8056340000,-1.6914130000
101000,2012-10-29 00:00:00Z,LS28 8EL,Semi-Detached,Established,Freehold,12,,CALVERLEY MOOR AVENUE,,PUDSEY,LEEDS,WEST YORKSHIRE,Standard,Addition,53.8029270000,-1.6945450000
170000,2012-04-30 00:00:00Z,LS28 8EL,Semi-Detached,Established,Freehold,61,,CALVERLEY MOOR AVENUE,,PUDSEY,LEEDS,WEST YORKSHIRE,Standard,Addition,53.8029270000,-1.6945450000
137500,2012-12-07 00:00:00Z,LS28 8EH,Semi-Detached,Established,Freehold,11,,PECKOVER DRIVE,,PUDSEY,LEEDS,WEST YORKSHIRE,Standard,Addition,53.8016550000,-1.6972160000
73500,2012-10-26 00:00:00Z,LS28 8RA,Flats/Maisonettes,Established,Leasehold,2,,GALLOWAY COURT,,PUDSEY,LEEDS,WEST YORKSHIRE,Standard,Addition,53.8016270000,-1.6922920000
110000,2012-01-19 00:00:00Z,LS28 8ED,Semi-Detached,Established,Freehold,447,,BRADFORD ROAD,,PUDSEY,LEEDS,WEST YORKSHIRE,Standard,Addition,53.8034380000,-1.6951380000
118000,2012-04-17 00:00:00Z,LS28 8JS,Semi-Detached,Established,Freehold,24,,CHATSWORTH ROAD,,PUDSEY,LEEDS,WEST YORKSHIRE,Standard,Addition,53.8008160000,-1.6912510000
307500,2012-08-31 00:00:00Z,LS28 7EY,Detached,Established,Freehold,5,,WOODHALL PARK DRIVE,STANNINGLEY,PUDSEY,LEEDS,WEST YORKSHIRE,Standard,Addition,53.8059270000,-1.6900290000
155000,2012-08-09 00:00:00Z,LS28 8JT,Semi-Detached,Established,Freehold,2,,CHATSWORTH DRIVE,,PUDSEY,LEEDS,WEST YORKSHIRE,Standard,Addition,53.8012640000,-1.6919810000
125000,2012-04-13 00:00:00Z,LS28 8EP,Semi-Detached,Established,Freehold,19,,MOORLAND GROVE,,PUDSEY,LEEDS,WEST YORKSHIRE,Standard,Addition,53.8015770000,-1.6937050000
92000,2012-06-01 00:00:00Z,LS28 8EL,Semi-Detached,Established,Freehold,27,,CALVERLEY MOOR AVENUE,,PUDSEY,LEEDS,WEST YORKSHIRE,Standard,Addition,53.8029270000,-1.6945450000
104250,2012-07-13 00:00:00Z,LS28 8EL,Semi-Detached,Established,Freehold,42,,CALVERLEY MOOR AVENUE,,PUDSEY,LEEDS,WEST YORKSHIRE,Standard,Addition,53.8029270000,-1.6945450000
160000,2012-10-23 00:00:00Z,LS28 8JR,Semi-Detached,Established,Freehold,26,,GALLOWAY LANE,,PUDSEY,LEEDS,WEST YORKSHIRE,Standard,Addition,53.8026680000,-1.6917230000
105000,2012-03-30 00:00:00Z,LS28 8EP,Semi-Detached,Established,Freehold,4,,MOORLAND GROVE,,PUDSEY,LEEDS,WEST YORKSHIRE,Standard,Addition,53.8015770000,-1.6937050000
160000,2012-08-16 00:00:00Z,LS28 8JR,Semi-Detached,Established,Freehold,20,,GALLOWAY LANE,,PUDSEY,LEEDS,WEST YORKSHIRE,Standard,Addition,53.8026680000,-1.6917230000
307500,2012-11-02 00:00:00Z,LS28 7TU,Detached,Established,Freehold,2,,WOODHALL CROFT,STANNINGLEY,PUDSEY,LEEDS,WEST YORKSHIRE,Standard,Addition,53.8086130000,-1.6933190000
98000,2012-03-22 00:00:00Z,LS28 8LD,Semi-Detached,Established,Freehold,46,,CHATSWORTH CRESCENT,,PUDSEY,LEEDS,WEST YORKSHIRE,Standard,Addition,53.8001160000,-1.6919850000
266000,2012-12-11 00:00:00Z,LS28 7HE,Semi-Detached,Established,Freehold,12,,WOODHALL PARK MOUNT,STANNINGLEY,PUDSEY,LEEDS,WEST YORKSHIRE,Standard,Addition,53.8070980000,-1.6910980000
120000,2012-07-05 00:00:00Z,LS28 8EF,Semi-Detached,Established,Freehold,16,,PECKOVER DRIVE,,PUDSEY,LEEDS,WEST YORKSHIRE,Standard,Addition,53.8012450000,-1.6975180000
305000,2012-05-18 00:00:00Z,LS28 7HB,Detached,Established,Freehold,17,,WOODHALL PARK GROVE,STANNINGLEY,PUDSEY,LEEDS,WEST YORKSHIRE,Standard,Addition,53.8066840000,-1.6910860000
336000,2012-03-30 00:00:00Z,LS28 7TU,Detached,Established,Freehold,34,,WOODHALL CROFT,STANNINGLEY,PUDSEY,LEEDS,WEST YORKSHIRE,Standard,Addition,53.8086130000,-1.6933190000
123000,2013-11-08 00:00:00Z,LS28 8EU,Semi-Detached,Established,Freehold,2,,DALESIDE CLOSE,,PUDSEY,LEEDS,WEST YORKSHIRE,Standard,Addition,53.8019230000,-1.6989250000
135000,2013-08-06 00:00:00Z,LS28 8JS,Semi-Detached,Established,Freehold,17,,CHATSWORTH ROAD,,PUDSEY,LEEDS,WEST YORKSHIRE,Standard,Addition,53.8008160000,-1.6912510000
125000,2013-12-11 00:00:00Z,LS28 8EY,Semi-Detached,Established,Freehold,1,,DUCKETT GROVE,,PUDSEY,LEEDS,WEST YORKSHIRE,Standard,Addition,53.8015230000,-1.6985680000
90000,2013-05-13 00:00:00Z,LS28 8EP,Semi-Detached,Established,Freehold,3,,MOORLAND GROVE,,PUDSEY,LEEDS,WEST YORKSHIRE,Standard,Addition,53.8015770000,-1.6937050000
155000,2013-10-02 00:00:00Z,LS28 8JS,Semi-Detached,Established,Freehold,6,,CHATSWORTH ROAD,,PUDSEY,LEEDS,WEST YORKSHIRE,Standard,Addition,53.8008160000,-1.6912510000
100000,2013-01-31 00:00:00Z,LS28 8EL,Semi-Detached,Established,Freehold,32,,CALVERLEY MOOR AVENUE,,PUDSEY,LEEDS,WEST YORKSHIRE,Standard,Addition,53.8029270000,-1.6945450000
100000,2013-01-08 00:00:00Z,LS28 8EF,Semi-Detached,Established,Freehold,52,,PECKOVER DRIVE,,PUDSEY,LEEDS,WEST YORKSHIRE,Standard,Addition,53.8012450000,-1.6975180000
125000,2013-05-13 00:00:00Z,LS28 8ED,Semi-Detached,Established,Freehold,457A,,BRADFORD ROAD,,PUDSEY,LEEDS,WEST YORKSHIRE,Standard,Addition,53.8034380000,-1.6951380000
226000,2013-03-08 00:00:00Z,LS28 7EZ,Semi-Detached,Established,Freehold,10,,WOODHALL PARK CRESCENT WEST,STANNINGLEY,PUDSEY,LEEDS,WEST YORKSHIRE,Standard,Addition,53.8056340000,-1.6914130000
140000,2013-05-31 00:00:00Z,LS28 8EX,Semi-Detached,Established,Freehold,10,,DALESIDE ROAD,,PUDSEY,LEEDS,WEST YORKSHIRE,Standard,Addition,53.8009080000,-1.6992830000
98000,2013-11-25 00:00:00Z,LS28 8EL,Semi-Detached,Established,Freehold,30,,CALVERLEY MOOR AVENUE,,PUDSEY,LEEDS,WEST YORKSHIRE,Standard,Addition,53.8029270000,-1.6945450000
175000,2013-01-11 00:00:00Z,LS28 7TX,Semi-Detached,Established,Freehold,5,,WOODHALL CLOSE,STANNINGLEY,PUDSEY,LEEDS,WEST YORKSHIRE,Standard,Addition,53.8076590000,-1.6926130000
120000,2013-10-04 00:00:00Z,LS28 8EP,Semi-Detached,Established,Freehold,34,,MOORLAND GROVE,,PUDSEY,LEEDS,WEST YORKSHIRE,Standard,Addition,53.8015770000,-1.6937050000
108000,2013-12-19 00:00:00Z,LS28 8EJ,Semi-Detached,Established,Freehold,30,,MOORLAND ROAD,,PUDSEY,LEEDS,WEST YORKSHIRE,Standard,Addition,53.8022260000,-1.6948390000
138000,2014-02-03 00:00:00Z,LS28 7TR,Terraced,Established,Freehold,7,,WOODHALL LANE,STANNINGLEY,PUDSEY,LEEDS,WEST YORKSHIRE,Standard,Addition,53.8048360000,-1.6935180000
123000,2014-03-12 00:00:00Z,LS28 8EH,Semi-Detached,Established,Freehold,55,,PECKOVER DRIVE,,PUDSEY,LEEDS,WEST YORKSHIRE,Standard,Addition,53.8016550000,-1.6972160000
420000,2014-03-12 00:00:00Z,LS28 7EZ,Detached,Established,Freehold,19,,WOODHALL PARK CRESCENT WEST,STANNINGLEY,PUDSEY,LEEDS,WEST YORKSHIRE,Standard,Addition,53.8056340000,-1.6914130000
94000,2014-01-27 00:00:00Z,LS28 8EL,Semi-Detached,Established,Freehold,33,,CALVERLEY MOOR AVENUE,,PUDSEY,LEEDS,WEST YORKSHIRE,Standard,Addition,53.8029270000,-1.6945450000
238000,2014-12-05 00:00:00Z,LS28 7EZ,Semi-Detached,Established,Freehold,12,,WOODHALL PARK CRESCENT WEST,STANNINGLEY,PUDSEY,LEEDS,WEST YORKSHIRE,Standard,Addition,53.8056340000,-1.6914130000
210000,2014-06-27 00:00:00Z,LS28 8EY,Semi-Detached,Established,Freehold,7,,DUCKETT GROVE,,PUDSEY,LEEDS,WEST YORKSHIRE,Additional,Addition,53.8015230000,-1.6985680000
175000,2014-06-06 00:00:00Z,LS28 8JT,Semi-Detached,Established,Freehold,4,,CHATSWORTH DRIVE,,PUDSEY,LEEDS,WEST YORKSHIRE,Standard,Addition,53.8012640000,-1.6919810000
345000,2014-07-28 00:00:00Z,LS28 7HB,Detached,Established,Freehold,17,,WOODHALL PARK GROVE,STANNINGLEY,PUDSEY,LEEDS,WEST YORKSHIRE,Standard,Addition,53.8066840000,-1.6910860000
93000,2014-08-29 00:00:00Z,LS28 8EL,Semi-Detached,Established,Freehold,25,,CALVERLEY MOOR AVENUE,,PUDSEY,LEEDS,WEST YORKSHIRE,Standard,Addition,53.8029270000,-1.6945450000
113000,2014-09-05 00:00:00Z,LS28 8EL,Semi-Detached,Established,Freehold,28,,CALVERLEY MOOR AVENUE,,PUDSEY,LEEDS,WEST YORKSHIRE,Standard,Addition,53.8029270000,-1.6945450000
63000,2014-01-31 00:00:00Z,LS28 8RA,Flats/Maisonettes,Established,Leasehold,4,,GALLOWAY COURT,,PUDSEY,LEEDS,WEST YORKSHIRE,Standard,Addition,53.8016270000,-1.6922920000
118000,2014-03-07 00:00:00Z,LS28 8LD,Semi-Detached,Established,Freehold,10,,CHATSWORTH CRESCENT,,PUDSEY,LEEDS,WEST YORKSHIRE,Standard,Addition,53.8001160000,-1.6919850000
390000,2014-09-26 00:00:00Z,LS28 7TT,Detached,Established,Freehold,34,,WOODHALL LANE,STANNINGLEY,PUDSEY,LEEDS,WEST YORKSHIRE,Standard,Addition,53.8063940000,-1.6933510000
154000,2014-11-26 00:00:00Z,LS28 8JU,Semi-Detached,Established,Freehold,4,,CHATSWORTH AVENUE,,PUDSEY,LEEDS,WEST YORKSHIRE,Standard,Addition,53.8008560000,-1.6928450000
107250,2014-01-10 00:00:00Z,LS28 8EJ,Semi-Detached,Established,Freehold,8,,MOORLAND ROAD,,PUDSEY,LEEDS,WEST YORKSHIRE,Standard,Addition,53.8022260000,-1.6948390000
137000,2014-01-06 00:00:00Z,LS28 8EF,Semi-Detached,Established,Freehold,14,,PECKOVER DRIVE,,PUDSEY,LEEDS,WEST YORKSHIRE,Standard,Addition,53.8012450000,-1.6975180000
138000,2014-08-28 00:00:00Z,LS28 8JR,Semi-Detached,Established,Freehold,10,,GALLOWAY LANE,,PUDSEY,LEEDS,WEST YORKSHIRE,Standard,Addition,53.8026680000,-1.6917230000
103000,2014-10-20 00:00:00Z,LS28 8EF,Semi-Detached,Established,Freehold,12,,PECKOVER DRIVE,,PUDSEY,LEEDS,WEST YORKSHIRE,Standard,Addition,53.8012450000,-1.6975180000
124995,2014-04-25 00:00:00Z,LS28 8EL,Semi-Detached,Established,Freehold,41,,CALVERLEY MOOR AVENUE,,PUDSEY,LEEDS,WEST YORKSHIRE,Standard,Addition,53.8029270000,-1.6945450000
108000,2014-11-28 00:00:00Z,LS28 8EL,Semi-Detached,Established,Freehold,17,,CALVERLEY MOOR AVENUE,,PUDSEY,LEEDS,WEST YORKSHIRE,Standard,Addition,53.8029270000,-1.6945450000
250000,2014-11-28 00:00:00Z,LS28 7HE,Detached,Established,Freehold,1,,WOODHALL PARK MOUNT,STANNINGLEY,PUDSEY,LEEDS,WEST YORKSHIRE,Standard,Addition,53.8070980000,-1.6910980000
175000,2014-10-03 00:00:00Z,LS28 8JR,Semi-Detached,Established,Freehold,22,,GALLOWAY LANE,,PUDSEY,LEEDS,WEST YORKSHIRE,Standard,Addition,53.8026680000,-1.6917230000
101500,2014-10-10 00:00:00Z,LS28 8EL,Semi-Detached,Established,Freehold,11,,CALVERLEY MOOR AVENUE,,PUDSEY,LEEDS,WEST YORKSHIRE,Standard,Addition,53.8029270000,-1.6945450000
163000,2014-05-16 00:00:00Z,LS28 8JT,Semi-Detached,Established,Freehold,6,,CHATSWORTH DRIVE,,PUDSEY,LEEDS,WEST YORKSHIRE,Standard,Addition,53.8012640000,-1.6919810000
160000,2014-10-10 00:00:00Z,LS28 7UG,Semi-Detached,Established,Freehold,11,,GALLOWAY LANE,,PUDSEY,LEEDS,WEST YORKSHIRE,Standard,Addition,53.8026300000,-1.6909790000
77000,2014-06-30 00:00:00Z,LS28 8RA,Flats/Maisonettes,Established,Leasehold,10,,GALLOWAY COURT,,PUDSEY,LEEDS,WEST YORKSHIRE,Standard,Addition,53.8016270000,-1.6922920000
162500,2014-04-17 00:00:00Z,LS28 8ER,Semi-Detached,Established,Freehold,18,,MOORLAND DRIVE,,PUDSEY,LEEDS,WEST YORKSHIRE,Standard,Addition,53.8020780000,-1.6928660000
96000,2014-10-16 00:00:00Z,LS28 8EW,Semi-Detached,Established,Freehold,1,,MOORLAND CRESCENT,,PUDSEY,LEEDS,WEST YORKSHIRE,Standard,Addition,53.8019800000,-1.6965870000
137000,2014-11-28 00:00:00Z,LS28 8EF,Semi-Detached,Established,Freehold,70,,PECKOVER DRIVE,,PUDSEY,LEEDS,WEST YORKSHIRE,Standard,Addition,53.8012450000,-1.6975180000
117000,2014-12-02 00:00:00Z,LS28 8EJ,Semi-Detached,Established,Freehold,22,,MOORLAND ROAD,,PUDSEY,LEEDS,WEST YORKSHIRE,Standard,Addition,53.8022260000,-1.6948390000
147000,2014-09-30 00:00:00Z,LS28 7UG,Semi-Detached,Established,Freehold,7,,GALLOWAY LANE,,PUDSEY,LEEDS,WEST YORKSHIRE,Standard,Addition,53.8026300000,-1.6909790000
215000,2014-09-05 00:00:00Z,LS28 8EY,Semi-Detached,Established,Freehold,7,,DUCKETT GROVE,,PUDSEY,LEEDS,WEST YORKSHIRE,Standard,Addition,53.8015230000,-1.6985680000
114000,2014-10-08 00:00:00Z,LS28 8EP,Semi-Detached,Established,Freehold,22,,MOORLAND GROVE,,PUDSEY,LEEDS,WEST YORKSHIRE,Standard,Addition,53.8015770000,-1.6937050000
162000,2014-12-12 00:00:00Z,LS28 8JS,Semi-Detached,Established,Freehold,28,,CHATSWORTH ROAD,,PUDSEY,LEEDS,WEST YORKSHIRE,Standard,Addition,53.8008160000,-1.6912510000
73000,2014-02-14 00:00:00Z,LS28 8RA,Flats/Maisonettes,Established,Leasehold,6,,GALLOWAY COURT,,PUDSEY,LEEDS,WEST YORKSHIRE,Standard,Addition,53.8016270000,-1.6922920000
240000,2014-07-25 00:00:00Z,LS28 7EY,Semi-Detached,Established,Freehold,4,,WOODHALL PARK DRIVE,STANNINGLEY,PUDSEY,LEEDS,WEST YORKSHIRE,Standard,Addition,53.8059270000,-1.6900290000
108000,2014-11-14 00:00:00Z,LS28 8EL,Semi-Detached,Established,Freehold,23,,CALVERLEY MOOR AVENUE,,PUDSEY,LEEDS,WEST YORKSHIRE,Standard,Addition,53.8029270000,-1.6945450000
118000,2014-08-28 00:00:00Z,LS28 8EL,Semi-Detached,Established,Freehold,9,,CALVERLEY MOOR AVENUE,,PUDSEY,LEEDS,WEST YORKSHIRE,Standard,Addition,53.8029270000,-1.6945450000
375000,2014-01-23 00:00:00Z,LS28 7TU,Detached,Established,Freehold,30,,WOODHALL CROFT,STANNINGLEY,PUDSEY,LEEDS,WEST YORKSHIRE,Standard,Addition,53.8086130000,-1.6933190000
375000,2015-04-30 00:00:00Z,LS28 7EZ,Detached,Established,Freehold,15,,WOODHALL PARK CRESCENT WEST,STANNINGLEY,PUDSEY,LEEDS,WEST YORKSHIRE,Standard,Addition,53.8056340000,-1.6914130000
124000,2015-10-08 00:00:00Z,LS28 8EU,Semi-Detached,Established,Freehold,11,,DALESIDE CLOSE,,PUDSEY,LEEDS,WEST YORKSHIRE,Standard,Addition,53.8019230000,-1.6989250000
120000,2015-04-27 00:00:00Z,LS28 8ER,Semi-Detached,Established,Freehold,3,,MOORLAND DRIVE,,PUDSEY,LEEDS,WEST YORKSHIRE,Additional,Addition,53.8020780000,-1.6928660000
545000,2015-11-11 00:00:00Z,LS28 8EE,Other,Established,Freehold,501,,BRADFORD ROAD,,PUDSEY,LEEDS,WEST YORKSHIRE,Additional,Addition,53.8026050000,-1.6987540000
116500,2015-10-23 00:00:00Z,LS28 8EY,Semi-Detached,Established,Freehold,10,,DUCKETT GROVE,,PUDSEY,LEEDS,WEST YORKSHIRE,Additional,Addition,53.8015230000,-1.6985680000
130000,2015-07-17 00:00:00Z,LS28 8ED,Semi-Detached,Established,Freehold,449,,BRADFORD ROAD,,PUDSEY,LEEDS,WEST YORKSHIRE,Standard,Addition,53.8034380000,-1.6951380000
268000,2015-08-14 00:00:00Z,LS28 7HB,Detached,Established,Freehold,1,,WOODHALL PARK GROVE,STANNINGLEY,PUDSEY,LEEDS,WEST YORKSHIRE,Standard,Addition,53.8066840000,-1.6910860000
136000,2015-07-13 00:00:00Z,LS28 8EN,Semi-Detached,Established,Freehold,31,,MOORLAND ROAD,,PUDSEY,LEEDS,WEST YORKSHIRE,Standard,Addition,53.8025760000,-1.6943500000
155000,2015-12-04 00:00:00Z,LS28 8EH,Semi-Detached,Established,Freehold,11,,PECKOVER DRIVE,,PUDSEY,LEEDS,WEST YORKSHIRE,Standard,Addition,53.8016550000,-1.6972160000
320000,2015-03-06 00:00:00Z,LS28 7TT,Semi-Detached,Established,Freehold,28,,WOODHALL LANE,STANNINGLEY,PUDSEY,LEEDS,WEST YORKSHIRE,Standard,Addition,53.8063940000,-1.6933510000
189000,2015-07-28 00:00:00Z,LS28 7UG,Semi-Detached,Established,Freehold,53,,GALLOWAY LANE,,PUDSEY,LEEDS,WEST YORKSHIRE,Standard,Addition,53.8026300000,-1.6909790000
118500,2015-04-24 00:00:00Z,LS28 8EN,Semi-Detached,Established,Freehold,41,,MOORLAND ROAD,,PUDSEY,LEEDS,WEST YORKSHIRE,Standard,Addition,53.8025760000,-1.6943500000
99000,2015-02-26 00:00:00Z,LS28 8EL,Semi-Detached,Established,Freehold,35,,CALVERLEY MOOR AVENUE,,PUDSEY,LEEDS,WEST YORKSHIRE,Standard,Addition,53.8029270000,-1.6945450000
310000,2015-08-14 00:00:00Z,LS28 7HA,Terraced,Established,Freehold,7,,WESTMEAD,STANNINGLEY,PUDSEY,LEEDS,WEST YORKSHIRE,Standard,Addition,53.8050410000,-1.6915690000
236000,2015-07-09 00:00:00Z,LS28 7TX,Semi-Detached,Established,Freehold,3,,WOODHALL CLOSE,STANNINGLEY,PUDSEY,LEEDS,WEST YORKSHIRE,Standard,Addition,53.8076590000,-1.6926130000
312500,2015-07-29 00:00:00Z,LS28 7TT,Detached,Established,Freehold,10,,WOODHALL LANE,STANNINGLEY,PUDSEY,LEEDS,WEST YORKSHIRE,Standard,Addition,53.8063940000,-1.6933510000
119000,2015-12-11 00:00:00Z,LS28 8EN,Semi-Detached,Established,Freehold,59,,MOORLAND ROAD,,PUDSEY,LEEDS,WEST YORKSHIRE,Standard,Addition,53.8025760000,-1.6943500000
130000,2015-01-16 00:00:00Z,LS28 8JU,Semi-Detached,Established,Freehold,11,,CHATSWORTH AVENUE,,PUDSEY,LEEDS,WEST YORKSHIRE,Standard,Addition,53.8008560000,-1.6928450000
176000,2015-01-29 00:00:00Z,LS28 7TX,Detached,Established,Freehold,8,,WOODHALL CLOSE,STANNINGLEY,PUDSEY,LEEDS,WEST YORKSHIRE,Standard,Addition,53.8076590000,-1.6926130000
125000,2015-06-09 00:00:00Z,LS28 8EN,Semi-Detached,Established,Freehold,61,,MOORLAND ROAD,,PUDSEY,LEEDS,WEST YORKSHIRE,Standard,Addition,53.8025760000,-1.6943500000
93500,2015-02-18 00:00:00Z,LS28 8EL,Semi-Detached,Established,Freehold,35,,CALVERLEY MOOR AVENUE,,PUDSEY,LEEDS,WEST YORKSHIRE,Additional,Addition,53.8029270000,-1.6945450000
84000,2015-04-16 00:00:00Z,LS28 8EP,Semi-Detached,Established,Freehold,3,,MOORLAND GROVE,,PUDSEY,LEEDS,WEST YORKSHIRE,Standard,Addition,53.8015770000,-1.6937050000
115000,2015-07-29 00:00:00Z,LS28 8EN,Semi-Detached,Established,Freehold,43,,MOORLAND ROAD,,PUDSEY,LEEDS,WEST YORKSHIRE,Standard,Addition,53.8025760000,-1.6943500000
293000,2015-09-04 00:00:00Z,LS28 7EY,Semi-Detached,Established,Freehold,8,,WOODHALL PARK DRIVE,STANNINGLEY,PUDSEY,LEEDS,WEST YORKSHIRE,Standard,Addition,53.8059270000,-1.6900290000
125000,2016-02-03 00:00:00Z,LS28 8EW,Semi-Detached,Established,Freehold,3,,MOORLAND CRESCENT,,PUDSEY,LEEDS,WEST YORKSHIRE,Standard,Addition,53.8019800000,-1.6965870000
142000,2016-01-29 00:00:00Z,LS28 8EJ,Semi-Detached,Established,Freehold,34,,MOORLAND ROAD,,PUDSEY,LEEDS,WEST YORKSHIRE,Standard,Addition,53.8022260000,-1.6948390000
120000,2016-02-05 00:00:00Z,LS28 8EH,Semi-Detached,Established,Freehold,7,,PECKOVER DRIVE,,PUDSEY,BRADFORD,WEST YORKSHIRE,Standard,Addition,53.8016550000,-1.6972160000
149000,2016-08-12 00:00:00Z,LS28 8LD,Semi-Detached,Established,Freehold,16,,CHATSWORTH CRESCENT,,PUDSEY,LEEDS,WEST YORKSHIRE,Standard,Addition,53.8001160000,-1.6919850000
115000,2016-06-22 00:00:00Z,LS28 8EJ,Semi-Detached,Established,Freehold,14,,MOORLAND ROAD,,PUDSEY,LEEDS,WEST YORKSHIRE,Standard,Addition,53.8022260000,-1.6948390000
220000,2016-06-07 00:00:00Z,LS28 7TU,Semi-Detached,Established,Freehold,7,,WOODHALL CROFT,STANNINGLEY,PUDSEY,LEEDS,WEST YORKSHIRE,Standard,Addition,53.8086130000,-1.6933190000
170000,2016-06-23 00:00:00Z,LS28 8EH,Semi-Detached,Established,Freehold,45,,PECKOVER DRIVE,,PUDSEY,LEEDS,WEST YORKSHIRE,Standard,Addition,53.8016550000,-1.6972160000
146000,2016-12-16 00:00:00Z,LS28 8JS,Semi-Detached,Established,Freehold,19,,CHATSWORTH ROAD,,PUDSEY,LEEDS,WEST YORKSHIRE,Standard,Addition,53.8008160000,-1.6912510000
145000,2016-09-12 00:00:00Z,LS28 8EL,Semi-Detached,Established,Freehold,18,,CALVERLEY MOOR AVENUE,,PUDSEY,LEEDS,WEST YORKSHIRE,Standard,Addition,53.8029270000,-1.6945450000
155000,2016-09-02 00:00:00Z,LS28 8EL,Semi-Detached,Established,Freehold,44,,CALVERLEY MOOR AVENUE,,PUDSEY,LEEDS,WEST YORKSHIRE,Standard,Addition,53.8029270000,-1.6945450000
750,2016-11-23 00:00:00Z,LS28 7HA,Other,Established,Freehold,7,,WESTMEAD,STANNINGLEY,PUDSEY,LEEDS,WEST YORKSHIRE,Additional,Addition,53.8050410000,-1.6915690000
118000,2016-11-10 00:00:00Z,LS28 8LD,Semi-Detached,Established,Freehold,36,,CHATSWORTH CRESCENT,,PUDSEY,LEEDS,WEST YORKSHIRE,Standard,Addition,53.8001160000,-1.6919850000
134000,2016-03-24 00:00:00Z,LS28 8EJ,Semi-Detached,Established,Freehold,40,,MOORLAND ROAD,,PUDSEY,LEEDS,WEST YORKSHIRE,Standard,Addition,53.8022260000,-1.6948390000
94000,2016-03-03 00:00:00Z,LS28 8EL,Semi-Detached,Established,Freehold,44,,CALVERLEY MOOR AVENUE,,PUDSEY,LEEDS,WEST YORKSHIRE,Standard,Addition,53.8029270000,-1.6945450000
148000,2016-03-18 00:00:00Z,LS28 8ER,Semi-Detached,Established,Freehold,27,,MOORLAND DRIVE,,PUDSEY,LEEDS,WEST YORKSHIRE,Additional,Addition,53.8020780000,-1.6928660000
127500,2016-02-05 00:00:00Z,LS28 8EU,Semi-Detached,Established,Freehold,5,,DALESIDE CLOSE,,PUDSEY,LEEDS,WEST YORKSHIRE,Standard,Addition,53.8019230000,-1.6989250000
140000,2016-12-14 00:00:00Z,LS28 7TT,Detached,Established,Freehold,4,,WOODHALL LANE,STANNINGLEY,PUDSEY,LEEDS,WEST YORKSHIRE,Standard,Addition,53.8063940000,-1.6933510000
322000,2016-11-30 00:00:00Z,LS28 7HB,Detached,Established,Freehold,3,,WOODHALL PARK GROVE,STANNINGLEY,PUDSEY,LEEDS,WEST YORKSHIRE,Standard,Addition,53.8066840000,-1.6910860000
84000,2016-12-09 00:00:00Z,LS28 8RA,Flats/Maisonettes,Established,Leasehold,12,,GALLOWAY COURT,,PUDSEY,LEEDS,WEST YORKSHIRE,Standard,Addition,53.8016270000,-1.6922920000
139950,2016-11-25 00:00:00Z,LS28 8EN,Semi-Detached,Established,Freehold,21,,MOORLAND ROAD,,PUDSEY,LEEDS,WEST YORKSHIRE,Standard,Addition,53.8025760000,-1.6943500000
141500,2016-12-20 00:00:00Z,LS28 8EW,Semi-Detached,Established,Freehold,6,,MOORLAND CRESCENT,,PUDSEY,LEEDS,WEST YORKSHIRE,Standard,Addition,53.8019800000,-1.6965870000
160000,2016-11-28 00:00:00Z,LS28 8EF,Semi-Detached,Established,Freehold,54,,PECKOVER DRIVE,,PUDSEY,LEEDS,WEST YORKSHIRE,Standard,Addition,53.8012450000,-1.6975180000
425000,2016-03-21 00:00:00Z,LS28 7TT,Detached,Established,Freehold,36,,WOODHALL LANE,STANNINGLEY,PUDSEY,LEEDS,WEST YORKSHIRE,Standard,Addition,53.8063940000,-1.6933510000
194000,2016-05-13 00:00:00Z,LS28 8EL,Semi-Detached,Established,Freehold,48,,CALVERLEY MOOR AVENUE,,PUDSEY,LEEDS,WEST YORKSHIRE,Standard,Addition,53.8029270000,-1.6945450000
277000,2016-01-08 00:00:00Z,LS28 7HD,Detached,Established,Freehold,5,,SHORTWAY,STANNINGLEY,PUDSEY,LEEDS,WEST YORKSHIRE,Standard,Addition,53.8057850000,-1.6911520000
140000,2016-01-05 00:00:00Z,LS28 8EJ,Semi-Detached,Established,Freehold,30,,MOORLAND ROAD,,PUDSEY,LEEDS,WEST YORKSHIRE,Standard,Addition,53.8022260000,-1.6948390000
150000,2016-01-11 00:00:00Z,LS28 8EN,Semi-Detached,Established,Freehold,35,,MOORLAND ROAD,,PUDSEY,LEEDS,WEST YORKSHIRE,Standard,Addition,53.8025760000,-1.6943500000
158000,2016-09-30 00:00:00Z,LS28 8EU,Semi-Detached,Established,Freehold,1,,DALESIDE CLOSE,,PUDSEY,LEEDS,WEST YORKSHIRE,Standard,Addition,53.8019230000,-1.6989250000
120000,2016-09-20 00:00:00Z,LS28 8ED,Semi-Detached,Established,Freehold,465,,BRADFORD ROAD,,PUDSEY,LEEDS,WEST YORKSHIRE,Standard,Addition,53.8034380000,-1.6951380000
87000,2016-09-16 00:00:00Z,LS28 8EN,Semi-Detached,Established,Freehold,27,,MOORLAND ROAD,,PUDSEY,LEEDS,WEST YORKSHIRE,Standard,Addition,53.8025760000,-1.6943500000
204000,2017-12-12 00:00:00Z,LS28 7TX,Semi-Detached,Established,Freehold,5,,WOODHALL CLOSE,STANNINGLEY,PUDSEY,LEEDS,WEST YORKSHIRE,Additional,Addition,53.8076590000,-1.6926130000
115000,2017-11-24 00:00:00Z,LS28 8EP,Semi-Detached,Established,Freehold,8,,MOORLAND GROVE,,PUDSEY,LEEDS,WEST YORKSHIRE,Standard,Addition,53.8015770000,-1.6937050000
163000,2017-12-20 00:00:00Z,LS28 8EF,Semi-Detached,Established,Freehold,48,,PECKOVER DRIVE,,PUDSEY,LEEDS,WEST YORKSHIRE,Standard,Addition,53.8012450000,-1.6975180000
225000,2017-02-15 00:00:00Z,LS28 7HB,Detached,Established,Freehold,20B,,WOODHALL PARK GROVE,STANNINGLEY,PUDSEY,LEEDS,WEST YORKSHIRE,Standard,Addition,53.8066840000,-1.6910860000
235000,2017-01-30 00:00:00Z,LS28 8EY,Semi-Detached,Established,Freehold,10,,DUCKETT GROVE,,PUDSEY,LEEDS,WEST YORKSHIRE,Standard,Addition,53.8015230000,-1.6985680000
108000,2017-02-10 00:00:00Z,LS28 8EP,Semi-Detached,Established,Freehold,8,,MOORLAND GROVE,,PUDSEY,LEEDS,WEST YORKSHIRE,Standard,Addition,53.8015770000,-1.6937050000
145000,2017-12-19 00:00:00Z,LS28 8EL,Semi-Detached,Established,Freehold,5,,CALVERLEY MOOR AVENUE,,PUDSEY,LEEDS,WEST YORKSHIRE,Standard,Addition,53.8029270000,-1.6945450000
190000,2017-12-15 00:00:00Z,LS28 8JU,Semi-Detached,Established,Freehold,5,,CHATSWORTH AVENUE,,PUDSEY,LEEDS,WEST YORKSHIRE,Standard,Addition,53.8008560000,-1.6928450000
315000,2017-11-13 00:00:00Z,LS28 7HA,Detached,Established,Freehold,2,,WESTMEAD,STANNINGLEY,PUDSEY,LEEDS,WEST YORKSHIRE,Standard,Addition,53.8050410000,-1.6915690000
145000,2017-07-07 00:00:00Z,LS28 8EN,Semi-Detached,Established,Freehold,27,,MOORLAND ROAD,,PUDSEY,LEEDS,WEST YORKSHIRE,Standard,Addition,53.8025760000,-1.6943500000
130000,2017-11-03 00:00:00Z,LS28 8EX,Detached,Established,Freehold,14,,DALESIDE ROAD,,PUDSEY,LEEDS,WEST YORKSHIRE,Standard,Addition,53.8009080000,-1.6992830000
90000,2017-11-28 00:00:00Z,LS28 8RA,Flats/Maisonettes,Established,Leasehold,24,,GALLOWAY COURT,,PUDSEY,LEEDS,WEST YORKSHIRE,Standard,Addition,53.8016270000,-1.6922920000
455000,2017-12-18 00:00:00Z,LS28 7HB,Detached,Established,Freehold,20A,,WOODHALL PARK GROVE,STANNINGLEY,PUDSEY,LEEDS,WEST YORKSHIRE,Standard,Addition,53.8066840000,-1.6910860000
115000,2017-10-13 00:00:00Z,LS28 8EX,Terraced,Established,Freehold,28,,DALESIDE ROAD,,PUDSEY,LEEDS,WEST YORKSHIRE,Additional,Addition,53.8009080000,-1.6992830000
145000,2017-10-02 00:00:00Z,LS28 7HQ,Semi-Detached,Established,Freehold,363,,BRADFORD ROAD,STANNINGLEY,PUDSEY,LEEDS,WEST YORKSHIRE,Standard,Addition,53.8043550000,-1.6904500000
83000,2017-09-29 00:00:00Z,LS28 8RA,Flats/Maisonettes,Established,Leasehold,6,,GALLOWAY COURT,,PUDSEY,LEEDS,WEST YORKSHIRE,Standard,Addition,53.8016270000,-1.6922920000
265500,2017-09-29 00:00:00Z,LS28 7EY,Semi-Detached,Established,Freehold,12,,WOODHALL PARK DRIVE,STANNINGLEY,PUDSEY,LEEDS,WEST YORKSHIRE,Standard,Addition,53.8059270000,-1.6900290000
155500,2017-10-19 00:00:00Z,LS28 8EF,Semi-Detached,Established,Freehold,46,,PECKOVER DRIVE,,PUDSEY,LEEDS,WEST YORKSHIRE,Standard,Addition,53.8012450000,-1.6975180000
128000,2017-10-03 00:00:00Z,LS28 8EN,Semi-Detached,Established,Freehold,41,,MOORLAND ROAD,,PUDSEY,LEEDS,WEST YORKSHIRE,Standard,Addition,53.8025760000,-1.6943500000
158500,2017-10-20 00:00:00Z,LS28 8EH,Semi-Detached,Established,Freehold,19,,PECKOVER DRIVE,,PUDSEY,LEEDS,WEST YORKSHIRE,Standard,Addition,53.8016550000,-1.6972160000
152395,2017-02-20 00:00:00Z,LS28 8EL,Semi-Detached,Established,Freehold,41,,CALVERLEY MOOR AVENUE,,PUDSEY,LEEDS,WEST YORKSHIRE,Standard,Addition,53.8029270000,-1.6945450000
107000,2017-03-10 00:00:00Z,LS28 8ED,Semi-Detached,Established,Freehold,443,,BRADFORD ROAD,,PUDSEY,LEEDS,WEST YORKSHIRE,Standard,Addition,53.8034380000,-1.6951380000
80000,2017-02-27 00:00:00Z,LS28 8RA,Flats/Maisonettes,Established,Leasehold,8,,GALLOWAY COURT,,PUDSEY,LEEDS,WEST YORKSHIRE,Standard,Addition,53.8016270000,-1.6922920000
167500,2017-05-24 00:00:00Z,LS28 7QT,Semi-Detached,Established,Freehold,2,,EDEROYD RISE,STANNINGLEY,PUDSEY,LEEDS,WEST YORKSHIRE,Standard,Addition,53.8033410000,-1.6911870000
140000,2018-01-19 00:00:00Z,LS28 8EU,Semi-Detached,Established,Freehold,11,,DALESIDE CLOSE,,PUDSEY,LEEDS,WEST YORKSHIRE,Standard,Addition,53.8019230000,-1.6989250000
170000,2018-05-25 00:00:00Z,LS28 8EH,Semi-Detached,Established,Freehold,11,,PECKOVER DRIVE,,PUDSEY,LEEDS,WEST YORKSHIRE,Standard,Addition,53.8016550000,-1.6972160000
182000,2018-10-16 00:00:00Z,LS28 8JS,Semi-Detached,Established,Freehold,15,,CHATSWORTH ROAD,,PUDSEY,LEEDS,WEST YORKSHIRE,Standard,Addition,53.8008160000,-1.6912510000
152000,2018-06-15 00:00:00Z,LS28 8EW,Semi-Detached,Established,Freehold,1,,MOORLAND CRESCENT,,PUDSEY,LEEDS,WEST YORKSHIRE,Standard,Addition,53.8019800000,-1.6965870000
170000,2018-11-02 00:00:00Z,LS28 8JR,Semi-Detached,Established,Freehold,30,,GALLOWAY LANE,,PUDSEY,LEEDS,WEST YORKSHIRE,Standard,Addition,53.8026680000,-1.6917230000
260000,2018-11-09 00:00:00Z,LS28 7TX,Detached,Established,Freehold,1,,WOODHALL CLOSE,STANNINGLEY,PUDSEY,LEEDS,WEST YORKSHIRE,Standard,Addition,53.8076590000,-1.6926130000
157000,2018-10-19 00:00:00Z,LS28 8ER,Semi-Detached,Established,Freehold,10,,MOORLAND DRIVE,,PUDSEY,LEEDS,WEST YORKSHIRE,Standard,Addition,53.8020780000,-1.6928660000
360000,2018-07-26 00:00:00Z,LS28 7TU,Detached,Established,Freehold,2,,WOODHALL CROFT,STANNINGLEY,PUDSEY,LEEDS,WEST YORKSHIRE,Standard,Addition,53.8086130000,-1.6933190000
130000,2018-08-14 00:00:00Z,LS28 8ED,Semi-Detached,Established,Freehold,421,,BRADFORD ROAD,,PUDSEY,LEEDS,WEST YORKSHIRE,Standard,Addition,53.8034380000,-1.6951380000
200000,2018-07-20 00:00:00Z,LS28 7TX,Semi-Detached,Established,Freehold,7,,WOODHALL CLOSE,STANNINGLEY,PUDSEY,LEEDS,WEST YORKSHIRE,Standard,Addition,53.8076590000,-1.6926130000
248500,2018-02-28 00:00:00Z,LS28 7EZ,Semi-Detached,Established,Freehold,4,,WOODHALL PARK CRESCENT WEST,STANNINGLEY,PUDSEY,LEEDS,WEST YORKSHIRE,Standard,Addition,53.8056340000,-1.6914130000
122000,2018-03-29 00:00:00Z,LS28 8EJ,Semi-Detached,Established,Freehold,18,,MOORLAND ROAD,,PUDSEY,LEEDS,WEST YORKSHIRE,Standard,Addition,53.8022260000,-1.6948390000
116000,2018-05-04 00:00:00Z,LS28 8EX,Semi-Detached,Established,Freehold,40,,DALESIDE ROAD,,PUDSEY,LEEDS,WEST YORKSHIRE,Standard,Addition,53.8009080000,-1.6992830000
83000,2018-07-17 00:00:00Z,LS28 8RA,Flats/Maisonettes,Established,Leasehold,1,,GALLOWAY COURT,,PUDSEY,LEEDS,WEST YORKSHIRE,Standard,Addition,53.8016270000,-1.6922920000
100000,2018-09-14 00:00:00Z,LS28 7HQ,Semi-Detached,Established,Freehold,377,,BRADFORD ROAD,STANNINGLEY,PUDSEY,LEEDS,WEST YORKSHIRE,Standard,Addition,53.8043550000,-1.6904500000
160000,2018-07-12 00:00:00Z,LS28 7QT,Semi-Detached,Established,Freehold,1,,EDEROYD RISE,STANNINGLEY,PUDSEY,LEEDS,WEST YORKSHIRE,Standard,Addition,53.8033410000,-1.6911870000
153000,2018-09-28 00:00:00Z,LS28 8JU,Semi-Detached,Established,Freehold,7,,CHATSWORTH AVENUE,,PUDSEY,LEEDS,WEST YORKSHIRE,Standard,Addition,53.8008560000,-1.6928450000
156500,2018-03-19 00:00:00Z,LS28 8LD,Semi-Detached,Established,Freehold,4,,CHATSWORTH CRESCENT,,PUDSEY,LEEDS,WEST YORKSHIRE,Standard,Addition,53.8001160000,-1.6919850000
268500,2018-09-10 00:00:00Z,LS28 7EZ,Semi-Detached,Established,Freehold,14,,WOODHALL PARK CRESCENT WEST,STANNINGLEY,PUDSEY,LEEDS,WEST YORKSHIRE,Standard,Addition,53.8056340000,-1.6914130000
410000,2018-12-17 00:00:00Z,LS28 7HB,Detached,Established,Freehold,10,,WOODHALL PARK GROVE,STANNINGLEY,PUDSEY,LEEDS,WEST YORKSHIRE,Standard,Addition,53.8066840000,-1.6910860000
190000,2018-06-19 00:00:00Z,LS28 8EH,Detached,Established,Freehold,3,,PECKOVER DRIVE,,PUDSEY,LEEDS,WEST YORKSHIRE,Standard,Addition,53.8016550000,-1.6972160000
299000,2018-01-09 00:00:00Z,LS28 7TU,Detached,Established,Freehold,28,,WOODHALL CROFT,STANNINGLEY,PUDSEY,LEEDS,WEST YORKSHIRE,Standard,Addition,53.8086130000,-1.6933190000
133000,2018-01-12 00:00:00Z,LS28 8EL,Semi-Detached,Established,Freehold,17,,CALVERLEY MOOR AVENUE,,PUDSEY,LEEDS,WEST YORKSHIRE,Standard,Addition,53.8029270000,-1.6945450000
180000,2018-04-27 00:00:00Z,LS28 7TU,Detached,Established,Freehold,5,,WOODHALL CROFT,STANNINGLEY,PUDSEY,LEEDS,WEST YORKSHIRE,Additional,Addition,53.8086130000,-1.6933190000
122000,2018-11-30 00:00:00Z,LS28 8EW,Semi-Detached,Established,Freehold,4,,MOORLAND CRESCENT,,PUDSEY,LEEDS,WEST YORKSHIRE,Standard,Addition,53.8019800000,-1.6965870000
260000,2018-11-09 00:00:00Z,LS28 7HB,Detached,Established,Freehold,2A,,WOODHALL PARK GROVE,STANNINGLEY,PUDSEY,LEEDS,WEST YORKSHIRE,Standard,Addition,53.8066840000,-1.6910860000
81900,2018-10-30 00:00:00Z,LS28 8RA,Flats/Maisonettes,Established,Leasehold,17,,GALLOWAY COURT,,PUDSEY,LEEDS,WEST YORKSHIRE,Standard,Addition,53.8016270000,-1.6922920000
80000,2018-11-23 00:00:00Z,LS28 8RA,Terraced,Established,Leasehold,9,,GALLOWAY COURT,,PUDSEY,LEEDS,WEST YORKSHIRE,Standard,Addition,53.8016270000,-1.6922920000
286000,2018-11-23 00:00:00Z,LS28 7EY,Semi-Detached,Established,Freehold,16,,WOODHALL PARK DRIVE,STANNINGLEY,PUDSEY,LEEDS,WEST YORKSHIRE,Standard,Addition,53.8059270000,-1.6900290000
160000,2018-02-12 00:00:00Z,LS28 8EY,Semi-Detached,Established,Freehold,4,,DUCKETT GROVE,,PUDSEY,LEEDS,WEST YORKSHIRE,Standard,Addition,53.8015230000,-1.6985680000
145000,2018-08-09 00:00:00Z,LS28 8EL,Semi-Detached,Established,Freehold,16,,CALVERLEY MOOR AVENUE,,PUDSEY,LEEDS,WEST YORKSHIRE,Standard,Addition,53.8029270000,-1.6945450000
210000,2018-08-17 00:00:00Z,LS28 8EX,Semi-Detached,Established,Freehold,11,,DALESIDE ROAD,,PUDSEY,LEEDS,WEST YORKSHIRE,Standard,Addition,53.8009080000,-1.6992830000
410000,2018-03-29 00:00:00Z,LS28 7UE,Detached,Established,Freehold,1,,THE GLADE,STANNINGLEY,PUDSEY,LEEDS,WEST YORKSHIRE,Standard,Addition,53.8086330000,-1.6938050000
160000,2018-12-14 00:00:00Z,LS28 8ER,Semi-Detached,Established,Freehold,1,,MOORLAND DRIVE,,PUDSEY,LEEDS,WEST YORKSHIRE,Standard,Addition,53.8020780000,-1.6928660000
80500,2019-10-07 00:00:00Z,LS28 8RA,Flats/Maisonettes,Established,Leasehold,19,,GALLOWAY COURT,,PUDSEY,LEEDS,WEST YORKSHIRE,Standard,Addition,53.8016270000,-1.6922920000
175000,2019-10-21 00:00:00Z,LS28 7TU,Semi-Detached,Established,Freehold,9,,WOODHALL CROFT,STANNINGLEY,PUDSEY,LEEDS,WEST YORKSHIRE,Standard,Addition,53.8086130000,-1.6933190000
200000,2019-11-08 00:00:00Z,LS28 8EY,Semi-Detached,Established,Freehold,9,,DUCKETT GROVE,,PUDSEY,LEEDS,WEST YORKSHIRE,Standard,Addition,53.8015230000,-1.6985680000
192000,2019-10-25 00:00:00Z,LS28 8JR,Semi-Detached,Established,Freehold,28,,GALLOWAY LANE,,PUDSEY,LEEDS,WEST YORKSHIRE,Standard,Addition,53.8026680000,-1.6917230000
230000,2019-03-01 00:00:00Z,LS28 7HQ,Semi-Detached,Established,Freehold,359,,BRADFORD ROAD,STANNINGLEY,PUDSEY,LEEDS,WEST YORKSHIRE,Standard,Addition,53.8043550000,-1.6904500000
349000,2019-08-01 00:00:00Z,LS28 8ED,Other,Established,Freehold,CO-OPERATIVE RETAIL SERVICES LTD,,BRADFORD ROAD,,PUDSEY,LEEDS,WEST YORKSHIRE,Additional,Addition,53.8034380000,-1.6951380000
165000,2019-01-31 00:00:00Z,LS28 8EL,Semi-Detached,Established,Freehold,33,,CALVERLEY MOOR AVENUE,,PUDSEY,LEEDS,WEST YORKSHIRE,Standard,Addition,53.8029270000,-1.6945450000
180000,2019-02-01 00:00:00Z,LS28 8ED,Semi-Detached,Established,Freehold,443,,BRADFORD ROAD,,PUDSEY,LEEDS,WEST YORKSHIRE,Standard,Addition,53.8034380000,-1.6951380000
137000,2019-11-28 00:00:00Z,LS28 8EL,Semi-Detached,Established,Freehold,26,,CALVERLEY MOOR AVENUE,,PUDSEY,LEEDS,WEST YORKSHIRE,Standard,Addition,53.8029270000,-1.6945450000
150000,2019-11-29 00:00:00Z,LS28 8EL,Semi-Detached,Established,Freehold,20,,CALVERLEY MOOR AVENUE,,PUDSEY,LEEDS,WEST YORKSHIRE,Standard,Addition,53.8029270000,-1.6945450000
180000,2019-12-16 00:00:00Z,LS28 8JR,Semi-Detached,Established,Freehold,14,,GALLOWAY LANE,,PUDSEY,LEEDS,WEST YORKSHIRE,Standard,Addition,53.8026680000,-1.6917230000
237000,2019-11-25 00:00:00Z,LS28 7TU,Detached,Established,Freehold,5,,WOODHALL CROFT,STANNINGLEY,PUDSEY,LEEDS,WEST YORKSHIRE,Standard,Addition,53.8086130000,-1.6933190000
120000,2019-12-19 00:00:00Z,LS28 8EL,Semi-Detached,Established,Freehold,34,,CALVERLEY MOOR AVENUE,,PUDSEY,LEEDS,WEST YORKSHIRE,Standard,Addition,53.8029270000,-1.6945450000
143500,2019-12-06 00:00:00Z,LS28 8EP,Semi-Detached,Established,Freehold,5,,MOORLAND GROVE,,PUDSEY,LEEDS,WEST YORKSHIRE,Standard,Addition,53.8015770000,-1.6937050000
180000,2019-07-26 00:00:00Z,LS28 7HQ,Semi-Detached,Established,Freehold,373,,BRADFORD ROAD,STANNINGLEY,PUDSEY,LEEDS,WEST YORKSHIRE,Standard,Addition,53.8043550000,-1.6904500000
130000,2019-06-28 00:00:00Z,LS28 8EY,Semi-Detached,Established,Freehold,3,,DUCKETT GROVE,,PUDSEY,LEEDS,WEST YORKSHIRE,Standard,Addition,53.8015230000,-1.6985680000
125000,2019-07-15 00:00:00Z,LS28 8EJ,Semi-Detached,Established,Freehold,26,,MOORLAND ROAD,,PUDSEY,LEEDS,WEST YORKSHIRE,Standard,Addition,53.8022260000,-1.6948390000
84700,2019-06-20 00:00:00Z,LS28 8RA,Flats/Maisonettes,Established,Leasehold,16,,GALLOWAY COURT,,PUDSEY,LEEDS,WEST YORKSHIRE,Standard,Addition,53.8016270000,-1.6922920000
155000,2019-03-22 00:00:00Z,LS28 8EP,Semi-Detached,Established,Freehold,15,,MOORLAND GROVE,,PUDSEY,LEEDS,WEST YORKSHIRE,Standard,Addition,53.8015770000,-1.6937050000
137500,2019-05-10 00:00:00Z,LS28 8EX,Semi-Detached,Established,Freehold,22,,DALESIDE ROAD,,PUDSEY,LEEDS,WEST YORKSHIRE,Standard,Addition,53.8009080000,-1.6992830000
145000,2019-04-09 00:00:00Z,LS28 8EY,Semi-Detached,Established,Freehold,2,,DUCKETT GROVE,,PUDSEY,LEEDS,WEST YORKSHIRE,Standard,Addition,53.8015230000,-1.6985680000
148000,2019-09-10 00:00:00Z,LS28 8EH,Semi-Detached,Established,Freehold,7,,PECKOVER DRIVE,,PUDSEY,LEEDS,WEST YORKSHIRE,Standard,Addition,53.8016550000,-1.6972160000
140000,2019-09-06 00:00:00Z,LS28 8LD,Semi-Detached,Established,Freehold,46,,CHATSWORTH CRESCENT,,PUDSEY,LEEDS,WEST YORKSHIRE,Standard,Addition,53.8001160000,-1.6919850000
120000,2019-05-20 00:00:00Z,LS28 8EU,Semi-Detached,Established,Freehold,12,,DALESIDE CLOSE,,PUDSEY,LEEDS,WEST YORKSHIRE,Standard,Addition,53.8019230000,-1.6989250000
194000,2019-10-18 00:00:00Z,LS28 8EF,Semi-Detached,Established,Freehold,54,,PECKOVER DRIVE,,PUDSEY,LEEDS,WEST YORKSHIRE,Standard,Addition,53.8012450000,-1.6975180000
155000,2019-12-31 00:00:00Z,LS28 8ED,Semi-Detached,Established,Freehold,445,,BRADFORD ROAD,,PUDSEY,LEEDS,WEST YORKSHIRE,Additional,Addition,53.8034380000,-1.6951380000
167550,2019-06-17 00:00:00Z,LS28 8EJ,Semi-Detached,Established,Freehold,30,,MOORLAND ROAD,,PUDSEY,LEEDS,WEST YORKSHIRE,Standard,Addition,53.8022260000,-1.6948390000
175000,2019-10-07 00:00:00Z,LS28 8LD,Semi-Detached,Established,Freehold,12,,CHATSWORTH CRESCENT,,PUDSEY,LEEDS,WEST YORKSHIRE,Standard,Addition,53.8001160000,-1.6919850000
125000,2019-08-28 00:00:00Z,LS28 8EL,Semi-Detached,Established,Freehold,27,,CALVERLEY MOOR AVENUE,,PUDSEY,LEEDS,WEST YORKSHIRE,Additional,Addition,53.8029270000,-1.6945450000
440000,2019-11-15 00:00:00Z,LS28 8ED,Other,Established,Freehold,489,,BRADFORD ROAD,,PUDSEY,LEEDS,WEST YORKSHIRE,Additional,Addition,53.8034380000,-1.6951380000
175000,2019-07-31 00:00:00Z,LS28 8EJ,Semi-Detached,Established,Freehold,72,,MOORLAND ROAD,,PUDSEY,LEEDS,WEST YORKSHIRE,Standard,Addition,53.8022260000,-1.6948390000
196000,2019-07-25 00:00:00Z,LS28 7TU,Detached,Established,Freehold,11,,WOODHALL CROFT,STANNINGLEY,PUDSEY,LEEDS,WEST YORKSHIRE,Standard,Addition,53.8086130000,-1.6933190000
162000,2020-02-14 00:00:00Z,LS28 8EP,Semi-Detached,Established,Freehold,11,,MOORLAND GROVE,,PUDSEY,LEEDS,WEST YORKSHIRE,Standard,Addition,53.8015770000,-1.6937050000
270000,2020-01-31 00:00:00Z,LS28 7HD,Semi-Detached,Established,Freehold,2,,SHORTWAY,STANNINGLEY,PUDSEY,LEEDS,WEST YORKSHIRE,Standard,Addition,53.8057850000,-1.6911520000
140000,2020-01-24 00:00:00Z,LS28 8EP,Semi-Detached,Established,Freehold,21,,MOORLAND GROVE,,PUDSEY,LEEDS,WEST YORKSHIRE,Standard,Addition,53.8015770000,-1.6937050000
165000,2020-12-11 00:00:00Z,LS28 8EL,Semi-Detached,Established,Freehold,41,,CALVERLEY MOOR AVENUE,,PUDSEY,LEEDS,WEST YORKSHIRE,Standard,Addition,53.8029270000,-1.6945450000
150000,2020-12-07 00:00:00Z,LS28 8ED,Semi-Detached,Established,Freehold,423,,BRADFORD ROAD,,PUDSEY,LEEDS,WEST YORKSHIRE,Standard,Addition,53.8034380000,-1.6951380000
368000,2020-03-27 00:00:00Z,LS28 7HD,Semi-Detached,Established,Freehold,3,,SHORTWAY,STANNINGLEY,PUDSEY,LEEDS,WEST YORKSHIRE,Standard,Addition,53.8057850000,-1.6911520000
80000,2020-03-06 00:00:00Z,LS28 8JS,Semi-Detached,Established,Freehold,18,,CHATSWORTH ROAD,,PUDSEY,LEEDS,WEST YORKSHIRE,Standard,Addition,53.8008160000,-1.6912510000
150000,2020-11-26 00:00:00Z,LS28 8EJ,Semi-Detached,Established,Freehold,16,,MOORLAND ROAD,,PUDSEY,LEEDS,WEST YORKSHIRE,Standard,Addition,53.8022260000,-1.6948390000
187000,2020-09-17 00:00:00Z,LS28 8EN,Semi-Detached,Established,Freehold,61,,MOORLAND ROAD,,PUDSEY,LEEDS,WEST YORKSHIRE,Standard,Addition,53.8025760000,-1.6943500000
162500,2020-07-10 00:00:00Z,LS28 8EY,Semi-Detached,Established,Freehold,4,,DUCKETT GROVE,,PUDSEY,LEEDS,WEST YORKSHIRE,Standard,Addition,53.8015230000,-1.6985680000
150000,2020-04-03 00:00:00Z,LS28 7HQ,Semi-Detached,Established,Freehold,385,,BRADFORD ROAD,STANNINGLEY,PUDSEY,LEEDS,WEST YORKSHIRE,Standard,Addition,53.8043550000,-1.6904500000
704000,2020-03-13 00:00:00Z,LS28 5NY,Detached,Established,Freehold,70,,WOODHALL LANE,STANNINGLEY,PUDSEY,LEEDS,WEST YORKSHIRE,Standard,Addition,53.8099930000,-1.6948580000
158000,2020-02-06 00:00:00Z,LS28 8ED,Semi-Detached,Established,Freehold,445,,BRADFORD ROAD,,PUDSEY,LEEDS,WEST YORKSHIRE,Standard,Addition,53.8034380000,-1.6951380000
150000,2020-12-11 00:00:00Z,LS28 8EJ,Semi-Detached,Established,Freehold,18,,MOORLAND ROAD,,PUDSEY,LEEDS,WEST YORKSHIRE,Standard,Addition,53.8022260000,-1.6948390000
145500,2020-09-18 00:00:00Z,LS28 8EH,Semi-Detached,Established,Freehold,9,,PECKOVER DRIVE,,PUDSEY,LEEDS,WEST YORKSHIRE,Standard,Addition,53.8016550000,-1.6972160000
166000,2020-06-02 00:00:00Z,LS28 7TR,Semi-Detached,Established,Freehold,1,,WOODHALL LANE,STANNINGLEY,PUDSEY,LEEDS,WEST YORKSHIRE,Standard,Addition,53.8048360000,-1.6935180000
190000,2020-05-15 00:00:00Z,LS28 8EJ,Semi-Detached,Established,Freehold,72,,MOORLAND ROAD,,PUDSEY,LEEDS,WEST YORKSHIRE,Standard,Addition,53.8022260000,-1.6948390000
187000,2020-03-27 00:00:00Z,LS28 8JT,Semi-Detached,Established,Freehold,2,,CHATSWORTH DRIVE,,PUDSEY,LEEDS,WEST YORKSHIRE,Standard,Addition,53.8012640000,-1.6919810000
170000,2020-08-07 00:00:00Z,LS28 7TT,Detached,Established,Freehold,4,,WOODHALL LANE,STANNINGLEY,PUDSEY,LEEDS,WEST YORKSHIRE,Standard,Addition,53.8063940000,-1.6933510000
145500,2020-06-24 00:00:00Z,LS28 8EN,Semi-Detached,Established,Freehold,7,,MOORLAND ROAD,,PUDSEY,LEEDS,WEST YORKSHIRE,Standard,Addition,53.8025760000,-1.6943500000
148000,2020-10-09 00:00:00Z,LS28 8EL,Semi-Detached,Established,Freehold,9,,CALVERLEY MOOR AVENUE,,PUDSEY,LEEDS,WEST YORKSHIRE,Standard,Addition,53.8029270000,-1.6945450000
325000,2020-07-17 00:00:00Z,LS28 7HB,Detached,Established,Freehold,22,,WOODHALL PARK GROVE,STANNINGLEY,PUDSEY,LEEDS,WEST YORKSHIRE,Standard,Addition,53.8066840000,-1.6910860000
170000,2021-05-28 00:00:00Z,LS28 8EF,Semi-Detached,Established,Freehold,12,,PECKOVER DRIVE,,PUDSEY,LEEDS,WEST YORKSHIRE,Standard,Addition,53.8012450000,-1.6975180000
123000,2021-09-07 00:00:00Z,LS28 8EU,Semi-Detached,Established,Freehold,4,,DALESIDE CLOSE,,PUDSEY,LEEDS,WEST YORKSHIRE,Additional,Addition,53.8019230000,-1.6989250000
395000,2021-06-29 00:00:00Z,LS28 7HB,Semi-Detached,Established,Freehold,6,,WOODHALL PARK GROVE,STANNINGLEY,PUDSEY,LEEDS,WEST YORKSHIRE,Standard,Addition,53.8066840000,-1.6910860000
120000,2021-08-26 00:00:00Z,LS28 8EJ,Semi-Detached,Established,Freehold,60,,MOORLAND ROAD,,PUDSEY,LEEDS,WEST YORKSHIRE,Additional,Addition,53.8022260000,-1.6948390000
87500,2021-01-15 00:00:00Z,LS28 8RA,Flats/Maisonettes,Established,Leasehold,18,,GALLOWAY COURT,,PUDSEY,LEEDS,WEST YORKSHIRE,Standard,Addition,53.8016270000,-1.6922920000
320000,2021-02-18 00:00:00Z,LS28 7EY,Semi-Detached,Established,Freehold,4,,WOODHALL PARK DRIVE,STANNINGLEY,PUDSEY,LEEDS,WEST YORKSHIRE,Standard,Addition,53.8059270000,-1.6900290000
186500,2021-06-29 00:00:00Z,LS28 8EJ,Semi-Detached,Established,Freehold,30,,MOORLAND ROAD,,PUDSEY,LEEDS,WEST YORKSHIRE,Standard,Addition,53.8022260000,-1.6948390000
188000,2021-11-30 00:00:00Z,LS28 8EX,Semi-Detached,Established,Freehold,16,,DALESIDE ROAD,,PUDSEY,LEEDS,WEST YORKSHIRE,Standard,Addition,53.8009080000,-1.6992830000
450000,2021-01-05 00:00:00Z,LS28 7HD,Detached,Established,Freehold,6,,SHORTWAY,STANNINGLEY,PUDSEY,LEEDS,WEST YORKSHIRE,Standard,Addition,53.8057850000,-1.6911520000
155500,2021-01-08 00:00:00Z,LS28 8EF,Semi-Detached,Established,Freehold,46,,PECKOVER DRIVE,,PUDSEY,LEEDS,WEST YORKSHIRE,Standard,Addition,53.8012450000,-1.6975180000
145000,2021-04-14 00:00:00Z,LS28 8EL,Semi-Detached,Established,Freehold,1,,CALVERLEY MOOR AVENUE,,PUDSEY,LEEDS,WEST YORKSHIRE,Standard,Addition,53.8029270000,-1.6945450000
152000,2021-09-10 00:00:00Z,LS28 8EP,Semi-Detached,Established,Freehold,21,,MOORLAND GROVE,,PUDSEY,LEEDS,WEST YORKSHIRE,Additional,Addition,53.8015770000,-1.6937050000
120700,2021-02-05 00:00:00Z,LS28 8EJ,Semi-Detached,Established,Freehold,56,,MOORLAND ROAD,,PUDSEY,LEEDS,WEST YORKSHIRE,Additional,Addition,53.8022260000,-1.6948390000
385000,2021-02-03 00:00:00Z,LS28 7EZ,Detached,Established,Freehold,22,,WOODHALL PARK CRESCENT WEST,STANNINGLEY,PUDSEY,LEEDS,WEST YORKSHIRE,Additional,Addition,53.8056340000,-1.6914130000
140000,2021-06-29 00:00:00Z,LS28 8ER,Semi-Detached,Established,Freehold,3,,MOORLAND DRIVE,,PUDSEY,LEEDS,WEST YORKSHIRE,Standard,Addition,53.8020780000,-1.6928660000
315000,2021-03-15 00:00:00Z,LS28 8EJ,Semi-Detached,Established,Freehold,66,,MOORLAND ROAD,,PUDSEY,LEEDS,WEST YORKSHIRE,Standard,Addition,53.8022260000,-1.6948390000
160000,2021-03-19 00:00:00Z,LS28 8EW,Semi-Detached,Established,Freehold,6,,MOORLAND CRESCENT,,PUDSEY,LEEDS,WEST YORKSHIRE,Standard,Addition,53.8019800000,-1.6965870000
160700,2021-07-08 00:00:00Z,LS28 8EW,Semi-Detached,Established,Freehold,14,,MOORLAND CRESCENT,,PUDSEY,LEEDS,WEST YORKSHIRE,Standard,Addition,53.8019800000,-1.6965870000
255000,2021-06-18 00:00:00Z,LS28 8EF,Semi-Detached,Established,Freehold,20,,PECKOVER DRIVE,,PUDSEY,LEEDS,WEST YORKSHIRE,Standard,Addition,53.8012450000,-1.6975180000
145000,2021-03-26 00:00:00Z,LS28 8EL,Semi-Detached,Established,Freehold,26,,CALVERLEY MOOR AVENUE,,PUDSEY,LEEDS,WEST YORKSHIRE,Standard,Addition,53.8029270000,-1.6945450000
193000,2021-08-10 00:00:00Z,LS28 8EW,Semi-Detached,Established,Freehold,10,,MOORLAND CRESCENT,,PUDSEY,LEEDS,WEST YORKSHIRE,Standard,Addition,53.8019800000,-1.6965870000
180000,2021-12-14 00:00:00Z,LS28 8LD,Semi-Detached,Established,Freehold,42,,CHATSWORTH CRESCENT,,PUDSEY,LEEDS,WEST YORKSHIRE,Standard,Addition,53.8001160000,-1.6919850000
182500,2021-06-17 00:00:00Z,LS28 8EY,Semi-Detached,Established,Freehold,5,,DUCKETT GROVE,,PUDSEY,LEEDS,WEST YORKSHIRE,Standard,Addition,53.8015230000,-1.6985680000
185000,2021-08-31 00:00:00Z,LS28 8EW,Semi-Detached,Established,Freehold,18,,MOORLAND CRESCENT,,PUDSEY,LEEDS,WEST YORKSHIRE,Standard,Addition,53.8019800000,-1.6965870000
167500,2022-03-31 00:00:00Z,LS28 8EN,Semi-Detached,Established,Freehold,43,,MOORLAND ROAD,,PUDSEY,LEEDS,WEST YORKSHIRE,Standard,Addition,53.8025760000,-1.6943500000
155000,2022-03-04 00:00:00Z,LS28 8EX,Semi-Detached,Established,Freehold,24,,DALESIDE ROAD,,PUDSEY,LEEDS,WEST YORKSHIRE,Standard,Addition,53.8009080000,-1.6992830000
