52000,1995-05-26 00:00:00Z,NE36 0TZ,Terraced,Established,Freehold,11,,LILBURN CLOSE,EAST BOLDON,EAST BOLDON,SOUTH TYNESIDE,TYNE AND WEAR,Standard,Addition,54.9477640000,-1.4381390000
80500,1995-11-03 00:00:00Z,NE36 0UQ,Detached,Established,Freehold,18,,BOWNESS CLOSE,EAST BOLDON,EAST BOLDON,SOUTH TYNESIDE,TYNE AND WEAR,Standard,Addition,54.9464400000,-1.4334740000
64950,1995-09-27 00:00:00Z,NE36 0UH,Terraced,Established,Leasehold,20,,BORROWDALE CLOSE,EAST BOLDON,EAST BOLDON,SOUTH TYNESIDE,TYNE AND WEAR,Standard,Addition,54.9473770000,-1.4328670000
91500,1995-02-10 00:00:00Z,NE36 0SR,Semi-Detached,Established,Freehold,8,,BELLE VUE VILLAS,EAST BOLDON,EAST BOLDON,SOUTH TYNESIDE,TYNE AND WEAR,Standard,Addition,54.9442920000,-1.4336140000
42000,1995-05-26 00:00:00Z,NE36 0SF,Terraced,Established,Freehold,25,,FRONT STREET,EAST BOLDON,EAST BOLDON,SOUTH TYNESIDE,TYNE AND WEAR,Standard,Addition,54.9446980000,-1.4319220000
52000,1995-06-16 00:00:00Z,NE36 0TZ,Terraced,Established,Freehold,17,,LILBURN CLOSE,EAST BOLDON,EAST BOLDON,SOUTH TYNESIDE,TYNE AND WEAR,Standard,Addition,54.9477640000,-1.4381390000
50000,1995-06-30 00:00:00Z,NE36 0TZ,Terraced,Established,Freehold,3,,LILBURN CLOSE,EAST BOLDON,EAST BOLDON,SOUTH TYNESIDE,TYNE AND WEAR,Standard,Addition,54.9477640000,-1.4381390000
84000,1995-12-20 00:00:00Z,NE36 0UH,Detached,Established,Leasehold,31,,BORROWDALE CLOSE,EAST BOLDON,EAST BOLDON,SOUTH TYNESIDE,TYNE AND WEAR,Standard,Addition,54.9473770000,-1.4328670000
57000,1995-12-01 00:00:00Z,NE36 0DJ,Semi-Detached,Established,Freehold,26,,NORTH ROAD,EAST BOLDON,EAST BOLDON,SOUTH TYNESIDE,TYNE AND WEAR,Standard,Addition,54.9461580000,-1.4385670000
50000,1995-02-03 00:00:00Z,NE36 0TZ,Terraced,Established,Freehold,6,,LILBURN CLOSE,EAST BOLDON,EAST BOLDON,SOUTH TYNESIDE,TYNE AND WEAR,Standard,Addition,54.9477640000,-1.4381390000
88500,1995-12-08 00:00:00Z,NE36 0UH,Semi-Detached,Established,Leasehold,16,,BORROWDALE CLOSE,EAST BOLDON,EAST BOLDON,SOUTH TYNESIDE,TYNE AND WEAR,Standard,Addition,54.9473770000,-1.4328670000
65000,1995-07-14 00:00:00Z,NE36 0SG,Terraced,Established,Freehold,78,,FRONT STREET,EAST BOLDON,EAST BOLDON,SOUTH TYNESIDE,TYNE AND WEAR,Standard,Addition,54.9458040000,-1.4377760000
55000,1995-11-03 00:00:00Z,NE36 0UJ,Semi-Detached,Established,Leasehold,20,,RYDAL CLOSE,EAST BOLDON,EAST BOLDON,SOUTH TYNESIDE,TYNE AND WEAR,Standard,Addition,54.9476940000,-1.4348770000
104000,1995-08-18 00:00:00Z,NE36 0TA,Detached,Established,Freehold,5,,HIRAM DRIVE,EAST BOLDON,EAST BOLDON,SOUTH TYNESIDE,TYNE AND WEAR,Standard,Addition,54.9429370000,-1.4301050000
59000,1995-04-26 00:00:00Z,NE36 0RS,Terraced,Established,Freehold,8,,VICTORIA TERRACE,EAST BOLDON,EAST BOLDON,SOUTH TYNESIDE,TYNE AND WEAR,Standard,Addition,54.9450130000,-1.4379280000
88000,1995-12-01 00:00:00Z,NE36 0UD,Detached,Established,Freehold,2,,PATTERDALE CLOSE,EAST BOLDON,EAST BOLDON,SOUTH TYNESIDE,TYNE AND WEAR,Standard,Addition,54.9464360000,-1.4345360000
49000,1995-11-27 00:00:00Z,NE36 0SU,Terraced,Established,Freehold,9,,PROSPECT TERRACE,EAST BOLDON,EAST BOLDON,SOUTH TYNESIDE,TYNE AND WEAR,Standard,Addition,54.9443840000,-1.4319890000
78000,1995-06-30 00:00:00Z,NE36 0UB,Detached,Established,Leasehold,25,,KENDAL DRIVE,EAST BOLDON,EAST BOLDON,SOUTH TYNESIDE,TYNE AND WEAR,Standard,Addition,54.9471180000,-1.4347610000
76500,1995-04-28 00:00:00Z,NE36 0UQ,Detached,Established,Leasehold,22,,BOWNESS CLOSE,EAST BOLDON,EAST BOLDON,SOUTH TYNESIDE,TYNE AND WEAR,Standard,Addition,54.9464400000,-1.4334740000
77000,1995-08-29 00:00:00Z,NE36 0SN,Terraced,Established,Freehold,2,,FRONT STREET,EAST BOLDON,EAST BOLDON,SOUTH TYNESIDE,TYNE AND WEAR,Standard,Addition,54.9450850000,-1.4319630000
59000,1995-01-06 00:00:00Z,NE36 0DL,Terraced,Established,Freehold,16,,NORTH ROAD,EAST BOLDON,EAST BOLDON,SOUTH TYNESIDE,TYNE AND WEAR,Standard,Addition,54.9457230000,-1.4340150000
50250,1995-11-03 00:00:00Z,NE36 0TZ,Terraced,Established,Freehold,12,,LILBURN CLOSE,EAST BOLDON,EAST BOLDON,SOUTH TYNESIDE,TYNE AND WEAR,Standard,Addition,54.9477640000,-1.4381390000
81000,1996-09-30 00:00:00Z,NE36 0SB,Flats/Maisonettes,Established,Leasehold,65,,FRONT STREET,EAST BOLDON,EAST BOLDON,SOUTH TYNESIDE,TYNE AND WEAR,Standard,Addition,54.9451670000,-1.4361150000
50750,1996-08-02 00:00:00Z,NE36 0DW,Terraced,Established,Freehold,2,,GRANGE TERRACE,EAST BOLDON,EAST BOLDON,SOUTH TYNESIDE,TYNE AND WEAR,Standard,Addition,54.9450720000,-1.4312610000
52000,1996-05-17 00:00:00Z,NE36 0TZ,Terraced,Established,Freehold,39,,LILBURN CLOSE,EAST BOLDON,EAST BOLDON,SOUTH TYNESIDE,TYNE AND WEAR,Standard,Addition,54.9477640000,-1.4381390000
40000,1996-10-25 00:00:00Z,NE36 0SG,Terraced,Established,Freehold,92,,FRONT STREET,EAST BOLDON,EAST BOLDON,SOUTH TYNESIDE,TYNE AND WEAR,Standard,Addition,54.9458040000,-1.4377760000
48000,1996-06-21 00:00:00Z,NE36 0DL,Terraced,Established,Freehold,13,,NORTH ROAD,EAST BOLDON,EAST BOLDON,SOUTH TYNESIDE,TYNE AND WEAR,Standard,Addition,54.9457230000,-1.4340150000
54000,1996-04-09 00:00:00Z,NE36 0UJ,Semi-Detached,Established,Leasehold,18,,RYDAL CLOSE,EAST BOLDON,EAST BOLDON,SOUTH TYNESIDE,TYNE AND WEAR,Standard,Addition,54.9476940000,-1.4348770000
83000,1996-06-28 00:00:00Z,NE36 0UG,Semi-Detached,Established,Freehold,62,,LANGDALE WAY,EAST BOLDON,EAST BOLDON,SOUTH TYNESIDE,TYNE AND WEAR,Standard,Addition,54.9476330000,-1.4368760000
42000,1996-08-30 00:00:00Z,NE36 0SH,Flats/Maisonettes,Established,Leasehold,48,,FRONT STREET,EAST BOLDON,EAST BOLDON,SOUTH TYNESIDE,TYNE AND WEAR,Standard,Addition,54.9453830000,-1.4343320000
115000,1996-08-30 00:00:00Z,NE36 0UB,Semi-Detached,Established,Leasehold,5,,KENDAL DRIVE,EAST BOLDON,EAST BOLDON,SOUTH TYNESIDE,TYNE AND WEAR,Standard,Addition,54.9471180000,-1.4347610000
50000,1996-04-04 00:00:00Z,NE36 0TZ,Semi-Detached,Established,Freehold,36,,LILBURN CLOSE,EAST BOLDON,EAST BOLDON,SOUTH TYNESIDE,TYNE AND WEAR,Standard,Addition,54.9477640000,-1.4381390000
89950,1996-04-26 00:00:00Z,NE36 0UB,Detached,Established,Leasehold,14,,KENDAL DRIVE,EAST BOLDON,EAST BOLDON,SOUTH TYNESIDE,TYNE AND WEAR,Standard,Addition,54.9471180000,-1.4347610000
60000,1996-02-16 00:00:00Z,NE36 0UQ,Semi-Detached,Established,Leasehold,4,,BOWNESS CLOSE,EAST BOLDON,EAST BOLDON,SOUTH TYNESIDE,TYNE AND WEAR,Standard,Addition,54.9464400000,-1.4334740000
55000,1996-05-30 00:00:00Z,NE36 0TZ,Detached,Established,Freehold,14,,LILBURN CLOSE,EAST BOLDON,EAST BOLDON,SOUTH TYNESIDE,TYNE AND WEAR,Standard,Addition,54.9477640000,-1.4381390000
89000,1996-09-16 00:00:00Z,NE36 0UB,Detached,Established,Leasehold,12,,KENDAL DRIVE,EAST BOLDON,EAST BOLDON,SOUTH TYNESIDE,TYNE AND WEAR,Standard,Addition,54.9471180000,-1.4347610000
43000,1996-12-23 00:00:00Z,NE36 0DJ,Detached,New Build,Freehold,24,,NORTH ROAD,EAST BOLDON,EAST BOLDON,SOUTH TYNESIDE,TYNE AND WEAR,Standard,Addition,54.9461580000,-1.4385670000
59500,1996-11-14 00:00:00Z,NE36 0SN,Flats/Maisonettes,Established,Leasehold,22,,FRONT STREET,EAST BOLDON,EAST BOLDON,SOUTH TYNESIDE,TYNE AND WEAR,Standard,Addition,54.9450850000,-1.4319630000
53000,1996-03-29 00:00:00Z,NE36 0DW,Terraced,Established,Freehold,1,,GRANGE TERRACE,EAST BOLDON,EAST BOLDON,SOUTH TYNESIDE,TYNE AND WEAR,Standard,Addition,54.9450720000,-1.4312610000
50000,1996-05-08 00:00:00Z,NE36 0TZ,Terraced,Established,Freehold,59,,LILBURN CLOSE,EAST BOLDON,EAST BOLDON,SOUTH TYNESIDE,TYNE AND WEAR,Standard,Addition,54.9477640000,-1.4381390000
42500,1996-04-26 00:00:00Z,NE36 0SA,Terraced,Established,Freehold,117A,,FRONT STREET,EAST BOLDON,EAST BOLDON,SOUTH TYNESIDE,TYNE AND WEAR,Standard,Addition,54.9455080000,-1.4379360000
190000,1996-12-14 00:00:00Z,NE36 0SD,Terraced,Established,Freehold,57,,FRONT STREET,EAST BOLDON,EAST BOLDON,SOUTH TYNESIDE,TYNE AND WEAR,Standard,Addition,54.9451160000,-1.4348980000
57000,1996-07-19 00:00:00Z,NE36 0SE,Terraced,Established,Freehold,45,,FRONT STREET,EAST BOLDON,EAST BOLDON,SOUTH TYNESIDE,TYNE AND WEAR,Standard,Addition,54.9449280000,-1.4332280000
108000,1996-04-30 00:00:00Z,NE36 0UF,Detached,Established,Freehold,68,,LANGDALE WAY,EAST BOLDON,EAST BOLDON,SOUTH TYNESIDE,TYNE AND WEAR,Standard,Addition,54.9466740000,-1.4375300000
40000,1996-11-22 00:00:00Z,NE36 0SG,Terraced,Established,Freehold,90,,FRONT STREET,EAST BOLDON,EAST BOLDON,SOUTH TYNESIDE,TYNE AND WEAR,Standard,Addition,54.9458040000,-1.4377760000
69500,1996-04-04 00:00:00Z,NE36 0SG,Terraced,Established,Freehold,80,,FRONT STREET,EAST BOLDON,EAST BOLDON,SOUTH TYNESIDE,TYNE AND WEAR,Standard,Addition,54.9458040000,-1.4377760000
88000,1996-07-20 00:00:00Z,NE36 0UB,Detached,Established,Freehold,23,,KENDAL DRIVE,EAST BOLDON,EAST BOLDON,SOUTH TYNESIDE,TYNE AND WEAR,Standard,Addition,54.9471180000,-1.4347610000
47000,1996-04-30 00:00:00Z,NE36 0TZ,Semi-Detached,Established,Freehold,52,,LILBURN CLOSE,EAST BOLDON,EAST BOLDON,SOUTH TYNESIDE,TYNE AND WEAR,Standard,Addition,54.9477640000,-1.4381390000
80000,1996-12-23 00:00:00Z,NE36 0UD,Detached,Established,Leasehold,12,,PATTERDALE CLOSE,EAST BOLDON,EAST BOLDON,SOUTH TYNESIDE,TYNE AND WEAR,Standard,Addition,54.9464360000,-1.4345360000
64500,1996-10-08 00:00:00Z,NE36 0SN,Flats/Maisonettes,New Build,Leasehold,18,,FRONT STREET,EAST BOLDON,EAST BOLDON,SOUTH TYNESIDE,TYNE AND WEAR,Standard,Addition,54.9450850000,-1.4319630000
52600,1996-08-02 00:00:00Z,NE36 0DW,Semi-Detached,Established,Freehold,4,,GRANGE TERRACE,EAST BOLDON,EAST BOLDON,SOUTH TYNESIDE,TYNE AND WEAR,Standard,Addition,54.9450720000,-1.4312610000
79000,1997-05-02 00:00:00Z,NE36 0DQ,Semi-Detached,New Build,Freehold,2,,WEST FARM,EAST BOLDON,EAST BOLDON,SOUTH TYNESIDE,TYNE AND WEAR,Standard,Addition,54.9460440000,-1.4373360000
44750,1997-05-21 00:00:00Z,NE36 0SU,Terraced,Established,Freehold,4,,PROSPECT TERRACE,EAST BOLDON,EAST BOLDON,SOUTH TYNESIDE,TYNE AND WEAR,Standard,Addition,54.9443840000,-1.4319890000
75000,1997-04-07 00:00:00Z,NE36 0SA,Terraced,Established,Freehold,89,,FRONT STREET,EAST BOLDON,EAST BOLDON,SOUTH TYNESIDE,TYNE AND WEAR,Standard,Addition,54.9455080000,-1.4379360000
89000,1997-06-27 00:00:00Z,NE36 0UA,Detached,Established,Leasehold,16,,LANGDALE WAY,EAST BOLDON,EAST BOLDON,SOUTH TYNESIDE,TYNE AND WEAR,Standard,Addition,54.9474810000,-1.4351610000
57000,1997-02-07 00:00:00Z,NE36 0UB,Semi-Detached,Established,Leasehold,22,,KENDAL DRIVE,EAST BOLDON,EAST BOLDON,SOUTH TYNESIDE,TYNE AND WEAR,Standard,Addition,54.9471180000,-1.4347610000
56000,1997-05-09 00:00:00Z,NE36 0TZ,Terraced,Established,Freehold,48,,LILBURN CLOSE,EAST BOLDON,EAST BOLDON,SOUTH TYNESIDE,TYNE AND WEAR,Standard,Addition,54.9477640000,-1.4381390000
96250,1997-04-14 00:00:00Z,NE36 0DQ,Semi-Detached,New Build,Freehold,3,,WEST FARM,EAST BOLDON,EAST BOLDON,SOUTH TYNESIDE,TYNE AND WEAR,Standard,Addition,54.9460440000,-1.4373360000
65000,1997-09-12 00:00:00Z,NE36 0SF,Terraced,Established,Freehold,9,,FRONT STREET,EAST BOLDON,EAST BOLDON,SUNDERLAND,TYNE AND WEAR,Standard,Addition,54.9446980000,-1.4319220000
57000,1997-04-18 00:00:00Z,NE36 0UH,Semi-Detached,Established,Leasehold,3,,BORROWDALE CLOSE,EAST BOLDON,EAST BOLDON,SOUTH TYNESIDE,TYNE AND WEAR,Standard,Addition,54.9473770000,-1.4328670000
59997,1997-03-26 00:00:00Z,NE36 0SN,Flats/Maisonettes,New Build,Leasehold,16,,FRONT STREET,EAST BOLDON,EAST BOLDON,SOUTH TYNESIDE,TYNE AND WEAR,Standard,Addition,54.9450850000,-1.4319630000
79000,1997-01-14 00:00:00Z,NE36 0UB,Detached,Established,Leasehold,25,,KENDAL DRIVE,EAST BOLDON,EAST BOLDON,SOUTH TYNESIDE,TYNE AND WEAR,Standard,Addition,54.9471180000,-1.4347610000
66000,1997-04-18 00:00:00Z,NE36 0UH,Terraced,Established,Leasehold,20,,BORROWDALE CLOSE,EAST BOLDON,EAST BOLDON,SOUTH TYNESIDE,TYNE AND WEAR,Standard,Addition,54.9473770000,-1.4328670000
49500,1997-10-17 00:00:00Z,NE36 0DL,Terraced,Established,Freehold,11,,NORTH ROAD,EAST BOLDON,EAST BOLDON,SOUTH TYNESIDE,TYNE AND WEAR,Standard,Addition,54.9457230000,-1.4340150000
145000,1997-02-28 00:00:00Z,NE36 0TA,Detached,Established,Freehold,4,,HIRAM DRIVE,EAST BOLDON,EAST BOLDON,SOUTH TYNESIDE,TYNE AND WEAR,Standard,Addition,54.9429370000,-1.4301050000
94950,1997-05-23 00:00:00Z,NE36 0UH,Detached,Established,Leasehold,11,,BORROWDALE CLOSE,EAST BOLDON,EAST BOLDON,SOUTH TYNESIDE,TYNE AND WEAR,Standard,Addition,54.9473770000,-1.4328670000
58500,1997-02-21 00:00:00Z,NE36 0SN,Flats/Maisonettes,New Build,Leasehold,20,,FRONT STREET,EAST BOLDON,EAST BOLDON,SOUTH TYNESIDE,TYNE AND WEAR,Standard,Addition,54.9450850000,-1.4319630000
53000,1997-05-23 00:00:00Z,NE36 0TZ,Terraced,Established,Freehold,63,,LILBURN CLOSE,EAST BOLDON,EAST BOLDON,SOUTH TYNESIDE,TYNE AND WEAR,Standard,Addition,54.9477640000,-1.4381390000
65000,1997-08-14 00:00:00Z,NE36 0ST,Terraced,Established,Freehold,4,,THE ORCHARD,EAST BOLDON,EAST BOLDON,SOUTH TYNESIDE,TYNE AND WEAR,Standard,Addition,54.9445690000,-1.4330630000
68000,1997-05-02 00:00:00Z,NE36 0RS,Terraced,Established,Freehold,18,,VICTORIA TERRACE,EAST BOLDON,EAST BOLDON,SOUTH TYNESIDE,TYNE AND WEAR,Standard,Addition,54.9450130000,-1.4379280000
89250,1997-05-28 00:00:00Z,NE36 0DQ,Semi-Detached,Established,Freehold,4,,WEST FARM,EAST BOLDON,EAST BOLDON,SOUTH TYNESIDE,TYNE AND WEAR,Standard,Addition,54.9460440000,-1.4373360000
96250,1997-05-09 00:00:00Z,NE36 0DQ,Semi-Detached,New Build,Freehold,1,,WEST FARM,EAST BOLDON,EAST BOLDON,SOUTH TYNESIDE,TYNE AND WEAR,Standard,Addition,54.9460440000,-1.4373360000
95000,1997-12-01 00:00:00Z,NE36 0UE,Detached,Established,Freehold,90,,LANGDALE WAY,EAST BOLDON,EAST BOLDON,SOUTH TYNESIDE,TYNE AND WEAR,Standard,Addition,54.9471730000,-1.4386470000
87000,1997-04-03 00:00:00Z,NE36 0UG,Detached,Established,Freehold,26,,LANGDALE WAY,EAST BOLDON,EAST BOLDON,SOUTH TYNESIDE,TYNE AND WEAR,Standard,Addition,54.9476330000,-1.4368760000
76000,1997-05-30 00:00:00Z,NE36 0DL,Detached,Established,Freehold,3,,NORTH ROAD,EAST BOLDON,EAST BOLDON,SOUTH TYNESIDE,TYNE AND WEAR,Standard,Addition,54.9457230000,-1.4340150000
79000,1997-07-31 00:00:00Z,NE36 0UG,Semi-Detached,Established,Freehold,30,,LANGDALE WAY,EAST BOLDON,EAST BOLDON,SOUTH TYNESIDE,TYNE AND WEAR,Standard,Addition,54.9476330000,-1.4368760000
59950,1997-02-21 00:00:00Z,NE36 0UD,Semi-Detached,Established,Freehold,7,,PATTERDALE CLOSE,EAST BOLDON,EAST BOLDON,SOUTH TYNESIDE,TYNE AND WEAR,Standard,Addition,54.9464360000,-1.4345360000
121000,1997-01-10 00:00:00Z,NE36 0UH,Detached,Established,Freehold,1,,BORROWDALE CLOSE,EAST BOLDON,EAST BOLDON,SOUTH TYNESIDE,TYNE AND WEAR,Standard,Addition,54.9473770000,-1.4328670000
20000,1997-06-30 00:00:00Z,NE36 0DL,Terraced,Established,Freehold,4,,NORTH ROAD,EAST BOLDON,EAST BOLDON,SOUTH TYNESIDE,TYNE AND WEAR,Standard,Addition,54.9457230000,-1.4340150000
90000,1997-10-03 00:00:00Z,NE36 0UE,Detached,Established,Freehold,94,,LANGDALE WAY,EAST BOLDON,EAST BOLDON,SOUTH TYNESIDE,TYNE AND WEAR,Standard,Addition,54.9471730000,-1.4386470000
84000,1997-04-18 00:00:00Z,NE36 0UD,Detached,Established,Freehold,3,,PATTERDALE CLOSE,EAST BOLDON,EAST BOLDON,SOUTH TYNESIDE,TYNE AND WEAR,Standard,Addition,54.9464360000,-1.4345360000
81000,1997-08-28 00:00:00Z,NE36 0UQ,Detached,Established,Leasehold,5,,BOWNESS CLOSE,EAST BOLDON,EAST BOLDON,SUNDERLAND,TYNE AND WEAR,Standard,Addition,54.9464400000,-1.4334740000
50000,1997-03-12 00:00:00Z,NE36 0SA,Terraced,Established,Freehold,83,,FRONT STREET,EAST BOLDON,EAST BOLDON,SOUTH TYNESIDE,TYNE AND WEAR,Standard,Addition,54.9455080000,-1.4379360000
62000,1997-08-29 00:00:00Z,NE36 0TZ,Semi-Detached,Established,Freehold,8,,LILBURN CLOSE,EAST BOLDON,EAST BOLDON,SOUTH TYNESIDE,TYNE AND WEAR,Standard,Addition,54.9477640000,-1.4381390000
59950,1997-05-23 00:00:00Z,NE36 0TZ,Terraced,Established,Freehold,60,,LILBURN CLOSE,EAST BOLDON,EAST BOLDON,SOUTH TYNESIDE,TYNE AND WEAR,Standard,Addition,54.9477640000,-1.4381390000
59950,1997-04-11 00:00:00Z,NE36 0SG,Terraced,Established,Freehold,92,,FRONT STREET,EAST BOLDON,EAST BOLDON,SOUTH TYNESIDE,TYNE AND WEAR,Standard,Addition,54.9458040000,-1.4377760000
125000,1997-08-06 00:00:00Z,NE36 0UF,Detached,Established,Freehold,80,,LANGDALE WAY,EAST BOLDON,EAST BOLDON,SOUTH TYNESIDE,TYNE AND WEAR,Standard,Addition,54.9466740000,-1.4375300000
118500,1997-10-24 00:00:00Z,NE36 0UF,Detached,Established,Freehold,68,,LANGDALE WAY,EAST BOLDON,EAST BOLDON,SOUTH TYNESIDE,TYNE AND WEAR,Standard,Addition,54.9466740000,-1.4375300000
28000,1997-01-17 00:00:00Z,NE36 0SH,Terraced,Established,Freehold,48,,FRONT STREET,EAST BOLDON,EAST BOLDON,SOUTH TYNESIDE,TYNE AND WEAR,Standard,Addition,54.9453830000,-1.4343320000
75500,1997-11-21 00:00:00Z,NE36 0UG,Semi-Detached,Established,Freehold,32,,LANGDALE WAY,EAST BOLDON,EAST BOLDON,SOUTH TYNESIDE,TYNE AND WEAR,Standard,Addition,54.9476330000,-1.4368760000
80000,1997-05-09 00:00:00Z,NE36 0UG,Detached,Established,Freehold,34,,LANGDALE WAY,EAST BOLDON,EAST BOLDON,SOUTH TYNESIDE,TYNE AND WEAR,Standard,Addition,54.9476330000,-1.4368760000
60000,1997-07-25 00:00:00Z,NE36 0TZ,Semi-Detached,Established,Freehold,9,,LILBURN CLOSE,EAST BOLDON,EAST BOLDON,SOUTH TYNESIDE,TYNE AND WEAR,Standard,Addition,54.9477640000,-1.4381390000
40000,1997-05-20 00:00:00Z,NE36 0DW,Flats/Maisonettes,Established,Freehold,5,,GRANGE TERRACE,EAST BOLDON,EAST BOLDON,SOUTH TYNESIDE,TYNE AND WEAR,Standard,Addition,54.9450720000,-1.4312610000
86000,1997-11-21 00:00:00Z,NE36 0UB,Detached,Established,Leasehold,21,,KENDAL DRIVE,EAST BOLDON,EAST BOLDON,SOUTH TYNESIDE,TYNE AND WEAR,Standard,Addition,54.9471180000,-1.4347610000
59950,1997-07-14 00:00:00Z,NE36 0UH,Detached,Established,Leasehold,6,,BORROWDALE CLOSE,EAST BOLDON,EAST BOLDON,SOUTH TYNESIDE,TYNE AND WEAR,Standard,Addition,54.9473770000,-1.4328670000
74000,1997-06-27 00:00:00Z,NE36 0SA,Terraced,Established,Freehold,85,,FRONT STREET,EAST BOLDON,EAST BOLDON,SOUTH TYNESIDE,TYNE AND WEAR,Standard,Addition,54.9455080000,-1.4379360000
69450,1997-07-02 00:00:00Z,NE36 0TZ,Semi-Detached,Established,Freehold,25,,LILBURN CLOSE,EAST BOLDON,EAST BOLDON,SOUTH TYNESIDE,TYNE AND WEAR,Standard,Addition,54.9477640000,-1.4381390000
76250,1998-06-26 00:00:00Z,NE36 0DL,Terraced,Established,Freehold,4,,NORTH ROAD,EAST BOLDON,EAST BOLDON,SOUTH TYNESIDE,TYNE AND WEAR,Standard,Addition,54.9457230000,-1.4340150000
38000,1998-02-13 00:00:00Z,NE36 0SU,Semi-Detached,Established,Freehold,12,,PROSPECT TERRACE,EAST BOLDON,EAST BOLDON,SOUTH TYNESIDE,TYNE AND WEAR,Standard,Addition,54.9443840000,-1.4319890000
40000,1998-06-26 00:00:00Z,NE36 0SA,Flats/Maisonettes,Established,Leasehold,105,,FRONT STREET,EAST BOLDON,EAST BOLDON,SOUTH TYNESIDE,TYNE AND WEAR,Standard,Addition,54.9455080000,-1.4379360000
94500,1998-04-06 00:00:00Z,NE36 0UG,Detached,Established,Freehold,54,,LANGDALE WAY,EAST BOLDON,EAST BOLDON,SOUTH TYNESIDE,TYNE AND WEAR,Standard,Addition,54.9476330000,-1.4368760000
65000,1998-09-04 00:00:00Z,NE36 0TZ,Semi-Detached,Established,Freehold,23,,LILBURN CLOSE,EAST BOLDON,EAST BOLDON,SOUTH TYNESIDE,TYNE AND WEAR,Standard,Addition,54.9477640000,-1.4381390000
75000,1998-08-28 00:00:00Z,NE36 0UG,Semi-Detached,Established,Freehold,28,,LANGDALE WAY,EAST BOLDON,EAST BOLDON,SOUTH TYNESIDE,TYNE AND WEAR,Standard,Addition,54.9476330000,-1.4368760000
155000,1998-11-09 00:00:00Z,NE36 0SP,Detached,Established,Freehold,PASSCHENDALE,,SOUTH LANE,EAST BOLDON,EAST BOLDON,SOUTH TYNESIDE,TYNE AND WEAR,Standard,Addition,54.9440150000,-1.4318690000
125000,1998-06-19 00:00:00Z,NE36 0UB,Detached,Established,Leasehold,28,,KENDAL DRIVE,EAST BOLDON,EAST BOLDON,SOUTH TYNESIDE,TYNE AND WEAR,Standard,Addition,54.9471180000,-1.4347610000
59999,1998-05-13 00:00:00Z,NE36 0SG,Flats/Maisonettes,Established,Freehold,94A,,FRONT STREET,EAST BOLDON,EAST BOLDON,SOUTH TYNESIDE,TYNE AND WEAR,Standard,Addition,54.9458040000,-1.4377760000
75500,1998-08-06 00:00:00Z,NE36 0SA,Terraced,Established,Freehold,115,,FRONT STREET,EAST BOLDON,EAST BOLDON,SOUTH TYNESIDE,TYNE AND WEAR,Standard,Addition,54.9455080000,-1.4379360000
34000,1998-09-18 00:00:00Z,NE36 0SN,Terraced,Established,Freehold,10,,FRONT STREET,EAST BOLDON,EAST BOLDON,SOUTH TYNESIDE,TYNE AND WEAR,Standard,Addition,54.9450850000,-1.4319630000
38000,1998-02-06 00:00:00Z,NE36 0SU,Terraced,Established,Freehold,6,,PROSPECT TERRACE,EAST BOLDON,EAST BOLDON,SOUTH TYNESIDE,TYNE AND WEAR,Standard,Addition,54.9443840000,-1.4319890000
49500,1998-08-06 00:00:00Z,NE36 0SF,Terraced,Established,Freehold,25,,FRONT STREET,EAST BOLDON,EAST BOLDON,SOUTH TYNESIDE,TYNE AND WEAR,Standard,Addition,54.9446980000,-1.4319220000
79000,1998-11-12 00:00:00Z,NE36 0DL,Terraced,Established,Freehold,7,,NORTH ROAD,EAST BOLDON,EAST BOLDON,SOUTH TYNESIDE,TYNE AND WEAR,Standard,Addition,54.9457230000,-1.4340150000
85000,1998-12-11 00:00:00Z,NE36 0DJ,Detached,Established,Freehold,THE BUNGALOW,,NORTH ROAD,EAST BOLDON,EAST BOLDON,SOUTH TYNESIDE,TYNE AND WEAR,Standard,Addition,54.9461580000,-1.4385670000
94000,1998-09-29 00:00:00Z,NE36 0UH,Detached,Established,Leasehold,11,,BORROWDALE CLOSE,EAST BOLDON,EAST BOLDON,SOUTH TYNESIDE,TYNE AND WEAR,Standard,Addition,54.9473770000,-1.4328670000
90000,1998-10-16 00:00:00Z,NE36 0UH,Detached,Established,Freehold,31,,BORROWDALE CLOSE,EAST BOLDON,EAST BOLDON,SOUTH TYNESIDE,TYNE AND WEAR,Standard,Addition,54.9473770000,-1.4328670000
235000,1998-06-12 00:00:00Z,NE36 0PA,Detached,Established,Freehold,VANBURGH HOUSE,,BRIDLE PATH,EAST BOLDON,EAST BOLDON,SOUTH TYNESIDE,TYNE AND WEAR,Standard,Addition,54.9451920000,-1.4396890000
86000,1998-11-06 00:00:00Z,NE36 0UB,Detached,Established,Leasehold,19,,KENDAL DRIVE,EAST BOLDON,EAST BOLDON,SOUTH TYNESIDE,TYNE AND WEAR,Standard,Addition,54.9471180000,-1.4347610000
43000,1998-06-05 00:00:00Z,NE36 0SA,Flats/Maisonettes,Established,Leasehold,111,,FRONT STREET,EAST BOLDON,EAST BOLDON,SOUTH TYNESIDE,TYNE AND WEAR,Standard,Addition,54.9455080000,-1.4379360000
86000,1998-05-01 00:00:00Z,NE36 0UQ,Detached,Established,Leasehold,2,,BOWNESS CLOSE,EAST BOLDON,EAST BOLDON,SOUTH TYNESIDE,TYNE AND WEAR,Standard,Addition,54.9464400000,-1.4334740000
85000,1998-10-05 00:00:00Z,NE36 0SG,Semi-Detached,Established,Freehold,112,,FRONT STREET,EAST BOLDON,EAST BOLDON,SOUTH TYNESIDE,TYNE AND WEAR,Standard,Addition,54.9458040000,-1.4377760000
82000,1998-07-17 00:00:00Z,NE36 0NX,Semi-Detached,Established,Freehold,1,,LYNDON DRIVE,EAST BOLDON,EAST BOLDON,SOUTH TYNESIDE,TYNE AND WEAR,Standard,Addition,54.9448690000,-1.4398190000
58000,1999-10-28 00:00:00Z,NE36 0TZ,Terraced,Established,Freehold,26,,LILBURN CLOSE,,EAST BOLDON,SOUTH TYNESIDE,TYNE AND WEAR,Standard,Addition,54.9477640000,-1.4381390000
118000,1999-09-17 00:00:00Z,NE36 0SR,Semi-Detached,Established,Freehold,6,,BELLE VUE VILLAS,,EAST BOLDON,SOUTH TYNESIDE,TYNE AND WEAR,Standard,Addition,54.9442920000,-1.4336140000
132500,1999-12-17 00:00:00Z,NE36 0UB,Detached,Established,Leasehold,29,,KENDAL DRIVE,,EAST BOLDON,SOUTH TYNESIDE,TYNE AND WEAR,Standard,Addition,54.9471180000,-1.4347610000
59950,1999-12-17 00:00:00Z,NE36 0TZ,Terraced,Established,Freehold,39,,LILBURN CLOSE,,EAST BOLDON,SOUTH TYNESIDE,TYNE AND WEAR,Standard,Addition,54.9477640000,-1.4381390000
14000,1999-04-01 00:00:00Z,NE36 0SN,Terraced,Established,Freehold,2,,FRONT STREET,,EAST BOLDON,SOUTH TYNESIDE,TYNE AND WEAR,Standard,Addition,54.9450850000,-1.4319630000
54250,1999-11-30 00:00:00Z,NE36 0SH,Flats/Maisonettes,Established,Leasehold,48,,FRONT STREET,,EAST BOLDON,SOUTH TYNESIDE,TYNE AND WEAR,Standard,Addition,54.9453830000,-1.4343320000
111500,1999-05-28 00:00:00Z,NE36 0UE,Detached,Established,Freehold,102,,LANGDALE WAY,,EAST BOLDON,SOUTH TYNESIDE,TYNE AND WEAR,Standard,Addition,54.9471730000,-1.4386470000
64500,1999-05-28 00:00:00Z,NE36 0DJ,Semi-Detached,Established,Freehold,22,,NORTH ROAD,,EAST BOLDON,SOUTH TYNESIDE,TYNE AND WEAR,Standard,Addition,54.9461580000,-1.4385670000
66000,1999-07-23 00:00:00Z,NE36 0UH,Semi-Detached,Established,Leasehold,3,,BORROWDALE CLOSE,,EAST BOLDON,SOUTH TYNESIDE,TYNE AND WEAR,Standard,Addition,54.9473770000,-1.4328670000
59500,1999-10-22 00:00:00Z,NE36 0TZ,Terraced,Established,Freehold,12,,LILBURN CLOSE,,EAST BOLDON,SOUTH TYNESIDE,TYNE AND WEAR,Standard,Addition,54.9477640000,-1.4381390000
182000,1999-10-07 00:00:00Z,NE36 0UF,Detached,Established,Freehold,69,,LANGDALE WAY,,EAST BOLDON,SOUTH TYNESIDE,TYNE AND WEAR,Standard,Addition,54.9466740000,-1.4375300000
75765,1999-05-21 00:00:00Z,NE36 0DL,Terraced,Established,Freehold,12,,NORTH ROAD,,EAST BOLDON,SOUTH TYNESIDE,TYNE AND WEAR,Standard,Addition,54.9457230000,-1.4340150000
95000,1999-07-23 00:00:00Z,NE36 0UB,Detached,Established,Leasehold,18,,KENDAL DRIVE,,EAST BOLDON,SOUTH TYNESIDE,TYNE AND WEAR,Standard,Addition,54.9471180000,-1.4347610000
36000,1999-11-01 00:00:00Z,NE36 0PF,Detached,Established,Freehold,BRIDLE COTTAGE,,BRIDLE PATH,,EAST BOLDON,SOUTH TYNESIDE,TYNE AND WEAR,Standard,Addition,54.9428630000,-1.4393470000
72500,1999-03-26 00:00:00Z,NE36 0SG,Terraced,Established,Freehold,106,,FRONT STREET,,EAST BOLDON,SOUTH TYNESIDE,TYNE AND WEAR,Standard,Addition,54.9458040000,-1.4377760000
59950,1999-01-29 00:00:00Z,NE36 0UH,Semi-Detached,Established,Leasehold,4,,BORROWDALE CLOSE,,EAST BOLDON,SOUTH TYNESIDE,TYNE AND WEAR,Standard,Addition,54.9473770000,-1.4328670000
59500,1999-08-15 00:00:00Z,NE36 0TZ,Terraced,Established,Freehold,29,,LILBURN CLOSE,,EAST BOLDON,SOUTH TYNESIDE,TYNE AND WEAR,Standard,Addition,54.9477640000,-1.4381390000
90000,1999-11-26 00:00:00Z,NE36 0UJ,Detached,Established,Leasehold,16,,RYDAL CLOSE,,EAST BOLDON,SOUTH TYNESIDE,TYNE AND WEAR,Standard,Addition,54.9476940000,-1.4348770000
58500,1999-01-08 00:00:00Z,NE36 0TZ,Terraced,Established,Freehold,55,,LILBURN CLOSE,,EAST BOLDON,SOUTH TYNESIDE,TYNE AND WEAR,Standard,Addition,54.9477640000,-1.4381390000
58750,1999-10-22 00:00:00Z,NE36 0TZ,Terraced,Established,Freehold,28,,LILBURN CLOSE,,EAST BOLDON,SOUTH TYNESIDE,TYNE AND WEAR,Standard,Addition,54.9477640000,-1.4381390000
118000,1999-01-29 00:00:00Z,NE36 0UD,Detached,Established,Leasehold,17,,PATTERDALE CLOSE,,EAST BOLDON,SOUTH TYNESIDE,TYNE AND WEAR,Standard,Addition,54.9464360000,-1.4345360000
64500,1999-04-30 00:00:00Z,NE36 0SN,Flats/Maisonettes,Established,Leasehold,22,,FRONT STREET,,EAST BOLDON,SOUTH TYNESIDE,TYNE AND WEAR,Standard,Addition,54.9450850000,-1.4319630000
87550,1999-12-03 00:00:00Z,NE36 0UF,Detached,Established,Freehold,64,,LANGDALE WAY,,EAST BOLDON,SOUTH TYNESIDE,TYNE AND WEAR,Standard,Addition,54.9466740000,-1.4375300000
65000,1999-08-25 00:00:00Z,NE36 0SG,Flats/Maisonettes,Established,Freehold,94A,,FRONT STREET,,EAST BOLDON,SOUTH TYNESIDE,TYNE AND WEAR,Standard,Addition,54.9458040000,-1.4377760000
95000,1999-10-29 00:00:00Z,NE36 0UQ,Detached,Established,Leasehold,22,,BOWNESS CLOSE,,EAST BOLDON,SOUTH TYNESIDE,TYNE AND WEAR,Standard,Addition,54.9464400000,-1.4334740000
63000,1999-12-03 00:00:00Z,NE36 0ST,Terraced,Established,Leasehold,6,,THE ORCHARD,,EAST BOLDON,SOUTH TYNESIDE,TYNE AND WEAR,Standard,Addition,54.9445690000,-1.4330630000
109000,1999-10-22 00:00:00Z,NE36 0UH,Detached,Established,Leasehold,7,,BORROWDALE CLOSE,,EAST BOLDON,SOUTH TYNESIDE,TYNE AND WEAR,Standard,Addition,54.9473770000,-1.4328670000
94500,1999-07-09 00:00:00Z,NE36 0UH,Detached,Established,Leasehold,10,,BORROWDALE CLOSE,,EAST BOLDON,SOUTH TYNESIDE,TYNE AND WEAR,Standard,Addition,54.9473770000,-1.4328670000
59250,1999-06-25 00:00:00Z,NE36 0TZ,Terraced,Established,Freehold,27,,LILBURN CLOSE,,EAST BOLDON,SOUTH TYNESIDE,TYNE AND WEAR,Standard,Addition,54.9477640000,-1.4381390000
90000,1999-08-26 00:00:00Z,NE36 0UQ,Semi-Detached,Established,Freehold,3,,BOWNESS CLOSE,,EAST BOLDON,SOUTH TYNESIDE,TYNE AND WEAR,Standard,Addition,54.9464400000,-1.4334740000
56500,1999-01-15 00:00:00Z,NE36 0TZ,Terraced,Established,Freehold,37,,LILBURN CLOSE,,EAST BOLDON,SOUTH TYNESIDE,TYNE AND WEAR,Standard,Addition,54.9477640000,-1.4381390000
138000,1999-08-09 00:00:00Z,NE36 0UE,Detached,Established,Freehold,88,,LANGDALE WAY,,EAST BOLDON,SOUTH TYNESIDE,TYNE AND WEAR,Standard,Addition,54.9471730000,-1.4386470000
105000,1999-11-05 00:00:00Z,NE36 0RS,Terraced,Established,Freehold,18,,VICTORIA TERRACE,,EAST BOLDON,SOUTH TYNESIDE,TYNE AND WEAR,Standard,Addition,54.9450130000,-1.4379280000
105000,1999-03-01 00:00:00Z,NE36 0PE,Semi-Detached,Established,Freehold,BRACKENRIGG,,BRIDLE PATH,,EAST BOLDON,SOUTH TYNESIDE,TYNE AND WEAR,Standard,Addition,54.9438480000,-1.4388340000
79000,1999-10-29 00:00:00Z,NE36 0DL,Terraced,Established,Freehold,17,,NORTH ROAD,,EAST BOLDON,SOUTH TYNESIDE,TYNE AND WEAR,Standard,Addition,54.9457230000,-1.4340150000
58950,1999-11-12 00:00:00Z,NE36 0SU,Terraced,Established,Freehold,9,,PROSPECT TERRACE,,EAST BOLDON,SOUTH TYNESIDE,TYNE AND WEAR,Standard,Addition,54.9443840000,-1.4319890000
179950,1999-09-03 00:00:00Z,NE36 0UF,Detached,Established,Freehold,51,,LANGDALE WAY,,EAST BOLDON,SOUTH TYNESIDE,TYNE AND WEAR,Standard,Addition,54.9466740000,-1.4375300000
75000,1999-03-31 00:00:00Z,NE36 0SN,Flats/Maisonettes,Established,Leasehold,2,,FRONT STREET,,EAST BOLDON,SOUTH TYNESIDE,TYNE AND WEAR,Standard,Addition,54.9450850000,-1.4319630000
56000,1999-05-21 00:00:00Z,NE36 0TZ,Terraced,Established,Freehold,41,,LILBURN CLOSE,,EAST BOLDON,SOUTH TYNESIDE,TYNE AND WEAR,Standard,Addition,54.9477640000,-1.4381390000
63000,1999-12-03 00:00:00Z,NE36 0ST,Terraced,Established,Freehold,6,,THE ORCHARD,,EAST BOLDON,SOUTH TYNESIDE,TYNE AND WEAR,Standard,Addition,54.9445690000,-1.4330630000
98450,2000-06-30 00:00:00Z,NE36 0UJ,Detached,Established,Leasehold,2,,RYDAL CLOSE,,EAST BOLDON,SOUTH TYNESIDE,TYNE AND WEAR,Standard,Addition,54.9476940000,-1.4348770000
98000,2000-07-28 00:00:00Z,NE36 0DL,Terraced,Established,Freehold,6,,NORTH ROAD,,EAST BOLDON,SOUTH TYNESIDE,TYNE AND WEAR,Standard,Addition,54.9457230000,-1.4340150000
35000,2000-09-15 00:00:00Z,NE36 0SB,Flats/Maisonettes,New Build,Leasehold,67,,FRONT STREET,,EAST BOLDON,SOUTH TYNESIDE,TYNE AND WEAR,Standard,Addition,54.9451670000,-1.4361150000
115000,2000-12-14 00:00:00Z,NE36 0DQ,Semi-Detached,Established,Freehold,4,,WEST FARM,,EAST BOLDON,SOUTH TYNESIDE,TYNE AND WEAR,Standard,Addition,54.9460440000,-1.4373360000
168000,2000-01-14 00:00:00Z,NE36 0UE,Detached,Established,Freehold,100,,LANGDALE WAY,,EAST BOLDON,SOUTH TYNESIDE,TYNE AND WEAR,Standard,Addition,54.9471730000,-1.4386470000
68500,2000-08-18 00:00:00Z,NE36 0ST,Terraced,Established,Freehold,6,,THE ORCHARD,,EAST BOLDON,SOUTH TYNESIDE,TYNE AND WEAR,Standard,Addition,54.9445690000,-1.4330630000
68500,2000-08-18 00:00:00Z,NE36 0ST,Terraced,Established,Leasehold,6,,THE ORCHARD,,EAST BOLDON,SOUTH TYNESIDE,TYNE AND WEAR,Standard,Addition,54.9445690000,-1.4330630000
215000,2000-05-15 00:00:00Z,NE36 0PE,Detached,New Build,Freehold,14,,BRIDLE PATH,,EAST BOLDON,SOUTH TYNESIDE,TYNE AND WEAR,Standard,Addition,54.9438480000,-1.4388340000
128500,2000-08-04 00:00:00Z,NE36 0UQ,Detached,Established,Freehold,17,,BOWNESS CLOSE,,EAST BOLDON,SOUTH TYNESIDE,TYNE AND WEAR,Standard,Addition,54.9464400000,-1.4334740000
67000,2000-10-06 00:00:00Z,NE36 0TZ,Terraced,Established,Freehold,61,,LILBURN CLOSE,,EAST BOLDON,SOUTH TYNESIDE,TYNE AND WEAR,Standard,Addition,54.9477640000,-1.4381390000
102000,2000-10-16 00:00:00Z,NE36 0SH,Terraced,Established,Freehold,36,,FRONT STREET,,EAST BOLDON,SOUTH TYNESIDE,TYNE AND WEAR,Standard,Addition,54.9453830000,-1.4343320000
162000,2000-09-22 00:00:00Z,NE36 0UQ,Detached,Established,Freehold,8,,BOWNESS CLOSE,,EAST BOLDON,SOUTH TYNESIDE,TYNE AND WEAR,Standard,Addition,54.9464400000,-1.4334740000
66250,2000-03-27 00:00:00Z,NE36 0TZ,Terraced,Established,Freehold,42,,LILBURN CLOSE,,EAST BOLDON,SOUTH TYNESIDE,TYNE AND WEAR,Standard,Addition,54.9477640000,-1.4381390000
67950,2000-07-01 00:00:00Z,NE36 0UJ,Semi-Detached,Established,Leasehold,18,,RYDAL CLOSE,,EAST BOLDON,SOUTH TYNESIDE,TYNE AND WEAR,Standard,Addition,54.9476940000,-1.4348770000
63000,2000-02-25 00:00:00Z,NE36 0TZ,Detached,Established,Freehold,14,,LILBURN CLOSE,,EAST BOLDON,SOUTH TYNESIDE,TYNE AND WEAR,Standard,Addition,54.9477640000,-1.4381390000
67750,2000-11-17 00:00:00Z,NE36 0UJ,Semi-Detached,Established,Leasehold,20,,RYDAL CLOSE,,EAST BOLDON,SOUTH TYNESIDE,TYNE AND WEAR,Standard,Addition,54.9476940000,-1.4348770000
78000,2000-06-30 00:00:00Z,NE36 0DL,Terraced,Established,Freehold,12,,NORTH ROAD,,EAST BOLDON,SOUTH TYNESIDE,TYNE AND WEAR,Standard,Addition,54.9457230000,-1.4340150000
155000,2000-10-20 00:00:00Z,NE36 0UG,Detached,Established,Freehold,50,,LANGDALE WAY,,EAST BOLDON,SOUTH TYNESIDE,TYNE AND WEAR,Standard,Addition,54.9476330000,-1.4368760000
93000,2000-11-10 00:00:00Z,NE36 0SG,Terraced,Established,Freehold,80,,FRONT STREET,,EAST BOLDON,SOUTH TYNESIDE,TYNE AND WEAR,Standard,Addition,54.9458040000,-1.4377760000
82000,2000-11-03 00:00:00Z,NE36 0SG,Terraced,Established,Freehold,90,,FRONT STREET,,EAST BOLDON,SOUTH TYNESIDE,TYNE AND WEAR,Standard,Addition,54.9458040000,-1.4377760000
145000,2000-12-11 00:00:00Z,NE36 0SL,Terraced,New Build,Freehold,3,,YELLOW LEAS FARM,,EAST BOLDON,SOUTH TYNESIDE,TYNE AND WEAR,Standard,Addition,54.9449060000,-1.4361650000
145000,2000-12-14 00:00:00Z,NE36 0SL,Terraced,New Build,Freehold,5,,YELLOW LEAS FARM,,EAST BOLDON,SOUTH TYNESIDE,TYNE AND WEAR,Standard,Addition,54.9449060000,-1.4361650000
130000,2000-10-19 00:00:00Z,NE36 0RS,Detached,Established,Freehold,11,,VICTORIA TERRACE,,EAST BOLDON,SOUTH TYNESIDE,TYNE AND WEAR,Standard,Addition,54.9450130000,-1.4379280000
235000,2000-09-01 00:00:00Z,NE36 0PE,Detached,Established,Freehold,18,,BRIDLE PATH,,EAST BOLDON,SOUTH TYNESIDE,TYNE AND WEAR,Standard,Addition,54.9438480000,-1.4388340000
73000,2000-07-28 00:00:00Z,NE36 0TZ,Detached,Established,Freehold,1,,LILBURN CLOSE,,EAST BOLDON,SOUTH TYNESIDE,TYNE AND WEAR,Standard,Addition,54.9477640000,-1.4381390000
65550,2000-07-12 00:00:00Z,NE36 0TZ,Terraced,Established,Freehold,44,,LILBURN CLOSE,,EAST BOLDON,SOUTH TYNESIDE,TYNE AND WEAR,Standard,Addition,54.9477640000,-1.4381390000
59950,2000-02-08 00:00:00Z,NE36 0TZ,Terraced,Established,Freehold,41,,LILBURN CLOSE,,EAST BOLDON,SOUTH TYNESIDE,TYNE AND WEAR,Standard,Addition,54.9477640000,-1.4381390000
99500,2000-12-20 00:00:00Z,NE36 0SL,Terraced,New Build,Freehold,4,,YELLOW LEAS FARM,,EAST BOLDON,SOUTH TYNESIDE,TYNE AND WEAR,Standard,Addition,54.9449060000,-1.4361650000
92500,2000-02-04 00:00:00Z,NE36 0UG,Terraced,Established,Freehold,31,,LANGDALE WAY,,EAST BOLDON,SOUTH TYNESIDE,TYNE AND WEAR,Standard,Addition,54.9476330000,-1.4368760000
69950,2000-09-06 00:00:00Z,NE36 0TZ,Terraced,Established,Freehold,3,,LILBURN CLOSE,,EAST BOLDON,SOUTH TYNESIDE,TYNE AND WEAR,Standard,Addition,54.9477640000,-1.4381390000
102000,2000-06-30 00:00:00Z,NE36 0UB,Detached,Established,Leasehold,6,,KENDAL DRIVE,,EAST BOLDON,SOUTH TYNESIDE,TYNE AND WEAR,Standard,Addition,54.9471180000,-1.4347610000
64950,2000-10-09 00:00:00Z,NE36 0TZ,Terraced,Established,Freehold,6,,LILBURN CLOSE,,EAST BOLDON,SOUTH TYNESIDE,TYNE AND WEAR,Standard,Addition,54.9477640000,-1.4381390000
138000,2000-09-08 00:00:00Z,NE36 0UJ,Detached,Established,Leasehold,8,,RYDAL CLOSE,,EAST BOLDON,SOUTH TYNESIDE,TYNE AND WEAR,Standard,Addition,54.9476940000,-1.4348770000
130000,2000-12-08 00:00:00Z,NE36 0SL,Terraced,Established,Freehold,2,,YELLOW LEAS FARM,,EAST BOLDON,SOUTH TYNESIDE,TYNE AND WEAR,Standard,Addition,54.9449060000,-1.4361650000
57750,2000-01-31 00:00:00Z,NE36 0SG,Semi-Detached,Established,Freehold,86,,FRONT STREET,,EAST BOLDON,SOUTH TYNESIDE,TYNE AND WEAR,Standard,Addition,54.9458040000,-1.4377760000
107500,2000-04-06 00:00:00Z,NE36 0UH,Detached,Established,Leasehold,11,,BORROWDALE CLOSE,,EAST BOLDON,SOUTH TYNESIDE,TYNE AND WEAR,Standard,Addition,54.9473770000,-1.4328670000
57000,2000-07-14 00:00:00Z,NE36 0SG,Semi-Detached,Established,Freehold,86,,FRONT STREET,,EAST BOLDON,SOUTH TYNESIDE,TYNE AND WEAR,Standard,Addition,54.9458040000,-1.4377760000
235000,2000-09-01 00:00:00Z,NE36 0PE,Detached,New Build,Freehold,18,,BRIDLE PATH,,EAST BOLDON,SOUTH TYNESIDE,TYNE AND WEAR,Standard,Addition,54.9438480000,-1.4388340000
63500,2000-01-21 00:00:00Z,NE36 0UJ,Semi-Detached,Established,Leasehold,19,,RYDAL CLOSE,,EAST BOLDON,SOUTH TYNESIDE,TYNE AND WEAR,Standard,Addition,54.9476940000,-1.4348770000
95000,2000-02-11 00:00:00Z,NE36 0SE,Terraced,Established,Freehold,43,,FRONT STREET,,EAST BOLDON,SOUTH TYNESIDE,TYNE AND WEAR,Standard,Addition,54.9449280000,-1.4332280000
157000,2000-05-05 00:00:00Z,NE36 0PA,Detached,Established,Freehold,HOLMLANDS,,BRIDLE PATH,,EAST BOLDON,SOUTH TYNESIDE,TYNE AND WEAR,Standard,Addition,54.9451920000,-1.4396890000
127750,2000-11-17 00:00:00Z,NE36 0UE,Detached,Established,Freehold,90,,LANGDALE WAY,,EAST BOLDON,SOUTH TYNESIDE,TYNE AND WEAR,Standard,Addition,54.9471730000,-1.4386470000
107500,2000-04-06 00:00:00Z,NE36 0UH,Detached,Established,Freehold,11,,BORROWDALE CLOSE,,EAST BOLDON,SOUTH TYNESIDE,TYNE AND WEAR,Standard,Addition,54.9473770000,-1.4328670000
69950,2000-05-23 00:00:00Z,NE36 0UH,Semi-Detached,Established,Leasehold,3,,BORROWDALE CLOSE,,EAST BOLDON,SOUTH TYNESIDE,TYNE AND WEAR,Standard,Addition,54.9473770000,-1.4328670000
15000,2000-05-23 00:00:00Z,NE36 0DL,Terraced,Established,Freehold,11,,NORTH ROAD,,EAST BOLDON,SOUTH TYNESIDE,TYNE AND WEAR,Standard,Addition,54.9457230000,-1.4340150000
198000,2000-08-11 00:00:00Z,NE36 0PE,Detached,New Build,Freehold,15,,BRIDLE PATH,,EAST BOLDON,SOUTH TYNESIDE,TYNE AND WEAR,Standard,Addition,54.9438480000,-1.4388340000
278000,2000-09-08 00:00:00Z,NE36 0SG,Detached,Established,Freehold,96,,FRONT STREET,,EAST BOLDON,SOUTH TYNESIDE,TYNE AND WEAR,Standard,Addition,54.9458040000,-1.4377760000
203000,2000-07-14 00:00:00Z,NE36 0PE,Detached,New Build,Freehold,17,,BRIDLE PATH,,EAST BOLDON,SOUTH TYNESIDE,TYNE AND WEAR,Standard,Addition,54.9438480000,-1.4388340000
56000,2000-10-27 00:00:00Z,NE36 0SH,Flats/Maisonettes,Established,Leasehold,48,,FRONT STREET,,EAST BOLDON,SOUTH TYNESIDE,TYNE AND WEAR,Standard,Addition,54.9453830000,-1.4343320000
199141,2000-06-19 00:00:00Z,NE36 0PE,Detached,New Build,Freehold,16,,BRIDLE PATH,,EAST BOLDON,SOUTH TYNESIDE,TYNE AND WEAR,Standard,Addition,54.9438480000,-1.4388340000
85000,2000-08-18 00:00:00Z,NE36 0SS,Semi-Detached,Established,Freehold,3,,SOUTH LANE,,EAST BOLDON,SOUTH TYNESIDE,TYNE AND WEAR,Standard,Addition,54.9446550000,-1.4342640000
75000,2000-08-04 00:00:00Z,NE36 0UQ,Semi-Detached,Established,Leasehold,4,,BOWNESS CLOSE,,EAST BOLDON,SOUTH TYNESIDE,TYNE AND WEAR,Standard,Addition,54.9464400000,-1.4334740000
115000,2001-08-23 00:00:00Z,NE36 0RS,Terraced,Established,Freehold,16,,VICTORIA TERRACE,EAST BOLDON,EAST BOLDON,SOUTH TYNESIDE,TYNE AND WEAR,Standard,Addition,54.9450130000,-1.4379280000
74000,2001-04-25 00:00:00Z,NE36 0TZ,Detached,Established,Freehold,4,,LILBURN CLOSE,EAST BOLDON,EAST BOLDON,SOUTH TYNESIDE,TYNE AND WEAR,Standard,Addition,54.9477640000,-1.4381390000
85000,2001-04-27 00:00:00Z,NE36 0UQ,Semi-Detached,Established,Leasehold,4,,BOWNESS CLOSE,EAST BOLDON,EAST BOLDON,SOUTH TYNESIDE,TYNE AND WEAR,Standard,Addition,54.9464400000,-1.4334740000
140000,2001-02-09 00:00:00Z,NE36 0PE,Detached,Established,Freehold,LITTLE LODGE,,BRIDLE PATH,EAST BOLDON,EAST BOLDON,SOUTH TYNESIDE,TYNE AND WEAR,Standard,Addition,54.9438480000,-1.4388340000
74950,2001-05-14 00:00:00Z,NE36 0TZ,Terraced,Established,Freehold,15,,LILBURN CLOSE,EAST BOLDON,EAST BOLDON,SOUTH TYNESIDE,TYNE AND WEAR,Standard,Addition,54.9477640000,-1.4381390000
95000,2001-08-31 00:00:00Z,NE36 0UQ,Semi-Detached,Established,Freehold,3,,BOWNESS CLOSE,EAST BOLDON,EAST BOLDON,SOUTH TYNESIDE,TYNE AND WEAR,Standard,Addition,54.9464400000,-1.4334740000
140500,2001-07-12 00:00:00Z,NE36 0UB,Detached,Established,Leasehold,8,,KENDAL DRIVE,EAST BOLDON,EAST BOLDON,SOUTH TYNESIDE,TYNE AND WEAR,Standard,Addition,54.9471180000,-1.4347610000
121500,2001-09-28 00:00:00Z,NE36 0DL,Detached,Established,Freehold,LINDALE,,NORTH ROAD,EAST BOLDON,EAST BOLDON,SOUTH TYNESIDE,TYNE AND WEAR,Standard,Addition,54.9457230000,-1.4340150000
160000,2001-08-17 00:00:00Z,NE36 0RS,Semi-Detached,New Build,Freehold,14,,VICTORIA TERRACE,EAST BOLDON,EAST BOLDON,SOUTH TYNESIDE,TYNE AND WEAR,Standard,Addition,54.9450130000,-1.4379280000
87000,2001-12-14 00:00:00Z,NE36 0ST,Terraced,Established,Leasehold,1,,THE ORCHARD,EAST BOLDON,EAST BOLDON,SOUTH TYNESIDE,TYNE AND WEAR,Standard,Addition,54.9445690000,-1.4330630000
225000,2001-04-12 00:00:00Z,NE36 0SL,Detached,New Build,Freehold,7,,YELLOW LEAS FARM,EAST BOLDON,EAST BOLDON,SOUTH TYNESIDE,TYNE AND WEAR,Standard,Addition,54.9449060000,-1.4361650000
205000,2001-11-05 00:00:00Z,NE36 0RS,Detached,New Build,Freehold,12A,,VICTORIA TERRACE,EAST BOLDON,EAST BOLDON,SOUTH TYNESIDE,TYNE AND WEAR,Standard,Addition,54.9450130000,-1.4379280000
114000,2001-06-08 00:00:00Z,NE36 0UE,Detached,Established,Freehold,102,,LANGDALE WAY,EAST BOLDON,EAST BOLDON,SOUTH TYNESIDE,TYNE AND WEAR,Standard,Addition,54.9471730000,-1.4386470000
127000,2001-08-10 00:00:00Z,NE36 0UH,Detached,Established,Leasehold,30,,BORROWDALE CLOSE,EAST BOLDON,EAST BOLDON,SOUTH TYNESIDE,TYNE AND WEAR,Standard,Addition,54.9473770000,-1.4328670000
72000,2001-03-30 00:00:00Z,NE36 0SG,Flats/Maisonettes,Established,Freehold,84,,FRONT STREET,,EAST BOLDON,SOUTH TYNESIDE,TYNE AND WEAR,Standard,Addition,54.9458040000,-1.4377760000
75000,2001-05-11 00:00:00Z,NE36 0SB,Semi-Detached,New Build,Freehold,71A,,FRONT STREET,EAST BOLDON,EAST BOLDON,SOUTH TYNESIDE,TYNE AND WEAR,Standard,Addition,54.9451670000,-1.4361150000
210000,2001-03-23 00:00:00Z,NE36 0SL,Detached,New Build,Freehold,1,,YELLOW LEAS FARM,EAST BOLDON,EAST BOLDON,SOUTH TYNESIDE,TYNE AND WEAR,Standard,Addition,54.9449060000,-1.4361650000
50000,2001-03-16 00:00:00Z,NE36 0SU,Terraced,Established,Freehold,5,,PROSPECT TERRACE,EAST BOLDON,EAST BOLDON,SOUTH TYNESIDE,TYNE AND WEAR,Standard,Addition,54.9443840000,-1.4319890000
87000,2001-07-31 00:00:00Z,NE36 0UH,Terraced,Established,Leasehold,20,,BORROWDALE CLOSE,EAST BOLDON,EAST BOLDON,SOUTH TYNESIDE,TYNE AND WEAR,Standard,Addition,54.9473770000,-1.4328670000
220000,2001-04-20 00:00:00Z,NE36 0PE,Detached,Established,Freehold,17,,BRIDLE PATH,EAST BOLDON,EAST BOLDON,SOUTH TYNESIDE,TYNE AND WEAR,Standard,Addition,54.9438480000,-1.4388340000
205000,2001-04-10 00:00:00Z,NE36 0SL,Semi-Detached,New Build,Freehold,6,,YELLOW LEAS FARM,EAST BOLDON,EAST BOLDON,SOUTH TYNESIDE,TYNE AND WEAR,Standard,Addition,54.9449060000,-1.4361650000
68000,2001-09-28 00:00:00Z,NE36 0TZ,Terraced,Established,Freehold,34,,LILBURN CLOSE,EAST BOLDON,EAST BOLDON,SOUTH TYNESIDE,TYNE AND WEAR,Standard,Addition,54.9477640000,-1.4381390000
94600,2001-06-08 00:00:00Z,NE36 0DJ,Semi-Detached,Established,Freehold,22,,NORTH ROAD,EAST BOLDON,EAST BOLDON,SOUTH TYNESIDE,TYNE AND WEAR,Standard,Addition,54.9461580000,-1.4385670000
105000,2001-05-04 00:00:00Z,NE36 0SB,Semi-Detached,New Build,Freehold,71,,FRONT STREET,EAST BOLDON,EAST BOLDON,SOUTH TYNESIDE,TYNE AND WEAR,Standard,Addition,54.9451670000,-1.4361150000
79250,2001-03-29 00:00:00Z,NE36 0TZ,Semi-Detached,Established,Freehold,8,,LILBURN CLOSE,EAST BOLDON,EAST BOLDON,SOUTH TYNESIDE,TYNE AND WEAR,Standard,Addition,54.9477640000,-1.4381390000
120000,2001-11-23 00:00:00Z,NE36 0UE,Detached,Established,Freehold,89,,LANGDALE WAY,EAST BOLDON,EAST BOLDON,SOUTH TYNESIDE,TYNE AND WEAR,Standard,Addition,54.9471730000,-1.4386470000
142500,2001-07-17 00:00:00Z,NE36 0TA,Detached,Established,Freehold,6,,HIRAM DRIVE,EAST BOLDON,EAST BOLDON,SOUTH TYNESIDE,TYNE AND WEAR,Standard,Addition,54.9429370000,-1.4301050000
96500,2001-03-16 00:00:00Z,NE36 0UG,Semi-Detached,Established,Freehold,30,,LANGDALE WAY,EAST BOLDON,EAST BOLDON,SOUTH TYNESIDE,TYNE AND WEAR,Standard,Addition,54.9476330000,-1.4368760000
160000,2001-08-31 00:00:00Z,NE36 0RS,Semi-Detached,New Build,Freehold,15,,VICTORIA TERRACE,EAST BOLDON,EAST BOLDON,SOUTH TYNESIDE,TYNE AND WEAR,Standard,Addition,54.9450130000,-1.4379280000
87500,2001-11-02 00:00:00Z,NE36 0TZ,Detached,Established,Freehold,21,,LILBURN CLOSE,EAST BOLDON,EAST BOLDON,SOUTH TYNESIDE,TYNE AND WEAR,Standard,Addition,54.9477640000,-1.4381390000
126000,2001-07-31 00:00:00Z,NE36 0UJ,Detached,Established,Leasehold,5,,RYDAL CLOSE,EAST BOLDON,EAST BOLDON,SOUTH TYNESIDE,TYNE AND WEAR,Standard,Addition,54.9476940000,-1.4348770000
53000,2001-08-17 00:00:00Z,NE36 0DJ,Semi-Detached,Established,Freehold,23,,NORTH ROAD,EAST BOLDON,EAST BOLDON,SOUTH TYNESIDE,TYNE AND WEAR,Standard,Addition,54.9461580000,-1.4385670000
79950,2001-07-06 00:00:00Z,NE36 0DJ,Semi-Detached,Established,Freehold,27,,NORTH ROAD,EAST BOLDON,EAST BOLDON,SOUTH TYNESIDE,TYNE AND WEAR,Standard,Addition,54.9461580000,-1.4385670000
95000,2001-03-30 00:00:00Z,NE36 0UG,Detached,Established,Freehold,21,,LANGDALE WAY,EAST BOLDON,EAST BOLDON,SOUTH TYNESIDE,TYNE AND WEAR,Standard,Addition,54.9476330000,-1.4368760000
125950,2001-08-10 00:00:00Z,NE36 0UH,Detached,Established,Freehold,22,,BORROWDALE CLOSE,EAST BOLDON,EAST BOLDON,SOUTH TYNESIDE,TYNE AND WEAR,Standard,Addition,54.9473770000,-1.4328670000
125000,2001-04-20 00:00:00Z,NE36 0RS,Detached,Established,Freehold,11,,VICTORIA TERRACE,EAST BOLDON,EAST BOLDON,SOUTH TYNESIDE,TYNE AND WEAR,Standard,Addition,54.9450130000,-1.4379280000
60000,2001-03-02 00:00:00Z,NE36 0SF,Terraced,Established,Freehold,21,,FRONT STREET,EAST BOLDON,EAST BOLDON,SOUTH TYNESIDE,TYNE AND WEAR,Standard,Addition,54.9446980000,-1.4319220000
129000,2001-05-25 00:00:00Z,NE36 0UB,Detached,Established,Freehold,23,,KENDAL DRIVE,EAST BOLDON,EAST BOLDON,SOUTH TYNESIDE,TYNE AND WEAR,Standard,Addition,54.9471180000,-1.4347610000
65550,2001-07-16 00:00:00Z,NE36 0SN,Flats/Maisonettes,Established,Leasehold,22,,FRONT STREET,EAST BOLDON,EAST BOLDON,SOUTH TYNESIDE,TYNE AND WEAR,Standard,Addition,54.9450850000,-1.4319630000
149950,2001-04-20 00:00:00Z,NE36 0UQ,Detached,Established,Leasehold,1,,BOWNESS CLOSE,EAST BOLDON,EAST BOLDON,SOUTH TYNESIDE,TYNE AND WEAR,Standard,Addition,54.9464400000,-1.4334740000
73000,2001-08-23 00:00:00Z,NE36 0DW,Semi-Detached,Established,Freehold,4,,GRANGE TERRACE,EAST BOLDON,EAST BOLDON,SOUTH TYNESIDE,TYNE AND WEAR,Standard,Addition,54.9450720000,-1.4312610000
48000,2001-05-24 00:00:00Z,NE36 0SA,Flats/Maisonettes,Established,Freehold,107,,FRONT STREET,EAST BOLDON,EAST BOLDON,SOUTH TYNESIDE,TYNE AND WEAR,Standard,Addition,54.9455080000,-1.4379360000
145000,2001-04-06 00:00:00Z,NE36 0UD,Detached,Established,Freehold,3,,PATTERDALE CLOSE,EAST BOLDON,EAST BOLDON,SOUTH TYNESIDE,TYNE AND WEAR,Standard,Addition,54.9464360000,-1.4345360000
80000,2001-08-28 00:00:00Z,NE36 0SF,Terraced,Established,Freehold,9,,FRONT STREET,EAST BOLDON,EAST BOLDON,SUNDERLAND,TYNE AND WEAR,Standard,Addition,54.9446980000,-1.4319220000
48000,2001-05-24 00:00:00Z,NE36 0SA,Flats/Maisonettes,Established,Leasehold,105,,FRONT STREET,EAST BOLDON,EAST BOLDON,SOUTH TYNESIDE,TYNE AND WEAR,Standard,Addition,54.9455080000,-1.4379360000
75500,2001-07-20 00:00:00Z,NE36 0TZ,Semi-Detached,Established,Freehold,5,,LILBURN CLOSE,EAST BOLDON,EAST BOLDON,SOUTH TYNESIDE,TYNE AND WEAR,Standard,Addition,54.9477640000,-1.4381390000
54000,2001-04-20 00:00:00Z,NE36 0SU,Terraced,Established,Freehold,6,,PROSPECT TERRACE,EAST BOLDON,EAST BOLDON,SOUTH TYNESIDE,TYNE AND WEAR,Standard,Addition,54.9443840000,-1.4319890000
135000,2002-01-30 00:00:00Z,NE36 0SA,Terraced,Established,Freehold,89,,FRONT STREET,EAST BOLDON,EAST BOLDON,SOUTH TYNESIDE,TYNE AND WEAR,Standard,Addition,54.9455080000,-1.4379360000
85000,2002-05-17 00:00:00Z,NE36 0TZ,Terraced,Established,Freehold,27,,LILBURN CLOSE,EAST BOLDON,EAST BOLDON,SOUTH TYNESIDE,TYNE AND WEAR,Standard,Addition,54.9477640000,-1.4381390000
129000,2002-06-07 00:00:00Z,NE36 0UE,Semi-Detached,Established,Freehold,93,,LANGDALE WAY,EAST BOLDON,EAST BOLDON,SOUTH TYNESIDE,TYNE AND WEAR,Standard,Addition,54.9471730000,-1.4386470000
68000,2002-03-22 00:00:00Z,NE36 0DJ,Semi-Detached,Established,Freehold,23,,NORTH ROAD,EAST BOLDON,EAST BOLDON,SOUTH TYNESIDE,TYNE AND WEAR,Standard,Addition,54.9461580000,-1.4385670000
180000,2002-04-08 00:00:00Z,NE36 0UG,Detached,Established,Freehold,37,,LANGDALE WAY,EAST BOLDON,EAST BOLDON,SOUTH TYNESIDE,TYNE AND WEAR,Standard,Addition,54.9476330000,-1.4368760000
92500,2002-08-30 00:00:00Z,NE36 0TZ,Terraced,Established,Freehold,39,,LILBURN CLOSE,EAST BOLDON,EAST BOLDON,SOUTH TYNESIDE,TYNE AND WEAR,Standard,Addition,54.9477640000,-1.4381390000
138950,2002-07-19 00:00:00Z,NE36 0TA,Semi-Detached,Established,Freehold,1,,HIRAM DRIVE,EAST BOLDON,EAST BOLDON,SOUTH TYNESIDE,TYNE AND WEAR,Standard,Addition,54.9429370000,-1.4301050000
175000,2002-03-25 00:00:00Z,NE36 0UJ,Detached,Established,Leasehold,8,,RYDAL CLOSE,EAST BOLDON,EAST BOLDON,SOUTH TYNESIDE,TYNE AND WEAR,Standard,Addition,54.9476940000,-1.4348770000
129950,2002-08-22 00:00:00Z,NE36 0SG,Semi-Detached,Established,Freehold,112,,FRONT STREET,EAST BOLDON,EAST BOLDON,SOUTH TYNESIDE,TYNE AND WEAR,Standard,Addition,54.9458040000,-1.4377760000
87500,2002-01-28 00:00:00Z,NE36 0TZ,Detached,Established,Freehold,21,,LILBURN CLOSE,EAST BOLDON,EAST BOLDON,SOUTH TYNESIDE,TYNE AND WEAR,Standard,Addition,54.9477640000,-1.4381390000
83000,2002-08-23 00:00:00Z,NE36 0TZ,Semi-Detached,Established,Freehold,52,,LILBURN CLOSE,EAST BOLDON,EAST BOLDON,SOUTH TYNESIDE,TYNE AND WEAR,Standard,Addition,54.9477640000,-1.4381390000
58000,2002-06-14 00:00:00Z,NE36 0SA,Flats/Maisonettes,Established,Leasehold,107,,FRONT STREET,EAST BOLDON,EAST BOLDON,SOUTH TYNESIDE,TYNE AND WEAR,Standard,Addition,54.9455080000,-1.4379360000
102000,2002-08-16 00:00:00Z,NE36 0SA,Terraced,Established,Freehold,117B,,FRONT STREET,EAST BOLDON,EAST BOLDON,SOUTH TYNESIDE,TYNE AND WEAR,Standard,Addition,54.9455080000,-1.4379360000
80500,2002-02-08 00:00:00Z,NE36 0DL,Terraced,Established,Freehold,14,,NORTH ROAD,EAST BOLDON,EAST BOLDON,SOUTH TYNESIDE,TYNE AND WEAR,Standard,Addition,54.9457230000,-1.4340150000
250000,2002-05-24 00:00:00Z,NE36 0SP,Detached,Established,Freehold,LISLEHURST,,SOUTH LANE,EAST BOLDON,EAST BOLDON,SOUTH TYNESIDE,TYNE AND WEAR,Standard,Addition,54.9440150000,-1.4318690000
75000,2002-10-28 00:00:00Z,NE36 0SB,Flats/Maisonettes,Established,Freehold,65,,FRONT STREET,EAST BOLDON,EAST BOLDON,SOUTH TYNESIDE,TYNE AND WEAR,Standard,Addition,54.9451670000,-1.4361150000
82000,2002-03-22 00:00:00Z,NE36 0DW,Terraced,Established,Freehold,2,,GRANGE TERRACE,EAST BOLDON,EAST BOLDON,SOUTH TYNESIDE,TYNE AND WEAR,Standard,Addition,54.9450720000,-1.4312610000
210000,2002-11-29 00:00:00Z,NE36 0PE,Semi-Detached,Established,Freehold,7,,BRIDLE PATH,EAST BOLDON,EAST BOLDON,SOUTH TYNESIDE,TYNE AND WEAR,Standard,Addition,54.9438480000,-1.4388340000
60000,2002-05-10 00:00:00Z,NE36 0SA,Flats/Maisonettes,Established,Leasehold,111,,FRONT STREET,EAST BOLDON,EAST BOLDON,SOUTH TYNESIDE,TYNE AND WEAR,Standard,Addition,54.9455080000,-1.4379360000
36000,2002-03-08 00:00:00Z,NE36 0SJ,Terraced,Established,Freehold,"UNIT 2-3 REAR OF, 38",,FRONT STREET,EAST BOLDON,EAST BOLDON,SOUTH TYNESIDE,TYNE AND WEAR,Standard,Addition,54.9451690000,-1.4329590000
27000,2002-11-28 00:00:00Z,NE36 0UH,Semi-Detached,Established,Leasehold,4,,BORROWDALE CLOSE,EAST BOLDON,EAST BOLDON,SOUTH TYNESIDE,TYNE AND WEAR,Standard,Addition,54.9473770000,-1.4328670000
124950,2002-04-12 00:00:00Z,NE36 0UQ,Detached,Established,Leasehold,7,,BOWNESS CLOSE,EAST BOLDON,EAST BOLDON,SOUTH TYNESIDE,TYNE AND WEAR,Standard,Addition,54.9464400000,-1.4334740000
110000,2002-03-08 00:00:00Z,NE36 0UJ,Semi-Detached,Established,Leasehold,4,,RYDAL CLOSE,EAST BOLDON,EAST BOLDON,SOUTH TYNESIDE,TYNE AND WEAR,Standard,Addition,54.9476940000,-1.4348770000
92000,2002-11-14 00:00:00Z,NE36 0SU,Terraced,Established,Freehold,1,,PROSPECT TERRACE,EAST BOLDON,EAST BOLDON,SOUTH TYNESIDE,TYNE AND WEAR,Standard,Addition,54.9443840000,-1.4319890000
129950,2002-05-24 00:00:00Z,NE36 0UA,Detached,Established,Leasehold,16,,LANGDALE WAY,EAST BOLDON,EAST BOLDON,SOUTH TYNESIDE,TYNE AND WEAR,Standard,Addition,54.9474810000,-1.4351610000
165000,2002-12-19 00:00:00Z,NE36 0UG,Detached,Established,Freehold,54,,LANGDALE WAY,EAST BOLDON,EAST BOLDON,SOUTH TYNESIDE,TYNE AND WEAR,Standard,Addition,54.9476330000,-1.4368760000
129000,2002-04-17 00:00:00Z,NE36 0UB,Detached,Established,Leasehold,19,,KENDAL DRIVE,EAST BOLDON,EAST BOLDON,SOUTH TYNESIDE,TYNE AND WEAR,Standard,Addition,54.9471180000,-1.4347610000
84950,2002-04-12 00:00:00Z,NE36 0UD,Semi-Detached,Established,Leasehold,6,,PATTERDALE CLOSE,EAST BOLDON,EAST BOLDON,SOUTH TYNESIDE,TYNE AND WEAR,Standard,Addition,54.9464360000,-1.4345360000
82500,2002-03-28 00:00:00Z,NE36 0TZ,Semi-Detached,Established,Freehold,19,,LILBURN CLOSE,EAST BOLDON,EAST BOLDON,SOUTH TYNESIDE,TYNE AND WEAR,Standard,Addition,54.9477640000,-1.4381390000
205000,2002-11-25 00:00:00Z,NE36 0SL,Terraced,Established,Freehold,5,,YELLOW LEAS FARM,EAST BOLDON,EAST BOLDON,SOUTH TYNESIDE,TYNE AND WEAR,Standard,Addition,54.9449060000,-1.4361650000
155000,2002-12-03 00:00:00Z,NE36 0UH,Detached,Established,Leasehold,9,,BORROWDALE CLOSE,EAST BOLDON,EAST BOLDON,SOUTH TYNESIDE,TYNE AND WEAR,Standard,Addition,54.9473770000,-1.4328670000
129950,2002-10-01 00:00:00Z,NE36 0UG,Semi-Detached,Established,Freehold,33,,LANGDALE WAY,EAST BOLDON,EAST BOLDON,SOUTH TYNESIDE,TYNE AND WEAR,Standard,Addition,54.9476330000,-1.4368760000
130000,2002-07-26 00:00:00Z,NE36 0UE,Detached,Established,Freehold,102,,LANGDALE WAY,EAST BOLDON,EAST BOLDON,SOUTH TYNESIDE,TYNE AND WEAR,Standard,Addition,54.9471730000,-1.4386470000
164500,2002-09-20 00:00:00Z,NE36 0RS,Terraced,Established,Freehold,17,,VICTORIA TERRACE,EAST BOLDON,EAST BOLDON,SOUTH TYNESIDE,TYNE AND WEAR,Standard,Addition,54.9450130000,-1.4379280000
119000,2002-08-30 00:00:00Z,NE36 0DL,Terraced,Established,Freehold,17,,NORTH ROAD,EAST BOLDON,EAST BOLDON,SOUTH TYNESIDE,TYNE AND WEAR,Standard,Addition,54.9457230000,-1.4340150000
71650,2002-05-24 00:00:00Z,NE36 0SU,Terraced,Established,Freehold,5,,PROSPECT TERRACE,EAST BOLDON,EAST BOLDON,SOUTH TYNESIDE,TYNE AND WEAR,Standard,Addition,54.9443840000,-1.4319890000
138000,2002-08-12 00:00:00Z,NE36 0SH,Terraced,Established,Freehold,30,,FRONT STREET,EAST BOLDON,EAST BOLDON,SOUTH TYNESIDE,TYNE AND WEAR,Standard,Addition,54.9453830000,-1.4343320000
59950,2002-04-26 00:00:00Z,NE36 0SA,Flats/Maisonettes,Established,Leasehold,103,,FRONT STREET,EAST BOLDON,EAST BOLDON,SOUTH TYNESIDE,TYNE AND WEAR,Standard,Addition,54.9455080000,-1.4379360000
59950,2002-04-26 00:00:00Z,NE36 0SA,Flats/Maisonettes,Established,Freehold,101,,FRONT STREET,EAST BOLDON,EAST BOLDON,SOUTH TYNESIDE,TYNE AND WEAR,Standard,Addition,54.9455080000,-1.4379360000
185000,2002-08-30 00:00:00Z,NE36 0SL,Terraced,Established,Freehold,2,,YELLOW LEAS FARM,EAST BOLDON,EAST BOLDON,SOUTH TYNESIDE,TYNE AND WEAR,Standard,Addition,54.9449060000,-1.4361650000
202500,2003-11-28 00:00:00Z,NE36 0UB,Detached,Established,Leasehold,19,,KENDAL DRIVE,EAST BOLDON,EAST BOLDON,SOUTH TYNESIDE,TYNE AND WEAR,Standard,Addition,54.9471180000,-1.4347610000
285000,2003-11-19 00:00:00Z,NE36 0UF,Detached,Established,Freehold,71,,LANGDALE WAY,EAST BOLDON,EAST BOLDON,SOUTH TYNESIDE,TYNE AND WEAR,Standard,Addition,54.9466740000,-1.4375300000
125000,2003-11-26 00:00:00Z,NE36 0TZ,Terraced,Established,Freehold,49,,LILBURN CLOSE,EAST BOLDON,EAST BOLDON,SOUTH TYNESIDE,TYNE AND WEAR,Standard,Addition,54.9477640000,-1.4381390000
135000,2003-02-25 00:00:00Z,NE36 0UG,Semi-Detached,Established,Freehold,28,,LANGDALE WAY,EAST BOLDON,EAST BOLDON,SOUTH TYNESIDE,TYNE AND WEAR,Standard,Addition,54.9476330000,-1.4368760000
281500,2003-11-28 00:00:00Z,NE36 0UF,Detached,Established,Freehold,65,,LANGDALE WAY,EAST BOLDON,EAST BOLDON,SOUTH TYNESIDE,TYNE AND WEAR,Standard,Addition,54.9466740000,-1.4375300000
97000,2003-05-09 00:00:00Z,NE36 0TZ,Terraced,Established,Freehold,34,,LILBURN CLOSE,EAST BOLDON,EAST BOLDON,SOUTH TYNESIDE,TYNE AND WEAR,Standard,Addition,54.9477640000,-1.4381390000
183500,2003-10-24 00:00:00Z,NE36 0SE,Terraced,Established,Leasehold,37,,FRONT STREET,EAST BOLDON,EAST BOLDON,SOUTH TYNESIDE,TYNE AND WEAR,Standard,Addition,54.9449280000,-1.4332280000
402000,2003-07-31 00:00:00Z,NE36 0PA,Detached,Established,Freehold,THE GROVE,,BRIDLE PATH,EAST BOLDON,EAST BOLDON,SOUTH TYNESIDE,TYNE AND WEAR,Standard,Addition,54.9451920000,-1.4396890000
71000,2003-11-07 00:00:00Z,NE36 0SF,Flats/Maisonettes,Established,Leasehold,5,,FRONT STREET,EAST BOLDON,EAST BOLDON,SOUTH TYNESIDE,TYNE AND WEAR,Standard,Addition,54.9446980000,-1.4319220000
207500,2003-08-07 00:00:00Z,NE36 0UE,Detached,Established,Freehold,87,,LANGDALE WAY,EAST BOLDON,EAST BOLDON,SOUTH TYNESIDE,TYNE AND WEAR,Standard,Addition,54.9471730000,-1.4386470000
117500,2003-04-09 00:00:00Z,NE36 0TZ,Semi-Detached,Established,Freehold,36,,LILBURN CLOSE,EAST BOLDON,EAST BOLDON,SOUTH TYNESIDE,TYNE AND WEAR,Standard,Addition,54.9477640000,-1.4381390000
295000,2003-09-19 00:00:00Z,NE36 0UH,Detached,Established,Freehold,14,,BORROWDALE CLOSE,EAST BOLDON,EAST BOLDON,SOUTH TYNESIDE,TYNE AND WEAR,Standard,Addition,54.9473770000,-1.4328670000
117500,2003-10-07 00:00:00Z,NE36 0SH,Terraced,Established,Freehold,58,,FRONT STREET,EAST BOLDON,EAST BOLDON,SOUTH TYNESIDE,TYNE AND WEAR,Standard,Addition,54.9453830000,-1.4343320000
185000,2003-05-16 00:00:00Z,NE36 0SG,Detached,Established,Freehold,110,,FRONT STREET,EAST BOLDON,EAST BOLDON,SOUTH TYNESIDE,TYNE AND WEAR,Standard,Addition,54.9458040000,-1.4377760000
175000,2003-08-29 00:00:00Z,NE36 0UG,Semi-Detached,Established,Freehold,27,,LANGDALE WAY,EAST BOLDON,EAST BOLDON,SOUTH TYNESIDE,TYNE AND WEAR,Standard,Addition,54.9476330000,-1.4368760000
119000,2003-02-06 00:00:00Z,NE36 0TZ,Semi-Detached,Established,Freehold,23,,LILBURN CLOSE,EAST BOLDON,EAST BOLDON,SOUTH TYNESIDE,TYNE AND WEAR,Standard,Addition,54.9477640000,-1.4381390000
171500,2003-11-11 00:00:00Z,NE36 0DL,Terraced,Established,Freehold,10,,NORTH ROAD,EAST BOLDON,EAST BOLDON,SOUTH TYNESIDE,TYNE AND WEAR,Standard,Addition,54.9457230000,-1.4340150000
175000,2003-11-07 00:00:00Z,NE36 0DL,Terraced,Established,Freehold,3,,NORTH ROAD,EAST BOLDON,EAST BOLDON,SOUTH TYNESIDE,TYNE AND WEAR,Standard,Addition,54.9457230000,-1.4340150000
114000,2003-03-19 00:00:00Z,NE36 0SN,Flats/Maisonettes,Established,Leasehold,22,,FRONT STREET,EAST BOLDON,EAST BOLDON,SOUTH TYNESIDE,TYNE AND WEAR,Standard,Addition,54.9450850000,-1.4319630000
199000,2003-11-21 00:00:00Z,NE36 0PA,Detached,Established,Freehold,HOLMLANDS,,BRIDLE PATH,EAST BOLDON,EAST BOLDON,SOUTH TYNESIDE,TYNE AND WEAR,Standard,Addition,54.9451920000,-1.4396890000
96000,2003-01-10 00:00:00Z,NE36 0SG,Semi-Detached,Established,Freehold,86,,FRONT STREET,EAST BOLDON,EAST BOLDON,SOUTH TYNESIDE,TYNE AND WEAR,Standard,Addition,54.9458040000,-1.4377760000
85000,2003-10-17 00:00:00Z,NE36 0AP,Detached,Established,Freehold,BRIDLE HOLME,,BRIDLE PATH,EAST BOLDON,EAST BOLDON,SOUTH TYNESIDE,TYNE AND WEAR,Standard,Addition,54.9409120000,-1.4391240000
131000,2003-09-22 00:00:00Z,NE36 0ST,Terraced,Established,Leasehold,8,,THE ORCHARD,EAST BOLDON,EAST BOLDON,SOUTH TYNESIDE,TYNE AND WEAR,Standard,Addition,54.9445690000,-1.4330630000
144000,2003-07-25 00:00:00Z,NE36 0UD,Semi-Detached,Established,Freehold,7,,PATTERDALE CLOSE,EAST BOLDON,EAST BOLDON,SOUTH TYNESIDE,TYNE AND WEAR,Standard,Addition,54.9464360000,-1.4345360000
95000,2003-06-04 00:00:00Z,NE36 0DL,Terraced,Established,Freehold,10,,NORTH ROAD,EAST BOLDON,EAST BOLDON,SOUTH TYNESIDE,TYNE AND WEAR,Standard,Addition,54.9457230000,-1.4340150000
75750,2003-01-30 00:00:00Z,NE36 0SA,Flats/Maisonettes,Established,Freehold,107,,FRONT STREET,EAST BOLDON,EAST BOLDON,SOUTH TYNESIDE,TYNE AND WEAR,Standard,Addition,54.9455080000,-1.4379360000
195000,2003-09-12 00:00:00Z,NE36 0UG,Semi-Detached,Established,Freehold,62,,LANGDALE WAY,EAST BOLDON,EAST BOLDON,SOUTH TYNESIDE,TYNE AND WEAR,Standard,Addition,54.9476330000,-1.4368760000
195000,2003-10-02 00:00:00Z,NE36 0UQ,Detached,Established,Leasehold,2,,BOWNESS CLOSE,EAST BOLDON,EAST BOLDON,SOUTH TYNESIDE,TYNE AND WEAR,Standard,Addition,54.9464400000,-1.4334740000
120000,2003-07-18 00:00:00Z,NE36 0TZ,Terraced,Established,Freehold,41,,LILBURN CLOSE,EAST BOLDON,EAST BOLDON,SOUTH TYNESIDE,TYNE AND WEAR,Standard,Addition,54.9477640000,-1.4381390000
119000,2003-03-31 00:00:00Z,NE36 0SE,Terraced,Established,Freehold,45,,FRONT STREET,EAST BOLDON,EAST BOLDON,SOUTH TYNESIDE,TYNE AND WEAR,Standard,Addition,54.9449280000,-1.4332280000
242500,2003-07-31 00:00:00Z,NE36 0DJ,Semi-Detached,Established,Freehold,23,,NORTH ROAD,EAST BOLDON,EAST BOLDON,SOUTH TYNESIDE,TYNE AND WEAR,Standard,Addition,54.9461580000,-1.4385670000
153000,2003-05-16 00:00:00Z,NE36 0SS,Detached,Established,Freehold,5,,SOUTH LANE,EAST BOLDON,EAST BOLDON,SOUTH TYNESIDE,TYNE AND WEAR,Standard,Addition,54.9446550000,-1.4342640000
139000,2003-05-30 00:00:00Z,NE36 0ST,Terraced,Established,Leasehold,3,,THE ORCHARD,EAST BOLDON,EAST BOLDON,SOUTH TYNESIDE,TYNE AND WEAR,Standard,Addition,54.9445690000,-1.4330630000
245000,2004-09-03 00:00:00Z,NE36 0DQ,Semi-Detached,Established,Freehold,3,,WEST FARM,EAST BOLDON,EAST BOLDON,SOUTH TYNESIDE,TYNE AND WEAR,Standard,Addition,54.9460440000,-1.4373360000
380000,2004-06-04 00:00:00Z,NE36 0SP,Detached,Established,Freehold,LISLEHURST,,SOUTH LANE,EAST BOLDON,EAST BOLDON,SOUTH TYNESIDE,TYNE AND WEAR,Standard,Addition,54.9440150000,-1.4318690000
130000,2004-03-12 00:00:00Z,NE36 0TZ,Semi-Detached,Established,Freehold,19,,LILBURN CLOSE,EAST BOLDON,EAST BOLDON,SOUTH TYNESIDE,TYNE AND WEAR,Standard,Addition,54.9477640000,-1.4381390000
180000,2004-01-23 00:00:00Z,NE36 0SR,Detached,Established,Freehold,4,,BELLE VUE VILLAS,EAST BOLDON,EAST BOLDON,SOUTH TYNESIDE,TYNE AND WEAR,Standard,Addition,54.9442920000,-1.4336140000
176000,2004-12-21 00:00:00Z,NE36 0TZ,Semi-Detached,Established,Freehold,8,,LILBURN CLOSE,,EAST BOLDON,SOUTH TYNESIDE,TYNE AND WEAR,Standard,Addition,54.9477640000,-1.4381390000
185000,2004-11-01 00:00:00Z,NE36 0SG,Terraced,Established,Freehold,92,,FRONT STREET,EAST BOLDON,EAST BOLDON,SOUTH TYNESIDE,TYNE AND WEAR,Standard,Addition,54.9458040000,-1.4377760000
137500,2004-04-30 00:00:00Z,NE36 0UJ,Semi-Detached,Established,Leasehold,19,,RYDAL CLOSE,EAST BOLDON,EAST BOLDON,SOUTH TYNESIDE,TYNE AND WEAR,Standard,Addition,54.9476940000,-1.4348770000
66000,2004-01-05 00:00:00Z,NE36 0UJ,Terraced,Established,Leasehold,6,,RYDAL CLOSE,EAST BOLDON,EAST BOLDON,SOUTH TYNESIDE,TYNE AND WEAR,Standard,Addition,54.9476940000,-1.4348770000
124000,2004-01-23 00:00:00Z,NE36 0SF,Terraced,Established,Freehold,19,,FRONT STREET,EAST BOLDON,EAST BOLDON,SOUTH TYNESIDE,TYNE AND WEAR,Standard,Addition,54.9446980000,-1.4319220000
180000,2004-12-10 00:00:00Z,NE36 0ST,Terraced,Established,Leasehold,10,,THE ORCHARD,EAST BOLDON,EAST BOLDON,SOUTH TYNESIDE,TYNE AND WEAR,Standard,Addition,54.9445690000,-1.4330630000
153500,2004-08-02 00:00:00Z,NE36 0UH,Terraced,Established,Leasehold,20,,BORROWDALE CLOSE,EAST BOLDON,EAST BOLDON,SOUTH TYNESIDE,TYNE AND WEAR,Standard,Addition,54.9473770000,-1.4328670000
115000,2004-11-08 00:00:00Z,NE36 0SG,Terraced,Established,Freehold,76,,FRONT STREET,EAST BOLDON,EAST BOLDON,SOUTH TYNESIDE,TYNE AND WEAR,Standard,Addition,54.9458040000,-1.4377760000
195000,2004-07-16 00:00:00Z,NE36 0UG,Semi-Detached,Established,Freehold,32,,LANGDALE WAY,EAST BOLDON,EAST BOLDON,SOUTH TYNESIDE,TYNE AND WEAR,Standard,Addition,54.9476330000,-1.4368760000
137000,2004-05-28 00:00:00Z,NE36 0SG,Semi-Detached,Established,Freehold,86,,FRONT STREET,EAST BOLDON,EAST BOLDON,SOUTH TYNESIDE,TYNE AND WEAR,Standard,Addition,54.9458040000,-1.4377760000
249950,2004-05-20 00:00:00Z,NE36 0UF,Detached,Established,Freehold,72,,LANGDALE WAY,EAST BOLDON,EAST BOLDON,SOUTH TYNESIDE,TYNE AND WEAR,Standard,Addition,54.9466740000,-1.4375300000
161000,2004-10-18 00:00:00Z,NE36 0SU,Terraced,Established,Freehold,5,,PROSPECT TERRACE,EAST BOLDON,EAST BOLDON,SOUTH TYNESIDE,TYNE AND WEAR,Standard,Addition,54.9443840000,-1.4319890000
140000,2004-07-09 00:00:00Z,NE36 0TZ,Detached,Established,Freehold,45,,LILBURN CLOSE,EAST BOLDON,EAST BOLDON,SOUTH TYNESIDE,TYNE AND WEAR,Standard,Addition,54.9477640000,-1.4381390000
200000,2004-12-03 00:00:00Z,NE36 0SH,Terraced,Established,Freehold,48,,FRONT STREET,EAST BOLDON,EAST BOLDON,SOUTH TYNESIDE,TYNE AND WEAR,Standard,Addition,54.9453830000,-1.4343320000
134000,2004-05-28 00:00:00Z,NE36 0TZ,Semi-Detached,Established,Freehold,17,,LILBURN CLOSE,EAST BOLDON,EAST BOLDON,SOUTH TYNESIDE,TYNE AND WEAR,Standard,Addition,54.9477640000,-1.4381390000
75000,2004-04-15 00:00:00Z,NE36 0DJ,Terraced,Established,Freehold,21,,NORTH ROAD,EAST BOLDON,EAST BOLDON,SOUTH TYNESIDE,TYNE AND WEAR,Standard,Addition,54.9461580000,-1.4385670000
327000,2004-06-28 00:00:00Z,NE36 0UF,Detached,Established,Freehold,51,,LANGDALE WAY,EAST BOLDON,EAST BOLDON,SOUTH TYNESIDE,TYNE AND WEAR,Standard,Addition,54.9466740000,-1.4375300000
136000,2004-06-08 00:00:00Z,NE36 0TZ,Terraced,Established,Freehold,38,,LILBURN CLOSE,EAST BOLDON,EAST BOLDON,SOUTH TYNESIDE,TYNE AND WEAR,Standard,Addition,54.9477640000,-1.4381390000
272000,2004-03-18 00:00:00Z,NE36 0UG,Detached,Established,Freehold,37,,LANGDALE WAY,EAST BOLDON,EAST BOLDON,SOUTH TYNESIDE,TYNE AND WEAR,Standard,Addition,54.9476330000,-1.4368760000
80000,2004-08-09 00:00:00Z,NE36 0DJ,Terraced,Established,Freehold,21,,NORTH ROAD,EAST BOLDON,EAST BOLDON,SOUTH TYNESIDE,TYNE AND WEAR,Standard,Addition,54.9461580000,-1.4385670000
265000,2004-01-09 00:00:00Z,NE36 0PE,Semi-Detached,Established,Freehold,8,,BRIDLE PATH,EAST BOLDON,EAST BOLDON,SOUTH TYNESIDE,TYNE AND WEAR,Standard,Addition,54.9438480000,-1.4388340000
175000,2004-07-28 00:00:00Z,NE36 0SS,Semi-Detached,Established,Freehold,2,,SOUTH LANE,EAST BOLDON,EAST BOLDON,SOUTH TYNESIDE,TYNE AND WEAR,Standard,Addition,54.9446550000,-1.4342640000
147500,2004-01-16 00:00:00Z,NE36 0UQ,Semi-Detached,Established,Leasehold,4,,BOWNESS CLOSE,EAST BOLDON,EAST BOLDON,SOUTH TYNESIDE,TYNE AND WEAR,Standard,Addition,54.9464400000,-1.4334740000
280000,2004-07-23 00:00:00Z,NE36 0SR,Semi-Detached,Established,Freehold,1,,BELLE VUE VILLAS,EAST BOLDON,EAST BOLDON,SOUTH TYNESIDE,TYNE AND WEAR,Standard,Addition,54.9442920000,-1.4336140000
279950,2004-11-19 00:00:00Z,NE36 0UE,Detached,Established,Freehold,91,,LANGDALE WAY,EAST BOLDON,EAST BOLDON,SOUTH TYNESIDE,TYNE AND WEAR,Standard,Addition,54.9471730000,-1.4386470000
82600,2004-03-05 00:00:00Z,NE36 0PF,Detached,Established,Freehold,BRIDLE COTTAGE,,BRIDLE PATH,EAST BOLDON,EAST BOLDON,SOUTH TYNESIDE,TYNE AND WEAR,Standard,Addition,54.9428630000,-1.4393470000
132000,2004-04-05 00:00:00Z,NE36 0SF,Terraced,Established,Freehold,17,,FRONT STREET,EAST BOLDON,EAST BOLDON,SOUTH TYNESIDE,TYNE AND WEAR,Standard,Addition,54.9446980000,-1.4319220000
149000,2004-06-25 00:00:00Z,NE36 0UH,Terraced,Established,Leasehold,17,,BORROWDALE CLOSE,EAST BOLDON,EAST BOLDON,SOUTH TYNESIDE,TYNE AND WEAR,Standard,Addition,54.9473770000,-1.4328670000
188000,2004-02-13 00:00:00Z,NE36 0UG,Detached,Established,Freehold,23,,LANGDALE WAY,EAST BOLDON,EAST BOLDON,SOUTH TYNESIDE,TYNE AND WEAR,Standard,Addition,54.9476330000,-1.4368760000
245000,2004-04-02 00:00:00Z,NE36 0DQ,Semi-Detached,Established,Freehold,1,,WEST FARM,EAST BOLDON,EAST BOLDON,SOUTH TYNESIDE,TYNE AND WEAR,Standard,Addition,54.9460440000,-1.4373360000
425000,2004-10-08 00:00:00Z,NE36 0RS,Terraced,Established,Freehold,11,,VICTORIA TERRACE,EAST BOLDON,EAST BOLDON,SOUTH TYNESIDE,TYNE AND WEAR,Standard,Addition,54.9450130000,-1.4379280000
399950,2004-09-30 00:00:00Z,NE36 0DW,Terraced,Established,Freehold,6,,GRANGE TERRACE,EAST BOLDON,EAST BOLDON,SOUTH TYNESIDE,TYNE AND WEAR,Standard,Addition,54.9450720000,-1.4312610000
204000,2004-08-02 00:00:00Z,NE36 0UG,Semi-Detached,Established,Freehold,62,,LANGDALE WAY,EAST BOLDON,EAST BOLDON,SOUTH TYNESIDE,TYNE AND WEAR,Standard,Addition,54.9476330000,-1.4368760000
213000,2004-05-14 00:00:00Z,NE36 0PE,Semi-Detached,Established,Freehold,BRACKENRIGG,,BRIDLE PATH,EAST BOLDON,EAST BOLDON,SOUTH TYNESIDE,TYNE AND WEAR,Standard,Addition,54.9438480000,-1.4388340000
153950,2004-11-22 00:00:00Z,NE36 0TZ,Semi-Detached,Established,Freehold,23,,LILBURN CLOSE,EAST BOLDON,EAST BOLDON,SOUTH TYNESIDE,TYNE AND WEAR,Standard,Addition,54.9477640000,-1.4381390000
115000,2005-09-30 00:00:00Z,NE36 0SF,Terraced,Established,Freehold,13,,FRONT STREET,EAST BOLDON,EAST BOLDON,SOUTH TYNESIDE,TYNE AND WEAR,Standard,Addition,54.9446980000,-1.4319220000
120000,2005-12-06 00:00:00Z,NE36 0TZ,Detached,Established,Freehold,4,,LILBURN CLOSE,,EAST BOLDON,SOUTH TYNESIDE,TYNE AND WEAR,Standard,Addition,54.9477640000,-1.4381390000
152500,2005-05-13 00:00:00Z,NE36 0UH,Semi-Detached,Established,Leasehold,4,,BORROWDALE CLOSE,,EAST BOLDON,SOUTH TYNESIDE,TYNE AND WEAR,Standard,Addition,54.9473770000,-1.4328670000
210000,2005-03-07 00:00:00Z,NE36 0DL,Terraced,Established,Freehold,2,,NORTH ROAD,,EAST BOLDON,SOUTH TYNESIDE,TYNE AND WEAR,Standard,Addition,54.9457230000,-1.4340150000
157000,2005-07-08 00:00:00Z,NE36 0SF,Terraced,Established,Freehold,25,,FRONT STREET,EAST BOLDON,EAST BOLDON,SOUTH TYNESIDE,TYNE AND WEAR,Standard,Addition,54.9446980000,-1.4319220000
215000,2005-01-14 00:00:00Z,NE36 0DL,Detached,Established,Freehold,3,,NORTH ROAD,EAST BOLDON,EAST BOLDON,SOUTH TYNESIDE,TYNE AND WEAR,Standard,Addition,54.9457230000,-1.4340150000
75000,2005-02-27 00:00:00Z,NE36 0SH,Terraced,Established,Freehold,34,,FRONT STREET,EAST BOLDON,EAST BOLDON,SOUTH TYNESIDE,TYNE AND WEAR,Standard,Addition,54.9453830000,-1.4343320000
152000,2005-07-29 00:00:00Z,NE36 0UQ,Semi-Detached,Established,Leasehold,4,,BOWNESS CLOSE,EAST BOLDON,EAST BOLDON,SOUTH TYNESIDE,TYNE AND WEAR,Standard,Addition,54.9464400000,-1.4334740000
145000,2005-03-24 00:00:00Z,NE36 0UJ,Semi-Detached,Established,Leasehold,19,,RYDAL CLOSE,EAST BOLDON,EAST BOLDON,SOUTH TYNESIDE,TYNE AND WEAR,Standard,Addition,54.9476940000,-1.4348770000
248000,2005-07-15 00:00:00Z,NE36 0UB,Flats/Maisonettes,Established,Leasehold,1,,KENDAL DRIVE,,EAST BOLDON,SOUTH TYNESIDE,TYNE AND WEAR,Standard,Addition,54.9471180000,-1.4347610000
330000,2005-06-17 00:00:00Z,NE36 0DJ,Detached,Established,Freehold,24,,NORTH ROAD,,EAST BOLDON,SOUTH TYNESIDE,TYNE AND WEAR,Standard,Addition,54.9461580000,-1.4385670000
164000,2005-01-28 00:00:00Z,NE36 0SF,Terraced,Established,Freehold,21,,FRONT STREET,EAST BOLDON,EAST BOLDON,SOUTH TYNESIDE,TYNE AND WEAR,Standard,Addition,54.9446980000,-1.4319220000
192000,2005-10-31 00:00:00Z,NE36 0DL,Terraced,Established,Freehold,13,,NORTH ROAD,EAST BOLDON,EAST BOLDON,SOUTH TYNESIDE,TYNE AND WEAR,Standard,Addition,54.9457230000,-1.4340150000
224000,2005-06-24 00:00:00Z,NE36 0UE,Detached,Established,Freehold,87,,LANGDALE WAY,EAST BOLDON,EAST BOLDON,SOUTH TYNESIDE,TYNE AND WEAR,Standard,Addition,54.9471730000,-1.4386470000
91000,2005-04-15 00:00:00Z,NE36 0SA,Flats/Maisonettes,Established,Leasehold,109,,FRONT STREET,,EAST BOLDON,SOUTH TYNESIDE,TYNE AND WEAR,Standard,Addition,54.9455080000,-1.4379360000
410000,2005-12-02 00:00:00Z,NE36 0SL,Detached,Established,Freehold,7,,YELLOW LEAS FARM,EAST BOLDON,EAST BOLDON,SOUTH TYNESIDE,TYNE AND WEAR,Standard,Addition,54.9449060000,-1.4361650000
290000,2005-10-13 00:00:00Z,NE36 0UF,Detached,Established,Freehold,71,,LANGDALE WAY,EAST BOLDON,EAST BOLDON,SOUTH TYNESIDE,TYNE AND WEAR,Standard,Addition,54.9466740000,-1.4375300000
146000,2005-06-03 00:00:00Z,NE36 0UH,Detached,Established,Leasehold,6,,BORROWDALE CLOSE,EAST BOLDON,EAST BOLDON,SOUTH TYNESIDE,TYNE AND WEAR,Standard,Addition,54.9473770000,-1.4328670000
146950,2005-07-08 00:00:00Z,NE36 0UB,Semi-Detached,Established,Leasehold,22,,KENDAL DRIVE,EAST BOLDON,EAST BOLDON,SOUTH TYNESIDE,TYNE AND WEAR,Standard,Addition,54.9471180000,-1.4347610000
335000,2005-08-19 00:00:00Z,NE36 0UH,Detached,Established,Freehold,14,,BORROWDALE CLOSE,EAST BOLDON,EAST BOLDON,SOUTH TYNESIDE,TYNE AND WEAR,Standard,Addition,54.9473770000,-1.4328670000
110000,2005-12-05 00:00:00Z,NE36 0SF,Terraced,Established,Freehold,27,,FRONT STREET,EAST BOLDON,EAST BOLDON,SOUTH TYNESIDE,TYNE AND WEAR,Standard,Addition,54.9446980000,-1.4319220000
52000,2005-02-02 00:00:00Z,NE36 0SF,Flats/Maisonettes,Established,Freehold,5,,FRONT STREET,EAST BOLDON,EAST BOLDON,SOUTH TYNESIDE,TYNE AND WEAR,Standard,Addition,54.9446980000,-1.4319220000
186000,2005-09-09 00:00:00Z,NE36 0DL,Terraced,Established,Freehold,13,,NORTH ROAD,EAST BOLDON,EAST BOLDON,SOUTH TYNESIDE,TYNE AND WEAR,Standard,Addition,54.9457230000,-1.4340150000
225000,2005-03-11 00:00:00Z,NE36 0DL,Terraced,Established,Freehold,6,,NORTH ROAD,EAST BOLDON,EAST BOLDON,SOUTH TYNESIDE,TYNE AND WEAR,Standard,Addition,54.9457230000,-1.4340150000
135000,2005-03-18 00:00:00Z,NE36 0SN,Flats/Maisonettes,Established,Leasehold,20,,FRONT STREET,EAST BOLDON,EAST BOLDON,SOUTH TYNESIDE,TYNE AND WEAR,Standard,Addition,54.9450850000,-1.4319630000
260000,2005-11-25 00:00:00Z,NE36 0UF,Detached,Established,Freehold,66,,LANGDALE WAY,EAST BOLDON,EAST BOLDON,SOUTH TYNESIDE,TYNE AND WEAR,Standard,Addition,54.9466740000,-1.4375300000
399000,2006-05-12 00:00:00Z,NE36 0SB,Detached,Established,Freehold,73,,FRONT STREET,EAST BOLDON,EAST BOLDON,SOUTH TYNESIDE,TYNE AND WEAR,Standard,Addition,54.9451670000,-1.4361150000
230000,2006-05-31 00:00:00Z,NE36 0UJ,Terraced,Established,Leasehold,6,,RYDAL CLOSE,EAST BOLDON,EAST BOLDON,SOUTH TYNESIDE,TYNE AND WEAR,Standard,Addition,54.9476940000,-1.4348770000
159950,2006-05-17 00:00:00Z,NE36 0TZ,Terraced,Established,Freehold,39,,LILBURN CLOSE,EAST BOLDON,EAST BOLDON,SOUTH TYNESIDE,TYNE AND WEAR,Standard,Addition,54.9477640000,-1.4381390000
265000,2006-12-15 00:00:00Z,NE36 0UG,Detached,Established,Freehold,23,,LANGDALE WAY,EAST BOLDON,EAST BOLDON,SOUTH TYNESIDE,TYNE AND WEAR,Standard,Addition,54.9476330000,-1.4368760000
450000,2006-02-01 00:00:00Z,NE36 0SL,Terraced,Established,Freehold,1,,YELLOW LEAS FARM,,EAST BOLDON,SOUTH TYNESIDE,TYNE AND WEAR,Standard,Addition,54.9449060000,-1.4361650000
300000,2006-08-04 00:00:00Z,NE36 0SA,Terraced,Established,Freehold,85,,FRONT STREET,EAST BOLDON,EAST BOLDON,SOUTH TYNESIDE,TYNE AND WEAR,Standard,Addition,54.9455080000,-1.4379360000
155000,2006-07-24 00:00:00Z,NE36 0TZ,Terraced,Established,Freehold,33,,LILBURN CLOSE,EAST BOLDON,EAST BOLDON,SOUTH TYNESIDE,TYNE AND WEAR,Standard,Addition,54.9477640000,-1.4381390000
220000,2006-06-02 00:00:00Z,NE36 0DL,Terraced,Established,Freehold,2,,NORTH ROAD,EAST BOLDON,EAST BOLDON,SOUTH TYNESIDE,TYNE AND WEAR,Standard,Addition,54.9457230000,-1.4340150000
287500,2006-11-24 00:00:00Z,NE36 0UE,Detached,Established,Freehold,86,,LANGDALE WAY,EAST BOLDON,EAST BOLDON,SOUTH TYNESIDE,TYNE AND WEAR,Standard,Addition,54.9471730000,-1.4386470000
210000,2006-09-08 00:00:00Z,NE36 0DL,Terraced,Established,Freehold,7,,NORTH ROAD,EAST BOLDON,EAST BOLDON,SOUTH TYNESIDE,TYNE AND WEAR,Standard,Addition,54.9457230000,-1.4340150000
370000,2006-10-29 00:00:00Z,NE36 0SS,Detached,Established,Freehold,14,,SOUTH LANE,EAST BOLDON,EAST BOLDON,SOUTH TYNESIDE,TYNE AND WEAR,Standard,Addition,54.9446550000,-1.4342640000
280000,2006-08-04 00:00:00Z,NE36 0UJ,Detached,Established,Freehold,14,,RYDAL CLOSE,EAST BOLDON,EAST BOLDON,SOUTH TYNESIDE,TYNE AND WEAR,Standard,Addition,54.9476940000,-1.4348770000
145000,2006-10-04 00:00:00Z,NE36 0SU,Terraced,Established,Freehold,6,,PROSPECT TERRACE,EAST BOLDON,EAST BOLDON,SOUTH TYNESIDE,TYNE AND WEAR,Standard,Addition,54.9443840000,-1.4319890000
201500,2006-03-07 00:00:00Z,NE36 0PA,Detached,Established,Freehold,ROSSENDALE,,BRIDLE PATH,EAST BOLDON,EAST BOLDON,SOUTH TYNESIDE,TYNE AND WEAR,Standard,Addition,54.9451920000,-1.4396890000
110000,2006-12-19 00:00:00Z,NE36 0SU,Terraced,Established,Freehold,7,,PROSPECT TERRACE,EAST BOLDON,EAST BOLDON,SOUTH TYNESIDE,TYNE AND WEAR,Standard,Addition,54.9443840000,-1.4319890000
249000,2006-09-15 00:00:00Z,NE36 0UE,Detached,Established,Freehold,90,,LANGDALE WAY,EAST BOLDON,EAST BOLDON,SOUTH TYNESIDE,TYNE AND WEAR,Standard,Addition,54.9471730000,-1.4386470000
250000,2006-04-04 00:00:00Z,NE36 0DQ,Semi-Detached,Established,Freehold,1,,WEST FARM,EAST BOLDON,EAST BOLDON,SOUTH TYNESIDE,TYNE AND WEAR,Standard,Addition,54.9460440000,-1.4373360000
127000,2006-03-31 00:00:00Z,NE36 0SF,Terraced,Established,Freehold,15,,FRONT STREET,,EAST BOLDON,SOUTH TYNESIDE,TYNE AND WEAR,Standard,Addition,54.9446980000,-1.4319220000
162500,2006-11-16 00:00:00Z,NE36 0TZ,Terraced,Established,Freehold,6,,LILBURN CLOSE,EAST BOLDON,EAST BOLDON,SOUTH TYNESIDE,TYNE AND WEAR,Standard,Addition,54.9477640000,-1.4381390000
337000,2006-04-13 00:00:00Z,NE36 0UQ,Detached,Established,Freehold,16,,BOWNESS CLOSE,EAST BOLDON,EAST BOLDON,SOUTH TYNESIDE,TYNE AND WEAR,Standard,Addition,54.9464400000,-1.4334740000
200000,2006-04-03 00:00:00Z,NE36 0UJ,Semi-Detached,Established,Leasehold,4,,RYDAL CLOSE,EAST BOLDON,EAST BOLDON,SOUTH TYNESIDE,TYNE AND WEAR,Standard,Addition,54.9476940000,-1.4348770000
330000,2006-05-18 00:00:00Z,NE36 0SL,Terraced,Established,Freehold,3,,YELLOW LEAS FARM,EAST BOLDON,EAST BOLDON,SOUTH TYNESIDE,TYNE AND WEAR,Standard,Addition,54.9449060000,-1.4361650000
240000,2006-03-24 00:00:00Z,NE36 0RS,Semi-Detached,Established,Freehold,9,,VICTORIA TERRACE,EAST BOLDON,EAST BOLDON,SOUTH TYNESIDE,TYNE AND WEAR,Standard,Addition,54.9450130000,-1.4379280000
159500,2007-08-10 00:00:00Z,NE36 0TZ,Terraced,Established,Freehold,41,,LILBURN CLOSE,EAST BOLDON,EAST BOLDON,SOUTH TYNESIDE,TYNE AND WEAR,Standard,Addition,54.9477640000,-1.4381390000
330000,2007-07-27 00:00:00Z,NE36 0UG,Detached,Established,Freehold,52,,LANGDALE WAY,EAST BOLDON,EAST BOLDON,SOUTH TYNESIDE,TYNE AND WEAR,Standard,Addition,54.9476330000,-1.4368760000
187000,2007-07-10 00:00:00Z,NE36 0DJ,Terraced,Established,Freehold,21,,NORTH ROAD,EAST BOLDON,EAST BOLDON,SOUTH TYNESIDE,TYNE AND WEAR,Standard,Addition,54.9461580000,-1.4385670000
295000,2007-12-07 00:00:00Z,NE36 0UH,Detached,Established,Freehold,31,,BORROWDALE CLOSE,EAST BOLDON,EAST BOLDON,SOUTH TYNESIDE,TYNE AND WEAR,Standard,Addition,54.9473770000,-1.4328670000
304000,2007-05-25 00:00:00Z,NE36 0UQ,Detached,Established,Leasehold,14,,BOWNESS CLOSE,EAST BOLDON,EAST BOLDON,SOUTH TYNESIDE,TYNE AND WEAR,Standard,Addition,54.9464400000,-1.4334740000
328500,2007-01-26 00:00:00Z,NE36 0SR,Semi-Detached,Established,Freehold,2,,BELLE VUE VILLAS,EAST BOLDON,EAST BOLDON,SOUTH TYNESIDE,TYNE AND WEAR,Standard,Addition,54.9442920000,-1.4336140000
311000,2007-11-30 00:00:00Z,NE36 0PE,Semi-Detached,Established,Freehold,10,,BRIDLE PATH,EAST BOLDON,EAST BOLDON,SOUTH TYNESIDE,TYNE AND WEAR,Standard,Addition,54.9438480000,-1.4388340000
380000,2007-07-04 00:00:00Z,NE36 0UF,Detached,Established,Freehold,77,,LANGDALE WAY,EAST BOLDON,EAST BOLDON,SOUTH TYNESIDE,TYNE AND WEAR,Standard,Addition,54.9466740000,-1.4375300000
140000,2007-12-04 00:00:00Z,NE36 0TZ,Terraced,Established,Freehold,27,,LILBURN CLOSE,EAST BOLDON,EAST BOLDON,SOUTH TYNESIDE,TYNE AND WEAR,Standard,Addition,54.9477640000,-1.4381390000
118000,2007-03-16 00:00:00Z,NE36 0SA,Flats/Maisonettes,Established,Leasehold,107,,FRONT STREET,EAST BOLDON,EAST BOLDON,SOUTH TYNESIDE,TYNE AND WEAR,Standard,Addition,54.9455080000,-1.4379360000
375000,2007-04-02 00:00:00Z,NE36 0UF,Detached,Established,Freehold,75,,LANGDALE WAY,EAST BOLDON,EAST BOLDON,SOUTH TYNESIDE,TYNE AND WEAR,Standard,Addition,54.9466740000,-1.4375300000
355000,2007-04-20 00:00:00Z,NE36 0SQ,Terraced,Established,Freehold,72,,FRONT STREET,,EAST BOLDON,SOUTH TYNESIDE,TYNE AND WEAR,Standard,Addition,54.9455690000,-1.4356880000
162250,2007-08-13 00:00:00Z,NE36 0TZ,Semi-Detached,Established,Freehold,36,,LILBURN CLOSE,EAST BOLDON,EAST BOLDON,SOUTH TYNESIDE,TYNE AND WEAR,Standard,Addition,54.9477640000,-1.4381390000
304000,2007-05-25 00:00:00Z,NE36 0UQ,Detached,Established,Freehold,14,,BOWNESS CLOSE,EAST BOLDON,EAST BOLDON,SOUTH TYNESIDE,TYNE AND WEAR,Standard,Addition,54.9464400000,-1.4334740000
239000,2007-09-12 00:00:00Z,NE36 0DL,Terraced,Established,Freehold,2,,NORTH ROAD,EAST BOLDON,EAST BOLDON,SOUTH TYNESIDE,TYNE AND WEAR,Standard,Addition,54.9457230000,-1.4340150000
335000,2007-08-17 00:00:00Z,NE36 0UG,Detached,Established,Freehold,60,,LANGDALE WAY,EAST BOLDON,EAST BOLDON,SOUTH TYNESIDE,TYNE AND WEAR,Standard,Addition,54.9476330000,-1.4368760000
284950,2007-11-23 00:00:00Z,NE36 0UJ,Detached,Established,Freehold,6,,RYDAL CLOSE,EAST BOLDON,EAST BOLDON,SOUTH TYNESIDE,TYNE AND WEAR,Standard,Addition,54.9476940000,-1.4348770000
175000,2007-01-19 00:00:00Z,NE36 0ST,Terraced,Established,Freehold,3,,THE ORCHARD,EAST BOLDON,EAST BOLDON,SOUTH TYNESIDE,TYNE AND WEAR,Standard,Addition,54.9445690000,-1.4330630000
244000,2007-11-02 00:00:00Z,NE36 0RS,Terraced,Established,Freehold,18,,VICTORIA TERRACE,EAST BOLDON,EAST BOLDON,SOUTH TYNESIDE,TYNE AND WEAR,Standard,Addition,54.9450130000,-1.4379280000
185000,2007-08-31 00:00:00Z,NE36 0UD,Semi-Detached,Established,Freehold,7,,PATTERDALE CLOSE,EAST BOLDON,EAST BOLDON,SOUTH TYNESIDE,TYNE AND WEAR,Standard,Addition,54.9464360000,-1.4345360000
235000,2007-10-29 00:00:00Z,NE36 0UD,Detached,Established,Leasehold,4,,PATTERDALE CLOSE,EAST BOLDON,EAST BOLDON,SOUTH TYNESIDE,TYNE AND WEAR,Standard,Addition,54.9464360000,-1.4345360000
215000,2007-12-07 00:00:00Z,NE36 0DJ,Semi-Detached,Established,Freehold,27,,NORTH ROAD,EAST BOLDON,EAST BOLDON,SOUTH TYNESIDE,TYNE AND WEAR,Standard,Addition,54.9461580000,-1.4385670000
133000,2007-08-03 00:00:00Z,NE36 0SA,Flats/Maisonettes,Established,Freehold,107,,FRONT STREET,EAST BOLDON,EAST BOLDON,SOUTH TYNESIDE,TYNE AND WEAR,Standard,Addition,54.9455080000,-1.4379360000
235000,2007-10-29 00:00:00Z,NE36 0UD,Detached,Established,Freehold,4,,PATTERDALE CLOSE,EAST BOLDON,EAST BOLDON,SOUTH TYNESIDE,TYNE AND WEAR,Standard,Addition,54.9464360000,-1.4345360000
228000,2007-04-12 00:00:00Z,NE36 0UJ,Semi-Detached,Established,Freehold,3,,RYDAL CLOSE,EAST BOLDON,EAST BOLDON,SOUTH TYNESIDE,TYNE AND WEAR,Standard,Addition,54.9476940000,-1.4348770000
167000,2007-10-19 00:00:00Z,NE36 0TZ,Terraced,Established,Freehold,26,,LILBURN CLOSE,EAST BOLDON,EAST BOLDON,SOUTH TYNESIDE,TYNE AND WEAR,Standard,Addition,54.9477640000,-1.4381390000
270000,2007-09-07 00:00:00Z,NE36 0SR,Semi-Detached,Established,Freehold,4,,BELLE VUE VILLAS,EAST BOLDON,EAST BOLDON,SOUTH TYNESIDE,TYNE AND WEAR,Standard,Addition,54.9442920000,-1.4336140000
284000,2007-01-19 00:00:00Z,NE36 0UB,Detached,Established,Leasehold,29,,KENDAL DRIVE,EAST BOLDON,EAST BOLDON,SOUTH TYNESIDE,TYNE AND WEAR,Standard,Addition,54.9471180000,-1.4347610000
375000,2007-07-27 00:00:00Z,NE36 0UF,Detached,Established,Freehold,79,,LANGDALE WAY,EAST BOLDON,EAST BOLDON,SOUTH TYNESIDE,TYNE AND WEAR,Standard,Addition,54.9466740000,-1.4375300000
248500,2007-09-20 00:00:00Z,NE36 0RS,Semi-Detached,Established,Freehold,9,,VICTORIA TERRACE,EAST BOLDON,EAST BOLDON,SOUTH TYNESIDE,TYNE AND WEAR,Standard,Addition,54.9450130000,-1.4379280000
302950,2007-08-03 00:00:00Z,NE36 0SA,Terraced,Established,Freehold,83,,FRONT STREET,EAST BOLDON,EAST BOLDON,SOUTH TYNESIDE,TYNE AND WEAR,Standard,Addition,54.9455080000,-1.4379360000
304000,2007-03-30 00:00:00Z,NE36 0UG,Detached,Established,Freehold,35,,LANGDALE WAY,EAST BOLDON,EAST BOLDON,SOUTH TYNESIDE,TYNE AND WEAR,Standard,Addition,54.9476330000,-1.4368760000
177500,2007-06-29 00:00:00Z,NE36 0SA,Terraced,Established,Freehold,117B,,FRONT STREET,EAST BOLDON,EAST BOLDON,SOUTH TYNESIDE,TYNE AND WEAR,Standard,Addition,54.9455080000,-1.4379360000
235102,2007-03-30 00:00:00Z,NE36 0TA,Detached,Established,Freehold,14,,HIRAM DRIVE,EAST BOLDON,EAST BOLDON,SOUTH TYNESIDE,TYNE AND WEAR,Standard,Addition,54.9429370000,-1.4301050000
249950,2007-08-17 00:00:00Z,NE36 0RS,Terraced,Established,Freehold,7,,VICTORIA TERRACE,EAST BOLDON,EAST BOLDON,SOUTH TYNESIDE,TYNE AND WEAR,Standard,Addition,54.9450130000,-1.4379280000
445000,2007-04-02 00:00:00Z,NE36 0UF,Detached,Established,Freehold,73,,LANGDALE WAY,EAST BOLDON,EAST BOLDON,SOUTH TYNESIDE,TYNE AND WEAR,Standard,Addition,54.9466740000,-1.4375300000
170344,2007-06-29 00:00:00Z,NE36 0DW,Terraced,Established,Freehold,2,,GRANGE TERRACE,EAST BOLDON,EAST BOLDON,SOUTH TYNESIDE,TYNE AND WEAR,Standard,Addition,54.9450720000,-1.4312610000
199950,2007-06-29 00:00:00Z,NE36 0SH,Terraced,Established,Freehold,42,,FRONT STREET,EAST BOLDON,EAST BOLDON,SOUTH TYNESIDE,TYNE AND WEAR,Standard,Addition,54.9453830000,-1.4343320000
157250,2007-09-27 00:00:00Z,NE36 0TZ,Terraced,Established,Freehold,38,,LILBURN CLOSE,EAST BOLDON,EAST BOLDON,SOUTH TYNESIDE,TYNE AND WEAR,Standard,Addition,54.9477640000,-1.4381390000
177500,2008-05-30 00:00:00Z,NE36 0TZ,Semi-Detached,Established,Freehold,23,,LILBURN CLOSE,EAST BOLDON,EAST BOLDON,SOUTH TYNESIDE,TYNE AND WEAR,Standard,Addition,54.9477640000,-1.4381390000
135000,2008-12-19 00:00:00Z,NE36 0SA,Terraced,Established,Freehold,117B,,FRONT STREET,EAST BOLDON,EAST BOLDON,SOUTH TYNESIDE,TYNE AND WEAR,Standard,Addition,54.9455080000,-1.4379360000
236000,2008-01-25 00:00:00Z,NE36 0UE,Detached,Established,Freehold,102,,LANGDALE WAY,EAST BOLDON,EAST BOLDON,SOUTH TYNESIDE,TYNE AND WEAR,Standard,Addition,54.9471730000,-1.4386470000
287500,2008-07-31 00:00:00Z,NE36 0UF,Detached,Established,Freehold,74,,LANGDALE WAY,EAST BOLDON,EAST BOLDON,SOUTH TYNESIDE,TYNE AND WEAR,Standard,Addition,54.9466740000,-1.4375300000
295000,2008-03-18 00:00:00Z,NE36 0SN,Flats/Maisonettes,Established,Leasehold,2,,FRONT STREET,EAST BOLDON,EAST BOLDON,SOUTH TYNESIDE,TYNE AND WEAR,Standard,Addition,54.9450850000,-1.4319630000
282000,2008-09-19 00:00:00Z,NE36 0UB,Detached,Established,Leasehold,15,,KENDAL DRIVE,EAST BOLDON,EAST BOLDON,SOUTH TYNESIDE,TYNE AND WEAR,Standard,Addition,54.9471180000,-1.4347610000
230000,2008-03-25 00:00:00Z,NE36 0UG,Semi-Detached,Established,Freehold,30,,LANGDALE WAY,EAST BOLDON,EAST BOLDON,SOUTH TYNESIDE,TYNE AND WEAR,Standard,Addition,54.9476330000,-1.4368760000
295000,2008-02-22 00:00:00Z,NE36 0PA,Detached,Established,Freehold,HOLMLANDS,,BRIDLE PATH,EAST BOLDON,EAST BOLDON,SOUTH TYNESIDE,TYNE AND WEAR,Standard,Addition,54.9451920000,-1.4396890000
153000,2008-09-24 00:00:00Z,NE36 0TZ,Terraced,Established,Freehold,27,,LILBURN CLOSE,EAST BOLDON,EAST BOLDON,SOUTH TYNESIDE,TYNE AND WEAR,Standard,Addition,54.9477640000,-1.4381390000
375000,2008-04-24 00:00:00Z,NE36 0UQ,Detached,Established,Freehold,16,,BOWNESS CLOSE,EAST BOLDON,EAST BOLDON,SOUTH TYNESIDE,TYNE AND WEAR,Standard,Addition,54.9464400000,-1.4334740000
60000,2008-03-28 00:00:00Z,NE36 0SN,Terraced,Established,Freehold,2,,FRONT STREET,EAST BOLDON,EAST BOLDON,SOUTH TYNESIDE,TYNE AND WEAR,Standard,Addition,54.9450850000,-1.4319630000
280000,2008-03-18 00:00:00Z,NE36 0UQ,Detached,Established,Leasehold,9,,BOWNESS CLOSE,EAST BOLDON,EAST BOLDON,SOUTH TYNESIDE,TYNE AND WEAR,Standard,Addition,54.9464400000,-1.4334740000
160000,2008-08-01 00:00:00Z,NE36 0SG,Semi-Detached,Established,Freehold,86,,FRONT STREET,EAST BOLDON,EAST BOLDON,SOUTH TYNESIDE,TYNE AND WEAR,Standard,Addition,54.9458040000,-1.4377760000
170000,2009-06-02 00:00:00Z,NE36 0UF,Detached,Established,Freehold,64,,LANGDALE WAY,,EAST BOLDON,SOUTH TYNESIDE,TYNE AND WEAR,Standard,Addition,54.9466740000,-1.4375300000
94000,2009-06-12 00:00:00Z,NE36 0SA,Flats/Maisonettes,Established,Leasehold,103,,FRONT STREET,,EAST BOLDON,SOUTH TYNESIDE,TYNE AND WEAR,Standard,Addition,54.9455080000,-1.4379360000
174999,2009-04-23 00:00:00Z,NE36 0ST,Terraced,Established,Freehold,5,,THE ORCHARD,,EAST BOLDON,SOUTH TYNESIDE,TYNE AND WEAR,Standard,Addition,54.9445690000,-1.4330630000
155000,2009-12-18 00:00:00Z,NE36 0SE,Terraced,Established,Freehold,45,,FRONT STREET,,EAST BOLDON,SOUTH TYNESIDE,TYNE AND WEAR,Standard,Addition,54.9449280000,-1.4332280000
160000,2009-11-12 00:00:00Z,NE36 0TZ,Terraced,Established,Freehold,39,,LILBURN CLOSE,,EAST BOLDON,SOUTH TYNESIDE,TYNE AND WEAR,Standard,Addition,54.9477640000,-1.4381390000
135000,2009-09-15 00:00:00Z,NE36 0SN,Terraced,Established,Freehold,6,,FRONT STREET,,EAST BOLDON,SOUTH TYNESIDE,TYNE AND WEAR,Standard,Addition,54.9450850000,-1.4319630000
300000,2009-12-09 00:00:00Z,NE36 0RS,Terraced,Established,Freehold,5,,VICTORIA TERRACE,,EAST BOLDON,SOUTH TYNESIDE,TYNE AND WEAR,Standard,Addition,54.9450130000,-1.4379280000
165000,2009-11-20 00:00:00Z,NE36 0SF,Terraced,Established,Freehold,15,,FRONT STREET,,EAST BOLDON,SOUTH TYNESIDE,TYNE AND WEAR,Standard,Addition,54.9446980000,-1.4319220000
175000,2009-07-28 00:00:00Z,NE36 0DJ,Terraced,Established,Freehold,21,,NORTH ROAD,,EAST BOLDON,SOUTH TYNESIDE,TYNE AND WEAR,Standard,Addition,54.9461580000,-1.4385670000
87500,2009-09-11 00:00:00Z,NE36 0SH,Flats/Maisonettes,Established,Leasehold,56,,FRONT STREET,,EAST BOLDON,SOUTH TYNESIDE,TYNE AND WEAR,Standard,Addition,54.9453830000,-1.4343320000
425000,2009-08-19 00:00:00Z,NE36 0SL,Detached,Established,Freehold,7,,YELLOW LEAS FARM,,EAST BOLDON,SOUTH TYNESIDE,TYNE AND WEAR,Standard,Addition,54.9449060000,-1.4361650000
130000,2010-10-22 00:00:00Z,NE36 0SN,Flats/Maisonettes,Established,Leasehold,22,,FRONT STREET,,EAST BOLDON,SOUTH TYNESIDE,TYNE AND WEAR,Standard,Addition,54.9450850000,-1.4319630000
220000,2010-10-28 00:00:00Z,NE36 0UG,Detached,Established,Freehold,62,,LANGDALE WAY,,EAST BOLDON,SOUTH TYNESIDE,TYNE AND WEAR,Standard,Addition,54.9476330000,-1.4368760000
268000,2010-05-07 00:00:00Z,NE36 0TA,Semi-Detached,Established,Freehold,3,,HIRAM DRIVE,,EAST BOLDON,SOUTH TYNESIDE,TYNE AND WEAR,Standard,Addition,54.9429370000,-1.4301050000
227000,2010-02-19 00:00:00Z,NE36 0RS,Terraced,Established,Freehold,18,,VICTORIA TERRACE,,EAST BOLDON,SOUTH TYNESIDE,TYNE AND WEAR,Standard,Addition,54.9450130000,-1.4379280000
140000,2010-06-15 00:00:00Z,NE36 0TZ,Terraced,Established,Freehold,44,,LILBURN CLOSE,,EAST BOLDON,SOUTH TYNESIDE,TYNE AND WEAR,Standard,Addition,54.9477640000,-1.4381390000
239950,2010-05-07 00:00:00Z,NE36 0UF,Detached,Established,Freehold,82,,LANGDALE WAY,,EAST BOLDON,SOUTH TYNESIDE,TYNE AND WEAR,Standard,Addition,54.9466740000,-1.4375300000
145000,2010-09-17 00:00:00Z,NE36 0TZ,Semi-Detached,Established,Freehold,17,,LILBURN CLOSE,,EAST BOLDON,SOUTH TYNESIDE,TYNE AND WEAR,Standard,Addition,54.9477640000,-1.4381390000
188500,2010-07-09 00:00:00Z,NE36 0UG,Semi-Detached,Established,Freehold,28,,LANGDALE WAY,,EAST BOLDON,SOUTH TYNESIDE,TYNE AND WEAR,Standard,Addition,54.9476330000,-1.4368760000
180000,2010-05-07 00:00:00Z,NE36 0DJ,Detached,Established,Freehold,THE BUNGALOW,,NORTH ROAD,,EAST BOLDON,SOUTH TYNESIDE,TYNE AND WEAR,Standard,Addition,54.9461580000,-1.4385670000
275000,2010-03-29 00:00:00Z,NE36 0SH,Terraced,Established,Freehold,30,,FRONT STREET,,EAST BOLDON,SOUTH TYNESIDE,TYNE AND WEAR,Standard,Addition,54.9453830000,-1.4343320000
112500,2010-06-18 00:00:00Z,NE36 0SF,Flats/Maisonettes,Established,Leasehold,5,,FRONT STREET,,EAST BOLDON,SOUTH TYNESIDE,TYNE AND WEAR,Standard,Addition,54.9446980000,-1.4319220000
285000,2010-11-03 00:00:00Z,NE36 0UG,Detached,Established,Freehold,58,,LANGDALE WAY,,EAST BOLDON,SOUTH TYNESIDE,TYNE AND WEAR,Standard,Addition,54.9476330000,-1.4368760000
267500,2010-09-17 00:00:00Z,NE36 0UB,Detached,Established,Leasehold,14,,KENDAL DRIVE,,EAST BOLDON,SOUTH TYNESIDE,TYNE AND WEAR,Standard,Addition,54.9471180000,-1.4347610000
105000,2010-04-16 00:00:00Z,NE36 0DW,Flats/Maisonettes,Established,Freehold,3,,GRANGE TERRACE,,EAST BOLDON,SOUTH TYNESIDE,TYNE AND WEAR,Standard,Addition,54.9450720000,-1.4312610000
140000,2010-02-19 00:00:00Z,NE36 0SF,Terraced,Established,Freehold,27,,FRONT STREET,,EAST BOLDON,SOUTH TYNESIDE,TYNE AND WEAR,Standard,Addition,54.9446980000,-1.4319220000
163000,2011-12-19 00:00:00Z,NE36 0TZ,Semi-Detached,Established,Freehold,8,,LILBURN CLOSE,,EAST BOLDON,SOUTH TYNESIDE,TYNE AND WEAR,Standard,Addition,54.9477640000,-1.4381390000
240000,2011-11-03 00:00:00Z,NE36 0SH,Terraced,Established,Freehold,44 - 46,,FRONT STREET,,EAST BOLDON,SOUTH TYNESIDE,TYNE AND WEAR,Standard,Addition,54.9453830000,-1.4343320000
225000,2011-02-28 00:00:00Z,NE36 0DQ,Semi-Detached,Established,Freehold,4,,WEST FARM,,EAST BOLDON,SOUTH TYNESIDE,TYNE AND WEAR,Standard,Addition,54.9460440000,-1.4373360000
303000,2011-03-11 00:00:00Z,NE36 0UF,Detached,Established,Freehold,78,,LANGDALE WAY,,EAST BOLDON,SOUTH TYNESIDE,TYNE AND WEAR,Standard,Addition,54.9466740000,-1.4375300000
200000,2011-04-15 00:00:00Z,NE36 0UJ,Semi-Detached,Established,Leasehold,4,,RYDAL CLOSE,,EAST BOLDON,SOUTH TYNESIDE,TYNE AND WEAR,Standard,Addition,54.9476940000,-1.4348770000
105000,2011-11-30 00:00:00Z,NE36 0SA,Flats/Maisonettes,Established,Leasehold,111,,FRONT STREET,,EAST BOLDON,SOUTH TYNESIDE,TYNE AND WEAR,Standard,Addition,54.9455080000,-1.4379360000
200000,2011-06-17 00:00:00Z,NE36 0NX,Semi-Detached,Established,Freehold,1,,LYNDON DRIVE,,EAST BOLDON,SOUTH TYNESIDE,TYNE AND WEAR,Standard,Addition,54.9448690000,-1.4398190000
212000,2011-12-22 00:00:00Z,NE36 0PE,Semi-Detached,Established,Freehold,ST CLAIR,,BRIDLE PATH,,EAST BOLDON,SOUTH TYNESIDE,TYNE AND WEAR,Standard,Addition,54.9438480000,-1.4388340000
365000,2011-10-21 00:00:00Z,NE36 0UF,Detached,Established,Freehold,71,,LANGDALE WAY,,EAST BOLDON,SOUTH TYNESIDE,TYNE AND WEAR,Standard,Addition,54.9466740000,-1.4375300000
145000,2011-03-25 00:00:00Z,NE36 0SG,Terraced,Established,Freehold,88,,FRONT STREET,,EAST BOLDON,SOUTH TYNESIDE,TYNE AND WEAR,Standard,Addition,54.9458040000,-1.4377760000
134000,2011-04-08 00:00:00Z,NE36 0TZ,Terraced,Established,Freehold,31,,LILBURN CLOSE,,EAST BOLDON,SOUTH TYNESIDE,TYNE AND WEAR,Standard,Addition,54.9477640000,-1.4381390000
392500,2011-11-04 00:00:00Z,NE36 0PF,Semi-Detached,Established,Freehold,SANDALWOOD,,BRIDLE PATH,,EAST BOLDON,SOUTH TYNESIDE,TYNE AND WEAR,Standard,Addition,54.9428630000,-1.4393470000
210000,2011-04-28 00:00:00Z,NE36 0SQ,Terraced,Established,Freehold,74,,FRONT STREET,,EAST BOLDON,SOUTH TYNESIDE,TYNE AND WEAR,Standard,Addition,54.9455690000,-1.4356880000
90000,2012-02-29 00:00:00Z,NE36 0SH,Flats/Maisonettes,Established,Leasehold,56,,FRONT STREET,,EAST BOLDON,SOUTH TYNESIDE,TYNE AND WEAR,Standard,Addition,54.9453830000,-1.4343320000
115000,2012-12-07 00:00:00Z,NE36 0TZ,Terraced,Established,Freehold,65,,LILBURN CLOSE,,EAST BOLDON,SOUTH TYNESIDE,TYNE AND WEAR,Standard,Addition,54.9477640000,-1.4381390000
210000,2012-12-03 00:00:00Z,NE36 0UE,Detached,Established,Freehold,106,,LANGDALE WAY,,EAST BOLDON,SOUTH TYNESIDE,TYNE AND WEAR,Standard,Addition,54.9471730000,-1.4386470000
312000,2012-08-10 00:00:00Z,NE36 0UH,Detached,Established,Freehold,21,,BORROWDALE CLOSE,,EAST BOLDON,SOUTH TYNESIDE,TYNE AND WEAR,Standard,Addition,54.9473770000,-1.4328670000
249950,2012-12-17 00:00:00Z,NE36 0UH,Detached,Established,Freehold,7,,BORROWDALE CLOSE,,EAST BOLDON,SOUTH TYNESIDE,TYNE AND WEAR,Standard,Addition,54.9473770000,-1.4328670000
199950,2012-02-10 00:00:00Z,NE36 0RS,Terraced,Established,Freehold,2,,VICTORIA TERRACE,,EAST BOLDON,SOUTH TYNESIDE,TYNE AND WEAR,Standard,Addition,54.9450130000,-1.4379280000
110000,2012-09-18 00:00:00Z,NE36 0TZ,Terraced,Established,Freehold,58,,LILBURN CLOSE,,EAST BOLDON,SOUTH TYNESIDE,TYNE AND WEAR,Standard,Addition,54.9477640000,-1.4381390000
175000,2012-05-24 00:00:00Z,NE36 0UH,Semi-Detached,Established,Leasehold,17,,BORROWDALE CLOSE,,EAST BOLDON,SOUTH TYNESIDE,TYNE AND WEAR,Standard,Addition,54.9473770000,-1.4328670000
140000,2012-09-21 00:00:00Z,NE36 0TZ,Terraced,Established,Freehold,53,,LILBURN CLOSE,,EAST BOLDON,SOUTH TYNESIDE,TYNE AND WEAR,Standard,Addition,54.9477640000,-1.4381390000
200000,2012-09-18 00:00:00Z,NE36 0UG,Semi-Detached,Established,Freehold,32,,LANGDALE WAY,,EAST BOLDON,SOUTH TYNESIDE,TYNE AND WEAR,Standard,Addition,54.9476330000,-1.4368760000
123500,2012-01-27 00:00:00Z,NE36 0TZ,Terraced,Established,Freehold,10,,LILBURN CLOSE,,EAST BOLDON,SOUTH TYNESIDE,TYNE AND WEAR,Standard,Addition,54.9477640000,-1.4381390000
165000,2012-11-30 00:00:00Z,NE36 0TZ,Terraced,Established,Freehold,7,,LILBURN CLOSE,,EAST BOLDON,SOUTH TYNESIDE,TYNE AND WEAR,Standard,Addition,54.9477640000,-1.4381390000
245000,2012-05-04 00:00:00Z,NE36 0UD,Detached,Established,Freehold,11,,PATTERDALE CLOSE,,EAST BOLDON,SOUTH TYNESIDE,TYNE AND WEAR,Standard,Addition,54.9464360000,-1.4345360000
128000,2012-11-23 00:00:00Z,NE36 0TZ,Terraced,Established,Freehold,43,,LILBURN CLOSE,,EAST BOLDON,SOUTH TYNESIDE,TYNE AND WEAR,Standard,Addition,54.9477640000,-1.4381390000
230000,2012-03-23 00:00:00Z,NE36 0SR,Semi-Detached,Established,Freehold,9,,BELLE VUE VILLAS,,EAST BOLDON,SOUTH TYNESIDE,TYNE AND WEAR,Standard,Addition,54.9442920000,-1.4336140000
125000,2013-11-08 00:00:00Z,NE36 0TZ,Terraced,Established,Freehold,43,,LILBURN CLOSE,,EAST BOLDON,SOUTH TYNESIDE,TYNE AND WEAR,Standard,Addition,54.9477640000,-1.4381390000
356250,2013-03-22 00:00:00Z,NE36 0PE,Semi-Detached,Established,Freehold,7,,BRIDLE PATH,,EAST BOLDON,SOUTH TYNESIDE,TYNE AND WEAR,Standard,Addition,54.9438480000,-1.4388340000
235000,2013-01-04 00:00:00Z,NE36 0UH,Detached,Established,Leasehold,11,,BORROWDALE CLOSE,,EAST BOLDON,SOUTH TYNESIDE,TYNE AND WEAR,Standard,Addition,54.9473770000,-1.4328670000
235300,2013-08-23 00:00:00Z,NE36 0UH,Detached,Established,Leasehold,2,,BORROWDALE CLOSE,,EAST BOLDON,SOUTH TYNESIDE,TYNE AND WEAR,Standard,Addition,54.9473770000,-1.4328670000
284000,2013-12-13 00:00:00Z,NE36 0UB,Detached,Established,Leasehold,5,,KENDAL DRIVE,,EAST BOLDON,SOUTH TYNESIDE,TYNE AND WEAR,Standard,Addition,54.9471180000,-1.4347610000
191000,2013-01-11 00:00:00Z,NE36 0SE,Terraced,Established,Freehold,43,,FRONT STREET,,EAST BOLDON,SOUTH TYNESIDE,TYNE AND WEAR,Standard,Addition,54.9449280000,-1.4332280000
240000,2013-06-28 00:00:00Z,NE36 0UQ,Detached,Established,Leasehold,7,,BOWNESS CLOSE,,EAST BOLDON,SOUTH TYNESIDE,TYNE AND WEAR,Standard,Addition,54.9464400000,-1.4334740000
282000,2013-12-04 00:00:00Z,NE36 0RS,Terraced,Established,Freehold,7,,VICTORIA TERRACE,,EAST BOLDON,SOUTH TYNESIDE,TYNE AND WEAR,Standard,Addition,54.9450130000,-1.4379280000
167000,2013-09-05 00:00:00Z,NE36 0ST,Terraced,Established,Leasehold,2,,THE ORCHARD,,EAST BOLDON,SOUTH TYNESIDE,TYNE AND WEAR,Standard,Addition,54.9445690000,-1.4330630000
300000,2013-03-05 00:00:00Z,NE36 0DW,Terraced,Established,Freehold,6,,GRANGE TERRACE,,EAST BOLDON,SOUTH TYNESIDE,TYNE AND WEAR,Standard,Addition,54.9450720000,-1.4312610000
240000,2013-06-21 00:00:00Z,NE36 0SA,Terraced,Established,Freehold,83,,FRONT STREET,,EAST BOLDON,SOUTH TYNESIDE,TYNE AND WEAR,Standard,Addition,54.9455080000,-1.4379360000
124950,2013-12-20 00:00:00Z,NE36 0SN,Flats/Maisonettes,Established,Leasehold,22,,FRONT STREET,,EAST BOLDON,SOUTH TYNESIDE,TYNE AND WEAR,Standard,Addition,54.9450850000,-1.4319630000
355000,2013-12-17 00:00:00Z,NE36 0SL,Terraced,Established,Freehold,6,,YELLOW LEAS FARM,,EAST BOLDON,SOUTH TYNESIDE,TYNE AND WEAR,Standard,Addition,54.9449060000,-1.4361650000
235000,2013-09-27 00:00:00Z,NE36 0SQ,Semi-Detached,Established,Freehold,64,,FRONT STREET,,EAST BOLDON,SOUTH TYNESIDE,TYNE AND WEAR,Standard,Addition,54.9455690000,-1.4356880000
205000,2013-03-28 00:00:00Z,NE36 0PE,Semi-Detached,Established,Freehold,WEST MILL,,BRIDLE PATH,,EAST BOLDON,SOUTH TYNESIDE,TYNE AND WEAR,Standard,Addition,54.9438480000,-1.4388340000
420000,2013-03-22 00:00:00Z,NE36 0PE,Detached,Established,Freehold,18,,BRIDLE PATH,,EAST BOLDON,SOUTH TYNESIDE,TYNE AND WEAR,Standard,Addition,54.9438480000,-1.4388340000
249999,2013-05-10 00:00:00Z,NE36 0RS,Terraced,Established,Freehold,17,,VICTORIA TERRACE,,EAST BOLDON,SOUTH TYNESIDE,TYNE AND WEAR,Standard,Addition,54.9450130000,-1.4379280000
203500,2013-05-24 00:00:00Z,NE36 0UG,Semi-Detached,Established,Freehold,28,,LANGDALE WAY,,EAST BOLDON,SOUTH TYNESIDE,TYNE AND WEAR,Standard,Addition,54.9476330000,-1.4368760000
300000,2013-06-28 00:00:00Z,NE36 0UG,Detached,Established,Freehold,37,,LANGDALE WAY,,EAST BOLDON,SOUTH TYNESIDE,TYNE AND WEAR,Standard,Addition,54.9476330000,-1.4368760000
226000,2013-09-12 00:00:00Z,NE36 0SP,Detached,Established,Freehold,THE PINFOLD,,SOUTH LANE,,EAST BOLDON,SOUTH TYNESIDE,TYNE AND WEAR,Standard,Addition,54.9440150000,-1.4318690000
167500,2013-12-04 00:00:00Z,NE36 0UH,Terraced,Established,Leasehold,20,,BORROWDALE CLOSE,,EAST BOLDON,SOUTH TYNESIDE,TYNE AND WEAR,Standard,Addition,54.9473770000,-1.4328670000
185000,2013-03-25 00:00:00Z,NE36 0UE,Detached,Established,Freehold,93,,LANGDALE WAY,,EAST BOLDON,SOUTH TYNESIDE,TYNE AND WEAR,Standard,Addition,54.9471730000,-1.4386470000
95000,2013-01-18 00:00:00Z,NE36 0SU,Terraced,Established,Freehold,2,,PROSPECT TERRACE,,EAST BOLDON,SOUTH TYNESIDE,TYNE AND WEAR,Standard,Addition,54.9443840000,-1.4319890000
290000,2013-03-01 00:00:00Z,NE36 0TA,Semi-Detached,Established,Freehold,7,,HIRAM DRIVE,,EAST BOLDON,SOUTH TYNESIDE,TYNE AND WEAR,Standard,Addition,54.9429370000,-1.4301050000
219000,2013-07-19 00:00:00Z,NE36 0UQ,Detached,Established,Leasehold,21,,BOWNESS CLOSE,,EAST BOLDON,SOUTH TYNESIDE,TYNE AND WEAR,Standard,Addition,54.9464400000,-1.4334740000
165000,2014-09-05 00:00:00Z,NE36 0SF,Terraced,Established,Freehold,15,,FRONT STREET,,EAST BOLDON,SOUTH TYNESIDE,TYNE AND WEAR,Standard,Addition,54.9446980000,-1.4319220000
275000,2014-09-05 00:00:00Z,NE36 0RS,Terraced,Established,Freehold,3,,VICTORIA TERRACE,,EAST BOLDON,SOUTH TYNESIDE,TYNE AND WEAR,Standard,Addition,54.9450130000,-1.4379280000
189950,2014-08-26 00:00:00Z,NE36 0SL,Terraced,Established,Freehold,4,,YELLOW LEAS FARM,,EAST BOLDON,SOUTH TYNESIDE,TYNE AND WEAR,Standard,Addition,54.9449060000,-1.4361650000
320000,2014-10-07 00:00:00Z,NE36 0PE,Semi-Detached,Established,Freehold,9,,BRIDLE PATH,,EAST BOLDON,SOUTH TYNESIDE,TYNE AND WEAR,Standard,Addition,54.9438480000,-1.4388340000
205000,2014-10-27 00:00:00Z,NE36 0PE,Semi-Detached,Established,Freehold,LYNHOLME,,BRIDLE PATH,,EAST BOLDON,SOUTH TYNESIDE,TYNE AND WEAR,Standard,Addition,54.9438480000,-1.4388340000
183000,2014-10-28 00:00:00Z,NE36 0SR,Semi-Detached,Established,Freehold,3,,BELLE VUE VILLAS,,EAST BOLDON,SOUTH TYNESIDE,TYNE AND WEAR,Standard,Addition,54.9442920000,-1.4336140000
235000,2014-04-15 00:00:00Z,NE36 0RS,Terraced,Established,Freehold,4,,VICTORIA TERRACE,,EAST BOLDON,SOUTH TYNESIDE,TYNE AND WEAR,Standard,Addition,54.9450130000,-1.4379280000
120000,2014-10-09 00:00:00Z,NE36 0SJ,Terraced,Established,Freehold,UNIT 3,,FRONT STREET,,EAST BOLDON,SOUTH TYNESIDE,TYNE AND WEAR,Standard,Addition,54.9451690000,-1.4329590000
420000,2014-10-17 00:00:00Z,NE36 0ST,Detached,Established,Freehold,12,,THE ORCHARD,,EAST BOLDON,SOUTH TYNESIDE,TYNE AND WEAR,Standard,Addition,54.9445690000,-1.4330630000
245000,2014-08-08 00:00:00Z,NE36 0UQ,Detached,Established,Freehold,18,,BOWNESS CLOSE,,EAST BOLDON,SOUTH TYNESIDE,TYNE AND WEAR,Standard,Addition,54.9464400000,-1.4334740000
145000,2014-11-07 00:00:00Z,NE36 0TZ,Terraced,Established,Freehold,33,,LILBURN CLOSE,,EAST BOLDON,SOUTH TYNESIDE,TYNE AND WEAR,Standard,Addition,54.9477640000,-1.4381390000
152500,2014-11-17 00:00:00Z,NE36 0TZ,Terraced,Established,Freehold,28,,LILBURN CLOSE,,EAST BOLDON,SOUTH TYNESIDE,TYNE AND WEAR,Standard,Addition,54.9477640000,-1.4381390000
149000,2014-03-24 00:00:00Z,NE36 0SF,Terraced,Established,Freehold,19,,FRONT STREET,,EAST BOLDON,SOUTH TYNESIDE,TYNE AND WEAR,Standard,Addition,54.9446980000,-1.4319220000
332500,2014-08-29 00:00:00Z,NE36 0UD,Detached,Established,Freehold,10,,PATTERDALE CLOSE,,EAST BOLDON,SOUTH TYNESIDE,TYNE AND WEAR,Standard,Addition,54.9464360000,-1.4345360000
156000,2014-05-15 00:00:00Z,NE36 0TZ,Terraced,Established,Freehold,45,,LILBURN CLOSE,,EAST BOLDON,SOUTH TYNESIDE,TYNE AND WEAR,Standard,Addition,54.9477640000,-1.4381390000
249999,2014-08-06 00:00:00Z,NE36 0DL,Terraced,Established,Freehold,2,,NORTH ROAD,,EAST BOLDON,SOUTH TYNESIDE,TYNE AND WEAR,Standard,Addition,54.9457230000,-1.4340150000
425000,2014-09-30 00:00:00Z,NE36 0UF,Detached,Established,Freehold,77,,LANGDALE WAY,,EAST BOLDON,SOUTH TYNESIDE,TYNE AND WEAR,Standard,Addition,54.9466740000,-1.4375300000
190000,2014-08-08 00:00:00Z,NE36 0SF,Terraced,Established,Freehold,9,,FRONT STREET,,EAST BOLDON,SOUTH TYNESIDE,TYNE AND WEAR,Standard,Addition,54.9446980000,-1.4319220000
320000,2014-11-27 00:00:00Z,NE36 0UQ,Detached,Established,Leasehold,1,,BOWNESS CLOSE,,EAST BOLDON,SOUTH TYNESIDE,TYNE AND WEAR,Standard,Addition,54.9464400000,-1.4334740000
185000,2015-03-16 00:00:00Z,NE36 0TZ,Semi-Detached,Established,Freehold,23,,LILBURN CLOSE,,EAST BOLDON,SOUTH TYNESIDE,TYNE AND WEAR,Standard,Addition,54.9477640000,-1.4381390000
315000,2015-10-19 00:00:00Z,NE36 0UE,Detached,Established,Freehold,91,,LANGDALE WAY,,EAST BOLDON,SOUTH TYNESIDE,TYNE AND WEAR,Standard,Addition,54.9471730000,-1.4386470000
400000,2015-10-12 00:00:00Z,NE36 0TA,Detached,Established,Freehold,10,,HIRAM DRIVE,,EAST BOLDON,SOUTH TYNESIDE,TYNE AND WEAR,Standard,Addition,54.9429370000,-1.4301050000
179950,2015-03-12 00:00:00Z,NE36 0ST,Terraced,Established,Leasehold,1,,THE ORCHARD,,EAST BOLDON,SOUTH TYNESIDE,TYNE AND WEAR,Standard,Addition,54.9445690000,-1.4330630000
249990,2015-11-20 00:00:00Z,NE36 0SG,Flats/Maisonettes,Established,Freehold,102,,FRONT STREET,,EAST BOLDON,SOUTH TYNESIDE,TYNE AND WEAR,Standard,Addition,54.9458040000,-1.4377760000
157000,2015-05-15 00:00:00Z,NE36 0UH,Semi-Detached,Established,Leasehold,4,,BORROWDALE CLOSE,,EAST BOLDON,SOUTH TYNESIDE,TYNE AND WEAR,Standard,Addition,54.9473770000,-1.4328670000
305000,2015-08-07 00:00:00Z,NE36 0RS,Terraced,Established,Freehold,1,,VICTORIA TERRACE,,EAST BOLDON,SOUTH TYNESIDE,TYNE AND WEAR,Standard,Addition,54.9450130000,-1.4379280000
315000,2015-05-22 00:00:00Z,NE36 0UF,Detached,Established,Freehold,70,,LANGDALE WAY,,EAST BOLDON,SOUTH TYNESIDE,TYNE AND WEAR,Standard,Addition,54.9466740000,-1.4375300000
270000,2015-02-12 00:00:00Z,NE36 0RS,Terraced,Established,Freehold,10,,VICTORIA TERRACE,,EAST BOLDON,SOUTH TYNESIDE,TYNE AND WEAR,Standard,Addition,54.9450130000,-1.4379280000
299000,2015-12-08 00:00:00Z,NE36 0TA,Detached,Established,Freehold,8,,HIRAM DRIVE,,EAST BOLDON,SOUTH TYNESIDE,TYNE AND WEAR,Standard,Addition,54.9429370000,-1.4301050000
131000,2015-11-24 00:00:00Z,NE36 0TZ,Terraced,Established,Freehold,4,,LILBURN CLOSE,,EAST BOLDON,SOUTH TYNESIDE,TYNE AND WEAR,Standard,Addition,54.9477640000,-1.4381390000
135000,2015-12-18 00:00:00Z,NE36 0TZ,Terraced,Established,Freehold,58,,LILBURN CLOSE,,EAST BOLDON,SOUTH TYNESIDE,TYNE AND WEAR,Standard,Addition,54.9477640000,-1.4381390000
295000,2015-05-15 00:00:00Z,NE36 0UB,Detached,Established,Freehold,27,,KENDAL DRIVE,,EAST BOLDON,SOUTH TYNESIDE,TYNE AND WEAR,Standard,Addition,54.9471180000,-1.4347610000
229950,2015-06-16 00:00:00Z,NE36 0DL,Terraced,Established,Freehold,7,,NORTH ROAD,,EAST BOLDON,SOUTH TYNESIDE,TYNE AND WEAR,Additional,Addition,54.9457230000,-1.4340150000
145000,2015-03-25 00:00:00Z,NE36 0TZ,Semi-Detached,Established,Freehold,24,,LILBURN CLOSE,,EAST BOLDON,SOUTH TYNESIDE,TYNE AND WEAR,Standard,Addition,54.9477640000,-1.4381390000
216500,2015-08-28 00:00:00Z,NE36 0SG,Detached,Established,Freehold,114,,FRONT STREET,,EAST BOLDON,SOUTH TYNESIDE,TYNE AND WEAR,Standard,Addition,54.9458040000,-1.4377760000
135000,2016-02-19 00:00:00Z,NE36 0TZ,Terraced,Established,Freehold,28,,LILBURN CLOSE,,EAST BOLDON,SOUTH TYNESIDE,TYNE AND WEAR,Standard,Addition,54.9477640000,-1.4381390000
188000,2016-02-12 00:00:00Z,NE36 0SS,Semi-Detached,Established,Freehold,1,,SOUTH LANE,,EAST BOLDON,SOUTH TYNESIDE,TYNE AND WEAR,Standard,Addition,54.9446550000,-1.4342640000
250000,2016-10-28 00:00:00Z,NE36 0PA,Terraced,Established,Freehold,GABLE COTTAGE,,BRIDLE PATH,,EAST BOLDON,SOUTH TYNESIDE,TYNE AND WEAR,Standard,Addition,54.9451920000,-1.4396890000
245000,2016-11-04 00:00:00Z,NE36 0UE,Detached,Established,Freehold,87,,LANGDALE WAY,,EAST BOLDON,SOUTH TYNESIDE,TYNE AND WEAR,Standard,Addition,54.9471730000,-1.4386470000
130000,2016-11-04 00:00:00Z,NE36 0TZ,Terraced,Established,Freehold,30,,LILBURN CLOSE,,EAST BOLDON,SOUTH TYNESIDE,TYNE AND WEAR,Standard,Addition,54.9477640000,-1.4381390000
192000,2016-07-22 00:00:00Z,NE36 0UH,Semi-Detached,Established,Leasehold,17,,BORROWDALE CLOSE,,EAST BOLDON,SOUTH TYNESIDE,TYNE AND WEAR,Standard,Addition,54.9473770000,-1.4328670000
178000,2016-07-29 00:00:00Z,NE36 0ST,Terraced,Established,Freehold,3,,THE ORCHARD,,EAST BOLDON,SOUTH TYNESIDE,TYNE AND WEAR,Standard,Addition,54.9445690000,-1.4330630000
249999,2016-07-08 00:00:00Z,NE36 0PE,Semi-Detached,Established,Freehold,WEST MILL,,BRIDLE PATH,,EAST BOLDON,SOUTH TYNESIDE,TYNE AND WEAR,Standard,Addition,54.9438480000,-1.4388340000
575000,2016-03-24 00:00:00Z,NE36 0PA,Detached,Established,Freehold,VANBURGH HOUSE,,BRIDLE PATH,,EAST BOLDON,SOUTH TYNESIDE,TYNE AND WEAR,Standard,Addition,54.9451920000,-1.4396890000
286250,2016-01-15 00:00:00Z,NE36 0SQ,Semi-Detached,Established,Freehold,64,,FRONT STREET,,EAST BOLDON,SOUTH TYNESIDE,TYNE AND WEAR,Standard,Addition,54.9455690000,-1.4356880000
510000,2016-11-24 00:00:00Z,NE36 0SD,Semi-Detached,Established,Freehold,57A,,FRONT STREET,,EAST BOLDON,SOUTH TYNESIDE,TYNE AND WEAR,Standard,Addition,54.9451160000,-1.4348980000
110000,2016-12-20 00:00:00Z,NE36 0DJ,Semi-Detached,Established,Freehold,26,,NORTH ROAD,,EAST BOLDON,SOUTH TYNESIDE,TYNE AND WEAR,Additional,Addition,54.9461580000,-1.4385670000
148000,2016-07-05 00:00:00Z,NE36 0SH,Other,Established,Leasehold,50,,FRONT STREET,,EAST BOLDON,SOUTH TYNESIDE,TYNE AND WEAR,Additional,Addition,54.9453830000,-1.4343320000
145000,2016-11-18 00:00:00Z,NE36 0TZ,Semi-Detached,Established,Freehold,17,,LILBURN CLOSE,,EAST BOLDON,SOUTH TYNESIDE,TYNE AND WEAR,Additional,Addition,54.9477640000,-1.4381390000
210000,2016-08-19 00:00:00Z,NE36 0SN,Flats/Maisonettes,Established,Leasehold,2,,FRONT STREET,,EAST BOLDON,SOUTH TYNESIDE,TYNE AND WEAR,Standard,Addition,54.9450850000,-1.4319630000
395000,2016-03-11 00:00:00Z,NE36 0UF,Detached,Established,Freehold,59,,LANGDALE WAY,,EAST BOLDON,SOUTH TYNESIDE,TYNE AND WEAR,Standard,Addition,54.9466740000,-1.4375300000
310000,2016-03-07 00:00:00Z,NE36 0RS,Terraced,Established,Freehold,15,,VICTORIA TERRACE,,EAST BOLDON,SOUTH TYNESIDE,TYNE AND WEAR,Standard,Addition,54.9450130000,-1.4379280000
260000,2016-03-24 00:00:00Z,NE36 0UG,Detached,Established,Freehold,20,,LANGDALE WAY,,EAST BOLDON,SOUTH TYNESIDE,TYNE AND WEAR,Additional,Addition,54.9476330000,-1.4368760000
365000,2016-04-29 00:00:00Z,NE36 0DW,Terraced,Established,Freehold,6,,GRANGE TERRACE,,EAST BOLDON,SOUTH TYNESIDE,TYNE AND WEAR,Standard,Addition,54.9450720000,-1.4312610000
158500,2016-04-19 00:00:00Z,NE36 0UQ,Semi-Detached,Established,Leasehold,4,,BOWNESS CLOSE,,EAST BOLDON,SOUTH TYNESIDE,TYNE AND WEAR,Standard,Addition,54.9464400000,-1.4334740000
253500,2016-04-29 00:00:00Z,NE36 0UG,Detached,Established,Freehold,20,,LANGDALE WAY,,EAST BOLDON,SOUTH TYNESIDE,TYNE AND WEAR,Standard,Addition,54.9476330000,-1.4368760000
106500,2016-01-25 00:00:00Z,NE36 0SA,Flats/Maisonettes,Established,Leasehold,103,,FRONT STREET,,EAST BOLDON,SOUTH TYNESIDE,TYNE AND WEAR,Standard,Addition,54.9455080000,-1.4379360000
265000,2016-08-19 00:00:00Z,NE36 0UF,Detached,Established,Freehold,76,,LANGDALE WAY,,EAST BOLDON,SOUTH TYNESIDE,TYNE AND WEAR,Standard,Addition,54.9466740000,-1.4375300000
280000,2016-04-22 00:00:00Z,NE36 0UF,Detached,Established,Freehold,74,,LANGDALE WAY,,EAST BOLDON,SOUTH TYNESIDE,TYNE AND WEAR,Standard,Addition,54.9466740000,-1.4375300000
379000,2016-03-24 00:00:00Z,NE36 0PE,Semi-Detached,Established,Freehold,10,,BRIDLE PATH,,EAST BOLDON,SOUTH TYNESIDE,TYNE AND WEAR,Standard,Addition,54.9438480000,-1.4388340000
250000,2016-03-10 00:00:00Z,NE36 0SG,Terraced,Established,Freehold,112,,FRONT STREET,,EAST BOLDON,SOUTH TYNESIDE,TYNE AND WEAR,Standard,Addition,54.9458040000,-1.4377760000
245000,2016-04-01 00:00:00Z,NE36 0UQ,Detached,Established,Freehold,18,,BOWNESS CLOSE,,EAST BOLDON,SOUTH TYNESIDE,TYNE AND WEAR,Standard,Addition,54.9464400000,-1.4334740000
175000,2016-05-27 00:00:00Z,NE36 0UB,Semi-Detached,Established,Leasehold,22,,KENDAL DRIVE,,EAST BOLDON,SOUTH TYNESIDE,TYNE AND WEAR,Standard,Addition,54.9471180000,-1.4347610000
385000,2016-12-02 00:00:00Z,NE36 0SP,Detached,Established,Freehold,LOW GABLES,,SOUTH LANE,,EAST BOLDON,SOUTH TYNESIDE,TYNE AND WEAR,Additional,Addition,54.9440150000,-1.4318690000
417000,2016-12-01 00:00:00Z,NE36 0UQ,Detached,Established,Leasehold,15,,BOWNESS CLOSE,,EAST BOLDON,SOUTH TYNESIDE,TYNE AND WEAR,Standard,Addition,54.9464400000,-1.4334740000
280000,2016-12-01 00:00:00Z,NE36 0UB,Detached,Established,Freehold,29,,KENDAL DRIVE,,EAST BOLDON,SOUTH TYNESIDE,TYNE AND WEAR,Standard,Addition,54.9471180000,-1.4347610000
175000,2016-09-23 00:00:00Z,NE36 0UH,Terraced,Established,Leasehold,20,,BORROWDALE CLOSE,,EAST BOLDON,SOUTH TYNESIDE,TYNE AND WEAR,Standard,Addition,54.9473770000,-1.4328670000
280000,2016-09-30 00:00:00Z,NE36 0UJ,Detached,Established,Leasehold,22,,RYDAL CLOSE,,EAST BOLDON,SOUTH TYNESIDE,TYNE AND WEAR,Standard,Addition,54.9476940000,-1.4348770000
249950,2017-02-24 00:00:00Z,NE36 0UE,Detached,Established,Freehold,95,,LANGDALE WAY,,EAST BOLDON,SOUTH TYNESIDE,TYNE AND WEAR,Standard,Addition,54.9471730000,-1.4386470000
237000,2017-12-15 00:00:00Z,NE36 0UG,Semi-Detached,Established,Freehold,28,,LANGDALE WAY,,EAST BOLDON,SOUTH TYNESIDE,TYNE AND WEAR,Standard,Addition,54.9476330000,-1.4368760000
132500,2017-08-18 00:00:00Z,NE36 0TZ,Semi-Detached,Established,Freehold,5,,LILBURN CLOSE,,EAST BOLDON,SOUTH TYNESIDE,TYNE AND WEAR,Standard,Addition,54.9477640000,-1.4381390000
355000,2017-05-17 00:00:00Z,NE36 0PE,Semi-Detached,Established,Freehold,11,,BRIDLE PATH,,EAST BOLDON,SOUTH TYNESIDE,TYNE AND WEAR,Standard,Addition,54.9438480000,-1.4388340000
157500,2017-05-02 00:00:00Z,NE36 0TZ,Terraced,Established,Freehold,49,,LILBURN CLOSE,,EAST BOLDON,SOUTH TYNESIDE,TYNE AND WEAR,Standard,Addition,54.9477640000,-1.4381390000
163000,2017-09-27 00:00:00Z,NE36 0SA,Terraced,Established,Freehold,117B,,FRONT STREET,,EAST BOLDON,SOUTH TYNESIDE,TYNE AND WEAR,Standard,Addition,54.9455080000,-1.4379360000
145000,2017-09-20 00:00:00Z,NE36 0SN,Flats/Maisonettes,Established,Leasehold,20,,FRONT STREET,,EAST BOLDON,SOUTH TYNESIDE,TYNE AND WEAR,Standard,Addition,54.9450850000,-1.4319630000
135000,2017-01-12 00:00:00Z,NE36 0SU,Terraced,Established,Freehold,10,,PROSPECT TERRACE,,EAST BOLDON,SOUTH TYNESIDE,TYNE AND WEAR,Standard,Addition,54.9443840000,-1.4319890000
187500,2017-04-28 00:00:00Z,NE36 0SH,Terraced,Established,Freehold,42,,FRONT STREET,,EAST BOLDON,SOUTH TYNESIDE,TYNE AND WEAR,Standard,Addition,54.9453830000,-1.4343320000
126000,2017-07-06 00:00:00Z,NE36 0SU,Semi-Detached,Established,Freehold,12,,PROSPECT TERRACE,,EAST BOLDON,SOUTH TYNESIDE,TYNE AND WEAR,Standard,Addition,54.9443840000,-1.4319890000
289950,2017-04-28 00:00:00Z,NE36 0PE,Semi-Detached,Established,Freehold,ST CLAIR,,BRIDLE PATH,,EAST BOLDON,SOUTH TYNESIDE,TYNE AND WEAR,Standard,Addition,54.9438480000,-1.4388340000
305000,2017-10-23 00:00:00Z,NE36 0UB,Detached,Established,Leasehold,28,,KENDAL DRIVE,,EAST BOLDON,SOUTH TYNESIDE,TYNE AND WEAR,Standard,Addition,54.9471180000,-1.4347610000
595000,2017-10-20 00:00:00Z,NE36 0SD,Terraced,Established,Freehold,55,,FRONT STREET,,EAST BOLDON,SOUTH TYNESIDE,TYNE AND WEAR,Standard,Addition,54.9451160000,-1.4348980000
250000,2017-07-28 00:00:00Z,NE36 0SL,Terraced,Established,Freehold,3,,YELLOW LEAS FARM,,EAST BOLDON,SOUTH TYNESIDE,TYNE AND WEAR,Standard,Addition,54.9449060000,-1.4361650000
254950,2018-11-30 00:00:00Z,NE36 0UQ,Detached,Established,Leasehold,22,,BOWNESS CLOSE,,EAST BOLDON,SOUTH TYNESIDE,TYNE AND WEAR,Standard,Addition,54.9464400000,-1.4334740000
156000,2018-11-22 00:00:00Z,NE36 0SU,Terraced,Established,Freehold,2,,PROSPECT TERRACE,,EAST BOLDON,SOUTH TYNESIDE,TYNE AND WEAR,Standard,Addition,54.9443840000,-1.4319890000
146000,2018-11-16 00:00:00Z,NE36 0SN,Flats/Maisonettes,Established,Leasehold,16,,FRONT STREET,,EAST BOLDON,SOUTH TYNESIDE,TYNE AND WEAR,Standard,Addition,54.9450850000,-1.4319630000
148000,2018-12-07 00:00:00Z,NE36 0SN,Flats/Maisonettes,Established,Leasehold,18,,FRONT STREET,,EAST BOLDON,SOUTH TYNESIDE,TYNE AND WEAR,Standard,Addition,54.9450850000,-1.4319630000
265000,2018-11-14 00:00:00Z,NE36 0SQ,Detached,Established,Freehold,COACH HOUSE,,FRONT STREET,,EAST BOLDON,SOUTH TYNESIDE,TYNE AND WEAR,Standard,Addition,54.9455690000,-1.4356880000
255000,2018-06-06 00:00:00Z,NE36 0UD,Detached,Established,Leasehold,5,,PATTERDALE CLOSE,,EAST BOLDON,SOUTH TYNESIDE,TYNE AND WEAR,Standard,Addition,54.9464360000,-1.4345360000
300000,2018-05-24 00:00:00Z,NE36 0SL,Terraced,Established,Freehold,5,,YELLOW LEAS FARM,,EAST BOLDON,SOUTH TYNESIDE,TYNE AND WEAR,Standard,Addition,54.9449060000,-1.4361650000
100000,2018-05-18 00:00:00Z,NE36 0EN,Terraced,Established,Freehold,2,,NORTH LANE,,EAST BOLDON,SOUTH TYNESIDE,TYNE AND WEAR,Additional,Addition,54.9453260000,-1.4317570000
268500,2018-08-31 00:00:00Z,NE36 0UG,Detached,Established,Freehold,62,,LANGDALE WAY,,EAST BOLDON,SOUTH TYNESIDE,TYNE AND WEAR,Standard,Addition,54.9476330000,-1.4368760000
139000,2018-10-04 00:00:00Z,NE36 0SU,Terraced,Established,Freehold,4,,PROSPECT TERRACE,,EAST BOLDON,SOUTH TYNESIDE,TYNE AND WEAR,Standard,Addition,54.9443840000,-1.4319890000
228000,2018-06-22 00:00:00Z,NE36 0UG,Semi-Detached,Established,Freehold,30,,LANGDALE WAY,,EAST BOLDON,SOUTH TYNESIDE,TYNE AND WEAR,Standard,Addition,54.9476330000,-1.4368760000
220000,2018-06-08 00:00:00Z,NE36 0PE,Semi-Detached,Established,Freehold,KASANGA,,BRIDLE PATH,,EAST BOLDON,SOUTH TYNESIDE,TYNE AND WEAR,Standard,Addition,54.9438480000,-1.4388340000
146000,2018-02-09 00:00:00Z,NE36 0SU,Terraced,Established,Freehold,7,,PROSPECT TERRACE,,EAST BOLDON,SOUTH TYNESIDE,TYNE AND WEAR,Standard,Addition,54.9443840000,-1.4319890000
140000,2018-01-29 00:00:00Z,NE36 0DJ,Semi-Detached,Established,Freehold,26,,NORTH ROAD,,EAST BOLDON,SOUTH TYNESIDE,TYNE AND WEAR,Standard,Addition,54.9461580000,-1.4385670000
137500,2018-02-12 00:00:00Z,NE36 0TZ,Terraced,Established,Freehold,48,,LILBURN CLOSE,,EAST BOLDON,SOUTH TYNESIDE,TYNE AND WEAR,Standard,Addition,54.9477640000,-1.4381390000
480000,2018-08-03 00:00:00Z,NE36 0SB,Detached,Established,Freehold,73,,FRONT STREET,,EAST BOLDON,SOUTH TYNESIDE,TYNE AND WEAR,Standard,Addition,54.9451670000,-1.4361150000
322500,2018-11-15 00:00:00Z,NE36 0PE,Semi-Detached,Established,Freehold,7,,BRIDLE PATH,,EAST BOLDON,SOUTH TYNESIDE,TYNE AND WEAR,Standard,Addition,54.9438480000,-1.4388340000
260000,2019-05-31 00:00:00Z,NE36 0UJ,Detached,Established,Freehold,6,,RYDAL CLOSE,,EAST BOLDON,SOUTH TYNESIDE,TYNE AND WEAR,Standard,Addition,54.9476940000,-1.4348770000
142000,2019-05-31 00:00:00Z,NE36 0TZ,Terraced,Established,Freehold,66,,LILBURN CLOSE,,EAST BOLDON,SOUTH TYNESIDE,TYNE AND WEAR,Standard,Addition,54.9477640000,-1.4381390000
237500,2019-05-31 00:00:00Z,NE36 0PE,Semi-Detached,Established,Freehold,LYNHOLME,,BRIDLE PATH,,EAST BOLDON,SOUTH TYNESIDE,TYNE AND WEAR,Standard,Addition,54.9438480000,-1.4388340000
312000,2019-04-26 00:00:00Z,NE36 0UB,Detached,Established,Leasehold,6,,KENDAL DRIVE,,EAST BOLDON,SOUTH TYNESIDE,TYNE AND WEAR,Standard,Addition,54.9471180000,-1.4347610000
146000,2019-04-05 00:00:00Z,NE36 0SF,Terraced,Established,Freehold,21,,FRONT STREET,,EAST BOLDON,SOUTH TYNESIDE,TYNE AND WEAR,Standard,Addition,54.9446980000,-1.4319220000
199950,2019-04-26 00:00:00Z,NE36 0SS,Semi-Detached,Established,Freehold,1,,SOUTH LANE,,EAST BOLDON,SOUTH TYNESIDE,TYNE AND WEAR,Standard,Addition,54.9446550000,-1.4342640000
681,2019-01-24 00:00:00Z,NE36 0UD,Other,Established,Freehold,15,,PATTERDALE CLOSE,,EAST BOLDON,SOUTH TYNESIDE,TYNE AND WEAR,Additional,Addition,54.9464360000,-1.4345360000
122500,2019-09-30 00:00:00Z,NE36 0SG,Semi-Detached,Established,Freehold,86,,FRONT STREET,,EAST BOLDON,SOUTH TYNESIDE,TYNE AND WEAR,Standard,Addition,54.9458040000,-1.4377760000
335000,2019-11-11 00:00:00Z,NE36 0UH,Detached,Established,Leasehold,27,,BORROWDALE CLOSE,,EAST BOLDON,SOUTH TYNESIDE,TYNE AND WEAR,Standard,Addition,54.9473770000,-1.4328670000
145000,2019-07-05 00:00:00Z,NE36 0TZ,Terraced,Established,Freehold,51,,LILBURN CLOSE,,EAST BOLDON,SOUTH TYNESIDE,TYNE AND WEAR,Standard,Addition,54.9477640000,-1.4381390000
145000,2019-02-25 00:00:00Z,NE36 0TZ,Terraced,Established,Freehold,58,,LILBURN CLOSE,,EAST BOLDON,SOUTH TYNESIDE,TYNE AND WEAR,Standard,Addition,54.9477640000,-1.4381390000
137000,2019-10-11 00:00:00Z,NE36 0TZ,Terraced,Established,Freehold,41,,LILBURN CLOSE,,EAST BOLDON,SOUTH TYNESIDE,TYNE AND WEAR,Standard,Addition,54.9477640000,-1.4381390000
145000,2019-07-12 00:00:00Z,NE36 0TZ,Terraced,Established,Freehold,41,,LILBURN CLOSE,,EAST BOLDON,SOUTH TYNESIDE,TYNE AND WEAR,Additional,Addition,54.9477640000,-1.4381390000
250000,2019-04-05 00:00:00Z,NE36 0PE,Semi-Detached,Established,Freehold,WEST MILL,,BRIDLE PATH,,EAST BOLDON,SOUTH TYNESIDE,TYNE AND WEAR,Standard,Addition,54.9438480000,-1.4388340000
169000,2019-08-27 00:00:00Z,NE36 0TZ,Detached,Established,Freehold,14,,LILBURN CLOSE,,EAST BOLDON,SOUTH TYNESIDE,TYNE AND WEAR,Standard,Addition,54.9477640000,-1.4381390000
233000,2019-08-09 00:00:00Z,NE36 0DL,Terraced,Established,Freehold,15,,NORTH ROAD,,EAST BOLDON,SOUTH TYNESIDE,TYNE AND WEAR,Standard,Addition,54.9457230000,-1.4340150000
230000,2019-08-22 00:00:00Z,NE36 0SG,Flats/Maisonettes,Established,Freehold,102,,FRONT STREET,,EAST BOLDON,SOUTH TYNESIDE,TYNE AND WEAR,Standard,Addition,54.9458040000,-1.4377760000
320000,2019-10-15 00:00:00Z,NE36 0NX,Detached,Established,Freehold,2,,LYNDON DRIVE,,EAST BOLDON,SOUTH TYNESIDE,TYNE AND WEAR,Standard,Addition,54.9448690000,-1.4398190000
174000,2019-12-11 00:00:00Z,NE36 0DW,Terraced,Established,Freehold,2,,GRANGE TERRACE,,EAST BOLDON,SOUTH TYNESIDE,TYNE AND WEAR,Standard,Addition,54.9450720000,-1.4312610000
228000,2019-07-26 00:00:00Z,NE36 0UJ,Semi-Detached,Established,Freehold,3,,RYDAL CLOSE,,EAST BOLDON,SOUTH TYNESIDE,TYNE AND WEAR,Standard,Addition,54.9476940000,-1.4348770000
229950,2020-01-31 00:00:00Z,NE36 0TA,Detached,Established,Freehold,9,,HIRAM DRIVE,,EAST BOLDON,SOUTH TYNESIDE,TYNE AND WEAR,Standard,Addition,54.9429370000,-1.4301050000
150000,2020-03-11 00:00:00Z,NE36 0SU,Terraced,Established,Freehold,10,,PROSPECT TERRACE,,EAST BOLDON,SOUTH TYNESIDE,TYNE AND WEAR,Standard,Addition,54.9443840000,-1.4319890000
155950,2020-12-04 00:00:00Z,NE36 0TZ,Terraced,Established,Freehold,48,,LILBURN CLOSE,,EAST BOLDON,SOUTH TYNESIDE,TYNE AND WEAR,Standard,Addition,54.9477640000,-1.4381390000
275000,2020-12-14 00:00:00Z,NE36 0UJ,Semi-Detached,Established,Freehold,20,,RYDAL CLOSE,,EAST BOLDON,SOUTH TYNESIDE,TYNE AND WEAR,Standard,Addition,54.9476940000,-1.4348770000
187000,2020-08-17 00:00:00Z,NE36 0ST,Terraced,Established,Leasehold,8,,THE ORCHARD,,EAST BOLDON,SOUTH TYNESIDE,TYNE AND WEAR,Standard,Addition,54.9445690000,-1.4330630000
183000,2020-09-15 00:00:00Z,NE36 0SF,Terraced,Established,Freehold,11,,FRONT STREET,,EAST BOLDON,SOUTH TYNESIDE,TYNE AND WEAR,Standard,Addition,54.9446980000,-1.4319220000
304610,2020-12-17 00:00:00Z,NE36 0DL,Detached,Established,Freehold,3,,NORTH ROAD,,EAST BOLDON,SOUTH TYNESIDE,TYNE AND WEAR,Standard,Addition,54.9457230000,-1.4340150000
71200,2020-09-15 00:00:00Z,NE36 0TZ,Terraced,Established,Freehold,15,,LILBURN CLOSE,,EAST BOLDON,SOUTH TYNESIDE,TYNE AND WEAR,Standard,Addition,54.9477640000,-1.4381390000
260000,2020-07-15 00:00:00Z,NE36 0SH,Terraced,Established,Freehold,30,,FRONT STREET,,EAST BOLDON,SOUTH TYNESIDE,TYNE AND WEAR,Standard,Addition,54.9453830000,-1.4343320000
195000,2020-07-31 00:00:00Z,NE36 0ST,Terraced,Established,Leasehold,7,,THE ORCHARD,,EAST BOLDON,SOUTH TYNESIDE,TYNE AND WEAR,Standard,Addition,54.9445690000,-1.4330630000
250000,2020-10-23 00:00:00Z,NE36 0UG,Detached,Established,Freehold,36,,LANGDALE WAY,,EAST BOLDON,SOUTH TYNESIDE,TYNE AND WEAR,Standard,Addition,54.9476330000,-1.4368760000
155000,2020-11-23 00:00:00Z,NE36 0TZ,Terraced,Established,Freehold,40,,LILBURN CLOSE,,EAST BOLDON,SOUTH TYNESIDE,TYNE AND WEAR,Standard,Addition,54.9477640000,-1.4381390000
195000,2020-10-02 00:00:00Z,NE36 0SA,Terraced,Established,Freehold,113,,FRONT STREET,,EAST BOLDON,SOUTH TYNESIDE,TYNE AND WEAR,Standard,Addition,54.9455080000,-1.4379360000
173000,2020-05-29 00:00:00Z,NE36 0SF,Terraced,Established,Freehold,15,,FRONT STREET,,EAST BOLDON,SOUTH TYNESIDE,TYNE AND WEAR,Standard,Addition,54.9446980000,-1.4319220000
303000,2020-09-29 00:00:00Z,NE36 0UF,Detached,Established,Freehold,80,,LANGDALE WAY,,EAST BOLDON,SOUTH TYNESIDE,TYNE AND WEAR,Standard,Addition,54.9466740000,-1.4375300000
75000,2020-06-26 00:00:00Z,NE36 0SA,Other,Established,Leasehold,109,,FRONT STREET,,EAST BOLDON,SOUTH TYNESIDE,TYNE AND WEAR,Additional,Addition,54.9455080000,-1.4379360000
75000,2020-06-22 00:00:00Z,NE36 0SA,Other,Established,Freehold,111,,FRONT STREET,,EAST BOLDON,SOUTH TYNESIDE,TYNE AND WEAR,Additional,Addition,54.9455080000,-1.4379360000
470000,2020-11-06 00:00:00Z,NE36 0TA,Detached,Established,Freehold,5,,HIRAM DRIVE,,EAST BOLDON,SOUTH TYNESIDE,TYNE AND WEAR,Standard,Addition,54.9429370000,-1.4301050000
125000,2020-11-06 00:00:00Z,NE36 0SU,Terraced,Established,Freehold,4,,PROSPECT TERRACE,,EAST BOLDON,SOUTH TYNESIDE,TYNE AND WEAR,Standard,Addition,54.9443840000,-1.4319890000
217500,2020-11-19 00:00:00Z,NE36 0UH,Terraced,Established,Leasehold,20,,BORROWDALE CLOSE,,EAST BOLDON,SOUTH TYNESIDE,TYNE AND WEAR,Standard,Addition,54.9473770000,-1.4328670000
225000,2020-05-11 00:00:00Z,NE36 0PF,Detached,Established,Leasehold,THE SYCAMORES,,BRIDLE PATH,,EAST BOLDON,SOUTH TYNESIDE,TYNE AND WEAR,Standard,Addition,54.9428630000,-1.4393470000
169500,2020-02-14 00:00:00Z,NE36 0TZ,Semi-Detached,Established,Freehold,8,,LILBURN CLOSE,,EAST BOLDON,SOUTH TYNESIDE,TYNE AND WEAR,Standard,Addition,54.9477640000,-1.4381390000
200000,2020-07-13 00:00:00Z,NE36 0UH,Detached,Established,Leasehold,6,,BORROWDALE CLOSE,,EAST BOLDON,SOUTH TYNESIDE,TYNE AND WEAR,Standard,Addition,54.9473770000,-1.4328670000
165000,2020-07-13 00:00:00Z,NE36 0SN,Flats/Maisonettes,Established,Leasehold,16,,FRONT STREET,,EAST BOLDON,SOUTH TYNESIDE,TYNE AND WEAR,Standard,Addition,54.9450850000,-1.4319630000
285000,2020-08-12 00:00:00Z,NE36 0DL,Terraced,Established,Freehold,8,,NORTH ROAD,,EAST BOLDON,SOUTH TYNESIDE,TYNE AND WEAR,Standard,Addition,54.9457230000,-1.4340150000
425000,2021-05-21 00:00:00Z,NE36 0SL,Terraced,Established,Freehold,1,,YELLOW LEAS FARM,,EAST BOLDON,SOUTH TYNESIDE,TYNE AND WEAR,Standard,Addition,54.9449060000,-1.4361650000
270000,2021-04-01 00:00:00Z,NE36 0UF,Detached,Established,Freehold,82,,LANGDALE WAY,,EAST BOLDON,SOUTH TYNESIDE,TYNE AND WEAR,Standard,Addition,54.9466740000,-1.4375300000
302500,2021-06-11 00:00:00Z,NE36 0UG,Detached,Established,Freehold,54,,LANGDALE WAY,,EAST BOLDON,SOUTH TYNESIDE,TYNE AND WEAR,Standard,Addition,54.9476330000,-1.4368760000
162500,2021-05-25 00:00:00Z,NE36 0TZ,Terraced,Established,Freehold,45,,LILBURN CLOSE,,EAST BOLDON,SOUTH TYNESIDE,TYNE AND WEAR,Standard,Addition,54.9477640000,-1.4381390000
215000,2021-09-21 00:00:00Z,NE36 0TZ,Terraced,Established,Freehold,30,,LILBURN CLOSE,,EAST BOLDON,SOUTH TYNESIDE,TYNE AND WEAR,Standard,Addition,54.9477640000,-1.4381390000
94500,2021-10-01 00:00:00Z,NE36 0SN,Terraced,Established,Freehold,2,,FRONT STREET,,EAST BOLDON,SOUTH TYNESIDE,TYNE AND WEAR,Standard,Addition,54.9450850000,-1.4319630000
240000,2021-06-01 00:00:00Z,NE36 0UH,Semi-Detached,Established,Leasehold,17,,BORROWDALE CLOSE,,EAST BOLDON,SOUTH TYNESIDE,TYNE AND WEAR,Standard,Addition,54.9473770000,-1.4328670000
302250,2021-07-16 00:00:00Z,NE36 0UH,Detached,Established,Freehold,7,,BORROWDALE CLOSE,,EAST BOLDON,SOUTH TYNESIDE,TYNE AND WEAR,Standard,Addition,54.9473770000,-1.4328670000
426000,2021-08-27 00:00:00Z,NE36 0SL,Detached,Established,Freehold,7,,YELLOW LEAS FARM,,EAST BOLDON,SOUTH TYNESIDE,TYNE AND WEAR,Standard,Addition,54.9449060000,-1.4361650000
258000,2021-03-05 00:00:00Z,NE36 0UE,Detached,Established,Freehold,102,,LANGDALE WAY,,EAST BOLDON,SOUTH TYNESIDE,TYNE AND WEAR,Standard,Addition,54.9471730000,-1.4386470000
255000,2021-03-19 00:00:00Z,NE36 0PE,Semi-Detached,Established,Freehold,BRACKENRIGG,,BRIDLE PATH,,EAST BOLDON,SOUTH TYNESIDE,TYNE AND WEAR,Standard,Addition,54.9438480000,-1.4388340000
315000,2021-02-12 00:00:00Z,NE36 0PE,Detached,Established,Freehold,LITTLE LODGE,,BRIDLE PATH,,EAST BOLDON,SOUTH TYNESIDE,TYNE AND WEAR,Standard,Addition,54.9438480000,-1.4388340000
495000,2021-10-21 00:00:00Z,NE36 0UF,Detached,Established,Freehold,77,,LANGDALE WAY,,EAST BOLDON,SOUTH TYNESIDE,TYNE AND WEAR,Standard,Addition,54.9466740000,-1.4375300000
270000,2021-04-01 00:00:00Z,NE36 0RS,Terraced,Established,Freehold,16,,VICTORIA TERRACE,,EAST BOLDON,SOUTH TYNESIDE,TYNE AND WEAR,Standard,Addition,54.9450130000,-1.4379280000
138000,2021-04-29 00:00:00Z,NE36 0TZ,Semi-Detached,Established,Freehold,36,,LILBURN CLOSE,,EAST BOLDON,SOUTH TYNESIDE,TYNE AND WEAR,Additional,Addition,54.9477640000,-1.4381390000
702500,2021-06-11 00:00:00Z,NE36 0PA,Detached,Established,Freehold,VANBRUGH HOUSE,,BRIDLE PATH,,EAST BOLDON,SOUTH TYNESIDE,TYNE AND WEAR,Standard,Addition,54.9451920000,-1.4396890000
277500,2021-04-16 00:00:00Z,NE36 0UE,Detached,Established,Freehold,104,,LANGDALE WAY,,EAST BOLDON,SOUTH TYNESIDE,TYNE AND WEAR,Standard,Addition,54.9471730000,-1.4386470000
298000,2021-07-26 00:00:00Z,NE36 0UB,Detached,Established,Leasehold,12,,KENDAL DRIVE,,EAST BOLDON,SOUTH TYNESIDE,TYNE AND WEAR,Standard,Addition,54.9471180000,-1.4347610000
350000,2021-06-28 00:00:00Z,NE36 0UG,Detached,Established,Freehold,37,,LANGDALE WAY,,EAST BOLDON,SOUTH TYNESIDE,TYNE AND WEAR,Standard,Addition,54.9476330000,-1.4368760000
299999,2021-08-11 00:00:00Z,NE36 0DL,Terraced,Established,Freehold,7,,NORTH ROAD,,EAST BOLDON,SOUTH TYNESIDE,TYNE AND WEAR,Standard,Addition,54.9457230000,-1.4340150000
440000,2022-01-10 00:00:00Z,NE36 0TA,Semi-Detached,Established,Freehold,7,,HIRAM DRIVE,,EAST BOLDON,SOUTH TYNESIDE,TYNE AND WEAR,Standard,Addition,54.9429370000,-1.4301050000
370000,2022-01-21 00:00:00Z,NE36 0TA,Detached,Established,Freehold,18,,HIRAM DRIVE,,EAST BOLDON,SOUTH TYNESIDE,TYNE AND WEAR,Standard,Addition,54.9429370000,-1.4301050000
279950,2022-04-20 00:00:00Z,NE36 0UE,Detached,Established,Freehold,102,,LANGDALE WAY,,EAST BOLDON,SOUTH TYNESIDE,TYNE AND WEAR,Standard,Addition,54.9471730000,-1.4386470000
160000,2022-01-28 00:00:00Z,NE36 0SG,Semi-Detached,Established,Freehold,86,,FRONT STREET,,EAST BOLDON,SOUTH TYNESIDE,TYNE AND WEAR,Additional,Addition,54.9458040000,-1.4377760000
