35000,1995-09-29 00:00:00Z,NE46 1PN,Flats/Maisonettes,Established,Leasehold,7,,COUNTY MILLS,HEXHAM,HEXHAM,TYNEDALE,NORTHUMBERLAND,Standard,Addition,54.9699860000,-2.0982230000
42250,1995-06-22 00:00:00Z,NE46 1EQ,Terraced,Established,Freehold,4,,ABBEY VIEW,HEXHAM,HEXHAM,TYNEDALE,NORTHUMBERLAND,Standard,Addition,54.9664590000,-2.0926230000
19000,1995-05-05 00:00:00Z,NE46 1PN,Detached,Established,Leasehold,6,,COUNTY MILLS,HEXHAM,HEXHAM,TYNEDALE,NORTHUMBERLAND,Standard,Addition,54.9699860000,-2.0982230000
141000,1995-12-01 00:00:00Z,NE46 1AZ,Detached,Established,Freehold,70,,HACKWOOD PARK,HEXHAM,HEXHAM,TYNEDALE,NORTHUMBERLAND,Standard,Addition,54.9639210000,-2.0971460000
140000,1995-02-10 00:00:00Z,NE46 1AZ,Detached,Established,Freehold,55,,HACKWOOD PARK,HEXHAM,HEXHAM,TYNEDALE,NORTHUMBERLAND,Standard,Addition,54.9639210000,-2.0971460000
158000,1995-04-28 00:00:00Z,NE46 2QD,Detached,Established,Freehold,11,,LOUGHBROW PARK,HEXHAM,HEXHAM,TYNEDALE,NORTHUMBERLAND,Standard,Addition,54.9612600000,-2.0994350000
36000,1995-08-23 00:00:00Z,NE46 1EQ,Terraced,Established,Leasehold,26,,ABBEY VIEW,HEXHAM,HEXHAM,TYNEDALE,NORTHUMBERLAND,Standard,Addition,54.9664590000,-2.0926230000
141000,1995-04-21 00:00:00Z,NE46 1AZ,Detached,Established,Freehold,63,,HACKWOOD PARK,HEXHAM,HEXHAM,TYNEDALE,NORTHUMBERLAND,Standard,Addition,54.9639210000,-2.0971460000
37500,1995-09-01 00:00:00Z,NE46 1JH,Semi-Detached,Established,Freehold,66,,WHITE CROSS,HEXHAM,HEXHAM,TYNEDALE,NORTHUMBERLAND,Standard,Addition,54.9693720000,-2.0907390000
70000,1995-08-23 00:00:00Z,NE46 1BT,Detached,Established,Freehold,GALLOWS BANK HOUSE,,SOUTH PARK,,HEXHAM,NORTHUMBERLAND,NORTHUMBERLAND,Standard,Addition,54.9658080000,-2.0974790000
138000,1995-07-14 00:00:00Z,NE46 1AZ,Detached,Established,Freehold,60,,HACKWOOD PARK,HEXHAM,HEXHAM,TYNEDALE,NORTHUMBERLAND,Standard,Addition,54.9639210000,-2.0971460000
40999,1995-12-08 00:00:00Z,NE46 1EQ,Terraced,Established,Leasehold,3,,ABBEY VIEW,HEXHAM,HEXHAM,TYNEDALE,NORTHUMBERLAND,Standard,Addition,54.9664590000,-2.0926230000
115000,1995-04-21 00:00:00Z,NE46 1AX,Detached,Established,Freehold,7,,HACKWOOD PARK,HEXHAM,HEXHAM,TYNEDALE,NORTHUMBERLAND,Standard,Addition,54.9628230000,-2.0993300000
43500,1995-06-23 00:00:00Z,NE46 1DA,Semi-Detached,Established,Freehold,7,,WANLESS LANE,HEXHAM,HEXHAM,TYNEDALE,NORTHUMBERLAND,Standard,Addition,54.9671310000,-2.0951540000
39500,1995-12-15 00:00:00Z,NE46 1JH,Semi-Detached,Established,Freehold,40,,WHITE CROSS,HEXHAM,HEXHAM,TYNEDALE,NORTHUMBERLAND,Standard,Addition,54.9693720000,-2.0907390000
30000,1995-02-10 00:00:00Z,NE46 1QD,Flats/Maisonettes,Established,Leasehold,2,,DIAMOND SQUARE,HEXHAM,HEXHAM,TYNEDALE,NORTHUMBERLAND,Standard,Addition,54.9696090000,-2.0982380000
150000,1995-01-06 00:00:00Z,NE46 1AX,Detached,Established,Freehold,1,,HACKWOOD PARK,HEXHAM,HEXHAM,TYNEDALE,NORTHUMBERLAND,Standard,Addition,54.9628230000,-2.0993300000
24000,1995-02-24 00:00:00Z,NE46 1DN,Semi-Detached,Established,Freehold,21,,NENT GROVE,HEXHAM,HEXHAM,TYNEDALE,NORTHUMBERLAND,Standard,Addition,54.9681650000,-2.0942670000
145000,1995-09-29 00:00:00Z,NE46 1AZ,Detached,Established,Freehold,69,,HACKWOOD PARK,HEXHAM,HEXHAM,TYNEDALE,NORTHUMBERLAND,Standard,Addition,54.9639210000,-2.0971460000
111000,1996-08-01 00:00:00Z,NE46 1AX,Detached,Established,Freehold,11,,HACKWOOD PARK,HEXHAM,HEXHAM,TYNEDALE,NORTHUMBERLAND,Standard,Addition,54.9628230000,-2.0993300000
17625,1996-11-25 00:00:00Z,NE46 1EB,Semi-Detached,Established,Freehold,15,,WOODLEA CRESCENT,HEXHAM,HEXHAM,TYNEDALE,NORTHUMBERLAND,Standard,Addition,54.9673410000,-2.0901100000
24500,1996-08-02 00:00:00Z,NE46 1PN,Flats/Maisonettes,Established,Leasehold,3,,COUNTY MILLS,HEXHAM,HEXHAM,TYNEDALE,NORTHUMBERLAND,Standard,Addition,54.9699860000,-2.0982230000
32500,1996-12-13 00:00:00Z,NE46 1QB,Terraced,Established,Freehold,3,,ARGYLE TERRACE,HEXHAM,HEXHAM,TYNEDALE,NORTHUMBERLAND,Standard,Addition,54.9696980000,-2.0978940000
22440,1996-12-23 00:00:00Z,NE46 1DN,Semi-Detached,Established,Freehold,10,,NENT GROVE,HEXHAM,HEXHAM,TYNEDALE,NORTHUMBERLAND,Standard,Addition,54.9681650000,-2.0942670000
12600,1996-10-21 00:00:00Z,NE46 1DR,Terraced,Established,Freehold,31,,MAIDENS WALK,HEXHAM,HEXHAM,TYNEDALE,NORTHUMBERLAND,Standard,Addition,54.9684710000,-2.0938140000
15000,1996-03-07 00:00:00Z,NE46 1QD,Flats/Maisonettes,Established,Leasehold,4,,DIAMOND SQUARE,HEXHAM,HEXHAM,TYNEDALE,NORTHUMBERLAND,Standard,Addition,54.9696090000,-2.0982380000
157500,1996-09-27 00:00:00Z,NE46 2QD,Detached,Established,Freehold,11,,LOUGHBROW PARK,HEXHAM,HEXHAM,TYNEDALE,NORTHUMBERLAND,Standard,Addition,54.9612600000,-2.0994350000
57000,1996-10-30 00:00:00Z,NE46 1RE,Terraced,Established,Freehold,8,,TYNE VIEW TERRACE,FELLSIDE,HEXHAM,TYNEDALE,NORTHUMBERLAND,Standard,Addition,54.9648610000,-2.0907600000
147500,1996-04-01 00:00:00Z,NE46 2QD,Detached,Established,Freehold,1,,LOUGHBROW PARK,HEXHAM,HEXHAM,TYNEDALE,NORTHUMBERLAND,Standard,Addition,54.9612600000,-2.0994350000
120500,1996-10-17 00:00:00Z,NE46 1AX,Detached,Established,Freehold,12A,,HACKWOOD PARK,HEXHAM,HEXHAM,TYNEDALE,NORTHUMBERLAND,Standard,Addition,54.9628230000,-2.0993300000
113750,1996-07-26 00:00:00Z,NE46 2QD,Detached,Established,Leasehold,8,,LOUGHBROW PARK,HEXHAM,HEXHAM,TYNEDALE,NORTHUMBERLAND,Standard,Addition,54.9612600000,-2.0994350000
63000,1996-09-12 00:00:00Z,NE46 1RA,Detached,Established,Freehold,11,,SHIELD COURT,FELLSIDE,HEXHAM,TYNEDALE,NORTHUMBERLAND,Standard,Addition,54.9650910000,-2.0956180000
64000,1996-05-17 00:00:00Z,NE46 1RE,Semi-Detached,Established,Freehold,9,,TYNE VIEW TERRACE,FELLSIDE,HEXHAM,TYNEDALE,NORTHUMBERLAND,Standard,Addition,54.9648610000,-2.0907600000
140000,1996-07-17 00:00:00Z,NE46 1AZ,Detached,Established,Freehold,50,,HACKWOOD PARK,HEXHAM,HEXHAM,TYNEDALE,NORTHUMBERLAND,Standard,Addition,54.9639210000,-2.0971460000
145000,1996-06-07 00:00:00Z,NE46 2QD,Detached,New Build,Freehold,13,,LOUGHBROW PARK,HEXHAM,HEXHAM,TYNEDALE,NORTHUMBERLAND,Standard,Addition,54.9612600000,-2.0994350000
17500,1996-04-02 00:00:00Z,NE46 1PN,Flats/Maisonettes,Established,Leasehold,11,,COUNTY MILLS,HEXHAM,HEXHAM,TYNEDALE,NORTHUMBERLAND,Standard,Addition,54.9699860000,-2.0982230000
46000,1996-09-20 00:00:00Z,NE46 1BZ,Semi-Detached,Established,Freehold,2,,WANLESS LANE,HEXHAM,HEXHAM,TYNEDALE,NORTHUMBERLAND,Standard,Addition,54.9676330000,-2.0960930000
126500,1996-07-22 00:00:00Z,NE46 1BT,Detached,Established,Freehold,STONELEIGH,,SOUTH PARK,HEXHAM,HEXHAM,TYNEDALE,NORTHUMBERLAND,Standard,Addition,54.9658080000,-2.0974790000
157000,1996-11-19 00:00:00Z,NE46 1BT,Semi-Detached,Established,Freehold,4,,SOUTH PARK,HEXHAM,HEXHAM,TYNEDALE,NORTHUMBERLAND,Standard,Addition,54.9658080000,-2.0974790000
24499,1996-10-18 00:00:00Z,NE46 1QB,Flats/Maisonettes,Established,Leasehold,4,,ARGYLE TERRACE,HEXHAM,HEXHAM,TYNEDALE,NORTHUMBERLAND,Standard,Addition,54.9696980000,-2.0978940000
34000,1996-03-22 00:00:00Z,NE46 1BZ,Terraced,Established,Freehold,5,,WANLESS LANE,HEXHAM,HEXHAM,TYNEDALE,NORTHUMBERLAND,Standard,Addition,54.9676330000,-2.0960930000
145000,1996-04-04 00:00:00Z,NE46 2QD,Detached,Established,Freehold,16,,LOUGHBROW PARK,HEXHAM,HEXHAM,TYNEDALE,NORTHUMBERLAND,Standard,Addition,54.9612600000,-2.0994350000
26000,1996-12-20 00:00:00Z,NE46 1EB,Semi-Detached,Established,Freehold,24,,WOODLEA CRESCENT,HEXHAM,HEXHAM,TYNEDALE,NORTHUMBERLAND,Standard,Addition,54.9673410000,-2.0901100000
110000,1996-03-21 00:00:00Z,NE46 2QD,Detached,Established,Freehold,32,,LOUGHBROW PARK,HEXHAM,HEXHAM,TYNEDALE,NORTHUMBERLAND,Standard,Addition,54.9612600000,-2.0994350000
76000,1996-07-26 00:00:00Z,NE46 1RA,Detached,Established,Freehold,SHIELD CLOSE,,SHIELD COURT,FELLSIDE,HEXHAM,TYNEDALE,NORTHUMBERLAND,Standard,Addition,54.9650910000,-2.0956180000
39000,1996-07-19 00:00:00Z,NE46 1JH,Semi-Detached,Established,Freehold,65,,WHITE CROSS,HEXHAM,HEXHAM,TYNEDALE,NORTHUMBERLAND,Standard,Addition,54.9693720000,-2.0907390000
153500,1996-12-03 00:00:00Z,NE46 2QD,Detached,Established,Freehold,34,,LOUGHBROW PARK,HEXHAM,HEXHAM,TYNEDALE,NORTHUMBERLAND,Standard,Addition,54.9612600000,-2.0994350000
43500,1996-09-06 00:00:00Z,NE46 1NU,Terraced,Established,Freehold,10,,NORTH TERRACE,HEXHAM,HEXHAM,TYNEDALE,NORTHUMBERLAND,Standard,Addition,54.9690680000,-2.0996730000
42950,1997-05-02 00:00:00Z,NE46 1EQ,Terraced,Established,Leasehold,26,,ABBEY VIEW,HEXHAM,HEXHAM,TYNEDALE,NORTHUMBERLAND,Standard,Addition,54.9664590000,-2.0926230000
70000,1997-03-07 00:00:00Z,NE46 2QD,Detached,Established,Freehold,12,,LOUGHBROW PARK,HEXHAM,HEXHAM,TYNEDALE,NORTHUMBERLAND,Standard,Addition,54.9612600000,-2.0994350000
48500,1997-11-14 00:00:00Z,NE46 1EQ,Terraced,Established,Leasehold,16,,ABBEY VIEW,HEXHAM,HEXHAM,TYNEDALE,NORTHUMBERLAND,Standard,Addition,54.9664590000,-2.0926230000
42000,1997-04-04 00:00:00Z,NE46 1EQ,Semi-Detached,Established,Leasehold,35,,ABBEY VIEW,HEXHAM,HEXHAM,TYNEDALE,NORTHUMBERLAND,Standard,Addition,54.9664590000,-2.0926230000
149500,1997-07-16 00:00:00Z,NE46 1AZ,Detached,Established,Freehold,69,,HACKWOOD PARK,HEXHAM,HEXHAM,TYNEDALE,NORTHUMBERLAND,Standard,Addition,54.9639210000,-2.0971460000
35000,1997-10-31 00:00:00Z,NE46 1PN,Flats/Maisonettes,Established,Leasehold,9,,COUNTY MILLS,HEXHAM,HEXHAM,TYNEDALE,NORTHUMBERLAND,Standard,Addition,54.9699860000,-2.0982230000
29500,1997-08-08 00:00:00Z,NE46 1EA,Semi-Detached,Established,Freehold,19,,SPRINGFIELD ROAD,HEXHAM,HEXHAM,TYNEDALE,NORTHUMBERLAND,Standard,Addition,54.9671880000,-2.0912810000
57000,1997-07-25 00:00:00Z,NE46 1RF,Semi-Detached,Established,Freehold,TYNE VIEW COTTAGE,,,FELLSIDE,HEXHAM,TYNEDALE,NORTHUMBERLAND,Standard,Addition,54.9648040000,-2.0917060000
41000,1997-07-30 00:00:00Z,NE46 1EQ,Terraced,Established,Leasehold,31,,ABBEY VIEW,HEXHAM,HEXHAM,TYNEDALE,NORTHUMBERLAND,Standard,Addition,54.9664590000,-2.0926230000
65000,1997-05-27 00:00:00Z,NE46 1RE,Semi-Detached,Established,Freehold,9,,TYNE VIEW TERRACE,FELLSIDE,HEXHAM,TYNEDALE,NORTHUMBERLAND,Standard,Addition,54.9648610000,-2.0907600000
30000,1997-02-28 00:00:00Z,NE46 1PN,Flats/Maisonettes,Established,Leasehold,22,,COUNTY MILLS,HEXHAM,HEXHAM,TYNEDALE,NORTHUMBERLAND,Standard,Addition,54.9699860000,-2.0982230000
50250,1997-07-25 00:00:00Z,NE46 1RE,Terraced,Established,Freehold,2,,TYNE VIEW TERRACE,FELLSIDE,HEXHAM,TYNEDALE,NORTHUMBERLAND,Standard,Addition,54.9648610000,-2.0907600000
130000,1997-07-25 00:00:00Z,NE46 2QD,Detached,Established,Leasehold,26,,LOUGHBROW PARK,HEXHAM,HEXHAM,TYNEDALE,NORTHUMBERLAND,Standard,Addition,54.9612600000,-2.0994350000
43000,1997-12-05 00:00:00Z,NE46 1QB,Flats/Maisonettes,Established,Leasehold,8,,ARGYLE TERRACE,HEXHAM,HEXHAM,TYNEDALE,NORTHUMBERLAND,Standard,Addition,54.9696980000,-2.0978940000
124000,1997-05-30 00:00:00Z,NE46 1AZ,Detached,Established,Freehold,51,,HACKWOOD PARK,HEXHAM,HEXHAM,TYNEDALE,NORTHUMBERLAND,Standard,Addition,54.9639210000,-2.0971460000
37500,1997-06-06 00:00:00Z,NE46 1BZ,Terraced,Established,Freehold,5,,WANLESS LANE,HEXHAM,HEXHAM,TYNEDALE,NORTHUMBERLAND,Standard,Addition,54.9676330000,-2.0960930000
54000,1997-11-10 00:00:00Z,NE46 1PN,Flats/Maisonettes,Established,Leasehold,1,,COUNTY MILLS,HEXHAM,HEXHAM,TYNEDALE,NORTHUMBERLAND,Standard,Addition,54.9699860000,-2.0982230000
142500,1997-05-09 00:00:00Z,NE46 1AZ,Detached,Established,Freehold,56,,HACKWOOD PARK,HEXHAM,HEXHAM,TYNEDALE,NORTHUMBERLAND,Standard,Addition,54.9639210000,-2.0971460000
16232,1997-12-08 00:00:00Z,NE46 1JQ,Semi-Detached,New Build,Freehold,63,,WHITE CROSS,HEXHAM,HEXHAM,TYNEDALE,NORTHUMBERLAND,Standard,Addition,54.9684550000,-2.0907220000
32000,1997-07-18 00:00:00Z,NE46 1EF,Semi-Detached,Established,Freehold,9,,VALLEY VIEW,HEXHAM,HEXHAM,TYNEDALE,NORTHUMBERLAND,Standard,Addition,54.9666030000,-2.0916700000
34999,1997-08-29 00:00:00Z,NE46 1QB,Flats/Maisonettes,Established,Leasehold,11,,ARGYLE TERRACE,HEXHAM,HEXHAM,TYNEDALE,NORTHUMBERLAND,Standard,Addition,54.9696980000,-2.0978940000
142400,1997-11-21 00:00:00Z,NE46 1AZ,Detached,Established,Freehold,63,,HACKWOOD PARK,HEXHAM,HEXHAM,TYNEDALE,NORTHUMBERLAND,Standard,Addition,54.9639210000,-2.0971460000
33000,1997-06-27 00:00:00Z,NE46 1DN,Semi-Detached,Established,Freehold,3,,NENT GROVE,HEXHAM,HEXHAM,TYNEDALE,NORTHUMBERLAND,Standard,Addition,54.9681650000,-2.0942670000
33500,1998-07-24 00:00:00Z,NE46 1DW,Terraced,Established,Freehold,6,,ALLEN DRIVE,HEXHAM,HEXHAM,TYNEDALE,NORTHUMBERLAND,Standard,Addition,54.9686310000,-2.0955330000
137500,1998-11-16 00:00:00Z,NE46 1AY,Detached,Established,Freehold,38,,HACKWOOD PARK,HEXHAM,HEXHAM,TYNEDALE,NORTHUMBERLAND,Standard,Addition,54.9641360000,-2.0986770000
54950,1998-07-27 00:00:00Z,NE46 1JN,Semi-Detached,Established,Freehold,2,,NORTH VIEW,HEXHAM,HEXHAM,TYNEDALE,NORTHUMBERLAND,Standard,Addition,54.9699710000,-2.0912340000
31000,1998-01-05 00:00:00Z,NE46 1DR,Semi-Detached,Established,Freehold,43,,MAIDENS WALK,HEXHAM,HEXHAM,TYNEDALE,NORTHUMBERLAND,Standard,Addition,54.9684710000,-2.0938140000
150000,1998-04-14 00:00:00Z,NE46 2QD,Detached,Established,Freehold,12,,LOUGHBROW PARK,HEXHAM,HEXHAM,TYNEDALE,NORTHUMBERLAND,Standard,Addition,54.9612600000,-2.0994350000
35000,1998-01-09 00:00:00Z,NE46 1EB,Semi-Detached,Established,Freehold,28,,WOODLEA CRESCENT,HEXHAM,HEXHAM,TYNEDALE,NORTHUMBERLAND,Standard,Addition,54.9673410000,-2.0901100000
42000,1998-01-12 00:00:00Z,NE46 1EQ,Terraced,Established,Leasehold,5,,ABBEY VIEW,HEXHAM,HEXHAM,TYNEDALE,NORTHUMBERLAND,Standard,Addition,54.9664590000,-2.0926230000
37500,1998-02-27 00:00:00Z,NE46 1DW,Semi-Detached,Established,Freehold,25,,ALLEN DRIVE,HEXHAM,HEXHAM,TYNEDALE,NORTHUMBERLAND,Standard,Addition,54.9686310000,-2.0955330000
25000,1998-02-20 00:00:00Z,NE46 1PN,Flats/Maisonettes,Established,Leasehold,12,,COUNTY MILLS,HEXHAM,HEXHAM,TYNEDALE,NORTHUMBERLAND,Standard,Addition,54.9699860000,-2.0982230000
37500,1998-10-16 00:00:00Z,NE46 1QD,Flats/Maisonettes,Established,Leasehold,3,,DIAMOND SQUARE,HEXHAM,HEXHAM,TYNEDALE,NORTHUMBERLAND,Standard,Addition,54.9696090000,-2.0982380000
58000,1998-09-25 00:00:00Z,NE46 1NU,Terraced,Established,Freehold,6,,NORTH TERRACE,HEXHAM,HEXHAM,TYNEDALE,NORTHUMBERLAND,Standard,Addition,54.9690680000,-2.0996730000
43500,1998-03-27 00:00:00Z,NE46 1DB,Terraced,Established,Freehold,19,,REDE AVENUE,HEXHAM,HEXHAM,TYNEDALE,NORTHUMBERLAND,Standard,Addition,54.9674280000,-2.0947960000
270000,1998-08-27 00:00:00Z,NE46 1BP,Detached,Established,Freehold,THE PADDOCK,4,DIPTON MILL ROAD,HEXHAM,HEXHAM,TYNEDALE,NORTHUMBERLAND,Standard,Addition,54.9650250000,-2.0996480000
148000,1998-04-01 00:00:00Z,NE46 2QD,Detached,Established,Freehold,33,,LOUGHBROW PARK,HEXHAM,HEXHAM,TYNEDALE,NORTHUMBERLAND,Standard,Addition,54.9612600000,-2.0994350000
29000,1998-05-01 00:00:00Z,NE46 1DJ,Semi-Detached,Established,Freehold,32,,DERWENT ROAD,HEXHAM,HEXHAM,TYNEDALE,NORTHUMBERLAND,Standard,Addition,54.9673220000,-2.0921720000
34000,1998-06-15 00:00:00Z,NE46 1NU,Terraced,Established,Freehold,6,,NORTH TERRACE,HEXHAM,HEXHAM,TYNEDALE,NORTHUMBERLAND,Standard,Addition,54.9690680000,-2.0996730000
10500,1998-06-05 00:00:00Z,NE46 1PN,Flats/Maisonettes,Established,Leasehold,20,,COUNTY MILLS,HEXHAM,HEXHAM,TYNEDALE,NORTHUMBERLAND,Standard,Addition,54.9699860000,-2.0982230000
29750,1998-01-09 00:00:00Z,NE46 1PN,Flats/Maisonettes,Established,Leasehold,2,,COUNTY MILLS,HEXHAM,HEXHAM,TYNEDALE,NORTHUMBERLAND,Standard,Addition,54.9699860000,-2.0982230000
46000,1998-12-18 00:00:00Z,NE46 1EQ,Terraced,Established,Leasehold,19,,ABBEY VIEW,HEXHAM,HEXHAM,TYNEDALE,NORTHUMBERLAND,Standard,Addition,54.9664590000,-2.0926230000
135000,1998-02-13 00:00:00Z,NE46 2QD,Detached,Established,Freehold,13,,LOUGHBROW PARK,HEXHAM,HEXHAM,TYNEDALE,NORTHUMBERLAND,Standard,Addition,54.9612600000,-2.0994350000
162500,1998-12-04 00:00:00Z,NE46 1AZ,Detached,Established,Freehold,64,,HACKWOOD PARK,HEXHAM,HEXHAM,TYNEDALE,NORTHUMBERLAND,Standard,Addition,54.9639210000,-2.0971460000
108000,1998-11-13 00:00:00Z,NE46 1AY,Detached,Established,Freehold,31,,HACKWOOD PARK,HEXHAM,HEXHAM,TYNEDALE,NORTHUMBERLAND,Standard,Addition,54.9641360000,-2.0986770000
54000,1998-04-09 00:00:00Z,NE46 1BZ,Semi-Detached,Established,Freehold,3,,WANLESS LANE,HEXHAM,HEXHAM,TYNEDALE,NORTHUMBERLAND,Standard,Addition,54.9676330000,-2.0960930000
146000,1998-08-07 00:00:00Z,NE46 1AZ,Detached,Established,Freehold,67,,HACKWOOD PARK,HEXHAM,HEXHAM,TYNEDALE,NORTHUMBERLAND,Standard,Addition,54.9639210000,-2.0971460000
27500,1998-12-21 00:00:00Z,NE46 1PN,Flats/Maisonettes,Established,Leasehold,3,,COUNTY MILLS,HEXHAM,HEXHAM,TYNEDALE,NORTHUMBERLAND,Standard,Addition,54.9699860000,-2.0982230000
25000,1998-03-20 00:00:00Z,NE46 1DJ,Semi-Detached,Established,Freehold,21,,DERWENT ROAD,HEXHAM,HEXHAM,TYNEDALE,NORTHUMBERLAND,Standard,Addition,54.9673220000,-2.0921720000
41000,1998-11-05 00:00:00Z,NE46 1QD,Flats/Maisonettes,Established,Leasehold,4,,DIAMOND SQUARE,HEXHAM,HEXHAM,TYNEDALE,NORTHUMBERLAND,Standard,Addition,54.9696090000,-2.0982380000
50500,1999-05-21 00:00:00Z,NE46 1BZ,Semi-Detached,Established,Freehold,2,,WANLESS LANE,,HEXHAM,TYNEDALE,NORTHUMBERLAND,Standard,Addition,54.9676330000,-2.0960930000
41000,1999-10-22 00:00:00Z,NE46 1EQ,Terraced,Established,Leasehold,2,,ABBEY VIEW,,HEXHAM,TYNEDALE,NORTHUMBERLAND,Standard,Addition,54.9664590000,-2.0926230000
138500,1999-06-25 00:00:00Z,NE46 1AX,Detached,Established,Freehold,22,,HACKWOOD PARK,,HEXHAM,TYNEDALE,NORTHUMBERLAND,Standard,Addition,54.9628230000,-2.0993300000
160000,1999-03-02 00:00:00Z,NE46 1AZ,Detached,Established,Freehold,70,,HACKWOOD PARK,,HEXHAM,TYNEDALE,NORTHUMBERLAND,Standard,Addition,54.9639210000,-2.0971460000
40000,1999-03-12 00:00:00Z,NE46 1EQ,Terraced,Established,Freehold,6,,ABBEY VIEW,,HEXHAM,TYNEDALE,NORTHUMBERLAND,Standard,Addition,54.9664590000,-2.0926230000
100000,1999-11-15 00:00:00Z,NE46 1RE,Detached,Established,Freehold,1,,TYNE VIEW TERRACE,FELLSIDE,HEXHAM,TYNEDALE,NORTHUMBERLAND,Standard,Addition,54.9648610000,-2.0907600000
30970,1999-12-20 00:00:00Z,NE46 1DU,Semi-Detached,Established,Freehold,4,,BROOMHAUGH CLOSE,,HEXHAM,TYNEDALE,NORTHUMBERLAND,Standard,Addition,54.9679430000,-2.0914230000
146000,1999-02-12 00:00:00Z,NE46 1AX,Detached,Established,Freehold,8,,HACKWOOD PARK,,HEXHAM,TYNEDALE,NORTHUMBERLAND,Standard,Addition,54.9628230000,-2.0993300000
35000,1999-04-30 00:00:00Z,NE46 1DN,Semi-Detached,Established,Freehold,3,,NENT GROVE,,HEXHAM,TYNEDALE,NORTHUMBERLAND,Standard,Addition,54.9681650000,-2.0942670000
33950,1999-07-06 00:00:00Z,NE46 1PN,Flats/Maisonettes,Established,Leasehold,21,,COUNTY MILLS,,HEXHAM,TYNEDALE,NORTHUMBERLAND,Standard,Addition,54.9699860000,-2.0982230000
67000,1999-11-15 00:00:00Z,NE46 1RF,Semi-Detached,Established,Freehold,TYNE VIEW COTTAGE,,,FELLSIDE,HEXHAM,TYNEDALE,NORTHUMBERLAND,Standard,Addition,54.9648040000,-2.0917060000
24000,1999-03-05 00:00:00Z,NE46 1DD,Semi-Detached,Established,Freehold,3,,CHIRDON CRESCENT,,HEXHAM,TYNEDALE,NORTHUMBERLAND,Standard,Addition,54.9675180000,-2.0938590000
175750,1999-10-26 00:00:00Z,NE46 1AZ,Detached,Established,Freehold,56,,HACKWOOD PARK,,HEXHAM,TYNEDALE,NORTHUMBERLAND,Standard,Addition,54.9639210000,-2.0971460000
36500,1999-04-09 00:00:00Z,NE46 1QD,Terraced,Established,Freehold,6,,DIAMOND SQUARE,,HEXHAM,TYNEDALE,NORTHUMBERLAND,Standard,Addition,54.9696090000,-2.0982380000
84500,1999-12-21 00:00:00Z,NE46 1RE,Terraced,Established,Freehold,8,,TYNE VIEW TERRACE,FELLSIDE,HEXHAM,TYNEDALE,NORTHUMBERLAND,Standard,Addition,54.9648610000,-2.0907600000
110000,1999-05-14 00:00:00Z,NE46 2QD,Detached,Established,Freehold,23,,LOUGHBROW PARK,,HEXHAM,TYNEDALE,NORTHUMBERLAND,Standard,Addition,54.9612600000,-2.0994350000
52000,1999-07-02 00:00:00Z,NE46 1BZ,Terraced,Established,Freehold,5,,WANLESS LANE,,HEXHAM,TYNEDALE,NORTHUMBERLAND,Standard,Addition,54.9676330000,-2.0960930000
136500,1999-10-08 00:00:00Z,NE46 2QD,Detached,Established,Freehold,23,,LOUGHBROW PARK,,HEXHAM,TYNEDALE,NORTHUMBERLAND,Standard,Addition,54.9612600000,-2.0994350000
44499,2000-09-15 00:00:00Z,NE46 1QB,Flats/Maisonettes,Established,Leasehold,8,,ARGYLE TERRACE,,HEXHAM,TYNEDALE,NORTHUMBERLAND,Standard,Addition,54.9696980000,-2.0978940000
135000,2000-06-12 00:00:00Z,NE46 1AX,Detached,Established,Freehold,10,,HACKWOOD PARK,,HEXHAM,TYNEDALE,NORTHUMBERLAND,Standard,Addition,54.9628230000,-2.0993300000
52000,2000-04-28 00:00:00Z,NE46 1EQ,Terraced,Established,Leasehold,12,,ABBEY VIEW,,HEXHAM,TYNEDALE,NORTHUMBERLAND,Standard,Addition,54.9664590000,-2.0926230000
158000,2000-05-05 00:00:00Z,NE46 1AX,Detached,Established,Freehold,12A,,HACKWOOD PARK,,HEXHAM,TYNEDALE,NORTHUMBERLAND,Standard,Addition,54.9628230000,-2.0993300000
43000,2000-01-14 00:00:00Z,NE46 1DA,Semi-Detached,Established,Freehold,9,,WANLESS LANE,,HEXHAM,TYNEDALE,NORTHUMBERLAND,Standard,Addition,54.9671310000,-2.0951540000
57700,2000-02-23 00:00:00Z,NE46 1QB,Terraced,Established,Freehold,3,,ARGYLE TERRACE,,HEXHAM,TYNEDALE,NORTHUMBERLAND,Standard,Addition,54.9696980000,-2.0978940000
126000,2000-06-15 00:00:00Z,NE46 2QD,Detached,Established,Freehold,31,,LOUGHBROW PARK,,HEXHAM,TYNEDALE,NORTHUMBERLAND,Standard,Addition,54.9612600000,-2.0994350000
47000,2000-04-28 00:00:00Z,NE46 1EQ,Terraced,Established,Leasehold,31,,ABBEY VIEW,,HEXHAM,TYNEDALE,NORTHUMBERLAND,Standard,Addition,54.9664590000,-2.0926230000
33500,2000-10-31 00:00:00Z,NE46 1PN,Flats/Maisonettes,Established,Leasehold,17,,COUNTY MILLS,,HEXHAM,TYNEDALE,NORTHUMBERLAND,Standard,Addition,54.9699860000,-2.0982230000
52000,2000-03-02 00:00:00Z,NE46 1PN,Flats/Maisonettes,Established,Leasehold,15,,COUNTY MILLS,,HEXHAM,TYNEDALE,NORTHUMBERLAND,Standard,Addition,54.9699860000,-2.0982230000
168500,2000-12-19 00:00:00Z,NE46 2QD,Detached,Established,Freehold,30,,LOUGHBROW PARK,,HEXHAM,TYNEDALE,NORTHUMBERLAND,Standard,Addition,54.9612600000,-2.0994350000
53500,2001-06-29 00:00:00Z,NE46 1PN,Flats/Maisonettes,Established,Leasehold,7,,COUNTY MILLS,HEXHAM,HEXHAM,TYNEDALE,NORTHUMBERLAND,Standard,Addition,54.9699860000,-2.0982230000
49000,2001-12-14 00:00:00Z,NE46 1EQ,Terraced,Established,Freehold,34,,ABBEY VIEW,HEXHAM,HEXHAM,TYNEDALE,NORTHUMBERLAND,Standard,Addition,54.9664590000,-2.0926230000
66500,2001-06-29 00:00:00Z,NE46 1JN,Semi-Detached,Established,Freehold,2,,NORTH VIEW,HEXHAM,HEXHAM,TYNEDALE,NORTHUMBERLAND,Standard,Addition,54.9699710000,-2.0912340000
220000,2001-08-24 00:00:00Z,NE46 2QD,Detached,Established,Freehold,11,,LOUGHBROW PARK,HEXHAM,HEXHAM,TYNEDALE,NORTHUMBERLAND,Standard,Addition,54.9612600000,-2.0994350000
60000,2001-04-06 00:00:00Z,NE46 1NU,Terraced,Established,Freehold,16,,NORTH TERRACE,HEXHAM,HEXHAM,TYNEDALE,NORTHUMBERLAND,Standard,Addition,54.9690680000,-2.0996730000
67250,2001-12-19 00:00:00Z,NE46 1QD,Flats/Maisonettes,Established,Leasehold,4,,DIAMOND SQUARE,HEXHAM,HEXHAM,TYNEDALE,NORTHUMBERLAND,Standard,Addition,54.9696090000,-2.0982380000
46500,2001-07-27 00:00:00Z,NE46 1QD,Flats/Maisonettes,Established,Leasehold,1,,DIAMOND SQUARE,HEXHAM,HEXHAM,TYNEDALE,NORTHUMBERLAND,Standard,Addition,54.9696090000,-2.0982380000
160000,2001-05-01 00:00:00Z,NE46 1AX,Detached,Established,Freehold,8,,HACKWOOD PARK,HEXHAM,HEXHAM,TYNEDALE,NORTHUMBERLAND,Standard,Addition,54.9628230000,-2.0993300000
46500,2001-06-15 00:00:00Z,NE46 1EQ,Terraced,Established,Freehold,34,,ABBEY VIEW,HEXHAM,HEXHAM,TYNEDALE,NORTHUMBERLAND,Standard,Addition,54.9664590000,-2.0926230000
42500,2001-02-23 00:00:00Z,NE46 1EA,Semi-Detached,Established,Freehold,19,,SPRINGFIELD ROAD,HEXHAM,HEXHAM,TYNEDALE,NORTHUMBERLAND,Standard,Addition,54.9671880000,-2.0912810000
35000,2001-04-04 00:00:00Z,NE46 1PN,Flats/Maisonettes,Established,Leasehold,22,,COUNTY MILLS,HEXHAM,HEXHAM,TYNEDALE,NORTHUMBERLAND,Standard,Addition,54.9699860000,-2.0982230000
138000,2001-06-29 00:00:00Z,NE46 1AY,Detached,Established,Freehold,36,,HACKWOOD PARK,HEXHAM,HEXHAM,TYNEDALE,NORTHUMBERLAND,Standard,Addition,54.9641360000,-2.0986770000
52000,2001-10-05 00:00:00Z,NE46 1JH,Semi-Detached,Established,Freehold,40,,WHITE CROSS,HEXHAM,HEXHAM,TYNEDALE,NORTHUMBERLAND,Standard,Addition,54.9693720000,-2.0907390000
198500,2001-09-12 00:00:00Z,NE46 1BT,Detached,Established,Freehold,STONELEIGH,,SOUTH PARK,HEXHAM,HEXHAM,TYNEDALE,NORTHUMBERLAND,Standard,Addition,54.9658080000,-2.0974790000
60000,2001-04-06 00:00:00Z,NE46 1EQ,Terraced,Established,Freehold,11,,ABBEY VIEW,HEXHAM,HEXHAM,TYNEDALE,NORTHUMBERLAND,Standard,Addition,54.9664590000,-2.0926230000
43000,2001-01-19 00:00:00Z,NE46 1EQ,Terraced,Established,Leasehold,3,,ABBEY VIEW,HEXHAM,HEXHAM,TYNEDALE,NORTHUMBERLAND,Standard,Addition,54.9664590000,-2.0926230000
48500,2001-03-23 00:00:00Z,NE46 1EQ,Semi-Detached,Established,Leasehold,30,,ABBEY VIEW,HEXHAM,HEXHAM,TYNEDALE,NORTHUMBERLAND,Standard,Addition,54.9664590000,-2.0926230000
175000,2001-03-28 00:00:00Z,NE46 1AZ,Detached,Established,Freehold,66,,HACKWOOD PARK,HEXHAM,HEXHAM,TYNEDALE,NORTHUMBERLAND,Standard,Addition,54.9639210000,-2.0971460000
46500,2001-06-15 00:00:00Z,NE46 1EQ,Semi-Detached,Established,Leasehold,34,,ABBEY VIEW,HEXHAM,HEXHAM,TYNEDALE,NORTHUMBERLAND,Standard,Addition,54.9664590000,-2.0926230000
59000,2001-12-14 00:00:00Z,NE46 1EB,Semi-Detached,Established,Freehold,3,,WOODLEA CRESCENT,HEXHAM,HEXHAM,TYNEDALE,NORTHUMBERLAND,Standard,Addition,54.9673410000,-2.0901100000
20000,2001-12-21 00:00:00Z,NE46 1PN,Flats/Maisonettes,Established,Leasehold,10,,COUNTY MILLS,HEXHAM,HEXHAM,TYNEDALE,NORTHUMBERLAND,Standard,Addition,54.9699860000,-2.0982230000
210000,2001-12-14 00:00:00Z,NE46 1BP,Semi-Detached,New Build,Freehold,HACKWOOD HOUSE,EASTER HACKWOOD,DIPTON MILL ROAD,HEXHAM,HEXHAM,TYNEDALE,NORTHUMBERLAND,Standard,Addition,54.9650250000,-2.0996480000
150000,2001-06-07 00:00:00Z,NE46 1AX,Detached,Established,Freehold,11,,HACKWOOD PARK,HEXHAM,HEXHAM,TYNEDALE,NORTHUMBERLAND,Standard,Addition,54.9628230000,-2.0993300000
183000,2001-08-03 00:00:00Z,NE46 1AZ,Detached,Established,Freehold,69,,HACKWOOD PARK,HEXHAM,HEXHAM,TYNEDALE,NORTHUMBERLAND,Standard,Addition,54.9639210000,-2.0971460000
60000,2001-08-10 00:00:00Z,NE46 1QB,Flats/Maisonettes,Established,Leasehold,6,,ARGYLE TERRACE,HEXHAM,HEXHAM,TYNEDALE,NORTHUMBERLAND,Standard,Addition,54.9696980000,-2.0978940000
37500,2001-09-21 00:00:00Z,NE46 1EB,Semi-Detached,Established,Freehold,28,,WOODLEA CRESCENT,HEXHAM,HEXHAM,TYNEDALE,NORTHUMBERLAND,Standard,Addition,54.9673410000,-2.0901100000
150000,2001-11-20 00:00:00Z,NE46 1QU,Flats/Maisonettes,New Build,Leasehold,HIGH GABLES,1,SOUTH PARK,HEXHAM,HEXHAM,TYNEDALE,NORTHUMBERLAND,Standard,Addition,54.9661770000,-2.0975260000
196500,2002-08-02 00:00:00Z,NE46 2QD,Detached,Established,Freehold,30,,LOUGHBROW PARK,HEXHAM,HEXHAM,TYNEDALE,NORTHUMBERLAND,Standard,Addition,54.9612600000,-2.0994350000
65000,2002-07-12 00:00:00Z,NE46 1NU,Terraced,Established,Freehold,7,,NORTH TERRACE,HEXHAM,HEXHAM,TYNEDALE,NORTHUMBERLAND,Standard,Addition,54.9690680000,-2.0996730000
58500,2002-11-29 00:00:00Z,NE46 1PN,Flats/Maisonettes,Established,Leasehold,9,,COUNTY MILLS,HEXHAM,HEXHAM,TYNEDALE,NORTHUMBERLAND,Standard,Addition,54.9699860000,-2.0982230000
31750,2002-04-26 00:00:00Z,NE46 1DH,Semi-Detached,Established,Freehold,28,,CHIRDON CRESCENT,HEXHAM,HEXHAM,TYNEDALE,NORTHUMBERLAND,Standard,Addition,54.9671860000,-2.0934680000
150000,2002-04-26 00:00:00Z,NE46 1QU,Flats/Maisonettes,Established,Leasehold,HIGH GABLES,2,SOUTH PARK,HEXHAM,HEXHAM,TYNEDALE,NORTHUMBERLAND,Standard,Addition,54.9661770000,-2.0975260000
47000,2002-10-04 00:00:00Z,NE46 1DH,Semi-Detached,Established,Freehold,31,,CHIRDON CRESCENT,HEXHAM,HEXHAM,TYNEDALE,NORTHUMBERLAND,Standard,Addition,54.9671860000,-2.0934680000
138500,2002-03-08 00:00:00Z,NE46 1NU,Terraced,Established,Freehold,16,,NORTH TERRACE,HEXHAM,HEXHAM,TYNEDALE,NORTHUMBERLAND,Standard,Addition,54.9690680000,-2.0996730000
38500,2002-06-21 00:00:00Z,NE46 1PN,Flats/Maisonettes,Established,Leasehold,21,,COUNTY MILLS,HEXHAM,HEXHAM,TYNEDALE,NORTHUMBERLAND,Standard,Addition,54.9699860000,-2.0982230000
53000,2002-12-13 00:00:00Z,NE46 1DN,Semi-Detached,Established,Freehold,10,,NENT GROVE,HEXHAM,HEXHAM,TYNEDALE,NORTHUMBERLAND,Standard,Addition,54.9681650000,-2.0942670000
77000,2002-11-15 00:00:00Z,NE46 1PU,Terraced,Established,Freehold,1,,MAIDENS WALK,HEXHAM,HEXHAM,TYNEDALE,NORTHUMBERLAND,Standard,Addition,54.9697800000,-2.0972540000
65500,2002-01-18 00:00:00Z,NE46 1QB,Terraced,Established,Freehold,3,,ARGYLE TERRACE,HEXHAM,HEXHAM,TYNEDALE,NORTHUMBERLAND,Standard,Addition,54.9696980000,-2.0978940000
69000,2002-12-09 00:00:00Z,NE46 1DG,Semi-Detached,Established,Freehold,34,,BONDGATE CLOSE,HEXHAM,HEXHAM,TYNEDALE,NORTHUMBERLAND,Standard,Addition,54.9660070000,-2.0958230000
110000,2002-02-01 00:00:00Z,NE46 1QU,Flats/Maisonettes,Established,Leasehold,HIGH GABLES,5,SOUTH PARK,HEXHAM,HEXHAM,TYNEDALE,NORTHUMBERLAND,Standard,Addition,54.9661770000,-2.0975260000
187000,2002-02-12 00:00:00Z,NE46 2QD,Detached,Established,Freehold,21,,LOUGHBROW PARK,HEXHAM,HEXHAM,TYNEDALE,NORTHUMBERLAND,Standard,Addition,54.9612600000,-2.0994350000
58000,2002-06-07 00:00:00Z,NE46 1EQ,Terraced,Established,Leasehold,9,,ABBEY VIEW,HEXHAM,HEXHAM,TYNEDALE,NORTHUMBERLAND,Standard,Addition,54.9664590000,-2.0926230000
43000,2002-06-28 00:00:00Z,NE46 1EB,Semi-Detached,Established,Freehold,15,,WOODLEA CRESCENT,HEXHAM,HEXHAM,TYNEDALE,NORTHUMBERLAND,Standard,Addition,54.9673410000,-2.0901100000
42500,2002-06-14 00:00:00Z,NE46 1EA,Semi-Detached,Established,Freehold,18,,SPRINGFIELD ROAD,HEXHAM,HEXHAM,TYNEDALE,NORTHUMBERLAND,Standard,Addition,54.9671880000,-2.0912810000
74100,2002-04-19 00:00:00Z,NE46 1NU,Terraced,Established,Freehold,10,,NORTH TERRACE,HEXHAM,HEXHAM,TYNEDALE,NORTHUMBERLAND,Standard,Addition,54.9690680000,-2.0996730000
400000,2002-01-28 00:00:00Z,NE46 1BS,Detached,Established,Freehold,SOUTH PARK HOUSE,,SOUTH PARK,HEXHAM,HEXHAM,TYNEDALE,NORTHUMBERLAND,Standard,Addition,54.9661940000,-2.0985110000
45950,2002-05-03 00:00:00Z,NE46 1DD,Semi-Detached,Established,Freehold,7,,CHIRDON CRESCENT,HEXHAM,HEXHAM,TYNEDALE,NORTHUMBERLAND,Standard,Addition,54.9675180000,-2.0938590000
249500,2002-12-18 00:00:00Z,NE46 1AZ,Detached,Established,Freehold,59,,HACKWOOD PARK,HEXHAM,HEXHAM,TYNEDALE,NORTHUMBERLAND,Standard,Addition,54.9639210000,-2.0971460000
83500,2002-06-14 00:00:00Z,NE46 1NU,Terraced,Established,Freehold,14,,NORTH TERRACE,HEXHAM,HEXHAM,TYNEDALE,NORTHUMBERLAND,Standard,Addition,54.9690680000,-2.0996730000
55000,2002-09-30 00:00:00Z,NE46 1JH,Semi-Detached,Established,Freehold,18,,WHITE CROSS,HEXHAM,HEXHAM,TYNEDALE,NORTHUMBERLAND,Standard,Addition,54.9693720000,-2.0907390000
120000,2002-08-16 00:00:00Z,NE46 1QU,Flats/Maisonettes,Established,Leasehold,HIGH GABLES,7,SOUTH PARK,HEXHAM,HEXHAM,TYNEDALE,NORTHUMBERLAND,Standard,Addition,54.9661770000,-2.0975260000
63000,2002-06-07 00:00:00Z,NE46 1EQ,Terraced,Established,Freehold,7,,ABBEY VIEW,HEXHAM,HEXHAM,TYNEDALE,NORTHUMBERLAND,Standard,Addition,54.9664590000,-2.0926230000
139500,2002-07-05 00:00:00Z,NE46 1QU,Flats/Maisonettes,New Build,Leasehold,HIGH GABLES,8,SOUTH PARK,HEXHAM,HEXHAM,TYNEDALE,NORTHUMBERLAND,Standard,Addition,54.9661770000,-2.0975260000
139950,2002-03-22 00:00:00Z,NE46 1QU,Flats/Maisonettes,Established,Leasehold,HIGH GABLES,6,SOUTH PARK,HEXHAM,HEXHAM,TYNEDALE,NORTHUMBERLAND,Standard,Addition,54.9661770000,-2.0975260000
69000,2002-05-31 00:00:00Z,NE46 1QB,Terraced,Established,Freehold,5,,ARGYLE TERRACE,HEXHAM,HEXHAM,TYNEDALE,NORTHUMBERLAND,Standard,Addition,54.9696980000,-2.0978940000
42500,2002-12-03 00:00:00Z,NE46 1EA,Semi-Detached,Established,Freehold,20,,SPRINGFIELD ROAD,HEXHAM,HEXHAM,TYNEDALE,NORTHUMBERLAND,Standard,Addition,54.9671880000,-2.0912810000
60000,2002-05-17 00:00:00Z,NE46 1DN,Semi-Detached,Established,Freehold,18,,NENT GROVE,HEXHAM,HEXHAM,TYNEDALE,NORTHUMBERLAND,Standard,Addition,54.9681650000,-2.0942670000
155000,2002-12-10 00:00:00Z,NE46 1QU,Flats/Maisonettes,New Build,Leasehold,HIGH GABLES,3,SOUTH PARK,HEXHAM,HEXHAM,TYNEDALE,NORTHUMBERLAND,Standard,Addition,54.9661770000,-2.0975260000
52500,2002-05-03 00:00:00Z,NE46 1DN,Semi-Detached,Established,Freehold,3,,NENT GROVE,HEXHAM,HEXHAM,TYNEDALE,NORTHUMBERLAND,Standard,Addition,54.9681650000,-2.0942670000
89500,2002-11-29 00:00:00Z,NE46 1NU,Terraced,Established,Freehold,6,,NORTH TERRACE,HEXHAM,HEXHAM,TYNEDALE,NORTHUMBERLAND,Standard,Addition,54.9690680000,-2.0996730000
167500,2002-08-02 00:00:00Z,NE46 1QU,Flats/Maisonettes,Established,Leasehold,HIGH GABLES,4,SOUTH PARK,HEXHAM,HEXHAM,TYNEDALE,NORTHUMBERLAND,Standard,Addition,54.9661770000,-2.0975260000
150000,2003-07-19 00:00:00Z,NE46 1BT,Detached,New Build,Freehold,7,,SOUTH PARK,HEXHAM,HEXHAM,TYNEDALE,NORTHUMBERLAND,Standard,Addition,54.9658080000,-2.0974790000
46500,2003-05-30 00:00:00Z,NE46 1PN,Detached,Established,Leasehold,5,,COUNTY MILLS,HEXHAM,HEXHAM,TYNEDALE,NORTHUMBERLAND,Standard,Addition,54.9699860000,-2.0982230000
165000,2003-11-11 00:00:00Z,NE46 1BT,Semi-Detached,Established,Freehold,5,,SOUTH PARK,HEXHAM,HEXHAM,TYNEDALE,NORTHUMBERLAND,Standard,Addition,54.9658080000,-2.0974790000
184500,2003-07-10 00:00:00Z,NE46 1AH,Flats/Maisonettes,New Build,Leasehold,"LOW GABLES, 7",3,SOUTH PARK,HEXHAM,HEXHAM,TYNEDALE,NORTHUMBERLAND,Standard,Addition,54.9658360000,-2.0968380000
80500,2003-11-14 00:00:00Z,NE46 1EQ,Semi-Detached,Established,Leasehold,30,,ABBEY VIEW,HEXHAM,HEXHAM,TYNEDALE,NORTHUMBERLAND,Standard,Addition,54.9664590000,-2.0926230000
97811,2003-02-14 00:00:00Z,NE46 1DG,Semi-Detached,Established,Freehold,20,,BONDGATE CLOSE,HEXHAM,HEXHAM,TYNEDALE,NORTHUMBERLAND,Standard,Addition,54.9660070000,-2.0958230000
83000,2003-10-29 00:00:00Z,NE46 1EQ,Terraced,Established,Freehold,2,,ABBEY VIEW,HEXHAM,HEXHAM,TYNEDALE,NORTHUMBERLAND,Standard,Addition,54.9664590000,-2.0926230000
190000,2003-02-14 00:00:00Z,NE46 1AX,Detached,Established,Freehold,17,,HACKWOOD PARK,HEXHAM,HEXHAM,TYNEDALE,NORTHUMBERLAND,Standard,Addition,54.9628230000,-2.0993300000
283000,2003-11-28 00:00:00Z,NE46 2QD,Detached,Established,Freehold,33,,LOUGHBROW PARK,HEXHAM,HEXHAM,TYNEDALE,NORTHUMBERLAND,Standard,Addition,54.9612600000,-2.0994350000
67000,2003-02-07 00:00:00Z,NE46 1EQ,Terraced,Established,Leasehold,26,,ABBEY VIEW,HEXHAM,HEXHAM,TYNEDALE,NORTHUMBERLAND,Standard,Addition,54.9664590000,-2.0926230000
160000,2003-03-13 00:00:00Z,NE46 1BT,Terraced,New Build,Freehold,"ORCHARD HOUSE, 6",,SOUTH PARK,HEXHAM,HEXHAM,TYNEDALE,NORTHUMBERLAND,Standard,Addition,54.9658080000,-2.0974790000
280000,2003-04-04 00:00:00Z,NE46 2QD,Detached,Established,Freehold,10,,LOUGHBROW PARK,HEXHAM,HEXHAM,TYNEDALE,NORTHUMBERLAND,Standard,Addition,54.9612600000,-2.0994350000
90000,2003-10-10 00:00:00Z,NE46 1QB,Terraced,Established,Freehold,9,,ARGYLE TERRACE,HEXHAM,HEXHAM,TYNEDALE,NORTHUMBERLAND,Standard,Addition,54.9696980000,-2.0978940000
58000,2003-03-21 00:00:00Z,NE46 1EQ,Semi-Detached,Established,Leasehold,35,,ABBEY VIEW,HEXHAM,HEXHAM,TYNEDALE,NORTHUMBERLAND,Standard,Addition,54.9664590000,-2.0926230000
70000,2003-10-24 00:00:00Z,NE46 1BX,Terraced,Established,Freehold,47,,ALLEN DRIVE,HEXHAM,HEXHAM,TYNEDALE,NORTHUMBERLAND,Standard,Addition,54.9682620000,-2.0961100000
69000,2003-01-31 00:00:00Z,NE46 1DN,Semi-Detached,Established,Freehold,1,,NENT GROVE,HEXHAM,HEXHAM,TYNEDALE,NORTHUMBERLAND,Standard,Addition,54.9681650000,-2.0942670000
83000,2003-10-29 00:00:00Z,NE46 1EQ,Terraced,Established,Leasehold,2,,ABBEY VIEW,HEXHAM,HEXHAM,TYNEDALE,NORTHUMBERLAND,Standard,Addition,54.9664590000,-2.0926230000
68500,2003-10-17 00:00:00Z,NE46 1QB,Flats/Maisonettes,Established,Leasehold,11,,ARGYLE TERRACE,HEXHAM,HEXHAM,TYNEDALE,NORTHUMBERLAND,Standard,Addition,54.9696980000,-2.0978940000
47000,2003-07-25 00:00:00Z,NE46 1PN,Flats/Maisonettes,Established,Leasehold,17,,COUNTY MILLS,HEXHAM,HEXHAM,TYNEDALE,NORTHUMBERLAND,Standard,Addition,54.9699860000,-2.0982230000
157500,2003-10-20 00:00:00Z,NE46 1AH,Flats/Maisonettes,New Build,Leasehold,"LOW GABLES, 7",2,SOUTH PARK,HEXHAM,HEXHAM,TYNEDALE,NORTHUMBERLAND,Standard,Addition,54.9658360000,-2.0968380000
165000,2003-10-24 00:00:00Z,NE46 1BT,Detached,Established,Freehold,KIRKSTYLE,THE COTTAGE,SOUTH PARK,HEXHAM,HEXHAM,TYNEDALE,NORTHUMBERLAND,Standard,Addition,54.9658080000,-2.0974790000
68500,2003-10-17 00:00:00Z,NE46 1QB,Terraced,Established,Freehold,11A,,ARGYLE TERRACE,HEXHAM,HEXHAM,TYNEDALE,NORTHUMBERLAND,Standard,Addition,54.9696980000,-2.0978940000
155000,2003-05-27 00:00:00Z,NE46 1AH,Flats/Maisonettes,Established,Leasehold,"LOW GABLES, 7",4,SOUTH PARK,HEXHAM,HEXHAM,TYNEDALE,NORTHUMBERLAND,Standard,Addition,54.9658360000,-2.0968380000
60000,2003-05-30 00:00:00Z,NE46 1DD,Terraced,Established,Freehold,6,,CHIRDON CRESCENT,HEXHAM,HEXHAM,TYNEDALE,NORTHUMBERLAND,Standard,Addition,54.9675180000,-2.0938590000
270000,2003-10-31 00:00:00Z,NE46 1AY,Detached,Established,Freehold,48,,HACKWOOD PARK,HEXHAM,HEXHAM,TYNEDALE,NORTHUMBERLAND,Standard,Addition,54.9641360000,-2.0986770000
72000,2003-02-26 00:00:00Z,NE46 1QB,Flats/Maisonettes,Established,Leasehold,6,,ARGYLE TERRACE,HEXHAM,HEXHAM,TYNEDALE,NORTHUMBERLAND,Standard,Addition,54.9696980000,-2.0978940000
85000,2003-05-16 00:00:00Z,NE46 1QB,Terraced,Established,Freehold,3,,ARGYLE TERRACE,HEXHAM,HEXHAM,TYNEDALE,NORTHUMBERLAND,Standard,Addition,54.9696980000,-2.0978940000
64500,2003-04-11 00:00:00Z,NE46 1JH,Semi-Detached,Established,Freehold,67,,WHITE CROSS,HEXHAM,HEXHAM,TYNEDALE,NORTHUMBERLAND,Standard,Addition,54.9693720000,-2.0907390000
59600,2003-02-05 00:00:00Z,NE46 1DX,Semi-Detached,Established,Freehold,1,,DALE COURT,HEXHAM,HEXHAM,TYNEDALE,NORTHUMBERLAND,Standard,Addition,54.9680960000,-2.0904860000
160000,2003-08-15 00:00:00Z,NE46 1BT,Detached,New Build,Freehold,8,,SOUTH PARK,HEXHAM,HEXHAM,TYNEDALE,NORTHUMBERLAND,Standard,Addition,54.9658080000,-2.0974790000
79500,2003-01-06 00:00:00Z,NE46 1PU,Terraced,Established,Freehold,4,,MAIDENS WALK,HEXHAM,HEXHAM,TYNEDALE,NORTHUMBERLAND,Standard,Addition,54.9697800000,-2.0972540000
60000,2003-11-17 00:00:00Z,NE46 1PN,Flats/Maisonettes,Established,Leasehold,21,,COUNTY MILLS,HEXHAM,HEXHAM,TYNEDALE,NORTHUMBERLAND,Standard,Addition,54.9699860000,-2.0982230000
75000,2003-07-11 00:00:00Z,NE46 1PN,Detached,Established,Leasehold,13,,COUNTY MILLS,HEXHAM,HEXHAM,TYNEDALE,NORTHUMBERLAND,Standard,Addition,54.9699860000,-2.0982230000
280000,2003-10-20 00:00:00Z,NE46 1AZ,Detached,Established,Freehold,51,,HACKWOOD PARK,HEXHAM,HEXHAM,TYNEDALE,NORTHUMBERLAND,Standard,Addition,54.9639210000,-2.0971460000
82500,2003-03-28 00:00:00Z,NE46 1DG,Semi-Detached,Established,Freehold,35,,BONDGATE CLOSE,HEXHAM,HEXHAM,TYNEDALE,NORTHUMBERLAND,Standard,Addition,54.9660070000,-2.0958230000
355000,2004-04-30 00:00:00Z,NE46 2QD,Detached,Established,Freehold,16,,LOUGHBROW PARK,HEXHAM,HEXHAM,TYNEDALE,NORTHUMBERLAND,Standard,Addition,54.9612600000,-2.0994350000
265000,2004-01-30 00:00:00Z,NE46 1AY,Detached,Established,Freehold,31,,HACKWOOD PARK,HEXHAM,HEXHAM,TYNEDALE,NORTHUMBERLAND,Standard,Addition,54.9641360000,-2.0986770000
268000,2004-02-16 00:00:00Z,NE46 1AY,Detached,Established,Freehold,39,,HACKWOOD PARK,HEXHAM,HEXHAM,TYNEDALE,NORTHUMBERLAND,Standard,Addition,54.9641360000,-2.0986770000
125000,2004-08-06 00:00:00Z,NE46 1DG,Semi-Detached,Established,Freehold,20,,BONDGATE CLOSE,HEXHAM,HEXHAM,TYNEDALE,NORTHUMBERLAND,Standard,Addition,54.9660070000,-2.0958230000
82500,2004-11-01 00:00:00Z,NE46 1DN,Semi-Detached,Established,Freehold,21,,NENT GROVE,HEXHAM,HEXHAM,TYNEDALE,NORTHUMBERLAND,Standard,Addition,54.9681650000,-2.0942670000
120000,2004-02-20 00:00:00Z,NE46 1JN,Semi-Detached,Established,Freehold,2,,NORTH VIEW,HEXHAM,HEXHAM,TYNEDALE,NORTHUMBERLAND,Standard,Addition,54.9699710000,-2.0912340000
42000,2004-10-18 00:00:00Z,NE46 1DH,Semi-Detached,Established,Freehold,37,,CHIRDON CRESCENT,HEXHAM,HEXHAM,TYNEDALE,NORTHUMBERLAND,Standard,Addition,54.9671860000,-2.0934680000
148000,2004-08-27 00:00:00Z,NE46 1PN,Flats/Maisonettes,Established,Leasehold,15,,COUNTY MILLS,HEXHAM,HEXHAM,TYNEDALE,NORTHUMBERLAND,Standard,Addition,54.9699860000,-2.0982230000
43000,2004-06-07 00:00:00Z,NE46 1DH,Semi-Detached,Established,Freehold,27,,CHIRDON CRESCENT,HEXHAM,HEXHAM,TYNEDALE,NORTHUMBERLAND,Standard,Addition,54.9671860000,-2.0934680000
63000,2004-01-30 00:00:00Z,NE46 1DJ,Semi-Detached,Established,Freehold,21,,DERWENT ROAD,HEXHAM,HEXHAM,TYNEDALE,NORTHUMBERLAND,Standard,Addition,54.9673220000,-2.0921720000
57950,2004-09-13 00:00:00Z,NE46 1EB,Semi-Detached,Established,Freehold,2,,WOODLEA CRESCENT,HEXHAM,HEXHAM,TYNEDALE,NORTHUMBERLAND,Standard,Addition,54.9673410000,-2.0901100000
73000,2004-10-15 00:00:00Z,NE46 1DH,Semi-Detached,Established,Freehold,31,,CHIRDON CRESCENT,HEXHAM,HEXHAM,TYNEDALE,NORTHUMBERLAND,Standard,Addition,54.9671860000,-2.0934680000
320101,2004-05-28 00:00:00Z,NE46 1AX,Detached,Established,Freehold,2,,HACKWOOD PARK,HEXHAM,HEXHAM,TYNEDALE,NORTHUMBERLAND,Standard,Addition,54.9628230000,-2.0993300000
35000,2004-07-07 00:00:00Z,NE46 1PN,Flats/Maisonettes,Established,Leasehold,8,,COUNTY MILLS,HEXHAM,HEXHAM,TYNEDALE,NORTHUMBERLAND,Standard,Addition,54.9699860000,-2.0982230000
60000,2004-05-10 00:00:00Z,NE46 1EE,Semi-Detached,Established,Freehold,1,,ASHWOOD ROAD,HEXHAM,HEXHAM,TYNEDALE,NORTHUMBERLAND,Standard,Addition,54.9669810000,-2.0910150000
223500,2004-12-10 00:00:00Z,NE46 1RE,Terraced,Established,Freehold,8,,TYNE VIEW TERRACE,FELLSIDE,HEXHAM,TYNEDALE,NORTHUMBERLAND,Standard,Addition,54.9648610000,-2.0907600000
118500,2004-09-24 00:00:00Z,NE46 1BZ,Terraced,Established,Freehold,5,,WANLESS LANE,HEXHAM,HEXHAM,TYNEDALE,NORTHUMBERLAND,Standard,Addition,54.9676330000,-2.0960930000
125000,2004-02-27 00:00:00Z,NE46 1NU,Terraced,Established,Freehold,10,,NORTH TERRACE,HEXHAM,HEXHAM,TYNEDALE,NORTHUMBERLAND,Standard,Addition,54.9690680000,-2.0996730000
117500,2004-08-12 00:00:00Z,NE46 1DN,Semi-Detached,Established,Freehold,18,,NENT GROVE,HEXHAM,HEXHAM,TYNEDALE,NORTHUMBERLAND,Standard,Addition,54.9681650000,-2.0942670000
85250,2004-01-23 00:00:00Z,NE46 1DN,Semi-Detached,Established,Freehold,1,,NENT GROVE,HEXHAM,HEXHAM,TYNEDALE,NORTHUMBERLAND,Standard,Addition,54.9681650000,-2.0942670000
47250,2004-02-06 00:00:00Z,NE46 1EA,Semi-Detached,Established,Freehold,19,,SPRINGFIELD ROAD,HEXHAM,HEXHAM,TYNEDALE,NORTHUMBERLAND,Standard,Addition,54.9671880000,-2.0912810000
35500,2004-02-25 00:00:00Z,NE46 1PN,Flats/Maisonettes,Established,Leasehold,10,,COUNTY MILLS,HEXHAM,HEXHAM,TYNEDALE,NORTHUMBERLAND,Standard,Addition,54.9699860000,-2.0982230000
120100,2004-05-14 00:00:00Z,NE46 1PU,Terraced,Established,Freehold,2,,MAIDENS WALK,HEXHAM,HEXHAM,TYNEDALE,NORTHUMBERLAND,Standard,Addition,54.9697800000,-2.0972540000
335000,2004-08-12 00:00:00Z,NE46 1AX,Detached,Established,Freehold,4,,HACKWOOD PARK,HEXHAM,HEXHAM,TYNEDALE,NORTHUMBERLAND,Standard,Addition,54.9628230000,-2.0993300000
95000,2004-10-22 00:00:00Z,NE46 1EQ,Terraced,Established,Freehold,34,,ABBEY VIEW,HEXHAM,HEXHAM,TYNEDALE,NORTHUMBERLAND,Standard,Addition,54.9664590000,-2.0926230000
82000,2004-09-10 00:00:00Z,NE46 1EB,Semi-Detached,Established,Freehold,5,,WOODLEA CRESCENT,HEXHAM,HEXHAM,TYNEDALE,NORTHUMBERLAND,Standard,Addition,54.9673410000,-2.0901100000
125150,2004-06-04 00:00:00Z,NE46 1NU,Terraced,Established,Freehold,2,,NORTH TERRACE,HEXHAM,HEXHAM,TYNEDALE,NORTHUMBERLAND,Standard,Addition,54.9690680000,-2.0996730000
250000,2004-06-14 00:00:00Z,NE46 1AX,Detached,Established,Freehold,11,,HACKWOOD PARK,HEXHAM,HEXHAM,TYNEDALE,NORTHUMBERLAND,Standard,Addition,54.9628230000,-2.0993300000
79950,2004-02-27 00:00:00Z,NE46 1JH,Terraced,Established,Freehold,46,,WHITE CROSS,HEXHAM,HEXHAM,TYNEDALE,NORTHUMBERLAND,Standard,Addition,54.9693720000,-2.0907390000
49500,2004-07-08 00:00:00Z,NE46 1PN,Detached,Established,Leasehold,6,,COUNTY MILLS,HEXHAM,HEXHAM,TYNEDALE,NORTHUMBERLAND,Standard,Addition,54.9699860000,-2.0982230000
70000,2004-03-02 00:00:00Z,NE46 1PN,Flats/Maisonettes,Established,Leasehold,22,,COUNTY MILLS,HEXHAM,HEXHAM,TYNEDALE,NORTHUMBERLAND,Standard,Addition,54.9699860000,-2.0982230000
80000,2005-10-31 00:00:00Z,NE46 1EQ,Terraced,Established,Freehold,3,,ABBEY VIEW,HEXHAM,HEXHAM,TYNEDALE,NORTHUMBERLAND,Standard,Addition,54.9664590000,-2.0926230000
136500,2005-09-23 00:00:00Z,NE46 1NU,Terraced,Established,Freehold,2,,NORTH TERRACE,HEXHAM,HEXHAM,TYNEDALE,NORTHUMBERLAND,Standard,Addition,54.9690680000,-2.0996730000
73000,2005-10-28 00:00:00Z,NE46 1PN,Flats/Maisonettes,Established,Leasehold,17,,COUNTY MILLS,HEXHAM,HEXHAM,TYNEDALE,NORTHUMBERLAND,Standard,Addition,54.9699860000,-2.0982230000
61000,2005-12-19 00:00:00Z,NE46 1DJ,Semi-Detached,Established,Freehold,38,,DERWENT ROAD,HEXHAM,HEXHAM,TYNEDALE,NORTHUMBERLAND,Standard,Addition,54.9673220000,-2.0921720000
75000,2005-08-02 00:00:00Z,NE46 1DN,Semi-Detached,Established,Freehold,16,,NENT GROVE,HEXHAM,HEXHAM,TYNEDALE,NORTHUMBERLAND,Standard,Addition,54.9681650000,-2.0942670000
340000,2005-05-16 00:00:00Z,NE46 1AX,Detached,Established,Freehold,16,,HACKWOOD PARK,HEXHAM,HEXHAM,TYNEDALE,NORTHUMBERLAND,Standard,Addition,54.9628230000,-2.0993300000
80000,2005-02-03 00:00:00Z,NE46 1EQ,Terraced,Established,Leasehold,28,,ABBEY VIEW,HEXHAM,HEXHAM,TYNEDALE,NORTHUMBERLAND,Standard,Addition,54.9664590000,-2.0926230000
59950,2005-01-13 00:00:00Z,NE46 1PN,Flats/Maisonettes,Established,Leasehold,4,,COUNTY MILLS,HEXHAM,HEXHAM,TYNEDALE,NORTHUMBERLAND,Standard,Addition,54.9699860000,-2.0982230000
127500,2005-08-12 00:00:00Z,NE46 1DS,Semi-Detached,Established,Freehold,7,,BROOMHAUGH CLOSE,HEXHAM,HEXHAM,TYNEDALE,NORTHUMBERLAND,Standard,Addition,54.9678700000,-2.0919070000
115500,2005-04-24 00:00:00Z,NE46 1JH,Terraced,Established,Freehold,46,,WHITE CROSS,HEXHAM,HEXHAM,TYNEDALE,NORTHUMBERLAND,Standard,Addition,54.9693720000,-2.0907390000
125000,2005-12-09 00:00:00Z,NE46 1DH,Terraced,Established,Freehold,22,,CHIRDON CRESCENT,HEXHAM,HEXHAM,TYNEDALE,NORTHUMBERLAND,Standard,Addition,54.9671860000,-2.0934680000
120000,2005-11-18 00:00:00Z,NE46 1QD,Flats/Maisonettes,Established,Leasehold,6,,DIAMOND SQUARE,HEXHAM,HEXHAM,TYNEDALE,NORTHUMBERLAND,Standard,Addition,54.9696090000,-2.0982380000
60000,2005-11-18 00:00:00Z,NE46 1PN,Flats/Maisonettes,Established,Leasehold,5,,COUNTY MILLS,HEXHAM,HEXHAM,TYNEDALE,NORTHUMBERLAND,Standard,Addition,54.9699860000,-2.0982230000
34000,2005-02-22 00:00:00Z,NE46 1PN,Flats/Maisonettes,Established,Leasehold,18,,COUNTY MILLS,HEXHAM,HEXHAM,TYNEDALE,NORTHUMBERLAND,Standard,Addition,54.9699860000,-2.0982230000
65525,2005-07-29 00:00:00Z,NE46 1PN,Flats/Maisonettes,Established,Leasehold,3,,COUNTY MILLS,HEXHAM,HEXHAM,TYNEDALE,NORTHUMBERLAND,Standard,Addition,54.9699860000,-2.0982230000
110000,2005-11-30 00:00:00Z,NE46 1JH,Semi-Detached,Established,Freehold,52,,WHITE CROSS,,HEXHAM,TYNEDALE,NORTHUMBERLAND,Standard,Addition,54.9693720000,-2.0907390000
235000,2005-02-01 00:00:00Z,NE46 1QU,Flats/Maisonettes,Established,Leasehold,HIGH GABLES,6,SOUTH PARK,HEXHAM,HEXHAM,TYNEDALE,NORTHUMBERLAND,Standard,Addition,54.9661770000,-2.0975260000
130000,2005-03-24 00:00:00Z,NE46 1DG,Semi-Detached,Established,Freehold,30,,BONDGATE CLOSE,HEXHAM,HEXHAM,TYNEDALE,NORTHUMBERLAND,Standard,Addition,54.9660070000,-2.0958230000
97000,2005-03-24 00:00:00Z,NE46 1PN,Flats/Maisonettes,Established,Leasehold,13,,COUNTY MILLS,HEXHAM,HEXHAM,TYNEDALE,NORTHUMBERLAND,Standard,Addition,54.9699860000,-2.0982230000
120000,2005-11-18 00:00:00Z,NE46 1EQ,Terraced,Established,Leasehold,12,,ABBEY VIEW,HEXHAM,HEXHAM,TYNEDALE,NORTHUMBERLAND,Standard,Addition,54.9664590000,-2.0926230000
130000,2005-05-27 00:00:00Z,NE46 1DG,Semi-Detached,Established,Freehold,12,,BONDGATE CLOSE,HEXHAM,HEXHAM,TYNEDALE,NORTHUMBERLAND,Standard,Addition,54.9660070000,-2.0958230000
80000,2005-02-03 00:00:00Z,NE46 1EQ,Terraced,Established,Freehold,28,,ABBEY VIEW,HEXHAM,HEXHAM,TYNEDALE,NORTHUMBERLAND,Standard,Addition,54.9664590000,-2.0926230000
78000,2005-08-22 00:00:00Z,NE46 1PN,Flats/Maisonettes,Established,Leasehold,22,,COUNTY MILLS,HEXHAM,HEXHAM,TYNEDALE,NORTHUMBERLAND,Standard,Addition,54.9699860000,-2.0982230000
65000,2005-08-26 00:00:00Z,NE46 1DH,Semi-Detached,Established,Freehold,28,,CHIRDON CRESCENT,HEXHAM,HEXHAM,TYNEDALE,NORTHUMBERLAND,Standard,Addition,54.9671860000,-2.0934680000
131750,2006-01-19 00:00:00Z,NE46 1EQ,Terraced,Established,Leasehold,18,,ABBEY VIEW,HEXHAM,HEXHAM,TYNEDALE,NORTHUMBERLAND,Standard,Addition,54.9664590000,-2.0926230000
93000,2006-01-04 00:00:00Z,NE46 1QB,Flats/Maisonettes,Established,Leasehold,11,,ARGYLE TERRACE,HEXHAM,HEXHAM,TYNEDALE,NORTHUMBERLAND,Standard,Addition,54.9696980000,-2.0978940000
110000,2006-04-14 00:00:00Z,NE46 1EQ,Terraced,Established,Leasehold,9,,ABBEY VIEW,HEXHAM,HEXHAM,TYNEDALE,NORTHUMBERLAND,Standard,Addition,54.9664590000,-2.0926230000
131750,2006-01-19 00:00:00Z,NE46 1EQ,Terraced,Established,Freehold,18,,ABBEY VIEW,HEXHAM,HEXHAM,TYNEDALE,NORTHUMBERLAND,Standard,Addition,54.9664590000,-2.0926230000
330000,2006-04-12 00:00:00Z,NE46 1BT,Detached,Established,Freehold,7,,SOUTH PARK,HEXHAM,HEXHAM,TYNEDALE,NORTHUMBERLAND,Standard,Addition,54.9658080000,-2.0974790000
75000,2006-11-24 00:00:00Z,NE46 1DJ,Semi-Detached,Established,Freehold,21,,DERWENT ROAD,HEXHAM,HEXHAM,TYNEDALE,NORTHUMBERLAND,Standard,Addition,54.9673220000,-2.0921720000
115000,2006-02-03 00:00:00Z,NE46 1EQ,Terraced,Established,Freehold,34,,ABBEY VIEW,HEXHAM,HEXHAM,TYNEDALE,NORTHUMBERLAND,Standard,Addition,54.9664590000,-2.0926230000
119500,2006-07-04 00:00:00Z,NE46 1EQ,Terraced,Established,Leasehold,28,,ABBEY VIEW,HEXHAM,HEXHAM,TYNEDALE,NORTHUMBERLAND,Standard,Addition,54.9664590000,-2.0926230000
133000,2006-02-10 00:00:00Z,NE46 1QB,Flats/Maisonettes,Established,Leasehold,10,,ARGYLE TERRACE,HEXHAM,HEXHAM,TYNEDALE,NORTHUMBERLAND,Standard,Addition,54.9696980000,-2.0978940000
315000,2006-08-04 00:00:00Z,NE46 1AX,Detached,Established,Freehold,11,,HACKWOOD PARK,HEXHAM,HEXHAM,TYNEDALE,NORTHUMBERLAND,Standard,Addition,54.9628230000,-2.0993300000
125000,2006-12-08 00:00:00Z,NE46 1EQ,Semi-Detached,Established,Leasehold,30,,ABBEY VIEW,HEXHAM,HEXHAM,TYNEDALE,NORTHUMBERLAND,Standard,Addition,54.9664590000,-2.0926230000
125000,2006-08-24 00:00:00Z,NE46 1DN,Semi-Detached,Established,Freehold,18,,NENT GROVE,HEXHAM,HEXHAM,TYNEDALE,NORTHUMBERLAND,Standard,Addition,54.9681650000,-2.0942670000
145000,2006-10-12 00:00:00Z,NE46 1JN,Semi-Detached,Established,Freehold,2,,NORTH VIEW,HEXHAM,HEXHAM,TYNEDALE,NORTHUMBERLAND,Standard,Addition,54.9699710000,-2.0912340000
350000,2006-02-10 00:00:00Z,NE46 1AX,Detached,Established,Freehold,5,,HACKWOOD PARK,HEXHAM,HEXHAM,TYNEDALE,NORTHUMBERLAND,Standard,Addition,54.9628230000,-2.0993300000
145000,2006-07-19 00:00:00Z,NE46 1DG,Semi-Detached,Established,Freehold,44,,BONDGATE CLOSE,HEXHAM,HEXHAM,TYNEDALE,NORTHUMBERLAND,Standard,Addition,54.9660070000,-2.0958230000
149000,2006-09-15 00:00:00Z,NE46 1PU,Terraced,Established,Freehold,2,,MAIDENS WALK,HEXHAM,HEXHAM,TYNEDALE,NORTHUMBERLAND,Standard,Addition,54.9697800000,-2.0972540000
85000,2006-04-18 00:00:00Z,NE46 1EB,Semi-Detached,Established,Freehold,15,,WOODLEA CRESCENT,HEXHAM,HEXHAM,TYNEDALE,NORTHUMBERLAND,Standard,Addition,54.9673410000,-2.0901100000
138500,2006-02-08 00:00:00Z,NE46 1NU,Terraced,Established,Freehold,10,,NORTH TERRACE,HEXHAM,HEXHAM,TYNEDALE,NORTHUMBERLAND,Standard,Addition,54.9690680000,-2.0996730000
92000,2006-07-13 00:00:00Z,NE46 1DN,Semi-Detached,Established,Freehold,21,,NENT GROVE,HEXHAM,HEXHAM,TYNEDALE,NORTHUMBERLAND,Standard,Addition,54.9681650000,-2.0942670000
143750,2006-06-09 00:00:00Z,NE46 1NU,Terraced,Established,Freehold,10,,NORTH TERRACE,HEXHAM,HEXHAM,TYNEDALE,NORTHUMBERLAND,Standard,Addition,54.9690680000,-2.0996730000
130000,2006-02-09 00:00:00Z,NE46 1PN,Flats/Maisonettes,Established,Leasehold,14,,COUNTY MILLS,HEXHAM,HEXHAM,TYNEDALE,NORTHUMBERLAND,Standard,Addition,54.9699860000,-2.0982230000
304000,2006-12-14 00:00:00Z,NE46 1AW,Flats/Maisonettes,New Build,Leasehold,1,,LONG CLOSE,HEXHAM,HEXHAM,TYNEDALE,NORTHUMBERLAND,Standard,Addition,54.9682870000,-2.0985470000
93000,2006-01-04 00:00:00Z,NE46 1QB,Flats/Maisonettes,Established,Freehold,11A,,ARGYLE TERRACE,HEXHAM,HEXHAM,TYNEDALE,NORTHUMBERLAND,Standard,Addition,54.9696980000,-2.0978940000
360000,2006-09-04 00:00:00Z,NE46 1AZ,Detached,Established,Freehold,69,,HACKWOOD PARK,HEXHAM,HEXHAM,TYNEDALE,NORTHUMBERLAND,Standard,Addition,54.9639210000,-2.0971460000
90000,2006-03-24 00:00:00Z,NE46 1EB,Semi-Detached,Established,Freehold,3,,WOODLEA CRESCENT,HEXHAM,HEXHAM,TYNEDALE,NORTHUMBERLAND,Standard,Addition,54.9673410000,-2.0901100000
128000,2006-07-04 00:00:00Z,NE46 1EQ,Terraced,Established,Leasehold,21,,ABBEY VIEW,HEXHAM,HEXHAM,TYNEDALE,NORTHUMBERLAND,Standard,Addition,54.9664590000,-2.0926230000
295000,2006-02-24 00:00:00Z,NE46 1AY,Detached,Established,Freehold,42,,HACKWOOD PARK,HEXHAM,HEXHAM,TYNEDALE,NORTHUMBERLAND,Standard,Addition,54.9641360000,-2.0986770000
250000,2006-08-18 00:00:00Z,NE46 1AG,Flats/Maisonettes,New Build,Leasehold,HOLLY COURT,6,SOUTH PARK,HEXHAM,HEXHAM,TYNEDALE,NORTHUMBERLAND,Standard,Addition,54.9660850000,-2.0967070000
111000,2006-12-08 00:00:00Z,NE46 1QD,Flats/Maisonettes,Established,Leasehold,3,,DIAMOND SQUARE,HEXHAM,HEXHAM,TYNEDALE,NORTHUMBERLAND,Standard,Addition,54.9696090000,-2.0982380000
123000,2006-07-03 00:00:00Z,NE46 1DG,Semi-Detached,Established,Freehold,44,,BONDGATE CLOSE,HEXHAM,HEXHAM,TYNEDALE,NORTHUMBERLAND,Standard,Addition,54.9660070000,-2.0958230000
85000,2006-07-21 00:00:00Z,NE46 1DN,Semi-Detached,Established,Freehold,20,,NENT GROVE,HEXHAM,HEXHAM,TYNEDALE,NORTHUMBERLAND,Standard,Addition,54.9681650000,-2.0942670000
75000,2006-04-10 00:00:00Z,NE46 1DJ,Semi-Detached,Established,Freehold,32,,DERWENT ROAD,HEXHAM,HEXHAM,TYNEDALE,NORTHUMBERLAND,Standard,Addition,54.9673220000,-2.0921720000
86950,2006-10-02 00:00:00Z,NE46 1DJ,Semi-Detached,Established,Freehold,28,,DERWENT ROAD,HEXHAM,HEXHAM,TYNEDALE,NORTHUMBERLAND,Standard,Addition,54.9673220000,-2.0921720000
131000,2007-01-05 00:00:00Z,NE46 1JH,Semi-Detached,Established,Freehold,67,,WHITE CROSS,HEXHAM,HEXHAM,TYNEDALE,NORTHUMBERLAND,Standard,Addition,54.9693720000,-2.0907390000
330000,2007-03-27 00:00:00Z,NE46 2QD,Detached,Established,Freehold,31,,LOUGHBROW PARK,HEXHAM,HEXHAM,TYNEDALE,NORTHUMBERLAND,Standard,Addition,54.9612600000,-2.0994350000
215000,2007-01-26 00:00:00Z,NE46 1RA,Detached,Established,Freehold,1,,SHIELD COURT,FELLSIDE,HEXHAM,TYNEDALE,NORTHUMBERLAND,Standard,Addition,54.9650910000,-2.0956180000
123500,2007-09-28 00:00:00Z,NE46 1QD,Flats/Maisonettes,Established,Leasehold,1,,DIAMOND SQUARE,HEXHAM,HEXHAM,TYNEDALE,NORTHUMBERLAND,Standard,Addition,54.9696090000,-2.0982380000
83500,2007-05-18 00:00:00Z,NE46 1DJ,Terraced,Established,Freehold,36,,DERWENT ROAD,HEXHAM,HEXHAM,TYNEDALE,NORTHUMBERLAND,Standard,Addition,54.9673220000,-2.0921720000
130000,2007-11-09 00:00:00Z,NE46 1DW,Semi-Detached,Established,Freehold,25,,ALLEN DRIVE,HEXHAM,HEXHAM,TYNEDALE,NORTHUMBERLAND,Standard,Addition,54.9686310000,-2.0955330000
115500,2007-08-20 00:00:00Z,NE46 1EQ,Terraced,Established,Freehold,4,,ABBEY VIEW,HEXHAM,HEXHAM,TYNEDALE,NORTHUMBERLAND,Standard,Addition,54.9664590000,-2.0926230000
62750,2007-11-19 00:00:00Z,NE46 1EF,Semi-Detached,Established,Freehold,9,,VALLEY VIEW,HEXHAM,HEXHAM,TYNEDALE,NORTHUMBERLAND,Standard,Addition,54.9666030000,-2.0916700000
385000,2007-07-05 00:00:00Z,NE46 1BT,Detached,Established,Freehold,8,,SOUTH PARK,HEXHAM,HEXHAM,TYNEDALE,NORTHUMBERLAND,Standard,Addition,54.9658080000,-2.0974790000
82000,2007-04-25 00:00:00Z,NE46 1EA,Semi-Detached,Established,Freehold,19,,SPRINGFIELD ROAD,HEXHAM,HEXHAM,TYNEDALE,NORTHUMBERLAND,Standard,Addition,54.9671880000,-2.0912810000
319000,2007-04-20 00:00:00Z,NE46 1AW,Flats/Maisonettes,New Build,Leasehold,3,,LONG CLOSE,HEXHAM,HEXHAM,TYNEDALE,NORTHUMBERLAND,Standard,Addition,54.9682870000,-2.0985470000
84080,2007-03-23 00:00:00Z,NE46 1DW,Semi-Detached,Established,Freehold,25,,ALLEN DRIVE,HEXHAM,HEXHAM,TYNEDALE,NORTHUMBERLAND,Standard,Addition,54.9686310000,-2.0955330000
360000,2007-01-05 00:00:00Z,NE46 1AZ,Detached,Established,Freehold,67,,HACKWOOD PARK,HEXHAM,HEXHAM,TYNEDALE,NORTHUMBERLAND,Standard,Addition,54.9639210000,-2.0971460000
96000,2007-03-09 00:00:00Z,NE46 1DN,Terraced,Established,Freehold,11,,NENT GROVE,HEXHAM,HEXHAM,TYNEDALE,NORTHUMBERLAND,Standard,Addition,54.9681650000,-2.0942670000
75000,2007-05-16 00:00:00Z,NE46 1DJ,Semi-Detached,Established,Freehold,32,,DERWENT ROAD,HEXHAM,HEXHAM,TYNEDALE,NORTHUMBERLAND,Standard,Addition,54.9673220000,-2.0921720000
236000,2007-07-20 00:00:00Z,NE46 1AG,Flats/Maisonettes,New Build,Leasehold,HOLLY COURT,4,SOUTH PARK,HEXHAM,HEXHAM,TYNEDALE,NORTHUMBERLAND,Standard,Addition,54.9660850000,-2.0967070000
335000,2007-11-13 00:00:00Z,NE46 1AX,Detached,Established,Freehold,12A,,HACKWOOD PARK,HEXHAM,HEXHAM,TYNEDALE,NORTHUMBERLAND,Standard,Addition,54.9628230000,-2.0993300000
133000,2007-09-28 00:00:00Z,NE46 1EF,Semi-Detached,Established,Freehold,10,,VALLEY VIEW,HEXHAM,HEXHAM,TYNEDALE,NORTHUMBERLAND,Standard,Addition,54.9666030000,-2.0916700000
249703,2007-06-27 00:00:00Z,NE46 1RE,Semi-Detached,Established,Freehold,9,,TYNE VIEW TERRACE,FELLSIDE,HEXHAM,TYNEDALE,NORTHUMBERLAND,Standard,Addition,54.9648610000,-2.0907600000
76000,2007-01-31 00:00:00Z,NE46 1EB,Semi-Detached,Established,Freehold,5,,WOODLEA CRESCENT,HEXHAM,HEXHAM,TYNEDALE,NORTHUMBERLAND,Standard,Addition,54.9673410000,-2.0901100000
420000,2007-06-18 00:00:00Z,NE46 2QD,Detached,Established,Freehold,1,,LOUGHBROW PARK,HEXHAM,HEXHAM,TYNEDALE,NORTHUMBERLAND,Standard,Addition,54.9612600000,-2.0994350000
85000,2007-07-13 00:00:00Z,NE46 1EB,Semi-Detached,Established,Freehold,15,,WOODLEA CRESCENT,HEXHAM,HEXHAM,TYNEDALE,NORTHUMBERLAND,Standard,Addition,54.9673410000,-2.0901100000
385000,2007-06-07 00:00:00Z,NE46 1AZ,Detached,Established,Freehold,59,,HACKWOOD PARK,HEXHAM,HEXHAM,TYNEDALE,NORTHUMBERLAND,Standard,Addition,54.9639210000,-2.0971460000
71000,2007-04-02 00:00:00Z,NE46 1DL,Semi-Detached,Established,Freehold,9,,DERWENT ROAD,HEXHAM,HEXHAM,TYNEDALE,NORTHUMBERLAND,Standard,Addition,54.9679060000,-2.0927980000
310000,2007-04-20 00:00:00Z,NE46 1AW,Flats/Maisonettes,New Build,Leasehold,9,,LONG CLOSE,HEXHAM,HEXHAM,TYNEDALE,NORTHUMBERLAND,Standard,Addition,54.9682870000,-2.0985470000
315000,2007-06-01 00:00:00Z,NE46 2QD,Detached,Established,Freehold,5,,LOUGHBROW PARK,HEXHAM,HEXHAM,TYNEDALE,NORTHUMBERLAND,Standard,Addition,54.9612600000,-2.0994350000
295000,2007-04-20 00:00:00Z,NE46 1AW,Flats/Maisonettes,New Build,Leasehold,19,,LONG CLOSE,HEXHAM,HEXHAM,TYNEDALE,NORTHUMBERLAND,Standard,Addition,54.9682870000,-2.0985470000
91000,2007-08-09 00:00:00Z,NE46 1DL,Terraced,Established,Freehold,18,,DERWENT ROAD,HEXHAM,HEXHAM,TYNEDALE,NORTHUMBERLAND,Standard,Addition,54.9679060000,-2.0927980000
340000,2007-04-03 00:00:00Z,NE46 1AX,Detached,Established,Freehold,8,,HACKWOOD PARK,HEXHAM,HEXHAM,TYNEDALE,NORTHUMBERLAND,Standard,Addition,54.9628230000,-2.0993300000
84000,2007-06-07 00:00:00Z,NE46 1EA,Semi-Detached,Established,Freehold,18,,SPRINGFIELD ROAD,HEXHAM,HEXHAM,TYNEDALE,NORTHUMBERLAND,Standard,Addition,54.9671880000,-2.0912810000
83170,2008-01-08 00:00:00Z,NE46 1DL,Semi-Detached,Established,Freehold,10,,DERWENT ROAD,HEXHAM,HEXHAM,TYNEDALE,NORTHUMBERLAND,Standard,Addition,54.9679060000,-2.0927980000
330000,2008-05-23 00:00:00Z,NE46 1QU,Flats/Maisonettes,Established,Leasehold,HIGH GABLES,1,SOUTH PARK,HEXHAM,HEXHAM,TYNEDALE,NORTHUMBERLAND,Standard,Addition,54.9661770000,-2.0975260000
110000,2008-02-01 00:00:00Z,NE46 1EQ,Terraced,Established,Leasehold,26,,ABBEY VIEW,HEXHAM,HEXHAM,TYNEDALE,NORTHUMBERLAND,Standard,Addition,54.9664590000,-2.0926230000
285000,2008-05-09 00:00:00Z,NE46 1BP,Detached,Established,Freehold,THE PADDOCK,1,DIPTON MILL ROAD,HEXHAM,HEXHAM,TYNEDALE,NORTHUMBERLAND,Standard,Addition,54.9650250000,-2.0996480000
75000,2008-02-28 00:00:00Z,NE46 1BX,Semi-Detached,Established,Freehold,49,,ALLEN DRIVE,HEXHAM,HEXHAM,TYNEDALE,NORTHUMBERLAND,Standard,Addition,54.9682620000,-2.0961100000
71000,2008-09-12 00:00:00Z,NE46 1DH,Semi-Detached,Established,Freehold,22,,CHIRDON CRESCENT,HEXHAM,HEXHAM,TYNEDALE,NORTHUMBERLAND,Standard,Addition,54.9671860000,-2.0934680000
120000,2008-01-24 00:00:00Z,NE46 1DG,Semi-Detached,Established,Freehold,17,,BONDGATE CLOSE,HEXHAM,HEXHAM,TYNEDALE,NORTHUMBERLAND,Standard,Addition,54.9660070000,-2.0958230000
225000,2008-07-25 00:00:00Z,NE46 1AG,Flats/Maisonettes,Established,Leasehold,HOLLY COURT,2,SOUTH PARK,HEXHAM,HEXHAM,TYNEDALE,NORTHUMBERLAND,Standard,Addition,54.9660850000,-2.0967070000
92000,2008-01-04 00:00:00Z,NE46 1DD,Terraced,Established,Freehold,6,,CHIRDON CRESCENT,HEXHAM,HEXHAM,TYNEDALE,NORTHUMBERLAND,Standard,Addition,54.9675180000,-2.0938590000
315000,2008-12-22 00:00:00Z,NE46 1AL,Detached,New Build,Freehold,32,,HACKWOOD GLADE,HEXHAM,HEXHAM,TYNEDALE,NORTHUMBERLAND,Standard,Addition,54.9653220000,-2.0987110000
180000,2008-12-17 00:00:00Z,NE46 1AL,Semi-Detached,New Build,Freehold,7,,HACKWOOD GLADE,,HEXHAM,NORTHUMBERLAND,NORTHUMBERLAND,Standard,Addition,54.9653220000,-2.0987110000
120000,2008-04-30 00:00:00Z,NE46 1PU,Terraced,Established,Freehold,3,,MAIDENS WALK,HEXHAM,HEXHAM,TYNEDALE,NORTHUMBERLAND,Standard,Addition,54.9697800000,-2.0972540000
350000,2008-03-10 00:00:00Z,NE46 1AW,Flats/Maisonettes,New Build,Leasehold,8,,LONG CLOSE,HEXHAM,HEXHAM,TYNEDALE,NORTHUMBERLAND,Standard,Addition,54.9682870000,-2.0985470000
350000,2008-03-10 00:00:00Z,NE46 1AW,Flats/Maisonettes,New Build,Leasehold,5,,LONG CLOSE,,HEXHAM,TYNEDALE,NORTHUMBERLAND,Standard,Addition,54.9682870000,-2.0985470000
360000,2008-05-16 00:00:00Z,NE46 1BP,Detached,Established,Freehold,THE PADDOCK,2,DIPTON MILL ROAD,HEXHAM,HEXHAM,TYNEDALE,NORTHUMBERLAND,Standard,Addition,54.9650250000,-2.0996480000
95000,2008-04-18 00:00:00Z,NE46 1DJ,Semi-Detached,Established,Freehold,28,,DERWENT ROAD,HEXHAM,HEXHAM,TYNEDALE,NORTHUMBERLAND,Standard,Addition,54.9673220000,-2.0921720000
350000,2008-02-08 00:00:00Z,NE46 1AZ,Detached,Established,Freehold,51,,HACKWOOD PARK,HEXHAM,HEXHAM,TYNEDALE,NORTHUMBERLAND,Standard,Addition,54.9639210000,-2.0971460000
102000,2008-02-25 00:00:00Z,NE46 1EA,Semi-Detached,Established,Freehold,18,,SPRINGFIELD ROAD,HEXHAM,HEXHAM,TYNEDALE,NORTHUMBERLAND,Standard,Addition,54.9671880000,-2.0912810000
102000,2008-02-25 00:00:00Z,NE46 1EA,Semi-Detached,Established,Freehold,19,,SPRINGFIELD ROAD,HEXHAM,HEXHAM,TYNEDALE,NORTHUMBERLAND,Standard,Addition,54.9671880000,-2.0912810000
399950,2008-03-07 00:00:00Z,NE46 1AZ,Detached,Established,Freehold,50,,HACKWOOD PARK,HEXHAM,HEXHAM,TYNEDALE,NORTHUMBERLAND,Standard,Addition,54.9639210000,-2.0971460000
249950,2008-10-17 00:00:00Z,NE46 1RA,Detached,Established,Freehold,THE WHEELS,,SHIELD COURT,FELLSIDE,HEXHAM,TYNEDALE,NORTHUMBERLAND,Standard,Addition,54.9650910000,-2.0956180000
350000,2008-04-10 00:00:00Z,NE46 1AW,Flats/Maisonettes,New Build,Leasehold,18,,LONG CLOSE,HEXHAM,HEXHAM,TYNEDALE,NORTHUMBERLAND,Standard,Addition,54.9682870000,-2.0985470000
83000,2008-03-05 00:00:00Z,NE46 1DJ,Semi-Detached,Established,Freehold,34,,DERWENT ROAD,HEXHAM,HEXHAM,TYNEDALE,NORTHUMBERLAND,Standard,Addition,54.9673220000,-2.0921720000
125000,2008-10-03 00:00:00Z,NE46 1EE,Semi-Detached,Established,Freehold,1,,ASHWOOD ROAD,HEXHAM,HEXHAM,TYNEDALE,NORTHUMBERLAND,Standard,Addition,54.9669810000,-2.0910150000
155000,2008-02-26 00:00:00Z,NE46 1PU,Terraced,Established,Freehold,1,,MAIDENS WALK,HEXHAM,HEXHAM,TYNEDALE,NORTHUMBERLAND,Standard,Addition,54.9697800000,-2.0972540000
350000,2008-03-10 00:00:00Z,NE46 1AW,Flats/Maisonettes,New Build,Leasehold,12,,LONG CLOSE,HEXHAM,HEXHAM,TYNEDALE,NORTHUMBERLAND,Standard,Addition,54.9682870000,-2.0985470000
220000,2008-07-14 00:00:00Z,NE46 1AW,Flats/Maisonettes,New Build,Leasehold,7,,LONG CLOSE,HEXHAM,HEXHAM,TYNEDALE,NORTHUMBERLAND,Standard,Addition,54.9682870000,-2.0985470000
350000,2008-03-10 00:00:00Z,NE46 1AW,Flats/Maisonettes,New Build,Leasehold,6,,LONG CLOSE,HEXHAM,HEXHAM,TYNEDALE,NORTHUMBERLAND,Standard,Addition,54.9682870000,-2.0985470000
350000,2008-03-10 00:00:00Z,NE46 1AW,Flats/Maisonettes,New Build,Leasehold,15,,LONG CLOSE,HEXHAM,HEXHAM,TYNEDALE,NORTHUMBERLAND,Standard,Addition,54.9682870000,-2.0985470000
87000,2008-01-25 00:00:00Z,NE46 1DN,Semi-Detached,Established,Freehold,10,,NENT GROVE,HEXHAM,HEXHAM,TYNEDALE,NORTHUMBERLAND,Standard,Addition,54.9681650000,-2.0942670000
84500,2009-03-06 00:00:00Z,NE46 1DN,Terraced,Established,Freehold,11,,NENT GROVE,,HEXHAM,TYNEDALE,NORTHUMBERLAND,Standard,Addition,54.9681650000,-2.0942670000
72000,2009-09-02 00:00:00Z,NE46 1PN,Flats/Maisonettes,Established,Leasehold,4,,COUNTY MILLS,,HEXHAM,NORTHUMBERLAND,NORTHUMBERLAND,Standard,Addition,54.9699860000,-2.0982230000
85000,2009-02-27 00:00:00Z,NE46 1JH,Semi-Detached,Established,Freehold,42,,WHITE CROSS,,HEXHAM,TYNEDALE,NORTHUMBERLAND,Standard,Addition,54.9693720000,-2.0907390000
249995,2009-03-27 00:00:00Z,NE46 1AL,Semi-Detached,New Build,Freehold,34,,HACKWOOD GLADE,,HEXHAM,NORTHUMBERLAND,NORTHUMBERLAND,Standard,Addition,54.9653220000,-2.0987110000
230000,2009-05-22 00:00:00Z,NE46 1AL,Terraced,New Build,Freehold,10,,HACKWOOD GLADE,,HEXHAM,NORTHUMBERLAND,NORTHUMBERLAND,Standard,Addition,54.9653220000,-2.0987110000
249995,2009-12-18 00:00:00Z,NE46 1AL,Semi-Detached,New Build,Freehold,14,,HACKWOOD GLADE,,HEXHAM,NORTHUMBERLAND,NORTHUMBERLAND,Standard,Addition,54.9653220000,-2.0987110000
235000,2009-02-02 00:00:00Z,NE46 1RA,Detached,Established,Freehold,1,,SHIELD COURT,FELLSIDE,HEXHAM,TYNEDALE,NORTHUMBERLAND,Standard,Addition,54.9650910000,-2.0956180000
180000,2009-05-22 00:00:00Z,NE46 1AL,Terraced,New Build,Freehold,4,,HACKWOOD GLADE,,HEXHAM,NORTHUMBERLAND,NORTHUMBERLAND,Standard,Addition,54.9653220000,-2.0987110000
225000,2009-10-21 00:00:00Z,NE46 1AL,Semi-Detached,New Build,Freehold,28,,HACKWOOD GLADE,,HEXHAM,NORTHUMBERLAND,NORTHUMBERLAND,Standard,Addition,54.9653220000,-2.0987110000
345000,2009-09-25 00:00:00Z,NE46 2QD,Detached,Established,Freehold,5,,LOUGHBROW PARK,,HEXHAM,NORTHUMBERLAND,NORTHUMBERLAND,Standard,Addition,54.9612600000,-2.0994350000
97000,2009-09-30 00:00:00Z,NE46 1DJ,Semi-Detached,Established,Freehold,38,,DERWENT ROAD,,HEXHAM,NORTHUMBERLAND,NORTHUMBERLAND,Standard,Addition,54.9673220000,-2.0921720000
325000,2009-06-26 00:00:00Z,NE46 1AL,Semi-Detached,New Build,Freehold,29,,HACKWOOD GLADE,,HEXHAM,NORTHUMBERLAND,NORTHUMBERLAND,Standard,Addition,54.9653220000,-2.0987110000
110000,2009-12-16 00:00:00Z,NE46 1PN,Flats/Maisonettes,Established,Leasehold,14,,COUNTY MILLS,,HEXHAM,NORTHUMBERLAND,NORTHUMBERLAND,Standard,Addition,54.9699860000,-2.0982230000
405000,2009-09-30 00:00:00Z,NE46 1AL,Detached,New Build,Freehold,1,,HACKWOOD GLADE,,HEXHAM,NORTHUMBERLAND,NORTHUMBERLAND,Standard,Addition,54.9653220000,-2.0987110000
220000,2009-11-27 00:00:00Z,NE46 1AL,Detached,New Build,Freehold,25,,HACKWOOD GLADE,,HEXHAM,NORTHUMBERLAND,NORTHUMBERLAND,Standard,Addition,54.9653220000,-2.0987110000
75000,2009-11-19 00:00:00Z,NE46 1DE,Semi-Detached,Established,Freehold,17,,CHIRDON CRESCENT,,HEXHAM,NORTHUMBERLAND,NORTHUMBERLAND,Standard,Addition,54.9671220000,-2.0945770000
90000,2009-09-02 00:00:00Z,NE46 1EQ,Terraced,Established,Freehold,3,,ABBEY VIEW,,HEXHAM,NORTHUMBERLAND,NORTHUMBERLAND,Standard,Addition,54.9664590000,-2.0926230000
235000,2009-05-22 00:00:00Z,NE46 1AL,Terraced,New Build,Freehold,11,,HACKWOOD GLADE,,HEXHAM,NORTHUMBERLAND,NORTHUMBERLAND,Standard,Addition,54.9653220000,-2.0987110000
240000,2009-03-10 00:00:00Z,NE46 1AL,Terraced,New Build,Freehold,8,,HACKWOOD GLADE,,HEXHAM,NORTHUMBERLAND,NORTHUMBERLAND,Standard,Addition,54.9653220000,-2.0987110000
230000,2009-11-16 00:00:00Z,NE46 1AL,Detached,New Build,Freehold,26,,HACKWOOD GLADE,,HEXHAM,NORTHUMBERLAND,NORTHUMBERLAND,Standard,Addition,54.9653220000,-2.0987110000
120000,2009-10-07 00:00:00Z,NE46 1DG,Semi-Detached,Established,Freehold,17,,BONDGATE CLOSE,,HEXHAM,NORTHUMBERLAND,NORTHUMBERLAND,Standard,Addition,54.9660070000,-2.0958230000
98000,2009-08-21 00:00:00Z,NE46 1DL,Semi-Detached,Established,Freehold,10,,DERWENT ROAD,,HEXHAM,NORTHUMBERLAND,NORTHUMBERLAND,Standard,Addition,54.9679060000,-2.0927980000
185000,2009-05-22 00:00:00Z,NE46 1AL,Terraced,New Build,Freehold,6,,HACKWOOD GLADE,,HEXHAM,NORTHUMBERLAND,NORTHUMBERLAND,Standard,Addition,54.9653220000,-2.0987110000
35150,2009-08-21 00:00:00Z,NE46 1PN,Flats/Maisonettes,Established,Leasehold,10,,COUNTY MILLS,,HEXHAM,NORTHUMBERLAND,NORTHUMBERLAND,Standard,Addition,54.9699860000,-2.0982230000
244995,2009-05-15 00:00:00Z,NE46 1AL,Terraced,New Build,Freehold,9,,HACKWOOD GLADE,,HEXHAM,NORTHUMBERLAND,NORTHUMBERLAND,Standard,Addition,54.9653220000,-2.0987110000
249995,2009-10-16 00:00:00Z,NE46 1AL,Semi-Detached,New Build,Freehold,27,,HACKWOOD GLADE,,HEXHAM,NORTHUMBERLAND,NORTHUMBERLAND,Standard,Addition,54.9653220000,-2.0987110000
260000,2009-05-29 00:00:00Z,NE46 1AL,Detached,New Build,Freehold,31,,HACKWOOD GLADE,,HEXHAM,NORTHUMBERLAND,NORTHUMBERLAND,Standard,Addition,54.9653220000,-2.0987110000
157000,2009-10-30 00:00:00Z,NE46 1JN,Semi-Detached,Established,Freehold,2,,NORTH VIEW,,HEXHAM,NORTHUMBERLAND,NORTHUMBERLAND,Standard,Addition,54.9699710000,-2.0912340000
35250,2009-08-21 00:00:00Z,NE46 1PN,Flats/Maisonettes,Established,Leasehold,10,,COUNTY MILLS,,HEXHAM,NORTHUMBERLAND,NORTHUMBERLAND,Standard,Addition,54.9699860000,-2.0982230000
335000,2009-03-31 00:00:00Z,NE46 1AL,Detached,New Build,Freehold,30,,HACKWOOD GLADE,,HEXHAM,NORTHUMBERLAND,NORTHUMBERLAND,Standard,Addition,54.9653220000,-2.0987110000
124500,2009-04-07 00:00:00Z,NE46 1BX,Semi-Detached,Established,Freehold,49,,ALLEN DRIVE,,HEXHAM,NORTHUMBERLAND,NORTHUMBERLAND,Standard,Addition,54.9682620000,-2.0961100000
83000,2010-03-31 00:00:00Z,NE46 1DR,Semi-Detached,Established,Freehold,41,,MAIDENS WALK,,HEXHAM,NORTHUMBERLAND,NORTHUMBERLAND,Standard,Addition,54.9684710000,-2.0938140000
140000,2010-05-21 00:00:00Z,NE46 1AL,Flats/Maisonettes,New Build,Leasehold,19,,HACKWOOD GLADE,,HEXHAM,NORTHUMBERLAND,NORTHUMBERLAND,Standard,Addition,54.9653220000,-2.0987110000
560000,2010-08-09 00:00:00Z,NE46 1BT,Semi-Detached,Established,Freehold,KIRKSTYLE,,SOUTH PARK,,HEXHAM,NORTHUMBERLAND,NORTHUMBERLAND,Standard,Addition,54.9658080000,-2.0974790000
154995,2010-05-21 00:00:00Z,NE46 1AL,Flats/Maisonettes,New Build,Leasehold,18,,HACKWOOD GLADE,,HEXHAM,NORTHUMBERLAND,NORTHUMBERLAND,Standard,Addition,54.9653220000,-2.0987110000
965000,2010-05-12 00:00:00Z,NE46 1BS,Detached,Established,Freehold,SOUTH PARK HOUSE,,SOUTH PARK,,HEXHAM,NORTHUMBERLAND,NORTHUMBERLAND,Standard,Addition,54.9661940000,-2.0985110000
122000,2010-05-28 00:00:00Z,NE46 1QB,Terraced,Established,Freehold,5,,ARGYLE TERRACE,,HEXHAM,NORTHUMBERLAND,NORTHUMBERLAND,Standard,Addition,54.9696980000,-2.0978940000
98000,2010-02-04 00:00:00Z,NE46 1EB,Semi-Detached,Established,Freehold,3,,WOODLEA CRESCENT,,HEXHAM,NORTHUMBERLAND,NORTHUMBERLAND,Standard,Addition,54.9673410000,-2.0901100000
383000,2010-07-05 00:00:00Z,NE46 2QD,Detached,Established,Freehold,12,,LOUGHBROW PARK,,HEXHAM,NORTHUMBERLAND,NORTHUMBERLAND,Standard,Addition,54.9612600000,-2.0994350000
82000,2010-11-26 00:00:00Z,NE46 1QD,Flats/Maisonettes,Established,Leasehold,5,,DIAMOND SQUARE,,HEXHAM,NORTHUMBERLAND,NORTHUMBERLAND,Standard,Addition,54.9696090000,-2.0982380000
75000,2010-09-13 00:00:00Z,NE46 1PN,Flats/Maisonettes,Established,Leasehold,17,,COUNTY MILLS,,HEXHAM,NORTHUMBERLAND,NORTHUMBERLAND,Standard,Addition,54.9699860000,-2.0982230000
82000,2010-11-26 00:00:00Z,NE46 1QD,Flats/Maisonettes,Established,Freehold,6,,DIAMOND SQUARE,,HEXHAM,NORTHUMBERLAND,NORTHUMBERLAND,Standard,Addition,54.9696090000,-2.0982380000
395000,2010-08-09 00:00:00Z,NE46 1AZ,Detached,Established,Freehold,61,,HACKWOOD PARK,,HEXHAM,NORTHUMBERLAND,NORTHUMBERLAND,Standard,Addition,54.9639210000,-2.0971460000
285000,2010-09-03 00:00:00Z,NE46 1AX,Detached,Established,Freehold,27,,HACKWOOD PARK,,HEXHAM,NORTHUMBERLAND,NORTHUMBERLAND,Standard,Addition,54.9628230000,-2.0993300000
380000,2010-02-24 00:00:00Z,NE46 1PF,Detached,Established,Freehold,9,,PRIESTPOPPLE,,HEXHAM,NORTHUMBERLAND,NORTHUMBERLAND,Standard,Addition,54.9699310000,-2.0996600000
149445,2010-05-28 00:00:00Z,NE46 1AL,Flats/Maisonettes,New Build,Leasehold,23,,HACKWOOD GLADE,,HEXHAM,NORTHUMBERLAND,NORTHUMBERLAND,Standard,Addition,54.9653220000,-2.0987110000
93000,2010-11-12 00:00:00Z,NE46 1DN,Semi-Detached,Established,Freehold,9,,NENT GROVE,,HEXHAM,NORTHUMBERLAND,NORTHUMBERLAND,Standard,Addition,54.9681650000,-2.0942670000
250000,2010-05-04 00:00:00Z,NE46 1AH,Flats/Maisonettes,Established,Leasehold,"LOW GABLES, 7",4,SOUTH PARK,,HEXHAM,NORTHUMBERLAND,NORTHUMBERLAND,Standard,Addition,54.9658360000,-2.0968380000
148333,2010-05-28 00:00:00Z,NE46 1AL,Flats/Maisonettes,New Build,Leasehold,22,,HACKWOOD GLADE,,HEXHAM,NORTHUMBERLAND,NORTHUMBERLAND,Standard,Addition,54.9653220000,-2.0987110000
245000,2010-08-23 00:00:00Z,NE46 1QU,Flats/Maisonettes,Established,Leasehold,HIGH GABLES,4,SOUTH PARK,,HEXHAM,NORTHUMBERLAND,NORTHUMBERLAND,Standard,Addition,54.9661770000,-2.0975260000
144500,2010-05-28 00:00:00Z,NE46 1AL,Flats/Maisonettes,New Build,Leasehold,21,,HACKWOOD GLADE,,HEXHAM,NORTHUMBERLAND,NORTHUMBERLAND,Standard,Addition,54.9653220000,-2.0987110000
129000,2010-12-07 00:00:00Z,NE46 1AW,Flats/Maisonettes,Established,Leasehold,9,,LONG CLOSE,,HEXHAM,NORTHUMBERLAND,NORTHUMBERLAND,Standard,Addition,54.9682870000,-2.0985470000
385000,2010-02-10 00:00:00Z,NE46 1AZ,Detached,Established,Freehold,59,,HACKWOOD PARK,,HEXHAM,NORTHUMBERLAND,NORTHUMBERLAND,Standard,Addition,54.9639210000,-2.0971460000
225000,2010-01-18 00:00:00Z,NE46 1AG,Flats/Maisonettes,Established,Leasehold,HOLLY COURT,3,SOUTH PARK,,HEXHAM,NORTHUMBERLAND,NORTHUMBERLAND,Standard,Addition,54.9660850000,-2.0967070000
310000,2010-02-26 00:00:00Z,NE46 1AL,Detached,New Build,Freehold,24,,HACKWOOD GLADE,,HEXHAM,NORTHUMBERLAND,NORTHUMBERLAND,Standard,Addition,54.9653220000,-2.0987110000
120000,2010-06-11 00:00:00Z,NE46 1AL,Flats/Maisonettes,New Build,Leasehold,20,,HACKWOOD GLADE,,HEXHAM,NORTHUMBERLAND,NORTHUMBERLAND,Standard,Addition,54.9653220000,-2.0987110000
62250,2010-11-12 00:00:00Z,NE46 1PN,Flats/Maisonettes,Established,Leasehold,3,,COUNTY MILLS,,HEXHAM,NORTHUMBERLAND,NORTHUMBERLAND,Standard,Addition,54.9699860000,-2.0982230000
135000,2010-06-04 00:00:00Z,NE46 1AL,Semi-Detached,New Build,Leasehold,16,,HACKWOOD GLADE,,HEXHAM,NORTHUMBERLAND,NORTHUMBERLAND,Standard,Addition,54.9653220000,-2.0987110000
70000,2010-12-03 00:00:00Z,NE46 1DH,Semi-Detached,Established,Freehold,31,,CHIRDON CRESCENT,,HEXHAM,NORTHUMBERLAND,NORTHUMBERLAND,Standard,Addition,54.9671860000,-2.0934680000
149950,2011-03-30 00:00:00Z,NE46 1NU,Terraced,Established,Freehold,2,,NORTH TERRACE,,HEXHAM,NORTHUMBERLAND,NORTHUMBERLAND,Standard,Addition,54.9690680000,-2.0996730000
107500,2011-02-25 00:00:00Z,NE46 1EQ,Terraced,Established,Leasehold,21,,ABBEY VIEW,,HEXHAM,NORTHUMBERLAND,NORTHUMBERLAND,Standard,Addition,54.9664590000,-2.0926230000
82500,2011-03-09 00:00:00Z,NE46 1DN,Semi-Detached,Established,Freehold,23,,NENT GROVE,,HEXHAM,NORTHUMBERLAND,NORTHUMBERLAND,Standard,Addition,54.9681650000,-2.0942670000
275000,2011-11-11 00:00:00Z,NE46 1BT,Detached,Established,Freehold,BANKFOOT COTTAGE,,SOUTH PARK,,HEXHAM,NORTHUMBERLAND,NORTHUMBERLAND,Standard,Addition,54.9658080000,-2.0974790000
85000,2011-05-19 00:00:00Z,NE46 1DX,Semi-Detached,Established,Freehold,6,,DALE COURT,,HEXHAM,NORTHUMBERLAND,NORTHUMBERLAND,Standard,Addition,54.9680960000,-2.0904860000
250000,2011-10-17 00:00:00Z,NE46 1AL,Detached,Established,Freehold,25,,HACKWOOD GLADE,,HEXHAM,NORTHUMBERLAND,NORTHUMBERLAND,Standard,Addition,54.9653220000,-2.0987110000
93000,2011-01-31 00:00:00Z,NE46 1DB,Terraced,Established,Freehold,19,,REDE AVENUE,,HEXHAM,NORTHUMBERLAND,NORTHUMBERLAND,Standard,Addition,54.9674280000,-2.0947960000
81125,2011-02-25 00:00:00Z,NE46 1DN,Semi-Detached,Established,Freehold,11,,NENT GROVE,,HEXHAM,NORTHUMBERLAND,NORTHUMBERLAND,Standard,Addition,54.9681650000,-2.0942670000
95000,2011-07-15 00:00:00Z,NE46 1DN,Semi-Detached,Established,Freehold,5,,NENT GROVE,,HEXHAM,NORTHUMBERLAND,NORTHUMBERLAND,Standard,Addition,54.9681650000,-2.0942670000
110000,2011-12-09 00:00:00Z,NE46 1EQ,Terraced,Established,Freehold,4,,ABBEY VIEW,,HEXHAM,NORTHUMBERLAND,NORTHUMBERLAND,Standard,Addition,54.9664590000,-2.0926230000
103000,2011-11-15 00:00:00Z,NE46 1DR,Semi-Detached,Established,Freehold,41,,MAIDENS WALK,,HEXHAM,NORTHUMBERLAND,NORTHUMBERLAND,Standard,Addition,54.9684710000,-2.0938140000
295000,2011-11-16 00:00:00Z,NE46 1AX,Detached,Established,Freehold,30,,HACKWOOD PARK,,HEXHAM,NORTHUMBERLAND,NORTHUMBERLAND,Standard,Addition,54.9628230000,-2.0993300000
400000,2011-07-04 00:00:00Z,NE46 2QD,Detached,Established,Freehold,17,,LOUGHBROW PARK,,HEXHAM,NORTHUMBERLAND,NORTHUMBERLAND,Standard,Addition,54.9612600000,-2.0994350000
465000,2011-07-01 00:00:00Z,NE46 1AX,Detached,Established,Freehold,1,,HACKWOOD PARK,,HEXHAM,NORTHUMBERLAND,NORTHUMBERLAND,Standard,Addition,54.9628230000,-2.0993300000
50000,2011-04-26 00:00:00Z,NE46 1DF,Flats/Maisonettes,Established,Leasehold,3,,BONDGATE CLOSE,,HEXHAM,NORTHUMBERLAND,NORTHUMBERLAND,Standard,Addition,54.9668610000,-2.0957630000
380000,2011-05-17 00:00:00Z,NE46 1AZ,Detached,Established,Freehold,70,,HACKWOOD PARK,,HEXHAM,NORTHUMBERLAND,NORTHUMBERLAND,Standard,Addition,54.9639210000,-2.0971460000
68500,2012-01-26 00:00:00Z,NE46 1DF,Flats/Maisonettes,Established,Leasehold,3,,BONDGATE CLOSE,,HEXHAM,NORTHUMBERLAND,NORTHUMBERLAND,Standard,Addition,54.9668610000,-2.0957630000
170000,2012-05-04 00:00:00Z,NE46 1AW,Flats/Maisonettes,Established,Leasehold,9,,LONG CLOSE,,HEXHAM,NORTHUMBERLAND,NORTHUMBERLAND,Standard,Addition,54.9682870000,-2.0985470000
268000,2012-09-03 00:00:00Z,NE46 1AL,Semi-Detached,Established,Freehold,12,,HACKWOOD GLADE,,HEXHAM,NORTHUMBERLAND,NORTHUMBERLAND,Standard,Addition,54.9653220000,-2.0987110000
117000,2012-06-15 00:00:00Z,NE46 1QB,Flats/Maisonettes,Established,Leasehold,11,,ARGYLE TERRACE,,HEXHAM,NORTHUMBERLAND,NORTHUMBERLAND,Standard,Addition,54.9696980000,-2.0978940000
277500,2012-02-08 00:00:00Z,NE46 1AL,Terraced,Established,Freehold,8,,HACKWOOD GLADE,,HEXHAM,NORTHUMBERLAND,NORTHUMBERLAND,Standard,Addition,54.9653220000,-2.0987110000
340000,2012-12-14 00:00:00Z,NE46 1AX,Detached,Established,Freehold,16,,HACKWOOD PARK,,HEXHAM,NORTHUMBERLAND,NORTHUMBERLAND,Standard,Addition,54.9628230000,-2.0993300000
77000,2012-06-22 00:00:00Z,NE46 1DN,Semi-Detached,Established,Freehold,16,,NENT GROVE,,HEXHAM,NORTHUMBERLAND,NORTHUMBERLAND,Standard,Addition,54.9681650000,-2.0942670000
117000,2012-06-15 00:00:00Z,NE46 1QB,Flats/Maisonettes,Established,Freehold,11A,,ARGYLE TERRACE,,HEXHAM,NORTHUMBERLAND,NORTHUMBERLAND,Standard,Addition,54.9696980000,-2.0978940000
310000,2012-04-27 00:00:00Z,NE46 2QD,Detached,Established,Freehold,16,,LOUGHBROW PARK,,HEXHAM,NORTHUMBERLAND,NORTHUMBERLAND,Standard,Addition,54.9612600000,-2.0994350000
160000,2012-09-05 00:00:00Z,NE46 1BT,Detached,Established,Freehold,CARETAKERS VIEW,,SOUTH PARK,,HEXHAM,NORTHUMBERLAND,NORTHUMBERLAND,Standard,Addition,54.9658080000,-2.0974790000
148000,2012-01-06 00:00:00Z,NE46 1AW,Flats/Maisonettes,Established,Leasehold,6,,LONG CLOSE,,HEXHAM,NORTHUMBERLAND,NORTHUMBERLAND,Standard,Addition,54.9682870000,-2.0985470000
110000,2013-02-01 00:00:00Z,NE46 1QB,Terraced,Established,Freehold,1,,ARGYLE TERRACE,,HEXHAM,NORTHUMBERLAND,NORTHUMBERLAND,Standard,Addition,54.9696980000,-2.0978940000
78000,2013-01-07 00:00:00Z,NE46 1EB,Semi-Detached,Established,Freehold,2,,WOODLEA CRESCENT,,HEXHAM,NORTHUMBERLAND,NORTHUMBERLAND,Standard,Addition,54.9673410000,-2.0901100000
85000,2013-08-14 00:00:00Z,NE46 1JH,Semi-Detached,Established,Freehold,24,,WHITE CROSS,,HEXHAM,NORTHUMBERLAND,NORTHUMBERLAND,Standard,Addition,54.9693720000,-2.0907390000
330000,2013-10-04 00:00:00Z,NE46 1AY,Detached,Established,Freehold,35,,HACKWOOD PARK,,HEXHAM,NORTHUMBERLAND,NORTHUMBERLAND,Standard,Addition,54.9641360000,-2.0986770000
115000,2013-07-05 00:00:00Z,NE46 1EQ,Terraced,Established,Leasehold,15,,ABBEY VIEW,,HEXHAM,NORTHUMBERLAND,NORTHUMBERLAND,Standard,Addition,54.9664590000,-2.0926230000
149450,2013-07-05 00:00:00Z,NE46 1AW,Flats/Maisonettes,Established,Leasehold,5,,LONG CLOSE,,HEXHAM,NORTHUMBERLAND,NORTHUMBERLAND,Standard,Addition,54.9682870000,-2.0985470000
425000,2013-11-22 00:00:00Z,NE46 2QD,Detached,Established,Freehold,7,,LOUGHBROW PARK,,HEXHAM,NORTHUMBERLAND,NORTHUMBERLAND,Standard,Addition,54.9612600000,-2.0994350000
347000,2013-08-20 00:00:00Z,NE46 1AX,Detached,Established,Freehold,4,,HACKWOOD PARK,,HEXHAM,NORTHUMBERLAND,NORTHUMBERLAND,Standard,Addition,54.9628230000,-2.0993300000
115000,2013-08-09 00:00:00Z,NE46 1EQ,Terraced,Established,Leasehold,17,,ABBEY VIEW,,HEXHAM,NORTHUMBERLAND,NORTHUMBERLAND,Standard,Addition,54.9664590000,-2.0926230000
87500,2013-05-17 00:00:00Z,NE46 1DN,Semi-Detached,Established,Freehold,5,,NENT GROVE,,HEXHAM,NORTHUMBERLAND,NORTHUMBERLAND,Standard,Addition,54.9681650000,-2.0942670000
183000,2013-05-10 00:00:00Z,NE46 1BT,Detached,Established,Freehold,CARETAKERS COTTAGE,,SOUTH PARK,,HEXHAM,NORTHUMBERLAND,NORTHUMBERLAND,Standard,Addition,54.9658080000,-2.0974790000
157000,2013-04-18 00:00:00Z,NE46 1AW,Flats/Maisonettes,Established,Leasehold,19,,LONG CLOSE,,HEXHAM,NORTHUMBERLAND,NORTHUMBERLAND,Standard,Addition,54.9682870000,-2.0985470000
400000,2013-09-04 00:00:00Z,NE46 1BP,Detached,Established,Freehold,THE PADDOCK,2,DIPTON MILL ROAD,,HEXHAM,NORTHUMBERLAND,NORTHUMBERLAND,Standard,Addition,54.9650250000,-2.0996480000
250000,2014-04-25 00:00:00Z,NE46 1AY,Terraced,Established,Freehold,46,,HACKWOOD PARK,,HEXHAM,NORTHUMBERLAND,NORTHUMBERLAND,Standard,Addition,54.9641360000,-2.0986770000
124000,2014-01-29 00:00:00Z,NE46 1QB,Terraced,Established,Freehold,5,,ARGYLE TERRACE,,HEXHAM,NORTHUMBERLAND,NORTHUMBERLAND,Standard,Addition,54.9696980000,-2.0978940000
119500,2014-04-14 00:00:00Z,NE46 1QB,Flats/Maisonettes,Established,Leasehold,11,,ARGYLE TERRACE,,HEXHAM,NORTHUMBERLAND,NORTHUMBERLAND,Standard,Addition,54.9696980000,-2.0978940000
315000,2014-11-18 00:00:00Z,NE46 1AY,Detached,Established,Freehold,33,,HACKWOOD PARK,,HEXHAM,NORTHUMBERLAND,NORTHUMBERLAND,Standard,Addition,54.9641360000,-2.0986770000
120000,2014-10-27 00:00:00Z,NE46 1PN,Flats/Maisonettes,Established,Leasehold,16,,COUNTY MILLS,,HEXHAM,NORTHUMBERLAND,NORTHUMBERLAND,Standard,Addition,54.9699860000,-2.0982230000
186000,2014-12-10 00:00:00Z,NE46 1RE,Terraced,Established,Freehold,5,,TYNE VIEW TERRACE,FELLSIDE,HEXHAM,NORTHUMBERLAND,NORTHUMBERLAND,Standard,Addition,54.9648610000,-2.0907600000
270000,2014-01-31 00:00:00Z,NE46 1AX,Detached,Established,Freehold,14,,HACKWOOD PARK,,HEXHAM,NORTHUMBERLAND,NORTHUMBERLAND,Standard,Addition,54.9628230000,-2.0993300000
110000,2014-03-28 00:00:00Z,NE46 1EQ,Terraced,Established,Leasehold,15,,ABBEY VIEW,,HEXHAM,NORTHUMBERLAND,NORTHUMBERLAND,Standard,Addition,54.9664590000,-2.0926230000
281000,2014-05-19 00:00:00Z,NE46 1AY,Detached,Established,Freehold,44,,HACKWOOD PARK,,HEXHAM,NORTHUMBERLAND,NORTHUMBERLAND,Standard,Addition,54.9641360000,-2.0986770000
150000,2014-10-13 00:00:00Z,NE46 1EQ,Terraced,Established,Freehold,34,,ABBEY VIEW,,HEXHAM,NORTHUMBERLAND,NORTHUMBERLAND,Standard,Addition,54.9664590000,-2.0926230000
155255,2014-06-25 00:00:00Z,NE46 1QB,Terraced,Established,Freehold,3,,ARGYLE TERRACE,,HEXHAM,NORTHUMBERLAND,NORTHUMBERLAND,Standard,Addition,54.9696980000,-2.0978940000
107000,2014-11-07 00:00:00Z,NE46 1EQ,Terraced,Established,Leasehold,24,,ABBEY VIEW,,HEXHAM,NORTHUMBERLAND,NORTHUMBERLAND,Standard,Addition,54.9664590000,-2.0926230000
210000,2014-03-31 00:00:00Z,NE46 1RA,Detached,Established,Freehold,1,,SHIELD COURT,FELLSIDE,HEXHAM,NORTHUMBERLAND,NORTHUMBERLAND,Standard,Addition,54.9650910000,-2.0956180000
375000,2014-08-08 00:00:00Z,NE46 2QD,Detached,Established,Freehold,29,,LOUGHBROW PARK,,HEXHAM,NORTHUMBERLAND,NORTHUMBERLAND,Standard,Addition,54.9612600000,-2.0994350000
129000,2014-08-15 00:00:00Z,NE46 1NU,Terraced,Established,Freehold,9,,NORTH TERRACE,,HEXHAM,NORTHUMBERLAND,NORTHUMBERLAND,Standard,Addition,54.9690680000,-2.0996730000
116000,2014-03-25 00:00:00Z,NE46 1EQ,Terraced,Established,Leasehold,17,,ABBEY VIEW,,HEXHAM,NORTHUMBERLAND,NORTHUMBERLAND,Standard,Addition,54.9664590000,-2.0926230000
130000,2015-11-03 00:00:00Z,NE46 1DG,Semi-Detached,Established,Freehold,44,,BONDGATE CLOSE,,HEXHAM,NORTHUMBERLAND,NORTHUMBERLAND,Standard,Addition,54.9660070000,-2.0958230000
164000,2015-10-23 00:00:00Z,NE46 1AL,Flats/Maisonettes,Established,Leasehold,22,,HACKWOOD GLADE,,HEXHAM,NORTHUMBERLAND,NORTHUMBERLAND,Standard,Addition,54.9653220000,-2.0987110000
137000,2015-11-19 00:00:00Z,NE46 1NU,Terraced,Established,Freehold,12,,NORTH TERRACE,,HEXHAM,NORTHUMBERLAND,NORTHUMBERLAND,Standard,Addition,54.9690680000,-2.0996730000
205000,2015-10-26 00:00:00Z,NE46 1QU,Flats/Maisonettes,Established,Leasehold,HIGH GABLES,8,SOUTH PARK,,HEXHAM,NORTHUMBERLAND,NORTHUMBERLAND,Standard,Addition,54.9661770000,-2.0975260000
360000,2015-10-20 00:00:00Z,NE46 1AZ,Detached,Established,Freehold,58,,HACKWOOD PARK,,HEXHAM,NORTHUMBERLAND,NORTHUMBERLAND,Standard,Addition,54.9639210000,-2.0971460000
261125,2015-05-29 00:00:00Z,NE46 1BT,Detached,Established,Freehold,CARETAKERS COTTAGE,,SOUTH PARK,,HEXHAM,NORTHUMBERLAND,NORTHUMBERLAND,Standard,Addition,54.9658080000,-2.0974790000
157000,2015-03-12 00:00:00Z,NE46 1AW,Flats/Maisonettes,Established,Leasehold,12,,LONG CLOSE,,HEXHAM,NORTHUMBERLAND,NORTHUMBERLAND,Standard,Addition,54.9682870000,-2.0985470000
290000,2015-03-25 00:00:00Z,NE46 1QU,Flats/Maisonettes,Established,Leasehold,HIGH GABLES,2,SOUTH PARK,,HEXHAM,NORTHUMBERLAND,NORTHUMBERLAND,Standard,Addition,54.9661770000,-2.0975260000
350000,2015-08-19 00:00:00Z,NE46 2QD,Detached,Established,Freehold,30,,LOUGHBROW PARK,,HEXHAM,NORTHUMBERLAND,NORTHUMBERLAND,Standard,Addition,54.9612600000,-2.0994350000
240000,2015-12-16 00:00:00Z,NE46 1AX,Detached,Established,Freehold,20,,HACKWOOD PARK,,HEXHAM,NORTHUMBERLAND,NORTHUMBERLAND,Standard,Addition,54.9628230000,-2.0993300000
110000,2015-04-28 00:00:00Z,NE46 1EQ,Terraced,Established,Freehold,34,,ABBEY VIEW,,HEXHAM,NORTHUMBERLAND,NORTHUMBERLAND,Standard,Addition,54.9664590000,-2.0926230000
330000,2015-03-17 00:00:00Z,NE46 2QD,Detached,Established,Freehold,27,,LOUGHBROW PARK,,HEXHAM,NORTHUMBERLAND,NORTHUMBERLAND,Standard,Addition,54.9612600000,-2.0994350000
116569,2015-10-02 00:00:00Z,NE46 1AW,Flats/Maisonettes,New Build,Leasehold,2,,LONG CLOSE,,HEXHAM,NORTHUMBERLAND,NORTHUMBERLAND,Additional,Addition,54.9682870000,-2.0985470000
126882,2015-10-02 00:00:00Z,NE46 1AW,Flats/Maisonettes,New Build,Leasehold,4,,LONG CLOSE,,HEXHAM,NORTHUMBERLAND,NORTHUMBERLAND,Additional,Addition,54.9682870000,-2.0985470000
123879,2015-10-02 00:00:00Z,NE46 1AW,Flats/Maisonettes,New Build,Leasehold,10,,LONG CLOSE,,HEXHAM,NORTHUMBERLAND,NORTHUMBERLAND,Additional,Addition,54.9682870000,-2.0985470000
121269,2015-10-02 00:00:00Z,NE46 1AW,Flats/Maisonettes,New Build,Leasehold,11,,LONG CLOSE,,HEXHAM,NORTHUMBERLAND,NORTHUMBERLAND,Additional,Addition,54.9682870000,-2.0985470000
127404,2015-10-02 00:00:00Z,NE46 1AW,Flats/Maisonettes,New Build,Leasehold,13,,LONG CLOSE,,HEXHAM,NORTHUMBERLAND,NORTHUMBERLAND,Additional,Addition,54.9682870000,-2.0985470000
126751,2015-10-02 00:00:00Z,NE46 1AW,Flats/Maisonettes,New Build,Leasehold,14,,LONG CLOSE,,HEXHAM,NORTHUMBERLAND,NORTHUMBERLAND,Additional,Addition,54.9682870000,-2.0985470000
124271,2015-10-02 00:00:00Z,NE46 1AW,Flats/Maisonettes,New Build,Leasehold,16,,LONG CLOSE,,HEXHAM,NORTHUMBERLAND,NORTHUMBERLAND,Additional,Addition,54.9682870000,-2.0985470000
136933,2015-10-02 00:00:00Z,NE46 1AW,Flats/Maisonettes,New Build,Leasehold,17,,LONG CLOSE,,HEXHAM,NORTHUMBERLAND,NORTHUMBERLAND,Additional,Addition,54.9682870000,-2.0985470000
110304,2015-10-02 00:00:00Z,NE46 1AW,Flats/Maisonettes,New Build,Leasehold,20,,LONG CLOSE,,HEXHAM,NORTHUMBERLAND,NORTHUMBERLAND,Additional,Addition,54.9682870000,-2.0985470000
108737,2015-10-02 00:00:00Z,NE46 1AW,Flats/Maisonettes,New Build,Leasehold,21,,LONG CLOSE,,HEXHAM,NORTHUMBERLAND,NORTHUMBERLAND,Additional,Addition,54.9682870000,-2.0985470000
295000,2015-04-14 00:00:00Z,NE46 2QD,Detached,Established,Freehold,14,,LOUGHBROW PARK,,HEXHAM,NORTHUMBERLAND,NORTHUMBERLAND,Standard,Addition,54.9612600000,-2.0994350000
88000,2015-11-16 00:00:00Z,NE46 1EQ,Terraced,Established,Leasehold,9,,ABBEY VIEW,,HEXHAM,NORTHUMBERLAND,NORTHUMBERLAND,Standard,Addition,54.9664590000,-2.0926230000
117500,2015-11-11 00:00:00Z,NE46 1JH,Semi-Detached,Established,Freehold,24,,WHITE CROSS,,HEXHAM,NORTHUMBERLAND,NORTHUMBERLAND,Standard,Addition,54.9693720000,-2.0907390000
180000,2015-09-01 00:00:00Z,NE46 1PU,Terraced,Established,Freehold,2,,MAIDENS WALK,,HEXHAM,NORTHUMBERLAND,NORTHUMBERLAND,Standard,Addition,54.9697800000,-2.0972540000
87300,2015-05-13 00:00:00Z,NE46 1DD,Terraced,Established,Freehold,8,,CHIRDON CRESCENT,,HEXHAM,NORTHUMBERLAND,NORTHUMBERLAND,Standard,Addition,54.9675180000,-2.0938590000
115000,2015-05-20 00:00:00Z,NE46 1JH,Semi-Detached,Established,Freehold,48,,WHITE CROSS,,HEXHAM,NORTHUMBERLAND,NORTHUMBERLAND,Standard,Addition,54.9693720000,-2.0907390000
350000,2015-08-28 00:00:00Z,NE46 2QD,Detached,Established,Freehold,26,,LOUGHBROW PARK,,HEXHAM,NORTHUMBERLAND,NORTHUMBERLAND,Standard,Addition,54.9612600000,-2.0994350000
300000,2015-01-15 00:00:00Z,NE46 1AX,Detached,Established,Freehold,28,,HACKWOOD PARK,,HEXHAM,NORTHUMBERLAND,NORTHUMBERLAND,Standard,Addition,54.9628230000,-2.0993300000
270000,2015-05-05 00:00:00Z,NE46 1BP,Detached,Established,Freehold,THE PADDOCK,1,DIPTON MILL ROAD,,HEXHAM,NORTHUMBERLAND,NORTHUMBERLAND,Standard,Addition,54.9650250000,-2.0996480000
285000,2015-04-23 00:00:00Z,NE46 1RA,Detached,Established,Freehold,THE WHEELS,,SHIELD COURT,FELLSIDE,HEXHAM,NORTHUMBERLAND,NORTHUMBERLAND,Standard,Addition,54.9650910000,-2.0956180000
155000,2016-03-21 00:00:00Z,NE46 1AW,Flats/Maisonettes,Established,Leasehold,6,,LONG CLOSE,,HEXHAM,NORTHUMBERLAND,NORTHUMBERLAND,Standard,Addition,54.9682870000,-2.0985470000
335000,2016-07-25 00:00:00Z,NE46 1AX,Detached,Established,Freehold,17,,HACKWOOD PARK,,HEXHAM,NORTHUMBERLAND,NORTHUMBERLAND,Standard,Addition,54.9628230000,-2.0993300000
164950,2016-06-03 00:00:00Z,NE46 1AW,Flats/Maisonettes,Established,Leasehold,14,,LONG CLOSE,,HEXHAM,NORTHUMBERLAND,NORTHUMBERLAND,Standard,Addition,54.9682870000,-2.0985470000
128000,2016-09-20 00:00:00Z,NE46 1DD,Semi-Detached,Established,Freehold,18,,CHIRDON CRESCENT,,HEXHAM,NORTHUMBERLAND,NORTHUMBERLAND,Standard,Addition,54.9675180000,-2.0938590000
120000,2016-11-14 00:00:00Z,NE46 1EQ,Terraced,Established,Leasehold,10,,ABBEY VIEW,,HEXHAM,NORTHUMBERLAND,NORTHUMBERLAND,Additional,Addition,54.9664590000,-2.0926230000
565000,2016-03-11 00:00:00Z,NE46 1BT,Semi-Detached,Established,Freehold,4,,SOUTH PARK,,HEXHAM,NORTHUMBERLAND,NORTHUMBERLAND,Standard,Addition,54.9658080000,-2.0974790000
334000,2016-02-12 00:00:00Z,NE46 1AX,Detached,Established,Freehold,5,,HACKWOOD PARK,,HEXHAM,NORTHUMBERLAND,NORTHUMBERLAND,Standard,Addition,54.9628230000,-2.0993300000
93000,2016-02-26 00:00:00Z,NE46 1DR,Semi-Detached,Established,Freehold,41,,MAIDENS WALK,,HEXHAM,NORTHUMBERLAND,NORTHUMBERLAND,Standard,Addition,54.9684710000,-2.0938140000
123000,2016-10-28 00:00:00Z,NE46 1EQ,Terraced,Established,Leasehold,9,,ABBEY VIEW,,HEXHAM,NORTHUMBERLAND,NORTHUMBERLAND,Standard,Addition,54.9664590000,-2.0926230000
164950,2016-09-30 00:00:00Z,NE46 1AW,Flats/Maisonettes,Established,Leasehold,2,,LONG CLOSE,,HEXHAM,NORTHUMBERLAND,NORTHUMBERLAND,Standard,Addition,54.9682870000,-2.0985470000
164950,2016-09-02 00:00:00Z,NE46 1AW,Flats/Maisonettes,Established,Leasehold,13,,LONG CLOSE,,HEXHAM,NORTHUMBERLAND,NORTHUMBERLAND,Standard,Addition,54.9682870000,-2.0985470000
164950,2016-09-30 00:00:00Z,NE46 1AW,Flats/Maisonettes,Established,Leasehold,21,,LONG CLOSE,,HEXHAM,NORTHUMBERLAND,NORTHUMBERLAND,Standard,Addition,54.9682870000,-2.0985470000
164950,2016-10-07 00:00:00Z,NE46 1AW,Flats/Maisonettes,Established,Leasehold,16,,LONG CLOSE,,HEXHAM,NORTHUMBERLAND,NORTHUMBERLAND,Standard,Addition,54.9682870000,-2.0985470000
95000,2016-11-25 00:00:00Z,NE46 1EQ,Terraced,Established,Leasehold,26,,ABBEY VIEW,,HEXHAM,NORTHUMBERLAND,NORTHUMBERLAND,Standard,Addition,54.9664590000,-2.0926230000
139950,2016-03-10 00:00:00Z,NE46 1BX,Terraced,Established,Freehold,49,,ALLEN DRIVE,,HEXHAM,NORTHUMBERLAND,NORTHUMBERLAND,Standard,Addition,54.9682620000,-2.0961100000
330000,2016-06-08 00:00:00Z,NE46 1BT,Detached,Established,Freehold,CARETAKERS VIEW,,SOUTH PARK,,HEXHAM,NORTHUMBERLAND,NORTHUMBERLAND,Standard,Addition,54.9658080000,-2.0974790000
164950,2016-06-20 00:00:00Z,NE46 1AW,Flats/Maisonettes,Established,Leasehold,4,,LONG CLOSE,,HEXHAM,NORTHUMBERLAND,NORTHUMBERLAND,Standard,Addition,54.9682870000,-2.0985470000
164950,2016-06-20 00:00:00Z,NE46 1AW,Flats/Maisonettes,Established,Leasehold,11,,LONG CLOSE,,HEXHAM,NORTHUMBERLAND,NORTHUMBERLAND,Standard,Addition,54.9682870000,-2.0985470000
159950,2016-05-26 00:00:00Z,NE46 1AW,Flats/Maisonettes,Established,Leasehold,20,,LONG CLOSE,,HEXHAM,NORTHUMBERLAND,NORTHUMBERLAND,Standard,Addition,54.9682870000,-2.0985470000
155000,2016-06-06 00:00:00Z,NE46 1AW,Flats/Maisonettes,Established,Leasehold,18,,LONG CLOSE,,HEXHAM,NORTHUMBERLAND,NORTHUMBERLAND,Standard,Addition,54.9682870000,-2.0985470000
285000,2016-05-25 00:00:00Z,NE46 1AL,Semi-Detached,Established,Freehold,25,,HACKWOOD GLADE,,HEXHAM,NORTHUMBERLAND,NORTHUMBERLAND,Standard,Addition,54.9653220000,-2.0987110000
158500,2016-07-07 00:00:00Z,NE46 1AL,Flats/Maisonettes,Established,Leasehold,19,,HACKWOOD GLADE,,HEXHAM,NORTHUMBERLAND,NORTHUMBERLAND,Standard,Addition,54.9653220000,-2.0987110000
164950,2016-07-07 00:00:00Z,NE46 1AW,Flats/Maisonettes,Established,Leasehold,10,,LONG CLOSE,,HEXHAM,NORTHUMBERLAND,NORTHUMBERLAND,Standard,Addition,54.9682870000,-2.0985470000
225000,2017-06-20 00:00:00Z,NE46 1AG,Flats/Maisonettes,Established,Leasehold,HOLLY COURT,3,SOUTH PARK,,HEXHAM,NORTHUMBERLAND,NORTHUMBERLAND,Standard,Addition,54.9660850000,-2.0967070000
290000,2017-03-17 00:00:00Z,NE46 1AX,Detached,Established,Freehold,18,,HACKWOOD PARK,,HEXHAM,NORTHUMBERLAND,NORTHUMBERLAND,Standard,Addition,54.9628230000,-2.0993300000
118000,2017-07-07 00:00:00Z,NE46 1DB,Terraced,Established,Freehold,2,,REDE AVENUE,,HEXHAM,NORTHUMBERLAND,NORTHUMBERLAND,Standard,Addition,54.9674280000,-2.0947960000
425000,2017-09-26 00:00:00Z,NE46 1AZ,Detached,Established,Freehold,65,,HACKWOOD PARK,,HEXHAM,NORTHUMBERLAND,NORTHUMBERLAND,Standard,Addition,54.9639210000,-2.0971460000
169950,2017-03-03 00:00:00Z,NE46 1AW,Flats/Maisonettes,Established,Leasehold,17,,LONG CLOSE,,HEXHAM,NORTHUMBERLAND,NORTHUMBERLAND,Standard,Addition,54.9682870000,-2.0985470000
425000,2017-06-16 00:00:00Z,NE46 2QD,Detached,Established,Leasehold,2,,LOUGHBROW PARK,,HEXHAM,NORTHUMBERLAND,NORTHUMBERLAND,Standard,Addition,54.9612600000,-2.0994350000
368000,2017-06-16 00:00:00Z,NE46 1AZ,Detached,Established,Freehold,50,,HACKWOOD PARK,,HEXHAM,NORTHUMBERLAND,NORTHUMBERLAND,Standard,Addition,54.9639210000,-2.0971460000
80500,2017-05-26 00:00:00Z,NE46 1DE,Semi-Detached,Established,Freehold,17,,CHIRDON CRESCENT,,HEXHAM,NORTHUMBERLAND,NORTHUMBERLAND,Standard,Addition,54.9671220000,-2.0945770000
132000,2017-06-19 00:00:00Z,NE46 1AL,Flats/Maisonettes,Established,Leasehold,17,,HACKWOOD GLADE,,HEXHAM,NORTHUMBERLAND,NORTHUMBERLAND,Standard,Addition,54.9653220000,-2.0987110000
330000,2017-03-15 00:00:00Z,NE46 1AX,Detached,Established,Freehold,10,,HACKWOOD PARK,,HEXHAM,NORTHUMBERLAND,NORTHUMBERLAND,Standard,Addition,54.9628230000,-2.0993300000
510000,2017-02-27 00:00:00Z,NE46 1BT,Terraced,Established,Freehold,"ORCHARD HOUSE, 6",,SOUTH PARK,,HEXHAM,NORTHUMBERLAND,NORTHUMBERLAND,Standard,Addition,54.9658080000,-2.0974790000
167000,2017-09-29 00:00:00Z,NE46 1BZ,Terraced,Established,Freehold,1,,WANLESS LANE,,HEXHAM,NORTHUMBERLAND,NORTHUMBERLAND,Standard,Addition,54.9676330000,-2.0960930000
310000,2017-01-18 00:00:00Z,NE46 1AL,Semi-Detached,Established,Freehold,14,,HACKWOOD GLADE,,HEXHAM,NORTHUMBERLAND,NORTHUMBERLAND,Standard,Addition,54.9653220000,-2.0987110000
175000,2017-12-21 00:00:00Z,NE46 1QU,Flats/Maisonettes,Established,Leasehold,HIGH GABLES,5,SOUTH PARK,,HEXHAM,NORTHUMBERLAND,NORTHUMBERLAND,Standard,Addition,54.9661770000,-2.0975260000
320000,2017-05-04 00:00:00Z,NE46 2QD,Detached,Established,Freehold,8,,LOUGHBROW PARK,,HEXHAM,NORTHUMBERLAND,NORTHUMBERLAND,Standard,Addition,54.9612600000,-2.0994350000
300000,2017-04-12 00:00:00Z,NE46 1AY,Detached,Established,Freehold,42,,HACKWOOD PARK,,HEXHAM,NORTHUMBERLAND,NORTHUMBERLAND,Standard,Addition,54.9641360000,-2.0986770000
320000,2017-05-04 00:00:00Z,NE46 2QD,Detached,Established,Leasehold,8,,LOUGHBROW PARK,,HEXHAM,NORTHUMBERLAND,NORTHUMBERLAND,Standard,Addition,54.9612600000,-2.0994350000
129000,2017-12-01 00:00:00Z,NE46 1JH,Semi-Detached,Established,Freehold,18,,WHITE CROSS,,HEXHAM,NORTHUMBERLAND,NORTHUMBERLAND,Standard,Addition,54.9693720000,-2.0907390000
734700,2017-07-07 00:00:00Z,NE46 1DR,Other,Established,Freehold,KIDS 1ST DAY NURSERY,,MAIDENS WALK,,HEXHAM,NORTHUMBERLAND,NORTHUMBERLAND,Additional,Addition,54.9684710000,-2.0938140000
600000,2017-04-05 00:00:00Z,NE46 1PF,Other,Established,Freehold,HEXHAM BUS STATION,,PRIESTPOPPLE,,HEXHAM,NORTHUMBERLAND,NORTHUMBERLAND,Additional,Addition,54.9699310000,-2.0996600000
300000,2017-02-03 00:00:00Z,NE46 1AY,Detached,Established,Freehold,37,,HACKWOOD PARK,,HEXHAM,NORTHUMBERLAND,NORTHUMBERLAND,Standard,Addition,54.9641360000,-2.0986770000
1964767,2017-06-30 00:00:00Z,NE46 1EN,Other,Established,Freehold,ACOMB COURT,,MAIDENS WALK,,HEXHAM,NORTHUMBERLAND,NORTHUMBERLAND,Additional,Addition,54.9687410000,-2.0931750000
150000,2018-03-16 00:00:00Z,NE46 1BZ,Terraced,Established,Freehold,5,,WANLESS LANE,,HEXHAM,NORTHUMBERLAND,NORTHUMBERLAND,Additional,Addition,54.9676330000,-2.0960930000
95000,2018-03-23 00:00:00Z,NE46 1DN,Semi-Detached,Established,Freehold,7,,NENT GROVE,,HEXHAM,NORTHUMBERLAND,NORTHUMBERLAND,Additional,Addition,54.9681650000,-2.0942670000
400000,2018-08-14 00:00:00Z,NE46 1AZ,Detached,Established,Freehold,49,,HACKWOOD PARK,,HEXHAM,NORTHUMBERLAND,NORTHUMBERLAND,Standard,Addition,54.9639210000,-2.0971460000
310000,2018-08-13 00:00:00Z,NE46 1RE,Terraced,Established,Freehold,5,,TYNE VIEW TERRACE,FELLSIDE,HEXHAM,NORTHUMBERLAND,NORTHUMBERLAND,Standard,Addition,54.9648610000,-2.0907600000
425000,2018-08-29 00:00:00Z,NE46 1AZ,Detached,Established,Freehold,56,,HACKWOOD PARK,,HEXHAM,NORTHUMBERLAND,NORTHUMBERLAND,Standard,Addition,54.9639210000,-2.0971460000
95000,2018-08-17 00:00:00Z,NE46 1QD,Flats/Maisonettes,Established,Leasehold,5,,DIAMOND SQUARE,,HEXHAM,NORTHUMBERLAND,NORTHUMBERLAND,Standard,Addition,54.9696090000,-2.0982380000
70000,2018-05-03 00:00:00Z,NE46 1JH,Semi-Detached,Established,Freehold,50,,WHITE CROSS,,HEXHAM,NORTHUMBERLAND,NORTHUMBERLAND,Standard,Addition,54.9693720000,-2.0907390000
235000,2018-05-04 00:00:00Z,NE46 1RE,Semi-Detached,Established,Freehold,9,,TYNE VIEW TERRACE,FELLSIDE,HEXHAM,NORTHUMBERLAND,NORTHUMBERLAND,Standard,Addition,54.9648610000,-2.0907600000
135000,2018-04-13 00:00:00Z,NE46 1BZ,Terraced,Established,Freehold,5,,WANLESS LANE,,HEXHAM,NORTHUMBERLAND,NORTHUMBERLAND,Standard,Addition,54.9676330000,-2.0960930000
48000,2018-05-01 00:00:00Z,NE46 1PN,Flats/Maisonettes,Established,Leasehold,2,,COUNTY MILLS,,HEXHAM,NORTHUMBERLAND,NORTHUMBERLAND,Standard,Addition,54.9699860000,-2.0982230000
72000,2018-02-23 00:00:00Z,NE46 1DF,Flats/Maisonettes,Established,Leasehold,3,,BONDGATE CLOSE,,HEXHAM,NORTHUMBERLAND,NORTHUMBERLAND,Standard,Addition,54.9668610000,-2.0957630000
130000,2018-10-19 00:00:00Z,NE46 1BZ,Semi-Detached,Established,Freehold,4,,WANLESS LANE,,HEXHAM,NORTHUMBERLAND,NORTHUMBERLAND,Additional,Addition,54.9676330000,-2.0960930000
115000,2018-05-22 00:00:00Z,NE46 1PN,Other,Established,Leasehold,11,,COUNTY MILLS,,HEXHAM,NORTHUMBERLAND,NORTHUMBERLAND,Additional,Addition,54.9699860000,-2.0982230000
125000,2018-12-20 00:00:00Z,NE46 1BZ,Semi-Detached,Established,Freehold,4,,WANLESS LANE,,HEXHAM,NORTHUMBERLAND,NORTHUMBERLAND,Standard,Addition,54.9676330000,-2.0960930000
165000,2018-08-23 00:00:00Z,NE46 1AL,Flats/Maisonettes,Established,Leasehold,19,,HACKWOOD GLADE,,HEXHAM,NORTHUMBERLAND,NORTHUMBERLAND,Standard,Addition,54.9653220000,-2.0987110000
120500,2018-11-27 00:00:00Z,NE46 1QD,Other,Established,Freehold,3,,DIAMOND SQUARE,,HEXHAM,NORTHUMBERLAND,NORTHUMBERLAND,Additional,Addition,54.9696090000,-2.0982380000
84000,2018-06-05 00:00:00Z,NE46 1DN,Semi-Detached,Established,Freehold,24,,NENT GROVE,,HEXHAM,NORTHUMBERLAND,NORTHUMBERLAND,Standard,Addition,54.9681650000,-2.0942670000
360000,2018-06-08 00:00:00Z,NE46 1AX,Detached,Established,Freehold,12A,,HACKWOOD PARK,,HEXHAM,NORTHUMBERLAND,NORTHUMBERLAND,Standard,Addition,54.9628230000,-2.0993300000
120500,2018-11-27 00:00:00Z,NE46 1QD,Flats/Maisonettes,Established,Leasehold,4,,DIAMOND SQUARE,,HEXHAM,NORTHUMBERLAND,NORTHUMBERLAND,Standard,Addition,54.9696090000,-2.0982380000
240000,2018-08-23 00:00:00Z,NE46 1RE,Terraced,Established,Freehold,6,,TYNE VIEW TERRACE,FELLSIDE,HEXHAM,NORTHUMBERLAND,NORTHUMBERLAND,Standard,Addition,54.9648610000,-2.0907600000
257500,2019-10-17 00:00:00Z,NE46 1DA,Other,Established,Freehold,BOG ACRES COTTAGE,,WANLESS LANE,,HEXHAM,NORTHUMBERLAND,NORTHUMBERLAND,Additional,Addition,54.9671310000,-2.0951540000
220000,2019-11-01 00:00:00Z,NE46 1AW,Flats/Maisonettes,Established,Leasehold,1,,LONG CLOSE,,HEXHAM,NORTHUMBERLAND,NORTHUMBERLAND,Standard,Addition,54.9682870000,-2.0985470000
140000,2019-09-20 00:00:00Z,NE46 1AL,Flats/Maisonettes,Established,Leasehold,17,,HACKWOOD GLADE,,HEXHAM,NORTHUMBERLAND,NORTHUMBERLAND,Standard,Addition,54.9653220000,-2.0987110000
100000,2019-12-05 00:00:00Z,NE46 1EQ,Terraced,Established,Leasehold,5,,ABBEY VIEW,,HEXHAM,NORTHUMBERLAND,NORTHUMBERLAND,Standard,Addition,54.9664590000,-2.0926230000
120000,2019-11-22 00:00:00Z,NE46 1EQ,Terraced,Established,Freehold,3,,ABBEY VIEW,,HEXHAM,NORTHUMBERLAND,NORTHUMBERLAND,Standard,Addition,54.9664590000,-2.0926230000
395000,2019-10-25 00:00:00Z,NE46 1AY,Terraced,Established,Freehold,46,,HACKWOOD PARK,,HEXHAM,NORTHUMBERLAND,NORTHUMBERLAND,Standard,Addition,54.9641360000,-2.0986770000
96000,2019-11-15 00:00:00Z,NE46 1DR,Terraced,Established,Freehold,31,,MAIDENS WALK,,HEXHAM,NORTHUMBERLAND,NORTHUMBERLAND,Standard,Addition,54.9684710000,-2.0938140000
232500,2019-06-21 00:00:00Z,NE46 1AH,Flats/Maisonettes,Established,Leasehold,"LOW GABLES, 7",2,SOUTH PARK,,HEXHAM,NORTHUMBERLAND,NORTHUMBERLAND,Standard,Addition,54.9658360000,-2.0968380000
465000,2019-06-27 00:00:00Z,NE46 1AZ,Detached,Established,Freehold,68,,HACKWOOD PARK,,HEXHAM,NORTHUMBERLAND,NORTHUMBERLAND,Standard,Addition,54.9639210000,-2.0971460000
720000,2019-12-18 00:00:00Z,NE46 1BP,Other,Established,Freehold,HACKWOOD HOUSE,SOUTH WING,DIPTON MILL ROAD,,HEXHAM,NORTHUMBERLAND,NORTHUMBERLAND,Additional,Addition,54.9650250000,-2.0996480000
115000,2019-07-19 00:00:00Z,NE46 1EQ,Terraced,Established,Freehold,34,,ABBEY VIEW,,HEXHAM,NORTHUMBERLAND,NORTHUMBERLAND,Standard,Addition,54.9664590000,-2.0926230000
2120000,2019-04-04 00:00:00Z,NE46 1EN,Other,Established,Freehold,ACOMB COURT,,MAIDENS WALK,,HEXHAM,NORTHUMBERLAND,NORTHUMBERLAND,Additional,Addition,54.9687410000,-2.0931750000
150000,2019-05-01 00:00:00Z,NE46 1DG,Semi-Detached,Established,Freehold,28,,BONDGATE CLOSE,,HEXHAM,NORTHUMBERLAND,NORTHUMBERLAND,Standard,Addition,54.9660070000,-2.0958230000
126500,2019-08-09 00:00:00Z,NE46 1JH,Semi-Detached,Established,Freehold,67,,WHITE CROSS,,HEXHAM,NORTHUMBERLAND,NORTHUMBERLAND,Standard,Addition,54.9693720000,-2.0907390000
334000,2019-07-23 00:00:00Z,NE46 1AY,Detached,Established,Freehold,33,,HACKWOOD PARK,,HEXHAM,NORTHUMBERLAND,NORTHUMBERLAND,Standard,Addition,54.9641360000,-2.0986770000
136460,2019-12-19 00:00:00Z,NE46 1DG,Semi-Detached,Established,Freehold,44,,BONDGATE CLOSE,,HEXHAM,NORTHUMBERLAND,NORTHUMBERLAND,Standard,Addition,54.9660070000,-2.0958230000
120000,2019-12-18 00:00:00Z,NE46 1DG,Semi-Detached,Established,Freehold,33,,BONDGATE CLOSE,,HEXHAM,NORTHUMBERLAND,NORTHUMBERLAND,Standard,Addition,54.9660070000,-2.0958230000
310000,2019-02-11 00:00:00Z,NE46 1AL,Terraced,Established,Freehold,11,,HACKWOOD GLADE,,HEXHAM,NORTHUMBERLAND,NORTHUMBERLAND,Standard,Addition,54.9653220000,-2.0987110000
114000,2019-09-05 00:00:00Z,NE46 1EQ,Terraced,Established,Leasehold,13,,ABBEY VIEW,,HEXHAM,NORTHUMBERLAND,NORTHUMBERLAND,Standard,Addition,54.9664590000,-2.0926230000
400000,2020-09-18 00:00:00Z,NE46 2QD,Detached,Established,Freehold,33,,LOUGHBROW PARK,,HEXHAM,NORTHUMBERLAND,NORTHUMBERLAND,Standard,Addition,54.9612600000,-2.0994350000
110000,2020-04-22 00:00:00Z,NE46 1EE,Semi-Detached,Established,Freehold,1,,ASHWOOD ROAD,,HEXHAM,NORTHUMBERLAND,NORTHUMBERLAND,Additional,Addition,54.9669810000,-2.0910150000
255000,2020-10-20 00:00:00Z,NE46 1QU,Flats/Maisonettes,Established,Leasehold,HIGH GABLES,6,SOUTH PARK,,HEXHAM,NORTHUMBERLAND,NORTHUMBERLAND,Standard,Addition,54.9661770000,-2.0975260000
305000,2020-02-27 00:00:00Z,NE46 1AY,Detached,Established,Freehold,32,,HACKWOOD PARK,,HEXHAM,NORTHUMBERLAND,NORTHUMBERLAND,Standard,Addition,54.9641360000,-2.0986770000
550000,2020-12-08 00:00:00Z,NE46 1BP,Other,Established,Freehold,HACKWOOD HOUSE,EASTER HACKWOOD,DIPTON MILL ROAD,,HEXHAM,NORTHUMBERLAND,NORTHUMBERLAND,Additional,Addition,54.9650250000,-2.0996480000
345000,2020-11-06 00:00:00Z,NE46 1AY,Detached,Established,Freehold,35,,HACKWOOD PARK,,HEXHAM,NORTHUMBERLAND,NORTHUMBERLAND,Standard,Addition,54.9641360000,-2.0986770000
310000,2020-11-16 00:00:00Z,NE46 1AL,Semi-Detached,Established,Freehold,28,,HACKWOOD GLADE,,HEXHAM,NORTHUMBERLAND,NORTHUMBERLAND,Standard,Addition,54.9653220000,-2.0987110000
125000,2020-10-22 00:00:00Z,NE46 1EQ,Terraced,Established,Freehold,9,,ABBEY VIEW,,HEXHAM,NORTHUMBERLAND,NORTHUMBERLAND,Standard,Addition,54.9664590000,-2.0926230000
198000,2020-05-15 00:00:00Z,NE46 1PU,Terraced,Established,Freehold,1,,MAIDENS WALK,,HEXHAM,NORTHUMBERLAND,NORTHUMBERLAND,Standard,Addition,54.9697800000,-2.0972540000
405000,2020-08-17 00:00:00Z,NE46 1AX,Detached,Established,Freehold,25,,HACKWOOD PARK,,HEXHAM,NORTHUMBERLAND,NORTHUMBERLAND,Standard,Addition,54.9628230000,-2.0993300000
80000,2020-01-06 00:00:00Z,NE46 1EE,Semi-Detached,Established,Freehold,1,,ASHWOOD ROAD,,HEXHAM,NORTHUMBERLAND,NORTHUMBERLAND,Additional,Addition,54.9669810000,-2.0910150000
140000,2020-12-11 00:00:00Z,NE46 1JH,Semi-Detached,Established,Freehold,50,,WHITE CROSS,,HEXHAM,NORTHUMBERLAND,NORTHUMBERLAND,Standard,Addition,54.9693720000,-2.0907390000
375000,2020-12-15 00:00:00Z,NE46 1AX,Detached,Established,Freehold,4,,HACKWOOD PARK,,HEXHAM,NORTHUMBERLAND,NORTHUMBERLAND,Standard,Addition,54.9628230000,-2.0993300000
130000,2020-11-27 00:00:00Z,NE46 1AL,Flats/Maisonettes,Established,Leasehold,20,,HACKWOOD GLADE,,HEXHAM,NORTHUMBERLAND,NORTHUMBERLAND,Standard,Addition,54.9653220000,-2.0987110000
90000,2021-09-20 00:00:00Z,NE46 1DR,Other,Established,Freehold,SOUTH VIEW,,MAIDENS WALK,,HEXHAM,NORTHUMBERLAND,NORTHUMBERLAND,Additional,Addition,54.9684710000,-2.0938140000
119500,2021-10-29 00:00:00Z,NE46 1EQ,Terraced,Established,Leasehold,2,,ABBEY VIEW,,HEXHAM,NORTHUMBERLAND,NORTHUMBERLAND,Standard,Addition,54.9664590000,-2.0926230000
119500,2021-10-29 00:00:00Z,NE46 1EQ,Terraced,Established,Freehold,2,,ABBEY VIEW,,HEXHAM,NORTHUMBERLAND,NORTHUMBERLAND,Standard,Addition,54.9664590000,-2.0926230000
297500,2021-10-01 00:00:00Z,NE46 1AL,Semi-Detached,Established,Freehold,34,,HACKWOOD GLADE,,HEXHAM,NORTHUMBERLAND,NORTHUMBERLAND,Standard,Addition,54.9653220000,-2.0987110000
475000,2021-06-04 00:00:00Z,NE46 1BP,Detached,Established,Freehold,THE PADDOCK,2,DIPTON MILL ROAD,,HEXHAM,NORTHUMBERLAND,NORTHUMBERLAND,Standard,Addition,54.9650250000,-2.0996480000
380000,2021-05-28 00:00:00Z,NE46 1AZ,Detached,Established,Freehold,57,,HACKWOOD PARK,,HEXHAM,NORTHUMBERLAND,NORTHUMBERLAND,Standard,Addition,54.9639210000,-2.0971460000
147500,2021-04-30 00:00:00Z,NE46 1DD,Semi-Detached,Established,Freehold,18,,CHIRDON CRESCENT,,HEXHAM,NORTHUMBERLAND,NORTHUMBERLAND,Standard,Addition,54.9675180000,-2.0938590000
480000,2021-08-23 00:00:00Z,NE46 2QD,Detached,Established,Freehold,12,,LOUGHBROW PARK,,HEXHAM,NORTHUMBERLAND,NORTHUMBERLAND,Standard,Addition,54.9612600000,-2.0994350000
360000,2021-10-01 00:00:00Z,NE46 1AL,Semi-Detached,Established,Freehold,29,,HACKWOOD GLADE,,HEXHAM,NORTHUMBERLAND,NORTHUMBERLAND,Standard,Addition,54.9653220000,-2.0987110000
415000,2021-12-10 00:00:00Z,NE46 1RA,Detached,Established,Freehold,BANK HOUSE,,SHIELD COURT,FELLSIDE,HEXHAM,NORTHUMBERLAND,NORTHUMBERLAND,Standard,Addition,54.9650910000,-2.0956180000
311000,2021-03-04 00:00:00Z,NE46 1AY,Detached,Established,Freehold,40,,HACKWOOD PARK,,HEXHAM,NORTHUMBERLAND,NORTHUMBERLAND,Standard,Addition,54.9641360000,-2.0986770000
132000,2021-03-08 00:00:00Z,NE46 1DB,Terraced,Established,Freehold,2,,REDE AVENUE,,HEXHAM,NORTHUMBERLAND,NORTHUMBERLAND,Standard,Addition,54.9674280000,-2.0947960000
87000,2021-03-05 00:00:00Z,NE46 1DX,Semi-Detached,Established,Freehold,6,,DALE COURT,,HEXHAM,NORTHUMBERLAND,NORTHUMBERLAND,Standard,Addition,54.9680960000,-2.0904860000
352000,2021-08-10 00:00:00Z,NE46 1RE,Terraced,Established,Freehold,5,,TYNE VIEW TERRACE,FELLSIDE,HEXHAM,NORTHUMBERLAND,NORTHUMBERLAND,Standard,Addition,54.9648610000,-2.0907600000
131000,2021-06-18 00:00:00Z,NE46 1AL,Flats/Maisonettes,Established,Leasehold,20,,HACKWOOD GLADE,,HEXHAM,NORTHUMBERLAND,NORTHUMBERLAND,Standard,Addition,54.9653220000,-2.0987110000
124000,2021-08-12 00:00:00Z,NE46 1DX,Semi-Detached,Established,Freehold,4,,DALE COURT,,HEXHAM,NORTHUMBERLAND,NORTHUMBERLAND,Standard,Addition,54.9680960000,-2.0904860000
100000,2021-06-21 00:00:00Z,NE46 1DH,Semi-Detached,Established,Freehold,37,,CHIRDON CRESCENT,,HEXHAM,NORTHUMBERLAND,NORTHUMBERLAND,Standard,Addition,54.9671860000,-2.0934680000
190000,2021-10-01 00:00:00Z,NE46 1AL,Terraced,Established,Freehold,5,,HACKWOOD GLADE,,HEXHAM,NORTHUMBERLAND,NORTHUMBERLAND,Standard,Addition,54.9653220000,-2.0987110000
120000,2021-09-03 00:00:00Z,NE46 1JH,Semi-Detached,Established,Freehold,52,,WHITE CROSS,,HEXHAM,NORTHUMBERLAND,NORTHUMBERLAND,Standard,Addition,54.9693720000,-2.0907390000
110000,2021-09-03 00:00:00Z,NE46 1DJ,Terraced,Established,Freehold,36,,DERWENT ROAD,,HEXHAM,NORTHUMBERLAND,NORTHUMBERLAND,Standard,Addition,54.9673220000,-2.0921720000
240000,2021-12-17 00:00:00Z,NE46 1QU,Flats/Maisonettes,Established,Leasehold,HIGH GABLES,8,SOUTH PARK,,HEXHAM,NORTHUMBERLAND,NORTHUMBERLAND,Standard,Addition,54.9661770000,-2.0975260000
125000,2021-06-25 00:00:00Z,NE46 1EQ,Terraced,Established,Freehold,28,,ABBEY VIEW,,HEXHAM,NORTHUMBERLAND,NORTHUMBERLAND,Standard,Addition,54.9664590000,-2.0926230000
370000,2021-06-30 00:00:00Z,NE46 1PH,Other,Established,Leasehold,17,FLAT 1,PRIESTPOPPLE,,HEXHAM,NORTHUMBERLAND,NORTHUMBERLAND,Additional,Addition,54.9699020000,-2.0989500000
329000,2021-06-30 00:00:00Z,NE46 1PH,Other,Established,Freehold,17,,PRIESTPOPPLE,,HEXHAM,NORTHUMBERLAND,NORTHUMBERLAND,Additional,Addition,54.9699020000,-2.0989500000
112000,2021-06-29 00:00:00Z,NE46 1EQ,Terraced,Established,Freehold,24,,ABBEY VIEW,,HEXHAM,NORTHUMBERLAND,NORTHUMBERLAND,Standard,Addition,54.9664590000,-2.0926230000
139000,2021-06-21 00:00:00Z,NE46 1BX,Terraced,Established,Freehold,49,,ALLEN DRIVE,,HEXHAM,NORTHUMBERLAND,NORTHUMBERLAND,Standard,Addition,54.9682620000,-2.0961100000
159000,2021-06-25 00:00:00Z,NE46 1QB,Terraced,Established,Freehold,5,,ARGYLE TERRACE,,HEXHAM,NORTHUMBERLAND,NORTHUMBERLAND,Standard,Addition,54.9696980000,-2.0978940000
160000,2021-09-24 00:00:00Z,NE46 1AW,Flats/Maisonettes,Established,Leasehold,18,,LONG CLOSE,,HEXHAM,NORTHUMBERLAND,NORTHUMBERLAND,Standard,Addition,54.9682870000,-2.0985470000
146004,2022-03-23 00:00:00Z,NE46 1RA,Detached,Established,Freehold,12,,SHIELD COURT,FELLSIDE,HEXHAM,NORTHUMBERLAND,NORTHUMBERLAND,Standard,Addition,54.9650910000,-2.0956180000
150000,2022-03-01 00:00:00Z,NE46 1AL,Semi-Detached,Established,Leasehold,16,,HACKWOOD GLADE,,HEXHAM,NORTHUMBERLAND,NORTHUMBERLAND,Standard,Addition,54.9653220000,-2.0987110000
107500,2022-02-14 00:00:00Z,NE46 1DE,Semi-Detached,Established,Freehold,17,,CHIRDON CRESCENT,,HEXHAM,NORTHUMBERLAND,NORTHUMBERLAND,Additional,Addition,54.9671220000,-2.0945770000
