59950,1995-08-18 00:00:00Z,NE30 4AD,Terraced,New Build,Freehold,51,,HAZELDENE COURT,NORTH SHIELDS,NORTH SHIELDS,NORTH TYNESIDE,TYNE AND WEAR,Standard,Addition,55.0152980000,-1.4326760000
50215,1995-06-02 00:00:00Z,NE30 4AD,Terraced,New Build,Freehold,54,,HAZELDENE COURT,NORTH SHIELDS,NORTH SHIELDS,NORTH TYNESIDE,TYNE AND WEAR,Standard,Addition,55.0152980000,-1.4326760000
21000,1995-10-27 00:00:00Z,NE30 2HZ,Flats/Maisonettes,Established,Freehold,37,,PRINCES STREET,NORTH SHIELDS,NORTH SHIELDS,NORTH TYNESIDE,TYNE AND WEAR,Standard,Addition,55.0141920000,-1.4389950000
49950,1995-02-24 00:00:00Z,NE30 4AD,Terraced,New Build,Freehold,58,,HAZELDENE COURT,NORTH SHIELDS,NORTH SHIELDS,NORTH TYNESIDE,TYNE AND WEAR,Standard,Addition,55.0152980000,-1.4326760000
42310,1995-02-17 00:00:00Z,NE30 4AD,Flats/Maisonettes,New Build,Leasehold,43,,HAZELDENE COURT,NORTH SHIELDS,NORTH SHIELDS,NORTH TYNESIDE,TYNE AND WEAR,Standard,Addition,55.0152980000,-1.4326760000
45000,1995-06-01 00:00:00Z,NE30 2PN,Semi-Detached,Established,Freehold,44,,EDITH STREET,NORTH SHIELDS,NORTH SHIELDS,NORTH TYNESIDE,TYNE AND WEAR,Standard,Addition,55.0190930000,-1.4352350000
36824,1995-07-21 00:00:00Z,NE30 2RR,Flats/Maisonettes,Established,Leasehold,15,,BIRTLEY AVENUE,NORTH SHIELDS,NORTH SHIELDS,NORTH TYNESIDE,TYNE AND WEAR,Standard,Addition,55.0178740000,-1.4300590000
30000,1995-08-04 00:00:00Z,NE30 2PN,Terraced,Established,Freehold,35,,EDITH STREET,NORTH SHIELDS,NORTH SHIELDS,NORTH TYNESIDE,TYNE AND WEAR,Standard,Addition,55.0190930000,-1.4352350000
50350,1995-02-28 00:00:00Z,NE30 2PN,Terraced,Established,Freehold,20,,EDITH STREET,NORTH SHIELDS,NORTH SHIELDS,NORTH TYNESIDE,TYNE AND WEAR,Standard,Addition,55.0190930000,-1.4352350000
42450,1995-01-27 00:00:00Z,NE30 4AD,Flats/Maisonettes,New Build,Leasehold,44,,HAZELDENE COURT,NORTH SHIELDS,NORTH SHIELDS,NORTH TYNESIDE,TYNE AND WEAR,Standard,Addition,55.0152980000,-1.4326760000
34500,1995-02-22 00:00:00Z,NE30 2SH,Flats/Maisonettes,Established,Freehold,23A,,ALBURY PARK ROAD,NORTH SHIELDS,NORTH SHIELDS,NORTH TYNESIDE,TYNE AND WEAR,Standard,Addition,55.0181680000,-1.4315060000
55000,1995-07-14 00:00:00Z,NE30 2EY,Semi-Detached,Established,Freehold,37,,PARK TERRACE,NORTH SHIELDS,NORTH SHIELDS,NORTH TYNESIDE,TYNE AND WEAR,Standard,Addition,55.0156000000,-1.4360950000
35950,1995-07-28 00:00:00Z,NE30 2HH,Flats/Maisonettes,Established,Leasehold,43,,KITCHENER TERRACE,NORTH SHIELDS,NORTH SHIELDS,NORTH TYNESIDE,TYNE AND WEAR,Standard,Addition,55.0153440000,-1.4368510000
26500,1995-06-29 00:00:00Z,NE30 2HF,Flats/Maisonettes,Established,Leasehold,21,,DONKIN TERRACE,NORTH SHIELDS,NORTH SHIELDS,NORTH TYNESIDE,TYNE AND WEAR,Standard,Addition,55.0148040000,-1.4366080000
56950,1995-03-24 00:00:00Z,NE30 4AD,Terraced,New Build,Freehold,57,,HAZELDENE COURT,NORTH SHIELDS,NORTH SHIELDS,NORTH TYNESIDE,TYNE AND WEAR,Standard,Addition,55.0152980000,-1.4326760000
134000,1995-11-24 00:00:00Z,NE30 2RP,Semi-Detached,Established,Freehold,16,,KING EDWARD ROAD,NORTH SHIELDS,NORTH SHIELDS,NORTH TYNESIDE,TYNE AND WEAR,Standard,Addition,55.0186570000,-1.4321910000
55000,1995-07-17 00:00:00Z,NE30 2EU,Terraced,Established,Freehold,15,,PARK AVENUE,NORTH SHIELDS,NORTH SHIELDS,NORTH TYNESIDE,TYNE AND WEAR,Standard,Addition,55.0163080000,-1.4373220000
52000,1995-11-23 00:00:00Z,NE30 2EU,Semi-Detached,Established,Freehold,28,,PARK AVENUE,NORTH SHIELDS,NORTH SHIELDS,NORTH TYNESIDE,TYNE AND WEAR,Standard,Addition,55.0163080000,-1.4373220000
58500,1995-03-03 00:00:00Z,NE30 4AD,Terraced,New Build,Freehold,62,,HAZELDENE COURT,NORTH SHIELDS,NORTH SHIELDS,NORTH TYNESIDE,TYNE AND WEAR,Standard,Addition,55.0152980000,-1.4326760000
43500,1995-09-13 00:00:00Z,NE30 2HH,Terraced,Established,Freehold,6,,KITCHENER TERRACE,NORTH SHIELDS,NORTH SHIELDS,NORTH TYNESIDE,TYNE AND WEAR,Standard,Addition,55.0153440000,-1.4368510000
59950,1995-10-03 00:00:00Z,NE30 2SE,Flats/Maisonettes,Established,Leasehold,ST. AIDANS COURT,15,MARINERS LANE,NORTH SHIELDS,NORTH SHIELDS,NORTH TYNESIDE,TYNE AND WEAR,Standard,Addition,55.0177770000,-1.4346250000
43330,1995-01-27 00:00:00Z,NE30 4AD,Flats/Maisonettes,New Build,Leasehold,45,,HAZELDENE COURT,NORTH SHIELDS,NORTH SHIELDS,NORTH TYNESIDE,TYNE AND WEAR,Standard,Addition,55.0152980000,-1.4326760000
40497,1995-02-10 00:00:00Z,NE30 4AD,Flats/Maisonettes,New Build,Leasehold,67,,HAZELDENE COURT,NORTH SHIELDS,NORTH SHIELDS,NORTH TYNESIDE,TYNE AND WEAR,Standard,Addition,55.0152980000,-1.4326760000
45917,1995-03-31 00:00:00Z,NE30 4AD,Terraced,New Build,Freehold,27,,HAZELDENE COURT,NORTH SHIELDS,NORTH SHIELDS,NORTH TYNESIDE,TYNE AND WEAR,Standard,Addition,55.0152980000,-1.4326760000
125000,1995-07-11 00:00:00Z,NE30 2LA,Semi-Detached,Established,Freehold,11,,ASHLEIGH GROVE,NORTH SHIELDS,NORTH SHIELDS,NORTH TYNESIDE,TYNE AND WEAR,Standard,Addition,55.0197030000,-1.4329430000
15750,1995-08-17 00:00:00Z,NE30 2HZ,Terraced,Established,Freehold,3,,PRINCES STREET,NORTH SHIELDS,NORTH SHIELDS,NORTH TYNESIDE,TYNE AND WEAR,Standard,Addition,55.0141920000,-1.4389950000
24000,1995-05-24 00:00:00Z,NE30 2HH,Flats/Maisonettes,Established,Leasehold,45,,KITCHENER TERRACE,NORTH SHIELDS,NORTH SHIELDS,NORTH TYNESIDE,TYNE AND WEAR,Standard,Addition,55.0153440000,-1.4368510000
50730,1995-06-16 00:00:00Z,NE30 4AD,Terraced,New Build,Freehold,55,,HAZELDENE COURT,NORTH SHIELDS,NORTH SHIELDS,NORTH TYNESIDE,TYNE AND WEAR,Standard,Addition,55.0152980000,-1.4326760000
52000,1995-12-21 00:00:00Z,NE30 2EU,Semi-Detached,Established,Freehold,28,,PARK AVENUE,NORTH SHIELDS,NORTH SHIELDS,NORTH TYNESIDE,TYNE AND WEAR,Standard,Addition,55.0163080000,-1.4373220000
40975,1995-02-10 00:00:00Z,NE30 4AD,Flats/Maisonettes,New Build,Leasehold,71,,HAZELDENE COURT,NORTH SHIELDS,NORTH SHIELDS,NORTH TYNESIDE,TYNE AND WEAR,Standard,Addition,55.0152980000,-1.4326760000
40497,1995-02-10 00:00:00Z,NE30 4AD,Flats/Maisonettes,New Build,Leasehold,69,,HAZELDENE COURT,NORTH SHIELDS,NORTH SHIELDS,NORTH TYNESIDE,TYNE AND WEAR,Standard,Addition,55.0152980000,-1.4326760000
48450,1995-07-07 00:00:00Z,NE30 4AD,Terraced,New Build,Freehold,48,,HAZELDENE COURT,NORTH SHIELDS,NORTH SHIELDS,NORTH TYNESIDE,TYNE AND WEAR,Standard,Addition,55.0152980000,-1.4326760000
16000,1995-06-01 00:00:00Z,NE30 1EE,Flats/Maisonettes,Established,Leasehold,76,,TYNEMOUTH ROAD,NORTH SHIELDS,NORTH SHIELDS,NORTH TYNESIDE,TYNE AND WEAR,Standard,Addition,55.0132560000,-1.4383510000
7500,1995-05-15 00:00:00Z,NE30 4AF,Semi-Detached,Established,Freehold,8,,RIVER VIEW,NORTH SHIELDS,NORTH SHIELDS,NORTH TYNESIDE,TYNE AND WEAR,Standard,Addition,55.0135260000,-1.4323260000
32000,1995-04-10 00:00:00Z,NE30 2HN,Semi-Detached,Established,Freehold,45,,PRINCES STREET,NORTH SHIELDS,NORTH SHIELDS,NORTH TYNESIDE,TYNE AND WEAR,Standard,Addition,55.0152640000,-1.4389630000
56905,1995-04-21 00:00:00Z,NE30 4AD,Terraced,New Build,Freehold,56,,HAZELDENE COURT,NORTH SHIELDS,NORTH SHIELDS,NORTH TYNESIDE,TYNE AND WEAR,Standard,Addition,55.0152980000,-1.4326760000
40497,1995-02-10 00:00:00Z,NE30 4AD,Flats/Maisonettes,New Build,Leasehold,65,,HAZELDENE COURT,NORTH SHIELDS,NORTH SHIELDS,NORTH TYNESIDE,TYNE AND WEAR,Standard,Addition,55.0152980000,-1.4326760000
59950,1995-11-27 00:00:00Z,NE30 4AD,Terraced,New Build,Freehold,3,,HAZELDENE COURT,NORTH SHIELDS,NORTH SHIELDS,NORTH TYNESIDE,TYNE AND WEAR,Standard,Addition,55.0152980000,-1.4326760000
42000,1995-10-06 00:00:00Z,NE30 4AD,Flats/Maisonettes,Established,Leasehold,11,,HAZELDENE COURT,NORTH SHIELDS,NORTH SHIELDS,NORTH TYNESIDE,TYNE AND WEAR,Standard,Addition,55.0152980000,-1.4326760000
50385,1995-03-24 00:00:00Z,NE30 4AD,Terraced,New Build,Freehold,31,,HAZELDENE COURT,NORTH SHIELDS,NORTH SHIELDS,NORTH TYNESIDE,TYNE AND WEAR,Standard,Addition,55.0152980000,-1.4326760000
59810,1995-03-17 00:00:00Z,NE30 4AD,Semi-Detached,New Build,Freehold,50,,HAZELDENE COURT,NORTH SHIELDS,NORTH SHIELDS,NORTH TYNESIDE,TYNE AND WEAR,Standard,Addition,55.0152980000,-1.4326760000
31750,1995-05-26 00:00:00Z,NE30 2HZ,Flats/Maisonettes,Established,Leasehold,25,,PRINCES STREET,NORTH SHIELDS,NORTH SHIELDS,NORTH TYNESIDE,TYNE AND WEAR,Standard,Addition,55.0141920000,-1.4389950000
22000,1995-03-27 00:00:00Z,NE30 2HN,Flats/Maisonettes,Established,Leasehold,59,,PRINCES STREET,NORTH SHIELDS,NORTH SHIELDS,NORTH TYNESIDE,TYNE AND WEAR,Standard,Addition,55.0152640000,-1.4389630000
50950,1995-01-27 00:00:00Z,NE30 2SQ,Terraced,Established,Freehold,16,,BRISLEE AVENUE,NORTH SHIELDS,NORTH SHIELDS,NORTH TYNESIDE,TYNE AND WEAR,Standard,Addition,55.0177910000,-1.4316090000
54000,1995-09-29 00:00:00Z,NE30 2EU,Terraced,Established,Freehold,2,,PARK AVENUE,NORTH SHIELDS,NORTH SHIELDS,NORTH TYNESIDE,TYNE AND WEAR,Standard,Addition,55.0163080000,-1.4373220000
57950,1995-02-03 00:00:00Z,NE30 4AD,Terraced,New Build,Freehold,1,,HAZELDENE COURT,NORTH SHIELDS,NORTH SHIELDS,NORTH TYNESIDE,TYNE AND WEAR,Standard,Addition,55.0152980000,-1.4326760000
85000,1995-12-01 00:00:00Z,NE30 2SH,Terraced,Established,Freehold,45,,ALBURY PARK ROAD,NORTH SHIELDS,NORTH SHIELDS,NORTH TYNESIDE,TYNE AND WEAR,Standard,Addition,55.0181680000,-1.4315060000
57626,1995-10-26 00:00:00Z,NE30 2SG,Terraced,Established,Freehold,14,,DENWICK TERRACE,NORTH SHIELDS,NORTH SHIELDS,NORTH TYNESIDE,TYNE AND WEAR,Standard,Addition,55.0178610000,-1.4312010000
118000,1995-09-11 00:00:00Z,NE30 2RP,Semi-Detached,Established,Freehold,12,,KING EDWARD ROAD,NORTH SHIELDS,NORTH SHIELDS,NORTH TYNESIDE,TYNE AND WEAR,Standard,Addition,55.0186570000,-1.4321910000
40975,1995-02-10 00:00:00Z,NE30 4AD,Flats/Maisonettes,New Build,Leasehold,73,,HAZELDENE COURT,NORTH SHIELDS,NORTH SHIELDS,NORTH TYNESIDE,TYNE AND WEAR,Standard,Addition,55.0152980000,-1.4326760000
18500,1995-03-06 00:00:00Z,NE30 2HF,Flats/Maisonettes,Established,Leasehold,23,,DONKIN TERRACE,NORTH SHIELDS,NORTH SHIELDS,NORTH TYNESIDE,TYNE AND WEAR,Standard,Addition,55.0148040000,-1.4366080000
33250,1995-01-27 00:00:00Z,NE30 2SB,Flats/Maisonettes,Established,Leasehold,13A,,SHIPLEY ROAD,NORTH SHIELDS,NORTH SHIELDS,NORTH TYNESIDE,TYNE AND WEAR,Standard,Addition,55.0171760000,-1.4306010000
31000,1995-02-28 00:00:00Z,NE30 2PN,Terraced,Established,Freehold,31,,EDITH STREET,NORTH SHIELDS,NORTH SHIELDS,NORTH TYNESIDE,TYNE AND WEAR,Standard,Addition,55.0190930000,-1.4352350000
47950,1995-07-07 00:00:00Z,NE30 4AD,Terraced,New Build,Freehold,61,,HAZELDENE COURT,NORTH SHIELDS,NORTH SHIELDS,NORTH TYNESIDE,TYNE AND WEAR,Standard,Addition,55.0152980000,-1.4326760000
49385,1995-07-07 00:00:00Z,NE30 4AD,Terraced,New Build,Freehold,52,,HAZELDENE COURT,NORTH SHIELDS,NORTH SHIELDS,NORTH TYNESIDE,TYNE AND WEAR,Standard,Addition,55.0152980000,-1.4326760000
18000,1995-02-17 00:00:00Z,NE30 2PL,Terraced,Established,Leasehold,4,,LIVINGSTONE VIEW,NORTH SHIELDS,NORTH SHIELDS,NORTH TYNESIDE,TYNE AND WEAR,Standard,Addition,55.0182650000,-1.4349650000
21000,1995-10-27 00:00:00Z,NE30 2HZ,Flats/Maisonettes,Established,Leasehold,35,,PRINCES STREET,NORTH SHIELDS,NORTH SHIELDS,NORTH TYNESIDE,TYNE AND WEAR,Standard,Addition,55.0141920000,-1.4389950000
24000,1995-03-15 00:00:00Z,NE30 2HZ,Flats/Maisonettes,Established,Leasehold,41,,PRINCES STREET,NORTH SHIELDS,NORTH SHIELDS,NORTH TYNESIDE,TYNE AND WEAR,Standard,Addition,55.0141920000,-1.4389950000
40497,1995-02-10 00:00:00Z,NE30 4AD,Flats/Maisonettes,New Build,Leasehold,64,,HAZELDENE COURT,NORTH SHIELDS,NORTH SHIELDS,NORTH TYNESIDE,TYNE AND WEAR,Standard,Addition,55.0152980000,-1.4326760000
40975,1995-02-10 00:00:00Z,NE30 4AD,Flats/Maisonettes,New Build,Leasehold,72,,HAZELDENE COURT,NORTH SHIELDS,NORTH SHIELDS,NORTH TYNESIDE,TYNE AND WEAR,Standard,Addition,55.0152980000,-1.4326760000
57228,1995-05-05 00:00:00Z,NE30 4AD,Terraced,New Build,Freehold,53,,HAZELDENE COURT,NORTH SHIELDS,NORTH SHIELDS,NORTH TYNESIDE,TYNE AND WEAR,Standard,Addition,55.0152980000,-1.4326760000
60000,1995-09-29 00:00:00Z,NE30 2HG,Terraced,Established,Freehold,24,,WASHINGTON TERRACE,NORTH SHIELDS,NORTH SHIELDS,NORTH TYNESIDE,TYNE AND WEAR,Standard,Addition,55.0155050000,-1.4384750000
45553,1995-07-06 00:00:00Z,NE30 4AD,Terraced,New Build,Freehold,60,,HAZELDENE COURT,NORTH SHIELDS,NORTH SHIELDS,NORTH TYNESIDE,TYNE AND WEAR,Standard,Addition,55.0152980000,-1.4326760000
50000,1995-10-27 00:00:00Z,NE30 2PN,Terraced,Established,Freehold,40,,EDITH STREET,NORTH SHIELDS,NORTH SHIELDS,NORTH TYNESIDE,TYNE AND WEAR,Standard,Addition,55.0190930000,-1.4352350000
46950,1995-08-24 00:00:00Z,NE30 4AD,Terraced,New Build,Freehold,49,,HAZELDENE COURT,NORTH SHIELDS,NORTH SHIELDS,NORTH TYNESIDE,TYNE AND WEAR,Standard,Addition,55.0152980000,-1.4326760000
40975,1995-02-10 00:00:00Z,NE30 4AD,Flats/Maisonettes,New Build,Leasehold,74,,HAZELDENE COURT,NORTH SHIELDS,NORTH SHIELDS,NORTH TYNESIDE,TYNE AND WEAR,Standard,Addition,55.0152980000,-1.4326760000
22500,1995-08-11 00:00:00Z,NE30 2HX,Flats/Maisonettes,Established,Leasehold,6,,COBURG STREET,NORTH SHIELDS,NORTH SHIELDS,NORTH TYNESIDE,TYNE AND WEAR,Standard,Addition,55.0138020000,-1.4394690000
22000,1995-04-13 00:00:00Z,NE30 1EE,Flats/Maisonettes,Established,Leasehold,54,,TYNEMOUTH ROAD,NORTH SHIELDS,NORTH SHIELDS,NORTH TYNESIDE,TYNE AND WEAR,Standard,Addition,55.0132560000,-1.4383510000
43330,1995-01-29 00:00:00Z,NE30 4AD,Flats/Maisonettes,New Build,Leasehold,47,,HAZELDENE COURT,NORTH SHIELDS,NORTH SHIELDS,NORTH TYNESIDE,TYNE AND WEAR,Standard,Addition,55.0152980000,-1.4326760000
44000,1995-05-16 00:00:00Z,NE30 4AD,Flats/Maisonettes,Established,Leasehold,12,,HAZELDENE COURT,NORTH SHIELDS,NORTH SHIELDS,NORTH TYNESIDE,TYNE AND WEAR,Standard,Addition,55.0152980000,-1.4326760000
25000,1995-01-13 00:00:00Z,NE30 2HX,Flats/Maisonettes,Established,Leasehold,23,,COBURG STREET,NORTH SHIELDS,NORTH SHIELDS,NORTH TYNESIDE,TYNE AND WEAR,Standard,Addition,55.0138020000,-1.4394690000
33500,1995-09-01 00:00:00Z,NE30 2SA,Terraced,Established,Freehold,53,,HULNE AVENUE,NORTH SHIELDS,NORTH SHIELDS,NORTH TYNESIDE,TYNE AND WEAR,Standard,Addition,55.0167970000,-1.4308740000
43000,1995-05-26 00:00:00Z,NE30 4AD,Flats/Maisonettes,Established,Leasehold,9,,HAZELDENE COURT,NORTH SHIELDS,NORTH SHIELDS,NORTH TYNESIDE,TYNE AND WEAR,Standard,Addition,55.0152980000,-1.4326760000
51950,1995-06-16 00:00:00Z,NE30 2SB,Terraced,Established,Freehold,4,,SHIPLEY ROAD,NORTH SHIELDS,NORTH SHIELDS,NORTH TYNESIDE,TYNE AND WEAR,Standard,Addition,55.0171760000,-1.4306010000
25000,1995-03-24 00:00:00Z,NE30 2PN,Terraced,Established,Freehold,7,,EDITH STREET,NORTH SHIELDS,NORTH SHIELDS,NORTH TYNESIDE,TYNE AND WEAR,Standard,Addition,55.0190930000,-1.4352350000
32000,1995-09-29 00:00:00Z,NE30 2SA,Flats/Maisonettes,Established,Leasehold,32,,HULNE AVENUE,NORTH SHIELDS,NORTH SHIELDS,NORTH TYNESIDE,TYNE AND WEAR,Standard,Addition,55.0167970000,-1.4308740000
41000,1995-12-21 00:00:00Z,NE30 2HL,Terraced,Established,Freehold,44,,PARK CRESCENT,NORTH SHIELDS,NORTH SHIELDS,NORTH TYNESIDE,TYNE AND WEAR,Standard,Addition,55.0158600000,-1.4395340000
58000,1995-10-12 00:00:00Z,NE30 2RT,Terraced,Established,Freehold,4,,HORSLEY TERRACE,NORTH SHIELDS,NORTH SHIELDS,NORTH TYNESIDE,TYNE AND WEAR,Standard,Addition,55.0158700000,-1.4301500000
40497,1995-02-10 00:00:00Z,NE30 4AD,Flats/Maisonettes,New Build,Leasehold,68,,HAZELDENE COURT,NORTH SHIELDS,NORTH SHIELDS,NORTH TYNESIDE,TYNE AND WEAR,Standard,Addition,55.0152980000,-1.4326760000
29000,1995-01-13 00:00:00Z,NE30 2HF,Flats/Maisonettes,Established,Leasehold,27,,DONKIN TERRACE,NORTH SHIELDS,NORTH SHIELDS,NORTH TYNESIDE,TYNE AND WEAR,Standard,Addition,55.0148040000,-1.4366080000
40497,1995-02-10 00:00:00Z,NE30 4AD,Flats/Maisonettes,New Build,Leasehold,66,,HAZELDENE COURT,NORTH SHIELDS,NORTH SHIELDS,NORTH TYNESIDE,TYNE AND WEAR,Standard,Addition,55.0152980000,-1.4326760000
40497,1995-02-10 00:00:00Z,NE30 4AD,Flats/Maisonettes,New Build,Leasehold,70,,HAZELDENE COURT,NORTH SHIELDS,NORTH SHIELDS,NORTH TYNESIDE,TYNE AND WEAR,Standard,Addition,55.0152980000,-1.4326760000
49950,1995-12-01 00:00:00Z,NE30 4AD,Terraced,New Build,Freehold,2,,HAZELDENE COURT,NORTH SHIELDS,NORTH SHIELDS,NORTH TYNESIDE,TYNE AND WEAR,Standard,Addition,55.0152980000,-1.4326760000
38500,1996-12-17 00:00:00Z,NE30 2HG,Flats/Maisonettes,Established,Leasehold,59,,WASHINGTON TERRACE,NORTH SHIELDS,NORTH SHIELDS,NORTH TYNESIDE,TYNE AND WEAR,Standard,Addition,55.0155050000,-1.4384750000
281000,1996-08-23 00:00:00Z,NE30 2HE,Terraced,Established,Freehold,15,,WASHINGTON TERRACE,NORTH SHIELDS,NORTH SHIELDS,NORTH TYNESIDE,TYNE AND WEAR,Standard,Addition,55.0144240000,-1.4380060000
26000,1996-09-06 00:00:00Z,NE30 2HQ,Flats/Maisonettes,Established,Leasehold,27,,PARK CRESCENT EAST,NORTH SHIELDS,NORTH SHIELDS,NORTH TYNESIDE,TYNE AND WEAR,Standard,Addition,55.0158240000,-1.4376420000
49000,1996-07-12 00:00:00Z,NE30 2HJ,Semi-Detached,Established,Freehold,39,,WASHINGTON TERRACE,NORTH SHIELDS,NORTH SHIELDS,NORTH TYNESIDE,TYNE AND WEAR,Standard,Addition,55.0165290000,-1.4383830000
23000,1996-06-07 00:00:00Z,NE30 2HP,Flats/Maisonettes,Established,Leasehold,5,,ROSEDALE TERRACE,NORTH SHIELDS,NORTH SHIELDS,NORTH TYNESIDE,TYNE AND WEAR,Standard,Addition,55.0149000000,-1.4398600000
41000,1996-08-30 00:00:00Z,NE30 2HZ,Terraced,Established,Freehold,36,,PRINCES STREET,NORTH SHIELDS,NORTH SHIELDS,NORTH TYNESIDE,TYNE AND WEAR,Standard,Addition,55.0141920000,-1.4389950000
31000,1996-01-26 00:00:00Z,NE30 2HF,Flats/Maisonettes,Established,Leasehold,3,,DONKIN TERRACE,NORTH SHIELDS,NORTH SHIELDS,NORTH TYNESIDE,TYNE AND WEAR,Standard,Addition,55.0148040000,-1.4366080000
30000,1996-03-04 00:00:00Z,NE30 1DS,Terraced,Established,Freehold,12 - 13,,NORTHUMBERLAND STREET,,NORTH SHIELDS,NORTH TYNESIDE,TYNE AND WEAR,Standard,Addition,55.0118060000,-1.4367300000
59950,1996-04-01 00:00:00Z,NE30 4AD,Terraced,New Build,Freehold,4,,HAZELDENE COURT,NORTH SHIELDS,NORTH SHIELDS,NORTH TYNESIDE,TYNE AND WEAR,Standard,Addition,55.0152980000,-1.4326760000
75000,1996-08-09 00:00:00Z,NE30 2SD,Semi-Detached,Established,Freehold,47,,MARINERS LANE,NORTH SHIELDS,NORTH SHIELDS,NORTH TYNESIDE,TYNE AND WEAR,Standard,Addition,55.0173550000,-1.4323660000
43000,1996-05-10 00:00:00Z,NE30 4AD,Flats/Maisonettes,Established,Leasehold,16,,HAZELDENE COURT,NORTH SHIELDS,NORTH SHIELDS,NORTH TYNESIDE,TYNE AND WEAR,Standard,Addition,55.0152980000,-1.4326760000
50000,1996-03-01 00:00:00Z,NE30 2SH,Terraced,Established,Freehold,9,,ALBURY PARK ROAD,NORTH SHIELDS,NORTH SHIELDS,NORTH TYNESIDE,TYNE AND WEAR,Standard,Addition,55.0181680000,-1.4315060000
15000,1996-10-08 00:00:00Z,NE30 2HX,Terraced,Established,Freehold,19,,COBURG STREET,NORTH SHIELDS,NORTH SHIELDS,NORTH TYNESIDE,TYNE AND WEAR,Standard,Addition,55.0138020000,-1.4394690000
60000,1996-12-09 00:00:00Z,NE30 2JR,Semi-Detached,Established,Freehold,8,,MILL GROVE,NORTH SHIELDS,NORTH SHIELDS,NORTH TYNESIDE,TYNE AND WEAR,Standard,Addition,55.0189270000,-1.4342200000
16000,1996-01-05 00:00:00Z,NE30 2HF,Flats/Maisonettes,Established,Leasehold,13,,DONKIN TERRACE,NORTH SHIELDS,NORTH SHIELDS,NORTH TYNESIDE,TYNE AND WEAR,Standard,Addition,55.0148040000,-1.4366080000
2500,1996-04-30 00:00:00Z,NE30 2PN,Terraced,Established,Freehold,25,,EDITH STREET,,NORTH SHIELDS,NORTH TYNESIDE,TYNE AND WEAR,Standard,Addition,55.0190930000,-1.4352350000
40497,1996-02-10 00:00:00Z,NE30 4AD,Flats/Maisonettes,New Build,Leasehold,63,,HAZELDENE COURT,NORTH SHIELDS,NORTH SHIELDS,NORTH TYNESIDE,TYNE AND WEAR,Standard,Addition,55.0152980000,-1.4326760000
45000,1996-08-30 00:00:00Z,NE30 2HF,Terraced,Established,Freehold,61,,DONKIN TERRACE,NORTH SHIELDS,NORTH SHIELDS,NORTH TYNESIDE,TYNE AND WEAR,Standard,Addition,55.0148040000,-1.4366080000
38000,1996-02-23 00:00:00Z,NE30 2HH,Flats/Maisonettes,Established,Leasehold,47,,KITCHENER TERRACE,NORTH SHIELDS,NORTH SHIELDS,NORTH TYNESIDE,TYNE AND WEAR,Standard,Addition,55.0153440000,-1.4368510000
23000,1996-04-29 00:00:00Z,NE30 2HN,Flats/Maisonettes,Established,Leasehold,57,,PRINCES STREET,NORTH SHIELDS,NORTH SHIELDS,NORTH TYNESIDE,TYNE AND WEAR,Standard,Addition,55.0152640000,-1.4389630000
50000,1996-04-04 00:00:00Z,NE30 2EP,Terraced,Established,Freehold,56,,LINSKILL TERRACE,NORTH SHIELDS,NORTH SHIELDS,NORTH TYNESIDE,TYNE AND WEAR,Standard,Addition,55.0161490000,-1.4399050000
25000,1996-03-05 00:00:00Z,NE30 2HF,Terraced,Established,Leasehold,50A,,DONKIN TERRACE,NORTH SHIELDS,NORTH SHIELDS,NORTH TYNESIDE,TYNE AND WEAR,Standard,Addition,55.0148040000,-1.4366080000
62000,1996-01-18 00:00:00Z,NE30 2SH,Terraced,Established,Freehold,17,,ALBURY PARK ROAD,NORTH SHIELDS,NORTH SHIELDS,NORTH TYNESIDE,TYNE AND WEAR,Standard,Addition,55.0181680000,-1.4315060000
49500,1996-03-29 00:00:00Z,NE30 2EU,Semi-Detached,Established,Freehold,17,,PARK AVENUE,NORTH SHIELDS,NORTH SHIELDS,NORTH TYNESIDE,TYNE AND WEAR,Standard,Addition,55.0163080000,-1.4373220000
42000,1996-11-08 00:00:00Z,NE30 2HA,Semi-Detached,Established,Freehold,22,,PARK TERRACE,NORTH SHIELDS,NORTH SHIELDS,NORTH TYNESIDE,TYNE AND WEAR,Standard,Addition,55.0144710000,-1.4364720000
16000,1996-11-21 00:00:00Z,NE30 2HP,Flats/Maisonettes,Established,Leasehold,9,,ROSEDALE TERRACE,NORTH SHIELDS,NORTH SHIELDS,NORTH TYNESIDE,TYNE AND WEAR,Standard,Addition,55.0149000000,-1.4398600000
26500,1996-11-29 00:00:00Z,NE30 2HX,Flats/Maisonettes,Established,Leasehold,37,,COBURG STREET,NORTH SHIELDS,NORTH SHIELDS,NORTH TYNESIDE,TYNE AND WEAR,Standard,Addition,55.0138020000,-1.4394690000
32500,1996-06-11 00:00:00Z,NE30 2HF,Flats/Maisonettes,Established,Leasehold,36,,DONKIN TERRACE,NORTH SHIELDS,NORTH SHIELDS,NORTH TYNESIDE,TYNE AND WEAR,Standard,Addition,55.0148040000,-1.4366080000
44500,1996-02-27 00:00:00Z,NE30 2HH,Terraced,Established,Freehold,8,,KITCHENER TERRACE,NORTH SHIELDS,NORTH SHIELDS,NORTH TYNESIDE,TYNE AND WEAR,Standard,Addition,55.0153440000,-1.4368510000
60000,1996-08-20 00:00:00Z,NE30 2SH,Terraced,Established,Freehold,1,,ALBURY PARK ROAD,NORTH SHIELDS,NORTH SHIELDS,NORTH TYNESIDE,TYNE AND WEAR,Standard,Addition,55.0181680000,-1.4315060000
59000,1996-06-28 00:00:00Z,NE30 2SA,Terraced,Established,Freehold,2,,HULNE AVENUE,NORTH SHIELDS,NORTH SHIELDS,NORTH TYNESIDE,TYNE AND WEAR,Standard,Addition,55.0167970000,-1.4308740000
72000,1996-12-17 00:00:00Z,NE30 2JP,Semi-Detached,Established,Freehold,12,,MILL GROVE,NORTH SHIELDS,NORTH SHIELDS,NORTH TYNESIDE,TYNE AND WEAR,Standard,Addition,55.0194850000,-1.4345410000
33000,1996-10-31 00:00:00Z,NE30 2HF,Flats/Maisonettes,Established,Leasehold,22,,DONKIN TERRACE,NORTH SHIELDS,NORTH SHIELDS,NORTH TYNESIDE,TYNE AND WEAR,Standard,Addition,55.0148040000,-1.4366080000
47000,1996-05-17 00:00:00Z,NE30 2HN,Semi-Detached,Established,Freehold,43,,PRINCES STREET,NORTH SHIELDS,NORTH SHIELDS,NORTH TYNESIDE,TYNE AND WEAR,Standard,Addition,55.0152640000,-1.4389630000
45500,1996-10-04 00:00:00Z,NE30 4AD,Flats/Maisonettes,Established,Leasehold,47,,HAZELDENE COURT,NORTH SHIELDS,NORTH SHIELDS,NORTH TYNESIDE,TYNE AND WEAR,Standard,Addition,55.0152980000,-1.4326760000
51000,1996-11-21 00:00:00Z,NE30 2EU,Terraced,Established,Freehold,19,,PARK AVENUE,NORTH SHIELDS,NORTH SHIELDS,NORTH TYNESIDE,TYNE AND WEAR,Standard,Addition,55.0163080000,-1.4373220000
28000,1996-11-04 00:00:00Z,NE30 2HL,Terraced,Established,Freehold,56,,PARK CRESCENT,NORTH SHIELDS,NORTH SHIELDS,NORTH TYNESIDE,TYNE AND WEAR,Standard,Addition,55.0158600000,-1.4395340000
78000,1996-12-09 00:00:00Z,NE30 2SE,Flats/Maisonettes,Established,Leasehold,ST. AIDANS COURT,7,MARINERS LANE,NORTH SHIELDS,NORTH SHIELDS,NORTH TYNESIDE,TYNE AND WEAR,Standard,Addition,55.0177770000,-1.4346250000
27000,1996-06-05 00:00:00Z,NE30 2SA,Flats/Maisonettes,Established,Leasehold,34,,HULNE AVENUE,NORTH SHIELDS,NORTH SHIELDS,NORTH TYNESIDE,TYNE AND WEAR,Standard,Addition,55.0167970000,-1.4308740000
38000,1996-12-20 00:00:00Z,NE30 2HQ,Terraced,Established,Freehold,38,,PARK CRESCENT EAST,NORTH SHIELDS,NORTH SHIELDS,NORTH TYNESIDE,TYNE AND WEAR,Standard,Addition,55.0158240000,-1.4376420000
45000,1996-11-15 00:00:00Z,NE30 2HL,Terraced,Established,Freehold,60,,PARK CRESCENT,NORTH SHIELDS,NORTH SHIELDS,NORTH TYNESIDE,TYNE AND WEAR,Standard,Addition,55.0158600000,-1.4395340000
38000,1996-06-21 00:00:00Z,NE30 2SB,Terraced,Established,Freehold,12,,SHIPLEY ROAD,NORTH SHIELDS,NORTH SHIELDS,NORTH TYNESIDE,TYNE AND WEAR,Standard,Addition,55.0171760000,-1.4306010000
15634,1996-11-04 00:00:00Z,NE30 2RU,Terraced,Established,Freehold,33,,MARINERS LANE,NORTH SHIELDS,NORTH SHIELDS,NORTH TYNESIDE,TYNE AND WEAR,Standard,Addition,55.0163880000,-1.4313940000
142000,1996-03-29 00:00:00Z,NE30 2RW,Semi-Detached,Established,Freehold,33,,KING EDWARD ROAD,NORTH SHIELDS,NORTH SHIELDS,NORTH TYNESIDE,TYNE AND WEAR,Standard,Addition,55.0190090000,-1.4324830000
15250,1996-04-11 00:00:00Z,NE30 2HF,Flats/Maisonettes,Established,Leasehold,11,,DONKIN TERRACE,NORTH SHIELDS,NORTH SHIELDS,NORTH TYNESIDE,TYNE AND WEAR,Standard,Addition,55.0148040000,-1.4366080000
75000,1996-10-17 00:00:00Z,NE30 2SH,Terraced,Established,Freehold,22,,ALBURY PARK ROAD,NORTH SHIELDS,NORTH SHIELDS,NORTH TYNESIDE,TYNE AND WEAR,Standard,Addition,55.0181680000,-1.4315060000
34000,1996-03-07 00:00:00Z,NE30 2HH,Flats/Maisonettes,Established,Leasehold,63,,KITCHENER TERRACE,NORTH SHIELDS,NORTH SHIELDS,NORTH TYNESIDE,TYNE AND WEAR,Standard,Addition,55.0153440000,-1.4368510000
88500,1996-07-15 00:00:00Z,NE30 2SH,Detached,Established,Freehold,43,,ALBURY PARK ROAD,NORTH SHIELDS,NORTH SHIELDS,NORTH TYNESIDE,TYNE AND WEAR,Standard,Addition,55.0181680000,-1.4315060000
52500,1996-11-14 00:00:00Z,NE30 2PN,Terraced,Established,Freehold,4,,EDITH STREET,NORTH SHIELDS,NORTH SHIELDS,NORTH TYNESIDE,TYNE AND WEAR,Standard,Addition,55.0190930000,-1.4352350000
40000,1996-03-01 00:00:00Z,NE30 2EY,Flats/Maisonettes,Established,Leasehold,40,,PARK TERRACE,NORTH SHIELDS,NORTH SHIELDS,NORTH TYNESIDE,TYNE AND WEAR,Standard,Addition,55.0156000000,-1.4360950000
33000,1996-09-13 00:00:00Z,NE30 2HN,Flats/Maisonettes,Established,Leasehold,75,,PRINCES STREET,NORTH SHIELDS,NORTH SHIELDS,NORTH TYNESIDE,TYNE AND WEAR,Standard,Addition,55.0152640000,-1.4389630000
60000,1996-07-31 00:00:00Z,NE30 2SD,Semi-Detached,Established,Freehold,43,,MARINERS LANE,NORTH SHIELDS,NORTH SHIELDS,NORTH TYNESIDE,TYNE AND WEAR,Standard,Addition,55.0173550000,-1.4323660000
67500,1996-11-29 00:00:00Z,NE30 2SQ,Terraced,Established,Freehold,18,,BRISLEE AVENUE,NORTH SHIELDS,NORTH SHIELDS,NORTH TYNESIDE,TYNE AND WEAR,Standard,Addition,55.0177910000,-1.4316090000
33500,1996-11-08 00:00:00Z,NE30 2SA,Flats/Maisonettes,Established,Leasehold,50,,HULNE AVENUE,NORTH SHIELDS,NORTH SHIELDS,NORTH TYNESIDE,TYNE AND WEAR,Standard,Addition,55.0167970000,-1.4308740000
75000,1996-09-09 00:00:00Z,NE30 2JP,Semi-Detached,Established,Freehold,27,,MILL GROVE,NORTH SHIELDS,NORTH SHIELDS,NORTH TYNESIDE,TYNE AND WEAR,Standard,Addition,55.0194850000,-1.4345410000
76000,1996-12-02 00:00:00Z,NE30 2JR,Terraced,Established,Freehold,3,,MILL GROVE,NORTH SHIELDS,NORTH SHIELDS,NORTH TYNESIDE,TYNE AND WEAR,Standard,Addition,55.0189270000,-1.4342200000
65500,1996-07-12 00:00:00Z,NE30 2RU,Terraced,Established,Freehold,17,,MARINERS LANE,NORTH SHIELDS,NORTH SHIELDS,NORTH TYNESIDE,TYNE AND WEAR,Standard,Addition,55.0163880000,-1.4313940000
21500,1996-04-01 00:00:00Z,NE30 2HF,Flats/Maisonettes,Established,Leasehold,19,,DONKIN TERRACE,NORTH SHIELDS,NORTH SHIELDS,NORTH TYNESIDE,TYNE AND WEAR,Standard,Addition,55.0148040000,-1.4366080000
43500,1996-11-08 00:00:00Z,NE30 2PL,Terraced,Established,Freehold,2A,,LIVINGSTONE VIEW,NORTH SHIELDS,NORTH SHIELDS,NORTH TYNESIDE,TYNE AND WEAR,Standard,Addition,55.0182650000,-1.4349650000
26000,1996-09-06 00:00:00Z,NE30 2HQ,Flats/Maisonettes,Established,Freehold,29,,PARK CRESCENT EAST,NORTH SHIELDS,NORTH SHIELDS,NORTH TYNESIDE,TYNE AND WEAR,Standard,Addition,55.0158240000,-1.4376420000
38500,1996-11-01 00:00:00Z,NE30 2HH,Flats/Maisonettes,Established,Leasehold,47,,KITCHENER TERRACE,NORTH SHIELDS,NORTH SHIELDS,NORTH TYNESIDE,TYNE AND WEAR,Standard,Addition,55.0153440000,-1.4368510000
62500,1997-12-18 00:00:00Z,NE30 2PW,Terraced,Established,Freehold,21,,ALGERNON TERRACE,NORTH SHIELDS,NORTH SHIELDS,NORTH TYNESIDE,TYNE AND WEAR,Standard,Addition,55.0190770000,-1.4356100000
23500,1997-11-21 00:00:00Z,NE30 2HG,Flats/Maisonettes,Established,Leasehold,56,,WASHINGTON TERRACE,NORTH SHIELDS,NORTH SHIELDS,NORTH TYNESIDE,TYNE AND WEAR,Standard,Addition,55.0155050000,-1.4384750000
42000,1997-10-02 00:00:00Z,NE30 2SB,Terraced,Established,Freehold,7,,SHIPLEY ROAD,NORTH SHIELDS,NORTH SHIELDS,NORTH TYNESIDE,TYNE AND WEAR,Standard,Addition,55.0171760000,-1.4306010000
85000,1997-04-30 00:00:00Z,NE30 2SB,Semi-Detached,Established,Freehold,22,,SHIPLEY ROAD,NORTH SHIELDS,NORTH SHIELDS,NORTH TYNESIDE,TYNE AND WEAR,Standard,Addition,55.0171760000,-1.4306010000
32000,1997-05-30 00:00:00Z,NE30 2SA,Flats/Maisonettes,Established,Leasehold,6,,HULNE AVENUE,NORTH SHIELDS,NORTH SHIELDS,NORTH TYNESIDE,TYNE AND WEAR,Standard,Addition,55.0167970000,-1.4308740000
35000,1997-12-16 00:00:00Z,NE30 1DJ,Semi-Detached,Established,Freehold,4,,BIRD STREET,NORTH SHIELDS,NORTH SHIELDS,NORTH TYNESIDE,TYNE AND WEAR,Standard,Addition,55.0105910000,-1.4369960000
28000,1997-02-28 00:00:00Z,NE30 2HN,Semi-Detached,Established,Freehold,74,,PRINCES STREET,NORTH SHIELDS,NORTH SHIELDS,NORTH TYNESIDE,TYNE AND WEAR,Standard,Addition,55.0152640000,-1.4389630000
38950,1997-12-03 00:00:00Z,NE30 2HH,Flats/Maisonettes,Established,Leasehold,55,,KITCHENER TERRACE,NORTH SHIELDS,NORTH SHIELDS,NORTH TYNESIDE,TYNE AND WEAR,Standard,Addition,55.0153440000,-1.4368510000
45000,1997-07-30 00:00:00Z,NE30 2HL,Terraced,Established,Freehold,56,,PARK CRESCENT,NORTH SHIELDS,NORTH SHIELDS,NORTH TYNESIDE,TYNE AND WEAR,Standard,Addition,55.0158600000,-1.4395340000
41000,1997-03-27 00:00:00Z,NE30 2PN,Terraced,Established,Freehold,2,,EDITH STREET,NORTH SHIELDS,NORTH SHIELDS,NORTH TYNESIDE,TYNE AND WEAR,Standard,Addition,55.0190930000,-1.4352350000
33500,1997-11-28 00:00:00Z,NE30 2HA,Flats/Maisonettes,Established,Leasehold,26,,PARK TERRACE,NORTH SHIELDS,NORTH SHIELDS,NORTH TYNESIDE,TYNE AND WEAR,Standard,Addition,55.0144710000,-1.4364720000
11000,1997-04-30 00:00:00Z,NE30 2HL,Flats/Maisonettes,Established,Freehold,91,,PARK CRESCENT,NORTH SHIELDS,NORTH SHIELDS,NORTH TYNESIDE,TYNE AND WEAR,Standard,Addition,55.0158600000,-1.4395340000
28000,1997-02-28 00:00:00Z,NE30 2HN,Flats/Maisonettes,Established,Leasehold,72,,PRINCES STREET,NORTH SHIELDS,NORTH SHIELDS,NORTH TYNESIDE,TYNE AND WEAR,Standard,Addition,55.0152640000,-1.4389630000
30000,1997-07-31 00:00:00Z,NE30 2HG,Flats/Maisonettes,Established,Leasehold,67,,WASHINGTON TERRACE,NORTH SHIELDS,NORTH SHIELDS,NORTH TYNESIDE,TYNE AND WEAR,Standard,Addition,55.0155050000,-1.4384750000
41000,1997-08-18 00:00:00Z,NE30 2SA,Flats/Maisonettes,Established,Leasehold,42,,HULNE AVENUE,NORTH SHIELDS,NORTH SHIELDS,NORTH TYNESIDE,TYNE AND WEAR,Standard,Addition,55.0167970000,-1.4308740000
54000,1997-10-30 00:00:00Z,NE30 2RZ,Terraced,Established,Freehold,2,,BEANLEY CRESCENT,NORTH SHIELDS,NORTH SHIELDS,NORTH TYNESIDE,TYNE AND WEAR,Standard,Addition,55.0161490000,-1.4302400000
45500,1997-11-11 00:00:00Z,NE30 2SB,Terraced,Established,Freehold,17,,SHIPLEY ROAD,NORTH SHIELDS,NORTH SHIELDS,NORTH TYNESIDE,TYNE AND WEAR,Standard,Addition,55.0171760000,-1.4306010000
35950,1997-11-04 00:00:00Z,NE30 2HH,Flats/Maisonettes,Established,Leasehold,53,,KITCHENER TERRACE,NORTH SHIELDS,NORTH SHIELDS,NORTH TYNESIDE,TYNE AND WEAR,Standard,Addition,55.0153440000,-1.4368510000
57950,1997-10-24 00:00:00Z,NE30 4AD,Terraced,Established,Freehold,30,,HAZELDENE COURT,NORTH SHIELDS,NORTH SHIELDS,NORTH TYNESIDE,TYNE AND WEAR,Standard,Addition,55.0152980000,-1.4326760000
41000,1997-06-30 00:00:00Z,NE30 2PN,Terraced,Established,Freehold,37,,EDITH STREET,NORTH SHIELDS,NORTH SHIELDS,NORTH TYNESIDE,TYNE AND WEAR,Standard,Addition,55.0190930000,-1.4352350000
45950,1997-10-10 00:00:00Z,NE30 2SA,Semi-Detached,Established,Freehold,42,,HULNE AVENUE,NORTH SHIELDS,NORTH SHIELDS,NORTH TYNESIDE,TYNE AND WEAR,Standard,Addition,55.0167970000,-1.4308740000
36500,1997-05-08 00:00:00Z,NE30 2HQ,Terraced,Established,Leasehold,53,,PARK CRESCENT EAST,NORTH SHIELDS,NORTH SHIELDS,NORTH TYNESIDE,TYNE AND WEAR,Standard,Addition,55.0158240000,-1.4376420000
73000,1997-05-09 00:00:00Z,NE30 2HG,Terraced,Established,Freehold,23,,WASHINGTON TERRACE,NORTH SHIELDS,NORTH SHIELDS,NORTH TYNESIDE,TYNE AND WEAR,Standard,Addition,55.0155050000,-1.4384750000
39500,1997-04-18 00:00:00Z,NE30 2HP,Terraced,Established,Freehold,20,,ROSEDALE TERRACE,NORTH SHIELDS,NORTH SHIELDS,NORTH TYNESIDE,TYNE AND WEAR,Standard,Addition,55.0149000000,-1.4398600000
36500,1997-11-21 00:00:00Z,NE30 2HL,Flats/Maisonettes,Established,Leasehold,69,,PARK CRESCENT,NORTH SHIELDS,NORTH SHIELDS,NORTH TYNESIDE,TYNE AND WEAR,Standard,Addition,55.0158600000,-1.4395340000
70500,1997-08-15 00:00:00Z,NE30 2SG,Semi-Detached,Established,Freehold,22,,DENWICK TERRACE,NORTH SHIELDS,NORTH SHIELDS,NORTH TYNESIDE,TYNE AND WEAR,Standard,Addition,55.0178610000,-1.4312010000
25000,1997-08-08 00:00:00Z,NE30 2HY,Flats/Maisonettes,Established,Leasehold,65,,JACKSON STREET,NORTH SHIELDS,NORTH SHIELDS,NORTH TYNESIDE,TYNE AND WEAR,Standard,Addition,55.0147450000,-1.4393620000
68500,1997-10-17 00:00:00Z,NE30 2RT,Semi-Detached,Established,Freehold,5,,HORSLEY TERRACE,NORTH SHIELDS,NORTH SHIELDS,NORTH TYNESIDE,TYNE AND WEAR,Standard,Addition,55.0158700000,-1.4301500000
45000,1997-08-15 00:00:00Z,NE30 4AD,Flats/Maisonettes,Established,Leasehold,40,,HAZELDENE COURT,NORTH SHIELDS,NORTH SHIELDS,NORTH TYNESIDE,TYNE AND WEAR,Standard,Addition,55.0152980000,-1.4326760000
17000,1997-12-15 00:00:00Z,NE30 2HZ,Flats/Maisonettes,Established,Leasehold,39,,PRINCES STREET,NORTH SHIELDS,NORTH SHIELDS,NORTH TYNESIDE,TYNE AND WEAR,Standard,Addition,55.0141920000,-1.4389950000
66000,1997-05-07 00:00:00Z,NE30 2RU,Terraced,Established,Freehold,7,,MARINERS LANE,NORTH SHIELDS,NORTH SHIELDS,NORTH TYNESIDE,TYNE AND WEAR,Standard,Addition,55.0163880000,-1.4313940000
78500,1997-06-27 00:00:00Z,NE30 2SG,Semi-Detached,Established,Freehold,35,,DENWICK TERRACE,NORTH SHIELDS,NORTH SHIELDS,NORTH TYNESIDE,TYNE AND WEAR,Standard,Addition,55.0178610000,-1.4312010000
32000,1997-01-06 00:00:00Z,NE30 2SA,Flats/Maisonettes,Established,Leasehold,39,,HULNE AVENUE,NORTH SHIELDS,NORTH SHIELDS,NORTH TYNESIDE,TYNE AND WEAR,Standard,Addition,55.0167970000,-1.4308740000
26995,1997-04-30 00:00:00Z,NE30 2HX,Flats/Maisonettes,Established,Leasehold,37,,COBURG STREET,NORTH SHIELDS,NORTH SHIELDS,NORTH TYNESIDE,TYNE AND WEAR,Standard,Addition,55.0138020000,-1.4394690000
54000,1997-06-06 00:00:00Z,NE30 4AD,Terraced,Established,Freehold,58,,HAZELDENE COURT,NORTH SHIELDS,NORTH SHIELDS,NORTH TYNESIDE,TYNE AND WEAR,Standard,Addition,55.0152980000,-1.4326760000
69250,1997-06-06 00:00:00Z,NE30 2HE,Terraced,Established,Freehold,13,,WASHINGTON TERRACE,NORTH SHIELDS,NORTH SHIELDS,NORTH TYNESIDE,TYNE AND WEAR,Standard,Addition,55.0144240000,-1.4380060000
29000,1997-12-05 00:00:00Z,NE30 2HH,Flats/Maisonettes,Established,Leasehold,37,,KITCHENER TERRACE,NORTH SHIELDS,NORTH SHIELDS,NORTH TYNESIDE,TYNE AND WEAR,Standard,Addition,55.0153440000,-1.4368510000
50500,1997-12-19 00:00:00Z,NE30 4AD,Terraced,Established,Freehold,52,,HAZELDENE COURT,NORTH SHIELDS,NORTH SHIELDS,NORTH TYNESIDE,TYNE AND WEAR,Standard,Addition,55.0152980000,-1.4326760000
75000,1997-12-12 00:00:00Z,NE30 2EP,Terraced,Established,Freehold,68,,LINSKILL TERRACE,NORTH SHIELDS,NORTH SHIELDS,NORTH TYNESIDE,TYNE AND WEAR,Standard,Addition,55.0161490000,-1.4399050000
87000,1997-07-31 00:00:00Z,NE30 2SE,Flats/Maisonettes,Established,Leasehold,ST. AIDANS COURT,27,MARINERS LANE,NORTH SHIELDS,NORTH SHIELDS,NORTH TYNESIDE,TYNE AND WEAR,Standard,Addition,55.0177770000,-1.4346250000
30000,1997-10-31 00:00:00Z,NE30 2SA,Flats/Maisonettes,Established,Leasehold,46,,HULNE AVENUE,NORTH SHIELDS,NORTH SHIELDS,NORTH TYNESIDE,TYNE AND WEAR,Standard,Addition,55.0167970000,-1.4308740000
28500,1997-06-27 00:00:00Z,NE30 2HP,Flats/Maisonettes,Established,Leasehold,2,,ROSEDALE TERRACE,NORTH SHIELDS,NORTH SHIELDS,NORTH TYNESIDE,TYNE AND WEAR,Standard,Addition,55.0149000000,-1.4398600000
67750,1997-09-12 00:00:00Z,NE30 2RU,Terraced,Established,Freehold,33,,MARINERS LANE,NORTH SHIELDS,NORTH SHIELDS,NORTH TYNESIDE,TYNE AND WEAR,Standard,Addition,55.0163880000,-1.4313940000
18000,1997-02-26 00:00:00Z,NE30 2EG,Flats/Maisonettes,Established,Leasehold,97,,GREY STREET,NORTH SHIELDS,NORTH SHIELDS,NORTH TYNESIDE,TYNE AND WEAR,Standard,Addition,55.0137620000,-1.4387030000
70000,1997-07-11 00:00:00Z,NE30 2SH,Terraced,Established,Freehold,12,,ALBURY PARK ROAD,NORTH SHIELDS,NORTH SHIELDS,NORTH TYNESIDE,TYNE AND WEAR,Standard,Addition,55.0181680000,-1.4315060000
74000,1997-07-24 00:00:00Z,NE30 2SE,Flats/Maisonettes,Established,Leasehold,ST. AIDANS COURT,10,MARINERS LANE,NORTH SHIELDS,NORTH SHIELDS,NORTH TYNESIDE,TYNE AND WEAR,Standard,Addition,55.0177770000,-1.4346250000
45950,1997-10-10 00:00:00Z,NE30 2SA,Semi-Detached,Established,Leasehold,40,,HULNE AVENUE,NORTH SHIELDS,NORTH SHIELDS,NORTH TYNESIDE,TYNE AND WEAR,Standard,Addition,55.0167970000,-1.4308740000
50000,1997-05-02 00:00:00Z,NE30 2SB,Terraced,Established,Freehold,19,,SHIPLEY ROAD,NORTH SHIELDS,NORTH SHIELDS,NORTH TYNESIDE,TYNE AND WEAR,Standard,Addition,55.0171760000,-1.4306010000
50000,1997-11-07 00:00:00Z,NE30 4AA,Detached,Established,Freehold,28,,TYNEMOUTH ROAD,,NORTH SHIELDS,NORTH TYNESIDE,TYNE AND WEAR,Standard,Addition,55.0141070000,-1.4339920000
53000,1997-01-31 00:00:00Z,NE30 2HJ,Terraced,Established,Freehold,48,,WASHINGTON TERRACE,NORTH SHIELDS,NORTH SHIELDS,NORTH TYNESIDE,TYNE AND WEAR,Standard,Addition,55.0165290000,-1.4383830000
68000,1997-05-02 00:00:00Z,NE30 2SH,Terraced,Established,Freehold,10,,ALBURY PARK ROAD,NORTH SHIELDS,NORTH SHIELDS,NORTH TYNESIDE,TYNE AND WEAR,Standard,Addition,55.0181680000,-1.4315060000
50000,1997-11-10 00:00:00Z,NE30 2HH,Terraced,Established,Freehold,7,,KITCHENER TERRACE,NORTH SHIELDS,NORTH SHIELDS,NORTH TYNESIDE,TYNE AND WEAR,Standard,Addition,55.0153440000,-1.4368510000
84000,1997-05-16 00:00:00Z,NE30 2PW,Semi-Detached,Established,Freehold,17,,ALGERNON TERRACE,NORTH SHIELDS,NORTH SHIELDS,NORTH TYNESIDE,TYNE AND WEAR,Standard,Addition,55.0190770000,-1.4356100000
18250,1997-01-17 00:00:00Z,NE30 2HN,Flats/Maisonettes,Established,Leasehold,77,,PRINCES STREET,NORTH SHIELDS,NORTH SHIELDS,NORTH TYNESIDE,TYNE AND WEAR,Standard,Addition,55.0152640000,-1.4389630000
37000,1997-06-18 00:00:00Z,NE30 2SA,Flats/Maisonettes,Established,Leasehold,13,,HULNE AVENUE,NORTH SHIELDS,NORTH SHIELDS,NORTH TYNESIDE,TYNE AND WEAR,Standard,Addition,55.0167970000,-1.4308740000
44750,1997-06-13 00:00:00Z,NE30 4AD,Flats/Maisonettes,Established,Leasehold,37,,HAZELDENE COURT,NORTH SHIELDS,NORTH SHIELDS,NORTH TYNESIDE,TYNE AND WEAR,Standard,Addition,55.0152980000,-1.4326760000
132000,1997-03-27 00:00:00Z,NE30 2RP,Semi-Detached,Established,Freehold,16,,KING EDWARD ROAD,NORTH SHIELDS,NORTH SHIELDS,NORTH TYNESIDE,TYNE AND WEAR,Standard,Addition,55.0186570000,-1.4321910000
34000,1997-05-14 00:00:00Z,NE30 2HP,Flats/Maisonettes,Established,Leasehold,24,,ROSEDALE TERRACE,NORTH SHIELDS,NORTH SHIELDS,NORTH TYNESIDE,TYNE AND WEAR,Standard,Addition,55.0149000000,-1.4398600000
72000,1997-08-29 00:00:00Z,NE30 2SE,Flats/Maisonettes,Established,Leasehold,ST. AIDANS COURT,9,MARINERS LANE,NORTH SHIELDS,NORTH SHIELDS,NORTH TYNESIDE,TYNE AND WEAR,Standard,Addition,55.0177770000,-1.4346250000
37000,1997-07-29 00:00:00Z,NE30 2HH,Flats/Maisonettes,Established,Leasehold,43,,KITCHENER TERRACE,NORTH SHIELDS,NORTH SHIELDS,NORTH TYNESIDE,TYNE AND WEAR,Standard,Addition,55.0153440000,-1.4368510000
19950,1997-09-26 00:00:00Z,NE30 2EG,Flats/Maisonettes,Established,Leasehold,93,,GREY STREET,NORTH SHIELDS,NORTH SHIELDS,NORTH TYNESIDE,TYNE AND WEAR,Standard,Addition,55.0137620000,-1.4387030000
65000,1997-08-27 00:00:00Z,NE30 2EU,Terraced,Established,Freehold,10,,PARK AVENUE,NORTH SHIELDS,NORTH SHIELDS,NORTH TYNESIDE,TYNE AND WEAR,Standard,Addition,55.0163080000,-1.4373220000
38950,1997-12-19 00:00:00Z,NE30 2HZ,Flats/Maisonettes,Established,Freehold,8,,PRINCES STREET,NORTH SHIELDS,NORTH SHIELDS,NORTH TYNESIDE,TYNE AND WEAR,Standard,Addition,55.0141920000,-1.4389950000
15000,1997-01-31 00:00:00Z,NE30 2HX,Flats/Maisonettes,Established,Leasehold,44,,COBURG STREET,NORTH SHIELDS,NORTH SHIELDS,NORTH TYNESIDE,TYNE AND WEAR,Standard,Addition,55.0138020000,-1.4394690000
38000,1997-10-22 00:00:00Z,NE30 2HG,Flats/Maisonettes,Established,Leasehold,68,,WASHINGTON TERRACE,NORTH SHIELDS,NORTH SHIELDS,NORTH TYNESIDE,TYNE AND WEAR,Standard,Addition,55.0155050000,-1.4384750000
27250,1997-10-13 00:00:00Z,NE30 1EE,Flats/Maisonettes,Established,Leasehold,52,,TYNEMOUTH ROAD,NORTH SHIELDS,NORTH SHIELDS,NORTH TYNESIDE,TYNE AND WEAR,Standard,Addition,55.0132560000,-1.4383510000
36500,1997-08-28 00:00:00Z,NE30 2SA,Flats/Maisonettes,Established,Leasehold,19,,HULNE AVENUE,NORTH SHIELDS,NORTH SHIELDS,NORTH TYNESIDE,TYNE AND WEAR,Standard,Addition,55.0167970000,-1.4308740000
36000,1997-08-22 00:00:00Z,NE30 2HG,Flats/Maisonettes,Established,Leasehold,31,FLAT 4,WASHINGTON TERRACE,NORTH SHIELDS,NORTH SHIELDS,NORTH TYNESIDE,TYNE AND WEAR,Standard,Addition,55.0155050000,-1.4384750000
18950,1997-12-15 00:00:00Z,NE30 2HZ,Flats/Maisonettes,Established,Leasehold,39,,PRINCES STREET,NORTH SHIELDS,NORTH SHIELDS,NORTH TYNESIDE,TYNE AND WEAR,Standard,Addition,55.0141920000,-1.4389950000
43950,1997-05-12 00:00:00Z,NE30 2HP,Terraced,Established,Freehold,18,,ROSEDALE TERRACE,NORTH SHIELDS,NORTH SHIELDS,NORTH TYNESIDE,TYNE AND WEAR,Standard,Addition,55.0149000000,-1.4398600000
28750,1997-06-20 00:00:00Z,NE30 2HH,Flats/Maisonettes,Established,Leasehold,29,,KITCHENER TERRACE,NORTH SHIELDS,NORTH SHIELDS,NORTH TYNESIDE,TYNE AND WEAR,Standard,Addition,55.0153440000,-1.4368510000
58500,1997-12-15 00:00:00Z,NE30 2PN,Terraced,Established,Freehold,20,,EDITH STREET,NORTH SHIELDS,NORTH SHIELDS,NORTH TYNESIDE,TYNE AND WEAR,Standard,Addition,55.0190930000,-1.4352350000
69995,1998-09-11 00:00:00Z,NE30 2RR,Terraced,Established,Freehold,4,,BIRTLEY AVENUE,NORTH SHIELDS,NORTH SHIELDS,NORTH TYNESIDE,TYNE AND WEAR,Standard,Addition,55.0178740000,-1.4300590000
122000,1998-05-08 00:00:00Z,NE30 2JP,Semi-Detached,Established,Freehold,18,,MILL GROVE,NORTH SHIELDS,NORTH SHIELDS,NORTH TYNESIDE,TYNE AND WEAR,Standard,Addition,55.0194850000,-1.4345410000
11000,1998-07-14 00:00:00Z,NE30 2HP,Flats/Maisonettes,Established,Leasehold,10,,ROSEDALE TERRACE,NORTH SHIELDS,NORTH SHIELDS,NORTH TYNESIDE,TYNE AND WEAR,Standard,Addition,55.0149000000,-1.4398600000
33500,1998-06-26 00:00:00Z,NE30 2HF,Flats/Maisonettes,Established,Leasehold,36,,DONKIN TERRACE,NORTH SHIELDS,NORTH SHIELDS,NORTH TYNESIDE,TYNE AND WEAR,Standard,Addition,55.0148040000,-1.4366080000
26500,1998-02-04 00:00:00Z,NE30 2HA,Flats/Maisonettes,Established,Leasehold,24,,PARK TERRACE,NORTH SHIELDS,NORTH SHIELDS,NORTH TYNESIDE,TYNE AND WEAR,Standard,Addition,55.0144710000,-1.4364720000
41000,1998-07-03 00:00:00Z,NE30 2SA,Flats/Maisonettes,Established,Leasehold,31,,HULNE AVENUE,NORTH SHIELDS,NORTH SHIELDS,NORTH TYNESIDE,TYNE AND WEAR,Standard,Addition,55.0167970000,-1.4308740000
49000,1998-06-12 00:00:00Z,NE30 4AD,Terraced,Established,Freehold,60,,HAZELDENE COURT,NORTH SHIELDS,NORTH SHIELDS,NORTH TYNESIDE,TYNE AND WEAR,Standard,Addition,55.0152980000,-1.4326760000
26000,1998-01-09 00:00:00Z,NE30 2HN,Flats/Maisonettes,Established,Leasehold,78,,PRINCES STREET,NORTH SHIELDS,NORTH SHIELDS,NORTH TYNESIDE,TYNE AND WEAR,Standard,Addition,55.0152640000,-1.4389630000
31000,1998-01-30 00:00:00Z,NE30 1EE,Flats/Maisonettes,Established,Leasehold,74,,TYNEMOUTH ROAD,NORTH SHIELDS,NORTH SHIELDS,NORTH TYNESIDE,TYNE AND WEAR,Standard,Addition,55.0132560000,-1.4383510000
34500,1998-11-27 00:00:00Z,NE30 2HL,Flats/Maisonettes,Established,Leasehold,91,,PARK CRESCENT,NORTH SHIELDS,NORTH SHIELDS,NORTH TYNESIDE,TYNE AND WEAR,Standard,Addition,55.0158600000,-1.4395340000
245000,1998-05-15 00:00:00Z,NE30 2RP,Detached,Established,Freehold,38,,KING EDWARD ROAD,NORTH SHIELDS,NORTH SHIELDS,NORTH TYNESIDE,TYNE AND WEAR,Standard,Addition,55.0186570000,-1.4321910000
50450,1998-09-11 00:00:00Z,NE30 2HH,Terraced,Established,Freehold,3,,KITCHENER TERRACE,NORTH SHIELDS,NORTH SHIELDS,NORTH TYNESIDE,TYNE AND WEAR,Standard,Addition,55.0153440000,-1.4368510000
53750,1998-09-30 00:00:00Z,NE30 2RT,Terraced,Established,Freehold,12,,HORSLEY TERRACE,NORTH SHIELDS,NORTH SHIELDS,NORTH TYNESIDE,TYNE AND WEAR,Standard,Addition,55.0158700000,-1.4301500000
80000,1998-08-07 00:00:00Z,NE30 2SQ,Semi-Detached,Established,Freehold,10,,BRISLEE AVENUE,NORTH SHIELDS,NORTH SHIELDS,NORTH TYNESIDE,TYNE AND WEAR,Standard,Addition,55.0177910000,-1.4316090000
42750,1998-04-17 00:00:00Z,NE30 4AD,Flats/Maisonettes,Established,Leasehold,37,,HAZELDENE COURT,NORTH SHIELDS,NORTH SHIELDS,NORTH TYNESIDE,TYNE AND WEAR,Standard,Addition,55.0152980000,-1.4326760000
100000,1998-01-16 00:00:00Z,NE30 2SQ,Terraced,Established,Freehold,19,,BRISLEE AVENUE,NORTH SHIELDS,NORTH SHIELDS,NORTH TYNESIDE,TYNE AND WEAR,Standard,Addition,55.0177910000,-1.4316090000
65000,1998-12-18 00:00:00Z,NE30 2EU,Terraced,Established,Freehold,23,,PARK AVENUE,NORTH SHIELDS,NORTH SHIELDS,NORTH TYNESIDE,TYNE AND WEAR,Standard,Addition,55.0163080000,-1.4373220000
52000,1998-09-18 00:00:00Z,NE30 4AD,Semi-Detached,Established,Freehold,6,,HAZELDENE COURT,NORTH SHIELDS,NORTH SHIELDS,NORTH TYNESIDE,TYNE AND WEAR,Standard,Addition,55.0152980000,-1.4326760000
23000,1998-12-11 00:00:00Z,NE30 1EE,Flats/Maisonettes,Established,Leasehold,56,,TYNEMOUTH ROAD,NORTH SHIELDS,NORTH SHIELDS,NORTH TYNESIDE,TYNE AND WEAR,Standard,Addition,55.0132560000,-1.4383510000
31000,1998-06-01 00:00:00Z,NE30 2HX,Flats/Maisonettes,Established,Freehold,17,,COBURG STREET,NORTH SHIELDS,NORTH SHIELDS,NORTH TYNESIDE,TYNE AND WEAR,Standard,Addition,55.0138020000,-1.4394690000
81000,1998-02-26 00:00:00Z,NE30 2JR,Terraced,Established,Freehold,11,,MILL GROVE,NORTH SHIELDS,NORTH SHIELDS,NORTH TYNESIDE,TYNE AND WEAR,Standard,Addition,55.0189270000,-1.4342200000
45750,1998-04-29 00:00:00Z,NE30 4AD,Flats/Maisonettes,Established,Leasehold,14,,HAZELDENE COURT,NORTH SHIELDS,NORTH SHIELDS,NORTH TYNESIDE,TYNE AND WEAR,Standard,Addition,55.0152980000,-1.4326760000
44000,1998-02-12 00:00:00Z,NE30 2HQ,Flats/Maisonettes,Established,Freehold,59 - 61,,PARK CRESCENT EAST,NORTH SHIELDS,NORTH SHIELDS,NORTH TYNESIDE,TYNE AND WEAR,Standard,Addition,55.0158240000,-1.4376420000
37950,1998-09-11 00:00:00Z,NE30 2HY,Terraced,Established,Freehold,50,,JACKSON STREET,NORTH SHIELDS,NORTH SHIELDS,NORTH TYNESIDE,TYNE AND WEAR,Standard,Addition,55.0147450000,-1.4393620000
154000,1998-10-09 00:00:00Z,NE30 2RW,Terraced,Established,Freehold,45,,KING EDWARD ROAD,NORTH SHIELDS,NORTH SHIELDS,NORTH TYNESIDE,TYNE AND WEAR,Standard,Addition,55.0190090000,-1.4324830000
140000,1998-07-21 00:00:00Z,NE30 2LA,Semi-Detached,Established,Freehold,11,,ASHLEIGH GROVE,NORTH SHIELDS,NORTH SHIELDS,NORTH TYNESIDE,TYNE AND WEAR,Standard,Addition,55.0197030000,-1.4329430000
42500,1998-01-23 00:00:00Z,NE30 2SH,Flats/Maisonettes,Established,Freehold,23A,,ALBURY PARK ROAD,NORTH SHIELDS,NORTH SHIELDS,NORTH TYNESIDE,TYNE AND WEAR,Standard,Addition,55.0181680000,-1.4315060000
77000,1998-10-16 00:00:00Z,NE30 2SE,Flats/Maisonettes,Established,Leasehold,ST. AIDANS COURT,19,MARINERS LANE,NORTH SHIELDS,NORTH SHIELDS,NORTH TYNESIDE,TYNE AND WEAR,Standard,Addition,55.0177770000,-1.4346250000
17500,1998-01-30 00:00:00Z,NE30 2HX,Flats/Maisonettes,Established,Leasehold,22,,COBURG STREET,NORTH SHIELDS,NORTH SHIELDS,NORTH TYNESIDE,TYNE AND WEAR,Standard,Addition,55.0138020000,-1.4394690000
40000,1998-12-10 00:00:00Z,NE30 2PN,Terraced,Established,Freehold,47,,EDITH STREET,NORTH SHIELDS,NORTH SHIELDS,NORTH TYNESIDE,TYNE AND WEAR,Standard,Addition,55.0190930000,-1.4352350000
49000,1998-10-30 00:00:00Z,NE30 2EU,Terraced,Established,Freehold,4,,PARK AVENUE,NORTH SHIELDS,NORTH SHIELDS,NORTH TYNESIDE,TYNE AND WEAR,Standard,Addition,55.0163080000,-1.4373220000
35000,1998-10-23 00:00:00Z,NE30 2HA,Flats/Maisonettes,Established,Leasehold,27,,PARK TERRACE,NORTH SHIELDS,NORTH SHIELDS,NORTH TYNESIDE,TYNE AND WEAR,Standard,Addition,55.0144710000,-1.4364720000
14750,1998-06-29 00:00:00Z,NE30 2HZ,Flats/Maisonettes,Established,Leasehold,44,,PRINCES STREET,NORTH SHIELDS,NORTH SHIELDS,NORTH TYNESIDE,TYNE AND WEAR,Standard,Addition,55.0141920000,-1.4389950000
45000,1998-08-07 00:00:00Z,NE30 2SA,Flats/Maisonettes,Established,Leasehold,32,,HULNE AVENUE,NORTH SHIELDS,NORTH SHIELDS,NORTH TYNESIDE,TYNE AND WEAR,Standard,Addition,55.0167970000,-1.4308740000
30000,1998-10-23 00:00:00Z,NE30 2HL,Terraced,Established,Leasehold,73,,PARK CRESCENT,NORTH SHIELDS,NORTH SHIELDS,NORTH TYNESIDE,TYNE AND WEAR,Standard,Addition,55.0158600000,-1.4395340000
32000,1998-10-23 00:00:00Z,NE30 2HG,Flats/Maisonettes,Established,Leasehold,69,,WASHINGTON TERRACE,NORTH SHIELDS,NORTH SHIELDS,NORTH TYNESIDE,TYNE AND WEAR,Standard,Addition,55.0155050000,-1.4384750000
33000,1998-08-28 00:00:00Z,NE30 2HN,Flats/Maisonettes,Established,Leasehold,53,,PRINCES STREET,NORTH SHIELDS,NORTH SHIELDS,NORTH TYNESIDE,TYNE AND WEAR,Standard,Addition,55.0152640000,-1.4389630000
60000,1998-08-10 00:00:00Z,NE30 2RZ,Terraced,Established,Freehold,4,,BEANLEY CRESCENT,NORTH SHIELDS,NORTH SHIELDS,NORTH TYNESIDE,TYNE AND WEAR,Standard,Addition,55.0161490000,-1.4302400000
55000,1998-12-04 00:00:00Z,NE30 2HY,Terraced,Established,Freehold,52,,JACKSON STREET,NORTH SHIELDS,NORTH SHIELDS,NORTH TYNESIDE,TYNE AND WEAR,Standard,Addition,55.0147450000,-1.4393620000
22000,1998-06-10 00:00:00Z,NE30 2HQ,Flats/Maisonettes,Established,Leasehold,8,,PARK CRESCENT EAST,NORTH SHIELDS,NORTH SHIELDS,NORTH TYNESIDE,TYNE AND WEAR,Standard,Addition,55.0158240000,-1.4376420000
33000,1998-10-15 00:00:00Z,NE30 2HN,Flats/Maisonettes,Established,Freehold,82,,PRINCES STREET,NORTH SHIELDS,NORTH SHIELDS,NORTH TYNESIDE,TYNE AND WEAR,Standard,Addition,55.0152640000,-1.4389630000
90000,1998-07-30 00:00:00Z,NE30 2EP,Terraced,Established,Freehold,71,,LINSKILL TERRACE,NORTH SHIELDS,NORTH SHIELDS,NORTH TYNESIDE,TYNE AND WEAR,Standard,Addition,55.0161490000,-1.4399050000
33000,1998-10-15 00:00:00Z,NE30 2HN,Flats/Maisonettes,Established,Leasehold,80,,PRINCES STREET,NORTH SHIELDS,NORTH SHIELDS,NORTH TYNESIDE,TYNE AND WEAR,Standard,Addition,55.0152640000,-1.4389630000
88500,1998-06-19 00:00:00Z,NE30 2SH,Terraced,Established,Freehold,22,,ALBURY PARK ROAD,NORTH SHIELDS,NORTH SHIELDS,NORTH TYNESIDE,TYNE AND WEAR,Standard,Addition,55.0181680000,-1.4315060000
45000,1998-09-07 00:00:00Z,NE30 2SA,Flats/Maisonettes,Established,Freehold,34,,HULNE AVENUE,NORTH SHIELDS,NORTH SHIELDS,NORTH TYNESIDE,TYNE AND WEAR,Standard,Addition,55.0167970000,-1.4308740000
48000,1998-09-02 00:00:00Z,NE30 2HA,Terraced,Established,Freehold,1,,PARK TERRACE,NORTH SHIELDS,NORTH SHIELDS,NORTH TYNESIDE,TYNE AND WEAR,Standard,Addition,55.0144710000,-1.4364720000
82500,1998-08-28 00:00:00Z,NE30 2SH,Semi-Detached,Established,Freehold,29,,ALBURY PARK ROAD,NORTH SHIELDS,NORTH SHIELDS,NORTH TYNESIDE,TYNE AND WEAR,Standard,Addition,55.0181680000,-1.4315060000
32000,1998-05-29 00:00:00Z,NE30 2HX,Flats/Maisonettes,Established,Leasehold,22,,COBURG STREET,NORTH SHIELDS,NORTH SHIELDS,NORTH TYNESIDE,TYNE AND WEAR,Standard,Addition,55.0138020000,-1.4394690000
37000,1998-04-30 00:00:00Z,NE30 2HQ,Flats/Maisonettes,Established,Leasehold,28,,PARK CRESCENT EAST,NORTH SHIELDS,NORTH SHIELDS,NORTH TYNESIDE,TYNE AND WEAR,Standard,Addition,55.0158240000,-1.4376420000
15000,1998-09-01 00:00:00Z,NE30 2HL,Flats/Maisonettes,Established,Leasehold,71,,PARK CRESCENT,NORTH SHIELDS,NORTH SHIELDS,NORTH TYNESIDE,TYNE AND WEAR,Standard,Addition,55.0158600000,-1.4395340000
15000,1998-05-29 00:00:00Z,NE30 2HX,Flats/Maisonettes,Established,Leasehold,6,,COBURG STREET,NORTH SHIELDS,NORTH SHIELDS,NORTH TYNESIDE,TYNE AND WEAR,Standard,Addition,55.0138020000,-1.4394690000
36950,1998-12-11 00:00:00Z,NE30 2HA,Flats/Maisonettes,Established,Leasehold,25,,PARK TERRACE,NORTH SHIELDS,NORTH SHIELDS,NORTH TYNESIDE,TYNE AND WEAR,Standard,Addition,55.0144710000,-1.4364720000
36000,1998-09-30 00:00:00Z,NE30 2SA,Flats/Maisonettes,Established,Leasehold,15,,HULNE AVENUE,NORTH SHIELDS,NORTH SHIELDS,NORTH TYNESIDE,TYNE AND WEAR,Standard,Addition,55.0167970000,-1.4308740000
39950,1998-02-27 00:00:00Z,NE30 2HZ,Terraced,Established,Freehold,11,,PRINCES STREET,NORTH SHIELDS,NORTH SHIELDS,NORTH TYNESIDE,TYNE AND WEAR,Standard,Addition,55.0141920000,-1.4389950000
43000,1998-12-11 00:00:00Z,NE30 4AD,Flats/Maisonettes,Established,Leasehold,47,,HAZELDENE COURT,NORTH SHIELDS,NORTH SHIELDS,NORTH TYNESIDE,TYNE AND WEAR,Standard,Addition,55.0152980000,-1.4326760000
26350,1998-05-29 00:00:00Z,NE30 2HA,Flats/Maisonettes,Established,Leasehold,15,,PARK TERRACE,NORTH SHIELDS,NORTH SHIELDS,NORTH TYNESIDE,TYNE AND WEAR,Standard,Addition,55.0144710000,-1.4364720000
26000,1998-08-07 00:00:00Z,NE30 2HF,Flats/Maisonettes,Established,Leasehold,42,,DONKIN TERRACE,NORTH SHIELDS,NORTH SHIELDS,NORTH TYNESIDE,TYNE AND WEAR,Standard,Addition,55.0148040000,-1.4366080000
32250,1998-03-13 00:00:00Z,NE30 2HH,Flats/Maisonettes,Established,Leasehold,13,,KITCHENER TERRACE,NORTH SHIELDS,NORTH SHIELDS,NORTH TYNESIDE,TYNE AND WEAR,Standard,Addition,55.0153440000,-1.4368510000
75000,1998-09-25 00:00:00Z,NE30 2SB,Terraced,Established,Freehold,8,,SHIPLEY ROAD,NORTH SHIELDS,NORTH SHIELDS,NORTH TYNESIDE,TYNE AND WEAR,Standard,Addition,55.0171760000,-1.4306010000
63000,1998-07-31 00:00:00Z,NE30 2EP,Terraced,Established,Freehold,63,,LINSKILL TERRACE,NORTH SHIELDS,NORTH SHIELDS,NORTH TYNESIDE,TYNE AND WEAR,Standard,Addition,55.0161490000,-1.4399050000
20000,1998-07-13 00:00:00Z,NE30 2HP,Terraced,Established,Freehold,21,,ROSEDALE TERRACE,NORTH SHIELDS,NORTH SHIELDS,NORTH TYNESIDE,TYNE AND WEAR,Standard,Addition,55.0149000000,-1.4398600000
62500,1998-05-22 00:00:00Z,NE30 2HJ,Semi-Detached,Established,Freehold,39,,WASHINGTON TERRACE,NORTH SHIELDS,NORTH SHIELDS,NORTH TYNESIDE,TYNE AND WEAR,Standard,Addition,55.0165290000,-1.4383830000
79000,1998-05-28 00:00:00Z,NE30 2SG,Semi-Detached,Established,Freehold,12,,DENWICK TERRACE,NORTH SHIELDS,NORTH SHIELDS,NORTH TYNESIDE,TYNE AND WEAR,Standard,Addition,55.0178610000,-1.4312010000
75500,1998-04-30 00:00:00Z,NE30 2SB,Semi-Detached,Established,Freehold,20,,SHIPLEY ROAD,NORTH SHIELDS,NORTH SHIELDS,NORTH TYNESIDE,TYNE AND WEAR,Standard,Addition,55.0171760000,-1.4306010000
25000,1998-04-30 00:00:00Z,NE30 2HL,Terraced,Established,Freehold,50,,PARK CRESCENT,NORTH SHIELDS,NORTH SHIELDS,NORTH TYNESIDE,TYNE AND WEAR,Standard,Addition,55.0158600000,-1.4395340000
59000,1998-05-29 00:00:00Z,NE30 4AD,Terraced,Established,Freehold,35,,HAZELDENE COURT,NORTH SHIELDS,NORTH SHIELDS,NORTH TYNESIDE,TYNE AND WEAR,Standard,Addition,55.0152980000,-1.4326760000
54000,1998-10-12 00:00:00Z,NE30 2PN,Terraced,Established,Freehold,13,,EDITH STREET,NORTH SHIELDS,NORTH SHIELDS,NORTH TYNESIDE,TYNE AND WEAR,Standard,Addition,55.0190930000,-1.4352350000
92000,1998-10-08 00:00:00Z,NE30 2JP,Terraced,Established,Freehold,33,,MILL GROVE,NORTH SHIELDS,NORTH SHIELDS,NORTH TYNESIDE,TYNE AND WEAR,Standard,Addition,55.0194850000,-1.4345410000
15000,1998-02-19 00:00:00Z,NE30 2SH,Terraced,Established,Freehold,45,,ALBURY PARK ROAD,NORTH SHIELDS,NORTH SHIELDS,NORTH TYNESIDE,TYNE AND WEAR,Standard,Addition,55.0181680000,-1.4315060000
46000,1998-10-23 00:00:00Z,NE30 2HH,Terraced,Established,Freehold,8,,KITCHENER TERRACE,NORTH SHIELDS,NORTH SHIELDS,NORTH TYNESIDE,TYNE AND WEAR,Standard,Addition,55.0153440000,-1.4368510000
44000,1999-06-18 00:00:00Z,NE30 4AD,Flats/Maisonettes,Established,Leasehold,39,,HAZELDENE COURT,,NORTH SHIELDS,NORTH TYNESIDE,TYNE AND WEAR,Standard,Addition,55.0152980000,-1.4326760000
36000,1999-06-04 00:00:00Z,NE30 2HN,Flats/Maisonettes,Established,Leasehold,61,,PRINCES STREET,,NORTH SHIELDS,NORTH TYNESIDE,TYNE AND WEAR,Standard,Addition,55.0152640000,-1.4389630000
37950,1999-10-08 00:00:00Z,NE30 2HG,Flats/Maisonettes,Established,Leasehold,69,,WASHINGTON TERRACE,,NORTH SHIELDS,NORTH TYNESIDE,TYNE AND WEAR,Standard,Addition,55.0155050000,-1.4384750000
43500,1999-08-27 00:00:00Z,NE30 4AD,Flats/Maisonettes,Established,Leasehold,38,,HAZELDENE COURT,,NORTH SHIELDS,NORTH TYNESIDE,TYNE AND WEAR,Standard,Addition,55.0152980000,-1.4326760000
95000,1999-05-21 00:00:00Z,NE30 2EP,Semi-Detached,Established,Freehold,60,,LINSKILL TERRACE,,NORTH SHIELDS,NORTH TYNESIDE,TYNE AND WEAR,Standard,Addition,55.0161490000,-1.4399050000
26000,1999-09-30 00:00:00Z,NE30 2HQ,Terraced,Established,Leasehold,14,,PARK CRESCENT EAST,,NORTH SHIELDS,NORTH TYNESIDE,TYNE AND WEAR,Standard,Addition,55.0158240000,-1.4376420000
22500,1999-02-10 00:00:00Z,NE30 2HG,Flats/Maisonettes,Established,Leasehold,54,,WASHINGTON TERRACE,,NORTH SHIELDS,NORTH TYNESIDE,TYNE AND WEAR,Standard,Addition,55.0155050000,-1.4384750000
61000,1999-01-22 00:00:00Z,NE30 2SG,Terraced,Established,Freehold,21,,DENWICK TERRACE,,NORTH SHIELDS,NORTH TYNESIDE,TYNE AND WEAR,Standard,Addition,55.0178610000,-1.4312010000
66000,1999-06-11 00:00:00Z,NE30 2RT,Terraced,Established,Freehold,6,,HORSLEY TERRACE,,NORTH SHIELDS,NORTH TYNESIDE,TYNE AND WEAR,Standard,Addition,55.0158700000,-1.4301500000
150000,1999-11-12 00:00:00Z,NE30 2RW,Semi-Detached,Established,Freehold,43,,KING EDWARD ROAD,,NORTH SHIELDS,NORTH TYNESIDE,TYNE AND WEAR,Standard,Addition,55.0190090000,-1.4324830000
32500,1999-02-26 00:00:00Z,NE30 2HH,Flats/Maisonettes,Established,Leasehold,45,,KITCHENER TERRACE,,NORTH SHIELDS,NORTH TYNESIDE,TYNE AND WEAR,Standard,Addition,55.0153440000,-1.4368510000
56000,1999-09-17 00:00:00Z,NE30 2HQ,Terraced,Established,Freehold,5,,PARK CRESCENT EAST,,NORTH SHIELDS,NORTH TYNESIDE,TYNE AND WEAR,Standard,Addition,55.0158240000,-1.4376420000
57950,1999-03-30 00:00:00Z,NE30 2PN,Terraced,Established,Freehold,14,,EDITH STREET,,NORTH SHIELDS,NORTH TYNESIDE,TYNE AND WEAR,Standard,Addition,55.0190930000,-1.4352350000
38850,1999-07-16 00:00:00Z,NE30 2HQ,Terraced,Established,Freehold,37,,PARK CRESCENT EAST,,NORTH SHIELDS,NORTH TYNESIDE,TYNE AND WEAR,Standard,Addition,55.0158240000,-1.4376420000
42000,1999-01-14 00:00:00Z,NE30 4AD,Flats/Maisonettes,Established,Leasehold,10,,HAZELDENE COURT,,NORTH SHIELDS,NORTH TYNESIDE,TYNE AND WEAR,Standard,Addition,55.0152980000,-1.4326760000
55500,1999-01-08 00:00:00Z,NE30 2HQ,Terraced,Established,Freehold,35,,PARK CRESCENT EAST,,NORTH SHIELDS,NORTH TYNESIDE,TYNE AND WEAR,Standard,Addition,55.0158240000,-1.4376420000
87000,1999-04-16 00:00:00Z,NE30 2SH,Terraced,Established,Freehold,15,,ALBURY PARK ROAD,,NORTH SHIELDS,NORTH TYNESIDE,TYNE AND WEAR,Standard,Addition,55.0181680000,-1.4315060000
75000,1999-10-29 00:00:00Z,NE30 2SE,Flats/Maisonettes,Established,Leasehold,ST. AIDANS COURT,10,MARINERS LANE,,NORTH SHIELDS,NORTH TYNESIDE,TYNE AND WEAR,Standard,Addition,55.0177770000,-1.4346250000
14000,1999-02-01 00:00:00Z,NE30 2HP,Flats/Maisonettes,Established,Leasehold,30,,ROSEDALE TERRACE,,NORTH SHIELDS,NORTH TYNESIDE,TYNE AND WEAR,Standard,Addition,55.0149000000,-1.4398600000
45000,1999-12-15 00:00:00Z,NE30 2HH,Terraced,Established,Freehold,2,,KITCHENER TERRACE,,NORTH SHIELDS,NORTH TYNESIDE,TYNE AND WEAR,Standard,Addition,55.0153440000,-1.4368510000
52000,1999-05-21 00:00:00Z,NE30 2EP,Terraced,Established,Freehold,58,,LINSKILL TERRACE,,NORTH SHIELDS,NORTH TYNESIDE,TYNE AND WEAR,Standard,Addition,55.0161490000,-1.4399050000
38500,1999-10-15 00:00:00Z,NE30 2HX,Terraced,Established,Freehold,19,,COBURG STREET,,NORTH SHIELDS,NORTH TYNESIDE,TYNE AND WEAR,Standard,Addition,55.0138020000,-1.4394690000
49500,1999-06-08 00:00:00Z,NE30 2SA,Semi-Detached,Established,Leasehold,40,,HULNE AVENUE,,NORTH SHIELDS,NORTH TYNESIDE,TYNE AND WEAR,Standard,Addition,55.0167970000,-1.4308740000
17000,1999-06-30 00:00:00Z,NE30 2HF,Flats/Maisonettes,Established,Leasehold,20,,DONKIN TERRACE,,NORTH SHIELDS,NORTH TYNESIDE,TYNE AND WEAR,Standard,Addition,55.0148040000,-1.4366080000
69000,1999-07-30 00:00:00Z,NE30 2HE,Terraced,Established,Freehold,7,,WASHINGTON TERRACE,,NORTH SHIELDS,NORTH TYNESIDE,TYNE AND WEAR,Standard,Addition,55.0144240000,-1.4380060000
53000,1999-09-24 00:00:00Z,NE30 2PN,Terraced,Established,Freehold,10,,EDITH STREET,,NORTH SHIELDS,NORTH TYNESIDE,TYNE AND WEAR,Standard,Addition,55.0190930000,-1.4352350000
64000,1999-08-24 00:00:00Z,NE30 2RZ,Terraced,Established,Freehold,1,,BEANLEY CRESCENT,,NORTH SHIELDS,NORTH TYNESIDE,TYNE AND WEAR,Standard,Addition,55.0161490000,-1.4302400000
34950,1999-11-09 00:00:00Z,NE30 2HF,Flats/Maisonettes,Established,Leasehold,32,,DONKIN TERRACE,,NORTH SHIELDS,NORTH TYNESIDE,TYNE AND WEAR,Standard,Addition,55.0148040000,-1.4366080000
58000,1999-12-03 00:00:00Z,NE30 2HG,Flats/Maisonettes,Established,Leasehold,31,FLAT 1,WASHINGTON TERRACE,,NORTH SHIELDS,NORTH TYNESIDE,TYNE AND WEAR,Standard,Addition,55.0155050000,-1.4384750000
60000,1999-07-20 00:00:00Z,NE30 2EP,Terraced,Established,Freehold,72,,LINSKILL TERRACE,,NORTH SHIELDS,NORTH TYNESIDE,TYNE AND WEAR,Standard,Addition,55.0161490000,-1.4399050000
91000,1999-04-29 00:00:00Z,NE30 2EP,Terraced,Established,Freehold,69,,LINSKILL TERRACE,,NORTH SHIELDS,NORTH TYNESIDE,TYNE AND WEAR,Standard,Addition,55.0161490000,-1.4399050000
88500,1999-06-29 00:00:00Z,NE30 2SD,Terraced,Established,Freehold,49,,MARINERS LANE,,NORTH SHIELDS,NORTH TYNESIDE,TYNE AND WEAR,Standard,Addition,55.0173550000,-1.4323660000
43000,1999-04-30 00:00:00Z,NE30 4AD,Flats/Maisonettes,Established,Leasehold,11,,HAZELDENE COURT,,NORTH SHIELDS,NORTH TYNESIDE,TYNE AND WEAR,Standard,Addition,55.0152980000,-1.4326760000
65000,1999-11-19 00:00:00Z,NE30 2HE,Terraced,Established,Freehold,83,,WASHINGTON TERRACE,,NORTH SHIELDS,NORTH TYNESIDE,TYNE AND WEAR,Standard,Addition,55.0144240000,-1.4380060000
66000,1999-06-25 00:00:00Z,NE30 2EU,Terraced,Established,Freehold,16,,PARK AVENUE,,NORTH SHIELDS,NORTH TYNESIDE,TYNE AND WEAR,Standard,Addition,55.0163080000,-1.4373220000
42750,1999-05-28 00:00:00Z,NE30 4AD,Flats/Maisonettes,Established,Leasehold,44,,HAZELDENE COURT,,NORTH SHIELDS,NORTH TYNESIDE,TYNE AND WEAR,Standard,Addition,55.0152980000,-1.4326760000
18000,1999-05-28 00:00:00Z,NE30 2HA,Flats/Maisonettes,Established,Leasehold,17,,PARK TERRACE,,NORTH SHIELDS,NORTH TYNESIDE,TYNE AND WEAR,Standard,Addition,55.0144710000,-1.4364720000
29000,1999-08-29 00:00:00Z,NE30 2HX,Flats/Maisonettes,Established,Leasehold,37,,COBURG STREET,,NORTH SHIELDS,NORTH TYNESIDE,TYNE AND WEAR,Standard,Addition,55.0138020000,-1.4394690000
35000,1999-09-24 00:00:00Z,NE30 2HN,Flats/Maisonettes,Established,Leasehold,82,,PRINCES STREET,,NORTH SHIELDS,NORTH TYNESIDE,TYNE AND WEAR,Standard,Addition,55.0152640000,-1.4389630000
37500,1999-06-18 00:00:00Z,NE30 2HG,Flats/Maisonettes,Established,Leasehold,63,,WASHINGTON TERRACE,,NORTH SHIELDS,NORTH TYNESIDE,TYNE AND WEAR,Standard,Addition,55.0155050000,-1.4384750000
43500,1999-07-16 00:00:00Z,NE30 4AD,Flats/Maisonettes,Established,Leasehold,20,,HAZELDENE COURT,,NORTH SHIELDS,NORTH TYNESIDE,TYNE AND WEAR,Standard,Addition,55.0152980000,-1.4326760000
40000,1999-09-14 00:00:00Z,NE30 2HA,Flats/Maisonettes,Established,Leasehold,20,,PARK TERRACE,,NORTH SHIELDS,NORTH TYNESIDE,TYNE AND WEAR,Standard,Addition,55.0144710000,-1.4364720000
52500,1999-08-20 00:00:00Z,NE30 2SB,Terraced,Established,Freehold,11,,SHIPLEY ROAD,,NORTH SHIELDS,NORTH TYNESIDE,TYNE AND WEAR,Standard,Addition,55.0171760000,-1.4306010000
56000,1999-12-16 00:00:00Z,NE30 2PN,Terraced,Established,Freehold,39,,EDITH STREET,,NORTH SHIELDS,NORTH TYNESIDE,TYNE AND WEAR,Standard,Addition,55.0190930000,-1.4352350000
45000,1999-06-30 00:00:00Z,NE30 4AD,Flats/Maisonettes,Established,Leasehold,40,,HAZELDENE COURT,,NORTH SHIELDS,NORTH TYNESIDE,TYNE AND WEAR,Standard,Addition,55.0152980000,-1.4326760000
65000,1999-10-08 00:00:00Z,NE30 2HE,Semi-Detached,Established,Freehold,6,,WASHINGTON TERRACE,,NORTH SHIELDS,NORTH TYNESIDE,TYNE AND WEAR,Standard,Addition,55.0144240000,-1.4380060000
77750,1999-11-30 00:00:00Z,NE30 2EU,Semi-Detached,Established,Freehold,14,,PARK AVENUE,,NORTH SHIELDS,NORTH TYNESIDE,TYNE AND WEAR,Standard,Addition,55.0163080000,-1.4373220000
63000,1999-12-03 00:00:00Z,NE30 2HE,Terraced,Established,Freehold,8,,WASHINGTON TERRACE,,NORTH SHIELDS,NORTH TYNESIDE,TYNE AND WEAR,Standard,Addition,55.0144240000,-1.4380060000
51500,1999-10-29 00:00:00Z,NE30 2HL,Terraced,Established,Freehold,54,,PARK CRESCENT,,NORTH SHIELDS,NORTH TYNESIDE,TYNE AND WEAR,Standard,Addition,55.0158600000,-1.4395340000
38000,1999-10-29 00:00:00Z,NE30 2SA,Flats/Maisonettes,Established,Leasehold,17,,HULNE AVENUE,,NORTH SHIELDS,NORTH TYNESIDE,TYNE AND WEAR,Standard,Addition,55.0167970000,-1.4308740000
45000,1999-08-09 00:00:00Z,NE30 2SH,Flats/Maisonettes,Established,Leasehold,23B,,ALBURY PARK ROAD,,NORTH SHIELDS,NORTH TYNESIDE,TYNE AND WEAR,Standard,Addition,55.0181680000,-1.4315060000
57000,1999-10-22 00:00:00Z,NE30 2SQ,Semi-Detached,Established,Freehold,5,,BRISLEE AVENUE,,NORTH SHIELDS,NORTH TYNESIDE,TYNE AND WEAR,Standard,Addition,55.0177910000,-1.4316090000
45000,1999-12-10 00:00:00Z,NE30 4AD,Flats/Maisonettes,Established,Leasehold,24,,HAZELDENE COURT,,NORTH SHIELDS,NORTH TYNESIDE,TYNE AND WEAR,Standard,Addition,55.0152980000,-1.4326760000
86500,1999-09-10 00:00:00Z,NE30 2SH,Terraced,Established,Freehold,12,,ALBURY PARK ROAD,,NORTH SHIELDS,NORTH TYNESIDE,TYNE AND WEAR,Standard,Addition,55.0181680000,-1.4315060000
55500,1999-11-19 00:00:00Z,NE30 2HY,Semi-Detached,Established,Freehold,58,,JACKSON STREET,,NORTH SHIELDS,NORTH TYNESIDE,TYNE AND WEAR,Standard,Addition,55.0147450000,-1.4393620000
49500,1999-07-07 00:00:00Z,NE30 2HP,Terraced,Established,Freehold,1,,ROSEDALE TERRACE,,NORTH SHIELDS,NORTH TYNESIDE,TYNE AND WEAR,Standard,Addition,55.0149000000,-1.4398600000
20000,1999-05-07 00:00:00Z,NE30 2HX,Flats/Maisonettes,Established,Leasehold,39,,COBURG STREET,,NORTH SHIELDS,NORTH TYNESIDE,TYNE AND WEAR,Standard,Addition,55.0138020000,-1.4394690000
79950,1999-09-17 00:00:00Z,NE30 2HJ,Terraced,Established,Freehold,37,,WASHINGTON TERRACE,,NORTH SHIELDS,NORTH TYNESIDE,TYNE AND WEAR,Standard,Addition,55.0165290000,-1.4383830000
42500,1999-04-16 00:00:00Z,NE30 2HH,Terraced,Established,Freehold,4,,KITCHENER TERRACE,,NORTH SHIELDS,NORTH TYNESIDE,TYNE AND WEAR,Standard,Addition,55.0153440000,-1.4368510000
45250,1999-10-28 00:00:00Z,NE30 4AD,Flats/Maisonettes,Established,Leasehold,45,,HAZELDENE COURT,,NORTH SHIELDS,NORTH TYNESIDE,TYNE AND WEAR,Standard,Addition,55.0152980000,-1.4326760000
101000,1999-12-16 00:00:00Z,NE30 2JR,Semi-Detached,Established,Freehold,10,,MILL GROVE,,NORTH SHIELDS,NORTH TYNESIDE,TYNE AND WEAR,Standard,Addition,55.0189270000,-1.4342200000
87500,1999-10-14 00:00:00Z,NE30 2EP,Terraced,Established,Freehold,64,,LINSKILL TERRACE,,NORTH SHIELDS,NORTH TYNESIDE,TYNE AND WEAR,Standard,Addition,55.0161490000,-1.4399050000
90950,1999-08-13 00:00:00Z,NE30 2EP,Terraced,Established,Freehold,70,,LINSKILL TERRACE,,NORTH SHIELDS,NORTH TYNESIDE,TYNE AND WEAR,Standard,Addition,55.0161490000,-1.4399050000
49000,1999-07-19 00:00:00Z,NE30 2SA,Flats/Maisonettes,Established,Leasehold,42,,HULNE AVENUE,,NORTH SHIELDS,NORTH TYNESIDE,TYNE AND WEAR,Standard,Addition,55.0167970000,-1.4308740000
41000,1999-08-24 00:00:00Z,NE30 2SB,Flats/Maisonettes,Established,Leasehold,13A,,SHIPLEY ROAD,,NORTH SHIELDS,NORTH TYNESIDE,TYNE AND WEAR,Standard,Addition,55.0171760000,-1.4306010000
22500,1999-06-11 00:00:00Z,NE30 2HG,Flats/Maisonettes,Established,Leasehold,53,,WASHINGTON TERRACE,,NORTH SHIELDS,NORTH TYNESIDE,TYNE AND WEAR,Standard,Addition,55.0155050000,-1.4384750000
46950,1999-07-30 00:00:00Z,NE30 4AD,Flats/Maisonettes,Established,Leasehold,12,,HAZELDENE COURT,,NORTH SHIELDS,NORTH TYNESIDE,TYNE AND WEAR,Standard,Addition,55.0152980000,-1.4326760000
33000,1999-09-03 00:00:00Z,NE30 2HH,Flats/Maisonettes,Established,Freehold,15,,KITCHENER TERRACE,,NORTH SHIELDS,NORTH TYNESIDE,TYNE AND WEAR,Standard,Addition,55.0153440000,-1.4368510000
26500,1999-03-24 00:00:00Z,NE30 2HH,Flats/Maisonettes,Established,Leasehold,41,,KITCHENER TERRACE,,NORTH SHIELDS,NORTH TYNESIDE,TYNE AND WEAR,Standard,Addition,55.0153440000,-1.4368510000
29000,1999-10-04 00:00:00Z,NE30 2HA,Flats/Maisonettes,Established,Leasehold,3,,PARK TERRACE,,NORTH SHIELDS,NORTH TYNESIDE,TYNE AND WEAR,Standard,Addition,55.0144710000,-1.4364720000
21000,1999-08-02 00:00:00Z,NE30 2HY,Flats/Maisonettes,Established,Leasehold,67,,JACKSON STREET,,NORTH SHIELDS,NORTH TYNESIDE,TYNE AND WEAR,Standard,Addition,55.0147450000,-1.4393620000
79000,1999-10-21 00:00:00Z,NE30 2RR,Terraced,Established,Freehold,2,,BIRTLEY AVENUE,,NORTH SHIELDS,NORTH TYNESIDE,TYNE AND WEAR,Standard,Addition,55.0178740000,-1.4300590000
75000,1999-12-17 00:00:00Z,NE30 2EP,Terraced,Established,Freehold,72,,LINSKILL TERRACE,,NORTH SHIELDS,NORTH TYNESIDE,TYNE AND WEAR,Standard,Addition,55.0161490000,-1.4399050000
28500,1999-10-01 00:00:00Z,NE30 2HP,Flats/Maisonettes,Established,Leasehold,12A,,ROSEDALE TERRACE,,NORTH SHIELDS,NORTH TYNESIDE,TYNE AND WEAR,Standard,Addition,55.0149000000,-1.4398600000
55000,1999-09-24 00:00:00Z,NE30 2SQ,Terraced,Established,Freehold,14,,BRISLEE AVENUE,,NORTH SHIELDS,NORTH TYNESIDE,TYNE AND WEAR,Standard,Addition,55.0177910000,-1.4316090000
29000,1999-08-10 00:00:00Z,NE30 2HG,Flats/Maisonettes,Established,Leasehold,55,,WASHINGTON TERRACE,,NORTH SHIELDS,NORTH TYNESIDE,TYNE AND WEAR,Standard,Addition,55.0155050000,-1.4384750000
44000,1999-08-27 00:00:00Z,NE30 4AD,Semi-Detached,Established,Freehold,6,,HAZELDENE COURT,,NORTH SHIELDS,NORTH TYNESIDE,TYNE AND WEAR,Standard,Addition,55.0152980000,-1.4326760000
38000,1999-10-15 00:00:00Z,NE30 2HQ,Flats/Maisonettes,Established,Leasehold,20,,PARK CRESCENT EAST,,NORTH SHIELDS,NORTH TYNESIDE,TYNE AND WEAR,Standard,Addition,55.0158240000,-1.4376420000
37000,1999-07-12 00:00:00Z,NE30 2HH,Flats/Maisonettes,Established,Leasehold,15,,KITCHENER TERRACE,,NORTH SHIELDS,NORTH TYNESIDE,TYNE AND WEAR,Standard,Addition,55.0153440000,-1.4368510000
33000,1999-09-24 00:00:00Z,NE30 2HF,Terraced,Established,Leasehold,45,,DONKIN TERRACE,,NORTH SHIELDS,NORTH TYNESIDE,TYNE AND WEAR,Standard,Addition,55.0148040000,-1.4366080000
46000,1999-07-14 00:00:00Z,NE30 2HL,Terraced,Established,Freehold,93,,PARK CRESCENT,,NORTH SHIELDS,NORTH TYNESIDE,TYNE AND WEAR,Standard,Addition,55.0158600000,-1.4395340000
25500,1999-09-24 00:00:00Z,NE30 2HP,Flats/Maisonettes,Established,Leasehold,12,,ROSEDALE TERRACE,,NORTH SHIELDS,NORTH TYNESIDE,TYNE AND WEAR,Standard,Addition,55.0149000000,-1.4398600000
69950,1999-01-07 00:00:00Z,NE30 2PN,Terraced,Established,Freehold,4,,EDITH STREET,,NORTH SHIELDS,NORTH TYNESIDE,TYNE AND WEAR,Standard,Addition,55.0190930000,-1.4352350000
31000,1999-12-10 00:00:00Z,NE30 2HF,Flats/Maisonettes,Established,Leasehold,39,,DONKIN TERRACE,,NORTH SHIELDS,NORTH TYNESIDE,TYNE AND WEAR,Standard,Addition,55.0148040000,-1.4366080000
70000,1999-03-29 00:00:00Z,NE30 2RT,Terraced,Established,Freehold,3,,HORSLEY TERRACE,,NORTH SHIELDS,NORTH TYNESIDE,TYNE AND WEAR,Standard,Addition,55.0158700000,-1.4301500000
57000,1999-05-21 00:00:00Z,NE30 2PN,Semi-Detached,Established,Freehold,44,,EDITH STREET,,NORTH SHIELDS,NORTH TYNESIDE,TYNE AND WEAR,Standard,Addition,55.0190930000,-1.4352350000
63000,1999-08-06 00:00:00Z,NE30 4AD,Semi-Detached,Established,Freehold,50,,HAZELDENE COURT,,NORTH SHIELDS,NORTH TYNESIDE,TYNE AND WEAR,Standard,Addition,55.0152980000,-1.4326760000
44000,1999-06-04 00:00:00Z,NE30 4AD,Flats/Maisonettes,Established,Leasehold,46,,HAZELDENE COURT,,NORTH SHIELDS,NORTH TYNESIDE,TYNE AND WEAR,Standard,Addition,55.0152980000,-1.4326760000
80000,1999-05-21 00:00:00Z,NE30 2SG,Terraced,Established,Freehold,7,,DENWICK TERRACE,,NORTH SHIELDS,NORTH TYNESIDE,TYNE AND WEAR,Standard,Addition,55.0178610000,-1.4312010000
44500,1999-07-26 00:00:00Z,NE30 4AD,Flats/Maisonettes,Established,Leasehold,19,,HAZELDENE COURT,,NORTH SHIELDS,NORTH TYNESIDE,TYNE AND WEAR,Standard,Addition,55.0152980000,-1.4326760000
39500,1999-01-28 00:00:00Z,NE30 2HG,Flats/Maisonettes,Established,Leasehold,68,,WASHINGTON TERRACE,,NORTH SHIELDS,NORTH TYNESIDE,TYNE AND WEAR,Standard,Addition,55.0155050000,-1.4384750000
43000,1999-09-01 00:00:00Z,NE30 2HF,Flats/Maisonettes,Established,Freehold,59A,,DONKIN TERRACE,,NORTH SHIELDS,NORTH TYNESIDE,TYNE AND WEAR,Standard,Addition,55.0148040000,-1.4366080000
21000,1999-05-14 00:00:00Z,NE30 2HQ,Flats/Maisonettes,Established,Leasehold,20,,PARK CRESCENT EAST,,NORTH SHIELDS,NORTH TYNESIDE,TYNE AND WEAR,Standard,Addition,55.0158240000,-1.4376420000
28500,1999-03-29 00:00:00Z,NE30 2HP,Flats/Maisonettes,Established,Leasehold,2,,ROSEDALE TERRACE,,NORTH SHIELDS,NORTH TYNESIDE,TYNE AND WEAR,Standard,Addition,55.0149000000,-1.4398600000
36000,1999-06-30 00:00:00Z,NE30 2HF,Flats/Maisonettes,Established,Leasehold,23,,DONKIN TERRACE,,NORTH SHIELDS,NORTH TYNESIDE,TYNE AND WEAR,Standard,Addition,55.0148040000,-1.4366080000
35000,1999-06-25 00:00:00Z,NE30 2HH,Flats/Maisonettes,Established,Leasehold,59,,KITCHENER TERRACE,,NORTH SHIELDS,NORTH TYNESIDE,TYNE AND WEAR,Standard,Addition,55.0153440000,-1.4368510000
28500,1999-05-28 00:00:00Z,NE30 2HZ,Flats/Maisonettes,Established,Leasehold,26,,PRINCES STREET,,NORTH SHIELDS,NORTH TYNESIDE,TYNE AND WEAR,Standard,Addition,55.0141920000,-1.4389950000
74950,1999-10-04 00:00:00Z,NE30 2EU,Terraced,Established,Freehold,2,,PARK AVENUE,,NORTH SHIELDS,NORTH TYNESIDE,TYNE AND WEAR,Standard,Addition,55.0163080000,-1.4373220000
27500,2000-03-10 00:00:00Z,NE30 2HP,Flats/Maisonettes,Established,Leasehold,17,,ROSEDALE TERRACE,,NORTH SHIELDS,NORTH TYNESIDE,TYNE AND WEAR,Standard,Addition,55.0149000000,-1.4398600000
34000,2000-08-23 00:00:00Z,NE30 2HG,Flats/Maisonettes,Established,Leasehold,58,,WASHINGTON TERRACE,,NORTH SHIELDS,NORTH TYNESIDE,TYNE AND WEAR,Standard,Addition,55.0155050000,-1.4384750000
87500,2000-06-02 00:00:00Z,NE30 2RT,Terraced,Established,Freehold,12,,HORSLEY TERRACE,,NORTH SHIELDS,NORTH TYNESIDE,TYNE AND WEAR,Standard,Addition,55.0158700000,-1.4301500000
44000,2000-04-04 00:00:00Z,NE30 4AD,Flats/Maisonettes,Established,Leasehold,63,,HAZELDENE COURT,,NORTH SHIELDS,NORTH TYNESIDE,TYNE AND WEAR,Standard,Addition,55.0152980000,-1.4326760000
25000,2000-10-31 00:00:00Z,NE30 2HE,Flats/Maisonettes,Established,Leasehold,80,,WASHINGTON TERRACE,,NORTH SHIELDS,NORTH TYNESIDE,TYNE AND WEAR,Standard,Addition,55.0144240000,-1.4380060000
30000,2000-04-25 00:00:00Z,NE30 2HF,Flats/Maisonettes,Established,Leasehold,11,,DONKIN TERRACE,,NORTH SHIELDS,NORTH TYNESIDE,TYNE AND WEAR,Standard,Addition,55.0148040000,-1.4366080000
59950,2000-04-20 00:00:00Z,NE30 4AD,Terraced,Established,Freehold,53,,HAZELDENE COURT,,NORTH SHIELDS,NORTH TYNESIDE,TYNE AND WEAR,Standard,Addition,55.0152980000,-1.4326760000
27000,2000-04-27 00:00:00Z,NE30 2HQ,Flats/Maisonettes,Established,Leasehold,34,,PARK CRESCENT EAST,,NORTH SHIELDS,NORTH TYNESIDE,TYNE AND WEAR,Standard,Addition,55.0158240000,-1.4376420000
64950,2000-06-01 00:00:00Z,NE30 2SB,Terraced,Established,Freehold,11,,SHIPLEY ROAD,,NORTH SHIELDS,NORTH TYNESIDE,TYNE AND WEAR,Standard,Addition,55.0171760000,-1.4306010000
44000,2000-04-04 00:00:00Z,NE30 4AD,Flats/Maisonettes,Established,Leasehold,70,,HAZELDENE COURT,,NORTH SHIELDS,NORTH TYNESIDE,TYNE AND WEAR,Standard,Addition,55.0152980000,-1.4326760000
77000,2000-06-30 00:00:00Z,NE30 2SG,Semi-Detached,Established,Freehold,20,,DENWICK TERRACE,,NORTH SHIELDS,NORTH TYNESIDE,TYNE AND WEAR,Standard,Addition,55.0178610000,-1.4312010000
41000,2000-05-12 00:00:00Z,NE30 2HX,Terraced,Established,Freehold,32,,COBURG STREET,,NORTH SHIELDS,NORTH TYNESIDE,TYNE AND WEAR,Standard,Addition,55.0138020000,-1.4394690000
36500,2000-01-26 00:00:00Z,NE30 1EE,Terraced,Established,Freehold,84,,TYNEMOUTH ROAD,,NORTH SHIELDS,NORTH TYNESIDE,TYNE AND WEAR,Standard,Addition,55.0132560000,-1.4383510000
46000,2000-04-04 00:00:00Z,NE30 4AD,Flats/Maisonettes,Established,Leasehold,68,,HAZELDENE COURT,,NORTH SHIELDS,NORTH TYNESIDE,TYNE AND WEAR,Standard,Addition,55.0152980000,-1.4326760000
43600,2000-07-31 00:00:00Z,NE30 2SA,Flats/Maisonettes,Established,Leasehold,14,,HULNE AVENUE,,NORTH SHIELDS,NORTH TYNESIDE,TYNE AND WEAR,Standard,Addition,55.0167970000,-1.4308740000
18000,2000-02-18 00:00:00Z,NE30 2HF,Flats/Maisonettes,Established,Leasehold,6,,DONKIN TERRACE,,NORTH SHIELDS,NORTH TYNESIDE,TYNE AND WEAR,Standard,Addition,55.0148040000,-1.4366080000
27000,2000-04-14 00:00:00Z,NE30 2HQ,Flats/Maisonettes,Established,Leasehold,18,,PARK CRESCENT EAST,,NORTH SHIELDS,NORTH TYNESIDE,TYNE AND WEAR,Standard,Addition,55.0158240000,-1.4376420000
49500,2000-01-05 00:00:00Z,NE30 2RR,Flats/Maisonettes,Established,Leasehold,15,,BIRTLEY AVENUE,,NORTH SHIELDS,NORTH TYNESIDE,TYNE AND WEAR,Standard,Addition,55.0178740000,-1.4300590000
125000,2000-07-16 00:00:00Z,NE30 2JR,Terraced,Established,Freehold,17,,MILL GROVE,,NORTH SHIELDS,NORTH TYNESIDE,TYNE AND WEAR,Standard,Addition,55.0189270000,-1.4342200000
54500,2000-07-31 00:00:00Z,NE30 4AD,Terraced,Established,Freehold,54,,HAZELDENE COURT,,NORTH SHIELDS,NORTH TYNESIDE,TYNE AND WEAR,Standard,Addition,55.0152980000,-1.4326760000
65000,2000-01-25 00:00:00Z,NE30 2RU,Terraced,Established,Freehold,29,,MARINERS LANE,,NORTH SHIELDS,NORTH TYNESIDE,TYNE AND WEAR,Standard,Addition,55.0163880000,-1.4313940000
89950,2000-10-10 00:00:00Z,NE30 4AD,Flats/Maisonettes,Established,Leasehold,25,,HAZELDENE COURT,,NORTH SHIELDS,NORTH TYNESIDE,TYNE AND WEAR,Standard,Addition,55.0152980000,-1.4326760000
79500,2000-06-09 00:00:00Z,NE30 2SE,Flats/Maisonettes,Established,Leasehold,ST. AIDANS COURT,6,MARINERS LANE,,NORTH SHIELDS,NORTH TYNESIDE,TYNE AND WEAR,Standard,Addition,55.0177770000,-1.4346250000
24000,2000-03-13 00:00:00Z,NE30 2HN,Flats/Maisonettes,Established,Freehold,62,,PRINCES STREET,,NORTH SHIELDS,NORTH TYNESIDE,TYNE AND WEAR,Standard,Addition,55.0152640000,-1.4389630000
44000,2000-10-31 00:00:00Z,NE30 4AD,Flats/Maisonettes,Established,Leasehold,42,,HAZELDENE COURT,,NORTH SHIELDS,NORTH TYNESIDE,TYNE AND WEAR,Standard,Addition,55.0152980000,-1.4326760000
37000,2000-02-21 00:00:00Z,NE30 2HG,Flats/Maisonettes,Established,Leasehold,53,,WASHINGTON TERRACE,,NORTH SHIELDS,NORTH TYNESIDE,TYNE AND WEAR,Standard,Addition,55.0155050000,-1.4384750000
73500,2000-09-13 00:00:00Z,NE30 2PN,Terraced,Established,Freehold,27,,EDITH STREET,,NORTH SHIELDS,NORTH TYNESIDE,TYNE AND WEAR,Standard,Addition,55.0190930000,-1.4352350000
25000,2000-04-14 00:00:00Z,NE30 2HQ,Flats/Maisonettes,Established,Leasehold,16,,PARK CRESCENT EAST,,NORTH SHIELDS,NORTH TYNESIDE,TYNE AND WEAR,Standard,Addition,55.0158240000,-1.4376420000
57000,2000-06-30 00:00:00Z,NE30 4AD,Terraced,Established,Freehold,27,,HAZELDENE COURT,,NORTH SHIELDS,NORTH TYNESIDE,TYNE AND WEAR,Standard,Addition,55.0152980000,-1.4326760000
78750,2000-06-09 00:00:00Z,NE30 2HF,Terraced,Established,Freehold,61,,DONKIN TERRACE,,NORTH SHIELDS,NORTH TYNESIDE,TYNE AND WEAR,Standard,Addition,55.0148040000,-1.4366080000
46000,2000-06-02 00:00:00Z,NE30 4AD,Flats/Maisonettes,Established,Leasehold,10,,HAZELDENE COURT,,NORTH SHIELDS,NORTH TYNESIDE,TYNE AND WEAR,Standard,Addition,55.0152980000,-1.4326760000
30500,2000-08-25 00:00:00Z,NE30 2HN,Flats/Maisonettes,Established,Leasehold,65,,PRINCES STREET,,NORTH SHIELDS,NORTH TYNESIDE,TYNE AND WEAR,Standard,Addition,55.0152640000,-1.4389630000
36000,2000-03-31 00:00:00Z,NE30 2HG,Flats/Maisonettes,Established,Leasehold,67,,WASHINGTON TERRACE,,NORTH SHIELDS,NORTH TYNESIDE,TYNE AND WEAR,Standard,Addition,55.0155050000,-1.4384750000
25950,2000-08-11 00:00:00Z,NE30 2HX,Flats/Maisonettes,Established,Leasehold,50,,COBURG STREET,,NORTH SHIELDS,NORTH TYNESIDE,TYNE AND WEAR,Standard,Addition,55.0138020000,-1.4394690000
83500,2000-12-15 00:00:00Z,NE30 2EY,Semi-Detached,Established,Freehold,37,,PARK TERRACE,,NORTH SHIELDS,NORTH TYNESIDE,TYNE AND WEAR,Standard,Addition,55.0156000000,-1.4360950000
28500,2000-12-08 00:00:00Z,NE30 1EE,Terraced,Established,Leasehold,68,,TYNEMOUTH ROAD,,NORTH SHIELDS,NORTH TYNESIDE,TYNE AND WEAR,Standard,Addition,55.0132560000,-1.4383510000
54000,2000-07-28 00:00:00Z,NE30 2HJ,Terraced,Established,Freehold,45,,WASHINGTON TERRACE,,NORTH SHIELDS,NORTH TYNESIDE,TYNE AND WEAR,Standard,Addition,55.0165290000,-1.4383830000
43000,2000-12-12 00:00:00Z,NE30 2HJ,Flats/Maisonettes,New Build,Leasehold,45,,WASHINGTON TERRACE,,NORTH SHIELDS,NORTH TYNESIDE,TYNE AND WEAR,Standard,Addition,55.0165290000,-1.4383830000
32950,2000-09-06 00:00:00Z,NE30 2HN,Flats/Maisonettes,Established,Leasehold,55,,PRINCES STREET,,NORTH SHIELDS,NORTH TYNESIDE,TYNE AND WEAR,Standard,Addition,55.0152640000,-1.4389630000
28500,2000-12-08 00:00:00Z,NE30 1EE,Terraced,Established,Freehold,70,,TYNEMOUTH ROAD,,NORTH SHIELDS,NORTH TYNESIDE,TYNE AND WEAR,Standard,Addition,55.0132560000,-1.4383510000
64950,2000-11-24 00:00:00Z,NE30 4AD,Terraced,Established,Freehold,51,,HAZELDENE COURT,,NORTH SHIELDS,NORTH TYNESIDE,TYNE AND WEAR,Standard,Addition,55.0152980000,-1.4326760000
18000,2000-01-14 00:00:00Z,NE30 2HN,Flats/Maisonettes,Established,Leasehold,63,,PRINCES STREET,,NORTH SHIELDS,NORTH TYNESIDE,TYNE AND WEAR,Standard,Addition,55.0152640000,-1.4389630000
47000,2000-04-04 00:00:00Z,NE30 4AD,Flats/Maisonettes,Established,Leasehold,72,,HAZELDENE COURT,,NORTH SHIELDS,NORTH TYNESIDE,TYNE AND WEAR,Standard,Addition,55.0152980000,-1.4326760000
46500,2000-03-31 00:00:00Z,NE30 4AD,Flats/Maisonettes,Established,Leasehold,26,,HAZELDENE COURT,,NORTH SHIELDS,NORTH TYNESIDE,TYNE AND WEAR,Standard,Addition,55.0152980000,-1.4326760000
35000,2000-09-18 00:00:00Z,NE30 2HN,Flats/Maisonettes,Established,Leasehold,63,,PRINCES STREET,,NORTH SHIELDS,NORTH TYNESIDE,TYNE AND WEAR,Standard,Addition,55.0152640000,-1.4389630000
35500,2000-09-04 00:00:00Z,NE30 2HL,Flats/Maisonettes,Established,Leasehold,87,,PARK CRESCENT,,NORTH SHIELDS,NORTH TYNESIDE,TYNE AND WEAR,Standard,Addition,55.0158600000,-1.4395340000
39500,2000-06-19 00:00:00Z,NE30 2HQ,Flats/Maisonettes,Established,Leasehold,23,,PARK CRESCENT EAST,,NORTH SHIELDS,NORTH TYNESIDE,TYNE AND WEAR,Standard,Addition,55.0158240000,-1.4376420000
35500,2000-06-22 00:00:00Z,NE30 2HF,Flats/Maisonettes,Established,Leasehold,3,,DONKIN TERRACE,,NORTH SHIELDS,NORTH TYNESIDE,TYNE AND WEAR,Standard,Addition,55.0148040000,-1.4366080000
59999,2000-08-11 00:00:00Z,NE30 4AD,Semi-Detached,Established,Freehold,28,,HAZELDENE COURT,,NORTH SHIELDS,NORTH TYNESIDE,TYNE AND WEAR,Standard,Addition,55.0152980000,-1.4326760000
44000,2000-04-04 00:00:00Z,NE30 4AD,Flats/Maisonettes,Established,Leasehold,65,,HAZELDENE COURT,,NORTH SHIELDS,NORTH TYNESIDE,TYNE AND WEAR,Standard,Addition,55.0152980000,-1.4326760000
17950,2000-01-31 00:00:00Z,NE30 1EE,Semi-Detached,Established,Freehold,80,,TYNEMOUTH ROAD,,NORTH SHIELDS,NORTH TYNESIDE,TYNE AND WEAR,Standard,Addition,55.0132560000,-1.4383510000
64000,2000-05-26 00:00:00Z,NE30 2PN,Terraced,Established,Freehold,22,,EDITH STREET,,NORTH SHIELDS,NORTH TYNESIDE,TYNE AND WEAR,Standard,Addition,55.0190930000,-1.4352350000
64950,2000-08-25 00:00:00Z,NE30 4AD,Terraced,Established,Freehold,56,,HAZELDENE COURT,,NORTH SHIELDS,NORTH TYNESIDE,TYNE AND WEAR,Standard,Addition,55.0152980000,-1.4326760000
64950,2000-06-23 00:00:00Z,NE30 2SB,Terraced,Established,Freehold,7,,SHIPLEY ROAD,,NORTH SHIELDS,NORTH TYNESIDE,TYNE AND WEAR,Standard,Addition,55.0171760000,-1.4306010000
34000,2000-12-15 00:00:00Z,NE30 2HN,Flats/Maisonettes,Established,Freehold,62,,PRINCES STREET,,NORTH SHIELDS,NORTH TYNESIDE,TYNE AND WEAR,Standard,Addition,55.0152640000,-1.4389630000
71000,2000-08-25 00:00:00Z,NE30 2PN,Terraced,Established,Freehold,32,,EDITH STREET,,NORTH SHIELDS,NORTH TYNESIDE,TYNE AND WEAR,Standard,Addition,55.0190930000,-1.4352350000
45000,2000-04-04 00:00:00Z,NE30 4AD,Flats/Maisonettes,Established,Leasehold,74,,HAZELDENE COURT,,NORTH SHIELDS,NORTH TYNESIDE,TYNE AND WEAR,Standard,Addition,55.0152980000,-1.4326760000
79950,2000-09-06 00:00:00Z,NE30 2RU,Terraced,Established,Freehold,3,,MARINERS LANE,,NORTH SHIELDS,NORTH TYNESIDE,TYNE AND WEAR,Standard,Addition,55.0163880000,-1.4313940000
78250,2000-07-18 00:00:00Z,NE30 2HE,Terraced,Established,Freehold,82,,WASHINGTON TERRACE,,NORTH SHIELDS,NORTH TYNESIDE,TYNE AND WEAR,Standard,Addition,55.0144240000,-1.4380060000
42000,2000-11-03 00:00:00Z,NE30 2SA,Flats/Maisonettes,Established,Leasehold,18,,HULNE AVENUE,,NORTH SHIELDS,NORTH TYNESIDE,TYNE AND WEAR,Standard,Addition,55.0167970000,-1.4308740000
70000,2000-03-31 00:00:00Z,NE30 2HL,Terraced,Established,Freehold,105,,PARK CRESCENT,,NORTH SHIELDS,NORTH TYNESIDE,TYNE AND WEAR,Standard,Addition,55.0158600000,-1.4395340000
46000,2000-04-04 00:00:00Z,NE30 4AD,Flats/Maisonettes,Established,Leasehold,67,,HAZELDENE COURT,,NORTH SHIELDS,NORTH TYNESIDE,TYNE AND WEAR,Standard,Addition,55.0152980000,-1.4326760000
72500,2000-06-22 00:00:00Z,NE30 2SD,Semi-Detached,Established,Freehold,39,,MARINERS LANE,,NORTH SHIELDS,NORTH TYNESIDE,TYNE AND WEAR,Standard,Addition,55.0173550000,-1.4323660000
32000,2000-04-28 00:00:00Z,NE30 2HF,Flats/Maisonettes,Established,Leasehold,19,,DONKIN TERRACE,,NORTH SHIELDS,NORTH TYNESIDE,TYNE AND WEAR,Standard,Addition,55.0148040000,-1.4366080000
105000,2000-10-05 00:00:00Z,NE30 2SE,Detached,Established,Leasehold,ST. AIDANS COURT,28,MARINERS LANE,,NORTH SHIELDS,NORTH TYNESIDE,TYNE AND WEAR,Standard,Addition,55.0177770000,-1.4346250000
48000,2000-04-04 00:00:00Z,NE30 4AD,Flats/Maisonettes,Established,Leasehold,66,,HAZELDENE COURT,,NORTH SHIELDS,NORTH TYNESIDE,TYNE AND WEAR,Standard,Addition,55.0152980000,-1.4326760000
55000,2000-06-02 00:00:00Z,NE30 2PN,Terraced,Established,Freehold,11,,EDITH STREET,,NORTH SHIELDS,NORTH TYNESIDE,TYNE AND WEAR,Standard,Addition,55.0190930000,-1.4352350000
34950,2000-04-28 00:00:00Z,NE30 2HA,Flats/Maisonettes,Established,Leasehold,17,,PARK TERRACE,,NORTH SHIELDS,NORTH TYNESIDE,TYNE AND WEAR,Standard,Addition,55.0144710000,-1.4364720000
35500,2000-02-25 00:00:00Z,NE30 2HG,Flats/Maisonettes,Established,Leasehold,54,,WASHINGTON TERRACE,,NORTH SHIELDS,NORTH TYNESIDE,TYNE AND WEAR,Standard,Addition,55.0155050000,-1.4384750000
40000,2000-10-26 00:00:00Z,NE30 2HZ,Terraced,Established,Freehold,9,,PRINCES STREET,,NORTH SHIELDS,NORTH TYNESIDE,TYNE AND WEAR,Standard,Addition,55.0141920000,-1.4389950000
37000,2000-09-22 00:00:00Z,NE30 2HQ,Terraced,Established,Leasehold,41,,PARK CRESCENT EAST,,NORTH SHIELDS,NORTH TYNESIDE,TYNE AND WEAR,Standard,Addition,55.0158240000,-1.4376420000
46000,2000-04-04 00:00:00Z,NE30 4AD,Flats/Maisonettes,Established,Leasehold,64,,HAZELDENE COURT,,NORTH SHIELDS,NORTH TYNESIDE,TYNE AND WEAR,Standard,Addition,55.0152980000,-1.4326760000
58000,2000-03-30 00:00:00Z,NE30 2PN,Terraced,Established,Freehold,35,,EDITH STREET,,NORTH SHIELDS,NORTH TYNESIDE,TYNE AND WEAR,Standard,Addition,55.0190930000,-1.4352350000
46000,2000-04-04 00:00:00Z,NE30 4AD,Flats/Maisonettes,Established,Leasehold,73,,HAZELDENE COURT,,NORTH SHIELDS,NORTH TYNESIDE,TYNE AND WEAR,Standard,Addition,55.0152980000,-1.4326760000
39500,2000-01-28 00:00:00Z,NE30 2HQ,Flats/Maisonettes,Established,Leasehold,39,,PARK CRESCENT EAST,,NORTH SHIELDS,NORTH TYNESIDE,TYNE AND WEAR,Standard,Addition,55.0158240000,-1.4376420000
43000,2000-12-22 00:00:00Z,NE30 4AD,Flats/Maisonettes,Established,Leasehold,36,,HAZELDENE COURT,,NORTH SHIELDS,NORTH TYNESIDE,TYNE AND WEAR,Standard,Addition,55.0152980000,-1.4326760000
68500,2000-05-12 00:00:00Z,NE30 2EY,Terraced,Established,Freehold,36,,PARK TERRACE,,NORTH SHIELDS,NORTH TYNESIDE,TYNE AND WEAR,Standard,Addition,55.0156000000,-1.4360950000
38000,2000-12-12 00:00:00Z,NE30 2SA,Flats/Maisonettes,Established,Leasehold,23,,HULNE AVENUE,,NORTH SHIELDS,NORTH TYNESIDE,TYNE AND WEAR,Standard,Addition,55.0167970000,-1.4308740000
34500,2000-01-05 00:00:00Z,NE30 2HF,Flats/Maisonettes,Established,Leasehold,30,,DONKIN TERRACE,,NORTH SHIELDS,NORTH TYNESIDE,TYNE AND WEAR,Standard,Addition,55.0148040000,-1.4366080000
59950,2000-03-24 00:00:00Z,NE30 2HL,Terraced,Established,Freehold,93,,PARK CRESCENT,,NORTH SHIELDS,NORTH TYNESIDE,TYNE AND WEAR,Standard,Addition,55.0158600000,-1.4395340000
36000,2000-03-31 00:00:00Z,NE30 2HG,Flats/Maisonettes,Established,Freehold,68,,WASHINGTON TERRACE,,NORTH SHIELDS,NORTH TYNESIDE,TYNE AND WEAR,Standard,Addition,55.0155050000,-1.4384750000
194000,2000-09-15 00:00:00Z,NE30 2RP,Detached,Established,Freehold,14,,KING EDWARD ROAD,,NORTH SHIELDS,NORTH TYNESIDE,TYNE AND WEAR,Standard,Addition,55.0186570000,-1.4321910000
24500,2000-04-28 00:00:00Z,NE30 2HZ,Flats/Maisonettes,Established,Leasehold,31,,PRINCES STREET,,NORTH SHIELDS,NORTH TYNESIDE,TYNE AND WEAR,Standard,Addition,55.0141920000,-1.4389950000
40500,2000-10-27 00:00:00Z,NE30 2HJ,Flats/Maisonettes,Established,Leasehold,44,,WASHINGTON TERRACE,,NORTH SHIELDS,NORTH TYNESIDE,TYNE AND WEAR,Standard,Addition,55.0165290000,-1.4383830000
19250,2000-04-20 00:00:00Z,NE30 2HX,Flats/Maisonettes,Established,Leasehold,8,,COBURG STREET,,NORTH SHIELDS,NORTH TYNESIDE,TYNE AND WEAR,Standard,Addition,55.0138020000,-1.4394690000
45000,2000-07-10 00:00:00Z,NE30 2SA,Flats/Maisonettes,Established,Leasehold,41,,HULNE AVENUE,,NORTH SHIELDS,NORTH TYNESIDE,TYNE AND WEAR,Standard,Addition,55.0167970000,-1.4308740000
28000,2000-11-17 00:00:00Z,NE30 2HF,Flats/Maisonettes,Established,Leasehold,20,,DONKIN TERRACE,,NORTH SHIELDS,NORTH TYNESIDE,TYNE AND WEAR,Standard,Addition,55.0148040000,-1.4366080000
62000,2000-10-27 00:00:00Z,NE30 2PN,Terraced,Established,Freehold,8,,EDITH STREET,,NORTH SHIELDS,NORTH TYNESIDE,TYNE AND WEAR,Standard,Addition,55.0190930000,-1.4352350000
30700,2000-12-12 00:00:00Z,NE30 2HZ,Flats/Maisonettes,Established,Leasehold,37,,PRINCES STREET,,NORTH SHIELDS,NORTH TYNESIDE,TYNE AND WEAR,Standard,Addition,55.0141920000,-1.4389950000
55000,2000-04-04 00:00:00Z,NE30 4AD,Terraced,Established,Freehold,4,,HAZELDENE COURT,,NORTH SHIELDS,NORTH TYNESIDE,TYNE AND WEAR,Standard,Addition,55.0152980000,-1.4326760000
33000,2000-02-07 00:00:00Z,NE30 2HP,Flats/Maisonettes,Established,Leasehold,16,,ROSEDALE TERRACE,,NORTH SHIELDS,NORTH TYNESIDE,TYNE AND WEAR,Standard,Addition,55.0149000000,-1.4398600000
62000,2000-08-11 00:00:00Z,NE30 2PN,Terraced,Established,Freehold,31,,EDITH STREET,,NORTH SHIELDS,NORTH TYNESIDE,TYNE AND WEAR,Standard,Addition,55.0190930000,-1.4352350000
46000,2000-04-04 00:00:00Z,NE30 4AD,Flats/Maisonettes,Established,Leasehold,69,,HAZELDENE COURT,,NORTH SHIELDS,NORTH TYNESIDE,TYNE AND WEAR,Standard,Addition,55.0152980000,-1.4326760000
46950,2000-03-30 00:00:00Z,NE30 4AD,Flats/Maisonettes,Established,Leasehold,40,,HAZELDENE COURT,,NORTH SHIELDS,NORTH TYNESIDE,TYNE AND WEAR,Standard,Addition,55.0152980000,-1.4326760000
42000,2000-04-04 00:00:00Z,NE30 4AD,Flats/Maisonettes,Established,Leasehold,71,,HAZELDENE COURT,,NORTH SHIELDS,NORTH TYNESIDE,TYNE AND WEAR,Standard,Addition,55.0152980000,-1.4326760000
44950,2000-10-31 00:00:00Z,NE30 4AD,Flats/Maisonettes,Established,Leasehold,43,,HAZELDENE COURT,,NORTH SHIELDS,NORTH TYNESIDE,TYNE AND WEAR,Standard,Addition,55.0152980000,-1.4326760000
59150,2001-12-07 00:00:00Z,NE30 2SA,Flats/Maisonettes,Established,Leasehold,21,,HULNE AVENUE,NORTH SHIELDS,NORTH SHIELDS,NORTH TYNESIDE,TYNE AND WEAR,Standard,Addition,55.0167970000,-1.4308740000
28000,2001-10-01 00:00:00Z,NE30 1EE,Flats/Maisonettes,Established,Freehold,74,,TYNEMOUTH ROAD,NORTH SHIELDS,NORTH SHIELDS,NORTH TYNESIDE,TYNE AND WEAR,Standard,Addition,55.0132560000,-1.4383510000
48500,2001-07-02 00:00:00Z,NE30 2HP,Flats/Maisonettes,Established,Leasehold,26,,ROSEDALE TERRACE,NORTH SHIELDS,NORTH SHIELDS,NORTH TYNESIDE,TYNE AND WEAR,Standard,Addition,55.0149000000,-1.4398600000
54500,2001-10-26 00:00:00Z,NE30 2HQ,Flats/Maisonettes,Established,Leasehold,29,,PARK CRESCENT EAST,NORTH SHIELDS,NORTH SHIELDS,NORTH TYNESIDE,TYNE AND WEAR,Standard,Addition,55.0158240000,-1.4376420000
57000,2001-03-08 00:00:00Z,NE30 4AD,Terraced,Established,Freehold,60,,HAZELDENE COURT,NORTH SHIELDS,NORTH SHIELDS,NORTH TYNESIDE,TYNE AND WEAR,Standard,Addition,55.0152980000,-1.4326760000
57000,2001-10-12 00:00:00Z,NE30 2SA,Flats/Maisonettes,Established,Leasehold,17,,HULNE AVENUE,NORTH SHIELDS,NORTH SHIELDS,NORTH TYNESIDE,TYNE AND WEAR,Standard,Addition,55.0167970000,-1.4308740000
78000,2001-11-30 00:00:00Z,NE30 2SB,Terraced,Established,Freehold,19,,SHIPLEY ROAD,NORTH SHIELDS,NORTH SHIELDS,NORTH TYNESIDE,TYNE AND WEAR,Standard,Addition,55.0171760000,-1.4306010000
40000,2001-05-04 00:00:00Z,NE30 2HQ,Flats/Maisonettes,Established,Freehold,59 - 61,,PARK CRESCENT EAST,NORTH SHIELDS,NORTH SHIELDS,NORTH TYNESIDE,TYNE AND WEAR,Standard,Addition,55.0158240000,-1.4376420000
32000,2001-04-09 00:00:00Z,NE30 2HN,Flats/Maisonettes,Established,Leasehold,77,,PRINCES STREET,NORTH SHIELDS,NORTH SHIELDS,NORTH TYNESIDE,TYNE AND WEAR,Standard,Addition,55.0152640000,-1.4389630000
39000,2001-06-22 00:00:00Z,NE30 2HA,Flats/Maisonettes,Established,Leasehold,7,,PARK TERRACE,NORTH SHIELDS,NORTH SHIELDS,NORTH TYNESIDE,TYNE AND WEAR,Standard,Addition,55.0144710000,-1.4364720000
38000,2001-07-25 00:00:00Z,NE30 2SA,Flats/Maisonettes,Established,Leasehold,30,,HULNE AVENUE,NORTH SHIELDS,NORTH SHIELDS,NORTH TYNESIDE,TYNE AND WEAR,Standard,Addition,55.0167970000,-1.4308740000
59950,2001-07-31 00:00:00Z,NE30 2EY,Flats/Maisonettes,Established,Leasehold,40,,PARK TERRACE,NORTH SHIELDS,NORTH SHIELDS,NORTH TYNESIDE,TYNE AND WEAR,Standard,Addition,55.0156000000,-1.4360950000
84950,2001-07-20 00:00:00Z,NE30 2RU,Terraced,Established,Freehold,33,,MARINERS LANE,NORTH SHIELDS,NORTH SHIELDS,NORTH TYNESIDE,TYNE AND WEAR,Standard,Addition,55.0163880000,-1.4313940000
83000,2001-09-14 00:00:00Z,NE30 2PN,Terraced,Established,Freehold,11,,EDITH STREET,NORTH SHIELDS,NORTH SHIELDS,NORTH TYNESIDE,TYNE AND WEAR,Standard,Addition,55.0190930000,-1.4352350000
35000,2001-08-31 00:00:00Z,NE30 2HN,Flats/Maisonettes,Established,Leasehold,66,,PRINCES STREET,NORTH SHIELDS,NORTH SHIELDS,NORTH TYNESIDE,TYNE AND WEAR,Standard,Addition,55.0152640000,-1.4389630000
59995,2001-11-30 00:00:00Z,NE30 2SA,Flats/Maisonettes,Established,Leasehold,30,,HULNE AVENUE,NORTH SHIELDS,NORTH SHIELDS,NORTH TYNESIDE,TYNE AND WEAR,Standard,Addition,55.0167970000,-1.4308740000
71500,2001-03-30 00:00:00Z,NE30 2PN,Terraced,Established,Freehold,40,,EDITH STREET,NORTH SHIELDS,NORTH SHIELDS,NORTH TYNESIDE,TYNE AND WEAR,Standard,Addition,55.0190930000,-1.4352350000
80600,2001-11-06 00:00:00Z,NE30 2EU,Semi-Detached,Established,Freehold,3,,PARK AVENUE,NORTH SHIELDS,NORTH SHIELDS,NORTH TYNESIDE,TYNE AND WEAR,Standard,Addition,55.0163080000,-1.4373220000
105950,2001-04-06 00:00:00Z,NE30 2JP,Terraced,Established,Freehold,33,,MILL GROVE,NORTH SHIELDS,NORTH SHIELDS,NORTH TYNESIDE,TYNE AND WEAR,Standard,Addition,55.0194850000,-1.4345410000
49500,2001-09-28 00:00:00Z,NE30 2HH,Flats/Maisonettes,Established,Leasehold,15,,KITCHENER TERRACE,NORTH SHIELDS,NORTH SHIELDS,NORTH TYNESIDE,TYNE AND WEAR,Standard,Addition,55.0153440000,-1.4368510000
37950,2001-05-21 00:00:00Z,NE30 2HF,Terraced,Established,Leasehold,45,,DONKIN TERRACE,NORTH SHIELDS,NORTH SHIELDS,NORTH TYNESIDE,TYNE AND WEAR,Standard,Addition,55.0148040000,-1.4366080000
95000,2001-04-09 00:00:00Z,NE30 2SQ,Semi-Detached,Established,Freehold,10,,BRISLEE AVENUE,NORTH SHIELDS,NORTH SHIELDS,NORTH TYNESIDE,TYNE AND WEAR,Standard,Addition,55.0177910000,-1.4316090000
30500,2001-03-06 00:00:00Z,NE30 2EG,Flats/Maisonettes,Established,Leasehold,98,,GREY STREET,NORTH SHIELDS,NORTH SHIELDS,NORTH TYNESIDE,TYNE AND WEAR,Standard,Addition,55.0137620000,-1.4387030000
38950,2001-06-30 00:00:00Z,NE30 2HP,Flats/Maisonettes,Established,Leasehold,17,,ROSEDALE TERRACE,NORTH SHIELDS,NORTH SHIELDS,NORTH TYNESIDE,TYNE AND WEAR,Standard,Addition,55.0149000000,-1.4398600000
68500,2001-10-19 00:00:00Z,NE30 2HL,Terraced,Established,Freehold,56,,PARK CRESCENT,NORTH SHIELDS,NORTH SHIELDS,NORTH TYNESIDE,TYNE AND WEAR,Standard,Addition,55.0158600000,-1.4395340000
90750,2001-01-25 00:00:00Z,NE30 2SE,Flats/Maisonettes,Established,Leasehold,ST. AIDANS COURT,9,MARINERS LANE,NORTH SHIELDS,NORTH SHIELDS,NORTH TYNESIDE,TYNE AND WEAR,Standard,Addition,55.0177770000,-1.4346250000
51500,2001-09-28 00:00:00Z,NE30 4AD,Flats/Maisonettes,Established,Leasehold,11,,HAZELDENE COURT,NORTH SHIELDS,NORTH SHIELDS,NORTH TYNESIDE,TYNE AND WEAR,Standard,Addition,55.0152980000,-1.4326760000
44500,2001-12-21 00:00:00Z,NE30 2HA,Flats/Maisonettes,Established,Leasehold,16,,PARK TERRACE,NORTH SHIELDS,NORTH SHIELDS,NORTH TYNESIDE,TYNE AND WEAR,Standard,Addition,55.0144710000,-1.4364720000
68000,2001-08-31 00:00:00Z,NE30 2HG,Semi-Detached,Established,Freehold,50,,WASHINGTON TERRACE,NORTH SHIELDS,NORTH SHIELDS,NORTH TYNESIDE,TYNE AND WEAR,Standard,Addition,55.0155050000,-1.4384750000
44950,2001-07-13 00:00:00Z,NE30 2HG,Flats/Maisonettes,Established,Leasehold,57,,WASHINGTON TERRACE,NORTH SHIELDS,NORTH SHIELDS,NORTH TYNESIDE,TYNE AND WEAR,Standard,Addition,55.0155050000,-1.4384750000
170000,2001-11-26 00:00:00Z,NE30 2SH,Terraced,Established,Freehold,7,,ALBURY PARK ROAD,NORTH SHIELDS,NORTH SHIELDS,NORTH TYNESIDE,TYNE AND WEAR,Standard,Addition,55.0181680000,-1.4315060000
85000,2001-06-29 00:00:00Z,NE30 2HJ,Terraced,Established,Freehold,34,,WASHINGTON TERRACE,NORTH SHIELDS,NORTH SHIELDS,NORTH TYNESIDE,TYNE AND WEAR,Standard,Addition,55.0165290000,-1.4383830000
149950,2001-04-26 00:00:00Z,NE30 2SH,Terraced,Established,Freehold,1,,ALBURY PARK ROAD,NORTH SHIELDS,NORTH SHIELDS,NORTH TYNESIDE,TYNE AND WEAR,Standard,Addition,55.0181680000,-1.4315060000
125000,2001-09-14 00:00:00Z,NE30 2SG,Terraced,Established,Freehold,16,,DENWICK TERRACE,NORTH SHIELDS,NORTH SHIELDS,NORTH TYNESIDE,TYNE AND WEAR,Standard,Addition,55.0178610000,-1.4312010000
37500,2001-06-29 00:00:00Z,NE30 2HZ,Terraced,Established,Freehold,38,,PRINCES STREET,NORTH SHIELDS,NORTH SHIELDS,NORTH TYNESIDE,TYNE AND WEAR,Standard,Addition,55.0141920000,-1.4389950000
65000,2001-02-23 00:00:00Z,NE30 2EU,Terraced,Established,Freehold,9,,PARK AVENUE,NORTH SHIELDS,NORTH SHIELDS,NORTH TYNESIDE,TYNE AND WEAR,Standard,Addition,55.0163080000,-1.4373220000
16000,2001-01-31 00:00:00Z,NE30 1EE,Flats/Maisonettes,Established,Leasehold,70,,TYNEMOUTH ROAD,,NORTH SHIELDS,NORTH TYNESIDE,TYNE AND WEAR,Standard,Addition,55.0132560000,-1.4383510000
40000,2001-10-26 00:00:00Z,NE30 2HQ,Flats/Maisonettes,Established,Leasehold,36,,PARK CRESCENT EAST,NORTH SHIELDS,NORTH SHIELDS,NORTH TYNESIDE,TYNE AND WEAR,Standard,Addition,55.0158240000,-1.4376420000
33000,2001-06-22 00:00:00Z,NE30 2HF,Flats/Maisonettes,Established,Leasehold,14,,DONKIN TERRACE,NORTH SHIELDS,NORTH SHIELDS,NORTH TYNESIDE,TYNE AND WEAR,Standard,Addition,55.0148040000,-1.4366080000
39000,2001-06-29 00:00:00Z,NE30 2HX,Terraced,Established,Freehold,36,,COBURG STREET,NORTH SHIELDS,NORTH SHIELDS,NORTH TYNESIDE,TYNE AND WEAR,Standard,Addition,55.0138020000,-1.4394690000
23000,2001-05-03 00:00:00Z,NE30 2HP,Flats/Maisonettes,Established,Leasehold,29,,ROSEDALE TERRACE,NORTH SHIELDS,NORTH SHIELDS,NORTH TYNESIDE,TYNE AND WEAR,Standard,Addition,55.0149000000,-1.4398600000
98000,2001-04-06 00:00:00Z,NE30 2HG,Terraced,Established,Freehold,23,,WASHINGTON TERRACE,NORTH SHIELDS,NORTH SHIELDS,NORTH TYNESIDE,TYNE AND WEAR,Standard,Addition,55.0155050000,-1.4384750000
41950,2001-11-27 00:00:00Z,NE30 2HY,Flats/Maisonettes,Established,Leasehold,73,,JACKSON STREET,NORTH SHIELDS,NORTH SHIELDS,NORTH TYNESIDE,TYNE AND WEAR,Standard,Addition,55.0147450000,-1.4393620000
138000,2001-04-23 00:00:00Z,NE30 2JP,Semi-Detached,Established,Freehold,12,,MILL GROVE,NORTH SHIELDS,NORTH SHIELDS,NORTH TYNESIDE,TYNE AND WEAR,Standard,Addition,55.0194850000,-1.4345410000
32000,2001-02-10 00:00:00Z,NE30 2HZ,Flats/Maisonettes,Established,Leasehold,29,,PRINCES STREET,NORTH SHIELDS,NORTH SHIELDS,NORTH TYNESIDE,TYNE AND WEAR,Standard,Addition,55.0141920000,-1.4389950000
42000,2001-08-31 00:00:00Z,NE30 2HL,Terraced,Established,Leasehold,79,,PARK CRESCENT,NORTH SHIELDS,NORTH SHIELDS,NORTH TYNESIDE,TYNE AND WEAR,Standard,Addition,55.0158600000,-1.4395340000
36000,2001-03-30 00:00:00Z,NE30 2HN,Terraced,Established,Leasehold,60,,PRINCES STREET,NORTH SHIELDS,NORTH SHIELDS,NORTH TYNESIDE,TYNE AND WEAR,Standard,Addition,55.0152640000,-1.4389630000
77600,2001-12-14 00:00:00Z,NE30 2RZ,Terraced,Established,Freehold,4,,BEANLEY CRESCENT,NORTH SHIELDS,NORTH SHIELDS,NORTH TYNESIDE,TYNE AND WEAR,Standard,Addition,55.0161490000,-1.4302400000
25000,2001-11-27 00:00:00Z,NE30 2HY,Flats/Maisonettes,Established,Leasehold,75,,JACKSON STREET,NORTH SHIELDS,NORTH SHIELDS,NORTH TYNESIDE,TYNE AND WEAR,Standard,Addition,55.0147450000,-1.4393620000
85000,2001-08-24 00:00:00Z,NE30 2RT,Terraced,Established,Freehold,7,,HORSLEY TERRACE,NORTH SHIELDS,NORTH SHIELDS,NORTH TYNESIDE,TYNE AND WEAR,Standard,Addition,55.0158700000,-1.4301500000
48000,2001-09-14 00:00:00Z,NE30 2HG,Flats/Maisonettes,Established,Leasehold,31,FLAT 4,WASHINGTON TERRACE,NORTH SHIELDS,NORTH SHIELDS,NORTH TYNESIDE,TYNE AND WEAR,Standard,Addition,55.0155050000,-1.4384750000
94500,2001-04-02 00:00:00Z,NE30 2SH,Terraced,Established,Freehold,14,,ALBURY PARK ROAD,NORTH SHIELDS,NORTH SHIELDS,NORTH TYNESIDE,TYNE AND WEAR,Standard,Addition,55.0181680000,-1.4315060000
37950,2001-02-23 00:00:00Z,NE30 2HF,Flats/Maisonettes,Established,Leasehold,22,,DONKIN TERRACE,NORTH SHIELDS,NORTH SHIELDS,NORTH TYNESIDE,TYNE AND WEAR,Standard,Addition,55.0148040000,-1.4366080000
93500,2001-09-28 00:00:00Z,NE30 2HL,Terraced,Established,Freehold,60,,PARK CRESCENT,NORTH SHIELDS,NORTH SHIELDS,NORTH TYNESIDE,TYNE AND WEAR,Standard,Addition,55.0158600000,-1.4395340000
38500,2001-06-15 00:00:00Z,NE30 2HN,Flats/Maisonettes,Established,Leasehold,75,,PRINCES STREET,NORTH SHIELDS,NORTH SHIELDS,NORTH TYNESIDE,TYNE AND WEAR,Standard,Addition,55.0152640000,-1.4389630000
39950,2001-05-18 00:00:00Z,NE30 2HF,Flats/Maisonettes,Established,Leasehold,42,,DONKIN TERRACE,NORTH SHIELDS,NORTH SHIELDS,NORTH TYNESIDE,TYNE AND WEAR,Standard,Addition,55.0148040000,-1.4366080000
51500,2001-10-12 00:00:00Z,NE30 4AD,Flats/Maisonettes,Established,Leasehold,41,,HAZELDENE COURT,NORTH SHIELDS,NORTH SHIELDS,NORTH TYNESIDE,TYNE AND WEAR,Standard,Addition,55.0152980000,-1.4326760000
78000,2001-09-20 00:00:00Z,NE30 2PN,Terraced,Established,Freehold,29,,EDITH STREET,NORTH SHIELDS,NORTH SHIELDS,NORTH TYNESIDE,TYNE AND WEAR,Standard,Addition,55.0190930000,-1.4352350000
95000,2001-02-16 00:00:00Z,NE30 2SH,Semi-Detached,Established,Freehold,29,,ALBURY PARK ROAD,NORTH SHIELDS,NORTH SHIELDS,NORTH TYNESIDE,TYNE AND WEAR,Standard,Addition,55.0181680000,-1.4315060000
25000,2001-05-04 00:00:00Z,NE30 2HF,Flats/Maisonettes,Established,Leasehold,14,,DONKIN TERRACE,NORTH SHIELDS,NORTH SHIELDS,NORTH TYNESIDE,TYNE AND WEAR,Standard,Addition,55.0148040000,-1.4366080000
47500,2001-11-15 00:00:00Z,NE30 2HQ,Flats/Maisonettes,Established,Leasehold,8,,PARK CRESCENT EAST,NORTH SHIELDS,NORTH SHIELDS,NORTH TYNESIDE,TYNE AND WEAR,Standard,Addition,55.0158240000,-1.4376420000
36000,2001-02-05 00:00:00Z,NE30 2HH,Flats/Maisonettes,Established,Leasehold,41,,KITCHENER TERRACE,NORTH SHIELDS,NORTH SHIELDS,NORTH TYNESIDE,TYNE AND WEAR,Standard,Addition,55.0153440000,-1.4368510000
33000,2001-01-12 00:00:00Z,NE30 2HQ,Flats/Maisonettes,Established,Leasehold,12,,PARK CRESCENT EAST,NORTH SHIELDS,NORTH SHIELDS,NORTH TYNESIDE,TYNE AND WEAR,Standard,Addition,55.0158240000,-1.4376420000
213000,2001-10-10 00:00:00Z,NE30 2LA,Semi-Detached,Established,Freehold,21,,ASHLEIGH GROVE,NORTH SHIELDS,NORTH SHIELDS,NORTH TYNESIDE,TYNE AND WEAR,Standard,Addition,55.0197030000,-1.4329430000
47000,2001-04-18 00:00:00Z,NE30 4AD,Flats/Maisonettes,Established,Leasehold,18,,HAZELDENE COURT,NORTH SHIELDS,NORTH SHIELDS,NORTH TYNESIDE,TYNE AND WEAR,Standard,Addition,55.0152980000,-1.4326760000
39500,2001-04-12 00:00:00Z,NE30 2HH,Flats/Maisonettes,Established,Leasehold,19,,KITCHENER TERRACE,NORTH SHIELDS,NORTH SHIELDS,NORTH TYNESIDE,TYNE AND WEAR,Standard,Addition,55.0153440000,-1.4368510000
43000,2001-04-06 00:00:00Z,NE30 2HE,Flats/Maisonettes,Established,Leasehold,79,,WASHINGTON TERRACE,NORTH SHIELDS,NORTH SHIELDS,NORTH TYNESIDE,TYNE AND WEAR,Standard,Addition,55.0144240000,-1.4380060000
22600,2001-05-25 00:00:00Z,NE30 2HY,Flats/Maisonettes,Established,Leasehold,67,,JACKSON STREET,NORTH SHIELDS,NORTH SHIELDS,NORTH TYNESIDE,TYNE AND WEAR,Standard,Addition,55.0147450000,-1.4393620000
42000,2001-05-30 00:00:00Z,NE30 2HE,Flats/Maisonettes,Established,Leasehold,80,,WASHINGTON TERRACE,NORTH SHIELDS,NORTH SHIELDS,NORTH TYNESIDE,TYNE AND WEAR,Standard,Addition,55.0144240000,-1.4380060000
127000,2001-08-31 00:00:00Z,NE30 2SG,Terraced,Established,Freehold,7,,DENWICK TERRACE,NORTH SHIELDS,NORTH SHIELDS,NORTH TYNESIDE,TYNE AND WEAR,Standard,Addition,55.0178610000,-1.4312010000
27500,2001-05-31 00:00:00Z,NE30 2EG,Flats/Maisonettes,Established,Leasehold,93,,GREY STREET,NORTH SHIELDS,NORTH SHIELDS,NORTH TYNESIDE,TYNE AND WEAR,Standard,Addition,55.0137620000,-1.4387030000
34500,2001-01-05 00:00:00Z,NE30 2HP,Flats/Maisonettes,Established,Leasehold,17,,ROSEDALE TERRACE,NORTH SHIELDS,NORTH SHIELDS,NORTH TYNESIDE,TYNE AND WEAR,Standard,Addition,55.0149000000,-1.4398600000
30000,2001-05-04 00:00:00Z,NE30 2PL,Terraced,Established,Freehold,2A,,LIVINGSTONE VIEW,NORTH SHIELDS,NORTH SHIELDS,NORTH TYNESIDE,TYNE AND WEAR,Standard,Addition,55.0182650000,-1.4349650000
78000,2001-04-02 00:00:00Z,NE30 2PW,Terraced,Established,Freehold,24,,ALGERNON TERRACE,NORTH SHIELDS,NORTH SHIELDS,NORTH TYNESIDE,TYNE AND WEAR,Standard,Addition,55.0190770000,-1.4356100000
32500,2001-09-28 00:00:00Z,NE30 2HX,Flats/Maisonettes,Established,Freehold,39,,COBURG STREET,NORTH SHIELDS,NORTH SHIELDS,NORTH TYNESIDE,TYNE AND WEAR,Standard,Addition,55.0138020000,-1.4394690000
32000,2001-10-12 00:00:00Z,NE30 2HF,Flats/Maisonettes,Established,Leasehold,53,,DONKIN TERRACE,NORTH SHIELDS,NORTH SHIELDS,NORTH TYNESIDE,TYNE AND WEAR,Standard,Addition,55.0148040000,-1.4366080000
67400,2001-02-16 00:00:00Z,NE30 2RZ,Terraced,Established,Freehold,19,,BEANLEY CRESCENT,NORTH SHIELDS,NORTH SHIELDS,NORTH TYNESIDE,TYNE AND WEAR,Standard,Addition,55.0161490000,-1.4302400000
16000,2001-01-31 00:00:00Z,NE30 1EE,Flats/Maisonettes,Established,Freehold,68,,TYNEMOUTH ROAD,NORTH SHIELDS,NORTH SHIELDS,NORTH TYNESIDE,TYNE AND WEAR,Standard,Addition,55.0132560000,-1.4383510000
51000,2001-12-07 00:00:00Z,NE30 2HF,Flats/Maisonettes,Established,Leasehold,14,,DONKIN TERRACE,NORTH SHIELDS,NORTH SHIELDS,NORTH TYNESIDE,TYNE AND WEAR,Standard,Addition,55.0148040000,-1.4366080000
64000,2001-07-06 00:00:00Z,NE30 2HG,Terraced,Established,Freehold,24,,WASHINGTON TERRACE,NORTH SHIELDS,NORTH SHIELDS,NORTH TYNESIDE,TYNE AND WEAR,Standard,Addition,55.0155050000,-1.4384750000
157500,2001-10-11 00:00:00Z,NE30 2SH,Terraced,Established,Freehold,22,,ALBURY PARK ROAD,NORTH SHIELDS,NORTH SHIELDS,NORTH TYNESIDE,TYNE AND WEAR,Standard,Addition,55.0181680000,-1.4315060000
32500,2001-09-28 00:00:00Z,NE30 2HX,Flats/Maisonettes,Established,Leasehold,37,,COBURG STREET,NORTH SHIELDS,NORTH SHIELDS,NORTH TYNESIDE,TYNE AND WEAR,Standard,Addition,55.0138020000,-1.4394690000
47500,2001-06-29 00:00:00Z,NE30 2HA,Flats/Maisonettes,Established,Leasehold,24,,PARK TERRACE,NORTH SHIELDS,NORTH SHIELDS,NORTH TYNESIDE,TYNE AND WEAR,Standard,Addition,55.0144710000,-1.4364720000
107500,2001-02-20 00:00:00Z,NE30 2JP,Terraced,Established,Freehold,29,,MILL GROVE,NORTH SHIELDS,NORTH SHIELDS,NORTH TYNESIDE,TYNE AND WEAR,Standard,Addition,55.0194850000,-1.4345410000
68600,2001-07-06 00:00:00Z,NE30 4AD,Terraced,Established,Freehold,57,,HAZELDENE COURT,NORTH SHIELDS,NORTH SHIELDS,NORTH TYNESIDE,TYNE AND WEAR,Standard,Addition,55.0152980000,-1.4326760000
75000,2001-11-09 00:00:00Z,NE30 2HQ,Terraced,Established,Freehold,33,,PARK CRESCENT EAST,NORTH SHIELDS,NORTH SHIELDS,NORTH TYNESIDE,TYNE AND WEAR,Standard,Addition,55.0158240000,-1.4376420000
38000,2001-06-22 00:00:00Z,NE30 2HH,Flats/Maisonettes,Established,Leasehold,53,,KITCHENER TERRACE,NORTH SHIELDS,NORTH SHIELDS,NORTH TYNESIDE,TYNE AND WEAR,Standard,Addition,55.0153440000,-1.4368510000
120000,2001-05-07 00:00:00Z,NE30 2SG,Terraced,Established,Freehold,15,,DENWICK TERRACE,NORTH SHIELDS,NORTH SHIELDS,NORTH TYNESIDE,TYNE AND WEAR,Standard,Addition,55.0178610000,-1.4312010000
48250,2001-07-10 00:00:00Z,NE30 4AD,Flats/Maisonettes,Established,Leasehold,47,,HAZELDENE COURT,NORTH SHIELDS,NORTH SHIELDS,NORTH TYNESIDE,TYNE AND WEAR,Standard,Addition,55.0152980000,-1.4326760000
165000,2001-11-26 00:00:00Z,NE30 2SH,Detached,Established,Freehold,43,,ALBURY PARK ROAD,NORTH SHIELDS,NORTH SHIELDS,NORTH TYNESIDE,TYNE AND WEAR,Standard,Addition,55.0181680000,-1.4315060000
30000,2001-04-19 00:00:00Z,NE30 2HX,Flats/Maisonettes,Established,Leasehold,50,,COBURG STREET,NORTH SHIELDS,NORTH SHIELDS,NORTH TYNESIDE,TYNE AND WEAR,Standard,Addition,55.0138020000,-1.4394690000
28000,2001-10-01 00:00:00Z,NE30 1EE,Flats/Maisonettes,Established,Leasehold,76,,TYNEMOUTH ROAD,NORTH SHIELDS,NORTH SHIELDS,NORTH TYNESIDE,TYNE AND WEAR,Standard,Addition,55.0132560000,-1.4383510000
98000,2001-05-04 00:00:00Z,NE30 2SQ,Terraced,Established,Freehold,17,,BRISLEE AVENUE,NORTH SHIELDS,NORTH SHIELDS,NORTH TYNESIDE,TYNE AND WEAR,Standard,Addition,55.0177910000,-1.4316090000
33500,2001-11-02 00:00:00Z,NE30 2HE,Flats/Maisonettes,Established,Leasehold,81,,WASHINGTON TERRACE,NORTH SHIELDS,NORTH SHIELDS,NORTH TYNESIDE,TYNE AND WEAR,Standard,Addition,55.0144240000,-1.4380060000
51500,2001-07-20 00:00:00Z,NE30 4AD,Flats/Maisonettes,Established,Leasehold,10,,HAZELDENE COURT,NORTH SHIELDS,NORTH SHIELDS,NORTH TYNESIDE,TYNE AND WEAR,Standard,Addition,55.0152980000,-1.4326760000
35950,2001-03-01 00:00:00Z,NE30 2HF,Flats/Maisonettes,Established,Leasehold,6,,DONKIN TERRACE,NORTH SHIELDS,NORTH SHIELDS,NORTH TYNESIDE,TYNE AND WEAR,Standard,Addition,55.0148040000,-1.4366080000
43500,2001-03-30 00:00:00Z,NE30 2HH,Flats/Maisonettes,Established,Leasehold,35,,KITCHENER TERRACE,NORTH SHIELDS,NORTH SHIELDS,NORTH TYNESIDE,TYNE AND WEAR,Standard,Addition,55.0153440000,-1.4368510000
78000,2001-03-08 00:00:00Z,NE30 2SQ,Terraced,Established,Freehold,3,,BRISLEE AVENUE,NORTH SHIELDS,NORTH SHIELDS,NORTH TYNESIDE,TYNE AND WEAR,Standard,Addition,55.0177910000,-1.4316090000
58000,2001-03-02 00:00:00Z,NE30 1DL,Detached,Established,Freehold,80,,HUDSON STREET,,NORTH SHIELDS,NORTH TYNESIDE,TYNE AND WEAR,Standard,Addition,55.0117450000,-1.4379000000
37500,2001-09-28 00:00:00Z,NE30 2HA,Terraced,Established,Freehold,32A,,PARK TERRACE,NORTH SHIELDS,NORTH SHIELDS,NORTH TYNESIDE,TYNE AND WEAR,Standard,Addition,55.0144710000,-1.4364720000
54000,2001-04-30 00:00:00Z,NE30 2RR,Flats/Maisonettes,Established,Leasehold,15,,BIRTLEY AVENUE,NORTH SHIELDS,NORTH SHIELDS,NORTH TYNESIDE,TYNE AND WEAR,Standard,Addition,55.0178740000,-1.4300590000
28000,2001-02-01 00:00:00Z,NE30 2HN,Flats/Maisonettes,Established,Leasehold,59,,PRINCES STREET,NORTH SHIELDS,NORTH SHIELDS,NORTH TYNESIDE,TYNE AND WEAR,Standard,Addition,55.0152640000,-1.4389630000
58500,2001-04-18 00:00:00Z,NE30 4AD,Terraced,Established,Freehold,52,,HAZELDENE COURT,NORTH SHIELDS,NORTH SHIELDS,NORTH TYNESIDE,TYNE AND WEAR,Standard,Addition,55.0152980000,-1.4326760000
49950,2001-11-30 00:00:00Z,NE30 4AD,Flats/Maisonettes,Established,Leasehold,36,,HAZELDENE COURT,NORTH SHIELDS,NORTH SHIELDS,NORTH TYNESIDE,TYNE AND WEAR,Standard,Addition,55.0152980000,-1.4326760000
65000,2002-03-15 00:00:00Z,NE30 2EG,Flats/Maisonettes,Established,Freehold,116,,GREY STREET,,NORTH SHIELDS,NORTH TYNESIDE,TYNE AND WEAR,Standard,Addition,55.0137620000,-1.4387030000
85650,2002-07-05 00:00:00Z,NE30 4AD,Terraced,Established,Freehold,49,,HAZELDENE COURT,NORTH SHIELDS,NORTH SHIELDS,NORTH TYNESIDE,TYNE AND WEAR,Standard,Addition,55.0152980000,-1.4326760000
69500,2002-06-17 00:00:00Z,NE30 4AD,Flats/Maisonettes,Established,Leasehold,40,,HAZELDENE COURT,NORTH SHIELDS,NORTH SHIELDS,NORTH TYNESIDE,TYNE AND WEAR,Standard,Addition,55.0152980000,-1.4326760000
170000,2002-06-07 00:00:00Z,NE30 2HE,Terraced,Established,Freehold,5,,WASHINGTON TERRACE,NORTH SHIELDS,NORTH SHIELDS,NORTH TYNESIDE,TYNE AND WEAR,Standard,Addition,55.0144240000,-1.4380060000
102500,2002-09-13 00:00:00Z,NE30 2HH,Terraced,Established,Freehold,5,,KITCHENER TERRACE,NORTH SHIELDS,NORTH SHIELDS,NORTH TYNESIDE,TYNE AND WEAR,Standard,Addition,55.0153440000,-1.4368510000
249000,2002-05-24 00:00:00Z,NE30 2RP,Semi-Detached,Established,Freehold,10,,KING EDWARD ROAD,NORTH SHIELDS,NORTH SHIELDS,NORTH TYNESIDE,TYNE AND WEAR,Standard,Addition,55.0186570000,-1.4321910000
55000,2002-08-14 00:00:00Z,NE30 2HA,Flats/Maisonettes,Established,Leasehold,2,,PARK TERRACE,NORTH SHIELDS,NORTH SHIELDS,NORTH TYNESIDE,TYNE AND WEAR,Standard,Addition,55.0144710000,-1.4364720000
249000,2002-07-02 00:00:00Z,NE30 2LA,Semi-Detached,Established,Freehold,10,,ASHLEIGH GROVE,NORTH SHIELDS,NORTH SHIELDS,NORTH TYNESIDE,TYNE AND WEAR,Standard,Addition,55.0197030000,-1.4329430000
58000,2002-06-24 00:00:00Z,NE30 2HP,Flats/Maisonettes,Established,Leasehold,5,,ROSEDALE TERRACE,NORTH SHIELDS,NORTH SHIELDS,NORTH TYNESIDE,TYNE AND WEAR,Standard,Addition,55.0149000000,-1.4398600000
50000,2002-11-29 00:00:00Z,NE30 2HQ,Flats/Maisonettes,Established,Leasehold,17,,PARK CRESCENT EAST,NORTH SHIELDS,NORTH SHIELDS,NORTH TYNESIDE,TYNE AND WEAR,Standard,Addition,55.0158240000,-1.4376420000
41000,2002-04-23 00:00:00Z,NE30 1JP,Semi-Detached,Established,Freehold,19,,HUDSON STREET,NORTH SHIELDS,NORTH SHIELDS,NORTH TYNESIDE,TYNE AND WEAR,Standard,Addition,55.0105720000,-1.4365900000
65000,2002-11-06 00:00:00Z,NE30 2HF,Flats/Maisonettes,Established,Freehold,32,,DONKIN TERRACE,NORTH SHIELDS,NORTH SHIELDS,NORTH TYNESIDE,TYNE AND WEAR,Standard,Addition,55.0148040000,-1.4366080000
55000,2002-05-09 00:00:00Z,NE30 2HG,Flats/Maisonettes,Established,Leasehold,30A,,WASHINGTON TERRACE,,NORTH SHIELDS,NORTH TYNESIDE,TYNE AND WEAR,Standard,Addition,55.0155050000,-1.4384750000
39000,2002-07-31 00:00:00Z,NE30 2HH,Flats/Maisonettes,Established,Leasehold,9,,KITCHENER TERRACE,NORTH SHIELDS,NORTH SHIELDS,NORTH TYNESIDE,TYNE AND WEAR,Standard,Addition,55.0153440000,-1.4368510000
82000,2002-10-18 00:00:00Z,NE30 2RR,Terraced,Established,Freehold,15,,BIRTLEY AVENUE,NORTH SHIELDS,NORTH SHIELDS,NORTH TYNESIDE,TYNE AND WEAR,Standard,Addition,55.0178740000,-1.4300590000
195000,2002-08-16 00:00:00Z,NE30 2EP,Terraced,Established,Freehold,70,,LINSKILL TERRACE,NORTH SHIELDS,NORTH SHIELDS,NORTH TYNESIDE,TYNE AND WEAR,Standard,Addition,55.0161490000,-1.4399050000
100000,2002-07-15 00:00:00Z,NE30 2HQ,Terraced,Established,Freehold,38,,PARK CRESCENT EAST,NORTH SHIELDS,NORTH SHIELDS,NORTH TYNESIDE,TYNE AND WEAR,Standard,Addition,55.0158240000,-1.4376420000
46950,2002-02-22 00:00:00Z,NE30 2HA,Flats/Maisonettes,Established,Leasehold,16,,PARK TERRACE,NORTH SHIELDS,NORTH SHIELDS,NORTH TYNESIDE,TYNE AND WEAR,Standard,Addition,55.0144710000,-1.4364720000
95000,2002-07-31 00:00:00Z,NE30 2HQ,Terraced,Established,Freehold,37,,PARK CRESCENT EAST,NORTH SHIELDS,NORTH SHIELDS,NORTH TYNESIDE,TYNE AND WEAR,Standard,Addition,55.0158240000,-1.4376420000
24000,2002-04-12 00:00:00Z,NE30 2HX,Flats/Maisonettes,Established,Leasehold,22,,COBURG STREET,NORTH SHIELDS,NORTH SHIELDS,NORTH TYNESIDE,TYNE AND WEAR,Standard,Addition,55.0138020000,-1.4394690000
48500,2002-06-28 00:00:00Z,NE30 2HP,Flats/Maisonettes,Established,Leasehold,26,,ROSEDALE TERRACE,NORTH SHIELDS,NORTH SHIELDS,NORTH TYNESIDE,TYNE AND WEAR,Standard,Addition,55.0149000000,-1.4398600000
69500,2002-04-26 00:00:00Z,NE30 4AD,Flats/Maisonettes,Established,Leasehold,37,,HAZELDENE COURT,NORTH SHIELDS,NORTH SHIELDS,NORTH TYNESIDE,TYNE AND WEAR,Standard,Addition,55.0152980000,-1.4326760000
102500,2002-11-22 00:00:00Z,NE30 2EP,Terraced,Established,Freehold,56,,LINSKILL TERRACE,NORTH SHIELDS,NORTH SHIELDS,NORTH TYNESIDE,TYNE AND WEAR,Standard,Addition,55.0161490000,-1.4399050000
63950,2002-10-03 00:00:00Z,NE30 2HH,Flats/Maisonettes,Established,Leasehold,57,,KITCHENER TERRACE,NORTH SHIELDS,NORTH SHIELDS,NORTH TYNESIDE,TYNE AND WEAR,Standard,Addition,55.0153440000,-1.4368510000
75000,2002-09-30 00:00:00Z,NE30 4AD,Flats/Maisonettes,Established,Leasehold,64,,HAZELDENE COURT,NORTH SHIELDS,NORTH SHIELDS,NORTH TYNESIDE,TYNE AND WEAR,Standard,Addition,55.0152980000,-1.4326760000
30000,2002-05-09 00:00:00Z,NE30 2SQ,Semi-Detached,Established,Freehold,10A,,BRISLEE AVENUE,NORTH SHIELDS,NORTH SHIELDS,NORTH TYNESIDE,TYNE AND WEAR,Standard,Addition,55.0177910000,-1.4316090000
69950,2002-06-14 00:00:00Z,NE30 2HP,Flats/Maisonettes,Established,Leasehold,10,,ROSEDALE TERRACE,NORTH SHIELDS,NORTH SHIELDS,NORTH TYNESIDE,TYNE AND WEAR,Standard,Addition,55.0149000000,-1.4398600000
86000,2002-11-29 00:00:00Z,NE30 4AD,Flats/Maisonettes,Established,Leasehold,38,,HAZELDENE COURT,NORTH SHIELDS,NORTH SHIELDS,NORTH TYNESIDE,TYNE AND WEAR,Standard,Addition,55.0152980000,-1.4326760000
76000,2002-10-14 00:00:00Z,NE30 4AD,Flats/Maisonettes,Established,Leasehold,12,,HAZELDENE COURT,NORTH SHIELDS,NORTH SHIELDS,NORTH TYNESIDE,TYNE AND WEAR,Standard,Addition,55.0152980000,-1.4326760000
64500,2002-10-04 00:00:00Z,NE30 2EG,Flats/Maisonettes,Established,Leasehold,95,,GREY STREET,NORTH SHIELDS,NORTH SHIELDS,NORTH TYNESIDE,TYNE AND WEAR,Standard,Addition,55.0137620000,-1.4387030000
57000,2002-09-27 00:00:00Z,NE30 2HQ,Flats/Maisonettes,Established,Leasehold,26,,PARK CRESCENT EAST,NORTH SHIELDS,NORTH SHIELDS,NORTH TYNESIDE,TYNE AND WEAR,Standard,Addition,55.0158240000,-1.4376420000
57500,2002-05-17 00:00:00Z,NE30 2HF,Flats/Maisonettes,Established,Freehold,30,,DONKIN TERRACE,NORTH SHIELDS,NORTH SHIELDS,NORTH TYNESIDE,TYNE AND WEAR,Standard,Addition,55.0148040000,-1.4366080000
79950,2002-09-12 00:00:00Z,NE30 4AD,Terraced,Established,Freehold,48,,HAZELDENE COURT,NORTH SHIELDS,NORTH SHIELDS,NORTH TYNESIDE,TYNE AND WEAR,Standard,Addition,55.0152980000,-1.4326760000
66500,2002-11-05 00:00:00Z,NE30 2HH,Flats/Maisonettes,Established,Leasehold,27,,KITCHENER TERRACE,NORTH SHIELDS,NORTH SHIELDS,NORTH TYNESIDE,TYNE AND WEAR,Standard,Addition,55.0153440000,-1.4368510000
122000,2002-12-12 00:00:00Z,NE30 2PN,Terraced,Established,Freehold,4,,EDITH STREET,NORTH SHIELDS,NORTH SHIELDS,NORTH TYNESIDE,TYNE AND WEAR,Standard,Addition,55.0190930000,-1.4352350000
52950,2002-02-08 00:00:00Z,NE30 2HH,Flats/Maisonettes,Established,Leasehold,37,,KITCHENER TERRACE,NORTH SHIELDS,NORTH SHIELDS,NORTH TYNESIDE,TYNE AND WEAR,Standard,Addition,55.0153440000,-1.4368510000
145000,2002-10-24 00:00:00Z,NE30 2HA,Terraced,Established,Freehold,33,,PARK TERRACE,NORTH SHIELDS,NORTH SHIELDS,NORTH TYNESIDE,TYNE AND WEAR,Standard,Addition,55.0144710000,-1.4364720000
89950,2002-06-06 00:00:00Z,NE30 4AD,Terraced,Established,Freehold,3,,HAZELDENE COURT,NORTH SHIELDS,NORTH SHIELDS,NORTH TYNESIDE,TYNE AND WEAR,Standard,Addition,55.0152980000,-1.4326760000
43000,2002-01-08 00:00:00Z,NE30 2HL,Flats/Maisonettes,Established,Leasehold,81,,PARK CRESCENT,NORTH SHIELDS,NORTH SHIELDS,NORTH TYNESIDE,TYNE AND WEAR,Standard,Addition,55.0158600000,-1.4395340000
70000,2002-07-11 00:00:00Z,NE30 2SG,Terraced,Established,Freehold,9,,DENWICK TERRACE,NORTH SHIELDS,NORTH SHIELDS,NORTH TYNESIDE,TYNE AND WEAR,Standard,Addition,55.0178610000,-1.4312010000
137500,2002-08-23 00:00:00Z,NE30 2SG,Terraced,Established,Freehold,21,,DENWICK TERRACE,NORTH SHIELDS,NORTH SHIELDS,NORTH TYNESIDE,TYNE AND WEAR,Standard,Addition,55.0178610000,-1.4312010000
87000,2002-12-02 00:00:00Z,NE30 4AD,Flats/Maisonettes,Established,Leasehold,20,,HAZELDENE COURT,NORTH SHIELDS,NORTH SHIELDS,NORTH TYNESIDE,TYNE AND WEAR,Standard,Addition,55.0152980000,-1.4326760000
91000,2002-05-27 00:00:00Z,NE30 2SE,Flats/Maisonettes,Established,Leasehold,ST. AIDANS COURT,18,MARINERS LANE,NORTH SHIELDS,NORTH SHIELDS,NORTH TYNESIDE,TYNE AND WEAR,Standard,Addition,55.0177770000,-1.4346250000
97599,2002-01-31 00:00:00Z,NE30 2EU,Terraced,Established,Freehold,15,,PARK AVENUE,NORTH SHIELDS,NORTH SHIELDS,NORTH TYNESIDE,TYNE AND WEAR,Standard,Addition,55.0163080000,-1.4373220000
60000,2002-06-05 00:00:00Z,NE30 1EE,Terraced,Established,Freehold,82,,TYNEMOUTH ROAD,NORTH SHIELDS,NORTH SHIELDS,NORTH TYNESIDE,TYNE AND WEAR,Standard,Addition,55.0132560000,-1.4383510000
113000,2002-12-09 00:00:00Z,NE30 2PN,Terraced,Established,Freehold,34,,EDITH STREET,NORTH SHIELDS,NORTH SHIELDS,NORTH TYNESIDE,TYNE AND WEAR,Standard,Addition,55.0190930000,-1.4352350000
248500,2002-07-17 00:00:00Z,NE30 2LA,Semi-Detached,Established,Freehold,17,,ASHLEIGH GROVE,NORTH SHIELDS,NORTH SHIELDS,NORTH TYNESIDE,TYNE AND WEAR,Standard,Addition,55.0197030000,-1.4329430000
50000,2002-11-01 00:00:00Z,NE30 2HF,Flats/Maisonettes,Established,Leasehold,29,,DONKIN TERRACE,NORTH SHIELDS,NORTH SHIELDS,NORTH TYNESIDE,TYNE AND WEAR,Standard,Addition,55.0148040000,-1.4366080000
66000,2002-12-18 00:00:00Z,NE30 2HH,Flats/Maisonettes,Established,Leasehold,43,,KITCHENER TERRACE,NORTH SHIELDS,NORTH SHIELDS,NORTH TYNESIDE,TYNE AND WEAR,Standard,Addition,55.0153440000,-1.4368510000
113000,2002-10-07 00:00:00Z,NE30 2PN,Terraced,Established,Freehold,34,,EDITH STREET,NORTH SHIELDS,NORTH SHIELDS,NORTH TYNESIDE,TYNE AND WEAR,Standard,Addition,55.0190930000,-1.4352350000
60000,2002-11-15 00:00:00Z,NE30 2HH,Flats/Maisonettes,Established,Leasehold,45,,KITCHENER TERRACE,NORTH SHIELDS,NORTH SHIELDS,NORTH TYNESIDE,TYNE AND WEAR,Standard,Addition,55.0153440000,-1.4368510000
77500,2002-11-06 00:00:00Z,NE30 4AD,Flats/Maisonettes,Established,Leasehold,69,,HAZELDENE COURT,NORTH SHIELDS,NORTH SHIELDS,NORTH TYNESIDE,TYNE AND WEAR,Standard,Addition,55.0152980000,-1.4326760000
45000,2002-07-26 00:00:00Z,NE30 2HY,Flats/Maisonettes,Established,Leasehold,71,,JACKSON STREET,NORTH SHIELDS,NORTH SHIELDS,NORTH TYNESIDE,TYNE AND WEAR,Standard,Addition,55.0147450000,-1.4393620000
177163,2002-07-05 00:00:00Z,NE30 2HE,Terraced,Established,Freehold,15,,WASHINGTON TERRACE,NORTH SHIELDS,NORTH SHIELDS,NORTH TYNESIDE,TYNE AND WEAR,Standard,Addition,55.0144240000,-1.4380060000
60000,2002-03-15 00:00:00Z,NE30 2SA,Flats/Maisonettes,Established,Leasehold,39,,HULNE AVENUE,NORTH SHIELDS,NORTH SHIELDS,NORTH TYNESIDE,TYNE AND WEAR,Standard,Addition,55.0167970000,-1.4308740000
154950,2002-08-19 00:00:00Z,NE30 2SH,Terraced,Established,Freehold,30,,ALBURY PARK ROAD,NORTH SHIELDS,NORTH SHIELDS,NORTH TYNESIDE,TYNE AND WEAR,Standard,Addition,55.0181680000,-1.4315060000
52000,2002-09-27 00:00:00Z,NE30 2HA,Flats/Maisonettes,Established,Leasehold,19,,PARK TERRACE,NORTH SHIELDS,NORTH SHIELDS,NORTH TYNESIDE,TYNE AND WEAR,Standard,Addition,55.0144710000,-1.4364720000
127000,2002-03-15 00:00:00Z,NE30 2EP,Terraced,Established,Freehold,71,,LINSKILL TERRACE,NORTH SHIELDS,NORTH SHIELDS,NORTH TYNESIDE,TYNE AND WEAR,Standard,Addition,55.0161490000,-1.4399050000
40000,2002-10-04 00:00:00Z,NE30 2HF,Flats/Maisonettes,New Build,Leasehold,48,,DONKIN TERRACE,NORTH SHIELDS,NORTH SHIELDS,NORTH TYNESIDE,TYNE AND WEAR,Standard,Addition,55.0148040000,-1.4366080000
88000,2002-07-26 00:00:00Z,NE30 2SA,Flats/Maisonettes,Established,Leasehold,13,,HULNE AVENUE,NORTH SHIELDS,NORTH SHIELDS,NORTH TYNESIDE,TYNE AND WEAR,Standard,Addition,55.0167970000,-1.4308740000
128500,2002-12-06 00:00:00Z,NE30 2HH,Terraced,Established,Freehold,10,,KITCHENER TERRACE,NORTH SHIELDS,NORTH SHIELDS,NORTH TYNESIDE,TYNE AND WEAR,Standard,Addition,55.0153440000,-1.4368510000
79000,2002-03-20 00:00:00Z,NE30 2SB,Terraced,Established,Freehold,17,,SHIPLEY ROAD,NORTH SHIELDS,NORTH SHIELDS,NORTH TYNESIDE,TYNE AND WEAR,Standard,Addition,55.0171760000,-1.4306010000
56500,2002-10-31 00:00:00Z,NE30 2HZ,Flats/Maisonettes,Established,Leasehold,25,,PRINCES STREET,NORTH SHIELDS,NORTH SHIELDS,NORTH TYNESIDE,TYNE AND WEAR,Standard,Addition,55.0141920000,-1.4389950000
115000,2002-12-13 00:00:00Z,NE30 2PN,Terraced,Established,Freehold,27,,EDITH STREET,NORTH SHIELDS,NORTH SHIELDS,NORTH TYNESIDE,TYNE AND WEAR,Standard,Addition,55.0190930000,-1.4352350000
110000,2002-12-13 00:00:00Z,NE30 2PN,Terraced,Established,Freehold,20,,EDITH STREET,NORTH SHIELDS,NORTH SHIELDS,NORTH TYNESIDE,TYNE AND WEAR,Standard,Addition,55.0190930000,-1.4352350000
78950,2002-02-06 00:00:00Z,NE30 2PN,Terraced,Established,Freehold,20,,EDITH STREET,NORTH SHIELDS,NORTH SHIELDS,NORTH TYNESIDE,TYNE AND WEAR,Standard,Addition,55.0190930000,-1.4352350000
98000,2002-11-15 00:00:00Z,NE30 4AD,Terraced,Established,Freehold,1,,HAZELDENE COURT,NORTH SHIELDS,NORTH SHIELDS,NORTH TYNESIDE,TYNE AND WEAR,Standard,Addition,55.0152980000,-1.4326760000
51000,2002-01-25 00:00:00Z,NE30 2HH,Flats/Maisonettes,Established,Leasehold,29,,KITCHENER TERRACE,NORTH SHIELDS,NORTH SHIELDS,NORTH TYNESIDE,TYNE AND WEAR,Standard,Addition,55.0153440000,-1.4368510000
79950,2002-09-05 00:00:00Z,NE30 4AD,Terraced,Established,Freehold,58,,HAZELDENE COURT,NORTH SHIELDS,NORTH SHIELDS,NORTH TYNESIDE,TYNE AND WEAR,Standard,Addition,55.0152980000,-1.4326760000
33000,2002-03-01 00:00:00Z,NE30 2HF,Terraced,Established,Freehold,10,,DONKIN TERRACE,NORTH SHIELDS,NORTH SHIELDS,NORTH TYNESIDE,TYNE AND WEAR,Standard,Addition,55.0148040000,-1.4366080000
128000,2002-03-01 00:00:00Z,NE30 2HE,Terraced,Established,Freehold,13,,WASHINGTON TERRACE,NORTH SHIELDS,NORTH SHIELDS,NORTH TYNESIDE,TYNE AND WEAR,Standard,Addition,55.0144240000,-1.4380060000
174000,2002-07-29 00:00:00Z,NE30 2EP,Semi-Detached,Established,Freehold,60,,LINSKILL TERRACE,NORTH SHIELDS,NORTH SHIELDS,NORTH TYNESIDE,TYNE AND WEAR,Standard,Addition,55.0161490000,-1.4399050000
45000,2002-07-12 00:00:00Z,NE30 2HF,Flats/Maisonettes,Established,Freehold,9,,DONKIN TERRACE,NORTH SHIELDS,NORTH SHIELDS,NORTH TYNESIDE,TYNE AND WEAR,Standard,Addition,55.0148040000,-1.4366080000
53950,2002-05-24 00:00:00Z,NE30 2HG,Flats/Maisonettes,Established,Leasehold,65,,WASHINGTON TERRACE,NORTH SHIELDS,NORTH SHIELDS,NORTH TYNESIDE,TYNE AND WEAR,Standard,Addition,55.0155050000,-1.4384750000
25500,2002-02-15 00:00:00Z,NE30 2HH,Flats/Maisonettes,Established,Leasehold,25,,KITCHENER TERRACE,NORTH SHIELDS,NORTH SHIELDS,NORTH TYNESIDE,TYNE AND WEAR,Standard,Addition,55.0153440000,-1.4368510000
80000,2002-04-12 00:00:00Z,NE30 2HQ,Flats/Maisonettes,Established,Freehold,59 - 61,,PARK CRESCENT EAST,NORTH SHIELDS,NORTH SHIELDS,NORTH TYNESIDE,TYNE AND WEAR,Standard,Addition,55.0158240000,-1.4376420000
95000,2002-10-01 00:00:00Z,NE30 2HQ,Detached,Established,Freehold,46,,PARK CRESCENT EAST,NORTH SHIELDS,NORTH SHIELDS,NORTH TYNESIDE,TYNE AND WEAR,Standard,Addition,55.0158240000,-1.4376420000
30000,2002-07-26 00:00:00Z,NE30 2HF,Flats/Maisonettes,Established,Leasehold,51,,DONKIN TERRACE,NORTH SHIELDS,NORTH SHIELDS,NORTH TYNESIDE,TYNE AND WEAR,Standard,Addition,55.0148040000,-1.4366080000
74950,2002-03-08 00:00:00Z,NE30 2HQ,Terraced,Established,Freehold,9,,PARK CRESCENT EAST,NORTH SHIELDS,NORTH SHIELDS,NORTH TYNESIDE,TYNE AND WEAR,Standard,Addition,55.0158240000,-1.4376420000
48500,2002-07-01 00:00:00Z,NE30 2HN,Flats/Maisonettes,Established,Freehold,62,,PRINCES STREET,NORTH SHIELDS,NORTH SHIELDS,NORTH TYNESIDE,TYNE AND WEAR,Standard,Addition,55.0152640000,-1.4389630000
74500,2002-07-01 00:00:00Z,NE30 4AD,Flats/Maisonettes,Established,Leasehold,38,,HAZELDENE COURT,NORTH SHIELDS,NORTH SHIELDS,NORTH TYNESIDE,TYNE AND WEAR,Standard,Addition,55.0152980000,-1.4326760000
51950,2002-12-06 00:00:00Z,NE30 2HX,Flats/Maisonettes,Established,Leasehold,21,,COBURG STREET,NORTH SHIELDS,NORTH SHIELDS,NORTH TYNESIDE,TYNE AND WEAR,Standard,Addition,55.0138020000,-1.4394690000
134000,2002-05-17 00:00:00Z,NE30 2SD,Semi-Detached,Established,Freehold,41,,MARINERS LANE,NORTH SHIELDS,NORTH SHIELDS,NORTH TYNESIDE,TYNE AND WEAR,Standard,Addition,55.0173550000,-1.4323660000
385000,2002-06-06 00:00:00Z,NE30 2RP,Semi-Detached,Established,Freehold,28,,KING EDWARD ROAD,NORTH SHIELDS,NORTH SHIELDS,NORTH TYNESIDE,TYNE AND WEAR,Standard,Addition,55.0186570000,-1.4321910000
70000,2002-10-11 00:00:00Z,NE30 2PL,Flats/Maisonettes,Established,Leasehold,2A,,LIVINGSTONE VIEW,NORTH SHIELDS,NORTH SHIELDS,NORTH TYNESIDE,TYNE AND WEAR,Standard,Addition,55.0182650000,-1.4349650000
125000,2002-06-24 00:00:00Z,NE30 2HL,Semi-Detached,Established,Freehold,44,,PARK CRESCENT,NORTH SHIELDS,NORTH SHIELDS,NORTH TYNESIDE,TYNE AND WEAR,Standard,Addition,55.0158600000,-1.4395340000
72500,2002-06-20 00:00:00Z,NE30 2HG,Flats/Maisonettes,Established,Leasehold,27A,,WASHINGTON TERRACE,NORTH SHIELDS,NORTH SHIELDS,NORTH TYNESIDE,TYNE AND WEAR,Standard,Addition,55.0155050000,-1.4384750000
174950,2002-04-19 00:00:00Z,NE30 2HE,Terraced,Established,Freehold,7,,WASHINGTON TERRACE,NORTH SHIELDS,NORTH SHIELDS,NORTH TYNESIDE,TYNE AND WEAR,Standard,Addition,55.0144240000,-1.4380060000
52500,2002-12-03 00:00:00Z,NE30 2HX,Flats/Maisonettes,Established,Leasehold,50,,COBURG STREET,NORTH SHIELDS,NORTH SHIELDS,NORTH TYNESIDE,TYNE AND WEAR,Standard,Addition,55.0138020000,-1.4394690000
249950,2002-06-28 00:00:00Z,NE30 2LA,Semi-Detached,Established,Freehold,13,,ASHLEIGH GROVE,NORTH SHIELDS,NORTH SHIELDS,NORTH TYNESIDE,TYNE AND WEAR,Standard,Addition,55.0197030000,-1.4329430000
65000,2002-07-12 00:00:00Z,NE30 2HA,Flats/Maisonettes,Established,Freehold,21,,PARK TERRACE,NORTH SHIELDS,NORTH SHIELDS,NORTH TYNESIDE,TYNE AND WEAR,Standard,Addition,55.0144710000,-1.4364720000
30950,2002-05-21 00:00:00Z,NE30 1EE,Semi-Detached,Established,Freehold,80,,TYNEMOUTH ROAD,NORTH SHIELDS,NORTH SHIELDS,NORTH TYNESIDE,TYNE AND WEAR,Standard,Addition,55.0132560000,-1.4383510000
67500,2002-06-10 00:00:00Z,NE30 2HE,Flats/Maisonettes,Established,Freehold,80,,WASHINGTON TERRACE,NORTH SHIELDS,NORTH SHIELDS,NORTH TYNESIDE,TYNE AND WEAR,Standard,Addition,55.0144240000,-1.4380060000
40000,2003-01-10 00:00:00Z,NE30 2HL,Flats/Maisonettes,Established,Leasehold,103A,,PARK CRESCENT,NORTH SHIELDS,NORTH SHIELDS,NORTH TYNESIDE,TYNE AND WEAR,Standard,Addition,55.0158600000,-1.4395340000
507500,2003-11-11 00:00:00Z,NE30 2RP,Semi-Detached,Established,Freehold,34,,KING EDWARD ROAD,NORTH SHIELDS,NORTH SHIELDS,NORTH TYNESIDE,TYNE AND WEAR,Standard,Addition,55.0186570000,-1.4321910000
80000,2003-02-21 00:00:00Z,NE30 2HG,Terraced,Established,Freehold,49,,WASHINGTON TERRACE,NORTH SHIELDS,NORTH SHIELDS,NORTH TYNESIDE,TYNE AND WEAR,Standard,Addition,55.0155050000,-1.4384750000
90000,2003-05-16 00:00:00Z,NE30 1ED,Terraced,Established,Freehold,135A,,TYNEMOUTH ROAD,,NORTH SHIELDS,NORTH TYNESIDE,TYNE AND WEAR,Standard,Addition,55.0127550000,-1.4389050000
90000,2003-12-16 00:00:00Z,NE30 2PL,Terraced,Established,Freehold,1,,LIVINGSTONE VIEW,,NORTH SHIELDS,NORTH TYNESIDE,TYNE AND WEAR,Standard,Addition,55.0182650000,-1.4349650000
93000,2003-01-03 00:00:00Z,NE30 4AD,Terraced,Established,Freehold,55,,HAZELDENE COURT,NORTH SHIELDS,NORTH SHIELDS,NORTH TYNESIDE,TYNE AND WEAR,Standard,Addition,55.0152980000,-1.4326760000
133000,2003-05-29 00:00:00Z,NE30 2SE,Flats/Maisonettes,Established,Leasehold,ST. AIDANS COURT,10,MARINERS LANE,NORTH SHIELDS,NORTH SHIELDS,NORTH TYNESIDE,TYNE AND WEAR,Standard,Addition,55.0177770000,-1.4346250000
80000,2003-12-24 00:00:00Z,NE30 2HP,Semi-Detached,Established,Freehold,22,,ROSEDALE TERRACE,NORTH SHIELDS,NORTH SHIELDS,NORTH TYNESIDE,TYNE AND WEAR,Standard,Addition,55.0149000000,-1.4398600000
90000,2003-11-14 00:00:00Z,NE30 2HF,Flats/Maisonettes,Established,Leasehold,42,,DONKIN TERRACE,NORTH SHIELDS,NORTH SHIELDS,NORTH TYNESIDE,TYNE AND WEAR,Standard,Addition,55.0148040000,-1.4366080000
127000,2003-08-15 00:00:00Z,NE30 2EP,Terraced,Established,Freehold,58,,LINSKILL TERRACE,NORTH SHIELDS,NORTH SHIELDS,NORTH TYNESIDE,TYNE AND WEAR,Standard,Addition,55.0161490000,-1.4399050000
73000,2003-12-12 00:00:00Z,NE30 2HP,Flats/Maisonettes,Established,Leasehold,5,,ROSEDALE TERRACE,NORTH SHIELDS,NORTH SHIELDS,NORTH TYNESIDE,TYNE AND WEAR,Standard,Addition,55.0149000000,-1.4398600000
52500,2003-11-21 00:00:00Z,NE30 2HF,Flats/Maisonettes,New Build,Leasehold,35,,DONKIN TERRACE,NORTH SHIELDS,NORTH SHIELDS,NORTH TYNESIDE,TYNE AND WEAR,Standard,Addition,55.0148040000,-1.4366080000
86000,2003-07-18 00:00:00Z,NE30 2EF,Terraced,Established,Freehold,62,,GREY STREET,NORTH SHIELDS,NORTH SHIELDS,NORTH TYNESIDE,TYNE AND WEAR,Standard,Addition,55.0135010000,-1.4384880000
195000,2003-09-12 00:00:00Z,NE30 1LA,Terraced,New Build,Leasehold,6,,RENAISSANCE POINT,NORTH SHIELDS,NORTH SHIELDS,NORTH TYNESIDE,TYNE AND WEAR,Standard,Addition,55.0101820000,-1.4359380000
295000,2003-12-09 00:00:00Z,NE30 1LA,Flats/Maisonettes,New Build,Leasehold,20,,RENAISSANCE POINT,NORTH SHIELDS,NORTH SHIELDS,NORTH TYNESIDE,TYNE AND WEAR,Standard,Addition,55.0101820000,-1.4359380000
89000,2003-08-29 00:00:00Z,NE30 2HG,Flats/Maisonettes,Established,Leasehold,70,,WASHINGTON TERRACE,NORTH SHIELDS,NORTH SHIELDS,NORTH TYNESIDE,TYNE AND WEAR,Standard,Addition,55.0155050000,-1.4384750000
168000,2003-12-01 00:00:00Z,NE30 1LA,Flats/Maisonettes,Established,Leasehold,18,,RENAISSANCE POINT,,NORTH SHIELDS,NORTH TYNESIDE,TYNE AND WEAR,Standard,Addition,55.0101820000,-1.4359380000
84000,2003-09-11 00:00:00Z,NE30 2EF,Detached,Established,Freehold,57,,GREY STREET,NORTH SHIELDS,NORTH SHIELDS,NORTH TYNESIDE,TYNE AND WEAR,Standard,Addition,55.0135010000,-1.4384880000
265000,2003-12-19 00:00:00Z,NE30 2JR,Terraced,Established,Freehold,1,,MILL GROVE,NORTH SHIELDS,NORTH SHIELDS,NORTH TYNESIDE,TYNE AND WEAR,Standard,Addition,55.0189270000,-1.4342200000
76000,2003-02-28 00:00:00Z,NE30 2HA,Flats/Maisonettes,Established,Leasehold,14,,PARK TERRACE,NORTH SHIELDS,NORTH SHIELDS,NORTH TYNESIDE,TYNE AND WEAR,Standard,Addition,55.0144710000,-1.4364720000
148000,2003-10-06 00:00:00Z,NE30 1LA,Flats/Maisonettes,New Build,Leasehold,10,,RENAISSANCE POINT,NORTH SHIELDS,NORTH SHIELDS,NORTH TYNESIDE,TYNE AND WEAR,Standard,Addition,55.0101820000,-1.4359380000
58950,2003-05-30 00:00:00Z,NE30 2HP,Flats/Maisonettes,Established,Leasehold,12,,ROSEDALE TERRACE,NORTH SHIELDS,NORTH SHIELDS,NORTH TYNESIDE,TYNE AND WEAR,Standard,Addition,55.0149000000,-1.4398600000
59950,2003-07-31 00:00:00Z,NE30 2HP,Semi-Detached,Established,Freehold,22,,ROSEDALE TERRACE,NORTH SHIELDS,NORTH SHIELDS,NORTH TYNESIDE,TYNE AND WEAR,Standard,Addition,55.0149000000,-1.4398600000
92000,2003-06-24 00:00:00Z,NE30 4AD,Flats/Maisonettes,Established,Leasehold,47,,HAZELDENE COURT,NORTH SHIELDS,NORTH SHIELDS,NORTH TYNESIDE,TYNE AND WEAR,Standard,Addition,55.0152980000,-1.4326760000
72000,2003-12-16 00:00:00Z,NE30 2EG,Flats/Maisonettes,Established,Leasehold,98,,GREY STREET,NORTH SHIELDS,NORTH SHIELDS,NORTH TYNESIDE,TYNE AND WEAR,Standard,Addition,55.0137620000,-1.4387030000
131500,2003-12-23 00:00:00Z,NE30 2EU,Terraced,Established,Freehold,13,,PARK AVENUE,NORTH SHIELDS,NORTH SHIELDS,NORTH TYNESIDE,TYNE AND WEAR,Standard,Addition,55.0163080000,-1.4373220000
70000,2003-08-29 00:00:00Z,NE30 2HZ,Flats/Maisonettes,Established,Leasehold,31,,PRINCES STREET,NORTH SHIELDS,NORTH SHIELDS,NORTH TYNESIDE,TYNE AND WEAR,Standard,Addition,55.0141920000,-1.4389950000
69950,2003-06-10 00:00:00Z,NE30 2HG,Flats/Maisonettes,Established,Leasehold,61,,WASHINGTON TERRACE,NORTH SHIELDS,NORTH SHIELDS,NORTH TYNESIDE,TYNE AND WEAR,Standard,Addition,55.0155050000,-1.4384750000
83799,2003-12-18 00:00:00Z,NE30 2HG,Flats/Maisonettes,Established,Freehold,68,,WASHINGTON TERRACE,NORTH SHIELDS,NORTH SHIELDS,NORTH TYNESIDE,TYNE AND WEAR,Standard,Addition,55.0155050000,-1.4384750000
155000,2003-09-19 00:00:00Z,NE30 1LA,Flats/Maisonettes,New Build,Leasehold,11,,RENAISSANCE POINT,NORTH SHIELDS,NORTH SHIELDS,NORTH TYNESIDE,TYNE AND WEAR,Standard,Addition,55.0101820000,-1.4359380000
125000,2003-02-28 00:00:00Z,NE30 2PN,Terraced,Established,Freehold,37,,EDITH STREET,NORTH SHIELDS,NORTH SHIELDS,NORTH TYNESIDE,TYNE AND WEAR,Standard,Addition,55.0190930000,-1.4352350000
39000,2003-03-24 00:00:00Z,NE30 2HE,Flats/Maisonettes,Established,Leasehold,74,,WASHINGTON TERRACE,NORTH SHIELDS,NORTH SHIELDS,NORTH TYNESIDE,TYNE AND WEAR,Standard,Addition,55.0144240000,-1.4380060000
140000,2003-08-15 00:00:00Z,NE30 2EU,Terraced,Established,Freehold,22,,PARK AVENUE,NORTH SHIELDS,NORTH SHIELDS,NORTH TYNESIDE,TYNE AND WEAR,Standard,Addition,55.0163080000,-1.4373220000
95000,2003-09-25 00:00:00Z,NE30 2SA,Flats/Maisonettes,Established,Leasehold,39,,HULNE AVENUE,NORTH SHIELDS,NORTH SHIELDS,NORTH TYNESIDE,TYNE AND WEAR,Standard,Addition,55.0167970000,-1.4308740000
50000,2003-01-31 00:00:00Z,NE30 2EG,Flats/Maisonettes,Established,Leasehold,93,,GREY STREET,NORTH SHIELDS,NORTH SHIELDS,NORTH TYNESIDE,TYNE AND WEAR,Standard,Addition,55.0137620000,-1.4387030000
69950,2003-04-17 00:00:00Z,NE30 2HN,Flats/Maisonettes,Established,Leasehold,49,,PRINCES STREET,NORTH SHIELDS,NORTH SHIELDS,NORTH TYNESIDE,TYNE AND WEAR,Standard,Addition,55.0152640000,-1.4389630000
68500,2003-03-07 00:00:00Z,NE30 2HX,Flats/Maisonettes,Established,Leasehold,68,,COBURG STREET,NORTH SHIELDS,NORTH SHIELDS,NORTH TYNESIDE,TYNE AND WEAR,Standard,Addition,55.0138020000,-1.4394690000
190000,2003-04-03 00:00:00Z,NE30 2HE,Terraced,Established,Freehold,13,,WASHINGTON TERRACE,NORTH SHIELDS,NORTH SHIELDS,NORTH TYNESIDE,TYNE AND WEAR,Standard,Addition,55.0144240000,-1.4380060000
92000,2003-08-21 00:00:00Z,NE30 2HZ,Terraced,Established,Freehold,32,,PRINCES STREET,NORTH SHIELDS,NORTH SHIELDS,NORTH TYNESIDE,TYNE AND WEAR,Standard,Addition,55.0141920000,-1.4389950000
87000,2003-11-17 00:00:00Z,NE30 2HA,Flats/Maisonettes,Established,Leasehold,6,,PARK TERRACE,NORTH SHIELDS,NORTH SHIELDS,NORTH TYNESIDE,TYNE AND WEAR,Standard,Addition,55.0144710000,-1.4364720000
92500,2003-09-26 00:00:00Z,NE30 2RR,Flats/Maisonettes,New Build,Leasehold,9,,BIRTLEY AVENUE,NORTH SHIELDS,NORTH SHIELDS,NORTH TYNESIDE,TYNE AND WEAR,Standard,Addition,55.0178740000,-1.4300590000
84500,2003-03-14 00:00:00Z,NE30 2SA,Flats/Maisonettes,Established,Leasehold,43,,HULNE AVENUE,NORTH SHIELDS,NORTH SHIELDS,NORTH TYNESIDE,TYNE AND WEAR,Standard,Addition,55.0167970000,-1.4308740000
150000,2003-04-24 00:00:00Z,NE30 2SE,Flats/Maisonettes,Established,Leasehold,ST. AIDANS COURT,14,MARINERS LANE,NORTH SHIELDS,NORTH SHIELDS,NORTH TYNESIDE,TYNE AND WEAR,Standard,Addition,55.0177770000,-1.4346250000
195000,2003-08-13 00:00:00Z,NE30 1LA,Terraced,New Build,Leasehold,2,,RENAISSANCE POINT,NORTH SHIELDS,NORTH SHIELDS,NORTH TYNESIDE,TYNE AND WEAR,Standard,Addition,55.0101820000,-1.4359380000
136000,2003-04-07 00:00:00Z,NE30 2SE,Flats/Maisonettes,Established,Leasehold,ST. AIDANS COURT,17,MARINERS LANE,NORTH SHIELDS,NORTH SHIELDS,NORTH TYNESIDE,TYNE AND WEAR,Standard,Addition,55.0177770000,-1.4346250000
56500,2003-06-23 00:00:00Z,NE30 2HX,Flats/Maisonettes,Established,Leasehold,23,,COBURG STREET,NORTH SHIELDS,NORTH SHIELDS,NORTH TYNESIDE,TYNE AND WEAR,Standard,Addition,55.0138020000,-1.4394690000
185000,2003-09-05 00:00:00Z,NE30 1LA,Terraced,New Build,Leasehold,5,,RENAISSANCE POINT,NORTH SHIELDS,NORTH SHIELDS,NORTH TYNESIDE,TYNE AND WEAR,Standard,Addition,55.0101820000,-1.4359380000
71950,2003-04-22 00:00:00Z,NE30 2HP,Flats/Maisonettes,Established,Leasehold,11,,ROSEDALE TERRACE,NORTH SHIELDS,NORTH SHIELDS,NORTH TYNESIDE,TYNE AND WEAR,Standard,Addition,55.0149000000,-1.4398600000
81950,2003-07-31 00:00:00Z,NE30 2HX,Terraced,Established,Freehold,45,,COBURG STREET,NORTH SHIELDS,NORTH SHIELDS,NORTH TYNESIDE,TYNE AND WEAR,Standard,Addition,55.0138020000,-1.4394690000
75000,2003-05-23 00:00:00Z,NE30 2HQ,Flats/Maisonettes,Established,Leasehold,20,,PARK CRESCENT EAST,NORTH SHIELDS,NORTH SHIELDS,NORTH TYNESIDE,TYNE AND WEAR,Standard,Addition,55.0158240000,-1.4376420000
202000,2003-07-11 00:00:00Z,NE30 2PW,Semi-Detached,Established,Freehold,17,,ALGERNON TERRACE,NORTH SHIELDS,NORTH SHIELDS,NORTH TYNESIDE,TYNE AND WEAR,Standard,Addition,55.0190770000,-1.4356100000
58500,2003-07-04 00:00:00Z,NE30 4AD,Flats/Maisonettes,Established,Leasehold,10,,HAZELDENE COURT,NORTH SHIELDS,NORTH SHIELDS,NORTH TYNESIDE,TYNE AND WEAR,Standard,Addition,55.0152980000,-1.4326760000
89000,2003-08-13 00:00:00Z,NE30 4AD,Flats/Maisonettes,Established,Leasehold,73,,HAZELDENE COURT,NORTH SHIELDS,NORTH SHIELDS,NORTH TYNESIDE,TYNE AND WEAR,Standard,Addition,55.0152980000,-1.4326760000
135000,2003-10-13 00:00:00Z,NE30 2HG,Terraced,Established,Freehold,52,,WASHINGTON TERRACE,NORTH SHIELDS,NORTH SHIELDS,NORTH TYNESIDE,TYNE AND WEAR,Standard,Addition,55.0155050000,-1.4384750000
68000,2003-04-04 00:00:00Z,NE30 2HF,Flats/Maisonettes,Established,Leasehold,21,,DONKIN TERRACE,NORTH SHIELDS,NORTH SHIELDS,NORTH TYNESIDE,TYNE AND WEAR,Standard,Addition,55.0148040000,-1.4366080000
160000,2003-12-15 00:00:00Z,NE30 1LA,Flats/Maisonettes,New Build,Leasehold,15,,RENAISSANCE POINT,NORTH SHIELDS,NORTH SHIELDS,NORTH TYNESIDE,TYNE AND WEAR,Standard,Addition,55.0101820000,-1.4359380000
86000,2003-08-29 00:00:00Z,NE30 2EG,Terraced,Established,Freehold,120,,GREY STREET,NORTH SHIELDS,NORTH SHIELDS,NORTH TYNESIDE,TYNE AND WEAR,Standard,Addition,55.0137620000,-1.4387030000
87000,2003-09-17 00:00:00Z,NE30 4AD,Flats/Maisonettes,Established,Leasehold,66,,HAZELDENE COURT,NORTH SHIELDS,NORTH SHIELDS,NORTH TYNESIDE,TYNE AND WEAR,Standard,Addition,55.0152980000,-1.4326760000
76000,2003-08-22 00:00:00Z,NE30 4AF,Terraced,Established,Freehold,18,,RIVER VIEW,NORTH SHIELDS,NORTH SHIELDS,NORTH TYNESIDE,TYNE AND WEAR,Standard,Addition,55.0135260000,-1.4323260000
65000,2003-07-11 00:00:00Z,NE30 1EE,Flats/Maisonettes,Established,Leasehold,54,,TYNEMOUTH ROAD,NORTH SHIELDS,NORTH SHIELDS,NORTH TYNESIDE,TYNE AND WEAR,Standard,Addition,55.0132560000,-1.4383510000
225000,2003-04-01 00:00:00Z,NE30 2HB,Detached,Established,Freehold,2,,WASHINGTON MEWS,,NORTH SHIELDS,NORTH TYNESIDE,TYNE AND WEAR,Standard,Addition,55.0166290000,-1.4390050000
70000,2003-09-17 00:00:00Z,NE30 4AF,Flats/Maisonettes,Established,Leasehold,51,,RIVER VIEW,NORTH SHIELDS,NORTH SHIELDS,NORTH TYNESIDE,TYNE AND WEAR,Standard,Addition,55.0135260000,-1.4323260000
68500,2003-02-24 00:00:00Z,NE30 2HF,Flats/Maisonettes,Established,Leasehold,43,,DONKIN TERRACE,NORTH SHIELDS,NORTH SHIELDS,NORTH TYNESIDE,TYNE AND WEAR,Standard,Addition,55.0148040000,-1.4366080000
189950,2003-03-04 00:00:00Z,NE30 2HH,Terraced,Established,Freehold,5,,KITCHENER TERRACE,NORTH SHIELDS,NORTH SHIELDS,NORTH TYNESIDE,TYNE AND WEAR,Standard,Addition,55.0153440000,-1.4368510000
95000,2003-08-27 00:00:00Z,NE30 4AD,Terraced,Established,Freehold,29,,HAZELDENE COURT,NORTH SHIELDS,NORTH SHIELDS,NORTH TYNESIDE,TYNE AND WEAR,Standard,Addition,55.0152980000,-1.4326760000
84250,2003-07-30 00:00:00Z,NE30 2HF,Flats/Maisonettes,Established,Leasehold,16,,DONKIN TERRACE,NORTH SHIELDS,NORTH SHIELDS,NORTH TYNESIDE,TYNE AND WEAR,Standard,Addition,55.0148040000,-1.4366080000
275000,2003-12-05 00:00:00Z,NE30 1LA,Flats/Maisonettes,New Build,Leasehold,19,,RENAISSANCE POINT,NORTH SHIELDS,NORTH SHIELDS,NORTH TYNESIDE,TYNE AND WEAR,Standard,Addition,55.0101820000,-1.4359380000
210000,2003-07-22 00:00:00Z,NE30 2SH,Terraced,New Build,Freehold,26,,ALBURY PARK ROAD,NORTH SHIELDS,NORTH SHIELDS,NORTH TYNESIDE,TYNE AND WEAR,Standard,Addition,55.0181680000,-1.4315060000
158000,2003-11-24 00:00:00Z,NE30 1LA,Flats/Maisonettes,New Build,Leasehold,17,,RENAISSANCE POINT,NORTH SHIELDS,NORTH SHIELDS,NORTH TYNESIDE,TYNE AND WEAR,Standard,Addition,55.0101820000,-1.4359380000
112000,2003-08-21 00:00:00Z,NE30 2HP,Terraced,Established,Freehold,18,,ROSEDALE TERRACE,NORTH SHIELDS,NORTH SHIELDS,NORTH TYNESIDE,TYNE AND WEAR,Standard,Addition,55.0149000000,-1.4398600000
173500,2003-05-08 00:00:00Z,NE30 2SQ,Terraced,Established,Freehold,20,,BRISLEE AVENUE,NORTH SHIELDS,NORTH SHIELDS,NORTH TYNESIDE,TYNE AND WEAR,Standard,Addition,55.0177910000,-1.4316090000
66000,2003-10-30 00:00:00Z,NE30 2HG,Flats/Maisonettes,Established,Leasehold,31,FLAT 4,WASHINGTON TERRACE,NORTH SHIELDS,NORTH SHIELDS,NORTH TYNESIDE,TYNE AND WEAR,Standard,Addition,55.0155050000,-1.4384750000
125000,2003-04-27 00:00:00Z,NE30 2SB,Terraced,Established,Freehold,7,,SHIPLEY ROAD,NORTH SHIELDS,NORTH SHIELDS,NORTH TYNESIDE,TYNE AND WEAR,Standard,Addition,55.0171760000,-1.4306010000
65850,2003-02-16 00:00:00Z,NE30 2EY,Flats/Maisonettes,Established,Freehold,40,,PARK TERRACE,NORTH SHIELDS,NORTH SHIELDS,NORTH TYNESIDE,TYNE AND WEAR,Standard,Addition,55.0156000000,-1.4360950000
78000,2003-12-18 00:00:00Z,NE30 2HN,Flats/Maisonettes,Established,Leasehold,69,,PRINCES STREET,NORTH SHIELDS,NORTH SHIELDS,NORTH TYNESIDE,TYNE AND WEAR,Standard,Addition,55.0152640000,-1.4389630000
139000,2003-07-04 00:00:00Z,NE30 2PW,Semi-Detached,Established,Freehold,16,,ALGERNON TERRACE,NORTH SHIELDS,NORTH SHIELDS,NORTH TYNESIDE,TYNE AND WEAR,Standard,Addition,55.0190770000,-1.4356100000
215000,2003-12-19 00:00:00Z,NE30 1LA,Terraced,New Build,Leasehold,24,,RENAISSANCE POINT,NORTH SHIELDS,NORTH SHIELDS,NORTH TYNESIDE,TYNE AND WEAR,Standard,Addition,55.0101820000,-1.4359380000
50000,2003-01-21 00:00:00Z,NE30 2HA,Flats/Maisonettes,Established,Leasehold,22,,PARK TERRACE,NORTH SHIELDS,NORTH SHIELDS,NORTH TYNESIDE,TYNE AND WEAR,Standard,Addition,55.0144710000,-1.4364720000
182000,2003-05-09 00:00:00Z,NE30 2HG,Terraced,Established,Freehold,30,,WASHINGTON TERRACE,NORTH SHIELDS,NORTH SHIELDS,NORTH TYNESIDE,TYNE AND WEAR,Standard,Addition,55.0155050000,-1.4384750000
79000,2003-05-02 00:00:00Z,NE30 2HA,Flats/Maisonettes,Established,Leasehold,26,,PARK TERRACE,NORTH SHIELDS,NORTH SHIELDS,NORTH TYNESIDE,TYNE AND WEAR,Standard,Addition,55.0144710000,-1.4364720000
69950,2003-12-15 00:00:00Z,NE30 2HL,Flats/Maisonettes,Established,Leasehold,91,,PARK CRESCENT,NORTH SHIELDS,NORTH SHIELDS,NORTH TYNESIDE,TYNE AND WEAR,Standard,Addition,55.0158600000,-1.4395340000
75000,2003-05-23 00:00:00Z,NE30 2HQ,Flats/Maisonettes,Established,Freehold,18,,PARK CRESCENT EAST,NORTH SHIELDS,NORTH SHIELDS,NORTH TYNESIDE,TYNE AND WEAR,Standard,Addition,55.0158240000,-1.4376420000
77500,2003-04-11 00:00:00Z,NE30 2HF,Flats/Maisonettes,Established,Leasehold,3,,DONKIN TERRACE,NORTH SHIELDS,NORTH SHIELDS,NORTH TYNESIDE,TYNE AND WEAR,Standard,Addition,55.0148040000,-1.4366080000
134000,2003-10-17 00:00:00Z,NE30 4AD,Terraced,Established,Freehold,56,,HAZELDENE COURT,NORTH SHIELDS,NORTH SHIELDS,NORTH TYNESIDE,TYNE AND WEAR,Standard,Addition,55.0152980000,-1.4326760000
83799,2003-12-18 00:00:00Z,NE30 2HG,Flats/Maisonettes,Established,Leasehold,67,,WASHINGTON TERRACE,NORTH SHIELDS,NORTH SHIELDS,NORTH TYNESIDE,TYNE AND WEAR,Standard,Addition,55.0155050000,-1.4384750000
105000,2003-07-18 00:00:00Z,NE30 4AD,Semi-Detached,Established,Freehold,7,,HAZELDENE COURT,NORTH SHIELDS,NORTH SHIELDS,NORTH TYNESIDE,TYNE AND WEAR,Standard,Addition,55.0152980000,-1.4326760000
189000,2003-12-23 00:00:00Z,NE30 2SQ,Semi-Detached,Established,Freehold,10,,BRISLEE AVENUE,NORTH SHIELDS,NORTH SHIELDS,NORTH TYNESIDE,TYNE AND WEAR,Standard,Addition,55.0177910000,-1.4316090000
173000,2003-12-19 00:00:00Z,NE30 1LA,Flats/Maisonettes,Established,Leasehold,10,,RENAISSANCE POINT,NORTH SHIELDS,NORTH SHIELDS,NORTH TYNESIDE,TYNE AND WEAR,Standard,Addition,55.0101820000,-1.4359380000
55000,2003-11-21 00:00:00Z,NE30 2HX,Flats/Maisonettes,Established,Leasehold,22,,COBURG STREET,NORTH SHIELDS,NORTH SHIELDS,NORTH TYNESIDE,TYNE AND WEAR,Standard,Addition,55.0138020000,-1.4394690000
84250,2003-07-30 00:00:00Z,NE30 2HF,Flats/Maisonettes,Established,Freehold,14,,DONKIN TERRACE,NORTH SHIELDS,NORTH SHIELDS,NORTH TYNESIDE,TYNE AND WEAR,Standard,Addition,55.0148040000,-1.4366080000
106000,2003-12-19 00:00:00Z,NE30 2HY,Semi-Detached,Established,Freehold,58,,JACKSON STREET,NORTH SHIELDS,NORTH SHIELDS,NORTH TYNESIDE,TYNE AND WEAR,Standard,Addition,55.0147450000,-1.4393620000
112000,2003-07-24 00:00:00Z,NE30 2HA,Terraced,Established,Freehold,32A,,PARK TERRACE,NORTH SHIELDS,NORTH SHIELDS,NORTH TYNESIDE,TYNE AND WEAR,Standard,Addition,55.0144710000,-1.4364720000
128000,2003-03-21 00:00:00Z,NE30 2SE,Flats/Maisonettes,Established,Leasehold,ST. AIDANS COURT,23,MARINERS LANE,NORTH SHIELDS,NORTH SHIELDS,NEWCASTLE UPON TYNE,TYNE AND WEAR,Standard,Addition,55.0177770000,-1.4346250000
120000,2003-08-07 00:00:00Z,NE30 2HL,Terraced,Established,Freehold,50,,PARK CRESCENT,NORTH SHIELDS,NORTH SHIELDS,NORTH TYNESIDE,TYNE AND WEAR,Standard,Addition,55.0158600000,-1.4395340000
175000,2003-12-01 00:00:00Z,NE30 1LA,Flats/Maisonettes,New Build,Leasehold,16,,RENAISSANCE POINT,NORTH SHIELDS,NORTH SHIELDS,NORTH TYNESIDE,TYNE AND WEAR,Standard,Addition,55.0101820000,-1.4359380000
69950,2003-12-15 00:00:00Z,NE30 2HL,Flats/Maisonettes,Established,Freehold,91A,,PARK CRESCENT,NORTH SHIELDS,NORTH SHIELDS,NORTH TYNESIDE,TYNE AND WEAR,Standard,Addition,55.0158600000,-1.4395340000
230000,2003-10-08 00:00:00Z,NE30 1LA,Flats/Maisonettes,Established,Leasehold,12,,RENAISSANCE POINT,NORTH SHIELDS,NORTH SHIELDS,NORTH TYNESIDE,TYNE AND WEAR,Standard,Addition,55.0101820000,-1.4359380000
37500,2003-08-15 00:00:00Z,NE30 2PL,Terraced,Established,Leasehold,4,,LIVINGSTONE VIEW,,NORTH SHIELDS,NORTH TYNESIDE,TYNE AND WEAR,Standard,Addition,55.0182650000,-1.4349650000
50000,2003-07-21 00:00:00Z,NE30 2PL,Terraced,Established,Freehold,2A,,LIVINGSTONE VIEW,,NORTH SHIELDS,NORTH TYNESIDE,TYNE AND WEAR,Standard,Addition,55.0182650000,-1.4349650000
185000,2003-03-13 00:00:00Z,NE30 2SG,Terraced,Established,Freehold,11,,DENWICK TERRACE,NORTH SHIELDS,NORTH SHIELDS,NORTH TYNESIDE,TYNE AND WEAR,Standard,Addition,55.0178610000,-1.4312010000
69500,2003-05-01 00:00:00Z,NE30 2SA,Flats/Maisonettes,Established,Freehold,33,,HULNE AVENUE,NORTH SHIELDS,NORTH SHIELDS,NORTH TYNESIDE,TYNE AND WEAR,Standard,Addition,55.0167970000,-1.4308740000
67000,2003-01-10 00:00:00Z,NE30 2EG,Flats/Maisonettes,Established,Leasehold,96,,GREY STREET,NORTH SHIELDS,NORTH SHIELDS,NORTH TYNESIDE,TYNE AND WEAR,Standard,Addition,55.0137620000,-1.4387030000
84500,2003-06-20 00:00:00Z,NE30 2HF,Flats/Maisonettes,Established,Leasehold,20,,DONKIN TERRACE,NORTH SHIELDS,NORTH SHIELDS,NORTH TYNESIDE,TYNE AND WEAR,Standard,Addition,55.0148040000,-1.4366080000
275000,2003-10-27 00:00:00Z,NE30 1LA,Flats/Maisonettes,New Build,Leasehold,14,,RENAISSANCE POINT,NORTH SHIELDS,NORTH SHIELDS,NORTH TYNESIDE,TYNE AND WEAR,Standard,Addition,55.0101820000,-1.4359380000
138000,2003-09-12 00:00:00Z,NE30 2EU,Terraced,Established,Freehold,8,,PARK AVENUE,NORTH SHIELDS,NORTH SHIELDS,NORTH TYNESIDE,TYNE AND WEAR,Standard,Addition,55.0163080000,-1.4373220000
14050,2003-06-02 00:00:00Z,NE30 4AF,Semi-Detached,Established,Leasehold,30,,RIVER VIEW,NORTH SHIELDS,NORTH SHIELDS,NORTH TYNESIDE,TYNE AND WEAR,Standard,Addition,55.0135260000,-1.4323260000
209000,2003-07-31 00:00:00Z,NE30 1LA,Terraced,New Build,Leasehold,1,,RENAISSANCE POINT,NORTH SHIELDS,NORTH SHIELDS,NORTH TYNESIDE,TYNE AND WEAR,Standard,Addition,55.0101820000,-1.4359380000
85000,2003-07-17 00:00:00Z,NE30 2HZ,Flats/Maisonettes,Established,Freehold,8,,PRINCES STREET,NORTH SHIELDS,NORTH SHIELDS,NORTH TYNESIDE,TYNE AND WEAR,Standard,Addition,55.0141920000,-1.4389950000
122000,2003-11-14 00:00:00Z,NE30 2SA,Flats/Maisonettes,Established,Leasehold,30,,HULNE AVENUE,NORTH SHIELDS,NORTH SHIELDS,NORTH TYNESIDE,TYNE AND WEAR,Standard,Addition,55.0167970000,-1.4308740000
120000,2003-10-30 00:00:00Z,NE30 2HL,Terraced,Established,Freehold,52,,PARK CRESCENT,NORTH SHIELDS,NORTH SHIELDS,NORTH TYNESIDE,TYNE AND WEAR,Standard,Addition,55.0158600000,-1.4395340000
75000,2003-04-07 00:00:00Z,NE30 2HF,Terraced,Established,Freehold,10,,DONKIN TERRACE,NORTH SHIELDS,NORTH SHIELDS,NORTH TYNESIDE,TYNE AND WEAR,Standard,Addition,55.0148040000,-1.4366080000
220000,2003-11-04 00:00:00Z,NE30 1LA,Detached,New Build,Leasehold,7,,RENAISSANCE POINT,NORTH SHIELDS,NORTH SHIELDS,NORTH TYNESIDE,TYNE AND WEAR,Standard,Addition,55.0101820000,-1.4359380000
91010,2003-11-24 00:00:00Z,NE30 4AD,Flats/Maisonettes,Established,Leasehold,71,,HAZELDENE COURT,NORTH SHIELDS,NORTH SHIELDS,NORTH TYNESIDE,TYNE AND WEAR,Standard,Addition,55.0152980000,-1.4326760000
69950,2003-04-17 00:00:00Z,NE30 2HN,Flats/Maisonettes,Established,Freehold,47,,PRINCES STREET,NORTH SHIELDS,NORTH SHIELDS,NORTH TYNESIDE,TYNE AND WEAR,Standard,Addition,55.0152640000,-1.4389630000
85995,2003-09-26 00:00:00Z,NE30 4AD,Flats/Maisonettes,Established,Leasehold,63,,HAZELDENE COURT,NORTH SHIELDS,NORTH SHIELDS,NORTH TYNESIDE,TYNE AND WEAR,Standard,Addition,55.0152980000,-1.4326760000
81000,2003-02-26 00:00:00Z,NE30 2HF,Flats/Maisonettes,Established,Freehold,9,,DONKIN TERRACE,NORTH SHIELDS,NORTH SHIELDS,NORTH TYNESIDE,TYNE AND WEAR,Standard,Addition,55.0148040000,-1.4366080000
210000,2003-05-30 00:00:00Z,NE30 2SJ,Semi-Detached,Established,Freehold,55,,MARINERS LANE,NORTH SHIELDS,NORTH SHIELDS,NORTH TYNESIDE,TYNE AND WEAR,Standard,Addition,55.0179880000,-1.4332640000
81000,2003-02-26 00:00:00Z,NE30 2HF,Flats/Maisonettes,Established,Leasehold,7,,DONKIN TERRACE,NORTH SHIELDS,NORTH SHIELDS,NORTH TYNESIDE,TYNE AND WEAR,Standard,Addition,55.0148040000,-1.4366080000
92000,2003-04-22 00:00:00Z,NE30 2HP,Terraced,Established,Freehold,21,,ROSEDALE TERRACE,NORTH SHIELDS,NORTH SHIELDS,NORTH TYNESIDE,TYNE AND WEAR,Standard,Addition,55.0149000000,-1.4398600000
215000,2003-10-17 00:00:00Z,NE30 1LA,Terraced,Established,Leasehold,25,,RENAISSANCE POINT,NORTH SHIELDS,NORTH SHIELDS,NORTH TYNESIDE,TYNE AND WEAR,Standard,Addition,55.0101820000,-1.4359380000
40000,2003-06-27 00:00:00Z,NE30 2HA,Flats/Maisonettes,Established,Leasehold,23,,PARK TERRACE,NORTH SHIELDS,NORTH SHIELDS,NORTH TYNESIDE,TYNE AND WEAR,Standard,Addition,55.0144710000,-1.4364720000
82500,2003-10-31 00:00:00Z,NE30 2HL,Flats/Maisonettes,Established,Leasehold,69,,PARK CRESCENT,NORTH SHIELDS,NORTH SHIELDS,NORTH TYNESIDE,TYNE AND WEAR,Standard,Addition,55.0158600000,-1.4395340000
87000,2003-11-17 00:00:00Z,NE30 2HA,Semi-Detached,Established,Freehold,7,,PARK TERRACE,NORTH SHIELDS,NORTH SHIELDS,NORTH TYNESIDE,TYNE AND WEAR,Standard,Addition,55.0144710000,-1.4364720000
185000,2003-08-15 00:00:00Z,NE30 1LA,Terraced,New Build,Leasehold,4,,RENAISSANCE POINT,NORTH SHIELDS,NORTH SHIELDS,NORTH TYNESIDE,TYNE AND WEAR,Standard,Addition,55.0101820000,-1.4359380000
78950,2003-09-11 00:00:00Z,NE30 2HH,Flats/Maisonettes,Established,Freehold,15,,KITCHENER TERRACE,NORTH SHIELDS,NORTH SHIELDS,NORTH TYNESIDE,TYNE AND WEAR,Standard,Addition,55.0153440000,-1.4368510000
78950,2003-09-11 00:00:00Z,NE30 2HH,Flats/Maisonettes,Established,Leasehold,13,,KITCHENER TERRACE,NORTH SHIELDS,NORTH SHIELDS,NORTH TYNESIDE,TYNE AND WEAR,Standard,Addition,55.0153440000,-1.4368510000
50000,2003-01-31 00:00:00Z,NE30 2EG,Terraced,Established,Freehold,120,,GREY STREET,NORTH SHIELDS,NORTH SHIELDS,NORTH TYNESIDE,TYNE AND WEAR,Standard,Addition,55.0137620000,-1.4387030000
56500,2003-06-23 00:00:00Z,NE30 2HX,Flats/Maisonettes,Established,Freehold,21,,COBURG STREET,NORTH SHIELDS,NORTH SHIELDS,NORTH TYNESIDE,TYNE AND WEAR,Standard,Addition,55.0138020000,-1.4394690000
86500,2003-03-07 00:00:00Z,NE30 2SA,Flats/Maisonettes,Established,Leasehold,31,,HULNE AVENUE,NORTH SHIELDS,NORTH SHIELDS,NORTH TYNESIDE,TYNE AND WEAR,Standard,Addition,55.0167970000,-1.4308740000
121500,2003-01-24 00:00:00Z,NE30 2HQ,Terraced,Established,Freehold,40,,PARK CRESCENT EAST,NORTH SHIELDS,NORTH SHIELDS,NORTH TYNESIDE,TYNE AND WEAR,Standard,Addition,55.0158240000,-1.4376420000
84500,2003-07-21 00:00:00Z,NE30 4AD,Flats/Maisonettes,Established,Leasehold,24,,HAZELDENE COURT,NORTH SHIELDS,NORTH SHIELDS,NORTH TYNESIDE,TYNE AND WEAR,Standard,Addition,55.0152980000,-1.4326760000
175000,2003-08-14 00:00:00Z,NE30 1LA,Terraced,New Build,Leasehold,3,,RENAISSANCE POINT,NORTH SHIELDS,NORTH SHIELDS,NORTH TYNESIDE,TYNE AND WEAR,Standard,Addition,55.0101820000,-1.4359380000
68500,2003-02-24 00:00:00Z,NE30 2HF,Flats/Maisonettes,Established,Freehold,45,,DONKIN TERRACE,NORTH SHIELDS,NORTH SHIELDS,NORTH TYNESIDE,TYNE AND WEAR,Standard,Addition,55.0148040000,-1.4366080000
140000,2004-02-13 00:00:00Z,NE30 1LA,Flats/Maisonettes,New Build,Leasehold,35,,RENAISSANCE POINT,NORTH SHIELDS,NORTH SHIELDS,NORTH TYNESIDE,TYNE AND WEAR,Standard,Addition,55.0101820000,-1.4359380000
118000,2004-04-30 00:00:00Z,NE30 2SA,Flats/Maisonettes,Established,Leasehold,29,,HULNE AVENUE,NORTH SHIELDS,NORTH SHIELDS,NORTH TYNESIDE,TYNE AND WEAR,Standard,Addition,55.0167970000,-1.4308740000
80000,2004-05-24 00:00:00Z,NE30 1EE,Semi-Detached,Established,Freehold,80,,TYNEMOUTH ROAD,NORTH SHIELDS,NORTH SHIELDS,NORTH TYNESIDE,TYNE AND WEAR,Standard,Addition,55.0132560000,-1.4383510000
92500,2004-02-23 00:00:00Z,NE30 2PN,Detached,Established,Freehold,49,,EDITH STREET,NORTH SHIELDS,NORTH SHIELDS,NORTH TYNESIDE,TYNE AND WEAR,Standard,Addition,55.0190930000,-1.4352350000
87500,2004-04-05 00:00:00Z,NE30 2HF,Terraced,Established,Freehold,10,,DONKIN TERRACE,NORTH SHIELDS,NORTH SHIELDS,NORTH TYNESIDE,TYNE AND WEAR,Standard,Addition,55.0148040000,-1.4366080000
179950,2004-08-06 00:00:00Z,NE30 1LA,Detached,Established,Leasehold,15,,RENAISSANCE POINT,NORTH SHIELDS,NORTH SHIELDS,NORTH TYNESIDE,TYNE AND WEAR,Standard,Addition,55.0101820000,-1.4359380000
125000,2004-07-09 00:00:00Z,NE30 2HX,Terraced,Established,Freehold,69,,COBURG STREET,NORTH SHIELDS,NORTH SHIELDS,NORTH TYNESIDE,TYNE AND WEAR,Standard,Addition,55.0138020000,-1.4394690000
99950,2004-07-09 00:00:00Z,NE30 2HH,Flats/Maisonettes,Established,Leasehold,19,,KITCHENER TERRACE,NORTH SHIELDS,NORTH SHIELDS,NORTH TYNESIDE,TYNE AND WEAR,Standard,Addition,55.0153440000,-1.4368510000
130000,2004-01-23 00:00:00Z,NE30 1LA,Flats/Maisonettes,Established,Leasehold,27,,RENAISSANCE POINT,NORTH SHIELDS,NORTH SHIELDS,NORTH TYNESIDE,TYNE AND WEAR,Standard,Addition,55.0101820000,-1.4359380000
249950,2004-09-06 00:00:00Z,NE30 2JP,Detached,Established,Freehold,16,,MILL GROVE,NORTH SHIELDS,NORTH SHIELDS,NORTH TYNESIDE,TYNE AND WEAR,Standard,Addition,55.0194850000,-1.4345410000
105000,2004-04-14 00:00:00Z,NE30 4AD,Flats/Maisonettes,Established,Leasehold,40,,HAZELDENE COURT,NORTH SHIELDS,NORTH SHIELDS,NORTH TYNESIDE,TYNE AND WEAR,Standard,Addition,55.0152980000,-1.4326760000
124950,2004-04-07 00:00:00Z,NE30 2SA,Flats/Maisonettes,Established,Freehold,29,,HULNE AVENUE,NORTH SHIELDS,NORTH SHIELDS,NORTH TYNESIDE,TYNE AND WEAR,Standard,Addition,55.0167970000,-1.4308740000
151350,2004-07-09 00:00:00Z,NE30 1LA,Terraced,Established,Leasehold,29,,RENAISSANCE POINT,NORTH SHIELDS,NORTH SHIELDS,NORTH TYNESIDE,TYNE AND WEAR,Standard,Addition,55.0101820000,-1.4359380000
175000,2004-05-28 00:00:00Z,NE30 2RU,Terraced,Established,Freehold,31,,MARINERS LANE,NORTH SHIELDS,NORTH SHIELDS,NORTH TYNESIDE,TYNE AND WEAR,Standard,Addition,55.0163880000,-1.4313940000
140000,2004-02-06 00:00:00Z,NE30 1LA,Flats/Maisonettes,New Build,Leasehold,34,,RENAISSANCE POINT,NORTH SHIELDS,NORTH SHIELDS,NORTH TYNESIDE,TYNE AND WEAR,Standard,Addition,55.0101820000,-1.4359380000
220000,2004-04-08 00:00:00Z,NE30 1LA,Terraced,New Build,Leasehold,22,,RENAISSANCE POINT,NORTH SHIELDS,NORTH SHIELDS,NORTH TYNESIDE,TYNE AND WEAR,Standard,Addition,55.0101820000,-1.4359380000
240000,2004-07-22 00:00:00Z,NE30 2JR,Terraced,Established,Freehold,7,,MILL GROVE,NORTH SHIELDS,NORTH SHIELDS,NORTH TYNESIDE,TYNE AND WEAR,Standard,Addition,55.0189270000,-1.4342200000
115000,2004-11-19 00:00:00Z,NE30 2HQ,Flats/Maisonettes,New Build,Leasehold,10,,PARK CRESCENT EAST,NORTH SHIELDS,NORTH SHIELDS,NORTH TYNESIDE,TYNE AND WEAR,Standard,Addition,55.0158240000,-1.4376420000
105500,2004-08-27 00:00:00Z,NE30 2HH,Flats/Maisonettes,Established,Freehold,31,,KITCHENER TERRACE,NORTH SHIELDS,NORTH SHIELDS,NORTH TYNESIDE,TYNE AND WEAR,Standard,Addition,55.0153440000,-1.4368510000
96000,2004-11-24 00:00:00Z,NE30 2HQ,Flats/Maisonettes,Established,Leasehold,8,,PARK CRESCENT EAST,NORTH SHIELDS,NORTH SHIELDS,NORTH TYNESIDE,TYNE AND WEAR,Standard,Addition,55.0158240000,-1.4376420000
91000,2004-01-09 00:00:00Z,NE30 4AD,Flats/Maisonettes,Established,Leasehold,69,,HAZELDENE COURT,NORTH SHIELDS,NORTH SHIELDS,NORTH TYNESIDE,TYNE AND WEAR,Standard,Addition,55.0152980000,-1.4326760000
400000,2004-09-29 00:00:00Z,NE30 2RP,Semi-Detached,Established,Freehold,20,,KING EDWARD ROAD,NORTH SHIELDS,NORTH SHIELDS,NORTH TYNESIDE,TYNE AND WEAR,Standard,Addition,55.0186570000,-1.4321910000
109999,2004-09-17 00:00:00Z,NE30 2HH,Flats/Maisonettes,Established,Leasehold,55,,KITCHENER TERRACE,NORTH SHIELDS,NORTH SHIELDS,NORTH TYNESIDE,TYNE AND WEAR,Standard,Addition,55.0153440000,-1.4368510000
182500,2004-07-16 00:00:00Z,NE30 2SB,Semi-Detached,Established,Freehold,6,,SHIPLEY ROAD,NORTH SHIELDS,NORTH SHIELDS,NORTH TYNESIDE,TYNE AND WEAR,Standard,Addition,55.0171760000,-1.4306010000
102000,2004-03-08 00:00:00Z,NE30 2HA,Flats/Maisonettes,Established,Leasehold,24,,PARK TERRACE,NORTH SHIELDS,NORTH SHIELDS,NORTH TYNESIDE,TYNE AND WEAR,Standard,Addition,55.0144710000,-1.4364720000
105000,2004-08-27 00:00:00Z,NE30 2HH,Flats/Maisonettes,Established,Leasehold,47,,KITCHENER TERRACE,NORTH SHIELDS,NORTH SHIELDS,NORTH TYNESIDE,TYNE AND WEAR,Standard,Addition,55.0153440000,-1.4368510000
178000,2004-08-24 00:00:00Z,NE30 1LA,Flats/Maisonettes,New Build,Leasehold,9,,RENAISSANCE POINT,,NORTH SHIELDS,NORTH TYNESIDE,TYNE AND WEAR,Standard,Addition,55.0101820000,-1.4359380000
178000,2004-04-22 00:00:00Z,NE30 2RT,Terraced,Established,Freehold,1,,HORSLEY TERRACE,NORTH SHIELDS,NORTH SHIELDS,NORTH TYNESIDE,TYNE AND WEAR,Standard,Addition,55.0158700000,-1.4301500000
135000,2004-01-29 00:00:00Z,NE30 1LA,Flats/Maisonettes,New Build,Leasehold,32,,RENAISSANCE POINT,NORTH SHIELDS,NORTH SHIELDS,NORTH TYNESIDE,TYNE AND WEAR,Standard,Addition,55.0101820000,-1.4359380000
135000,2004-01-23 00:00:00Z,NE30 1LA,Flats/Maisonettes,New Build,Leasehold,30,,RENAISSANCE POINT,NORTH SHIELDS,NORTH SHIELDS,NORTH TYNESIDE,TYNE AND WEAR,Standard,Addition,55.0101820000,-1.4359380000
195000,2004-08-12 00:00:00Z,NE30 2HH,Terraced,Established,Freehold,5,,KITCHENER TERRACE,NORTH SHIELDS,NORTH SHIELDS,NORTH TYNESIDE,TYNE AND WEAR,Standard,Addition,55.0153440000,-1.4368510000
169400,2004-09-08 00:00:00Z,NE30 2SB,Terraced,Established,Freehold,7,,SHIPLEY ROAD,NORTH SHIELDS,NORTH SHIELDS,NORTH TYNESIDE,TYNE AND WEAR,Standard,Addition,55.0171760000,-1.4306010000
85000,2004-08-06 00:00:00Z,NE30 4AF,Flats/Maisonettes,Established,Leasehold,51,,RIVER VIEW,NORTH SHIELDS,NORTH SHIELDS,NORTH TYNESIDE,TYNE AND WEAR,Standard,Addition,55.0135260000,-1.4323260000
112500,2004-11-19 00:00:00Z,NE30 4AD,Flats/Maisonettes,Established,Leasehold,72,,HAZELDENE COURT,NORTH SHIELDS,NORTH SHIELDS,NORTH TYNESIDE,TYNE AND WEAR,Standard,Addition,55.0152980000,-1.4326760000
105000,2004-08-27 00:00:00Z,NE30 2HH,Flats/Maisonettes,Established,Freehold,45,,KITCHENER TERRACE,NORTH SHIELDS,NORTH SHIELDS,NORTH TYNESIDE,TYNE AND WEAR,Standard,Addition,55.0153440000,-1.4368510000
137000,2004-01-22 00:00:00Z,NE30 1LA,Flats/Maisonettes,New Build,Leasehold,29,,RENAISSANCE POINT,NORTH SHIELDS,NORTH SHIELDS,NORTH TYNESIDE,TYNE AND WEAR,Standard,Addition,55.0101820000,-1.4359380000
170000,2004-05-07 00:00:00Z,NE30 2SG,Terraced,Established,Freehold,15,,DENWICK TERRACE,NORTH SHIELDS,NORTH SHIELDS,NORTH TYNESIDE,TYNE AND WEAR,Standard,Addition,55.0178610000,-1.4312010000
50000,2004-09-06 00:00:00Z,NE30 2EG,Flats/Maisonettes,Established,Leasehold,113,,GREY STREET,NORTH SHIELDS,NORTH SHIELDS,NORTH TYNESIDE,TYNE AND WEAR,Standard,Addition,55.0137620000,-1.4387030000
249950,2004-06-01 00:00:00Z,NE30 1LA,Terraced,Established,Leasehold,6,,RENAISSANCE POINT,NORTH SHIELDS,NORTH SHIELDS,NORTH TYNESIDE,TYNE AND WEAR,Standard,Addition,55.0101820000,-1.4359380000
135000,2004-01-19 00:00:00Z,NE30 1LA,Flats/Maisonettes,New Build,Leasehold,28,,RENAISSANCE POINT,NORTH SHIELDS,NORTH SHIELDS,NORTH TYNESIDE,TYNE AND WEAR,Standard,Addition,55.0101820000,-1.4359380000
107000,2004-08-09 00:00:00Z,NE30 4AD,Flats/Maisonettes,Established,Leasehold,19,,HAZELDENE COURT,NORTH SHIELDS,NORTH SHIELDS,NORTH TYNESIDE,TYNE AND WEAR,Standard,Addition,55.0152980000,-1.4326760000
227000,2004-09-01 00:00:00Z,NE30 2SQ,Terraced,Established,Freehold,13,,BRISLEE AVENUE,NORTH SHIELDS,NORTH SHIELDS,NORTH TYNESIDE,TYNE AND WEAR,Standard,Addition,55.0177910000,-1.4316090000
81000,2004-02-20 00:00:00Z,NE30 2HE,Terraced,Established,Freehold,79,,WASHINGTON TERRACE,NORTH SHIELDS,NORTH SHIELDS,NORTH TYNESIDE,TYNE AND WEAR,Standard,Addition,55.0144240000,-1.4380060000
107000,2004-05-28 00:00:00Z,NE30 4AD,Flats/Maisonettes,Established,Leasehold,46,,HAZELDENE COURT,NORTH SHIELDS,NORTH SHIELDS,NORTH TYNESIDE,TYNE AND WEAR,Standard,Addition,55.0152980000,-1.4326760000
120000,2004-06-18 00:00:00Z,NE30 2HY,Terraced,Established,Freehold,79,,JACKSON STREET,NORTH SHIELDS,NORTH SHIELDS,NORTH TYNESIDE,TYNE AND WEAR,Standard,Addition,55.0147450000,-1.4393620000
123000,2004-07-02 00:00:00Z,NE30 2SA,Flats/Maisonettes,Established,Leasehold,38,,HULNE AVENUE,NORTH SHIELDS,NORTH SHIELDS,NORTH TYNESIDE,TYNE AND WEAR,Standard,Addition,55.0167970000,-1.4308740000
232500,2004-06-25 00:00:00Z,NE30 2HE,Terraced,Established,Freehold,13,,WASHINGTON TERRACE,NORTH SHIELDS,NORTH SHIELDS,NORTH TYNESIDE,TYNE AND WEAR,Standard,Addition,55.0144240000,-1.4380060000
84000,2004-06-03 00:00:00Z,NE30 2EG,Flats/Maisonettes,Established,Leasehold,93,,GREY STREET,NORTH SHIELDS,NORTH SHIELDS,NORTH TYNESIDE,TYNE AND WEAR,Standard,Addition,55.0137620000,-1.4387030000
130000,2004-02-10 00:00:00Z,NE30 1LA,Flats/Maisonettes,New Build,Leasehold,26,,RENAISSANCE POINT,NORTH SHIELDS,NORTH SHIELDS,NORTH TYNESIDE,TYNE AND WEAR,Standard,Addition,55.0101820000,-1.4359380000
179000,2004-09-17 00:00:00Z,NE30 2SG,Semi-Detached,Established,Freehold,6,,DENWICK TERRACE,NORTH SHIELDS,NORTH SHIELDS,NORTH TYNESIDE,TYNE AND WEAR,Standard,Addition,55.0178610000,-1.4312010000
145000,2004-11-24 00:00:00Z,NE30 2HQ,Terraced,Established,Freehold,5,,PARK CRESCENT EAST,NORTH SHIELDS,NORTH SHIELDS,NORTH TYNESIDE,TYNE AND WEAR,Standard,Addition,55.0158240000,-1.4376420000
67000,2004-04-07 00:00:00Z,NE30 2RT,Terraced,Established,Freehold,1,,HORSLEY TERRACE,NORTH SHIELDS,NORTH SHIELDS,NORTH TYNESIDE,TYNE AND WEAR,Standard,Addition,55.0158700000,-1.4301500000
260000,2004-08-04 00:00:00Z,NE30 2RT,Terraced,Established,Freehold,8,,HORSLEY TERRACE,NORTH SHIELDS,NORTH SHIELDS,NORTH TYNESIDE,TYNE AND WEAR,Standard,Addition,55.0158700000,-1.4301500000
137000,2004-01-23 00:00:00Z,NE30 1LA,Flats/Maisonettes,New Build,Leasehold,31,,RENAISSANCE POINT,NORTH SHIELDS,NORTH SHIELDS,NORTH TYNESIDE,TYNE AND WEAR,Standard,Addition,55.0101820000,-1.4359380000
182000,2004-08-27 00:00:00Z,NE30 1LA,Flats/Maisonettes,Established,Leasehold,17,,RENAISSANCE POINT,NORTH SHIELDS,NORTH SHIELDS,NORTH TYNESIDE,TYNE AND WEAR,Standard,Addition,55.0101820000,-1.4359380000
145000,2004-02-20 00:00:00Z,NE30 1LA,Flats/Maisonettes,New Build,Leasehold,37,,RENAISSANCE POINT,NORTH SHIELDS,NORTH SHIELDS,NORTH TYNESIDE,TYNE AND WEAR,Standard,Addition,55.0101820000,-1.4359380000
96000,2004-10-18 00:00:00Z,NE30 2HF,Flats/Maisonettes,Established,Leasehold,39,,DONKIN TERRACE,NORTH SHIELDS,NORTH SHIELDS,NORTH TYNESIDE,TYNE AND WEAR,Standard,Addition,55.0148040000,-1.4366080000
105277,2004-08-20 00:00:00Z,NE30 2HQ,Flats/Maisonettes,Established,Leasehold,15,,PARK CRESCENT EAST,NORTH SHIELDS,NORTH SHIELDS,NORTH TYNESIDE,TYNE AND WEAR,Standard,Addition,55.0158240000,-1.4376420000
120000,2004-03-26 00:00:00Z,NE30 2HX,Terraced,Established,Freehold,29,,COBURG STREET,NORTH SHIELDS,NORTH SHIELDS,NORTH TYNESIDE,TYNE AND WEAR,Standard,Addition,55.0138020000,-1.4394690000
89950,2004-07-08 00:00:00Z,NE30 2HZ,Flats/Maisonettes,Established,Leasehold,29,,PRINCES STREET,NORTH SHIELDS,NORTH SHIELDS,NORTH TYNESIDE,TYNE AND WEAR,Standard,Addition,55.0141920000,-1.4389950000
140000,2004-02-20 00:00:00Z,NE30 1LA,Flats/Maisonettes,New Build,Leasehold,33,,RENAISSANCE POINT,NORTH SHIELDS,NORTH SHIELDS,NORTH TYNESIDE,TYNE AND WEAR,Standard,Addition,55.0101820000,-1.4359380000
140000,2004-07-16 00:00:00Z,NE30 2EU,Terraced,Established,Freehold,5,,PARK AVENUE,NORTH SHIELDS,NORTH SHIELDS,NORTH TYNESIDE,TYNE AND WEAR,Standard,Addition,55.0163080000,-1.4373220000
97000,2004-04-02 00:00:00Z,NE30 2HQ,Flats/Maisonettes,Established,Leasehold,17,,PARK CRESCENT EAST,NORTH SHIELDS,NORTH SHIELDS,NORTH TYNESIDE,TYNE AND WEAR,Standard,Addition,55.0158240000,-1.4376420000
105000,2004-05-21 00:00:00Z,NE30 4AD,Flats/Maisonettes,Established,Leasehold,74,,HAZELDENE COURT,NORTH SHIELDS,NORTH SHIELDS,NORTH TYNESIDE,TYNE AND WEAR,Standard,Addition,55.0152980000,-1.4326760000
75000,2004-08-06 00:00:00Z,NE30 2PL,Terraced,Established,Freehold,2A,,LIVINGSTONE VIEW,,NORTH SHIELDS,NORTH TYNESIDE,TYNE AND WEAR,Standard,Addition,55.0182650000,-1.4349650000
115000,2004-10-08 00:00:00Z,NE30 2HP,Flats/Maisonettes,Established,Leasehold,10,,ROSEDALE TERRACE,NORTH SHIELDS,NORTH SHIELDS,NORTH TYNESIDE,TYNE AND WEAR,Standard,Addition,55.0149000000,-1.4398600000
118000,2004-04-30 00:00:00Z,NE30 2SA,Flats/Maisonettes,Established,Freehold,31,,HULNE AVENUE,NORTH SHIELDS,NORTH SHIELDS,NORTH TYNESIDE,TYNE AND WEAR,Standard,Addition,55.0167970000,-1.4308740000
274000,2004-01-20 00:00:00Z,NE30 2SH,Semi-Detached,Established,Freehold,31,,ALBURY PARK ROAD,NORTH SHIELDS,NORTH SHIELDS,NORTH TYNESIDE,TYNE AND WEAR,Standard,Addition,55.0181680000,-1.4315060000
102000,2004-03-08 00:00:00Z,NE30 2HA,Flats/Maisonettes,Established,Freehold,25,,PARK TERRACE,NORTH SHIELDS,NORTH SHIELDS,NORTH TYNESIDE,TYNE AND WEAR,Standard,Addition,55.0144710000,-1.4364720000
138000,2004-03-19 00:00:00Z,NE30 2SE,Flats/Maisonettes,Established,Leasehold,ST. AIDANS COURT,21,MARINERS LANE,,NORTH SHIELDS,NORTH TYNESIDE,TYNE AND WEAR,Standard,Addition,55.0177770000,-1.4346250000
145000,2004-02-12 00:00:00Z,NE30 1LA,Flats/Maisonettes,New Build,Leasehold,36,,RENAISSANCE POINT,NORTH SHIELDS,NORTH SHIELDS,NORTH TYNESIDE,TYNE AND WEAR,Standard,Addition,55.0101820000,-1.4359380000
132000,2004-12-20 00:00:00Z,NE30 2SA,Flats/Maisonettes,Established,Leasehold,41,,HULNE AVENUE,NORTH SHIELDS,NORTH SHIELDS,NORTH TYNESIDE,TYNE AND WEAR,Standard,Addition,55.0167970000,-1.4308740000
165000,2004-06-04 00:00:00Z,NE30 1LA,Flats/Maisonettes,Established,Leasehold,31,,RENAISSANCE POINT,NORTH SHIELDS,NORTH SHIELDS,NORTH TYNESIDE,TYNE AND WEAR,Standard,Addition,55.0101820000,-1.4359380000
137000,2004-02-09 00:00:00Z,NE30 2SB,Terraced,Established,Freehold,17,,SHIPLEY ROAD,NORTH SHIELDS,NORTH SHIELDS,NORTH TYNESIDE,TYNE AND WEAR,Standard,Addition,55.0171760000,-1.4306010000
114000,2004-09-29 00:00:00Z,NE30 4AD,Flats/Maisonettes,Established,Leasehold,12,,HAZELDENE COURT,NORTH SHIELDS,NORTH SHIELDS,NORTH TYNESIDE,TYNE AND WEAR,Standard,Addition,55.0152980000,-1.4326760000
187000,2004-10-15 00:00:00Z,NE30 2EU,Terraced,Established,Freehold,19,,PARK AVENUE,NORTH SHIELDS,NORTH SHIELDS,NORTH TYNESIDE,TYNE AND WEAR,Standard,Addition,55.0163080000,-1.4373220000
65000,2004-10-22 00:00:00Z,NE30 2HX,Flats/Maisonettes,Established,Leasehold,35,,COBURG STREET,,NORTH SHIELDS,NORTH TYNESIDE,TYNE AND WEAR,Standard,Addition,55.0138020000,-1.4394690000
188000,2004-07-09 00:00:00Z,NE30 2HG,Terraced,Established,Freehold,52,,WASHINGTON TERRACE,NORTH SHIELDS,NORTH SHIELDS,NORTH TYNESIDE,TYNE AND WEAR,Standard,Addition,55.0155050000,-1.4384750000
60000,2004-06-24 00:00:00Z,NE30 2HZ,Flats/Maisonettes,Established,Freehold,39,,PRINCES STREET,NORTH SHIELDS,NORTH SHIELDS,NORTH TYNESIDE,TYNE AND WEAR,Standard,Addition,55.0141920000,-1.4389950000
112000,2004-10-29 00:00:00Z,NE30 4AD,Flats/Maisonettes,Established,Leasehold,65,,HAZELDENE COURT,NORTH SHIELDS,NORTH SHIELDS,NORTH TYNESIDE,TYNE AND WEAR,Standard,Addition,55.0152980000,-1.4326760000
205000,2004-04-07 00:00:00Z,NE30 2RT,Terraced,Established,Freehold,15,,HORSLEY TERRACE,NORTH SHIELDS,NORTH SHIELDS,NORTH TYNESIDE,TYNE AND WEAR,Standard,Addition,55.0158700000,-1.4301500000
180000,2004-03-22 00:00:00Z,NE30 2RT,Terraced,Established,Freehold,8,,HORSLEY TERRACE,NORTH SHIELDS,NORTH SHIELDS,NORTH TYNESIDE,TYNE AND WEAR,Standard,Addition,55.0158700000,-1.4301500000
92550,2004-09-03 00:00:00Z,NE30 2HG,Flats/Maisonettes,Established,Leasehold,31,FLAT 3,WASHINGTON TERRACE,NORTH SHIELDS,NORTH SHIELDS,NORTH TYNESIDE,TYNE AND WEAR,Standard,Addition,55.0155050000,-1.4384750000
109950,2004-02-02 00:00:00Z,NE30 2RR,Flats/Maisonettes,Established,Leasehold,13,,BIRTLEY AVENUE,NORTH SHIELDS,NORTH SHIELDS,NORTH TYNESIDE,TYNE AND WEAR,Standard,Addition,55.0178740000,-1.4300590000
101000,2004-08-13 00:00:00Z,NE30 2HQ,Flats/Maisonettes,Established,Leasehold,22,,PARK CRESCENT EAST,NORTH SHIELDS,NORTH SHIELDS,NORTH TYNESIDE,TYNE AND WEAR,Standard,Addition,55.0158240000,-1.4376420000
95000,2004-12-22 00:00:00Z,NE30 4AD,Flats/Maisonettes,Established,Leasehold,22,,HAZELDENE COURT,,NORTH SHIELDS,NORTH TYNESIDE,TYNE AND WEAR,Standard,Addition,55.0152980000,-1.4326760000
138000,2004-04-23 00:00:00Z,NE30 2HQ,Terraced,Established,Freehold,33,,PARK CRESCENT EAST,NORTH SHIELDS,NORTH SHIELDS,NORTH TYNESIDE,TYNE AND WEAR,Standard,Addition,55.0158240000,-1.4376420000
102000,2004-10-21 00:00:00Z,NE30 2HN,Terraced,Established,Leasehold,60,,PRINCES STREET,NORTH SHIELDS,NORTH SHIELDS,NORTH TYNESIDE,TYNE AND WEAR,Standard,Addition,55.0152640000,-1.4389630000
215000,2004-01-30 00:00:00Z,NE30 1LA,Terraced,New Build,Leasehold,23,,RENAISSANCE POINT,NORTH SHIELDS,NORTH SHIELDS,NORTH TYNESIDE,TYNE AND WEAR,Standard,Addition,55.0101820000,-1.4359380000
53000,2004-01-30 00:00:00Z,NE30 2HG,Terraced,Established,Leasehold,26B,,WASHINGTON TERRACE,NORTH SHIELDS,NORTH SHIELDS,NORTH TYNESIDE,TYNE AND WEAR,Standard,Addition,55.0155050000,-1.4384750000
250000,2004-06-11 00:00:00Z,NE30 1LA,Terraced,New Build,Leasehold,21,,RENAISSANCE POINT,NORTH SHIELDS,NORTH SHIELDS,NORTH TYNESIDE,TYNE AND WEAR,Standard,Addition,55.0101820000,-1.4359380000
112000,2004-12-20 00:00:00Z,NE30 4AD,Flats/Maisonettes,Established,Leasehold,67,,HAZELDENE COURT,NORTH SHIELDS,NORTH SHIELDS,NORTH TYNESIDE,TYNE AND WEAR,Standard,Addition,55.0152980000,-1.4326760000
189950,2004-08-02 00:00:00Z,NE30 2HA,Terraced,Established,Freehold,1,,PARK TERRACE,NORTH SHIELDS,NORTH SHIELDS,NORTH TYNESIDE,TYNE AND WEAR,Standard,Addition,55.0144710000,-1.4364720000
60000,2004-06-24 00:00:00Z,NE30 2HZ,Flats/Maisonettes,Established,Leasehold,41,,PRINCES STREET,NORTH SHIELDS,NORTH SHIELDS,NORTH TYNESIDE,TYNE AND WEAR,Standard,Addition,55.0141920000,-1.4389950000
162500,2004-07-16 00:00:00Z,NE30 2HA,Terraced,Established,Freehold,10,,PARK TERRACE,NORTH SHIELDS,NORTH SHIELDS,NORTH TYNESIDE,TYNE AND WEAR,Standard,Addition,55.0144710000,-1.4364720000
165000,2004-02-02 00:00:00Z,NE30 2HA,Terraced,Established,Freehold,33,,PARK TERRACE,NORTH SHIELDS,NORTH SHIELDS,NORTH TYNESIDE,TYNE AND WEAR,Standard,Addition,55.0144710000,-1.4364720000
105500,2004-08-27 00:00:00Z,NE30 2HH,Flats/Maisonettes,Established,Leasehold,29,,KITCHENER TERRACE,NORTH SHIELDS,NORTH SHIELDS,NORTH TYNESIDE,TYNE AND WEAR,Standard,Addition,55.0153440000,-1.4368510000
108500,2004-09-03 00:00:00Z,NE30 4AD,Flats/Maisonettes,Established,Leasehold,36,,HAZELDENE COURT,NORTH SHIELDS,NORTH SHIELDS,NORTH TYNESIDE,TYNE AND WEAR,Standard,Addition,55.0152980000,-1.4326760000
210000,2005-06-03 00:00:00Z,NE30 2SG,Terraced,Established,Freehold,11,,DENWICK TERRACE,NORTH SHIELDS,NORTH SHIELDS,NORTH TYNESIDE,TYNE AND WEAR,Standard,Addition,55.0178610000,-1.4312010000
103500,2005-12-15 00:00:00Z,NE30 2HN,Flats/Maisonettes,Established,Leasehold,72,,PRINCES STREET,NORTH SHIELDS,NORTH SHIELDS,NORTH TYNESIDE,TYNE AND WEAR,Standard,Addition,55.0152640000,-1.4389630000
90000,2005-10-14 00:00:00Z,NE30 2HN,Flats/Maisonettes,Established,Freehold,62,,PRINCES STREET,NORTH SHIELDS,NORTH SHIELDS,NORTH TYNESIDE,TYNE AND WEAR,Standard,Addition,55.0152640000,-1.4389630000
127500,2005-01-28 00:00:00Z,NE30 2PN,Terraced,Established,Freehold,21,,EDITH STREET,,NORTH SHIELDS,NORTH TYNESIDE,TYNE AND WEAR,Standard,Addition,55.0190930000,-1.4352350000
160000,2005-03-24 00:00:00Z,NE30 2RZ,Terraced,Established,Freehold,2,,BEANLEY CRESCENT,NORTH SHIELDS,NORTH SHIELDS,NORTH TYNESIDE,TYNE AND WEAR,Standard,Addition,55.0161490000,-1.4302400000
134000,2005-08-15 00:00:00Z,NE30 4AD,Terraced,Established,Freehold,58,,HAZELDENE COURT,NORTH SHIELDS,NORTH SHIELDS,NORTH TYNESIDE,TYNE AND WEAR,Standard,Addition,55.0152980000,-1.4326760000
90000,2005-10-28 00:00:00Z,NE30 2EG,Flats/Maisonettes,Established,Leasehold,95,,GREY STREET,,NORTH SHIELDS,NORTH TYNESIDE,TYNE AND WEAR,Standard,Addition,55.0137620000,-1.4387030000
183000,2005-08-04 00:00:00Z,NE30 2RT,Terraced,Established,Freehold,13,,HORSLEY TERRACE,NORTH SHIELDS,NORTH SHIELDS,NORTH TYNESIDE,TYNE AND WEAR,Standard,Addition,55.0158700000,-1.4301500000
139500,2005-03-18 00:00:00Z,NE30 2SA,Flats/Maisonettes,Established,Leasehold,42,,HULNE AVENUE,NORTH SHIELDS,NORTH SHIELDS,NORTH TYNESIDE,TYNE AND WEAR,Standard,Addition,55.0167970000,-1.4308740000
185000,2005-07-14 00:00:00Z,NE30 2EU,Terraced,Established,Freehold,12,,PARK AVENUE,NORTH SHIELDS,NORTH SHIELDS,NORTH TYNESIDE,TYNE AND WEAR,Standard,Addition,55.0163080000,-1.4373220000
70000,2005-11-01 00:00:00Z,NE30 2EG,Flats/Maisonettes,Established,Leasehold,111,,GREY STREET,,NORTH SHIELDS,NORTH TYNESIDE,TYNE AND WEAR,Standard,Addition,55.0137620000,-1.4387030000
125000,2005-12-02 00:00:00Z,NE30 2HL,Flats/Maisonettes,Established,Leasehold,91A,,PARK CRESCENT,,NORTH SHIELDS,NORTH TYNESIDE,TYNE AND WEAR,Standard,Addition,55.0158600000,-1.4395340000
176950,2005-11-21 00:00:00Z,NE30 1LA,Terraced,New Build,Freehold,38,,RENAISSANCE POINT,,NORTH SHIELDS,NORTH TYNESIDE,TYNE AND WEAR,Standard,Addition,55.0101820000,-1.4359380000
250000,2005-03-31 00:00:00Z,NE30 2EP,Terraced,Established,Freehold,72,,LINSKILL TERRACE,,NORTH SHIELDS,NORTH TYNESIDE,TYNE AND WEAR,Standard,Addition,55.0161490000,-1.4399050000
135000,2005-10-06 00:00:00Z,NE30 2HG,Flats/Maisonettes,Established,Leasehold,28,,WASHINGTON TERRACE,NORTH SHIELDS,NORTH SHIELDS,NORTH TYNESIDE,TYNE AND WEAR,Standard,Addition,55.0155050000,-1.4384750000
162000,2005-08-05 00:00:00Z,NE30 2HL,Terraced,Established,Freehold,50,,PARK CRESCENT,NORTH SHIELDS,NORTH SHIELDS,NORTH TYNESIDE,TYNE AND WEAR,Standard,Addition,55.0158600000,-1.4395340000
205000,2005-03-24 00:00:00Z,NE30 2EU,Terraced,Established,Freehold,13,,PARK AVENUE,,NORTH SHIELDS,NORTH TYNESIDE,TYNE AND WEAR,Standard,Addition,55.0163080000,-1.4373220000
115000,2005-10-28 00:00:00Z,NE30 2HZ,Flats/Maisonettes,Established,Leasehold,41,,PRINCES STREET,,NORTH SHIELDS,NORTH TYNESIDE,TYNE AND WEAR,Standard,Addition,55.0141920000,-1.4389950000
120000,2005-12-19 00:00:00Z,NE30 2RR,Flats/Maisonettes,Established,Leasehold,15,,BIRTLEY AVENUE,NORTH SHIELDS,NORTH SHIELDS,NORTH TYNESIDE,TYNE AND WEAR,Standard,Addition,55.0178740000,-1.4300590000
189500,2005-10-21 00:00:00Z,NE30 2SB,Terraced,Established,Freehold,23,,SHIPLEY ROAD,NORTH SHIELDS,NORTH SHIELDS,NORTH TYNESIDE,TYNE AND WEAR,Standard,Addition,55.0171760000,-1.4306010000
175950,2005-11-25 00:00:00Z,NE30 1LA,Terraced,New Build,Freehold,39,,RENAISSANCE POINT,,NORTH SHIELDS,NORTH TYNESIDE,TYNE AND WEAR,Standard,Addition,55.0101820000,-1.4359380000
110000,2005-10-27 00:00:00Z,NE30 2HA,Flats/Maisonettes,Established,Leasehold,18,,PARK TERRACE,NORTH SHIELDS,NORTH SHIELDS,NORTH TYNESIDE,TYNE AND WEAR,Standard,Addition,55.0144710000,-1.4364720000
109000,2005-06-30 00:00:00Z,NE30 4AD,Flats/Maisonettes,Established,Leasehold,70,,HAZELDENE COURT,NORTH SHIELDS,NORTH SHIELDS,NORTH TYNESIDE,TYNE AND WEAR,Standard,Addition,55.0152980000,-1.4326760000
118000,2005-12-06 00:00:00Z,NE30 4AD,Flats/Maisonettes,Established,Leasehold,22,,HAZELDENE COURT,NORTH SHIELDS,NORTH SHIELDS,NORTH TYNESIDE,TYNE AND WEAR,Standard,Addition,55.0152980000,-1.4326760000
176950,2005-11-21 00:00:00Z,NE30 1LA,Terraced,New Build,Freehold,52,,RENAISSANCE POINT,,NORTH SHIELDS,NORTH TYNESIDE,TYNE AND WEAR,Standard,Addition,55.0101820000,-1.4359380000
139500,2005-03-18 00:00:00Z,NE30 2SA,Flats/Maisonettes,Established,Freehold,40,,HULNE AVENUE,NORTH SHIELDS,NORTH SHIELDS,NORTH TYNESIDE,TYNE AND WEAR,Standard,Addition,55.0167970000,-1.4308740000
175950,2005-11-22 00:00:00Z,NE30 1LA,Terraced,New Build,Freehold,51,,RENAISSANCE POINT,,NORTH SHIELDS,NORTH TYNESIDE,TYNE AND WEAR,Standard,Addition,55.0101820000,-1.4359380000
170000,2005-06-30 00:00:00Z,NE30 2EU,Terraced,Established,Freehold,24,,PARK AVENUE,NORTH SHIELDS,NORTH SHIELDS,NORTH TYNESIDE,TYNE AND WEAR,Standard,Addition,55.0163080000,-1.4373220000
192000,2005-11-23 00:00:00Z,NE30 2EU,Semi-Detached,Established,Freehold,26,,PARK AVENUE,NORTH SHIELDS,NORTH SHIELDS,NORTH TYNESIDE,TYNE AND WEAR,Standard,Addition,55.0163080000,-1.4373220000
60000,2005-11-01 00:00:00Z,NE30 2EG,Flats/Maisonettes,Established,Leasehold,112,,GREY STREET,,NORTH SHIELDS,NORTH TYNESIDE,TYNE AND WEAR,Standard,Addition,55.0137620000,-1.4387030000
84000,2005-08-19 00:00:00Z,NE30 2HX,Terraced,Established,Leasehold,33,,COBURG STREET,NORTH SHIELDS,NORTH SHIELDS,NORTH TYNESIDE,TYNE AND WEAR,Standard,Addition,55.0138020000,-1.4394690000
89950,2005-10-07 00:00:00Z,NE30 2HQ,Semi-Detached,Established,Leasehold,19,,PARK CRESCENT EAST,,NORTH SHIELDS,NORTH TYNESIDE,TYNE AND WEAR,Standard,Addition,55.0158240000,-1.4376420000
60000,2005-09-13 00:00:00Z,NE30 2HJ,Flats/Maisonettes,Established,Leasehold,40,,WASHINGTON TERRACE,,NORTH SHIELDS,NORTH TYNESIDE,TYNE AND WEAR,Standard,Addition,55.0165290000,-1.4383830000
226250,2005-08-12 00:00:00Z,NE30 1LA,Terraced,Established,Leasehold,24,,RENAISSANCE POINT,NORTH SHIELDS,NORTH SHIELDS,NORTH TYNESIDE,TYNE AND WEAR,Standard,Addition,55.0101820000,-1.4359380000
97500,2005-09-21 00:00:00Z,NE30 2HQ,Flats/Maisonettes,Established,Leasehold,23,,PARK CRESCENT EAST,NORTH SHIELDS,NORTH SHIELDS,NORTH TYNESIDE,TYNE AND WEAR,Standard,Addition,55.0158240000,-1.4376420000
97500,2005-09-21 00:00:00Z,NE30 2HQ,Flats/Maisonettes,Established,Freehold,25,,PARK CRESCENT EAST,NORTH SHIELDS,NORTH SHIELDS,NORTH TYNESIDE,TYNE AND WEAR,Standard,Addition,55.0158240000,-1.4376420000
90000,2005-07-08 00:00:00Z,NE30 2PN,Terraced,Established,Freehold,5,,EDITH STREET,NORTH SHIELDS,NORTH SHIELDS,NORTH TYNESIDE,TYNE AND WEAR,Standard,Addition,55.0190930000,-1.4352350000
108500,2005-10-14 00:00:00Z,NE30 2HH,Terraced,Established,Freehold,8,,KITCHENER TERRACE,NORTH SHIELDS,NORTH SHIELDS,NORTH TYNESIDE,TYNE AND WEAR,Standard,Addition,55.0153440000,-1.4368510000
180000,2005-06-17 00:00:00Z,NE30 2SE,Flats/Maisonettes,Established,Leasehold,ST. AIDANS COURT,24,MARINERS LANE,NORTH SHIELDS,NORTH SHIELDS,NORTH TYNESIDE,TYNE AND WEAR,Standard,Addition,55.0177770000,-1.4346250000
147000,2005-05-17 00:00:00Z,NE30 2PN,Terraced,Established,Freehold,21,,EDITH STREET,,NORTH SHIELDS,NORTH TYNESIDE,TYNE AND WEAR,Standard,Addition,55.0190930000,-1.4352350000
74000,2005-10-24 00:00:00Z,NE30 2EG,Flats/Maisonettes,New Build,Leasehold,94,,GREY STREET,,NORTH SHIELDS,NORTH TYNESIDE,TYNE AND WEAR,Standard,Addition,55.0137620000,-1.4387030000
71000,2005-11-30 00:00:00Z,NE30 2EG,Flats/Maisonettes,Established,Leasehold,110,,GREY STREET,,NORTH SHIELDS,NORTH TYNESIDE,TYNE AND WEAR,Standard,Addition,55.0137620000,-1.4387030000
160000,2005-12-16 00:00:00Z,NE30 2SH,Flats/Maisonettes,Established,Leasehold,23B,,ALBURY PARK ROAD,NORTH SHIELDS,NORTH SHIELDS,NORTH TYNESIDE,TYNE AND WEAR,Standard,Addition,55.0181680000,-1.4315060000
142750,2005-09-23 00:00:00Z,NE30 2SA,Flats/Maisonettes,Established,Leasehold,32,,HULNE AVENUE,NORTH SHIELDS,NORTH SHIELDS,NORTH TYNESIDE,TYNE AND WEAR,Standard,Addition,55.0167970000,-1.4308740000
250000,2005-07-20 00:00:00Z,NE30 2RT,Terraced,Established,Freehold,1,,HORSLEY TERRACE,,NORTH SHIELDS,NORTH TYNESIDE,TYNE AND WEAR,Standard,Addition,55.0158700000,-1.4301500000
112000,2005-06-03 00:00:00Z,NE30 4AD,Flats/Maisonettes,Established,Leasehold,44,,HAZELDENE COURT,,NORTH SHIELDS,NORTH TYNESIDE,TYNE AND WEAR,Standard,Addition,55.0152980000,-1.4326760000
140000,2005-10-28 00:00:00Z,NE30 2PN,Terraced,Established,Freehold,26,,EDITH STREET,,NORTH SHIELDS,NORTH TYNESIDE,TYNE AND WEAR,Standard,Addition,55.0190930000,-1.4352350000
187500,2005-04-21 00:00:00Z,NE30 2EU,Terraced,Established,Freehold,5,,PARK AVENUE,NORTH SHIELDS,NORTH SHIELDS,NORTH TYNESIDE,TYNE AND WEAR,Standard,Addition,55.0163080000,-1.4373220000
150500,2005-08-19 00:00:00Z,NE30 2HY,Terraced,Established,Freehold,50,,JACKSON STREET,,NORTH SHIELDS,NORTH TYNESIDE,TYNE AND WEAR,Standard,Addition,55.0147450000,-1.4393620000
100000,2005-12-19 00:00:00Z,NE30 2HQ,Flats/Maisonettes,Established,Leasehold,20,,PARK CRESCENT EAST,NORTH SHIELDS,NORTH SHIELDS,NORTH TYNESIDE,TYNE AND WEAR,Standard,Addition,55.0158240000,-1.4376420000
95000,2005-04-04 00:00:00Z,NE30 2HA,Flats/Maisonettes,Established,Leasehold,28,,PARK TERRACE,NORTH SHIELDS,NORTH SHIELDS,NORTH TYNESIDE,TYNE AND WEAR,Standard,Addition,55.0144710000,-1.4364720000
114500,2005-11-18 00:00:00Z,NE30 2SA,Flats/Maisonettes,Established,Leasehold,50,,HULNE AVENUE,NORTH SHIELDS,NORTH SHIELDS,NORTH TYNESIDE,TYNE AND WEAR,Standard,Addition,55.0167970000,-1.4308740000
225000,2005-06-10 00:00:00Z,NE30 2RR,Detached,Established,Freehold,1,,BIRTLEY AVENUE,NORTH SHIELDS,NORTH SHIELDS,NORTH TYNESIDE,TYNE AND WEAR,Standard,Addition,55.0178740000,-1.4300590000
220000,2005-05-04 00:00:00Z,NE30 2SE,Flats/Maisonettes,Established,Leasehold,ST. AIDANS COURT,27,MARINERS LANE,NORTH SHIELDS,NORTH SHIELDS,NORTH TYNESIDE,TYNE AND WEAR,Standard,Addition,55.0177770000,-1.4346250000
108000,2005-06-10 00:00:00Z,NE30 2HF,Flats/Maisonettes,Established,Leasehold,16,,DONKIN TERRACE,NORTH SHIELDS,NORTH SHIELDS,NORTH TYNESIDE,TYNE AND WEAR,Standard,Addition,55.0148040000,-1.4366080000
205000,2005-03-24 00:00:00Z,NE30 2EU,Detached,Established,Freehold,13,,PARK AVENUE,,NORTH SHIELDS,NORTH TYNESIDE,TYNE AND WEAR,Standard,Addition,55.0163080000,-1.4373220000
217500,2005-11-04 00:00:00Z,NE30 2EY,Semi-Detached,Established,Freehold,37,,PARK TERRACE,NORTH SHIELDS,NORTH SHIELDS,NORTH TYNESIDE,TYNE AND WEAR,Standard,Addition,55.0156000000,-1.4360950000
197000,2005-04-21 00:00:00Z,NE30 2HL,Terraced,Established,Freehold,75,,PARK CRESCENT,,NORTH SHIELDS,NORTH TYNESIDE,TYNE AND WEAR,Standard,Addition,55.0158600000,-1.4395340000
280000,2005-06-06 00:00:00Z,NE30 2SQ,Terraced,Established,Freehold,22,,BRISLEE AVENUE,NORTH SHIELDS,NORTH SHIELDS,NORTH TYNESIDE,TYNE AND WEAR,Standard,Addition,55.0177910000,-1.4316090000
102000,2005-12-12 00:00:00Z,NE30 2HL,Terraced,Established,Leasehold,79,,PARK CRESCENT,NORTH SHIELDS,NORTH SHIELDS,NORTH TYNESIDE,TYNE AND WEAR,Standard,Addition,55.0158600000,-1.4395340000
99000,2005-07-01 00:00:00Z,NE30 2HZ,Flats/Maisonettes,Established,Leasehold,23,,PRINCES STREET,NORTH SHIELDS,NORTH SHIELDS,NORTH TYNESIDE,TYNE AND WEAR,Standard,Addition,55.0141920000,-1.4389950000
114500,2005-11-18 00:00:00Z,NE30 2SA,Flats/Maisonettes,Established,Freehold,48,,HULNE AVENUE,NORTH SHIELDS,NORTH SHIELDS,NORTH TYNESIDE,TYNE AND WEAR,Standard,Addition,55.0167970000,-1.4308740000
193500,2005-03-03 00:00:00Z,NE30 2HJ,Terraced,Established,Freehold,48,,WASHINGTON TERRACE,,NORTH SHIELDS,NORTH TYNESIDE,TYNE AND WEAR,Standard,Addition,55.0165290000,-1.4383830000
115000,2005-03-31 00:00:00Z,NE30 4AD,Flats/Maisonettes,Established,Leasehold,47,,HAZELDENE COURT,,NORTH SHIELDS,NORTH TYNESIDE,TYNE AND WEAR,Standard,Addition,55.0152980000,-1.4326760000
119950,2005-08-12 00:00:00Z,NE30 2PN,Terraced,Established,Freehold,42,,EDITH STREET,NORTH SHIELDS,NORTH SHIELDS,NORTH TYNESIDE,TYNE AND WEAR,Standard,Addition,55.0190930000,-1.4352350000
395000,2005-11-01 00:00:00Z,NE30 2LA,Semi-Detached,Established,Freehold,21,,ASHLEIGH GROVE,NORTH SHIELDS,NORTH SHIELDS,NORTH TYNESIDE,TYNE AND WEAR,Standard,Addition,55.0197030000,-1.4329430000
102000,2005-12-12 00:00:00Z,NE30 2HL,Flats/Maisonettes,Established,Freehold,81,,PARK CRESCENT,,NORTH SHIELDS,NORTH TYNESIDE,TYNE AND WEAR,Standard,Addition,55.0158600000,-1.4395340000
110000,2005-12-02 00:00:00Z,NE30 2SA,Flats/Maisonettes,New Build,Leasehold,37,,HULNE AVENUE,,NORTH SHIELDS,NORTH TYNESIDE,TYNE AND WEAR,Standard,Addition,55.0167970000,-1.4308740000
108000,2005-03-11 00:00:00Z,NE30 2HG,Terraced,Established,Freehold,21,,WASHINGTON TERRACE,,NORTH SHIELDS,NORTH TYNESIDE,TYNE AND WEAR,Standard,Addition,55.0155050000,-1.4384750000
117000,2005-09-26 00:00:00Z,NE30 4AD,Flats/Maisonettes,Established,Leasehold,42,,HAZELDENE COURT,NORTH SHIELDS,NORTH SHIELDS,NORTH TYNESIDE,TYNE AND WEAR,Standard,Addition,55.0152980000,-1.4326760000
90000,2005-03-11 00:00:00Z,NE30 2HX,Flats/Maisonettes,Established,Leasehold,35,,COBURG STREET,NORTH SHIELDS,NORTH SHIELDS,NORTH TYNESIDE,TYNE AND WEAR,Standard,Addition,55.0138020000,-1.4394690000
69000,2005-07-29 00:00:00Z,NE30 2HX,Flats/Maisonettes,Established,Leasehold,8,,COBURG STREET,,NORTH SHIELDS,NORTH TYNESIDE,TYNE AND WEAR,Standard,Addition,55.0138020000,-1.4394690000
112000,2005-02-25 00:00:00Z,NE30 4AD,Flats/Maisonettes,Established,Leasehold,22,,HAZELDENE COURT,,NORTH SHIELDS,NORTH TYNESIDE,TYNE AND WEAR,Standard,Addition,55.0152980000,-1.4326760000
199950,2005-06-17 00:00:00Z,NE30 2EU,Terraced,Established,Freehold,10,,PARK AVENUE,NORTH SHIELDS,NORTH SHIELDS,NORTH TYNESIDE,TYNE AND WEAR,Standard,Addition,55.0163080000,-1.4373220000
135000,2005-06-24 00:00:00Z,NE30 2HN,Semi-Detached,Established,Freehold,45,,PRINCES STREET,NORTH SHIELDS,NORTH SHIELDS,NORTH TYNESIDE,TYNE AND WEAR,Standard,Addition,55.0152640000,-1.4389630000
66750,2005-10-03 00:00:00Z,NE30 2HL,Flats/Maisonettes,Established,Leasehold,107,,PARK CRESCENT,NORTH SHIELDS,NORTH SHIELDS,NORTH TYNESIDE,TYNE AND WEAR,Standard,Addition,55.0158600000,-1.4395340000
330000,2005-08-04 00:00:00Z,NE30 2SH,Semi-Detached,Established,Freehold,31,,ALBURY PARK ROAD,NORTH SHIELDS,NORTH SHIELDS,NORTH TYNESIDE,TYNE AND WEAR,Standard,Addition,55.0181680000,-1.4315060000
165000,2005-09-22 00:00:00Z,NE30 1LA,Flats/Maisonettes,New Build,Leasehold,8,,RENAISSANCE POINT,NORTH SHIELDS,NORTH SHIELDS,NORTH TYNESIDE,TYNE AND WEAR,Standard,Addition,55.0101820000,-1.4359380000
420000,2005-10-21 00:00:00Z,NE30 2RP,Detached,Established,Freehold,14,,KING EDWARD ROAD,,NORTH SHIELDS,NORTH TYNESIDE,TYNE AND WEAR,Standard,Addition,55.0186570000,-1.4321910000
102500,2005-07-07 00:00:00Z,NE30 2HA,Flats/Maisonettes,Established,Leasehold,19,,PARK TERRACE,NORTH SHIELDS,NORTH SHIELDS,NORTH TYNESIDE,TYNE AND WEAR,Standard,Addition,55.0144710000,-1.4364720000
69000,2005-07-29 00:00:00Z,NE30 2HX,Flats/Maisonettes,Established,Freehold,6,,COBURG STREET,,NORTH SHIELDS,NORTH TYNESIDE,TYNE AND WEAR,Standard,Addition,55.0138020000,-1.4394690000
412000,2005-07-01 00:00:00Z,NE30 2RP,Detached,Established,Freehold,22,,KING EDWARD ROAD,NORTH SHIELDS,NORTH SHIELDS,NORTH TYNESIDE,TYNE AND WEAR,Standard,Addition,55.0186570000,-1.4321910000
175000,2006-02-13 00:00:00Z,NE30 2PN,Terraced,Established,Freehold,18,,EDITH STREET,NORTH SHIELDS,NORTH SHIELDS,NORTH TYNESIDE,TYNE AND WEAR,Standard,Addition,55.0190930000,-1.4352350000
125000,2006-05-26 00:00:00Z,NE30 1DJ,Semi-Detached,Established,Freehold,8,,BIRD STREET,NORTH SHIELDS,NORTH SHIELDS,NORTH TYNESIDE,TYNE AND WEAR,Standard,Addition,55.0105910000,-1.4369960000
142000,2006-06-23 00:00:00Z,NE30 2EU,Terraced,Established,Freehold,25,,PARK AVENUE,,NORTH SHIELDS,NORTH TYNESIDE,TYNE AND WEAR,Standard,Addition,55.0163080000,-1.4373220000
163500,2006-07-06 00:00:00Z,NE30 1LA,Terraced,New Build,Freehold,43,,RENAISSANCE POINT,,NORTH SHIELDS,NORTH TYNESIDE,TYNE AND WEAR,Standard,Addition,55.0101820000,-1.4359380000
297000,2006-10-23 00:00:00Z,NE30 2EP,Terraced,Established,Freehold,72,,LINSKILL TERRACE,,NORTH SHIELDS,NORTH TYNESIDE,TYNE AND WEAR,Standard,Addition,55.0161490000,-1.4399050000
108000,2006-03-27 00:00:00Z,NE30 2HJ,Flats/Maisonettes,Established,Leasehold,47,,WASHINGTON TERRACE,NORTH SHIELDS,NORTH SHIELDS,NORTH TYNESIDE,TYNE AND WEAR,Standard,Addition,55.0165290000,-1.4383830000
163500,2006-07-28 00:00:00Z,NE30 1LA,Terraced,New Build,Freehold,40,,RENAISSANCE POINT,,NORTH SHIELDS,NORTH TYNESIDE,TYNE AND WEAR,Standard,Addition,55.0101820000,-1.4359380000
107000,2006-05-12 00:00:00Z,NE30 2HH,Flats/Maisonettes,Established,Freehold,29,,KITCHENER TERRACE,NORTH SHIELDS,NORTH SHIELDS,NORTH TYNESIDE,TYNE AND WEAR,Standard,Addition,55.0153440000,-1.4368510000
75000,2006-10-31 00:00:00Z,NE30 2PL,Terraced,Established,Freehold,2A,,LIVINGSTONE VIEW,,NORTH SHIELDS,NORTH TYNESIDE,TYNE AND WEAR,Standard,Addition,55.0182650000,-1.4349650000
170000,2006-05-25 00:00:00Z,NE30 2PN,Terraced,Established,Freehold,40,,EDITH STREET,NORTH SHIELDS,NORTH SHIELDS,NORTH TYNESIDE,TYNE AND WEAR,Standard,Addition,55.0190930000,-1.4352350000
80000,2006-01-26 00:00:00Z,NE30 2HH,Flats/Maisonettes,Established,Leasehold,9,,KITCHENER TERRACE,NORTH SHIELDS,NORTH SHIELDS,NORTH TYNESIDE,TYNE AND WEAR,Standard,Addition,55.0153440000,-1.4368510000
175950,2006-02-17 00:00:00Z,NE30 1LA,Terraced,New Build,Freehold,44,,RENAISSANCE POINT,,NORTH SHIELDS,NORTH TYNESIDE,TYNE AND WEAR,Standard,Addition,55.0101820000,-1.4359380000
190000,2006-05-19 00:00:00Z,NE30 2RZ,Terraced,Established,Freehold,7,,BEANLEY CRESCENT,NORTH SHIELDS,NORTH SHIELDS,NORTH TYNESIDE,TYNE AND WEAR,Standard,Addition,55.0161490000,-1.4302400000
103000,2006-10-13 00:00:00Z,NE30 2HZ,Flats/Maisonettes,Established,Leasehold,29,,PRINCES STREET,,NORTH SHIELDS,NORTH TYNESIDE,TYNE AND WEAR,Standard,Addition,55.0141920000,-1.4389950000
125000,2006-06-29 00:00:00Z,NE30 2HP,Flats/Maisonettes,Established,Leasehold,26,,ROSEDALE TERRACE,NORTH SHIELDS,NORTH SHIELDS,NORTH TYNESIDE,TYNE AND WEAR,Standard,Addition,55.0149000000,-1.4398600000
146000,2006-05-05 00:00:00Z,NE30 2PN,Terraced,Established,Freehold,23,,EDITH STREET,NORTH SHIELDS,NORTH SHIELDS,NORTH TYNESIDE,TYNE AND WEAR,Standard,Addition,55.0190930000,-1.4352350000
99000,2006-08-11 00:00:00Z,NE30 2HN,Flats/Maisonettes,Established,Freehold,77,,PRINCES STREET,NORTH SHIELDS,NORTH SHIELDS,NORTH TYNESIDE,TYNE AND WEAR,Standard,Addition,55.0152640000,-1.4389630000
112000,2006-08-18 00:00:00Z,NE30 4AD,Flats/Maisonettes,Established,Leasehold,63,,HAZELDENE COURT,NORTH SHIELDS,NORTH SHIELDS,NORTH TYNESIDE,TYNE AND WEAR,Standard,Addition,55.0152980000,-1.4326760000
119950,2006-08-01 00:00:00Z,NE30 2HH,Flats/Maisonettes,Established,Leasehold,55,,KITCHENER TERRACE,NORTH SHIELDS,NORTH SHIELDS,NORTH TYNESIDE,TYNE AND WEAR,Standard,Addition,55.0153440000,-1.4368510000
350000,2006-07-31 00:00:00Z,NE30 2SQ,Semi-Detached,Established,Freehold,10A,,BRISLEE AVENUE,NORTH SHIELDS,NORTH SHIELDS,NORTH TYNESIDE,TYNE AND WEAR,Standard,Addition,55.0177910000,-1.4316090000
107000,2006-01-13 00:00:00Z,NE30 2HG,Flats/Maisonettes,Established,Leasehold,54,,WASHINGTON TERRACE,NORTH SHIELDS,NORTH SHIELDS,NORTH TYNESIDE,TYNE AND WEAR,Standard,Addition,55.0155050000,-1.4384750000
263500,2006-05-24 00:00:00Z,NE30 2SQ,Semi-Detached,Established,Freehold,10,,BRISLEE AVENUE,NORTH SHIELDS,NORTH SHIELDS,NORTH TYNESIDE,TYNE AND WEAR,Standard,Addition,55.0177910000,-1.4316090000
199000,2006-03-16 00:00:00Z,NE30 2PW,Terraced,Established,Freehold,21,,ALGERNON TERRACE,NORTH SHIELDS,NORTH SHIELDS,NORTH TYNESIDE,TYNE AND WEAR,Standard,Addition,55.0190770000,-1.4356100000
172500,2006-03-28 00:00:00Z,NE30 2HQ,Terraced,Established,Freehold,13,,PARK CRESCENT EAST,NORTH SHIELDS,NORTH SHIELDS,NORTH TYNESIDE,TYNE AND WEAR,Standard,Addition,55.0158240000,-1.4376420000
190000,2006-05-19 00:00:00Z,NE30 2PN,Terraced,Established,Freehold,26,,EDITH STREET,NORTH SHIELDS,NORTH SHIELDS,NORTH TYNESIDE,TYNE AND WEAR,Standard,Addition,55.0190930000,-1.4352350000
161452,2006-10-27 00:00:00Z,NE30 1LA,Terraced,New Build,Freehold,50,,RENAISSANCE POINT,,NORTH SHIELDS,NORTH TYNESIDE,TYNE AND WEAR,Standard,Addition,55.0101820000,-1.4359380000
100000,2006-11-30 00:00:00Z,NE30 4AD,Flats/Maisonettes,Established,Leasehold,8,,HAZELDENE COURT,NORTH SHIELDS,NORTH SHIELDS,NORTH TYNESIDE,TYNE AND WEAR,Standard,Addition,55.0152980000,-1.4326760000
150000,2006-08-04 00:00:00Z,NE30 1LA,Terraced,New Build,Freehold,41,,RENAISSANCE POINT,,NORTH SHIELDS,NORTH TYNESIDE,TYNE AND WEAR,Standard,Addition,55.0101820000,-1.4359380000
175000,2006-03-03 00:00:00Z,NE30 2RZ,Terraced,Established,Freehold,4,,BEANLEY CRESCENT,NORTH SHIELDS,NORTH SHIELDS,NORTH TYNESIDE,TYNE AND WEAR,Standard,Addition,55.0161490000,-1.4302400000
154000,2006-01-13 00:00:00Z,NE30 2SB,Semi-Detached,Established,Freehold,15,,SHIPLEY ROAD,NORTH SHIELDS,NORTH SHIELDS,NORTH TYNESIDE,TYNE AND WEAR,Standard,Addition,55.0171760000,-1.4306010000
300000,2006-01-05 00:00:00Z,NE30 2LA,Semi-Detached,Established,Freehold,9,,ASHLEIGH GROVE,NORTH SHIELDS,NORTH SHIELDS,NORTH TYNESIDE,TYNE AND WEAR,Standard,Addition,55.0197030000,-1.4329430000
395000,2006-10-27 00:00:00Z,NE30 2LA,Semi-Detached,Established,Freehold,16,,ASHLEIGH GROVE,NORTH SHIELDS,NORTH SHIELDS,NORTH TYNESIDE,TYNE AND WEAR,Standard,Addition,55.0197030000,-1.4329430000
118255,2006-06-16 00:00:00Z,NE30 2HQ,Flats/Maisonettes,Established,Leasehold,17,,PARK CRESCENT EAST,NORTH SHIELDS,NORTH SHIELDS,NORTH TYNESIDE,TYNE AND WEAR,Standard,Addition,55.0158240000,-1.4376420000
368000,2006-08-31 00:00:00Z,NE30 2LA,Semi-Detached,Established,Freehold,3,,ASHLEIGH GROVE,NORTH SHIELDS,NORTH SHIELDS,NORTH TYNESIDE,TYNE AND WEAR,Standard,Addition,55.0197030000,-1.4329430000
163500,2006-02-21 00:00:00Z,NE30 1LA,Terraced,New Build,Freehold,48,,RENAISSANCE POINT,,NORTH SHIELDS,NORTH TYNESIDE,TYNE AND WEAR,Standard,Addition,55.0101820000,-1.4359380000
220000,2006-03-08 00:00:00Z,NE30 2SG,Terraced,Established,Freehold,13,,DENWICK TERRACE,NORTH SHIELDS,NORTH SHIELDS,NORTH TYNESIDE,TYNE AND WEAR,Standard,Addition,55.0178610000,-1.4312010000
92500,2006-06-16 00:00:00Z,NE30 2HZ,Flats/Maisonettes,Established,Leasehold,31,,PRINCES STREET,NORTH SHIELDS,NORTH SHIELDS,NORTH TYNESIDE,TYNE AND WEAR,Standard,Addition,55.0141920000,-1.4389950000
245000,2006-11-10 00:00:00Z,NE30 2SA,Detached,Established,Freehold,24,,HULNE AVENUE,,NORTH SHIELDS,NORTH TYNESIDE,TYNE AND WEAR,Standard,Addition,55.0167970000,-1.4308740000
99000,2006-08-11 00:00:00Z,NE30 2HN,Flats/Maisonettes,Established,Leasehold,75,,PRINCES STREET,NORTH SHIELDS,NORTH SHIELDS,NORTH TYNESIDE,TYNE AND WEAR,Standard,Addition,55.0152640000,-1.4389630000
220000,2006-03-03 00:00:00Z,NE30 2SQ,Terraced,Established,Freehold,16,,BRISLEE AVENUE,,NORTH SHIELDS,NORTH TYNESIDE,TYNE AND WEAR,Standard,Addition,55.0177910000,-1.4316090000
205000,2006-07-28 00:00:00Z,NE30 2SG,Semi-Detached,Established,Freehold,12,,DENWICK TERRACE,NORTH SHIELDS,NORTH SHIELDS,NORTH TYNESIDE,TYNE AND WEAR,Standard,Addition,55.0178610000,-1.4312010000
80000,2006-06-23 00:00:00Z,NE30 1EE,Flats/Maisonettes,Established,Leasehold,60,,TYNEMOUTH ROAD,,NORTH SHIELDS,NORTH TYNESIDE,TYNE AND WEAR,Standard,Addition,55.0132560000,-1.4383510000
107000,2006-05-12 00:00:00Z,NE30 2HH,Flats/Maisonettes,Established,Leasehold,31,,KITCHENER TERRACE,NORTH SHIELDS,NORTH SHIELDS,NORTH TYNESIDE,TYNE AND WEAR,Standard,Addition,55.0153440000,-1.4368510000
115000,2006-07-28 00:00:00Z,NE30 4AD,Flats/Maisonettes,Established,Leasehold,14,,HAZELDENE COURT,NORTH SHIELDS,NORTH SHIELDS,NORTH TYNESIDE,TYNE AND WEAR,Standard,Addition,55.0152980000,-1.4326760000
112500,2006-11-02 00:00:00Z,NE30 2HE,Flats/Maisonettes,Established,Leasehold,79,,WASHINGTON TERRACE,NORTH SHIELDS,NORTH SHIELDS,NORTH TYNESIDE,TYNE AND WEAR,Standard,Addition,55.0144240000,-1.4380060000
94000,2006-08-18 00:00:00Z,NE30 2HZ,Flats/Maisonettes,Established,Leasehold,25,,PRINCES STREET,NORTH SHIELDS,NORTH SHIELDS,NORTH TYNESIDE,TYNE AND WEAR,Standard,Addition,55.0141920000,-1.4389950000
142000,2006-05-30 00:00:00Z,NE30 2HX,Terraced,Established,Freehold,69,,COBURG STREET,NORTH SHIELDS,NORTH SHIELDS,NORTH TYNESIDE,TYNE AND WEAR,Standard,Addition,55.0138020000,-1.4394690000
93000,2006-07-26 00:00:00Z,NE30 2HX,Terraced,Established,Leasehold,33,,COBURG STREET,NORTH SHIELDS,NORTH SHIELDS,NORTH TYNESIDE,TYNE AND WEAR,Standard,Addition,55.0138020000,-1.4394690000
113000,2006-06-23 00:00:00Z,NE30 2HF,Flats/Maisonettes,Established,Leasehold,50,,DONKIN TERRACE,NORTH SHIELDS,NORTH SHIELDS,NORTH TYNESIDE,TYNE AND WEAR,Standard,Addition,55.0148040000,-1.4366080000
150000,2006-01-06 00:00:00Z,NE30 2SH,Terraced,Established,Freehold,28,,ALBURY PARK ROAD,NORTH SHIELDS,NORTH SHIELDS,NORTH TYNESIDE,TYNE AND WEAR,Standard,Addition,55.0181680000,-1.4315060000
99950,2006-06-27 00:00:00Z,NE30 2HG,Flats/Maisonettes,Established,Leasehold,62,,WASHINGTON TERRACE,NORTH SHIELDS,NORTH SHIELDS,NORTH TYNESIDE,TYNE AND WEAR,Standard,Addition,55.0155050000,-1.4384750000
112000,2006-08-25 00:00:00Z,NE30 4AD,Flats/Maisonettes,Established,Leasehold,45,,HAZELDENE COURT,NORTH SHIELDS,NORTH SHIELDS,NORTH TYNESIDE,TYNE AND WEAR,Standard,Addition,55.0152980000,-1.4326760000
390000,2006-12-21 00:00:00Z,NE30 2SN,Detached,Established,Freehold,SPITAL DENE HOUSE,,KING EDWARD ROAD,NORTH SHIELDS,NORTH SHIELDS,NORTH TYNESIDE,TYNE AND WEAR,Standard,Addition,55.0185560000,-1.4338950000
105000,2006-07-28 00:00:00Z,NE30 2HQ,Flats/Maisonettes,Established,Leasehold,24,,PARK CRESCENT EAST,NORTH SHIELDS,NORTH SHIELDS,NORTH TYNESIDE,TYNE AND WEAR,Standard,Addition,55.0158240000,-1.4376420000
88000,2006-03-17 00:00:00Z,NE30 2HZ,Flats/Maisonettes,Established,Leasehold,39,,PRINCES STREET,NORTH SHIELDS,NORTH SHIELDS,NORTH TYNESIDE,TYNE AND WEAR,Standard,Addition,55.0141920000,-1.4389950000
115000,2006-12-19 00:00:00Z,NE30 2HQ,Flats/Maisonettes,Established,Freehold,26,,PARK CRESCENT EAST,NORTH SHIELDS,NORTH SHIELDS,NORTH TYNESIDE,TYNE AND WEAR,Standard,Addition,55.0158240000,-1.4376420000
125000,2006-06-29 00:00:00Z,NE30 2HP,Flats/Maisonettes,Established,Freehold,25,,ROSEDALE TERRACE,NORTH SHIELDS,NORTH SHIELDS,NORTH TYNESIDE,TYNE AND WEAR,Standard,Addition,55.0149000000,-1.4398600000
440000,2006-07-07 00:00:00Z,NE30 2RP,Semi-Detached,Established,Freehold,14,,KING EDWARD ROAD,NORTH SHIELDS,NORTH SHIELDS,NORTH TYNESIDE,TYNE AND WEAR,Standard,Addition,55.0186570000,-1.4321910000
110000,2006-06-01 00:00:00Z,NE30 4AD,Terraced,Established,Leasehold,24,,HAZELDENE COURT,NORTH SHIELDS,NORTH SHIELDS,NORTH TYNESIDE,TYNE AND WEAR,Standard,Addition,55.0152980000,-1.4326760000
175950,2006-05-31 00:00:00Z,NE30 1LA,Terraced,New Build,Freehold,45,,RENAISSANCE POINT,,NORTH SHIELDS,NORTH TYNESIDE,TYNE AND WEAR,Standard,Addition,55.0101820000,-1.4359380000
158000,2006-10-27 00:00:00Z,NE30 2HE,Flats/Maisonettes,New Build,Leasehold,12,,WASHINGTON TERRACE,,NORTH SHIELDS,NORTH TYNESIDE,TYNE AND WEAR,Standard,Addition,55.0144240000,-1.4380060000
111500,2006-12-12 00:00:00Z,NE30 2HF,Flats/Maisonettes,Established,Leasehold,42,,DONKIN TERRACE,NORTH SHIELDS,NORTH SHIELDS,NORTH TYNESIDE,TYNE AND WEAR,Standard,Addition,55.0148040000,-1.4366080000
98500,2006-06-30 00:00:00Z,NE30 2HF,Flats/Maisonettes,Established,Leasehold,30,,DONKIN TERRACE,NORTH SHIELDS,NORTH SHIELDS,NORTH TYNESIDE,TYNE AND WEAR,Standard,Addition,55.0148040000,-1.4366080000
99950,2006-06-27 00:00:00Z,NE30 2HG,Flats/Maisonettes,Established,Freehold,61,,WASHINGTON TERRACE,NORTH SHIELDS,NORTH SHIELDS,NORTH TYNESIDE,TYNE AND WEAR,Standard,Addition,55.0155050000,-1.4384750000
167500,2006-01-12 00:00:00Z,NE30 2HE,Terraced,Established,Freehold,12,,WASHINGTON TERRACE,NORTH SHIELDS,NORTH SHIELDS,NORTH TYNESIDE,TYNE AND WEAR,Standard,Addition,55.0144240000,-1.4380060000
189950,2006-07-31 00:00:00Z,NE30 2HN,Semi-Detached,Established,Freehold,43,,PRINCES STREET,NORTH SHIELDS,NORTH SHIELDS,NORTH TYNESIDE,TYNE AND WEAR,Standard,Addition,55.0152640000,-1.4389630000
109000,2006-08-18 00:00:00Z,NE30 4AD,Flats/Maisonettes,Established,Leasehold,41,,HAZELDENE COURT,NORTH SHIELDS,NORTH SHIELDS,NORTH TYNESIDE,TYNE AND WEAR,Standard,Addition,55.0152980000,-1.4326760000
195000,2006-07-07 00:00:00Z,NE30 2EU,Terraced,Established,Freehold,28,,PARK AVENUE,NORTH SHIELDS,NORTH SHIELDS,NORTH TYNESIDE,TYNE AND WEAR,Standard,Addition,55.0163080000,-1.4373220000
250000,2006-07-07 00:00:00Z,NE30 2SG,Terraced,Established,Freehold,14,,DENWICK TERRACE,NORTH SHIELDS,NORTH SHIELDS,NORTH TYNESIDE,TYNE AND WEAR,Standard,Addition,55.0178610000,-1.4312010000
90000,2006-01-20 00:00:00Z,NE30 2HL,Flats/Maisonettes,Established,Leasehold,103A,,PARK CRESCENT,NORTH SHIELDS,NORTH SHIELDS,NORTH TYNESIDE,TYNE AND WEAR,Standard,Addition,55.0158600000,-1.4395340000
189000,2006-09-29 00:00:00Z,NE30 2PN,Terraced,Established,Freehold,4,,EDITH STREET,NORTH SHIELDS,NORTH SHIELDS,NORTH TYNESIDE,TYNE AND WEAR,Standard,Addition,55.0190930000,-1.4352350000
114000,2006-05-24 00:00:00Z,NE30 4AD,Flats/Maisonettes,Established,Leasehold,18,,HAZELDENE COURT,NORTH SHIELDS,NORTH SHIELDS,NORTH TYNESIDE,TYNE AND WEAR,Standard,Addition,55.0152980000,-1.4326760000
200000,2006-08-01 00:00:00Z,NE30 2RZ,Terraced,Established,Freehold,21,,BEANLEY CRESCENT,NORTH SHIELDS,NORTH SHIELDS,NORTH TYNESIDE,TYNE AND WEAR,Standard,Addition,55.0161490000,-1.4302400000
149950,2006-10-27 00:00:00Z,NE30 2HP,Semi-Detached,Established,Freehold,22,,ROSEDALE TERRACE,NORTH SHIELDS,NORTH SHIELDS,NORTH TYNESIDE,TYNE AND WEAR,Standard,Addition,55.0149000000,-1.4398600000
98500,2006-06-30 00:00:00Z,NE30 2HF,Flats/Maisonettes,Established,Freehold,32,,DONKIN TERRACE,NORTH SHIELDS,NORTH SHIELDS,NORTH TYNESIDE,TYNE AND WEAR,Standard,Addition,55.0148040000,-1.4366080000
163500,2006-03-28 00:00:00Z,NE30 1LA,Terraced,New Build,Freehold,42,,RENAISSANCE POINT,,NORTH SHIELDS,NORTH TYNESIDE,TYNE AND WEAR,Standard,Addition,55.0101820000,-1.4359380000
75000,2006-06-16 00:00:00Z,NE30 2HX,Flats/Maisonettes,Established,Leasehold,37,,COBURG STREET,NORTH SHIELDS,NORTH SHIELDS,NORTH TYNESIDE,TYNE AND WEAR,Standard,Addition,55.0138020000,-1.4394690000
91000,2006-01-18 00:00:00Z,NE30 2HQ,Flats/Maisonettes,Established,Leasehold,28,,PARK CRESCENT EAST,NORTH SHIELDS,NORTH SHIELDS,NORTH TYNESIDE,TYNE AND WEAR,Standard,Addition,55.0158240000,-1.4376420000
183000,2006-03-10 00:00:00Z,NE30 2SE,Flats/Maisonettes,Established,Leasehold,ST. AIDANS COURT,1,MARINERS LANE,NORTH SHIELDS,NORTH SHIELDS,NORTH TYNESIDE,TYNE AND WEAR,Standard,Addition,55.0177770000,-1.4346250000
99950,2006-10-10 00:00:00Z,NE30 2HG,Flats/Maisonettes,Established,Leasehold,27B,,WASHINGTON TERRACE,NORTH SHIELDS,NORTH SHIELDS,NORTH TYNESIDE,TYNE AND WEAR,Standard,Addition,55.0155050000,-1.4384750000
110000,2006-06-23 00:00:00Z,NE30 4AD,Flats/Maisonettes,Established,Leasehold,11,,HAZELDENE COURT,NORTH SHIELDS,NORTH SHIELDS,NORTH TYNESIDE,TYNE AND WEAR,Standard,Addition,55.0152980000,-1.4326760000
175950,2006-03-24 00:00:00Z,NE30 1LA,Detached,New Build,Freehold,46,,RENAISSANCE POINT,,NORTH SHIELDS,NORTH TYNESIDE,TYNE AND WEAR,Standard,Addition,55.0101820000,-1.4359380000
118255,2006-06-16 00:00:00Z,NE30 2HQ,Terraced,Established,Freehold,15,,PARK CRESCENT EAST,NORTH SHIELDS,NORTH SHIELDS,NORTH TYNESIDE,TYNE AND WEAR,Standard,Addition,55.0158240000,-1.4376420000
108250,2006-08-29 00:00:00Z,NE30 2HF,Flats/Maisonettes,Established,Leasehold,34,,DONKIN TERRACE,NORTH SHIELDS,NORTH SHIELDS,NORTH TYNESIDE,TYNE AND WEAR,Standard,Addition,55.0148040000,-1.4366080000
120000,2006-01-30 00:00:00Z,NE30 2HZ,Terraced,Established,Freehold,34,,PRINCES STREET,NORTH SHIELDS,NORTH SHIELDS,NORTH TYNESIDE,TYNE AND WEAR,Standard,Addition,55.0141920000,-1.4389950000
89950,2006-06-23 00:00:00Z,NE30 2HX,Flats/Maisonettes,Established,Leasehold,23,,COBURG STREET,,NORTH SHIELDS,NORTH TYNESIDE,TYNE AND WEAR,Standard,Addition,55.0138020000,-1.4394690000
130000,2006-03-09 00:00:00Z,NE30 2PN,Terraced,Established,Freehold,15,,EDITH STREET,NORTH SHIELDS,NORTH SHIELDS,NORTH TYNESIDE,TYNE AND WEAR,Standard,Addition,55.0190930000,-1.4352350000
85500,2006-12-15 00:00:00Z,NE30 2HX,Flats/Maisonettes,Established,Leasehold,70,,COBURG STREET,NORTH SHIELDS,NORTH SHIELDS,NORTH TYNESIDE,TYNE AND WEAR,Standard,Addition,55.0138020000,-1.4394690000
114000,2006-02-24 00:00:00Z,NE30 2HN,Flats/Maisonettes,Established,Leasehold,61,,PRINCES STREET,NORTH SHIELDS,NORTH SHIELDS,NORTH TYNESIDE,TYNE AND WEAR,Standard,Addition,55.0152640000,-1.4389630000
136000,2006-02-24 00:00:00Z,NE30 2HQ,Terraced,Established,Freehold,7,,PARK CRESCENT EAST,,NORTH SHIELDS,NORTH TYNESIDE,TYNE AND WEAR,Standard,Addition,55.0158240000,-1.4376420000
99950,2006-03-27 00:00:00Z,NE30 2HX,Terraced,Established,Freehold,14,,COBURG STREET,NORTH SHIELDS,NORTH SHIELDS,NORTH TYNESIDE,TYNE AND WEAR,Standard,Addition,55.0138020000,-1.4394690000
104950,2006-08-29 00:00:00Z,NE30 2HN,Flats/Maisonettes,Established,Leasehold,59,,PRINCES STREET,NORTH SHIELDS,NORTH SHIELDS,NORTH TYNESIDE,TYNE AND WEAR,Standard,Addition,55.0152640000,-1.4389630000
112500,2006-03-31 00:00:00Z,NE30 2HA,Flats/Maisonettes,Established,Leasehold,20,,PARK TERRACE,NORTH SHIELDS,NORTH SHIELDS,NORTH TYNESIDE,TYNE AND WEAR,Standard,Addition,55.0144710000,-1.4364720000
164000,2006-07-21 00:00:00Z,NE30 4AD,Terraced,Established,Freehold,53,,HAZELDENE COURT,NORTH SHIELDS,NORTH SHIELDS,NORTH TYNESIDE,TYNE AND WEAR,Standard,Addition,55.0152980000,-1.4326760000
115000,2006-12-19 00:00:00Z,NE30 2HQ,Flats/Maisonettes,Established,Leasehold,28,,PARK CRESCENT EAST,NORTH SHIELDS,NORTH SHIELDS,NORTH TYNESIDE,TYNE AND WEAR,Standard,Addition,55.0158240000,-1.4376420000
163500,2006-03-31 00:00:00Z,NE30 1LA,Terraced,New Build,Freehold,47,,RENAISSANCE POINT,,NORTH SHIELDS,NORTH TYNESIDE,TYNE AND WEAR,Standard,Addition,55.0101820000,-1.4359380000
94000,2006-08-18 00:00:00Z,NE30 2HZ,Flats/Maisonettes,Established,Freehold,23,,PRINCES STREET,NORTH SHIELDS,NORTH SHIELDS,NORTH TYNESIDE,TYNE AND WEAR,Standard,Addition,55.0141920000,-1.4389950000
175000,2006-01-12 00:00:00Z,NE30 1EE,Terraced,Established,Freehold,84,,TYNEMOUTH ROAD,NORTH SHIELDS,NORTH SHIELDS,NORTH TYNESIDE,TYNE AND WEAR,Standard,Addition,55.0132560000,-1.4383510000
153325,2006-09-21 00:00:00Z,NE30 1LA,Terraced,New Build,Freehold,49,,RENAISSANCE POINT,,NORTH SHIELDS,NORTH TYNESIDE,TYNE AND WEAR,Standard,Addition,55.0101820000,-1.4359380000
110000,2006-10-13 00:00:00Z,NE30 2HF,Flats/Maisonettes,Established,Leasehold,32,,DONKIN TERRACE,NORTH SHIELDS,NORTH SHIELDS,NORTH TYNESIDE,TYNE AND WEAR,Standard,Addition,55.0148040000,-1.4366080000
110000,2006-07-05 00:00:00Z,NE30 2HX,Flats/Maisonettes,Established,Leasehold,68,,COBURG STREET,NORTH SHIELDS,NORTH SHIELDS,NORTH TYNESIDE,TYNE AND WEAR,Standard,Addition,55.0138020000,-1.4394690000
124900,2006-10-27 00:00:00Z,NE30 2HE,Terraced,Established,Freehold,84,,WASHINGTON TERRACE,NORTH SHIELDS,NORTH SHIELDS,NORTH TYNESIDE,TYNE AND WEAR,Standard,Addition,55.0144240000,-1.4380060000
118000,2006-12-01 00:00:00Z,NE30 2HA,Flats/Maisonettes,Established,Leasehold,25,,PARK TERRACE,NORTH SHIELDS,NORTH SHIELDS,NORTH TYNESIDE,TYNE AND WEAR,Standard,Addition,55.0144710000,-1.4364720000
113000,2006-11-03 00:00:00Z,NE30 2HN,Flats/Maisonettes,Established,Leasehold,55,,PRINCES STREET,NORTH SHIELDS,NORTH SHIELDS,NORTH TYNESIDE,TYNE AND WEAR,Standard,Addition,55.0152640000,-1.4389630000
287500,2006-10-25 00:00:00Z,NE30 1LA,Terraced,Established,Leasehold,1,,RENAISSANCE POINT,NORTH SHIELDS,NORTH SHIELDS,NORTH TYNESIDE,TYNE AND WEAR,Standard,Addition,55.0101820000,-1.4359380000
185500,2006-08-17 00:00:00Z,NE30 2HQ,Terraced,Established,Freehold,7,,PARK CRESCENT EAST,NORTH SHIELDS,NORTH SHIELDS,NORTH TYNESIDE,TYNE AND WEAR,Standard,Addition,55.0158240000,-1.4376420000
116000,2006-07-28 00:00:00Z,NE30 2HF,Flats/Maisonettes,Established,Leasehold,35,,DONKIN TERRACE,NORTH SHIELDS,NORTH SHIELDS,NORTH TYNESIDE,TYNE AND WEAR,Standard,Addition,55.0148040000,-1.4366080000
299999,2007-06-15 00:00:00Z,NE30 2SH,Terraced,Established,Freehold,30,,ALBURY PARK ROAD,NORTH SHIELDS,NORTH SHIELDS,NORTH TYNESIDE,TYNE AND WEAR,Standard,Addition,55.0181680000,-1.4315060000
134950,2007-03-09 00:00:00Z,NE30 4AD,Semi-Detached,Established,Freehold,6,,HAZELDENE COURT,NORTH SHIELDS,NORTH SHIELDS,NORTH TYNESIDE,TYNE AND WEAR,Standard,Addition,55.0152980000,-1.4326760000
80000,2007-11-23 00:00:00Z,NE30 2HP,Flats/Maisonettes,Established,Leasehold,27,,ROSEDALE TERRACE,NORTH SHIELDS,NORTH SHIELDS,NORTH TYNESIDE,TYNE AND WEAR,Standard,Addition,55.0149000000,-1.4398600000
195000,2007-06-29 00:00:00Z,NE30 2PN,Terraced,Established,Freehold,27,,EDITH STREET,NORTH SHIELDS,NORTH SHIELDS,NORTH TYNESIDE,TYNE AND WEAR,Standard,Addition,55.0190930000,-1.4352350000
160000,2007-10-26 00:00:00Z,NE30 2HA,Terraced,Established,Freehold,32A,,PARK TERRACE,NORTH SHIELDS,NORTH SHIELDS,NORTH TYNESIDE,TYNE AND WEAR,Standard,Addition,55.0144710000,-1.4364720000
140000,2007-08-10 00:00:00Z,NE30 1LA,Flats/Maisonettes,Established,Leasehold,33,,RENAISSANCE POINT,NORTH SHIELDS,NORTH SHIELDS,NORTH TYNESIDE,TYNE AND WEAR,Standard,Addition,55.0101820000,-1.4359380000
95000,2007-12-19 00:00:00Z,NE30 2HY,Flats/Maisonettes,Established,Leasehold,69,,JACKSON STREET,NORTH SHIELDS,NORTH SHIELDS,NORTH TYNESIDE,TYNE AND WEAR,Standard,Addition,55.0147450000,-1.4393620000
152000,2007-06-20 00:00:00Z,NE30 2HG,Flats/Maisonettes,Established,Leasehold,28,,WASHINGTON TERRACE,NORTH SHIELDS,NORTH SHIELDS,NORTH TYNESIDE,TYNE AND WEAR,Standard,Addition,55.0155050000,-1.4384750000
118000,2007-04-02 00:00:00Z,NE30 2HH,Flats/Maisonettes,Established,Leasehold,67,,KITCHENER TERRACE,NORTH SHIELDS,NORTH SHIELDS,NORTH TYNESIDE,TYNE AND WEAR,Standard,Addition,55.0153440000,-1.4368510000
500000,2007-02-01 00:00:00Z,NE30 2HB,Terraced,Established,Freehold,2,,WASHINGTON MEWS,,NORTH SHIELDS,NORTH TYNESIDE,TYNE AND WEAR,Standard,Addition,55.0166290000,-1.4390050000
130500,2007-04-12 00:00:00Z,NE30 2SA,Flats/Maisonettes,Established,Leasehold,30,,HULNE AVENUE,NORTH SHIELDS,NORTH SHIELDS,NORTH TYNESIDE,TYNE AND WEAR,Standard,Addition,55.0167970000,-1.4308740000
290000,2007-01-12 00:00:00Z,NE30 2SH,Semi-Detached,Established,Freehold,24,,ALBURY PARK ROAD,,NORTH SHIELDS,NORTH TYNESIDE,TYNE AND WEAR,Standard,Addition,55.0181680000,-1.4315060000
225000,2007-07-12 00:00:00Z,NE30 2SD,Semi-Detached,Established,Freehold,37,,MARINERS LANE,NORTH SHIELDS,NORTH SHIELDS,NORTH TYNESIDE,TYNE AND WEAR,Standard,Addition,55.0173550000,-1.4323660000
160000,2007-10-11 00:00:00Z,NE30 2HF,Terraced,Established,Freehold,28,,DONKIN TERRACE,NORTH SHIELDS,NORTH SHIELDS,NORTH TYNESIDE,TYNE AND WEAR,Standard,Addition,55.0148040000,-1.4366080000
288000,2007-07-25 00:00:00Z,NE30 2HG,Terraced,Established,Freehold,24,,WASHINGTON TERRACE,NORTH SHIELDS,NORTH SHIELDS,NORTH TYNESIDE,TYNE AND WEAR,Standard,Addition,55.0155050000,-1.4384750000
175990,2007-01-12 00:00:00Z,NE30 2PN,Terraced,Established,Freehold,2,,EDITH STREET,NORTH SHIELDS,NORTH SHIELDS,NORTH TYNESIDE,TYNE AND WEAR,Standard,Addition,55.0190930000,-1.4352350000
152000,2007-05-25 00:00:00Z,NE30 1LA,Flats/Maisonettes,Established,Leasehold,35,,RENAISSANCE POINT,NORTH SHIELDS,NORTH SHIELDS,NORTH TYNESIDE,TYNE AND WEAR,Standard,Addition,55.0101820000,-1.4359380000
165000,2007-05-25 00:00:00Z,NE30 4AD,Terraced,Established,Freehold,56,,HAZELDENE COURT,NORTH SHIELDS,NORTH SHIELDS,NORTH TYNESIDE,TYNE AND WEAR,Standard,Addition,55.0152980000,-1.4326760000
120000,2007-08-17 00:00:00Z,NE30 2HQ,Flats/Maisonettes,Established,Leasehold,26,,PARK CRESCENT EAST,NORTH SHIELDS,NORTH SHIELDS,NORTH TYNESIDE,TYNE AND WEAR,Standard,Addition,55.0158240000,-1.4376420000
149000,2007-05-22 00:00:00Z,NE30 1LA,Flats/Maisonettes,Established,Leasehold,32,,RENAISSANCE POINT,NORTH SHIELDS,NORTH SHIELDS,NORTH TYNESIDE,TYNE AND WEAR,Standard,Addition,55.0101820000,-1.4359380000
89000,2007-02-20 00:00:00Z,NE30 2EG,Flats/Maisonettes,Established,Leasehold,93,,GREY STREET,,NORTH SHIELDS,NORTH TYNESIDE,TYNE AND WEAR,Standard,Addition,55.0137620000,-1.4387030000
205000,2007-07-12 00:00:00Z,NE30 2HQ,Terraced,Established,Freehold,40,,PARK CRESCENT EAST,NORTH SHIELDS,NORTH SHIELDS,NORTH TYNESIDE,TYNE AND WEAR,Standard,Addition,55.0158240000,-1.4376420000
202000,2007-01-25 00:00:00Z,NE30 2EU,Terraced,Established,Freehold,15,,PARK AVENUE,NORTH SHIELDS,NORTH SHIELDS,NORTH TYNESIDE,TYNE AND WEAR,Standard,Addition,55.0163080000,-1.4373220000
97500,2007-03-21 00:00:00Z,NE30 2HP,Flats/Maisonettes,Established,Leasehold,12,,ROSEDALE TERRACE,NORTH SHIELDS,NORTH SHIELDS,NORTH TYNESIDE,TYNE AND WEAR,Standard,Addition,55.0149000000,-1.4398600000
136000,2007-06-01 00:00:00Z,NE30 2HX,Terraced,Established,Freehold,45,,COBURG STREET,NORTH SHIELDS,NORTH SHIELDS,NORTH TYNESIDE,TYNE AND WEAR,Standard,Addition,55.0138020000,-1.4394690000
158000,2007-02-28 00:00:00Z,NE30 4AF,Semi-Detached,Established,Freehold,8,,RIVER VIEW,NORTH SHIELDS,NORTH SHIELDS,NORTH TYNESIDE,TYNE AND WEAR,Standard,Addition,55.0135260000,-1.4323260000
114000,2007-12-14 00:00:00Z,NE30 2HF,Flats/Maisonettes,Established,Leasehold,40,,DONKIN TERRACE,NORTH SHIELDS,NORTH SHIELDS,NORTH TYNESIDE,TYNE AND WEAR,Standard,Addition,55.0148040000,-1.4366080000
118500,2007-10-19 00:00:00Z,NE30 2HF,Terraced,Established,Leasehold,48,,DONKIN TERRACE,NORTH SHIELDS,NORTH SHIELDS,NORTH TYNESIDE,TYNE AND WEAR,Standard,Addition,55.0148040000,-1.4366080000
95000,2007-12-19 00:00:00Z,NE30 2HY,Flats/Maisonettes,Established,Freehold,71,,JACKSON STREET,NORTH SHIELDS,NORTH SHIELDS,NORTH TYNESIDE,TYNE AND WEAR,Standard,Addition,55.0147450000,-1.4393620000
80000,2007-06-08 00:00:00Z,NE30 2EG,Flats/Maisonettes,Established,Leasehold,113,,GREY STREET,NORTH SHIELDS,NORTH SHIELDS,NORTH TYNESIDE,TYNE AND WEAR,Standard,Addition,55.0137620000,-1.4387030000
100000,2007-07-05 00:00:00Z,NE30 2HQ,Flats/Maisonettes,Established,Leasehold,51,,PARK CRESCENT EAST,,NORTH SHIELDS,NORTH TYNESIDE,TYNE AND WEAR,Standard,Addition,55.0158240000,-1.4376420000
147000,2007-06-29 00:00:00Z,NE30 2EY,Flats/Maisonettes,Established,Leasehold,40,,PARK TERRACE,NORTH SHIELDS,NORTH SHIELDS,NORTH TYNESIDE,TYNE AND WEAR,Standard,Addition,55.0156000000,-1.4360950000
107000,2007-04-23 00:00:00Z,NE30 2HP,Flats/Maisonettes,Established,Leasehold,4,,ROSEDALE TERRACE,,NORTH SHIELDS,NORTH TYNESIDE,TYNE AND WEAR,Standard,Addition,55.0149000000,-1.4398600000
120000,2007-08-17 00:00:00Z,NE30 2HQ,Flats/Maisonettes,Established,Freehold,28,,PARK CRESCENT EAST,NORTH SHIELDS,NORTH SHIELDS,NORTH TYNESIDE,TYNE AND WEAR,Standard,Addition,55.0158240000,-1.4376420000
102500,2007-08-31 00:00:00Z,NE30 2HZ,Flats/Maisonettes,Established,Freehold,37,,PRINCES STREET,NORTH SHIELDS,NORTH SHIELDS,NORTH TYNESIDE,TYNE AND WEAR,Standard,Addition,55.0141920000,-1.4389950000
156000,2007-05-25 00:00:00Z,NE30 2PN,Terraced,Established,Freehold,31,,EDITH STREET,NORTH SHIELDS,NORTH SHIELDS,NORTH TYNESIDE,TYNE AND WEAR,Standard,Addition,55.0190930000,-1.4352350000
277000,2007-06-07 00:00:00Z,NE30 2HJ,Semi-Detached,Established,Freehold,39,,WASHINGTON TERRACE,NORTH SHIELDS,NORTH SHIELDS,NORTH TYNESIDE,TYNE AND WEAR,Standard,Addition,55.0165290000,-1.4383830000
105000,2007-08-31 00:00:00Z,NE30 2HP,Flats/Maisonettes,Established,Freehold,3,,ROSEDALE TERRACE,NORTH SHIELDS,NORTH SHIELDS,NORTH TYNESIDE,TYNE AND WEAR,Standard,Addition,55.0149000000,-1.4398600000
295000,2007-05-11 00:00:00Z,NE30 2SH,Terraced,Established,Freehold,25,,ALBURY PARK ROAD,NORTH SHIELDS,NORTH SHIELDS,NORTH TYNESIDE,TYNE AND WEAR,Standard,Addition,55.0181680000,-1.4315060000
124950,2007-08-17 00:00:00Z,NE30 2HH,Flats/Maisonettes,Established,Leasehold,11,,KITCHENER TERRACE,NORTH SHIELDS,NORTH SHIELDS,NORTH TYNESIDE,TYNE AND WEAR,Standard,Addition,55.0153440000,-1.4368510000
139500,2007-05-25 00:00:00Z,NE30 2SA,Flats/Maisonettes,Established,Freehold,29,,HULNE AVENUE,NORTH SHIELDS,NORTH SHIELDS,NORTH TYNESIDE,TYNE AND WEAR,Standard,Addition,55.0167970000,-1.4308740000
85500,2007-10-03 00:00:00Z,NE30 2HN,Flats/Maisonettes,Established,Freehold,53,,PRINCES STREET,NORTH SHIELDS,NORTH SHIELDS,NORTH TYNESIDE,TYNE AND WEAR,Standard,Addition,55.0152640000,-1.4389630000
193000,2007-06-08 00:00:00Z,NE30 2PN,Terraced,Established,Freehold,37,,EDITH STREET,NORTH SHIELDS,NORTH SHIELDS,NORTH TYNESIDE,TYNE AND WEAR,Standard,Addition,55.0190930000,-1.4352350000
146600,2007-03-21 00:00:00Z,NE30 2HQ,Semi-Detached,Established,Freehold,44,,PARK CRESCENT EAST,NORTH SHIELDS,NORTH SHIELDS,NORTH TYNESIDE,TYNE AND WEAR,Standard,Addition,55.0158240000,-1.4376420000
125000,2007-11-02 00:00:00Z,NE30 2HF,Flats/Maisonettes,Established,Leasehold,50,,DONKIN TERRACE,NORTH SHIELDS,NORTH SHIELDS,NORTH TYNESIDE,TYNE AND WEAR,Standard,Addition,55.0148040000,-1.4366080000
108000,2007-01-19 00:00:00Z,NE30 2HF,Flats/Maisonettes,Established,Freehold,34,,DONKIN TERRACE,NORTH SHIELDS,NORTH SHIELDS,NORTH TYNESIDE,TYNE AND WEAR,Standard,Addition,55.0148040000,-1.4366080000
140000,2007-02-27 00:00:00Z,NE30 4AD,Terraced,Established,Freehold,27,,HAZELDENE COURT,NORTH SHIELDS,NORTH SHIELDS,NORTH TYNESIDE,TYNE AND WEAR,Standard,Addition,55.0152980000,-1.4326760000
230000,2007-09-21 00:00:00Z,NE30 2PW,Terraced,Established,Freehold,15,,ALGERNON TERRACE,NORTH SHIELDS,NORTH SHIELDS,NORTH TYNESIDE,TYNE AND WEAR,Standard,Addition,55.0190770000,-1.4356100000
124500,2007-12-14 00:00:00Z,NE30 2HL,Flats/Maisonettes,Established,Leasehold,79,,PARK CRESCENT,NORTH SHIELDS,NORTH SHIELDS,NORTH TYNESIDE,TYNE AND WEAR,Standard,Addition,55.0158600000,-1.4395340000
227500,2007-05-25 00:00:00Z,NE30 2PW,Terraced,Established,Freehold,19,,ALGERNON TERRACE,NORTH SHIELDS,NORTH SHIELDS,NORTH TYNESIDE,TYNE AND WEAR,Standard,Addition,55.0190770000,-1.4356100000
150000,2007-11-07 00:00:00Z,NE30 2SA,Flats/Maisonettes,Established,Leasehold,15,,HULNE AVENUE,NORTH SHIELDS,NORTH SHIELDS,NORTH TYNESIDE,TYNE AND WEAR,Standard,Addition,55.0167970000,-1.4308740000
99950,2007-07-11 00:00:00Z,NE30 2HF,Flats/Maisonettes,Established,Leasehold,11,,DONKIN TERRACE,NORTH SHIELDS,NORTH SHIELDS,NORTH TYNESIDE,TYNE AND WEAR,Standard,Addition,55.0148040000,-1.4366080000
249950,2007-07-06 00:00:00Z,NE30 2HG,Flats/Maisonettes,Established,Leasehold,21,,WASHINGTON TERRACE,,NORTH SHIELDS,NORTH TYNESIDE,TYNE AND WEAR,Standard,Addition,55.0155050000,-1.4384750000
210000,2007-07-30 00:00:00Z,NE30 2EU,Terraced,Established,Freehold,22,,PARK AVENUE,NORTH SHIELDS,NORTH SHIELDS,NORTH TYNESIDE,TYNE AND WEAR,Standard,Addition,55.0163080000,-1.4373220000
142500,2007-09-28 00:00:00Z,NE30 1LA,Flats/Maisonettes,Established,Leasehold,36,,RENAISSANCE POINT,NORTH SHIELDS,NORTH SHIELDS,NORTH TYNESIDE,TYNE AND WEAR,Standard,Addition,55.0101820000,-1.4359380000
118500,2007-06-29 00:00:00Z,NE30 4AD,Flats/Maisonettes,Established,Leasehold,20,,HAZELDENE COURT,NORTH SHIELDS,NORTH SHIELDS,NORTH TYNESIDE,TYNE AND WEAR,Standard,Addition,55.0152980000,-1.4326760000
245000,2007-04-11 00:00:00Z,NE30 2RU,Terraced,Established,Freehold,3,,MARINERS LANE,NORTH SHIELDS,NORTH SHIELDS,NORTH TYNESIDE,TYNE AND WEAR,Standard,Addition,55.0163880000,-1.4313940000
125000,2007-11-02 00:00:00Z,NE30 2HZ,Terraced,Established,Freehold,38,,PRINCES STREET,NORTH SHIELDS,NORTH SHIELDS,NORTH TYNESIDE,TYNE AND WEAR,Standard,Addition,55.0141920000,-1.4389950000
139500,2007-05-25 00:00:00Z,NE30 2SA,Flats/Maisonettes,Established,Leasehold,31,,HULNE AVENUE,NORTH SHIELDS,NORTH SHIELDS,NORTH TYNESIDE,TYNE AND WEAR,Standard,Addition,55.0167970000,-1.4308740000
105000,2007-08-31 00:00:00Z,NE30 2HP,Flats/Maisonettes,Established,Leasehold,2,,ROSEDALE TERRACE,NORTH SHIELDS,NORTH SHIELDS,NORTH TYNESIDE,TYNE AND WEAR,Standard,Addition,55.0149000000,-1.4398600000
50000,2007-03-19 00:00:00Z,NE30 2HJ,Flats/Maisonettes,Established,Leasehold,46,,WASHINGTON TERRACE,NORTH SHIELDS,NORTH SHIELDS,NORTH TYNESIDE,TYNE AND WEAR,Standard,Addition,55.0165290000,-1.4383830000
99950,2007-08-16 00:00:00Z,NE30 2HZ,Flats/Maisonettes,Established,Leasehold,15,,PRINCES STREET,NORTH SHIELDS,NORTH SHIELDS,NORTH TYNESIDE,TYNE AND WEAR,Standard,Addition,55.0141920000,-1.4389950000
112999,2007-10-29 00:00:00Z,NE30 2HH,Flats/Maisonettes,Established,Leasehold,23,,KITCHENER TERRACE,NORTH SHIELDS,NORTH SHIELDS,NORTH TYNESIDE,TYNE AND WEAR,Standard,Addition,55.0153440000,-1.4368510000
116000,2007-03-09 00:00:00Z,NE30 2HZ,Flats/Maisonettes,Established,Freehold,8,,PRINCES STREET,NORTH SHIELDS,NORTH SHIELDS,NORTH TYNESIDE,TYNE AND WEAR,Standard,Addition,55.0141920000,-1.4389950000
90200,2007-04-05 00:00:00Z,NE30 2HZ,Flats/Maisonettes,Established,Leasehold,22,,PRINCES STREET,NORTH SHIELDS,NORTH SHIELDS,NORTH TYNESIDE,TYNE AND WEAR,Standard,Addition,55.0141920000,-1.4389950000
183000,2007-08-07 00:00:00Z,NE30 2PN,Terraced,Established,Freehold,22,,EDITH STREET,NORTH SHIELDS,NORTH SHIELDS,NORTH TYNESIDE,TYNE AND WEAR,Standard,Addition,55.0190930000,-1.4352350000
109000,2007-06-01 00:00:00Z,NE30 2HQ,Flats/Maisonettes,Established,Leasehold,12,,PARK CRESCENT EAST,NORTH SHIELDS,NORTH SHIELDS,NORTH TYNESIDE,TYNE AND WEAR,Standard,Addition,55.0158240000,-1.4376420000
169950,2007-06-01 00:00:00Z,NE30 2HQ,Terraced,Established,Freehold,5,,PARK CRESCENT EAST,NORTH SHIELDS,NORTH SHIELDS,NORTH TYNESIDE,TYNE AND WEAR,Standard,Addition,55.0158240000,-1.4376420000
103000,2007-08-24 00:00:00Z,NE30 2HG,Flats/Maisonettes,Established,Leasehold,21A,,WASHINGTON TERRACE,NORTH SHIELDS,NORTH SHIELDS,NORTH TYNESIDE,TYNE AND WEAR,Standard,Addition,55.0155050000,-1.4384750000
112500,2007-06-19 00:00:00Z,NE30 2HF,Flats/Maisonettes,Established,Leasehold,23,,DONKIN TERRACE,NORTH SHIELDS,NORTH SHIELDS,NORTH TYNESIDE,TYNE AND WEAR,Standard,Addition,55.0148040000,-1.4366080000
96750,2007-07-16 00:00:00Z,NE30 2HX,Flats/Maisonettes,Established,Leasehold,56,,COBURG STREET,,NORTH SHIELDS,NORTH TYNESIDE,TYNE AND WEAR,Standard,Addition,55.0138020000,-1.4394690000
147950,2007-05-18 00:00:00Z,NE30 2HL,Flats/Maisonettes,Established,Leasehold,107A,,PARK CRESCENT,NORTH SHIELDS,NORTH SHIELDS,NORTH TYNESIDE,TYNE AND WEAR,Standard,Addition,55.0158600000,-1.4395340000
99950,2007-08-16 00:00:00Z,NE30 2HZ,Flats/Maisonettes,Established,Freehold,17,,PRINCES STREET,NORTH SHIELDS,NORTH SHIELDS,NORTH TYNESIDE,TYNE AND WEAR,Standard,Addition,55.0141920000,-1.4389950000
107000,2007-02-13 00:00:00Z,NE30 4AD,Flats/Maisonettes,Established,Leasehold,21,,HAZELDENE COURT,NORTH SHIELDS,NORTH SHIELDS,NORTH TYNESIDE,TYNE AND WEAR,Standard,Addition,55.0152980000,-1.4326760000
177500,2007-10-19 00:00:00Z,NE30 2HQ,Terraced,Established,Freehold,37,,PARK CRESCENT EAST,NORTH SHIELDS,NORTH SHIELDS,NORTH TYNESIDE,TYNE AND WEAR,Standard,Addition,55.0158240000,-1.4376420000
113000,2007-06-29 00:00:00Z,NE30 2HN,Flats/Maisonettes,Established,Leasehold,82,,PRINCES STREET,NORTH SHIELDS,NORTH SHIELDS,NORTH TYNESIDE,TYNE AND WEAR,Standard,Addition,55.0152640000,-1.4389630000
300000,2007-11-16 00:00:00Z,NE30 2SH,Semi-Detached,Established,Freehold,24,,ALBURY PARK ROAD,NORTH SHIELDS,NORTH SHIELDS,NORTH TYNESIDE,TYNE AND WEAR,Standard,Addition,55.0181680000,-1.4315060000
128651,2007-11-09 00:00:00Z,NE30 2HA,Flats/Maisonettes,Established,Leasehold,24,,PARK TERRACE,NORTH SHIELDS,NORTH SHIELDS,NORTH TYNESIDE,TYNE AND WEAR,Standard,Addition,55.0144710000,-1.4364720000
150000,2007-07-13 00:00:00Z,NE30 2HQ,Terraced,Established,Freehold,9,,PARK CRESCENT EAST,NORTH SHIELDS,NORTH SHIELDS,NORTH TYNESIDE,TYNE AND WEAR,Standard,Addition,55.0158240000,-1.4376420000
174000,2007-04-05 00:00:00Z,NE30 4AD,Semi-Detached,Established,Freehold,28,,HAZELDENE COURT,NORTH SHIELDS,NORTH SHIELDS,NORTH TYNESIDE,TYNE AND WEAR,Standard,Addition,55.0152980000,-1.4326760000
104000,2007-10-23 00:00:00Z,NE30 2HP,Flats/Maisonettes,Established,Leasehold,11,,ROSEDALE TERRACE,NORTH SHIELDS,NORTH SHIELDS,NORTH TYNESIDE,TYNE AND WEAR,Standard,Addition,55.0149000000,-1.4398600000
85500,2007-10-03 00:00:00Z,NE30 2HN,Flats/Maisonettes,Established,Leasehold,51,,PRINCES STREET,NORTH SHIELDS,NORTH SHIELDS,NORTH TYNESIDE,TYNE AND WEAR,Standard,Addition,55.0152640000,-1.4389630000
108000,2007-01-19 00:00:00Z,NE30 2HF,Flats/Maisonettes,Established,Leasehold,36,,DONKIN TERRACE,NORTH SHIELDS,NORTH SHIELDS,NORTH TYNESIDE,TYNE AND WEAR,Standard,Addition,55.0148040000,-1.4366080000
123500,2007-03-30 00:00:00Z,NE30 2HH,Flats/Maisonettes,Established,Freehold,25,,KITCHENER TERRACE,NORTH SHIELDS,NORTH SHIELDS,NORTH TYNESIDE,TYNE AND WEAR,Standard,Addition,55.0153440000,-1.4368510000
112000,2007-04-10 00:00:00Z,NE30 2HL,Flats/Maisonettes,Established,Leasehold,85,,PARK CRESCENT,NORTH SHIELDS,NORTH SHIELDS,NORTH TYNESIDE,TYNE AND WEAR,Standard,Addition,55.0158600000,-1.4395340000
152500,2007-02-19 00:00:00Z,NE30 1LA,Flats/Maisonettes,Established,Leasehold,30,,RENAISSANCE POINT,NORTH SHIELDS,NORTH SHIELDS,NORTH TYNESIDE,TYNE AND WEAR,Standard,Addition,55.0101820000,-1.4359380000
111000,2007-05-18 00:00:00Z,NE30 4AD,Flats/Maisonettes,Established,Leasehold,69,,HAZELDENE COURT,NORTH SHIELDS,NORTH SHIELDS,NORTH TYNESIDE,TYNE AND WEAR,Standard,Addition,55.0152980000,-1.4326760000
195000,2007-11-22 00:00:00Z,NE30 2PN,Terraced,Established,Freehold,40,,EDITH STREET,NORTH SHIELDS,NORTH SHIELDS,NORTH TYNESIDE,TYNE AND WEAR,Standard,Addition,55.0190930000,-1.4352350000
122500,2007-11-20 00:00:00Z,NE30 2HQ,Flats/Maisonettes,Established,Leasehold,22,,PARK CRESCENT EAST,NORTH SHIELDS,NORTH SHIELDS,NORTH TYNESIDE,TYNE AND WEAR,Standard,Addition,55.0158240000,-1.4376420000
105000,2007-04-10 00:00:00Z,NE30 4AF,Terraced,Established,Freehold,2,,RIVER VIEW,NORTH SHIELDS,NORTH SHIELDS,NORTH TYNESIDE,TYNE AND WEAR,Standard,Addition,55.0135260000,-1.4323260000
124999,2007-12-20 00:00:00Z,NE30 2HX,Terraced,Established,Freehold,36,,COBURG STREET,NORTH SHIELDS,NORTH SHIELDS,NORTH TYNESIDE,TYNE AND WEAR,Standard,Addition,55.0138020000,-1.4394690000
180000,2007-08-21 00:00:00Z,NE30 2HE,Terraced,Established,Freehold,10,,WASHINGTON TERRACE,NORTH SHIELDS,NORTH SHIELDS,NORTH TYNESIDE,TYNE AND WEAR,Standard,Addition,55.0144240000,-1.4380060000
215000,2007-01-11 00:00:00Z,NE30 2HF,Terraced,Established,Freehold,57,,DONKIN TERRACE,NORTH SHIELDS,NORTH SHIELDS,NORTH TYNESIDE,TYNE AND WEAR,Standard,Addition,55.0148040000,-1.4366080000
103000,2007-01-05 00:00:00Z,NE30 2HL,Flats/Maisonettes,Established,Leasehold,87,,PARK CRESCENT,NORTH SHIELDS,NORTH SHIELDS,NORTH TYNESIDE,TYNE AND WEAR,Standard,Addition,55.0158600000,-1.4395340000
82500,2007-10-26 00:00:00Z,NE30 2HZ,Flats/Maisonettes,Established,Leasehold,8B,,PRINCES STREET,,NORTH SHIELDS,NORTH TYNESIDE,TYNE AND WEAR,Standard,Addition,55.0141920000,-1.4389950000
123500,2007-03-30 00:00:00Z,NE30 2HH,Flats/Maisonettes,Established,Leasehold,27,,KITCHENER TERRACE,NORTH SHIELDS,NORTH SHIELDS,NORTH TYNESIDE,TYNE AND WEAR,Standard,Addition,55.0153440000,-1.4368510000
123250,2007-06-29 00:00:00Z,NE30 2HA,Flats/Maisonettes,Established,Leasehold,6,,PARK TERRACE,NORTH SHIELDS,NORTH SHIELDS,NORTH TYNESIDE,TYNE AND WEAR,Standard,Addition,55.0144710000,-1.4364720000
115000,2008-03-14 00:00:00Z,NE30 4AD,Flats/Maisonettes,Established,Leasehold,25,,HAZELDENE COURT,NORTH SHIELDS,NORTH SHIELDS,NORTH TYNESIDE,TYNE AND WEAR,Standard,Addition,55.0152980000,-1.4326760000
179000,2008-02-15 00:00:00Z,NE30 2HY,Terraced,Established,Freehold,50,,JACKSON STREET,NORTH SHIELDS,NORTH SHIELDS,NORTH TYNESIDE,TYNE AND WEAR,Standard,Addition,55.0147450000,-1.4393620000
108000,2008-08-08 00:00:00Z,NE30 2HA,Flats/Maisonettes,Established,Leasehold,25,,PARK TERRACE,NORTH SHIELDS,NORTH SHIELDS,NORTH TYNESIDE,TYNE AND WEAR,Standard,Addition,55.0144710000,-1.4364720000
104000,2008-06-20 00:00:00Z,NE30 2HZ,Flats/Maisonettes,Established,Leasehold,22,,PRINCES STREET,NORTH SHIELDS,NORTH SHIELDS,NORTH TYNESIDE,TYNE AND WEAR,Standard,Addition,55.0141920000,-1.4389950000
290000,2008-11-18 00:00:00Z,NE30 2EP,Terraced,Established,Freehold,63,,LINSKILL TERRACE,NORTH SHIELDS,NORTH SHIELDS,NORTH TYNESIDE,TYNE AND WEAR,Standard,Addition,55.0161490000,-1.4399050000
112000,2008-07-11 00:00:00Z,NE30 4AD,Flats/Maisonettes,Established,Leasehold,36,,HAZELDENE COURT,NORTH SHIELDS,NORTH SHIELDS,NORTH TYNESIDE,TYNE AND WEAR,Standard,Addition,55.0152980000,-1.4326760000
235000,2008-12-16 00:00:00Z,NE30 2RU,Terraced,Established,Freehold,1,,MARINERS LANE,NORTH SHIELDS,NORTH SHIELDS,NORTH TYNESIDE,TYNE AND WEAR,Standard,Addition,55.0163880000,-1.4313940000
160000,2008-05-09 00:00:00Z,NE30 2SE,Flats/Maisonettes,Established,Leasehold,ST. AIDANS COURT,18,MARINERS LANE,NORTH SHIELDS,NORTH SHIELDS,NORTH TYNESIDE,TYNE AND WEAR,Standard,Addition,55.0177770000,-1.4346250000
86000,2008-12-04 00:00:00Z,NE30 2HN,Flats/Maisonettes,Established,Freehold,65,,PRINCES STREET,NORTH SHIELDS,NORTH SHIELDS,NORTH TYNESIDE,TYNE AND WEAR,Standard,Addition,55.0152640000,-1.4389630000
167000,2008-08-22 00:00:00Z,NE30 2HE,Flats/Maisonettes,Established,Leasehold,12,,WASHINGTON TERRACE,NORTH SHIELDS,NORTH SHIELDS,NORTH TYNESIDE,TYNE AND WEAR,Standard,Addition,55.0144240000,-1.4380060000
64500,2008-11-28 00:00:00Z,NE30 2HG,Flats/Maisonettes,Established,Leasehold,61,,WASHINGTON TERRACE,NORTH SHIELDS,NORTH SHIELDS,NORTH TYNESIDE,TYNE AND WEAR,Standard,Addition,55.0155050000,-1.4384750000
123000,2008-02-08 00:00:00Z,NE30 4AF,Terraced,Established,Freehold,2,,RIVER VIEW,NORTH SHIELDS,NORTH SHIELDS,NORTH TYNESIDE,TYNE AND WEAR,Standard,Addition,55.0135260000,-1.4323260000
157500,2008-06-18 00:00:00Z,NE30 2HY,Terraced,Established,Freehold,50,,JACKSON STREET,NORTH SHIELDS,NORTH SHIELDS,NORTH TYNESIDE,TYNE AND WEAR,Standard,Addition,55.0147450000,-1.4393620000
180000,2008-04-10 00:00:00Z,NE30 2PN,Terraced,Established,Freehold,23,,EDITH STREET,NORTH SHIELDS,NORTH SHIELDS,NORTH TYNESIDE,TYNE AND WEAR,Standard,Addition,55.0190930000,-1.4352350000
320000,2008-07-25 00:00:00Z,NE30 1LA,Flats/Maisonettes,Established,Leasehold,14,,RENAISSANCE POINT,NORTH SHIELDS,NORTH SHIELDS,NORTH TYNESIDE,TYNE AND WEAR,Standard,Addition,55.0101820000,-1.4359380000
115000,2008-02-04 00:00:00Z,NE30 2HF,Flats/Maisonettes,Established,Leasehold,44,,DONKIN TERRACE,NORTH SHIELDS,NORTH SHIELDS,NORTH TYNESIDE,TYNE AND WEAR,Standard,Addition,55.0148040000,-1.4366080000
211000,2008-03-14 00:00:00Z,NE30 2HE,Terraced,Established,Freehold,5,,WASHINGTON TERRACE,NORTH SHIELDS,NORTH SHIELDS,NORTH TYNESIDE,TYNE AND WEAR,Standard,Addition,55.0144240000,-1.4380060000
119000,2008-07-11 00:00:00Z,NE30 2HF,Flats/Maisonettes,Established,Leasehold,28,,DONKIN TERRACE,NORTH SHIELDS,NORTH SHIELDS,NORTH TYNESIDE,TYNE AND WEAR,Standard,Addition,55.0148040000,-1.4366080000
239000,2008-03-07 00:00:00Z,NE30 2SG,Terraced,Established,Freehold,15,,DENWICK TERRACE,NORTH SHIELDS,NORTH SHIELDS,NORTH TYNESIDE,TYNE AND WEAR,Standard,Addition,55.0178610000,-1.4312010000
150000,2008-04-18 00:00:00Z,NE30 1LA,Flats/Maisonettes,Established,Leasehold,32,,RENAISSANCE POINT,NORTH SHIELDS,NORTH SHIELDS,NORTH TYNESIDE,TYNE AND WEAR,Standard,Addition,55.0101820000,-1.4359380000
116500,2008-11-07 00:00:00Z,NE30 2HA,Flats/Maisonettes,Established,Leasehold,18,,PARK TERRACE,NORTH SHIELDS,NORTH SHIELDS,NORTH TYNESIDE,TYNE AND WEAR,Standard,Addition,55.0144710000,-1.4364720000
227500,2008-06-20 00:00:00Z,NE30 2HE,Semi-Detached,Established,Freehold,6,,WASHINGTON TERRACE,NORTH SHIELDS,NORTH SHIELDS,NORTH TYNESIDE,TYNE AND WEAR,Standard,Addition,55.0144240000,-1.4380060000
95000,2008-03-20 00:00:00Z,NE30 2HF,Flats/Maisonettes,Established,Leasehold,38,,DONKIN TERRACE,NORTH SHIELDS,NORTH SHIELDS,NORTH TYNESIDE,TYNE AND WEAR,Standard,Addition,55.0148040000,-1.4366080000
266000,2008-03-14 00:00:00Z,NE30 2RT,Terraced,Established,Freehold,1,,HORSLEY TERRACE,NORTH SHIELDS,NORTH SHIELDS,NORTH TYNESIDE,TYNE AND WEAR,Standard,Addition,55.0158700000,-1.4301500000
105950,2008-11-28 00:00:00Z,NE30 2HA,Flats/Maisonettes,Established,Leasehold,19,,PARK TERRACE,NORTH SHIELDS,NORTH SHIELDS,NORTH TYNESIDE,TYNE AND WEAR,Standard,Addition,55.0144710000,-1.4364720000
250000,2008-05-09 00:00:00Z,NE30 2HJ,Terraced,Established,Freehold,38,,WASHINGTON TERRACE,NORTH SHIELDS,NORTH SHIELDS,NORTH TYNESIDE,TYNE AND WEAR,Standard,Addition,55.0165290000,-1.4383830000
105950,2008-11-28 00:00:00Z,NE30 2HA,Flats/Maisonettes,Established,Freehold,18,,PARK TERRACE,NORTH SHIELDS,NORTH SHIELDS,NORTH TYNESIDE,TYNE AND WEAR,Standard,Addition,55.0144710000,-1.4364720000
178100,2008-05-02 00:00:00Z,NE30 2EU,Terraced,Established,Freehold,18,,PARK AVENUE,NORTH SHIELDS,NORTH SHIELDS,NORTH TYNESIDE,TYNE AND WEAR,Standard,Addition,55.0163080000,-1.4373220000
80000,2008-10-31 00:00:00Z,NE30 2HZ,Flats/Maisonettes,Established,Leasehold,8A,,PRINCES STREET,NORTH SHIELDS,NORTH SHIELDS,NORTH TYNESIDE,TYNE AND WEAR,Standard,Addition,55.0141920000,-1.4389950000
112500,2008-05-02 00:00:00Z,NE30 2ET,Flats/Maisonettes,Established,Leasehold,4A,,KING EDWARD ROAD,NORTH SHIELDS,NORTH SHIELDS,NORTH TYNESIDE,TYNE AND WEAR,Standard,Addition,55.0168610000,-1.4383160000
95000,2008-10-17 00:00:00Z,NE30 2HG,Flats/Maisonettes,Established,Leasehold,57,,WASHINGTON TERRACE,NORTH SHIELDS,NORTH SHIELDS,NORTH TYNESIDE,TYNE AND WEAR,Standard,Addition,55.0155050000,-1.4384750000
250000,2008-12-19 00:00:00Z,NE30 2SA,Terraced,Established,Freehold,51,,HULNE AVENUE,NORTH SHIELDS,NORTH SHIELDS,NORTH TYNESIDE,TYNE AND WEAR,Standard,Addition,55.0167970000,-1.4308740000
180000,2008-05-21 00:00:00Z,NE30 2RU,Terraced,Established,Freehold,1,,MARINERS LANE,NORTH SHIELDS,NORTH SHIELDS,NORTH TYNESIDE,TYNE AND WEAR,Standard,Addition,55.0163880000,-1.4313940000
116500,2008-11-07 00:00:00Z,NE30 2HA,Flats/Maisonettes,Established,Freehold,19,,PARK TERRACE,NORTH SHIELDS,NORTH SHIELDS,NORTH TYNESIDE,TYNE AND WEAR,Standard,Addition,55.0144710000,-1.4364720000
250000,2008-05-30 00:00:00Z,NE30 2PW,Terraced,Established,Freehold,11,,ALGERNON TERRACE,NORTH SHIELDS,NORTH SHIELDS,NORTH TYNESIDE,TYNE AND WEAR,Standard,Addition,55.0190770000,-1.4356100000
199000,2008-12-19 00:00:00Z,NE30 2HL,Terraced,Established,Freehold,75,,PARK CRESCENT,NORTH SHIELDS,NORTH SHIELDS,NORTH TYNESIDE,TYNE AND WEAR,Standard,Addition,55.0158600000,-1.4395340000
117100,2008-08-08 00:00:00Z,NE30 2HH,Flats/Maisonettes,Established,Leasehold,51,,KITCHENER TERRACE,NORTH SHIELDS,NORTH SHIELDS,NORTH TYNESIDE,TYNE AND WEAR,Standard,Addition,55.0153440000,-1.4368510000
115000,2008-05-01 00:00:00Z,NE30 2HN,Flats/Maisonettes,Established,Leasehold,51,,PRINCES STREET,NORTH SHIELDS,NORTH SHIELDS,NORTH TYNESIDE,TYNE AND WEAR,Standard,Addition,55.0152640000,-1.4389630000
70000,2008-08-28 00:00:00Z,NE30 1DY,Terraced,Established,Freehold,UNIT 1,,EAST GEORGE STREET,NORTH SHIELDS,NORTH SHIELDS,NORTH TYNESIDE,TYNE AND WEAR,Standard,Addition,55.0127560000,-1.4367140000
196000,2008-03-06 00:00:00Z,NE30 2HE,Terraced,Established,Freehold,10,,WASHINGTON TERRACE,NORTH SHIELDS,NORTH SHIELDS,NORTH TYNESIDE,TYNE AND WEAR,Standard,Addition,55.0144240000,-1.4380060000
165000,2008-05-30 00:00:00Z,NE30 2SE,Flats/Maisonettes,Established,Leasehold,ST. AIDANS COURT,4,MARINERS LANE,NORTH SHIELDS,NORTH SHIELDS,NORTH TYNESIDE,TYNE AND WEAR,Standard,Addition,55.0177770000,-1.4346250000
194000,2008-04-04 00:00:00Z,NE30 2HP,Terraced,Established,Freehold,18,,ROSEDALE TERRACE,NORTH SHIELDS,NORTH SHIELDS,NORTH TYNESIDE,TYNE AND WEAR,Standard,Addition,55.0149000000,-1.4398600000
215000,2008-08-29 00:00:00Z,NE30 2RU,Terraced,Established,Freehold,29,,MARINERS LANE,NORTH SHIELDS,NORTH SHIELDS,NORTH TYNESIDE,TYNE AND WEAR,Standard,Addition,55.0163880000,-1.4313940000
150000,2008-03-10 00:00:00Z,NE30 2SA,Flats/Maisonettes,Established,Leasehold,37,,HULNE AVENUE,NORTH SHIELDS,NORTH SHIELDS,NORTH TYNESIDE,TYNE AND WEAR,Standard,Addition,55.0167970000,-1.4308740000
93000,2008-02-08 00:00:00Z,NE30 2HN,Flats/Maisonettes,Established,Leasehold,49,,PRINCES STREET,NORTH SHIELDS,NORTH SHIELDS,NORTH TYNESIDE,TYNE AND WEAR,Standard,Addition,55.0152640000,-1.4389630000
115000,2008-02-15 00:00:00Z,NE30 2HF,Flats/Maisonettes,Established,Leasehold,26,,DONKIN TERRACE,NORTH SHIELDS,NORTH SHIELDS,NORTH TYNESIDE,TYNE AND WEAR,Standard,Addition,55.0148040000,-1.4366080000
125000,2008-04-11 00:00:00Z,NE30 2ET,Flats/Maisonettes,Established,Leasehold,4A,,KING EDWARD ROAD,NORTH SHIELDS,NORTH SHIELDS,NORTH TYNESIDE,TYNE AND WEAR,Standard,Addition,55.0168610000,-1.4383160000
123500,2008-06-23 00:00:00Z,NE30 1LA,Flats/Maisonettes,Established,Leasehold,34,,RENAISSANCE POINT,NORTH SHIELDS,NORTH SHIELDS,NORTH TYNESIDE,TYNE AND WEAR,Standard,Addition,55.0101820000,-1.4359380000
277000,2008-10-31 00:00:00Z,NE30 2HG,Terraced,Established,Freehold,23,,WASHINGTON TERRACE,NORTH SHIELDS,NORTH SHIELDS,NORTH TYNESIDE,TYNE AND WEAR,Standard,Addition,55.0155050000,-1.4384750000
160000,2008-09-16 00:00:00Z,NE30 2HP,Flats/Maisonettes,Established,Freehold,7,,ROSEDALE TERRACE,NORTH SHIELDS,NORTH SHIELDS,NORTH TYNESIDE,TYNE AND WEAR,Standard,Addition,55.0149000000,-1.4398600000
117000,2008-06-26 00:00:00Z,NE30 2HF,Flats/Maisonettes,Established,Leasehold,42,,DONKIN TERRACE,NORTH SHIELDS,NORTH SHIELDS,NORTH TYNESIDE,TYNE AND WEAR,Standard,Addition,55.0148040000,-1.4366080000
95000,2008-08-01 00:00:00Z,NE30 2HA,Flats/Maisonettes,Established,Leasehold,3,,PARK TERRACE,NORTH SHIELDS,NORTH SHIELDS,NORTH TYNESIDE,TYNE AND WEAR,Standard,Addition,55.0144710000,-1.4364720000
115000,2008-01-04 00:00:00Z,NE30 2HN,Flats/Maisonettes,Established,Leasehold,55,,PRINCES STREET,,NORTH SHIELDS,NORTH TYNESIDE,TYNE AND WEAR,Standard,Addition,55.0152640000,-1.4389630000
230000,2008-04-03 00:00:00Z,NE30 2HE,Terraced,Established,Freehold,83,,WASHINGTON TERRACE,NORTH SHIELDS,NORTH SHIELDS,NORTH TYNESIDE,TYNE AND WEAR,Standard,Addition,55.0144240000,-1.4380060000
123000,2008-06-18 00:00:00Z,NE30 2HF,Flats/Maisonettes,Established,Leasehold,53,,DONKIN TERRACE,NORTH SHIELDS,NORTH SHIELDS,NORTH TYNESIDE,TYNE AND WEAR,Standard,Addition,55.0148040000,-1.4366080000
162000,2008-01-11 00:00:00Z,NE30 2SE,Flats/Maisonettes,Established,Leasehold,ST. AIDANS COURT,20,MARINERS LANE,NORTH SHIELDS,NORTH SHIELDS,NORTH TYNESIDE,TYNE AND WEAR,Standard,Addition,55.0177770000,-1.4346250000
100000,2008-04-18 00:00:00Z,NE30 2HF,Flats/Maisonettes,Established,Leasehold,6,,DONKIN TERRACE,NORTH SHIELDS,NORTH SHIELDS,NORTH TYNESIDE,TYNE AND WEAR,Standard,Addition,55.0148040000,-1.4366080000
86000,2008-12-04 00:00:00Z,NE30 2HN,Flats/Maisonettes,Established,Leasehold,63,,PRINCES STREET,NORTH SHIELDS,NORTH SHIELDS,NORTH TYNESIDE,TYNE AND WEAR,Standard,Addition,55.0152640000,-1.4389630000
107000,2008-09-02 00:00:00Z,NE30 2HG,Flats/Maisonettes,Established,Leasehold,63,,WASHINGTON TERRACE,NORTH SHIELDS,NORTH SHIELDS,NORTH TYNESIDE,TYNE AND WEAR,Standard,Addition,55.0155050000,-1.4384750000
325000,2008-11-14 00:00:00Z,NE30 1LA,Flats/Maisonettes,Established,Leasehold,19,,RENAISSANCE POINT,NORTH SHIELDS,NORTH SHIELDS,NORTH TYNESIDE,TYNE AND WEAR,Standard,Addition,55.0101820000,-1.4359380000
117100,2008-08-08 00:00:00Z,NE30 2HH,Flats/Maisonettes,Established,Freehold,49,,KITCHENER TERRACE,NORTH SHIELDS,NORTH SHIELDS,NORTH TYNESIDE,TYNE AND WEAR,Standard,Addition,55.0153440000,-1.4368510000
122500,2008-07-18 00:00:00Z,NE30 2HG,Flats/Maisonettes,Established,Leasehold,68,,WASHINGTON TERRACE,NORTH SHIELDS,NORTH SHIELDS,NORTH TYNESIDE,TYNE AND WEAR,Standard,Addition,55.0155050000,-1.4384750000
197000,2009-06-30 00:00:00Z,NE30 2SG,Terraced,Established,Freehold,4,,DENWICK TERRACE,,NORTH SHIELDS,NORTH TYNESIDE,TYNE AND WEAR,Standard,Addition,55.0178610000,-1.4312010000
107000,2009-12-07 00:00:00Z,NE30 2HF,Flats/Maisonettes,Established,Leasehold,36,,DONKIN TERRACE,,NORTH SHIELDS,NORTH TYNESIDE,TYNE AND WEAR,Standard,Addition,55.0148040000,-1.4366080000
350000,2009-05-27 00:00:00Z,NE30 2SQ,Terraced,Established,Freehold,22,,BRISLEE AVENUE,,NORTH SHIELDS,NORTH TYNESIDE,TYNE AND WEAR,Standard,Addition,55.0177910000,-1.4316090000
95000,2009-05-01 00:00:00Z,NE30 4AF,Terraced,Established,Freehold,6,,RIVER VIEW,,NORTH SHIELDS,NORTH TYNESIDE,TYNE AND WEAR,Standard,Addition,55.0135260000,-1.4323260000
112500,2009-04-03 00:00:00Z,NE30 2HG,Flats/Maisonettes,Established,Leasehold,70,,WASHINGTON TERRACE,,NORTH SHIELDS,NORTH TYNESIDE,TYNE AND WEAR,Standard,Addition,55.0155050000,-1.4384750000
245000,2009-05-14 00:00:00Z,NE30 1HB,Flats/Maisonettes,New Build,Leasehold,THE IRVIN BUILDING,APARTMENT 25,UNION QUAY,,NORTH SHIELDS,NORTH TYNESIDE,TYNE AND WEAR,Standard,Addition,55.0103390000,-1.4349350000
103500,2009-10-02 00:00:00Z,NE30 2HG,Flats/Maisonettes,Established,Leasehold,64,,WASHINGTON TERRACE,,NORTH SHIELDS,NORTH TYNESIDE,TYNE AND WEAR,Standard,Addition,55.0155050000,-1.4384750000
60000,2009-11-10 00:00:00Z,NE30 1EE,Flats/Maisonettes,Established,Leasehold,62,,TYNEMOUTH ROAD,,NORTH SHIELDS,NORTH TYNESIDE,TYNE AND WEAR,Standard,Addition,55.0132560000,-1.4383510000
185000,2009-04-03 00:00:00Z,NE30 2RU,Terraced,Established,Freehold,23,,MARINERS LANE,,NORTH SHIELDS,NORTH TYNESIDE,TYNE AND WEAR,Standard,Addition,55.0163880000,-1.4313940000
110000,2009-04-15 00:00:00Z,NE30 4AD,Flats/Maisonettes,Established,Leasehold,72,,HAZELDENE COURT,,NORTH SHIELDS,NORTH TYNESIDE,TYNE AND WEAR,Standard,Addition,55.0152980000,-1.4326760000
189000,2009-03-31 00:00:00Z,NE30 1HB,Flats/Maisonettes,Established,Leasehold,THE IRVIN BUILDING,APARTMENT 20,UNION QUAY,,NORTH SHIELDS,NORTH TYNESIDE,TYNE AND WEAR,Standard,Addition,55.0103390000,-1.4349350000
145000,2009-05-22 00:00:00Z,NE30 1HB,Flats/Maisonettes,New Build,Leasehold,THE IRVIN BUILDING,APARTMENT 19,UNION QUAY,,NORTH SHIELDS,NORTH TYNESIDE,TYNE AND WEAR,Standard,Addition,55.0103390000,-1.4349350000
415000,2009-12-11 00:00:00Z,NE30 2RW,Semi-Detached,Established,Freehold,37,,KING EDWARD ROAD,,NORTH SHIELDS,NORTH TYNESIDE,TYNE AND WEAR,Standard,Addition,55.0190090000,-1.4324830000
147500,2009-02-19 00:00:00Z,NE30 2PN,Semi-Detached,Established,Freehold,41,,EDITH STREET,NORTH SHIELDS,NORTH SHIELDS,NORTH TYNESIDE,TYNE AND WEAR,Standard,Addition,55.0190930000,-1.4352350000
136000,2009-02-20 00:00:00Z,NE30 1HB,Flats/Maisonettes,New Build,Leasehold,THE IRVIN BUILDING,APARTMENT 8,UNION QUAY,,NORTH SHIELDS,NORTH TYNESIDE,TYNE AND WEAR,Standard,Addition,55.0103390000,-1.4349350000
225000,2009-11-05 00:00:00Z,NE30 2SD,Semi-Detached,Established,Freehold,41,,MARINERS LANE,,NORTH SHIELDS,NORTH TYNESIDE,TYNE AND WEAR,Standard,Addition,55.0173550000,-1.4323660000
320000,2009-11-06 00:00:00Z,NE30 2HB,Terraced,Established,Freehold,2,,WASHINGTON MEWS,,NORTH SHIELDS,NORTH TYNESIDE,TYNE AND WEAR,Standard,Addition,55.0166290000,-1.4390050000
110500,2009-02-20 00:00:00Z,NE30 2SA,Flats/Maisonettes,Established,Leasehold,10,,HULNE AVENUE,NORTH SHIELDS,NORTH SHIELDS,NORTH TYNESIDE,TYNE AND WEAR,Standard,Addition,55.0167970000,-1.4308740000
190000,2009-05-01 00:00:00Z,NE30 2EU,Terraced,Established,Freehold,23,,PARK AVENUE,,NORTH SHIELDS,NORTH TYNESIDE,TYNE AND WEAR,Standard,Addition,55.0163080000,-1.4373220000
68000,2009-11-02 00:00:00Z,NE30 2EG,Flats/Maisonettes,Established,Leasehold,110,,GREY STREET,,NORTH SHIELDS,NORTH TYNESIDE,TYNE AND WEAR,Standard,Addition,55.0137620000,-1.4387030000
660000,2009-07-03 00:00:00Z,NE30 2RP,Semi-Detached,Established,Freehold,26,,KING EDWARD ROAD,,NORTH SHIELDS,NORTH TYNESIDE,TYNE AND WEAR,Standard,Addition,55.0186570000,-1.4321910000
173000,2009-07-17 00:00:00Z,NE30 2RZ,Terraced,Established,Freehold,DENEHOLM,,BEANLEY CRESCENT,,NORTH SHIELDS,NORTH TYNESIDE,TYNE AND WEAR,Standard,Addition,55.0161490000,-1.4302400000
249950,2009-01-30 00:00:00Z,NE30 1LA,Terraced,Established,Leasehold,24,,RENAISSANCE POINT,NORTH SHIELDS,NORTH SHIELDS,NORTH TYNESIDE,TYNE AND WEAR,Standard,Addition,55.0101820000,-1.4359380000
100000,2009-03-27 00:00:00Z,NE30 2HA,Flats/Maisonettes,Established,Leasehold,16,,PARK TERRACE,NORTH SHIELDS,NORTH SHIELDS,NORTH TYNESIDE,TYNE AND WEAR,Standard,Addition,55.0144710000,-1.4364720000
114000,2009-05-15 00:00:00Z,NE30 4AD,Flats/Maisonettes,Established,Leasehold,18,,HAZELDENE COURT,,NORTH SHIELDS,NORTH TYNESIDE,TYNE AND WEAR,Standard,Addition,55.0152980000,-1.4326760000
182000,2009-03-31 00:00:00Z,NE30 2RZ,Terraced,Established,Freehold,21,,BEANLEY CRESCENT,,NORTH SHIELDS,NORTH TYNESIDE,TYNE AND WEAR,Standard,Addition,55.0161490000,-1.4302400000
215000,2009-06-05 00:00:00Z,NE30 2HA,Terraced,Established,Freehold,34,,PARK TERRACE,,NORTH SHIELDS,NORTH TYNESIDE,TYNE AND WEAR,Standard,Addition,55.0144710000,-1.4364720000
92000,2009-11-06 00:00:00Z,NE30 2HL,Flats/Maisonettes,Established,Leasehold,103A,,PARK CRESCENT,,NORTH SHIELDS,NORTH TYNESIDE,TYNE AND WEAR,Standard,Addition,55.0158600000,-1.4395340000
116000,2009-04-15 00:00:00Z,NE30 2HQ,Flats/Maisonettes,Established,Leasehold,17,,PARK CRESCENT EAST,NORTH SHIELDS,NORTH SHIELDS,NORTH TYNESIDE,TYNE AND WEAR,Standard,Addition,55.0158240000,-1.4376420000
88000,2009-12-18 00:00:00Z,NE30 2HQ,Flats/Maisonettes,Established,Leasehold,19,,PARK CRESCENT EAST,,NORTH SHIELDS,NORTH TYNESIDE,TYNE AND WEAR,Standard,Addition,55.0158240000,-1.4376420000
349000,2009-01-30 00:00:00Z,NE30 2LA,Semi-Detached,Established,Freehold,16,,ASHLEIGH GROVE,NORTH SHIELDS,NORTH SHIELDS,NORTH TYNESIDE,TYNE AND WEAR,Standard,Addition,55.0197030000,-1.4329430000
112500,2009-04-03 00:00:00Z,NE30 2HG,Flats/Maisonettes,Established,Freehold,69,,WASHINGTON TERRACE,,NORTH SHIELDS,NORTH TYNESIDE,TYNE AND WEAR,Standard,Addition,55.0155050000,-1.4384750000
135000,2009-11-04 00:00:00Z,NE30 2HG,Flats/Maisonettes,Established,Leasehold,27A,,WASHINGTON TERRACE,,NORTH SHIELDS,NORTH TYNESIDE,TYNE AND WEAR,Standard,Addition,55.0155050000,-1.4384750000
138000,2009-11-06 00:00:00Z,NE30 2SA,Flats/Maisonettes,Established,Leasehold,41,,HULNE AVENUE,,NORTH SHIELDS,NORTH TYNESIDE,TYNE AND WEAR,Standard,Addition,55.0167970000,-1.4308740000
102500,2009-07-30 00:00:00Z,NE30 1HB,Flats/Maisonettes,New Build,Leasehold,THE IRVIN BUILDING,APARTMENT 3,UNION QUAY,,NORTH SHIELDS,NORTH TYNESIDE,TYNE AND WEAR,Standard,Addition,55.0103390000,-1.4349350000
168000,2009-12-23 00:00:00Z,NE30 2HL,Terraced,Established,Freehold,50,,PARK CRESCENT,,NORTH SHIELDS,NORTH TYNESIDE,TYNE AND WEAR,Standard,Addition,55.0158600000,-1.4395340000
88000,2009-12-18 00:00:00Z,NE30 2HQ,Flats/Maisonettes,Established,Freehold,21,,PARK CRESCENT EAST,,NORTH SHIELDS,NORTH TYNESIDE,TYNE AND WEAR,Standard,Addition,55.0158240000,-1.4376420000
250000,2009-07-31 00:00:00Z,NE30 2SA,Terraced,Established,Freehold,51,,HULNE AVENUE,,NORTH SHIELDS,NORTH TYNESIDE,TYNE AND WEAR,Standard,Addition,55.0167970000,-1.4308740000
230000,2009-02-19 00:00:00Z,NE30 2RU,Terraced,Established,Freehold,3,,MARINERS LANE,NORTH SHIELDS,NORTH SHIELDS,NORTH TYNESIDE,TYNE AND WEAR,Standard,Addition,55.0163880000,-1.4313940000
135000,2009-07-24 00:00:00Z,NE30 2HF,Terraced,Established,Freehold,54,,DONKIN TERRACE,,NORTH SHIELDS,NORTH TYNESIDE,TYNE AND WEAR,Standard,Addition,55.0148040000,-1.4366080000
137000,2009-01-05 00:00:00Z,NE30 2SA,Flats/Maisonettes,Established,Leasehold,29,,HULNE AVENUE,NORTH SHIELDS,NORTH SHIELDS,NORTH TYNESIDE,TYNE AND WEAR,Standard,Addition,55.0167970000,-1.4308740000
116000,2009-04-06 00:00:00Z,NE30 4AD,Flats/Maisonettes,Established,Leasehold,18,,HAZELDENE COURT,,NORTH SHIELDS,NORTH TYNESIDE,TYNE AND WEAR,Standard,Addition,55.0152980000,-1.4326760000
220000,2009-04-17 00:00:00Z,NE30 2SQ,Semi-Detached,Established,Freehold,8,,BRISLEE AVENUE,,NORTH SHIELDS,NORTH TYNESIDE,TYNE AND WEAR,Standard,Addition,55.0177910000,-1.4316090000
150000,2009-07-31 00:00:00Z,NE30 4AD,Semi-Detached,Established,Freehold,7,,HAZELDENE COURT,,NORTH SHIELDS,NORTH TYNESIDE,TYNE AND WEAR,Standard,Addition,55.0152980000,-1.4326760000
140000,2009-06-05 00:00:00Z,NE30 2RR,Terraced,Established,Leasehold,13,,BIRTLEY AVENUE,,NORTH SHIELDS,NORTH TYNESIDE,TYNE AND WEAR,Standard,Addition,55.0178740000,-1.4300590000
227500,2010-04-01 00:00:00Z,NE30 2PW,Terraced,Established,Freehold,21,,ALGERNON TERRACE,,NORTH SHIELDS,NORTH TYNESIDE,TYNE AND WEAR,Standard,Addition,55.0190770000,-1.4356100000
115000,2010-08-27 00:00:00Z,NE30 2HH,Flats/Maisonettes,Established,Leasehold,23,,KITCHENER TERRACE,,NORTH SHIELDS,NORTH TYNESIDE,TYNE AND WEAR,Standard,Addition,55.0153440000,-1.4368510000
63000,2010-04-01 00:00:00Z,NE30 4AF,Flats/Maisonettes,Established,Leasehold,62,,RIVER VIEW,,NORTH SHIELDS,NORTH TYNESIDE,TYNE AND WEAR,Standard,Addition,55.0135260000,-1.4323260000
145000,2010-06-14 00:00:00Z,NE30 4AD,Terraced,Established,Freehold,61,,HAZELDENE COURT,,NORTH SHIELDS,NORTH TYNESIDE,TYNE AND WEAR,Standard,Addition,55.0152980000,-1.4326760000
219950,2010-08-20 00:00:00Z,NE30 2EU,Terraced,Established,Freehold,19,,PARK AVENUE,,NORTH SHIELDS,NORTH TYNESIDE,TYNE AND WEAR,Standard,Addition,55.0163080000,-1.4373220000
112000,2010-08-27 00:00:00Z,NE30 2HH,Flats/Maisonettes,Established,Leasehold,19,,KITCHENER TERRACE,,NORTH SHIELDS,NORTH TYNESIDE,TYNE AND WEAR,Standard,Addition,55.0153440000,-1.4368510000
70000,2010-09-09 00:00:00Z,NE30 2HD,Terraced,Established,Freehold,2,,WASHINGTON TERRACE,,NORTH SHIELDS,NORTH TYNESIDE,TYNE AND WEAR,Standard,Addition,55.0135240000,-1.4375800000
100000,2010-07-09 00:00:00Z,NE30 2HQ,Flats/Maisonettes,Established,Leasehold,30,,PARK CRESCENT EAST,,NORTH SHIELDS,NORTH TYNESIDE,TYNE AND WEAR,Standard,Addition,55.0158240000,-1.4376420000
170250,2010-09-17 00:00:00Z,NE30 2PN,Terraced,Established,Freehold,29,,EDITH STREET,,NORTH SHIELDS,NORTH TYNESIDE,TYNE AND WEAR,Standard,Addition,55.0190930000,-1.4352350000
150000,2010-04-26 00:00:00Z,NE30 2SA,Terraced,Established,Freehold,2,,HULNE AVENUE,,NORTH SHIELDS,NORTH TYNESIDE,TYNE AND WEAR,Standard,Addition,55.0167970000,-1.4308740000
242800,2010-01-29 00:00:00Z,NE30 1HB,Flats/Maisonettes,New Build,Leasehold,THE IRVIN BUILDING,APARTMENT 26,UNION QUAY,,NORTH SHIELDS,NORTH TYNESIDE,TYNE AND WEAR,Standard,Addition,55.0103390000,-1.4349350000
202000,2010-11-26 00:00:00Z,NE30 2EU,Terraced,Established,Freehold,8,,PARK AVENUE,,NORTH SHIELDS,NORTH TYNESIDE,TYNE AND WEAR,Standard,Addition,55.0163080000,-1.4373220000
165000,2010-07-30 00:00:00Z,NE30 4AD,Terraced,Established,Freehold,28,,HAZELDENE COURT,,NORTH SHIELDS,NORTH TYNESIDE,TYNE AND WEAR,Standard,Addition,55.0152980000,-1.4326760000
177500,2010-12-10 00:00:00Z,NE30 1HB,Flats/Maisonettes,New Build,Leasehold,THE IRVIN BUILDING,APARTMENT 17,UNION QUAY,,NORTH SHIELDS,NORTH TYNESIDE,TYNE AND WEAR,Standard,Addition,55.0103390000,-1.4349350000
225000,2010-05-20 00:00:00Z,NE30 2SH,Terraced,Established,Freehold,13,,ALBURY PARK ROAD,,NORTH SHIELDS,NORTH TYNESIDE,TYNE AND WEAR,Standard,Addition,55.0181680000,-1.4315060000
106000,2010-09-23 00:00:00Z,NE30 2HH,Flats/Maisonettes,Established,Leasehold,57,,KITCHENER TERRACE,,NORTH SHIELDS,NORTH TYNESIDE,TYNE AND WEAR,Standard,Addition,55.0153440000,-1.4368510000
100450,2010-04-23 00:00:00Z,NE30 2HP,Flats/Maisonettes,Established,Leasehold,5,,ROSEDALE TERRACE,,NORTH SHIELDS,NORTH TYNESIDE,TYNE AND WEAR,Standard,Addition,55.0149000000,-1.4398600000
198000,2010-06-07 00:00:00Z,NE30 2SD,Semi-Detached,Established,Freehold,45,,MARINERS LANE,,NORTH SHIELDS,NORTH TYNESIDE,TYNE AND WEAR,Standard,Addition,55.0173550000,-1.4323660000
110000,2010-02-24 00:00:00Z,NE30 1JP,Semi-Detached,Established,Freehold,19,,HUDSON STREET,,NORTH SHIELDS,NORTH TYNESIDE,TYNE AND WEAR,Standard,Addition,55.0105720000,-1.4365900000
112000,2010-03-05 00:00:00Z,NE30 4AD,Flats/Maisonettes,Established,Leasehold,45,,HAZELDENE COURT,,NORTH SHIELDS,NORTH TYNESIDE,TYNE AND WEAR,Standard,Addition,55.0152980000,-1.4326760000
146000,2010-10-01 00:00:00Z,NE30 2HQ,Terraced,Established,Freehold,9,,PARK CRESCENT EAST,,NORTH SHIELDS,NORTH TYNESIDE,TYNE AND WEAR,Standard,Addition,55.0158240000,-1.4376420000
112000,2010-08-27 00:00:00Z,NE30 2HH,Flats/Maisonettes,Established,Freehold,17,,KITCHENER TERRACE,,NORTH SHIELDS,NORTH TYNESIDE,TYNE AND WEAR,Standard,Addition,55.0153440000,-1.4368510000
85000,2010-07-09 00:00:00Z,NE30 2HQ,Flats/Maisonettes,Established,Leasehold,32,,PARK CRESCENT EAST,,NORTH SHIELDS,NORTH TYNESIDE,TYNE AND WEAR,Standard,Addition,55.0158240000,-1.4376420000
249950,2010-07-26 00:00:00Z,NE30 2RT,Terraced,Established,Freehold,10,,HORSLEY TERRACE,,NORTH SHIELDS,NORTH TYNESIDE,TYNE AND WEAR,Standard,Addition,55.0158700000,-1.4301500000
141500,2010-05-25 00:00:00Z,NE30 1JP,Semi-Detached,Established,Freehold,23,,HUDSON STREET,,NORTH SHIELDS,NORTH TYNESIDE,TYNE AND WEAR,Standard,Addition,55.0105720000,-1.4365900000
315000,2010-08-13 00:00:00Z,NE30 2SH,Terraced,Established,Freehold,12,,ALBURY PARK ROAD,,NORTH SHIELDS,NORTH TYNESIDE,TYNE AND WEAR,Standard,Addition,55.0181680000,-1.4315060000
165000,2010-08-20 00:00:00Z,NE30 4AD,Semi-Detached,Established,Freehold,32,,HAZELDENE COURT,,NORTH SHIELDS,NORTH TYNESIDE,TYNE AND WEAR,Standard,Addition,55.0152980000,-1.4326760000
155000,2010-07-23 00:00:00Z,NE30 1HB,Flats/Maisonettes,New Build,Leasehold,THE IRVIN BUILDING,APARTMENT 24,UNION QUAY,,NORTH SHIELDS,NORTH TYNESIDE,TYNE AND WEAR,Standard,Addition,55.0103390000,-1.4349350000
260000,2010-10-29 00:00:00Z,NE30 2SQ,Terraced,Established,Freehold,18,,BRISLEE AVENUE,,NORTH SHIELDS,NORTH TYNESIDE,TYNE AND WEAR,Standard,Addition,55.0177910000,-1.4316090000
127250,2010-11-30 00:00:00Z,NE30 1EE,Semi-Detached,Established,Freehold,88,,TYNEMOUTH ROAD,,NORTH SHIELDS,NORTH TYNESIDE,TYNE AND WEAR,Standard,Addition,55.0132560000,-1.4383510000
35000,2010-10-08 00:00:00Z,NE30 4AD,Flats/Maisonettes,Established,Leasehold,65,,HAZELDENE COURT,,NORTH SHIELDS,NORTH TYNESIDE,TYNE AND WEAR,Standard,Addition,55.0152980000,-1.4326760000
105000,2010-05-07 00:00:00Z,NE30 2HH,Flats/Maisonettes,Established,Leasehold,41,,KITCHENER TERRACE,,NORTH SHIELDS,NORTH TYNESIDE,TYNE AND WEAR,Standard,Addition,55.0153440000,-1.4368510000
240000,2010-10-29 00:00:00Z,NE30 1LA,Terraced,Established,Leasehold,4,,RENAISSANCE POINT,,NORTH SHIELDS,NORTH TYNESIDE,TYNE AND WEAR,Standard,Addition,55.0101820000,-1.4359380000
205000,2010-11-19 00:00:00Z,NE30 2HQ,Terraced,Established,Freehold,40,,PARK CRESCENT EAST,,NORTH SHIELDS,NORTH TYNESIDE,TYNE AND WEAR,Standard,Addition,55.0158240000,-1.4376420000
125000,2010-09-24 00:00:00Z,NE30 2SA,Flats/Maisonettes,Established,Leasehold,35,,HULNE AVENUE,,NORTH SHIELDS,NORTH TYNESIDE,TYNE AND WEAR,Standard,Addition,55.0167970000,-1.4308740000
143950,2010-07-30 00:00:00Z,NE30 4AD,Terraced,Established,Freehold,54,,HAZELDENE COURT,,NORTH SHIELDS,NORTH TYNESIDE,TYNE AND WEAR,Standard,Addition,55.0152980000,-1.4326760000
170000,2010-09-22 00:00:00Z,NE30 2PN,Terraced,Established,Freehold,23,,EDITH STREET,,NORTH SHIELDS,NORTH TYNESIDE,TYNE AND WEAR,Standard,Addition,55.0190930000,-1.4352350000
68500,2010-09-17 00:00:00Z,NE30 1EE,Semi-Detached,Established,Freehold,80,,TYNEMOUTH ROAD,,NORTH SHIELDS,NORTH TYNESIDE,TYNE AND WEAR,Standard,Addition,55.0132560000,-1.4383510000
275000,2010-08-26 00:00:00Z,NE30 2SB,Semi-Detached,Established,Freehold,6,,SHIPLEY ROAD,,NORTH SHIELDS,NORTH TYNESIDE,TYNE AND WEAR,Standard,Addition,55.0171760000,-1.4306010000
172000,2010-10-27 00:00:00Z,NE30 1HB,Flats/Maisonettes,New Build,Leasehold,THE IRVIN BUILDING,APARTMENT 12,UNION QUAY,,NORTH SHIELDS,NORTH TYNESIDE,TYNE AND WEAR,Standard,Addition,55.0103390000,-1.4349350000
239950,2010-11-26 00:00:00Z,NE30 2RU,Terraced,Established,Freehold,27,,MARINERS LANE,,NORTH SHIELDS,NORTH TYNESIDE,TYNE AND WEAR,Standard,Addition,55.0163880000,-1.4313940000
180000,2010-09-03 00:00:00Z,NE30 2HZ,Terraced,Established,Freehold,34,,PRINCES STREET,,NORTH SHIELDS,NORTH TYNESIDE,TYNE AND WEAR,Standard,Addition,55.0141920000,-1.4389950000
158000,2010-08-06 00:00:00Z,NE30 2SB,Terraced,Established,Freehold,19,,SHIPLEY ROAD,,NORTH SHIELDS,NORTH TYNESIDE,TYNE AND WEAR,Standard,Addition,55.0171760000,-1.4306010000
113000,2010-12-21 00:00:00Z,NE30 2HF,Flats/Maisonettes,Established,Leasehold,20,,DONKIN TERRACE,,NORTH SHIELDS,NORTH TYNESIDE,TYNE AND WEAR,Standard,Addition,55.0148040000,-1.4366080000
334000,2010-01-22 00:00:00Z,NE30 2JR,Terraced,Established,Freehold,17,,MILL GROVE,,NORTH SHIELDS,NORTH TYNESIDE,TYNE AND WEAR,Standard,Addition,55.0189270000,-1.4342200000
105000,2010-11-08 00:00:00Z,NE30 2HH,Flats/Maisonettes,Established,Leasehold,65,,KITCHENER TERRACE,,NORTH SHIELDS,NORTH TYNESIDE,TYNE AND WEAR,Standard,Addition,55.0153440000,-1.4368510000
105000,2010-01-28 00:00:00Z,NE30 2EG,Terraced,Established,Freehold,99,,GREY STREET,,NORTH SHIELDS,NORTH TYNESIDE,TYNE AND WEAR,Standard,Addition,55.0137620000,-1.4387030000
330000,2010-06-04 00:00:00Z,NE30 2SH,Semi-Detached,Established,Freehold,24,,ALBURY PARK ROAD,,NORTH SHIELDS,NORTH TYNESIDE,TYNE AND WEAR,Standard,Addition,55.0181680000,-1.4315060000
249950,2010-07-23 00:00:00Z,NE30 2HG,Flats/Maisonettes,Established,Leasehold,30,,WASHINGTON TERRACE,,NORTH SHIELDS,NORTH TYNESIDE,TYNE AND WEAR,Standard,Addition,55.0155050000,-1.4384750000
265000,2010-11-03 00:00:00Z,NE30 2SQ,Terraced,Established,Freehold,5,,BRISLEE AVENUE,,NORTH SHIELDS,NORTH TYNESIDE,TYNE AND WEAR,Standard,Addition,55.0177910000,-1.4316090000
113000,2010-12-21 00:00:00Z,NE30 2HF,Flats/Maisonettes,Established,Freehold,18,,DONKIN TERRACE,,NORTH SHIELDS,NORTH TYNESIDE,TYNE AND WEAR,Standard,Addition,55.0148040000,-1.4366080000
250000,2010-07-02 00:00:00Z,NE30 2SG,Terraced,Established,Freehold,7,,DENWICK TERRACE,,NORTH SHIELDS,NORTH TYNESIDE,TYNE AND WEAR,Standard,Addition,55.0178610000,-1.4312010000
190000,2010-01-13 00:00:00Z,NE30 2SE,Flats/Maisonettes,Established,Leasehold,ST. AIDANS COURT,27,MARINERS LANE,,NORTH SHIELDS,NORTH TYNESIDE,TYNE AND WEAR,Standard,Addition,55.0177770000,-1.4346250000
100000,2010-08-20 00:00:00Z,NE30 2EG,Flats/Maisonettes,Established,Leasehold,96,,GREY STREET,,NORTH SHIELDS,NORTH TYNESIDE,TYNE AND WEAR,Standard,Addition,55.0137620000,-1.4387030000
227000,2010-11-26 00:00:00Z,NE30 2RT,Terraced,Established,Freehold,7,,HORSLEY TERRACE,,NORTH SHIELDS,NORTH TYNESIDE,TYNE AND WEAR,Standard,Addition,55.0158700000,-1.4301500000
322500,2010-08-18 00:00:00Z,NE30 2SH,Semi-Detached,Established,Freehold,29,,ALBURY PARK ROAD,,NORTH SHIELDS,NORTH TYNESIDE,TYNE AND WEAR,Standard,Addition,55.0181680000,-1.4315060000
105000,2010-04-30 00:00:00Z,NE30 2HF,Flats/Maisonettes,Established,Leasehold,39,,DONKIN TERRACE,,NORTH SHIELDS,NORTH TYNESIDE,TYNE AND WEAR,Standard,Addition,55.0148040000,-1.4366080000
128500,2010-11-12 00:00:00Z,NE30 2PL,Flats/Maisonettes,Established,Leasehold,2A,,LIVINGSTONE VIEW,,NORTH SHIELDS,NORTH TYNESIDE,TYNE AND WEAR,Standard,Addition,55.0182650000,-1.4349650000
100000,2010-09-14 00:00:00Z,NE30 2HX,Terraced,Established,Freehold,52,,COBURG STREET,,NORTH SHIELDS,NORTH TYNESIDE,TYNE AND WEAR,Standard,Addition,55.0138020000,-1.4394690000
113000,2011-09-30 00:00:00Z,NE30 2HA,Flats/Maisonettes,Established,Leasehold,28,,PARK TERRACE,,NORTH SHIELDS,NORTH TYNESIDE,TYNE AND WEAR,Standard,Addition,55.0144710000,-1.4364720000
152000,2011-12-06 00:00:00Z,NE30 2SE,Flats/Maisonettes,Established,Leasehold,ST. AIDANS COURT,6,MARINERS LANE,,NORTH SHIELDS,NORTH TYNESIDE,TYNE AND WEAR,Standard,Addition,55.0177770000,-1.4346250000
75000,2011-04-04 00:00:00Z,NE30 2HX,Flats/Maisonettes,Established,Leasehold,8,,COBURG STREET,,NORTH SHIELDS,NORTH TYNESIDE,TYNE AND WEAR,Standard,Addition,55.0138020000,-1.4394690000
197000,2011-01-28 00:00:00Z,NE30 2HA,Terraced,Established,Freehold,35,,PARK TERRACE,,NORTH SHIELDS,NORTH TYNESIDE,TYNE AND WEAR,Standard,Addition,55.0144710000,-1.4364720000
150000,2011-08-24 00:00:00Z,NE30 2SE,Flats/Maisonettes,Established,Leasehold,ST. AIDANS COURT,15,MARINERS LANE,,NORTH SHIELDS,NORTH TYNESIDE,TYNE AND WEAR,Standard,Addition,55.0177770000,-1.4346250000
216950,2011-10-24 00:00:00Z,NE30 2HB,Terraced,New Build,Freehold,3,,WASHINGTON MEWS,,NORTH SHIELDS,NORTH TYNESIDE,TYNE AND WEAR,Standard,Addition,55.0166290000,-1.4390050000
178000,2011-04-27 00:00:00Z,NE30 2HL,Terraced,Established,Freehold,50,,PARK CRESCENT,,NORTH SHIELDS,NORTH TYNESIDE,TYNE AND WEAR,Standard,Addition,55.0158600000,-1.4395340000
310000,2011-05-31 00:00:00Z,NE30 2EP,Semi-Detached,Established,Freehold,60,,LINSKILL TERRACE,,NORTH SHIELDS,NORTH TYNESIDE,TYNE AND WEAR,Standard,Addition,55.0161490000,-1.4399050000
119000,2011-05-13 00:00:00Z,NE30 2HQ,Flats/Maisonettes,Established,Leasehold,17,,PARK CRESCENT EAST,,NORTH SHIELDS,NORTH TYNESIDE,TYNE AND WEAR,Standard,Addition,55.0158240000,-1.4376420000
70000,2011-08-30 00:00:00Z,NE30 2HP,Flats/Maisonettes,Established,Leasehold,23,,ROSEDALE TERRACE,,NORTH SHIELDS,NORTH TYNESIDE,TYNE AND WEAR,Standard,Addition,55.0149000000,-1.4398600000
115000,2011-10-28 00:00:00Z,NE30 2HH,Flats/Maisonettes,Established,Leasehold,23,,KITCHENER TERRACE,,NORTH SHIELDS,NORTH TYNESIDE,TYNE AND WEAR,Standard,Addition,55.0153440000,-1.4368510000
217400,2011-08-22 00:00:00Z,NE30 2HH,Terraced,Established,Freehold,5,,KITCHENER TERRACE,,NORTH SHIELDS,NORTH TYNESIDE,TYNE AND WEAR,Standard,Addition,55.0153440000,-1.4368510000
137500,2011-05-20 00:00:00Z,NE30 1LA,Flats/Maisonettes,Established,Leasehold,34,,RENAISSANCE POINT,,NORTH SHIELDS,NORTH TYNESIDE,TYNE AND WEAR,Standard,Addition,55.0101820000,-1.4359380000
105000,2011-12-02 00:00:00Z,NE30 4AD,Flats/Maisonettes,Established,Leasehold,10,,HAZELDENE COURT,,NORTH SHIELDS,NORTH TYNESIDE,TYNE AND WEAR,Standard,Addition,55.0152980000,-1.4326760000
305000,2011-11-23 00:00:00Z,NE30 2JR,Terraced,Established,Freehold,7,,MILL GROVE,,NORTH SHIELDS,NORTH TYNESIDE,TYNE AND WEAR,Standard,Addition,55.0189270000,-1.4342200000
113000,2011-04-15 00:00:00Z,NE30 2HG,Flats/Maisonettes,Established,Leasehold,67,,WASHINGTON TERRACE,,NORTH SHIELDS,NORTH TYNESIDE,TYNE AND WEAR,Standard,Addition,55.0155050000,-1.4384750000
116950,2011-11-28 00:00:00Z,NE30 2HX,Terraced,Established,Freehold,19,,COBURG STREET,,NORTH SHIELDS,NORTH TYNESIDE,TYNE AND WEAR,Standard,Addition,55.0138020000,-1.4394690000
160000,2011-07-15 00:00:00Z,NE30 4AD,Terraced,Established,Freehold,4,,HAZELDENE COURT,,NORTH SHIELDS,NORTH TYNESIDE,TYNE AND WEAR,Standard,Addition,55.0152980000,-1.4326760000
270000,2011-05-31 00:00:00Z,NE30 1LA,Flats/Maisonettes,Established,Leasehold,14,,RENAISSANCE POINT,,NORTH SHIELDS,NORTH TYNESIDE,TYNE AND WEAR,Standard,Addition,55.0101820000,-1.4359380000
113000,2011-04-15 00:00:00Z,NE30 2HG,Flats/Maisonettes,Established,Freehold,68,,WASHINGTON TERRACE,,NORTH SHIELDS,NORTH TYNESIDE,TYNE AND WEAR,Standard,Addition,55.0155050000,-1.4384750000
185000,2011-11-11 00:00:00Z,NE30 2HB,Terraced,New Build,Freehold,5,,WASHINGTON MEWS,,NORTH SHIELDS,NORTH TYNESIDE,TYNE AND WEAR,Standard,Addition,55.0166290000,-1.4390050000
153000,2011-02-11 00:00:00Z,NE30 1HB,Flats/Maisonettes,New Build,Leasehold,THE IRVIN BUILDING,APARTMENT 2,UNION QUAY,,NORTH SHIELDS,NORTH TYNESIDE,TYNE AND WEAR,Standard,Addition,55.0103390000,-1.4349350000
106000,2011-12-12 00:00:00Z,NE30 4AD,Flats/Maisonettes,Established,Leasehold,39,,HAZELDENE COURT,,NORTH SHIELDS,NORTH TYNESIDE,TYNE AND WEAR,Standard,Addition,55.0152980000,-1.4326760000
240000,2011-01-21 00:00:00Z,NE30 2JP,Terraced,Established,Freehold,35,,MILL GROVE,,NORTH SHIELDS,NORTH TYNESIDE,TYNE AND WEAR,Standard,Addition,55.0194850000,-1.4345410000
199950,2011-10-21 00:00:00Z,NE30 2HB,Detached,New Build,Freehold,1,,WASHINGTON MEWS,,NORTH SHIELDS,NORTH TYNESIDE,TYNE AND WEAR,Standard,Addition,55.0166290000,-1.4390050000
115000,2011-04-15 00:00:00Z,NE30 1HB,Flats/Maisonettes,New Build,Leasehold,THE IRVIN BUILDING,APARTMENT 23,UNION QUAY,,NORTH SHIELDS,NORTH TYNESIDE,TYNE AND WEAR,Standard,Addition,55.0103390000,-1.4349350000
189000,2011-05-13 00:00:00Z,NE30 2PN,Terraced,Established,Freehold,21,,EDITH STREET,,NORTH SHIELDS,NORTH TYNESIDE,TYNE AND WEAR,Standard,Addition,55.0190930000,-1.4352350000
186000,2011-12-20 00:00:00Z,NE30 2SG,Terraced,Established,Freehold,23,,DENWICK TERRACE,,NORTH SHIELDS,NORTH TYNESIDE,TYNE AND WEAR,Standard,Addition,55.0178610000,-1.4312010000
182500,2011-12-14 00:00:00Z,NE30 4AD,Terraced,Established,Freehold,35,,HAZELDENE COURT,,NORTH SHIELDS,NORTH TYNESIDE,TYNE AND WEAR,Standard,Addition,55.0152980000,-1.4326760000
210000,2011-08-12 00:00:00Z,NE30 2PW,Terraced,Established,Freehold,5,,ALGERNON TERRACE,,NORTH SHIELDS,NORTH TYNESIDE,TYNE AND WEAR,Standard,Addition,55.0190770000,-1.4356100000
111500,2011-04-26 00:00:00Z,NE30 2HJ,Terraced,Established,Leasehold,41,,WASHINGTON TERRACE,,NORTH SHIELDS,NORTH TYNESIDE,TYNE AND WEAR,Standard,Addition,55.0165290000,-1.4383830000
180000,2011-02-18 00:00:00Z,NE30 1HB,Flats/Maisonettes,New Build,Leasehold,THE IRVIN BUILDING,APARTMENT 18,UNION QUAY,,NORTH SHIELDS,NORTH TYNESIDE,TYNE AND WEAR,Standard,Addition,55.0103390000,-1.4349350000
149950,2011-10-14 00:00:00Z,NE30 1LA,Flats/Maisonettes,Established,Leasehold,30,,RENAISSANCE POINT,,NORTH SHIELDS,NORTH TYNESIDE,TYNE AND WEAR,Standard,Addition,55.0101820000,-1.4359380000
120000,2011-05-10 00:00:00Z,NE30 1HB,Flats/Maisonettes,New Build,Leasehold,THE IRVIN BUILDING,APARTMENT 16,UNION QUAY,,NORTH SHIELDS,NORTH TYNESIDE,TYNE AND WEAR,Standard,Addition,55.0103390000,-1.4349350000
173500,2011-06-09 00:00:00Z,NE30 2PN,Terraced,Established,Freehold,15,,EDITH STREET,,NORTH SHIELDS,NORTH TYNESIDE,TYNE AND WEAR,Standard,Addition,55.0190930000,-1.4352350000
179500,2011-07-22 00:00:00Z,NE30 2PN,Terraced,Established,Freehold,34,,EDITH STREET,,NORTH SHIELDS,NORTH TYNESIDE,TYNE AND WEAR,Standard,Addition,55.0190930000,-1.4352350000
250000,2011-06-27 00:00:00Z,NE30 1LA,Terraced,Established,Leasehold,5,,RENAISSANCE POINT,,NORTH SHIELDS,NORTH TYNESIDE,TYNE AND WEAR,Standard,Addition,55.0101820000,-1.4359380000
170620,2011-06-30 00:00:00Z,NE30 2RZ,Terraced,Established,Freehold,2,,BEANLEY CRESCENT,,NORTH SHIELDS,NORTH TYNESIDE,TYNE AND WEAR,Standard,Addition,55.0161490000,-1.4302400000
100000,2011-04-15 00:00:00Z,NE30 4AD,Flats/Maisonettes,Established,Leasehold,47,,HAZELDENE COURT,,NORTH SHIELDS,NORTH TYNESIDE,TYNE AND WEAR,Standard,Addition,55.0152980000,-1.4326760000
113000,2011-02-25 00:00:00Z,NE30 2HQ,Flats/Maisonettes,Established,Leasehold,47,,PARK CRESCENT EAST,,NORTH SHIELDS,NORTH TYNESIDE,TYNE AND WEAR,Standard,Addition,55.0158240000,-1.4376420000
250000,2011-06-29 00:00:00Z,NE30 2RT,Terraced,Established,Freehold,11,,HORSLEY TERRACE,,NORTH SHIELDS,NORTH TYNESIDE,TYNE AND WEAR,Standard,Addition,55.0158700000,-1.4301500000
165000,2011-08-26 00:00:00Z,NE30 2PN,Terraced,Established,Freehold,40,,EDITH STREET,,NORTH SHIELDS,NORTH TYNESIDE,TYNE AND WEAR,Standard,Addition,55.0190930000,-1.4352350000
85000,2011-07-22 00:00:00Z,NE30 2HQ,Flats/Maisonettes,Established,Leasehold,6,,PARK CRESCENT EAST,,NORTH SHIELDS,NORTH TYNESIDE,TYNE AND WEAR,Standard,Addition,55.0158240000,-1.4376420000
75000,2011-09-06 00:00:00Z,NE30 2HF,Flats/Maisonettes,Established,Leasehold,47,,DONKIN TERRACE,,NORTH SHIELDS,NORTH TYNESIDE,TYNE AND WEAR,Standard,Addition,55.0148040000,-1.4366080000
215000,2011-03-25 00:00:00Z,NE30 2PN,Semi-Detached,Established,Freehold,41,,EDITH STREET,,NORTH SHIELDS,NORTH TYNESIDE,TYNE AND WEAR,Standard,Addition,55.0190930000,-1.4352350000
89200,2011-07-21 00:00:00Z,NE30 2EG,Flats/Maisonettes,Established,Leasehold,93,,GREY STREET,,NORTH SHIELDS,NORTH TYNESIDE,TYNE AND WEAR,Standard,Addition,55.0137620000,-1.4387030000
225000,2011-05-27 00:00:00Z,NE30 2EU,Terraced,Established,Freehold,13,,PARK AVENUE,,NORTH SHIELDS,NORTH TYNESIDE,TYNE AND WEAR,Standard,Addition,55.0163080000,-1.4373220000
237600,2011-09-13 00:00:00Z,NE30 2EU,Terraced,Established,Freehold,15,,PARK AVENUE,,NORTH SHIELDS,NORTH TYNESIDE,TYNE AND WEAR,Standard,Addition,55.0163080000,-1.4373220000
200000,2011-06-28 00:00:00Z,NE30 2PN,Semi-Detached,Established,Freehold,42,,EDITH STREET,,NORTH SHIELDS,NORTH TYNESIDE,TYNE AND WEAR,Standard,Addition,55.0190930000,-1.4352350000
159000,2011-10-24 00:00:00Z,NE30 2HL,Terraced,Established,Freehold,56,,PARK CRESCENT,,NORTH SHIELDS,NORTH TYNESIDE,TYNE AND WEAR,Standard,Addition,55.0158600000,-1.4395340000
240000,2011-02-07 00:00:00Z,NE30 2HA,Terraced,Established,Freehold,33,,PARK TERRACE,,NORTH SHIELDS,NORTH TYNESIDE,TYNE AND WEAR,Standard,Addition,55.0144710000,-1.4364720000
65000,2011-10-14 00:00:00Z,NE30 2HP,Flats/Maisonettes,Established,Leasehold,12A,,ROSEDALE TERRACE,,NORTH SHIELDS,NORTH TYNESIDE,TYNE AND WEAR,Standard,Addition,55.0149000000,-1.4398600000
95000,2011-06-03 00:00:00Z,NE30 1HB,Flats/Maisonettes,Established,Leasehold,THE IRVIN BUILDING,APARTMENT 8,UNION QUAY,,NORTH SHIELDS,NORTH TYNESIDE,TYNE AND WEAR,Standard,Addition,55.0103390000,-1.4349350000
810000,2011-10-10 00:00:00Z,NE30 2RP,Semi-Detached,Established,Freehold,34,,KING EDWARD ROAD,,NORTH SHIELDS,NORTH TYNESIDE,TYNE AND WEAR,Standard,Addition,55.0186570000,-1.4321910000
250000,2011-10-28 00:00:00Z,NE30 2PW,Terraced,Established,Freehold,24,,ALGERNON TERRACE,,NORTH SHIELDS,NORTH TYNESIDE,TYNE AND WEAR,Standard,Addition,55.0190770000,-1.4356100000
240000,2011-03-01 00:00:00Z,NE30 2SG,Terraced,Established,Freehold,9,,DENWICK TERRACE,,NORTH SHIELDS,NORTH TYNESIDE,TYNE AND WEAR,Standard,Addition,55.0178610000,-1.4312010000
178000,2011-05-31 00:00:00Z,NE30 2PN,Terraced,Established,Freehold,26,,EDITH STREET,,NORTH SHIELDS,NORTH TYNESIDE,TYNE AND WEAR,Standard,Addition,55.0190930000,-1.4352350000
350000,2011-05-03 00:00:00Z,NE30 2SH,Terraced,Established,Freehold,27,,ALBURY PARK ROAD,,NORTH SHIELDS,NORTH TYNESIDE,TYNE AND WEAR,Standard,Addition,55.0181680000,-1.4315060000
75000,2011-04-04 00:00:00Z,NE30 2HX,Flats/Maisonettes,Established,Freehold,6,,COBURG STREET,,NORTH SHIELDS,NORTH TYNESIDE,TYNE AND WEAR,Standard,Addition,55.0138020000,-1.4394690000
250000,2011-09-28 00:00:00Z,NE30 2HG,Terraced,Established,Freehold,33,,WASHINGTON TERRACE,,NORTH SHIELDS,NORTH TYNESIDE,TYNE AND WEAR,Standard,Addition,55.0155050000,-1.4384750000
389000,2011-06-30 00:00:00Z,NE30 2JP,Semi-Detached,Established,Freehold,18,,MILL GROVE,,NORTH SHIELDS,NORTH TYNESIDE,TYNE AND WEAR,Standard,Addition,55.0194850000,-1.4345410000
111500,2011-04-26 00:00:00Z,NE30 2HJ,Terraced,Established,Freehold,40,,WASHINGTON TERRACE,,NORTH SHIELDS,NORTH TYNESIDE,TYNE AND WEAR,Standard,Addition,55.0165290000,-1.4383830000
355000,2012-11-20 00:00:00Z,NE30 2JP,Terraced,Established,Freehold,23,,MILL GROVE,,NORTH SHIELDS,NORTH TYNESIDE,TYNE AND WEAR,Standard,Addition,55.0194850000,-1.4345410000
160000,2012-03-23 00:00:00Z,NE30 1HB,Flats/Maisonettes,New Build,Leasehold,THE IRVIN BUILDING,APARTMENT 10,UNION QUAY,,NORTH SHIELDS,NORTH TYNESIDE,TYNE AND WEAR,Standard,Addition,55.0103390000,-1.4349350000
159000,2012-09-14 00:00:00Z,NE30 2SE,Flats/Maisonettes,Established,Leasehold,ST. AIDANS COURT,25,MARINERS LANE,,NORTH SHIELDS,NORTH TYNESIDE,TYNE AND WEAR,Standard,Addition,55.0177770000,-1.4346250000
217000,2012-12-14 00:00:00Z,NE30 2HA,Terraced,Established,Freehold,34,,PARK TERRACE,,NORTH SHIELDS,NORTH TYNESIDE,TYNE AND WEAR,Standard,Addition,55.0144710000,-1.4364720000
78000,2012-08-29 00:00:00Z,NE30 2EG,Flats/Maisonettes,Established,Leasehold,93,,GREY STREET,,NORTH SHIELDS,NORTH TYNESIDE,TYNE AND WEAR,Standard,Addition,55.0137620000,-1.4387030000
70000,2012-09-07 00:00:00Z,NE30 2HN,Flats/Maisonettes,Established,Leasehold,59,,PRINCES STREET,,NORTH SHIELDS,NORTH TYNESIDE,TYNE AND WEAR,Standard,Addition,55.0152640000,-1.4389630000
180000,2012-11-15 00:00:00Z,NE30 2HE,Terraced,Established,Freehold,13,,WASHINGTON TERRACE,,NORTH SHIELDS,NORTH TYNESIDE,TYNE AND WEAR,Standard,Addition,55.0144240000,-1.4380060000
189000,2012-01-27 00:00:00Z,NE30 2EU,Terraced,Established,Freehold,2,,PARK AVENUE,,NORTH SHIELDS,NORTH TYNESIDE,TYNE AND WEAR,Standard,Addition,55.0163080000,-1.4373220000
177000,2012-11-27 00:00:00Z,NE30 2SA,Terraced,Established,Freehold,3,,HULNE AVENUE,,NORTH SHIELDS,NORTH TYNESIDE,TYNE AND WEAR,Standard,Addition,55.0167970000,-1.4308740000
160000,2012-03-09 00:00:00Z,NE30 1HB,Flats/Maisonettes,New Build,Leasehold,THE IRVIN BUILDING,APARTMENT 21,UNION QUAY,,NORTH SHIELDS,NORTH TYNESIDE,TYNE AND WEAR,Standard,Addition,55.0103390000,-1.4349350000
137500,2012-01-09 00:00:00Z,NE30 2RR,Flats/Maisonettes,Established,Leasehold,8,,BIRTLEY AVENUE,,NORTH SHIELDS,NORTH TYNESIDE,TYNE AND WEAR,Standard,Addition,55.0178740000,-1.4300590000
175000,2012-09-19 00:00:00Z,NE30 2PN,Terraced,Established,Freehold,31,,EDITH STREET,,NORTH SHIELDS,NORTH TYNESIDE,TYNE AND WEAR,Standard,Addition,55.0190930000,-1.4352350000
249950,2012-05-15 00:00:00Z,NE30 1LA,Terraced,Established,Leasehold,6,,RENAISSANCE POINT,,NORTH SHIELDS,NORTH TYNESIDE,TYNE AND WEAR,Standard,Addition,55.0101820000,-1.4359380000
190000,2012-08-01 00:00:00Z,NE30 2PW,Terraced,Established,Freehold,4,,ALGERNON TERRACE,,NORTH SHIELDS,NORTH TYNESIDE,TYNE AND WEAR,Standard,Addition,55.0190770000,-1.4356100000
112000,2012-12-13 00:00:00Z,NE30 4AD,Flats/Maisonettes,Established,Leasehold,17,,HAZELDENE COURT,,NORTH SHIELDS,NORTH TYNESIDE,TYNE AND WEAR,Standard,Addition,55.0152980000,-1.4326760000
137500,2012-08-10 00:00:00Z,NE30 1HB,Flats/Maisonettes,New Build,Leasehold,THE IRVIN BUILDING,APARTMENT 5,UNION QUAY,,NORTH SHIELDS,NORTH TYNESIDE,TYNE AND WEAR,Standard,Addition,55.0103390000,-1.4349350000
88500,2012-10-02 00:00:00Z,NE30 2HP,Flats/Maisonettes,Established,Freehold,24,,ROSEDALE TERRACE,,NORTH SHIELDS,NORTH TYNESIDE,TYNE AND WEAR,Standard,Addition,55.0149000000,-1.4398600000
112000,2012-09-03 00:00:00Z,NE30 2HE,Flats/Maisonettes,Established,Leasehold,79,,WASHINGTON TERRACE,,NORTH SHIELDS,NORTH TYNESIDE,TYNE AND WEAR,Standard,Addition,55.0144240000,-1.4380060000
295000,2012-07-09 00:00:00Z,NE30 2SQ,Semi-Detached,Established,Freehold,10,,BRISLEE AVENUE,,NORTH SHIELDS,NORTH TYNESIDE,TYNE AND WEAR,Standard,Addition,55.0177910000,-1.4316090000
297500,2012-01-27 00:00:00Z,NE30 2EP,Terraced,Established,Freehold,70,,LINSKILL TERRACE,,NORTH SHIELDS,NORTH TYNESIDE,TYNE AND WEAR,Standard,Addition,55.0161490000,-1.4399050000
89600,2012-02-24 00:00:00Z,NE30 2HA,Flats/Maisonettes,Established,Freehold,16,,PARK TERRACE,,NORTH SHIELDS,NORTH TYNESIDE,TYNE AND WEAR,Standard,Addition,55.0144710000,-1.4364720000
247000,2012-04-27 00:00:00Z,NE30 2EY,Semi-Detached,Established,Freehold,37,,PARK TERRACE,,NORTH SHIELDS,NORTH TYNESIDE,TYNE AND WEAR,Standard,Addition,55.0156000000,-1.4360950000
88500,2012-10-02 00:00:00Z,NE30 2HP,Flats/Maisonettes,Established,Leasehold,23,,ROSEDALE TERRACE,,NORTH SHIELDS,NORTH TYNESIDE,TYNE AND WEAR,Standard,Addition,55.0149000000,-1.4398600000
109995,2012-02-10 00:00:00Z,NE30 2RR,Flats/Maisonettes,Established,Leasehold,7,,BIRTLEY AVENUE,,NORTH SHIELDS,NORTH TYNESIDE,TYNE AND WEAR,Standard,Addition,55.0178740000,-1.4300590000
240000,2012-06-08 00:00:00Z,NE30 1LA,Terraced,Established,Leasehold,1,,RENAISSANCE POINT,,NORTH SHIELDS,NORTH TYNESIDE,TYNE AND WEAR,Standard,Addition,55.0101820000,-1.4359380000
225000,2012-11-16 00:00:00Z,NE30 2PW,Terraced,Established,Freehold,1,,ALGERNON TERRACE,,NORTH SHIELDS,NORTH TYNESIDE,TYNE AND WEAR,Standard,Addition,55.0190770000,-1.4356100000
95000,2012-12-17 00:00:00Z,NE30 2HZ,Flats/Maisonettes,Established,Leasehold,22,,PRINCES STREET,,NORTH SHIELDS,NORTH TYNESIDE,TYNE AND WEAR,Standard,Addition,55.0141920000,-1.4389950000
108500,2012-07-13 00:00:00Z,NE30 2HF,Flats/Maisonettes,Established,Leasehold,11,,DONKIN TERRACE,,NORTH SHIELDS,NORTH TYNESIDE,TYNE AND WEAR,Standard,Addition,55.0148040000,-1.4366080000
80050,2012-01-17 00:00:00Z,NE30 1EE,Terraced,Established,Freehold,50,,TYNEMOUTH ROAD,,NORTH SHIELDS,NORTH TYNESIDE,TYNE AND WEAR,Standard,Addition,55.0132560000,-1.4383510000
85000,2012-06-29 00:00:00Z,NE30 2RR,Flats/Maisonettes,Established,Leasehold,16,,BIRTLEY AVENUE,,NORTH SHIELDS,NORTH TYNESIDE,TYNE AND WEAR,Standard,Addition,55.0178740000,-1.4300590000
200000,2012-01-26 00:00:00Z,NE30 2HB,Terraced,Established,Freehold,4,,WASHINGTON MEWS,,NORTH SHIELDS,NORTH TYNESIDE,TYNE AND WEAR,Standard,Addition,55.0166290000,-1.4390050000
190000,2012-12-19 00:00:00Z,NE30 2HF,Terraced,Established,Freehold,52,,DONKIN TERRACE,,NORTH SHIELDS,NORTH TYNESIDE,TYNE AND WEAR,Standard,Addition,55.0148040000,-1.4366080000
216000,2012-12-21 00:00:00Z,NE30 2EU,Terraced,Established,Freehold,22,,PARK AVENUE,,NORTH SHIELDS,NORTH TYNESIDE,TYNE AND WEAR,Standard,Addition,55.0163080000,-1.4373220000
230000,2012-05-15 00:00:00Z,NE30 2SQ,Terraced,Established,Freehold,13,,BRISLEE AVENUE,,NORTH SHIELDS,NORTH TYNESIDE,TYNE AND WEAR,Standard,Addition,55.0177910000,-1.4316090000
215000,2012-03-23 00:00:00Z,NE30 2RZ,Terraced,Established,Freehold,7,,BEANLEY CRESCENT,,NORTH SHIELDS,NORTH TYNESIDE,TYNE AND WEAR,Standard,Addition,55.0161490000,-1.4302400000
130000,2012-08-02 00:00:00Z,NE30 1HB,Flats/Maisonettes,New Build,Leasehold,THE IRVIN BUILDING,APARTMENT 11,UNION QUAY,,NORTH SHIELDS,NORTH TYNESIDE,TYNE AND WEAR,Standard,Addition,55.0103390000,-1.4349350000
247500,2012-04-13 00:00:00Z,NE30 2EU,Terraced,Established,Freehold,5,,PARK AVENUE,,NORTH SHIELDS,NORTH TYNESIDE,TYNE AND WEAR,Standard,Addition,55.0163080000,-1.4373220000
206000,2012-12-13 00:00:00Z,NE30 2EU,Terraced,Established,Freehold,26,,PARK AVENUE,,NORTH SHIELDS,NORTH TYNESIDE,TYNE AND WEAR,Standard,Addition,55.0163080000,-1.4373220000
316500,2012-05-24 00:00:00Z,NE30 2EP,Terraced,Established,Freehold,72,,LINSKILL TERRACE,,NORTH SHIELDS,NORTH TYNESIDE,TYNE AND WEAR,Standard,Addition,55.0161490000,-1.4399050000
246000,2012-01-27 00:00:00Z,NE30 2SG,Terraced,Established,Freehold,11,,DENWICK TERRACE,,NORTH SHIELDS,NORTH TYNESIDE,TYNE AND WEAR,Standard,Addition,55.0178610000,-1.4312010000
235000,2012-11-12 00:00:00Z,NE30 2PW,Terraced,Established,Freehold,17,,ALGERNON TERRACE,,NORTH SHIELDS,NORTH TYNESIDE,TYNE AND WEAR,Standard,Addition,55.0190770000,-1.4356100000
133000,2012-03-09 00:00:00Z,NE30 1LA,Terraced,Established,Freehold,50,,RENAISSANCE POINT,,NORTH SHIELDS,NORTH TYNESIDE,TYNE AND WEAR,Standard,Addition,55.0101820000,-1.4359380000
198000,2012-11-22 00:00:00Z,NE30 2PN,Terraced,Established,Freehold,32,,EDITH STREET,,NORTH SHIELDS,NORTH TYNESIDE,TYNE AND WEAR,Standard,Addition,55.0190930000,-1.4352350000
108000,2012-05-25 00:00:00Z,NE30 2HP,Flats/Maisonettes,Established,Leasehold,2,,ROSEDALE TERRACE,,NORTH SHIELDS,NORTH TYNESIDE,TYNE AND WEAR,Standard,Addition,55.0149000000,-1.4398600000
70000,2012-09-07 00:00:00Z,NE30 2HN,Flats/Maisonettes,Established,Freehold,61,,PRINCES STREET,,NORTH SHIELDS,NORTH TYNESIDE,TYNE AND WEAR,Standard,Addition,55.0152640000,-1.4389630000
123000,2012-05-22 00:00:00Z,NE30 2RR,Flats/Maisonettes,New Build,Leasehold,6,,BIRTLEY AVENUE,,NORTH SHIELDS,NORTH TYNESIDE,TYNE AND WEAR,Standard,Addition,55.0178740000,-1.4300590000
106000,2012-05-04 00:00:00Z,NE30 2HH,Flats/Maisonettes,Established,Freehold,13,,KITCHENER TERRACE,,NORTH SHIELDS,NORTH TYNESIDE,TYNE AND WEAR,Standard,Addition,55.0153440000,-1.4368510000
159950,2012-09-21 00:00:00Z,NE30 2RZ,Terraced,Established,Freehold,3,,BEANLEY CRESCENT,,NORTH SHIELDS,NORTH TYNESIDE,TYNE AND WEAR,Standard,Addition,55.0161490000,-1.4302400000
132500,2012-01-27 00:00:00Z,NE30 2HG,Flats/Maisonettes,Established,Leasehold,31,FLAT 3,WASHINGTON TERRACE,,NORTH SHIELDS,NORTH TYNESIDE,TYNE AND WEAR,Standard,Addition,55.0155050000,-1.4384750000
106000,2012-05-04 00:00:00Z,NE30 2HH,Flats/Maisonettes,Established,Leasehold,15,,KITCHENER TERRACE,,NORTH SHIELDS,NORTH TYNESIDE,TYNE AND WEAR,Standard,Addition,55.0153440000,-1.4368510000
229000,2012-04-27 00:00:00Z,NE30 2EU,Terraced,Established,Freehold,28,,PARK AVENUE,,NORTH SHIELDS,NORTH TYNESIDE,TYNE AND WEAR,Standard,Addition,55.0163080000,-1.4373220000
118000,2012-08-10 00:00:00Z,NE30 2SA,Flats/Maisonettes,Established,Leasehold,10,,HULNE AVENUE,,NORTH SHIELDS,NORTH TYNESIDE,TYNE AND WEAR,Standard,Addition,55.0167970000,-1.4308740000
150000,2012-06-25 00:00:00Z,NE30 2SA,Terraced,Established,Freehold,52,,HULNE AVENUE,,NORTH SHIELDS,NORTH TYNESIDE,TYNE AND WEAR,Standard,Addition,55.0167970000,-1.4308740000
93286,2012-10-01 00:00:00Z,NE30 2HH,Flats/Maisonettes,Established,Leasehold,25,,KITCHENER TERRACE,,NORTH SHIELDS,NORTH TYNESIDE,TYNE AND WEAR,Standard,Addition,55.0153440000,-1.4368510000
240000,2012-08-10 00:00:00Z,NE30 2HE,Terraced,Established,Freehold,8,,WASHINGTON TERRACE,,NORTH SHIELDS,NORTH TYNESIDE,TYNE AND WEAR,Standard,Addition,55.0144240000,-1.4380060000
282500,2012-02-10 00:00:00Z,NE30 2SH,Terraced,Established,Freehold,39,,ALBURY PARK ROAD,,NORTH SHIELDS,NORTH TYNESIDE,TYNE AND WEAR,Standard,Addition,55.0181680000,-1.4315060000
115000,2012-12-07 00:00:00Z,NE30 2HQ,Flats/Maisonettes,Established,Leasehold,8,,PARK CRESCENT EAST,,NORTH SHIELDS,NORTH TYNESIDE,TYNE AND WEAR,Standard,Addition,55.0158240000,-1.4376420000
283750,2013-08-09 00:00:00Z,NE30 2RT,Terraced,Established,Freehold,8,,HORSLEY TERRACE,,NORTH SHIELDS,NORTH TYNESIDE,TYNE AND WEAR,Standard,Addition,55.0158700000,-1.4301500000
152000,2013-03-22 00:00:00Z,NE30 2HF,Terraced,Established,Freehold,56,,DONKIN TERRACE,,NORTH SHIELDS,NORTH TYNESIDE,TYNE AND WEAR,Standard,Addition,55.0148040000,-1.4366080000
345000,2013-11-19 00:00:00Z,NE30 2RW,Semi-Detached,Established,Freehold,39,,KING EDWARD ROAD,,NORTH SHIELDS,NORTH TYNESIDE,TYNE AND WEAR,Standard,Addition,55.0190090000,-1.4324830000
92500,2013-08-07 00:00:00Z,NE30 1EE,Flats/Maisonettes,New Build,Leasehold,50A,,TYNEMOUTH ROAD,,NORTH SHIELDS,NORTH TYNESIDE,TYNE AND WEAR,Standard,Addition,55.0132560000,-1.4383510000
239000,2013-09-25 00:00:00Z,NE30 2SA,Terraced,Established,Freehold,52,,HULNE AVENUE,,NORTH SHIELDS,NORTH TYNESIDE,TYNE AND WEAR,Standard,Addition,55.0167970000,-1.4308740000
80000,2013-07-26 00:00:00Z,NE30 2HN,Flats/Maisonettes,Established,Leasehold,78,,PRINCES STREET,,NORTH SHIELDS,NORTH TYNESIDE,TYNE AND WEAR,Standard,Addition,55.0152640000,-1.4389630000
127500,2013-02-25 00:00:00Z,NE30 2HZ,Terraced,Established,Freehold,9,,PRINCES STREET,,NORTH SHIELDS,NORTH TYNESIDE,TYNE AND WEAR,Standard,Addition,55.0141920000,-1.4389950000
132000,2013-04-30 00:00:00Z,NE30 2HA,Flats/Maisonettes,Established,Leasehold,2,,PARK TERRACE,,NORTH SHIELDS,NORTH TYNESIDE,TYNE AND WEAR,Standard,Addition,55.0144710000,-1.4364720000
191500,2013-08-06 00:00:00Z,NE30 2RZ,Terraced,Established,Freehold,2,,BEANLEY CRESCENT,,NORTH SHIELDS,NORTH TYNESIDE,TYNE AND WEAR,Standard,Addition,55.0161490000,-1.4302400000
70000,2013-09-23 00:00:00Z,NE30 2HP,Flats/Maisonettes,Established,Leasehold,15,,ROSEDALE TERRACE,,NORTH SHIELDS,NORTH TYNESIDE,TYNE AND WEAR,Standard,Addition,55.0149000000,-1.4398600000
155000,2013-08-23 00:00:00Z,NE30 2SE,Flats/Maisonettes,Established,Leasehold,ST. AIDANS COURT,10,MARINERS LANE,,NORTH SHIELDS,NORTH TYNESIDE,TYNE AND WEAR,Standard,Addition,55.0177770000,-1.4346250000
172518,2013-06-13 00:00:00Z,NE30 2PN,Terraced,Established,Freehold,39,,EDITH STREET,,NORTH SHIELDS,NORTH TYNESIDE,TYNE AND WEAR,Standard,Addition,55.0190930000,-1.4352350000
220000,2013-06-14 00:00:00Z,NE30 2SH,Terraced,Established,Freehold,21,,ALBURY PARK ROAD,,NORTH SHIELDS,NORTH TYNESIDE,TYNE AND WEAR,Standard,Addition,55.0181680000,-1.4315060000
110000,2013-07-12 00:00:00Z,NE30 2HL,Flats/Maisonettes,Established,Leasehold,81,,PARK CRESCENT,,NORTH SHIELDS,NORTH TYNESIDE,TYNE AND WEAR,Standard,Addition,55.0158600000,-1.4395340000
201250,2013-04-19 00:00:00Z,NE30 1EE,Flats/Maisonettes,Established,Leasehold,50,,TYNEMOUTH ROAD,,NORTH SHIELDS,NORTH TYNESIDE,TYNE AND WEAR,Standard,Addition,55.0132560000,-1.4383510000
270000,2013-08-06 00:00:00Z,NE30 2RZ,Terraced,Established,Freehold,21,,BEANLEY CRESCENT,,NORTH SHIELDS,NORTH TYNESIDE,TYNE AND WEAR,Standard,Addition,55.0161490000,-1.4302400000
225000,2013-03-08 00:00:00Z,NE30 2EU,Terraced,Established,Freehold,18,,PARK AVENUE,,NORTH SHIELDS,NORTH TYNESIDE,TYNE AND WEAR,Standard,Addition,55.0163080000,-1.4373220000
102000,2013-11-29 00:00:00Z,NE30 2HH,Flats/Maisonettes,Established,Leasehold,67,,KITCHENER TERRACE,,NORTH SHIELDS,NORTH TYNESIDE,TYNE AND WEAR,Standard,Addition,55.0153440000,-1.4368510000
124250,2013-04-29 00:00:00Z,NE30 2HQ,Flats/Maisonettes,Established,Leasehold,39,,PARK CRESCENT EAST,,NORTH SHIELDS,NORTH TYNESIDE,TYNE AND WEAR,Standard,Addition,55.0158240000,-1.4376420000
55000,2013-06-07 00:00:00Z,NE30 2EG,Flats/Maisonettes,New Build,Leasehold,118,,GREY STREET,,NORTH SHIELDS,NORTH TYNESIDE,TYNE AND WEAR,Standard,Addition,55.0137620000,-1.4387030000
178000,2013-01-11 00:00:00Z,NE30 2PN,Terraced,Established,Freehold,37,,EDITH STREET,,NORTH SHIELDS,NORTH TYNESIDE,TYNE AND WEAR,Standard,Addition,55.0190930000,-1.4352350000
240000,2013-09-06 00:00:00Z,NE30 2SQ,Semi-Detached,Established,Freehold,4,,BRISLEE AVENUE,,NORTH SHIELDS,NORTH TYNESIDE,TYNE AND WEAR,Standard,Addition,55.0177910000,-1.4316090000
171000,2013-11-08 00:00:00Z,NE30 2HA,Terraced,Established,Freehold,32A,,PARK TERRACE,,NORTH SHIELDS,NORTH TYNESIDE,TYNE AND WEAR,Standard,Addition,55.0144710000,-1.4364720000
206000,2013-10-29 00:00:00Z,NE30 2HH,Terraced,Established,Freehold,10,,KITCHENER TERRACE,,NORTH SHIELDS,NORTH TYNESIDE,TYNE AND WEAR,Standard,Addition,55.0153440000,-1.4368510000
103000,2013-07-05 00:00:00Z,NE30 2HG,Flats/Maisonettes,Established,Leasehold,54,,WASHINGTON TERRACE,,NORTH SHIELDS,NORTH TYNESIDE,TYNE AND WEAR,Standard,Addition,55.0155050000,-1.4384750000
318000,2013-03-25 00:00:00Z,NE30 2SQ,Terraced,Established,Freehold,20,,BRISLEE AVENUE,,NORTH SHIELDS,NORTH TYNESIDE,TYNE AND WEAR,Standard,Addition,55.0177910000,-1.4316090000
155000,2013-08-30 00:00:00Z,NE30 2HE,Flats/Maisonettes,Established,Leasehold,12,,WASHINGTON TERRACE,,NORTH SHIELDS,NORTH TYNESIDE,TYNE AND WEAR,Standard,Addition,55.0144240000,-1.4380060000
99500,2013-09-09 00:00:00Z,NE30 2HN,Flats/Maisonettes,Established,Leasehold,80,,PRINCES STREET,,NORTH SHIELDS,NORTH TYNESIDE,TYNE AND WEAR,Standard,Addition,55.0152640000,-1.4389630000
125000,2013-06-21 00:00:00Z,NE30 2HG,Flats/Maisonettes,Established,Leasehold,68,,WASHINGTON TERRACE,,NORTH SHIELDS,NORTH TYNESIDE,TYNE AND WEAR,Standard,Addition,55.0155050000,-1.4384750000
215000,2013-08-23 00:00:00Z,NE30 2HL,Terraced,Established,Freehold,75,,PARK CRESCENT,,NORTH SHIELDS,NORTH TYNESIDE,TYNE AND WEAR,Standard,Addition,55.0158600000,-1.4395340000
226000,2013-03-01 00:00:00Z,NE30 2EU,Terraced,Established,Freehold,9,,PARK AVENUE,,NORTH SHIELDS,NORTH TYNESIDE,TYNE AND WEAR,Standard,Addition,55.0163080000,-1.4373220000
114150,2013-11-08 00:00:00Z,NE30 4AD,Flats/Maisonettes,Established,Leasehold,43,,HAZELDENE COURT,,NORTH SHIELDS,NORTH TYNESIDE,TYNE AND WEAR,Standard,Addition,55.0152980000,-1.4326760000
215000,2013-12-16 00:00:00Z,NE30 2HQ,Terraced,Established,Freehold,40,,PARK CRESCENT EAST,,NORTH SHIELDS,NORTH TYNESIDE,TYNE AND WEAR,Standard,Addition,55.0158240000,-1.4376420000
105000,2013-06-14 00:00:00Z,NE30 4AD,Flats/Maisonettes,Established,Leasehold,12,,HAZELDENE COURT,,NORTH SHIELDS,NORTH TYNESIDE,TYNE AND WEAR,Standard,Addition,55.0152980000,-1.4326760000
70000,2013-08-20 00:00:00Z,NE30 1DA,Other,Established,Freehold,NORTH HARBOUR APARTMENTS,3,BIRD STREET,,NORTH SHIELDS,NORTH TYNESIDE,TYNE AND WEAR,Additional,Addition,55.0112860000,-1.4359830000
117000,2013-05-03 00:00:00Z,NE30 2HL,Terraced,Established,Leasehold,85,,PARK CRESCENT,,NORTH SHIELDS,NORTH TYNESIDE,TYNE AND WEAR,Standard,Addition,55.0158600000,-1.4395340000
107000,2013-10-11 00:00:00Z,NE30 2HA,Flats/Maisonettes,Established,Leasehold,8,,PARK TERRACE,,NORTH SHIELDS,NORTH TYNESIDE,TYNE AND WEAR,Standard,Addition,55.0144710000,-1.4364720000
250000,2013-01-25 00:00:00Z,NE30 2HJ,Terraced,Established,Freehold,38,,WASHINGTON TERRACE,,NORTH SHIELDS,NORTH TYNESIDE,TYNE AND WEAR,Standard,Addition,55.0165290000,-1.4383830000
191950,2013-12-06 00:00:00Z,NE30 2EU,Terraced,Established,Freehold,17,,PARK AVENUE,,NORTH SHIELDS,NORTH TYNESIDE,TYNE AND WEAR,Standard,Addition,55.0163080000,-1.4373220000
93000,2013-11-04 00:00:00Z,NE30 2HG,Flats/Maisonettes,Established,Leasehold,55,,WASHINGTON TERRACE,,NORTH SHIELDS,NORTH TYNESIDE,TYNE AND WEAR,Standard,Addition,55.0155050000,-1.4384750000
286698,2013-09-13 00:00:00Z,NE30 2HE,Terraced,Established,Freehold,14 - 15,,WASHINGTON TERRACE,,NORTH SHIELDS,NORTH TYNESIDE,TYNE AND WEAR,Standard,Addition,55.0144240000,-1.4380060000
176000,2013-11-22 00:00:00Z,NE30 2RU,Terraced,Established,Freehold,13,,MARINERS LANE,,NORTH SHIELDS,NORTH TYNESIDE,TYNE AND WEAR,Standard,Addition,55.0163880000,-1.4313940000
250000,2013-11-15 00:00:00Z,NE30 2HG,Terraced,Established,Freehold,33,,WASHINGTON TERRACE,,NORTH SHIELDS,NORTH TYNESIDE,TYNE AND WEAR,Standard,Addition,55.0155050000,-1.4384750000
350000,2013-01-15 00:00:00Z,NE30 2EP,Terraced,Established,Freehold,75,,LINSKILL TERRACE,,NORTH SHIELDS,NORTH TYNESIDE,TYNE AND WEAR,Standard,Addition,55.0161490000,-1.4399050000
250000,2013-05-08 00:00:00Z,NE30 2SG,Terraced,Established,Freehold,15,,DENWICK TERRACE,,NORTH SHIELDS,NORTH TYNESIDE,TYNE AND WEAR,Standard,Addition,55.0178610000,-1.4312010000
145000,2013-09-17 00:00:00Z,NE30 2RR,Flats/Maisonettes,Established,Leasehold,16,,BIRTLEY AVENUE,,NORTH SHIELDS,NORTH TYNESIDE,TYNE AND WEAR,Standard,Addition,55.0178740000,-1.4300590000
150000,2013-02-01 00:00:00Z,NE30 1LA,Flats/Maisonettes,Established,Leasehold,8,,RENAISSANCE POINT,,NORTH SHIELDS,NORTH TYNESIDE,TYNE AND WEAR,Standard,Addition,55.0101820000,-1.4359380000
225500,2014-02-14 00:00:00Z,NE30 2HL,Terraced,Established,Freehold,62,,PARK CRESCENT,,NORTH SHIELDS,NORTH TYNESIDE,TYNE AND WEAR,Standard,Addition,55.0158600000,-1.4395340000
290000,2014-01-31 00:00:00Z,NE30 2HE,Terraced,Established,Freehold,15,,WASHINGTON TERRACE,,NORTH SHIELDS,NORTH TYNESIDE,TYNE AND WEAR,Standard,Addition,55.0144240000,-1.4380060000
97500,2014-11-07 00:00:00Z,NE30 2HP,Flats/Maisonettes,Established,Leasehold,12,,ROSEDALE TERRACE,,NORTH SHIELDS,NORTH TYNESIDE,TYNE AND WEAR,Standard,Addition,55.0149000000,-1.4398600000
96500,2014-09-26 00:00:00Z,NE30 2HZ,Flats/Maisonettes,Established,Leasehold,31,,PRINCES STREET,,NORTH SHIELDS,NORTH TYNESIDE,TYNE AND WEAR,Standard,Addition,55.0141920000,-1.4389950000
95000,2014-01-10 00:00:00Z,NE30 2HN,Flats/Maisonettes,Established,Leasehold,72,,PRINCES STREET,,NORTH SHIELDS,NORTH TYNESIDE,TYNE AND WEAR,Standard,Addition,55.0152640000,-1.4389630000
152500,2014-06-06 00:00:00Z,NE30 2PL,Terraced,Established,Leasehold,5,,LIVINGSTONE VIEW,,NORTH SHIELDS,NORTH TYNESIDE,TYNE AND WEAR,Standard,Addition,55.0182650000,-1.4349650000
82000,2014-03-28 00:00:00Z,NE30 2HX,Flats/Maisonettes,Established,Leasehold,35,,COBURG STREET,,NORTH SHIELDS,NORTH TYNESIDE,TYNE AND WEAR,Standard,Addition,55.0138020000,-1.4394690000
297000,2014-08-01 00:00:00Z,NE30 2SH,Terraced,Established,Freehold,19,,ALBURY PARK ROAD,,NORTH SHIELDS,NORTH TYNESIDE,TYNE AND WEAR,Standard,Addition,55.0181680000,-1.4315060000
97500,2014-11-07 00:00:00Z,NE30 2HP,Flats/Maisonettes,Established,Freehold,12A,,ROSEDALE TERRACE,,NORTH SHIELDS,NORTH TYNESIDE,TYNE AND WEAR,Standard,Addition,55.0149000000,-1.4398600000
94500,2014-10-03 00:00:00Z,NE30 2HL,Flats/Maisonettes,Established,Freehold,91A,,PARK CRESCENT,,NORTH SHIELDS,NORTH TYNESIDE,TYNE AND WEAR,Standard,Addition,55.0158600000,-1.4395340000
174000,2014-01-31 00:00:00Z,NE30 2HQ,Terraced,Established,Freehold,33,,PARK CRESCENT EAST,,NORTH SHIELDS,NORTH TYNESIDE,TYNE AND WEAR,Standard,Addition,55.0158240000,-1.4376420000
47000,2014-06-13 00:00:00Z,NE30 2EG,Flats/Maisonettes,Established,Leasehold,114,,GREY STREET,,NORTH SHIELDS,NORTH TYNESIDE,TYNE AND WEAR,Standard,Addition,55.0137620000,-1.4387030000
195000,2014-03-17 00:00:00Z,NE30 2PN,Terraced,Established,Freehold,27,,EDITH STREET,,NORTH SHIELDS,NORTH TYNESIDE,TYNE AND WEAR,Standard,Addition,55.0190930000,-1.4352350000
86500,2014-12-05 00:00:00Z,NE30 2HQ,Flats/Maisonettes,Established,Leasehold,19,,PARK CRESCENT EAST,,NORTH SHIELDS,NORTH TYNESIDE,TYNE AND WEAR,Standard,Addition,55.0158240000,-1.4376420000
375000,2014-05-29 00:00:00Z,NE30 2SH,Terraced,Established,Freehold,21,,ALBURY PARK ROAD,,NORTH SHIELDS,NORTH TYNESIDE,TYNE AND WEAR,Standard,Addition,55.0181680000,-1.4315060000
85000,2014-03-31 00:00:00Z,NE30 1HB,Flats/Maisonettes,New Build,Leasehold,THE IRVIN BUILDING,APARTMENT 15,UNION QUAY,,NORTH SHIELDS,NORTH TYNESIDE,TYNE AND WEAR,Standard,Addition,55.0103390000,-1.4349350000
229000,2014-09-22 00:00:00Z,NE30 2EU,Terraced,Established,Freehold,10,,PARK AVENUE,,NORTH SHIELDS,NORTH TYNESIDE,TYNE AND WEAR,Standard,Addition,55.0163080000,-1.4373220000
132000,2014-10-20 00:00:00Z,NE30 1HB,Flats/Maisonettes,Established,Leasehold,THE IRVIN BUILDING,APARTMENT 9,UNION QUAY,,NORTH SHIELDS,NORTH TYNESIDE,TYNE AND WEAR,Standard,Addition,55.0103390000,-1.4349350000
87200,2014-05-23 00:00:00Z,NE30 2HF,Flats/Maisonettes,Established,Leasehold,6,,DONKIN TERRACE,,NORTH SHIELDS,NORTH TYNESIDE,TYNE AND WEAR,Standard,Addition,55.0148040000,-1.4366080000
320000,2014-02-17 00:00:00Z,NE30 2EP,Terraced,Established,Freehold,60,,LINSKILL TERRACE,,NORTH SHIELDS,NORTH TYNESIDE,TYNE AND WEAR,Standard,Addition,55.0161490000,-1.4399050000
115000,2014-06-12 00:00:00Z,NE30 4AD,Flats/Maisonettes,Established,Leasehold,70,,HAZELDENE COURT,,NORTH SHIELDS,NORTH TYNESIDE,TYNE AND WEAR,Additional,Addition,55.0152980000,-1.4326760000
107000,2014-04-04 00:00:00Z,NE30 2HF,Flats/Maisonettes,Established,Leasehold,34,,DONKIN TERRACE,,NORTH SHIELDS,NORTH TYNESIDE,TYNE AND WEAR,Standard,Addition,55.0148040000,-1.4366080000
174612,2014-04-22 00:00:00Z,NE30 2PN,Terraced,Established,Freehold,22,,EDITH STREET,,NORTH SHIELDS,NORTH TYNESIDE,TYNE AND WEAR,Standard,Addition,55.0190930000,-1.4352350000
140000,2014-08-29 00:00:00Z,NE30 2HX,Terraced,Established,Freehold,32,,COBURG STREET,,NORTH SHIELDS,NORTH TYNESIDE,TYNE AND WEAR,Standard,Addition,55.0138020000,-1.4394690000
135000,2014-02-20 00:00:00Z,NE30 2HG,Flats/Maisonettes,Established,Leasehold,31,FLAT 2,WASHINGTON TERRACE,,NORTH SHIELDS,NORTH TYNESIDE,TYNE AND WEAR,Additional,Addition,55.0155050000,-1.4384750000
96000,2014-06-09 00:00:00Z,NE30 2HX,Flats/Maisonettes,Established,Freehold,35,,COBURG STREET,,NORTH SHIELDS,NORTH TYNESIDE,TYNE AND WEAR,Standard,Addition,55.0138020000,-1.4394690000
143500,2014-01-24 00:00:00Z,NE30 2RR,Flats/Maisonettes,Established,Leasehold,17,,BIRTLEY AVENUE,,NORTH SHIELDS,NORTH TYNESIDE,TYNE AND WEAR,Standard,Addition,55.0178740000,-1.4300590000
248496,2014-06-23 00:00:00Z,NE30 2EP,Terraced,Established,Freehold,56,,LINSKILL TERRACE,,NORTH SHIELDS,NORTH TYNESIDE,TYNE AND WEAR,Additional,Addition,55.0161490000,-1.4399050000
185000,2014-11-14 00:00:00Z,NE30 2HQ,Terraced,Established,Freehold,7,,PARK CRESCENT EAST,,NORTH SHIELDS,NORTH TYNESIDE,TYNE AND WEAR,Standard,Addition,55.0158240000,-1.4376420000
96000,2014-06-09 00:00:00Z,NE30 2HX,Flats/Maisonettes,Established,Leasehold,33,,COBURG STREET,,NORTH SHIELDS,NORTH TYNESIDE,TYNE AND WEAR,Standard,Addition,55.0138020000,-1.4394690000
102250,2014-09-15 00:00:00Z,NE30 2HH,Flats/Maisonettes,Established,Leasehold,29,,KITCHENER TERRACE,,NORTH SHIELDS,NORTH TYNESIDE,TYNE AND WEAR,Standard,Addition,55.0153440000,-1.4368510000
110000,2014-03-07 00:00:00Z,NE30 4AD,Flats/Maisonettes,Established,Leasehold,25,,HAZELDENE COURT,,NORTH SHIELDS,NORTH TYNESIDE,TYNE AND WEAR,Additional,Addition,55.0152980000,-1.4326760000
148000,2014-07-04 00:00:00Z,NE30 4AD,Terraced,Established,Freehold,6,,HAZELDENE COURT,,NORTH SHIELDS,NORTH TYNESIDE,TYNE AND WEAR,Standard,Addition,55.0152980000,-1.4326760000
92500,2014-05-27 00:00:00Z,NE30 2HG,Flats/Maisonettes,Established,Leasehold,58,,WASHINGTON TERRACE,,NORTH SHIELDS,NORTH TYNESIDE,TYNE AND WEAR,Additional,Addition,55.0155050000,-1.4384750000
120000,2014-02-03 00:00:00Z,NE30 1HB,Flats/Maisonettes,Established,Leasehold,THE IRVIN BUILDING,APARTMENT 3,UNION QUAY,,NORTH SHIELDS,NORTH TYNESIDE,TYNE AND WEAR,Standard,Addition,55.0103390000,-1.4349350000
92000,2014-11-21 00:00:00Z,NE30 1HB,Flats/Maisonettes,Established,Leasehold,THE IRVIN BUILDING,APARTMENT 7,UNION QUAY,,NORTH SHIELDS,NORTH TYNESIDE,TYNE AND WEAR,Standard,Addition,55.0103390000,-1.4349350000
60000,2014-01-22 00:00:00Z,NE30 2EG,Flats/Maisonettes,Established,Leasehold,113,,GREY STREET,,NORTH SHIELDS,NORTH TYNESIDE,TYNE AND WEAR,Standard,Addition,55.0137620000,-1.4387030000
108000,2014-09-24 00:00:00Z,NE30 2HZ,Terraced,Established,Leasehold,29,,PRINCES STREET,,NORTH SHIELDS,NORTH TYNESIDE,TYNE AND WEAR,Standard,Addition,55.0141920000,-1.4389950000
277700,2014-12-19 00:00:00Z,NE30 2JR,Terraced,Established,Freehold,5,,MILL GROVE,,NORTH SHIELDS,NORTH TYNESIDE,TYNE AND WEAR,Standard,Addition,55.0189270000,-1.4342200000
125000,2014-03-31 00:00:00Z,NE30 2HJ,Flats/Maisonettes,Established,Leasehold,45,,WASHINGTON TERRACE,,NORTH SHIELDS,NORTH TYNESIDE,TYNE AND WEAR,Standard,Addition,55.0165290000,-1.4383830000
190000,2014-03-21 00:00:00Z,NE30 2SB,Terraced,Established,Freehold,21,,SHIPLEY ROAD,,NORTH SHIELDS,NORTH TYNESIDE,TYNE AND WEAR,Standard,Addition,55.0171760000,-1.4306010000
105000,2014-06-06 00:00:00Z,NE30 2HH,Flats/Maisonettes,Established,Leasehold,21,,KITCHENER TERRACE,,NORTH SHIELDS,NORTH TYNESIDE,TYNE AND WEAR,Standard,Addition,55.0153440000,-1.4368510000
124995,2014-03-28 00:00:00Z,NE30 2HH,Terraced,Established,Freehold,8,,KITCHENER TERRACE,,NORTH SHIELDS,NORTH TYNESIDE,TYNE AND WEAR,Standard,Addition,55.0153440000,-1.4368510000
120000,2014-07-11 00:00:00Z,NE30 2HG,Flats/Maisonettes,Established,Leasehold,67,,WASHINGTON TERRACE,,NORTH SHIELDS,NORTH TYNESIDE,TYNE AND WEAR,Standard,Addition,55.0155050000,-1.4384750000
57500,2014-04-11 00:00:00Z,NE30 4AF,Flats/Maisonettes,Established,Leasehold,44,,RIVER VIEW,,NORTH SHIELDS,NORTH TYNESIDE,TYNE AND WEAR,Standard,Addition,55.0135260000,-1.4323260000
123400,2014-04-04 00:00:00Z,NE30 2HF,Flats/Maisonettes,Established,Leasehold,48,,DONKIN TERRACE,,NORTH SHIELDS,NORTH TYNESIDE,TYNE AND WEAR,Standard,Addition,55.0148040000,-1.4366080000
250000,2014-03-07 00:00:00Z,NE30 2SG,Semi-Detached,Established,Freehold,10,,DENWICK TERRACE,,NORTH SHIELDS,NORTH TYNESIDE,TYNE AND WEAR,Standard,Addition,55.0178610000,-1.4312010000
194950,2014-12-18 00:00:00Z,NE30 2HZ,Terraced,Established,Freehold,34,,PRINCES STREET,,NORTH SHIELDS,NORTH TYNESIDE,TYNE AND WEAR,Standard,Addition,55.0141920000,-1.4389950000
175000,2014-08-01 00:00:00Z,NE30 4AD,Semi-Detached,Established,Freehold,7,,HAZELDENE COURT,,NORTH SHIELDS,NORTH TYNESIDE,TYNE AND WEAR,Standard,Addition,55.0152980000,-1.4326760000
175000,2014-10-03 00:00:00Z,NE30 2SA,Flats/Maisonettes,Established,Leasehold,37,,HULNE AVENUE,,NORTH SHIELDS,NORTH TYNESIDE,TYNE AND WEAR,Standard,Addition,55.0167970000,-1.4308740000
220000,2014-12-15 00:00:00Z,NE30 2HB,Flats/Maisonettes,Established,Freehold,4,,WASHINGTON MEWS,,NORTH SHIELDS,NORTH TYNESIDE,TYNE AND WEAR,Standard,Addition,55.0166290000,-1.4390050000
112000,2014-09-05 00:00:00Z,NE30 4AD,Flats/Maisonettes,Established,Leasehold,41,,HAZELDENE COURT,,NORTH SHIELDS,NORTH TYNESIDE,TYNE AND WEAR,Standard,Addition,55.0152980000,-1.4326760000
94500,2014-10-03 00:00:00Z,NE30 2HL,Flats/Maisonettes,Established,Leasehold,91,,PARK CRESCENT,,NORTH SHIELDS,NORTH TYNESIDE,TYNE AND WEAR,Standard,Addition,55.0158600000,-1.4395340000
187500,2014-01-31 00:00:00Z,NE30 2SB,Terraced,Established,Freehold,4,,SHIPLEY ROAD,,NORTH SHIELDS,NORTH TYNESIDE,TYNE AND WEAR,Standard,Addition,55.0171760000,-1.4306010000
98500,2014-08-29 00:00:00Z,NE30 2HN,Flats/Maisonettes,Established,Leasehold,75,,PRINCES STREET,,NORTH SHIELDS,NORTH TYNESIDE,TYNE AND WEAR,Standard,Addition,55.0152640000,-1.4389630000
341850,2014-06-20 00:00:00Z,NE30 2SH,Terraced,Established,Freehold,12,,ALBURY PARK ROAD,,NORTH SHIELDS,NORTH TYNESIDE,TYNE AND WEAR,Standard,Addition,55.0181680000,-1.4315060000
118000,2014-10-10 00:00:00Z,NE30 2HF,Flats/Maisonettes,Established,Leasehold,43,,DONKIN TERRACE,,NORTH SHIELDS,NORTH TYNESIDE,TYNE AND WEAR,Standard,Addition,55.0148040000,-1.4366080000
95000,2014-09-26 00:00:00Z,NE30 1HB,Flats/Maisonettes,Established,Leasehold,THE IRVIN BUILDING,APARTMENT 8,UNION QUAY,,NORTH SHIELDS,NORTH TYNESIDE,TYNE AND WEAR,Standard,Addition,55.0103390000,-1.4349350000
130000,2014-07-11 00:00:00Z,NE30 2HH,Flats/Maisonettes,Established,Leasehold,11,,KITCHENER TERRACE,,NORTH SHIELDS,NORTH TYNESIDE,TYNE AND WEAR,Standard,Addition,55.0153440000,-1.4368510000
500000,2014-04-30 00:00:00Z,NE30 2LA,Semi-Detached,Established,Freehold,18,,ASHLEIGH GROVE,,NORTH SHIELDS,NORTH TYNESIDE,TYNE AND WEAR,Standard,Addition,55.0197030000,-1.4329430000
125000,2014-12-19 00:00:00Z,NE30 2HE,Flats/Maisonettes,Established,Leasehold,79,,WASHINGTON TERRACE,,NORTH SHIELDS,NORTH TYNESIDE,TYNE AND WEAR,Standard,Addition,55.0144240000,-1.4380060000
177950,2014-03-07 00:00:00Z,NE30 4AD,Terraced,Established,Freehold,56,,HAZELDENE COURT,,NORTH SHIELDS,NORTH TYNESIDE,TYNE AND WEAR,Standard,Addition,55.0152980000,-1.4326760000
269950,2014-09-26 00:00:00Z,NE30 2SG,Terraced,Established,Freehold,6,,DENWICK TERRACE,,NORTH SHIELDS,NORTH TYNESIDE,TYNE AND WEAR,Standard,Addition,55.0178610000,-1.4312010000
120000,2014-11-28 00:00:00Z,NE30 2HF,Terraced,Established,Leasehold,42,,DONKIN TERRACE,,NORTH SHIELDS,NORTH TYNESIDE,TYNE AND WEAR,Standard,Addition,55.0148040000,-1.4366080000
128000,2014-12-12 00:00:00Z,NE30 1HB,Flats/Maisonettes,Established,Leasehold,THE IRVIN BUILDING,APARTMENT 24,UNION QUAY,,NORTH SHIELDS,NORTH TYNESIDE,TYNE AND WEAR,Standard,Addition,55.0103390000,-1.4349350000
144000,2014-06-25 00:00:00Z,NE30 2HY,Terraced,Established,Freehold,48,,JACKSON STREET,,NORTH SHIELDS,NORTH TYNESIDE,TYNE AND WEAR,Standard,Addition,55.0147450000,-1.4393620000
500000,2014-07-17 00:00:00Z,NE30 2RW,Semi-Detached,Established,Freehold,37,,KING EDWARD ROAD,,NORTH SHIELDS,NORTH TYNESIDE,TYNE AND WEAR,Standard,Addition,55.0190090000,-1.4324830000
245000,2014-01-20 00:00:00Z,NE30 2HE,Terraced,Established,Freehold,83,,WASHINGTON TERRACE,,NORTH SHIELDS,NORTH TYNESIDE,TYNE AND WEAR,Standard,Addition,55.0144240000,-1.4380060000
131000,2014-04-25 00:00:00Z,NE30 1LA,Flats/Maisonettes,Established,Leasehold,37,,RENAISSANCE POINT,,NORTH SHIELDS,NORTH TYNESIDE,TYNE AND WEAR,Standard,Addition,55.0101820000,-1.4359380000
130000,2014-02-25 00:00:00Z,NE30 4AD,Terraced,Established,Freehold,29,,HAZELDENE COURT,,NORTH SHIELDS,NORTH TYNESIDE,TYNE AND WEAR,Standard,Addition,55.0152980000,-1.4326760000
222000,2014-07-25 00:00:00Z,NE30 2HG,Terraced,Established,Freehold,52,,WASHINGTON TERRACE,,NORTH SHIELDS,NORTH TYNESIDE,TYNE AND WEAR,Standard,Addition,55.0155050000,-1.4384750000
123000,2014-06-27 00:00:00Z,NE30 2HA,Flats/Maisonettes,Established,Leasehold,16,,PARK TERRACE,,NORTH SHIELDS,NORTH TYNESIDE,TYNE AND WEAR,Standard,Addition,55.0144710000,-1.4364720000
250000,2014-01-31 00:00:00Z,NE30 2SG,Terraced,Established,Freehold,4,,DENWICK TERRACE,,NORTH SHIELDS,NORTH TYNESIDE,TYNE AND WEAR,Standard,Addition,55.0178610000,-1.4312010000
123000,2014-06-27 00:00:00Z,NE30 2HA,Flats/Maisonettes,Established,Freehold,17,,PARK TERRACE,,NORTH SHIELDS,NORTH TYNESIDE,TYNE AND WEAR,Standard,Addition,55.0144710000,-1.4364720000
340000,2014-07-23 00:00:00Z,NE30 2HG,Terraced,Established,Freehold,29A,,WASHINGTON TERRACE,,NORTH SHIELDS,NORTH TYNESIDE,TYNE AND WEAR,Standard,Addition,55.0155050000,-1.4384750000
105000,2014-05-16 00:00:00Z,NE30 1EE,Flats/Maisonettes,Established,Leasehold,60,,TYNEMOUTH ROAD,,NORTH SHIELDS,NORTH TYNESIDE,TYNE AND WEAR,Standard,Addition,55.0132560000,-1.4383510000
165000,2014-03-03 00:00:00Z,NE30 2SA,Flats/Maisonettes,Established,Leasehold,32,,HULNE AVENUE,,NORTH SHIELDS,NORTH TYNESIDE,TYNE AND WEAR,Standard,Addition,55.0167970000,-1.4308740000
225000,2014-03-03 00:00:00Z,NE30 2SB,Terraced,Established,Freehold,7,,SHIPLEY ROAD,,NORTH SHIELDS,NORTH TYNESIDE,TYNE AND WEAR,Standard,Addition,55.0171760000,-1.4306010000
237000,2014-05-07 00:00:00Z,NE30 2SH,Terraced,Established,Freehold,36,,ALBURY PARK ROAD,,NORTH SHIELDS,NORTH TYNESIDE,TYNE AND WEAR,Standard,Addition,55.0181680000,-1.4315060000
318000,2014-11-07 00:00:00Z,NE30 2RU,Terraced,Established,Freehold,29,,MARINERS LANE,,NORTH SHIELDS,NORTH TYNESIDE,TYNE AND WEAR,Standard,Addition,55.0163880000,-1.4313940000
201000,2014-02-14 00:00:00Z,NE30 1EE,Terraced,Established,Freehold,88,,TYNEMOUTH ROAD,,NORTH SHIELDS,NORTH TYNESIDE,TYNE AND WEAR,Standard,Addition,55.0132560000,-1.4383510000
96000,2014-05-09 00:00:00Z,NE30 2HN,Flats/Maisonettes,Established,Leasehold,59,,PRINCES STREET,,NORTH SHIELDS,NORTH TYNESIDE,TYNE AND WEAR,Standard,Addition,55.0152640000,-1.4389630000
271000,2014-11-20 00:00:00Z,NE30 1EE,Other,Established,Leasehold,94,,TYNEMOUTH ROAD,,NORTH SHIELDS,NORTH TYNESIDE,TYNE AND WEAR,Additional,Addition,55.0132560000,-1.4383510000
40000,2014-07-17 00:00:00Z,NE30 2EG,Flats/Maisonettes,Established,Leasehold,109,,GREY STREET,,NORTH SHIELDS,NORTH TYNESIDE,TYNE AND WEAR,Additional,Addition,55.0137620000,-1.4387030000
242500,2014-07-17 00:00:00Z,NE30 2EU,Terraced,Established,Freehold,15,,PARK AVENUE,,NORTH SHIELDS,NORTH TYNESIDE,TYNE AND WEAR,Standard,Addition,55.0163080000,-1.4373220000
122000,2014-10-20 00:00:00Z,NE30 1HB,Flats/Maisonettes,Established,Leasehold,THE IRVIN BUILDING,APARTMENT 16,UNION QUAY,,NORTH SHIELDS,NORTH TYNESIDE,TYNE AND WEAR,Additional,Addition,55.0103390000,-1.4349350000
350000,2014-10-24 00:00:00Z,NE30 2SD,Terraced,Established,Freehold,49,,MARINERS LANE,,NORTH SHIELDS,NORTH TYNESIDE,TYNE AND WEAR,Standard,Addition,55.0173550000,-1.4323660000
145000,2014-02-17 00:00:00Z,NE30 2HP,Terraced,Established,Freehold,21,,ROSEDALE TERRACE,,NORTH SHIELDS,NORTH TYNESIDE,TYNE AND WEAR,Standard,Addition,55.0149000000,-1.4398600000
250000,2014-12-05 00:00:00Z,NE30 2SQ,Semi-Detached,Established,Freehold,6,,BRISLEE AVENUE,,NORTH SHIELDS,NORTH TYNESIDE,TYNE AND WEAR,Standard,Addition,55.0177910000,-1.4316090000
81000,2014-02-28 00:00:00Z,NE30 1EE,Flats/Maisonettes,Established,Leasehold,68,,TYNEMOUTH ROAD,,NORTH SHIELDS,NORTH TYNESIDE,TYNE AND WEAR,Standard,Addition,55.0132560000,-1.4383510000
112000,2014-09-12 00:00:00Z,NE30 4AD,Flats/Maisonettes,Established,Leasehold,26,,HAZELDENE COURT,,NORTH SHIELDS,NORTH TYNESIDE,TYNE AND WEAR,Standard,Addition,55.0152980000,-1.4326760000
126514,2015-10-30 00:00:00Z,NE30 2HF,Flats/Maisonettes,Established,Leasehold,53,,DONKIN TERRACE,,NORTH SHIELDS,NORTH TYNESIDE,TYNE AND WEAR,Standard,Addition,55.0148040000,-1.4366080000
111000,2015-10-16 00:00:00Z,NE30 1BP,Terraced,Established,Freehold,35,,CHARLOTTE STREET,,NORTH SHIELDS,NORTH TYNESIDE,TYNE AND WEAR,Standard,Addition,55.0103470000,-1.4385470000
82000,2015-10-26 00:00:00Z,NE30 2HZ,Flats/Maisonettes,Established,Leasehold,46,,PRINCES STREET,,NORTH SHIELDS,NORTH TYNESIDE,TYNE AND WEAR,Additional,Addition,55.0141920000,-1.4389950000
120000,2015-10-19 00:00:00Z,NE30 2HG,Flats/Maisonettes,Established,Leasehold,61,,WASHINGTON TERRACE,,NORTH SHIELDS,NORTH TYNESIDE,TYNE AND WEAR,Standard,Addition,55.0155050000,-1.4384750000
80000,2015-11-19 00:00:00Z,NE30 2EG,Terraced,Established,Freehold,115,,GREY STREET,,NORTH SHIELDS,NORTH TYNESIDE,TYNE AND WEAR,Standard,Addition,55.0137620000,-1.4387030000
215000,2015-10-30 00:00:00Z,NE30 2HB,Terraced,Established,Freehold,1,,WASHINGTON MEWS,,NORTH SHIELDS,NORTH TYNESIDE,TYNE AND WEAR,Standard,Addition,55.0166290000,-1.4390050000
160000,2015-04-13 00:00:00Z,NE30 2PN,Terraced,Established,Freehold,19,,EDITH STREET,,NORTH SHIELDS,NORTH TYNESIDE,TYNE AND WEAR,Standard,Addition,55.0190930000,-1.4352350000
142500,2015-10-02 00:00:00Z,NE30 2HZ,Terraced,Established,Freehold,38,,PRINCES STREET,,NORTH SHIELDS,NORTH TYNESIDE,TYNE AND WEAR,Standard,Addition,55.0141920000,-1.4389950000
126000,2015-09-01 00:00:00Z,NE30 2HQ,Flats/Maisonettes,Established,Leasehold,14,,PARK CRESCENT EAST,,NORTH SHIELDS,NORTH TYNESIDE,TYNE AND WEAR,Standard,Addition,55.0158240000,-1.4376420000
244000,2015-10-09 00:00:00Z,NE30 2HE,Terraced,Established,Freehold,83,,WASHINGTON TERRACE,,NORTH SHIELDS,NORTH TYNESIDE,TYNE AND WEAR,Standard,Addition,55.0144240000,-1.4380060000
270000,2015-08-07 00:00:00Z,NE30 2EP,Terraced,Established,Freehold,74,,LINSKILL TERRACE,,NORTH SHIELDS,NORTH TYNESIDE,TYNE AND WEAR,Standard,Addition,55.0161490000,-1.4399050000
105000,2015-09-18 00:00:00Z,NE30 2EG,Flats/Maisonettes,Established,Leasehold,96,,GREY STREET,,NORTH SHIELDS,NORTH TYNESIDE,TYNE AND WEAR,Standard,Addition,55.0137620000,-1.4387030000
105000,2015-09-18 00:00:00Z,NE30 2EG,Flats/Maisonettes,Established,Freehold,95,,GREY STREET,,NORTH SHIELDS,NORTH TYNESIDE,TYNE AND WEAR,Standard,Addition,55.0137620000,-1.4387030000
132000,2015-09-30 00:00:00Z,NE30 2HJ,Flats/Maisonettes,Established,Leasehold,41,,WASHINGTON TERRACE,,NORTH SHIELDS,NORTH TYNESIDE,TYNE AND WEAR,Standard,Addition,55.0165290000,-1.4383830000
150000,2015-10-16 00:00:00Z,NE30 2SA,Flats/Maisonettes,Established,Leasehold,14,,HULNE AVENUE,,NORTH SHIELDS,NORTH TYNESIDE,TYNE AND WEAR,Standard,Addition,55.0167970000,-1.4308740000
132500,2015-10-12 00:00:00Z,NE30 2HF,Flats/Maisonettes,Established,Leasehold,47,,DONKIN TERRACE,,NORTH SHIELDS,NORTH TYNESIDE,TYNE AND WEAR,Standard,Addition,55.0148040000,-1.4366080000
115000,2015-10-27 00:00:00Z,NE30 2HA,Flats/Maisonettes,Established,Leasehold,19,,PARK TERRACE,,NORTH SHIELDS,NORTH TYNESIDE,TYNE AND WEAR,Standard,Addition,55.0144710000,-1.4364720000
117000,2015-10-23 00:00:00Z,NE30 4AD,Flats/Maisonettes,Established,Leasehold,65,,HAZELDENE COURT,,NORTH SHIELDS,NORTH TYNESIDE,TYNE AND WEAR,Standard,Addition,55.0152980000,-1.4326760000
125000,2015-07-08 00:00:00Z,NE30 1DS,Other,Established,Freehold,1,UNIT 1,NORTHUMBERLAND STREET,,NORTH SHIELDS,NORTH TYNESIDE,TYNE AND WEAR,Additional,Addition,55.0118060000,-1.4367300000
112500,2015-08-14 00:00:00Z,NE30 2HF,Flats/Maisonettes,Established,Leasehold,7,,DONKIN TERRACE,,NORTH SHIELDS,NORTH TYNESIDE,TYNE AND WEAR,Standard,Addition,55.0148040000,-1.4366080000
276500,2015-03-30 00:00:00Z,NE30 2HF,Terraced,Established,Freehold,62,,DONKIN TERRACE,,NORTH SHIELDS,NORTH TYNESIDE,TYNE AND WEAR,Standard,Addition,55.0148040000,-1.4366080000
113000,2015-01-05 00:00:00Z,NE30 4AD,Flats/Maisonettes,Established,Leasehold,74,,HAZELDENE COURT,,NORTH SHIELDS,NORTH TYNESIDE,TYNE AND WEAR,Standard,Addition,55.0152980000,-1.4326760000
308875,2015-08-20 00:00:00Z,NE30 2SD,Semi-Detached,Established,Freehold,45,,MARINERS LANE,,NORTH SHIELDS,NORTH TYNESIDE,TYNE AND WEAR,Standard,Addition,55.0173550000,-1.4323660000
75000,2015-08-14 00:00:00Z,NE30 2HX,Flats/Maisonettes,Established,Leasehold,70,,COBURG STREET,,NORTH SHIELDS,NORTH TYNESIDE,TYNE AND WEAR,Standard,Addition,55.0138020000,-1.4394690000
170000,2015-01-12 00:00:00Z,NE30 2PN,Terraced,Established,Freehold,11,,EDITH STREET,,NORTH SHIELDS,NORTH TYNESIDE,TYNE AND WEAR,Standard,Addition,55.0190930000,-1.4352350000
96000,2015-12-01 00:00:00Z,NE30 2HN,Flats/Maisonettes,Established,Leasehold,53,,PRINCES STREET,,NORTH SHIELDS,NORTH TYNESIDE,TYNE AND WEAR,Standard,Addition,55.0152640000,-1.4389630000
320000,2015-11-13 00:00:00Z,NE30 2EP,Terraced,Established,Freehold,68,,LINSKILL TERRACE,,NORTH SHIELDS,NORTH TYNESIDE,TYNE AND WEAR,Standard,Addition,55.0161490000,-1.4399050000
165000,2015-07-21 00:00:00Z,NE30 2SE,Flats/Maisonettes,Established,Leasehold,ST. AIDANS COURT,18,MARINERS LANE,,NORTH SHIELDS,NORTH TYNESIDE,TYNE AND WEAR,Standard,Addition,55.0177770000,-1.4346250000
130000,2015-04-02 00:00:00Z,NE30 2HF,Flats/Maisonettes,Established,Leasehold,50,,DONKIN TERRACE,,NORTH SHIELDS,NORTH TYNESIDE,TYNE AND WEAR,Standard,Addition,55.0148040000,-1.4366080000
200000,2015-06-29 00:00:00Z,NE30 2RZ,Terraced,Established,Freehold,3,,BEANLEY CRESCENT,,NORTH SHIELDS,NORTH TYNESIDE,TYNE AND WEAR,Standard,Addition,55.0161490000,-1.4302400000
85000,2015-05-08 00:00:00Z,NE30 2HZ,Flats/Maisonettes,Established,Leasehold,26,,PRINCES STREET,,NORTH SHIELDS,NORTH TYNESIDE,TYNE AND WEAR,Standard,Addition,55.0141920000,-1.4389950000
115000,2015-02-04 00:00:00Z,NE30 2HG,Flats/Maisonettes,Established,Leasehold,63,,WASHINGTON TERRACE,,NORTH SHIELDS,NORTH TYNESIDE,TYNE AND WEAR,Standard,Addition,55.0155050000,-1.4384750000
112750,2015-08-05 00:00:00Z,NE30 2HG,Flats/Maisonettes,Established,Leasehold,58,,WASHINGTON TERRACE,,NORTH SHIELDS,NORTH TYNESIDE,TYNE AND WEAR,Standard,Addition,55.0155050000,-1.4384750000
230000,2015-08-10 00:00:00Z,NE30 2EU,Terraced,Established,Freehold,16,,PARK AVENUE,,NORTH SHIELDS,NORTH TYNESIDE,TYNE AND WEAR,Standard,Addition,55.0163080000,-1.4373220000
167500,2015-06-26 00:00:00Z,NE30 2SE,Flats/Maisonettes,Established,Leasehold,ST. AIDANS COURT,11,MARINERS LANE,,NORTH SHIELDS,NORTH TYNESIDE,TYNE AND WEAR,Standard,Addition,55.0177770000,-1.4346250000
137500,2015-06-24 00:00:00Z,NE30 2HH,Flats/Maisonettes,Established,Leasehold,15,,KITCHENER TERRACE,,NORTH SHIELDS,NORTH TYNESIDE,TYNE AND WEAR,Standard,Addition,55.0153440000,-1.4368510000
162200,2015-11-06 00:00:00Z,NE30 2SA,Flats/Maisonettes,Established,Leasehold,41,,HULNE AVENUE,,NORTH SHIELDS,NORTH TYNESIDE,TYNE AND WEAR,Standard,Addition,55.0167970000,-1.4308740000
130000,2015-11-20 00:00:00Z,NE30 2HG,Flats/Maisonettes,Established,Leasehold,55,,WASHINGTON TERRACE,,NORTH SHIELDS,NORTH TYNESIDE,TYNE AND WEAR,Standard,Addition,55.0155050000,-1.4384750000
74000,2015-07-10 00:00:00Z,NE30 2HX,Flats/Maisonettes,Established,Leasehold,39,,COBURG STREET,,NORTH SHIELDS,NORTH TYNESIDE,TYNE AND WEAR,Standard,Addition,55.0138020000,-1.4394690000
189950,2015-02-13 00:00:00Z,NE30 2HP,Terraced,Established,Freehold,1,,ROSEDALE TERRACE,,NORTH SHIELDS,NORTH TYNESIDE,TYNE AND WEAR,Standard,Addition,55.0149000000,-1.4398600000
118000,2015-07-13 00:00:00Z,NE30 4AD,Flats/Maisonettes,Established,Leasehold,69,,HAZELDENE COURT,,NORTH SHIELDS,NORTH TYNESIDE,TYNE AND WEAR,Standard,Addition,55.0152980000,-1.4326760000
215000,2015-01-12 00:00:00Z,NE30 2HA,Terraced,Established,Freehold,12,,PARK TERRACE,,NORTH SHIELDS,NORTH TYNESIDE,TYNE AND WEAR,Standard,Addition,55.0144710000,-1.4364720000
125000,2015-05-15 00:00:00Z,NE30 2HZ,Flats/Maisonettes,Established,Leasehold,41,,PRINCES STREET,,NORTH SHIELDS,NORTH TYNESIDE,TYNE AND WEAR,Standard,Addition,55.0141920000,-1.4389950000
135000,2015-07-31 00:00:00Z,NE30 1HB,Flats/Maisonettes,New Build,Leasehold,THE IRVIN BUILDING,APARTMENT 1,UNION QUAY,,NORTH SHIELDS,NORTH TYNESIDE,TYNE AND WEAR,Standard,Addition,55.0103390000,-1.4349350000
200000,2015-07-31 00:00:00Z,NE30 2HB,Terraced,Established,Freehold,5,,WASHINGTON MEWS,,NORTH SHIELDS,NORTH TYNESIDE,TYNE AND WEAR,Standard,Addition,55.0166290000,-1.4390050000
163000,2015-12-18 00:00:00Z,NE30 2HP,Terraced,Established,Freehold,20,,ROSEDALE TERRACE,,NORTH SHIELDS,NORTH TYNESIDE,TYNE AND WEAR,Standard,Addition,55.0149000000,-1.4398600000
120000,2015-06-11 00:00:00Z,NE30 2HF,Flats/Maisonettes,Established,Leasehold,38,,DONKIN TERRACE,,NORTH SHIELDS,NORTH TYNESIDE,TYNE AND WEAR,Standard,Addition,55.0148040000,-1.4366080000
151000,2015-12-08 00:00:00Z,NE30 2HP,Terraced,Established,Freehold,22,,ROSEDALE TERRACE,,NORTH SHIELDS,NORTH TYNESIDE,TYNE AND WEAR,Standard,Addition,55.0149000000,-1.4398600000
125000,2015-11-12 00:00:00Z,NE30 2SE,Flats/Maisonettes,Established,Leasehold,ST. AIDANS COURT,3,MARINERS LANE,,NORTH SHIELDS,NORTH TYNESIDE,TYNE AND WEAR,Standard,Addition,55.0177770000,-1.4346250000
115000,2015-04-30 00:00:00Z,NE30 4AD,Flats/Maisonettes,Established,Leasehold,11,,HAZELDENE COURT,,NORTH SHIELDS,NORTH TYNESIDE,TYNE AND WEAR,Standard,Addition,55.0152980000,-1.4326760000
110000,2015-08-21 00:00:00Z,NE30 4AD,Flats/Maisonettes,Established,Leasehold,47,,HAZELDENE COURT,,NORTH SHIELDS,NORTH TYNESIDE,TYNE AND WEAR,Standard,Addition,55.0152980000,-1.4326760000
183500,2015-01-30 00:00:00Z,NE30 2PN,Terraced,Established,Freehold,23,,EDITH STREET,,NORTH SHIELDS,NORTH TYNESIDE,TYNE AND WEAR,Standard,Addition,55.0190930000,-1.4352350000
112500,2015-07-21 00:00:00Z,NE30 2HP,Terraced,Established,Freehold,20,,ROSEDALE TERRACE,,NORTH SHIELDS,NORTH TYNESIDE,TYNE AND WEAR,Standard,Addition,55.0149000000,-1.4398600000
173500,2015-01-16 00:00:00Z,NE30 2EY,Terraced,Established,Freehold,38,,PARK TERRACE,,NORTH SHIELDS,NORTH TYNESIDE,TYNE AND WEAR,Standard,Addition,55.0156000000,-1.4360950000
212500,2015-03-20 00:00:00Z,NE30 1EE,Flats/Maisonettes,Established,Leasehold,50,,TYNEMOUTH ROAD,,NORTH SHIELDS,NORTH TYNESIDE,TYNE AND WEAR,Standard,Addition,55.0132560000,-1.4383510000
212000,2015-03-20 00:00:00Z,NE30 2EP,Terraced,Established,Freehold,59,,LINSKILL TERRACE,,NORTH SHIELDS,NORTH TYNESIDE,TYNE AND WEAR,Standard,Addition,55.0161490000,-1.4399050000
205000,2015-04-02 00:00:00Z,NE30 2EP,Terraced,Established,Freehold,56,,LINSKILL TERRACE,,NORTH SHIELDS,NORTH TYNESIDE,TYNE AND WEAR,Standard,Addition,55.0161490000,-1.4399050000
220000,2015-05-14 00:00:00Z,NE30 1LA,Terraced,Established,Leasehold,21,,RENAISSANCE POINT,,NORTH SHIELDS,NORTH TYNESIDE,TYNE AND WEAR,Standard,Addition,55.0101820000,-1.4359380000
115000,2015-02-26 00:00:00Z,NE30 2HP,Flats/Maisonettes,Established,Leasehold,14,,ROSEDALE TERRACE,,NORTH SHIELDS,NORTH TYNESIDE,TYNE AND WEAR,Standard,Addition,55.0149000000,-1.4398600000
90000,2015-04-10 00:00:00Z,NE30 2HH,Flats/Maisonettes,Established,Leasehold,53,,KITCHENER TERRACE,,NORTH SHIELDS,NORTH TYNESIDE,TYNE AND WEAR,Standard,Addition,55.0153440000,-1.4368510000
310000,2015-07-31 00:00:00Z,NE30 2SB,Terraced,Established,Freehold,4,,SHIPLEY ROAD,,NORTH SHIELDS,NORTH TYNESIDE,TYNE AND WEAR,Standard,Addition,55.0171760000,-1.4306010000
210000,2015-06-19 00:00:00Z,NE30 1DL,Detached,Established,Freehold,80,,HUDSON STREET,,NORTH SHIELDS,NORTH TYNESIDE,TYNE AND WEAR,Additional,Addition,55.0117450000,-1.4379000000
90000,2015-01-12 00:00:00Z,NE30 4AF,Flats/Maisonettes,Established,Leasehold,27,,RIVER VIEW,,NORTH SHIELDS,NORTH TYNESIDE,TYNE AND WEAR,Standard,Addition,55.0135260000,-1.4323260000
65000,2015-10-08 00:00:00Z,NE30 2HZ,Flats/Maisonettes,Established,Leasehold,24,,PRINCES STREET,,NORTH SHIELDS,NORTH TYNESIDE,TYNE AND WEAR,Additional,Addition,55.0141920000,-1.4389950000
886500,2015-09-22 00:00:00Z,NE30 2RP,Semi-Detached,Established,Freehold,36,,KING EDWARD ROAD,,NORTH SHIELDS,NORTH TYNESIDE,TYNE AND WEAR,Standard,Addition,55.0186570000,-1.4321910000
120000,2015-07-31 00:00:00Z,NE30 2HH,Flats/Maisonettes,Established,Leasehold,51,,KITCHENER TERRACE,,NORTH SHIELDS,NORTH TYNESIDE,TYNE AND WEAR,Standard,Addition,55.0153440000,-1.4368510000
80000,2015-08-25 00:00:00Z,NE30 2HF,Flats/Maisonettes,Established,Leasehold,50A,,DONKIN TERRACE,,NORTH SHIELDS,NORTH TYNESIDE,TYNE AND WEAR,Standard,Addition,55.0148040000,-1.4366080000
176000,2015-08-27 00:00:00Z,NE30 2SE,Flats/Maisonettes,Established,Leasehold,ST. AIDANS COURT,13,MARINERS LANE,,NORTH SHIELDS,NORTH TYNESIDE,TYNE AND WEAR,Standard,Addition,55.0177770000,-1.4346250000
150000,2015-01-09 00:00:00Z,NE30 2SA,Flats/Maisonettes,Established,Leasehold,12,,HULNE AVENUE,,NORTH SHIELDS,NORTH TYNESIDE,TYNE AND WEAR,Standard,Addition,55.0167970000,-1.4308740000
115000,2016-06-24 00:00:00Z,NE30 2HL,Flats/Maisonettes,Established,Freehold,103,,PARK CRESCENT,,NORTH SHIELDS,NORTH TYNESIDE,TYNE AND WEAR,Additional,Addition,55.0158600000,-1.4395340000
115000,2016-06-24 00:00:00Z,NE30 2HL,Flats/Maisonettes,Established,Leasehold,103A,,PARK CRESCENT,,NORTH SHIELDS,NORTH TYNESIDE,TYNE AND WEAR,Additional,Addition,55.0158600000,-1.4395340000
117550,2016-06-24 00:00:00Z,NE30 2HH,Flats/Maisonettes,Established,Leasehold,55,,KITCHENER TERRACE,,NORTH SHIELDS,NORTH TYNESIDE,TYNE AND WEAR,Standard,Addition,55.0153440000,-1.4368510000
146000,2016-11-18 00:00:00Z,NE30 2SE,Flats/Maisonettes,Established,Leasehold,ST. AIDANS COURT,1,MARINERS LANE,,NORTH SHIELDS,NORTH TYNESIDE,TYNE AND WEAR,Standard,Addition,55.0177770000,-1.4346250000
113000,2016-09-09 00:00:00Z,NE30 4AD,Flats/Maisonettes,Established,Leasehold,66,,HAZELDENE COURT,,NORTH SHIELDS,NORTH TYNESIDE,TYNE AND WEAR,Standard,Addition,55.0152980000,-1.4326760000
335000,2016-11-14 00:00:00Z,NE30 2JP,Terraced,Established,Freehold,21,,MILL GROVE,,NORTH SHIELDS,NORTH TYNESIDE,TYNE AND WEAR,Standard,Addition,55.0194850000,-1.4345410000
122500,2016-10-21 00:00:00Z,NE30 2EG,Terraced,Established,Freehold,115,,GREY STREET,,NORTH SHIELDS,NORTH TYNESIDE,TYNE AND WEAR,Standard,Addition,55.0137620000,-1.4387030000
141000,2016-10-28 00:00:00Z,NE30 1LA,Flats/Maisonettes,Established,Leasehold,37,,RENAISSANCE POINT,,NORTH SHIELDS,NORTH TYNESIDE,TYNE AND WEAR,Standard,Addition,55.0101820000,-1.4359380000
200000,2016-10-28 00:00:00Z,NE30 2PN,Terraced,Established,Freehold,38,,EDITH STREET,,NORTH SHIELDS,NORTH TYNESIDE,TYNE AND WEAR,Standard,Addition,55.0190930000,-1.4352350000
127500,2016-11-18 00:00:00Z,NE30 2HG,Flats/Maisonettes,Established,Leasehold,59,,WASHINGTON TERRACE,,NORTH SHIELDS,NORTH TYNESIDE,TYNE AND WEAR,Standard,Addition,55.0155050000,-1.4384750000
389950,2016-10-26 00:00:00Z,NE30 2SH,Semi-Detached,Established,Freehold,24,,ALBURY PARK ROAD,,NORTH SHIELDS,NORTH TYNESIDE,TYNE AND WEAR,Standard,Addition,55.0181680000,-1.4315060000
165000,2016-10-21 00:00:00Z,NE30 1LA,Flats/Maisonettes,Established,Leasehold,8,,RENAISSANCE POINT,,NORTH SHIELDS,NORTH TYNESIDE,TYNE AND WEAR,Standard,Addition,55.0101820000,-1.4359380000
255555,2016-10-28 00:00:00Z,NE30 2HQ,Terraced,Established,Freehold,37,,PARK CRESCENT EAST,,NORTH SHIELDS,NORTH TYNESIDE,TYNE AND WEAR,Standard,Addition,55.0158240000,-1.4376420000
427500,2016-11-14 00:00:00Z,NE30 2JR,Terraced,Established,Freehold,1,,MILL GROVE,,NORTH SHIELDS,NORTH TYNESIDE,TYNE AND WEAR,Standard,Addition,55.0189270000,-1.4342200000
127500,2016-11-18 00:00:00Z,NE30 2HG,Flats/Maisonettes,Established,Freehold,60,,WASHINGTON TERRACE,,NORTH SHIELDS,NORTH TYNESIDE,TYNE AND WEAR,Standard,Addition,55.0155050000,-1.4384750000
295000,2016-07-22 00:00:00Z,NE30 1LA,Terraced,Established,Leasehold,6,,RENAISSANCE POINT,,NORTH SHIELDS,NORTH TYNESIDE,TYNE AND WEAR,Standard,Addition,55.0101820000,-1.4359380000
260000,2016-08-19 00:00:00Z,NE30 1LA,Terraced,Established,Leasehold,22,,RENAISSANCE POINT,,NORTH SHIELDS,NORTH TYNESIDE,TYNE AND WEAR,Standard,Addition,55.0101820000,-1.4359380000
325000,2016-08-01 00:00:00Z,NE30 2SQ,Terraced,Established,Freehold,3,,BRISLEE AVENUE,,NORTH SHIELDS,NORTH TYNESIDE,TYNE AND WEAR,Standard,Addition,55.0177910000,-1.4316090000
116000,2016-08-17 00:00:00Z,NE30 2HN,Flats/Maisonettes,Established,Leasehold,82,,PRINCES STREET,,NORTH SHIELDS,NORTH TYNESIDE,TYNE AND WEAR,Standard,Addition,55.0152640000,-1.4389630000
102000,2016-08-22 00:00:00Z,NE30 1EE,Other,Established,Freehold,78,,TYNEMOUTH ROAD,,NORTH SHIELDS,NORTH TYNESIDE,TYNE AND WEAR,Additional,Addition,55.0132560000,-1.4383510000
148000,2016-07-01 00:00:00Z,NE30 2SA,Flats/Maisonettes,Established,Leasehold,15,,HULNE AVENUE,,NORTH SHIELDS,NORTH TYNESIDE,TYNE AND WEAR,Standard,Addition,55.0167970000,-1.4308740000
305000,2016-07-22 00:00:00Z,NE30 2SG,Terraced,Established,Freehold,1,,DENWICK TERRACE,,NORTH SHIELDS,NORTH TYNESIDE,TYNE AND WEAR,Standard,Addition,55.0178610000,-1.4312010000
299069,2016-07-01 00:00:00Z,NE30 2EU,Terraced,Established,Freehold,8,,PARK AVENUE,,NORTH SHIELDS,NORTH TYNESIDE,TYNE AND WEAR,Standard,Addition,55.0163080000,-1.4373220000
180000,2016-05-24 00:00:00Z,NE30 2SE,Flats/Maisonettes,Established,Leasehold,ST. AIDANS COURT,7,MARINERS LANE,,NORTH SHIELDS,NORTH TYNESIDE,TYNE AND WEAR,Standard,Addition,55.0177770000,-1.4346250000
157500,2016-06-30 00:00:00Z,NE30 4AF,Semi-Detached,Established,Freehold,22,,RIVER VIEW,,NORTH SHIELDS,NORTH TYNESIDE,TYNE AND WEAR,Standard,Addition,55.0135260000,-1.4323260000
90000,2016-02-05 00:00:00Z,NE30 2EG,Flats/Maisonettes,Established,Leasehold,94,,GREY STREET,,NORTH SHIELDS,NORTH TYNESIDE,TYNE AND WEAR,Additional,Addition,55.0137620000,-1.4387030000
90000,2016-02-05 00:00:00Z,NE30 2EG,Flats/Maisonettes,Established,Freehold,93,,GREY STREET,,NORTH SHIELDS,NORTH TYNESIDE,TYNE AND WEAR,Additional,Addition,55.0137620000,-1.4387030000
345000,2016-01-29 00:00:00Z,NE30 2SQ,Semi-Detached,Established,Freehold,8,,BRISLEE AVENUE,,NORTH SHIELDS,NORTH TYNESIDE,TYNE AND WEAR,Standard,Addition,55.0177910000,-1.4316090000
260000,2016-01-12 00:00:00Z,NE30 1LA,Terraced,Established,Leasehold,1,,RENAISSANCE POINT,,NORTH SHIELDS,NORTH TYNESIDE,TYNE AND WEAR,Standard,Addition,55.0101820000,-1.4359380000
114000,2016-12-01 00:00:00Z,NE30 2HQ,Flats/Maisonettes,Established,Leasehold,29,,PARK CRESCENT EAST,,NORTH SHIELDS,NORTH TYNESIDE,TYNE AND WEAR,Standard,Addition,55.0158240000,-1.4376420000
148000,2016-03-11 00:00:00Z,NE30 2SA,Flats/Maisonettes,Established,Leasehold,38,,HULNE AVENUE,,NORTH SHIELDS,NORTH TYNESIDE,TYNE AND WEAR,Standard,Addition,55.0167970000,-1.4308740000
107000,2016-12-09 00:00:00Z,NE30 4AD,Flats/Maisonettes,Established,Leasehold,36,,HAZELDENE COURT,,NORTH SHIELDS,NORTH TYNESIDE,TYNE AND WEAR,Additional,Addition,55.0152980000,-1.4326760000
145000,2016-04-29 00:00:00Z,NE30 1LL,Other,Established,Freehold,LOW LIGHTS TAVERN,,BREWHOUSE BANK,,NORTH SHIELDS,NORTH TYNESIDE,TYNE AND WEAR,Additional,Addition,55.0110130000,-1.4349880000
126000,2016-03-30 00:00:00Z,NE30 2HN,Flats/Maisonettes,Established,Leasehold,49,,PRINCES STREET,,NORTH SHIELDS,NORTH TYNESIDE,TYNE AND WEAR,Standard,Addition,55.0152640000,-1.4389630000
72000,2016-12-21 00:00:00Z,NE30 1DL,Other,Established,Freehold,71 - 72,,HUDSON STREET,,NORTH SHIELDS,NORTH TYNESIDE,TYNE AND WEAR,Additional,Addition,55.0117450000,-1.4379000000
113500,2016-10-04 00:00:00Z,NE30 2HF,Flats/Maisonettes,Established,Leasehold,33,,DONKIN TERRACE,,NORTH SHIELDS,NORTH TYNESIDE,TYNE AND WEAR,Standard,Addition,55.0148040000,-1.4366080000
223750,2016-02-24 00:00:00Z,NE30 2HB,Terraced,Established,Freehold,5,,WASHINGTON MEWS,,NORTH SHIELDS,NORTH TYNESIDE,TYNE AND WEAR,Standard,Addition,55.0166290000,-1.4390050000
475000,2016-08-19 00:00:00Z,NE30 2RP,Semi-Detached,Established,Freehold,10,,KING EDWARD ROAD,,NORTH SHIELDS,NORTH TYNESIDE,TYNE AND WEAR,Standard,Addition,55.0186570000,-1.4321910000
111000,2016-06-27 00:00:00Z,NE30 2HL,Flats/Maisonettes,Established,Leasehold,103A,,PARK CRESCENT,,NORTH SHIELDS,NORTH TYNESIDE,TYNE AND WEAR,Standard,Addition,55.0158600000,-1.4395340000
332500,2016-08-01 00:00:00Z,NE30 2HE,Terraced,Established,Freehold,7,,WASHINGTON TERRACE,,NORTH SHIELDS,NORTH TYNESIDE,TYNE AND WEAR,Standard,Addition,55.0144240000,-1.4380060000
186000,2016-04-22 00:00:00Z,NE30 4AD,Terraced,Established,Freehold,51,,HAZELDENE COURT,,NORTH SHIELDS,NORTH TYNESIDE,TYNE AND WEAR,Standard,Addition,55.0152980000,-1.4326760000
125500,2016-04-15 00:00:00Z,NE30 2HH,Flats/Maisonettes,Established,Leasehold,51,,KITCHENER TERRACE,,NORTH SHIELDS,NORTH TYNESIDE,TYNE AND WEAR,Standard,Addition,55.0153440000,-1.4368510000
294950,2016-05-27 00:00:00Z,NE30 2JR,Terraced,Established,Freehold,5,,MILL GROVE,,NORTH SHIELDS,NORTH TYNESIDE,TYNE AND WEAR,Standard,Addition,55.0189270000,-1.4342200000
480000,2016-01-08 00:00:00Z,NE30 2RW,Semi-Detached,Established,Freehold,45,,KING EDWARD ROAD,,NORTH SHIELDS,NORTH TYNESIDE,TYNE AND WEAR,Standard,Addition,55.0190090000,-1.4324830000
112500,2016-09-12 00:00:00Z,NE30 2HF,Flats/Maisonettes,Established,Leasehold,34,,DONKIN TERRACE,,NORTH SHIELDS,NORTH TYNESIDE,TYNE AND WEAR,Standard,Addition,55.0148040000,-1.4366080000
114000,2016-01-08 00:00:00Z,NE30 1EE,Flats/Maisonettes,Established,Leasehold,50A,,TYNEMOUTH ROAD,,NORTH SHIELDS,NORTH TYNESIDE,TYNE AND WEAR,Standard,Addition,55.0132560000,-1.4383510000
104000,2016-09-27 00:00:00Z,NE30 1EE,Flats/Maisonettes,Established,Leasehold,62,,TYNEMOUTH ROAD,,NORTH SHIELDS,NORTH TYNESIDE,TYNE AND WEAR,Standard,Addition,55.0132560000,-1.4383510000
104000,2016-09-27 00:00:00Z,NE30 1EE,Flats/Maisonettes,Established,Freehold,60,,TYNEMOUTH ROAD,,NORTH SHIELDS,NORTH TYNESIDE,TYNE AND WEAR,Standard,Addition,55.0132560000,-1.4383510000
117000,2016-08-09 00:00:00Z,NE30 4AD,Flats/Maisonettes,Established,Leasehold,25,,HAZELDENE COURT,,NORTH SHIELDS,NORTH TYNESIDE,TYNE AND WEAR,Standard,Addition,55.0152980000,-1.4326760000
265000,2016-02-19 00:00:00Z,NE30 2HA,Terraced,Established,Freehold,32,,PARK TERRACE,,NORTH SHIELDS,NORTH TYNESIDE,TYNE AND WEAR,Standard,Addition,55.0144710000,-1.4364720000
170000,2016-03-30 00:00:00Z,NE30 1LA,Flats/Maisonettes,Established,Leasehold,10,,RENAISSANCE POINT,,NORTH SHIELDS,NORTH TYNESIDE,TYNE AND WEAR,Standard,Addition,55.0101820000,-1.4359380000
280000,2016-03-18 00:00:00Z,NE30 2HE,Terraced,Established,Freehold,5,,WASHINGTON TERRACE,,NORTH SHIELDS,NORTH TYNESIDE,TYNE AND WEAR,Standard,Addition,55.0144240000,-1.4380060000
451000,2016-03-31 00:00:00Z,NE30 2LA,Semi-Detached,Established,Freehold,21,,ASHLEIGH GROVE,,NORTH SHIELDS,NORTH TYNESIDE,TYNE AND WEAR,Standard,Addition,55.0197030000,-1.4329430000
153000,2016-03-07 00:00:00Z,NE30 2SE,Flats/Maisonettes,Established,Leasehold,ST. AIDANS COURT,6,MARINERS LANE,,NORTH SHIELDS,NORTH TYNESIDE,TYNE AND WEAR,Standard,Addition,55.0177770000,-1.4346250000
108000,2016-03-31 00:00:00Z,NE30 4AD,Flats/Maisonettes,Established,Leasehold,24,,HAZELDENE COURT,,NORTH SHIELDS,NORTH TYNESIDE,TYNE AND WEAR,Additional,Addition,55.0152980000,-1.4326760000
114000,2016-03-16 00:00:00Z,NE30 2HN,Flats/Maisonettes,Established,Leasehold,51,,PRINCES STREET,,NORTH SHIELDS,NORTH TYNESIDE,TYNE AND WEAR,Standard,Addition,55.0152640000,-1.4389630000
170000,2016-04-06 00:00:00Z,NE30 2HZ,Terraced,Established,Freehold,36,,PRINCES STREET,,NORTH SHIELDS,NORTH TYNESIDE,TYNE AND WEAR,Standard,Addition,55.0141920000,-1.4389950000
280000,2016-03-24 00:00:00Z,NE30 2HG,Flats/Maisonettes,Established,Leasehold,30,,WASHINGTON TERRACE,,NORTH SHIELDS,NORTH TYNESIDE,TYNE AND WEAR,Standard,Addition,55.0155050000,-1.4384750000
187000,2016-03-31 00:00:00Z,NE30 2PN,Terraced,Established,Freehold,2,,EDITH STREET,,NORTH SHIELDS,NORTH TYNESIDE,TYNE AND WEAR,Standard,Addition,55.0190930000,-1.4352350000
123500,2016-03-24 00:00:00Z,NE30 2HF,Flats/Maisonettes,Established,Leasehold,16,,DONKIN TERRACE,,NORTH SHIELDS,NORTH TYNESIDE,TYNE AND WEAR,Standard,Addition,55.0148040000,-1.4366080000
336000,2016-04-08 00:00:00Z,NE30 2SQ,Terraced,Established,Freehold,5,,BRISLEE AVENUE,,NORTH SHIELDS,NORTH TYNESIDE,TYNE AND WEAR,Standard,Addition,55.0177910000,-1.4316090000
147000,2016-03-29 00:00:00Z,NE30 2SA,Flats/Maisonettes,Established,Leasehold,21,,HULNE AVENUE,,NORTH SHIELDS,NORTH TYNESIDE,TYNE AND WEAR,Standard,Addition,55.0167970000,-1.4308740000
426500,2016-06-10 00:00:00Z,NE30 2LA,Semi-Detached,Established,Freehold,5,,ASHLEIGH GROVE,,NORTH SHIELDS,NORTH TYNESIDE,TYNE AND WEAR,Standard,Addition,55.0197030000,-1.4329430000
225000,2016-05-25 00:00:00Z,NE30 1LA,Terraced,Established,Leasehold,23,,RENAISSANCE POINT,,NORTH SHIELDS,NORTH TYNESIDE,TYNE AND WEAR,Standard,Addition,55.0101820000,-1.4359380000
322500,2016-06-06 00:00:00Z,NE30 2HE,Terraced,Established,Freehold,13,,WASHINGTON TERRACE,,NORTH SHIELDS,NORTH TYNESIDE,TYNE AND WEAR,Standard,Addition,55.0144240000,-1.4380060000
100000,2016-05-11 00:00:00Z,NE30 2EG,Terraced,Established,Freehold,103,,GREY STREET,,NORTH SHIELDS,NORTH TYNESIDE,TYNE AND WEAR,Standard,Addition,55.0137620000,-1.4387030000
149950,2016-06-02 00:00:00Z,NE30 2RR,Flats/Maisonettes,Established,Leasehold,7,,BIRTLEY AVENUE,,NORTH SHIELDS,NORTH TYNESIDE,TYNE AND WEAR,Standard,Addition,55.0178740000,-1.4300590000
315000,2016-12-16 00:00:00Z,NE30 2EU,Terraced,Established,Freehold,5,,PARK AVENUE,,NORTH SHIELDS,NORTH TYNESIDE,TYNE AND WEAR,Standard,Addition,55.0163080000,-1.4373220000
173000,2016-12-16 00:00:00Z,NE30 2HL,Terraced,Established,Freehold,58,,PARK CRESCENT,,NORTH SHIELDS,NORTH TYNESIDE,TYNE AND WEAR,Standard,Addition,55.0158600000,-1.4395340000
104000,2016-12-02 00:00:00Z,NE30 2HZ,Flats/Maisonettes,Established,Freehold,5,,PRINCES STREET,,NORTH SHIELDS,NORTH TYNESIDE,TYNE AND WEAR,Standard,Addition,55.0141920000,-1.4389950000
115500,2016-11-18 00:00:00Z,NE30 2HP,Flats/Maisonettes,Established,Freehold,4,,ROSEDALE TERRACE,,NORTH SHIELDS,NORTH TYNESIDE,TYNE AND WEAR,Standard,Addition,55.0149000000,-1.4398600000
134000,2016-12-01 00:00:00Z,NE30 2HX,Terraced,Established,Freehold,45,,COBURG STREET,,NORTH SHIELDS,NORTH TYNESIDE,TYNE AND WEAR,Standard,Addition,55.0138020000,-1.4394690000
115500,2016-11-18 00:00:00Z,NE30 2HP,Flats/Maisonettes,Established,Leasehold,5,,ROSEDALE TERRACE,,NORTH SHIELDS,NORTH TYNESIDE,TYNE AND WEAR,Standard,Addition,55.0149000000,-1.4398600000
116000,2016-12-02 00:00:00Z,NE30 2HF,Flats/Maisonettes,Established,Leasehold,11,,DONKIN TERRACE,,NORTH SHIELDS,NORTH TYNESIDE,TYNE AND WEAR,Standard,Addition,55.0148040000,-1.4366080000
183000,2016-09-30 00:00:00Z,NE30 2HQ,Terraced,Established,Freehold,9,,PARK CRESCENT EAST,,NORTH SHIELDS,NORTH TYNESIDE,TYNE AND WEAR,Standard,Addition,55.0158240000,-1.4376420000
207500,2016-10-24 00:00:00Z,NE30 2HH,Terraced,Established,Freehold,8,,KITCHENER TERRACE,,NORTH SHIELDS,NORTH TYNESIDE,TYNE AND WEAR,Standard,Addition,55.0153440000,-1.4368510000
135000,2016-10-04 00:00:00Z,NE30 2HG,Flats/Maisonettes,Established,Leasehold,31,FLAT 4,WASHINGTON TERRACE,,NORTH SHIELDS,NORTH TYNESIDE,TYNE AND WEAR,Standard,Addition,55.0155050000,-1.4384750000
240000,2017-11-24 00:00:00Z,NE30 1JH,Other,Established,Leasehold,31,,TANNERS BANK,,NORTH SHIELDS,NORTH TYNESIDE,TYNE AND WEAR,Additional,Addition,55.0120300000,-1.4336430000
135000,2017-03-24 00:00:00Z,NE30 2HF,Flats/Maisonettes,Established,Leasehold,36,,DONKIN TERRACE,,NORTH SHIELDS,NORTH TYNESIDE,TYNE AND WEAR,Standard,Addition,55.0148040000,-1.4366080000
165000,2017-02-28 00:00:00Z,NE30 2EG,Terraced,Established,Freehold,107,,GREY STREET,,NORTH SHIELDS,NORTH TYNESIDE,TYNE AND WEAR,Standard,Addition,55.0137620000,-1.4387030000
98500,2017-02-08 00:00:00Z,NE30 2HG,Flats/Maisonettes,Established,Leasehold,56,,WASHINGTON TERRACE,,NORTH SHIELDS,NORTH TYNESIDE,TYNE AND WEAR,Standard,Addition,55.0155050000,-1.4384750000
143050,2017-03-23 00:00:00Z,NE30 2HG,Flats/Maisonettes,Established,Leasehold,68,,WASHINGTON TERRACE,,NORTH SHIELDS,NORTH TYNESIDE,TYNE AND WEAR,Standard,Addition,55.0155050000,-1.4384750000
225000,2017-02-16 00:00:00Z,NE30 2HL,Terraced,Established,Freehold,56,,PARK CRESCENT,,NORTH SHIELDS,NORTH TYNESIDE,TYNE AND WEAR,Standard,Addition,55.0158600000,-1.4395340000
82500,2017-02-10 00:00:00Z,NE30 2EG,Terraced,Established,Freehold,120,,GREY STREET,,NORTH SHIELDS,NORTH TYNESIDE,TYNE AND WEAR,Standard,Addition,55.0137620000,-1.4387030000
142500,2017-04-06 00:00:00Z,NE30 1HB,Flats/Maisonettes,Established,Leasehold,THE IRVIN BUILDING,APARTMENT 24,UNION QUAY,,NORTH SHIELDS,NORTH TYNESIDE,TYNE AND WEAR,Standard,Addition,55.0103390000,-1.4349350000
120000,2017-04-21 00:00:00Z,NE30 1HB,Flats/Maisonettes,Established,Leasehold,THE IRVIN BUILDING,APARTMENT 15,UNION QUAY,,NORTH SHIELDS,NORTH TYNESIDE,TYNE AND WEAR,Standard,Addition,55.0103390000,-1.4349350000
389950,2017-01-27 00:00:00Z,NE30 2SH,Terraced,Established,Freehold,35,,ALBURY PARK ROAD,,NORTH SHIELDS,NORTH TYNESIDE,TYNE AND WEAR,Standard,Addition,55.0181680000,-1.4315060000
14350,2017-02-08 00:00:00Z,NE30 2HL,Other,Established,Freehold,"GARAGE, 103A",,PARK CRESCENT,,NORTH SHIELDS,NORTH TYNESIDE,TYNE AND WEAR,Additional,Addition,55.0158600000,-1.4395340000
108500,2017-02-03 00:00:00Z,NE30 1EE,Other,Established,Freehold,62,,TYNEMOUTH ROAD,,NORTH SHIELDS,NORTH TYNESIDE,TYNE AND WEAR,Additional,Addition,55.0132560000,-1.4383510000
110000,2017-12-01 00:00:00Z,NE30 1EE,Flats/Maisonettes,Established,Leasehold,54,,TYNEMOUTH ROAD,,NORTH SHIELDS,NORTH TYNESIDE,TYNE AND WEAR,Standard,Addition,55.0132560000,-1.4383510000
207500,2017-12-01 00:00:00Z,NE30 2PN,Terraced,Established,Freehold,31,,EDITH STREET,,NORTH SHIELDS,NORTH TYNESIDE,TYNE AND WEAR,Standard,Addition,55.0190930000,-1.4352350000
203000,2017-12-08 00:00:00Z,NE30 2HY,Terraced,Established,Freehold,50,,JACKSON STREET,,NORTH SHIELDS,NORTH TYNESIDE,TYNE AND WEAR,Standard,Addition,55.0147450000,-1.4393620000
285000,2017-12-21 00:00:00Z,NE30 2HL,Terraced,Established,Freehold,58,,PARK CRESCENT,,NORTH SHIELDS,NORTH TYNESIDE,TYNE AND WEAR,Standard,Addition,55.0158600000,-1.4395340000
207000,2017-11-24 00:00:00Z,NE30 1DA,Flats/Maisonettes,Established,Leasehold,NORTH HARBOUR APARTMENTS,3,BIRD STREET,,NORTH SHIELDS,NORTH TYNESIDE,TYNE AND WEAR,Standard,Addition,55.0112860000,-1.4359830000
140000,2017-11-03 00:00:00Z,NE30 1DA,Flats/Maisonettes,Established,Leasehold,NORTH HARBOUR APARTMENTS,APARTMENT 1,BIRD STREET,,NORTH SHIELDS,NORTH TYNESIDE,TYNE AND WEAR,Standard,Addition,55.0112860000,-1.4359830000
191000,2017-12-08 00:00:00Z,NE30 1HB,Flats/Maisonettes,Established,Leasehold,THE IRVIN BUILDING,APARTMENT 2,UNION QUAY,,NORTH SHIELDS,NORTH TYNESIDE,TYNE AND WEAR,Standard,Addition,55.0103390000,-1.4349350000
199950,2017-12-20 00:00:00Z,NE30 2HG,Flats/Maisonettes,Established,Leasehold,31,FLAT 2,WASHINGTON TERRACE,,NORTH SHIELDS,NORTH TYNESIDE,TYNE AND WEAR,Standard,Addition,55.0155050000,-1.4384750000
160000,2017-11-10 00:00:00Z,NE30 1DA,Flats/Maisonettes,Established,Leasehold,NORTH HARBOUR APARTMENTS,APARTMENT 2,BIRD STREET,,NORTH SHIELDS,NORTH TYNESIDE,TYNE AND WEAR,Standard,Addition,55.0112860000,-1.4359830000
325000,2017-12-15 00:00:00Z,NE30 2SH,Terraced,Established,Freehold,36,,ALBURY PARK ROAD,,NORTH SHIELDS,NORTH TYNESIDE,TYNE AND WEAR,Standard,Addition,55.0181680000,-1.4315060000
192000,2017-11-30 00:00:00Z,NE30 2SE,Flats/Maisonettes,Established,Leasehold,ST. AIDANS COURT,17,MARINERS LANE,,NORTH SHIELDS,NORTH TYNESIDE,TYNE AND WEAR,Standard,Addition,55.0177770000,-1.4346250000
102999,2017-09-04 00:00:00Z,NE30 2HH,Flats/Maisonettes,Established,Leasehold,17,,KITCHENER TERRACE,,NORTH SHIELDS,NORTH TYNESIDE,TYNE AND WEAR,Standard,Addition,55.0153440000,-1.4368510000
285000,2017-08-31 00:00:00Z,NE30 1LA,Flats/Maisonettes,Established,Leasehold,14,,RENAISSANCE POINT,,NORTH SHIELDS,NORTH TYNESIDE,TYNE AND WEAR,Standard,Addition,55.0101820000,-1.4359380000
237000,2017-08-25 00:00:00Z,NE30 2RZ,Terraced,Established,Freehold,6,,BEANLEY CRESCENT,,NORTH SHIELDS,NORTH TYNESIDE,TYNE AND WEAR,Standard,Addition,55.0161490000,-1.4302400000
300000,2017-09-15 00:00:00Z,NE30 2SB,Semi-Detached,Established,Freehold,15,,SHIPLEY ROAD,,NORTH SHIELDS,NORTH TYNESIDE,TYNE AND WEAR,Standard,Addition,55.0171760000,-1.4306010000
135000,2017-09-01 00:00:00Z,NE30 1HB,Flats/Maisonettes,Established,Leasehold,THE IRVIN BUILDING,APARTMENT 8,UNION QUAY,,NORTH SHIELDS,NORTH TYNESIDE,TYNE AND WEAR,Standard,Addition,55.0103390000,-1.4349350000
105500,2017-09-08 00:00:00Z,NE30 2HL,Flats/Maisonettes,Established,Leasehold,91,,PARK CRESCENT,,NORTH SHIELDS,NORTH TYNESIDE,TYNE AND WEAR,Standard,Addition,55.0158600000,-1.4395340000
168000,2017-04-13 00:00:00Z,NE30 2HG,Flats/Maisonettes,Established,Leasehold,27A,,WASHINGTON TERRACE,,NORTH SHIELDS,NORTH TYNESIDE,TYNE AND WEAR,Standard,Addition,55.0155050000,-1.4384750000
136000,2017-04-28 00:00:00Z,NE30 2HQ,Flats/Maisonettes,Established,Leasehold,47,,PARK CRESCENT EAST,,NORTH SHIELDS,NORTH TYNESIDE,TYNE AND WEAR,Standard,Addition,55.0158240000,-1.4376420000
190000,2017-05-19 00:00:00Z,NE30 1HB,Flats/Maisonettes,Established,Leasehold,THE IRVIN BUILDING,APARTMENT 12,UNION QUAY,,NORTH SHIELDS,NORTH TYNESIDE,TYNE AND WEAR,Standard,Addition,55.0103390000,-1.4349350000
405000,2017-05-02 00:00:00Z,NE30 2SA,Detached,Established,Freehold,24,,HULNE AVENUE,,NORTH SHIELDS,NORTH TYNESIDE,TYNE AND WEAR,Standard,Addition,55.0167970000,-1.4308740000
420000,2017-09-29 00:00:00Z,NE30 2JR,Semi-Detached,Established,Freehold,2,,MILL GROVE,,NORTH SHIELDS,NORTH TYNESIDE,TYNE AND WEAR,Standard,Addition,55.0189270000,-1.4342200000
133500,2017-09-29 00:00:00Z,NE30 2HQ,Flats/Maisonettes,Established,Leasehold,17,,PARK CRESCENT EAST,,NORTH SHIELDS,NORTH TYNESIDE,TYNE AND WEAR,Standard,Addition,55.0158240000,-1.4376420000
275500,2017-10-04 00:00:00Z,NE30 1LA,Terraced,Established,Leasehold,4,,RENAISSANCE POINT,,NORTH SHIELDS,NORTH TYNESIDE,TYNE AND WEAR,Standard,Addition,55.0101820000,-1.4359380000
80000,2017-09-28 00:00:00Z,NE30 2PL,Terraced,Established,Freehold,5,,LIVINGSTONE VIEW,,NORTH SHIELDS,NORTH TYNESIDE,TYNE AND WEAR,Standard,Addition,55.0182650000,-1.4349650000
157000,2017-05-10 00:00:00Z,NE30 2SE,Flats/Maisonettes,Established,Leasehold,ST. AIDANS COURT,12,MARINERS LANE,,NORTH SHIELDS,NORTH TYNESIDE,TYNE AND WEAR,Standard,Addition,55.0177770000,-1.4346250000
436000,2017-06-29 00:00:00Z,NE30 2SH,Terraced,Established,Freehold,25,,ALBURY PARK ROAD,,NORTH SHIELDS,NORTH TYNESIDE,TYNE AND WEAR,Standard,Addition,55.0181680000,-1.4315060000
280000,2017-09-15 00:00:00Z,NE30 2SD,Semi-Detached,Established,Freehold,43,,MARINERS LANE,,NORTH SHIELDS,NORTH TYNESIDE,TYNE AND WEAR,Standard,Addition,55.0173550000,-1.4323660000
165000,2017-01-19 00:00:00Z,NE30 4AD,Terraced,Established,Freehold,6,,HAZELDENE COURT,,NORTH SHIELDS,NORTH TYNESIDE,TYNE AND WEAR,Standard,Addition,55.0152980000,-1.4326760000
93500,2017-05-17 00:00:00Z,NE30 2HX,Flats/Maisonettes,Established,Leasehold,35,,COBURG STREET,,NORTH SHIELDS,NORTH TYNESIDE,TYNE AND WEAR,Standard,Addition,55.0138020000,-1.4394690000
240000,2017-07-24 00:00:00Z,NE30 2RZ,Terraced,Established,Freehold,1,,BEANLEY CRESCENT,,NORTH SHIELDS,NORTH TYNESIDE,TYNE AND WEAR,Additional,Addition,55.0161490000,-1.4302400000
135000,2017-05-26 00:00:00Z,NE30 2HF,Flats/Maisonettes,Established,Leasehold,20,,DONKIN TERRACE,,NORTH SHIELDS,NORTH TYNESIDE,TYNE AND WEAR,Standard,Addition,55.0148040000,-1.4366080000
288500,2017-03-30 00:00:00Z,NE30 1LA,Flats/Maisonettes,Established,Leasehold,20,,RENAISSANCE POINT,,NORTH SHIELDS,NORTH TYNESIDE,TYNE AND WEAR,Standard,Addition,55.0101820000,-1.4359380000
110000,2017-01-04 00:00:00Z,NE30 4AF,Semi-Detached,Established,Leasehold,30,,RIVER VIEW,,NORTH SHIELDS,NORTH TYNESIDE,TYNE AND WEAR,Standard,Addition,55.0135260000,-1.4323260000
376000,2017-07-10 00:00:00Z,NE30 2SG,Semi-Detached,Established,Freehold,20,,DENWICK TERRACE,,NORTH SHIELDS,NORTH TYNESIDE,TYNE AND WEAR,Standard,Addition,55.0178610000,-1.4312010000
187250,2017-04-06 00:00:00Z,NE30 2PN,Terraced,Established,Freehold,47,,EDITH STREET,,NORTH SHIELDS,NORTH TYNESIDE,TYNE AND WEAR,Standard,Addition,55.0190930000,-1.4352350000
197500,2017-11-10 00:00:00Z,NE30 2PN,Terraced,Established,Freehold,43,,EDITH STREET,,NORTH SHIELDS,NORTH TYNESIDE,TYNE AND WEAR,Standard,Addition,55.0190930000,-1.4352350000
280000,2017-10-30 00:00:00Z,NE30 2RT,Terraced,Established,Freehold,14,,HORSLEY TERRACE,,NORTH SHIELDS,NORTH TYNESIDE,TYNE AND WEAR,Standard,Addition,55.0158700000,-1.4301500000
276000,2017-10-13 00:00:00Z,NE30 2EP,Terraced,Established,Freehold,56,,LINSKILL TERRACE,,NORTH SHIELDS,NORTH TYNESIDE,TYNE AND WEAR,Standard,Addition,55.0161490000,-1.4399050000
235000,2017-11-08 00:00:00Z,NE30 1LA,Terraced,Established,Leasehold,21,,RENAISSANCE POINT,,NORTH SHIELDS,NORTH TYNESIDE,TYNE AND WEAR,Standard,Addition,55.0101820000,-1.4359380000
200000,2017-10-25 00:00:00Z,NE30 2PN,Terraced,Established,Freehold,19,,EDITH STREET,,NORTH SHIELDS,NORTH TYNESIDE,TYNE AND WEAR,Standard,Addition,55.0190930000,-1.4352350000
115000,2017-06-15 00:00:00Z,NE30 2HN,Flats/Maisonettes,Established,Freehold,61,,PRINCES STREET,,NORTH SHIELDS,NORTH TYNESIDE,TYNE AND WEAR,Standard,Addition,55.0152640000,-1.4389630000
357500,2017-11-24 00:00:00Z,NE30 2RT,Terraced,Established,Freehold,8,,HORSLEY TERRACE,,NORTH SHIELDS,NORTH TYNESIDE,TYNE AND WEAR,Standard,Addition,55.0158700000,-1.4301500000
124000,2017-11-29 00:00:00Z,NE30 2HJ,Flats/Maisonettes,Established,Leasehold,44,,WASHINGTON TERRACE,,NORTH SHIELDS,NORTH TYNESIDE,TYNE AND WEAR,Standard,Addition,55.0165290000,-1.4383830000
300000,2017-11-21 00:00:00Z,NE30 2SG,Terraced,Established,Freehold,9,,DENWICK TERRACE,,NORTH SHIELDS,NORTH TYNESIDE,TYNE AND WEAR,Standard,Addition,55.0178610000,-1.4312010000
132500,2017-10-30 00:00:00Z,NE30 2HG,Flats/Maisonettes,Established,Leasehold,67,,WASHINGTON TERRACE,,NORTH SHIELDS,NORTH TYNESIDE,TYNE AND WEAR,Standard,Addition,55.0155050000,-1.4384750000
115000,2017-06-15 00:00:00Z,NE30 2HN,Flats/Maisonettes,Established,Leasehold,59,,PRINCES STREET,,NORTH SHIELDS,NORTH TYNESIDE,TYNE AND WEAR,Standard,Addition,55.0152640000,-1.4389630000
168000,2017-11-14 00:00:00Z,NE30 2HQ,Terraced,Established,Freehold,31,,PARK CRESCENT EAST,,NORTH SHIELDS,NORTH TYNESIDE,TYNE AND WEAR,Standard,Addition,55.0158240000,-1.4376420000
137000,2017-03-30 00:00:00Z,NE30 2HP,Flats/Maisonettes,Established,Leasehold,10,,ROSEDALE TERRACE,,NORTH SHIELDS,NORTH TYNESIDE,TYNE AND WEAR,Standard,Addition,55.0149000000,-1.4398600000
170000,2017-05-12 00:00:00Z,NE30 2SA,Flats/Maisonettes,Established,Leasehold,18,,HULNE AVENUE,,NORTH SHIELDS,NORTH TYNESIDE,TYNE AND WEAR,Standard,Addition,55.0167970000,-1.4308740000
138500,2017-05-26 00:00:00Z,NE30 1BT,Terraced,Established,Freehold,3,,KETTLEWELL TERRACE,,NORTH SHIELDS,NORTH TYNESIDE,TYNE AND WEAR,Standard,Addition,55.0105600000,-1.4398730000
201000,2017-06-22 00:00:00Z,NE30 2PW,Terraced,Established,Freehold,4,,ALGERNON TERRACE,,NORTH SHIELDS,NORTH TYNESIDE,TYNE AND WEAR,Standard,Addition,55.0190770000,-1.4356100000
104000,2017-06-16 00:00:00Z,NE30 2HQ,Flats/Maisonettes,Established,Leasehold,28,,PARK CRESCENT EAST,,NORTH SHIELDS,NORTH TYNESIDE,TYNE AND WEAR,Standard,Addition,55.0158240000,-1.4376420000
130000,2017-06-09 00:00:00Z,NE30 2HH,Flats/Maisonettes,Established,Leasehold,29,,KITCHENER TERRACE,,NORTH SHIELDS,NORTH TYNESIDE,TYNE AND WEAR,Standard,Addition,55.0153440000,-1.4368510000
89000,2017-07-28 00:00:00Z,NE30 4AF,Flats/Maisonettes,Established,Leasehold,64,,RIVER VIEW,,NORTH SHIELDS,NORTH TYNESIDE,TYNE AND WEAR,Standard,Addition,55.0135260000,-1.4323260000
165000,2017-06-16 00:00:00Z,NE30 1LA,Flats/Maisonettes,Established,Leasehold,9,,RENAISSANCE POINT,,NORTH SHIELDS,NORTH TYNESIDE,TYNE AND WEAR,Standard,Addition,55.0101820000,-1.4359380000
370000,2017-02-14 00:00:00Z,NE30 2HE,Terraced,Established,Freehold,15,,WASHINGTON TERRACE,,NORTH SHIELDS,NORTH TYNESIDE,TYNE AND WEAR,Standard,Addition,55.0144240000,-1.4380060000
155000,2017-01-20 00:00:00Z,NE30 2SA,Terraced,Established,Freehold,41,,HULNE AVENUE,,NORTH SHIELDS,NORTH TYNESIDE,TYNE AND WEAR,Standard,Addition,55.0167970000,-1.4308740000
112000,2017-02-10 00:00:00Z,NE30 2HQ,Flats/Maisonettes,Established,Leasehold,12,,PARK CRESCENT EAST,,NORTH SHIELDS,NORTH TYNESIDE,TYNE AND WEAR,Standard,Addition,55.0158240000,-1.4376420000
268270,2017-02-17 00:00:00Z,NE30 2HL,Terraced,Established,Freehold,105,,PARK CRESCENT,,NORTH SHIELDS,NORTH TYNESIDE,TYNE AND WEAR,Standard,Addition,55.0158600000,-1.4395340000
95000,2017-07-28 00:00:00Z,NE30 2HN,Flats/Maisonettes,Established,Leasehold,78,,PRINCES STREET,,NORTH SHIELDS,NORTH TYNESIDE,TYNE AND WEAR,Standard,Addition,55.0152640000,-1.4389630000
139500,2018-12-10 00:00:00Z,NE30 2HH,Flats/Maisonettes,Established,Leasehold,47,,KITCHENER TERRACE,,NORTH SHIELDS,NORTH TYNESIDE,TYNE AND WEAR,Standard,Addition,55.0153440000,-1.4368510000
156500,2018-12-19 00:00:00Z,NE30 2HP,Terraced,Established,Freehold,21,,ROSEDALE TERRACE,,NORTH SHIELDS,NORTH TYNESIDE,TYNE AND WEAR,Standard,Addition,55.0149000000,-1.4398600000
126000,2018-12-14 00:00:00Z,NE30 2HQ,Flats/Maisonettes,Established,Leasehold,14,,PARK CRESCENT EAST,,NORTH SHIELDS,NORTH TYNESIDE,TYNE AND WEAR,Standard,Addition,55.0158240000,-1.4376420000
387500,2018-10-26 00:00:00Z,NE30 2SH,Terraced,Established,Freehold,33,,ALBURY PARK ROAD,,NORTH SHIELDS,NORTH TYNESIDE,TYNE AND WEAR,Standard,Addition,55.0181680000,-1.4315060000
350000,2018-11-16 00:00:00Z,NE30 2RZ,Terraced,Established,Freehold,13,,BEANLEY CRESCENT,,NORTH SHIELDS,NORTH TYNESIDE,TYNE AND WEAR,Standard,Addition,55.0161490000,-1.4302400000
135000,2018-12-14 00:00:00Z,NE30 2HF,Flats/Maisonettes,Established,Leasehold,49,,DONKIN TERRACE,,NORTH SHIELDS,NORTH TYNESIDE,TYNE AND WEAR,Standard,Addition,55.0148040000,-1.4366080000
145000,2018-10-18 00:00:00Z,NE30 2HH,Flats/Maisonettes,Established,Leasehold,11,,KITCHENER TERRACE,,NORTH SHIELDS,NORTH TYNESIDE,TYNE AND WEAR,Standard,Addition,55.0153440000,-1.4368510000
144000,2018-09-28 00:00:00Z,NE30 1LA,Flats/Maisonettes,Established,Leasehold,33,,RENAISSANCE POINT,,NORTH SHIELDS,NORTH TYNESIDE,TYNE AND WEAR,Standard,Addition,55.0101820000,-1.4359380000
55000,2018-10-16 00:00:00Z,NE30 2HX,Flats/Maisonettes,Established,Leasehold,46,,COBURG STREET,,NORTH SHIELDS,NORTH TYNESIDE,TYNE AND WEAR,Standard,Addition,55.0138020000,-1.4394690000
171000,2018-04-27 00:00:00Z,NE30 2PN,Terraced,Established,Freehold,3,,EDITH STREET,,NORTH SHIELDS,NORTH TYNESIDE,TYNE AND WEAR,Standard,Addition,55.0190930000,-1.4352350000
259500,2018-10-29 00:00:00Z,NE30 2EU,Terraced,Established,Freehold,24,,PARK AVENUE,,NORTH SHIELDS,NORTH TYNESIDE,TYNE AND WEAR,Standard,Addition,55.0163080000,-1.4373220000
138500,2018-01-03 00:00:00Z,NE30 2HL,Flats/Maisonettes,Established,Leasehold,81,,PARK CRESCENT,,NORTH SHIELDS,NORTH TYNESIDE,TYNE AND WEAR,Standard,Addition,55.0158600000,-1.4395340000
282000,2018-01-03 00:00:00Z,NE30 2HF,Terraced,Established,Freehold,56,,DONKIN TERRACE,,NORTH SHIELDS,NORTH TYNESIDE,TYNE AND WEAR,Standard,Addition,55.0148040000,-1.4366080000
145000,2018-12-07 00:00:00Z,NE30 2HH,Flats/Maisonettes,Established,Leasehold,29,,KITCHENER TERRACE,,NORTH SHIELDS,NORTH TYNESIDE,TYNE AND WEAR,Standard,Addition,55.0153440000,-1.4368510000
168000,2018-11-30 00:00:00Z,NE30 2SE,Flats/Maisonettes,Established,Leasehold,ST. AIDANS COURT,4,MARINERS LANE,,NORTH SHIELDS,NORTH TYNESIDE,TYNE AND WEAR,Standard,Addition,55.0177770000,-1.4346250000
145195,2018-12-14 00:00:00Z,NE30 1DB,Other,Established,Leasehold,NORTH HARBOUR APARTMENTS,4,EAST PERCY STREET,,NORTH SHIELDS,NORTH TYNESIDE,TYNE AND WEAR,Additional,Addition,55.0113580000,-1.4359040000
160000,2018-07-19 00:00:00Z,NE30 1DL,Other,Established,Freehold,76,,HUDSON STREET,,NORTH SHIELDS,NORTH TYNESIDE,TYNE AND WEAR,Additional,Addition,55.0117450000,-1.4379000000
335000,2018-04-27 00:00:00Z,NE30 2EP,Terraced,Established,Freehold,69,,LINSKILL TERRACE,,NORTH SHIELDS,NORTH TYNESIDE,TYNE AND WEAR,Standard,Addition,55.0161490000,-1.4399050000
127500,2018-05-11 00:00:00Z,NE30 2HH,Flats/Maisonettes,Established,Leasehold,13,,KITCHENER TERRACE,,NORTH SHIELDS,NORTH TYNESIDE,TYNE AND WEAR,Standard,Addition,55.0153440000,-1.4368510000
125000,2018-12-04 00:00:00Z,NE30 4AD,Flats/Maisonettes,Established,Leasehold,47,,HAZELDENE COURT,,NORTH SHIELDS,NORTH TYNESIDE,TYNE AND WEAR,Standard,Addition,55.0152980000,-1.4326760000
72500,2018-04-17 00:00:00Z,NE30 2HG,Terraced,Established,Leasehold,26B,,WASHINGTON TERRACE,,NORTH SHIELDS,NORTH TYNESIDE,TYNE AND WEAR,Standard,Addition,55.0155050000,-1.4384750000
365000,2018-12-10 00:00:00Z,NE30 2HL,Terraced,Established,Freehold,62,,PARK CRESCENT,,NORTH SHIELDS,NORTH TYNESIDE,TYNE AND WEAR,Standard,Addition,55.0158600000,-1.4395340000
199000,2018-09-11 00:00:00Z,NE30 2SE,Flats/Maisonettes,Established,Leasehold,ST. AIDANS COURT,13,MARINERS LANE,,NORTH SHIELDS,NORTH TYNESIDE,TYNE AND WEAR,Standard,Addition,55.0177770000,-1.4346250000
116000,2018-08-28 00:00:00Z,NE30 2HY,Flats/Maisonettes,Established,Leasehold,67,,JACKSON STREET,,NORTH SHIELDS,NORTH TYNESIDE,TYNE AND WEAR,Standard,Addition,55.0147450000,-1.4393620000
135000,2018-10-18 00:00:00Z,NE30 2HF,Flats/Maisonettes,Established,Leasehold,39,,DONKIN TERRACE,,NORTH SHIELDS,NORTH TYNESIDE,TYNE AND WEAR,Standard,Addition,55.0148040000,-1.4366080000
345500,2018-10-15 00:00:00Z,NE30 2SG,Terraced,Established,Freehold,11,,DENWICK TERRACE,,NORTH SHIELDS,NORTH TYNESIDE,TYNE AND WEAR,Standard,Addition,55.0178610000,-1.4312010000
99000,2018-12-20 00:00:00Z,NE30 2HP,Flats/Maisonettes,Established,Leasehold,29,,ROSEDALE TERRACE,,NORTH SHIELDS,NORTH TYNESIDE,TYNE AND WEAR,Standard,Addition,55.0149000000,-1.4398600000
95000,2018-12-18 00:00:00Z,NE30 2HH,Other,Established,Leasehold,69,,KITCHENER TERRACE,,NORTH SHIELDS,NORTH TYNESIDE,TYNE AND WEAR,Additional,Addition,55.0153440000,-1.4368510000
130000,2018-02-16 00:00:00Z,NE30 1JH,Other,Established,Freehold,1A,,TANNERS BANK,,NORTH SHIELDS,NORTH TYNESIDE,TYNE AND WEAR,Additional,Addition,55.0120300000,-1.4336430000
185000,2018-06-18 00:00:00Z,NE30 2RR,Flats/Maisonettes,Established,Leasehold,17,,BIRTLEY AVENUE,,NORTH SHIELDS,NORTH TYNESIDE,TYNE AND WEAR,Standard,Addition,55.0178740000,-1.4300590000
157500,2018-05-11 00:00:00Z,NE30 4AD,Terraced,Established,Freehold,2,,HAZELDENE COURT,,NORTH SHIELDS,NORTH TYNESIDE,TYNE AND WEAR,Standard,Addition,55.0152980000,-1.4326760000
235000,2018-05-25 00:00:00Z,NE30 2SA,Flats/Maisonettes,Established,Leasehold,32,,HULNE AVENUE,,NORTH SHIELDS,NORTH TYNESIDE,TYNE AND WEAR,Standard,Addition,55.0167970000,-1.4308740000
127000,2018-06-08 00:00:00Z,NE30 2HF,Terraced,Established,Leasehold,42,,DONKIN TERRACE,,NORTH SHIELDS,NORTH TYNESIDE,TYNE AND WEAR,Additional,Addition,55.0148040000,-1.4366080000
40000,2018-05-18 00:00:00Z,NE30 1JH,Other,Established,Leasehold,WRIGHT & EDDIE LTD,,TANNERS BANK,,NORTH SHIELDS,NORTH TYNESIDE,TYNE AND WEAR,Additional,Addition,55.0120300000,-1.4336430000
456000,2018-05-29 00:00:00Z,NE30 2SH,Terraced,Established,Freehold,21,,ALBURY PARK ROAD,,NORTH SHIELDS,NORTH TYNESIDE,TYNE AND WEAR,Standard,Addition,55.0181680000,-1.4315060000
125000,2018-06-01 00:00:00Z,NE30 2HN,Flats/Maisonettes,Established,Leasehold,52,,PRINCES STREET,,NORTH SHIELDS,NORTH TYNESIDE,TYNE AND WEAR,Standard,Addition,55.0152640000,-1.4389630000
175000,2018-10-25 00:00:00Z,NE30 1DB,Flats/Maisonettes,Established,Leasehold,NORTH HARBOUR APARTMENTS,8,EAST PERCY STREET,,NORTH SHIELDS,NORTH TYNESIDE,TYNE AND WEAR,Standard,Addition,55.0113580000,-1.4359040000
150000,2018-12-12 00:00:00Z,NE30 1DB,Flats/Maisonettes,Established,Leasehold,NORTH HARBOUR APARTMENTS,7,EAST PERCY STREET,,NORTH SHIELDS,NORTH TYNESIDE,TYNE AND WEAR,Standard,Addition,55.0113580000,-1.4359040000
105000,2018-03-23 00:00:00Z,NE30 2HE,Flats/Maisonettes,Established,Leasehold,80,,WASHINGTON TERRACE,,NORTH SHIELDS,NORTH TYNESIDE,TYNE AND WEAR,Standard,Addition,55.0144240000,-1.4380060000
285000,2018-03-23 00:00:00Z,NE30 1LA,Terraced,Established,Leasehold,6,,RENAISSANCE POINT,,NORTH SHIELDS,NORTH TYNESIDE,TYNE AND WEAR,Standard,Addition,55.0101820000,-1.4359380000
355000,2018-07-16 00:00:00Z,NE30 2HG,Other,Established,Freehold,29,,WASHINGTON TERRACE,,NORTH SHIELDS,NORTH TYNESIDE,TYNE AND WEAR,Additional,Addition,55.0155050000,-1.4384750000
146300,2018-09-14 00:00:00Z,NE30 2SA,Flats/Maisonettes,Established,Leasehold,22,,HULNE AVENUE,,NORTH SHIELDS,NORTH TYNESIDE,TYNE AND WEAR,Standard,Addition,55.0167970000,-1.4308740000
127500,2018-09-25 00:00:00Z,NE30 2HF,Flats/Maisonettes,Established,Leasehold,35,,DONKIN TERRACE,,NORTH SHIELDS,NORTH TYNESIDE,TYNE AND WEAR,Standard,Addition,55.0148040000,-1.4366080000
370700,2018-09-10 00:00:00Z,NE30 2RT,Terraced,Established,Freehold,13,,HORSLEY TERRACE,,NORTH SHIELDS,NORTH TYNESIDE,TYNE AND WEAR,Standard,Addition,55.0158700000,-1.4301500000
190000,2018-08-17 00:00:00Z,NE30 4AD,Semi-Detached,Established,Freehold,32,,HAZELDENE COURT,,NORTH SHIELDS,NORTH TYNESIDE,TYNE AND WEAR,Standard,Addition,55.0152980000,-1.4326760000
382000,2018-08-16 00:00:00Z,NE30 2JP,Semi-Detached,Established,Freehold,27,,MILL GROVE,,NORTH SHIELDS,NORTH TYNESIDE,TYNE AND WEAR,Standard,Addition,55.0194850000,-1.4345410000
90000,2018-08-15 00:00:00Z,NE30 2HF,Terraced,Established,Freehold,58,,DONKIN TERRACE,,NORTH SHIELDS,NORTH TYNESIDE,TYNE AND WEAR,Standard,Addition,55.0148040000,-1.4366080000
121000,2018-07-18 00:00:00Z,NE30 4AD,Flats/Maisonettes,Established,Leasehold,40,,HAZELDENE COURT,,NORTH SHIELDS,NORTH TYNESIDE,TYNE AND WEAR,Standard,Addition,55.0152980000,-1.4326760000
122000,2018-07-13 00:00:00Z,NE30 4AD,Flats/Maisonettes,Established,Leasehold,45,,HAZELDENE COURT,,NORTH SHIELDS,NORTH TYNESIDE,TYNE AND WEAR,Standard,Addition,55.0152980000,-1.4326760000
311000,2018-06-29 00:00:00Z,NE30 2SD,Semi-Detached,Established,Freehold,43,,MARINERS LANE,,NORTH SHIELDS,NORTH TYNESIDE,TYNE AND WEAR,Standard,Addition,55.0173550000,-1.4323660000
130000,2018-06-19 00:00:00Z,NE30 2SA,Flats/Maisonettes,Established,Leasehold,45,,HULNE AVENUE,,NORTH SHIELDS,NORTH TYNESIDE,TYNE AND WEAR,Standard,Addition,55.0167970000,-1.4308740000
130500,2018-07-20 00:00:00Z,NE30 2HN,Flats/Maisonettes,Established,Leasehold,82,,PRINCES STREET,,NORTH SHIELDS,NORTH TYNESIDE,TYNE AND WEAR,Standard,Addition,55.0152640000,-1.4389630000
120000,2018-06-08 00:00:00Z,NE30 4AD,Flats/Maisonettes,Established,Leasehold,38,,HAZELDENE COURT,,NORTH SHIELDS,NORTH TYNESIDE,TYNE AND WEAR,Standard,Addition,55.0152980000,-1.4326760000
267000,2018-06-08 00:00:00Z,NE30 2HJ,Terraced,Established,Freehold,48,,WASHINGTON TERRACE,,NORTH SHIELDS,NORTH TYNESIDE,TYNE AND WEAR,Standard,Addition,55.0165290000,-1.4383830000
140000,2018-07-03 00:00:00Z,NE30 2HZ,Flats/Maisonettes,Established,Leasehold,41,,PRINCES STREET,,NORTH SHIELDS,NORTH TYNESIDE,TYNE AND WEAR,Standard,Addition,55.0141920000,-1.4389950000
160000,2018-06-28 00:00:00Z,NE30 2PN,Terraced,Established,Freehold,24,,EDITH STREET,,NORTH SHIELDS,NORTH TYNESIDE,TYNE AND WEAR,Standard,Addition,55.0190930000,-1.4352350000
157850,2018-06-14 00:00:00Z,NE30 1JP,Semi-Detached,Established,Freehold,23,,HUDSON STREET,,NORTH SHIELDS,NORTH TYNESIDE,TYNE AND WEAR,Standard,Addition,55.0105720000,-1.4365900000
430000,2018-06-29 00:00:00Z,NE30 2JR,Terraced,Established,Freehold,7,,MILL GROVE,,NORTH SHIELDS,NORTH TYNESIDE,TYNE AND WEAR,Standard,Addition,55.0189270000,-1.4342200000
325000,2018-07-13 00:00:00Z,NE30 2RZ,Terraced,Established,Freehold,1,,BEANLEY CRESCENT,,NORTH SHIELDS,NORTH TYNESIDE,TYNE AND WEAR,Standard,Addition,55.0161490000,-1.4302400000
180000,2018-06-29 00:00:00Z,NE30 2PN,Terraced,Established,Freehold,28,,EDITH STREET,,NORTH SHIELDS,NORTH TYNESIDE,TYNE AND WEAR,Standard,Addition,55.0190930000,-1.4352350000
201000,2018-06-29 00:00:00Z,NE30 2PN,Terraced,Established,Freehold,27,,EDITH STREET,,NORTH SHIELDS,NORTH TYNESIDE,TYNE AND WEAR,Standard,Addition,55.0190930000,-1.4352350000
280000,2018-08-03 00:00:00Z,NE30 2HQ,Terraced,Established,Freehold,31,,PARK CRESCENT EAST,,NORTH SHIELDS,NORTH TYNESIDE,TYNE AND WEAR,Standard,Addition,55.0158240000,-1.4376420000
255000,2018-09-18 00:00:00Z,NE30 2RZ,Terraced,Established,Freehold,19,,BEANLEY CRESCENT,,NORTH SHIELDS,NORTH TYNESIDE,TYNE AND WEAR,Standard,Addition,55.0161490000,-1.4302400000
340000,2018-09-15 00:00:00Z,NE30 2EU,Terraced,Established,Freehold,5,,PARK AVENUE,,NORTH SHIELDS,NORTH TYNESIDE,TYNE AND WEAR,Standard,Addition,55.0163080000,-1.4373220000
260000,2018-08-28 00:00:00Z,NE30 2HQ,Terraced,Established,Freehold,33,,PARK CRESCENT EAST,,NORTH SHIELDS,NORTH TYNESIDE,TYNE AND WEAR,Standard,Addition,55.0158240000,-1.4376420000
146000,2018-08-23 00:00:00Z,NE30 2HJ,Flats/Maisonettes,Established,Leasehold,41,,WASHINGTON TERRACE,,NORTH SHIELDS,NORTH TYNESIDE,TYNE AND WEAR,Standard,Addition,55.0165290000,-1.4383830000
158000,2018-10-22 00:00:00Z,NE30 4AD,Terraced,Established,Freehold,33,,HAZELDENE COURT,,NORTH SHIELDS,NORTH TYNESIDE,TYNE AND WEAR,Standard,Addition,55.0152980000,-1.4326760000
340000,2018-01-25 00:00:00Z,NE30 2SB,Terraced,Established,Freehold,21,,SHIPLEY ROAD,,NORTH SHIELDS,NORTH TYNESIDE,TYNE AND WEAR,Standard,Addition,55.0171760000,-1.4306010000
145000,2018-02-02 00:00:00Z,NE30 2HF,Flats/Maisonettes,Established,Leasehold,53,,DONKIN TERRACE,,NORTH SHIELDS,NORTH TYNESIDE,TYNE AND WEAR,Standard,Addition,55.0148040000,-1.4366080000
219950,2018-10-15 00:00:00Z,NE30 1DB,Flats/Maisonettes,Established,Leasehold,NORTH HARBOUR APARTMENTS,6,EAST PERCY STREET,,NORTH SHIELDS,NORTH TYNESIDE,TYNE AND WEAR,Standard,Addition,55.0113580000,-1.4359040000
115000,2018-03-29 00:00:00Z,NE30 2HN,Other,Established,Leasehold,67,,PRINCES STREET,,NORTH SHIELDS,NORTH TYNESIDE,TYNE AND WEAR,Additional,Addition,55.0152640000,-1.4389630000
305000,2018-06-08 00:00:00Z,NE30 2SG,Terraced,Established,Freehold,15,,DENWICK TERRACE,,NORTH SHIELDS,NORTH TYNESIDE,TYNE AND WEAR,Standard,Addition,55.0178610000,-1.4312010000
305500,2018-07-30 00:00:00Z,NE30 2SG,Terraced,Established,Freehold,25,,DENWICK TERRACE,,NORTH SHIELDS,NORTH TYNESIDE,TYNE AND WEAR,Standard,Addition,55.0178610000,-1.4312010000
132000,2018-07-13 00:00:00Z,NE30 2HH,Flats/Maisonettes,Established,Leasehold,51,,KITCHENER TERRACE,,NORTH SHIELDS,NORTH TYNESIDE,TYNE AND WEAR,Standard,Addition,55.0153440000,-1.4368510000
142000,2018-07-20 00:00:00Z,NE30 2HH,Flats/Maisonettes,Established,Leasehold,17,,KITCHENER TERRACE,,NORTH SHIELDS,NORTH TYNESIDE,TYNE AND WEAR,Standard,Addition,55.0153440000,-1.4368510000
209000,2018-07-25 00:00:00Z,NE30 2HG,Terraced,Established,Freehold,49,,WASHINGTON TERRACE,,NORTH SHIELDS,NORTH TYNESIDE,TYNE AND WEAR,Standard,Addition,55.0155050000,-1.4384750000
155000,2018-08-15 00:00:00Z,NE30 2SE,Flats/Maisonettes,Established,Leasehold,ST. AIDANS COURT,19,MARINERS LANE,,NORTH SHIELDS,NORTH TYNESIDE,TYNE AND WEAR,Standard,Addition,55.0177770000,-1.4346250000
135000,2018-06-08 00:00:00Z,NE30 1HB,Flats/Maisonettes,Established,Leasehold,THE IRVIN BUILDING,APARTMENT 19,UNION QUAY,,NORTH SHIELDS,NORTH TYNESIDE,TYNE AND WEAR,Standard,Addition,55.0103390000,-1.4349350000
235000,2018-10-26 00:00:00Z,NE30 1DB,Flats/Maisonettes,Established,Leasehold,NORTH HARBOUR APARTMENTS,9,EAST PERCY STREET,,NORTH SHIELDS,NORTH TYNESIDE,TYNE AND WEAR,Standard,Addition,55.0113580000,-1.4359040000
165000,2018-10-26 00:00:00Z,NE30 1DB,Flats/Maisonettes,Established,Leasehold,NORTH HARBOUR APARTMENTS,5,EAST PERCY STREET,,NORTH SHIELDS,NORTH TYNESIDE,TYNE AND WEAR,Standard,Addition,55.0113580000,-1.4359040000
200000,2018-03-23 00:00:00Z,NE30 2PN,Terraced,Established,Freehold,15,,EDITH STREET,,NORTH SHIELDS,NORTH TYNESIDE,TYNE AND WEAR,Standard,Addition,55.0190930000,-1.4352350000
275000,2018-03-27 00:00:00Z,NE30 2SB,Terraced,Established,Freehold,7,,SHIPLEY ROAD,,NORTH SHIELDS,NORTH TYNESIDE,TYNE AND WEAR,Standard,Addition,55.0171760000,-1.4306010000
145000,2018-03-15 00:00:00Z,NE30 2PN,Terraced,Established,Freehold,9,,EDITH STREET,,NORTH SHIELDS,NORTH TYNESIDE,TYNE AND WEAR,Standard,Addition,55.0190930000,-1.4352350000
167000,2018-10-18 00:00:00Z,NE30 4AD,Terraced,Established,Freehold,29,,HAZELDENE COURT,,NORTH SHIELDS,NORTH TYNESIDE,TYNE AND WEAR,Standard,Addition,55.0152980000,-1.4326760000
113500,2019-06-04 00:00:00Z,NE30 4AD,Flats/Maisonettes,Established,Leasehold,9,,HAZELDENE COURT,,NORTH SHIELDS,NORTH TYNESIDE,TYNE AND WEAR,Standard,Addition,55.0152980000,-1.4326760000
205000,2019-05-17 00:00:00Z,NE30 1LA,Terraced,Established,Freehold,38,,RENAISSANCE POINT,,NORTH SHIELDS,NORTH TYNESIDE,TYNE AND WEAR,Standard,Addition,55.0101820000,-1.4359380000
270000,2019-06-07 00:00:00Z,NE30 2SB,Terraced,Established,Freehold,19,,SHIPLEY ROAD,,NORTH SHIELDS,NORTH TYNESIDE,TYNE AND WEAR,Standard,Addition,55.0171760000,-1.4306010000
115000,2019-05-24 00:00:00Z,NE30 2HL,Flats/Maisonettes,Established,Leasehold,107,,PARK CRESCENT,,NORTH SHIELDS,NORTH TYNESIDE,TYNE AND WEAR,Standard,Addition,55.0158600000,-1.4395340000
286000,2019-05-31 00:00:00Z,NE30 2RZ,Terraced,Established,Freehold,7,,BEANLEY CRESCENT,,NORTH SHIELDS,NORTH TYNESIDE,TYNE AND WEAR,Standard,Addition,55.0161490000,-1.4302400000
220000,2019-05-31 00:00:00Z,NE30 1HB,Flats/Maisonettes,Established,Leasehold,THE IRVIN BUILDING,APARTMENT 12,UNION QUAY,,NORTH SHIELDS,NORTH TYNESIDE,TYNE AND WEAR,Standard,Addition,55.0103390000,-1.4349350000
115000,2019-04-10 00:00:00Z,NE30 2HP,Flats/Maisonettes,Established,Leasehold,2,,ROSEDALE TERRACE,,NORTH SHIELDS,NORTH TYNESIDE,TYNE AND WEAR,Standard,Addition,55.0149000000,-1.4398600000
147000,2019-04-23 00:00:00Z,NE30 2EY,Flats/Maisonettes,Established,Freehold,40,,PARK TERRACE,,NORTH SHIELDS,NORTH TYNESIDE,TYNE AND WEAR,Standard,Addition,55.0156000000,-1.4360950000
159000,2019-03-27 00:00:00Z,NE30 2SA,Flats/Maisonettes,Established,Leasehold,38,,HULNE AVENUE,,NORTH SHIELDS,NORTH TYNESIDE,TYNE AND WEAR,Standard,Addition,55.0167970000,-1.4308740000
57999,2019-02-27 00:00:00Z,NE30 4AD,Flats/Maisonettes,Established,Leasehold,19,,HAZELDENE COURT,,NORTH SHIELDS,NORTH TYNESIDE,TYNE AND WEAR,Standard,Addition,55.0152980000,-1.4326760000
145000,2019-04-04 00:00:00Z,NE30 2RR,Flats/Maisonettes,Established,Leasehold,8,,BIRTLEY AVENUE,,NORTH SHIELDS,NORTH TYNESIDE,TYNE AND WEAR,Standard,Addition,55.0178740000,-1.4300590000
147000,2019-10-31 00:00:00Z,NE30 2HX,Terraced,Established,Freehold,19,,COBURG STREET,,NORTH SHIELDS,NORTH TYNESIDE,TYNE AND WEAR,Standard,Addition,55.0138020000,-1.4394690000
122500,2019-11-07 00:00:00Z,NE30 2HN,Flats/Maisonettes,Established,Leasehold,51,,PRINCES STREET,,NORTH SHIELDS,NORTH TYNESIDE,TYNE AND WEAR,Standard,Addition,55.0152640000,-1.4389630000
206250,2019-11-01 00:00:00Z,NE30 1EE,Terraced,Established,Freehold,82,,TYNEMOUTH ROAD,,NORTH SHIELDS,NORTH TYNESIDE,TYNE AND WEAR,Standard,Addition,55.0132560000,-1.4383510000
249999,2019-11-01 00:00:00Z,NE30 2SA,Terraced,Established,Freehold,3,,HULNE AVENUE,,NORTH SHIELDS,NORTH TYNESIDE,TYNE AND WEAR,Standard,Addition,55.0167970000,-1.4308740000
212500,2019-03-27 00:00:00Z,NE30 2PN,Terraced,Established,Freehold,3,,EDITH STREET,,NORTH SHIELDS,NORTH TYNESIDE,TYNE AND WEAR,Standard,Addition,55.0190930000,-1.4352350000
114750,2019-10-02 00:00:00Z,NE30 2HG,Flats/Maisonettes,Established,Leasehold,66,,WASHINGTON TERRACE,,NORTH SHIELDS,NORTH TYNESIDE,TYNE AND WEAR,Standard,Addition,55.0155050000,-1.4384750000
285000,2019-11-01 00:00:00Z,NE30 2EU,Terraced,Established,Freehold,16,,PARK AVENUE,,NORTH SHIELDS,NORTH TYNESIDE,TYNE AND WEAR,Standard,Addition,55.0163080000,-1.4373220000
3355,2019-12-12 00:00:00Z,NE30 1LA,Other,Established,Leasehold,7,,RENAISSANCE POINT,,NORTH SHIELDS,NORTH TYNESIDE,TYNE AND WEAR,Additional,Addition,55.0101820000,-1.4359380000
3355,2019-12-12 00:00:00Z,NE30 1LA,Other,Established,Freehold,7,,RENAISSANCE POINT,,NORTH SHIELDS,NORTH TYNESIDE,TYNE AND WEAR,Additional,Addition,55.0101820000,-1.4359380000
159000,2019-07-08 00:00:00Z,NE30 2SA,Flats/Maisonettes,Established,Leasehold,14,,HULNE AVENUE,,NORTH SHIELDS,NORTH TYNESIDE,TYNE AND WEAR,Standard,Addition,55.0167970000,-1.4308740000
275000,2019-01-30 00:00:00Z,NE30 2HL,Terraced,Established,Freehold,65,,PARK CRESCENT,,NORTH SHIELDS,NORTH TYNESIDE,TYNE AND WEAR,Standard,Addition,55.0158600000,-1.4395340000
277000,2019-03-08 00:00:00Z,NE30 2HA,Terraced,Established,Freehold,34,,PARK TERRACE,,NORTH SHIELDS,NORTH TYNESIDE,TYNE AND WEAR,Standard,Addition,55.0144710000,-1.4364720000
81500,2019-02-18 00:00:00Z,NE30 2HN,Flats/Maisonettes,Established,Leasehold,53,,PRINCES STREET,,NORTH SHIELDS,NORTH TYNESIDE,TYNE AND WEAR,Standard,Addition,55.0152640000,-1.4389630000
305000,2019-11-08 00:00:00Z,NE30 2EU,Terraced,Established,Freehold,23,,PARK AVENUE,,NORTH SHIELDS,NORTH TYNESIDE,TYNE AND WEAR,Standard,Addition,55.0163080000,-1.4373220000
430000,2019-11-22 00:00:00Z,NE30 2SQ,Semi-Detached,Established,Freehold,10,,BRISLEE AVENUE,,NORTH SHIELDS,NORTH TYNESIDE,TYNE AND WEAR,Standard,Addition,55.0177910000,-1.4316090000
137000,2019-11-21 00:00:00Z,NE30 2HF,Flats/Maisonettes,Established,Freehold,9,,DONKIN TERRACE,,NORTH SHIELDS,NORTH TYNESIDE,TYNE AND WEAR,Standard,Addition,55.0148040000,-1.4366080000
137000,2019-11-21 00:00:00Z,NE30 2HF,Flats/Maisonettes,Established,Leasehold,7,,DONKIN TERRACE,,NORTH SHIELDS,NORTH TYNESIDE,TYNE AND WEAR,Standard,Addition,55.0148040000,-1.4366080000
412500,2019-12-16 00:00:00Z,NE30 2EP,Terraced,Established,Freehold,60,,LINSKILL TERRACE,,NORTH SHIELDS,NORTH TYNESIDE,TYNE AND WEAR,Standard,Addition,55.0161490000,-1.4399050000
350000,2019-06-27 00:00:00Z,NE30 2SH,Terraced,Established,Freehold,10,,ALBURY PARK ROAD,,NORTH SHIELDS,NORTH TYNESIDE,TYNE AND WEAR,Standard,Addition,55.0181680000,-1.4315060000
295000,2019-07-05 00:00:00Z,NE30 2ET,Terraced,Established,Freehold,2,,KING EDWARD ROAD,,NORTH SHIELDS,NORTH TYNESIDE,TYNE AND WEAR,Standard,Addition,55.0168610000,-1.4383160000
323000,2019-08-23 00:00:00Z,NE30 2SD,Semi-Detached,Established,Freehold,39,,MARINERS LANE,,NORTH SHIELDS,NORTH TYNESIDE,TYNE AND WEAR,Standard,Addition,55.0173550000,-1.4323660000
130000,2019-09-30 00:00:00Z,NE30 2HL,Terraced,Established,Leasehold,103A,,PARK CRESCENT,,NORTH SHIELDS,NORTH TYNESIDE,TYNE AND WEAR,Standard,Addition,55.0158600000,-1.4395340000
265000,2019-08-27 00:00:00Z,NE30 2PW,Terraced,Established,Freehold,4,,ALGERNON TERRACE,,NORTH SHIELDS,NORTH TYNESIDE,TYNE AND WEAR,Standard,Addition,55.0190770000,-1.4356100000
369500,2019-08-23 00:00:00Z,NE30 2HL,Terraced,Established,Freehold,105,,PARK CRESCENT,,NORTH SHIELDS,NORTH TYNESIDE,TYNE AND WEAR,Standard,Addition,55.0158600000,-1.4395340000
157500,2019-08-16 00:00:00Z,NE30 2SA,Flats/Maisonettes,Established,Leasehold,21,,HULNE AVENUE,,NORTH SHIELDS,NORTH TYNESIDE,TYNE AND WEAR,Standard,Addition,55.0167970000,-1.4308740000
95000,2019-08-09 00:00:00Z,NE30 2EG,Flats/Maisonettes,Established,Leasehold,93,,GREY STREET,,NORTH SHIELDS,NORTH TYNESIDE,TYNE AND WEAR,Standard,Addition,55.0137620000,-1.4387030000
410000,2019-01-25 00:00:00Z,NE30 2EP,Terraced,Established,Freehold,75,,LINSKILL TERRACE,,NORTH SHIELDS,NORTH TYNESIDE,TYNE AND WEAR,Standard,Addition,55.0161490000,-1.4399050000
167500,2019-01-11 00:00:00Z,NE30 2SA,Flats/Maisonettes,Established,Freehold,47,,HULNE AVENUE,,NORTH SHIELDS,NORTH TYNESIDE,TYNE AND WEAR,Standard,Addition,55.0167970000,-1.4308740000
132000,2019-12-13 00:00:00Z,NE30 4AD,Flats/Maisonettes,Established,Leasehold,11,,HAZELDENE COURT,,NORTH SHIELDS,NORTH TYNESIDE,TYNE AND WEAR,Standard,Addition,55.0152980000,-1.4326760000
127000,2019-09-13 00:00:00Z,NE30 4AD,Flats/Maisonettes,Established,Leasehold,43,,HAZELDENE COURT,,NORTH SHIELDS,NORTH TYNESIDE,TYNE AND WEAR,Standard,Addition,55.0152980000,-1.4326760000
95000,2019-09-20 00:00:00Z,NE30 4AF,Flats/Maisonettes,Established,Leasehold,39,,RIVER VIEW,,NORTH SHIELDS,NORTH TYNESIDE,TYNE AND WEAR,Standard,Addition,55.0135260000,-1.4323260000
147500,2019-11-29 00:00:00Z,NE30 1LA,Flats/Maisonettes,Established,Leasehold,29,,RENAISSANCE POINT,,NORTH SHIELDS,NORTH TYNESIDE,TYNE AND WEAR,Standard,Addition,55.0101820000,-1.4359380000
465000,2019-11-29 00:00:00Z,NE30 2JR,Semi-Detached,Established,Freehold,2,,MILL GROVE,,NORTH SHIELDS,NORTH TYNESIDE,TYNE AND WEAR,Standard,Addition,55.0189270000,-1.4342200000
133000,2019-12-02 00:00:00Z,NE30 2HZ,Terraced,Established,Freehold,40,,PRINCES STREET,,NORTH SHIELDS,NORTH TYNESIDE,TYNE AND WEAR,Standard,Addition,55.0141920000,-1.4389950000
167500,2019-01-11 00:00:00Z,NE30 2SA,Flats/Maisonettes,Established,Leasehold,45,,HULNE AVENUE,,NORTH SHIELDS,NORTH TYNESIDE,TYNE AND WEAR,Standard,Addition,55.0167970000,-1.4308740000
68100,2020-02-03 00:00:00Z,NE30 2EF,Flats/Maisonettes,Established,Leasehold,69,,GREY STREET,,NORTH SHIELDS,NORTH TYNESIDE,TYNE AND WEAR,Standard,Addition,55.0135010000,-1.4384880000
185000,2020-02-07 00:00:00Z,NE30 2RR,Flats/Maisonettes,Established,Leasehold,15,,BIRTLEY AVENUE,,NORTH SHIELDS,NORTH TYNESIDE,TYNE AND WEAR,Standard,Addition,55.0178740000,-1.4300590000
327000,2020-01-31 00:00:00Z,NE30 2RT,Terraced,Established,Freehold,14,,HORSLEY TERRACE,,NORTH SHIELDS,NORTH TYNESIDE,TYNE AND WEAR,Standard,Addition,55.0158700000,-1.4301500000
245000,2020-02-27 00:00:00Z,NE30 2HQ,Semi-Detached,Established,Freehold,44,,PARK CRESCENT EAST,,NORTH SHIELDS,NORTH TYNESIDE,TYNE AND WEAR,Standard,Addition,55.0158240000,-1.4376420000
290000,2020-02-21 00:00:00Z,NE30 2EU,Terraced,Established,Freehold,9,,PARK AVENUE,,NORTH SHIELDS,NORTH TYNESIDE,TYNE AND WEAR,Standard,Addition,55.0163080000,-1.4373220000
985000,2020-03-12 00:00:00Z,NE30 2RP,Semi-Detached,Established,Freehold,36,,KING EDWARD ROAD,,NORTH SHIELDS,NORTH TYNESIDE,TYNE AND WEAR,Standard,Addition,55.0186570000,-1.4321910000
551055,2020-12-16 00:00:00Z,NE30 2JR,Terraced,Established,Freehold,1,,MILL GROVE,,NORTH SHIELDS,NORTH TYNESIDE,TYNE AND WEAR,Standard,Addition,55.0189270000,-1.4342200000
294500,2020-12-22 00:00:00Z,NE30 2RT,Terraced,Established,Freehold,2,,HORSLEY TERRACE,,NORTH SHIELDS,NORTH TYNESIDE,TYNE AND WEAR,Standard,Addition,55.0158700000,-1.4301500000
360000,2020-12-18 00:00:00Z,NE30 2RT,Terraced,Established,Freehold,10,,HORSLEY TERRACE,,NORTH SHIELDS,NORTH TYNESIDE,TYNE AND WEAR,Standard,Addition,55.0158700000,-1.4301500000
123000,2020-04-17 00:00:00Z,NE30 4AD,Flats/Maisonettes,Established,Leasehold,25,,HAZELDENE COURT,,NORTH SHIELDS,NORTH TYNESIDE,TYNE AND WEAR,Standard,Addition,55.0152980000,-1.4326760000
120000,2020-05-22 00:00:00Z,NE30 4AF,Semi-Detached,Established,Leasehold,30,,RIVER VIEW,,NORTH SHIELDS,NORTH TYNESIDE,TYNE AND WEAR,Standard,Addition,55.0135260000,-1.4323260000
135000,2020-10-02 00:00:00Z,NE30 2HN,Flats/Maisonettes,Established,Leasehold,53,,PRINCES STREET,,NORTH SHIELDS,NORTH TYNESIDE,TYNE AND WEAR,Standard,Addition,55.0152640000,-1.4389630000
386250,2020-12-04 00:00:00Z,NE30 2JR,Semi-Detached,Established,Freehold,8,,MILL GROVE,,NORTH SHIELDS,NORTH TYNESIDE,TYNE AND WEAR,Standard,Addition,55.0189270000,-1.4342200000
170000,2020-06-05 00:00:00Z,NE30 2HF,Terraced,Established,Freehold,59,,DONKIN TERRACE,,NORTH SHIELDS,NORTH TYNESIDE,TYNE AND WEAR,Additional,Addition,55.0148040000,-1.4366080000
49500,2020-02-14 00:00:00Z,NE30 2HX,Flats/Maisonettes,Established,Leasehold,6,,COBURG STREET,,NORTH SHIELDS,NORTH TYNESIDE,TYNE AND WEAR,Standard,Addition,55.0138020000,-1.4394690000
125000,2020-11-20 00:00:00Z,NE30 4AD,Flats/Maisonettes,Established,Leasehold,46,,HAZELDENE COURT,,NORTH SHIELDS,NORTH TYNESIDE,TYNE AND WEAR,Standard,Addition,55.0152980000,-1.4326760000
190000,2020-10-16 00:00:00Z,NE30 1LA,Terraced,Established,Freehold,40,,RENAISSANCE POINT,,NORTH SHIELDS,NORTH TYNESIDE,TYNE AND WEAR,Standard,Addition,55.0101820000,-1.4359380000
137000,2020-11-20 00:00:00Z,NE30 2EG,Flats/Maisonettes,Established,Freehold,116,,GREY STREET,,NORTH SHIELDS,NORTH TYNESIDE,TYNE AND WEAR,Standard,Addition,55.0137620000,-1.4387030000
346550,2020-10-26 00:00:00Z,NE30 2HF,Terraced,Established,Freehold,52,,DONKIN TERRACE,,NORTH SHIELDS,NORTH TYNESIDE,TYNE AND WEAR,Standard,Addition,55.0148040000,-1.4366080000
215000,2020-08-28 00:00:00Z,NE30 4AD,Terraced,Established,Freehold,51,,HAZELDENE COURT,,NORTH SHIELDS,NORTH TYNESIDE,TYNE AND WEAR,Standard,Addition,55.0152980000,-1.4326760000
225000,2020-10-29 00:00:00Z,NE30 1LA,Terraced,Established,Leasehold,23,,RENAISSANCE POINT,,NORTH SHIELDS,NORTH TYNESIDE,TYNE AND WEAR,Standard,Addition,55.0101820000,-1.4359380000
650000,2020-03-27 00:00:00Z,NE30 2RW,Semi-Detached,Established,Freehold,39,,KING EDWARD ROAD,,NORTH SHIELDS,NORTH TYNESIDE,TYNE AND WEAR,Standard,Addition,55.0190090000,-1.4324830000
156750,2020-09-11 00:00:00Z,NE30 2HJ,Flats/Maisonettes,Established,Leasehold,41,,WASHINGTON TERRACE,,NORTH SHIELDS,NORTH TYNESIDE,TYNE AND WEAR,Standard,Addition,55.0165290000,-1.4383830000
135000,2020-09-18 00:00:00Z,NE30 2HJ,Flats/Maisonettes,Established,Leasehold,46,,WASHINGTON TERRACE,,NORTH SHIELDS,NORTH TYNESIDE,TYNE AND WEAR,Standard,Addition,55.0165290000,-1.4383830000
158800,2020-07-24 00:00:00Z,NE30 2HJ,Flats/Maisonettes,Established,Leasehold,47,,WASHINGTON TERRACE,,NORTH SHIELDS,NORTH TYNESIDE,TYNE AND WEAR,Standard,Addition,55.0165290000,-1.4383830000
118000,2020-09-04 00:00:00Z,NE30 2HP,Flats/Maisonettes,Established,Leasehold,12,,ROSEDALE TERRACE,,NORTH SHIELDS,NORTH TYNESIDE,TYNE AND WEAR,Standard,Addition,55.0149000000,-1.4398600000
240000,2020-08-17 00:00:00Z,NE30 1LA,Terraced,Established,Leasehold,21,,RENAISSANCE POINT,,NORTH SHIELDS,NORTH TYNESIDE,TYNE AND WEAR,Standard,Addition,55.0101820000,-1.4359380000
103200,2020-07-10 00:00:00Z,NE30 2HZ,Terraced,Established,Leasehold,17,,PRINCES STREET,,NORTH SHIELDS,NORTH TYNESIDE,TYNE AND WEAR,Standard,Addition,55.0141920000,-1.4389950000
165000,2020-08-14 00:00:00Z,NE30 1LA,Terraced,Established,Freehold,51,,RENAISSANCE POINT,,NORTH SHIELDS,NORTH TYNESIDE,TYNE AND WEAR,Standard,Addition,55.0101820000,-1.4359380000
400000,2020-08-12 00:00:00Z,NE30 2EP,Terraced,Established,Freehold,72,,LINSKILL TERRACE,,NORTH SHIELDS,NORTH TYNESIDE,TYNE AND WEAR,Standard,Addition,55.0161490000,-1.4399050000
290000,2020-09-11 00:00:00Z,NE30 2EU,Terraced,Established,Freehold,24,,PARK AVENUE,,NORTH SHIELDS,NORTH TYNESIDE,TYNE AND WEAR,Standard,Addition,55.0163080000,-1.4373220000
404000,2020-11-20 00:00:00Z,NE30 2SD,Semi-Detached,Established,Freehold,43,,MARINERS LANE,,NORTH SHIELDS,NORTH TYNESIDE,TYNE AND WEAR,Standard,Addition,55.0173550000,-1.4323660000
138000,2020-02-21 00:00:00Z,NE30 2HH,Flats/Maisonettes,Established,Leasehold,27,,KITCHENER TERRACE,,NORTH SHIELDS,NORTH TYNESIDE,TYNE AND WEAR,Standard,Addition,55.0153440000,-1.4368510000
86000,2020-03-06 00:00:00Z,NE30 2HN,Flats/Maisonettes,Established,Leasehold,54,,PRINCES STREET,,NORTH SHIELDS,NORTH TYNESIDE,TYNE AND WEAR,Standard,Addition,55.0152640000,-1.4389630000
140000,2020-02-28 00:00:00Z,NE30 2HF,Flats/Maisonettes,Established,Leasehold,16,,DONKIN TERRACE,,NORTH SHIELDS,NORTH TYNESIDE,TYNE AND WEAR,Standard,Addition,55.0148040000,-1.4366080000
105000,2020-10-31 00:00:00Z,NE30 1JH,Other,Established,Freehold,CALEY FISHERIES LTD,,TANNERS BANK,,NORTH SHIELDS,NORTH TYNESIDE,TYNE AND WEAR,Additional,Addition,55.0120300000,-1.4336430000
152500,2020-06-19 00:00:00Z,NE30 1LA,Flats/Maisonettes,Established,Leasehold,11,,RENAISSANCE POINT,,NORTH SHIELDS,NORTH TYNESIDE,TYNE AND WEAR,Standard,Addition,55.0101820000,-1.4359380000
120000,2020-04-03 00:00:00Z,NE30 2HA,Flats/Maisonettes,Established,Leasehold,21,,PARK TERRACE,,NORTH SHIELDS,NORTH TYNESIDE,TYNE AND WEAR,Additional,Addition,55.0144710000,-1.4364720000
245000,2020-10-05 00:00:00Z,NE30 1HB,Flats/Maisonettes,Established,Leasehold,THE IRVIN BUILDING,APARTMENT 21,UNION QUAY,,NORTH SHIELDS,NORTH TYNESIDE,TYNE AND WEAR,Standard,Addition,55.0103390000,-1.4349350000
350000,2020-09-25 00:00:00Z,NE30 2HF,Terraced,Established,Freehold,56,,DONKIN TERRACE,,NORTH SHIELDS,NORTH TYNESIDE,TYNE AND WEAR,Standard,Addition,55.0148040000,-1.4366080000
100000,2020-11-09 00:00:00Z,NE30 4AF,Flats/Maisonettes,Established,Leasehold,45,,RIVER VIEW,,NORTH SHIELDS,NORTH TYNESIDE,TYNE AND WEAR,Standard,Addition,55.0135260000,-1.4323260000
269000,2020-11-01 00:00:00Z,NE30 2EU,Terraced,Established,Freehold,11,,PARK AVENUE,,NORTH SHIELDS,NORTH TYNESIDE,TYNE AND WEAR,Standard,Addition,55.0163080000,-1.4373220000
105000,2020-11-06 00:00:00Z,NE30 2HX,Flats/Maisonettes,Established,Leasehold,28,,COBURG STREET,,NORTH SHIELDS,NORTH TYNESIDE,TYNE AND WEAR,Standard,Addition,55.0138020000,-1.4394690000
293750,2020-10-26 00:00:00Z,NE30 2SG,Terraced,Established,Freehold,27,,DENWICK TERRACE,,NORTH SHIELDS,NORTH TYNESIDE,TYNE AND WEAR,Standard,Addition,55.0178610000,-1.4312010000
112000,2020-10-30 00:00:00Z,NE30 1LA,Flats/Maisonettes,Established,Leasehold,10,,RENAISSANCE POINT,,NORTH SHIELDS,NORTH TYNESIDE,TYNE AND WEAR,Standard,Addition,55.0101820000,-1.4359380000
205000,2020-09-17 00:00:00Z,NE30 2RZ,Terraced,Established,Freehold,8,,BEANLEY CRESCENT,,NORTH SHIELDS,NORTH TYNESIDE,TYNE AND WEAR,Additional,Addition,55.0161490000,-1.4302400000
107000,2020-09-22 00:00:00Z,NE30 4AF,Terraced,Established,Freehold,6,,RIVER VIEW,,NORTH SHIELDS,NORTH TYNESIDE,TYNE AND WEAR,Additional,Addition,55.0135260000,-1.4323260000
367000,2020-10-09 00:00:00Z,NE30 2HF,Other,Established,Freehold,50,,DONKIN TERRACE,,NORTH SHIELDS,NORTH TYNESIDE,TYNE AND WEAR,Additional,Addition,55.0148040000,-1.4366080000
160500,2020-12-11 00:00:00Z,NE30 2HG,Other,Established,Leasehold,66,,WASHINGTON TERRACE,,NORTH SHIELDS,NORTH TYNESIDE,TYNE AND WEAR,Additional,Addition,55.0155050000,-1.4384750000
160500,2020-12-11 00:00:00Z,NE30 2HG,Other,Established,Freehold,65,,WASHINGTON TERRACE,,NORTH SHIELDS,NORTH TYNESIDE,TYNE AND WEAR,Additional,Addition,55.0155050000,-1.4384750000
440000,2020-02-17 00:00:00Z,NE30 2SH,Terraced,Established,Freehold,13,,ALBURY PARK ROAD,,NORTH SHIELDS,NORTH TYNESIDE,TYNE AND WEAR,Standard,Addition,55.0181680000,-1.4315060000
205000,2020-07-09 00:00:00Z,NE30 4AD,Terraced,Established,Freehold,30,,HAZELDENE COURT,,NORTH SHIELDS,NORTH TYNESIDE,TYNE AND WEAR,Additional,Addition,55.0152980000,-1.4326760000
130566,2020-07-20 00:00:00Z,NE30 2HQ,Flats/Maisonettes,Established,Leasehold,6,,PARK CRESCENT EAST,,NORTH SHIELDS,NORTH TYNESIDE,TYNE AND WEAR,Standard,Addition,55.0158240000,-1.4376420000
230000,2021-03-25 00:00:00Z,NE30 2SH,Flats/Maisonettes,Established,Leasehold,23B,,ALBURY PARK ROAD,,NORTH SHIELDS,NORTH TYNESIDE,TYNE AND WEAR,Standard,Addition,55.0181680000,-1.4315060000
147500,2021-04-01 00:00:00Z,NE30 2HQ,Flats/Maisonettes,Established,Leasehold,12,,PARK CRESCENT EAST,,NORTH SHIELDS,NORTH TYNESIDE,TYNE AND WEAR,Standard,Addition,55.0158240000,-1.4376420000
436000,2021-03-22 00:00:00Z,NE30 2HE,Terraced,Established,Freehold,13,,WASHINGTON TERRACE,,NORTH SHIELDS,NORTH TYNESIDE,TYNE AND WEAR,Standard,Addition,55.0144240000,-1.4380060000
186000,2021-04-01 00:00:00Z,NE30 2RR,Flats/Maisonettes,Established,Leasehold,9,,BIRTLEY AVENUE,,NORTH SHIELDS,NORTH TYNESIDE,TYNE AND WEAR,Standard,Addition,55.0178740000,-1.4300590000
124000,2021-03-05 00:00:00Z,NE30 2HG,Flats/Maisonettes,Established,Leasehold,21A,,WASHINGTON TERRACE,,NORTH SHIELDS,NORTH TYNESIDE,TYNE AND WEAR,Standard,Addition,55.0155050000,-1.4384750000
80000,2021-07-28 00:00:00Z,NE30 2EG,Flats/Maisonettes,Established,Leasehold,113,,GREY STREET,,NORTH SHIELDS,NORTH TYNESIDE,TYNE AND WEAR,Additional,Addition,55.0137620000,-1.4387030000
103000,2021-11-19 00:00:00Z,NE30 2HN,Other,Established,Leasehold,63,,PRINCES STREET,,NORTH SHIELDS,NORTH TYNESIDE,TYNE AND WEAR,Additional,Addition,55.0152640000,-1.4389630000
125500,2021-02-12 00:00:00Z,NE30 2HP,Other,Established,Leasehold,5,,ROSEDALE TERRACE,,NORTH SHIELDS,NORTH TYNESIDE,TYNE AND WEAR,Additional,Addition,55.0149000000,-1.4398600000
147500,2021-10-22 00:00:00Z,NE30 2HF,Other,Established,Freehold,3,,DONKIN TERRACE,,NORTH SHIELDS,NORTH TYNESIDE,TYNE AND WEAR,Additional,Addition,55.0148040000,-1.4366080000
340000,2021-12-01 00:00:00Z,NE30 1DL,Other,Established,Freehold,80,,HUDSON STREET,,NORTH SHIELDS,NORTH TYNESIDE,TYNE AND WEAR,Additional,Addition,55.0117450000,-1.4379000000
377500,2021-02-05 00:00:00Z,NE30 2RU,Terraced,Established,Freehold,29,,MARINERS LANE,,NORTH SHIELDS,NORTH TYNESIDE,TYNE AND WEAR,Standard,Addition,55.0163880000,-1.4313940000
234800,2021-01-22 00:00:00Z,NE30 2HF,Terraced,Established,Freehold,58,,DONKIN TERRACE,,NORTH SHIELDS,NORTH TYNESIDE,TYNE AND WEAR,Standard,Addition,55.0148040000,-1.4366080000
130000,2021-01-22 00:00:00Z,NE30 4AD,Flats/Maisonettes,Established,Leasehold,69,,HAZELDENE COURT,,NORTH SHIELDS,NORTH TYNESIDE,TYNE AND WEAR,Standard,Addition,55.0152980000,-1.4326760000
167000,2021-02-12 00:00:00Z,NE30 2HP,Flats/Maisonettes,Established,Leasehold,10,,ROSEDALE TERRACE,,NORTH SHIELDS,NORTH TYNESIDE,TYNE AND WEAR,Standard,Addition,55.0149000000,-1.4398600000
126000,2021-02-05 00:00:00Z,NE30 2HG,Flats/Maisonettes,Established,Leasehold,58,,WASHINGTON TERRACE,,NORTH SHIELDS,NORTH TYNESIDE,TYNE AND WEAR,Standard,Addition,55.0155050000,-1.4384750000
450000,2021-05-14 00:00:00Z,NE30 2SH,Terraced,Established,Freehold,17,,ALBURY PARK ROAD,,NORTH SHIELDS,NORTH TYNESIDE,TYNE AND WEAR,Standard,Addition,55.0181680000,-1.4315060000
155000,2021-02-12 00:00:00Z,NE30 2HF,Flats/Maisonettes,Established,Leasehold,48,,DONKIN TERRACE,,NORTH SHIELDS,NORTH TYNESIDE,TYNE AND WEAR,Standard,Addition,55.0148040000,-1.4366080000
250000,2021-01-29 00:00:00Z,NE30 2HG,Flats/Maisonettes,Established,Leasehold,31,FLAT 2,WASHINGTON TERRACE,,NORTH SHIELDS,NORTH TYNESIDE,TYNE AND WEAR,Standard,Addition,55.0155050000,-1.4384750000
266000,2021-02-12 00:00:00Z,NE30 2HQ,Terraced,Established,Freehold,3,,PARK CRESCENT EAST,,NORTH SHIELDS,NORTH TYNESIDE,TYNE AND WEAR,Standard,Addition,55.0158240000,-1.4376420000
179000,2021-11-05 00:00:00Z,NE30 2HF,Flats/Maisonettes,Established,Leasehold,20,,DONKIN TERRACE,,NORTH SHIELDS,NORTH TYNESIDE,TYNE AND WEAR,Standard,Addition,55.0148040000,-1.4366080000
91500,2021-11-19 00:00:00Z,NE30 2HY,Terraced,Established,Freehold,73,,JACKSON STREET,,NORTH SHIELDS,NORTH TYNESIDE,TYNE AND WEAR,Standard,Addition,55.0147450000,-1.4393620000
204050,2021-12-07 00:00:00Z,NE30 1DB,Flats/Maisonettes,Established,Leasehold,NORTH HARBOUR APARTMENTS,5,EAST PERCY STREET,,NORTH SHIELDS,NORTH TYNESIDE,TYNE AND WEAR,Standard,Addition,55.0113580000,-1.4359040000
137000,2021-10-08 00:00:00Z,NE30 2SA,Flats/Maisonettes,Established,Leasehold,7,,HULNE AVENUE,,NORTH SHIELDS,NORTH TYNESIDE,TYNE AND WEAR,Standard,Addition,55.0167970000,-1.4308740000
147500,2021-10-22 00:00:00Z,NE30 2HF,Flats/Maisonettes,Established,Leasehold,5,,DONKIN TERRACE,,NORTH SHIELDS,NORTH TYNESIDE,TYNE AND WEAR,Standard,Addition,55.0148040000,-1.4366080000
130000,2021-05-14 00:00:00Z,NE30 2HQ,Flats/Maisonettes,Established,Leasehold,34,,PARK CRESCENT EAST,,NORTH SHIELDS,NORTH TYNESIDE,TYNE AND WEAR,Additional,Addition,55.0158240000,-1.4376420000
143000,2021-09-30 00:00:00Z,NE30 4AD,Flats/Maisonettes,Established,Leasehold,10,,HAZELDENE COURT,,NORTH SHIELDS,NORTH TYNESIDE,TYNE AND WEAR,Standard,Addition,55.0152980000,-1.4326760000
184000,2021-09-24 00:00:00Z,NE30 1LA,Flats/Maisonettes,Established,Leasehold,10,,RENAISSANCE POINT,,NORTH SHIELDS,NORTH TYNESIDE,TYNE AND WEAR,Standard,Addition,55.0101820000,-1.4359380000
147500,2021-02-15 00:00:00Z,NE30 2HQ,Flats/Maisonettes,Established,Leasehold,25,,PARK CRESCENT EAST,,NORTH SHIELDS,NORTH TYNESIDE,TYNE AND WEAR,Standard,Addition,55.0158240000,-1.4376420000
147500,2021-02-15 00:00:00Z,NE30 2HQ,Flats/Maisonettes,Established,Freehold,23,,PARK CRESCENT EAST,,NORTH SHIELDS,NORTH TYNESIDE,TYNE AND WEAR,Standard,Addition,55.0158240000,-1.4376420000
240000,2021-02-11 00:00:00Z,NE30 1HB,Flats/Maisonettes,Established,Leasehold,THE IRVIN BUILDING,APARTMENT 9,UNION QUAY,,NORTH SHIELDS,NORTH TYNESIDE,TYNE AND WEAR,Standard,Addition,55.0103390000,-1.4349350000
249000,2021-04-30 00:00:00Z,NE30 1HB,Flats/Maisonettes,Established,Leasehold,THE IRVIN BUILDING,APARTMENT 20,UNION QUAY,,NORTH SHIELDS,NORTH TYNESIDE,TYNE AND WEAR,Standard,Addition,55.0103390000,-1.4349350000
353000,2021-02-12 00:00:00Z,NE30 2EU,Terraced,Established,Freehold,17,,PARK AVENUE,,NORTH SHIELDS,NORTH TYNESIDE,TYNE AND WEAR,Standard,Addition,55.0163080000,-1.4373220000
177500,2021-04-30 00:00:00Z,NE30 1HB,Flats/Maisonettes,Established,Leasehold,THE IRVIN BUILDING,APARTMENT 14,UNION QUAY,,NORTH SHIELDS,NORTH TYNESIDE,TYNE AND WEAR,Standard,Addition,55.0103390000,-1.4349350000
175000,2021-03-19 00:00:00Z,NE30 2RR,Flats/Maisonettes,Established,Leasehold,8,,BIRTLEY AVENUE,,NORTH SHIELDS,NORTH TYNESIDE,TYNE AND WEAR,Standard,Addition,55.0178740000,-1.4300590000
175000,2021-03-19 00:00:00Z,NE30 2RR,Terraced,Established,Freehold,9,,BIRTLEY AVENUE,,NORTH SHIELDS,NORTH TYNESIDE,TYNE AND WEAR,Standard,Addition,55.0178740000,-1.4300590000
166000,2021-09-20 00:00:00Z,NE30 2HQ,Flats/Maisonettes,Established,Leasehold,29,,PARK CRESCENT EAST,,NORTH SHIELDS,NORTH TYNESIDE,TYNE AND WEAR,Standard,Addition,55.0158240000,-1.4376420000
134950,2021-10-04 00:00:00Z,NE30 2HN,Flats/Maisonettes,Established,Leasehold,78,,PRINCES STREET,,NORTH SHIELDS,NORTH TYNESIDE,TYNE AND WEAR,Standard,Addition,55.0152640000,-1.4389630000
160000,2021-09-24 00:00:00Z,NE30 2HN,Flats/Maisonettes,Established,Leasehold,52,,PRINCES STREET,,NORTH SHIELDS,NORTH TYNESIDE,TYNE AND WEAR,Standard,Addition,55.0152640000,-1.4389630000
338700,2021-09-24 00:00:00Z,NE30 2HJ,Semi-Detached,Established,Freehold,39,,WASHINGTON TERRACE,,NORTH SHIELDS,NORTH TYNESIDE,TYNE AND WEAR,Standard,Addition,55.0165290000,-1.4383830000
312500,2021-09-24 00:00:00Z,NE30 2PW,Terraced,Established,Freehold,14,,ALGERNON TERRACE,,NORTH SHIELDS,NORTH TYNESIDE,TYNE AND WEAR,Standard,Addition,55.0190770000,-1.4356100000
287500,2021-01-12 00:00:00Z,NE30 2HB,Terraced,Established,Freehold,3,,WASHINGTON MEWS,,NORTH SHIELDS,NORTH TYNESIDE,TYNE AND WEAR,Standard,Addition,55.0166290000,-1.4390050000
270000,2021-03-31 00:00:00Z,NE30 1LA,Flats/Maisonettes,Established,Leasehold,20,,RENAISSANCE POINT,,NORTH SHIELDS,NORTH TYNESIDE,TYNE AND WEAR,Standard,Addition,55.0101820000,-1.4359380000
362700,2021-01-13 00:00:00Z,NE30 2HG,Flats/Maisonettes,Established,Leasehold,21,,WASHINGTON TERRACE,,NORTH SHIELDS,NORTH TYNESIDE,TYNE AND WEAR,Standard,Addition,55.0155050000,-1.4384750000
130000,2021-04-23 00:00:00Z,NE30 2HF,Flats/Maisonettes,Established,Leasehold,9,,DONKIN TERRACE,,NORTH SHIELDS,NORTH TYNESIDE,TYNE AND WEAR,Standard,Addition,55.0148040000,-1.4366080000
380000,2021-01-05 00:00:00Z,NE30 2SB,Terraced,Established,Freehold,4,,SHIPLEY ROAD,,NORTH SHIELDS,NORTH TYNESIDE,TYNE AND WEAR,Standard,Addition,55.0171760000,-1.4306010000
154000,2021-03-19 00:00:00Z,NE30 2HH,Flats/Maisonettes,Established,Leasehold,67,,KITCHENER TERRACE,,NORTH SHIELDS,NORTH TYNESIDE,TYNE AND WEAR,Standard,Addition,55.0153440000,-1.4368510000
455000,2021-06-30 00:00:00Z,NE30 2EP,Terraced,Established,Freehold,59,,LINSKILL TERRACE,,NORTH SHIELDS,NORTH TYNESIDE,TYNE AND WEAR,Standard,Addition,55.0161490000,-1.4399050000
145000,2021-12-16 00:00:00Z,NE30 2SA,Flats/Maisonettes,Established,Leasehold,6,,HULNE AVENUE,,NORTH SHIELDS,NORTH TYNESIDE,TYNE AND WEAR,Standard,Addition,55.0167970000,-1.4308740000
152000,2021-10-05 00:00:00Z,NE30 2HN,Flats/Maisonettes,Established,Leasehold,49,,PRINCES STREET,,NORTH SHIELDS,NORTH TYNESIDE,TYNE AND WEAR,Standard,Addition,55.0152640000,-1.4389630000
455000,2021-07-13 00:00:00Z,NE30 2SQ,Terraced,Established,Freehold,19,,BRISLEE AVENUE,,NORTH SHIELDS,NORTH TYNESIDE,TYNE AND WEAR,Standard,Addition,55.0177910000,-1.4316090000
196000,2021-11-25 00:00:00Z,NE30 2SE,Flats/Maisonettes,Established,Leasehold,ST. AIDANS COURT,15,MARINERS LANE,,NORTH SHIELDS,NORTH TYNESIDE,TYNE AND WEAR,Standard,Addition,55.0177770000,-1.4346250000
80000,2021-04-16 00:00:00Z,NE30 1LL,Other,Established,Freehold,COUNTING HOUSE,,BREWHOUSE BANK,,NORTH SHIELDS,NORTH TYNESIDE,TYNE AND WEAR,Additional,Addition,55.0110130000,-1.4349880000
115000,2021-05-14 00:00:00Z,NE30 2HN,Other,Established,Leasehold,76,,PRINCES STREET,,NORTH SHIELDS,NORTH TYNESIDE,TYNE AND WEAR,Additional,Addition,55.0152640000,-1.4389630000
325000,2021-06-18 00:00:00Z,NE30 2HY,Terraced,Established,Freehold,52,,JACKSON STREET,,NORTH SHIELDS,NORTH TYNESIDE,TYNE AND WEAR,Standard,Addition,55.0147450000,-1.4393620000
259000,2021-03-05 00:00:00Z,NE30 2PN,Terraced,Established,Freehold,3,,EDITH STREET,,NORTH SHIELDS,NORTH TYNESIDE,TYNE AND WEAR,Standard,Addition,55.0190930000,-1.4352350000
210000,2021-06-29 00:00:00Z,NE30 2HP,Terraced,Established,Freehold,20,,ROSEDALE TERRACE,,NORTH SHIELDS,NORTH TYNESIDE,TYNE AND WEAR,Standard,Addition,55.0149000000,-1.4398600000
320000,2021-06-25 00:00:00Z,NE30 2HL,Terraced,Established,Freehold,99,,PARK CRESCENT,,NORTH SHIELDS,NORTH TYNESIDE,TYNE AND WEAR,Standard,Addition,55.0158600000,-1.4395340000
145000,2021-06-09 00:00:00Z,NE30 2HJ,Flats/Maisonettes,Established,Leasehold,44,,WASHINGTON TERRACE,,NORTH SHIELDS,NORTH TYNESIDE,TYNE AND WEAR,Standard,Addition,55.0165290000,-1.4383830000
160000,2021-06-17 00:00:00Z,NE30 2HQ,Flats/Maisonettes,Established,Freehold,22,,PARK CRESCENT EAST,,NORTH SHIELDS,NORTH TYNESIDE,TYNE AND WEAR,Standard,Addition,55.0158240000,-1.4376420000
357500,2021-04-09 00:00:00Z,NE30 2HJ,Terraced,Established,Freehold,35,,WASHINGTON TERRACE,,NORTH SHIELDS,NORTH TYNESIDE,TYNE AND WEAR,Additional,Addition,55.0165290000,-1.4383830000
71000,2021-04-09 00:00:00Z,NE30 4AF,Flats/Maisonettes,Established,Leasehold,62,,RIVER VIEW,,NORTH SHIELDS,NORTH TYNESIDE,TYNE AND WEAR,Standard,Addition,55.0135260000,-1.4323260000
155000,2021-07-09 00:00:00Z,NE30 2HA,Flats/Maisonettes,Established,Leasehold,28,,PARK TERRACE,,NORTH SHIELDS,NORTH TYNESIDE,TYNE AND WEAR,Standard,Addition,55.0144710000,-1.4364720000
173000,2021-03-24 00:00:00Z,NE30 2SE,Flats/Maisonettes,Established,Leasehold,ST. AIDANS COURT,10,MARINERS LANE,,NORTH SHIELDS,NORTH TYNESIDE,TYNE AND WEAR,Standard,Addition,55.0177770000,-1.4346250000
360000,2021-04-15 00:00:00Z,NE30 2HF,Terraced,Established,Freehold,54,,DONKIN TERRACE,,NORTH SHIELDS,NORTH TYNESIDE,TYNE AND WEAR,Standard,Addition,55.0148040000,-1.4366080000
425000,2021-06-25 00:00:00Z,NE30 2SG,Terraced,Established,Freehold,19,,DENWICK TERRACE,,NORTH SHIELDS,NORTH TYNESIDE,TYNE AND WEAR,Standard,Addition,55.0178610000,-1.4312010000
645000,2021-06-09 00:00:00Z,NE30 2RW,Semi-Detached,Established,Freehold,41,,KING EDWARD ROAD,,NORTH SHIELDS,NORTH TYNESIDE,TYNE AND WEAR,Standard,Addition,55.0190090000,-1.4324830000
147500,2021-07-26 00:00:00Z,NE30 2HN,Flats/Maisonettes,Established,Leasehold,75,,PRINCES STREET,,NORTH SHIELDS,NORTH TYNESIDE,TYNE AND WEAR,Standard,Addition,55.0152640000,-1.4389630000
154000,2021-03-19 00:00:00Z,NE30 2HH,Other,Established,Freehold,65,,KITCHENER TERRACE,,NORTH SHIELDS,NORTH TYNESIDE,TYNE AND WEAR,Additional,Addition,55.0153440000,-1.4368510000
249950,2021-06-04 00:00:00Z,NE30 2SA,Other,Established,Leasehold,33,,HULNE AVENUE,,NORTH SHIELDS,NORTH TYNESIDE,TYNE AND WEAR,Additional,Addition,55.0167970000,-1.4308740000
165900,2021-07-01 00:00:00Z,NE30 2HF,Other,Established,Leasehold,53,,DONKIN TERRACE,,NORTH SHIELDS,NORTH TYNESIDE,TYNE AND WEAR,Additional,Addition,55.0148040000,-1.4366080000
315000,2021-06-25 00:00:00Z,NE30 1AS,Terraced,New Build,Freehold,10,,COLLINGWOOD GARDENS,,NORTH SHIELDS,NORTH TYNESIDE,TYNE AND WEAR,Standard,Addition,55.0110780000,-1.4376440000
295000,2021-06-30 00:00:00Z,NE30 1AS,Terraced,New Build,Freehold,7,,COLLINGWOOD GARDENS,,NORTH SHIELDS,NORTH TYNESIDE,TYNE AND WEAR,Standard,Addition,55.0110780000,-1.4376440000
275000,2021-07-23 00:00:00Z,NE30 1AS,Terraced,New Build,Freehold,8,,COLLINGWOOD GARDENS,,NORTH SHIELDS,NORTH TYNESIDE,TYNE AND WEAR,Standard,Addition,55.0110780000,-1.4376440000
195000,2021-06-30 00:00:00Z,NE30 1LA,Flats/Maisonettes,Established,Leasehold,17,,RENAISSANCE POINT,,NORTH SHIELDS,NORTH TYNESIDE,TYNE AND WEAR,Standard,Addition,55.0101820000,-1.4359380000
142500,2021-06-24 00:00:00Z,NE30 1LA,Flats/Maisonettes,Established,Leasehold,32,,RENAISSANCE POINT,,NORTH SHIELDS,NORTH TYNESIDE,TYNE AND WEAR,Standard,Addition,55.0101820000,-1.4359380000
150000,2021-05-07 00:00:00Z,NE30 1LA,Flats/Maisonettes,Established,Leasehold,37,,RENAISSANCE POINT,,NORTH SHIELDS,NORTH TYNESIDE,TYNE AND WEAR,Standard,Addition,55.0101820000,-1.4359380000
150000,2021-07-02 00:00:00Z,NE30 2HA,Flats/Maisonettes,Established,Leasehold,19,,PARK TERRACE,,NORTH SHIELDS,NORTH TYNESIDE,TYNE AND WEAR,Standard,Addition,55.0144710000,-1.4364720000
225000,2021-11-05 00:00:00Z,NE30 2HY,Terraced,Established,Freehold,48,,JACKSON STREET,,NORTH SHIELDS,NORTH TYNESIDE,TYNE AND WEAR,Standard,Addition,55.0147450000,-1.4393620000
170000,2021-10-01 00:00:00Z,NE30 1HB,Flats/Maisonettes,Established,Leasehold,THE IRVIN BUILDING,APARTMENT 19,UNION QUAY,,NORTH SHIELDS,NORTH TYNESIDE,TYNE AND WEAR,Standard,Addition,55.0103390000,-1.4349350000
158000,2021-09-09 00:00:00Z,NE30 2HL,Flats/Maisonettes,Established,Freehold,103,,PARK CRESCENT,,NORTH SHIELDS,NORTH TYNESIDE,TYNE AND WEAR,Standard,Addition,55.0158600000,-1.4395340000
180000,2021-06-22 00:00:00Z,NE30 2SE,Flats/Maisonettes,Established,Leasehold,ST. AIDANS COURT,25,MARINERS LANE,,NORTH SHIELDS,NORTH TYNESIDE,TYNE AND WEAR,Standard,Addition,55.0177770000,-1.4346250000
85000,2022-03-16 00:00:00Z,NE30 2HH,Flats/Maisonettes,Established,Leasehold,49,,KITCHENER TERRACE,,NORTH SHIELDS,NORTH TYNESIDE,TYNE AND WEAR,Additional,Addition,55.0153440000,-1.4368510000
142500,2022-01-14 00:00:00Z,NE30 2HQ,Flats/Maisonettes,Established,Leasehold,18,,PARK CRESCENT EAST,,NORTH SHIELDS,NORTH TYNESIDE,TYNE AND WEAR,Standard,Addition,55.0158240000,-1.4376420000
155000,2022-02-14 00:00:00Z,NE30 2HA,Flats/Maisonettes,Established,Leasehold,15,,PARK TERRACE,,NORTH SHIELDS,NORTH TYNESIDE,TYNE AND WEAR,Standard,Addition,55.0144710000,-1.4364720000
155000,2022-02-14 00:00:00Z,NE30 2HA,Flats/Maisonettes,Established,Freehold,14,,PARK TERRACE,,NORTH SHIELDS,NORTH TYNESIDE,TYNE AND WEAR,Standard,Addition,55.0144710000,-1.4364720000
170000,2022-01-31 00:00:00Z,NE30 4AF,Terraced,Established,Freehold,2,,RIVER VIEW,,NORTH SHIELDS,NORTH TYNESIDE,TYNE AND WEAR,Standard,Addition,55.0135260000,-1.4323260000
80000,2022-01-21 00:00:00Z,NE30 1DS,Other,Established,Freehold,1,UNIT 3,NORTHUMBERLAND STREET,,NORTH SHIELDS,NORTH TYNESIDE,TYNE AND WEAR,Additional,Addition,55.0118060000,-1.4367300000
290000,2022-01-21 00:00:00Z,NE30 2SB,Terraced,Established,Freehold,3,,SHIPLEY ROAD,,NORTH SHIELDS,NORTH TYNESIDE,TYNE AND WEAR,Standard,Addition,55.0171760000,-1.4306010000
150000,2022-03-18 00:00:00Z,NE30 4AD,Flats/Maisonettes,Established,Leasehold,20,,HAZELDENE COURT,,NORTH SHIELDS,NORTH TYNESIDE,TYNE AND WEAR,Standard,Addition,55.0152980000,-1.4326760000
443500,2022-03-18 00:00:00Z,NE30 2JR,Semi-Detached,Established,Freehold,8,,MILL GROVE,,NORTH SHIELDS,NORTH TYNESIDE,TYNE AND WEAR,Standard,Addition,55.0189270000,-1.4342200000
